REGIAO:;N
UF:;TO
ESTACAO:;PEIXE
CODIGO (WMO):;A018
LATITUDE:;-12,015377
LONGITUDE:;-48,544517
ALTITUDE:;250,87
DATA DE FUNDACAO:;01/12/06
Data;Hora UTC;PRECIPITAO TOTAL, HORRIO (mm);PRESSAO ATMOSFERICA AO NIVEL DA ESTACAO, HORARIA (mB);PRESSO ATMOSFERICA MAX.NA HORA ANT. (AUT) (mB);PRESSO ATMOSFERICA MIN. NA HORA ANT. (AUT) (mB);RADIACAO GLOBAL (Kj/m);TEMPERATURA DO AR - BULBO SECO, HORARIA (C);TEMPERATURA DO PONTO DE ORVALHO (C);TEMPERATURA MXIMA NA HORA ANT. (AUT) (C);TEMPERATURA MNIMA NA HORA ANT. (AUT) (C);TEMPERATURA ORVALHO MAX. NA HORA ANT. (AUT) (C);TEMPERATURA ORVALHO MIN. NA HORA ANT. (AUT) (C);UMIDADE REL. MAX. NA HORA ANT. (AUT) (%);UMIDADE REL. MIN. NA HORA ANT. (AUT) (%);UMIDADE RELATIVA DO AR, HORARIA (%);VENTO, DIREO HORARIA (gr) ( (gr));VENTO, RAJADA MAXIMA (m/s);VENTO, VELOCIDADE HORARIA (m/s);
2022/01/01;0000 UTC;0;981,5;981,5;980,8;;22,8;21,7;22,8;22,5;21,7;21,3;94;93;94;30;3,6;1,6;
2022/01/01;0100 UTC;0;982,1;982,1;981,5;;22,9;21,7;23;22,8;21,9;21,7;94;93;93;27;4;1,5;
2022/01/01;0200 UTC;,4;982,4;982,4;982,1;;22,8;21,7;22,9;22,8;21,8;21,7;93;93;93;340;3,2;,9;
2022/01/01;0300 UTC;1,2;981,9;982,5;981,9;;22,7;21,7;22,9;22,7;21,8;21,7;94;93;94;1;2,1;,8;
2022/01/01;0400 UTC;,2;981,2;981,9;981,2;;22,8;21,8;22,8;22,7;21,8;21,7;94;94;94;29;3;1,3;
2022/01/01;0500 UTC;0;981;981,3;980,9;;22,7;21,8;22,8;22,7;21,8;21,8;94;94;94;10;3;1,2;
2022/01/01;0600 UTC;,2;980,7;981;980,7;;22,7;21,8;22,8;22,7;21,8;21,8;94;94;94;33;2,9;1;
2022/01/01;0700 UTC;0;980,6;980,7;980,5;;22,8;21,8;22,8;22,7;21,8;21,7;94;94;94;34;2,9;1,5;
2022/01/01;0800 UTC;,4;980,6;980,7;980,5;;22,8;21,8;22,9;22,8;21,9;21,8;94;94;94;44;3,4;1,7;
2022/01/01;0900 UTC;0;981,2;981,2;980,6;1;22,7;21,6;22,9;22,7;21,8;21,6;94;93;93;28;4,2;2,1;
2022/01/01;1000 UTC;0;981,9;981,9;981,2;221,6;23,1;21,8;23,1;22,7;21,8;21,6;93;92;92;31;4,7;1,9;
2022/01/01;1100 UTC;0;982,6;982,6;981,9;313,6;23,5;22;23,5;23,1;22;21,6;92;91;91;22;4,9;1,7;
2022/01/01;1200 UTC;,6;983,2;983,2;982,6;546,2;23,7;22,4;23,7;23,3;22,4;21,8;93;90;92;28;4,8;2,1;
2022/01/01;1300 UTC;1,4;983,6;983,6;983,2;660,9;23,8;22,4;24,3;23,7;22,7;22,2;92;90;92;349;5,5;2,5;
2022/01/01;1400 UTC;6;983,3;983,6;983,3;954,6;25,1;23,2;25,1;23,5;23,5;22,3;94;89;89;21;4,8;1,8;
2022/01/01;1500 UTC;,2;982,5;983,4;982,5;2308,3;26,5;22,6;26,5;25;23,6;22,4;89;79;79;350;6,2;3,1;
2022/01/01;1600 UTC;0;981,3;982,5;981,3;2853,5;27,9;23;27,9;26,4;23,1;21,8;81;72;75;11;7,3;2,8;
2022/01/01;1700 UTC;0;980,3;981,3;980,2;2351,6;28,5;22,2;29,4;27,3;23,4;21,7;75;66;69;343;7,6;3,6;
2022/01/01;1800 UTC;0;979,4;980,3;979,4;886,9;27,7;22,6;28,6;26,7;22,8;21,3;76;68;74;335;8,3;1,7;
2022/01/01;1900 UTC;0;978,8;979,3;978,8;2845,8;28,5;21,7;29,8;27,7;23,2;21,5;74;64;67;354;7,6;2,8;
2022/01/01;2000 UTC;0;978,8;978,9;978,7;659,6;25,8;22,2;28,7;25,6;22,7;21,6;81;67;81;2;8,4;3;
2022/01/01;2100 UTC;0;979,9;979,9;978,8;345,6;25,7;22,8;26;25,7;22,9;22,2;84;80;84;100;5,6;1,2;
2022/01/01;2200 UTC;0;980,4;980,5;979,9;66,9;25;23,3;25,7;24,9;23,3;22,5;90;84;90;158;2,5;1,5;
2022/01/01;2300 UTC;0;981,5;981,5;980,4;;24,6;22,7;25;24,5;23,4;22,7;92;89;89;8;5,8;,8;
2022/01/02;0000 UTC;0;982;982;981,5;;23,6;21,9;24,7;23,6;22,4;21,4;90;82;90;31;2,8;,8;
2022/01/02;0100 UTC;0;982,9;982,9;982;;23,7;22,5;23,7;23,4;22,5;21,8;93;90;93;133;1,5;,8;
2022/01/02;0200 UTC;0;983,2;983,3;982,9;;23,7;22,5;23,8;23,5;22,7;22,4;94;93;94;88;1,6;,7;
2022/01/02;0300 UTC;0;983;983,2;982,8;;23,7;22,6;23,8;23,6;22,8;22,4;94;93;94;230;4,7;1,7;
2022/01/02;0400 UTC;0;982;983;982;;23,6;22,3;24,3;23,6;22,9;22,2;94;90;92;210;4,7;1,6;
2022/01/02;0500 UTC;,8;981,3;982;981,2;;22,9;21,4;23,6;22,9;22,3;21,4;93;90;91;320;3,5;,6;
2022/01/02;0600 UTC;1;981,3;981,4;981,1;;22,6;21,5;22,9;22,6;21,6;21,2;94;91;94;224;1,7;,8;
2022/01/02;0700 UTC;0;981,3;981,3;981;;22,8;21,8;22,8;22,6;21,8;21,5;94;94;94;141;1,3;,6;
2022/01/02;0800 UTC;0;981,6;981,6;981,3;;22,9;21,9;22,9;22,8;21,9;21,8;94;94;94;121;1,2;,4;
2022/01/02;0900 UTC;,2;982,4;982,4;981,5;;22,9;22;22,9;22,8;22;21,8;94;94;94;217;4;2,6;
2022/01/02;1000 UTC;15,4;983,8;983,8;982,4;14,2;21,6;20,7;22,9;21,6;22;20,7;95;94;95;16;8,5;1,7;
2022/01/02;1100 UTC;1;984,6;984,6;983,7;52;22,4;21,5;22,4;21,6;21,5;20,7;95;95;95;293;3,2;1,1;
2022/01/02;1200 UTC;1;985,1;985,1;984,6;169,3;22,5;21,3;22,6;22,4;21,6;21,3;95;93;93;302;2,9;1,2;
2022/01/02;1300 UTC;1,8;985,4;985,6;985,1;302,3;22,4;20,8;22,5;22,2;21,3;20,7;93;91;91;259;3,8;1;
2022/01/02;1400 UTC;0;985,1;985,5;985,1;871,1;23,4;21,5;23,4;22,4;21,5;20,7;91;88;89;349;3,6;2;
2022/01/02;1500 UTC;0;984,2;985,1;984,2;1107,9;24,3;22,2;24,3;23,4;22,2;21,4;90;86;88;31;4;2;
2022/01/02;1600 UTC;0;983,3;984,2;983,3;1516,7;25,1;21,7;25,1;24,2;22,3;21,4;88;81;81;39;3,7;2,2;
2022/01/02;1700 UTC;0;982;983,3;982;1935,3;26,2;22;26,4;25;22,7;21,3;83;76;78;59;3,5;1,1;
2022/01/02;1800 UTC;0;980,8;982;980,8;2027,8;26,9;22,4;27,4;26,2;22,6;21,5;79;73;77;72;3,5;2,1;
2022/01/02;1900 UTC;0;980,2;980,8;980,2;1728,7;27,7;21,9;28,2;26,6;22,9;21,4;78;69;71;61;4,2;2,5;
2022/01/02;2000 UTC;0;980;980,2;979,9;1555,5;28,1;21,6;28,3;27,6;22,8;21,6;74;68;68;29;4,1;1,7;
2022/01/02;2100 UTC;0;980,7;980,8;980;724;26,9;22,9;28,4;26,9;22,9;21,8;79;68;79;16;3,6;1,4;
2022/01/02;2200 UTC;0;981,5;981,5;980,7;21,7;25;22,7;26,9;25;22,7;22,3;87;77;87;337;7,6;,7;
2022/01/02;2300 UTC;0;982,1;982,1;981,5;;24,4;22,7;25;24,4;22,8;22,5;90;86;90;338;1,4;,7;
2022/01/03;0000 UTC;;;;;;;;;;;;;;;;;;
2022/01/03;0100 UTC;0;983,7;983,7;983,1;;24,2;22,8;24,4;23,9;22,9;22,3;92;89;92;108;1,6;,3;
2022/01/03;0200 UTC;0;984,6;984,6;983,7;;24,2;23,1;24,3;24,1;23,1;22,7;93;92;93;348;1,2;,6;
2022/01/03;0300 UTC;0;983,8;984,6;983,8;;24;23;24,2;24;23,1;22,9;94;93;94;21;1,7;1,2;
2022/01/03;0400 UTC;0;983,2;983,8;983,2;;24,1;22,8;24,2;24;23,1;22,8;94;92;92;360;2;1,1;
2022/01/03;0500 UTC;0;982,8;983,3;982,8;;23,7;22,6;24,1;23,7;22,8;22,6;93;92;93;183;1,4;,4;
2022/01/03;0600 UTC;0;982,7;982,8;982,6;;23,5;22,5;23,7;23,5;22,6;22,4;94;93;94;211;1;,5;
2022/01/03;0700 UTC;,2;982,7;982,9;982,7;;23,3;22,3;23,5;23,2;22,5;22,2;94;94;94;65;1,1;,2;
2022/01/03;0800 UTC;0;982,8;982,8;982,6;;23,5;22,6;23,5;23,2;22,6;22,3;95;94;95;321;1,6;,5;
2022/01/03;0900 UTC;0;983,4;983,4;982,8;,2;23;22,1;23,5;23;22,6;22,1;95;94;95;329;1,1;,6;
2022/01/03;1000 UTC;0;984,3;984,3;983,3;184;23,7;22,8;23,7;22,8;22,8;21,9;95;95;95;220;2;1;
2022/01/03;1100 UTC;0;984,8;984,8;984,3;897,7;25,6;22,6;25,8;23,7;23,6;22,4;95;83;83;295;2;,8;
2022/01/03;1200 UTC;0;984,8;984,9;984,8;1987,5;26,3;22,5;26,9;25,6;23,2;21,8;83;76;80;347;3,3;1,8;
2022/01/03;1300 UTC;0;984,5;984,8;984,5;2531,3;27,9;21,3;28,1;26,1;22,8;20,8;81;66;67;25;4,4;2,5;
2022/01/03;1400 UTC;0;984,2;984,5;984,2;3519,5;28,7;21,4;29,7;27,6;22,6;20,4;72;59;64;5;5,4;2,6;
2022/01/03;1500 UTC;0;983,2;984,2;983,2;2571;29;21,5;30;28,5;22,3;20,5;68;58;64;36;5,2;2,6;
2022/01/03;1600 UTC;0;981,7;983,2;981,7;2836,5;30,3;22,1;30,9;29;22,5;20,4;68;57;62;349;5,5;2,5;
2022/01/03;1700 UTC;0;980,3;981,7;980,3;2966,1;30,4;21,1;31,2;30;22,1;19,7;62;51;57;357;5,5;2,5;
2022/01/03;1800 UTC;0;979,1;980,3;979,1;1837;27,4;22,3;31,7;27,4;22,5;19,5;75;49;74;294;9,8;4,1;
2022/01/03;1900 UTC;0;978,3;979,1;978,3;1931,5;29,2;21,2;30,8;27,4;22,9;21,2;75;60;62;304;7,2;3;
2022/01/03;2000 UTC;0;978,2;978,4;978;1270,2;30,1;21,6;30,1;28,9;23,1;21,3;70;60;60;316;6,3;1,8;
2022/01/03;2100 UTC;0;978,9;978,9;978,2;380,4;29,2;22,5;30,1;28,8;22,7;20,8;69;59;67;316;3,5;1,2;
2022/01/03;2200 UTC;0;979,6;979,6;978,9;91,7;26,7;22,4;29,2;26,7;22,9;21,9;77;67;77;297;4,5;2,1;
2022/01/03;2300 UTC;0;980,4;980,4;979,6;;25,8;22,2;26,7;25,8;22,7;22,1;82;77;81;302;3,5;1,3;
2022/01/04;0000 UTC;0;981,4;981,4;980,4;;24,8;22,7;25,9;24,8;22,7;21,6;88;78;88;63;2,2;,8;
2022/01/04;0100 UTC;0;982,2;982,2;981,4;;24,9;22,5;25;24,8;23;22,4;89;86;87;339;1,8;1;
2022/01/04;0200 UTC;0;981,9;982,2;981,9;;25,2;22,4;25,2;24,7;22,7;22,3;87;85;85;280;3,9;,8;
2022/01/04;0300 UTC;0;981,6;981,9;981,6;;24,6;22,4;25,3;24,6;22,6;22,2;88;84;87;233;2,8;1,9;
2022/01/04;0400 UTC;0;981,3;981,7;981,3;;24,2;22,6;24,6;24,2;22,7;22,2;91;87;91;6;2,8;,5;
2022/01/04;0500 UTC;0;980,8;981,3;980,8;;24;22,2;24,3;24;22,6;22,2;91;89;90;305;3,3;1,2;
2022/01/04;0600 UTC;0;980,6;980,8;980,4;;24;22,2;24,1;23,9;22,3;22,2;91;89;90;306;4,3;1,2;
2022/01/04;0700 UTC;0;980,7;980,7;980,6;;24;22,3;24,1;24;22,3;22,2;90;90;90;294;2,8;,8;
2022/01/04;0800 UTC;0;981;981;980,7;;23,9;22,5;24;23,7;22,5;22,1;92;90;92;48;1,6;,3;
2022/01/04;0900 UTC;0;981,6;981,6;980,9;;23,7;22,5;23,9;23,6;22,5;22,3;93;92;93;3;1,7;,4;
2022/01/04;1000 UTC;0;982,4;982,4;981,6;92,1;23,7;22,4;23,8;23,6;22,6;22,4;93;92;93;34;2,8;1,5;
2022/01/04;1100 UTC;0;983,3;983,3;982,4;270,7;24,2;22,1;24,2;23,7;22,5;22,1;93;88;88;1;2,8;1,4;
2022/01/04;1200 UTC;0;983,7;983,7;983,3;639,8;24,7;22,6;24,8;24,1;22,7;22;89;86;88;27;2,7;1,7;
2022/01/04;1300 UTC;0;983,6;983,8;983,6;1487,5;26,2;22,4;26,2;24,7;23,1;22,1;88;79;80;358;3,8;2,1;
2022/01/04;1400 UTC;0;982,7;983,6;982,7;2716,7;28,2;22,2;28,3;26,1;23,3;21,7;80;68;70;294;4,3;1,8;
2022/01/04;1500 UTC;0;982,2;982,7;982,2;2234,8;26,6;21,7;28,9;25,6;22,5;20,1;74;64;74;253;8,5;2,5;
2022/01/04;1600 UTC;0;981,4;982,2;981,4;2159,8;27,8;23;28,3;26,6;23;21,2;75;69;75;360;5,7;2,3;
2022/01/04;1700 UTC;0;980,5;981,4;980,5;2997,9;28,3;21,8;29,3;27,5;23,5;21,8;75;67;68;6;5,3;3;
2022/01/04;1800 UTC;0;979,5;980,5;979,5;1254,5;27,3;22,9;28,2;27,1;23;22,1;78;68;77;194;5,3;2,4;
2022/01/04;1900 UTC;0;979,2;979,5;978,9;1073,6;27,2;22,5;27,4;26,7;22,9;21,7;79;72;75;182;4,3;1,1;
2022/01/04;2000 UTC;,8;978,9;979,2;978,9;516;24,5;22,8;27,6;24,3;22,9;22,1;91;73;90;204;6,6;2;
2022/01/04;2100 UTC;0;979,2;979,2;978,6;357;24,8;22,5;24,9;24,4;22,8;22;90;86;87;202;3,3;,6;
2022/01/04;2200 UTC;0;979,3;979,3;979,1;91,6;24,2;22,7;24,9;24,2;22,9;22,3;91;86;91;40;1,4;,9;
2022/01/04;2300 UTC;;;;;;;;;;;;;;;;;;
2022/01/05;0000 UTC;;;;;;;;;;;;;;;;;;
2022/01/05;0100 UTC;0;981,6;981,6;980,8;;23,8;22,6;24,1;23,8;22,7;22,3;93;90;93;289;1,8;,6;
2022/01/05;0200 UTC;0;982,1;982,1;981,6;;23,8;22,3;23,9;23,7;22,6;22,3;93;91;91;37;2,1;1,1;
2022/01/05;0300 UTC;0;982,1;982,3;982,1;;24;22,3;24;23,8;22,3;22,2;91;90;90;40;2,1;1;
2022/01/05;0400 UTC;2,4;981,9;982,1;981,9;;23,8;22,6;24;23,7;22,6;22,3;93;90;93;358;2;1,1;
2022/01/05;0500 UTC;30,8;981,1;981,9;981,1;;23,3;22,4;23,8;23,1;22,6;22,2;95;93;95;55;4,9;1,5;
2022/01/05;0600 UTC;1,4;980,6;981,1;980,6;;23,4;22,4;23,4;23,3;22,5;22,4;95;95;95;31;3,4;1,7;
2022/01/05;0700 UTC;,6;980,5;980,6;980,4;;23,1;21,9;23,4;23,1;22,4;21,9;95;93;93;359;2,5;1,4;
2022/01/05;0800 UTC;0;980,4;980,5;980,3;;23,1;22,1;23,1;23;22,1;21,8;94;93;94;14;3,2;1,2;
2022/01/05;0900 UTC;0;981;981;980,4;;23,2;22,2;23,2;23,1;22,2;22;94;94;94;79;2,2;,6;
2022/01/05;1000 UTC;0;981,7;981,7;981;102,6;23,5;22,4;23,5;23,2;22,4;22,1;94;93;93;63;1,7;,7;
2022/01/05;1100 UTC;0;982,2;982,2;981,7;618,9;24,7;22,8;24,7;23,5;22,9;22,4;93;88;89;29;3;1,7;
2022/01/05;1200 UTC;0;982,6;982,6;982,2;1553,5;26,1;22,4;26,3;24,7;23,3;22,4;89;80;80;25;3,6;2,3;
2022/01/05;1300 UTC;0;982,7;982,7;982,5;2874,1;28,1;23,1;28,1;26;23,7;22,3;84;73;74;23;4,3;2,3;
2022/01/05;1400 UTC;0;981,8;982,7;981,8;2296,8;28,9;22,7;29,9;28;23,9;22,5;75;66;69;5;5;2,1;
2022/01/05;1500 UTC;,2;981,1;981,8;981,1;1003,5;27,5;23,6;29,2;27,2;23,7;22;81;67;79;306;5,4;1,5;
2022/01/05;1600 UTC;0;980,4;981,1;980,4;2513,7;28,3;22,2;30,6;27,5;24,1;21,4;79;60;69;27;4,9;1,9;
2022/01/05;1700 UTC;0;979,1;980,4;979,1;2616,7;29,9;24,4;29,9;27,3;24,4;21,8;76;66;72;189;4,8;2;
2022/01/05;1800 UTC;7,6;978,8;979,1;978,6;2532,6;24;22,5;31,4;24;24,2;21,8;91;57;91;290;10,1;5,3;
2022/01/05;1900 UTC;1,6;978;978,8;977,9;1521;27,9;24,1;27,9;23,8;24,5;22,5;93;79;80;326;10,1;1,9;
2022/01/05;2000 UTC;0;978;978,1;977,8;1608,5;28,1;23,7;28,5;27,7;24,1;22,9;80;75;77;303;5;2,1;
2022/01/05;2100 UTC;0;978,4;978,4;978;687,9;28;23,4;28,5;28;24;23;78;73;76;309;3,9;1,3;
2022/01/05;2200 UTC;0;979,2;979,2;978,4;80,2;26,5;22,7;28;26,5;23,8;22,7;80;76;80;255;4,2;2;
2022/01/05;2300 UTC;;;;;;;;;;;;;;;;;;
2022/01/06;0000 UTC;;;;;;;;;;;;;;;;;;
2022/01/06;0100 UTC;;;;;;;;;;;;;;;;;;
2022/01/06;0200 UTC;0;981,4;981,6;981,4;;24,6;23,2;24,7;24,3;23,4;23,1;93;92;92;111;2;,3;
2022/01/06;0300 UTC;0;981;981,4;981;;24,2;22,8;24,6;24,2;23,2;22,7;93;92;92;265;1,5;,2;
2022/01/06;0400 UTC;0;980,3;981;980,3;;24;22,9;24,2;23,9;23;22,7;93;92;93;334;1,9;,9;
2022/01/06;0500 UTC;0;980;980,3;979,9;;24,2;23;24,3;24;23,2;22,8;93;93;93;315;1,9;1,1;
2022/01/06;0600 UTC;0;979,8;980,1;979,8;;23,9;22,8;24,2;23,9;23;22,7;94;93;94;11;1,9;,9;
2022/01/06;0700 UTC;0;979,9;980;979,7;;24;22,8;24,1;24;23;22,7;94;93;93;26;3,3;1,6;
2022/01/06;0800 UTC;,2;980,6;980,6;979,8;;23,5;22;24;23,5;22,8;22;93;90;91;42;6,4;3,4;
2022/01/06;0900 UTC;,4;981,2;981,2;980,5;;23,2;21,8;23,5;23,2;22,1;21,8;93;91;92;25;6,8;3;
2022/01/06;1000 UTC;,8;982,1;982,1;981,2;36;22,9;21,6;23,2;22,9;21,8;21,6;93;92;92;31;6,6;3,6;
2022/01/06;1100 UTC;3;982,8;982,8;982,1;155,9;22,9;21,8;22,9;22,6;21,8;21,4;94;92;93;26;8,3;3;
2022/01/06;1200 UTC;,2;983,8;983,8;982,8;341,7;23,3;21,8;23,3;22,9;21,9;21,8;93;91;91;13;7,3;3,1;
2022/01/06;1300 UTC;1,2;984;984,1;983,8;479,3;23,4;21,9;23,6;23,3;22,2;21,8;92;91;92;31;5,4;2,7;
2022/01/06;1400 UTC;2,6;983,8;984,1;983,8;648,2;24;22,3;24;23,3;22,6;21,9;93;90;90;10;5,3;2,6;
2022/01/06;1500 UTC;0;982,7;983,8;982,7;1710,9;25,6;22,3;25,6;24;23;21,8;91;81;82;357;7,4;3,5;
2022/01/06;1600 UTC;,2;981,5;982,7;981,5;2135,5;26,3;22,1;26,6;25,5;22,7;21,8;83;77;78;4;8;4,1;
2022/01/06;1700 UTC;0;980,9;981,5;980,9;1976,8;26,3;22,2;27;26,1;22,8;21,3;80;73;78;1;8,2;3,9;
2022/01/06;1800 UTC;0;979,8;980,9;979,8;2412;26,8;22,2;27,8;26,2;23,1;21,8;81;72;76;349;8,2;4;
2022/01/06;1900 UTC;0;979,2;979,8;979,2;2324,9;27,3;21,4;28,2;26,7;22,9;21;75;68;70;355;7,3;2,6;
2022/01/06;2000 UTC;0;979,4;979,4;979,2;1190,5;27,2;22;28,3;27,1;22,4;21,1;74;67;73;315;4,9;2,2;
2022/01/06;2100 UTC;0;979,9;979,9;979,4;686,3;26,2;22,1;27,7;26,2;22,4;21,3;78;69;78;357;4,5;1,6;
2022/01/06;2200 UTC;0;980,4;980,5;979,9;58,8;24,9;21,9;26,2;24,9;22,3;21,8;83;78;83;13;2,9;1,6;
2022/01/06;2300 UTC;0;980,9;980,9;980,4;;24,4;22,3;24,9;24,4;22,3;21,9;88;83;88;357;2,9;1,4;
2022/01/07;0000 UTC;0;981,9;981,9;980,9;;24,1;22,4;24,4;24;22,5;22,2;91;88;90;22;2,1;1,4;
2022/01/07;0100 UTC;;;;;;;;;;;;;;;;;;
2022/01/07;0200 UTC;0;982,4;982,4;982,2;;23,9;22,7;24;23,8;22,7;22,4;93;91;93;349;1,4;,3;
2022/01/07;0300 UTC;0;981,7;982,4;981,7;;24;22,6;24;23,8;22,7;22,5;93;92;92;325;1,4;,9;
2022/01/07;0400 UTC;0;981,2;981,7;981,2;;23,8;22,5;24;23,8;22,7;22,4;93;91;93;360;1,7;,7;
2022/01/07;0500 UTC;0;980,5;981,2;980,5;;23,6;22,5;23,8;23,6;22,6;22,5;94;93;93;340;1,2;,6;
2022/01/07;0600 UTC;0;980,4;980,5;980,4;;23,4;22,3;23,6;23,4;22,5;22,3;94;93;93;331;1,8;,7;
2022/01/07;0700 UTC;0;980,1;980,4;980,1;;23,3;22,3;23,4;23,3;22,3;22,2;94;93;94;41;2,2;1,2;
2022/01/07;0800 UTC;0;980,5;980,5;980,1;;23,3;22,1;23,4;23,3;22,3;22,1;94;93;93;38;2,8;1,2;
2022/01/07;0900 UTC;0;981,2;981,2;980,5;;23,1;22;23,3;23,1;22,1;22;93;93;93;12;2,3;,9;
2022/01/07;1000 UTC;,2;982;982;981,2;145,7;23,6;22,3;23,6;23,1;22,4;21,9;94;93;93;18;2;,9;
2022/01/07;1100 UTC;0;982,4;982,4;982;506,3;24,4;22,4;24,4;23,6;22,5;22,1;93;89;89;17;3,1;1,6;
2022/01/07;1200 UTC;0;982,9;982,9;982,4;1547,4;26,2;22,5;26,3;24,4;23,2;22,1;89;79;80;27;4,4;2,5;
2022/01/07;1300 UTC;0;983,2;983,3;982,9;2474,2;28,1;22;28,2;26,2;22,9;21,8;80;70;70;345;5,1;2;
2022/01/07;1400 UTC;0;982,8;983,2;982,8;2537,8;28,6;21,3;28,7;27,9;22,5;20,9;72;64;65;344;7,2;4;
2022/01/07;1500 UTC;0;981,8;982,8;981,8;3165,4;29,1;21,9;29,4;28,4;22,3;21,2;68;63;65;352;7,8;3,3;
2022/01/07;1600 UTC;0;980,1;981,8;980,1;3128,4;30,5;22,3;30,5;28,8;23,1;21,3;68;59;62;351;7,3;3,3;
2022/01/07;1700 UTC;0;979,6;980,1;979,5;3574,3;29,3;22,1;31,3;27,6;22,9;20,8;70;56;65;21;9,3;3,6;
2022/01/07;1800 UTC;0;979,1;979,7;979;1114,7;25,8;21,5;29,3;25,5;22,8;21,1;81;64;77;304;8,2;1,5;
2022/01/07;1900 UTC;0;978,6;979,2;978,6;430,3;26;22,1;26,3;25,8;22,4;21,2;80;74;79;115;3,3;1,6;
2022/01/07;2000 UTC;0;979,3;979,3;978,6;305,5;26,2;22,6;26,2;25,9;22,7;21,9;81;78;80;189;2,3;,7;
2022/01/07;2100 UTC;1;979,4;979,7;979,3;106,9;23,3;21,6;26,2;23;23,1;21,2;91;80;90;305;6,8;2;
2022/01/07;2200 UTC;,2;980,3;980,3;979,4;19,6;23,7;22,4;23,7;23,3;22,4;21,5;92;89;92;347;4,4;1,7;
2022/01/07;2300 UTC;;;;;;;;;;;;;;;;;;
2022/01/08;0000 UTC;0;981,9;981,9;981;;23,8;22,7;23,8;23,6;22,8;22,5;94;93;94;38;2,1;1,4;
2022/01/08;0100 UTC;0;982,5;982,5;981,9;;23,9;22,8;23,9;23,8;22,8;22,7;94;93;94;17;2,9;,8;
2022/01/08;0200 UTC;0;982,5;982,7;982,4;;23,9;22,9;24;23,9;22,9;22,8;94;93;94;7;2;1,2;
2022/01/08;0300 UTC;,2;982;982,5;982;;24;22,8;24;23,9;22,9;22,8;94;93;93;16;2,3;1;
2022/01/08;0400 UTC;0;981,7;982;981,5;;24;22,9;24;23,9;22,9;22,8;94;93;94;345;2,5;1,1;
2022/01/08;0500 UTC;3,4;981,3;981,8;981,3;;23,7;22,6;24,2;23,7;22,9;22,5;94;92;94;352;5;,6;
2022/01/08;0600 UTC;0;980,8;981,3;980,8;;23,9;22,8;23,9;23,7;22,8;22,6;94;94;94;343;1,5;,4;
2022/01/08;0700 UTC;1,4;980,5;980,8;980,4;;23,9;22,8;23,9;23,8;22,9;22,8;94;94;94;75;3,1;1;
2022/01/08;0800 UTC;7,4;980,7;980,7;980,4;;23,5;22,5;23,9;23,5;22,8;22,5;94;94;94;67;3,1;1,1;
2022/01/08;0900 UTC;3,8;980,9;980,9;980,6;;23,4;22,4;23,6;23,4;22,5;22,4;94;94;94;50;4,7;2,6;
2022/01/08;1000 UTC;2;981,8;981,8;980,9;12,3;23,4;22,3;23,5;23,4;22,4;22,3;94;93;93;21;5,2;1,4;
2022/01/08;1100 UTC;1,4;982,2;982,2;981,8;96,7;23,5;22,5;23,5;23,4;22,5;22,3;94;93;94;47;3,2;1,7;
2022/01/08;1200 UTC;,8;983;983;982,2;307,4;23,7;22,3;23,8;23,5;22,6;22,1;94;91;92;37;3,5;1,1;
2022/01/08;1300 UTC;5,2;983,1;983,1;983;704,4;24,4;22,7;24,4;23,2;22,8;22;94;90;90;36;5;2,3;
2022/01/08;1400 UTC;4,8;983,3;983,4;983;509;23,6;22,4;24,4;23,5;22,6;22;93;89;93;22;6,2;3,1;
2022/01/08;1500 UTC;2;983;983,4;983;357;23,3;22,1;23,6;22,9;22,4;21,6;93;91;93;28;7,6;2,6;
2022/01/08;1600 UTC;6,6;982,6;983;982,5;274,9;23;21,9;23,3;23;22,2;21,8;93;92;93;15;5,5;2,8;
2022/01/08;1700 UTC;5,8;982;982,6;981,9;368,8;23,4;22,1;23,4;23;22,2;21,9;93;93;93;18;5,5;2,3;
2022/01/08;1800 UTC;2,4;981,5;982;981,5;300,2;23,3;22;23,5;23,2;22,2;21,9;93;92;93;9;6,7;2,2;
2022/01/08;1900 UTC;2,2;980,8;981,5;980,7;270;23,2;21,9;23,3;23,2;22,1;21,9;93;92;92;335;5,1;1,1;
2022/01/08;2000 UTC;2,2;981,5;981,5;980,8;165,9;23,2;21,9;23,3;23,2;22;21,9;93;92;92;295;3,1;1;
2022/01/08;2100 UTC;,8;982;982,1;981,5;78,6;23,1;22,1;23,3;23,1;22,1;21,9;94;92;94;26;2,5;1,1;
2022/01/08;2200 UTC;,6;981,9;982,1;981,9;18,9;23;21,9;23,1;23;22,1;21,9;94;94;94;28;3,7;2,3;
2022/01/08;2300 UTC;0;982,4;982,4;981,7;;23;21,9;23;22,9;21,9;21,8;94;93;94;22;4,8;2;
2022/01/09;0000 UTC;0;983,6;983,6;982,4;;22,9;21,8;23;22,8;21,9;21,8;94;93;94;24;3,5;1;
2022/01/09;0100 UTC;,2;984;984;983,6;;22,8;21,8;22,9;22,8;21,9;21,8;94;94;94;17;2,3;1,1;
2022/01/09;0200 UTC;0;984,1;984,1;984;;22,8;21,8;22,9;22,8;21,8;21,7;94;94;94;24;2,9;1,5;
2022/01/09;0300 UTC;0;983,4;984,1;983,3;;22,8;21,8;22,8;22,7;21,8;21,7;94;94;94;29;3,6;1,8;
2022/01/09;0400 UTC;0;983;983,4;982,9;;23;21,9;23;22,8;21,9;21,8;94;94;94;11;4,1;2,3;
2022/01/09;0500 UTC;0;982,4;983;982,4;;23;21,9;23;22,9;21,9;21,9;94;94;94;14;3,8;1,6;
2022/01/09;0600 UTC;0;982,2;982,4;982,2;;23;21,9;23;23;22;21,9;94;94;94;340;3;1,1;
2022/01/09;0700 UTC;0;981,9;982,2;981,8;;22,9;21,8;23;22,9;21,9;21,8;94;94;94;342;2,4;1,2;
2022/01/09;0800 UTC;0;982,1;982,1;981,9;;22,9;22;22,9;22,9;22;21,8;94;94;94;339;2,2;,6;
2022/01/09;0900 UTC;0;982,6;982,6;982,1;;22,9;21,9;23;22,9;22;21,9;94;94;94;9;1,4;,9;
2022/01/09;1000 UTC;0;983,4;983,4;982,6;122,7;23,4;22,3;23,4;22,9;22,4;21,9;94;93;93;293;4,2;1,8;
2022/01/09;1100 UTC;0;984,1;984,1;983,4;735,9;24,2;22,1;24,2;23,4;22,4;21,6;93;88;88;296;6,5;2,1;
2022/01/09;1200 UTC;0;984,5;984,5;984,1;1183,1;25,3;21,8;25,3;24,2;22,4;21,6;88;81;81;328;4,7;1,8;
2022/01/09;1300 UTC;0;984,6;984,8;984,5;1871,4;26,8;21,9;26,9;25,3;22,6;21,5;81;74;74;324;6;2,8;
2022/01/09;1400 UTC;0;984,4;984,6;984,4;2560;27,6;21,9;27,7;26,7;22,8;21,4;77;69;71;311;6,9;3;
2022/01/09;1500 UTC;0;984;984,4;984;2327;27,7;22;28,3;27,4;22,9;21,3;74;67;71;322;7,4;2,2;
2022/01/09;1600 UTC;0;983;984,1;983;3249,7;28,7;21,8;29,3;27,7;23;21,4;72;64;66;323;7,7;3,3;
2022/01/09;1700 UTC;1,6;982,1;983;982;2199,2;26,3;23,4;29,5;25,6;23,5;21,3;86;62;84;297;7,5;1,2;
2022/01/09;1800 UTC;6,2;981;982,1;981;569,5;24,3;22,8;26,3;23,8;23,4;21,6;91;84;91;289;10;1,4;
2022/01/09;1900 UTC;1,2;980,7;981;980,7;535,5;24,2;22,2;24,7;24,2;23;22,1;91;88;89;311;3,7;1,8;
2022/01/09;2000 UTC;6,8;980,9;981,2;980,7;622,7;24,4;22,9;24,6;23,4;23,3;21,9;93;88;92;10;6,1;2,2;
2022/01/09;2100 UTC;5,2;981,3;981,5;980,9;162;23,7;22,4;24,4;23,6;23;22,3;93;91;93;324;5,5;1;
2022/01/09;2200 UTC;,2;982;982;981,3;51,9;23,5;22,4;23,8;23,5;22,5;22,3;93;92;93;359;2,9;1,1;
2022/01/09;2300 UTC;;;;;;;;;;;;;;;;;;
2022/01/10;0000 UTC;0;983,2;983,2;982,5;;23,2;22,1;23,3;23,2;22,3;22,1;94;93;94;17;2,1;1,2;
2022/01/10;0100 UTC;0;983,8;983,8;983,2;;23,3;22,1;23,3;23,2;22,2;22,1;94;93;94;17;3,2;1,3;
2022/01/10;0200 UTC;0;984;984;983,8;;23,3;22,1;23,3;23,2;22,2;22,1;94;93;93;11;3,1;,9;
2022/01/10;0300 UTC;;;;;;;;;;;;;;;;;;
2022/01/10;0400 UTC;0;983,2;983,7;983,2;;22,9;21,8;23,1;22,9;22;21,8;94;93;93;5;3,2;1,6;
2022/01/10;0500 UTC;0;982,5;983,2;982,5;;22,8;21,7;22,9;22,8;21,8;21,7;94;93;94;19;3,2;1,2;
2022/01/10;0600 UTC;0;982,5;982,6;982,5;;22,9;21,8;22,9;22,8;21,8;21,7;94;94;94;12;3,1;1;
2022/01/10;0700 UTC;0;982,2;982,6;982,1;,3;23;21,9;23;22,9;22;21,8;94;94;94;11;3,6;2;
2022/01/10;0800 UTC;0;982,4;982,5;982,1;,2;23;21,8;23,1;23;22;21,8;94;93;93;9;4,2;2,2;
2022/01/10;0900 UTC;0;982,8;982,8;982,4;1,8;22,9;21,7;23;22,8;21,8;21,7;93;93;93;2;4,2;2,2;
2022/01/10;1000 UTC;0;983,5;983,5;982,8;76,8;23,1;21,8;23,1;22,9;21,8;21,7;93;93;93;354;3,9;1,9;
2022/01/10;1100 UTC;0;984,3;984,4;983,5;566,5;23,8;21,7;23,8;23,1;21,8;21,4;93;87;88;340;5;2,5;
2022/01/10;1200 UTC;0;984,8;984,8;984,3;1070,5;25;22,1;25;23,8;22,1;21,4;88;83;84;339;6,2;2,8;
2022/01/10;1300 UTC;0;985,2;985,2;984,8;1097,1;25,2;21,9;25,4;24,9;22;21,4;84;79;82;339;6,9;2,9;
2022/01/10;1400 UTC;0;984,7;985,2;984,7;1552,2;26,4;22;26,7;24,5;23;21,6;87;76;77;342;6;2,6;
2022/01/10;1500 UTC;,2;984,1;984,7;984,1;1666,7;24,5;21,7;27,1;24,5;22,5;21,4;85;73;85;350;7,9;4,5;
2022/01/10;1600 UTC;4,2;982,9;984,1;982,9;1420,7;25,8;22,6;26,1;23,9;23,7;21,8;90;82;82;343;7,9;2;
2022/01/10;1700 UTC;,4;982,4;982,9;982,4;1117,4;23,4;21,7;26,8;23,4;23,8;21,6;91;79;91;304;9;4;
2022/01/10;1800 UTC;3;981,3;982,4;981,3;709,3;23,9;22,2;24;23,3;22,7;21,7;93;89;90;325;7,7;2,3;
2022/01/10;1900 UTC;,2;980,7;981,3;980,6;655,5;24,4;22,6;24,4;23,9;22,6;22;90;88;90;357;4,6;1,1;
2022/01/10;2000 UTC;0;980,4;980,7;980,3;573;24,8;22,2;24,8;24,4;22,6;22;90;85;86;91;2;,5;
2022/01/10;2100 UTC;0;980,5;980,6;980,4;214,4;24,5;22,7;24,8;24,5;22,7;22,1;90;85;90;248;1,8;,8;
2022/01/10;2200 UTC;0;981;981,1;980,5;37,4;24,1;22,7;24,5;24,1;22,9;22,6;92;89;92;97;2,6;,8;
2022/01/10;2300 UTC;;;;;;;;;;;;;;;;;;
2022/01/11;0000 UTC;1;982,5;982,5;981,9;;23,9;22,8;24;23,9;22,9;22,8;94;93;94;175;2,1;,9;
2022/01/11;0100 UTC;0;982,9;982,9;982,5;;23,7;22,6;23,9;23,7;22,8;22,6;94;93;93;131;2;,7;
2022/01/11;0200 UTC;,2;983,1;983,2;982,9;;23,5;22,5;23,8;23,5;22,7;22,5;94;93;94;55;1,4;,9;
2022/01/11;0300 UTC;0;982,9;983,2;982,9;;23,7;22,7;23,7;23,5;22,7;22,5;94;94;94;356;1,7;,3;
2022/01/11;0400 UTC;0;982,3;982,9;982,3;;23,5;22,5;23,7;23,5;22,7;22,5;94;94;94;341;1,7;,6;
2022/01/11;0500 UTC;0;981,5;982,3;981,5;;23,6;22,6;23,6;23,5;22,7;22,5;94;94;94;30;1,3;,7;
2022/01/11;0600 UTC;0;980,9;981,5;980,9;;23,6;22,6;23,6;23,5;22,7;22,5;94;94;94;46;2,8;1,4;
2022/01/11;0700 UTC;0;980,6;980,9;980,5;;23,6;22,5;23,6;23,6;22,6;22,5;94;94;94;50;3,5;1,6;
2022/01/11;0800 UTC;0;980,9;980,9;980,6;;23,2;21,9;23,6;23,2;22,5;21,9;94;93;93;59;3,5;1,7;
2022/01/11;0900 UTC;0;981,6;981,6;980,9;;23;21,9;23,2;23;22;21,9;93;93;93;36;2,9;1,1;
2022/01/11;1000 UTC;0;982;982;981,6;74,7;23,3;22,1;23,3;23;22,1;21,9;94;93;93;19;3,1;1,2;
2022/01/11;1100 UTC;0;982,6;982,6;982;1021,9;24,8;22,4;24,9;23,3;22,8;22,1;93;86;86;13;5;2,1;
2022/01/11;1200 UTC;0;983;983;982,6;1577,9;26,4;22,7;26,4;24,8;22,8;22;87;80;80;22;5,1;2,2;
2022/01/11;1300 UTC;0;982,9;983;982,8;1525,3;27,2;21,8;27,2;25,9;22,8;21,2;81;72;72;333;4,1;1,2;
2022/01/11;1400 UTC;0;982,9;982,9;982,8;1980,6;27,7;22,9;27,9;27,1;22,9;21,3;75;70;75;348;4,5;1,8;
2022/01/11;1500 UTC;0;982,1;982,9;982,1;2813,3;29;22,7;29,4;27,5;23,7;22;75;68;69;337;4,7;2,2;
2022/01/11;1600 UTC;0;980,8;982,1;980,8;3703,2;30;22,8;30,4;28,7;24,2;22,3;72;64;65;7;7,1;2,9;
2022/01/11;1700 UTC;0;979,7;980,8;979,7;3444,3;30,2;22,2;30,6;29,1;23,3;21,3;70;62;62;347;7,1;2,6;
2022/01/11;1800 UTC;,8;979,1;979,7;979;1898,6;27,6;22,5;30,8;27,4;23,3;21,6;74;59;74;343;6,5;2,7;
2022/01/11;1900 UTC;,4;978,8;979,2;978,8;458,6;26,1;21,8;27,9;26,1;23,9;21,6;83;73;77;235;6;2,6;
2022/01/11;2000 UTC;0;979,9;979,9;978,8;486,4;25,9;22,4;26,2;25,9;22,7;21,8;82;77;81;54;4,6;1,5;
2022/01/11;2100 UTC;,2;980,6;980,7;979,7;277,2;24,8;22,5;26,1;24,8;23,2;22;88;79;87;116;5,5;1,9;
2022/01/11;2200 UTC;25,4;981,6;981,9;980,6;19,1;22,2;21,3;24,8;21,7;22,5;20,7;95;87;95;130;11,3;1,7;
2022/01/11;2300 UTC;2,2;982,2;982,2;981,5;;22,4;21,5;22,4;22,2;21,5;21,3;95;95;95;115;2,7;,7;
2022/01/12;0000 UTC;;;;;;;;;;;;;;;;;;
2022/01/12;0100 UTC;0;983,5;983,5;982,6;;22,7;21,6;22,7;22,6;21,8;21,6;94;94;94;203;4;1,8;
2022/01/12;0200 UTC;0;983,4;983,8;983,4;;22,7;21,7;22,7;22,6;21,7;21,6;94;94;94;148;3,3;1,6;
2022/01/12;0300 UTC;0;983,5;983,6;983,2;;22,7;21,8;22,8;22,7;21,8;21,7;94;94;94;234;2,9;,5;
2022/01/12;0400 UTC;0;983,9;984;983,5;;22,8;21,9;22,8;22,6;21,9;21,7;95;94;94;24;4,6;2,4;
2022/01/12;0500 UTC;11;983,6;983,9;983,6;,1;21,8;20,8;22,8;21,8;21,8;20,8;95;94;94;58;6,4;2,8;
2022/01/12;0600 UTC;6,6;983;983,7;983;;21,7;20,7;22;21,6;21;20,6;94;94;94;44;6,3;,9;
2022/01/12;0700 UTC;3,6;982,7;983;982,6;;21,8;20,9;21,8;21,6;21;20,7;95;94;95;56;1,5;,7;
2022/01/12;0800 UTC;1,4;982,7;982,9;982,7;;21,5;20,6;21,9;21,5;21;20,6;95;95;95;121;3,2;1,7;
2022/01/12;0900 UTC;,6;982,8;982,8;982,5;;21,4;20,5;21,5;21,4;20,6;20,5;95;95;95;98;3,2;,9;
2022/01/12;1000 UTC;0;983,5;983,5;982,8;76,6;21,8;20,9;21,8;21,4;20,9;20,6;95;94;95;205;2;,9;
2022/01/12;1100 UTC;0;984,6;984,6;983,5;480,4;22,6;21;22,7;21,8;21,4;20,9;95;90;91;82;2,5;1,4;
2022/01/12;1200 UTC;0;985,1;985,1;984,6;791;23,9;21,4;24;22,6;21,8;21;92;85;86;83;3;1,6;
2022/01/12;1300 UTC;0;985,6;985,6;985,1;1214,3;24,6;21,8;25;23,9;22,3;21;86;80;84;33;3,9;1,5;
2022/01/12;1400 UTC;0;985,6;985,6;985,5;1206,5;24,8;21,6;25,2;24,6;22,2;21,4;86;81;82;44;3,9;2,4;
2022/01/12;1500 UTC;0;984,5;985,6;984,5;1948,6;26,2;21,8;26,5;24,7;22,7;21,5;85;76;77;76;5,4;2,9;
2022/01/12;1600 UTC;0;984;984,5;983,8;1783;25,5;21,7;26,4;25,4;22,4;21;81;75;79;25;5,8;2,5;
2022/01/12;1700 UTC;,4;983,3;984;983,3;697;24,7;22,3;25,5;24,5;22,5;21,3;88;79;86;356;5,4;1,7;
2022/01/12;1800 UTC;0;983,2;983,6;983,2;464,3;24,4;22;24,7;24,3;22,4;21,6;87;84;87;326;4,3;1,7;
2022/01/12;1900 UTC;0;982,5;983,2;982,4;406,8;24,2;21,5;24,4;24;22,2;21,5;88;85;85;357;4;1,5;
2022/01/12;2000 UTC;0;982,6;982,6;982,4;439;24,5;21,8;24,6;24,2;22,2;21,6;87;84;85;104;2,9;,8;
2022/01/12;2100 UTC;0;982,7;982,8;982,4;182,3;23,5;21,5;24,6;23,5;22,1;21,3;88;84;88;107;4,9;,9;
2022/01/12;2200 UTC;0;983,5;983,5;982,7;35,9;23,3;21,7;23,5;23,3;21,7;21,4;91;88;91;50;1,5;,3;
2022/01/12;2300 UTC;0;984,5;984,5;983,5;;22,8;21,7;23,3;22,6;21,8;21,4;93;91;93;265;2,8;1,1;
2022/01/13;0000 UTC;;;;;;;;;;;;;;;;;;
2022/01/13;0100 UTC;;;;;;;;;;;;;;;;;;
2022/01/13;0200 UTC;0;986;986,2;986;;22,3;21,2;22,5;22,3;21,4;21,2;94;93;93;156;2,1;1,1;
2022/01/13;0300 UTC;0;985,7;986;985,7;;22,2;21,2;22,3;22,1;21,2;21;94;93;94;110;2,1;,9;
2022/01/13;0400 UTC;0;985,4;985,7;985,4;;22;21;22,2;22;21,3;21;94;94;94;53;2,6;1;
2022/01/13;0500 UTC;0;984,7;985,4;984,6;;21,9;21;22,1;21,9;21,1;21;94;94;94;51;2;,9;
2022/01/13;0600 UTC;0;984,2;984,7;984,2;;21,7;20,8;21,9;21,7;21;20,8;94;94;94;96;1,9;,3;
2022/01/13;0700 UTC;0;984,5;984,5;984,2;;21,9;21;21,9;21,6;21;20,7;95;94;95;70;1,6;,4;
2022/01/13;0800 UTC;0;984,4;984,5;984,3;;21,7;20,7;22;21,7;21,1;20,7;95;94;94;112;2,4;,9;
2022/01/13;0900 UTC;0;985,1;985,1;984,4;;21,4;20,4;21,7;21,3;20,8;20,4;95;94;95;66;1,8;,8;
2022/01/13;1000 UTC;0;986,3;986,3;985,1;115,6;21,9;20,9;21,9;21,3;20,9;20,4;95;94;94;76;2,6;1,5;
2022/01/13;1100 UTC;0;987;987;986,3;372,8;22,5;20,9;22,5;21,8;21,3;20,7;94;90;91;40;2,6;,9;
2022/01/13;1200 UTC;0;987,5;987,5;986,9;728,5;24,2;21,3;24,2;22,5;21,4;20,9;91;84;84;64;3;1,7;
2022/01/13;1300 UTC;0;987,9;987,9;987,5;2305,1;26,3;21,6;26,3;24,2;21,9;20,5;85;74;75;63;4,4;2,3;
2022/01/13;1400 UTC;0;987,8;987,9;987,8;3049,3;27,7;21,4;27,7;26,3;21,5;20,3;76;66;69;38;5,5;2;
2022/01/13;1500 UTC;0;987,2;987,8;987,2;3323,2;28,7;21;28,7;27,2;22,1;20,1;69;62;63;8;4,9;2,8;
2022/01/13;1600 UTC;0;986,5;987,2;986,5;3198,9;28,9;20,5;29,6;27,9;21,8;20;67;57;61;26;5,9;2,4;
2022/01/13;1700 UTC;0;985,5;986,5;985,5;2689,1;30,1;21,4;30,1;28,9;22;19,8;63;57;60;33;5,3;2,2;
2022/01/13;1800 UTC;0;984,4;985,5;984,4;3481,8;30,6;21,5;30,7;29,7;21,9;19,9;61;55;58;347;5,8;2,1;
2022/01/13;1900 UTC;0;983,3;984,4;983,3;2425,3;30,4;21,1;30,8;29,9;21,7;19,9;60;53;58;1;5,5;2,8;
2022/01/13;2000 UTC;0;983,2;983,3;982,9;1597,5;30,2;20,9;31,5;29,6;21,8;20,1;61;53;58;12;4,9;1,3;
2022/01/13;2100 UTC;0;983,5;983,5;983,2;629,2;29,4;21,6;30,2;29,4;22,1;20,3;64;55;63;13;3,6;2;
2022/01/13;2200 UTC;0;983,5;983,7;983,4;89,9;26,8;22,7;29,4;26,8;23;21,4;80;62;78;347;3,6;1,1;
2022/01/13;2300 UTC;0;984,2;984,2;983,5;;25,9;21,7;26,8;25,7;23,2;21,7;83;76;78;324;2,4;1,4;
2022/01/14;0000 UTC;0;985;985,2;984,2;;24,8;21,7;25,9;24,7;22,3;21,7;86;78;83;344;2,4;1,1;
2022/01/14;0100 UTC;0;986;986;985;;24,1;22;24,9;23,9;22;21,5;88;81;88;53;2,3;,9;
2022/01/14;0200 UTC;0;985,8;986,1;985,7;;23,1;21,6;24,1;23,1;22,2;21,5;91;88;91;126;1,4;,7;
2022/01/14;0300 UTC;0;985,6;985,8;985,6;;23;21,8;23,3;23;22;21,6;93;91;93;67;1,2;,4;
2022/01/14;0400 UTC;0;985,3;985,6;985,3;;22,8;21,7;23;22,8;21,9;21,7;94;93;93;47;1;,2;
2022/01/14;0500 UTC;0;985;985,3;984,9;;22,5;21,4;22,8;22,5;21,7;21,4;94;93;94;224;,7;,5;
2022/01/14;0600 UTC;0;984,6;985;984,6;;22,8;21,8;22,8;22,2;21,8;21,1;94;94;94;136;1,6;1,1;
2022/01/14;0700 UTC;0;984,3;984,6;984,3;;22,4;21,4;22,8;22,2;21,7;21,1;94;94;94;186;2,3;1,1;
2022/01/14;0800 UTC;0;984,5;984,5;984,1;;22,2;21,1;22,4;22,1;21,4;21;94;93;94;155;2,3;,7;
2022/01/14;0900 UTC;0;985;985,1;984,5;;22,4;21,4;22,4;22,2;21,4;21,1;94;94;94;125;1,8;,9;
2022/01/14;1000 UTC;0;986;986;985;235,8;24,3;22,8;24,3;22,4;22,8;21,4;95;91;91;117;1,9;,3;
2022/01/14;1100 UTC;0;986,6;986,6;986;1074,2;26,6;22,3;26,6;24,3;23,1;22;91;78;78;120;2,9;1,1;
2022/01/14;1200 UTC;0;987,2;987,3;986,6;1983,8;27,9;22,9;27,9;26,5;22,9;21,8;78;73;74;150;4,4;1,9;
2022/01/14;1300 UTC;0;987,3;987,4;987,2;2775,3;30,1;22,5;30,4;27,8;23,3;22;75;63;64;168;4,1;1,4;
2022/01/14;1400 UTC;0;986,9;987,3;986,9;3236,5;30,4;22,5;31,1;29,6;22,9;21,6;66;60;63;147;4,9;2,1;
2022/01/14;1500 UTC;0;986,1;986,9;986,1;3414,6;31,7;22,9;32,1;30,2;23,5;21,5;64;55;60;70;5;1,1;
2022/01/14;1600 UTC;0;985,3;986,1;985,3;2517,8;31,7;22,3;32,5;31,3;22,8;21,1;60;52;58;51;5;1,8;
2022/01/14;1700 UTC;0;984,4;985,3;984,4;2509,6;31,6;22,5;33,7;31,3;22,9;21,3;59;49;59;164;5;2,6;
2022/01/14;1800 UTC;0;983,7;984,4;983,7;3279,8;33,4;21,4;34,2;31,3;23,4;20,2;60;45;49;145;6;2,8;
2022/01/14;1900 UTC;0;983;983,7;983;2843,3;33,7;19;34,3;33,2;22;18,8;50;41;42;119;5;1,4;
2022/01/14;2000 UTC;0;982,6;983;982,6;1587,5;33,1;20,4;34,2;32,9;20,7;18,7;47;41;47;163;3,8;2,1;
2022/01/14;2100 UTC;0;982,6;982,7;982,6;907,1;32,9;20,2;33,7;32,8;21,1;19,4;49;44;47;142;3,8;2,3;
2022/01/14;2200 UTC;0;983,2;983,2;982,6;119,9;29,4;22,5;32,9;29,4;22,9;20,3;68;47;67;141;3,8;,8;
2022/01/14;2300 UTC;;;;;;;;;;;;;;;;;;
2022/01/15;0000 UTC;0;983,9;983,9;983,8;;26;23,3;27;26;23,8;22;85;76;85;141;,9;,4;
2022/01/15;0100 UTC;0;984,8;984,8;983,9;;25,3;22,5;26;24,9;23,6;22,2;89;84;85;204;1,7;,9;
2022/01/15;0200 UTC;0;985;985,1;984,7;;24,9;23,2;25,4;24,8;23,2;22,6;90;85;90;235;1,9;1,1;
2022/01/15;0300 UTC;0;984,9;985,1;984,9;;24;22,5;24,9;24;23,1;22,4;91;89;91;352;1,9;1,1;
2022/01/15;0400 UTC;0;984,6;984,9;984,5;;23,6;22,1;24,3;23,6;22,6;22,1;92;89;91;310;2,6;1,3;
2022/01/15;0500 UTC;0;984,9;985,2;984,5;;24,4;22,7;24,5;23,5;23;22,1;92;90;90;345;4,2;,8;
2022/01/15;0600 UTC;0;984,6;984,9;984,6;;23,4;22,1;24,4;23,4;22,7;22,1;92;90;92;148;2,3;,7;
2022/01/15;0700 UTC;0;984,4;984,6;984,4;;23,6;22,2;24,1;23,4;22,6;21,8;93;89;92;116;2,3;1;
2022/01/15;0800 UTC;0;984,8;984,8;984,4;;23,5;20,6;24;23,3;22,1;20,6;92;83;84;124;2,4;1,2;
2022/01/15;0900 UTC;0;985,3;985,3;984,8;;23,1;20,4;23,7;23;20,8;20,3;86;82;85;119;2,6;1,2;
2022/01/15;1000 UTC;0;986,1;986,1;985,3;256,1;25;20,9;25;22,8;21,3;20,1;89;75;78;106;1,9;,6;
2022/01/15;1100 UTC;0;986,3;986,3;986;1108,8;27;20;27;25;21,2;19,5;78;64;66;121;3,9;2;
2022/01/15;1200 UTC;0;986,4;986,5;986,3;2027,2;28,6;18,9;28,8;26,8;20,8;18,8;67;56;56;120;7,2;3,8;
2022/01/15;1300 UTC;0;986,5;986,6;986,4;2842,3;30,8;20;30,8;28,5;20,2;18,6;59;50;53;121;7,5;3,8;
2022/01/15;1400 UTC;0;986,4;986,6;986,3;3499,6;31,7;18,4;32,1;30,6;19,6;18,2;52;45;45;122;8,4;3,4;
2022/01/15;1500 UTC;0;985,9;986,4;985,9;3957,9;32,7;17,8;33;31,7;19,8;16,9;49;38;41;101;8;4,5;
2022/01/15;1600 UTC;0;985,2;985,9;985,1;4155,2;33,3;17,1;33,5;32,6;18,1;15,4;42;34;38;105;8;3,5;
2022/01/15;1700 UTC;0;984,4;986,8;984;3256;32,6;19,1;33,9;32,2;19,3;16;46;36;45;60;7,2;3,2;
2022/01/15;1800 UTC;0;983,6;984,4;983,6;2494,2;32,9;18,8;33;32,3;19,5;17,6;46;40;43;83;6,4;2,8;
2022/01/15;1900 UTC;0;983;983,6;982,9;1991,1;31,8;18,8;33,3;31,8;19,3;16,8;47;38;46;80;6,4;2,4;
2022/01/15;2000 UTC;0;982,8;983;982,7;1320,1;31,7;18,8;32,6;31,7;19,2;18,1;47;43;46;98;5,1;1,8;
2022/01/15;2100 UTC;0;982,7;982,8;982,5;424,2;30,3;20,9;31,7;30,3;21,5;18,7;59;46;57;97;3,1;,8;
2022/01/15;2200 UTC;0;983,3;983,3;982,7;67,9;27,4;21,3;30,3;27,4;22,8;20,1;70;55;70;195;1,2;,6;
2022/01/15;2300 UTC;0;983,5;983,7;983,3;;25,4;22,3;27,4;25,4;22,9;21,2;84;69;83;7;1,1;,8;
2022/01/16;0000 UTC;0;983,7;983,8;983,5;;24,5;21,7;25,4;24,5;22,6;21;87;79;85;71;1,8;,6;
2022/01/16;0100 UTC;0;984;984;983,5;;24,8;20,9;25,1;24,2;21,7;20,9;85;78;79;116;2,3;1,1;
2022/01/16;0200 UTC;0;984,2;984,2;984;;24;20,3;25,8;24;20,9;20,1;80;72;80;90;2,5;,7;
2022/01/16;0300 UTC;0;983,8;984,3;983,8;;24,6;19,2;24,8;23,8;20,1;19,2;80;71;72;116;2,4;1;
2022/01/16;0400 UTC;0;983,5;983,8;983,5;;24,7;19,1;25,2;24;19,8;18,6;77;67;71;121;3,1;,9;
2022/01/16;0500 UTC;0;982,8;983,5;982,8;;23,9;19,1;24,9;23,3;19,8;18,7;80;69;74;140;2,6;1,2;
2022/01/16;0600 UTC;0;983;983,1;982,2;;22;18,9;23,9;21,9;19,7;18,8;83;74;82;166;2,3;1,2;
2022/01/16;0700 UTC;0;982,8;983;982,7;;21,2;18,9;22,4;21,2;19,1;18,5;88;80;87;115;2;,5;
2022/01/16;0800 UTC;0;983;983;982,7;;20,6;19,2;21,2;20,6;19,3;18,9;91;87;91;133;1,3;,8;
2022/01/16;0900 UTC;0;983,7;983,7;983;;21,1;19,9;21,1;20,6;19,9;19,2;93;91;93;156;2,1;1,1;
2022/01/16;1000 UTC;0;984,4;984,4;983,7;212;23,5;21,1;23,5;21,1;21,1;19,8;93;87;87;123;2,1;,9;
2022/01/16;1100 UTC;0;985,2;985,2;984,4;1164,8;25,9;20,1;25,9;23,5;21,3;20,1;87;70;70;115;4,1;1,8;
2022/01/16;1200 UTC;0;985,7;985,7;985,2;2018,5;27,9;19,4;28;25,9;20,5;18,7;71;58;60;135;3,5;1,6;
2022/01/16;1300 UTC;0;985,9;986;985,7;2806,7;29,6;17,7;29,6;27,9;19,4;16,8;60;48;49;34;3,2;1,1;
2022/01/16;1400 UTC;0;985,5;985,9;985,5;3456,8;30,8;18;31;29,3;18,7;16,8;51;44;46;92;4,6;2,4;
2022/01/16;1500 UTC;0;984,7;985,5;984,7;3769,4;31,5;18,5;31,9;30,7;19,4;17,3;49;43;46;236;4,6;1,1;
2022/01/16;1600 UTC;0;983,9;984,7;983,9;3524,5;31,3;18;32,7;31,3;19,9;17,5;49;41;45;57;6,7;2,8;
2022/01/16;1700 UTC;0;982,9;983,9;982,9;3534,5;32,7;18,6;33,1;31;19,6;17,4;51;40;43;41;5,9;2,6;
2022/01/16;1800 UTC;0;982;982,9;982;3423,3;33,1;18,4;33,5;32,5;19,1;16,6;44;37;42;2;5,2;1,7;
2022/01/16;1900 UTC;0;981;982;981;2533,6;32,8;16,6;33,5;32,5;18,7;16,6;43;38;38;352;4,6;1,4;
2022/01/16;2000 UTC;0;980,7;981;980,7;1852,2;33;17,1;33,6;32,5;19;16,7;44;37;39;6;3,5;1,1;
2022/01/16;2100 UTC;0;980,7;980,8;980,6;948,9;33,2;20;33,8;32,9;20;16,9;46;38;46;236;2,6;,7;
2022/01/16;2200 UTC;0;980,8;980,8;980,6;131;28,6;23,1;33,2;28,6;23,3;19,2;73;45;72;12;1,4;,3;
2022/01/16;2300 UTC;0;981,3;981,3;980,8;;27;22,3;28,6;27;23,2;22,2;78;71;75;298;1,7;1,2;
2022/01/17;0000 UTC;0;982;982;981,3;;25,4;22,2;27;25,4;22,4;20,5;83;70;82;62;2;,1;
2022/01/17;0100 UTC;0;982,7;982,7;982;;25;22,5;25,7;25;22,8;21,6;86;79;86;158;,8;,4;
2022/01/17;0200 UTC;0;983,3;983,3;982,7;;24,3;22,3;25;24,3;22,7;22,2;89;86;89;26;1;,7;
2022/01/17;0300 UTC;0;982,8;983,3;982,8;;24;21,1;24,3;23,8;22,5;21;90;83;84;246;1,2;,2;
2022/01/17;0400 UTC;0;983,2;983,2;982,6;;23,7;22,3;24,1;23,5;22,7;20,9;92;83;92;57;3,8;1,2;
2022/01/17;0500 UTC;0;983;983,2;982,8;;24,3;21,7;24,7;23,7;22,7;21,5;92;83;85;55;4,5;1,1;
2022/01/17;0600 UTC;0;983,1;983,2;982,9;;24,5;21,8;24,6;24,3;22;21,6;86;84;85;35;3,2;1,6;
2022/01/17;0700 UTC;0;983,2;983,2;982,9;;24,1;21,8;24,6;24,1;21,9;21,7;87;85;87;31;3;1,5;
2022/01/17;0800 UTC;0;982,9;983,2;982,9;;23,7;21,5;24,2;23,7;21,9;21,4;87;85;87;10;5;1,8;
2022/01/17;0900 UTC;0;983,7;983,7;982,8;;23,2;21,5;23,7;23,1;21,6;21,4;90;87;90;9;3,9;1,3;
2022/01/17;1000 UTC;7;984,6;984,6;983,7;40,7;22,7;21,3;23,4;22,7;21,6;21,3;92;90;92;359;4,5;2,3;
2022/01/17;1100 UTC;3,4;985,3;985,3;984,6;91,3;23,1;22;23,1;22,6;22;21,3;93;92;93;141;5,7;1,7;
2022/01/17;1200 UTC;11,6;985,7;986,1;985,3;48,5;22,6;21,6;23,3;22,2;22,2;21;94;93;94;155;7,7;,7;
2022/01/17;1300 UTC;2,6;985,8;985,9;985,5;87;22,5;21,5;22,6;22,4;21,6;21,4;94;94;94;254;3,8;1,7;
2022/01/17;1400 UTC;1,6;986,5;986,5;985,8;276,9;22,9;21,6;22,9;22,5;21,7;21,5;94;93;93;279;4,5;2,2;
2022/01/17;1500 UTC;,2;985,7;986,5;985,7;875,5;23,9;22,1;23,9;22,9;22,2;21,7;93;89;90;265;4;2,1;
2022/01/17;1600 UTC;0;984,6;985,7;984,6;1038,7;24,5;21,7;24,6;23,9;22,4;21,6;90;84;85;212;4;1,6;
2022/01/17;1700 UTC;0;984,2;984,6;984,1;1161,2;25,4;21,9;25,4;24,4;22,2;21,4;87;81;81;211;4;1,6;
2022/01/17;1800 UTC;0;982,9;984,2;982,9;1327,1;25,7;21,4;25,9;25,2;22,3;21,2;83;76;77;301;3;1,3;
2022/01/17;1900 UTC;0;982,2;982,9;982,2;1913,1;27,1;22,5;27,3;25,8;22,5;21,1;79;73;76;226;4,4;1,8;
2022/01/17;2000 UTC;0;981,5;982,2;981,5;1486,9;27,3;21,9;28,3;27;22,5;21,1;76;68;73;319;4,4;,7;
2022/01/17;2100 UTC;0;981,4;981,5;981,2;700,1;27;22,5;27,5;26,9;22,8;22;77;73;76;283;3,6;1,2;
2022/01/17;2200 UTC;0;981,7;981,8;981,4;112,6;24,9;22,6;27;24,8;22,7;21,8;88;75;87;297;2,6;,6;
2022/01/17;2300 UTC;0;981,8;981,9;981,6;;24;22,6;24,9;23,9;22,6;22,3;92;87;92;299;1,9;,8;
2022/01/18;0000 UTC;;;;;;;;;;;;;;;;;;
2022/01/18;0100 UTC;0;983,3;983,4;982,6;;23,6;22,5;23,7;23,4;22,5;22,2;94;92;93;172;1,8;1;
2022/01/18;0200 UTC;0;983,9;983,9;983,3;;22,9;21,7;23,6;22,9;22,5;21,7;94;93;93;89;1,9;,5;
2022/01/18;0300 UTC;0;984;984;983,8;;22,6;21,6;23,1;22,5;22;21,5;94;93;94;228;1,1;,5;
2022/01/18;0400 UTC;0;983;984;983;;22,3;21,4;22,7;22,3;21,7;21,4;94;94;94;153;1,1;,3;
2022/01/18;0500 UTC;0;982,8;983,1;982,8;;22,4;21,5;22,5;22,2;21,6;21,3;95;94;94;160;1,3;,8;
2022/01/18;0600 UTC;0;982,6;982,8;982,4;;22,2;21,3;22,5;22,2;21,5;21,3;95;94;95;335;1,3;,4;
2022/01/18;0700 UTC;0;982,9;982,9;982,5;;22;21,1;22,2;21,9;21,3;21;95;95;95;18;,9;,3;
2022/01/18;0800 UTC;0;982,9;983,1;982,8;;21,8;20,9;22;21,6;21,1;20,7;95;94;95;307;,9;,2;
2022/01/18;0900 UTC;,2;983,4;983,4;982,9;;22,1;21,3;22,3;21,7;21,4;20,8;95;95;95;119;1,6;,4;
2022/01/18;1000 UTC;0;984,3;984,3;983,4;79,3;22,2;21,4;22,2;21,8;21,4;21;95;95;95;189;1,6;1;
2022/01/18;1100 UTC;0;985,4;985,4;984,3;469,1;23,4;22,6;23,4;22,2;22,6;21,4;95;95;95;162;4,6;1,7;
2022/01/18;1200 UTC;0;986,2;986,3;985,4;978,6;24,4;21,5;24,6;23,4;23,1;21,3;95;83;84;157;7,3;3,4;
2022/01/18;1300 UTC;0;986,3;986,4;986,2;1279,2;24,8;21,3;25;24,3;21,9;21,1;85;80;81;173;5,8;2;
2022/01/18;1400 UTC;0;986;986,3;986;976,9;24,9;20,4;25;24,5;21,4;20,3;82;76;76;143;3,7;1,8;
2022/01/18;1500 UTC;0;985,1;986;985,1;1454,8;25,8;21,1;26,2;24,9;22,1;20,5;80;74;75;125;3;1,8;
2022/01/18;1600 UTC;0;984,7;985,1;984,6;1866;27,3;22,4;27,3;25,6;22,4;20,7;77;72;75;80;3,6;1,8;
2022/01/18;1700 UTC;0;983,9;984,7;983,9;2181,3;28,6;22,3;28,6;27,3;22,8;21,7;75;68;69;76;4;1,7;
2022/01/18;1800 UTC;0;982,6;983,9;982,6;2685,3;30,1;22,5;30,3;28,3;23,4;21,7;72;61;64;95;3,9;1,5;
2022/01/18;1900 UTC;0;981,7;982,6;981,7;2709,9;31,7;23,1;31,7;29,8;23,2;21,4;67;57;60;210;3,8;,7;
2022/01/18;2000 UTC;0;981,6;981,7;981,1;1811,9;31;22,2;32,1;30,6;23,2;21,3;60;55;59;30;3,4;,9;
2022/01/18;2100 UTC;0;981,4;981,6;981,3;905,2;30,4;22,4;31,9;30,4;22,7;21,8;63;57;62;312;2;,8;
2022/01/18;2200 UTC;0;982;982;981,4;97,7;27,3;24,2;30,4;27,3;24,3;22,3;83;62;83;295;1,7;1,2;
2022/01/18;2300 UTC;0;983,3;983,3;982;;27;23,3;27,4;26;24,4;23,3;88;80;80;330;7,8;2,2;
2022/01/19;0000 UTC;;;;;;;;;;;;;;;;;;
2022/01/19;0100 UTC;0;985,1;985,1;983,7;;24;22,5;24,7;24;22,9;22,4;92;89;91;30;2,3;1,1;
2022/01/19;0200 UTC;;;;;;;;;;;;;;;;;;
2022/01/19;0300 UTC;0;985;985,4;985;;23,2;21,5;23,5;23,2;22,1;21,5;92;90;90;311;2,2;1,1;
2022/01/19;0400 UTC;0;984,9;985,1;984,7;;22,8;21,5;23,2;22,8;21,7;21,3;93;90;93;42;1,9;,6;
2022/01/19;0500 UTC;0;985,5;985,6;984,9;;22,6;19,6;23,5;22,6;22,2;19,6;93;82;83;140;12,2;5,8;
2022/01/19;0600 UTC;9,8;986,1;986,3;985,4;1,2;21,3;20,2;22,6;21;20,2;19,3;94;83;93;84;12,2;2,1;
2022/01/19;0700 UTC;1,8;985,6;986,1;985,1;;21,2;20,1;21,4;21,1;20,2;19,8;93;92;93;201;3,9;1,2;
2022/01/19;0800 UTC;,6;984,3;985,6;984,2;;21;19,7;21,3;20,9;20,2;19,6;94;92;92;278;4,1;2,3;
2022/01/19;0900 UTC;0;984,7;984,7;984;;21;19,9;21,1;20,8;19,9;19,6;94;92;93;339;4,1;,7;
2022/01/19;1000 UTC;0;985,8;985,8;984,7;189,4;21,9;20,6;21,9;21;20,6;19,9;94;92;92;91;2,2;,6;
2022/01/19;1100 UTC;0;987,2;987,2;985,8;803;22,7;19,9;22,8;21,9;20,7;19,9;92;84;84;157;3,5;1,8;
2022/01/19;1200 UTC;0;987,4;987,4;987,2;1035,7;23,5;20,7;23,5;22,7;20,8;19,9;87;82;84;136;3,5;1,6;
2022/01/19;1300 UTC;0;987,4;987,6;987,4;1948,5;25,9;21,3;25,9;23,3;21,7;20,3;85;76;76;129;3,6;1,4;
2022/01/19;1400 UTC;0;987,3;987,5;987,3;2908,5;27,3;21,2;27,8;25,9;22,3;21;77;69;69;343;3,7;1,7;
2022/01/19;1500 UTC;0;986,7;987,3;986,7;3601,1;28,7;21,9;29,1;27;22,9;21,2;73;65;67;305;4,2;1,6;
2022/01/19;1600 UTC;0;986;986,7;986;3447,4;29,3;22,3;30;28,7;22,9;21,4;68;61;66;88;5,5;1,6;
2022/01/19;1700 UTC;0;985,4;986;985,4;3207,8;31;21,7;31,4;29,3;23,5;21,5;68;56;58;216;4,1;1,8;
2022/01/19;1800 UTC;0;984,3;985,4;984,3;2993,4;31,6;22,1;31,7;30,4;23,1;21,1;64;55;58;219;4,3;2,1;
2022/01/19;1900 UTC;0;983,1;984,3;983,1;2578,6;31,3;21,4;32,2;30,5;23,3;21,2;63;55;56;185;4,3;1,8;
2022/01/19;2000 UTC;0;982,2;983,1;982,2;2024;31,3;21,7;32,3;30,9;22,4;20,7;59;51;57;183;4,4;1,9;
2022/01/19;2100 UTC;0;982,1;982,2;982;953,2;30,5;22,1;31,3;30,5;22,3;21,1;61;55;61;197;3,9;1,7;
2022/01/19;2200 UTC;0;982,6;982,6;982,1;139,1;27,3;24;30,4;27,3;24,1;22,1;83;61;83;243;2,8;,6;
2022/01/19;2300 UTC;0;983,1;983,1;982,6;;25,7;23;27,2;25,7;24,1;22,9;89;81;85;232;1,6;,7;
2022/01/20;0000 UTC;0;983,9;983,9;983,1;;25,2;23,6;25,7;25,2;23,8;23;92;85;91;191;1,2;,4;
2022/01/20;0100 UTC;0;984,7;984,7;983,9;;24,5;23,1;25,2;24,3;23,6;22,4;92;89;91;243;2,1;,9;
2022/01/20;0200 UTC;0;985,3;985,3;984,7;;25;23,3;25;24,4;23,3;22,5;92;89;90;280;2,2;1,4;
2022/01/20;0300 UTC;1;986;986,4;985,3;;23,7;20,7;25,4;23,6;23,3;20,7;90;83;83;294;8,4;2,7;
2022/01/20;0400 UTC;0;985;986,3;985;;22,5;20,7;23,7;22,5;21;20,2;90;83;90;310;7,3;1,4;
2022/01/20;0500 UTC;0;984,5;985,1;984,5;;22;20,1;22,6;22;20,8;20,1;90;89;89;236;3,1;,9;
2022/01/20;0600 UTC;0;984,8;984,9;984,4;;21,6;20,5;22,1;21,6;20,5;20,1;93;89;93;225;1,8;,3;
2022/01/20;0700 UTC;0;984,6;984,8;984,6;;21,8;20,5;21,8;21,6;20,6;20,4;94;92;92;165;2,4;1,2;
2022/01/20;0800 UTC;0;984,3;984,6;984,2;;21,7;20,3;21,8;21,4;20,5;20;93;92;92;157;2,5;1,3;
2022/01/20;0900 UTC;0;984,4;984,4;984,2;;21;20,1;21,8;21;20,3;19,9;94;91;94;44;2,2;,4;
2022/01/20;1000 UTC;0;985,1;985,2;984,4;210,3;22,1;20,9;22,1;21;21;20;94;93;93;321;2,3;1;
2022/01/20;1100 UTC;0;985,5;985,5;985,1;972,2;24,9;21;25;22,1;21,6;20,6;93;79;79;89;2,3;1;
2022/01/20;1200 UTC;0;985,8;985,8;985,5;1961;27,5;21,2;27,5;24,9;22,2;20,3;81;68;69;77;2,5;,9;
2022/01/20;1300 UTC;0;985,7;985,9;985,7;2736,4;29,3;21,5;29,4;27,5;21,6;20;68;60;63;173;2,5;1;
2022/01/20;1400 UTC;0;985,3;985,7;985,3;3383,6;31;22,3;31;29,3;22,6;21,1;64;58;60;226;3,6;1,1;
2022/01/20;1500 UTC;0;984,7;985,3;984,7;3833,8;31,9;21,4;32;30,7;22,8;20,9;62;53;54;107;4,1;1,5;
2022/01/20;1600 UTC;0;983,6;984,7;983,6;3374,3;31,5;20,9;32,7;31,5;22,3;20;56;49;53;118;3,9;1,2;
2022/01/20;1700 UTC;0;983;983,6;983;3378,1;31,7;21,8;33,2;30,2;22,9;20,5;63;48;56;137;5,9;2,8;
2022/01/20;1800 UTC;0;981,8;983;981,8;3463,3;32,8;20,1;33,3;31,7;22,9;20;58;46;47;311;5,4;1,3;
2022/01/20;1900 UTC;0;980,6;981,8;980,6;2729,6;33,4;18,9;33,8;32,5;22,4;18,9;53;42;42;141;4,3;1,3;
2022/01/20;2000 UTC;0;980,3;980,6;980,3;1757;33,1;19,8;33,8;33;20,6;18,6;49;41;46;105;5,1;1,7;
2022/01/20;2100 UTC;0;980,1;980,3;980,1;914,1;32,1;19,2;33,1;32,1;20,5;18,9;50;43;47;136;3,6;1,3;
2022/01/20;2200 UTC;0;979,7;980,1;979,7;22,6;27,5;23,5;32,1;27,5;23,5;19,6;79;47;79;283;2,1;,2;
2022/01/20;2300 UTC;0;980,8;980,8;979,7;;26,3;23;27,5;26,3;24;23;85;79;82;334;1;,6;
2022/01/21;0000 UTC;0;981,5;981,5;980,8;;25,6;21,2;26,4;25,2;23;20,9;87;73;77;249;2,3;1,3;
2022/01/21;0100 UTC;0;982;982;981,5;;24,8;22,8;25,7;24,8;23;21,3;89;77;88;229;2,2;,4;
2022/01/21;0200 UTC;0;982,5;982,5;982;;24,1;22,6;24,8;24,1;22,8;22,4;91;87;91;229;1,4;,8;
2022/01/21;0300 UTC;0;982,3;982,5;982,3;;23,7;22,1;24,3;23,6;22,7;22,1;92;90;90;227;2,4;1,1;
2022/01/21;0400 UTC;0;981,9;982,5;981,9;;23,5;22;24,5;23,5;22,6;21,9;92;88;91;294;2,9;,8;
2022/01/21;0500 UTC;0;981,5;981,9;981,5;;23,2;22;23,7;23;22,2;21,7;93;90;93;220;1,9;1,4;
2022/01/21;0600 UTC;0;981,4;981,5;981,3;;22,9;21,7;23,4;22,8;22,2;21,5;93;92;93;256;1,9;,8;
2022/01/21;0700 UTC;0;981,2;981,5;981,1;;22,3;21,3;22,9;22,3;21,8;21,3;94;93;94;173;1,6;1,1;
2022/01/21;0800 UTC;0;981,5;981,5;981,1;;22,7;21,7;23;22,3;22;21,3;94;94;94;304;1,9;1,2;
2022/01/21;0900 UTC;0;982,1;982,1;981,5;;22,8;21,8;22,9;22,4;21,9;21,4;94;94;94;292;1,6;,8;
2022/01/21;1000 UTC;0;982,7;982,7;982,1;144,7;23,8;22,7;23,8;22,7;22,7;21,6;94;94;94;218;1,7;,4;
2022/01/21;1100 UTC;0;983,5;983,5;982,7;977,5;26,4;22,8;26,4;23,8;23,3;22,5;94;81;81;124;3,2;1,5;
2022/01/21;1200 UTC;0;983,9;983,9;983,5;1939,1;28,6;22,5;28,7;26,4;23,1;21,6;81;67;70;96;3,2;1,3;
2022/01/21;1300 UTC;0;984,1;984,1;983,9;2725,5;30,6;23;30,6;28,6;23,5;22,1;70;61;64;74;3;1,2;
2022/01/21;1400 UTC;0;983,5;984,1;983,5;3394,1;32,4;19,2;32,6;30,5;23;18,5;64;44;46;63;3,1;1,3;
2022/01/21;1500 UTC;0;982,8;983,5;982,8;3788,2;33,4;19,8;33,8;32,4;22,4;18,7;52;42;45;4;3,2;1;
2022/01/21;1600 UTC;0;982;982,8;982;3507,9;33,6;19,2;34;32,5;21,3;18,8;51;42;43;338;3,3;1,3;
2022/01/21;1700 UTC;0;980,9;982;980,9;3939,3;34,4;19,6;35;33,6;19,7;16,9;45;35;42;3;3,9;1,5;
2022/01/21;1800 UTC;0;979,8;980,9;979,8;3369,9;34,2;19,6;35;33,7;21,7;18,9;48;40;43;211;4,3;2,1;
2022/01/21;1900 UTC;0;979,3;979,8;979,2;2649,9;34,8;18,3;35,2;34;20,4;17,9;45;36;38;219;4;,7;
2022/01/21;2000 UTC;0;978,4;979,3;978,4;1807,8;34,5;18,6;35,2;34;20,5;18;44;37;39;213;4;1,4;
2022/01/21;2100 UTC;0;979,3;979,3;978,4;932;31,8;22,2;34,5;31,8;22,3;17,2;57;37;57;216;6,1;2,9;
2022/01/21;2200 UTC;0;979,5;979,8;979,2;115,6;27,1;20,4;31,8;27,1;22;17,4;67;52;67;179;11,2;1,8;
2022/01/21;2300 UTC;;;;;;;;;;;;;;;;;;
2022/01/22;0000 UTC;;;;;;;;;;;;;;;;;;
2022/01/22;0100 UTC;;;;;;;;;;;;;;;;;;
2022/01/22;0200 UTC;0;982,6;982,7;982,1;;24,4;21,6;25,3;24,4;21,6;21,3;84;79;84;67;3;,9;
2022/01/22;0300 UTC;0;982,2;982,7;982,2;;24,5;21,3;24,6;24,3;21,7;21,3;85;82;83;136;2,2;1,4;
2022/01/22;0400 UTC;0;981,8;982,2;981,8;;23,4;21,5;24,5;23,4;21,5;21,1;89;82;89;302;2,1;,6;
2022/01/22;0500 UTC;0;981,3;981,8;981,3;;23,1;21,3;23,5;23,1;21,5;21,3;90;88;90;244;2,4;,7;
2022/01/22;0600 UTC;0;981,1;981,4;981;;23,1;21,6;23,2;22,8;21,6;21,1;91;90;91;195;1,9;,8;
2022/01/22;0700 UTC;0;981;981,2;980,9;;23,3;21,9;23,3;23;22;21,5;92;91;92;88;1,4;,5;
2022/01/22;0800 UTC;0;980,8;981;980,7;;23,2;21,4;23,5;23,2;22;21,4;92;90;90;208;1,6;,8;
2022/01/22;0900 UTC;0;981,6;981,6;980,9;;22,9;21,6;23,2;22,6;21,6;21,2;93;89;92;130;2,1;1,4;
2022/01/22;1000 UTC;0;982,3;982,3;981,6;226,4;24,5;21,7;24,6;22,9;22;21,3;92;84;85;137;2,7;1,3;
2022/01/22;1100 UTC;0;982,6;982,6;982,3;1002,3;26,4;21,8;26,5;24,5;22,4;21,6;85;76;76;128;4,5;2,6;
2022/01/22;1200 UTC;0;983;983;982,6;1918,5;28,3;22,2;28,4;26,4;22,6;21,5;77;69;69;144;4,2;1,8;
2022/01/22;1300 UTC;0;983,1;983,1;982,9;2725;30,1;21,8;30,2;28,1;22,9;21,8;72;61;61;150;5,1;2,8;
2022/01/22;1400 UTC;0;982,8;983,1;982,8;3386,1;31,4;22,2;31,4;29,8;22,6;21,4;63;56;58;133;5,9;2,7;
2022/01/22;1500 UTC;0;982,2;982,8;982,2;3762,5;33;21,7;33,2;31,3;22,7;21,1;59;50;52;90;5,9;2,8;
2022/01/22;1600 UTC;0;981,4;982,2;981,4;3654,9;33,2;20,6;34,2;32,9;22,9;20,4;53;45;48;85;5,3;2,6;
2022/01/22;1700 UTC;0;980,5;981,4;980,5;1495,7;30,5;20,2;34,3;30,2;22,4;19,5;56;44;54;150;7,1;3,5;
2022/01/22;1800 UTC;0;979,5;980,5;979,5;2872,5;34,2;19,4;34,2;29,6;20,4;18,8;56;41;42;156;7,1;2,5;
2022/01/22;1900 UTC;0;978,6;979,5;978,6;2095,8;32,4;21;34,9;32,4;21,6;18,4;54;39;51;114;4,5;1,6;
2022/01/22;2000 UTC;0;977,9;978,6;977,9;1843,7;34,3;18,5;34,3;32,4;22,1;18;52;39;39;137;4,8;1,1;
2022/01/22;2100 UTC;0;978;978,1;977,8;946,2;32,9;20,4;34,6;32,9;20,9;18,5;49;39;48;146;3,1;1,5;
2022/01/22;2200 UTC;0;978,4;978,4;978;138,6;29,5;22,4;32,9;29,5;22,6;20,2;65;47;65;195;2,4;,7;
2022/01/22;2300 UTC;0;979,2;979,2;978,4;;28,1;21,8;29,5;27,8;23;21,7;73;65;69;180;1,5;,9;
2022/01/23;0000 UTC;0;979,9;979,9;979,2;;26,5;23,1;28,2;26,5;23,4;21,7;83;68;82;104;1,4;,5;
2022/01/23;0100 UTC;0;980,7;980,7;979,9;;25,4;23;26,5;25,3;23,1;22;87;77;86;18;1;,6;
2022/01/23;0200 UTC;0;980,8;980,9;980,7;;25,2;23;25,6;24,7;23,1;22,2;90;84;88;338;2,1;1,2;
2022/01/23;0300 UTC;0;980,4;980,8;980,3;;24,5;22,4;25,3;24,5;23;22,3;88;85;88;211;2,1;,7;
2022/01/23;0400 UTC;0;980;980,4;980;;23,9;22,5;24,5;23,7;22,7;22,1;92;88;92;223;2,6;,5;
2022/01/23;0500 UTC;0;979,7;980,1;979,6;;23,5;22;24;23,5;22,7;22;92;91;91;333;1,8;,6;
2022/01/23;0600 UTC;0;980,4;980,4;979,6;;24,7;22,1;24,7;23,3;23;21,9;94;85;86;57;3,2;1,6;
2022/01/23;0700 UTC;0;980,1;980,4;980;;23,8;21,7;24,8;23,8;22,1;21,6;88;85;88;57;2,8;1;
2022/01/23;0800 UTC;0;980,3;980,3;980;;23,2;21,5;23,7;23,2;21,9;21,4;90;88;90;60;1,6;,6;
2022/01/23;0900 UTC;0;980,9;980,9;980,3;;22,7;21,4;23,2;22,6;21,8;21,1;93;90;92;95;2,2;1;
2022/01/23;1000 UTC;0;981,3;981,4;980,9;164,8;24,4;21,6;24,4;22,7;21,7;21,3;92;85;85;32;3;1,8;
2022/01/23;1100 UTC;0;981,9;981,9;981,3;992,9;27,1;22,8;27,1;24,4;22,8;21,6;85;76;77;43;4,4;1,2;
2022/01/23;1200 UTC;0;982,4;982,4;981,9;1941,4;29,4;21,4;29,4;27,1;23;21,3;78;62;62;55;2,4;1;
2022/01/23;1300 UTC;0;982,6;982,7;982,4;2656,2;31;21,6;31;29,3;22,8;20,9;65;57;57;72;3,3;1,3;
2022/01/23;1400 UTC;0;982,7;982,7;982,5;3374,4;32,4;22,3;32,4;30,6;23,5;21,2;62;55;55;141;3,5;,9;
2022/01/23;1500 UTC;0;982,3;982,7;982,3;2797,7;33,2;22;33,2;30,9;22,9;20,7;62;49;52;126;3,2;,9;
2022/01/23;1600 UTC;0;981,2;982,3;981,2;3920,8;33,4;20,5;33,7;32,3;22,5;19,6;54;45;47;58;3,5;1,4;
2022/01/23;1700 UTC;,6;980,9;981,3;980,7;2549,9;29,8;22,5;34,2;29,8;23;18,8;65;42;65;146;6,9;2,4;
2022/01/23;1800 UTC;0;980,1;980,9;980,1;2613,4;31,3;22,5;31,6;27,5;22,8;20,9;74;57;60;228;8,1;3,4;
2022/01/23;1900 UTC;0;979,4;980,1;979,2;2013;32,1;21,5;33,3;30,5;22,8;20,3;62;48;54;207;6,2;1,9;
2022/01/23;2000 UTC;,8;978,6;979,7;978,5;923,6;31,9;22,8;32,1;24,7;24,3;20;82;54;59;207;10,2;,8;
2022/01/23;2100 UTC;0;978,6;978,9;978,5;854;31;22,6;33,7;31;23,3;19,4;63;45;61;57;1,5;,3;
2022/01/23;2200 UTC;0;979;979;978,5;91,1;27,6;23,6;31;27,6;25,4;21,9;82;59;79;261;1,1;,8;
2022/01/23;2300 UTC;0;979,5;979,5;978,9;;26,2;24;27,6;26,1;24,2;22,5;88;78;88;286;1,7;1;
2022/01/24;0000 UTC;0;980,4;980,5;979,5;;26,1;22,7;26,9;26;24,1;22,5;88;78;82;314;3,9;1,4;
2022/01/24;0100 UTC;0;981,3;981,3;980,4;;25,2;22,5;26;25;23;22,3;87;81;85;324;2,7;1;
2022/01/24;0200 UTC;0;981,8;981,8;981,3;;24,1;22,1;25,2;24,1;22,5;22;88;85;88;238;2,5;,7;
2022/01/24;0300 UTC;0;981,2;981,8;981,2;;23,9;22,4;24,3;23,8;22,4;22,1;92;88;92;280;1,3;,1;
2022/01/24;0400 UTC;0;980,9;981,3;980,9;;23,5;22,3;23,9;23,3;22,5;22;93;91;93;4;1,9;,7;
2022/01/24;0500 UTC;0;980,4;981;980,4;;23,5;22,4;23,7;23,2;22,4;22;94;92;94;63;1,9;1,2;
2022/01/24;0600 UTC;0;980,5;980,5;980,3;;23,7;22,1;23,7;23,4;22,5;22;94;91;91;121;1,8;,9;
2022/01/24;0700 UTC;0;980,7;980,7;980,5;;23;21,7;23,7;22,9;22,1;21,7;93;91;92;306;1,8;,6;
2022/01/24;0800 UTC;0;981,4;981,4;980,7;;23,1;22;23,1;22,8;22;21,5;94;92;94;13;1,6;,8;
2022/01/24;0900 UTC;,6;981,8;981,8;981,4;;23,3;22,1;23,5;23,1;22,3;22;94;92;93;120;1,7;,9;
2022/01/24;1000 UTC;0;982,9;982,9;981,8;142,7;24,3;22,8;24,3;23,1;23;21,9;94;91;91;154;1,5;,3;
2022/01/24;1100 UTC;0;983,4;983,4;982,9;726,4;26,3;22,5;26,3;24,1;22,9;21,8;91;79;80;167;2,1;1,2;
2022/01/24;1200 UTC;4,2;983,8;984,1;983,3;425,4;24,4;22,6;26,3;24,4;22,7;21,9;90;78;90;243;5,1;,9;
2022/01/24;1300 UTC;1,8;984,3;984,3;983,8;1638,4;26,4;23,1;26,6;24,4;23,7;22,3;91;81;82;162;2,8;1,5;
2022/01/24;1400 UTC;1,6;983,5;984,5;983,5;572,7;25,2;22,7;26,4;24,4;23,2;22,3;90;80;86;244;4,1;,9;
2022/01/24;1500 UTC;0;982,1;983,5;982,1;3592,8;28,7;22,7;28,8;25,1;24,2;22,2;88;68;70;259;3,5;1,3;
2022/01/24;1600 UTC;0;981,7;982,1;981,7;3881,4;30,9;23,1;31;28,7;23,6;21,4;71;58;63;259;4,4;1,8;
2022/01/24;1700 UTC;0;980,6;981,7;980,6;3760,1;31,7;22;31,8;30,5;23,9;21,5;66;56;57;263;4,5;2;
2022/01/24;1800 UTC;0;979,8;980,6;979,8;3347,5;32,3;21,8;32,5;31,2;23;21;59;52;54;225;5;2;
2022/01/24;1900 UTC;0;978,5;979,9;978,5;2417,4;31,6;21,8;33,2;31,6;22,8;20,5;58;50;56;235;4,1;2,2;
2022/01/24;2000 UTC;0;979,2;979,2;978,3;1564,6;31,4;22,2;32,1;31,4;23,1;21,6;62;54;58;234;4,9;1,6;
2022/01/24;2100 UTC;13;979,9;980,4;978,9;513,1;23,1;20,6;31,4;22,9;23,7;20,2;92;57;86;259;8,1;2,9;
2022/01/24;2200 UTC;,2;981,2;981,4;979,8;14,2;22,8;20,5;23,2;22,5;20,8;20;88;82;87;281;6,9;1,7;
2022/01/24;2300 UTC;,2;981,5;981,7;981,1;;22,7;21;22,9;22,6;21,1;20,4;91;87;90;334;3,8;,8;
2022/01/25;0000 UTC;;;;;;;;;;;;;;;;;;
2022/01/25;0100 UTC;0;982,3;982,3;981,8;;23,1;21,8;23,1;22,9;21,8;21,3;93;90;93;57;2,9;,7;
2022/01/25;0200 UTC;;;;;;;;;;;;;;;;;;
2022/01/25;0300 UTC;0;982,8;982,8;982,1;;23;21,8;23;22,7;21,8;21,3;93;91;93;124;3,4;1,2;
2022/01/25;0400 UTC;0;982,3;982,8;982,2;;23,1;21,7;23,2;23;22;21,7;93;92;92;121;3,4;1,4;
2022/01/25;0500 UTC;0;981,5;982,5;981,5;;23,3;21,6;23,4;23;21,8;21,6;92;90;90;106;4,4;,9;
2022/01/25;0600 UTC;0;981,3;981,5;981,3;;22,7;20,8;23,3;22,6;21,6;20,7;91;89;89;58;2,7;,9;
2022/01/25;0700 UTC;0;981,3;981,4;981,2;;22,3;20,9;22,7;22,3;21;20,5;92;88;92;205;2,1;,5;
2022/01/25;0800 UTC;0;981,2;981,4;981,2;;22,4;21,1;22,5;22,3;21,3;20,9;93;92;92;128;1,7;1,1;
2022/01/25;0900 UTC;0;981,6;981,6;981,2;;22,6;21,1;22,6;22,4;21,2;21;92;91;91;153;3;1,4;
2022/01/25;1000 UTC;0;983,2;983,2;981,6;132,7;22,9;21,1;22,9;22,5;21,2;21;92;89;90;98;2,9;,9;
2022/01/25;1100 UTC;0;983,8;983,8;983,2;928,6;25,1;21,9;25,1;22,9;22;21;90;81;83;88;3,1;1,7;
2022/01/25;1200 UTC;0;984,5;984,5;983,8;995;25;21,8;25,1;24,4;22;21,2;84;80;82;91;4;1,8;
2022/01/25;1300 UTC;0;985;985;984,5;865,1;25,7;22,4;25,8;25;22,6;21,7;83;80;82;99;3,8;2;
2022/01/25;1400 UTC;0;984,8;985;984,8;1055,7;24,5;21,5;25,8;24,4;22,4;20,3;84;76;84;120;4,6;1,5;
2022/01/25;1500 UTC;0;983,8;984,8;983,8;2015,5;27,7;22,3;28;24,5;22,5;20,9;84;68;72;89;5,9;2,7;
2022/01/25;1600 UTC;0;982,1;983,8;982,1;3091,4;29,4;22;29,6;27,3;22,9;21;73;60;65;90;5,5;2,1;
2022/01/25;1700 UTC;0;981;982,1;981;3602,6;30;20,7;30,5;29,2;22,2;19,7;66;54;58;6;5;2,5;
2022/01/25;1800 UTC;0;980,4;981;980,4;3325,7;30,9;21,1;30,9;29,8;22;19,9;60;53;56;315;5,4;2,1;
2022/01/25;1900 UTC;0;979,2;980,3;979,2;2573,3;30,7;20,7;31,6;30,1;22,6;20,7;63;54;55;331;4,6;1,7;
2022/01/25;2000 UTC;0;979,2;979,3;979;1900,4;30,8;21,3;31,2;30,1;22;20,5;61;54;57;290;5,9;1,8;
2022/01/25;2100 UTC;0;979,7;979,8;979,2;619,2;28,4;22,3;30,8;28,4;22,7;20,3;71;54;69;347;4,2;,8;
2022/01/25;2200 UTC;0;980,4;980,4;979,7;64,5;26,7;23,6;28,4;26,7;23,7;21,9;83;68;83;296;1,6;,8;
2022/01/25;2300 UTC;0;981,4;981,4;980,4;;25,9;22,6;26,7;25,4;23,7;22,6;86;82;82;1;2,9;2;
2022/01/26;0000 UTC;0;983,1;983,1;981,4;;24,1;20,2;25,9;24,1;22,8;20,2;84;77;79;2;11,9;4,5;
2022/01/26;0100 UTC;0;983,5;983,5;983;;23;20,5;24,1;23;20,6;20,1;86;79;86;335;8,8;2,3;
2022/01/26;0200 UTC;0;983,5;983,8;983,5;;22,5;20,9;23;22,5;20,9;20,6;91;86;91;313;4,8;1,1;
2022/01/26;0300 UTC;0;983,3;983,5;983,3;;22,3;21,1;22,5;22,2;21,2;20,8;93;91;93;66;2,2;,3;
2022/01/26;0400 UTC;0;982,6;983,3;982,6;;22,2;21,1;22,3;22,1;21,1;21;94;93;93;112;1,5;,6;
2022/01/26;0500 UTC;0;982,2;982,6;982,2;;22,1;21,1;22,2;22,1;21,2;21;94;93;94;132;1,5;,7;
2022/01/26;0600 UTC;0;982,2;982,3;982;;22;21;22,1;21,8;21,1;20,7;94;94;94;99;1,8;,6;
2022/01/26;0700 UTC;0;982,1;982,3;982,1;;22;20,9;22;21,9;21;20,8;94;93;94;130;1,5;,4;
2022/01/26;0800 UTC;0;982,1;982,3;982;;22;20,8;22,1;22;21,1;20,8;94;93;93;100;1,7;,3;
2022/01/26;0900 UTC;0;982,8;982,8;982,1;;22,1;21,1;22,2;21,9;21,1;20,8;94;93;94;36;,8;,3;
2022/01/26;1000 UTC;,2;983,3;983,3;982,8;31,1;22,4;20,8;22,4;22,1;21,2;20,8;94;91;91;101;2,5;1,2;
2022/01/26;1100 UTC;0;983,7;983,7;983,3;257,4;23;21;23;22,3;21;20,5;92;88;88;136;2,5;1,1;
2022/01/26;1200 UTC;0;984,4;984,5;983,6;1025,6;24,2;20,9;24,2;23;21,4;20,1;88;79;82;145;3;2;
2022/01/26;1300 UTC;0;984,6;984,6;984,4;1562,4;26,4;21,1;26,4;24,2;21,4;20,3;82;71;73;184;3,9;1;
2022/01/26;1400 UTC;0;984,2;984,7;984,2;2310;28,2;21,9;28,2;26,2;22,1;20,6;75;68;69;109;3,3;1;
2022/01/26;1500 UTC;0;983,4;984,2;983,4;2751;29,1;20,5;29,7;28,2;22,9;20;69;58;60;130;2,8;1,3;
2022/01/26;1600 UTC;0;982;983,4;982;2950,7;30,2;20,2;30,8;29;21,7;19,7;63;53;55;328;3,5;1,4;
2022/01/26;1700 UTC;0;981,1;982;981,1;2750,9;30,9;19,5;31,7;30;21,2;18,9;57;49;51;226;3,5;1,5;
2022/01/26;1800 UTC;0;980,3;981,1;980,3;2336,5;31,2;20,4;31,6;30,4;20,8;19;55;48;53;91;2,9;1,4;
2022/01/26;1900 UTC;0;980,1;980,3;979,8;1444,5;29,8;21,4;31,3;29,8;21,4;19,6;61;51;61;115;3,2;1,7;
2022/01/26;2000 UTC;0;980,6;980,9;980,1;912,1;24,6;19,9;29,8;24,6;21,6;19,6;77;60;75;83;8,8;4;
2022/01/26;2100 UTC;0;981,2;981,2;980,5;456;24,1;20,5;24,5;23,8;20,7;19,8;82;75;80;64;8,4;2,3;
2022/01/26;2200 UTC;0;982,2;982,2;981,2;42,6;23,9;20,6;24,2;23,8;20,7;20,3;83;80;82;327;4,6;1;
2022/01/26;2300 UTC;0;982,3;982,4;982;;23,4;21,2;24;23,4;21,3;20,6;88;81;87;246;2,4;,7;
2022/01/27;0000 UTC;;;;;;;;;;;;;;;;;;
2022/01/27;0100 UTC;;;;;;;;;;;;;;;;;;
2022/01/27;0200 UTC;0;983,9;983,9;983,3;;22,9;21,6;22,9;22,6;21,6;21,1;93;90;93;105;2;1,2;
2022/01/27;0300 UTC;0;983,9;984;983,8;;22,9;21,5;23;22,8;21,7;21,4;93;92;92;268;2,1;,5;
2022/01/27;0400 UTC;0;983,7;983,9;983,6;;22,9;21,6;22,9;22,8;21,7;21,5;93;92;93;161;1,7;,1;
2022/01/27;0500 UTC;0;982,8;983,7;982,8;;22,7;21,7;22,9;22,6;21,8;21,5;94;93;94;351;1,5;,3;
2022/01/27;0600 UTC;0;982,2;982,8;982,2;;22,6;21,6;22,7;22,4;21,7;21,4;94;94;94;154;1,1;,7;
2022/01/27;0700 UTC;0;981,8;982,3;981,8;;22,5;21,4;22,6;22,4;21,6;21,3;94;94;94;146;2,3;1;
2022/01/27;0800 UTC;0;982,1;982,1;981,8;;22,5;21,4;22,6;22,5;21,5;21,3;94;93;93;147;2,1;,8;
2022/01/27;0900 UTC;0;982,5;982,5;982,1;;22,4;21,3;22,5;22,4;21,4;21,2;94;93;93;155;2,1;,8;
2022/01/27;1000 UTC;0;983;983;982,5;106,1;22,7;21,1;22,7;22,4;21,3;20,9;93;91;91;174;3,2;1;
2022/01/27;1100 UTC;0;983,6;983,6;983;351,7;23,3;21,4;23,3;22,7;21,5;21;91;89;89;81;2,3;,7;
2022/01/27;1200 UTC;0;983,9;983,9;983,6;1513,8;26,3;21,9;26,3;23,3;22,4;21,2;89;77;77;120;3,8;2,1;
2022/01/27;1300 UTC;0;984,2;984,3;983,9;1498,2;26,9;21,9;26,9;25,6;22,2;21,1;79;74;74;144;4,1;1,4;
2022/01/27;1400 UTC;0;984,1;984,3;984,1;2465,8;28,1;21,8;28,2;26,4;22,4;21;76;69;69;120;4,1;1,1;
2022/01/27;1500 UTC;0;983,7;984,1;983,7;1773;28,8;21;28,8;27,4;21,9;20,4;71;62;63;78;3,2;1,4;
2022/01/27;1600 UTC;0;982;983,7;982;2689;29,1;20,9;29,8;28,7;21,5;20;63;58;61;351;4,1;1,6;
2022/01/27;1700 UTC;0;980,6;982;980,6;3285,1;30,7;20,5;31;28,9;22,6;20,5;64;54;55;9;4,5;2,2;
2022/01/27;1800 UTC;1;980,2;980,6;980,2;1539,4;26,3;23;31;25,7;23;20,1;84;54;82;105;7,9;1,3;
2022/01/27;1900 UTC;0;979,8;980,4;979,8;569;24,7;20,6;26,6;24,6;23,4;20,4;83;74;78;125;6,5;2,7;
2022/01/27;2000 UTC;0;980,8;981;979,6;262,7;23,9;20,6;25;23,9;21,3;20,5;83;78;82;68;9,3;4,4;
2022/01/27;2100 UTC;0;981,3;981,4;980,8;96,5;22,8;20;23,9;22,8;20,8;19,9;85;82;84;17;8,8;3,4;
2022/01/27;2200 UTC;1,4;981,5;981,5;981,1;11,6;22,3;20,8;22,8;22,2;20,9;19,9;92;84;92;99;6,9;1,1;
2022/01/27;2300 UTC;0;982;982;981,3;;22,5;21,2;22,5;22,2;21,3;20,8;93;92;92;215;2,3;,3;
2022/01/28;0000 UTC;0;982,9;982,9;982;;22,7;21,4;22,7;22,5;21,4;21,2;93;92;93;152;1,8;,6;
2022/01/28;0100 UTC;;;;;;;;;;;;;;;;;;
2022/01/28;0200 UTC;;;;;;;;;;;;;;;;;;
2022/01/28;0300 UTC;0;983;983,6;983;;21,7;20,7;22,1;21,7;20,8;20,5;94;92;94;178;1,6;,7;
2022/01/28;0400 UTC;0;982,5;983;982,5;;21,8;20,7;21,9;21,7;20,9;20,7;94;94;94;320;1,6;,8;
2022/01/28;0500 UTC;0;981,6;982,5;981,6;;21,9;20,8;21,9;21,7;20,9;20,7;94;94;94;262;2,6;,7;
2022/01/28;0600 UTC;0;981,4;981,7;981,4;;21,8;20,8;21,9;21,8;20,9;20,8;94;94;94;6;1,2;,3;
2022/01/28;0700 UTC;,2;981,2;981,5;981,1;;21,8;20,9;21,9;21,7;21;20,8;95;94;95;251;,7;,3;
2022/01/28;0800 UTC;0;981,6;981,7;981,2;;22,3;21,3;22,3;21,8;21,3;20,9;95;94;95;135;1,3;,8;
2022/01/28;0900 UTC;0;981,4;981,7;981,4;;22;21;22,3;22;21,4;21;95;94;94;342;1,3;,6;
2022/01/28;1000 UTC;0;981,8;981,9;981,4;174,1;22,8;21,7;22,9;21,6;21,9;20,7;94;93;93;78;1,3;,3;
2022/01/28;1100 UTC;0;982,4;982,4;981,7;843,4;23,7;21,3;24;22,7;21,7;21,1;93;85;86;78;3;1,4;
2022/01/28;1200 UTC;0;983,2;983,2;982,4;1340,1;24,5;20,8;25;23,6;21,9;20,4;87;77;80;356;2,3;1,1;
2022/01/28;1300 UTC;0;983,2;983,3;983,1;1939;26;20,8;27;24,5;22,2;20,7;81;71;73;320;3,6;1,8;
2022/01/28;1400 UTC;0;982,9;983,3;982,9;2351,7;27;21,3;28,1;26;21,8;20,2;76;65;71;1;3,9;1,9;
2022/01/28;1500 UTC;0;982,1;983;982,1;2911,1;27,9;21,2;28,8;26,8;22,1;20,5;72;63;67;324;4,3;2;
2022/01/28;1600 UTC;0;980,8;982,1;980,8;3664,4;30,1;21,2;30,1;27,9;21,8;19,9;68;57;59;11;4,5;2;
2022/01/28;1700 UTC;0;979,6;980,8;979,6;3409,7;30,4;20,3;30,8;29,5;21,4;20;60;54;55;263;5;1,4;
2022/01/28;1800 UTC;0;978,7;979,6;978,7;2397,8;30,3;20,6;31,6;30,1;21,7;19,5;58;52;56;46;3,8;1,6;
2022/01/28;1900 UTC;8;979,2;979,4;978,6;625,8;22,9;20,6;30,4;22,3;21,5;20;91;54;87;35;13,1;1,3;
2022/01/28;2000 UTC;,4;979,8;979,9;978,8;403,2;23,7;20,6;23,7;22,8;21,8;20,3;90;83;83;67;7;3,2;
2022/01/28;2100 UTC;0;979,7;979,9;979,5;518,6;23;18,9;23,8;22,7;20,9;18,9;85;78;78;61;10,6;3,9;
2022/01/28;2200 UTC;0;979,8;979,9;979,5;87,6;22,4;18,9;23,1;22,3;19,1;18,6;82;76;81;38;7,3;2,8;
2022/01/28;2300 UTC;0;980,3;980,3;979,8;;21,9;19,3;22,4;21,9;19,5;19;86;81;86;64;5,1;,9;
2022/01/29;0000 UTC;0;981;981;980,3;;21,4;19,5;21,9;21,4;19,7;19,3;89;86;89;241;2,8;,6;
2022/01/29;0100 UTC;0;981,7;981,7;981;;21,2;19,7;21,4;21,1;19,9;19,6;92;89;91;93;2,7;1,4;
2022/01/29;0200 UTC;0;982,3;982,3;981,6;;21,3;19,8;21,3;21,1;19,8;19,5;92;91;92;104;3;1;
2022/01/29;0300 UTC;0;982;982,3;982;;21,2;19,6;21,4;21,1;19,8;19,5;92;90;91;143;2,5;1,2;
2022/01/29;0400 UTC;0;981,4;982,1;981,4;;21,1;19,4;21,3;21;19,7;19,3;91;89;90;128;3,1;1,1;
2022/01/29;0500 UTC;0;981,3;981,4;981,3;;20,8;19,4;21,1;20,8;19,4;19,4;92;90;92;86;2,7;1;
2022/01/29;0600 UTC;0;981;981,3;981;;21;19,6;21;20,8;19,6;19,4;92;91;92;95;2,8;1;
2022/01/29;0700 UTC;0;980,6;981;980,6;;20,9;19,4;21,1;20,9;19,7;19,4;92;91;91;93;2,3;1,1;
2022/01/29;0800 UTC;0;980,9;980,9;980,5;;20,7;19,5;20,9;20,7;19,6;19,4;93;91;93;86;1,8;,6;
2022/01/29;0900 UTC;0;981,7;981,7;980,9;;20,6;19,5;21;20,5;19,7;19,3;93;92;93;204;2;,2;
2022/01/29;1000 UTC;0;982,4;982,4;981,7;136,9;21,8;20,1;21,8;20,6;20,1;19,5;93;90;90;117;1;,5;
2022/01/29;1100 UTC;0;983;983;982,4;412;22,6;20;22,7;21,8;20,3;19,6;90;85;85;76;2,2;,6;
2022/01/29;1200 UTC;0;983,6;983,6;983;1179,1;25;20,9;25;22,5;21,3;19,8;86;78;78;68;3,2;1,6;
2022/01/29;1300 UTC;0;983,8;983,8;983,6;2214;26,8;21,1;26,8;25;21,7;20,4;79;70;71;14;4,8;2,5;
2022/01/29;1400 UTC;0;983,5;983,8;983,5;3109,9;28,4;21,5;28,5;26,5;22,2;20,4;73;65;66;36;6,5;3,3;
2022/01/29;1500 UTC;0;982,9;983,6;982,9;3073,2;29;21,2;29;27,6;22,1;20,4;70;63;63;39;6,8;2,1;
2022/01/29;1600 UTC;0;981,8;982,9;981,8;3233,8;29,6;21,7;30;28,3;22,4;20,3;66;58;63;19;6,7;2,9;
2022/01/29;1700 UTC;0;980,6;981,8;980,6;2314;27,6;21,2;30,9;27,6;22;19,6;68;52;68;327;6,3;2,7;
2022/01/29;1800 UTC;0;979,2;980,6;979,2;3021,1;30,3;20,7;30,9;27,6;21,9;19,5;69;52;57;37;7,7;3,6;
2022/01/29;1900 UTC;0;978,5;979,2;978,5;1825,3;30,4;20,7;31;29,3;21,5;19,7;60;52;57;19;6,7;2,8;
2022/01/29;2000 UTC;0;978,1;978,6;978,1;1798,9;30,5;20,1;31;30,4;20,8;19,2;57;50;54;11;5,9;2,5;
2022/01/29;2100 UTC;0;978,5;978,5;978,1;867,4;29,6;20,2;30,5;29,6;20,7;19,8;58;53;57;8;6;2,3;
2022/01/29;2200 UTC;0;979,6;979,6;978,5;82,7;26,8;22,5;29,6;26,8;22,5;20,1;77;57;77;13;4,4;1,2;
2022/01/29;2300 UTC;;;;;;;;;;;;;;;;;;
2022/01/30;0000 UTC;0;982;982;980,7;;25,1;21,4;26;25,1;21,6;21,2;80;76;80;315;5,5;1,2;
2022/01/30;0100 UTC;1,8;983,6;983,6;981,9;;23;21;25,2;23;21,9;20,8;89;80;89;340;6,5;3,3;
2022/01/30;0200 UTC;;;;;;;;;;;;;;;;;;
2022/01/30;0300 UTC;0;983,5;983,6;983,4;;23,1;22;23,3;23,1;22,1;21,7;93;91;93;83;2,7;1,6;
2022/01/30;0400 UTC;0;983,1;983,6;983,1;;23,3;22;23,3;23,1;22,1;21,9;94;92;92;58;2,7;,7;
2022/01/30;0500 UTC;0;982,5;983,1;982,5;;23,2;21,6;23,4;23,1;22;21,6;92;91;91;86;2,3;,9;
2022/01/30;0600 UTC;0;982,2;982,6;982,1;;23;21,1;23,3;23;21,7;21,1;91;89;90;40;2,5;1,3;
2022/01/30;0700 UTC;0;981,9;982,2;981,9;;22,5;21,2;23;22,5;21,2;21,1;93;90;93;92;2,1;,8;
2022/01/30;0800 UTC;0;982,1;982,1;981,9;;22,3;20,7;22,6;22,3;21,3;20,5;93;88;90;83;2,7;,9;
2022/01/30;0900 UTC;0;982,2;982,2;982,1;;22,2;20,5;22,4;22,1;20,8;20,5;91;90;90;94;2,8;1,2;
2022/01/30;1000 UTC;0;983,2;983,2;982,2;220,2;23,2;20,9;23,2;22;21,1;20,4;91;86;87;92;2,3;1,2;
2022/01/30;1100 UTC;0;984,1;984,1;983,2;736,6;24,2;21,6;24,2;23,2;21,6;20,7;87;83;85;77;2,3;,8;
2022/01/30;1200 UTC;0;984,5;984,5;984,1;1525,3;26,2;21,4;26,3;24,2;22,2;21,2;86;75;75;16;4,2;2,5;
2022/01/30;1300 UTC;0;984,7;984,7;984,5;2304,6;27,7;20,3;27,7;26,2;21,9;19,6;76;62;64;25;7;3,6;
2022/01/30;1400 UTC;0;984,6;984,8;984,6;2753,8;28,2;20,1;28,5;27,5;21;19,2;64;58;62;15;7;2,9;
2022/01/30;1500 UTC;0;984;984,6;984;3026,3;29,6;20,8;29,7;28,1;21,5;19,5;65;56;59;39;7,7;2,8;
2022/01/30;1600 UTC;0;983;984;983;3696,7;29,5;20,3;30,1;28,9;21;19,5;61;56;58;45;6;3,1;
2022/01/30;1700 UTC;0;982,1;983;982,1;2632,6;30;20,5;30;29,4;21,4;19,3;61;53;57;5;6,2;3,1;
2022/01/30;1800 UTC;0;980,9;982,1;980,9;2743,5;29,9;20,5;30,8;29,6;20,8;19,2;58;51;57;11;6,5;3,7;
2022/01/30;1900 UTC;0;979,7;980,9;979,7;2483,9;30,4;20,5;30,7;29,8;20,9;19,7;58;54;56;344;6,2;3;
2022/01/30;2000 UTC;0;979,3;979,7;979,3;1531;30;20,2;30,7;29,9;21,2;19,8;58;53;56;351;5,3;2,4;
2022/01/30;2100 UTC;0;979,7;979,7;979,3;350,3;28,4;21,2;30;28,2;21,6;20,4;66;56;65;308;4,4;1,4;
2022/01/30;2200 UTC;0;980,7;980,7;979,7;102;27;21,6;28,7;27;22;21;73;64;72;315;2,9;1,3;
2022/01/30;2300 UTC;;;;;;;;;;;;;;;;;;
2022/01/31;0000 UTC;;;;;;;;;;;;;;;;;;
2022/01/31;0100 UTC;;;;;;;;;;;;;;;;;;
2022/01/31;0200 UTC;0;984;984,4;983,9;;23,4;21,4;24,5;23,4;21,7;21,4;88;84;88;246;6,6;2;
2022/01/31;0300 UTC;0;983,5;984;983,5;;22,9;21,5;23,4;22,9;21,5;21,3;92;88;92;136;3,8;,9;
2022/01/31;0400 UTC;0;982,8;983,5;982,8;;22,6;21,3;23,2;22,6;21,7;21,2;92;90;92;203;2,1;1,1;
2022/01/31;0500 UTC;0;982,9;983;982,7;;22,6;21,5;22,8;22,4;21,6;21,2;93;92;93;98;1,8;,4;
2022/01/31;0600 UTC;0;982,6;982,9;982,4;;22,8;21,6;22,8;22,6;21,7;21,4;94;93;93;97;1,3;,8;
2022/01/31;0700 UTC;0;982,5;982,7;982,4;;23;21,8;23,1;22,8;21,8;21,6;93;92;93;145;1,3;,3;
2022/01/31;0800 UTC;0;983;983;982,5;;22,9;21,8;23;22,9;21,9;21,8;93;93;93;2;2,3;1,1;
2022/01/31;0900 UTC;1,2;983,6;983,6;983;;23,1;21,9;23,1;22,9;22;21,8;93;93;93;28;2,8;1,3;
2022/01/31;1000 UTC;4,8;984,7;984,7;983,6;7,2;21,5;20,4;23,2;21,5;22;20,3;94;91;94;74;7,5;1,5;
2022/01/31;1100 UTC;7;985,6;985,6;984,7;28,5;21,5;20,4;21,5;21,4;20,5;20,4;94;94;94;45;3,3;1,3;
2022/01/31;1200 UTC;2,4;986,5;986,5;985,6;111;21,5;20,4;21,5;21,4;20,4;20,2;94;93;93;66;2,4;1;
2022/01/31;1300 UTC;1,4;986,6;986,8;986,5;316,8;21,8;20,5;21,9;21,5;20,6;20,4;94;92;92;85;2,7;1;
2022/01/31;1400 UTC;1,2;986,3;986,6;986,2;650,6;22,7;21;22,7;21,8;21,2;20,4;92;89;90;71;2,9;1;
2022/01/31;1500 UTC;0;986,3;986,4;986,2;1155,4;23,3;20,9;23,5;22,7;21,4;20,6;90;85;86;27;3,4;1,8;
2022/01/31;1600 UTC;0;985,5;986,3;985,5;1595,3;24,7;21,3;24,8;23,3;22,1;20,9;87;82;82;25;4,1;2,2;
2022/01/31;1700 UTC;,8;983,9;985,5;983,9;1521,9;24,3;22,2;25,4;23,8;22,3;21,3;90;80;88;300;4,1;1,4;
2022/01/31;1800 UTC;0;981,8;983,9;981,8;1505;25,7;21,5;25,9;24,3;22,4;21,1;88;76;78;81;2,9;,7;
2022/01/31;1900 UTC;0;980,8;981,8;980,8;1617,5;26,2;21,5;26,9;25,7;22,6;20,7;81;71;75;168;2,1;,9;
2022/01/31;2000 UTC;0;980,5;980,8;980,3;950,4;26,3;21,8;26,9;26,1;22,2;21,1;79;73;76;101;3,3;1;
2022/01/31;2100 UTC;0;980,9;980,9;980,5;387,6;25,7;22,8;26,4;25,7;22,8;21,3;84;74;84;58;2,1;,3;
2022/01/31;2200 UTC;0;981,4;981,4;980,8;76,7;24,6;22,5;25,7;24,6;22,9;22,1;89;81;88;145;1,8;,9;
2022/01/31;2300 UTC;;;;;;;;;;;;;;;;;;
2022/02/01;0000 UTC;;;;;;;;;;;;;;;;;;
2022/02/01;0100 UTC;0;983,6;983,6;982,6;;22,8;21,7;23,1;22,7;21,9;21,6;94;93;94;82;1,1;,4;
2022/02/01;0200 UTC;0;983,9;983,9;983,6;;22,6;21,6;22,8;22,5;21,8;21,5;94;94;94;191;1,2;,7;
2022/02/01;0300 UTC;0;983,8;984;983,8;;22,6;21,6;23;22,5;22;21,5;94;94;94;252;1;,3;
2022/02/01;0400 UTC;0;983,4;983,8;983,4;;22,5;21,5;22,6;22,4;21,7;21,4;95;94;94;258;1,4;,6;
2022/02/01;0500 UTC;0;982,6;983,4;982,6;;22,3;21,4;22,5;22,1;21,5;21,2;95;94;95;248;1,9;,7;
2022/02/01;0600 UTC;0;982,4;982,6;982,3;;22;21,1;22,3;22;21,4;21;95;94;95;212;1,3;,7;
2022/02/01;0700 UTC;0;982,4;982,5;982,3;;22,2;21,3;22,2;21,8;21,3;20,9;95;95;95;207;1,7;,8;
2022/02/01;0800 UTC;0;982,6;982,6;982,4;;22,5;21,5;22,5;22,2;21,6;21,3;95;95;95;202;1,3;,7;
2022/02/01;0900 UTC;0;983,2;983,2;982,6;;22,4;21,5;22,6;22,4;21,7;21,5;95;94;94;208;2,1;1,1;
2022/02/01;1000 UTC;0;983,9;983,9;983,1;39,4;22,8;21,8;22,8;22,4;21,8;21,5;95;94;94;215;2,9;,9;
2022/02/01;1100 UTC;2,4;984,4;984,7;983,9;469;23,4;22,1;23,4;22,6;22,2;21,6;94;93;93;185;4,1;2,4;
2022/02/01;1200 UTC;0;985,5;985,5;984,4;1001,1;24,1;22,3;24,4;23,4;22,8;21,9;93;88;90;137;4,1;1,3;
2022/02/01;1300 UTC;,2;985,7;986;985,5;697,5;24,3;22;24,6;24;22,3;21,8;90;85;87;119;2,3;1,3;
2022/02/01;1400 UTC;0;985,2;985,7;985,2;1783,7;26,2;22,5;26,3;24,1;23,3;21,7;89;79;80;187;2,8;1,3;
2022/02/01;1500 UTC;0;984,2;985,2;984,2;4131,3;28,6;22,9;28,6;26,1;23,5;22;82;70;71;215;4,5;2,3;
2022/02/01;1600 UTC;0;983,4;984,2;983,4;3899,4;28,7;21,5;29,7;28,3;24,2;21,1;73;63;65;143;5,3;1,1;
2022/02/01;1700 UTC;0;982,1;983,4;982,1;3037,6;30,1;22,4;30,6;28,5;22,9;21,1;70;60;63;218;5;1,8;
2022/02/01;1800 UTC;0;981,1;982,1;981,1;2727,5;30,5;21,5;31,2;29,6;23,5;21,4;66;58;59;281;5;1,6;
2022/02/01;1900 UTC;0;981,8;981,8;980,7;2425,5;25,4;20,2;32,1;25,4;23;20;73;55;73;55;10,4;5,7;
2022/02/01;2000 UTC;,6;980,5;981,9;980,4;183,3;22,8;20;25,4;22,8;21,3;20;88;73;84;360;10,4;1,5;
2022/02/01;2100 UTC;0;981,7;981,8;980,5;304,4;24;21,9;24,1;22,8;22,1;20,2;89;84;88;23;4,2;,7;
2022/02/01;2200 UTC;0;981,5;981,8;981,1;71,2;23,5;22,1;24;23,5;22,2;21,9;92;88;92;293;4;1,2;
2022/02/01;2300 UTC;0;981,8;982,1;981,2;;23,3;21,9;23,5;23,2;22;21,7;92;91;92;167;3,7;1,4;
2022/02/02;0000 UTC;0;982,4;982,4;981,8;;23,1;21,9;23,3;23;22;21,7;93;92;93;198;2,5;,4;
2022/02/02;0100 UTC;0;983,3;983,3;982,4;;22,8;21,8;23,1;22,7;21,9;21,6;94;93;94;60;1,4;,4;
2022/02/02;0200 UTC;;;;;;;;;;;;;;;;;;
2022/02/02;0300 UTC;0;983,1;983,5;983,1;;22,2;21,3;22,5;22;21,5;21;94;94;94;209;1,2;,5;
2022/02/02;0400 UTC;0;983,3;983,3;983,1;;22,3;21,4;22,4;22,1;21,5;21,2;95;94;95;162;1,4;,6;
2022/02/02;0500 UTC;,2;982,9;983,4;982,9;;22,7;21,7;22,7;22,3;21,8;21,4;95;94;94;218;1,6;1;
2022/02/02;0600 UTC;0;982,4;982,9;982,4;;22,6;21,6;22,8;22,6;21,8;21,6;94;94;94;204;1,6;1;
2022/02/02;0700 UTC;0;982,7;982,7;982,4;;22,6;21,7;22,8;22,5;21,9;21,6;95;94;95;251;1,5;,3;
2022/02/02;0800 UTC;0;983;983,1;982,7;;22,1;21,2;22,6;22,1;21,7;21,2;95;94;95;320;,9;,6;
2022/02/02;0900 UTC;0;983,2;983,2;983;;22;21,2;22,1;21,9;21,2;21;95;95;95;104;1;,6;
2022/02/02;1000 UTC;0;983,8;983,8;983,2;125,5;23,1;22,3;23,1;22;22,3;21,1;95;95;95;129;1,1;,2;
2022/02/02;1100 UTC;0;984,4;984,4;983,8;920;25,6;22,6;25,8;23,2;23;22,3;95;83;83;136;1,7;,9;
2022/02/02;1200 UTC;0;984,7;984,7;984,4;1852;27,4;23,4;27,4;25,5;23,4;22,3;84;77;79;148;4,3;2,5;
2022/02/02;1300 UTC;0;984,7;984,9;984,7;2618,9;29,1;22,9;29,4;27,2;24;22,7;80;68;69;164;4,7;3,1;
2022/02/02;1400 UTC;0;984,3;984,8;984,3;3154,3;30,4;23;30,8;29,1;23,9;22,3;70;62;64;143;4,7;1,8;
2022/02/02;1500 UTC;0;983,7;984,3;983,7;3805,9;32;21,9;32,2;30,4;23,8;21,5;66;55;55;142;5,4;2,5;
2022/02/02;1600 UTC;0;982,4;983,7;982,4;3657,4;32,4;21,3;32,7;31,2;23,3;20,8;61;51;52;104;5,4;2,1;
2022/02/02;1700 UTC;0;981,1;982,4;981,1;3770,9;33;20,7;33,4;31,8;22,5;20,4;57;48;49;177;4,1;2,2;
2022/02/02;1800 UTC;0;980;981,1;980;3039,4;32,6;21,1;34,3;32,4;22,1;19,8;54;43;51;59;4,1;1,7;
2022/02/02;1900 UTC;0;979;980;979;966,6;32,2;22,7;32,6;31,1;23,4;20,3;63;49;57;158;3,7;2;
2022/02/02;2000 UTC;0;979,2;979,5;978,7;1581,8;26,9;21,4;32,4;26,9;24;20,7;72;54;72;32;9,8;4,8;
2022/02/02;2100 UTC;,8;979,8;979,9;979,1;533,2;28,1;24,8;28,2;26,1;24,9;21,3;83;72;82;121;8,2;,3;
2022/02/02;2200 UTC;0;980;980;979,7;110,5;27,1;24,9;28,1;27,1;25,2;23,6;89;77;88;230;1,6;,3;
2022/02/02;2300 UTC;;;;;;;;;;;;;;;;;;
2022/02/03;0000 UTC;;;;;;;;;;;;;;;;;;
2022/02/03;0100 UTC;;;;;;;;;;;;;;;;;;
2022/02/03;0200 UTC;7,4;983,4;984,5;982,5;0;23,3;20,4;26,7;21,5;24,5;18,4;92;79;84;294;13,8;5,3;
2022/02/03;0300 UTC;0;983;983,5;983;2,4;22,1;19,8;23,3;22,1;20,3;19,5;87;82;86;179;11,5;1,3;
2022/02/03;0400 UTC;0;982,8;983,3;982,7;;21,7;20,1;22,5;21,7;20,4;19,6;91;85;91;301;4;1;
2022/02/03;0500 UTC;0;982,8;982,8;982,5;;22,1;21;22,1;21,6;21;20,1;94;91;94;169;2,3;,3;
2022/02/03;0600 UTC;0;982,8;982,9;982,7;;22,6;21,6;22,6;22;21,6;21;94;94;94;141;1,6;,9;
2022/02/03;0700 UTC;0;982,2;982,8;982,1;;22,2;21,2;22,6;22,1;21,6;21;94;93;94;209;2,1;1,3;
2022/02/03;0800 UTC;0;982,6;982,6;981,9;;22,2;21,2;22,3;22,1;21,4;21,1;94;94;94;177;2,1;,6;
2022/02/03;0900 UTC;0;983,1;983,1;982,6;;22,4;21,3;22,8;22,2;21,8;21,2;95;94;94;216;2,2;1,5;
2022/02/03;1000 UTC;0;983,6;983,6;983;190,4;23,6;21,4;23,6;22,3;21,4;20,9;94;87;88;163;2,6;1,1;
2022/02/03;1100 UTC;0;984,2;984,2;983,6;713,3;24,7;21,9;24,7;23,6;22,2;21,2;88;84;84;186;3,7;1,5;
2022/02/03;1200 UTC;0;984,7;984,7;984,2;1704,1;26,8;22,3;27,1;24,7;22,9;21,7;86;75;76;187;4,4;2;
2022/02/03;1300 UTC;0;984,9;985;984,7;2532,6;27,9;22,8;28,3;26,8;23,3;21,8;80;70;74;195;5,6;2,7;
2022/02/03;1400 UTC;0;984,8;984,9;984,5;2284,1;29;22,4;29,4;27,8;23,4;22,1;74;67;68;241;5,3;2,4;
2022/02/03;1500 UTC;0;983,7;984,8;983,7;2083,2;30,1;23,1;30,2;28,7;23,3;21,9;71;63;66;224;5,8;2,4;
2022/02/03;1600 UTC;0;984,3;984,3;983,6;1523,2;29,3;22,2;30,8;29,3;23,1;21,7;68;62;66;140;5,2;1,1;
2022/02/03;1700 UTC;2,4;983,2;984,3;983;262,3;24,7;21,9;29,3;24,6;23,2;21,7;88;66;85;145;8,1;2,2;
2022/02/03;1800 UTC;1,4;983;984,1;983;150,4;22,7;21,3;24,7;22,7;22,5;21;92;85;91;343;6,9;1,4;
2022/02/03;1900 UTC;0;981,8;983;981,8;966,8;24,2;21,3;24,4;22,7;22;21,3;92;84;84;325;3,2;1;
2022/02/03;2000 UTC;0;981,2;981,8;981,2;1257,9;26;21,1;26;24,2;22,1;21,1;85;75;75;239;2,9;1,2;
2022/02/03;2100 UTC;0;980,5;981,2;980,5;611,8;25,1;21,7;26,3;25,1;21,9;20,5;81;73;81;191;2,1;,7;
2022/02/03;2200 UTC;0;980,8;981,1;980,5;61,8;23,8;22,1;25,1;23,8;22,2;21,6;90;81;90;335;2,1;,4;
2022/02/03;2300 UTC;0;980,5;980,8;980,1;;22,9;21,7;23,8;22,8;22;21,6;93;90;93;47;1,3;,9;
2022/02/04;0000 UTC;0;981,3;981,3;980,5;;22,8;21,6;23,5;22,8;22,3;21,6;93;93;93;279;1,8;1;
2022/02/04;0100 UTC;;;;;;;;;;;;;;;;;;
2022/02/04;0200 UTC;0;982,6;982,7;982,3;;22,4;21,4;22,7;22,3;21,7;21,2;94;93;94;202;2,9;2;
2022/02/04;0300 UTC;0;982,9;983;982,6;;22,2;21,1;22,5;22,2;21,5;21,1;94;93;93;215;4,2;1,6;
2022/02/04;0400 UTC;0;983;983,1;982,8;;22,2;21,2;22,2;22,1;21,3;21;94;93;94;214;3;1,5;
2022/02/04;0500 UTC;0;982,9;983,1;982,9;;22,1;21,1;22,2;22;21,3;21;94;94;94;208;2,7;,9;
2022/02/04;0600 UTC;0;982,7;982,9;982,7;;21,9;20,9;22,1;21,7;21,1;20,8;95;94;95;229;2;,7;
2022/02/04;0700 UTC;0;982,3;982,7;982,3;;21,4;20,5;21,9;21,4;21;20,5;95;94;95;249;1,5;1,1;
2022/02/04;0800 UTC;0;982,4;982,5;982,3;;21,3;20,4;21,5;21,3;20,6;20,4;95;95;95;266;1,6;,5;
2022/02/04;0900 UTC;0;982,7;982,7;982,4;;21,1;20,2;21,4;21;20,5;20,1;95;95;95;154;1,1;,5;
2022/02/04;1000 UTC;0;983,1;983,2;982,7;140,7;22,2;21,4;22,2;21;21,4;20,2;95;95;95;143;1,9;1;
2022/02/04;1100 UTC;,2;984;984;983;759,5;24,3;22,3;24,3;22,2;22,4;21,4;95;88;89;243;2,8;,7;
2022/02/04;1200 UTC;0;984,5;984,6;984;1780,2;27,4;22,7;27,4;24,3;23,2;22,1;89;75;76;142;2,9;1,3;
2022/02/04;1300 UTC;0;984,6;984,7;984,5;2638,3;29,5;23,3;29,6;27,4;23,9;22,2;77;69;69;149;5,7;2,8;
2022/02/04;1400 UTC;0;984,1;984,6;984,1;3330,6;30,7;23,2;30,8;29,4;24,1;22,4;70;63;64;146;6,9;3,4;
2022/02/04;1500 UTC;0;983,7;984,2;983,7;3555,2;31,9;24,2;31,9;30,5;24,2;22,8;67;60;64;159;6,3;2,4;
2022/02/04;1600 UTC;0;983,1;983,7;983,1;3975,8;32,1;23,5;32,7;31,4;24,3;22,3;64;56;61;124;5,6;2,4;
2022/02/04;1700 UTC;0;982,2;983,1;982,2;1822,6;31,2;23,3;32,7;31,2;23,7;21,8;65;54;63;107;5;1,2;
2022/02/04;1800 UTC;0;981,1;982,2;981,1;652,1;28,5;23,2;31,2;28,3;24,9;23;75;62;73;51;4,2;1,4;
2022/02/04;1900 UTC;0;980;981,1;980;1180,4;29,9;24,1;30,1;28,3;24,4;23;75;67;71;347;2,5;1,2;
2022/02/04;2000 UTC;0;979;980;979;1040,9;31;23,9;31,3;29,3;24,5;23,4;75;64;66;305;3,1;,9;
2022/02/04;2100 UTC;0;978,8;979;978,8;902,1;30,2;24;31;30,1;24,8;23,5;73;66;69;314;2,8;1,1;
2022/02/04;2200 UTC;0;979,1;979,1;978,5;77,7;27,6;24,2;30,2;27,6;24,8;24,1;82;69;82;299;2,1;1;
2022/02/04;2300 UTC;0;980,2;980,2;979,1;;26,5;24,1;27,6;26,3;24,3;23,7;88;81;86;250;3;1,1;
2022/02/05;0000 UTC;0;980,6;980,6;980,1;;25,6;24,1;26,5;25,5;24,4;23,8;91;86;91;355;1,6;,6;
2022/02/05;0100 UTC;0;981,4;981,4;980,6;;25,1;23,8;25,6;25;24;23,6;93;91;92;283;1,5;,5;
2022/02/05;0200 UTC;0;981,8;981,9;981,4;;24,9;23,6;25,1;24,8;23,8;23,5;93;92;92;304;1,4;,3;
2022/02/05;0300 UTC;0;981,2;981,8;981;;24,6;23,4;24,9;24,6;23,6;23,3;93;92;93;137;,6;,2;
2022/02/05;0400 UTC;0;980,8;981,2;980,8;;24,4;23,3;24,7;24,4;23,6;23,3;94;93;94;358;,8;,5;
2022/02/05;0500 UTC;0;980,6;980,8;980,5;;24,6;23,5;24,8;24,3;23,8;23,2;94;94;94;346;2,1;,9;
2022/02/05;0600 UTC;0;980,4;980,7;980,4;;24,3;23,2;24,6;24,3;23,6;23,2;94;94;94;316;2,2;,5;
2022/02/05;0700 UTC;0;980,8;980,8;980,3;;24,5;23,6;24,6;24;23,6;23;95;94;94;147;2,5;1,3;
2022/02/05;0800 UTC;0;980,8;980,9;980,8;;24,2;23,2;24,5;24,2;23,6;23,2;94;94;94;226;2,2;,6;
2022/02/05;0900 UTC;0;981,2;981,2;980,8;;24,2;23,1;24,4;24,2;23,4;23,1;94;94;94;194;1,2;,7;
2022/02/05;1000 UTC;0;981,6;981,6;981,2;60,5;24,6;23,6;24,6;24;23,6;23;94;94;94;197;1,6;,7;
2022/02/05;1100 UTC;0;982,4;982,4;981,6;165;25,2;23,6;25,2;24,6;24;23,6;94;91;91;29;1,7;1,1;
2022/02/05;1200 UTC;0;983,7;983,7;982,4;178;24;22,3;25,2;24;23,7;22,1;91;85;90;82;6,5;3;
2022/02/05;1300 UTC;,2;984,2;984,2;983,6;219,5;23,8;21,4;24,2;23,7;22,7;21,4;92;86;87;78;6,3;1,4;
2022/02/05;1400 UTC;1;984,2;984,5;984,1;227,7;23,7;22;23,8;23,4;22,1;21,3;91;86;90;200;2,9;,9;
2022/02/05;1500 UTC;1,6;983,2;984,2;983,2;576,5;24,1;22;24,2;23,7;22,6;21,9;92;88;88;307;3,1;1;
2022/02/05;1600 UTC;0;982,8;983,3;982,7;1443,4;25,5;22,7;25,5;24,1;22,8;22,1;89;84;85;285;3,7;1,6;
2022/02/05;1700 UTC;0;981,4;982,8;981,4;2234,6;27,4;22,5;27,6;25,4;23;21,6;85;72;74;268;3,9;1,5;
2022/02/05;1800 UTC;0;980,1;981,4;980;2649,6;28,4;22,3;28,5;27,3;23,2;21,8;76;69;70;237;4,4;2;
2022/02/05;1900 UTC;0;979,7;980,2;979,7;2378,3;29;22,8;29;28,4;23,1;21,7;73;66;70;270;5,1;2,7;
2022/02/05;2000 UTC;0;980,4;980,4;979,4;1563,5;27,9;22,1;29,2;27,8;22,7;21,3;71;66;71;259;5,8;1,5;
2022/02/05;2100 UTC;0;980,3;980,4;979,9;488,3;26,2;22,1;27,9;26,2;22,4;21,7;78;70;78;196;5,2;2,7;
2022/02/05;2200 UTC;0;981;981;980,1;23,9;25,2;21,9;26,2;25,2;22,3;21,9;84;78;82;177;5,1;2,6;
2022/02/05;2300 UTC;;;;;;;;;;;;;;;;;;
2022/02/06;0000 UTC;0;981,4;981,4;980,9;;24,2;22;24,5;24,1;22,1;21,8;88;85;87;279;2,4;1,6;
2022/02/06;0100 UTC;0;983;983;981,4;;23,8;22,3;24,3;23,6;22,3;21,9;91;87;91;41;3,3;1,9;
2022/02/06;0200 UTC;;;;;;;;;;;;;;;;;;
2022/02/06;0300 UTC;0;982,1;983,4;982;;23,6;22,1;23,9;23,6;22,4;22,1;92;90;92;212;3,4;1,8;
2022/02/06;0400 UTC;0;982;982,3;981,9;;23,5;22,1;23,8;23,5;22,4;22,1;92;91;92;183;3,5;,8;
2022/02/06;0500 UTC;0;982;982,1;981,9;;23,6;22,4;23,7;23,5;22,4;22,1;93;92;93;56;2,7;1,3;
2022/02/06;0600 UTC;0;981,7;982;981,7;;23,6;22,2;23,7;23,6;22,4;22,2;93;92;92;113;3,5;2;
2022/02/06;0700 UTC;0;981,3;981,7;981,3;;23,6;21,9;23,6;23,5;22,2;21,9;92;90;90;151;5,3;1,5;
2022/02/06;0800 UTC;0;981,9;982;981,3;;23,4;21;23,7;23,3;21,9;21;90;86;87;153;5,4;2,3;
2022/02/06;0900 UTC;0;982,3;982,3;981,9;;23;20,8;23,4;23;21;20,7;88;86;87;143;4,5;1,9;
2022/02/06;1000 UTC;0;982,7;982,7;982,3;103,6;23,2;21,1;23,2;22,9;21,1;20,8;88;87;88;107;3,7;1,3;
2022/02/06;1100 UTC;0;983,3;983,3;982,7;932,6;25,2;21,5;25,3;23,2;21,8;21;88;80;80;84;3,4;1,7;
2022/02/06;1200 UTC;0;983,8;983,8;983,3;1986,7;26,8;21,6;26,8;25;22,3;20,9;81;72;73;117;4,6;2,1;
2022/02/06;1300 UTC;0;984,3;984,3;983,8;2589,6;28,3;21,7;29;26,8;22,3;21;74;63;67;74;4,9;2,2;
2022/02/06;1400 UTC;0;984,8;984,8;984,3;2567,8;29,3;22,8;29,3;27,8;22,8;21,1;71;65;68;26;5,1;2,2;
2022/02/06;1500 UTC;0;984,7;985;984,7;2377,1;28,7;22,8;29,8;28,5;23;21,7;72;63;70;30;6,3;3,3;
2022/02/06;1600 UTC;0;983,5;984,7;983,5;2871,1;30,5;21,9;30,8;28,6;23,1;20,6;71;57;60;13;5,8;2;
2022/02/06;1700 UTC;8,6;983,5;983,7;983,1;370,6;22,9;21,7;30,6;22,9;21,9;20,4;93;57;93;274;10,4;3,9;
2022/02/06;1800 UTC;26,4;982,1;983,7;982,1;158;22,9;22;23;22,3;22,1;21;95;91;95;31;8,7;1;
2022/02/06;1900 UTC;,8;980,4;982,1;980,4;612,9;24,3;22,8;24,3;22,9;23,1;22;95;91;91;167;2,1;,7;
2022/02/06;2000 UTC;0;980;980,4;980;418,4;24,6;23,1;24,8;24,3;23,2;22,6;92;89;91;156;3,7;2;
2022/02/06;2100 UTC;0;980,4;980,4;980;137,3;24,4;22,9;24,6;24,4;23,2;22,7;92;90;91;116;3,7;,8;
2022/02/06;2200 UTC;,2;981,2;981,2;980,4;36,1;24,2;22,9;24,4;24,2;22,9;22,7;92;90;92;144;2,4;,3;
2022/02/06;2300 UTC;0;981,9;981,9;981,2;;24;22,6;24,2;24;23;22,6;93;91;92;90;1,9;,7;
2022/02/07;0000 UTC;0;982,6;982,6;981,9;;23,3;22,1;24;23,2;22,6;21,9;93;90;93;252;1,4;,9;
2022/02/07;0100 UTC;;;;;;;;;;;;;;;;;;
2022/02/07;0200 UTC;0;983;983,1;982,8;;23,1;22,1;23,2;23;22,2;21,9;94;93;94;212;2,1;1,4;
2022/02/07;0300 UTC;0;983;983,1;983;;23,2;21,8;23,2;23,1;22,2;21,8;94;92;92;159;2,3;,7;
2022/02/07;0400 UTC;0;983;983,1;983;;23;22;23,2;23;22;21,8;94;92;94;286;1,6;,9;
2022/02/07;0500 UTC;0;982,4;983;982,4;;23;22;23,1;22,9;22,1;21,8;94;94;94;80;1,2;,1;
2022/02/07;0600 UTC;0;981,9;982,4;981,9;;22,8;21,9;23;22,8;22,1;21,8;95;94;94;144;1;,5;
2022/02/07;0700 UTC;0;982,1;982,1;981,8;;22,9;22;23,1;22,8;22,1;21,9;95;94;95;220;1,6;1;
2022/02/07;0800 UTC;0;982,1;982,3;982,1;;22,9;22;23;22,8;22,1;21,9;95;95;95;120;1,8;,7;
2022/02/07;0900 UTC;0;982,5;982,6;982,1;;23,2;22,3;23,2;22,7;22,3;21,9;95;95;95;156;2,5;,5;
2022/02/07;1000 UTC;0;983,1;983,1;982,5;131;23,7;22,7;23,7;23,1;22,8;22,2;95;94;94;94;1,7;,9;
2022/02/07;1100 UTC;0;983,8;983,8;983,1;671,6;25,6;23,3;25,6;23,7;23,3;22,6;94;85;87;164;2;,4;
2022/02/07;1200 UTC;0;984;984;983,8;2171,5;27,7;23;28;25,6;23,8;22,7;87;75;76;136;2,9;1,1;
2022/02/07;1300 UTC;0;984,6;984,6;984,1;2732,1;28,9;23,1;29,4;27,6;24,4;22;77;68;71;104;3,4;,9;
2022/02/07;1400 UTC;0;984,5;984,6;984,5;3364,4;30;21,7;30,6;28,7;23,9;21,6;72;61;61;64;3,2;1;
2022/02/07;1500 UTC;0;983,9;984,5;983,9;2591,3;30,5;23,7;30,7;29,4;23,7;21,4;68;60;67;219;3,5;1,7;
2022/02/07;1600 UTC;0;982,6;983,9;982,6;2057,7;29,3;23,9;31;29,3;24;22,3;73;60;73;202;4,5;2,6;
2022/02/07;1700 UTC;0;981,8;982,6;981,8;2252,4;29,1;22,5;30,5;26,9;24,1;20,2;74;64;68;162;6,9;1,4;
2022/02/07;1800 UTC;0;980,6;981,8;980,6;1642,5;30,4;21,6;31;29;22,9;21,3;68;58;59;279;3,2;,9;
2022/02/07;1900 UTC;0;980;980,6;979,9;1522,2;30,4;22,2;31,6;30,4;23,2;21,1;65;55;62;92;2,1;1,1;
2022/02/07;2000 UTC;0;979,7;980;979,5;1075,5;29,8;23,2;30,7;29,8;23,3;22;68;60;68;103;2,7;1,1;
2022/02/07;2100 UTC;0;979,8;979,8;979,6;460,8;29,1;24,1;29,8;29,1;24,3;22,6;76;66;75;94;2;,6;
2022/02/07;2200 UTC;0;980,4;980,4;979,8;90,5;27,6;24,2;29,1;27,6;24,8;23,5;84;72;82;136;1,5;,6;
2022/02/07;2300 UTC;0;981;981;980,4;;26,3;24,4;27,6;26,3;24,4;23,4;89;81;89;255;1,2;,2;
2022/02/08;0000 UTC;0;981,8;981,8;981;;25,7;23,9;26,3;25,4;24,4;23,6;91;87;90;202;2,5;1,4;
2022/02/08;0100 UTC;;;;;;;;;;;;;;;;;;
2022/02/08;0200 UTC;0;982,7;982,8;982,5;;25,1;23,4;25,5;25;23,7;23,2;91;88;90;201;1,5;1;
2022/02/08;0300 UTC;;;;;;;;;;;;;;;;;;
2022/02/08;0400 UTC;0;981,7;982,5;981,7;;25;23,5;25,1;24,9;23,8;23,5;93;91;91;264;2,1;1;
2022/02/08;0500 UTC;0;981,3;981,7;981,3;;24,3;23,2;25;24,2;23,5;23,1;94;91;94;228;1,5;,6;
2022/02/08;0600 UTC;0;980,9;981,3;980,9;;23,9;22,8;24,3;23,9;23,2;22,8;94;94;94;202;1,4;,9;
2022/02/08;0700 UTC;0;980,7;980,9;980,5;;23,7;22,6;23,9;23,6;22,9;22,5;94;93;94;224;2,6;1,1;
2022/02/08;0800 UTC;0;980,8;980,9;980,7;;23,5;22,5;23,7;23,4;22,6;22,4;94;94;94;214;1,8;1,2;
2022/02/08;0900 UTC;0;981,4;981,4;980,8;;23,4;22,5;23,6;23,4;22,6;22,4;94;94;94;320;1,6;,4;
2022/02/08;1000 UTC;0;982,1;982,1;981,4;109,2;23,9;23;23,9;23,4;23;22,4;95;94;95;240;1,3;,4;
2022/02/08;1100 UTC;0;982,6;982,6;982,1;904,1;26,1;22,9;26,4;23,9;24,3;22,7;95;81;82;144;3,5;2;
2022/02/08;1200 UTC;0;983;983;982,6;1823,9;28,1;22,8;28,1;26,1;23,5;22,5;83;73;73;101;4,6;1,6;
2022/02/08;1300 UTC;0;983;983,2;983;2638,8;29,5;23,5;29,7;28;23,7;22,5;74;68;70;163;3,9;1,9;
2022/02/08;1400 UTC;0;982,7;983;982,7;3354,9;31,4;23,3;31,4;29,4;24;22,5;71;61;62;144;4,4;1,9;
2022/02/08;1500 UTC;0;982;982,7;982;3069,4;30,8;22;31,8;30,8;23,6;21,6;63;56;59;142;4,4;1,3;
2022/02/08;1600 UTC;0;981;982;981;2712,8;32,5;22,1;32,5;30,8;23,4;21,6;62;54;54;199;3,6;1,4;
2022/02/08;1700 UTC;0;979,8;981;979,8;3321,5;33;21,4;33,1;32,2;23,3;20,7;59;49;51;100;4,6;1,3;
2022/02/08;1800 UTC;0;978,9;979,8;978,9;2529,7;32,5;21,5;33,9;32,3;22,7;20,2;54;46;52;135;3,1;1,9;
2022/02/08;1900 UTC;0;978,4;978,9;978,4;1180,6;28,9;22,5;32,5;28,9;22,6;20,9;68;51;68;95;5,9;2,4;
2022/02/08;2000 UTC;0;978,7;978,7;978;722,7;29,2;23,2;29,4;28,9;23,5;22,4;72;67;70;123;4,6;1,3;
2022/02/08;2100 UTC;0;979,7;979,7;978,6;283,6;26,7;22,2;29,2;26,7;24,4;22,2;79;69;76;301;7,9;3,8;
2022/02/08;2200 UTC;0;980,6;980,9;979,7;35,4;24,7;21,2;26,7;24,6;22,3;21,2;81;76;81;354;7,9;2,8;
2022/02/08;2300 UTC;0;979,7;980,6;979,5;;24,4;22,1;24,7;24,4;22,1;21,1;87;81;87;48;4,8;,4;
2022/02/09;0000 UTC;0;981,1;981,1;979,7;;24;21,7;24,4;24;22,1;21,7;88;85;87;253;2,8;1;
2022/02/09;0100 UTC;0;981,3;981,5;981;;23,7;21,5;24;23,7;21,8;21,5;88;87;87;273;3,3;1,1;
2022/02/09;0200 UTC;0;982;982;981,3;;23,4;21,6;23,7;23,1;22;21,4;91;87;90;194;4,3;2,5;
2022/02/09;0300 UTC;0;981,9;982,2;981,9;;23,1;21,6;23,4;23,1;21,7;21,4;91;90;91;158;4,3;,8;
2022/02/09;0400 UTC;0;981,8;982;981,6;;22,4;21,2;23,2;22,4;21,7;21,2;93;91;93;312;2,8;,8;
2022/02/09;0500 UTC;0;981,1;981,8;981,1;;22,3;21,2;22,5;22,2;21,3;21,1;94;93;94;3;2,1;,2;
2022/02/09;0600 UTC;0;980,9;981,1;980,8;;22,4;21,4;22,4;22;21,4;21;94;94;94;356;2,1;1,2;
2022/02/09;0700 UTC;0;981;981,1;980,9;;22,9;21,8;22,9;22,4;21,9;21,4;94;94;94;76;2,3;,6;
2022/02/09;0800 UTC;0;980,7;981;980,6;;22,6;21,6;22,9;22,6;21,9;21,6;94;94;94;86;1,9;,4;
2022/02/09;0900 UTC;0;980,4;980,8;980,3;;22,1;21,2;22,6;21,9;21,6;21;94;94;94;187;1,8;1,1;
2022/02/09;1000 UTC;0;980,7;980,8;980,4;93,2;22,8;21,8;22,8;22,1;21,8;21,2;95;94;94;204;1,9;1,4;
2022/02/09;1100 UTC;0;981,7;981,7;980,7;839,5;25,5;22;25,5;22,8;22,6;21,8;94;81;81;178;4;1,7;
2022/02/09;1200 UTC;0;982,5;982,5;981,7;1187,1;26,6;22;27,1;25,4;23;21,9;82;76;76;90;3,1;,6;
2022/02/09;1300 UTC;0;982,6;982,8;982,5;1734,1;27,7;22,6;27,7;26,6;22,9;21,9;77;73;74;167;3,3;1,6;
2022/02/09;1400 UTC;0;982,2;982,6;982,2;2896,7;29,8;22,2;29,9;27,6;23,2;21,8;74;64;64;193;3,7;1,3;
2022/02/09;1500 UTC;0;981,3;982,2;981,3;3319;30,7;22,1;31,5;29,4;22,8;20;67;52;60;278;4,3;1,1;
2022/02/09;1600 UTC;0;980,4;981,3;980,4;1289,4;29,6;21,9;31;29,6;23;21,6;65;59;63;51;3,8;1;
2022/02/09;1700 UTC;0;979,6;980,4;979,5;1401,3;27,1;23;29,6;27,1;23,2;21,7;78;63;78;56;5,9;2,5;
2022/02/09;1800 UTC;0;978,9;979,7;978,9;835,6;26,4;22,5;27,1;26;22,9;22,1;81;78;79;88;5,9;1,1;
2022/02/09;1900 UTC;0;978,6;978,9;978,5;610,9;27,5;22,9;27,5;26,3;23,4;22,4;80;76;76;184;3,3;1,8;
2022/02/09;2000 UTC;0;978,2;978,6;978,1;299,6;26,6;23;27,5;26,6;23,4;22,4;81;74;81;140;3,3;1;
2022/02/09;2100 UTC;0;978,5;978,6;978,2;119,9;25,3;22,2;26,7;25,3;23,3;21,6;83;78;83;135;2,5;1,2;
2022/02/09;2200 UTC;0;979;979;978,3;47,9;24,8;22,6;25,3;24,8;22,7;22,2;88;83;88;63;2,4;,5;
2022/02/09;2300 UTC;;;;;;;;;;;;;;;;;;
2022/02/10;0000 UTC;;;;;;;;;;;;;;;;;;
2022/02/10;0100 UTC;0;980,9;980,9;980,5;;24,3;22,8;24,6;24,3;23,2;22,8;92;91;91;224;2,8;1,1;
2022/02/10;0200 UTC;;;;;;;;;;;;;;;;;;
2022/02/10;0300 UTC;,2;981,6;981,9;981,5;;24,3;21,4;24,8;24,3;22,9;21,4;91;83;84;295;9,9;2,6;
2022/02/10;0400 UTC;0;981,6;981,7;981,5;;23,4;20,3;24,3;23,4;21,4;20,2;86;82;82;298;6,3;2,1;
2022/02/10;0500 UTC;0;981;981,7;981;;22,7;20,2;23,4;22,7;20,2;19,7;86;81;86;353;4,7;,5;
2022/02/10;0600 UTC;0;980,3;981;980,2;;22,1;20,5;22,7;22,1;20,5;20,2;91;86;91;353;1;,5;
2022/02/10;0700 UTC;0;980,8;980,9;980,3;;21,9;20,5;22,1;21,8;20,7;20,4;92;91;92;227;1,4;,4;
2022/02/10;0800 UTC;0;981,1;981,1;980,7;;22,1;20;22,1;21,9;20,6;20;92;88;88;258;2,3;,7;
2022/02/10;0900 UTC;0;981,4;981,4;981,1;;22,3;20,6;22,3;21,9;20,7;19,9;92;87;90;122;1,4;,3;
2022/02/10;1000 UTC;,8;982,8;982,8;981,4;16;22,2;20,9;22,4;22,1;20,9;20,5;92;89;92;331;1,7;,8;
2022/02/10;1100 UTC;0;983,8;983,8;982,8;214,3;23,2;21,2;23,3;22,2;21,3;20,7;92;88;88;212;3,5;,5;
2022/02/10;1200 UTC;0;984,4;984,4;983,8;548,9;23,7;21,2;23,7;23,2;21,5;20,9;89;85;86;153;5;1,4;
2022/02/10;1300 UTC;,8;984,8;984,9;984,4;489,3;23,2;21,2;23,8;23,2;21,5;20,8;89;84;89;73;3,3;1,3;
2022/02/10;1400 UTC;,8;984;984,8;984;669,4;23,7;21,7;23,7;22,9;21,7;21;91;87;88;182;4,4;1,8;
2022/02/10;1500 UTC;0;984,1;984,4;984;1757,6;25,4;21,5;25,6;23,7;22,3;20,9;89;79;79;251;4,2;1,6;
2022/02/10;1600 UTC;0;983,4;984,1;983,4;2475,7;26,4;21,6;26,5;25,4;22,2;21;79;74;75;273;4,6;2,7;
2022/02/10;1700 UTC;0;981,4;983,4;981,4;1907;26,5;21,7;26,5;25,8;22,1;21,1;79;74;75;241;5,3;2,4;
2022/02/10;1800 UTC;0;980,6;981,4;980,6;1394,2;26,5;22,1;26,7;26,2;22,1;21,4;78;74;77;210;5;1,5;
2022/02/10;1900 UTC;0;980,2;980,6;980,2;767,4;26,4;21,1;26,6;26,2;22,2;21;77;73;73;137;3,2;,9;
2022/02/10;2000 UTC;0;980;980,2;980;449,3;25,9;21,7;26,5;25,9;21,9;21,3;78;73;78;99;2,3;1,3;
2022/02/10;2100 UTC;0;980;980,1;980;301,5;25,6;21,6;25,9;25,5;22,1;21,3;81;77;78;63;2,6;1,1;
2022/02/10;2200 UTC;0;980,3;980,3;980;141,8;24,6;22,1;25,6;24,6;22,2;21,7;86;79;86;37;2,8;1,7;
2022/02/10;2300 UTC;0;980,8;980,8;980,3;;23,9;21,9;24,6;23,9;22,2;21,9;88;86;88;12;3;1,3;
2022/02/11;0000 UTC;0;981;981;980,7;;23,6;22;23,9;23,6;22,1;21,8;91;88;91;340;3,1;,9;
2022/02/11;0100 UTC;0;981,5;981,5;981;;22,8;21,6;23,6;22,7;22;21,2;93;91;93;230;2;,9;
2022/02/11;0200 UTC;0;981,7;981,7;981,5;;22,3;21,3;22,8;22,3;21,7;21,3;94;93;94;223;2,2;1,6;
2022/02/11;0300 UTC;0;981,5;981,8;981,5;;22,5;21,5;22,6;22,3;21,7;21,3;94;94;94;198;2,2;,3;
2022/02/11;0400 UTC;0;981;981,5;981;;22,9;21,9;22,9;22,4;21,9;21,5;94;94;94;170;1,4;,7;
2022/02/11;0500 UTC;0;980,9;981;980,8;;23;22;23;22,8;22,1;21,8;94;94;94;113;1,8;1,1;
2022/02/11;0600 UTC;0;980,5;980,9;980,5;;22,9;21,9;23;22,9;22;21,8;94;94;94;24;2;,8;
2022/02/11;0700 UTC;0;980,7;980,7;980,5;;22,8;21,8;23;22,8;22;21,8;94;94;94;37;1,6;,1;
2022/02/11;0800 UTC;0;980,9;980,9;980,7;;22,8;21,9;22,9;22,7;22;21,7;94;94;94;243;1,3;,6;
2022/02/11;0900 UTC;0;981,2;981,2;980,9;;22,9;22;22,9;22,8;22;21,9;95;94;95;36;1,3;,3;
2022/02/11;1000 UTC;0;981,9;981,9;981,2;87,1;23,3;22,4;23,3;22,9;22,4;21,9;95;94;94;278;1,4;,4;
2022/02/11;1100 UTC;0;982,7;982,7;981,9;434,1;24,4;22,4;24,4;23,3;22,6;22,3;94;89;89;352;1,5;,7;
2022/02/11;1200 UTC;,2;983;983,1;982,7;1677,1;27,5;22,8;27,5;24,3;22,9;21,3;89;76;76;140;2,3;1,1;
2022/02/11;1300 UTC;0;983;983,1;983;3102,6;28,5;22,3;28,6;26,8;22,8;21,1;78;65;69;87;3,7;1,4;
2022/02/11;1400 UTC;0;983,1;983,1;983;3313,9;29,5;21,5;29,7;28,1;23,1;20,9;71;62;62;77;3,4;1,1;
2022/02/11;1500 UTC;0;982,5;983,1;982,5;2271;30,3;21,6;31;28,8;22,5;20,7;67;58;60;229;3,5;,8;
2022/02/11;1600 UTC;0;981,1;982,5;981,1;3136,9;31,1;21,3;31,4;29,7;22,5;20,2;64;53;56;1;3,8;1,8;
2022/02/11;1700 UTC;0;979,9;981,1;979,9;3602,4;32,2;19,1;32,3;30,9;22;18,8;56;45;46;37;3,8;1,1;
2022/02/11;1800 UTC;,6;979,6;979,9;979,3;1745,8;25,6;22,2;32,5;25,6;22,2;18,8;82;46;82;262;10;5;
2022/02/11;1900 UTC;0;978,9;979,6;978,9;1169,5;27,6;22,6;27,6;25,3;23,1;22,3;86;74;74;248;10;3,1;
2022/02/11;2000 UTC;0;978,9;978,9;978,7;765,1;26,3;21,8;27,9;26,3;22,7;21,4;77;70;76;216;6,9;3,2;
2022/02/11;2100 UTC;0;979,2;979,2;978,8;314,8;26,1;21,7;26,4;26,1;22,2;21,6;78;75;77;215;5,5;2,1;
2022/02/11;2200 UTC;0;979,8;979,8;979,2;31,2;25;21,3;26,1;25;21,9;21,3;80;76;80;185;5,2;2,4;
2022/02/11;2300 UTC;0;980,7;980,7;979,8;;24,3;21,3;25;24,2;21,6;21,3;84;80;84;177;4,7;1,7;
2022/02/12;0000 UTC;0;981,3;981,3;980,7;;24;21,6;24,3;23,9;21,6;21,3;86;84;86;176;3,4;1,3;
2022/02/12;0100 UTC;0;981,6;981,6;981,3;;24;21,3;24,1;23,8;21,6;21,2;87;85;85;149;3,3;1,1;
2022/02/12;0200 UTC;0;982,1;982,1;981,6;;24;21,3;24;23,8;21,7;21,3;88;85;85;131;3,1;1,7;
2022/02/12;0300 UTC;0;981,7;982,1;981,7;;23,6;21,6;24,1;23,6;21,7;21,3;89;85;89;225;2,8;1,2;
2022/02/12;0400 UTC;0;981,4;981,7;981,3;;23,3;21,6;23,6;23,1;21,7;21,4;91;89;91;265;2;,9;
2022/02/12;0500 UTC;0;981,7;981,7;981,2;;23,6;22;23,6;23,1;22,1;21,6;92;90;91;360;6,6;3,2;
2022/02/12;0600 UTC;0;981,7;981,7;981,6;;23,8;21,6;23,8;23,6;22;21,6;91;87;87;350;5,6;2,8;
2022/02/12;0700 UTC;,8;982,3;982,4;981,6;;22;19,5;23,9;22;21,6;19,5;87;83;86;32;9,6;4,3;
2022/02/12;0800 UTC;1,2;982,1;982,4;982,1;;21,5;19,7;22;21,4;20;19,4;91;85;89;19;8;1,7;
2022/02/12;0900 UTC;,4;981,7;982,1;981,7;;21,2;19,6;21,6;21,2;19,7;19,5;91;88;91;276;4,1;1,1;
2022/02/12;1000 UTC;,4;981,9;981,9;981,7;55,3;21,3;19,8;21,3;21;19,8;19,4;92;90;91;305;3,5;1,2;
2022/02/12;1100 UTC;0;983;983;981,9;537,6;22,7;20,3;22,7;21,3;20,4;19,6;91;87;87;74;4,1;,9;
2022/02/12;1200 UTC;0;983,4;983,4;983;1663,8;24,6;20,3;25,1;22,6;21,2;19,7;87;75;77;92;4,2;2,5;
2022/02/12;1300 UTC;0;983,5;983,5;983,4;2633,3;27,3;20,3;27,4;24,6;21,6;19,5;80;65;66;115;4,2;1,5;
2022/02/12;1400 UTC;0;983,2;983,5;983,1;3519,1;29,4;20,3;29,5;27,2;21;19;67;58;58;75;3,6;1;
2022/02/12;1500 UTC;0;982,7;983,2;982,7;3464,4;29,7;19,5;30,3;28,9;21,6;18,9;63;52;55;21;4,4;1;
2022/02/12;1600 UTC;0;981,6;982,7;981,5;3439,8;31,2;20,5;31,2;29,6;21;18,8;60;48;53;47;5;1,5;
2022/02/12;1700 UTC;0;980,2;981,6;980,2;2590,8;31;19,1;31,4;28,5;21,1;18,1;63;47;49;93;6;1,8;
2022/02/12;1800 UTC;0;979;980,2;979;2531,8;30,8;20,2;31,5;30,2;21,1;18,6;58;48;54;18;4,1;1,4;
2022/02/12;1900 UTC;0;978,3;979;978,3;2589,2;31,7;18,9;32,7;30,8;21,2;18,9;56;45;47;298;2,9;1,3;
2022/02/12;2000 UTC;0;978,4;978,5;978,3;1648;30,6;21,5;32;30,6;21,8;18,5;59;46;58;295;4,7;2,3;
2022/02/12;2100 UTC;0;979,2;979,2;978,4;288,9;27,5;22,3;30,6;27,5;22,7;21,4;74;58;74;334;4,9;2,3;
2022/02/12;2200 UTC;0;979,8;979,8;979,1;40;26,3;21,4;27,5;26,3;22,3;21,2;75;71;75;305;6,7;2,5;
2022/02/12;2300 UTC;0;980,9;980,9;979,8;;25,3;21,9;26,3;25,3;22;21,4;82;75;82;295;5,6;1,2;
2022/02/13;0000 UTC;0;982;982;980,9;;24,5;22,4;25,3;24,5;22,4;21,8;88;81;88;72;2,5;1,2;
2022/02/13;0100 UTC;;;;;;;;;;;;;;;;;;
2022/02/13;0200 UTC;4;983,6;983,6;983,3;;23,3;22,1;24,8;23,3;22,2;22;93;85;93;61;7,4;3,7;
2022/02/13;0300 UTC;9,2;983,4;983,8;983,4;;23,1;22;23,3;22,9;22,1;21,7;94;93;94;8;7,5;1,8;
2022/02/13;0400 UTC;5,8;982,9;983,4;982,9;;23,2;22,1;23,3;23,1;22,4;22;94;94;94;338;4,6;2;
2022/02/13;0500 UTC;4,8;982,7;982,9;982,7;;22,5;21,3;23,2;22,5;22,1;21,3;94;93;93;337;5,7;2,6;
2022/02/13;0600 UTC;4,2;982,3;982,7;982,3;;22,3;21,3;22,5;22,2;21,3;21,2;94;93;94;295;5,6;1,1;
2022/02/13;0700 UTC;3;982,2;982,3;982,2;;21,8;20,7;22,5;21,6;21,4;20,4;94;91;94;346;6;1,4;
2022/02/13;0800 UTC;,2;982,3;982,3;982,2;;22;21;22;21,8;21;20,8;94;94;94;78;2,4;,2;
2022/02/13;0900 UTC;0;982,2;982,4;982,2;;22;21;22;21,9;21,1;20,9;94;94;94;194;1,2;,6;
2022/02/13;1000 UTC;,2;982,5;982,5;982,2;37,9;22,1;21,2;22,2;22;21,2;21;94;94;94;117;1,5;,5;
2022/02/13;1100 UTC;0;983,2;983,2;982,5;369,8;22,9;21,5;22,9;22,1;21,6;21,2;94;92;92;168;1,9;1,1;
2022/02/13;1200 UTC;0;983,9;983,9;983,2;874,7;24,2;21,7;24,2;22,9;21,7;20,9;92;83;86;50;1,8;,8;
2022/02/13;1300 UTC;0;984,5;984,5;983,9;932,3;24,3;21,3;24,6;23,9;21,8;20,9;87;81;83;142;2,5;1,4;
2022/02/13;1400 UTC;0;984,5;984,6;984,5;1451,6;25,4;21,2;25,6;24,2;22,1;20,9;83;78;78;120;2,8;1,1;
2022/02/13;1500 UTC;0;984;984,5;984;1369,1;26;21,4;26,1;25,3;22,2;21,2;81;76;76;143;2,6;,8;
2022/02/13;1600 UTC;0;982,9;984;982,9;1516;26,6;21,5;26,9;26;22,2;21,1;77;72;74;202;2,4;1,3;
2022/02/13;1700 UTC;0;981,7;982,9;981,7;1496;27,1;21,7;27,2;26,6;22,1;20,9;74;70;72;238;2,4;,8;
2022/02/13;1800 UTC;0;980,4;981,7;980,4;2106,9;27,8;20,7;28,3;26,9;22,3;20,6;74;64;66;240;2,8;1;
2022/02/13;1900 UTC;0;979,3;980,4;979,3;1024,6;27,7;21,3;28;27,6;21,8;20,3;71;64;68;234;3,4;,5;
2022/02/13;2000 UTC;0;979,3;979,3;979;853,7;27,4;21,3;27,8;27,1;22,5;21,1;74;68;69;175;2,7;1,7;
2022/02/13;2100 UTC;0;979,5;979,5;979,2;765;27;21,5;27,5;27;22,3;21,1;74;69;72;121;3;1,4;
2022/02/13;2200 UTC;0;979,9;979,9;979,5;167,3;25,5;22,2;27,1;25,5;22,2;21,4;82;71;82;93;2,6;,8;
2022/02/13;2300 UTC;0;981;981;979,8;;24,6;22,5;25,6;24,6;22,6;22;89;80;88;93;1,9;,6;
2022/02/14;0000 UTC;0;981,7;981,7;981;;24,1;22,1;24,7;24,1;22,4;22;89;86;89;55;1,9;,3;
2022/02/14;0100 UTC;0;982,7;982,7;981,7;;23,6;22,2;24,1;23,4;22,3;22;93;89;92;49;1,4;,6;
2022/02/14;0200 UTC;0;983,5;983,5;982,7;;24,1;22,2;24,2;23,5;22,5;22,1;93;89;89;55;2,2;,8;
2022/02/14;0300 UTC;0;983,2;983,5;983,1;;24,2;22,1;24,2;23,7;22,5;21,9;91;88;88;51;3,6;1;
2022/02/14;0400 UTC;0;983,4;983,5;983,2;;22,7;19,9;24,5;22,7;22;19,9;88;82;84;37;12,3;5,8;
2022/02/14;0500 UTC;0;982,8;983,4;982,8;;22;20,3;22,7;22;20,3;19,9;90;84;90;32;12,3;3,2;
2022/02/14;0600 UTC;0;982,3;982,8;982,3;;22;20,4;22,1;22;20,4;20,3;90;90;90;18;7,8;3,2;
2022/02/14;0700 UTC;0;982,5;982,5;982,3;;22;20,5;22,1;22;20,5;20,3;91;90;91;7;6,3;1,7;
2022/02/14;0800 UTC;0;982,4;982,6;982,3;;21,9;20,5;22,1;21,9;20,5;20,4;92;90;92;61;3,7;,7;
2022/02/14;0900 UTC;0;982,5;982,5;982,3;;21,9;20,7;21,9;21,8;20,7;20,5;93;92;93;16;2,3;1,2;
2022/02/14;1000 UTC;0;982,9;982,9;982,5;117,4;22,3;20,9;22,3;21,8;20,9;20,6;93;91;91;356;2,5;1,1;
2022/02/14;1100 UTC;0;983,6;983,6;982,9;895,3;23,8;20,8;24;22,4;21,2;20,4;91;81;83;354;3,7;1,7;
2022/02/14;1200 UTC;0;984,5;984,5;983,6;1827,2;25,5;20,9;25,6;23,7;21,5;20,3;84;74;76;356;4,1;1,9;
2022/02/14;1300 UTC;0;984,6;984,7;984,5;2739,5;27,5;21,1;27,6;25,5;21,5;20,3;76;66;68;352;4,9;2,1;
2022/02/14;1400 UTC;0;984,4;984,6;984,4;2925,8;28,5;20,6;28,6;27,3;21,5;19,7;68;59;62;345;4,9;1,8;
2022/02/14;1500 UTC;0;984;984,4;984;3488,8;29,8;20,6;30,3;28,4;21,9;20;65;56;58;338;7,2;1,6;
2022/02/14;1600 UTC;0;983,1;984;983,1;3573,2;30,7;20,9;31;29,4;21,7;19,4;62;52;56;347;7,2;1,5;
2022/02/14;1700 UTC;0;981,6;983,1;981,6;3143,8;30,9;19,8;31,5;29,9;21,7;19,1;60;50;52;357;3,9;1,4;
2022/02/14;1800 UTC;0;980;981,6;980;2923,3;31,4;19,6;31,9;30,2;21,2;18,9;57;48;50;34;3,9;1,9;
2022/02/14;1900 UTC;0;979,1;980;979,1;2326,2;31,9;19,3;32,2;30,7;20,3;18,4;54;46;47;358;4,6;1,4;
2022/02/14;2000 UTC;0;978,9;979,1;978,7;1537,9;31,5;19,4;32,2;30,6;21,1;18,7;56;44;49;330;3;1,4;
2022/02/14;2100 UTC;0;979,2;979,2;978,8;828,6;30,4;21;31,5;30,4;21,5;19,6;58;49;57;283;4,4;2;
2022/02/14;2200 UTC;0;980,2;980,2;979,2;100,1;27,5;22,7;30,4;27,5;22,9;21,2;75;57;75;297;3,4;1,3;
2022/02/14;2300 UTC;;;;;;;;;;;;;;;;;;
2022/02/15;0000 UTC;0;981,7;981,7;980,9;;24,6;22,4;26,1;24,6;22,5;22,2;88;80;88;30;2,8;,6;
2022/02/15;0100 UTC;0;982,7;982,8;981,7;;24,4;22,6;24,8;24,2;22,8;22,4;90;88;90;343;2,4;1;
2022/02/15;0200 UTC;0;983,6;983,6;982,7;;24,1;22,4;24,5;24,1;22,8;22,3;91;89;90;224;1,9;1;
2022/02/15;0300 UTC;0;983,5;983,8;983,5;;24,1;22,8;24,3;23,9;22,9;22,4;92;90;92;43;1,2;,7;
2022/02/15;0400 UTC;0;983,2;983,5;983,2;;24,1;22,8;24,1;23,9;22,8;22,5;93;92;93;94;1,5;,7;
2022/02/15;0500 UTC;0;982,8;983,2;982,8;;24;22,6;24,2;24;22,9;22,6;93;91;92;318;2,5;,4;
2022/02/15;0600 UTC;0;982,1;982,8;982,1;;23,6;22,5;24;23,6;22,6;22,3;94;92;93;92;1,8;,5;
2022/02/15;0700 UTC;0;982,6;982,6;982;;23,7;22,2;23,7;23,3;22,4;22,1;94;91;91;27;3,5;1,9;
2022/02/15;0800 UTC;0;982,3;982,7;982,3;;23,6;22;23,7;23,6;22,1;22;91;91;91;5;3,9;1,2;
2022/02/15;0900 UTC;0;981,9;982,3;981,8;;22,9;21,8;23,6;22,9;22;21,7;94;91;93;177;2,6;1;
2022/02/15;1000 UTC;0;983;983;981,9;48,7;23,5;22,3;23,5;22,8;22,3;21,6;94;93;93;125;2,3;1,3;
2022/02/15;1100 UTC;0;984,1;984,1;983;351,4;24,2;22,5;24,2;23,5;22,5;22,3;93;90;90;126;5,4;2,2;
2022/02/15;1200 UTC;0;984,8;984,8;984,1;678,4;25,2;22,5;25,2;24,2;22,7;22,2;90;85;85;118;4,2;2;
2022/02/15;1300 UTC;0;985;985,1;984,8;1262,8;26,5;22,7;26,5;25,1;22,9;22,1;85;79;79;98;4;1,2;
2022/02/15;1400 UTC;0;984,7;985;984,7;2784,3;29,1;22,8;29,2;26,4;23,1;22;80;68;69;246;2,6;1,1;
2022/02/15;1500 UTC;0;984;984,7;984;3729,2;29,6;22,7;30,4;28,4;23,6;21,7;70;63;67;120;4,4;2,2;
2022/02/15;1600 UTC;0;982,8;984;982,8;3380,9;31,2;23,1;31,2;29,5;23,8;22;70;60;62;92;4,6;1,6;
2022/02/15;1700 UTC;0;981,5;982,8;981,5;3039,9;31,6;22,8;31,8;30,1;23,9;21,4;65;56;60;174;4,3;1,7;
2022/02/15;1800 UTC;0;980,1;981,5;980,1;3300,3;31,9;21,4;32;30,7;23,2;21,4;62;54;54;113;5,2;1,6;
2022/02/15;1900 UTC;0;979,3;980,1;979,3;2604;31,4;21,9;32,1;31,2;23,1;21,4;61;54;57;130;4,7;2,3;
2022/02/15;2000 UTC;0;979,1;979,3;979,1;1725;30,8;22,3;31,4;30,7;23,1;21,5;63;56;60;131;4,6;2,3;
2022/02/15;2100 UTC;0;978,7;979,1;978,6;846,9;30,2;21,8;31;30,1;23,4;21,5;64;58;61;142;4,5;1,9;
2022/02/15;2200 UTC;0;979,8;979,9;978,7;84,4;27,5;22,5;30,2;27,5;23,1;21,5;76;60;74;164;3,8;,5;
2022/02/15;2300 UTC;0;980,6;980,6;979,8;;26,5;22,5;27,6;26,5;23,3;22,1;79;73;78;162;1,4;1;
2022/02/16;0000 UTC;;;;;;;;;;;;;;;;;;
2022/02/16;0100 UTC;0;983,2;983,2;982,3;;25,6;22,1;26,1;25,6;22,8;22,1;84;80;81;222;2,1;1,6;
2022/02/16;0200 UTC;0;983,4;983,6;983,2;;25,8;22,7;25,8;25,1;22,8;22,2;87;81;83;217;4;2,6;
2022/02/16;0300 UTC;0;982,3;983,5;982,3;;25,2;22,4;25,9;25,2;22,8;22,4;85;83;85;232;4;2,4;
2022/02/16;0400 UTC;0;981,6;982,3;981,6;;24,9;22,2;25,2;24,9;22,4;22,2;85;84;85;193;4,4;1,7;
2022/02/16;0500 UTC;0;981,5;982,2;981,5;;25,2;22,1;25,2;24,7;22,3;22,1;86;83;83;223;6,3;2,6;
2022/02/16;0600 UTC;0;982,9;982,9;981,4;;24,8;22,6;25,2;24,7;22,6;22,1;87;83;87;48;5,2;2,6;
2022/02/16;0700 UTC;34;983,3;983,9;982,9;4,5;20;19,2;24,8;19,9;22,6;19,1;96;87;96;242;12,7;3,9;
2022/02/16;0800 UTC;2,2;983,1;983,3;982,8;;20,6;19,9;20,6;19,9;19,9;19,2;96;95;95;222;6,2;2;
2022/02/16;0900 UTC;1,6;983,3;983,3;982,8;;20,9;20,2;20,9;20,6;20,2;19,9;95;95;95;236;3,7;1,1;
2022/02/16;1000 UTC;0;984,1;984,1;983,3;91;21,2;20,4;21,2;20,9;20,4;20,2;96;95;95;286;3,1;,5;
2022/02/16;1100 UTC;0;985,2;985,2;984,1;542,7;22,6;21,7;22,6;21,2;21,7;20,5;95;95;95;289;1,6;,9;
2022/02/16;1200 UTC;0;985,9;985,9;985,2;1678,9;25,5;22,9;25,5;22,5;23;21,6;95;85;86;286;2;,6;
2022/02/16;1300 UTC;0;986,3;986,3;985,9;2277,4;26,2;22,2;26,3;25;22,8;21;85;75;78;17;4,4;2,4;
2022/02/16;1400 UTC;0;986,2;986,3;986,1;2572,3;27;21,5;27,8;26;23,1;21,1;79;71;72;336;5;2;
2022/02/16;1500 UTC;0;985,7;986,2;985,7;3038,8;28,3;21,3;28,6;26,8;22,5;20,9;75;65;66;311;6;2,7;
2022/02/16;1600 UTC;0;984,6;985,7;984,6;3363,4;29;21,6;29,7;28,2;22,4;20,4;68;59;64;327;5,8;2,4;
2022/02/16;1700 UTC;0;983,6;984,6;983,6;3157;28,5;22;30,3;28,2;22,5;20,4;70;59;68;293;5,9;2,5;
2022/02/16;1800 UTC;1,8;983,4;983,6;983,1;1592,9;23;21;29,7;22,9;22,6;19,8;89;60;89;74;7,5;4,3;
2022/02/16;1900 UTC;6;983,1;983,4;983;259;23,4;22,3;23,4;22,9;22,3;21,2;94;89;94;104;7,5;1,9;
2022/02/16;2000 UTC;,4;982,6;983,2;982,6;119,9;22,9;21,8;23,5;22,9;22,4;21,8;94;93;94;125;5,1;2,3;
2022/02/16;2100 UTC;,2;982,5;982,6;982,3;50,7;22,5;20,6;23;22,4;21,9;20,6;94;89;89;120;4,4;2,1;
2022/02/16;2200 UTC;0;982,6;982,6;982,4;11;22,2;20,3;22,5;22,2;20,7;20,3;91;89;89;140;4,8;1,6;
2022/02/16;2300 UTC;0;983;983,2;982,5;;22,2;20,8;22,3;22,1;20,9;20,3;92;89;92;140;3,8;1;
2022/02/17;0000 UTC;;;;;;;;;;;;;;;;;;
2022/02/17;0100 UTC;0;984,6;984,6;983,8;;22,3;21,1;22,4;22,3;21,1;20,8;93;91;93;80;2,1;,9;
2022/02/17;0200 UTC;;;;;;;;;;;;;;;;;;
2022/02/17;0300 UTC;0;985,4;985,6;985,4;;22,3;21,2;22,3;22,2;21,2;21,1;94;93;94;147;2,2;,4;
2022/02/17;0400 UTC;0;984,8;985,4;984,8;;22,3;21,3;22,4;22,3;21,4;21,2;94;94;94;260;1,2;,3;
2022/02/17;0500 UTC;0;984,2;984,8;984,2;;22,3;21,2;22,3;22,2;21,3;21,2;94;94;94;312;1,7;1;
2022/02/17;0600 UTC;0;983,6;984,2;983,6;;22,3;21,2;22,3;22,2;21,2;21,1;94;93;94;201;1,7;,6;
2022/02/17;0700 UTC;0;983,5;983,6;983,3;;22,4;21,4;22,4;22,3;21,4;21,2;94;94;94;144;1,2;,5;
2022/02/17;0800 UTC;0;983,4;983,6;983,4;;22,5;21,5;22,5;22,3;21,6;21,3;94;94;94;255;1,4;,5;
2022/02/17;0900 UTC;0;983,6;983,6;983,3;;22,5;21,4;22,6;22,4;21,6;21,4;94;94;94;120;1,5;1;
2022/02/17;1000 UTC;0;984,3;984,3;983,6;30,1;22,6;21,4;22,6;22,4;21,4;21,2;94;93;93;129;4;2,3;
2022/02/17;1100 UTC;0;985,1;985,1;984,3;120,6;22,9;21,4;22,9;22,6;21,6;21,4;93;91;91;119;5,8;1,8;
2022/02/17;1200 UTC;0;985,4;985,4;985,1;455;23,6;21,6;23,6;22,9;21,8;21,2;91;89;89;146;3,8;1,5;
2022/02/17;1300 UTC;0;985,1;985,5;985,1;1263,7;24,7;22;24,7;23,5;22,4;21,4;89;85;85;135;3,9;2,1;
2022/02/17;1400 UTC;0;984,8;985,2;984,8;1977,3;26,2;22,6;26,2;24,6;22,7;21,6;86;77;80;129;4,1;2;
2022/02/17;1500 UTC;0;984,1;984,8;984,1;2630,8;27,5;22,7;27,5;26,1;23;21,8;82;73;75;144;4,6;1,8;
2022/02/17;1600 UTC;0;982,9;984,1;982,9;3381,8;28,7;22,2;29;27,3;23,4;21,5;76;67;68;75;4,5;1,8;
2022/02/17;1700 UTC;0;981,7;982,9;981,7;3612,6;29,9;22,6;30,1;28,2;23,2;21,2;71;62;65;154;4;1,6;
2022/02/17;1800 UTC;0;980,8;981,7;980,8;2985,5;30;21,8;30,3;29,2;23,2;21,2;68;59;62;103;4,1;1,9;
2022/02/17;1900 UTC;0;979,7;980,8;979,7;2477,5;30,5;21,7;30,7;29,8;22,2;20,7;63;57;59;87;3,5;1,6;
2022/02/17;2000 UTC;0;979,2;979,7;979,2;1651;30,2;21,8;30,8;30,2;22;20,5;61;55;61;132;3,4;1,8;
2022/02/17;2100 UTC;0;979,7;979,8;979,2;781;29;21,8;30,5;29;22;20,4;65;55;65;134;2,8;1,3;
2022/02/17;2200 UTC;0;979,9;979,9;979,7;30;27,1;23,2;29;27,1;23,2;21,6;79;65;79;150;2,6;,9;
2022/02/17;2300 UTC;0;980,2;980,2;979,8;;25,9;23,2;27,1;25,9;23,4;22,9;86;79;85;139;2,2;,8;
2022/02/18;0000 UTC;0;980,5;980,6;980,2;;25,1;22,6;26,1;25,1;23,3;22,6;87;83;86;186;1,8;,9;
2022/02/18;0100 UTC;;;;;;;;;;;;;;;;;;
2022/02/18;0200 UTC;0;981,8;981,8;981,4;;24,1;22,7;24,8;24,1;23;22,6;92;89;92;203;2,5;,4;
2022/02/18;0300 UTC;0;981,9;982,1;981,7;;23,9;22,8;24,1;23,7;22,8;22,6;94;92;94;242;1,4;,6;
2022/02/18;0400 UTC;0;982;982,1;981,9;;23,9;22,9;23,9;23,5;22,9;22,3;94;93;94;234;2,5;1,1;
2022/02/18;0500 UTC;0;980,9;982;980,9;;23,6;22,4;23,9;23,6;22,9;22,4;94;93;93;228;2,9;1,1;
2022/02/18;0600 UTC;0;980,4;980,9;980,4;;23;22;23,6;23;22,4;22;94;93;94;342;1,6;,6;
2022/02/18;0700 UTC;0;980,3;980,4;980,2;;22,5;21,5;23,1;22,5;22,1;21,5;94;94;94;219;1,1;,7;
2022/02/18;0800 UTC;0;980,1;980,3;980,1;;22,6;21,7;22,7;22,5;21,8;21,5;95;94;95;282;1,2;,3;
2022/02/18;0900 UTC;0;980,4;980,4;980,1;;22,6;21,8;22,7;22,4;21,8;21,5;95;95;95;125;1,3;,5;
2022/02/18;1000 UTC;0;980,9;980,9;980,4;91,8;23,5;22,6;23,5;22,6;22,6;21,8;95;95;95;52;1,5;,8;
2022/02/18;1100 UTC;0;981,8;981,8;980,9;514,3;24,5;23,5;24,5;23,4;23,5;22,5;95;94;94;334;1,6;,7;
2022/02/18;1200 UTC;0;982,4;982,4;981,8;1633;27,5;22,9;27,6;24,5;24;22,6;94;76;76;74;1,8;,7;
2022/02/18;1300 UTC;1,4;982,8;982,8;982,4;477,2;22,2;20,2;27,5;22,2;23,4;19,7;88;75;88;11;8,6;4,7;
2022/02/18;1400 UTC;20,2;982,8;983,3;982,5;162,6;21,6;20,7;22,2;21,6;21,1;20,2;95;88;95;4;8,4;3,4;
2022/02/18;1500 UTC;6;982,4;983,3;982,4;140,7;22,1;21;22,1;21,6;21;20,7;95;94;94;56;7,4;2,1;
2022/02/18;1600 UTC;1,4;981;982,4;981;437,9;22,7;21,2;22,7;22,1;21,2;20,9;94;91;91;32;3,8;,6;
2022/02/18;1700 UTC;0;979,1;981;979,1;779,9;23,8;21,4;23,8;22,7;21,5;20,9;92;85;87;150;1,7;,6;
2022/02/18;1800 UTC;0;978,4;979,1;978,4;1386,2;25,4;21,6;25,4;23,7;21,9;20,8;87;80;80;289;3,5;,9;
2022/02/18;1900 UTC;0;978,1;978,4;978;1103,4;25,4;22;25,8;25,2;22,2;21,1;82;76;81;80;2,2;1;
2022/02/18;2000 UTC;0;978,1;978,1;977,8;683,2;25,3;22;25,7;25,2;22,1;21,1;82;76;82;124;2;,8;
2022/02/18;2100 UTC;0;978,3;978,4;978,1;213,8;24,8;22,3;25,4;24,8;22,6;22;87;82;86;101;1,9;1;
2022/02/18;2200 UTC;0;978,9;979;978,3;35,2;24,1;22,1;24,8;24,1;22,5;22,1;89;86;89;143;2,6;1,3;
2022/02/18;2300 UTC;0;979,4;979,5;978,9;;23,6;22,4;24,1;23,5;22,4;22,1;93;88;93;157;2,3;,9;
2022/02/19;0000 UTC;;;;;;;;;;;;;;;;;;
2022/02/19;0100 UTC;0;980,6;980,7;980,3;;23,4;22,1;23,6;23,3;22,3;22,1;93;92;92;120;2,2;1;
2022/02/19;0200 UTC;0;981,7;981,7;980,6;;22,7;21,6;23,4;22,7;22,1;21,6;94;92;94;91;1,8;,5;
2022/02/19;0300 UTC;0;981,4;981,8;981,4;;23,3;22,2;23,3;22,7;22,3;21,6;94;93;93;42;3;1,4;
2022/02/19;0400 UTC;0;980,5;981,4;980,5;;23,2;21,9;23,4;23,1;22,2;21,9;93;92;93;136;3;,9;
2022/02/19;0500 UTC;0;979,9;980,5;979,9;;23;21,9;23,3;22,9;22;21,7;94;92;94;122;1,7;,5;
2022/02/19;0600 UTC;0;979,3;979,9;979,3;;22,6;21,7;23;22,5;22;21,5;94;94;94;200;1,5;,9;
2022/02/19;0700 UTC;0;979,3;979,3;979,2;;22,9;21,8;23,1;22,6;22,1;21,7;94;94;94;194;2,3;,8;
2022/02/19;0800 UTC;0;980;980;979,3;;22,9;21,7;23,1;22,9;21,9;21,7;94;92;93;197;2,2;,7;
2022/02/19;0900 UTC;0;980,6;980,6;980;;22,8;21,7;23,1;22,7;21,8;21,6;94;93;94;230;1,7;,5;
2022/02/19;1000 UTC;,2;981;981;980,6;36,8;23;21,9;23;22,8;21,9;21,7;94;94;94;208;2,3;1,5;
2022/02/19;1100 UTC;0;981,9;981,9;981;300;24;22,7;24;23;22,7;22;94;92;92;165;3,8;1,8;
2022/02/19;1200 UTC;0;982,3;982,3;981,9;743,7;24,9;22,4;24,9;24;22,8;22,3;92;86;86;170;5,7;2,8;
2022/02/19;1300 UTC;0;982,9;983;982,3;1718,1;27,2;22,4;27,3;24,9;23;22;86;75;75;176;5,1;1,5;
2022/02/19;1400 UTC;0;982,8;983;982,8;2536,8;27,6;23;27,7;26,6;23,4;21,8;79;72;76;193;5,1;1,9;
2022/02/19;1500 UTC;13,8;983,2;983,6;982,8;893,9;23,4;22,3;27,9;23;22,9;21,5;94;71;93;358;8,5;2;
2022/02/19;1600 UTC;2,4;983,4;983,4;983;83,5;22,1;21;23,5;22,1;22,4;20,9;94;92;93;287;5,6;2,6;
2022/02/19;1700 UTC;3,8;982,9;983,4;982,9;77;21,9;20,8;22,2;21,9;21;20,8;94;93;93;295;7,6;2,7;
2022/02/19;1800 UTC;5,4;982,3;982,9;982,3;152,3;21,9;20,9;21,9;21,7;20,9;20,6;94;93;94;273;6,8;1,8;
2022/02/19;1900 UTC;2;981,1;982,3;981,1;289,5;22,4;21,2;22,4;21,9;21,2;20,9;94;93;93;244;5,7;2,1;
2022/02/19;2000 UTC;,4;980,4;981,1;980,3;331;22,7;21,3;22,8;22,4;21,5;21,1;93;92;92;213;4;1,2;
2022/02/19;2100 UTC;0;981,1;981,1;980,3;262,8;22,9;21,5;23;22,7;21,6;21,3;92;91;92;65;2,3;,6;
2022/02/19;2200 UTC;0;981,6;981,6;981,1;31,1;22,5;21,4;22,9;22,5;21,6;21,2;93;91;93;117;2,7;1,4;
2022/02/19;2300 UTC;;;;;;;;;;;;;;;;;;
2022/02/20;0000 UTC;0;983,9;983,9;982,5;;22,3;21,1;22,3;22,3;21,2;21,1;94;93;93;87;3,1;1,2;
2022/02/20;0100 UTC;;;;;;;;;;;;;;;;;;
2022/02/20;0200 UTC;;;;;;;;;;;;;;;;;;
2022/02/20;0300 UTC;0;984;984;983,9;;22;20,7;22,3;22;21;20,6;93;91;93;76;4,2;,6;
2022/02/20;0400 UTC;0;984;984;983,9;;21,9;20,8;22;21,9;20,8;20,7;93;93;93;49;1,8;,7;
2022/02/20;0500 UTC;0;983,8;984,1;983,8;;21,7;20,7;22;21,7;20,8;20,7;94;93;94;214;1,4;,7;
2022/02/20;0600 UTC;0;983,1;983,8;983,1;;21,7;20,8;21,7;21,6;20,8;20,7;95;94;95;64;1,3;,7;
2022/02/20;0700 UTC;0;982,9;983,1;982,9;;21,5;20,6;21,7;21,5;20,8;20,5;95;94;94;62;1,4;,6;
2022/02/20;0800 UTC;0;983,1;983,1;982,9;;21,6;20,7;21,6;21,4;20,7;20,5;95;94;95;143;1,1;,7;
2022/02/20;0900 UTC;0;983,7;983,7;983,1;;21,6;20,6;21,6;21,5;20,7;20,6;95;94;94;93;1,9;1;
2022/02/20;1000 UTC;,4;984,3;984,3;983,7;41,9;21,8;20,8;21,8;21,6;20,8;20,6;94;94;94;24;1,9;,4;
2022/02/20;1100 UTC;,2;984,6;984,6;984,3;541,6;23;21,2;23;21,8;21,4;20,8;94;90;90;47;1,8;,7;
2022/02/20;1200 UTC;0;984,9;984,9;984,6;2102,9;25;21,5;25;23;21,9;20,8;90;79;81;92;2,8;1,5;
2022/02/20;1300 UTC;0;985,3;985,3;984,9;2828,5;27;21,5;27,3;25,1;22,6;21,1;82;70;72;108;4,3;1,7;
2022/02/20;1400 UTC;0;985,4;985,5;985,3;3149,1;27,8;20,7;28,3;26,9;21,9;20,3;73;65;65;209;4,4;1,2;
2022/02/20;1500 UTC;0;985,2;985,4;985,2;3663;29,7;21,2;29,8;27,8;22,2;20,3;69;59;60;85;4,2;1,6;
2022/02/20;1600 UTC;0;984;985,2;984;4050;30,2;19,6;30,7;29,2;21,8;19,6;63;53;53;34;4,2;1,4;
2022/02/20;1700 UTC;0;982,9;984;982,9;3337,4;31;19,2;31,4;29,7;21,1;18,6;58;49;49;166;4,6;1;
2022/02/20;1800 UTC;0;981,9;982,9;981,8;3100,2;30,9;20,7;32,1;30,8;20,9;18,7;55;46;55;222;4,2;1,5;
2022/02/20;1900 UTC;0;981,2;981,9;981,2;2716,5;30,3;21,2;30,9;30;22,6;21;62;55;59;248;7,8;2,8;
2022/02/20;2000 UTC;0;981,4;981,4;980,9;1686,6;28,4;20,9;30,6;28,4;21,8;20,6;64;57;64;112;6,7;2;
2022/02/20;2100 UTC;0;982;982;981,4;802,1;25,9;21,8;28,3;25,9;22,3;20,8;78;64;78;89;8,4;4;
2022/02/20;2200 UTC;0;982,3;982,3;982;151,2;24,7;21,7;25,9;24,6;21,9;21,3;84;78;84;121;7,4;1,2;
2022/02/20;2300 UTC;0;983,3;983,3;982,3;;24,3;21,9;24,7;24,3;22;21,6;87;84;87;58;2,4;1;
2022/02/21;0000 UTC;0;984,1;984,1;983,3;;24,1;22;24,3;24,1;22,1;21,7;88;86;88;76;2,6;1,1;
2022/02/21;0100 UTC;0;984,8;984,8;984,1;;24,2;22;24,3;24,1;22,1;21,8;89;86;88;97;2;,8;
2022/02/21;0200 UTC;0;985;985;984,8;;24;22,3;24,2;24;22,4;22;90;88;90;62;2;1,2;
2022/02/21;0300 UTC;0;984,6;985,1;984,6;;24;22,5;24,1;23,9;22,6;22,3;92;89;92;58;2;,6;
2022/02/21;0400 UTC;0;984,3;984,6;984,3;;23,8;22,4;24;23,8;22,6;22,3;92;91;92;38;2;1,1;
2022/02/21;0500 UTC;0;983,7;984,3;983,7;;23,9;22;24;23,8;22,4;22;92;89;90;118;2;1;
2022/02/21;0600 UTC;0;983,2;983,7;983,2;;23,8;21,8;23,9;23,8;22,1;21,8;90;89;89;106;2,4;1,1;
2022/02/21;0700 UTC;0;983,1;983,2;982,9;;23,6;21,8;23,9;23,6;21,9;21,8;90;88;89;116;2,2;1,2;
2022/02/21;0800 UTC;0;983,5;983,5;983,1;;23,5;21,6;23,6;23,5;21,8;21,6;90;89;89;137;2,5;,7;
2022/02/21;0900 UTC;0;983,6;983,6;983,5;;23,4;21,7;23,5;23,4;21,8;21,6;91;89;90;158;1,8;1,2;
2022/02/21;1000 UTC;0;984,3;984,3;983,6;97,7;23,8;21,7;23,8;23,2;21,9;21,5;91;88;88;198;2,1;,9;
2022/02/21;1100 UTC;0;985;985;984,2;577,2;25,5;22,4;25,5;23,8;22,4;21,6;89;83;83;187;2,4;1;
2022/02/21;1200 UTC;0;985,6;985,6;985;1971,1;28,1;21,6;28,2;25,5;22,7;21,5;83;68;68;114;3,8;1,8;
2022/02/21;1300 UTC;0;985,5;985,6;985,5;2811,7;28,9;21,6;29,2;28;22,5;21,2;71;63;65;147;5,1;1,7;
2022/02/21;1400 UTC;0;985,1;985,5;985,1;3238,2;30,3;21,7;30,4;28,9;22,8;21,3;68;60;60;135;4,5;2,2;
2022/02/21;1500 UTC;0;984,5;985,1;984,5;2742,7;30,1;22,4;31;29,7;23,3;21,4;65;59;63;148;5,7;2,2;
2022/02/21;1600 UTC;0;983,6;984,5;983,6;3001,6;31,1;21,3;32,1;30,1;23,5;20,6;65;53;56;137;5,4;1,9;
2022/02/21;1700 UTC;0;982,4;983,6;982,4;3486;31,6;21,8;33;31,1;22,8;20;59;48;56;140;4,7;1,9;
2022/02/21;1800 UTC;0;981,3;982,4;981,3;2465,1;33,4;22,3;33,4;29,8;23,3;20,9;66;50;52;218;4,3;1,1;
2022/02/21;1900 UTC;1,6;980,8;981,3;980,8;1187,5;26,4;22,6;33,4;25,6;23,5;21;84;51;80;293;10,3;2,6;
2022/02/21;2000 UTC;0;980,4;980,8;980,4;574,3;28;24,8;28;26,4;25,1;22,4;85;79;83;222;4,4;1,6;
2022/02/21;2100 UTC;0;980,7;980,7;980,3;241,7;27,4;24,2;28;27,4;24,9;24,1;85;81;83;214;2,9;1,9;
2022/02/21;2200 UTC;0;981,7;981,7;980,7;29,2;26,8;23,7;27,4;26,6;24,2;23,4;85;81;84;195;3,9;1,1;
2022/02/21;2300 UTC;,4;983,1;983,1;981,7;;25,5;22,5;26,8;25,4;23,7;22,1;84;76;84;170;6,9;3,3;
2022/02/22;0000 UTC;,8;983,2;983,6;982,8;;23,9;22,1;25,7;23,8;22,6;21,9;90;82;89;10;9;1,6;
2022/02/22;0100 UTC;0;983,5;983,7;983,3;;24;22,6;24;23,7;22,6;22;92;89;92;112;3,5;,4;
2022/02/22;0200 UTC;0;984,4;984,6;983,5;;23,9;22,6;24;23,8;22,8;22,4;93;92;92;257;2,4;1,7;
2022/02/22;0300 UTC;0;984,3;984,4;984,1;;23,8;22,5;24;23,8;22,7;22,5;92;92;92;245;2,9;,4;
2022/02/22;0400 UTC;0;984,1;984,4;983,9;;23,9;22,3;24;23,8;22,6;22,2;92;91;91;171;1,7;,7;
2022/02/22;0500 UTC;2,4;983,4;984,1;983,4;;23,2;21,7;23,9;23,2;22,6;21,7;93;91;91;195;5,4;3,4;
2022/02/22;0600 UTC;1;983,4;983,6;983,1;;23,3;22;23,3;23;22,1;21,3;93;89;92;176;5,4;1,6;
2022/02/22;0700 UTC;0;983,8;983,9;983,4;;23,6;22,6;23,6;23,2;22,6;22;94;92;94;156;2,6;,8;
2022/02/22;0800 UTC;2,4;983,8;984,1;983,8;;23,7;22,7;23,8;23,5;22,8;22,5;94;94;94;66;2,5;1,2;
2022/02/22;0900 UTC;1,6;983,2;983,8;983,2;;23,3;21,3;23,7;23,3;22,7;21,2;94;87;89;65;2,5;,9;
2022/02/22;1000 UTC;0;984,1;984,1;983,1;12,5;22,8;21,4;23,3;22,7;21,5;21,2;92;89;92;23;2,1;,9;
2022/02/22;1100 UTC;,2;984,9;984,9;984,1;136;23,3;21,9;23,3;22,8;21,9;21,4;93;92;92;182;2,1;1,4;
2022/02/22;1200 UTC;0;985,1;985,2;984,9;537,3;24,6;23,1;24,6;23,3;23,1;21,7;92;90;91;153;3,5;1,8;
2022/02/22;1300 UTC;0;985,2;985,3;985,1;1303;26,2;22,7;26,2;24,6;23,3;21,9;91;80;81;127;4,3;2;
2022/02/22;1400 UTC;0;984,4;985,2;984,4;2745,1;28,6;23,5;28,7;26,2;24,1;22,2;81;73;74;148;5;2,9;
2022/02/22;1500 UTC;0;984;984,4;984;3818,6;30,5;22,8;30,8;28,5;24,4;22,6;76;64;64;160;5,8;2,4;
2022/02/22;1600 UTC;0;982,8;984;982,8;3876,8;30,9;22,9;31,3;30,3;24,3;22,4;69;61;62;143;6,1;2,6;
2022/02/22;1700 UTC;0;981,4;982,8;981,4;3458,1;31,9;23,3;32;30,8;23,9;22,6;65;59;61;132;7,1;2,8;
2022/02/22;1800 UTC;30,8;981,1;982,2;980,9;587,9;23,5;20,1;31,9;22,6;23,5;17,6;85;57;82;109;11,7;4,8;
2022/02/22;1900 UTC;5;980,4;981,3;980,4;207,5;24;21,8;24;23,4;22;20,2;90;82;88;262;9,6;1,7;
2022/02/22;2000 UTC;0;980;980,4;979,8;182,4;25,2;23,6;25,2;24;23,6;21,8;91;87;90;178;2,3;,8;
2022/02/22;2100 UTC;0;979,5;980;979,2;177,4;25,4;23,1;25,6;25,2;23,9;22,9;90;86;87;328;5,3;,8;
2022/02/22;2200 UTC;0;980,2;980,3;979,5;59,2;24,9;23,5;25,5;24,9;23,7;23;92;87;92;255;2,2;,4;
2022/02/22;2300 UTC;0;981,2;981,2;980,1;;24,9;23,3;24,9;24,5;23,5;23,2;93;91;91;292;2,2;1,2;
2022/02/23;0000 UTC;;;;;;;;;;;;;;;;;;
2022/02/23;0100 UTC;0;982,6;982,8;981,9;;24,7;23,2;25,3;24,6;23,3;22,8;92;86;91;153;2,5;,9;
2022/02/23;0200 UTC;0;983;983,1;982,6;;24,8;23;24,9;24,6;23,3;23;92;90;90;103;2,3;1,2;
2022/02/23;0300 UTC;0;982,4;983;982,4;;24,5;22,7;24,8;24,5;23,1;22,5;90;88;89;151;3,1;,8;
2022/02/23;0400 UTC;0;981,7;982,4;981,7;;23,7;22,2;24,5;23,7;22,7;22,2;91;89;91;210;1,7;,7;
2022/02/23;0500 UTC;0;981,5;981,7;981,4;;23,9;22,5;24;23,6;22,5;22,2;92;91;92;144;1,8;,5;
2022/02/23;0600 UTC;,2;980,9;981,5;980,9;;23,7;22,3;23,9;23,7;22,6;22,3;93;91;92;199;2,1;,8;
2022/02/23;0700 UTC;5;981,4;981,4;980,9;;23;21,5;23,8;22,9;22,5;20,8;93;84;91;358;5,1;,5;
2022/02/23;0800 UTC;0;981,5;981,5;981,3;;22,9;21,9;23,1;22,7;21,9;21,5;94;91;94;88;1,6;,6;
2022/02/23;0900 UTC;6,8;982,1;982,1;981,3;;22,9;21,9;23;22,8;22;21,6;94;93;94;325;5;1,3;
2022/02/23;1000 UTC;0;982,1;982,2;982;275,9;24,2;23,1;24,2;22,9;23,1;22;94;94;94;225;3,4;1;
2022/02/23;1100 UTC;0;982,5;982,6;982,1;819,4;25,6;22,3;25,9;24,2;23,6;22,3;94;82;82;156;2;1,1;
2022/02/23;1200 UTC;0;983,3;983,3;982,5;1833,6;27,7;22,8;27,8;25,5;23,1;22,2;84;73;75;132;3,5;1,9;
2022/02/23;1300 UTC;0;983,7;983,7;983,3;2053,9;28,2;22,6;28,6;27,4;23,3;21,8;77;68;72;114;3,9;1,8;
2022/02/23;1400 UTC;0;983,5;983,7;983,5;3431,8;30,3;23;30,3;28,2;23,5;22;75;63;65;88;4,2;1,4;
2022/02/23;1500 UTC;0;982,4;983,5;982,4;3405,5;31;22,2;31,1;30;23,9;21,5;68;58;60;87;5,1;2,6;
2022/02/23;1600 UTC;0;982,3;982,5;981,9;2766,7;25,7;21,5;31,5;25,5;23,2;19,9;78;56;78;14;14,8;5,9;
2022/02/23;1700 UTC;,2;981,1;982,4;981;2102,3;26,1;21,4;26,3;24,3;22,4;20,9;86;74;75;17;9,9;1,9;
2022/02/23;1800 UTC;0;979,9;981,1;979,9;1961;28,5;23,3;28,5;25,8;23,3;21;78;71;74;48;4,2;2;
2022/02/23;1900 UTC;0;980,3;980,3;979,5;977,7;27,7;23,4;28,5;27,7;23,8;22,2;79;70;78;316;4,2;1,6;
2022/02/23;2000 UTC;0;979,9;980,3;979,9;385,7;26,2;23,2;27,8;26,2;23,9;23;84;78;83;301;5,2;2,3;
2022/02/23;2100 UTC;0;980,7;980,7;979,7;106,8;25,5;22,5;26,2;25,5;23,2;22,4;83;80;83;288;4,7;2,3;
2022/02/23;2200 UTC;0;981;981,2;980,7;14,3;24,2;21,7;25,5;24,2;22,5;21,7;86;83;86;247;6,6;3,4;
2022/02/23;2300 UTC;0;982,1;982,1;980,9;;23,7;21,8;24,2;23,7;21,9;21,7;89;86;89;229;5,8;2,9;
2022/02/24;0000 UTC;;;;;;;;;;;;;;;;;;
2022/02/24;0100 UTC;;;;;;;;;;;;;;;;;;
2022/02/24;0200 UTC;0;983,6;983,6;983,4;;23,2;21,3;23,4;23,2;21,6;21,3;90;89;89;191;5,6;2,7;
2022/02/24;0300 UTC;0;982,8;983,6;982,7;;22,9;21,2;23,2;22,9;21,4;21,1;90;89;90;199;5,3;2,1;
2022/02/24;0400 UTC;0;982,9;983,2;982,8;;22,8;21,1;23;22,8;21,2;21,1;90;90;90;169;4,2;1,2;
2022/02/24;0500 UTC;0;982,6;983;982,6;;22,7;21,1;23;22,7;21,2;21;90;89;90;42;3,2;1,4;
2022/02/24;0600 UTC;0;980,9;982,6;980,9;;22,4;21,2;22,8;22,3;21,2;20,9;93;90;93;279;3;1,3;
2022/02/24;0700 UTC;0;981,1;981,1;980,9;;22,3;21,2;22,4;22,2;21,2;21;94;93;94;231;3;,6;
2022/02/24;0800 UTC;0;981,9;982;981,1;;22,3;21,4;22,4;22,2;21,4;21,1;94;94;94;39;1,6;,8;
2022/02/24;0900 UTC;0;982,3;982,3;981,9;;22,5;21,6;22,5;22,3;21,6;21,3;94;94;94;325;1,5;,8;
2022/02/24;1000 UTC;0;982,6;982,6;982,3;122,4;23,5;22,3;23,5;22,5;22,3;21,5;94;93;93;148;1,7;,8;
2022/02/24;1100 UTC;0;983,8;983,8;982,6;1002;26;22,7;26;23,6;23;21,8;92;81;82;133;3,9;1,8;
2022/02/24;1200 UTC;0;984,2;984,3;983,8;1827;27,5;22;27,6;25,8;22,6;21,7;82;70;72;111;3,5;1,4;
2022/02/24;1300 UTC;0;984,6;984,7;984,2;2685,1;28,9;23,1;28,9;27,5;23,2;21,7;73;69;71;141;5,3;2,3;
2022/02/24;1400 UTC;0;984,7;984,9;984,6;3006;29,4;21,9;29,9;28,6;23,2;21,9;71;64;64;133;5,3;2,1;
2022/02/24;1500 UTC;0;983,9;984,7;983,9;3754,4;31,2;21,9;31,6;29,4;23,5;21,9;66;57;58;115;3,5;1,4;
2022/02/24;1600 UTC;0;982,6;983,9;982,6;3567,6;32,2;21,5;32,5;31;23,6;21,1;63;52;53;360;3,2;1,2;
2022/02/24;1700 UTC;0;981,8;982,6;981,8;2709,1;31,8;21,6;33,1;31,8;23,1;20,9;60;50;55;352;3,9;1;
2022/02/24;1800 UTC;0;981,4;982;981,3;596,5;29,1;23,5;32,2;29,1;24,3;21,6;72;54;72;124;5;2,5;
2022/02/24;1900 UTC;0;980,9;981,5;980,7;695,7;29,1;23,4;29,4;28,6;23,9;22,8;74;68;71;108;5;,9;
2022/02/24;2000 UTC;0;981,1;981,1;980,5;514,4;28,4;23;29,1;28,4;24,1;22,9;75;70;73;199;4,8;2,5;
2022/02/24;2100 UTC;0;981,6;981,6;981;190,3;25,7;21,1;28,4;25,7;23;21,1;78;71;76;207;8,1;3,6;
2022/02/24;2200 UTC;0;981,8;981,8;981,3;28,2;24,8;21,7;25,7;24,8;21,8;21,1;83;76;83;203;6;1,4;
2022/02/24;2300 UTC;;;;;;;;;;;;;;;;;;
2022/02/25;0000 UTC;0;982,3;982,3;981,4;;23,5;21,9;24,3;23,5;22,2;21,8;90;86;90;214;2,3;1,7;
2022/02/25;0100 UTC;0;983,2;983,2;982,3;;23,3;22;23,7;23,3;22,3;21,9;92;90;92;217;2,3;1,4;
2022/02/25;0200 UTC;0;983;983,2;982,9;;23,3;22,1;23,4;23,2;22,2;22;93;92;93;254;2,9;,5;
2022/02/25;0300 UTC;0;983,3;983,4;983;;22,9;21,8;23,3;22,9;22,1;21,8;94;93;93;307;1,9;,8;
2022/02/25;0400 UTC;0;982,4;983,3;982,4;;22,5;21,5;22,9;22,5;21,8;21,5;94;93;94;239;1,3;,6;
2022/02/25;0500 UTC;0;981,9;982,4;981,9;;22,8;21,9;22,8;22,4;21,9;21,4;95;94;95;149;1,3;,4;
2022/02/25;0600 UTC;0;982;982,1;981,9;;22,8;21,9;22,8;22,5;22;21,6;95;94;95;28;2,4;1,3;
2022/02/25;0700 UTC;0;982;982;981,7;;22,9;22;22,9;22,6;22;21,8;95;95;95;9;2,6;1,4;
2022/02/25;0800 UTC;0;982,2;982,3;982;;22,4;21,5;22,9;22,4;22;21,4;95;94;94;325;2,5;,4;
2022/02/25;0900 UTC;0;982;982,2;981,7;;22,1;21,2;22,4;22;21,4;21,1;95;94;95;250;2,1;,6;
2022/02/25;1000 UTC;0;983,5;983,5;982;112,6;23,2;22,3;23,2;22;22,3;21,1;95;94;94;190;1,4;,9;
2022/02/25;1100 UTC;0;984,3;984,3;983,5;882,6;26,1;23,2;26,1;23,2;23,2;22,3;94;83;84;144;4,4;2,1;
2022/02/25;1200 UTC;0;985,1;985,1;984,3;1840,8;28,1;23,3;28,1;26;23,7;22,6;84;74;75;160;4,4;1,9;
2022/02/25;1300 UTC;0;985,3;985,3;985,1;2683,2;29,8;23,2;29,9;27,9;23,7;22,5;75;66;67;130;3,8;1,9;
2022/02/25;1400 UTC;0;985;985,3;985;3340,3;31,1;22,6;31,6;29,4;23,8;22,5;69;59;60;106;3,8;2,1;
2022/02/25;1500 UTC;0;984,2;985;984,2;3484,1;32,7;22,7;32,8;31,1;24;21,8;63;55;56;183;3,9;1,4;
2022/02/25;1600 UTC;0;983;984,2;983;3130,1;32,6;20,8;33,8;31,9;23,2;20,5;58;47;50;23;3,7;2,1;
2022/02/25;1700 UTC;0;982,4;983;982,4;3853,3;34,6;20,3;34,7;32,6;22,5;19,6;53;42;43;313;4;1;
2022/02/25;1800 UTC;0;981,5;982,4;981,5;2873,6;34,9;19,1;35,5;33,5;21,8;18,5;49;38;40;96;3,8;1,8;
2022/02/25;1900 UTC;0;980,8;981,5;980,8;2351,4;34,2;20,9;35,1;33;22,4;18;53;37;46;158;5,6;2,4;
2022/02/25;2000 UTC;0;980,3;980,8;980,3;1805;33,9;20,3;34,4;33,8;21,5;19,9;49;43;45;151;4,9;2,1;
2022/02/25;2100 UTC;0;980,1;980,3;980;833,8;32,9;21,2;34;32,9;21,7;19,8;51;44;50;158;4,3;2;
2022/02/25;2200 UTC;0;980,5;980,5;980,1;63,6;28,8;23,8;32,9;28,8;24,3;21;77;50;75;169;3,3;,4;
2022/02/25;2300 UTC;0;980,7;980,7;980,4;;27,7;23,2;28,8;27,7;23,9;22,4;77;70;77;204;1,9;,8;
2022/02/26;0000 UTC;0;981,5;981,5;980,7;;27;23,2;27,9;27;24;22,7;83;74;80;188;2,3;,7;
2022/02/26;0100 UTC;;;;;;;;;;;;;;;;;;
2022/02/26;0200 UTC;0;982,5;982,5;982;;25,5;23,3;26,4;25,3;24;23;89;82;88;206;1,8;1,2;
2022/02/26;0300 UTC;0;982,3;982,5;982,3;;25,2;23,1;25,8;25,2;23,8;23,1;91;86;88;176;1,7;,9;
2022/02/26;0400 UTC;0;982,7;982,7;982,3;;25,5;22,8;25,9;24,7;23,8;22,8;92;84;85;52;4,3;1,4;
2022/02/26;0500 UTC;0;982;982,9;982;;25,3;22,9;25,7;25,3;23;22,8;87;85;86;81;2,5;1,1;
2022/02/26;0600 UTC;0;982;982,1;981,9;;24,8;23,2;25,7;24,6;23,2;22,8;91;85;91;51;1,5;,3;
2022/02/26;0700 UTC;0;982,2;982,3;981,8;;24,6;23,1;24,9;24,6;23,5;23;92;91;91;311;2,5;1,2;
2022/02/26;0800 UTC;0;982,6;982,6;982,2;;24,3;23;24,7;24,1;23,1;22,7;93;91;92;239;2,5;1,4;
2022/02/26;0900 UTC;0;982,9;982,9;982,6;;23,8;22,6;24,4;23,7;23,1;22,4;93;92;93;335;2,5;1;
2022/02/26;1000 UTC;0;983,3;983,3;982,9;80,4;24;22,9;24;23,4;22,9;22,3;94;93;94;80;1,7;,6;
2022/02/26;1100 UTC;0;983,9;983,9;983,2;870,2;26,8;22,8;26,9;24;24;22,6;94;78;79;128;3,5;2;
2022/02/26;1200 UTC;0;984,5;984,5;983,9;1850,2;29,1;22,5;29,1;26,8;23,3;22,2;80;67;68;112;4,3;2,4;
2022/02/26;1300 UTC;0;985,1;985,2;984,5;2675,6;30,7;21,2;31;29,1;22,8;20,7;68;56;57;133;5,1;2,9;
2022/02/26;1400 UTC;0;985,1;985,3;985,1;3390,9;32,1;21,7;32,2;30,5;22;20,3;58;52;54;100;6,8;2,7;
2022/02/26;1500 UTC;0;984,6;985,1;984,6;3373,5;32,5;20,6;33;32;22;20;55;48;50;85;6,1;2,7;
2022/02/26;1600 UTC;0;983;984,6;983;3358,7;33;20,4;33,4;32,3;22;19,5;53;45;48;75;5,3;2,2;
2022/02/26;1700 UTC;0;982;983;982;2684,4;32,1;21,1;33,6;32,1;22,3;20,2;54;46;53;60;4,7;2,4;
2022/02/26;1800 UTC;0;981;982;981;2702,5;33,3;20,7;33,3;31,6;22,7;20,5;58;47;48;87;5,6;2,4;
2022/02/26;1900 UTC;0;980,4;980,9;980,4;2128,3;33,2;20,4;34,1;32,4;22;19,7;53;45;47;64;4,7;1,4;
2022/02/26;2000 UTC;0;980,7;980,9;980,4;624,8;30,2;22;33,3;30,2;22,5;20,1;62;47;61;14;4,8;1,4;
2022/02/26;2100 UTC;0;980,7;980,9;980,7;305,6;30;23;30,2;29,7;23,8;22,1;70;61;66;41;3,2;,7;
2022/02/26;2200 UTC;0;980,9;981;980,7;36,4;27,8;23,7;30;27,5;24,4;23,1;82;67;79;355;2,6;1,7;
2022/02/26;2300 UTC;;;;;;;;;;;;;;;;;;
2022/02/27;0000 UTC;0;982,1;982,1;981,3;;26,1;22,8;26,7;25,9;23,3;22,7;84;79;82;328;2,7;1;
2022/02/27;0100 UTC;0;982,1;982,3;982,1;;25,3;22,9;26,1;25,3;23,2;22,6;87;82;87;341;1,9;,2;
2022/02/27;0200 UTC;0;982,2;982,3;982,1;;24,7;23;25,3;24,6;23,2;22,8;91;87;90;126;,9;,2;
2022/02/27;0300 UTC;0;982,3;982,4;982,2;;24,2;22,9;24,7;24,2;23,1;22,6;92;89;92;37;1,2;,7;
2022/02/27;0400 UTC;0;982,1;982,5;982;;24,4;23,1;24,7;24,2;23,5;22,9;93;92;93;67;3,1;,3;
2022/02/27;0500 UTC;0;981,7;982,1;981,7;;24,1;23;24,4;23,8;23,1;22,6;94;92;94;188;2,4;1,3;
2022/02/27;0600 UTC;0;981,4;981,7;981,4;;23,9;22,8;24,2;23,9;23,1;22,8;94;93;94;45;2,1;,3;
2022/02/27;0700 UTC;0;981,2;981,5;981,2;;23,9;23;23,9;23,7;23;22,6;94;94;94;180;1,4;,6;
2022/02/27;0800 UTC;0;981,4;981,4;981,1;;23,7;22,7;23,9;23,7;22,9;22,7;94;94;94;140;1,4;,5;
2022/02/27;0900 UTC;0;981,7;981,7;981,4;;23,3;22,3;23,7;23,3;22,7;22,3;94;94;94;139;1,4;,4;
2022/02/27;1000 UTC;0;982,4;982,4;981,7;125,5;24,8;23,8;24,8;23,2;23,8;22,2;95;94;94;194;1,4;,6;
2022/02/27;1100 UTC;0;983,4;983,4;982,4;883,5;27,1;24,1;27,1;24,8;24,5;23,8;94;84;84;148;3,9;1,8;
2022/02/27;1200 UTC;0;983,9;983,9;983,4;1835,3;29,1;24,3;29,2;27,1;24,6;23,6;84;74;75;126;3,8;2,1;
2022/02/27;1300 UTC;0;984;984,1;983,9;2665,6;30,9;22,3;31,3;29,1;24,8;21,6;76;58;60;117;4,5;2,1;
2022/02/27;1400 UTC;0;983,7;984;983,6;3169,5;31,7;21,3;32,2;30,8;23,5;21,3;63;53;54;124;5,5;2;
2022/02/27;1500 UTC;0;982,9;983,7;982,9;3224,5;32,7;20,5;33,2;31,5;23,2;20,2;59;48;49;97;5,9;2,6;
2022/02/27;1600 UTC;0;981,6;982,9;981,6;3487;33,3;20,3;33,6;31,9;22,7;19,7;56;45;47;12;5,9;2,2;
2022/02/27;1700 UTC;0;980,6;981,6;980,6;2866,7;33,5;20,1;34,2;32,1;22,4;19,2;54;42;45;36;4,8;1,9;
2022/02/27;1800 UTC;0;979,7;980,6;979,7;2828,3;33,6;20,8;34,7;32,7;21,6;19,1;50;41;47;355;5,3;2,6;
2022/02/27;1900 UTC;0;978,9;979,7;978,9;2797,6;34,5;19,2;35,2;33,6;21,2;18,2;47;37;41;167;5,3;1,3;
2022/02/27;2000 UTC;0;978,9;979;978,8;1618,2;33,8;20,1;34,9;33,3;21,5;18,3;49;38;45;110;3,8;1,5;
2022/02/27;2100 UTC;0;978,4;978,9;978,4;494,3;32,4;22,5;34;31,6;22,7;19,8;57;44;56;90;2,7;,6;
2022/02/27;2200 UTC;0;978,5;978,5;978,3;55,5;28,8;23,4;32,3;28,8;24,1;21,3;73;53;73;150;1,5;,6;
2022/02/27;2300 UTC;0;978,9;979;978,5;;26,9;23;28,8;26,9;23,6;22,5;80;70;79;231;1,4;,9;
2022/02/28;0000 UTC;0;979,4;979,4;978,9;;26,4;23,5;27,1;26,4;23,6;22,7;84;78;84;212;2,3;,9;
2022/02/28;0100 UTC;0;980,5;980,5;979,4;;25,6;23,8;26,4;25,4;23,8;23,1;90;84;90;75;1,5;,5;
2022/02/28;0200 UTC;0;980,6;980,8;980,5;;25,1;23,5;25,6;25;23,8;23,2;91;89;91;231;1,1;,6;
2022/02/28;0300 UTC;0;980,6;980,8;980,5;;24,8;23,3;25,1;24,5;23,5;22,8;92;90;91;244;1,2;,7;
2022/02/28;0400 UTC;0;980,5;980,6;980,4;;24,6;23,2;24,8;24,4;23,2;22,8;92;90;92;229;2;1;
2022/02/28;0500 UTC;0;980;980,5;980;;24,5;23,2;24,7;24,2;23,3;22,8;93;92;93;202;1,7;1;
2022/02/28;0600 UTC;0;979,9;980,1;979,9;;24,6;23,4;24,8;24,3;23,6;23;93;93;93;85;1,4;,9;
2022/02/28;0700 UTC;0;980,3;980,3;979,9;;24,5;22,7;24,6;24,4;23,4;22,6;93;89;90;197;2,7;,6;
2022/02/28;0800 UTC;0;981,1;981,1;980,3;;24,3;22,6;24,5;24,1;22,9;22,5;91;89;90;340;3,5;,8;
2022/02/28;0900 UTC;0;981,2;981,3;980,8;;23,8;22,5;24,3;23,7;22,6;22,3;92;90;92;26;3,5;1;
2022/02/28;1000 UTC;0;982,3;982,3;981,2;111,8;24,8;23,2;24,8;23,8;23,2;22,5;92;91;91;19;1,8;,9;
2022/02/28;1100 UTC;0;983,2;983,2;982,3;388,8;25,5;23,4;25,5;24,8;23,4;23;91;87;88;37;1,8;,9;
2022/02/28;1200 UTC;0;984;984;983,2;1740,8;28,5;23;28,5;25,5;23,5;22,3;88;72;72;83;3,2;1,1;
2022/02/28;1300 UTC;0;984;984,2;984;2688;30,4;21,9;30,8;28,4;23,1;21,9;72;60;60;115;3,7;1,1;
2022/02/28;1400 UTC;0;983,9;984,1;983,9;3090,3;30,3;21,8;31,3;30;23,2;21,5;65;58;60;78;3,5;1,7;
2022/02/28;1500 UTC;0;983,2;983,9;983,2;3024,1;31,9;21,7;32,3;30,3;23;21,5;63;53;55;66;4,4;1,6;
2022/02/28;1600 UTC;0;982;983,2;981,9;2706,6;32,8;21,2;32,9;30,9;22,5;20,2;58;49;51;54;6,7;3,1;
2022/02/28;1700 UTC;0;980,9;982;980,9;3136;33,8;20,4;33,8;32,3;22,3;20;52;46;46;351;6,7;1,8;
2022/02/28;1800 UTC;0;980;980,9;980;3099,2;32,6;21;34,3;32,6;21,6;19,7;50;44;50;36;5,5;1,6;
2022/02/28;1900 UTC;0;979,3;980;979,3;1500,8;31,7;22,1;33,3;31,6;22,4;21;57;50;57;357;5,1;2,5;
2022/02/28;2000 UTC;0;978,9;979,3;978,8;1645,9;32,4;21,2;32,8;31,7;22,8;20,4;57;49;52;6;5,1;1,6;
2022/02/28;2100 UTC;0;979;979;978,7;780,6;32;22,2;32,7;32;22,2;20,8;56;51;56;355;2,8;,7;
2022/02/28;2200 UTC;0;979,4;979,5;979;64,1;28,8;22,7;32;28,8;23,3;22,2;70;56;70;310;2,3;1,5;
2022/02/28;2300 UTC;;;;;;;;;;;;;;;;;;
2022/03/01;0000 UTC;;;;;;;;;;;;;;;;;;
2022/03/01;0100 UTC;0;981,2;981,2;980,3;;25,4;23,1;26,2;25,2;23,2;22,4;87;81;87;123;,9;,5;
2022/03/01;0200 UTC;0;981,6;981,6;981,2;;24,9;22,9;25,5;24,9;23,2;22,7;89;87;89;220;1,3;,4;
2022/03/01;0300 UTC;0;981,5;981,7;981,4;;24,4;22,9;24,9;24,3;23;22,4;92;88;92;104;1,5;,3;
2022/03/01;0400 UTC;0;981,3;981,5;981,2;;24,3;22,9;24,4;24;23,1;22,5;92;91;92;181;1,6;,7;
2022/03/01;0500 UTC;0;981,4;981,4;981,2;;23,9;22,6;24,3;23,9;23;22,5;93;92;92;205;1,9;,4;
2022/03/01;0600 UTC;0;981;981,4;981;;23,8;22,7;24;23,8;22,9;22,6;93;92;93;343;1;,7;
2022/03/01;0700 UTC;0;981,1;981,1;980,9;;23,5;22,3;23,9;23,5;22,7;22,3;93;93;93;236;1,1;,6;
2022/03/01;0800 UTC;0;981,6;981,6;981,1;;23,9;22,9;23,9;23,4;22,9;22,2;94;93;94;67;1,8;,6;
2022/03/01;0900 UTC;0;982,2;982,2;981,6;;23,8;22,7;24,1;23,8;23,1;22,7;94;93;93;25;4,2;1,4;
2022/03/01;1000 UTC;0;982,7;982,7;982;223,8;24,9;23,1;24,9;23,8;23,4;22,6;93;90;90;257;3;1,3;
2022/03/01;1100 UTC;0;983,9;983,9;982,7;870,6;26,7;23,8;26,7;24,9;24,1;23,2;90;84;84;351;3,3;1,6;
2022/03/01;1200 UTC;0;984,2;984,5;983,9;1708,4;27,8;22,6;28;26,7;24,3;22,2;85;73;73;357;6;3,2;
2022/03/01;1300 UTC;0;983,7;984,3;983,6;2681,5;29,8;22,9;30,4;27,8;24;21,9;74;65;67;77;6;2,2;
2022/03/01;1400 UTC;0;984,3;984,4;983,7;3206,6;31,3;23,1;31,5;29,6;23,7;21,9;68;59;62;250;4,2;2;
2022/03/01;1500 UTC;0;983,2;984,3;983;2686;30,5;22,8;32,5;30,4;24,1;21,6;64;55;64;203;5,1;2,5;
2022/03/01;1600 UTC;13;984,5;985,1;983,2;170;22,8;21,5;30,5;21,4;23;17,4;93;52;92;35;12,9;1,4;
2022/03/01;1700 UTC;,4;981,9;984,5;981,9;764,5;24,3;21,9;24,3;22,8;21,9;21,2;93;85;86;30;3,2;,8;
2022/03/01;1800 UTC;,2;981,5;981,8;981,1;2130,6;27,9;22;27,9;24,2;22,6;21,1;86;69;70;299;4,2;1,8;
2022/03/01;1900 UTC;0;981;981,6;981;2466,3;28,1;21,3;29,2;27,7;23,3;21;73;64;66;329;5,9;2,6;
2022/03/01;2000 UTC;0;980,5;981;980,4;764;25,7;20,7;28,6;25,7;22,1;20,6;75;65;74;318;7,4;2,3;
2022/03/01;2100 UTC;0;980,3;980,9;980,3;107,2;24,7;21,4;25,7;24,7;21,5;20,6;82;74;82;325;5,1;1;
2022/03/01;2200 UTC;0;979,6;980,3;979,5;15,5;23,8;21,9;24,7;23,8;22;21,3;89;82;89;262;2,4;,5;
2022/03/01;2300 UTC;;;;;;;;;;;;;;;;;;
2022/03/02;0000 UTC;;;;;;;;;;;;;;;;;;
2022/03/02;0100 UTC;0;983,1;983,1;982,1;;22,9;21,6;23;22,7;21,8;21,3;93;92;93;134;1,8;,9;
2022/03/02;0200 UTC;0;983,4;983,5;982,9;;22,4;21,4;22,8;22,4;21,6;21,1;94;92;94;76;2,6;1,1;
2022/03/02;0300 UTC;0;983;983,4;982,9;;22,5;21,4;23,1;22,4;22;21,2;94;92;93;27;3,6;1,6;
2022/03/02;0400 UTC;0;982,5;983;982,4;;22,5;21,4;22,7;22,2;21,5;21,1;94;93;94;277;2,7;,9;
2022/03/02;0500 UTC;0;982,6;982,8;982,5;;22,7;21,5;22,8;22,5;21,7;21,4;94;93;93;319;1,5;,4;
2022/03/02;0600 UTC;0;982,8;982,9;982,6;;22,6;21,5;22,7;22,5;21,7;21,4;94;93;94;266;1,9;,9;
2022/03/02;0700 UTC;0;982,9;982,9;982,8;;22,8;21,8;22,8;22,6;21,8;21,5;94;94;94;337;1,5;,7;
2022/03/02;0800 UTC;0;982,5;982,9;982,5;;22,8;21,7;22,9;22,6;21,8;21,5;94;93;94;290;1,8;1,1;
2022/03/02;0900 UTC;0;983,6;983,6;982,5;;22,9;21,6;22,9;22,7;21,9;21,6;94;93;93;266;2,7;,5;
2022/03/02;1000 UTC;0;984,5;984,5;983,6;74,5;22,9;21,6;23;22,8;21,8;21,5;93;92;92;178;3;1,5;
2022/03/02;1100 UTC;0;985,8;985,9;984,5;178,3;23,2;21;23,2;22,9;21,7;21;92;87;87;169;4,4;1,7;
2022/03/02;1200 UTC;0;986,2;986,2;985,7;302;23,7;21,6;23,7;23,1;21,6;20,8;88;86;88;189;3;1,4;
2022/03/02;1300 UTC;0;986,7;986,7;985,9;2157,7;26;22,3;26,7;23,7;23,1;21,7;89;78;80;177;6,8;3,6;
2022/03/02;1400 UTC;0;986,5;986,7;986,4;2783,4;27,2;21,2;27,7;25,7;23;21,2;81;69;70;158;7,2;3,9;
2022/03/02;1500 UTC;0;985,9;986,5;985,9;2610,2;28,3;21,5;28,4;26,8;22,3;21;74;65;67;108;6,1;2;
2022/03/02;1600 UTC;0;984,2;985,9;984,2;3408,7;28,9;21,4;29,1;27,7;22,4;20,7;71;63;64;154;7;3,5;
2022/03/02;1700 UTC;0;983,2;984,2;983,2;3243,8;29,9;20,8;30,2;28,8;21,8;20,3;65;57;58;154;7,5;3,2;
2022/03/02;1800 UTC;0;982,8;983,3;982,8;3289;30,3;20,2;31,2;29,7;21,8;20;59;54;55;112;5,6;1,8;
2022/03/02;1900 UTC;7,2;983,9;984,2;982,7;1094,2;20,6;19;31,1;20,3;21,8;18,8;91;53;90;18;18;8;
2022/03/02;2000 UTC;4,2;983,6;984;983,5;173,8;21,1;19,1;21,3;20,6;19,2;18,8;90;87;88;37;15;2,1;
2022/03/02;2100 UTC;1;982,7;983,6;982,7;84,3;21,3;19,8;21,5;21,1;20;19,1;92;88;91;232;4,9;1,8;
2022/03/02;2200 UTC;,2;982,4;983;982,4;7,6;21,4;19,9;21,5;21,2;20,1;19,7;92;91;91;232;4;,4;
2022/03/02;2300 UTC;,2;981,8;982,4;981,7;;21,4;20,3;21,5;21,2;20,3;19,7;93;91;93;212;2,6;1,5;
2022/03/03;0000 UTC;0;983,5;983,5;981,7;;21,5;20,4;21,7;21,3;20,5;20,2;94;92;93;323;3,3;1,1;
2022/03/03;0100 UTC;0;985;985;983,6;;21,3;20,1;21,5;21,3;20,5;20,1;94;93;93;354;2;,8;
2022/03/03;0200 UTC;0;985,1;985,3;984,9;;21,5;20,2;21,5;21,1;20,4;20;94;93;93;57;3,2;1,2;
2022/03/03;0300 UTC;;;;;;;;;;;;;;;;;;
2022/03/03;0400 UTC;0;983,5;984,1;983,5;;21,4;20,5;21,5;21,2;20,5;20,2;94;94;94;186;2,6;1,3;
2022/03/03;0500 UTC;0;982,9;983,5;982,9;;21,7;20,7;21,8;21,4;20,8;20,4;94;94;94;190;2,6;,9;
2022/03/03;0600 UTC;0;983,5;983,5;982,9;;21,8;20,8;21,9;21,6;20,9;20,6;94;94;94;272;1,9;,5;
2022/03/03;0700 UTC;,4;983;983,5;983;;21,9;20,9;21,9;21,8;20,9;20,8;94;94;94;207;2,6;1,6;
2022/03/03;0800 UTC;,4;983,4;983,5;982,9;;22;21;22;21,8;21,1;20,9;95;94;95;134;3;,7;
2022/03/03;0900 UTC;,2;983,7;983,7;983,4;;22,1;20,9;22,1;22;21,2;20,9;95;93;93;159;3,1;1,6;
2022/03/03;1000 UTC;,2;984,1;984,1;983,7;19,7;22,3;21,2;22,3;22;21,2;20,9;94;93;94;162;3,2;1,3;
2022/03/03;1100 UTC;,2;984,7;984,7;984,1;171,5;22,6;20,9;22,7;22,3;21,2;20,9;94;90;90;165;3,6;1,6;
2022/03/03;1200 UTC;0;985,2;985,2;984,7;549,4;23,4;21,4;23,4;22,6;21,4;20,7;90;88;88;156;4,7;2,5;
2022/03/03;1300 UTC;0;985,3;985,4;985,2;1001,5;24,5;21,3;24,5;23,4;21,7;20,8;88;82;82;157;5,1;2,4;
2022/03/03;1400 UTC;0;985,3;985,5;985,3;2214,3;25,9;22;26,4;24,5;22,5;21,3;83;75;79;132;5;2,8;
2022/03/03;1500 UTC;0;985,4;985,4;985,3;1716,2;26,3;21,3;26,6;25,7;22,5;20,9;80;73;74;145;6,2;2,6;
2022/03/03;1600 UTC;0;984,5;985,4;984,5;1459,5;26,6;21,2;27;26,3;21,7;20,6;74;69;72;134;4,6;2,1;
2022/03/03;1700 UTC;0;983,6;984,5;983,6;1645,9;27,6;21,2;27,7;26,6;22,1;20,3;75;65;68;159;4,3;2,1;
2022/03/03;1800 UTC;0;982,8;983,6;982,8;1754;27,6;20,3;27,9;27,3;21,3;19,6;69;62;65;150;4,7;2,2;
2022/03/03;1900 UTC;0;981,7;982,8;981,7;1860,3;28;20;28,3;27,3;21,8;19,9;69;62;62;138;4,6;2,5;
2022/03/03;2000 UTC;0;980,8;981,7;980,8;837,2;26,8;20,4;27,9;26,8;20,8;19,7;69;61;68;150;5;2;
2022/03/03;2100 UTC;0;981;981;980,6;328,8;26,1;19,8;27;26,1;20,8;19,2;70;63;68;138;5;1,9;
2022/03/03;2200 UTC;0;981,6;981,6;981;48,3;25;20,2;26,1;25;20,3;19,6;75;68;75;137;3,7;1,9;
2022/03/03;2300 UTC;;;;;;;;;;;;;;;;;;
2022/03/04;0000 UTC;;;;;;;;;;;;;;;;;;
2022/03/04;0100 UTC;0;983,6;983,7;982,8;;23,6;21,1;24;23,6;21,2;20,6;86;82;86;122;3,8;,5;
2022/03/04;0200 UTC;;;;;;;;;;;;;;;;;;
2022/03/04;0300 UTC;0;982,8;983,8;982,8;;22,2;20,4;22,9;22,2;20,7;20,3;90;87;90;137;2,7;,3;
2022/03/04;0400 UTC;0;982,5;982,8;982,5;;21,9;20,6;22,2;21,7;20,6;20,2;92;90;92;245;2,1;1,4;
2022/03/04;0500 UTC;0;981,9;982,5;981,9;;21,4;20,4;22;21,4;20,7;20,4;94;92;94;246;2;,7;
2022/03/04;0600 UTC;0;981,4;981,9;981,4;;21,8;20,7;21,9;21,4;20,9;20,3;94;93;94;192;2,2;,9;
2022/03/04;0700 UTC;0;981,2;981,5;981,2;;21,9;20,6;22,1;21,7;20,9;20,6;94;92;92;193;2,1;,6;
2022/03/04;0800 UTC;0;981,4;981,4;981,2;;22;20,9;22;21,8;20,9;20,5;93;92;93;200;1,8;,8;
2022/03/04;0900 UTC;0;982;982;981,3;;21,8;20,5;22,1;21,8;20,9;20,5;93;92;93;259;1,6;,7;
2022/03/04;1000 UTC;0;982,4;982,4;982;89,4;22,2;21,1;22,2;21,7;21,1;20,5;94;93;94;213;1,3;,8;
2022/03/04;1100 UTC;0;983,4;983,4;982,4;730,6;24,4;21,8;24,8;22,2;21,8;20,7;93;80;85;85;2,7;1,2;
2022/03/04;1200 UTC;0;983,9;984;983,4;967,6;25,4;22;25,4;24,4;22,4;21,8;86;81;82;133;4,4;2,5;
2022/03/04;1300 UTC;0;984,2;984,2;983,9;2208,5;27,3;21,8;27,5;25,4;22,9;21,7;82;71;72;133;4,8;2,3;
2022/03/04;1400 UTC;0;983,9;984,2;983,9;3400,7;29,4;21,4;29,4;27,3;22,6;20,9;73;60;62;135;6,4;3,3;
2022/03/04;1500 UTC;0;983,2;984;983,2;3663,9;31,1;20,2;31,3;29,1;22,1;20,2;64;52;52;74;6,7;3,1;
2022/03/04;1600 UTC;0;982,3;983,2;982,3;3619,2;31,9;20,7;32,1;30,8;21,7;19,9;55;50;52;119;6,4;2,2;
2022/03/04;1700 UTC;0;981,1;982,3;981,1;3690,4;32,7;20,4;33,1;31,5;21,7;19,6;55;47;48;84;7,2;3;
2022/03/04;1800 UTC;0;979,8;981,1;979,8;1953,8;31,5;21,1;32,7;30,8;21,7;20;56;47;54;130;7,2;1,9;
2022/03/04;1900 UTC;0;979,1;979,8;979,1;2675,1;32,2;20,8;33,3;31,5;21,9;19,6;54;46;51;106;4,2;2,2;
2022/03/04;2000 UTC;0;979,4;979,4;978,8;1303,4;28,9;20;32,4;28,9;21,3;17,9;59;50;59;68;7,7;3,2;
2022/03/04;2100 UTC;0;980;980,1;979,3;583,3;25;19,5;28,8;25;21,6;19,5;73;59;72;35;8,2;3,7;
2022/03/04;2200 UTC;0;980,3;980,6;980;20,4;23,7;19,7;25;23,6;19,8;19,2;80;71;78;340;8,2;1,4;
2022/03/04;2300 UTC;0;981;981;980,3;;23,7;20,2;23,8;23,6;20,3;19,5;82;78;81;257;4,8;2,2;
2022/03/05;0000 UTC;0;982;982,2;981;;23,6;21,5;23,9;23,6;21,5;20,3;88;81;88;246;4,8;1,1;
2022/03/05;0100 UTC;;;;;;;;;;;;;;;;;;
2022/03/05;0200 UTC;0;983,1;983,2;982,7;;23,1;21,4;23,5;23,1;21,7;21,4;91;89;90;222;2,5;1;
2022/03/05;0300 UTC;0;983,2;983,2;983;;23,4;21,8;23,4;23,1;21,8;21,4;91;90;91;137;2,1;,6;
2022/03/05;0400 UTC;0;982,5;983,2;982,5;;23,3;22;23,4;23,2;22;21,7;92;91;92;289;1,5;,9;
2022/03/05;0500 UTC;0;981,4;982,5;981,4;;22,8;21,6;23,3;22,8;22;21,6;93;92;93;213;2,1;,8;
2022/03/05;0600 UTC;0;980,7;981,4;980,7;;22,7;21,7;22,8;22,5;21,7;21,4;94;93;94;153;1,8;1;
2022/03/05;0700 UTC;0;981,7;981,8;980,6;;23,1;19,7;23,7;22,7;22,2;19,7;94;81;81;61;8,7;4,3;
2022/03/05;0800 UTC;0;981,2;981,9;981,2;;21,6;19,5;23,1;21,4;19,8;19,5;90;81;88;58;9,8;1,3;
2022/03/05;0900 UTC;0;981,4;981,5;981,2;;21,6;19,6;22;21,5;19,6;19,3;89;85;89;346;3;,8;
2022/03/05;1000 UTC;0;982;982;981,4;111,3;22,4;20,4;22,4;21,5;20,5;19,6;90;87;89;134;2,1;1,1;
2022/03/05;1100 UTC;0;982,8;982,8;982;1036,6;25;21,5;25;22,4;21,5;20,3;89;81;81;71;3,7;1,9;
2022/03/05;1200 UTC;0;983,2;983,2;982,8;1620,6;26,8;21,5;26,8;24,6;22;20,9;82;73;73;87;4,6;2,5;
2022/03/05;1300 UTC;0;983,5;983,5;983,1;2723;28,3;20,7;28,7;26,8;21,8;20,2;73;61;63;86;7,4;3,1;
2022/03/05;1400 UTC;0;983,3;983,6;983,3;3194,1;29,1;20,6;29,6;28,2;21,2;19,7;65;58;60;57;7,5;3,3;
2022/03/05;1500 UTC;0;982,4;983,3;982,4;3619,5;30,3;19,9;30,6;28,8;21,3;19,7;63;54;54;79;6,7;3;
2022/03/05;1600 UTC;0;981,2;982,4;981,2;3868;30,5;19,8;31,1;29,8;21,2;19,5;57;51;53;67;6,2;3,4;
2022/03/05;1700 UTC;0;980,2;981,2;980,2;3604,2;30,7;20,1;32,1;30,4;21,6;19,5;55;50;53;53;7;2,6;
2022/03/05;1800 UTC;0;979,1;980,2;979,1;3133,1;30,8;19,9;31,8;30,6;21;19,2;55;49;52;55;8,6;3,4;
2022/03/05;1900 UTC;0;978,1;979,1;978,1;2592,2;31,6;19,5;31,8;30,8;20,9;18,8;53;47;49;72;7,1;3,1;
2022/03/05;2000 UTC;0;977,9;978,1;977,8;1725,9;31,7;20,5;31,8;31,4;20,5;18,9;53;47;52;85;5,2;2;
2022/03/05;2100 UTC;0;978,2;978,2;977,7;707,4;28,1;20,6;31,7;28,1;20,9;19,7;64;49;64;11;7,6;3,7;
2022/03/05;2200 UTC;0;979,1;979,1;978,2;29,2;26,1;21,5;28,1;26,1;21,8;20,7;77;64;76;309;7,6;,5;
2022/03/05;2300 UTC;0;980;980;979;;25,2;21,9;26,1;25,2;22,1;21;83;74;82;321;2,3;,5;
2022/03/06;0000 UTC;5,6;981,3;981,7;980;;22,8;20,3;25,2;21,4;22,2;19;90;74;86;101;12,4;2,9;
2022/03/06;0100 UTC;2,4;983,3;983,3;981,2;;21,8;19,9;22,8;21,8;20,7;19,9;90;86;89;89;9,4;4,2;
2022/03/06;0200 UTC;4,4;983,6;983,6;983,3;;22;20,7;22,1;21,5;20,7;20;92;89;92;324;9,4;,4;
2022/03/06;0300 UTC;0;982,8;983,6;982,8;;21,9;20,6;22,3;21,9;20,8;20,2;93;89;92;251;2,1;1,4;
2022/03/06;0400 UTC;0;982,1;982,8;982,1;;22;20,8;22,1;21,9;20,9;20,5;93;92;93;157;1,8;1,1;
2022/03/06;0500 UTC;0;981,3;982,1;981,3;;22;20,8;22,1;21,9;20,9;20,7;93;93;93;257;1,6;,5;
2022/03/06;0600 UTC;0;981,6;981,9;981,3;;22,2;21;22,2;22;21,1;20,9;94;93;93;23;1,8;1;
2022/03/06;0700 UTC;0;981,5;981,7;981,5;;22,3;21,1;22,3;22,2;21,1;20,9;93;92;93;62;1,6;,5;
2022/03/06;0800 UTC;0;981,4;981,5;981,2;;22,2;21,1;22,3;22,2;21,2;20,9;93;92;93;82;2;,8;
2022/03/06;0900 UTC;0;982,2;982,2;981,4;;22,3;21,2;22,3;22,2;21,2;21,1;94;93;93;115;1,7;,9;
2022/03/06;1000 UTC;0;982,9;982,9;982,2;62,8;22,7;21,6;22,7;22,3;21,6;21,2;94;93;93;323;2;,7;
2022/03/06;1100 UTC;0;983,7;983,7;982,9;303,3;23,4;21,8;23,4;22,7;21,9;21,6;93;91;91;301;1,4;,7;
2022/03/06;1200 UTC;0;984,5;984,5;983,7;866,9;24,3;22;24,4;23,4;22,3;21,7;91;86;87;333;3,8;1,8;
2022/03/06;1300 UTC;0;984,7;984,7;984,5;1130;25,1;21,9;25,3;24,3;22,4;21,4;88;81;83;357;4,9;1,8;
2022/03/06;1400 UTC;0;984,6;984,8;984,6;1209,9;25,4;22;25,6;24,9;22,4;21,5;84;80;82;344;3,9;2;
2022/03/06;1500 UTC;0;984;984,7;984;1980,8;26,6;22;27,1;25,4;22,7;21,5;83;74;76;351;3,9;1,5;
2022/03/06;1600 UTC;3,2;982,9;984;982,9;1367;23,8;21,8;27;23,4;22,4;20,2;90;73;88;182;5,7;2,2;
2022/03/06;1700 UTC;8,2;982,1;983,3;982,1;520,4;22,7;21,4;24,2;22,7;22,3;21,4;92;87;92;73;4,7;2,2;
2022/03/06;1800 UTC;1,2;980,5;982,1;980,5;630,4;24,2;22,4;24,3;22,7;22,6;21,4;93;88;90;128;3,8;1,7;
2022/03/06;1900 UTC;0;979,5;980,5;979,5;1755,7;25,7;22,2;25,9;24,2;22,9;22;90;81;81;146;4,4;2;
2022/03/06;2000 UTC;0;979,3;979,5;979,3;1076,3;25,7;22,4;26,1;25,7;22,8;21,8;83;79;82;139;4,8;1,6;
2022/03/06;2100 UTC;0;979,5;979,5;979,2;316,1;24,9;22,2;25,7;24,9;22,6;21,8;85;80;85;122;3,1;1,5;
2022/03/06;2200 UTC;0;980,2;980,2;979,5;48,3;24,1;22,4;24,9;24,1;22,5;22,2;91;85;90;253;3,1;,7;
2022/03/06;2300 UTC;0;980,6;980,6;980,2;;24,3;22,4;24,3;24;22,7;22,4;92;89;89;148;1,8;,8;
2022/03/07;0000 UTC;0;981,3;981,3;980,6;;23,8;22,4;24,3;23,8;22,8;22,2;93;89;92;169;1,8;1,1;
2022/03/07;0100 UTC;0;982,1;982,1;981,3;;24;22,6;24;23,7;22,7;22,4;93;92;92;194;2;1,2;
2022/03/07;0200 UTC;0;982,4;982,6;982,1;;23,8;22,4;24,1;23,8;22,7;22,4;93;91;92;225;1,9;,4;
2022/03/07;0300 UTC;0;982,2;982,5;982,2;;23,4;22,3;23,7;23,4;22,5;22,3;93;92;93;95;1,2;,3;
2022/03/07;0400 UTC;0;982,4;982,6;982,2;;23,7;22,7;23,7;23,2;22,7;22,2;94;94;94;21;3,4;2,2;
2022/03/07;0500 UTC;3,6;981,9;982,5;981,9;;21,8;20,7;23,9;21,7;22,7;20,5;94;86;94;52;11,2;3,3;
2022/03/07;0600 UTC;2;981,2;981,9;981,2;;22,1;20,7;22,2;21,8;20,9;20,7;94;92;92;95;6,9;1,9;
2022/03/07;0700 UTC;0;981;981,2;980,9;;22;20,7;22,2;22;20,8;20,6;93;91;93;128;4,9;1,5;
2022/03/07;0800 UTC;0;981,1;981,2;980,9;;22;20,9;22,1;22;20,9;20,7;94;92;94;139;2,9;1,1;
2022/03/07;0900 UTC;0;981,4;981,4;981,1;;22,2;21,2;22,3;22;21,2;20,9;94;93;94;186;2;,7;
2022/03/07;1000 UTC;0;981,8;981,8;981,4;141,1;22,8;21,8;22,8;21,9;21,8;20,9;94;93;94;111;1,9;1,1;
2022/03/07;1100 UTC;0;982,7;982,7;981,8;549,1;23,3;21,7;23,3;22,8;21,8;21,2;94;89;91;100;3,2;1,5;
2022/03/07;1200 UTC;0;983,6;983,6;982,7;772;24,1;21,9;24,1;23,3;22,2;21,5;91;87;87;127;3,7;1,9;
2022/03/07;1300 UTC;0;983,9;984;983,6;1397,4;26,1;22,2;26,2;24,1;22,6;21,7;88;79;79;119;4;1,9;
2022/03/07;1400 UTC;0;983,9;984;983,9;1998,9;27;21,8;27,4;26;23;21,8;80;72;73;72;4,5;1,8;
2022/03/07;1500 UTC;0;983,1;983,9;983,1;1869,2;28,2;22;28,3;27;22,8;21,6;76;69;69;354;4,2;1,4;
2022/03/07;1600 UTC;0;981,1;983,1;981,1;2816,6;29,4;21,6;30;28,2;23;20,8;72;59;63;58;4,2;1,7;
2022/03/07;1700 UTC;0;980,1;981,1;980,1;3377,7;30,9;21,9;31,7;28,8;23,5;21,2;71;57;59;158;5,3;,9;
2022/03/07;1800 UTC;0;979,4;980,1;979,3;2326,1;30,4;22,2;31,1;30;22,6;20,9;63;55;62;302;3;1,3;
2022/03/07;1900 UTC;2,2;979,8;979,8;979,4;858,1;27;23,7;30,4;26,4;23,7;21,3;85;59;82;354;6;1,8;
2022/03/07;2000 UTC;0;981,1;981,1;979,8;215,5;23,5;21,7;27;23,5;23,7;21,5;90;79;90;118;8;2;
2022/03/07;2100 UTC;7,2;981,8;981,8;981,1;40,1;22,8;21,7;23,5;22,6;21,8;21,4;94;90;94;112;4,6;2,2;
2022/03/07;2200 UTC;4,6;982,7;982,7;981,8;2,2;22,3;21,2;22,9;22,2;21,8;21,1;94;93;94;111;4,9;1,6;
2022/03/07;2300 UTC;;;;;;;;;;;;;;;;;;
2022/03/08;0000 UTC;;;;;;;;;;;;;;;;;;
2022/03/08;0100 UTC;;;;;;;;;;;;;;;;;;
2022/03/08;0200 UTC;0;983,2;983,6;983,2;;22,6;21,6;22,6;22,5;21,6;21,5;94;94;94;133;2,2;1;
2022/03/08;0300 UTC;,2;982,9;983,2;982,9;;22,5;21,6;22,7;22,4;21,7;21,5;95;94;95;252;1,6;,9;
2022/03/08;0400 UTC;0;982,5;982,9;982,5;;22,6;21,7;22,6;22,5;21,7;21,5;95;95;95;261;2,1;1,3;
2022/03/08;0500 UTC;0;981,9;982,5;981,9;;22,7;21,8;22,7;22,6;21,8;21,7;95;95;95;189;2,1;,7;
2022/03/08;0600 UTC;0;981,5;981,9;981,5;;22,6;21,7;22,7;22,5;21,7;21,6;95;95;95;178;2;1,2;
2022/03/08;0700 UTC;0;981,5;981,5;981,3;;22,6;21,8;22,7;22,5;21,8;21,6;95;95;95;190;2,1;,9;
2022/03/08;0800 UTC;0;981,5;981,5;981,5;;22,5;21,6;22,7;22,5;21,8;21,6;95;94;94;180;2,8;1,3;
2022/03/08;0900 UTC;,2;982;982;981,5;;22,5;21,5;22,5;22,4;21,6;21,4;94;94;94;168;2,8;1,2;
2022/03/08;1000 UTC;0;982,8;982,8;982;125,8;22,9;21,9;22,9;22,5;21,9;21,5;94;94;94;147;2,3;1,1;
2022/03/08;1100 UTC;0;983,4;983,4;982,8;550,7;23,8;22,2;23,8;22,9;22,3;21,9;94;91;91;145;3,9;2,1;
2022/03/08;1200 UTC;0;983,9;983,9;983,4;1226,4;25,6;22,7;25,6;23,8;22,8;21,9;91;84;84;123;4,6;2,3;
2022/03/08;1300 UTC;0;983,9;984,1;983,9;2341,5;27,8;22,1;27,8;25,6;23,2;22;85;71;71;134;4,1;1,8;
2022/03/08;1400 UTC;0;983,7;984;983,7;2192,4;27,7;22,7;28,6;27,5;23;21,5;75;68;75;95;5;1,8;
2022/03/08;1500 UTC;0;983,3;983,7;983,3;2253,2;26,6;22,1;29,3;26,3;23,5;21,6;81;66;76;82;6,1;1,9;
2022/03/08;1600 UTC;2,8;981,8;983,3;981,8;3125,2;28,4;22,1;28,6;24,1;24,1;21,6;90;68;69;190;6,4;1,7;
2022/03/08;1700 UTC;0;980;981,8;980;3364,5;29;22,6;31;28,4;24;21,7;71;60;69;155;6;3;
2022/03/08;1800 UTC;7,6;979,4;980,3;979,4;846,8;25;22,3;28,9;22,9;23,8;18,7;87;69;85;220;9,4;1,7;
2022/03/08;1900 UTC;0;979,1;979,5;979;1138,8;24,7;21,4;28;24,7;24,3;20,8;85;75;81;140;7;3,2;
2022/03/08;2000 UTC;0;979,4;979,4;978,9;521,3;26,1;22,8;26,2;24,8;22,9;21,3;83;79;82;37;6,6;,8;
2022/03/08;2100 UTC;0;979,6;979,6;979,2;279,5;25,8;22,8;26,1;25,8;23,1;22,3;85;80;83;104;2;,7;
2022/03/08;2200 UTC;0;980,3;980,3;979,6;21,9;25,3;23,5;25,8;25,2;23,5;22,8;90;83;90;300;1,7;,8;
2022/03/08;2300 UTC;;;;;;;;;;;;;;;;;;
2022/03/09;0000 UTC;0;980,9;980,9;980,2;;24,1;22,7;25;24,1;23,1;22,7;92;89;92;15;2,3;1;
2022/03/09;0100 UTC;0;981,8;981,8;980,9;;24,3;22,6;24,5;24,1;23;22,5;93;90;90;7;3,5;1,8;
2022/03/09;0200 UTC;;;;;;;;;;;;;;;;;;
2022/03/09;0300 UTC;0;982,2;982,5;982,2;;24;22,5;24;23,8;22,7;22,5;93;91;92;297;2,3;1,4;
2022/03/09;0400 UTC;0;982,1;982,3;982,1;;23,9;22,6;24;23,9;22,7;22,4;93;91;93;105;2;,5;
2022/03/09;0500 UTC;0;981,4;982,1;981,4;;23,5;22,5;23,9;23,5;22,8;22,5;94;93;94;74;1,9;,2;
2022/03/09;0600 UTC;0;981,3;981,5;981,2;;23,5;22,4;23,7;23,5;22,8;22,4;94;94;94;193;2;,7;
2022/03/09;0700 UTC;0;980,9;981,3;980,9;;23,7;22,7;23,7;23,4;22,7;22,4;94;94;94;224;2,4;1,2;
2022/03/09;0800 UTC;0;981;981;980,9;;23,5;22,5;23,7;23,5;22,8;22,5;94;94;94;218;2,3;1,3;
2022/03/09;0900 UTC;0;981,6;981,6;981;;23,2;22,2;23,5;23,1;22,5;22,1;95;94;95;213;1,8;,7;
2022/03/09;1000 UTC;0;982,3;982,3;981,6;108,5;23,9;22,9;23,9;23;22,9;22;95;94;94;167;2,2;1,1;
2022/03/09;1100 UTC;0;983;983;982,3;745,4;25,3;22,8;25,6;23,9;23,4;22,7;94;86;86;153;3,3;1,9;
2022/03/09;1200 UTC;0;983,4;983,4;983;1705,7;27,4;22,9;27,4;25,3;24,1;22,3;87;74;77;152;4,2;1,9;
2022/03/09;1300 UTC;0;983,2;983,4;983,2;2022,4;28,2;23,9;28,4;27,2;24,2;22,7;80;75;77;206;4,2;1,7;
2022/03/09;1400 UTC;0;983,2;983,3;983,1;2722,3;30;22,8;30,3;28,1;24,4;22,1;78;62;65;162;4,2;2,4;
2022/03/09;1500 UTC;,4;982,7;983,4;982,7;2483,4;31,2;22,6;31,2;27,2;24;21,6;75;59;60;115;5,3;1,7;
2022/03/09;1600 UTC;0;981,6;982,7;981,6;1724,9;30,1;23,7;31,3;30,1;23,7;21,5;69;57;69;316;4,8;1,8;
2022/03/09;1700 UTC;0;981,2;981,7;981,2;1057,4;26,4;21,5;30,1;26,4;23,9;21,2;77;68;74;267;7,4;2,2;
2022/03/09;1800 UTC;0;980,5;981,3;980,5;611;26,8;22,9;27;25,8;23,2;21,5;81;74;79;4;5,5;1;
2022/03/09;1900 UTC;0;979,9;980,5;979,9;1129,3;28,6;22,3;28,6;26,6;23,6;22,3;82;69;69;311;2,4;1,4;
2022/03/09;2000 UTC;0;979,8;980;979,8;732,5;28;23,8;29,3;28;23,8;22,3;78;66;78;301;2,5;1;
2022/03/09;2100 UTC;0;979,9;979,9;979,8;305,5;27,2;24;28;27,2;24,2;23,8;83;78;83;311;2,6;1;
2022/03/09;2200 UTC;0;980,5;980,5;979,9;22,6;25,7;23,8;27,2;25,7;24,2;23,6;89;83;89;318;2,5;,4;
2022/03/09;2300 UTC;0;981,4;981,4;980,5;;25,8;23,5;26;25,5;23,9;23,5;91;86;87;243;3,2;1,8;
2022/03/10;0000 UTC;0;981,7;981,7;981,3;;25,2;23,1;25,8;25,2;23,6;23;88;86;88;222;3,8;2,2;
2022/03/10;0100 UTC;;;;;;;;;;;;;;;;;;
2022/03/10;0200 UTC;0;982,4;982,5;982;;24,5;23,2;24,6;24,4;23,3;23;93;91;93;186;2,1;1;
2022/03/10;0300 UTC;0;982,5;982,5;982,3;;23,9;22,7;24,5;23,9;23,2;22,7;93;93;93;146;1,8;,3;
2022/03/10;0400 UTC;0;982,3;982,7;982,2;;23,7;22,7;23,9;23,6;22,8;22,6;94;93;94;272;2;1,2;
2022/03/10;0500 UTC;0;981,7;982,2;981,7;;23,3;22,3;23,7;23,2;22,7;22,2;94;94;94;203;2;1;
2022/03/10;0600 UTC;0;981,3;981,7;981,2;;23,5;22,4;23,6;23,3;22,6;22,3;94;93;93;225;3,2;1,8;
2022/03/10;0700 UTC;0;981,5;981,6;981,3;;23,1;22;23,5;23,1;22,4;22;94;93;94;69;3,5;,3;
2022/03/10;0800 UTC;0;981,4;981,5;981,4;;22,9;22;23,1;22,7;22,1;21,7;95;94;94;240;2,4;1,6;
2022/03/10;0900 UTC;0;981,7;981,7;981,4;;22,7;21,8;23;22,6;22;21,6;94;94;94;266;2,4;1;
2022/03/10;1000 UTC;0;982,5;982,5;981,7;111,8;23,1;22,1;23,1;22,5;22,1;21,5;94;94;94;50;1,6;,3;
2022/03/10;1100 UTC;0;983,1;983,1;982,5;720,6;25,2;22,8;25,2;23,1;23;22,1;94;87;87;217;2,3;1,4;
2022/03/10;1200 UTC;0;983,7;983,7;983,1;1623,6;27,3;23;27,3;25,2;23,3;22,6;87;77;77;167;2,9;1,3;
2022/03/10;1300 UTC;0;983,8;983,8;983,6;2070,9;28,8;22,6;29;27,3;23,4;22,3;77;69;70;198;3;1,2;
2022/03/10;1400 UTC;0;983,8;984;983,8;2605,7;29,9;22,4;30,5;28,7;23,5;22,3;72;64;64;118;3,1;1,4;
2022/03/10;1500 UTC;0;983,3;983,8;983,3;2781,4;31;22,6;31;29,9;23,7;22,1;67;61;61;178;3,6;,7;
2022/03/10;1600 UTC;0;982,1;983,3;982,1;3530,7;32,2;21,5;32,5;30,7;23,7;21,5;64;53;53;78;3,6;2;
2022/03/10;1700 UTC;0;980,8;982,1;980,8;3697,5;31,2;22,4;33,1;30,8;23,3;20,4;62;49;59;129;6,9;2,4;
2022/03/10;1800 UTC;0;980;980,8;980;2350,3;32,9;21,3;32,9;31,1;23,1;20,1;61;49;51;163;4,8;,8;
2022/03/10;1900 UTC;0;980,4;980,4;979,9;1331,4;30,1;22,6;32,9;30,1;23;20,4;64;50;64;201;9;1,9;
2022/03/10;2000 UTC;0;979,9;980,4;979,8;623,8;27,2;22,6;30,1;26,9;22,9;22;78;64;76;251;9,9;2,5;
2022/03/10;2100 UTC;0;979,7;979,9;979,5;294,8;26,3;22,2;27,2;26,3;22,9;22,1;78;76;78;242;4,6;1,9;
2022/03/10;2200 UTC;0;979,7;979,7;979,4;28;25;22,4;26,3;25;22,5;22,2;85;78;85;227;3,2;1,5;
2022/03/10;2300 UTC;0;980,6;980,6;979,7;;24,5;22,6;25;24,5;22,7;22,4;89;85;89;232;2,1;1,4;
2022/03/11;0000 UTC;0;981,4;981,4;980,6;;24;22,7;24,6;23,9;22,8;22,5;92;89;92;288;2,3;,8;
2022/03/11;0100 UTC;0;982,2;982,2;981,4;;23,4;22,2;24,2;23,4;22,9;22,2;93;92;93;308;1,8;,3;
2022/03/11;0200 UTC;0;982,9;982,9;982,2;;23,2;22,2;23,4;23,2;22,4;22,1;94;93;94;280;,8;,3;
2022/03/11;0300 UTC;;;;;;;;;;;;;;;;;;
2022/03/11;0400 UTC;0;981,8;982,4;981,7;;23;21,9;23,2;22,8;22,2;21,7;94;93;93;213;2,3;,8;
2022/03/11;0500 UTC;0;981,5;981,8;981,5;;22,8;21,7;23;22,7;21,9;21,6;94;93;94;197;1,8;,4;
2022/03/11;0600 UTC;0;981,3;981,6;981,2;;22,5;21,5;22,9;22,5;21,8;21,5;94;93;94;335;1,9;,7;
2022/03/11;0700 UTC;0;981,8;981,9;981,3;;23,1;22,2;23,1;22,5;22,2;21,4;95;94;94;112;2,5;1;
2022/03/11;0800 UTC;,2;982;982;981,7;;22,9;21,9;23,2;22,9;22,2;21,9;94;94;94;40;1,9;,5;
2022/03/11;0900 UTC;0;982,1;982,2;982;;22,9;22;22,9;22,7;22;21,8;95;94;95;220;2,4;1,1;
2022/03/11;1000 UTC;0;982,2;982,3;982;106,2;23,7;22,7;23,7;22,7;22,7;21,8;95;95;95;109;2,2;,7;
2022/03/11;1100 UTC;0;983;983;982,2;769,1;25,5;22,8;25,5;23,7;23,3;22,5;95;85;85;126;2,8;1,8;
2022/03/11;1200 UTC;0;983,7;983,7;983;1803,3;27,5;22,5;27,5;25,5;23,1;21,9;85;74;74;138;4,1;1,8;
2022/03/11;1300 UTC;0;983,7;983,8;983,7;2697;30,1;21;30,7;27,4;22,4;20,4;74;58;58;163;3,2;1,2;
2022/03/11;1400 UTC;0;983,9;983,9;983,6;3230,6;30,5;21,1;31,1;29,4;22,3;20,8;62;56;58;130;4,6;2,1;
2022/03/11;1500 UTC;0;983,1;983,9;983,1;3562,4;31,6;21,8;31,9;29,9;22,5;20,8;62;55;56;157;4,6;1,8;
2022/03/11;1600 UTC;0;981,6;983,1;981,6;3684,9;33;20,2;33,5;31,3;22;19,3;56;45;47;187;3,9;,9;
2022/03/11;1700 UTC;0;980,8;981,6;980,7;3582;33,4;21,1;33,6;32,4;21,5;19,3;50;45;49;116;4,3;1,7;
2022/03/11;1800 UTC;0;980;980,9;980;3531,2;30,6;20,8;33,6;29,2;22,6;20,4;64;48;56;80;10,8;3,1;
2022/03/11;1900 UTC;0;979,6;980,5;979,6;2506,2;28,7;21,4;32;28,3;22,7;18,9;67;52;65;27;11;3,4;
2022/03/11;2000 UTC;0;980,5;980,5;979,2;826,9;26,4;21,3;28,8;26,3;22,3;20,5;74;65;73;356;7,9;3,7;
2022/03/11;2100 UTC;0;980,4;980,6;979,7;351,2;25,9;21,6;26,4;25,8;21,7;20,9;77;72;77;321;7,9;,8;
2022/03/11;2200 UTC;0;980,6;980,7;980;28,8;24,5;21,7;25,9;24,5;22;21,6;85;77;84;28;3,7;1,2;
2022/03/11;2300 UTC;0;980,7;980,7;980,2;;24;21,7;24,6;24;21,9;21,4;87;84;87;278;3,2;1;
2022/03/12;0000 UTC;;;;;;;;;;;;;;;;;;
2022/03/12;0100 UTC;0;983,2;983,2;981,9;;23,6;22,1;23,7;23,2;22,1;21,6;92;89;91;212;2,5;1,2;
2022/03/12;0200 UTC;0;982,3;983,2;982,3;;23,2;21,8;23,6;22,9;22,1;21,6;93;91;92;353;4,4;2,8;
2022/03/12;0300 UTC;0;982,6;983;982,3;;23;21,6;23,3;22,9;21,9;21,5;92;92;92;359;4,4;1,5;
2022/03/12;0400 UTC;0;982,5;982,7;982,5;;22,7;21,6;23;22,6;21,7;21,4;94;92;93;186;2,8;,4;
2022/03/12;0500 UTC;0;982;982,6;982;;22,6;21,6;22,7;22,4;21,6;21,3;94;93;94;206;2,3;1,2;
2022/03/12;0600 UTC;0;981,5;982;981,5;;22,5;21,4;22,7;22,5;21,7;21,4;94;93;94;243;1,9;,5;
2022/03/12;0700 UTC;0;981,9;981,9;981,4;;22,8;21,8;22,8;22,4;21,8;21,3;94;94;94;129;1,5;,9;
2022/03/12;0800 UTC;0;982,2;982,2;981,7;;22,9;21,8;23;22,8;22;21,8;94;94;94;123;2,5;1;
2022/03/12;0900 UTC;0;982,3;982,3;981,9;;23;21,9;23,1;22,8;21,9;21,6;94;93;94;165;1,9;,8;
2022/03/12;1000 UTC;0;983,5;983,5;982,3;21,9;23,2;21,8;23,2;23;22;21,6;94;91;92;132;3,5;1,7;
2022/03/12;1100 UTC;,6;984,6;984,6;983,5;124,5;23,6;22;23,6;23,2;22;21,6;92;89;91;194;3,4;1,2;
2022/03/12;1200 UTC;0;985,2;985,2;984,6;518,4;24,7;22,4;24,8;23,6;23;22;91;87;87;233;2,2;1;
2022/03/12;1300 UTC;0;985,2;985,4;985,2;589;25,3;22,3;25,4;24,7;22,8;22,2;88;83;83;227;2;1,2;
2022/03/12;1400 UTC;0;985,1;985,3;985,1;1127,8;26,8;22,4;26,8;25,3;22,8;21,9;85;76;77;209;2,8;,9;
2022/03/12;1500 UTC;0;984,2;985,1;984,2;2418,4;27,9;22,2;28;26,7;22,6;21,7;77;70;71;281;3,9;2;
2022/03/12;1600 UTC;0;983,3;984,2;983,3;2959,3;29,3;22,1;29,5;27,9;22,6;21,5;73;64;65;282;4,3;2;
2022/03/12;1700 UTC;0;981,9;983,3;981,9;3079,5;30,2;21,5;30,4;29;22,3;20,9;66;59;60;289;4,7;1,8;
2022/03/12;1800 UTC;0;980,9;981,9;980,9;3114,8;31;21;31,6;30,2;22,5;20,5;61;54;55;206;4,3;2,3;
2022/03/12;1900 UTC;0;980,2;980,9;980,2;1744,3;30,6;22,3;31,1;30,3;23;20,7;65;55;61;226;4,3;1,9;
2022/03/12;2000 UTC;0;979,9;980,2;979,9;1415,1;30,4;22,3;31,2;29,9;22,9;21,5;63;58;62;159;3,3;1,3;
2022/03/12;2100 UTC;0;980;980;979,7;636,6;29,4;22;30,5;29,4;22,9;21,9;67;60;64;165;2,9;,8;
2022/03/12;2200 UTC;0;980,7;980,7;980;50,5;27,3;23,2;29,4;27,3;23,3;22;78;64;78;184;2,3;,9;
2022/03/12;2300 UTC;;;;;;;;;;;;;;;;;;
2022/03/13;0000 UTC;;;;;;;;;;;;;;;;;;
2022/03/13;0100 UTC;0;983,4;983,4;982,5;;24,8;22,5;25,5;24,8;22,8;22,4;87;84;87;213;2,8;1,6;
2022/03/13;0200 UTC;0;983,7;983,8;983,4;;24,5;22,5;24,8;24,4;22,6;22,3;89;87;89;218;3;1,6;
2022/03/13;0300 UTC;0;983,3;983,7;983,3;;24;22,2;24,5;24;22,5;22,2;90;89;89;207;2,9;1;
2022/03/13;0400 UTC;0;983;983,3;983;;23,7;22,2;24;23,7;22,3;22,2;91;89;91;212;2,5;1,6;
2022/03/13;0500 UTC;0;982,6;983;982,5;;23,3;22,1;23,8;23,3;22,3;22;93;91;93;213;2,4;1,3;
2022/03/13;0600 UTC;0;982,1;982,6;982,1;;23,2;22;23,3;23,2;22,2;22;93;93;93;170;2,6;1,2;
2022/03/13;0700 UTC;0;982;982,1;981,9;;22,8;21,8;23,3;22,7;22,2;21,7;94;93;94;299;2;,7;
2022/03/13;0800 UTC;0;982,4;982,4;982;;22,5;21,5;22,8;22,5;21,8;21,5;94;94;94;323;1,5;,3;
2022/03/13;0900 UTC;0;982,8;982,8;982,4;;22,3;21,3;22,5;22,2;21,5;21,3;95;94;95;164;1,1;,7;
2022/03/13;1000 UTC;0;982,9;982,9;982,7;125,6;23,6;22,7;23,6;22,3;22,7;21,3;95;95;95;79;1,4;,4;
2022/03/13;1100 UTC;0;983,8;983,8;982,9;763,9;25,7;23;25,7;23,6;23,3;22,6;95;84;85;111;2,7;1,6;
2022/03/13;1200 UTC;0;984,3;984,3;983,8;1568,5;28,1;23,3;28,1;25,7;23,5;22,7;86;74;76;149;3,9;1,8;
2022/03/13;1300 UTC;0;984,5;984,5;984,3;2715,5;30;23,7;30,2;27,9;24,1;22,8;77;67;69;142;5;2,9;
2022/03/13;1400 UTC;0;984,3;984,6;984,3;2702,3;30,6;22,9;30,9;29,5;23,8;22,3;69;62;63;151;5,9;2,8;
2022/03/13;1500 UTC;0;983,7;984,3;983,7;2666,1;31;22,2;31,7;30,5;23,7;21,8;65;56;60;144;5,1;2,4;
2022/03/13;1600 UTC;0;982,5;983,7;982,5;3329;31,7;21,9;32,8;30,8;22,8;21,3;60;52;56;120;5,6;2,6;
2022/03/13;1700 UTC;0;981,5;982,5;981,5;1400,6;28,3;20,6;32,1;28,1;22,8;20,2;64;54;63;3;6,3;2,6;
2022/03/13;1800 UTC;0;980,2;981,5;980,2;1676,7;31,6;22,2;31,6;28,1;22,2;19,8;64;54;57;27;5,9;1;
2022/03/13;1900 UTC;0;979,1;980,2;979,1;1815,3;32,8;22,5;32,8;31,2;23,4;21,2;62;51;55;311;2;,8;
2022/03/13;2000 UTC;0;978,7;979,4;978,7;1280;31,2;22,6;32,8;31;22,9;21,2;61;51;60;260;4,9;1,6;
2022/03/13;2100 UTC;0;979,5;979,5;978,7;508,3;30;24,1;31,7;30;24,1;22,8;71;60;71;271;3,8;1,3;
2022/03/13;2200 UTC;0;979,6;979,7;979,5;29,1;28;23,7;30;27,9;24,1;23,4;79;70;78;251;2,3;1,5;
2022/03/13;2300 UTC;0;980,1;980,1;979,6;;26,4;24;28,1;26,3;24,1;23,3;87;76;87;254;2,5;,6;
2022/03/14;0000 UTC;0;980,9;980,9;980;;25,5;23,6;26,6;25,4;24;23,4;89;83;89;51;1,9;,3;
2022/03/14;0100 UTC;;;;;;;;;;;;;;;;;;
2022/03/14;0200 UTC;;;;;;;;;;;;;;;;;;
2022/03/14;0300 UTC;0;981,5;981,5;981,3;;24,9;23,8;25,1;24,6;23,8;23,3;94;92;94;334;2,1;1,3;
2022/03/14;0400 UTC;0;981,1;981,5;981,1;;24,9;23,5;25;24,7;23,8;23,2;94;91;92;1;2,7;1,6;
2022/03/14;0500 UTC;0;980,6;981,1;980,6;;24,7;23,4;24,9;24,6;23,5;23,3;93;92;93;120;2,6;,3;
2022/03/14;0600 UTC;0;980,2;980,6;980,2;;24,2;23;24,7;24,2;23,5;23;93;92;93;42;1,1;,2;
2022/03/14;0700 UTC;0;980;980,3;979,9;;23,7;22,6;24,2;23,5;23;22,3;94;93;94;234;2,1;1,4;
2022/03/14;0800 UTC;0;980,3;980,3;979,9;;23,9;22,8;24;23,7;23;22,6;94;94;94;89;2,1;,8;
2022/03/14;0900 UTC;0;981,5;981,5;980,3;;24,7;22,3;24,8;23,9;23,5;22,3;94;87;87;134;6,5;3,3;
2022/03/14;1000 UTC;0;981,8;981,8;981,3;1,7;23,7;21,3;24,7;23,7;22,2;21,3;87;84;86;185;7,7;1,2;
2022/03/14;1100 UTC;,6;983;983,1;981,8;26;22,8;21;23,7;22,8;21,3;21;89;86;89;182;4;2,1;
2022/03/14;1200 UTC;1,2;983,1;983,2;983;289,7;23;21,7;23;22,4;21,7;20,7;92;89;92;208;4,2;2;
2022/03/14;1300 UTC;0;983,2;983,2;983,1;1351,4;25;22,2;25;23;22,5;21,6;92;84;84;199;3,6;1,5;
2022/03/14;1400 UTC;0;982,9;983,3;982,9;2114,1;27,3;23,3;27,3;24,9;23,5;21,9;85;78;79;180;5,3;2,9;
2022/03/14;1500 UTC;0;981,7;982,9;981,7;3089,1;29,3;22,7;29,3;27;23,1;21,7;79;66;68;152;5,3;2;
2022/03/14;1600 UTC;0;980,8;981,7;980,8;2882,3;31;22,3;31,1;28,9;23,2;22;70;60;60;234;3,7;2,1;
2022/03/14;1700 UTC;0;979,1;980,8;979,1;3505,8;32;20,6;32,3;30,9;22,3;20,1;60;49;51;232;3,8;1,9;
2022/03/14;1800 UTC;,2;978,5;979,1;978,4;3177,3;32,8;21,1;33,3;32;22;20,6;55;49;50;255;5,2;2,4;
2022/03/14;1900 UTC;0;979,2;979,4;978,4;1673,8;25,2;21,4;33,5;25,1;22,6;19,8;79;49;79;56;10,8;5,8;
2022/03/14;2000 UTC;12,8;980,2;980,9;979,2;295,4;23;22;26,2;22,8;22;20,7;94;77;94;353;14,2;3,6;
2022/03/14;2100 UTC;1,2;980,6;980,9;980,3;3,3;23,1;21,5;23,1;22,8;22,1;21;94;90;91;276;7,4;1,4;
2022/03/14;2200 UTC;1,2;981,3;981,3;980,4;;23;21,7;23,3;23;22;21,5;93;90;93;233;4,2;2,5;
2022/03/14;2300 UTC;;;;;;;;;;;;;;;;;;
2022/03/15;0000 UTC;,4;981,8;981,9;981,4;;22,7;21,6;22,9;22,7;21,7;21,4;94;92;93;244;2,4;1,1;
2022/03/15;0100 UTC;,2;982,5;982,5;981,8;;22,9;21,7;22,9;22,7;21,7;21,6;94;93;93;154;3,1;1,3;
2022/03/15;0200 UTC;0;983,1;983,1;982,5;;22,9;21,8;23;22,9;21,9;21,7;93;93;93;160;2,2;1,1;
2022/03/15;0300 UTC;0;982,6;983,1;982,6;;22,8;21,8;23;22,8;21,8;21,7;94;93;94;343;3,1;1;
2022/03/15;0400 UTC;0;982;982,6;982;;22,8;21,8;22,9;22,7;22;21,8;95;94;95;318;1,5;,9;
2022/03/15;0500 UTC;0;981,4;982;981,4;;22,6;21,7;22,8;22,6;21,9;21,7;95;95;95;4;2,4;1,4;
2022/03/15;0600 UTC;0;981,1;981,4;981,1;;22,5;21,6;22,7;22,5;21,7;21,6;95;94;94;357;2,4;1,3;
2022/03/15;0700 UTC;0;981,1;981,1;981;;22,6;21,7;22,6;22,4;21,8;21,5;95;94;95;311;2,6;,4;
2022/03/15;0800 UTC;0;981,7;981,7;981,1;;22,7;21,8;22,8;22,6;22;21,7;95;95;95;13;1,2;,6;
2022/03/15;0900 UTC;0;982,2;982,2;981,7;;23;22;23;22,7;22,1;21,9;95;94;94;174;1,8;1;
2022/03/15;1000 UTC;0;982,7;982,7;982,2;24,3;23,1;22,1;23,1;23;22,1;22;94;94;94;107;2,1;,4;
2022/03/15;1100 UTC;,8;983,6;983,6;982,7;147;23,1;21,7;23,3;23,1;22,3;21,7;94;92;92;170;2,1;,8;
2022/03/15;1200 UTC;1,2;984,3;984,3;983,6;361,5;23,7;22,3;23,7;23,1;22,3;21,5;92;90;92;200;1,8;,8;
2022/03/15;1300 UTC;0;984,5;984,5;984,3;1237,9;25,4;23,2;25,4;23,6;23,2;22,2;92;87;87;179;3;1,3;
2022/03/15;1400 UTC;0;984,1;984,5;984,1;2133,9;27,1;22,9;27,4;25,4;24;22,7;87;76;78;104;3,6;1,4;
2022/03/15;1500 UTC;0;983,1;984,1;983,1;2848,7;28,7;22;29,1;27,1;23,3;21,3;79;65;67;117;4,5;1,9;
2022/03/15;1600 UTC;0;982;983,1;982;3480,3;29,8;21,6;29,8;28,4;23,2;21,4;72;61;61;130;5,2;3,1;
2022/03/15;1700 UTC;0;980,8;982;980,8;3522,4;30,2;21,5;30,9;29,4;22,1;20,2;62;56;60;134;5,2;1,8;
2022/03/15;1800 UTC;0;979,7;980,8;979,7;3119,6;31,2;22,2;31,2;30,2;23,2;21,3;65;57;59;130;3,9;1,5;
2022/03/15;1900 UTC;0;978,9;979,7;978,9;2378,9;30,9;22,6;31,6;30,7;23,1;21,1;63;55;61;146;3,8;1,9;
2022/03/15;2000 UTC;0;979,3;979,3;978,9;1183,6;29,7;23;31,2;29,4;23,8;22,5;71;61;67;175;4,9;1,6;
2022/03/15;2100 UTC;0;979,6;979,6;979,2;383,6;28,2;23,7;29,9;28,2;23,9;23;77;67;76;203;2,6;1,2;
2022/03/15;2200 UTC;0;980,8;980,8;979,5;18,8;26;22,3;28,2;26;23,9;22,3;81;75;80;318;6,8;3,2;
2022/03/15;2300 UTC;,2;981,9;981,9;980,8;;25,2;22,1;26;25,2;22,6;21,8;83;80;83;281;6,8;,7;
2022/03/16;0000 UTC;0;983,6;983,6;981,9;;23,3;21,6;25,2;23,3;22,4;21,6;90;83;90;10;5,9;3,3;
2022/03/16;0100 UTC;9;983,6;984,3;983,5;;23,3;22,1;23,8;23;22,4;21,6;94;90;93;122;5,9;1,2;
2022/03/16;0200 UTC;1,2;983,6;983,8;983,3;;23,3;22,2;23,4;23,1;22,3;21,8;94;93;94;297;4,4;2,3;
2022/03/16;0300 UTC;,2;982,8;983,5;982,8;;23,3;22,3;23,3;23,2;22,3;22,1;94;93;94;345;4,4;,5;
2022/03/16;0400 UTC;0;982,1;982,8;982,1;;23,2;22,3;23,3;23,2;22,4;22,2;95;94;94;16;2,6;1,4;
2022/03/16;0500 UTC;0;981,5;982,1;981,5;;23,3;22,4;23,3;22,9;22,4;22;95;94;95;1;2,9;1,5;
2022/03/16;0600 UTC;0;981,3;981,6;981,2;;23,3;22,3;23,4;23,3;22,4;22,3;95;94;94;355;3,1;1;
2022/03/16;0700 UTC;0;981,4;981,5;981,1;;23,4;22,4;23,4;23,2;22,4;22,2;94;94;94;64;1,6;,6;
2022/03/16;0800 UTC;0;981,9;981,9;981,4;;23,3;22,2;23,4;23,2;22,4;22,1;94;93;94;64;1,7;,8;
2022/03/16;0900 UTC;0;982,5;982,6;981,7;;23,4;22,2;23,5;23,3;22,2;22;94;92;93;62;1,6;,4;
2022/03/16;1000 UTC;0;983,1;983,1;982,5;25,3;23,5;22,3;23,5;23,4;22,4;22,1;93;92;93;40;1,4;,7;
2022/03/16;1100 UTC;0;983,9;983,9;983,1;200,7;23,9;22,3;23,9;23,4;22,5;22,2;93;91;91;35;1,8;1,2;
2022/03/16;1200 UTC;0;984,6;984,6;983,9;523,8;24,7;21,7;24,7;23,8;22,6;21,5;92;83;83;69;2,5;,7;
2022/03/16;1300 UTC;0;984,7;984,9;984,6;1576,4;26;22,1;26,2;24,7;22,4;21,5;83;78;79;200;2,8;1,3;
2022/03/16;1400 UTC;0;984,9;984,9;984,6;1698,7;26,9;22,1;27,1;26;22,7;21,8;80;73;75;42;3,1;1,1;
2022/03/16;1500 UTC;0;984,3;985;984,3;1297,3;27,6;22,3;27,7;26,9;22,8;22;78;73;73;111;3,8;1,8;
2022/03/16;1600 UTC;0;982,7;984,3;982,7;2427;28,5;22,1;29,6;27,5;23,3;21,6;75;66;68;116;3,8;1,5;
2022/03/16;1700 UTC;0;981,2;982,7;981,2;2989,5;29,9;21,5;30,9;28,4;23,4;21,1;72;59;61;352;3,5;1;
2022/03/16;1800 UTC;0;979,8;981,2;979,8;3145,8;30,3;21,2;30,8;29,7;22,8;21,1;65;58;58;359;3,5;1,6;
2022/03/16;1900 UTC;0;979,5;979,8;979,5;2508,4;30,8;20,7;31,1;30,2;22,2;20;61;52;55;71;3;1,6;
2022/03/16;2000 UTC;0;979,6;979,6;979,3;1679,2;30,8;21,2;31,5;30,5;22;20,5;59;53;57;64;2,7;1,4;
2022/03/16;2100 UTC;0;980;980;979,6;693,2;28,6;21,9;30,8;28,6;22,7;21;67;57;67;80;4,6;2,1;
2022/03/16;2200 UTC;0;981,4;981,4;980;34;26,6;22,5;28,5;26,6;22,7;22;79;67;79;64;4,6;1,7;
2022/03/16;2300 UTC;;;;;;;;;;;;;;;;;;
2022/03/17;0000 UTC;0;983,4;983,5;982,7;;25,6;21,4;26,2;25,6;22,9;21,4;84;77;77;50;7,9;3,7;
2022/03/17;0100 UTC;0;984;984;983,3;;24,1;20,8;25,6;24,1;21,3;20,6;82;77;82;67;8,3;3;
2022/03/17;0200 UTC;0;984,5;984,6;984;;23,8;21,1;24,1;23,8;21,1;20,8;85;82;85;42;5,3;1,8;
2022/03/17;0300 UTC;0;984,2;984,5;984,2;;23,5;21,3;23,8;23,5;21,3;21,1;87;85;87;57;3,9;1,1;
2022/03/17;0400 UTC;0;983,8;984,2;983,8;;23,5;21,4;23,5;23,4;21,4;21,3;89;87;88;56;3,4;1,3;
2022/03/17;0500 UTC;0;983,3;983,9;983,3;;23,4;21,3;23,5;23,3;21,3;21,3;89;88;88;61;3,5;1,8;
2022/03/17;0600 UTC;0;982,8;983,3;982,8;;23,2;21,4;23,4;23,2;21,4;21,3;90;88;90;88;3,1;,3;
2022/03/17;0700 UTC;0;982,4;982,8;982,3;;22,9;21,5;23,2;22,9;21,6;21,4;92;90;92;119;1,9;1;
2022/03/17;0800 UTC;0;982,6;982,6;982,4;;22,9;21,4;23;22,8;21,6;21,4;92;91;91;149;2,7;1,7;
2022/03/17;0900 UTC;0;983,3;983,3;982,6;;22,6;20,7;22,9;22,6;21,4;20,7;91;88;89;96;3,4;,7;
2022/03/17;1000 UTC;0;984,2;984,2;983,3;108,6;23,4;21,2;23,4;22,5;21,3;20,7;89;87;87;98;3;,5;
2022/03/17;1100 UTC;0;985,1;985,1;984,2;661,5;24,6;21,3;25,1;23,4;22,1;21;87;81;81;121;2,8;1,6;
2022/03/17;1200 UTC;0;985,7;985,7;985,1;1501,5;26,4;21,4;26,6;24,5;22;20,9;84;72;74;150;3,9;1,7;
2022/03/17;1300 UTC;0;985,8;985,8;985,7;2653,7;28,2;20,9;28,2;26,3;22;20,2;75;64;64;72;4,3;1,4;
2022/03/17;1400 UTC;0;985,3;985,8;985,3;2784,7;29,6;22,8;29,6;27,5;22,8;20,6;70;63;67;123;4,7;2,1;
2022/03/17;1500 UTC;0;984,5;985,3;984,5;3607,3;30,1;20,4;30,5;28,3;22,2;20;66;54;56;15;5;2,2;
2022/03/17;1600 UTC;0;983,3;984,5;983,3;3614,2;31,3;19,1;31,6;30,1;21,2;19,1;58;47;49;31;5,7;1,5;
2022/03/17;1700 UTC;0;982,2;983,3;982,2;2900,1;31,3;20,5;32;30,7;20,7;19,3;54;48;53;15;5,5;1,2;
2022/03/17;1800 UTC;0;981;982,2;981;2565,8;32,2;19,6;32,6;30,9;20,9;18,6;55;44;48;359;3,6;1,5;
2022/03/17;1900 UTC;0;980,3;981;980,3;2547,8;31,9;19,1;32,7;31,7;20,3;18,9;50;45;47;29;3,9;2;
2022/03/17;2000 UTC;0;979,7;980,3;979,7;1585,6;32,3;19,9;33,3;31,8;20,6;18,8;51;46;48;207;3,9;,9;
2022/03/17;2100 UTC;0;979,9;980;979,6;603,9;30,7;20,9;32,3;30,7;22;20;58;48;56;139;3,2;1,1;
2022/03/17;2200 UTC;0;980,5;980,5;979,9;44,4;28,8;21,9;30,7;28,8;22,4;21,2;67;56;66;148;3,1;1,7;
2022/03/17;2300 UTC;;;;;;;;;;;;;;;;;;
2022/03/18;0000 UTC;2,6;982,7;982,7;981,3;;23,3;21,5;28,4;23,3;22,7;20,9;90;69;89;238;7,5;1,5;
2022/03/18;0100 UTC;0;983,5;983,5;982,7;;24,2;22,7;24,2;23,3;22,7;21,5;91;89;91;230;2,4;1;
2022/03/18;0200 UTC;1,8;983,7;983,9;983,5;;24,2;22,4;24,4;24,1;23;22,3;92;89;90;284;2,5;1,6;
2022/03/18;0300 UTC;0;983,8;983,8;983,5;;24,3;22,7;24,5;24,1;22,8;22;91;88;91;111;3,2;1,8;
2022/03/18;0400 UTC;0;983,7;983,8;983,5;;24,2;22,9;24,3;24,1;23;22,5;92;90;92;130;3,1;,6;
2022/03/18;0500 UTC;0;982,8;983,7;982,8;;24,1;22,4;24,3;24,1;22,8;22,3;92;89;90;96;2,4;1;
2022/03/18;0600 UTC;0;982,5;982,8;982,4;;24,1;22,6;24,3;23,9;22,7;22,2;92;89;92;162;1,9;1,1;
2022/03/18;0700 UTC;0;982,4;982,5;982,4;;23,4;22,3;24,1;23,3;22,6;22;93;91;93;249;2,6;1,6;
2022/03/18;0800 UTC;0;983,2;983,2;982,4;;23,7;22,5;23,7;23,4;22,6;22,3;94;93;93;200;3,3;1,2;
2022/03/18;0900 UTC;0;983,4;983,4;983,2;;23,5;22,2;23,8;23,5;22,5;22,2;93;92;92;192;3,3;1,7;
2022/03/18;1000 UTC;0;984,2;984,2;983,3;123,4;24;22,5;24;23,4;22,5;22;92;91;91;188;3,3;1,5;
2022/03/18;1100 UTC;0;984,7;984,7;984,1;915,9;26,3;22,9;26,4;24;23,1;22,4;91;81;81;165;3,4;2;
2022/03/18;1200 UTC;0;985,5;985,5;984,7;1808,4;27,9;23,2;27,9;26,3;23,3;22,4;82;74;76;181;5,5;2,9;
2022/03/18;1300 UTC;0;985,7;985,7;985,5;2647,2;29,6;22,9;29,7;27,9;23,9;22,4;76;67;67;106;5,5;2,1;
2022/03/18;1400 UTC;0;985,4;985,7;985,4;2766,7;31,1;23,5;31,1;29,3;23,5;21,7;69;62;64;358;3,5;1,1;
2022/03/18;1500 UTC;0;984,2;985,4;984,2;3407,7;31,8;22,2;31,9;30,6;23,7;21,7;65;56;57;195;3,4;1,4;
2022/03/18;1600 UTC;0;982,9;984,2;982,8;2635,6;30,3;22,6;32,5;30,3;23,3;21,3;63;54;63;109;4,9;2,7;
2022/03/18;1700 UTC;8,2;983,2;983,8;982,9;110,3;23,2;21,9;30,3;22,8;22,7;21;92;63;92;15;11,2;2;
2022/03/18;1800 UTC;0;981,9;983,3;981,9;73,8;23,4;22,1;23,5;23,1;22,1;21,8;92;91;92;11;3,6;1,1;
2022/03/18;1900 UTC;0;981,9;981,9;981,3;95;23,8;22,4;23,9;23,4;22,5;21,9;93;91;92;327;2,9;,8;
2022/03/18;2000 UTC;0;980,7;981,9;980,7;176;24,2;22,4;24,2;23,8;22,6;22,3;92;90;90;298;2,5;,6;
2022/03/18;2100 UTC;0;981,1;981,1;980,2;129,6;24,2;22,8;24,2;24;22,8;22,4;92;90;92;205;2,6;,7;
2022/03/18;2200 UTC;0;981,2;981,2;981;9,4;23,8;22,7;24,2;23,8;22,8;22,5;93;92;93;273;2;,6;
2022/03/18;2300 UTC;;;;;;;;;;;;;;;;;;
2022/03/19;0000 UTC;;;;;;;;;;;;;;;;;;
2022/03/19;0100 UTC;0;982,7;982,7;982;;23,3;22,3;23,7;23,3;22,7;22,3;95;94;95;356;1,8;,6;
2022/03/19;0200 UTC;0;983,3;983,3;982,7;;23;22,1;23,3;22,9;22,3;22;95;94;95;302;1,8;1;
2022/03/19;0300 UTC;0;983,2;983,6;983,2;;22,9;22;23;22,8;22,1;21,9;95;94;95;193;1,7;,6;
2022/03/19;0400 UTC;0;983,1;983,2;983;;22,9;22;23;22,7;22,1;21,9;95;95;95;248;1,7;,5;
2022/03/19;0500 UTC;0;982,7;983,1;982,7;;22,6;21,7;22,9;22,5;22;21,6;95;95;95;314;1,6;,6;
2022/03/19;0600 UTC;0;982,3;982,7;982,3;;22,2;21,4;22,6;22,2;21,7;21,4;95;95;95;142;,8;,3;
2022/03/19;0700 UTC;,2;982,2;982,3;982,1;;22,1;21,3;22,3;22;21,5;21,2;95;95;95;218;1,8;1,3;
2022/03/19;0800 UTC;0;982,1;982,2;982;;22,4;21,6;22,5;22,1;21,7;21,3;95;95;95;215;1,7;1,5;
2022/03/19;0900 UTC;0;982,7;982,7;982,1;;22,3;21,5;22,4;22,2;21,6;21,4;95;95;95;202;1,8;1;
2022/03/19;1000 UTC;0;983,4;983,4;982,7;68,8;22,4;21,6;22,4;21,9;21,6;21,1;95;95;95;330;1,4;,5;
2022/03/19;1100 UTC;0;984,1;984,1;983,4;845,6;24,4;23,3;24,4;22,3;23,3;21,5;95;94;94;140;1,6;,9;
2022/03/19;1200 UTC;0;984,6;984,6;984,1;1749,3;26,2;23;26,2;24,4;23,7;22,5;94;83;83;133;3,1;1,9;
2022/03/19;1300 UTC;0;984,7;984,8;984,6;2569,2;28,5;23,5;28,8;25,9;24,7;22,8;84;74;74;161;3,9;1,4;
2022/03/19;1400 UTC;0;984,2;984,8;984,2;3212,5;30,3;22,8;30,5;28,5;24,6;22,4;77;64;64;106;4,5;2,3;
2022/03/19;1500 UTC;0;983,5;984,2;983,5;3195,2;32,1;21;32,1;30,3;23,2;20,1;65;51;52;70;5,6;2,7;
2022/03/19;1600 UTC;0;982,4;983,5;982,4;3415,9;32,5;20,6;33;31,1;22,2;19,9;58;47;50;76;5,6;2,1;
2022/03/19;1700 UTC;0;981,4;982,4;981,4;2617,5;33,1;20,2;33,2;31,4;21,8;19,4;57;46;47;107;5,4;2,6;
2022/03/19;1800 UTC;0;980,2;981,4;980,2;2725,3;33,1;20,1;33,8;32,2;21,8;19,4;54;44;47;87;5,4;1,7;
2022/03/19;1900 UTC;0;979,3;980,2;979,3;2018,8;33,1;20;33,8;31,8;22,1;19,1;54;42;46;132;4,2;1,3;
2022/03/19;2000 UTC;0;978,7;979,3;978,7;1585,9;32,3;21,2;33,2;32,2;21,5;19,3;53;45;52;55;4,3;1,2;
2022/03/19;2100 UTC;0;978,7;978,8;978,6;230,9;29,3;24,1;32,3;29,3;24,2;21;74;51;74;337;2,6;,5;
2022/03/19;2200 UTC;0;979,1;979,1;978,7;17;27;23,7;29,3;27;24,2;22,4;83;69;82;237;1;,6;
2022/03/19;2300 UTC;0;979,9;979,9;979,1;;25,9;23,6;27;25,7;24,1;21,8;89;75;87;213;2;,8;
2022/03/20;0000 UTC;0;980,8;980,8;979,9;;25,4;23,1;25,9;25,4;23,8;23;89;86;87;216;1,3;,7;
2022/03/20;0100 UTC;0;981,4;981,4;980,8;;25,1;22,7;25,5;24,6;23,1;22,1;88;84;87;217;2;,7;
2022/03/20;0200 UTC;;;;;;;;;;;;;;;;;;
2022/03/20;0300 UTC;0;981,7;981,8;981,6;;25,4;23,1;25,4;24,7;23,4;22,8;90;87;87;198;2,3;1,3;
2022/03/20;0400 UTC;0;981,5;981,7;981,5;;25,6;23,6;25,6;25,3;23,6;22,9;89;86;89;208;1,9;,6;
2022/03/20;0500 UTC;0;981,7;981,7;981,5;;25,4;23,6;25,6;25,3;23,8;23,5;91;88;90;105;2,7;1,3;
2022/03/20;0600 UTC;3,4;981,8;981,8;981;;24,5;21,9;25,4;23,8;23,5;21,2;90;82;85;71;7,7;4;
2022/03/20;0700 UTC;4,6;981,9;982,2;981,7;;23,7;22,4;24,7;23,1;22,4;21;92;83;92;10;8,6;1,6;
2022/03/20;0800 UTC;,4;981,8;981,9;981,6;;23,7;22,2;24,1;23,6;22,6;22,2;92;90;92;358;5;1,9;
2022/03/20;0900 UTC;0;982,2;982,3;981,8;;23,3;22,1;23,7;23,3;22,2;21,9;93;90;93;341;3,6;1,9;
2022/03/20;1000 UTC;0;983,1;983,2;982,2;46,5;23,4;22,3;23,4;23,2;22,3;22,1;94;93;93;41;3,5;,7;
2022/03/20;1100 UTC;0;983,7;983,7;983,1;367,5;24,2;22,8;24,2;23,4;22,8;22,3;93;92;92;205;3,8;2,3;
2022/03/20;1200 UTC;0;984,7;984,7;983,7;829,7;25,1;22,7;25,2;24,2;22,9;22,5;92;86;86;177;6,5;3,2;
2022/03/20;1300 UTC;1,2;985,1;985,2;984,7;944,1;24,4;21,5;25,6;24,4;23,2;21,5;87;82;84;139;6;1,6;
2022/03/20;1400 UTC;,6;984,7;985,3;984,7;1408,4;26,1;22,9;26,1;24,2;23;21,6;88;80;82;208;3,6;1,5;
2022/03/20;1500 UTC;0;984;984,8;984;2236,2;26,8;22;26,8;25,9;22,9;21,8;82;74;75;215;3,5;1;
2022/03/20;1600 UTC;0;982,7;984;982,7;3422,6;29,6;22,3;30,2;26,8;23,4;21,6;78;63;65;203;3;1,4;
2022/03/20;1700 UTC;0;981,9;982,8;981,9;3206,2;31,1;22,9;31,1;28,7;23,3;21,4;70;60;62;323;5,7;2,1;
2022/03/20;1800 UTC;0;981,3;981,9;981,3;1594,5;27,1;22,4;31,1;27,1;22,6;21,1;76;58;76;96;7,4;1,5;
2022/03/20;1900 UTC;0;980,1;981,3;980;1429,6;28,9;22,8;29;27;23,3;22,1;77;69;70;74;3,1;1,5;
2022/03/20;2000 UTC;0;979,6;980,1;979,6;1584,4;29,7;21,7;30,1;28,8;23,3;21,7;71;62;62;104;2,7;1,4;
2022/03/20;2100 UTC;0;979,8;979,8;979,5;612,5;29,7;20,9;30;29,4;22,2;20,5;65;57;59;332;2,3;,3;
2022/03/20;2200 UTC;0;980;980,2;979,8;27,2;26,6;23,5;29,7;26,6;24,3;20,3;85;57;83;336;1,1;,9;
2022/03/20;2300 UTC;0;980,3;980,3;979,9;;25,3;23,3;26,6;25,2;24;22,7;89;83;88;187;1,6;,9;
2022/03/21;0000 UTC;0;980,8;980,9;980,2;;25;23,4;25,3;24,9;23,5;22,8;92;87;91;162;1,6;,8;
2022/03/21;0100 UTC;0;981,7;981,7;980,8;;24,5;22,9;25;24,5;23,4;22,8;91;89;91;147;1,4;,5;
2022/03/21;0200 UTC;0;982,3;982,3;981,7;;24,2;23,1;24,5;23,9;23,1;22,7;94;91;94;342;1,4;,9;
2022/03/21;0300 UTC;0;982,7;982,7;982,2;;23,6;22,6;24,3;23,4;23,1;22,3;94;92;94;223;1,4;,6;
2022/03/21;0400 UTC;0;982,5;982,8;982,5;;24;23;24;23,4;23;22,2;94;93;94;294;2,4;1,3;
2022/03/21;0500 UTC;0;981,9;982,5;981,9;;24;22,7;24,2;24;23;22,6;94;91;93;299;2,7;,8;
2022/03/21;0600 UTC;0;981,6;981,9;981,6;;23,9;22,8;24,3;23,9;23;22,7;93;92;93;17;2,6;,7;
2022/03/21;0700 UTC;0;981,9;982;981,6;;24,3;23,2;24,3;23,7;23,2;22,5;94;93;93;9;3,8;1,6;
2022/03/21;0800 UTC;30,8;982;982,4;981,9;;22,4;21,6;24,4;21,6;23,2;20,5;95;86;95;239;10,1;1,8;
2022/03/21;0900 UTC;,4;982,2;982,2;981,9;;22;21,1;22,4;21,9;21,6;21;95;95;95;256;4,4;1,7;
2022/03/21;1000 UTC;0;983,4;983,4;982,1;19,3;22,4;21,5;22,4;21,9;21,5;21,1;95;95;95;155;5,2;2,7;
2022/03/21;1100 UTC;1,4;984,1;984,4;983,5;48,3;22,6;21,3;22,9;22,4;21,8;21,3;95;92;92;222;5,6;2,9;
2022/03/21;1200 UTC;2,2;984,1;984,1;983,8;168,9;22,3;21,2;22,6;22,2;21,5;21,1;94;92;93;196;6,3;2,4;
2022/03/21;1300 UTC;,2;984,3;984,3;984,1;1106,1;24,4;22,1;24,4;22,3;22,4;21,2;93;87;87;189;4;1,7;
2022/03/21;1400 UTC;0;984,6;984,7;984,3;2046,1;26,3;22,9;26,3;24,3;23;21,6;87;80;81;152;5,2;2,5;
2022/03/21;1500 UTC;0;983,9;984,6;983,9;3513,1;28,3;22,5;28,5;26,3;23,2;21,2;81;69;71;145;6,1;2,4;
2022/03/21;1600 UTC;0;983;983,9;982,9;3490,2;29,8;21,7;29,9;28,3;23,7;21,7;74;62;62;142;6,2;3,1;
2022/03/21;1700 UTC;0;981,5;983;981,5;3131,7;30,3;22;30,4;29,7;23,2;20,9;66;58;61;126;5,9;3;
2022/03/21;1800 UTC;0;980,5;981,5;980,5;2166,3;30,2;21,8;30,9;29,6;23,2;21,7;67;59;61;123;5,7;2,6;
2022/03/21;1900 UTC;0;980;980,5;980;1566,4;29,8;22,2;30,8;29,5;23;21,8;67;60;64;93;4,8;2,1;
2022/03/21;2000 UTC;0;979,7;980;979,7;1230,8;29,2;21,9;30,2;29,2;23,2;21,6;69;60;65;57;4,1;1,1;
2022/03/21;2100 UTC;0;979,7;979,7;979,6;306,8;28,1;24,7;29,2;28;24,7;21,9;82;64;82;80;2,2;,5;
2022/03/21;2200 UTC;0;979,7;979,7;979,6;19,7;25,9;23,4;28,2;25,7;24,7;23;87;74;87;209;2;1,5;
2022/03/21;2300 UTC;;;;;;;;;;;;;;;;;;
2022/03/22;0000 UTC;0;980,3;980,4;979,7;;24,9;22,8;25,7;24,8;23,4;22,8;90;86;88;318;2;,9;
2022/03/22;0100 UTC;0;981,3;981,3;980,3;;24,1;22,8;24,9;24,1;23,1;22,4;92;88;92;334;2,3;,6;
2022/03/22;0200 UTC;0;981,9;981,9;981,3;;23,6;22,5;24,2;23,6;22,9;22,4;93;92;93;10;1,6;,7;
2022/03/22;0300 UTC;0;982,2;982,3;981,9;;23,8;22,5;24;23,6;22,9;22,5;94;93;93;350;2;1,3;
2022/03/22;0400 UTC;0;982;982,2;981,9;;23,5;22,5;23,9;23,5;22,6;22,3;94;92;94;30;1,9;1;
2022/03/22;0500 UTC;0;981,5;982;981,5;;23,5;22,6;23,8;23,2;22,8;22,2;94;94;94;135;1,6;,8;
2022/03/22;0600 UTC;0;981,2;981,5;981,2;;23,1;22,1;23,5;23,1;22,5;22,1;94;94;94;;1,4;,1;
2022/03/22;0700 UTC;0;981,1;981,2;981,1;;23;22,1;23,1;22,8;22,1;21,8;95;94;95;41;,8;,4;
2022/03/22;0800 UTC;0;981,2;981,2;981;;23,3;22,4;23,3;22,9;22,4;22;95;95;95;204;1,6;,9;
2022/03/22;0900 UTC;0;981,7;981,7;981,2;;23,4;22,4;23,5;23,3;22,6;22,4;95;94;95;299;1,4;,4;
2022/03/22;1000 UTC;0;982,2;982,2;981,7;90,7;23,9;23;23,9;23,4;23;22,4;95;94;94;195;1;,7;
2022/03/22;1100 UTC;0;983;983;982,2;362,1;24,9;22,9;24,9;23,9;23,2;22,8;94;89;89;161;3,1;1,5;
2022/03/22;1200 UTC;0;983,7;983,7;983;1800,3;27,7;23,8;27,7;24,9;23,9;22,7;89;77;79;131;4,8;1,7;
2022/03/22;1300 UTC;0;983,9;984;983,7;2614;29,9;21,6;30,4;27,7;24,1;21,6;79;60;61;129;5,4;2,9;
2022/03/22;1400 UTC;0;983,9;984,1;983,9;3298,7;31,6;21,9;31,6;29,9;23;20,9;64;56;56;130;7,6;2,5;
2022/03/22;1500 UTC;0;983,2;983,9;983,2;3530,9;32,7;21,4;32,7;30,9;22,8;20,2;61;49;51;95;6,4;2,6;
2022/03/22;1600 UTC;0;982,2;983,2;982,2;3379,4;33;21,1;33,4;31,8;22;19,8;53;47;50;96;7;2,8;
2022/03/22;1700 UTC;0;980,8;982,2;980,8;3042,1;33,2;20,4;33,8;32,5;22,3;20;52;46;47;83;6,1;2,7;
2022/03/22;1800 UTC;0;980,1;980,8;980,1;3067,7;34,2;21,2;34,2;33;21,4;19,6;49;44;47;93;6,8;2,3;
2022/03/22;1900 UTC;0;979,7;980,1;979,6;2379,5;33;20,4;34,2;33;21,4;19,5;50;43;48;96;7,3;2,6;
2022/03/22;2000 UTC;0;979,7;979,8;979,7;1394,2;32,6;21,9;33,8;32,5;22,3;19,7;54;45;53;140;4,6;1,7;
2022/03/22;2100 UTC;0;979,7;979,8;979,5;579,4;31;22,5;32,6;31;23;21,8;62;53;61;152;4,2;1,5;
2022/03/22;2200 UTC;;;;;;;;;;;;;;;;;;
2022/03/22;2300 UTC;0;980,9;980,9;980,2;;26,7;22;28,2;26,5;23,7;21,9;84;73;75;328;3,8;2;
2022/03/23;0000 UTC;0;981;981,1;980,9;;25,8;21,9;26,7;25,8;22,2;21,6;80;74;79;275;3,8;1,1;
2022/03/23;0100 UTC;;;;;;;;;;;;;;;;;;
2022/03/23;0200 UTC;0;981,8;982;981,8;;24,5;22,8;24,7;24,3;22,9;22,6;91;90;90;39;1,2;,6;
2022/03/23;0300 UTC;0;982,2;982,2;981,8;;24,3;22,9;24,5;23,9;23;22,5;92;90;92;342;2;1,1;
2022/03/23;0400 UTC;0;981,7;982,2;981,7;;24,2;22,5;24,5;24,2;23;22,5;92;89;90;26;2,5;,2;
2022/03/23;0500 UTC;0;981,4;981,8;981,4;;24,1;22,6;24,3;24;22,7;22,4;92;90;91;1;2;,7;
2022/03/23;0600 UTC;0;981,3;981,5;981,2;;23,3;22;24,1;23,3;22,6;21,9;93;91;92;238;1,5;,8;
2022/03/23;0700 UTC;0;981,8;981,8;981,3;;23,5;22,3;23,5;23,2;22,3;21,9;93;92;93;245;1,5;,3;
2022/03/23;0800 UTC;0;982,1;982,2;981,8;;24,1;22,7;24,1;23,4;22,8;22,2;94;92;92;356;2,7;1,8;
2022/03/23;0900 UTC;,2;983,2;983,2;982,1;;23,9;22,7;24,3;23,8;22,7;22,4;93;89;93;16;3;1,5;
2022/03/23;1000 UTC;1,6;983,4;983,6;983,2;14,5;24,1;22,2;24,2;23,8;22,7;22,2;93;89;89;149;4,9;2,6;
2022/03/23;1100 UTC;0;983,9;983,9;983,4;733,3;25,5;21,9;25,5;24;22,5;21,7;90;80;80;175;4,9;2;
2022/03/23;1200 UTC;0;984,9;984,9;983,9;1932,5;27,6;21,8;28,1;25,5;22,5;21,3;82;69;71;123;3,7;1,8;
2022/03/23;1300 UTC;0;985,2;985,2;984,9;2021,4;29,1;21,8;29,4;27,2;22,9;21,5;74;64;65;84;3,7;1,4;
2022/03/23;1400 UTC;0;984,8;985,2;984,8;2298,6;29,4;21,6;29,8;28,4;22,6;21,4;69;62;63;40;4;2;
2022/03/23;1500 UTC;0;983,8;984,8;983,8;3217,1;30,6;22,6;30,8;29,2;22,9;21,3;65;59;62;18;4,7;2,4;
2022/03/23;1600 UTC;0;982,7;983,8;982,7;3335,6;31,7;20,6;32;30,2;23,1;20,6;63;51;52;22;4,6;1,7;
2022/03/23;1700 UTC;0;981,5;982,7;981,5;3312,8;31,8;20,9;32,4;31,2;22,3;20,2;59;50;52;360;5,3;2,3;
2022/03/23;1800 UTC;0;980,5;981,5;980,5;2975,5;32,6;20,6;32,9;31,7;22,2;20,5;56;49;49;12;4,8;1,4;
2022/03/23;1900 UTC;0;980;980,5;979,9;2037,6;32,6;20,8;32,9;32,2;22;20,2;55;48;50;24;4;1,2;
2022/03/23;2000 UTC;0;979,7;980;979,6;1504,5;32,8;21,1;32,9;32,1;21,8;20,4;54;49;50;346;3;,6;
2022/03/23;2100 UTC;0;979,8;979,8;979,5;596,8;30,9;22,6;32,8;30,5;23,3;21;65;50;61;341;1,9;1;
2022/03/23;2200 UTC;0;979,9;979,9;979,7;13,3;28;24;30,9;28;24,3;22,4;80;61;79;314;2,5;1,3;
2022/03/23;2300 UTC;;;;;;;;;;;;;;;;;;
2022/03/24;0000 UTC;;;;;;;;;;;;;;;;;;
2022/03/24;0100 UTC;0;981,6;981,6;981;;25,3;23,6;26,3;25,3;24,3;23,4;90;87;90;324;2,2;,8;
2022/03/24;0200 UTC;0;982,1;982,2;981,6;;24,9;23,5;25,8;24,7;23,8;23;92;88;92;330;1,5;,7;
2022/03/24;0300 UTC;0;982,2;982,3;982,1;;24,8;23,6;24,9;24,5;23,6;23,1;93;91;93;336;1,9;,8;
2022/03/24;0400 UTC;0;981,7;982,2;981,7;;24,9;23,7;24,9;24,5;23,8;23,3;94;92;93;280;2,4;,5;
2022/03/24;0500 UTC;0;982,1;982,1;981,7;;24,9;23,6;24,9;24,4;23,8;23,3;94;92;92;35;3,4;1,4;
2022/03/24;0600 UTC;0;981,8;982,1;981,6;;24,5;23,3;25;24,4;23,5;23,1;93;90;93;343;2,8;1;
2022/03/24;0700 UTC;0;981,9;982;981,5;;24,7;23;24,7;24,5;23,5;23;93;90;90;33;5;2,6;
2022/03/24;0800 UTC;1,8;982,7;982,7;981,8;;23,6;22,2;24,7;23,6;22,9;22,1;93;90;92;3;7,5;2,5;
2022/03/24;0900 UTC;0;982,6;982,8;982,6;;23,2;21,6;23,6;23,2;22,1;21,6;92;91;91;353;6,6;3,2;
2022/03/24;1000 UTC;0;983,1;983,1;982,6;67,5;23,4;21,9;23,4;23,1;21,9;21,5;92;91;91;31;5;,8;
2022/03/24;1100 UTC;0;984;984;983,1;190,6;23,8;22;23,9;23,4;22,1;21,8;92;89;89;40;1,7;,5;
2022/03/24;1200 UTC;0;984,6;984,6;984;338,6;25,1;22,3;25,1;23,8;22,5;22;90;84;85;114;1,7;1;
2022/03/24;1300 UTC;0;984,7;984,8;984,6;939,8;26,4;22,8;26,5;25,1;23;22,2;86;80;80;82;2,6;1,2;
2022/03/24;1400 UTC;0;984,6;984,8;984,6;1544,8;28,1;23,1;28,1;26,4;23,4;22,5;81;74;74;88;3,3;1,3;
2022/03/24;1500 UTC;0;984;984,6;984;2236,7;29,2;23;29,2;27,9;23,4;22,3;75;67;69;34;3,7;1,5;
2022/03/24;1600 UTC;0;983;984;983;3604;30,4;22,5;30,6;28,8;23,3;22,2;71;62;63;339;4,6;2,4;
2022/03/24;1700 UTC;10,4;982,7;983;982,5;1450;24,4;22,3;30,9;24,3;23,9;22;89;62;88;70;7,8;4,4;
2022/03/24;1800 UTC;6;982;982,7;982;938,5;25,8;23,3;25,8;24,3;23,5;22,4;92;84;86;9;7,8;2,9;
2022/03/24;1900 UTC;0;981,8;982;981,6;1036,1;26,3;22,4;26,4;25,8;23,6;22,4;87;79;79;8;5,8;3,2;
2022/03/24;2000 UTC;0;981,5;981,8;981,5;742,8;26,7;22,9;26,9;26,1;23,3;22,2;81;78;80;6;5,5;2,2;
2022/03/24;2100 UTC;0;981,3;981,5;981,2;334,6;26,2;22,9;26,8;26,2;23,2;22,8;82;79;82;335;4,1;1,6;
2022/03/24;2200 UTC;0;981,9;981,9;981,3;17,9;25;22,9;26,2;25;23;22,7;88;82;88;343;3,3;1,4;
2022/03/24;2300 UTC;0;982,3;982,3;981,9;;24,2;22,3;25;24,2;22,9;22,2;89;87;89;355;3,3;1,1;
2022/03/25;0000 UTC;0;982,6;982,7;982,2;;23,6;22,1;24,2;23,5;22,3;22;92;89;91;297;2,4;1,2;
2022/03/25;0100 UTC;0;983,5;983,5;982,6;;23,1;22;23,6;23;22,1;21,8;94;91;94;337;2,4;,6;
2022/03/25;0200 UTC;0;983,5;983,5;983,3;;22,8;21,8;23,1;22,7;22;21,7;94;93;94;327;1,2;,4;
2022/03/25;0300 UTC;0;983,4;983,8;983,4;;22,8;21,9;22,8;22,5;21,9;21,5;95;94;94;356;1,7;,7;
2022/03/25;0400 UTC;0;983,3;983,6;983,3;;22,8;21,9;22,9;22,6;22;21,6;94;94;94;237;1,7;,7;
2022/03/25;0500 UTC;0;983,2;983,4;983,2;;23,2;22,3;23,3;22,8;22,3;21,9;95;94;94;184;1,8;,8;
2022/03/25;0600 UTC;0;982,7;983,3;982,6;;23,1;22,1;23,4;23,1;22,5;22,1;95;94;94;55;2,2;,4;
2022/03/25;0700 UTC;0;982,2;982,7;982,1;;22,8;21,9;23,1;22,7;22,1;21,8;95;94;95;149;1,4;,6;
2022/03/25;0800 UTC;0;983;983;982,1;;23;22,1;23;22,6;22,1;21,7;95;95;95;93;3,7;2,2;
2022/03/25;0900 UTC;12,2;984;984;983;;22,1;20,9;23,6;22,1;22,4;20,9;95;91;93;106;6,2;2,9;
2022/03/25;1000 UTC;2,8;984,7;984,7;983,9;8,7;22,1;21,1;22,2;22;21,1;20,9;94;93;94;7;5,5;1,6;
2022/03/25;1100 UTC;2,2;984,9;984,9;984,6;194,5;22,1;20,9;22,2;21,9;21,2;20,7;94;93;93;347;4,5;1,8;
2022/03/25;1200 UTC;0;985,3;985,4;984,9;939,9;23,9;21,9;23,9;22,1;22;21;93;89;89;6;3,4;,5;
2022/03/25;1300 UTC;0;985,5;985,5;985,3;1234,7;25,6;22,3;25,7;23,9;22,7;21,7;89;82;82;280;2,7;,8;
2022/03/25;1400 UTC;0;985,2;985,7;985,2;1796,5;27,2;22,6;27,4;25,6;23,1;22,1;83;76;76;180;2,3;,7;
2022/03/25;1500 UTC;0;984,2;985,2;984,2;2648,6;28,7;22,6;28,7;26,7;23,5;21,6;81;69;70;127;2,6;,8;
2022/03/25;1600 UTC;0;983;984,2;983;2687,2;29,3;21,1;29,3;28,3;22,8;20,7;71;60;61;81;3,3;1,1;
2022/03/25;1700 UTC;0;981,8;983;981,8;2740,7;30,5;21,2;30,5;29,1;23,2;19,4;69;53;58;38;3,4;,7;
2022/03/25;1800 UTC;0;980,3;981,8;980,3;3054,9;31,3;21,3;31,3;30,1;22,6;19,5;60;51;55;308;3,2;1,1;
2022/03/25;1900 UTC;0;979,7;980,4;979,7;2323,6;32;19,8;32,1;30,6;22,4;19,3;59;47;49;304;2,8;,7;
2022/03/25;2000 UTC;0;979,2;979,7;979,2;1537,1;31,7;20,7;32,3;31,3;21,3;19,5;53;47;52;221;2,6;,6;
2022/03/25;2100 UTC;0;978,6;979,2;978,6;399,4;28,6;23,8;31,7;28,5;24,2;20,1;77;52;75;156;1,5;,9;
2022/03/25;2200 UTC;0;978,7;978,8;978,6;9;25,9;23,2;28,6;25,7;24,8;23,2;88;75;85;204;2,6;1,1;
2022/03/25;2300 UTC;0;979,3;979,3;978,6;;25,8;23,1;26,3;25,8;23,6;23;86;84;85;220;2,6;1,8;
2022/03/26;0000 UTC;0;980,2;980,3;979,3;;25,6;23,1;26;25,6;23,3;23;86;85;86;220;3,2;2,1;
2022/03/26;0100 UTC;0;981,3;981,3;980,2;;24,9;23,4;25,6;24,9;23,4;23,1;91;86;91;301;3,7;,8;
2022/03/26;0200 UTC;;;;;;;;;;;;;;;;;;
2022/03/26;0300 UTC;0;981,9;982,1;981,8;;24,7;23,4;24,8;24,5;23,5;23,2;93;92;93;248;1,9;1,3;
2022/03/26;0400 UTC;0;981,2;981,9;981,2;;23,9;22,8;24,7;23,9;23,5;22,8;94;93;94;249;1,7;,4;
2022/03/26;0500 UTC;0;981,2;981,3;981;;23,5;22,5;24;23,5;23,1;22,5;94;94;94;17;1,1;,6;
2022/03/26;0600 UTC;0;981,2;981,5;981,2;;23,9;23;23,9;23,4;23;22,4;95;94;95;299;2,1;,7;
2022/03/26;0700 UTC;0;980,8;981,2;980,8;;23,6;22,7;23,9;23,5;23;22,6;95;95;95;204;1,5;,8;
2022/03/26;0800 UTC;0;981;981;980,7;;23,1;22,2;23,6;23,1;22,7;22,2;95;95;95;282;2;,8;
2022/03/26;0900 UTC;0;981,5;981,5;980,9;;23,3;22,4;23,4;22,8;22,5;21,9;95;95;95;195;1,3;,5;
2022/03/26;1000 UTC;0;982,1;982,1;981,5;85,8;24,2;23,3;24,2;23,3;23,3;22,4;95;95;95;156;2,4;1,1;
2022/03/26;1100 UTC;0;982,3;982,5;982;662,6;25,7;23,5;25,8;24,2;24;23,3;95;87;88;104;2,5;,8;
2022/03/26;1200 UTC;0;983,1;983,1;982,3;1818,8;27,8;23,1;27,9;25,7;23,9;22,8;88;75;76;30;5;1,7;
2022/03/26;1300 UTC;0;982,9;983,2;982,9;2619,8;29;22,8;29,1;27,5;24,1;22,1;79;67;69;314;4,7;1,2;
2022/03/26;1400 UTC;0;982,5;982,9;982,5;3009,4;30,5;21,7;31,2;29;23,5;21,7;70;59;60;80;3;1,3;
2022/03/26;1500 UTC;0;981,5;982,6;981,5;3314,5;31,4;22,5;31,5;30;23,2;21,5;63;58;59;60;3,4;1;
2022/03/26;1600 UTC;0;980,4;981,5;980,4;3442,3;32,7;22,3;32,7;30,7;22,8;21,2;60;53;54;193;3,9;1,3;
2022/03/26;1700 UTC;0;979,5;980,4;979,5;3041,8;32,9;21,8;33,6;32,1;22,5;20,4;55;49;52;174;3,5;1,2;
2022/03/26;1800 UTC;0;978,4;979,5;978,4;2917;33,1;21,4;33,8;32,3;22,4;20,8;54;47;51;356;4,5;1;
2022/03/26;1900 UTC;0;977,6;978,4;977,6;2487,1;33,8;22;34,6;33,1;22,8;20,7;53;46;50;112;2,9;1,4;
2022/03/26;2000 UTC;0;978;978,1;977,5;681,4;27,7;21,7;33,8;26,6;22,3;21,2;76;48;70;305;9,5;1,8;
2022/03/26;2100 UTC;0;977,4;978;977,4;262,9;27;22,9;28;26,7;23,5;21,7;83;69;78;198;4,6;1;
2022/03/26;2200 UTC;0;977,8;977,8;977,4;17;25,7;23,6;27,1;25,7;23,8;22,9;88;78;88;287;1,9;,3;
2022/03/26;2300 UTC;0;978,3;978,3;977,8;;25,3;23,7;25,7;25,1;23,8;23,4;91;88;91;52;1,4;,8;
2022/03/27;0000 UTC;0;979,4;979,4;978,3;;24,9;23,4;25,4;24,8;23,8;23,3;92;91;91;298;3,2;,4;
2022/03/27;0100 UTC;0;980,2;980,2;979,4;;24,3;23;24,9;24,2;23,5;22,9;93;91;93;199;1,2;,2;
2022/03/27;0200 UTC;0;980,9;980,9;980,2;;23,8;22,8;24,3;23,7;23,1;22,5;94;92;94;12;2;1,2;
2022/03/27;0300 UTC;0;980,9;981;980,8;;24,1;22,8;24,4;23,8;23,3;22,8;94;92;93;309;2,1;,7;
2022/03/27;0400 UTC;,2;980,4;981;980,4;;24,1;22,9;24,1;23,9;22,9;22,7;93;92;93;274;1,2;,6;
2022/03/27;0500 UTC;0;980,1;980,4;980;;23,5;22,5;24,2;23,5;22,9;22,5;94;93;94;67;1,9;,7;
2022/03/27;0600 UTC;0;981,6;981,6;980,1;;23,8;20,6;24,7;23,5;23,5;20,6;95;81;82;36;8,9;4;
2022/03/27;0700 UTC;0;981,8;981,9;981,3;;22,8;20,2;23,8;22,8;20,9;20;87;82;85;61;8,9;2,6;
2022/03/27;0800 UTC;,6;981,8;981,9;981,2;;22,1;20,3;22,9;22;20,3;20,1;90;85;89;130;5,9;1,6;
2022/03/27;0900 UTC;0;982,7;982,9;981,8;;22;20,4;22,7;22;20,6;20,3;91;88;91;134;7;3,9;
2022/03/27;1000 UTC;1;983,1;983,1;982,6;10,8;21,9;20,1;22,4;21,8;20,7;20,1;91;89;90;184;7;2,6;
2022/03/27;1100 UTC;,4;983,3;983,4;983,1;136,2;22,1;20,3;22,1;21,8;20,3;19,5;90;87;90;212;5,6;1,3;
2022/03/27;1200 UTC;,2;984,1;984,1;983,3;315,4;22,9;21;22,9;22,1;21;20,1;90;86;89;214;2,8;1,5;
2022/03/27;1300 UTC;,2;983,9;984,4;983,9;1132,5;24,5;20,7;24,5;22,9;21,3;20,3;89;78;79;162;4,4;2,7;
2022/03/27;1400 UTC;0;984,6;984,6;983,8;1319,3;24,9;21,1;25,6;24,5;21,6;20,4;81;74;80;95;4,4;1,3;
2022/03/27;1500 UTC;0;984,4;984,8;984,4;767,1;25,2;22,2;25,2;24,7;22,2;20,7;84;78;84;121;4,2;2;
2022/03/27;1600 UTC;0;983,7;984,4;983,7;1483,8;25,5;22;25,7;25;22,5;21,7;84;80;81;168;4,9;2,2;
2022/03/27;1700 UTC;0;982,3;983,7;982,3;1775,9;27,1;22;27,1;25,4;22,4;21,2;82;72;74;169;4;2,4;
2022/03/27;1800 UTC;0;981;982,3;981;2607;29;21,6;29;27;22,7;21;74;64;64;179;5,9;2,7;
2022/03/27;1900 UTC;0;980,5;981;980,5;2082,1;28,7;22,1;29,6;28,4;22,4;20,9;68;62;67;117;5,4;2,2;
2022/03/27;2000 UTC;0;980,2;980,6;980,2;1446,4;28,9;22,1;29,4;28,7;22,9;21,6;69;64;67;126;3,7;2,2;
2022/03/27;2100 UTC;0;980,1;980,2;979,9;528,8;28,5;23;29,1;28,4;23,1;22,2;73;67;72;165;3;,9;
2022/03/27;2200 UTC;0;980,6;980,6;980,1;9,6;25,8;22,8;28,5;25,8;23,3;22,6;84;72;84;248;2,5;1;
2022/03/27;2300 UTC;0;981,8;981,8;980,6;;25;22,7;25,9;25;22,9;22,5;87;83;87;268;2,9;,9;
2022/03/28;0000 UTC;0;982,2;982,3;981,8;;24,7;22,6;25;24,4;23;22,4;91;87;88;238;2,3;1,6;
2022/03/28;0100 UTC;0;982,5;982,5;982;;24,5;22,8;24,7;24,3;23;22,5;92;88;91;206;2,5;1,2;
2022/03/28;0200 UTC;0;982,8;983;982,5;;24,4;23;24,7;24;23,3;22,5;92;91;92;220;2,6;,6;
2022/03/28;0300 UTC;0;982,6;983;982,5;;24,1;22,9;24,4;24;23,1;22,8;93;92;93;214;2,5;1,3;
2022/03/28;0400 UTC;0;982,8;982,9;982,6;;23,9;22,9;24,2;23,9;23;22,8;94;93;94;304;2;,9;
2022/03/28;0500 UTC;0;982,3;982,7;982,3;;23,6;22,7;23,9;23,5;22,9;22,6;94;94;94;298;1,9;1,3;
2022/03/28;0600 UTC;0;982,2;982,4;982,2;;23,4;22,5;23,6;23,1;22,6;22,2;95;94;95;311;2,6;1,4;
2022/03/28;0700 UTC;0;982,4;982,4;982,2;;23,4;22,3;23,6;23,4;22,7;22,3;95;94;94;231;2,6;1;
2022/03/28;0800 UTC;0;982,6;982,7;982,3;;23,2;22,3;23,4;23,2;22,4;22,2;95;94;94;215;1,5;,9;
2022/03/28;0900 UTC;0;983,1;983,1;982,6;;23,4;22,4;23,5;23,2;22,6;22,3;95;94;94;207;1,9;1,1;
2022/03/28;1000 UTC;0;983,5;983,5;983,1;69,3;23,6;22,4;23,6;23,3;22,4;22,2;94;93;93;208;2,3;1,2;
2022/03/28;1100 UTC;0;984,3;984,3;983,5;765,4;25,9;23;25,9;23,6;23,4;22,4;93;84;84;167;2,5;1,2;
2022/03/28;1200 UTC;0;984,7;984,7;984,3;1778,9;27,9;22,9;27,9;25,8;23,4;22,4;85;73;75;181;3,9;1,7;
2022/03/28;1300 UTC;0;984,9;985;984,7;2468,6;29,3;22,9;29,4;27,9;23,1;21,6;75;63;69;172;4,9;2,1;
2022/03/28;1400 UTC;0;984,3;984,9;984,3;3141,3;31,3;22,2;31,4;29,2;22,9;21,4;69;58;58;99;3,8;1,8;
2022/03/28;1500 UTC;0;983,3;984,3;983,3;3440,1;31,9;21,8;32;31;23,2;20,8;61;53;55;192;6,1;2,4;
2022/03/28;1600 UTC;0;981,9;983,3;981,9;2941,1;32,8;22,9;33,2;31,2;23,1;21,7;61;53;56;140;6,3;1,5;
2022/03/28;1700 UTC;0;980,5;981,9;980,5;3135,3;33,3;21,6;33,6;32,1;22,8;21,5;57;50;51;192;5,9;2;
2022/03/28;1800 UTC;0;978,9;980,5;978,9;2660;33,6;21,2;34,1;32,1;22,9;20,9;56;47;48;193;4,4;1,9;
2022/03/28;1900 UTC;0;978,7;978,9;978,5;2136,8;32,2;21,7;34,1;32,2;22,4;19,5;54;44;54;130;4,5;2,2;
2022/03/28;2000 UTC;0;979,1;979,1;978,5;1436,8;32,9;21,7;33,5;32,2;22,4;20,9;55;49;52;118;4,8;1,7;
2022/03/28;2100 UTC;0;979,7;979,7;978,9;534,2;31,5;22,7;32,9;31,5;23,3;21,1;61;50;60;121;3,3;1,1;
2022/03/28;2200 UTC;,4;981,2;981,4;979,7;21,4;24;22,2;31,5;23,9;25,1;21,2;90;60;90;12;12,3;4,6;
2022/03/28;2300 UTC;,2;981,6;981,6;981,1;;23,6;21,9;24,1;23,5;22,3;21,6;90;89;90;138;9,8;,8;
2022/03/29;0000 UTC;0;982,8;982,8;981,6;;23,7;22;23,7;23,5;22,2;21,8;92;90;91;41;2,4;1,1;
2022/03/29;0100 UTC;0;983,1;983,3;982,8;;23,4;22,1;23,7;23,3;22,1;21,9;93;90;92;348;2,8;,9;
2022/03/29;0200 UTC;0;983,6;983,6;983,1;;23,4;22,4;23,4;23,3;22,4;22,1;94;92;94;47;1,6;,7;
2022/03/29;0300 UTC;0;983,9;983,9;983,6;;23,6;22,4;23,7;23,4;22,6;22,3;94;93;93;230;1,4;,6;
2022/03/29;0400 UTC;0;982,6;983,9;982,6;;23,7;22,6;23,7;23,6;22,6;22,4;94;93;94;220;1,5;,4;
2022/03/29;0500 UTC;0;982,4;982,6;982,2;;23,5;22,5;23,7;23,5;22,6;22,5;94;93;94;5;2;1,2;
2022/03/29;0600 UTC;19,4;981,9;982,6;981,8;;22,9;22,1;23,7;22,5;22,6;21,5;95;93;95;356;7,3;1,9;
2022/03/29;0700 UTC;,8;982,2;982,6;981,9;;23,3;22,1;23,5;22,9;22,5;22,1;95;93;93;65;7,2;1,7;
2022/03/29;0800 UTC;3,4;982,3;982,3;982,1;;23,1;22,1;23,3;23,1;22,2;22;94;93;94;208;2,7;,8;
2022/03/29;0900 UTC;,4;982,1;982,4;982,1;;22,9;21,8;23,2;22,9;22,2;21,8;94;94;94;212;3,5;2,3;
2022/03/29;1000 UTC;0;982,9;982,9;982,1;18,1;22,9;21,9;23;22,9;22;21,7;94;93;94;198;3,5;1,6;
2022/03/29;1100 UTC;0;984,4;984,4;982,9;71,3;23,2;22,1;23,2;22,9;22,1;21,9;94;93;94;180;3,7;1,7;
2022/03/29;1200 UTC;0;985,2;985,2;984,4;200,6;23,5;22,3;23,5;23,2;22,3;22,1;94;93;93;90;3,2;,9;
2022/03/29;1300 UTC;0;985,6;985,6;985,2;489,2;23,9;22,1;24,3;23,4;22,5;22;93;89;90;28;4,4;2,3;
2022/03/29;1400 UTC;0;985,3;985,6;985,3;734,1;25;22,3;25;23,9;22,4;21,9;90;84;85;332;4,4;1,3;
2022/03/29;1500 UTC;0;984,4;985,4;984,4;788,5;25,5;21,7;25,5;24,9;22,4;21,7;86;80;80;328;4,4;2,3;
2022/03/29;1600 UTC;0;983,3;984,5;983,3;2208,4;28;21,5;28;25,4;22,4;20,8;83;67;68;305;4,4;,9;
2022/03/29;1700 UTC;0;982,4;983,3;982,4;2905;27,8;21,4;28,6;26,8;22,7;20,4;74;64;68;303;4,8;1,9;
2022/03/29;1800 UTC;0;981,8;982,4;981,8;1468,4;26,4;20,9;27,9;26,3;22;20,2;75;64;72;346;5,8;2,3;
2022/03/29;1900 UTC;0;981,2;981,8;981,2;1257,2;27,5;21,2;27,6;26,1;21,7;20,8;75;68;68;270;4,7;1;
2022/03/29;2000 UTC;0;980,5;981,2;980,5;758,9;26,7;21,5;27,7;26,7;21,8;20,7;74;67;73;259;2,8;,7;
2022/03/29;2100 UTC;0;980,3;980,5;980;275,2;26;22;26,7;26;22,3;21,3;80;73;79;237;1,4;,3;
2022/03/29;2200 UTC;0;980,9;980,9;980,3;4,4;24,9;22,4;26;24,9;22,8;21,9;87;78;86;156;1,6;,6;
2022/03/29;2300 UTC;0;981,1;981,2;980,9;;23,7;22,2;24,9;23,7;22,5;22,1;91;86;91;346;1,7;1;
2022/03/30;0000 UTC;0;981,5;981,5;981;;23,6;22,1;23,9;23,5;22,3;21,9;92;90;91;305;1,9;1,3;
2022/03/30;0100 UTC;0;982,2;982,2;981,5;;23,6;21,9;23,7;23,6;22,3;21,9;92;90;90;298;2,6;1;
2022/03/30;0200 UTC;0;982,3;982,5;982,2;;23,4;21,9;23,6;23,4;22;21,8;92;90;91;295;2,4;,9;
2022/03/30;0300 UTC;0;982,6;982,7;982,3;;23;21,9;23,4;22,9;21,9;21,7;93;91;93;296;1,8;,3;
2022/03/30;0400 UTC;0;982,5;982,7;982,4;;22,9;21,9;23,1;22,9;22;21,8;94;93;94;347;,8;,3;
2022/03/30;0500 UTC;0;982;982,5;981,9;;23,4;22,4;23,4;22,9;22,4;21,9;94;94;94;235;1,4;1;
2022/03/30;0600 UTC;0;981,4;982;981,4;;23,6;22,5;23,7;23,4;22,5;22,4;94;93;93;284;1,7;,5;
2022/03/30;0700 UTC;0;981,5;981,6;981,4;;23,3;22,3;23,6;23,2;22,5;22,2;94;93;94;242;1,5;,4;
2022/03/30;0800 UTC;,2;981,7;982,3;981,5;;23,7;21,8;23,9;23,2;22,5;21,8;95;89;89;276;5,9;1,3;
2022/03/30;0900 UTC;0;981,9;981,9;981,5;;23,1;21,9;23,7;23,1;21,9;21,7;93;89;93;252;3,5;1,1;
2022/03/30;1000 UTC;0;982,3;982,3;981,9;86,9;23,6;22,4;23,6;23;22,4;21,9;93;93;93;217;3;,8;
2022/03/30;1100 UTC;0;982,9;982,9;982,3;508,1;25;23;25;23,6;23;22,4;93;89;89;223;3,1;1,7;
2022/03/30;1200 UTC;0;983,4;983,5;982,9;1507,2;27,1;23,2;27,1;25;23,6;22,8;89;78;79;181;5,1;2,5;
2022/03/30;1300 UTC;0;983,2;983,4;983,2;2549,6;28,6;22,9;28,6;27,1;23,4;22,3;79;70;71;186;5,9;3,1;
2022/03/30;1400 UTC;0;982,8;983,2;982,8;2601,8;30,2;22,6;30,2;28,3;23,5;22,3;72;64;64;224;5;1,8;
2022/03/30;1500 UTC;0;982,2;982,8;982,2;2507;30,4;22,6;30,8;30;23,4;21,8;66;61;63;229;4,1;2,4;
2022/03/30;1600 UTC;0;981,2;982,2;981,2;2528,6;29,8;23,4;32,1;29,7;23,4;21,3;69;55;69;210;4,9;1,7;
2022/03/30;1700 UTC;0;980,5;981,2;980,5;2498,7;31,6;22,6;31,9;28,2;23,6;21,4;70;57;59;241;5,9;2,1;
2022/03/30;1800 UTC;0;979,8;980,7;979,8;1974,5;27,9;21,2;32,6;27,5;22,7;20,1;71;51;67;123;8,9;2,8;
2022/03/30;1900 UTC;0;979,5;979,8;979,4;578,2;27,8;23,2;27,9;27,7;23,3;20,9;76;66;76;193;5,1;1,2;
2022/03/30;2000 UTC;0;979,4;979,5;979,3;537,2;28,1;23;28,2;27,8;23,3;22,2;76;70;74;226;3;,9;
2022/03/30;2100 UTC;0;979,3;979,4;979,2;372,8;27,7;23,4;28,3;27,7;23,8;22,8;78;72;77;210;2,1;,8;
2022/03/30;2200 UTC;0;979,9;979,9;979,3;10,9;25,6;23,7;27,7;25,6;24,1;23,3;89;77;89;277;1,4;,8;
2022/03/30;2300 UTC;0;980;980;979,7;;24,5;22,9;25,6;24,5;23,7;22,9;92;88;91;215;2,2;1,7;
2022/03/31;0000 UTC;0;980,9;980,9;980;;24,5;23,1;24,7;24,4;23,3;22,9;92;91;92;249;2;1,1;
2022/03/31;0100 UTC;;;;;;;;;;;;;;;;;;
2022/03/31;0200 UTC;0;981,6;981,7;981,5;;23,9;22,2;24,2;23,8;22,4;22;90;89;90;231;2,5;1,7;
2022/03/31;0300 UTC;0;981,7;981,8;981,6;;23,3;22,1;24;23,3;22,2;21,8;92;90;92;188;3;,9;
2022/03/31;0400 UTC;0;981,5;981,8;981,5;;23,1;22;23,4;23,1;22,1;21,9;94;92;94;217;1,5;,6;
2022/03/31;0500 UTC;0;980,9;981,5;980,9;;22,8;21,8;23,2;22,7;22,2;21,7;94;94;94;291;2,2;,4;
2022/03/31;0600 UTC;0;980,6;980,9;980,5;;22,5;21,6;22,8;22,5;21,8;21,5;94;94;94;275;1,3;,6;
2022/03/31;0700 UTC;0;980,4;980,6;980,4;;22,6;21,7;22,7;22,2;21,9;21,2;95;94;95;357;1,8;,8;
2022/03/31;0800 UTC;0;980,6;980,6;980,3;;22,3;21,4;22,6;22,1;21,8;21,3;95;95;95;349;1,2;,6;
2022/03/31;0900 UTC;0;981,1;981,1;980,5;;22,2;21,4;22,3;22;21,5;21,1;95;95;95;339;1;,4;
2022/03/31;1000 UTC;0;981,9;981,9;981,1;77,6;22,7;21,9;22,7;22;21,9;21,2;95;95;95;10;2;,6;
2022/03/31;1100 UTC;0;982,6;982,6;981,9;860,7;25,4;23;25,4;22,7;23,6;22;95;87;87;348;2,4;1,2;
2022/03/31;1200 UTC;0;983,1;983,1;982,6;1715,8;28,6;23,5;28,6;25,4;24;23;87;74;74;360;2,4;,6;
2022/03/31;1300 UTC;0;983,4;983,4;983,1;2550,4;30,7;23;30,9;28,6;24;22,5;76;62;64;180;2,8;1;
2022/03/31;1400 UTC;0;982,9;983,4;982,9;3124,7;32,1;22,9;32,2;30,5;23,6;22,1;64;58;58;183;3,9;1,2;
2022/03/31;1500 UTC;0;982,4;982,9;982,4;3512,2;32,9;21;33;32;23,2;21;59;49;49;112;3,8;1,8;
2022/03/31;1600 UTC;0;981,4;982,4;981,4;3702;33,8;21,1;34;32,6;21,5;19,4;50;45;48;264;4;1,1;
2022/03/31;1700 UTC;0;979,9;981,4;979,9;3372,2;34;21,3;34,3;33;22,1;20;52;44;47;122;3,7;1,7;
2022/03/31;1800 UTC;0;979,2;979,9;979,1;2475,9;32,3;22,1;34,4;31,3;22,6;20,1;57;44;55;109;5;1,4;
2022/03/31;1900 UTC;0;978,8;979,2;978,8;1821,3;32,4;20,7;33,7;32,2;22,6;19,5;56;46;50;140;5,8;2;
2022/03/31;2000 UTC;0;979,2;979,2;978,7;918,4;32,1;22,7;32,8;32;22,7;20,4;58;49;58;119;3,5;1;
2022/03/31;2100 UTC;0;979,5;979,5;979,2;214,9;29,2;25,5;32,1;29,2;25,5;21,9;80;55;80;304;2,4;,6;
2022/03/31;2200 UTC;0;980,3;980,4;979,4;3,8;26,1;21,2;29,2;26,1;25,4;21,1;83;72;75;324;7,5;2,4;
2022/03/31;2300 UTC;0;980,7;980,7;980,2;;24,6;20,2;26,1;24,6;21,3;20,2;77;75;76;307;4,6;1,1;
2022/04/01;0000 UTC;0;981,2;981,2;980,7;;24;20,5;24,6;23,9;20,8;20,1;82;76;81;202;3,2;,7;
2022/04/01;0100 UTC;0;982;982;981,2;;23,4;20,7;24;23;21,3;20,4;88;80;85;238;1,8;1,2;
2022/04/01;0200 UTC;0;983,1;983,1;982;;22,6;21;23,4;22,6;21,1;20,7;91;85;91;91;3,8;1;
2022/04/01;0300 UTC;0;983,2;983,4;983,1;;22,8;21,2;23;22,6;21,3;20,9;91;89;91;133;1,4;,3;
2022/04/01;0400 UTC;0;983,3;983,5;983,2;;23,1;21,5;23,2;22,5;21,7;21,1;93;90;91;39;1,7;,5;
2022/04/01;0500 UTC;0;982,9;983,3;982,9;;22,9;21,4;23,2;22,9;21,6;21,3;91;90;91;250;1,5;,4;
2022/04/01;0600 UTC;0;982,8;982,9;982,7;;23,3;21,6;23,3;22,8;21,9;21,2;92;91;91;332;,8;,3;
2022/04/01;0700 UTC;0;983,2;983,3;982,8;;23,4;22,1;23,6;23,3;22,1;21,5;92;89;92;19;1,8;1,1;
2022/04/01;0800 UTC;0;983,2;983,2;983;;23,3;22;23,6;23,3;22,2;21,9;92;91;92;323;2,1;1;
2022/04/01;0900 UTC;0;983,8;983,8;983,2;;23,2;21,9;23,4;23,2;22,2;21,9;93;92;92;271;1,5;,8;
2022/04/01;1000 UTC;0;984,6;984,6;983,8;80,6;23,7;22,4;23,7;23,2;22,4;21,8;93;92;92;225;1,2;,6;
2022/04/01;1100 UTC;0;985,1;985,1;984,6;461,9;25;22,3;25;23,7;22,5;21,9;92;84;85;316;2,8;1,6;
2022/04/01;1200 UTC;0;985,9;985,9;985,1;1074,5;26,5;22,8;26,5;24,9;22,9;22,2;86;79;80;290;4,8;2,2;
2022/04/01;1300 UTC;0;986,3;986,3;985,9;1995,2;27,8;22;28,4;26,5;23;21,4;80;68;71;255;4,8;2;
2022/04/01;1400 UTC;0;986,3;986,3;986,2;2029;28,5;21,9;29,2;27,8;22,7;21,7;72;67;67;260;5,8;2,9;
2022/04/01;1500 UTC;0;985,4;986,3;985,4;2240,9;29,3;22,9;29,3;28,1;23,1;21,9;71;67;68;282;5,7;2,2;
2022/04/01;1600 UTC;0;983,9;985,4;983,9;3374,9;31;22,2;31;28,5;23,2;21,6;69;59;59;250;5,7;2,8;
2022/04/01;1700 UTC;0;982,7;984;982,7;3145,4;31,1;21,8;32,1;30,6;22,7;21,1;61;55;58;231;5,4;2,8;
2022/04/01;1800 UTC;0;982,1;982,7;982,1;2784,6;32,1;21,2;32,5;30,7;22,6;21,2;60;53;53;129;4,9;,9;
2022/04/01;1900 UTC;,2;982,1;982,9;982,1;1312,3;25,4;21,8;32,1;22,9;22;17,5;88;52;81;41;12,2;2,2;
2022/04/01;2000 UTC;0;982;982,2;981,6;1539,6;27;20,4;27,4;25,3;21,4;20,4;80;65;67;89;5,8;2;
2022/04/01;2100 UTC;0;982,8;982,9;982;412,2;25,6;21,1;27;25,6;21,1;20;76;66;76;171;4,2;1,1;
2022/04/01;2200 UTC;0;982,5;982,8;982,4;3,4;24,4;21,8;25,7;24,4;22;21;86;76;86;305;1,9;,4;
2022/04/01;2300 UTC;0;982,7;982,7;982,1;;23,8;21,6;24,6;23,7;22,1;21,6;89;85;88;251;1,8;,9;
2022/04/02;0000 UTC;0;983,9;983,9;982,7;;23,3;21,7;24;23,3;21,9;21,5;91;86;90;253;1,8;,4;
2022/04/02;0100 UTC;0;984,3;984,4;983,9;;23;21,5;23,3;23;21,9;21,5;92;90;91;40;2,5;1,6;
2022/04/02;0200 UTC;0;984,3;984,6;984,2;;23;21,2;23,2;22,9;21,6;21;91;88;90;214;2,5;,6;
2022/04/02;0300 UTC;0;984,1;984,3;984,1;;22,7;21,5;23;22,5;21,5;21;93;90;93;140;1,5;,5;
2022/04/02;0400 UTC;0;983,8;984,1;983,8;;22,7;21,5;22,8;22,6;21,6;21,4;93;93;93;75;1,7;,4;
2022/04/02;0500 UTC;0;983,4;983,8;983,3;;22,5;21,1;22,9;22,5;21,5;21,1;93;91;92;251;2;,4;
2022/04/02;0600 UTC;0;983;983,4;983;;22,2;21,2;22,5;22;21,2;20,8;94;92;94;254;1,9;,7;
2022/04/02;0700 UTC;0;982,8;983;982,8;;21,9;21;22,2;21,9;21,3;20,9;95;94;95;222;1,9;1,2;
2022/04/02;0800 UTC;0;983,1;983,1;982,8;;22,2;21,3;22,3;21,9;21,5;21;95;94;95;243;2,1;,7;
2022/04/02;0900 UTC;,2;983,5;983,5;983,1;;22,3;21,3;22,3;22,2;21,4;21,2;95;94;94;219;1,7;1,1;
2022/04/02;1000 UTC;0;984,2;984,2;983,5;59,6;22,6;21,7;22,6;22,1;21,7;21,1;95;94;95;21;1,6;,5;
2022/04/02;1100 UTC;0;984,9;984,9;984,2;405;24,2;22,7;24,2;22,6;22,8;21,7;95;91;91;104;2,3;1,4;
2022/04/02;1200 UTC;0;985,5;985,5;984,9;1314,7;26,2;22,8;26,3;24,2;23,1;22,5;91;80;81;127;4,3;2,1;
2022/04/02;1300 UTC;0;985,8;985,9;985,5;2307,4;28,2;23,2;28,6;26,3;23,3;22,5;82;72;74;145;5,2;2,7;
2022/04/02;1400 UTC;0;985,4;985,8;985,4;2659,7;30,7;22,5;30,7;28,2;23,7;22;74;61;62;117;5,2;1,7;
2022/04/02;1500 UTC;0;984,7;985,4;984,7;3092,1;31,3;22,3;31,7;30,6;23,1;21;62;54;59;51;4,1;1,4;
2022/04/02;1600 UTC;0;983,8;984,7;983,8;2564,7;32,4;20,9;32,7;30,9;23,2;20,3;62;49;51;78;4,3;1,3;
2022/04/02;1700 UTC;0;982,5;983,8;982,5;2497;31,6;22,4;34,2;31,3;22,7;20,2;59;46;58;144;4,1;2,4;
2022/04/02;1800 UTC;0;981,6;982,5;981,6;2154,6;30,3;22,2;33,4;30,3;23,1;20,7;62;49;62;139;8,8;4,7;
2022/04/02;1900 UTC;0;980,8;981,6;980,8;1476,7;31,2;20,4;31,7;28,6;22,7;20,2;67;52;53;182;8,8;2,9;
2022/04/02;2000 UTC;0;980,7;980,8;980,6;1101,8;30,8;22;32,2;30,8;22,4;20,4;60;53;60;155;6,9;2,2;
2022/04/02;2100 UTC;0;980,8;980,9;980,7;258;29,6;23,3;30,9;29,6;23,4;21,8;69;59;69;204;4,1;1;
2022/04/02;2200 UTC;0;981;981,1;980,8;4,5;26,9;23,2;29,6;26,9;23,7;22,7;80;69;80;208;1,9;1,2;
2022/04/02;2300 UTC;0;981,7;981,7;981;;26,3;22,9;27,1;26,3;23,3;22,7;82;78;82;210;2,1;1;
2022/04/03;0000 UTC;0;982,4;982,4;981,7;;25,3;22,9;26,3;25,3;23,3;22,8;87;82;87;199;1,5;1;
2022/04/03;0100 UTC;0;982,8;982,8;982,4;;24,9;22,5;25,3;24,8;22,9;22,5;89;86;86;209;1,6;,8;
2022/04/03;0200 UTC;0;983,2;983,2;982,8;;24,2;22,5;25;24,1;22,5;22,2;90;85;90;301;1,6;1,2;
2022/04/03;0300 UTC;0;983,1;983,3;983,1;;23,9;22,4;24,2;23,3;22,5;21,5;91;89;91;226;2,5;1,6;
2022/04/03;0400 UTC;0;982,5;983,1;982,5;;23,2;21,8;24,1;23,2;22,4;21,7;92;89;92;14;2,2;,3;
2022/04/03;0500 UTC;0;982,3;982,5;982,2;;23,2;22,1;23,4;22,8;22,3;21,6;94;92;94;5;2,3;1,5;
2022/04/03;0600 UTC;0;982,1;982,4;982,1;;22,8;21,8;23,4;22,8;22,5;21,8;95;94;94;221;2,3;1;
2022/04/03;0700 UTC;0;981,8;982,1;981,8;;22,7;21,8;23;22,7;22,1;21,8;95;94;94;94;1,7;,3;
2022/04/03;0800 UTC;0;982;982;981,8;;22,7;21,8;23,1;22,6;22,2;21,7;95;94;94;207;1,8;1,2;
2022/04/03;0900 UTC;0;982,6;982,6;982;;22,5;21,5;22,7;22,5;21,8;21,5;95;94;94;195;1,8;,9;
2022/04/03;1000 UTC;0;983;983;982,6;101;23,2;22,2;23,2;22,3;22,2;21,3;95;94;94;258;1,5;,4;
2022/04/03;1100 UTC;0;983,5;983,5;983;873,3;26,1;21,9;26,1;23,2;22,7;21,4;94;78;78;147;2,7;1,2;
2022/04/03;1200 UTC;0;983,9;983,9;983,5;1774;27,9;21,7;27,9;25,9;22,6;21,2;80;69;69;110;3,8;1,9;
2022/04/03;1300 UTC;0;984;984;983,9;2613,3;30,8;20,2;30,8;27,9;22,3;19,3;71;51;53;113;3,6;1,9;
2022/04/03;1400 UTC;0;983,6;984;983,6;3188,9;31;18,4;31,6;30;21;17,9;57;45;47;134;6,2;3,8;
2022/04/03;1500 UTC;0;982,9;983,6;982,9;3514,9;32,9;17,3;33,5;31;19,6;17,3;48;39;40;117;6,2;2,1;
2022/04/03;1600 UTC;0;982,1;982,9;982,1;3601,9;33,6;17,7;33,8;32,6;18,8;16;44;35;39;93;7,2;2,7;
2022/04/03;1700 UTC;0;981;982;981;3391,1;34;16,6;34,4;33,3;18,7;16,1;41;34;35;94;6,4;2,5;
2022/04/03;1800 UTC;0;980,1;981;980,1;2736,6;34;17,7;34,4;32,7;18,6;16,2;41;34;38;82;5,8;3,1;
2022/04/03;1900 UTC;0;979,6;980,1;979,6;2324,7;33,6;18,2;34,2;33,5;19;16,8;42;36;40;119;5,9;2,2;
2022/04/03;2000 UTC;0;979,5;979,6;979,5;1118;32,5;19,7;33,8;31,4;20,4;18,5;52;40;47;101;4,6;2,3;
2022/04/03;2100 UTC;0;979,8;979,8;979,5;463,8;30,9;21;32,5;30,9;21;19,1;56;45;56;158;4;,9;
2022/04/03;2200 UTC;0;980,4;980,4;979,8;4,1;27,4;21,8;30,9;27,4;22,3;20,9;72;56;72;181;2,3;,8;
2022/04/03;2300 UTC;0;981;981;980,4;;25,9;22,3;27,4;25,9;22,8;21,3;82;71;80;214;1,3;,9;
2022/04/04;0000 UTC;0;981,6;981,6;981;;25,2;22,4;26,1;25,2;22,7;21,7;85;77;85;215;1,5;,6;
2022/04/04;0100 UTC;0;982,1;982,1;981,6;;24,9;22,7;25,3;24,9;22,7;22;88;83;88;230;1,5;,6;
2022/04/04;0200 UTC;0;982,2;982,2;982,1;;24,4;22,3;24,9;24,1;22,6;21,9;89;86;88;231;1,4;,7;
2022/04/04;0300 UTC;0;982,2;982,3;982,2;;24,7;22,4;24,7;24;22,4;21,7;89;87;87;192;1,7;,9;
2022/04/04;0400 UTC;0;982,2;982,7;982,2;;25,2;22,4;25,3;23,9;23;21,9;90;85;85;42;5,8;,9;
2022/04/04;0500 UTC;0;982,1;982,2;982;;25,2;21,8;25,4;24,6;22,4;21,8;86;81;82;29;3,4;1,5;
2022/04/04;0600 UTC;0;981,5;982,2;981,5;;24,6;21,9;25,2;24,6;22,1;21,6;85;81;85;220;3,4;1,3;
2022/04/04;0700 UTC;0;981,6;981,7;981,3;;24,5;21,7;24,9;24,5;22;21,6;85;83;85;207;5,1;2,4;
2022/04/04;0800 UTC;0;981,9;981,9;981,6;;24,3;22;24,7;24,3;22,2;21,6;87;84;87;194;5,1;1,8;
2022/04/04;0900 UTC;0;982,4;982,4;981,9;;24,5;22,3;24,6;24,3;22,4;22;88;86;88;149;2,9;1,5;
2022/04/04;1000 UTC;0;983,2;983,2;982,4;26,4;24,5;22,7;24,5;24,4;22,7;22,2;90;87;90;227;2,5;1,1;
2022/04/04;1100 UTC;0;983,8;983,8;983,2;779,1;27;22,9;27;24,5;23;22,3;90;77;78;209;2,4;1,3;
2022/04/04;1200 UTC;0;984,2;984,2;983,8;1499,9;29,1;22;29,1;26,6;23,1;21,7;80;65;65;181;4,2;1,7;
2022/04/04;1300 UTC;0;984,5;984,6;984,2;2515,4;30,5;21,3;30,7;29;22,6;20,6;66;58;58;156;4,2;1,4;
2022/04/04;1400 UTC;0;984;984,5;983,9;3121,2;32,4;19,8;32,6;30,4;21,7;19;59;45;47;114;6,5;3;
2022/04/04;1500 UTC;0;983;984;983;3020,6;32,4;19,2;33,2;31,7;20,9;19;50;45;46;100;6,8;3;
2022/04/04;1600 UTC;0;982,3;983;982,2;2609;32,8;19,8;33,1;31,5;20,2;18,2;49;44;46;64;7,9;3,4;
2022/04/04;1700 UTC;0;981,3;982,3;981,3;3077,1;33,4;20,2;33,4;31,6;20,4;18,7;50;44;46;51;6,3;3,2;
2022/04/04;1800 UTC;0;980,4;981,2;980,4;2523,3;33,4;20,5;33,9;32,2;21,4;19,1;50;43;47;77;6,3;2,3;
2022/04/04;1900 UTC;0;980;980,4;979,9;1781;32;20,4;33,9;32;21,1;18,8;51;42;50;115;5;2;
2022/04/04;2000 UTC;0;980,1;980,2;980;1010,4;32,7;19,8;32,8;31,5;21,1;19,8;54;46;47;113;4,4;2;
2022/04/04;2100 UTC;0;980,4;980,4;980,1;402,2;30,6;21,3;32,7;30,6;21,3;19,6;58;46;57;168;4,5;1,4;
2022/04/04;2200 UTC;0;980,6;980,6;980,4;2,8;27,8;22,5;30,6;27,8;22,5;21,3;73;57;73;179;2,7;,4;
2022/04/04;2300 UTC;0;980,9;980,9;980,6;;26,6;22,2;27,8;26,5;23;21,6;78;71;77;144;1,1;,7;
2022/04/05;0000 UTC;0;981,3;981,3;980,9;;25,3;22,4;26,6;25,3;22,8;22,1;85;77;84;160;1;,6;
2022/04/05;0100 UTC;0;981,9;981,9;981,3;;24,7;22,7;25,4;24,7;23;22,3;89;84;89;53;1;,5;
2022/04/05;0200 UTC;0;982,5;982,5;981,9;;24,3;22,8;24,8;24,1;22,8;22,3;91;88;91;266;1,5;1;
2022/04/05;0300 UTC;0;982,7;982,7;982,5;;23,8;22,3;24,4;23,6;22,8;21,9;91;89;91;232;2,2;1,7;
2022/04/05;0400 UTC;0;982,2;982,7;982,2;;23,9;22,3;24,3;23,7;22,6;22;92;89;91;259;2,2;,6;
2022/04/05;0500 UTC;0;982,1;982,2;982;;23,7;22,2;24,2;23,7;22,6;22,1;92;90;91;193;1,4;,7;
2022/04/05;0600 UTC;0;982,1;982,1;982;;23,6;22,3;23,9;23,4;22,3;21,8;93;90;93;197;1,7;,4;
2022/04/05;0700 UTC;0;982,2;982,2;982,1;;23,2;22;23,6;23,1;22,3;21,8;93;92;93;5;,7;,5;
2022/04/05;0800 UTC;0;982,6;982,6;982,2;;23;21,8;23,2;22,9;22,1;21,7;94;93;93;127;1,2;,8;
2022/04/05;0900 UTC;0;983,2;983,2;982,6;;22,5;21,3;23,1;22,4;21,9;21,2;93;92;93;149;1,2;,4;
2022/04/05;1000 UTC;0;983,8;983,8;983,2;105,5;23,8;22,3;23,8;22,4;22,4;21,1;93;92;92;288;1,1;,3;
2022/04/05;1100 UTC;0;984,4;984,4;983,8;817,2;26,3;22,2;26,3;23,8;23,1;22,1;92;78;78;133;2;1,1;
2022/04/05;1200 UTC;0;984,6;984,7;984,4;1702,6;28,7;22,3;28,7;26,2;22,8;21,5;80;67;68;78;2,6;1,3;
2022/04/05;1300 UTC;0;984,7;984,7;984,6;2546,5;30,7;20,4;30,7;28,5;22,9;20,1;70;53;54;114;6,1;3,5;
2022/04/05;1400 UTC;0;983,9;984,7;983,9;3120,2;32,3;19,2;32,5;30,6;21,1;19,1;55;46;46;97;6;2,9;
2022/04/05;1500 UTC;0;983,1;983,9;983,1;3454;32,7;19,2;33,2;32,2;20,5;18,2;49;42;45;68;6,3;2,9;
2022/04/05;1600 UTC;0;981,9;983,1;981,9;3543,6;33,3;18;33,9;32,7;20,2;17,8;47;39;40;60;6,4;2,8;
2022/04/05;1700 UTC;0;981;981,9;981;3320,5;34,3;17,9;34,4;33,4;19,4;16,9;42;36;38;80;6,3;2,3;
2022/04/05;1800 UTC;0;980,3;981;980,3;2569;33,7;18,3;34,6;33;19,3;16,6;43;34;40;106;5,1;2;
2022/04/05;1900 UTC;0;979,6;980,3;979,6;1812,7;34;18,2;34,5;32;20;17,1;49;36;39;114;4,8;2;
2022/04/05;2000 UTC;0;979,6;979,6;979,5;1346,5;32,9;19,1;34;32,8;20,2;17,5;47;38;44;137;4,6;1,8;
2022/04/05;2100 UTC;0;979,9;979,9;979,6;437,1;31;20,2;32,9;31;20,3;18,9;53;44;53;163;3,8;1,7;
2022/04/05;2200 UTC;0;980;980;979,8;3,9;28;20,7;31;28;21,2;20,4;66;53;65;190;2,9;1,1;
2022/04/05;2300 UTC;0;980,4;980,4;980;;25,7;22;28;25,5;22,2;20,5;81;64;80;238;1,8;,5;
2022/04/06;0000 UTC;0;980,9;980,9;980,4;;24,4;21,5;25,7;24,4;22;20,9;84;78;84;252;2;,7;
2022/04/06;0100 UTC;0;981,1;981,1;980,9;;25,3;21,1;25,3;24;21,9;21,1;86;77;77;214;3,1;2,2;
2022/04/06;0200 UTC;0;981,4;981,4;981;;23,8;20,6;25,8;23,6;21,1;20;82;71;82;355;2,9;1,3;
2022/04/06;0300 UTC;0;981,6;981,7;981,4;;23,5;21,5;24,9;23,4;21,7;20,7;89;80;89;290;2,6;,5;
2022/04/06;0400 UTC;0;981,1;981,6;981,1;;23,1;21,6;23,5;22,6;21,7;20,9;92;89;92;238;1,3;1;
2022/04/06;0500 UTC;0;981;981,1;981;;23;21,6;23,1;22,8;21,7;21,4;92;91;92;103;1,4;,8;
2022/04/06;0600 UTC;0;980,8;981,1;980,8;;22,9;21,5;23,2;22,7;21,8;21,1;92;90;92;339;1,9;,6;
2022/04/06;0700 UTC;0;981,3;981,3;980,8;;22,8;21,1;23,2;22,2;21,6;20,8;93;89;90;5;4,1;1,3;
2022/04/06;0800 UTC;0;981,8;981,8;981,3;;22,7;21,1;23;22,6;21,4;20,9;91;89;91;241;2,2;,4;
2022/04/06;0900 UTC;0;981,9;981,9;981,8;;22;20,9;22,7;21,7;21,2;20,4;93;91;93;243;1,6;,6;
2022/04/06;1000 UTC;0;982,1;982,1;981,8;118,5;23,2;21,7;23,2;21,6;21,7;20,3;94;91;91;225;2,5;1,5;
2022/04/06;1100 UTC;0;982,8;982,8;982,1;812,1;25,8;21,9;25,8;23,2;22,3;21,6;91;79;79;189;3,5;2;
2022/04/06;1200 UTC;0;983,6;983,6;982,8;1698,5;28,6;22;28,8;25,8;22,6;21,6;80;66;68;294;3,5;,9;
2022/04/06;1300 UTC;0;983,7;983,7;983,5;2519,4;30,3;20,8;30,5;28,6;22,6;20,8;68;57;57;162;2,3;1,2;
2022/04/06;1400 UTC;0;983,3;983,7;983,3;3083,7;32,6;20,6;32,6;30,3;21,9;18,5;57;45;49;47;3,3;1,2;
2022/04/06;1500 UTC;0;982,7;983,3;982,7;3411,2;33,5;20,2;33,6;31,6;21;19,1;50;46;46;176;3,3;1,3;
2022/04/06;1600 UTC;0;981,6;982,7;981,6;3512,5;33,8;19,7;34,2;32,7;21,1;19,7;49;43;44;184;4;1,7;
2022/04/06;1700 UTC;0;980,7;981,6;980,7;3078,8;33,8;18,7;35,3;33,3;20,6;18,2;45;38;41;97;4,1;2;
2022/04/06;1800 UTC;0;980,2;980,7;980,2;2089,4;33,6;20;35;33,2;21,1;18,1;48;38;45;98;4;1,8;
2022/04/06;1900 UTC;0;979,9;980,2;979,9;1459,5;34;18,5;34;32,2;21,8;18,5;53;40;40;112;4;1,1;
2022/04/06;2000 UTC;0;979,9;979,9;979,8;870,9;32,4;20,9;34;32,4;21,2;18,9;52;40;51;137;3;1,3;
2022/04/06;2100 UTC;0;979,9;980;979,9;329,6;30,1;23,6;32,7;30;24,1;21,2;69;51;68;90;2,4;,4;
2022/04/06;2200 UTC;0;979,7;979,9;979,7;2,4;27,7;22,6;30,1;27,7;24,2;22,5;75;68;74;206;1,3;1,1;
2022/04/06;2300 UTC;0;980,1;980,1;979,7;;26,1;23,4;27,7;25,9;23,6;22,6;85;74;85;309;1,6;,2;
2022/04/07;0000 UTC;0;980,9;980,9;980,1;;25,6;23,1;26,2;25;23,4;22,4;86;82;86;1;4,1;1,7;
2022/04/07;0100 UTC;0;981,2;981,2;980,9;;25,6;23,8;26;25,5;23,8;23,1;90;86;90;351;4,1;1,1;
2022/04/07;0200 UTC;0;981,9;981,9;981,2;;25,1;23,1;25,6;24,7;23,8;22,8;90;88;88;14;3,1;2;
2022/04/07;0300 UTC;0;981,9;982;981,9;;24,7;22,9;25,2;24,7;23,2;22,9;90;88;89;17;4;2;
2022/04/07;0400 UTC;0;981,6;982,1;981,6;;24;22,5;24,8;24;22,9;22,4;91;89;91;12;3,5;1,3;
2022/04/07;0500 UTC;0;981,2;981,7;981,2;;23,7;22,3;24,3;23,7;22,7;22,2;92;90;92;15;1,8;1;
2022/04/07;0600 UTC;0;980,8;981,2;980,8;;23,6;22;23,9;23,5;22,5;21,9;92;90;90;33;2;1;
2022/04/07;0700 UTC;0;980,6;980,8;980,5;;23,5;22,1;23,6;23,3;22,1;21,8;92;90;92;16;2,5;1,1;
2022/04/07;0800 UTC;0;980,8;980,8;980,6;;23,9;22,3;23,9;23,4;22,3;22;92;91;91;36;1,9;,7;
2022/04/07;0900 UTC;0;981,7;981,7;980,8;;23,9;22,4;23,9;23,6;22,4;22;92;90;91;164;1,7;,4;
2022/04/07;1000 UTC;0;982,7;982,7;981,7;31,1;24,5;22,9;24,5;23,7;22,9;22,2;92;91;91;13;1,4;,5;
2022/04/07;1100 UTC;0;983,2;983,2;982,7;640,4;26,5;22,8;26,8;24,5;23,3;22,4;91;79;80;130;1,4;,8;
2022/04/07;1200 UTC;0;983,4;983,5;983,2;1830,8;29,2;22,2;29,8;26,5;23,6;22,1;80;64;66;262;2;1,1;
2022/04/07;1300 UTC;0;983,7;983,7;983,4;2597,1;31,2;22;31,5;29,2;23,1;21,5;67;58;58;38;3;1,5;
2022/04/07;1400 UTC;0;983,4;983,7;983,4;3071,9;31,8;23,2;32,6;31;23,6;21,5;62;57;60;55;3,7;1,8;
2022/04/07;1500 UTC;0;982,4;983,4;982,4;3794,2;33,5;21,7;33,9;31,7;23,5;20,8;60;49;50;73;3,7;1,5;
2022/04/07;1600 UTC;0;981,2;982,4;981,2;3011,5;33,3;22,5;34,3;32,5;22,7;21;55;46;53;189;3,8;1,1;
2022/04/07;1700 UTC;,2;981,7;981,7;980,6;1177,6;23,4;20,1;34,1;23,4;22,4;19,6;81;47;81;72;16,6;5,6;
2022/04/07;1800 UTC;7,6;980;981,7;980;104,1;23,9;22,3;23,9;22,9;22,5;20,3;92;82;91;337;10,7;2,6;
2022/04/07;1900 UTC;0;980,6;981,4;979,9;183;24,5;22,7;24,5;23,8;22,8;22,3;92;89;90;348;4,6;1,4;
2022/04/07;2000 UTC;0;980,3;980,7;980;293;24,8;22,8;24,8;24,5;23;22,5;90;88;89;6;2,7;,7;
2022/04/07;2100 UTC;0;980,5;980,8;980,3;114,7;24,6;23,1;25,1;24,6;23,4;22,8;92;88;91;230;3,8;2,1;
2022/04/07;2200 UTC;0;980,6;980,7;980,5;;24,4;22,8;24,6;24,3;23,1;22,8;92;91;91;236;3,8;1,3;
2022/04/07;2300 UTC;0;980,9;980,9;980,5;;24,2;22,6;24,4;24,2;22,8;22,5;91;90;91;240;2,3;,6;
2022/04/08;0000 UTC;0;981,6;981,6;980,9;;23,8;22,7;24,2;23,7;22,8;22,5;94;91;94;7;1,2;,8;
2022/04/08;0100 UTC;0;981,6;981,8;981,5;;23,7;22,7;24;23,6;22,9;22,5;94;93;94;76;1,8;,6;
2022/04/08;0200 UTC;0;982,5;982,5;981,6;;23,5;22,5;23,8;23,3;22,8;22,3;94;94;94;34;2;1,1;
2022/04/08;0300 UTC;0;982,6;982,7;982,5;;23,4;22,4;23,7;23,4;22,8;22,4;95;94;94;146;2,2;,8;
2022/04/08;0400 UTC;0;982,6;982,7;982,5;;23,1;22,2;23,4;22,7;22,5;21,8;95;94;95;17;1,9;1,3;
2022/04/08;0500 UTC;0;982;982,6;982;;23,1;22,1;23,2;23;22,3;22,1;95;94;94;281;1,9;,9;
2022/04/08;0600 UTC;0;982;982,1;981,9;;22,6;21,7;23,1;22,5;22,1;21,6;95;94;95;205;2,5;,9;
2022/04/08;0700 UTC;0;982,2;982,2;981,9;;22,3;21,5;22,7;22,3;21,8;21,5;95;95;95;222;1,5;1,1;
2022/04/08;0800 UTC;0;982,1;982,2;982;;22,4;21,6;22,4;22;21,6;21,2;95;95;95;204;2,2;1;
2022/04/08;0900 UTC;0;983,2;983,2;982,1;;22,4;21,6;22,5;22,2;21,7;21,4;95;95;95;192;2,5;1,6;
2022/04/08;1000 UTC;0;984,2;984,2;983,2;115,7;23,3;22,4;23,3;22,4;22,4;21,6;95;95;95;159;2,8;1,5;
2022/04/08;1100 UTC;0;984,8;984,8;984,2;714,1;25,3;23,2;25,3;23,3;23,2;22,4;95;88;89;140;3,5;2,1;
2022/04/08;1200 UTC;0;985,1;985,1;984,8;1640;27,4;23,1;27,4;25,3;23,8;22,7;89;77;78;137;4,4;1,4;
2022/04/08;1300 UTC;0;985,5;985,6;985,1;2466,2;29,3;23,8;29,3;27,4;24,1;22,9;79;70;72;151;3,8;2;
2022/04/08;1400 UTC;0;985,1;985,6;985,1;3143,6;31,3;23,7;31,5;29,3;24,5;22,5;73;61;64;95;3,7;1,4;
2022/04/08;1500 UTC;0;984,1;985,1;984,1;3433,8;32,7;22,4;33;31;23,1;21,3;64;53;55;169;3,5;1,2;
2022/04/08;1600 UTC;0;983,1;984,1;983,1;3224,4;33,2;20,7;33,5;31,6;22,6;20,7;58;48;48;63;3,5;1,5;
2022/04/08;1700 UTC;0;982,1;983,1;982,1;3094,2;33,7;20,5;33,9;32,1;22,5;20,1;55;45;46;315;3,7;1,5;
2022/04/08;1800 UTC;0;981;982,1;981;2837,3;33,4;20;34,5;33;21,6;19,9;50;45;45;24;5;2;
2022/04/08;1900 UTC;0;980,4;981;980,3;2207,9;34,1;20,5;34,1;33,2;21,4;19,7;49;44;45;327;5,5;1,2;
2022/04/08;2000 UTC;0;980,4;980,4;980,2;1351,2;32,8;21,7;34,2;32,7;22,1;19,3;53;43;52;115;3,3;1,4;
2022/04/08;2100 UTC;0;980,2;980,4;980,2;358;30,8;23,8;32,8;30,8;23,9;21,6;67;52;66;143;3,3;,6;
2022/04/08;2200 UTC;0;980,2;980,3;980,1;1;28;23,5;30,8;28;24,1;22,9;79;66;77;202;1,3;,6;
2022/04/08;2300 UTC;0;980,8;980,8;980,1;;26,9;22,9;28;26,9;23,4;22,6;81;74;79;229;1,9;1,5;
2022/04/09;0000 UTC;;;;;;;;;;;;;;;;;;
2022/04/09;0100 UTC;0;982,1;982,1;981,5;;25,4;23,3;25,9;25,2;23,7;23,3;90;87;88;279;1,7;,8;
2022/04/09;0200 UTC;0;982,6;982,6;982,1;;24,9;23,2;25,4;24,7;23,3;22,8;91;87;91;192;1,3;,5;
2022/04/09;0300 UTC;0;983,1;983,1;982,6;;24;22,7;24,9;24;23,4;22,6;92;90;92;35;1,8;,9;
2022/04/09;0400 UTC;0;982,9;983,1;982,9;;24,2;22,9;24,3;23,9;23;22,4;93;91;92;358;1,9;,6;
2022/04/09;0500 UTC;0;982,5;982,9;982,4;;24;22,9;24,2;23,8;23;22,5;94;92;94;175;1,2;,8;
2022/04/09;0600 UTC;0;982,3;982,5;982,2;;23,7;22,6;24;23,7;23;22,6;94;94;94;205;1,2;,8;
2022/04/09;0700 UTC;0;982,5;982,5;982,2;;23,7;22,7;23,9;23,6;22,9;22,6;94;94;94;192;1,1;,4;
2022/04/09;0800 UTC;0;982,6;982,6;982,4;;23,5;22,5;23,7;23,2;22,8;22,2;94;94;94;25;,9;,5;
2022/04/09;0900 UTC;0;982,9;983;982,6;;23,4;22,5;23,5;23,1;22,5;22,2;95;94;95;253;1,1;,3;
2022/04/09;1000 UTC;0;983,6;983,6;982,9;133,4;24,2;23,2;24,2;23,1;23,2;22,1;95;94;94;348;2,2;1;
2022/04/09;1100 UTC;0;984,1;984,2;983,6;841,2;26,6;23,5;26,6;24,2;23,9;23,2;94;83;83;191;2,2;1,4;
2022/04/09;1200 UTC;0;984,6;984,6;984,1;1705,1;29,1;23,8;29,1;26,6;24,2;23,4;84;72;73;197;3,4;2;
2022/04/09;1300 UTC;0;984,7;984,7;984,6;2537,6;30,8;23,6;31;29,1;24,5;23;74;63;66;142;4,6;2,4;
2022/04/09;1400 UTC;0;984,3;984,7;984,3;3103,2;32,5;23,8;32,5;30,6;24,3;23,1;68;60;60;125;5,2;2,3;
2022/04/09;1500 UTC;0;983,2;984,3;983,2;2946,2;32,3;21,8;34,1;32,2;24,1;20,9;62;48;54;191;4,1;2;
2022/04/09;1600 UTC;0;982,3;983,2;982,3;3122,3;34,7;19,7;35;32,1;22,9;19,4;58;40;42;145;5,1;1,5;
2022/04/09;1700 UTC;0;981,3;982,3;981,3;2761,5;34,7;18,5;35,7;33,1;21,4;18;50;36;38;195;3,3;1,2;
2022/04/09;1800 UTC;0;980,4;981,3;980,4;2756,5;35,1;16,6;35,6;34;20,1;16,2;44;32;33;170;2,3;1,1;
2022/04/09;1900 UTC;0;979,6;980,4;979,6;2122,5;35,5;16;36,3;34,8;18,2;15,5;37;30;32;117;2,4;,9;
2022/04/09;2000 UTC;0;979,4;979,6;979,4;1282,1;34,5;19,8;35,6;34,4;19,8;16,3;42;32;42;84;1,7;,7;
2022/04/09;2100 UTC;0;979,4;979,5;979,3;392,6;31,4;22,3;34,6;31,4;23,7;18;60;38;59;251;1,1;,7;
2022/04/09;2200 UTC;0;979,7;979,7;979,3;1;28,3;22,4;31,4;28,3;23,1;21,4;71;58;71;218;1,4;1,1;
2022/04/09;2300 UTC;0;980,1;980,1;979,7;;28,2;22,6;28,8;27,8;23,3;22;76;69;71;240;2,5;1,5;
2022/04/10;0000 UTC;0;980,6;980,6;980,1;;26,1;23,2;28,2;26,1;23,5;22,3;84;71;84;209;2;1,2;
2022/04/10;0100 UTC;0;980,9;981;980,6;;25,7;22,9;26,6;25,2;23,4;22,6;86;80;84;215;1,6;1,3;
2022/04/10;0200 UTC;0;981,1;981,1;980,9;;25,2;22,8;25,7;25,2;23,1;22,6;87;83;87;160;1,6;,2;
2022/04/10;0300 UTC;0;981,1;981,2;981,1;;24,7;22,5;25,2;24,6;22,9;22,4;90;86;87;222;1,3;,9;
2022/04/10;0400 UTC;0;980,8;981,1;980,8;;25;22,8;25,1;24,6;23,1;22,5;90;87;88;216;1,8;1,3;
2022/04/10;0500 UTC;0;980,6;980,8;980,5;;24,3;22,7;25;24,2;22,9;22,6;91;88;91;183;1,6;,7;
2022/04/10;0600 UTC;0;980,7;980,8;980,6;;24,3;22,9;24,6;24,3;23;22,7;92;90;92;324;2,1;,7;
2022/04/10;0700 UTC;0;980,4;980,7;980,4;;24,1;22,8;24,6;24,1;23,2;22,8;93;92;93;26;1,2;,8;
2022/04/10;0800 UTC;0;980,2;980,5;980,2;;24,5;23,3;24,5;24,1;23,3;22,8;94;93;93;32;1,8;,3;
2022/04/10;0900 UTC;0;981;981;980,2;;24,4;22,8;24,6;24,2;23,3;22,7;93;90;91;302;2,5;1;
2022/04/10;1000 UTC;0;981,5;981,5;981;105;24,9;23;25;24,4;23,1;22,7;91;89;89;6;2,9;1,2;
2022/04/10;1100 UTC;0;982,2;982,2;981,5;378,1;26,5;23,7;26,5;24,9;23,8;23;90;84;84;71;2,4;,6;
2022/04/10;1200 UTC;0;982,6;982,6;982,2;1631,5;28,8;22,2;29,7;26,5;23,7;22;84;65;67;35;2,3;1,1;
2022/04/10;1300 UTC;0;982,5;982,7;982,5;2541,8;31,5;22,5;31,6;28,9;23,1;21,6;68;57;59;71;3,5;1,2;
2022/04/10;1400 UTC;0;982;982,5;982;3045,6;32,7;21,7;32,7;31,2;22,5;20,5;59;50;52;42;3,7;1,6;
2022/04/10;1500 UTC;0;981;982;981;3387,7;34,4;21,1;34,6;32,8;22,5;20,9;53;46;46;268;3,6;1,7;
2022/04/10;1600 UTC;0;980,3;981;980,3;2603,6;34,7;20,2;34,9;33;22,4;20,2;54;43;43;212;3,9;,9;
2022/04/10;1700 UTC;0;979,5;980,3;979,5;1880,7;34,2;19,2;35,1;33,5;21,2;19;48;41;41;360;2,4;1,2;
2022/04/10;1800 UTC;0;978,6;979,5;978,6;1612,3;35,2;19,4;35,2;32,9;22,7;17,7;55;37;39;337;2;,6;
2022/04/10;1900 UTC;0;978,4;978,6;978,4;2069,8;35,3;18,2;36,5;34,7;19,9;16;43;32;37;20;1,9;,8;
2022/04/10;2000 UTC;0;978,3;978,4;978,2;1299,9;34,2;19,6;35,5;34,1;20,6;16,9;45;34;42;66;2;,9;
2022/04/10;2100 UTC;0;978,2;978,3;978,1;388,4;30,9;23,7;34,2;30,9;23,9;19,7;65;42;65;350;1,4;,5;
2022/04/10;2200 UTC;0;978,6;978,6;978,2;;29,2;22,8;30,9;29,2;24,2;22,8;69;65;68;278;4;2,1;
2022/04/10;2300 UTC;0;979,1;979,1;978,6;;28,1;22,8;29,2;28;22,9;22,7;74;68;73;252;3,6;2,5;
2022/04/11;0000 UTC;0;980,2;980,2;979,1;;26,6;23,1;28,1;26,6;23,2;22,8;81;73;81;233;3,6;1,7;
2022/04/11;0100 UTC;0;980,5;980,6;980,2;;25,8;23,1;26,9;25,8;23,4;23;85;80;85;263;2,8;1;
2022/04/11;0200 UTC;0;980,6;980,7;980,5;;25,1;23,3;25,8;24,7;23,5;22,8;90;85;90;336;1,7;1,1;
2022/04/11;0300 UTC;0;980,7;980,7;980,5;;24,5;22,9;25,3;24,2;23,3;22,5;91;88;91;209;2,7;1,4;
2022/04/11;0400 UTC;0;980,3;980,7;980,3;;24,1;22,6;24,6;24;23;22,5;92;90;92;342;2,7;,5;
2022/04/11;0500 UTC;0;980,4;980,4;980,3;;23,8;22,4;24,4;23,8;23;22,4;92;91;92;245;1,3;,9;
2022/04/11;0600 UTC;0;980,1;980,4;980,1;;23,6;22,4;23,9;23,3;22,8;22;94;92;93;301;2;,7;
2022/04/11;0700 UTC;0;979,9;980,1;979,9;;23,4;22,3;23,7;23,1;22,5;21,8;94;92;94;258;1,5;,6;
2022/04/11;0800 UTC;0;980,5;980,5;979,9;;23,1;22,2;23,5;22,7;22,5;21,5;94;93;94;2;1,5;1,1;
2022/04/11;0900 UTC;0;980,9;980,9;980,4;;23;22,1;23,4;22,9;22,5;22;95;94;95;9;1,8;,9;
2022/04/11;1000 UTC;0;981,7;981,7;980,9;106,4;24,7;23,7;24,7;23;23,7;22,2;95;94;94;344;1,4;,7;
2022/04/11;1100 UTC;0;982,3;982,3;981,7;817,9;27,1;23,7;27,1;24,7;24,4;23,3;94;81;82;348;2,6;1,5;
2022/04/11;1200 UTC;0;982,9;982,9;982,3;1707,6;29,8;23,4;29,8;27,1;23,5;22,6;82;68;69;338;3,8;2;
2022/04/11;1300 UTC;0;983,1;983,2;982,9;2545,5;30,5;22,6;30,9;29,5;23,3;21,8;69;61;63;324;4,1;1,6;
2022/04/11;1400 UTC;0;982,6;983,1;982,6;3074,1;32,1;22,2;32,8;30,4;23,2;22,1;64;55;56;285;3,9;1,4;
2022/04/11;1500 UTC;0;981,6;982,6;981,6;3355;33,2;21,7;33,6;32;23,2;21,5;58;51;51;304;4,3;1,9;
2022/04/11;1600 UTC;0;980,7;981,6;980,7;3273,9;34,3;21,8;34,5;32,5;22,7;21;55;47;48;335;5;1,6;
2022/04/11;1700 UTC;0;979,6;980,7;979,6;2430,9;34,8;20,6;35,2;32,9;22,2;19,5;52;41;44;287;4,4;,8;
2022/04/11;1800 UTC;0;978,5;979,6;978,5;2918,5;34,6;19,7;35,5;33,9;20,8;19,1;45;39;42;333;4,1;1,9;
2022/04/11;1900 UTC;0;978;978,5;978;2038,3;33;21,2;35,4;33;21,5;17,6;51;37;50;339;3,3;1,1;
2022/04/11;2000 UTC;0;978;978,1;977,9;445,7;31,6;24,3;33;31,6;24,3;20,8;65;49;65;21;1,9;,6;
2022/04/11;2100 UTC;0;978,3;978,3;978;245,8;30,4;23,4;31,8;30,4;24,6;22,5;69;60;66;360;1;,6;
2022/04/11;2200 UTC;0;978,8;978,8;978,3;,5;27,6;24,1;30,4;27,5;24,3;23,1;82;65;81;355;1;,3;
2022/04/11;2300 UTC;0;979,6;979,6;978,8;;26,9;23,6;27,6;25,8;24;22,2;85;79;82;204;3,8;1,6;
2022/04/12;0000 UTC;0;980,3;980,4;979,6;;26,1;23,4;27,2;26,1;23,6;23;85;78;85;107;3,3;,5;
2022/04/12;0100 UTC;;;;;;;;;;;;;;;;;;
2022/04/12;0200 UTC;0;981,3;981,3;980,6;;25,4;23,4;25,6;25;23,9;22,9;91;88;88;143;1,9;,8;
2022/04/12;0300 UTC;0;980,8;981,3;980,8;;24,7;22,8;25,4;24,7;23,4;22,7;89;88;89;217;1,5;,2;
2022/04/12;0400 UTC;0;980,4;980,8;980,4;;23,6;22;24,7;23,5;22,8;21,9;91;89;91;184;1;,6;
2022/04/12;0500 UTC;0;980,1;980,4;980;;23,6;22,4;24;23,5;22,6;22;93;91;93;257;1,6;1,2;
2022/04/12;0600 UTC;0;980,5;980,5;980;;23,7;22,5;24,1;23,2;22,9;21,9;94;92;94;76;1,8;,3;
2022/04/12;0700 UTC;0;980,4;980,5;980,4;;23,1;21,9;23,7;23,1;22,5;21,9;93;93;93;217;1,3;,4;
2022/04/12;0800 UTC;0;980,2;980,4;980;;23,5;22,5;23,5;23;22,5;21,8;94;93;94;5;1,4;,9;
2022/04/12;0900 UTC;0;981,1;981,1;980,2;;23,4;22,4;23,6;23,3;22,6;22,3;95;94;94;277;1,4;,3;
2022/04/12;1000 UTC;0;981,7;981,7;981,1;100,5;24;23;24;23;23;21,9;95;94;94;154;1,5;,9;
2022/04/12;1100 UTC;0;982,3;982,3;981,7;776,6;27,4;24;27,4;24;24,3;23,1;94;82;82;174;1,5;,5;
2022/04/12;1200 UTC;0;983,2;983,2;982,3;1636,5;29,2;24,6;29,2;27,4;24,7;23,6;82;75;76;122;3,2;1,8;
2022/04/12;1300 UTC;0;983,8;983,8;983,2;2299,6;30,9;24;30,9;28,5;24,5;23,6;76;65;67;142;4,9;2;
2022/04/12;1400 UTC;0;983,3;983,8;983,3;2891,6;33,2;22,2;33,2;30,7;24,6;21,5;70;52;53;181;4;1,1;
2022/04/12;1500 UTC;,4;982,5;983,3;982,5;1795,4;27,1;22,9;33,4;26,8;23,4;21,3;81;50;78;68;6,7;2,6;
2022/04/12;1600 UTC;,2;981;982,5;981;3120,9;32,5;22,1;32,5;26,5;24,1;21,1;83;52;54;53;5,6;1,1;
2022/04/12;1700 UTC;0;979,8;981;979,8;3183,5;34;19,5;34;32,5;22,8;19,4;55;42;42;308;3,3;1;
2022/04/12;1800 UTC;0;978,9;979,8;978,8;2756,6;34,9;20,7;35,3;33,4;21,1;18,9;46;41;44;154;3,3;1,1;
2022/04/12;1900 UTC;0;978,6;978,9;978,4;2049,7;33,6;22;35,2;33,4;22,1;19,4;51;40;51;129;3,9;2,2;
2022/04/12;2000 UTC;0;978,7;978,9;978,5;1244,5;32,3;23,3;34,2;32,3;23,5;20,8;59;46;59;209;5,2;2,3;
2022/04/12;2100 UTC;0;978,7;978,8;978,4;329,3;30,3;23,1;32,4;30,3;23,5;23;66;58;66;189;5,5;1,8;
2022/04/12;2200 UTC;0;979;979;978,7;,5;28,2;23,3;30,3;28,2;23,3;22,9;75;65;74;196;3,6;1,2;
2022/04/12;2300 UTC;0;979,6;979,6;978,9;;27,4;22,9;28,4;27,3;23,4;22,7;77;73;77;198;2,6;1,7;
2022/04/13;0000 UTC;0;980,2;980,2;979,6;;26,8;23;27,6;26,5;23,3;22,6;82;75;80;226;2,6;1,3;
2022/04/13;0100 UTC;0;981,1;981,1;980,2;;25,6;23,3;26,8;25,5;23,5;22,9;87;80;87;75;1,9;,5;
2022/04/13;0200 UTC;0;982;982;981;;24,9;23,1;25,8;24,9;23,4;23;90;86;90;20;2,1;1,1;
2022/04/13;0300 UTC;0;981,7;982,1;981,7;;25,4;23,6;25,4;24,9;23,6;23,2;91;90;90;337;3,3;,3;
2022/04/13;0400 UTC;0;981,4;981,7;981,3;;24,7;23;25,4;24,7;23,6;23;92;90;90;188;1,6;,5;
2022/04/13;0500 UTC;0;981,2;981,4;981,1;;25;23,3;25,2;24,6;23,6;23;92;90;90;286;1,9;,8;
2022/04/13;0600 UTC;0;981,1;981,2;981,1;;25;22,9;25,3;24,9;23,3;22,9;90;87;88;307;2,8;1,2;
2022/04/13;0700 UTC;0;981,1;981,3;981;;24,5;22,8;24,9;24,3;22,9;22,6;91;88;90;320;2,5;,7;
2022/04/13;0800 UTC;0;981,3;981,3;981;;24,3;22,7;24,5;24,2;22,8;22,6;91;90;91;315;1,9;,9;
2022/04/13;0900 UTC;0;981,7;981,7;981,3;;24,5;22,8;24,5;24,1;22,8;22,6;92;91;91;217;2,2;,5;
2022/04/13;1000 UTC;0;982,5;982,5;981,7;31,4;24,4;23;24,5;24,2;23;22,7;93;90;92;340;1,6;,9;
2022/04/13;1100 UTC;0;983,2;983,2;982,5;246,9;25,4;23,2;25,4;24,4;23,3;22,9;92;87;87;333;1,4;,7;
2022/04/13;1200 UTC;0;983,7;983,7;983,2;745,2;26,8;23;26,8;25,3;23,2;22,7;87;80;80;324;3,4;1,4;
2022/04/13;1300 UTC;0;983,9;984;983,7;1083,8;28,2;23,1;28,3;26,8;23,4;22,8;80;74;74;315;4,3;2,1;
2022/04/13;1400 UTC;0;983,8;984,1;983,8;946,8;28,8;23,3;29;28,2;24;23,1;77;72;72;295;4,8;1,9;
2022/04/13;1500 UTC;0;982,3;983,8;982,3;2740,1;30,8;23,3;31;28,5;24;22,9;75;64;64;264;6,2;2,1;
2022/04/13;1600 UTC;0;981,1;982,3;981,1;3165,7;31,8;22,5;32;30,6;23,6;22,1;66;57;58;277;5,9;2,4;
2022/04/13;1700 UTC;0;979,8;981,1;979,8;3083,3;32,4;22,2;33;31,5;23,1;21,7;59;53;55;265;5,7;1,9;
2022/04/13;1800 UTC;0;978,7;979,8;978,6;1911,3;32,4;22,1;32,9;32;23,1;21,4;59;52;55;215;4,6;1,5;
2022/04/13;1900 UTC;0;978,4;978,8;978,4;1435,5;31,9;22,7;32,6;31,8;23,1;20,9;59;50;58;220;4,2;1,3;
2022/04/13;2000 UTC;0;978,5;978,7;978,4;1408,1;28,9;22,6;31,9;28,5;23,1;21,8;70;57;69;150;7;2,9;
2022/04/13;2100 UTC;0;978,5;978,5;978,3;306,1;27;22,3;28,9;26,9;22,5;21,9;76;68;75;140;5,3;1,3;
2022/04/13;2200 UTC;0;979,3;979,3;978,5;;26,2;22,8;27;26,2;22,9;22,1;82;75;82;103;4,1;1,1;
2022/04/13;2300 UTC;0;980,3;980,3;979,3;;25,4;23,1;26,2;25,3;23,2;22,8;87;82;87;6;2,5;,9;
2022/04/14;0000 UTC;0;980,7;980,8;980,3;;25,3;22,9;25,5;25;23,2;22,9;89;87;87;95;2,4;1,1;
2022/04/14;0100 UTC;0;981,4;981,4;980,7;;24,8;22,6;25,4;24,8;23;22,6;88;86;88;253;2,1;,7;
2022/04/14;0200 UTC;0;981,4;981,6;981,4;;24,3;22,8;24,9;24,2;23;22,6;92;88;91;319;2;,6;
2022/04/14;0300 UTC;0;981,4;981,5;981,3;;24,1;22,7;24,3;23,9;22,9;22,5;93;91;92;294;1,3;,6;
2022/04/14;0400 UTC;0;980,9;981,5;980,9;;23,7;22,4;24,2;23,7;22,7;22,3;92;91;92;245;1,6;1;
2022/04/14;0500 UTC;0;980,6;980,9;980,6;;24,2;22,9;24,2;23,3;22,9;22;94;92;93;173;2,2;,5;
2022/04/14;0600 UTC;0;979,9;980,6;979,9;;24,4;23,3;24,4;24,1;23,3;22,8;93;92;93;72;1,1;,5;
2022/04/14;0700 UTC;0;979,8;979,9;979,7;;24,5;23,5;24,6;24,4;23,5;23,3;94;93;94;158;1,1;,4;
2022/04/14;0800 UTC;0;980,3;980,3;979,7;;24,6;23,4;24,6;24,5;23,6;23,4;94;93;93;126;1,6;,7;
2022/04/14;0900 UTC;0;980,5;980,5;980,3;;24,4;23,3;24,6;24,4;23,5;23,3;94;93;94;31;1,6;1;
2022/04/14;1000 UTC;0;981,3;981,3;980,5;30,7;24,8;23,5;24,8;24,4;23,5;23,3;94;93;93;123;1,6;,3;
2022/04/14;1100 UTC;0;982,1;982,1;981,3;294,4;25,5;23,2;25,6;24,8;23,6;23,2;93;87;87;50;1,6;,8;
2022/04/14;1200 UTC;0;983;983,1;982,1;909,9;27,2;23,7;27,2;25,5;23,8;23,2;88;81;81;274;2,5;,6;
2022/04/14;1300 UTC;0;983,1;983,2;982,7;1260,4;27,2;23,6;28,3;26,9;24,1;23,3;82;75;81;62;3,6;1,1;
2022/04/14;1400 UTC;,2;982,4;983,2;982,4;1284;28,1;24,9;28,1;27,2;24,9;23,8;85;80;83;112;4,1;1,8;
2022/04/14;1500 UTC;0;981,7;982,4;981,5;958,7;27,5;24,2;28,6;27,4;25;23,7;84;77;82;106;4,1;1,7;
2022/04/14;1600 UTC;0;981,6;981,7;981,2;470;26;23,1;27,6;25,9;24,6;23;85;82;84;33;6,1;2,1;
2022/04/14;1700 UTC;0;981;981,7;981;507,7;24,7;22,5;26,1;24,7;23,2;21,8;87;80;87;291;7,7;3,7;
2022/04/14;1800 UTC;,8;980,7;981;980,6;416,9;24,1;22,4;24,7;24,1;22,5;21,9;90;86;90;296;8,1;3,3;
2022/04/14;1900 UTC;,2;980,8;980,8;980,6;399,7;24,1;22,2;24,3;24,1;22,7;22,2;91;89;89;264;7,3;3,8;
2022/04/14;2000 UTC;0;980,4;981,1;980,4;315;24,2;22,3;24,3;24,1;22,5;22,3;90;89;89;204;7,3;3,1;
2022/04/14;2100 UTC;0;979,9;980,4;979,7;139;23,9;22,3;24,2;23,9;22,5;22,2;91;89;91;235;5,6;1,6;
2022/04/14;2200 UTC;0;981;981;979,9;;23,7;22,3;23,9;23,6;22,5;22,3;92;91;92;56;3,5;1;
2022/04/14;2300 UTC;0;980,8;981;980,5;;23,7;22,1;23,7;23,4;22,4;22,1;93;91;91;152;3,2;,6;
2022/04/15;0000 UTC;0;981,7;981,9;980,8;;23,2;22,1;23,7;23,2;22,2;22;94;91;94;184;1,7;,3;
2022/04/15;0100 UTC;0;982,1;982,1;981,7;;23,2;22,2;23,3;23,1;22,3;22,1;94;94;94;12;1,5;,8;
2022/04/15;0200 UTC;0;982,3;982,3;982;;23,1;22;23,3;23,1;22,4;22;95;94;94;195;2;1,1;
2022/04/15;0300 UTC;0;982,2;982,4;982,2;;22,8;21,5;23,1;22,8;22;21,5;94;92;92;218;2,3;,5;
2022/04/15;0400 UTC;0;981,6;982,2;981,6;;22,4;21,5;22,8;22,3;21,5;21,3;94;92;94;342;1,5;,8;
2022/04/15;0500 UTC;0;981,2;981,6;981,1;;22,2;21,1;22,5;22,2;21,5;21,1;94;94;94;344;1,7;,8;
2022/04/15;0600 UTC;0;980,9;981,2;980,9;;22,1;21,1;22,3;22,1;21,3;21,1;94;94;94;335;2,3;1;
2022/04/15;0700 UTC;0;980,8;981;980,8;;22,3;21,5;22,3;22;21,5;21,1;95;94;95;302;2;,7;
2022/04/15;0800 UTC;,2;980,7;980,8;980,7;;22,4;21,7;22,4;22,3;21,7;21,5;95;95;95;333;2,2;,7;
2022/04/15;0900 UTC;0;981;981;980,6;;22,5;21,6;22,6;22,4;21,8;21,6;95;95;95;336;1,9;,6;
2022/04/15;1000 UTC;0;981,8;981,8;981;59,5;23;22;23;22,4;22;21,6;95;94;94;71;1,2;,6;
2022/04/15;1100 UTC;0;982,4;982,4;981,8;181,7;23,1;21,7;23,2;22,8;22;21,7;94;92;92;98;2,1;1;
2022/04/15;1200 UTC;0;983,2;983,2;982,4;527,9;24,2;22;24,2;23,1;22,2;21,5;92;87;87;180;1,9;1;
2022/04/15;1300 UTC;0;983,6;983,6;983,2;974,7;25,2;21,9;25,3;24,1;22;21,5;87;81;82;192;2,9;1,3;
2022/04/15;1400 UTC;0;983,3;983,7;983,3;1488,9;26,8;21,7;26,9;25,2;22,3;21,4;82;74;74;212;3,5;,8;
2022/04/15;1500 UTC;0;982,4;983,3;982,4;2702,7;27,8;21,9;28,5;26,5;22,4;21,3;75;67;70;236;3,5;1,4;
2022/04/15;1600 UTC;0;981,5;982,4;981,5;2284,6;29,4;21,6;29,5;27,8;22,2;21,1;71;62;63;271;3,3;1;
2022/04/15;1700 UTC;0;980,7;981,5;980,7;2094,5;30,2;21,8;30,7;28,6;22,4;21,3;67;59;61;274;4,5;1,7;
2022/04/15;1800 UTC;0;979,9;980,7;979,9;2587,3;31,2;21,2;31,3;29,6;22,1;20,7;62;54;55;282;4,9;2,1;
2022/04/15;1900 UTC;0;979;979,9;979;2135,3;30,9;21,2;31,8;30,7;21,7;20,1;56;52;56;319;5;1,8;
2022/04/15;2000 UTC;0;979;979;978,9;1266;30,8;21,6;31,5;30,7;21,9;20,9;58;55;58;267;3,8;1,8;
2022/04/15;2100 UTC;0;979,6;979,6;979;417,3;28,6;22,6;31,3;28,6;22,8;21,3;70;56;70;242;3,9;1,8;
2022/04/15;2200 UTC;0;980,3;980,3;979,6;1;27,1;22,5;28,6;27,1;22,7;22,1;76;70;76;232;2,5;1,7;
2022/04/15;2300 UTC;0;980,9;980,9;980,3;;26,4;22,4;27,2;26,4;22,6;22,4;79;75;79;241;2,5;1,4;
2022/04/16;0000 UTC;0;981,3;981,5;980,9;;25,1;22,6;26,5;25,1;22,9;22,3;86;79;86;201;2,4;,8;
2022/04/16;0100 UTC;0;982,1;982,1;981,3;;24,4;22,9;25,1;24,2;22,9;22,4;91;86;91;95;1,8;,8;
2022/04/16;0200 UTC;0;982,1;982,1;981,9;;24,2;22,8;24,7;24,1;23,1;22,5;92;90;92;185;1,8;,6;
2022/04/16;0300 UTC;0;982,1;982,2;982;;23,9;22,8;24,2;23,4;22,9;22,1;94;92;93;28;1,9;,4;
2022/04/16;0400 UTC;0;981,6;982,1;981,6;;23,5;22,3;23,9;23,3;22,7;22;93;92;93;299;1,4;1;
2022/04/16;0500 UTC;0;981;981,6;981;;23,4;22,3;23,6;23;22,6;21,8;94;93;94;252;1,4;,7;
2022/04/16;0600 UTC;0;980,7;981;980,7;;24;22,9;24;23,3;22,9;22,1;94;93;94;295;1,9;,4;
2022/04/16;0700 UTC;0;980,6;980,7;980,6;;23,1;22,1;24;23,1;22,9;22,1;94;93;94;268;1,3;,4;
2022/04/16;0800 UTC;0;980,9;980,9;980,5;;22,7;21,6;23,1;22,6;22,1;21,6;94;94;94;42;1,4;,4;
2022/04/16;0900 UTC;0;981,4;981,4;980,8;;22,8;21,9;23;22,6;22;21,6;95;94;94;285;1,2;,2;
2022/04/16;1000 UTC;0;982;982;981,4;98,2;23,8;22,7;23,8;22,8;22,7;21,8;94;94;94;145;,9;,4;
2022/04/16;1100 UTC;0;982,7;982,7;982;741,9;26,7;23,5;26,8;23,8;23,9;22,8;94;83;83;79;1,6;,9;
2022/04/16;1200 UTC;0;983,3;983,3;982,7;922,6;27;23,4;27,1;26,2;23,7;22,7;84;78;81;62;2,2;1,1;
2022/04/16;1300 UTC;0;983,6;983,6;983,3;1621,1;29;23;29,2;27;23,9;22,9;81;70;70;81;2,6;1,1;
2022/04/16;1400 UTC;0;983,1;983,7;983,1;2387,1;30,6;22,8;30,8;28,8;23,4;22,5;71;63;63;352;2,9;1,4;
2022/04/16;1500 UTC;0;982,3;983,1;982,3;2505,8;30,5;22,7;32,1;30,3;23,2;22,1;64;58;63;131;3,7;1,9;
2022/04/16;1600 UTC;0;981,6;982,3;981,6;1660,2;28,8;21,9;32,4;28,8;23;21,4;67;53;66;201;7,9;3,9;
2022/04/16;1700 UTC;0;979,9;981,6;979,9;2682,1;32,1;22,2;32,4;28,5;22,9;21,2;68;53;56;145;7,2;2,1;
2022/04/16;1800 UTC;0;979,4;979,9;979,4;1303,6;30,4;23,1;32,2;30,4;23,4;21,8;66;55;65;138;4,8;1,9;
2022/04/16;1900 UTC;0;979,1;979,4;978,9;636,5;30,4;22,8;30,7;30,3;23,5;22,7;66;63;64;105;2,9;,6;
2022/04/16;2000 UTC;0;979,2;979,2;978,9;765,3;30,3;23,5;31;30,3;23,6;22,3;67;61;67;191;4,2;2,7;
2022/04/16;2100 UTC;0;980;980;979,2;287,7;28,4;23,6;30,3;28,4;23,9;23,4;75;67;75;231;4,2;1,9;
2022/04/16;2200 UTC;0;981;981;980;;27;23,5;28,4;27;23,7;23,5;81;75;81;245;3,5;1,8;
2022/04/16;2300 UTC;0;982;982;980,9;;26;22,5;27;26;23,5;22,5;83;81;81;201;5,5;3,1;
2022/04/17;0000 UTC;0;982,6;982,6;982;;25,3;22,5;26;25,3;22,5;22,2;85;81;85;216;5,5;1;
2022/04/17;0100 UTC;0;982,9;983,1;982,5;;24,9;22,6;25,3;24,8;22,7;22,5;88;84;87;18;3;1,2;
2022/04/17;0200 UTC;0;983,6;983,7;982,9;;25,2;22,3;25,2;24,8;22,7;22,3;88;84;84;311;5,3;1,8;
2022/04/17;0300 UTC;0;982,6;983,6;982,6;;24,6;22,1;25,2;24,6;22,3;21,9;86;82;86;269;4,3;,5;
2022/04/17;0400 UTC;0;983,1;983,2;982,6;;24,5;22,2;24,7;24,1;22,4;22;89;86;87;180;3,4;1,2;
2022/04/17;0500 UTC;0;982;983,1;982;;24;22,2;24,5;24;22,3;22,2;90;87;90;248;2,9;,9;
2022/04/17;0600 UTC;0;981,4;982;981,4;;24,2;22,5;24,2;23,6;22,6;22;93;90;91;162;2,9;1,5;
2022/04/17;0700 UTC;0;981,5;981,5;981,1;;23,4;22;24,2;23,4;22,5;21,8;92;89;92;192;3,1;1,2;
2022/04/17;0800 UTC;0;981,3;981,6;981,3;;23,7;22,3;23,7;23,4;22,3;22;92;91;92;312;1,7;,9;
2022/04/17;0900 UTC;6;981,9;982,1;981,2;;23,2;22,1;23,8;23,2;22,3;22,1;93;91;93;60;3,8;2;
2022/04/17;1000 UTC;5,6;982,7;982,7;981,9;81,4;23,5;22,5;23,6;23,1;22,6;22;95;93;94;125;5;1,2;
2022/04/17;1100 UTC;,2;983,6;983,6;982,7;137,9;23,6;22;23,9;23,5;22,9;21,9;94;90;91;30;3,1;,9;
2022/04/17;1200 UTC;,2;984,3;984,3;983,6;469;24,6;22,8;24,6;23,6;22,8;22;93;89;90;95;2,3;1;
2022/04/17;1300 UTC;0;984,6;984,6;984,3;943,7;26;23,3;26;24,6;23,3;22,6;90;85;85;288;2,7;,8;
2022/04/17;1400 UTC;0;984,3;984,7;984,3;1841,3;27,5;23,6;27,6;25,9;24,2;23;87;78;80;3;2,6;1,4;
2022/04/17;1500 UTC;,2;983,6;984,3;983,6;1488,9;27,4;24,3;28,1;27,3;24,3;23,3;84;77;84;243;3,3;1,7;
2022/04/17;1600 UTC;,4;982,7;983,6;982,7;840,7;26,4;23,6;27,4;26,4;24,6;23,6;87;82;85;90;3,4;1,7;
2022/04/17;1700 UTC;0;981,2;982,7;981,2;1874,7;29,7;23,3;29,7;26,2;24,7;22,8;86;67;69;279;3,4;,7;
2022/04/17;1800 UTC;0;979,9;981,2;979,9;2199,8;29,8;22,1;30,8;29,6;23,5;21,2;69;59;64;54;3,1;1;
2022/04/17;1900 UTC;0;979,8;979,9;979,6;1424,3;29,6;22,8;31,1;29,6;23,1;21,8;68;60;67;106;2,4;1,4;
2022/04/17;2000 UTC;0;980,3;980,5;979,8;336;27;22,6;29,6;26,6;23,6;22,3;81;67;77;75;6;1,6;
2022/04/17;2100 UTC;0;980,4;980,4;980;333,9;25,8;22,6;27;25,8;22,6;21,4;82;72;82;94;4;1,2;
2022/04/17;2200 UTC;0;981,2;981,3;980,4;;25,4;23,1;25,8;25,4;23,1;22,5;87;82;87;117;2,7;,9;
2022/04/17;2300 UTC;0;981,8;981,8;981,2;;25,1;23;25,4;25,1;23,2;23;89;87;89;88;3,6;,9;
2022/04/18;0000 UTC;0;982,7;982,7;981,8;;24,9;22,8;25,1;24,9;23,1;22,8;89;88;88;79;2,8;1,2;
2022/04/18;0100 UTC;0;983,4;983,4;982,7;;24,5;22,5;24,9;24,4;22,7;22,5;89;88;89;81;2,7;,8;
2022/04/18;0200 UTC;0;983,5;983,5;983,3;;24,1;22,5;24,5;24,1;22,6;22,5;91;89;91;95;1,9;1,2;
2022/04/18;0300 UTC;0;983,1;983,5;983,1;;23,9;21,9;24,1;23,9;22,7;21,9;92;88;88;122;2,6;1,3;
2022/04/18;0400 UTC;0;982,7;983,1;982,7;;23,7;21,5;24;23,6;21,9;21,4;88;86;87;121;3;1,6;
2022/04/18;0500 UTC;0;982,1;982,7;982,1;;23;21,6;23,7;22,9;21,6;21,3;92;87;92;283;2,8;1,1;
2022/04/18;0600 UTC;0;981,9;982,1;981,7;;22,4;21,3;23;22,4;21,6;21,3;94;92;94;41;1,5;,3;
2022/04/18;0700 UTC;0;981,9;982;981,9;;23;21,9;23;22,3;22;21,2;94;93;93;83;2,5;1,5;
2022/04/18;0800 UTC;0;982;982;981,8;;23,2;21,8;23,2;23;21,9;21,7;93;92;92;126;2,7;,4;
2022/04/18;0900 UTC;0;982,4;982,4;982;;23,1;21,9;23,3;23,1;22;21,7;93;92;93;177;1,5;,9;
2022/04/18;1000 UTC;0;983,2;983,2;982,4;42,2;23,6;21,9;23,6;23,1;22,1;21,8;93;90;90;71;2;1;
2022/04/18;1100 UTC;0;983,6;983,6;983,2;398,3;24,8;21,9;24,8;23,6;22,2;21,8;91;84;84;119;2,8;1,4;
2022/04/18;1200 UTC;0;984,5;984,5;983,6;693,6;25,6;22,2;25,6;24,8;22,3;21,6;84;81;81;86;4;2,1;
2022/04/18;1300 UTC;0;985,2;985,2;984,5;1489,6;27,7;21,9;27,9;25,6;22,7;21,7;81;71;71;87;5,6;2,9;
2022/04/18;1400 UTC;0;984,9;985,3;984,9;2554,2;28,8;21,8;29,3;27,7;23,2;21,3;72;65;66;86;6,6;2,6;
2022/04/18;1500 UTC;0;984,4;984,9;984,4;3078,9;30,7;22,7;30,7;28,7;23;21,3;69;60;62;99;7,1;3,1;
2022/04/18;1600 UTC;0;983,4;984,4;983,4;2900,3;30;22,1;31,5;29,9;22,7;21,3;63;56;63;110;6,9;2,6;
2022/04/18;1700 UTC;0;982,4;983,4;982,4;1316,1;30,2;22,4;30,5;28,1;23,1;21,3;72;59;63;93;6,4;2,9;
2022/04/18;1800 UTC;0;981,4;982,4;981,4;2717,9;30,8;21,1;31,5;30,2;22,7;20,9;64;54;57;104;6,3;2,5;
2022/04/18;1900 UTC;0;981,1;981,4;981,1;1431;28,9;22,3;31,4;27,1;23,5;20,8;78;54;68;113;9,9;,4;
2022/04/18;2000 UTC;0;981,2;981,2;980,9;479,9;28,4;23,5;29;28,4;23,8;22,2;76;67;75;76;1,2;,7;
2022/04/18;2100 UTC;0;981,5;981,5;981,2;149,2;27,7;23,8;28,4;27,6;24,4;23,4;81;75;80;52;1,5;,9;
2022/04/18;2200 UTC;0;982;982;981,5;;26,6;24;27,7;26,6;24,4;23,6;87;79;85;5;1,8;1;
2022/04/18;2300 UTC;0;982,6;982,6;982;;25,7;23,8;26,6;25,7;24;23,3;90;82;89;336;1,9;,9;
2022/04/19;0000 UTC;0;983,3;983,3;982,6;;24,9;23,4;25,7;24,9;23,8;23,3;92;89;92;338;2,6;1,2;
2022/04/19;0100 UTC;0;983,5;983,5;983,3;;24,9;23,4;25;24,8;23,5;23,3;92;91;91;11;2,7;1,1;
2022/04/19;0200 UTC;0;983,7;983,7;983,5;;24,5;23,1;24,9;24,5;23,4;23;92;90;92;309;2,7;,3;
2022/04/19;0300 UTC;0;983,6;983,7;983,5;;23,7;22,7;24,5;23,6;23,1;22,5;94;92;94;27;2;1,3;
2022/04/19;0400 UTC;0;983,1;983,6;983,1;;24;22,8;24,1;23,7;23,1;22,8;94;93;93;17;2,5;1,3;
2022/04/19;0500 UTC;0;982,7;983,1;982,7;;23,6;22,4;24;23,6;22,8;22,4;93;93;93;21;2,9;,6;
2022/04/19;0600 UTC;0;982,3;982,7;982,3;;23,1;22,1;23,6;22,9;22,5;21,8;94;93;94;240;1,5;1;
2022/04/19;0700 UTC;0;982,4;982,4;982,2;;22,9;21,9;23,1;22,8;22,1;21,8;95;94;95;200;1,5;,7;
2022/04/19;0800 UTC;0;982,6;982,6;982,4;;22,7;21,8;23;22,7;22,1;21,8;95;95;95;6;1;,4;
2022/04/19;0900 UTC;0;983,3;983,3;982,6;;23,1;22,2;23,1;22,6;22,2;21,7;95;95;95;85;1,2;,5;
2022/04/19;1000 UTC;,2;984,2;984,2;983,3;25,7;24;22,5;24;23,1;22,9;22,3;95;91;91;137;3,3;1,6;
2022/04/19;1100 UTC;0;985;985;984,2;154;24,1;22,1;24,1;23,9;22,4;21,8;91;87;89;69;4,1;1;
2022/04/19;1200 UTC;0;985,5;985,5;985;642,1;25,4;22,2;25,4;24,1;22,6;22;89;82;83;65;2,7;1,7;
2022/04/19;1300 UTC;0;985,7;985,7;985,5;1544,6;27,5;22,2;27,6;25,4;22,7;21,9;83;72;73;118;4,7;2,8;
2022/04/19;1400 UTC;0;985,4;985,8;985,4;1784,2;28,5;20,9;28,6;27,4;22,8;20,8;75;63;64;95;5,5;3;
2022/04/19;1500 UTC;0;984,5;985,4;984,5;1971,7;29,7;21;30;28;21,5;20,5;66;59;60;96;6,8;3,2;
2022/04/19;1600 UTC;0;983,4;984,5;983,4;2893,8;30,4;21,2;31,2;29;22;20,2;63;54;58;91;7,5;3,8;
2022/04/19;1700 UTC;0;982,5;983,4;982,5;3068,4;31,4;20,9;31,6;29,9;22;19,9;58;52;54;94;7,5;2,6;
2022/04/19;1800 UTC;0;981,7;982,5;981,6;2561,9;31,2;20,4;31,9;30,6;21,2;19,3;55;50;53;100;5,7;2,3;
2022/04/19;1900 UTC;0;981,3;981,7;981,3;2083,9;31,7;19,9;32,1;31,2;20,9;19,6;54;49;50;103;5,9;2,3;
2022/04/19;2000 UTC;0;981,4;981,4;981,3;1146,8;30,6;21,1;31,7;30,4;21,1;20,1;57;50;57;130;5,2;2,4;
2022/04/19;2100 UTC;0;981,6;981,6;981,3;339,5;28,6;21,4;30,7;28,6;21,9;21,2;65;57;65;154;4,8;2,8;
2022/04/19;2200 UTC;0;981,9;981,9;981,4;;27,1;21,5;28,6;27,1;21,7;21,3;71;65;71;175;4,3;1,3;
2022/04/19;2300 UTC;0;982,2;982,2;981,8;;25,7;21,8;27,1;25,7;22;21,6;79;72;79;192;2,5;1,1;
2022/04/20;0000 UTC;0;982,8;982,8;982,2;;25;21,7;25,7;24,8;21,9;21,5;83;79;82;213;1,7;1,2;
2022/04/20;0100 UTC;0;983,6;983,6;982,8;;24,2;22,1;25;23,9;22,1;21,4;88;82;88;204;2,2;1,4;
2022/04/20;0200 UTC;0;983,7;983,8;983,6;;25,2;22,1;25,2;24,2;22,1;21,8;88;82;83;199;2,4;,6;
2022/04/20;0300 UTC;0;983,3;983,7;983,3;;24,1;21,7;25,2;24,1;22,3;21,5;86;82;86;168;1,6;,9;
2022/04/20;0400 UTC;0;982,9;983,3;982,9;;23,8;21,7;24,1;23,5;21,7;21,3;88;86;88;151;2;,5;
2022/04/20;0500 UTC;0;982,8;982,9;982,6;;24;21,9;24;23,5;22;21,7;90;88;89;143;2,3;1,1;
2022/04/20;0600 UTC;0;982,5;982,8;982,4;;24;21,9;24;23,7;21,9;21,5;89;86;88;135;2,9;1,3;
2022/04/20;0700 UTC;0;982,5;982,6;982,4;;24;22,1;24,2;24;22,1;21,9;89;88;89;145;3,4;1,6;
2022/04/20;0800 UTC;0;982,9;982,9;982,5;;23,3;21,9;24;23,3;22,3;21,9;92;89;92;58;3,2;1,2;
2022/04/20;0900 UTC;0;983,4;983,4;982,9;;22,3;21,2;23,3;22,3;21,9;21,1;93;92;93;182;2,1;,8;
2022/04/20;1000 UTC;0;983,8;983,8;983,4;101,4;23,6;21,6;23,6;22,3;21,7;21,2;94;88;88;157;1,6;,9;
2022/04/20;1100 UTC;0;984,1;984,1;983,8;785,2;26,4;21;26,4;23,6;21,8;20,7;88;71;72;91;3,9;2;
2022/04/20;1200 UTC;0;984,4;984,5;984,1;1657,3;28,6;20;28,7;26,4;21,6;19,9;74;59;60;87;6,5;3,7;
2022/04/20;1300 UTC;0;984,4;984,6;984,4;2466,3;30,6;20,6;30,6;28,5;20,9;19,6;61;54;55;89;8,2;3,6;
2022/04/20;1400 UTC;0;983,9;984,4;983,9;3000,2;31,6;19,7;31,9;30,3;20,8;19,6;56;49;49;93;7,2;3,2;
2022/04/20;1500 UTC;0;983;983,9;983;3321,1;32,5;19,7;32,8;31,5;21;19,4;51;45;47;111;7,5;3,4;
2022/04/20;1600 UTC;0;982,2;983;982,2;3458,1;33,1;19,6;33,8;32,3;21,1;19;49;44;45;81;7,2;2,6;
2022/04/20;1700 UTC;0;981,4;982,2;981,4;2903,1;33,4;20;33,5;32,2;20,8;19,4;50;44;45;127;5,3;2,8;
2022/04/20;1800 UTC;0;980,8;981,4;980,8;2404,9;32,7;20,6;33,9;32,2;20,8;19;49;43;49;123;5,8;2,7;
2022/04/20;1900 UTC;0;980,5;980,8;980,5;1746,5;31,6;20,2;33,9;31,6;20,6;19,1;51;43;51;133;6,7;2,1;
2022/04/20;2000 UTC;0;980,5;980,5;980,4;1212,4;32;20,7;32,8;31,6;21;19,8;52;47;51;141;6,1;2,3;
2022/04/20;2100 UTC;0;980,7;980,7;980,5;338,5;30,1;21,1;32,1;30,1;21,2;20,3;59;51;59;150;5;1,4;
2022/04/20;2200 UTC;0;981;981;980,7;;27,4;21,6;30,1;27,4;22,1;21;72;59;70;175;2,6;,9;
2022/04/20;2300 UTC;0;981,5;981,5;981;;26,2;21,7;27,4;26,2;22,7;21,6;79;70;77;207;1,7;1;
2022/04/21;0000 UTC;0;982,3;982,3;981,5;;25,9;22,4;26,5;25,7;22,6;21,7;83;76;81;201;2,4;1,3;
2022/04/21;0100 UTC;0;982,7;982,7;982,3;;25,1;21,6;25,9;25,1;22,4;21,6;82;80;81;201;2;1,4;
2022/04/21;0200 UTC;0;982,7;982,7;982,6;;24,6;22;25,1;24,5;22;21,6;86;81;86;208;2,1;1,1;
2022/04/21;0300 UTC;0;982,4;982,7;982,4;;24,3;21,8;24,6;24,1;22,1;21,8;88;85;86;193;1,8;,7;
2022/04/21;0400 UTC;0;982,1;982,4;982,1;;23,9;21,7;24,3;23,9;22,1;21,6;89;86;87;181;1,1;,8;
2022/04/21;0500 UTC;0;982,2;982,4;981,8;;24,8;22;24,8;23,8;22,2;21,6;89;85;85;67;6,4;1,9;
2022/04/21;0600 UTC;0;982,2;982,2;982,1;;23,9;21,5;25;23,8;21,9;21,4;87;82;87;211;4;,6;
2022/04/21;0700 UTC;0;982,2;982,2;982,1;;23,4;21,4;23,9;23,1;21,6;21,2;89;86;89;210;1,9;,7;
2022/04/21;0800 UTC;0;982,1;982,2;982;;23,6;21,3;23,6;22,9;21,8;21,2;91;87;87;61;2,4;1,3;
2022/04/21;0900 UTC;0;982,7;982,7;982,1;;23,6;21,1;24,1;23,6;21,3;20,7;87;82;86;22;3,1;1,1;
2022/04/21;1000 UTC;0;983,1;983,2;982,7;35,4;24;21,5;24;23,5;21,6;21,1;87;86;86;252;2,3;,2;
2022/04/21;1100 UTC;0;983,9;983,9;983,1;235,2;24,9;21,7;24,9;24;21,9;21,4;87;82;82;16;2,4;1;
2022/04/21;1200 UTC;0;984;984;983,9;997,1;27,9;21,8;28;24,8;22,5;21,1;84;70;70;105;3,2;1,4;
2022/04/21;1300 UTC;0;984,3;984,3;984;2723,4;31;19,5;31;27,7;22,7;18,9;72;49;51;102;7,8;3,8;
2022/04/21;1400 UTC;0;983,9;984,3;983,9;2932,3;31,5;19,8;31,9;30,5;20,3;18,5;52;46;50;93;7,9;4,4;
2022/04/21;1500 UTC;0;983,1;983,9;983,1;3286,2;31,7;19,4;32,3;31,3;20,4;18,8;51;46;48;79;7,9;3,4;
2022/04/21;1600 UTC;0;982,1;983,1;982,1;3125,2;32,6;19,9;32,8;31,6;20,6;19,3;52;46;47;88;6,7;3,4;
2022/04/21;1700 UTC;0;981;982,1;981;2800,2;32,9;19,7;33,2;31,8;20,9;19,2;51;45;46;86;6,2;2,5;
2022/04/21;1800 UTC;0;979,9;981,1;979,9;2769,8;33;19,6;33,8;32,8;20,7;19,1;48;44;45;65;6,2;2,6;
2022/04/21;1900 UTC;0;979,6;980;979,5;2052,7;32,6;19,8;33,8;32,6;21;19,4;48;45;47;82;5;2,5;
2022/04/21;2000 UTC;0;979,8;979,8;979,5;1185,7;32,3;20,2;33;32,3;21;19,5;50;46;49;115;5;2,4;
2022/04/21;2100 UTC;0;980;980;979,8;324;30,1;22,1;32,3;30,1;22,5;19,9;63;48;62;140;4,4;,8;
2022/04/21;2200 UTC;0;980,3;980,3;980;;27,8;22;30,1;27,8;22,5;21,6;72;62;71;148;2,3;,8;
2022/04/21;2300 UTC;0;980,8;980,8;980,2;;26;21,9;27,8;25,9;22,2;21,5;78;70;78;211;2;1,6;
2022/04/22;0000 UTC;0;981,3;981,3;980,8;;25,5;22,1;26;25,5;22,3;21,8;82;78;81;213;2;1,1;
2022/04/22;0100 UTC;0;981,6;981,6;981,2;;24,3;21,9;25,5;24,3;22,4;21,8;86;81;86;212;1,9;1,4;
2022/04/22;0200 UTC;0;981,7;981,7;981,6;;24,3;21,8;24,7;24,3;22,3;21,8;87;85;86;231;1,8;,4;
2022/04/22;0300 UTC;0;981,5;981,7;981,5;;24;21,5;24,3;23,5;21,7;21,2;88;85;86;205;1,6;1,2;
2022/04/22;0400 UTC;0;980,8;981,5;980,8;;23,3;21,5;24,1;23,3;21,7;21,3;89;85;89;202;2,2;1,5;
2022/04/22;0500 UTC;0;980,3;980,8;980,3;;23,1;21,5;23,6;22,9;21,9;21,2;92;89;91;20;2,4;,5;
2022/04/22;0600 UTC;0;980,6;980,6;980,3;;23,3;21,5;23,7;22,8;22;21,4;92;88;89;345;3,5;1,2;
2022/04/22;0700 UTC;0;981;981;980,5;;23,6;21,6;23,7;23,1;21,8;21,2;90;88;89;335;2,4;1,3;
2022/04/22;0800 UTC;0;980,7;981,3;980,7;;24,2;22,4;24,2;23,5;22,5;21,6;91;89;90;283;3,3;1,4;
2022/04/22;0900 UTC;0;981,1;981,3;980,5;;23,9;22,6;24,2;23,8;22,6;22,3;92;89;92;326;3,2;1,5;
2022/04/22;1000 UTC;0;981,7;981,7;981;130,1;25,1;22,8;25,1;23,9;23,1;22,5;92;87;88;297;3,5;,4;
2022/04/22;1100 UTC;0;982,4;982,4;981,6;716,3;25,9;22,7;26,2;25;23;22,4;88;81;83;149;2,3;1,8;
2022/04/22;1200 UTC;0;983;983;982,4;942,4;27,2;22,9;27,3;25,9;23,3;22,8;84;77;77;173;3;1,3;
2022/04/22;1300 UTC;0;983,5;983,5;983;1787,5;29;23,6;29,8;27,2;24;22,7;78;68;72;95;3,2;1,7;
2022/04/22;1400 UTC;0;982,9;983,5;982,9;2449,8;30,3;21,7;30,7;28,8;23,7;21,4;72;59;60;147;5;2,2;
2022/04/22;1500 UTC;0;982,1;982,9;982,1;2150,4;29,5;21,9;30,9;27,8;23,3;21,4;74;59;64;170;4,5;1,9;
2022/04/22;1600 UTC;0;980,9;982,1;980,9;3237,7;31,6;20,9;32,3;29,3;22,3;20,2;64;52;53;317;3,6;1,6;
2022/04/22;1700 UTC;0;980,1;980,9;980;1525,7;31,3;21,1;31,9;30,3;21,9;20,4;58;53;55;128;3,4;1,3;
2022/04/22;1800 UTC;0;979,6;980,1;979,6;1213;30,9;22,9;32,2;30,7;22,9;20,3;63;51;62;236;3;1,8;
2022/04/22;1900 UTC;,2;979,3;979,7;979,3;1317,2;29,2;23,4;31;28,8;23,6;22,3;74;62;71;144;6,1;1,5;
2022/04/22;2000 UTC;0;979,6;979,6;979,3;901,4;30,3;23;30,8;29,2;23,4;22;71;60;65;206;3,3;,8;
2022/04/22;2100 UTC;0;980,4;980,4;979,6;230,4;28,2;22,9;30,5;28,2;23,8;22,5;73;63;73;291;3,8;1,4;
2022/04/22;2200 UTC;0;980,4;980,6;980,4;;26,3;21,6;28,2;26,3;23,1;21,6;78;72;75;258;4,6;2,1;
2022/04/22;2300 UTC;0;980,7;980,7;980,4;;24,4;21,3;26,3;24,4;21,6;20,6;83;73;83;109;3,6;,8;
2022/04/23;0000 UTC;0;981,4;981,5;980,6;;23,7;21,2;24,6;23,6;21,6;21;86;81;86;202;2;1;
2022/04/23;0100 UTC;0;981,8;981,9;981,4;;23,8;21,3;24,2;23,7;21,6;21,2;86;84;86;262;2,7;,7;
2022/04/23;0200 UTC;0;982,2;982,3;981,8;;23,6;21,6;23,9;23,5;21,7;21,2;89;86;88;323;1,9;1,1;
2022/04/23;0300 UTC;0;982,1;982,3;982,1;;23,4;21,4;23,9;23,4;21,7;21,4;89;87;89;326;1,9;,6;
2022/04/23;0400 UTC;0;981,8;982,1;981,8;;23,5;21,4;23,6;23,3;21,9;21,3;91;88;88;12;2,1;,7;
2022/04/23;0500 UTC;0;981,4;981,8;981,4;;22,8;21,2;23,5;22,7;21,5;21;91;88;91;169;1,2;,9;
2022/04/23;0600 UTC;0;981,3;981,4;981,2;;23,4;21,9;23,4;22,8;21,9;21,2;91;91;91;345;1,1;,6;
2022/04/23;0700 UTC;0;981,2;981,3;981,1;;23,6;22,2;23,7;23,4;22,3;21,9;92;91;92;74;1,7;,6;
2022/04/23;0800 UTC;0;981,6;981,6;981,2;;23,9;22,4;24;23,6;22,5;22,2;92;91;91;317;1,7;,8;
2022/04/23;0900 UTC;0;982;982;981,4;;23,8;22,6;24;23,7;22,6;22,3;93;91;93;84;1,6;,7;
2022/04/23;1000 UTC;0;982,7;982,7;982;137,7;24,7;22,8;24,7;23,8;22,9;22,4;93;89;89;199;1,3;,5;
2022/04/23;1100 UTC;0;983,4;983,4;982,7;824,7;26,4;22,2;26,7;24,7;23,4;22,2;90;78;78;124;1,9;1,3;
2022/04/23;1200 UTC;0;984,3;984,3;983,4;1503,4;28,6;22,7;28,6;26,3;22,9;22,1;79;70;70;233;2,5;,6;
2022/04/23;1300 UTC;0;984,7;984,7;984,3;2454,4;30,7;21,9;31,1;28,6;22,8;21,7;70;59;59;127;3,7;,8;
2022/04/23;1400 UTC;0;984,6;984,7;984,6;2964,6;31,4;22,2;31,5;30,2;23;21,6;62;58;58;120;4,5;2,3;
2022/04/23;1500 UTC;0;983,5;984,6;983,5;3354;32,7;21,3;32,7;30,9;22,9;20,8;59;50;51;59;4,5;1,1;
2022/04/23;1600 UTC;0;982,8;983,5;982,7;2128,6;31,6;21;33,2;31,1;22,7;20,4;60;49;53;99;4,5;1,4;
2022/04/23;1700 UTC;2,4;983,2;983,2;982,4;672,4;23,9;20,5;32;23,9;22,4;20,5;81;51;81;99;8;3,1;
2022/04/23;1800 UTC;7,2;981,5;983,2;981,5;563,4;25;23,2;25;22,9;23,2;20,6;91;81;90;261;8;2,8;
2022/04/23;1900 UTC;0;982,6;982,6;981,5;618,7;25,4;22,5;25,5;24,9;23,3;22,2;90;84;84;248;7;,6;
2022/04/23;2000 UTC;0;981,4;982,6;981,4;146,4;24,9;22,7;25,5;24,7;23;22,5;89;84;88;21;6,3;1,2;
2022/04/23;2100 UTC;0;980,4;981,4;980,1;85,6;24,8;23,1;25,2;24,8;23,3;22,8;91;88;90;211;2,4;1,1;
2022/04/23;2200 UTC;0;981;981;980,4;;24,2;22,9;24,9;24,2;23,3;22,8;93;90;92;216;2,4;,9;
2022/04/23;2300 UTC;0;981,9;981,9;980,9;;23,9;22,5;24,2;23,8;22,9;22,5;93;92;92;191;3,2;1,3;
2022/04/24;0000 UTC;0;983;983;981,9;;23,2;21,7;23,9;23,2;22,5;21,7;92;91;91;219;2,8;1,2;
2022/04/24;0100 UTC;0;983,4;983,4;983;;23;22;23,1;22,9;22;21,6;94;91;94;143;1,9;,6;
2022/04/24;0200 UTC;0;983,8;983,8;983,4;;23,2;22,2;23,2;22,9;22,2;21,9;94;94;94;187;1;,4;
2022/04/24;0300 UTC;0;983,9;984;983,7;;23,2;22,2;23,3;23,1;22,3;22,1;94;94;94;193;,9;,3;
2022/04/24;0400 UTC;0;983,3;983,9;983,2;;23;22;23,3;23;22,3;22;94;94;94;268;1,2;,5;
2022/04/24;0500 UTC;0;983,1;983,3;983,1;;22,7;21,8;23;22,7;22,1;21,8;95;94;94;346;1,2;,7;
2022/04/24;0600 UTC;0;982,9;983,2;982,8;;22,9;22;22,9;22,7;22;21,7;95;94;95;26;2;1;
2022/04/24;0700 UTC;0;982,9;983;982,6;;22,5;21,7;22,9;22,5;22;21,6;95;95;95;352;1,8;1,3;
2022/04/24;0800 UTC;0;982,6;982,9;982,5;;22,2;21,4;22,6;22,2;21,8;21,3;95;95;95;274;1,8;,5;
2022/04/24;0900 UTC;0;982,9;982,9;982,5;;22;21,2;22,3;21,8;21,5;21;95;95;95;76;2;,6;
2022/04/24;1000 UTC;0;983,4;983,4;982,8;88,8;22,9;22,1;22,9;21,8;22,1;21;95;95;95;121;1,1;,4;
2022/04/24;1100 UTC;0;984,4;984,4;983,4;763,6;25,3;22,5;25,4;22,9;23,3;22,1;95;84;84;61;1,9;,6;
2022/04/24;1200 UTC;0;985,1;985,1;984,4;1367,6;26,8;22,7;27;25,4;23,2;22,5;84;78;78;129;2,6;1;
2022/04/24;1300 UTC;0;985,3;985,3;985,1;2305,6;29,4;23,3;29,4;26,8;23,8;22,6;80;69;70;147;5,1;3,2;
2022/04/24;1400 UTC;0;985,2;985,5;985,2;2796,3;30,6;22,9;31;29,3;24,3;22,7;70;64;64;170;5,2;2,1;
2022/04/24;1500 UTC;0;984,3;985,2;984,3;3030,4;32,1;22,2;32,3;30,4;24;21,2;66;54;56;129;4,5;1,6;
2022/04/24;1600 UTC;0;984;984,3;983,2;3032,8;31,9;21,8;33,1;31,9;22,7;20,6;56;50;55;122;8,2;2,2;
2022/04/24;1700 UTC;1,8;982,4;984;982,4;307,1;24,9;22,3;31,9;22,9;22,3;18,9;85;55;85;274;18,1;1,5;
2022/04/24;1800 UTC;0;981,6;982,4;981,6;669,6;27,6;23,4;27,6;24,9;23,5;21,8;85;77;78;234;2,7;1;
2022/04/24;1900 UTC;0;981,4;981,6;981,1;765,5;28,6;23,8;29,2;27,6;23,9;22,7;79;68;76;304;2;,8;
2022/04/24;2000 UTC;4,4;981,6;982,5;981,3;202,2;24,3;21,6;28,6;23,9;24,4;19,6;85;71;85;359;11,7;1,2;
2022/04/24;2100 UTC;0;981,7;981,9;981,5;53,7;24,9;22,7;25,4;24,3;23,6;21,8;90;85;88;307;4,1;,9;
2022/04/24;2200 UTC;0;982;982;981,5;;24,2;23;24,9;24,2;23,1;22,6;93;88;93;13;1,2;,4;
2022/04/24;2300 UTC;0;982,1;982,1;982;;24,1;22,8;24,4;23,9;23,1;22,4;93;91;93;219;1,6;,9;
2022/04/25;0000 UTC;0;982,5;982,5;982,1;;23,8;22,6;24,1;23,7;22,8;22,4;93;92;93;155;2;,4;
2022/04/25;0100 UTC;0;983;983;982,5;;23,6;22,6;23,8;23,3;22,6;22,3;94;93;94;31;1,3;,6;
2022/04/25;0200 UTC;0;983,5;983,5;983;;23,2;22,3;23,6;23;22,6;22;95;94;95;151;1,4;1;
2022/04/25;0300 UTC;0;983,2;983,5;983,2;;23,2;22,3;23,4;23,2;22,5;22,3;95;95;95;134;1,3;,5;
2022/04/25;0400 UTC;0;983;983,3;983;;23;22,1;23,3;23;22,4;22,1;95;95;95;250;1;,5;
2022/04/25;0500 UTC;0;982,6;983;982,5;;22,5;21,6;23;22,4;22,1;21,5;95;95;95;163;1,1;,7;
2022/04/25;0600 UTC;0;982,6;982,7;982,6;;22,5;21,7;22,6;22,1;21,8;21,2;95;95;95;27;2,4;,8;
2022/04/25;0700 UTC;,2;982,3;982,6;982,3;;22,3;21,5;22,6;22;21,8;21,2;95;95;95;269;1,5;,8;
2022/04/25;0800 UTC;0;982,8;982,9;982,3;;21,9;21,1;22,3;21,8;21,6;21;95;95;95;91;1,5;,5;
2022/04/25;0900 UTC;0;983,1;983,1;982,6;;21,9;21,2;22,1;21,6;21,3;20,8;95;95;95;101;1,4;,4;
2022/04/25;1000 UTC;0;983,8;983,8;983,1;80,3;22,7;21,9;22,7;21,9;21,9;21,1;95;95;95;21;1,8;1,2;
2022/04/25;1100 UTC;0;984,7;984,7;983,8;552,4;24,6;22,2;24,6;22,7;23;21,9;95;87;87;122;1,8;1;
2022/04/25;1200 UTC;0;985,5;985,5;984,7;1641,1;27,1;22,9;27,5;24,6;23,6;22,2;87;76;78;28;2,5;1,2;
2022/04/25;1300 UTC;0;985,5;985,6;985,5;2333,2;29,6;22,9;29,9;27,1;23,7;22,3;79;66;67;112;2,9;1,4;
2022/04/25;1400 UTC;0;985;985,6;985;2970,1;30,9;21,7;31,4;29,6;23,6;21,7;69;58;58;60;3,6;1,8;
2022/04/25;1500 UTC;0;983,9;985;983,9;3317,8;32;20,3;32,2;30,9;22,3;20;60;49;50;84;6,1;2,4;
2022/04/25;1600 UTC;0;982,9;983,9;982,9;3344,8;32,8;19,1;33,4;32;21;18,9;52;44;44;67;6;2,9;
2022/04/25;1700 UTC;0;981,8;982,9;981,8;3122,8;33,5;19;33,6;32,6;20,3;18;48;40;42;101;5,7;2,8;
2022/04/25;1800 UTC;0;981,2;981,8;981,1;2648;33,5;19,2;33,9;33,1;19,7;17,8;45;39;43;85;6,2;2,2;
2022/04/25;1900 UTC;0;980,8;981,1;980,8;2010,8;33,2;18,4;33,5;32,8;19,4;17,7;45;40;42;71;7,9;2,2;
2022/04/25;2000 UTC;0;981;981;980,8;1168,7;32,4;18,8;33,2;32,4;19,8;17,7;47;40;45;96;5;1,7;
2022/04/25;2100 UTC;0;981,3;981,3;981;326,2;30;21,1;32,4;30;21,2;18,5;59;44;59;153;3,5;2;
2022/04/25;2200 UTC;0;981,7;981,7;981,3;;27,2;21,7;30;27,2;22,1;20,6;72;58;72;158;3,3;1;
2022/04/25;2300 UTC;0;982,1;982,1;981,6;;25,2;22,3;27,5;25,2;22,5;21;84;70;84;126;2,1;,7;
2022/04/26;0000 UTC;0;982,5;982,5;982,1;;24,4;22,1;25,3;24,4;22,4;21,1;87;78;87;220;2,8;1,1;
2022/04/26;0100 UTC;0;982,9;982,9;982,5;;22,9;20,9;24,5;22,9;22,3;20,9;90;86;89;197;1,7;,8;
2022/04/26;0200 UTC;0;983;983,1;982,9;;23,1;21,6;23,4;22,8;21,7;20,9;91;89;91;145;1,6;1;
2022/04/26;0300 UTC;0;983,3;983,4;983;;24,5;20,4;24,9;22,9;22;20,2;93;76;78;135;3,3;,9;
2022/04/26;0400 UTC;0;982,8;983,3;982,8;;23,5;20,3;24,5;23,5;20,4;19,9;82;76;82;156;3,4;1,6;
2022/04/26;0500 UTC;0;982,1;982,8;982,1;;22;19,6;23,8;22;20,3;19,4;86;78;86;182;3,4;,8;
2022/04/26;0600 UTC;0;982,4;982,4;981,9;;21,9;20;22,2;21,6;20,3;19,5;90;85;89;134;2,6;,7;
2022/04/26;0700 UTC;0;982,3;982,4;982,2;;21,2;19,8;21,9;21,2;20,4;19,7;92;89;92;137;1,7;,4;
2022/04/26;0800 UTC;0;982,3;982,3;982,2;;22,8;21;22,8;21,2;21,1;19,8;92;90;90;148;3;1,5;
2022/04/26;0900 UTC;0;982,9;982,9;982,3;;21,6;19,9;22,8;21,6;21;19,9;90;87;90;111;3,1;,7;
2022/04/26;1000 UTC;0;983,8;983,8;982,9;102,1;22,7;19,1;22,7;21,6;20;19,1;90;80;80;141;2,7;1,1;
2022/04/26;1100 UTC;0;984,5;984,5;983,8;797,5;25;19,4;25;22,7;19,8;19,1;80;71;71;126;4,3;1,9;
2022/04/26;1200 UTC;0;985,1;985,1;984,5;1665,1;27,7;19,2;27,8;25;20,1;19,1;73;60;60;115;5;2,6;
2022/04/26;1300 UTC;0;985,2;985,3;985,1;2464,8;29,9;17,9;29,9;27,5;19,9;17,1;61;47;49;91;8,4;4,7;
2022/04/26;1400 UTC;0;984,9;985,3;984,9;3013,3;30,6;17,4;30,8;29,7;18,4;16,9;49;44;45;95;11;4,7;
2022/04/26;1500 UTC;0;984,2;984,9;984,2;3316,7;31,5;17,7;32;30,6;18,9;17;47;42;44;108;8,6;4,2;
2022/04/26;1600 UTC;0;983,2;984,2;983,2;3346,9;31,9;17,9;32,4;31,3;18,7;17,2;46;42;43;119;8,3;3,5;
2022/04/26;1700 UTC;0;982;983,2;982;3109,3;32,4;17,1;32,6;31,7;18,6;16,4;44;40;40;117;7,4;3,4;
2022/04/26;1800 UTC;0;980,9;982;980,9;2678,5;32,3;17,3;32,6;31,9;18;16,3;43;38;41;141;8,3;3,4;
2022/04/26;1900 UTC;0;980,5;980,9;980,5;2013,4;32,1;16,2;32,7;32,1;17,6;16,2;41;38;39;126;8,8;3,5;
2022/04/26;2000 UTC;0;980,8;980,8;980,5;1169,1;31,4;18;32,2;31,4;18;16,5;45;39;45;122;6,6;2,3;
2022/04/26;2100 UTC;0;981;981,1;980,8;322,6;28,6;21;31,4;28,6;21,4;17,7;65;44;64;101;4,5;,8;
2022/04/26;2200 UTC;0;981,1;981,1;981;;25;21;28,6;24,5;21;19,9;79;63;79;214;3,2;2;
2022/04/26;2300 UTC;0;981,5;981,5;981,1;;24,7;20,5;25,6;24,7;21,4;20,1;79;73;77;218;3,2;1;
2022/04/27;0000 UTC;0;982,1;982,1;981,5;;22,9;20,2;24,7;22,8;21,3;19,8;85;77;85;203;1,8;1,2;
2022/04/27;0100 UTC;0;982,4;982,5;982,1;;23;20,5;23,5;22,9;20,8;20,1;87;82;86;207;1,8;,8;
2022/04/27;0200 UTC;0;982,6;982,6;982,4;;22,4;20,8;23;22,4;20,9;20,5;91;86;91;141;1,2;,6;
2022/04/27;0300 UTC;0;982,7;982,8;982,6;;22,2;21;22,5;22;21;20,6;93;90;93;120;1,3;,8;
2022/04/27;0400 UTC;0;982,3;982,7;982,3;;22,2;20,4;22,6;21,9;21,1;20,2;93;89;90;105;2;,8;
2022/04/27;0500 UTC;0;981,9;982,3;981,9;;21,4;20;22,2;21,2;20,4;19,7;92;90;92;175;1,6;,3;
2022/04/27;0600 UTC;0;981,3;981,9;981,3;;21,2;19,6;21,4;20,8;20;19,4;93;91;91;152;1,8;1;
2022/04/27;0700 UTC;0;981,3;981,4;981,3;;20,5;19,1;21,2;20,5;19,5;19,1;92;89;92;140;2,5;,5;
2022/04/27;0800 UTC;0;981,9;981,9;981,3;;20,9;19,7;20,9;20,4;19,7;19,1;93;92;93;111;2,3;1;
2022/04/27;0900 UTC;0;982,7;982,7;981,9;;20,4;19,3;21;20,3;19,8;19,2;94;92;93;150;2,1;,3;
2022/04/27;1000 UTC;0;983,2;983,2;982,6;99,3;22,4;19,8;22,5;20,4;20,6;19,4;94;85;85;137;3,3;1,8;
2022/04/27;1100 UTC;0;983,9;983,9;983,2;786,9;24,6;19,6;24,6;22,4;20,3;19,1;85;72;74;138;4,1;1,6;
2022/04/27;1200 UTC;0;984,4;984,4;983,9;1642,8;26,7;18,8;26,9;24,6;20;18,8;74;62;62;140;5,5;3;
2022/04/27;1300 UTC;0;984,6;984,7;984,4;2430,7;29,6;19,1;29,8;26,7;20,2;18,6;64;52;53;111;6,1;2,7;
2022/04/27;1400 UTC;0;984,2;984,6;984,2;2966,5;31,2;18,8;31,2;29,5;19,8;18;56;47;48;87;8,4;3,4;
2022/04/27;1500 UTC;0;983,5;984,2;983,5;3272,2;32,3;18,4;32,4;31,1;19,2;17,9;48;43;44;89;7,2;2,9;
2022/04/27;1600 UTC;0;982,8;983,5;982,8;3304,1;32,8;18,4;32,8;31,9;18,7;16,9;46;40;42;72;6,9;2,7;
2022/04/27;1700 UTC;0;981,9;982,8;981,9;3138,8;32,5;17,6;33,1;32;18,7;16,6;44;38;41;76;5,4;2,5;
2022/04/27;1800 UTC;0;981,2;981,9;981,2;2644,7;32,6;18,4;33,2;32,2;19,1;17,3;44;40;43;122;6,2;3,3;
2022/04/27;1900 UTC;0;980,9;981,2;980,9;1980,3;32,2;17,9;33,3;32,2;18,6;17,2;44;39;43;59;6,8;2,4;
2022/04/27;2000 UTC;0;981,2;981,2;980,9;1146,7;31,5;18,4;32,4;31,5;18,5;17,1;46;40;46;69;4,5;1,6;
2022/04/27;2100 UTC;0;981,4;981,5;981,2;313,4;29,1;20,6;31,6;29,1;21,9;18,6;65;46;60;74;2,9;,4;
2022/04/27;2200 UTC;0;981,6;981,6;981,4;;26,6;21,5;29,1;26,2;21,5;20,4;74;60;74;197;2,1;,9;
2022/04/27;2300 UTC;0;982;982;981,6;;25,7;20,6;26,6;25,7;21,4;20,6;76;73;74;180;1,8;,8;
2022/04/28;0000 UTC;0;982,6;982,6;982;;24,6;21;25,7;24,6;21,1;20,7;80;74;80;208;1,5;1;
2022/04/28;0100 UTC;0;983,1;983,1;982,6;;24;21,5;24,6;24;21,5;20,9;85;81;85;207;1,5;1,2;
2022/04/28;0200 UTC;0;983,2;983,2;983,1;;23,6;21,4;24;23,6;21,8;21,4;88;85;88;209;1,5;,8;
2022/04/28;0300 UTC;0;983,5;983,5;983,2;;23,2;21,3;23,6;23,2;21,5;21,2;89;88;89;160;1,1;,7;
2022/04/28;0400 UTC;0;983,5;983,5;983,4;;22,2;20,7;23,2;22,2;21,3;20,7;91;89;91;57;1,3;,4;
2022/04/28;0500 UTC;0;983,2;983,5;983,2;;22,3;20,8;22,3;22,1;21,1;20,8;92;91;92;97;1,4;,8;
2022/04/28;0600 UTC;0;983;983,2;983;;21,7;20,5;22,3;21,6;20,8;20,3;93;91;93;117;1,4;1;
2022/04/28;0700 UTC;0;983;983,1;982,9;;21,9;20,5;22,1;21,7;20,9;20,5;93;92;92;92;1,4;,7;
2022/04/28;0800 UTC;0;983,1;983,1;982,8;;21,2;20,1;21,9;21;20,6;19,7;93;92;93;165;1,4;,9;
2022/04/28;0900 UTC;0;983,6;983,6;983,1;;22,5;21;22,5;21,2;21;20,2;94;91;91;156;2,6;1,5;
2022/04/28;1000 UTC;0;984,5;984,5;983,6;96,4;23,5;20,9;23,5;22,5;20,9;20,6;91;85;85;146;4,2;2,4;
2022/04/28;1100 UTC;0;985,4;985,4;984,5;774,2;25,4;19,9;25,5;23,5;21,1;19,9;85;71;72;137;5,7;2,6;
2022/04/28;1200 UTC;0;986,1;986,1;985,4;1608,6;28;19,7;28;25,4;20,6;19,5;72;60;61;135;6,1;2,9;
2022/04/28;1300 UTC;0;986,4;986,4;986,1;2390,7;29,2;19,5;29,6;28;20,4;18,9;61;55;56;133;9,1;3,3;
2022/04/28;1400 UTC;0;986;986,4;986;2922;30,8;20;31,3;29,2;20,7;19,5;57;51;53;116;6,8;3;
2022/04/28;1500 UTC;0;985,3;986;985,2;3087;31,6;20,2;32,3;30,6;20,7;19,4;54;49;51;128;7,3;3;
2022/04/28;1600 UTC;0;984,1;985,3;984,1;2920,5;31,9;20,4;33;31,3;20,8;19,1;51;45;51;129;7,3;2,7;
2022/04/28;1700 UTC;0;983,1;984,2;983,1;2154,8;33,4;20;33,6;31,5;20,8;19,3;51;45;46;142;5,9;2,3;
2022/04/28;1800 UTC;0;982,3;983,1;982,3;1559,3;31,4;20,2;33,4;31,3;20,6;19,2;52;44;51;138;6,2;2,4;
2022/04/28;1900 UTC;0;981,9;982,3;981,9;1508,2;32,2;19,3;33,5;31,4;21;19,1;52;43;47;108;6,2;1,8;
2022/04/28;2000 UTC;0;982,1;982,1;981,9;1073,5;32,1;20,7;33,1;31,9;21;19,6;51;46;51;138;5;2,2;
2022/04/28;2100 UTC;0;982,3;982,3;982,1;147,3;29,5;20,9;32,1;29,5;20,9;19,9;60;50;60;144;4;1,1;
2022/04/28;2200 UTC;0;982,7;982,7;982,3;;26,7;21,4;29,5;26,7;21,8;21;73;60;73;204;1,9;,7;
2022/04/28;2300 UTC;0;982,9;982,9;982,7;;26,3;21,6;26,7;26,2;21,7;21,1;76;72;76;202;1,8;1,2;
2022/04/29;0000 UTC;0;983,4;983,4;982,9;;25,3;21,7;26,3;25,3;22;21,6;80;75;80;205;2,3;1,7;
2022/04/29;0100 UTC;0;983,8;983,8;983,4;;24,6;21,6;25,3;24,6;21,9;21,4;83;80;83;203;2,3;1,1;
2022/04/29;0200 UTC;0;983,8;983,9;983,8;;24;21,7;24,6;23,9;21,8;21,5;87;83;87;220;1,7;,6;
2022/04/29;0300 UTC;0;983,7;983,8;983,7;;23,6;21,6;24,2;23,5;21,8;21,3;89;86;89;179;1,5;,4;
2022/04/29;0400 UTC;0;983,6;983,7;983,6;;23,5;21,8;23,7;23,3;21,8;21,3;90;88;90;163;1,2;,8;
2022/04/29;0500 UTC;0;983,1;983,6;983,1;;24;20,9;24;23,4;21,7;20,9;90;83;83;158;2,7;1,6;
2022/04/29;0600 UTC;0;982,5;983,1;982,5;;24,1;21,4;24,2;23,6;21,5;20,8;86;83;85;150;3,2;1,6;
2022/04/29;0700 UTC;0;982,4;982,6;982,4;;24,2;21,8;24,3;24,1;22;21,4;87;85;86;148;4,3;2,2;
2022/04/29;0800 UTC;0;982,7;982,7;982,4;;23,3;20,8;24,3;23,3;21,8;20,8;86;84;86;119;4,4;1,2;
2022/04/29;0900 UTC;0;983,1;983,1;982,7;;22,5;19,8;23,3;22,4;20,8;19,8;90;85;85;113;2,7;1,3;
2022/04/29;1000 UTC;0;984,2;984,2;983,1;85;23,2;20,2;23,2;22,4;20,2;19,7;85;83;83;124;2,7;1,2;
2022/04/29;1100 UTC;0;984,8;984,8;984,2;782,1;25,8;20;25,8;23,2;20,6;19,9;83;70;70;115;4,5;2,6;
2022/04/29;1200 UTC;0;985,1;985,1;984,8;1625,8;28,4;18,4;28,4;25,8;20,3;18,3;71;55;55;114;7,4;4;
2022/04/29;1300 UTC;0;985,4;985,5;985;2410,2;29,7;18,3;30,4;28,3;19,2;18,1;56;49;50;117;7,8;3,5;
2022/04/29;1400 UTC;0;985,2;985,5;985,2;2934,8;31,2;17,7;31,4;29,7;19,2;16,8;51;43;44;100;8,1;4,6;
2022/04/29;1500 UTC;0;984,7;985,2;984,7;3235;32,2;18,1;32,3;31,3;18,1;16,8;45;41;43;88;8,1;3;
2022/04/29;1600 UTC;0;983,6;984,7;983,6;3241,9;32,5;17;33;32;18;16,6;43;39;40;80;6,3;2,5;
2022/04/29;1700 UTC;0;982,8;983,6;982,8;2993,9;33,1;17,2;33,6;32,4;18,4;16,6;42;37;39;127;5,6;2,8;
2022/04/29;1800 UTC;0;982,2;982,8;982,2;2572,4;32,7;17,8;33,5;32,6;18,4;16,4;42;37;41;146;6,5;3,3;
2022/04/29;1900 UTC;0;981,9;982,2;981,9;1916,5;32,1;18,2;33,4;32,1;18,6;17,1;44;39;44;155;6,5;2,8;
2022/04/29;2000 UTC;0;981,9;981,9;981,8;1121,6;31,5;18,8;32,6;31,5;19,2;17,7;47;42;47;144;4,9;2,3;
2022/04/29;2100 UTC;0;982,1;982,1;981,9;305,1;29,5;19,4;31,5;29,5;19,7;18,9;55;47;55;156;4,6;1,7;
2022/04/29;2200 UTC;0;982,3;982,3;982;;26,3;20,2;29,5;26,3;20,9;19,5;71;55;69;178;2,6;,8;
2022/04/29;2300 UTC;0;983;983;982,3;;24,4;20,3;26,3;24,4;20,5;19,8;79;69;78;205;1,6;1,1;
2022/04/30;0000 UTC;0;983,5;983,5;983;;23,8;20,3;24,4;23,8;20,6;20,2;81;78;81;211;1,7;1;
2022/04/30;0100 UTC;0;984,2;984,2;983,5;;23;19,9;23,8;23;20,5;19,8;84;81;83;208;1,3;,8;
2022/04/30;0200 UTC;0;984,2;984,2;984,1;;22,4;20,1;23;22,4;20,4;19,9;87;83;87;122;1;,2;
2022/04/30;0300 UTC;0;984,2;984,3;984,1;;22;20,4;22,5;21,9;20,5;20;90;87;90;111;1,3;,5;
2022/04/30;0400 UTC;0;983,9;984,2;983,9;;21,8;20;22,2;21,8;20,5;19,9;90;89;89;123;1,5;,6;
2022/04/30;0500 UTC;0;983,3;983,9;983,3;;21,4;19,9;21,8;21;20;19,3;92;89;91;142;1,5;,9;
2022/04/30;0600 UTC;0;983;983,3;982,9;;22;18,9;22;21,4;20,3;18,9;92;83;83;133;3,3;1,7;
2022/04/30;0700 UTC;0;982,7;983;982,7;;21;19,2;22,1;21;19,2;18,9;89;83;89;128;3,4;,4;
2022/04/30;0800 UTC;0;982,6;982,8;982,6;;22,3;18,8;22,5;20,8;19,8;18,8;91;80;81;158;3,6;1,7;
2022/04/30;0900 UTC;0;983,3;983,3;982,6;;21,8;18;22,5;21,8;18,8;17,7;81;76;79;123;3,8;1,3;
2022/04/30;1000 UTC;0;984;984;983,3;98,6;22,7;19,7;22,7;20,6;19,8;17,8;86;79;83;104;2,6;,6;
2022/04/30;1100 UTC;0;984,8;984,8;984;780,6;24,2;19,2;24,2;22,5;19,8;18,9;83;73;74;130;3,1;1,9;
2022/04/30;1200 UTC;0;985,6;985,6;984,8;1610,3;27,1;17,6;27,1;24,2;19,9;17,6;75;56;56;90;4,5;2,7;
2022/04/30;1300 UTC;0;985,7;985,8;985,6;2390,3;29,2;17,6;29,4;27;18;16,6;57;48;50;116;6,4;2,8;
2022/04/30;1400 UTC;0;985,4;985,7;985,4;2901;30,9;16,7;30,9;29,2;17,9;15,9;50;41;43;85;5,8;2,8;
2022/04/30;1500 UTC;0;984,6;985,4;984,6;3185,5;32,1;15,5;32,5;30,8;17,5;14,9;43;36;37;80;7,1;3,6;
2022/04/30;1600 UTC;0;983,4;984,6;983,4;3200,6;32,9;15,8;33,1;31,9;16,7;14,6;39;34;36;106;7,1;1,7;
2022/04/30;1700 UTC;0;982,5;983,4;982,5;2976,2;33;16,1;33,3;32,5;16,5;14,6;38;33;36;115;5,6;2,8;
2022/04/30;1800 UTC;0;981,7;982,5;981,7;2546,4;33,1;15,1;33,3;32,6;16,7;14,7;38;33;34;81;5,6;2,1;
2022/04/30;1900 UTC;0;981,5;981,7;981,5;1913,7;33;14,6;33,5;32,6;16,3;13,8;37;32;33;75;4,5;1,4;
2022/04/30;2000 UTC;0;981,7;981,7;981,5;1122,1;32,1;17,1;33;32;17,2;14,6;41;33;41;84;3,6;1;
2022/04/30;2100 UTC;0;982;982;981,7;294;28,5;20,1;32,1;28,5;20,9;16,9;62;40;60;182;2,5;,6;
2022/04/30;2200 UTC;0;982,4;982,4;982;;25,6;20;28,5;25,6;20,5;19,6;71;60;71;209;1,6;,9;
2022/04/30;2300 UTC;0;983;983;982,4;;24,7;20,3;25,6;24,5;20,4;20;78;71;76;208;1,1;,8;
2022/05/01;0000 UTC;0;983,6;983,6;983;;23,6;20,1;24,7;23,6;20,3;20;81;76;81;216;1,3;1,1;
2022/05/01;0100 UTC;0;983,7;983,8;983,6;;22,8;19,9;23,6;22,8;20,1;19,9;83;81;83;226;1,7;1,3;
2022/05/01;0200 UTC;0;983,6;983,7;983,6;;21,9;20;22,8;21,6;20;19,2;89;83;89;206;2,3;1,8;
2022/05/01;0300 UTC;0;983,6;983,7;983,6;;21,3;19,2;22,4;21,3;20,1;19,2;89;84;88;89;2,3;,2;
2022/05/01;0400 UTC;0;982,9;983,6;982,9;;20,9;19,2;21,4;20,7;19,4;19;91;88;90;74;,6;,3;
2022/05/01;0500 UTC;0;982,2;982,9;982,2;;21,1;19,7;21,2;20,9;19,9;19,2;93;90;92;182;1,5;,8;
2022/05/01;0600 UTC;0;982,2;982,2;982,1;;21;19,4;21,1;20,8;19,9;19,3;93;91;91;134;2,1;1;
2022/05/01;0700 UTC;0;982,5;982,6;982,2;;21,2;19,3;21,3;20,4;19,6;18,8;92;88;88;353;2,9;1,7;
2022/05/01;0800 UTC;0;982,5;982,6;982,5;;20,4;18,8;21,2;20,4;19,2;18,8;90;88;90;342;2,4;,4;
2022/05/01;0900 UTC;0;983,2;983,2;982,4;;19,9;18,6;20,4;19,4;18,9;17,8;92;90;92;152;1,7;1,2;
2022/05/01;1000 UTC;0;983,8;983,8;983,2;101,6;21,8;19,9;21,8;19,9;19,9;18,7;93;89;89;120;2,6;1,2;
2022/05/01;1100 UTC;0;984,3;984,3;983,8;748,2;25;20,3;25;21,8;21;20,1;89;75;75;113;4;2,2;
2022/05/01;1200 UTC;0;984,9;984,9;984,3;1581,2;27,5;20,5;27,5;25;20,8;20;76;65;66;114;4,3;2,4;
2022/05/01;1300 UTC;0;984,8;984,9;984,8;2356;30,2;18,5;30,3;27,3;20,3;17,9;65;48;50;104;6,1;3,1;
2022/05/01;1400 UTC;0;984,6;984,9;984,5;2859,5;31,7;18,3;31,8;29,9;19,3;17,5;51;44;45;104;6,1;3,1;
2022/05/01;1500 UTC;0;983,7;984,6;983,7;3116,2;32,5;17,4;32,6;31,2;19;17,2;46;40;41;97;6,3;2,8;
2022/05/01;1600 UTC;0;982,9;983,7;982,9;2979,2;32,9;17,2;33,4;31,6;17,8;16,1;42;37;39;65;6,5;1,9;
2022/05/01;1700 UTC;0;981,9;982,9;981,9;2979,3;33,4;17,2;33,6;32,2;18;16;41;37;38;69;6,9;2,1;
2022/05/01;1800 UTC;0;981,3;981,9;981,3;2749,7;33,6;16,9;34,1;32,7;18,1;16;40;35;37;60;6;1,7;
2022/05/01;1900 UTC;0;981,2;981,3;981,1;1680,1;33;18,1;33,6;31,7;18,2;16,4;44;36;41;97;4,9;2;
2022/05/01;2000 UTC;0;981,3;981,3;981,1;1129,3;31,9;18,2;33,2;31,9;18,4;16,7;45;38;44;122;4,8;1,4;
2022/05/01;2100 UTC;0;981,6;981,6;981,3;287,1;29,4;20,8;31,9;29,4;21,2;18,3;60;44;60;135;2,9;1;
2022/05/01;2200 UTC;0;982;982;981,6;;26,5;20,4;29,4;26,5;21;20,2;69;60;69;182;2,1;,8;
2022/05/01;2300 UTC;0;982,5;982,5;982;;25,4;20,6;26,6;25,4;20,8;20,2;75;68;75;204;1,3;,8;
2022/05/02;0000 UTC;0;983;983,1;982,5;;24,7;20,8;25,4;24,7;21,1;20,4;80;75;79;178;1,4;,8;
2022/05/02;0100 UTC;0;983,5;983,5;983;;23,7;20,8;24,8;23,6;20,9;20,5;84;78;84;210;1,1;,6;
2022/05/02;0200 UTC;0;983,6;983,6;983,5;;23;20,9;23,7;23;21,1;20,7;88;84;88;193;1,3;,9;
2022/05/02;0300 UTC;0;983,5;983,6;983,4;;22,4;20,7;23;22,4;21,2;20,7;91;88;90;198;1,5;1,1;
2022/05/02;0400 UTC;0;983;983,5;983;;22,5;21,1;22,8;22,4;21,4;20,8;92;90;92;220;2,2;,9;
2022/05/02;0500 UTC;0;982,6;983;982,6;;22,1;20,7;22,5;22,1;21,1;20,6;92;91;92;205;1,4;,7;
2022/05/02;0600 UTC;0;982,4;982,6;982,4;;21,7;20,5;22,1;21,6;20,7;20,3;93;91;93;144;1,4;1;
2022/05/02;0700 UTC;0;982,7;982,7;982,3;;21,6;20,2;21,9;21,3;20,5;19,9;93;91;92;333;2,5;,4;
2022/05/02;0800 UTC;0;982,9;982,9;982,6;;21,4;19,5;21,6;21,2;20,2;19,4;92;89;89;131;1,8;1,2;
2022/05/02;0900 UTC;0;983,3;983,3;982,9;;21,6;19,9;21,7;21,3;20;19,3;90;87;90;122;2,2;1;
2022/05/02;1000 UTC;0;984,2;984,2;983,3;99;22,6;20,8;22,6;21,4;20,8;19,7;91;89;90;118;2;1,1;
2022/05/02;1100 UTC;0;985;985;984,2;723,8;24,7;21,1;24,8;22,6;21,6;20,7;90;79;80;132;3,5;1,7;
2022/05/02;1200 UTC;0;985,4;985,4;985;1550,2;27,9;21,1;27,9;24,7;21,7;20,6;81;67;67;140;4,1;1,8;
2022/05/02;1300 UTC;0;985,9;986;985,4;2316,1;30,3;19,8;30,6;27,9;21,6;19;67;52;53;120;7,5;2,5;
2022/05/02;1400 UTC;0;985,2;985,9;985,2;2827,5;31,6;18,4;31,8;30,3;19,9;17,9;53;45;46;59;6,2;3,1;
2022/05/02;1500 UTC;0;984,3;985,2;984,3;3077,8;32,8;16,8;33,2;31,2;19,5;16,8;47;39;39;42;5,9;3,2;
2022/05/02;1600 UTC;0;983,5;984,3;983,5;3081;33,3;16,4;33,9;32,6;17,8;15,7;41;35;36;62;5,8;2,6;
2022/05/02;1700 UTC;0;982,6;983,5;982,6;2390,5;33,7;16,6;34,1;31,6;17,9;15;43;32;36;51;5,4;2,2;
2022/05/02;1800 UTC;0;981,8;982,6;981,8;2336,1;33,3;15,4;34,2;32,2;17,4;15,3;40;33;34;39;4,7;2,3;
2022/05/02;1900 UTC;0;981,4;981,8;981,4;1909,8;33,3;16,2;33,9;33;17,6;15,5;39;34;36;6;4,2;1,3;
2022/05/02;2000 UTC;0;981,6;981,6;981,4;1080,4;32,8;17,8;33,5;32,6;18,5;16,1;43;35;41;90;2,6;1,1;
2022/05/02;2100 UTC;0;981,7;981,7;981,6;272,1;29;20,9;32,8;29;21,1;17,8;62;40;62;125;2,1;,3;
2022/05/02;2200 UTC;0;982;982;981,7;;26,3;21,7;29;26,3;21,7;20,2;76;61;76;126;1,4;,5;
2022/05/02;2300 UTC;0;982,4;982,4;982;;25,1;21,3;26,3;25,1;21,6;20,5;79;72;79;121;1,4;,2;
2022/05/03;0000 UTC;0;983;983;982,4;;24,1;21;25,1;24;21,4;20,6;82;79;82;200;,8;,6;
2022/05/03;0100 UTC;0;983,2;983,3;983;;23,5;21;24,3;23,5;21,4;20,9;86;82;86;211;1,2;,7;
2022/05/03;0200 UTC;0;983,2;983,3;983,2;;23;20,9;23,6;23;21,6;20,9;89;86;88;171;1,4;,5;
2022/05/03;0300 UTC;0;983,5;983,5;983,2;;22,6;20,7;23,2;22,6;21,3;20,7;90;88;89;198;1,5;,6;
2022/05/03;0400 UTC;0;983,1;983,5;983,1;;22,6;21,1;22,8;22,2;21,3;20,7;92;89;91;219;1,5;,9;
2022/05/03;0500 UTC;0;982,9;983,1;982,8;;22,2;20,9;22,6;21,8;21,1;20,3;92;90;92;91;1,2;,7;
2022/05/03;0600 UTC;0;982,9;982,9;982,7;;21,8;20,4;22,2;21,8;20,9;20,4;93;91;92;68;1,4;,9;
2022/05/03;0700 UTC;0;983;983,1;982,9;;21,2;19,9;21,9;21,1;20,5;19,6;92;91;92;197;1,3;,9;
2022/05/03;0800 UTC;0;983,3;983,3;983;;21,1;19,8;21,2;21;20;19,7;93;92;93;214;1,3;,6;
2022/05/03;0900 UTC;0;983,8;983,8;983,3;;21;20;21,3;20,7;20,1;19,5;94;93;94;317;1,8;,7;
2022/05/03;1000 UTC;0;984,7;984,7;983,8;53;21,3;20,2;21,3;20,7;20,2;19,5;94;93;93;284;1,8;,5;
2022/05/03;1100 UTC;0;985,2;985,2;984,7;660,7;25,8;21,2;26;21;22,1;19,7;93;75;76;125;1,1;,8;
2022/05/03;1200 UTC;0;985,4;985,4;985,2;1484,1;28,3;21,4;28,3;25,8;21,6;20,7;76;66;66;117;2,1;1;
2022/05/03;1300 UTC;0;985,3;985,5;985,3;2277,3;30,6;19,5;31,3;28,3;21,6;19,3;67;52;52;162;3;1,2;
2022/05/03;1400 UTC;0;984,8;985,3;984,8;2767,1;31,9;18,7;32,7;30,3;20,5;18,6;53;45;46;116;4,1;1,1;
2022/05/03;1500 UTC;0;984,2;984,8;984,2;3043,4;32,8;17,2;33;31,7;19,1;15,2;46;35;39;97;4;2,2;
2022/05/03;1600 UTC;0;983,4;984,2;983,4;3047,4;33,6;17,1;33,6;32,3;17,7;16,3;41;37;38;65;4,4;1,2;
2022/05/03;1700 UTC;0;982,4;983,4;982,4;2836,1;33,9;16,9;34,1;32,8;17,6;16,2;39;36;36;59;4,8;1,1;
2022/05/03;1800 UTC;0;981,9;982,4;981,7;2512,3;33,9;17,6;34,7;33,3;18,4;16,6;39;36;38;83;6,6;2;
2022/05/03;1900 UTC;0;981,7;981,9;981,7;1790,4;33,9;16,8;34,3;33;18,7;16,2;42;34;36;357;6,6;1,1;
2022/05/03;2000 UTC;0;981,9;981,9;981,7;1049,2;32,6;18,9;33,8;32,5;19,1;15,9;45;35;44;77;2,5;1,1;
2022/05/03;2100 UTC;0;982,3;982,3;981,9;232,1;29,1;21,7;32,6;29,1;21,8;18,8;65;44;65;150;2,1;,3;
2022/05/03;2200 UTC;0;982,6;982,6;982,3;;26,6;21,5;29,1;26,6;22,1;20,4;74;65;74;225;1,2;,7;
2022/05/03;2300 UTC;0;982,8;982,8;982,6;;25,3;21,6;26,6;25,3;21,7;20,9;80;73;80;89;1;,2;
2022/05/04;0000 UTC;0;983,5;983,5;982,8;;24,4;22,1;25,3;24,4;22,1;21,4;87;80;87;134;,7;,4;
2022/05/04;0100 UTC;0;983,6;983,6;983,4;;24,5;22;24,6;24,4;22,4;21,9;88;86;86;289;,7;,1;
2022/05/04;0200 UTC;0;983,7;983,7;983,5;;23,8;22;24,5;23,8;22,2;21,7;90;86;90;283;,8;,4;
2022/05/04;0300 UTC;0;983,6;983,7;983,6;;22,7;21;23,8;22,7;22,2;21;92;89;90;209;1,8;,7;
2022/05/04;0400 UTC;0;983,4;983,6;983,4;;22,7;20,9;23;22,6;21,7;20,9;93;90;90;199;2,1;,7;
2022/05/04;0500 UTC;0;983;983,5;983;;22;20,5;22,7;22;21,3;20,4;92;90;91;220;1,3;,3;
2022/05/04;0600 UTC;0;983,1;983,1;982,9;;21,8;20,4;22,1;21,7;20,6;20,2;92;90;91;117;,8;,5;
2022/05/04;0700 UTC;0;983,1;983,2;983,1;;22;20,9;22,1;21,8;21;20,3;93;91;93;177;1,1;,4;
2022/05/04;0800 UTC;0;983,3;983,3;983,1;;21,5;20,4;22;21,5;20,8;20,2;93;92;93;163;,8;,3;
2022/05/04;0900 UTC;0;983,8;983,8;983,3;;21,2;20;21,6;21,1;20,5;19,8;93;92;93;64;1,1;,8;
2022/05/04;1000 UTC;0;984,4;984,4;983,8;92,3;22,5;21;22,5;21,2;21;20;94;91;91;32;1,1;,4;
2022/05/04;1100 UTC;0;984,8;984,8;984,4;678;25,7;21,9;25,8;22,5;22,5;21;91;79;80;121;1,7;1;
2022/05/04;1200 UTC;0;985,1;985,1;984,8;1485,4;28,2;21,4;28,4;25,5;22,3;21,1;80;66;66;130;3,2;1,2;
2022/05/04;1300 UTC;0;985,1;985,2;985,1;2238,9;30,3;20,2;30,5;28;21,9;19,8;67;54;55;149;4,2;2;
2022/05/04;1400 UTC;0;984,6;985,1;984,6;2734,1;32,1;20;32,5;30,2;20,7;19,6;55;47;49;88;3,5;1,6;
2022/05/04;1500 UTC;0;983,6;984,6;983,6;3009,2;33,6;17,6;34;31,8;20,6;17,3;50;37;39;241;3,6;1,1;
2022/05/04;1600 UTC;0;982,9;983,6;982,9;3064,7;34,3;18,3;34,6;33,4;18,3;17;40;37;39;109;3,6;1,3;
2022/05/04;1700 UTC;0;982;982,9;982;2208,1;33,7;18,3;35,2;33,6;18,5;17,2;41;36;40;186;2,7;1,2;
2022/05/04;1800 UTC;0;981,5;982;981,5;2421;34,8;17;35,4;33,4;18,6;15,9;41;33;35;83;3;1,5;
2022/05/04;1900 UTC;0;981;981,5;981;1794,2;33,9;16,6;35,2;33,8;18;16,4;38;34;36;357;3,4;1,1;
2022/05/04;2000 UTC;0;981;981;980,9;1026,1;33;18,8;34,5;33;19,5;16,7;45;36;43;7;2,5;1,1;
2022/05/04;2100 UTC;0;981,1;981,1;981;253,1;29,8;21,9;33,1;29,8;22,2;18,9;63;43;63;270;1,7;,8;
2022/05/04;2200 UTC;0;981,2;981,3;981,1;;26;21,4;29,8;25,9;22,9;21,2;77;60;76;278;1,6;,7;
2022/05/04;2300 UTC;0;981,7;981,7;981,2;;26,2;22,2;26,5;26;23,4;21,4;83;74;79;242;2,1;,8;
2022/05/05;0000 UTC;0;982,4;982,4;981,7;;25,2;22;26,2;24,7;22,3;21,2;83;76;83;143;1,6;,9;
2022/05/05;0100 UTC;0;983,1;983,1;982,4;;24,6;22;25,4;24,2;22,1;21,5;86;81;85;162;2,5;1,1;
2022/05/05;0200 UTC;0;983,3;983,3;983,1;;23,5;21,3;24,6;23,5;21,9;21,3;87;84;87;187;2,5;,5;
2022/05/05;0300 UTC;0;983,1;983,3;983,1;;23,6;21,1;24;23,5;21,7;21,1;88;86;86;139;1,4;,7;
2022/05/05;0400 UTC;0;983;983,1;983;;23;20,9;23,7;23;21,2;20,8;88;86;88;216;1,3;1,1;
2022/05/05;0500 UTC;0;982,7;983;982,7;;23;21;23,2;22,6;21,2;20,6;89;88;88;164;3;,7;
2022/05/05;0600 UTC;0;982,6;982,7;982,6;;22,5;20,7;23,1;22,5;21,1;20,6;90;88;90;140;1,2;,3;
2022/05/05;0700 UTC;0;982,6;982,7;982,6;;22,1;20,5;22,5;22,1;20,7;20,4;91;90;91;65;,8;,4;
2022/05/05;0800 UTC;0;982,7;982,7;982,6;;22,1;20,6;22,2;21,9;20,9;20,3;92;90;91;19;1;,3;
2022/05/05;0900 UTC;0;983,1;983,1;982,7;;22,6;21,1;22,6;21,8;21,2;20,4;93;91;91;2;1,6;,5;
2022/05/05;1000 UTC;0;984;984;983,1;56,1;23,1;21,2;23,1;22,5;21,2;20,8;91;89;89;329;1,2;,4;
2022/05/05;1100 UTC;0;984,8;984,8;984;417,6;24,8;22;24,9;22,9;22,2;21,2;90;84;84;100;1,2;,6;
2022/05/05;1200 UTC;0;985,3;985,3;984,8;1258,4;27,3;21,3;27,9;24,8;22,5;20,3;84;67;70;80;2,3;1,2;
2022/05/05;1300 UTC;0;985,4;985,5;985,3;1951,9;29,8;21,4;30;27,1;22,1;21;71;60;61;76;3,1;1,3;
2022/05/05;1400 UTC;0;985;985,5;985;2700,4;32;21,4;32,2;29,8;21,8;20,8;61;53;53;116;3,4;1,2;
2022/05/05;1500 UTC;0;984,4;985;984,4;2968,1;33,6;19,3;34;32;21,7;18;54;41;43;302;3,6;1;
2022/05/05;1600 UTC;0;983,5;984,4;983,5;3090,4;34,4;19,4;35,2;33,3;20,2;18,5;44;39;41;280;3,4;2;
2022/05/05;1700 UTC;0;982,5;983,5;982,5;1692,9;34,6;19,3;34,6;32,5;20,7;18,8;48;41;41;218;3,5;1,5;
2022/05/05;1800 UTC;0;981,6;982,5;981,6;2170,8;35;18,7;35,5;33,5;19,8;18,6;44;38;38;243;3,5;,8;
2022/05/05;1900 UTC;0;981,6;981,6;981,5;1489,7;34,9;18,3;35,2;32,9;20,4;18,1;47;37;38;253;3,1;,9;
2022/05/05;2000 UTC;0;982;982;981,6;843,5;33,3;20,3;34,9;33,1;20,5;17,9;47;37;46;242;2,7;1,5;
2022/05/05;2100 UTC;0;982,3;982,3;982;116,8;29,2;22,9;33,3;29,2;23,2;20,1;69;46;69;279;2,7;,7;
2022/05/05;2200 UTC;0;983,1;983,1;982,3;;27,5;22,9;29,2;27,2;23,5;22,1;77;69;76;261;1,6;,6;
2022/05/05;2300 UTC;0;983,4;983,4;983;;26,5;23,1;27,5;26,5;23,4;22,5;82;75;82;215;1,6;,1;
2022/05/06;0000 UTC;0;984,1;984,1;983,4;;25,9;22,8;26,6;25,9;23,3;22,6;83;81;83;23;2,2;,5;
2022/05/06;0100 UTC;0;985;985;984,1;;26,4;22,6;27,1;25,5;23,5;22,5;85;77;80;25;6,4;1,4;
2022/05/06;0200 UTC;0;985,3;985,3;984,8;;25,9;22,5;26,4;25,9;22,8;22,5;82;80;82;295;3,3;1,4;
2022/05/06;0300 UTC;0;984,8;985,3;984,8;;25,2;22,2;25,9;25,2;22,5;22,2;83;81;83;312;3,9;1,8;
2022/05/06;0400 UTC;0;984,3;984,8;984,3;;24,2;22;25,2;24,2;22,2;22;87;83;87;311;3,6;,5;
2022/05/06;0500 UTC;0;984;984,3;984;;23,5;21,8;24,4;23,5;22,2;21,8;90;87;90;332;1,6;,7;
2022/05/06;0600 UTC;0;983,5;984;983,5;;23,5;22,1;23,5;23,3;22,2;21,8;92;90;92;37;1,4;,6;
2022/05/06;0700 UTC;0;983,5;983,6;983,5;;23,9;22,3;24,1;23,5;22,3;22,1;92;90;91;29;1;,2;
2022/05/06;0800 UTC;0;983,7;983,7;983,5;;23,7;22,3;24,1;23,5;22,5;22;92;90;92;76;1,5;,7;
2022/05/06;0900 UTC;0;984,1;984,1;983,6;;23,2;21,8;23,7;23,2;22,4;21,8;92;92;92;153;1,1;,3;
2022/05/06;1000 UTC;0;984,7;984,7;984,1;65,7;23,7;22,3;23,7;23,1;22,4;21,7;93;92;92;96;1,7;,8;
2022/05/06;1100 UTC;0;985,5;985,5;984,7;528,5;26,5;23;26,5;23,7;23,1;22,4;92;81;81;53;3;1,1;
2022/05/06;1200 UTC;0;986;986,1;985,5;1465,8;28,3;22,2;28,3;26,3;23;21,8;81;69;70;95;3,2;1,7;
2022/05/06;1300 UTC;0;986;986,3;986;2180,7;29,9;21,9;30,5;28,2;22,8;21,6;70;60;62;115;4,5;1,8;
2022/05/06;1400 UTC;0;985,5;986;985,5;2651,8;31,2;21,7;31,5;29,9;22,6;21,5;63;56;57;74;4,2;2,3;
2022/05/06;1500 UTC;0;984,8;985,5;984,8;2915,1;32,2;21,3;33,1;30,8;22,3;21;58;51;53;155;4;1,6;
2022/05/06;1600 UTC;0;984;984,8;984;3102,9;33,1;21;34,5;31,9;22,2;20,7;53;46;49;133;4,3;2,4;
2022/05/06;1700 UTC;0;983,3;984;983,3;2381,9;33,8;21,5;34,3;32,8;22;20,5;51;46;49;119;5,4;1,9;
2022/05/06;1800 UTC;4,2;983;983,8;983;1251,9;26,9;22,4;34,5;25,3;23;19,8;78;46;76;266;11,7;3,2;
2022/05/06;1900 UTC;0;982,4;983;982,4;1079,2;30;24,4;30,6;26,9;25,3;22,5;82;68;72;360;5,7;1,8;
2022/05/06;2000 UTC;0;982,4;982,5;982,3;676,2;28,7;24,1;30;28,7;24,4;22,1;78;65;76;25;5,7;,5;
2022/05/06;2100 UTC;0;982,8;982,8;982,4;94,8;27,5;24,9;28,7;27,4;25,1;23,3;86;73;86;200;1,3;,3;
2022/05/06;2200 UTC;0;982,9;982,9;982,5;;26,9;24,4;27,5;26,9;24,9;23,8;88;83;87;296;1,9;,6;
2022/05/06;2300 UTC;0;983,2;983,2;982,8;;26,9;24,5;26,9;26,2;24,5;23,9;89;84;87;292;2,2;,8;
2022/05/07;0000 UTC;0;984,3;984,3;983,2;;25,9;24,4;26,9;25,8;24,6;23,9;92;86;92;70;1,5;,4;
2022/05/07;0100 UTC;0;984,6;984,7;984,3;;25,6;24,4;26;25,5;24,6;24,3;93;92;93;309;,7;,3;
2022/05/07;0200 UTC;0;984,9;984,9;984,5;;25,8;24,7;25,8;25,3;24,7;24,1;94;92;94;108;,7;,4;
2022/05/07;0300 UTC;0;985,4;985,4;984,9;;26;23,5;26;25,5;24,7;23,5;94;86;86;117;3,6;1,6;
2022/05/07;0400 UTC;0;984,7;985,4;984,7;;25,5;21,5;26,2;25,5;23,4;21,2;87;75;78;61;6,2;2,8;
2022/05/07;0500 UTC;1;984,3;984,8;984,3;;24,4;21,6;25,5;24;22,5;21,1;90;78;85;162;7,2;3;
2022/05/07;0600 UTC;,4;985,2;985,2;984,3;0;23,2;20,8;24,4;23,2;21,6;20,4;87;82;86;155;8,9;1,6;
2022/05/07;0700 UTC;6,2;984,4;985,2;984,4;;22,8;21,5;23,2;22,6;21,7;20,8;94;86;93;216;4,3;2;
2022/05/07;0800 UTC;,6;983,8;984,4;983,7;;22,9;21,6;22,9;22,8;21,6;21,5;93;92;92;233;4,4;1,9;
2022/05/07;0900 UTC;0;984,1;984,1;983,8;;22,8;21,6;23;22,8;21,8;21,4;93;91;93;229;3,4;,9;
2022/05/07;1000 UTC;0;984,7;984,7;984,1;78,7;23,5;22,3;23,5;22,8;22,3;21,6;93;92;93;214;1,6;,7;
2022/05/07;1100 UTC;0;985,4;985,4;984,7;825,7;26,3;22,3;26,6;23,4;23,5;21,9;93;76;79;94;3,5;1,7;
2022/05/07;1200 UTC;0;986,2;986,2;985,4;792,5;26;22,4;26,3;25,6;22,8;22,1;84;78;81;127;4;,8;
2022/05/07;1300 UTC;0;986,3;986,4;986,2;2163,8;29,2;22,8;29,4;26;23,2;21,7;82;64;68;124;4,5;2,5;
2022/05/07;1400 UTC;0;985,8;986,3;985,8;3027,2;30,8;23,4;30,9;29;23,6;22,4;71;62;65;153;5,3;2,8;
2022/05/07;1500 UTC;0;985,2;985,8;985,2;3145,7;32,5;21,9;32,7;30,6;23,5;20,3;65;49;54;54;5,6;2,7;
2022/05/07;1600 UTC;0;984,4;985,2;984,4;3225,7;32,7;21,1;33;32;21,8;19,7;55;47;50;39;6,9;2,6;
2022/05/07;1700 UTC;0;983,7;984,4;983,7;2757;33,3;21,3;33,4;32,3;21,3;19,6;52;45;50;83;6,4;2,7;
2022/05/07;1800 UTC;0;982,8;983,7;982,8;2293,9;32,8;19,3;33,5;32,5;20,9;19,3;50;45;45;71;5,1;1,9;
2022/05/07;1900 UTC;0;982,5;982,8;982,5;1598,9;33,4;20;33,6;31,7;21,6;19,1;53;43;45;85;6,3;2;
2022/05/07;2000 UTC;0;982,6;982,6;982,3;1037,1;32,1;20,5;33,6;32,1;20,9;19,1;51;43;51;132;4,7;1,8;
2022/05/07;2100 UTC;0;983,1;983,1;982,6;248,7;29,2;23;32;29,2;23,1;20,8;69;51;69;167;3,9;1;
2022/05/07;2200 UTC;0;983,1;983,2;983;;27,6;22,8;29,2;27,6;23,1;22,4;76;68;75;202;2,4;1,1;
2022/05/07;2300 UTC;0;983,4;983,4;983,1;;26,2;22,7;27,6;26,2;23,1;22,3;81;74;81;184;2;1,1;
2022/05/08;0000 UTC;0;984,3;984,3;983,4;;25,5;22,6;26,3;25,5;23;22,4;84;81;84;203;2,7;1,8;
2022/05/08;0100 UTC;0;984,8;984,8;984,3;;25;22,2;25,6;25;22,7;22,1;85;82;85;201;2,6;1,2;
2022/05/08;0200 UTC;0;985;985;984,8;;24,5;22,7;25;24,5;22,7;22,2;90;84;90;125;1,6;,8;
2022/05/08;0300 UTC;0;984,9;985,1;984,9;;24,9;22,4;24,9;24,2;22,8;22,2;91;86;86;139;3,1;1,7;
2022/05/08;0400 UTC;0;984,1;984,9;984,1;;24,5;21,8;25,8;24,4;22,4;21,4;86;78;85;204;3,9;1,6;
2022/05/08;0500 UTC;0;983,8;984,1;983,6;;24,5;22,4;24,6;24,4;22,4;21,8;88;85;88;113;2,7;,6;
2022/05/08;0600 UTC;0;983,4;983,8;983,4;;24,1;21,2;24,8;24,1;22,4;21,2;88;82;84;135;2,8;1,1;
2022/05/08;0700 UTC;0;983,2;983,4;983,2;;24;21;24,3;23,8;21,4;21;86;83;84;141;3,2;1,7;
2022/05/08;0800 UTC;0;983,7;983,7;983,2;;24,3;21,4;24,3;23,5;21,4;20,9;86;83;84;167;3,2;1,7;
2022/05/08;0900 UTC;0;984,2;984,2;983,7;;23,5;20,9;24,5;23,5;21,5;20,9;85;82;85;187;3;,7;
2022/05/08;1000 UTC;0;984,9;984,9;984,2;80,2;23,8;21,1;23,8;23,1;21,1;20,7;87;85;85;182;1,9;1;
2022/05/08;1100 UTC;0;985,8;985,8;984,9;689,7;26,6;21;26,6;23,8;21,4;20,6;85;71;71;122;4,4;1,7;
2022/05/08;1200 UTC;0;986,3;986,3;985,8;1526,9;28,4;19,1;28,5;26,3;21,2;18,9;73;56;57;111;5,3;2,8;
2022/05/08;1300 UTC;0;986,3;986,4;986,2;2298,3;29,8;17,5;30,2;28,4;19,8;16,9;59;47;48;75;7,6;3,4;
2022/05/08;1400 UTC;0;986,1;986,4;986,1;2809;31,3;16,8;31,5;29,7;18,1;16,2;48;41;42;58;6,8;3,2;
2022/05/08;1500 UTC;0;985,2;986,1;985,2;3099,1;31,8;16,4;32,5;31,1;17,9;15,6;43;38;40;64;6;3,2;
2022/05/08;1600 UTC;0;984,1;985,2;984,1;3116;33;16,4;33,2;31,7;17,4;15,5;41;36;37;123;5,9;2,8;
2022/05/08;1700 UTC;0;983,3;984,1;983,3;2878,6;33,1;15,7;33,5;32,3;17,3;15;39;34;35;121;6,4;3,1;
2022/05/08;1800 UTC;0;982,6;983,3;982,6;2474,2;33,1;16;33,5;32,6;16,6;14,8;38;33;36;90;6,4;2,4;
2022/05/08;1900 UTC;0;982,4;982,6;982,4;1825,7;32,1;17,2;33,6;32,1;18,3;15,6;43;34;41;147;5,5;2,9;
2022/05/08;2000 UTC;0;982,6;982,7;982,4;1044;31,2;17,9;32,4;31,2;18,5;17,2;45;41;45;170;6,2;2,7;
2022/05/08;2100 UTC;0;982,6;982,6;982,5;252,2;28,7;19,2;31,2;28,7;19,3;17,6;57;45;57;143;5,3;1,7;
2022/05/08;2200 UTC;0;982,8;982,8;982,6;;26,2;19,4;28,7;26,2;20,5;19,3;68;57;66;190;2,7;,8;
2022/05/08;2300 UTC;0;983,2;983,2;982,7;;24,8;20,2;26,2;24,8;20,5;19,2;76;65;76;213;1,2;1;
2022/05/09;0000 UTC;0;983,6;983,6;983,2;;24;20,4;24,8;24;20,9;19,9;82;76;80;212;1,3;1,1;
2022/05/09;0100 UTC;0;984;984;983,6;;23,5;20,9;24;23,5;21;20,2;86;80;85;213;1,7;,9;
2022/05/09;0200 UTC;0;984,1;984,1;984;;23;20,9;23,6;23;21,1;20,7;88;85;88;178;1,1;,7;
2022/05/09;0300 UTC;0;984,4;984,4;984,1;;22,9;20,9;23;22,4;21,2;20,7;91;87;88;80;1,9;,6;
2022/05/09;0400 UTC;0;984,4;984,6;984,3;;22,3;20;22,9;22,1;20,8;19,9;89;85;87;167;1,8;1,3;
2022/05/09;0500 UTC;0;984,2;984,5;984,2;;22,5;20,2;22,7;22,3;20,5;19,8;88;85;87;166;1,8;,9;
2022/05/09;0600 UTC;0;983,9;984,2;983,9;;22,9;20,7;23,2;22,5;21,1;20,2;89;87;88;138;2,4;1;
2022/05/09;0700 UTC;0;984,1;984,1;983,9;;22,1;20,6;22,9;22,1;20,8;20,4;91;88;91;132;1,8;,6;
2022/05/09;0800 UTC;0;984,2;984,2;984,1;;22,8;21;22,8;21,9;21,2;20,5;93;90;90;138;2,4;1,4;
2022/05/09;0900 UTC;0;984,9;984,9;984,2;;22,2;19,4;22,9;22,2;21,1;19,4;90;84;84;134;3,5;2;
2022/05/09;1000 UTC;0;985,7;985,7;984,9;86,1;22,9;19,6;22,9;22,1;19,7;19,3;84;82;82;136;4,2;1,1;
2022/05/09;1100 UTC;0;986,5;986,5;985,7;719,7;25,4;20,1;25,4;22,9;20,5;19,6;82;72;73;123;4,3;2,2;
2022/05/09;1200 UTC;0;987;987;986,5;1546,5;27,6;19,6;27,7;25,4;20,2;19,4;73;61;62;126;7,4;3,2;
2022/05/09;1300 UTC;0;987,2;987,3;987;2311,6;29,3;19,6;29,3;27,5;20,1;18,8;62;55;56;120;8,2;3,8;
2022/05/09;1400 UTC;0;986,7;987,2;986,7;2818,1;30,6;18;31,2;29,3;19,8;18;57;47;47;117;7,6;3,2;
2022/05/09;1500 UTC;0;985,7;986,7;985,7;3106;31,1;17,6;31,6;30,5;18,9;17,2;49;43;45;86;6,5;3,3;
2022/05/09;1600 UTC;0;984,7;985,7;984,7;3122,1;32;17,8;32,3;31,1;18,7;17,3;46;42;43;136;6,9;3,5;
2022/05/09;1700 UTC;0;983,7;984,7;983,7;2863,9;32,4;17,6;33;31,8;18,5;16,9;45;40;41;130;7,2;3,2;
2022/05/09;1800 UTC;0;983,1;983,7;983,1;2507,9;32,4;18,2;33,2;32;18,7;17,4;44;40;43;136;7,2;3,2;
2022/05/09;1900 UTC;0;983;983,1;982,9;1827,9;32;17,8;32,5;31,8;18,6;17,1;45;41;43;141;6,7;2,7;
2022/05/09;2000 UTC;0;983,1;983,1;983;1051,2;31,2;18,3;32,1;31,2;18,6;17,3;47;42;46;143;5,2;2,1;
2022/05/09;2100 UTC;0;983,1;983,1;983;264;28,3;20;31,2;28,3;20,1;18,5;60;46;60;177;3,9;1,2;
2022/05/09;2200 UTC;0;983,1;983,2;983,1;;25,7;20,3;28,3;25,7;20,8;19,6;72;61;72;215;1,9;1,2;
2022/05/09;2300 UTC;0;983,4;983,5;983,1;;24,6;20,7;25,7;24,6;20,8;20,1;79;71;79;198;1,7;,6;
2022/05/10;0000 UTC;0;983,9;983,9;983,5;;23,5;20,4;24,6;23,5;21,1;20,2;84;79;83;207;1,4;1,1;
2022/05/10;0100 UTC;0;984,2;984,2;983,9;;23,2;20,8;23,5;23,1;21,2;20,4;87;83;87;237;1,4;,9;
2022/05/10;0200 UTC;0;984,1;984,2;984,1;;22,6;20,6;23,2;22,2;20,9;20,2;90;87;89;287;1,2;,4;
2022/05/10;0300 UTC;0;983,9;984,1;983,9;;21,6;20,2;22,6;21,5;20,6;19,9;92;88;92;217;1,5;,7;
2022/05/10;0400 UTC;0;983,8;983,9;983,8;;21,3;20,1;21,7;21,2;20,5;19,7;93;91;93;103;1,5;,7;
2022/05/10;0500 UTC;0;983,5;983,8;983,5;;21,7;20,2;21,8;21,3;20,6;20,1;93;91;91;145;1,5;,9;
2022/05/10;0600 UTC;0;983,4;983,5;983,3;;21,6;20,1;21,7;21,1;20,2;19,6;93;91;91;160;2,6;1,6;
2022/05/10;0700 UTC;0;983,5;983,5;983,2;;22;20,3;22,8;21,6;20,7;19,8;91;88;90;173;2,9;1,7;
2022/05/10;0800 UTC;0;983,9;983,9;983,4;;22,4;19,8;22,4;22;20,2;19,6;90;85;85;139;3,4;1,6;
2022/05/10;0900 UTC;0;984,5;984,5;983,9;;21,4;19,3;22,5;21,4;19,8;19,3;88;85;88;113;3,8;1,1;
2022/05/10;1000 UTC;0;985,3;985,3;984,5;87,6;22,7;18,7;22,7;21,2;19,2;18,4;88;78;78;127;3,4;1,6;
2022/05/10;1100 UTC;0;986;986;985,3;730,4;24,4;18,7;24,4;22,7;18,8;18;78;71;71;113;4,4;2,1;
2022/05/10;1200 UTC;0;986,5;986,5;986;1560,7;27,5;17,2;27,5;24,3;18,7;17,2;71;53;53;119;6,4;2,8;
2022/05/10;1300 UTC;0;986,5;986,6;986,5;2339,7;29,3;16,3;29,4;27,4;16,9;15,4;53;43;45;116;8,5;3,7;
2022/05/10;1400 UTC;0;986,1;986,5;986,1;2858,7;30,3;15,8;30,8;29,3;16,6;15;46;39;41;83;7;3,4;
2022/05/10;1500 UTC;0;985,1;986,1;985,1;3134,7;31,1;15,1;31,7;30,2;16,7;14,8;43;37;38;81;7,2;3,4;
2022/05/10;1600 UTC;0;984,1;985,1;984,1;3154,2;32,1;13,9;32,5;31,1;16;13,9;39;33;33;105;7,5;3,4;
2022/05/10;1700 UTC;0;983,1;984,1;983,1;2912,7;32,6;13,8;32,7;32;14,7;13,4;35;31;32;104;7,3;2,9;
2022/05/10;1800 UTC;0;982,4;983,1;982,4;2486,2;32,6;13,4;33,2;32,3;15;13;34;31;31;102;7;2,7;
2022/05/10;1900 UTC;0;982,1;982,4;982;1843,2;32;15,8;32,9;31,9;15,8;12,9;38;31;38;137;5,8;2,7;
2022/05/10;2000 UTC;0;982,3;982,3;982,1;1048,1;31;17;32,2;31;17,2;14,2;44;34;43;145;5,4;1,6;
2022/05/10;2100 UTC;0;982,6;982,6;982,3;249,4;28,3;17,6;31;28,3;18,5;16,6;52;43;52;152;3,6;1,4;
2022/05/10;2200 UTC;0;982,9;982,9;982,6;;24,6;19;28,3;24,6;19,1;17,6;71;52;71;212;2,2;1,1;
2022/05/10;2300 UTC;0;983,4;983,4;982,9;;23,3;19,6;24,7;23,2;19,6;18,8;80;70;80;209;1,5;,7;
2022/05/11;0000 UTC;0;983,8;983,8;983,4;;22,5;19,2;23,4;22,5;19,7;19,1;82;79;82;221;1,4;1;
2022/05/11;0100 UTC;0;984,2;984,2;983,8;;21,5;19,2;22,5;21,5;19,5;19,2;87;82;87;223;1,4;,5;
2022/05/11;0200 UTC;0;984,2;984,3;984,1;;20,9;19,2;21,5;20,7;19,3;18,9;90;87;90;209;1,3;1;
2022/05/11;0300 UTC;0;984,2;984,2;984,1;;20,7;19,3;21;20,6;19,8;19;93;90;92;195;1,6;1;
2022/05/11;0400 UTC;0;983,7;984,2;983,7;;20,7;19,4;20,8;20,3;19,5;18,9;93;91;92;209;1,7;,6;
2022/05/11;0500 UTC;0;983,2;983,7;983,2;;20,4;19;20,7;20,2;19,4;18,7;93;91;92;126;1,3;,6;
2022/05/11;0600 UTC;0;982,9;983,2;982,9;;19,7;18,3;20,5;19,7;19,2;18,3;93;92;92;164;1;,8;
2022/05/11;0700 UTC;0;983,1;983,1;982,9;;19,2;17,9;19,8;19,2;18,7;17,8;93;92;92;91;1,2;,7;
2022/05/11;0800 UTC;0;983,5;983,5;983,1;;19,6;18,3;20;19,2;18,8;17,9;93;91;92;97;1,9;,5;
2022/05/11;0900 UTC;0;984;984;983,5;;19,4;18,3;19,9;19,3;18,8;18,1;94;92;93;99;1,5;,9;
2022/05/11;1000 UTC;0;984,7;984,7;984;78;21,3;20;21,3;19,4;20;18,4;94;93;93;111;3;1,6;
2022/05/11;1100 UTC;0;985,5;985,5;984,7;662,3;23,7;20,1;23,7;21,3;20,8;20;93;80;80;134;3,2;1,9;
2022/05/11;1200 UTC;0;986;986;985,5;1280,6;25,4;19,5;25,5;23;20,4;19,3;83;70;70;144;3,9;2,2;
2022/05/11;1300 UTC;0;986,1;986,1;986;2254,3;28,8;15,7;29,4;25,4;19,8;15,7;70;45;45;133;6,1;3,4;
2022/05/11;1400 UTC;0;985,5;986,1;985,5;2768,7;30,2;15,3;30,8;28,7;16,8;15,3;47;40;40;132;6,2;2,6;
2022/05/11;1500 UTC;0;984,5;985,5;984,5;3064,8;31,6;15,7;32,2;30,2;16,3;14,8;42;36;38;152;5,1;2,5;
2022/05/11;1600 UTC;0;983,5;984,5;983,5;3073,7;32,9;12,7;33,1;31,5;16;12,2;39;29;29;126;4,8;2,2;
2022/05/11;1700 UTC;0;982,5;983,5;982,5;2869,5;33,5;13,8;33,7;32,8;14,3;12,5;32;28;30;126;5;1,9;
2022/05/11;1800 UTC;0;981,7;982,5;981,7;2293,8;32,9;11,4;33,8;32,8;13,3;11;30;26;27;130;5,1;2,4;
2022/05/11;1900 UTC;0;981,6;981,7;981,6;1833,9;32,9;13;34;32,9;13,9;11,5;31;26;30;156;4,5;2;
2022/05/11;2000 UTC;0;981,8;981,8;981,5;1033,2;31,7;13,8;33,4;31,7;14,3;12,7;34;29;34;138;3,5;1,6;
2022/05/11;2100 UTC;0;982,1;982,1;981,8;229,7;27,2;19,9;31,7;27,2;20,2;13,8;65;34;65;22;3,2;,2;
2022/05/11;2200 UTC;0;982,4;982,4;982,1;;24,4;19,7;27,2;24,1;20,2;18,7;75;65;75;1;1,3;,7;
2022/05/11;2300 UTC;0;982,6;982,6;982,4;;23,3;19;24,8;23,2;19,6;18,6;78;69;77;65;1,3;,2;
2022/05/12;0000 UTC;0;983,2;983,2;982,6;;22,2;18,3;23,3;22,1;18,8;17,3;79;71;79;210;1,3;,7;
2022/05/12;0100 UTC;0;983,6;983,6;983,2;;21,1;17,8;22,2;21,1;18,7;17,8;83;79;81;177;1,1;,8;
2022/05/12;0200 UTC;0;983,5;983,7;983,5;;20,6;18,7;21,3;19,8;18,7;17,5;90;81;89;194;2,7;1,4;
2022/05/12;0300 UTC;0;983,7;983,8;983,5;;20,3;18,5;20,9;19,9;19,5;18;92;88;89;185;4,7;,5;
2022/05/12;0400 UTC;0;983,1;983,7;983,1;;19,7;18,3;20,3;19,5;18,7;17,9;92;89;92;174;1,6;,9;
2022/05/12;0500 UTC;0;982,6;983,1;982,6;;19,5;18,2;19,8;19,4;18,5;18;92;91;92;170;1,1;,4;
2022/05/12;0600 UTC;0;982,5;982,7;982,5;;19,3;17,7;19,6;19,3;18,4;17,7;93;91;91;169;1,6;1,1;
2022/05/12;0700 UTC;0;982,3;982,5;982,3;;19,4;18,1;19,5;19,1;18,2;17,6;92;91;92;175;2,3;1,5;
2022/05/12;0800 UTC;0;982,6;982,6;982,3;;19;17,5;20;19;18,5;17,5;92;90;91;193;2,3;,8;
2022/05/12;0900 UTC;0;983,2;983,2;982,6;;18,6;17,5;19,1;18,4;17,8;17,2;93;91;93;155;1,8;1,3;
2022/05/12;1000 UTC;0;984;984;983,2;73,9;20,5;18,9;20,5;18,5;19;17,2;93;90;90;80;2,1;1;
2022/05/12;1100 UTC;0;984,8;984,8;984;700,7;22,7;19,1;22,7;20,5;19,6;18,8;90;80;80;116;3,1;1,8;
2022/05/12;1200 UTC;0;985,2;985,2;984,8;1528,4;25,7;18,3;26;22,7;19,4;17,9;81;62;64;131;4,3;2,5;
2022/05/12;1300 UTC;0;985,6;985,6;985,2;2283,3;29,2;18,9;29,2;25,7;19,3;18,3;65;53;54;136;4,3;1,4;
2022/05/12;1400 UTC;0;985,1;985,6;985,1;2770,1;30,6;17;30,6;28,8;18,9;16,4;54;44;44;158;4,9;1,8;
2022/05/12;1500 UTC;0;984;985,1;984;3043,5;31,5;16,2;31,9;30,2;17,4;15;45;37;40;158;4,8;2,7;
2022/05/12;1600 UTC;0;983,1;984;983,1;3079,2;32,5;14,5;33,1;31,6;16,2;13,7;40;32;34;156;5;2,3;
2022/05/12;1700 UTC;0;982;983,1;982;2851;33,2;12,6;34;32,5;14,8;12,4;34;28;29;160;4,8;2,6;
2022/05/12;1800 UTC;0;981,3;982;981,3;2425;33,7;13,2;34,1;32,8;14,2;12,6;31;28;29;159;4,7;2,3;
2022/05/12;1900 UTC;0;981,1;981,3;981;1787,8;33,4;12,9;34,2;33,1;14,2;12,4;31;28;29;161;4,1;2;
2022/05/12;2000 UTC;0;981,5;981,5;981,1;1012;32,2;14;33,6;32,2;14,4;11,9;33;28;33;172;4;1,6;
2022/05/12;2100 UTC;0;981,8;981,8;981,5;228,6;28,4;17,2;32,2;28,4;17,6;12,7;52;30;51;174;4;1,2;
2022/05/12;2200 UTC;0;982;982;981,8;;25;18,2;28,4;25;18,4;16,6;67;50;66;208;1,8;1;
2022/05/12;2300 UTC;0;982,4;982,4;982;;22,5;18,5;25;22,5;19;18,1;78;66;78;90;1,3;,6;
2022/05/13;0000 UTC;0;982,8;982,8;982,4;;22,3;18,9;23,1;22,3;18,9;18,2;81;74;81;37;1,1;,5;
2022/05/13;0100 UTC;0;983,1;983,1;982,8;;21,5;18,2;22,3;21,5;19;18,2;83;81;81;188;,8;,6;
2022/05/13;0200 UTC;0;983,1;983,1;983,1;;20,9;19,1;21,5;20,9;19,4;18,1;90;81;89;221;1,9;1,1;
2022/05/13;0300 UTC;0;983,1;983,1;983;;20,1;18,3;20,9;20,1;19,1;18,3;90;88;89;23;1,7;,8;
2022/05/13;0400 UTC;0;982,9;983,1;982,9;;20;18,3;20,2;19,9;18,5;18,1;91;89;90;309;1,4;,9;
2022/05/13;0500 UTC;0;982,6;982,9;982,5;;19;17,9;20;18,9;18,7;17,7;93;90;93;212;2,5;1,6;
2022/05/13;0600 UTC;0;982,4;982,6;982,4;;19,8;18,6;19,9;19,1;18,9;18,1;94;93;93;146;2,5;,9;
2022/05/13;0700 UTC;0;982,4;982,4;982,3;;19,8;17,7;20;19,5;18,8;17,7;93;88;88;153;2,4;1;
2022/05/13;0800 UTC;0;982,6;982,6;982,3;;18,7;17,2;19,8;18,7;17,8;17,1;91;88;91;178;1,7;,4;
2022/05/13;0900 UTC;0;983,4;983,4;982,6;;18,5;17,4;18,8;17,9;17,7;16,5;94;91;93;336;2,2;1,1;
2022/05/13;1000 UTC;0;984;984;983,4;78;19,5;18,1;19,5;18,1;18,1;17;94;91;91;339;1,8;,5;
2022/05/13;1100 UTC;0;984,6;984,6;984;674,8;22,9;18,8;22,9;19,5;19,4;18,1;91;77;78;93;1,5;,6;
2022/05/13;1200 UTC;0;985,1;985,1;984,6;1479,7;26,1;19,3;26,1;22,8;19,9;18,6;80;64;66;123;3,3;1,7;
2022/05/13;1300 UTC;0;985,4;985,4;985,1;2212,9;28,6;17,8;28,9;25,6;18,9;17,7;66;52;52;142;4,3;2,2;
2022/05/13;1400 UTC;0;985,3;985,4;985,3;2725,9;31,1;17;31,6;28,5;18,2;16,8;52;42;43;146;4;1,6;
2022/05/13;1500 UTC;0;984,3;985,3;984,3;3051;32,1;15,5;33;30,4;17,2;14,5;43;34;37;143;4,3;2,3;
2022/05/13;1600 UTC;0;983,2;984,3;983,2;2963,6;33,4;15,2;33,5;31,9;15,8;14,3;37;33;34;135;4,9;2,3;
2022/05/13;1700 UTC;0;982,2;983,2;982,2;2740,8;34;14;34;32,6;16;13,9;36;30;30;120;4,7;2,5;
2022/05/13;1800 UTC;0;981,4;982,2;981,4;2313,1;33,8;13,4;34,3;33,1;15,5;13;34;29;29;142;4,5;2,5;
2022/05/13;1900 UTC;0;981,5;981,5;981,3;1711,9;33,5;13,5;34,1;33,2;14,6;12,8;32;28;30;158;4,7;1,6;
2022/05/13;2000 UTC;0;981,7;981,7;981,4;865,7;32,2;15,3;33,6;32,2;15,6;13,9;36;30;36;164;4,2;2,1;
2022/05/13;2100 UTC;0;981,6;981,7;981,6;171,7;28,8;18,5;32,2;28,8;19,1;15,2;55;36;54;152;3,5;,8;
2022/05/13;2200 UTC;0;982,2;982,2;981,6;;25,4;18,9;28,8;25,4;20;18,2;69;54;67;207;1,9;1,5;
2022/05/13;2300 UTC;0;982,6;982,6;982,2;;24,4;19,2;25,6;24,3;19,5;18,9;73;67;73;202;2,1;,8;
2022/05/14;0000 UTC;0;983,1;983,1;982,6;;23,4;19,6;24,4;23,4;19,8;19;79;73;79;205;1,9;1,1;
2022/05/14;0100 UTC;0;983,4;983,4;983,1;;22,8;19,7;23,4;22,8;19,9;19,6;83;79;83;205;1,6;,9;
2022/05/14;0200 UTC;0;983,6;983,6;983,3;;22,4;19,8;22,9;22,4;20;19,5;85;82;85;215;1,5;,9;
2022/05/14;0300 UTC;0;983,4;983,6;983,4;;22;20,2;22,4;21,5;20,4;19,5;90;85;90;210;2,1;1,5;
2022/05/14;0400 UTC;0;983;983,4;982,9;;21,2;19,3;22,1;20,9;20,2;18,6;90;86;89;170;1,9;1,1;
2022/05/14;0500 UTC;0;982,6;983;982,6;;21;19,5;21,3;21;19,6;19,1;91;89;91;169;1,8;1;
2022/05/14;0600 UTC;0;982,3;982,6;982,3;;21,1;18,9;21,2;21;19,5;18,8;91;87;87;148;1,8;1,1;
2022/05/14;0700 UTC;0;982,4;982,4;982,3;;20,9;19;21,2;20,6;19,2;18,6;89;87;89;116;2;,8;
2022/05/14;0800 UTC;0;982,7;982,7;982,3;;20,3;18,7;21;20,3;19,2;18,6;90;88;90;39;1,7;,5;
2022/05/14;0900 UTC;0;983,4;983,4;982,7;;20;18,5;20,5;20;19;18,5;91;90;91;359;1,3;,6;
2022/05/14;1000 UTC;0;983,8;983,8;983,4;71,8;20,9;19,4;20,9;19,8;19,4;18,4;92;91;91;223;1,3;,6;
2022/05/14;1100 UTC;0;984,3;984,3;983,8;715,2;24,7;19,9;25;20,9;21,1;19,4;91;73;75;128;3;1,8;
2022/05/14;1200 UTC;0;984,7;984,8;984,3;1300,7;26,4;19,8;26,7;24,7;20,2;19,3;75;65;67;134;4,1;1,8;
2022/05/14;1300 UTC;0;984,7;984,9;984,6;1702,4;29;18,8;29,4;26,3;20,3;18,6;68;54;54;141;4,6;2,4;
2022/05/14;1400 UTC;0;984,3;984,8;984,3;1960,5;30;17,4;30,8;28,8;19,6;17,1;55;45;47;137;6,3;3,3;
2022/05/14;1500 UTC;0;983,5;984,4;983,5;2289,6;32;17,7;32,1;29,9;18;16,9;47;42;42;140;6,4;2,8;
2022/05/14;1600 UTC;0;982,5;983,5;982,5;3049,1;32,8;16,9;33;31,5;18,3;16,6;44;38;39;113;6,4;2,5;
2022/05/14;1700 UTC;0;981,5;982,4;981,5;2841,1;33,7;16,4;34,3;32,8;17,8;15;40;33;36;63;5,5;2,2;
2022/05/14;1800 UTC;0;980,9;981,5;980,9;2272,3;33,3;15,6;34,2;32,8;16,6;14,4;36;32;35;58;7,4;2,9;
2022/05/14;1900 UTC;0;980,6;980,9;980,4;1664,8;32,2;17,2;33,7;32,2;17,2;14,8;41;33;41;72;6,2;2,4;
2022/05/14;2000 UTC;0;980,6;980,7;980,6;574,1;30,4;18,4;32,3;30,4;18,8;16,8;49;40;49;87;3,8;1,4;
2022/05/14;2100 UTC;0;981,1;981,1;980,6;111,6;27,5;20,8;30,4;27,5;20,9;18,2;67;49;67;170;2,4;1,2;
2022/05/14;2200 UTC;0;981,4;981,5;981;;26,7;20,2;28,1;26,7;21;20,2;68;64;68;156;2,7;,5;
2022/05/14;2300 UTC;0;981,9;981,9;981,4;;24,7;20,9;26,7;24,7;20,9;20,2;80;68;80;155;1,7;,3;
2022/05/15;0000 UTC;0;982;982,1;981,9;;24,1;21;24,9;24,1;21,1;20,9;83;79;83;155;1,1;,4;
2022/05/15;0100 UTC;0;981,9;982,1;981,8;;23,4;20,8;24,1;23,4;21,1;20,7;85;82;85;127;1,1;,2;
2022/05/15;0200 UTC;0;982,2;982,2;981,9;;23;20,7;23,5;22,8;21;20,6;88;85;87;347;1;,5;
2022/05/15;0300 UTC;0;982,5;982,6;982,2;;22,2;20,6;23;22,2;20,8;20,3;90;87;90;308;1,1;,3;
2022/05/15;0400 UTC;0;982,3;982,6;982,2;;22,1;20,4;22,2;21,9;20,6;20,3;91;90;90;12;1,4;,6;
2022/05/15;0500 UTC;0;981,9;982,3;981,9;;22,1;20,7;22,3;21,5;20,7;19,8;92;90;92;196;1,1;,6;
2022/05/15;0600 UTC;0;981,9;981,9;981,7;;22,2;20,5;22,2;21,9;20,7;20,3;92;90;91;263;1;,2;
2022/05/15;0700 UTC;0;981,8;981,9;981,8;;22,3;20,5;22,3;21,7;20,6;20,2;92;89;89;217;1,7;,6;
2022/05/15;0800 UTC;0;982,2;982,2;981,8;;21,4;19,5;22,3;21,4;20,4;19,5;90;89;89;211;1,9;1,2;
2022/05/15;0900 UTC;0;983;983;982,2;;21,4;20,1;21,7;21,3;20,1;19,6;92;89;92;190;2,3;,6;
2022/05/15;1000 UTC;0;984;984;983;38,1;21,9;20,3;21,9;21,4;20,3;19,9;92;91;91;146;1,5;1;
2022/05/15;1100 UTC;0;984,7;984,7;984;310,3;23,6;21,1;23,6;21,9;21,2;20,3;91;86;86;124;2,3;1,4;
2022/05/15;1200 UTC;0;985,1;985,2;984,7;1113,8;26,5;21;26,5;23,6;21,7;20,9;86;72;72;100;4,2;1,6;
2022/05/15;1300 UTC;0;985,3;985,3;985,1;1600,9;28,9;20,4;28,9;26,5;21,2;20;72;60;60;118;3,5;1,7;
2022/05/15;1400 UTC;0;984,7;985,3;984,7;2002,9;31;19,7;31;28,6;20,7;19,2;61;50;51;95;3,8;2,2;
2022/05/15;1500 UTC;0;983,7;984,7;983,7;2328,1;32;17,8;32;30,9;19,3;17,2;51;42;43;54;6,4;2,9;
2022/05/15;1600 UTC;0;983;983,7;983;2286,2;32,5;18,8;32,8;31,3;18,8;16,9;45;40;44;43;6,6;2,6;
2022/05/15;1700 UTC;0;982,1;983;982,1;2601,9;32,6;17;33;31,5;18,7;17;45;39;39;62;5,3;2,6;
2022/05/15;1800 UTC;0;981,5;982,1;981,5;2326,3;32,5;18,3;33,2;32,1;18,7;17,3;43;39;43;33;5,6;1,9;
2022/05/15;1900 UTC;0;981,3;981,5;981,3;1488,6;32,3;18,4;33,1;32,2;18,6;17,3;44;40;44;34;4,5;1,7;
2022/05/15;2000 UTC;0;981,6;981,6;981,3;916,4;32,3;18,9;33;32,2;19,3;17,7;46;41;45;111;2,8;1;
2022/05/15;2100 UTC;0;982,2;982,2;981,6;201,1;29,1;20,9;32,3;29,1;21,5;18,7;63;44;61;159;1,9;,6;
2022/05/15;2200 UTC;0;982,8;982,8;982,2;;26,7;20,9;29,1;26,5;21,3;20,6;71;61;71;163;1,3;,6;
2022/05/15;2300 UTC;0;983,3;983,3;982,8;;24,7;21,5;26,6;24,7;21,5;20,7;82;70;82;12;1,1;,6;
2022/05/16;0000 UTC;0;983,8;983,9;983,3;;24,4;21,4;25,1;24,4;21,6;21,4;83;80;83;13;1,5;,8;
2022/05/16;0100 UTC;0;984,3;984,3;983,7;;23,8;21,3;24,7;23,8;22;21,3;86;83;86;342;1,9;,4;
2022/05/16;0200 UTC;0;984,2;984,4;984,2;;23,1;20,9;23,9;23;21,6;20,8;89;86;88;210;2,4;,4;
2022/05/16;0300 UTC;0;984,3;984,4;984,1;;22,2;20,2;23,1;22,2;21;20,2;89;88;88;200;1,7;1,1;
2022/05/16;0400 UTC;0;983,8;984,3;983,8;;22,6;21;22,9;22,1;21,2;20,1;91;88;90;212;1,8;,3;
2022/05/16;0500 UTC;0;983,3;983,9;983,2;;22,1;20,4;22,7;22,1;21;20,4;90;89;90;199;1,2;,2;
2022/05/16;0600 UTC;0;983;983,3;983;;22,2;20,8;22,2;21,5;20,9;19,7;93;89;92;173;2,2;1;
2022/05/16;0700 UTC;0;983,1;983,1;982,9;;21,5;20,3;22,3;21,4;21;19,9;93;91;92;203;1,6;,3;
2022/05/16;0800 UTC;0;983,3;983,3;983;;21,4;20,2;21,5;20,9;20,2;19,6;94;91;93;176;2,7;1,1;
2022/05/16;0900 UTC;0;983,6;983,6;983,3;;20,8;19,7;21,4;20,8;20,3;19,6;93;93;93;59;2,3;,6;
2022/05/16;1000 UTC;0;984,4;984,4;983,7;74,3;21,8;20,5;21,8;20,7;20,5;19,5;94;93;93;145;1,5;,3;
2022/05/16;1100 UTC;0;985;985;984,4;631,6;25;21,7;25;21,8;21,9;20,6;93;82;82;141;2,7;1,5;
2022/05/16;1200 UTC;0;985,5;985,6;985;1420,8;28,1;21,2;28,1;25;21,8;21;82;66;66;117;4,7;1,7;
2022/05/16;1300 UTC;0;985,6;985,7;985,5;2163,2;30,4;21,1;30,6;27,7;21,6;20,3;66;57;58;118;4,8;2;
2022/05/16;1400 UTC;0;985,1;985,6;985,1;2641,5;31,8;18,7;32;29,9;21,6;18;58;44;46;145;5,1;1,3;
2022/05/16;1500 UTC;0;984,1;985,1;984,1;2912,6;32,3;18,7;33,4;31;19,7;17,8;48;42;44;137;4,3;2,2;
2022/05/16;1600 UTC;0;983,2;984,1;983,2;2935,9;33,5;17,9;34,3;32,3;18,8;17,2;44;38;40;98;4,3;1,9;
2022/05/16;1700 UTC;0;982,1;983,2;982,1;2696;33,8;17,7;34,3;33;18,4;16,4;41;36;38;71;4;2;
2022/05/16;1800 UTC;0;981,4;982,1;981,3;2301,7;34,2;17,6;34,7;33,4;18,2;16,9;39;36;37;52;3,8;1,6;
2022/05/16;1900 UTC;0;981;981,4;980,9;1419,1;33,9;17,9;34,6;33,5;18,8;17,1;42;36;39;309;3;,9;
2022/05/16;2000 UTC;0;981,2;981,2;980,9;871,7;33,5;18;34;33,1;18,9;17,3;42;38;40;120;2,6;1,1;
2022/05/16;2100 UTC;0;981,7;981,7;981,2;116,9;28,8;22,4;33,5;28,8;22,5;17,7;69;39;69;214;2,2;,4;
2022/05/16;2200 UTC;0;982,3;982,4;981,7;;26,4;21,4;28,8;26,4;22,4;20,2;74;67;74;243;1;,7;
2022/05/16;2300 UTC;0;982,8;982,8;982,3;;25,7;21,2;26,4;25,5;21,7;20,6;78;73;76;191;2,5;,8;
2022/05/17;0000 UTC;0;983,4;983,4;982,8;;24,8;20,7;25,8;24,8;21,4;20,4;78;74;78;207;1,2;,8;
2022/05/17;0100 UTC;0;983,9;983,9;983,4;;24,5;20,8;24,9;23,7;21,1;20,5;84;77;80;212;2,3;,9;
2022/05/17;0200 UTC;0;984;984;983,8;;23,6;20,9;24,5;23,5;21;20,6;85;80;85;316;1,5;1,2;
2022/05/17;0300 UTC;0;984;984;983,9;;23;20,5;23,7;22,9;21,1;20,4;87;84;86;232;1,9;1,4;
2022/05/17;0400 UTC;0;983,8;984;983,8;;23,7;20,7;23,8;22,8;20,8;20;86;82;83;238;3,5;2,5;
2022/05/17;0500 UTC;0;983,4;983,8;983,4;;22,9;20,5;23,7;22,9;20,8;20,4;86;83;86;213;3,3;1,3;
2022/05/17;0600 UTC;0;983,2;983,4;983,2;;22,1;20,3;22,9;22;20,6;20,2;90;86;90;241;1,8;,3;
2022/05/17;0700 UTC;0;983;983,2;983;;21,7;19,8;22,1;21,7;20,3;19,7;91;88;89;213;1,9;1,6;
2022/05/17;0800 UTC;0;983,1;983,2;983;;21,4;19,8;22,3;21,4;20,3;19,8;90;88;90;62;2;,1;
2022/05/17;0900 UTC;0;983,5;983,5;983,1;;21,8;20,2;21,8;21,4;20,2;19,8;91;90;91;110;1,3;,6;
2022/05/17;1000 UTC;0;984,2;984,2;983,5;43,4;22,3;20,9;22,3;21,4;20,9;19,8;92;90;92;65;1,5;,6;
2022/05/17;1100 UTC;0;985,3;985,3;984,2;372,1;24,3;21;24,4;22,1;21,5;20,7;92;82;82;4;2;,4;
2022/05/17;1200 UTC;0;985,8;985,9;985,3;1174;26,4;20,8;26,6;24,2;21,3;20,4;82;71;71;285;2,9;1;
2022/05/17;1300 UTC;0;986,1;986,2;985,8;1644,5;28,5;20,1;28,6;26,4;21,2;19,8;72;60;60;144;3,3;2;
2022/05/17;1400 UTC;0;985,8;986,1;985,7;2569,9;31;19,9;31,4;28,5;20,9;19,8;61;52;52;134;4,5;2,3;
2022/05/17;1500 UTC;0;984,9;985,8;984,9;2810,5;32,3;19,6;32,5;30,7;20,9;18,4;54;44;47;154;5,3;2,2;
2022/05/17;1600 UTC;0;983,8;984,9;983,8;2835,3;33,3;20,2;33,3;32,3;20,2;19,1;48;44;46;85;5;2,2;
2022/05/17;1700 UTC;0;982,6;983,8;982,6;2326;33,6;18,8;33,9;32,3;20,5;18,8;47;41;41;190;4;1,7;
2022/05/17;1800 UTC;0;982;982,6;982;1905,6;33,9;19,6;34,3;32,8;19,9;18,4;46;40;43;215;4,3;1,6;
2022/05/17;1900 UTC;0;981,6;982;981,6;1470,1;33,1;19,2;33,9;32,9;19,9;17,9;44;40;44;210;4,5;1,9;
2022/05/17;2000 UTC;0;981,5;981,6;981,5;766,6;31,9;21;33,4;31,6;21,1;19;53;44;53;238;4;1,5;
2022/05/17;2100 UTC;0;981,9;981,9;981,5;155,9;29,1;21,4;31,9;29,1;21,6;20,8;63;52;63;233;2,5;1,9;
2022/05/17;2200 UTC;0;982,5;982,5;981,9;;27,7;21,3;29,1;27,7;21,6;21,3;68;63;68;242;3,4;2,2;
2022/05/17;2300 UTC;0;983,1;983,1;982,5;;26,8;21,3;27,8;26,8;21,4;21,3;72;68;72;237;4,5;2,3;
2022/05/18;0000 UTC;0;983,7;983,7;983,1;;26;20,8;26,8;26;21,3;20,8;74;72;73;226;4,5;2,2;
2022/05/18;0100 UTC;0;984,4;984,4;983,7;;25,6;20,3;26,1;25,5;20,8;20,3;73;72;72;224;5,3;2,8;
2022/05/18;0200 UTC;0;984,5;984,6;984,4;;24,8;19,1;25,6;24,8;20,3;19,1;72;70;70;223;6,5;3,3;
2022/05/18;0300 UTC;0;984,6;984,7;984,6;;23,7;18,2;24,9;23,7;19,1;18,2;72;70;72;223;6,8;3,1;
2022/05/18;0400 UTC;0;984,4;984,7;984,4;;22,9;17,3;23,7;22,9;18,2;17,3;72;71;71;226;7,1;3,1;
2022/05/18;0500 UTC;0;983,9;984,4;983,9;;22;16,7;22,9;22;17,3;16,7;72;70;72;227;6;2,8;
2022/05/18;0600 UTC;0;983,3;983,9;983,3;;21,5;16,4;22;21,5;16,7;16,4;73;72;73;220;6,2;3,3;
2022/05/18;0700 UTC;0;983;983,3;983;;20,7;16,3;21,5;20,7;16,4;16,3;76;73;76;217;5,7;2,6;
2022/05/18;0800 UTC;0;983,1;983,2;983;;19,9;16,2;20,7;19,9;16,4;16,1;79;76;79;217;4,5;1,9;
2022/05/18;0900 UTC;0;983,6;983,6;983,1;;19,8;16;20,1;19,8;16,4;16;80;79;79;221;5,9;2,8;
2022/05/18;1000 UTC;0;984,6;984,6;983,6;74,7;19,9;16;19,9;19,4;16;15,9;80;78;78;226;6;2,6;
2022/05/18;1100 UTC;0;985,6;985,6;984,6;566,9;21,6;15,6;21,6;19,9;16;15,4;78;68;69;216;7;3,2;
2022/05/18;1200 UTC;0;986,5;986,5;985,6;1375,7;23,7;14,9;23,8;21,6;15,5;14,7;69;57;58;210;7;3,6;
2022/05/18;1300 UTC;0;986,8;986,8;986,5;2066,6;26,1;15,8;26,1;23,7;15,8;14,8;58;51;53;210;6,9;3,3;
2022/05/18;1400 UTC;0;986,6;987;986,6;2635,1;28,2;14,5;28,2;25,9;15,8;13,6;53;43;43;207;6,7;3,5;
2022/05/18;1500 UTC;0;986;986,6;986;2885,1;29,1;11,9;29,1;27,5;14,4;11,5;44;34;35;220;7,9;3,3;
2022/05/18;1600 UTC;0;985,2;986;985,2;2909,3;29,6;12;30,4;28,9;13,4;11,5;38;33;34;229;7,2;2,8;
2022/05/18;1700 UTC;0;984,8;985,2;984,7;2679,9;29,2;10,2;30,3;29,1;13,7;10,2;37;31;31;237;7,7;4,5;
2022/05/18;1800 UTC;0;983,8;984,8;983,8;2286,7;28,9;9,8;29,8;28,7;11,5;9,8;33;30;31;227;9,1;4,3;
2022/05/18;1900 UTC;0;983,6;983,8;983,5;1702,2;28,1;10,7;29;28,1;11,2;9,4;35;30;34;236;8,4;4,2;
2022/05/18;2000 UTC;0;983,9;983,9;983,5;962,7;26,6;9;28,1;26,6;10,8;8,9;35;33;33;233;8,7;4,3;
2022/05/18;2100 UTC;0;984,1;984,1;983,9;208,9;24;9,5;26,6;24;9,7;8,7;40;33;40;236;7,2;2,8;
2022/05/18;2200 UTC;0;984,6;984,6;984,1;;21,9;9,9;24;21,9;10;9,2;47;40;47;234;6;2,1;
2022/05/18;2300 UTC;0;985,3;985,3;984,6;;20,7;9,6;21,9;20,7;10,1;9,5;49;47;49;227;4,9;2,2;
2022/05/19;0000 UTC;0;985,9;985,9;985,3;;19,9;9,3;20,7;19,9;9,9;9,2;52;49;51;218;5,7;2,7;
2022/05/19;0100 UTC;0;986,1;986,2;985,9;;18,3;9,4;19,9;18,2;9,6;9,3;56;51;56;210;5;2,2;
2022/05/19;0200 UTC;0;986;986,1;986;;17,5;10;18,3;17,5;10;9,4;61;56;61;237;3,4;2,2;
2022/05/19;0300 UTC;0;986,1;986,2;986;;17,1;10,1;17,5;17,1;10,3;9,8;64;61;63;234;4,8;2,2;
2022/05/19;0400 UTC;0;985,2;986,1;985,2;;16,7;9,6;17,1;16,6;10,4;9,6;67;63;63;249;4,9;3;
2022/05/19;0500 UTC;0;984,4;985,3;984,4;;15,3;9,9;16,7;15,3;10;9,5;70;63;70;230;4,9;2,2;
2022/05/19;0600 UTC;0;984,2;984,4;984,2;;14,8;9,6;15,3;14,8;9,9;9,4;71;68;71;223;3,9;2,1;
2022/05/19;0700 UTC;0;984,2;984,2;984;;13,9;9,7;14,8;13,9;9,9;9,5;76;71;76;229;3,8;2,1;
2022/05/19;0800 UTC;0;984,4;984,4;984,1;;13,9;9,2;13,9;13,6;9,8;9,2;78;73;73;228;4,5;2,6;
2022/05/19;0900 UTC;0;984,7;984,7;984,4;;13,5;8,7;13,9;13,5;9,2;8,7;73;72;73;225;4,8;2,6;
2022/05/19;1000 UTC;0;985,2;985,2;984,6;66,8;13,6;9;13,6;13,2;9;8,7;75;73;74;217;5,1;2,4;
2022/05/19;1100 UTC;0;986;986;985,2;679,1;16,5;8,9;16,5;13,6;9,1;8,4;74;60;61;200;5,5;3,4;
2022/05/19;1200 UTC;0;986,5;986,5;986;1495,7;19,5;9;19,6;16,6;9;8,2;61;49;50;194;5,4;2,3;
2022/05/19;1300 UTC;0;986,4;986,5;986,4;2260,2;22;8,2;22;19,6;8,9;7,5;50;41;41;194;6,3;2,7;
2022/05/19;1400 UTC;0;985,9;986,4;985,9;2715,1;24;8,1;24,3;22;8,9;7,5;42;36;36;200;5,5;2,6;
2022/05/19;1500 UTC;0;985,6;986;985,6;2985,1;26,5;8,8;26,5;24;9,6;7,9;38;32;33;119;5,5;1,6;
2022/05/19;1600 UTC;0;984,5;985,6;984,5;2985,7;26,6;8,6;27,5;25,7;9,2;7,8;34;30;32;127;4,5;2,3;
2022/05/19;1700 UTC;0;983,5;984,5;983,5;2732,1;27,7;9,1;28,3;26,5;9,5;8,1;33;29;31;221;5;2,3;
2022/05/19;1800 UTC;0;983;983,5;983;2333,8;27,8;9;28,5;27,4;10;8,1;32;29;31;233;5,5;2,9;
2022/05/19;1900 UTC;0;983;983,1;982,9;1717,1;27,4;8,2;28,4;27,4;10,3;8,1;33;29;30;233;5,7;2,7;
2022/05/19;2000 UTC;0;983,2;983,2;982,9;1042,5;26,6;8,5;27,6;26,5;9,2;8,1;32;29;32;231;5,8;2,1;
2022/05/19;2100 UTC;0;983,7;983,7;983,2;226,8;23,3;9,1;26,6;23,3;9,3;8,3;41;32;40;239;3,8;1,7;
2022/05/19;2200 UTC;0;984,2;984,2;983,7;;21,5;9,7;23,3;21,4;9,7;8,8;47;40;47;246;3,2;2,3;
2022/05/19;2300 UTC;0;985,2;985,2;984,2;;20,6;8,7;21,5;20,6;10,3;8,6;49;45;46;245;4,3;2,7;
2022/05/20;0000 UTC;0;986,1;986,1;985,2;;19;8,8;20,6;19;9,2;8,6;52;46;52;240;4,3;2,4;
2022/05/20;0100 UTC;0;987;987;986,1;;17,7;9,2;19,1;17,7;9,5;8,8;57;51;57;230;3,8;2,3;
2022/05/20;0200 UTC;0;987,2;987,3;986,9;;16,8;9,4;17,7;16,8;9,6;9,1;63;57;62;219;3,9;2,2;
2022/05/20;0300 UTC;0;987,3;987,3;987,2;;15,9;9,1;16,8;15,9;9,5;9,1;64;62;64;231;4,1;2,3;
2022/05/20;0400 UTC;0;987;987,3;987;;15,6;9,3;16;15,5;9,4;9,1;67;64;66;230;4,4;2,5;
2022/05/20;0500 UTC;0;986,9;987,1;986,9;;15,2;9,1;15,6;15,2;9,3;9,1;67;66;67;236;4,4;2,2;
2022/05/20;0600 UTC;0;986,8;986,9;986,7;;15;9,1;15,2;14,9;9,2;9,1;68;67;68;239;4,3;2,3;
2022/05/20;0700 UTC;0;986,7;986,8;986,6;;13,8;9,6;15;13,8;9,7;9,2;76;68;76;231;4,3;1,8;
2022/05/20;0800 UTC;0;987;987;986,6;;12,9;9,7;13,8;12,9;9,7;9,2;81;75;81;197;2,9;,4;
2022/05/20;0900 UTC;0;987,3;987,4;987;;12;9,8;12,9;11,9;9,8;9,5;86;81;86;188;1,3;,7;
2022/05/20;1000 UTC;0;987,7;987,7;987,3;59,2;13,2;10,4;13,2;12;10,4;9,1;86;80;83;255;1,9;,5;
2022/05/20;1100 UTC;0;988,5;988,5;987,7;542,8;16,8;10,5;16,8;13,2;11,2;10;83;66;66;224;1,7;,7;
2022/05/20;1200 UTC;0;988,8;988,8;988,5;1507,9;19,9;9,7;20,2;16,8;10,7;9,3;67;51;52;90;2,6;1,4;
2022/05/20;1300 UTC;0;988,6;988,8;988,6;2206,7;23,1;11,6;23,1;19,9;11,6;9,6;52;46;48;121;3,8;1,7;
2022/05/20;1400 UTC;0;988,5;988,7;988,4;2663,4;24,9;10,5;25;23;11,7;10,1;49;39;40;95;5;1,6;
2022/05/20;1500 UTC;0;987,8;988,5;987,8;2993,7;27,6;8,8;27,6;24,8;10,9;8,6;41;30;31;57;4,7;1,3;
2022/05/20;1600 UTC;0;986,8;987,8;986,8;2982,9;28,8;9,3;28,8;26,9;9,5;7,9;32;29;30;347;4,4;1,1;
2022/05/20;1700 UTC;0;985,8;986,8;985,8;2718,7;29,1;7;29,3;27,8;9,4;6;30;24;25;305;3,9;1,9;
2022/05/20;1800 UTC;0;985,4;985,8;985,4;2366,4;29,5;5,8;29,7;28,4;8,3;3,1;27;18;22;26;3,5;1,6;
2022/05/20;1900 UTC;0;985,4;985,4;985,2;1746,4;29,4;7,7;30,1;29,2;8,9;5,7;28;22;26;294;3,1;1,6;
2022/05/20;2000 UTC;0;985,4;985,5;985,3;967,9;28,6;9,3;29,4;28,6;9,5;7,9;30;26;30;315;3;1;
2022/05/20;2100 UTC;0;985,7;985,7;985,4;116;23,3;13,5;28,5;23,1;14,1;9,1;56;30;54;276;2,1;1,5;
2022/05/20;2200 UTC;0;986,1;986,1;985,7;;20,2;13,6;23,4;20,2;14,7;12,7;66;54;66;266;1,9;1,3;
2022/05/20;2300 UTC;0;986,7;986,7;986,1;;18,4;13,9;20,2;18,4;14;12;75;63;75;213;2;,6;
2022/05/21;0000 UTC;0;987,3;987,3;986,7;;18,2;14;18,9;18,1;14,5;13,9;79;73;77;168;2,4;,3;
2022/05/21;0100 UTC;0;987,7;987,7;987,2;;17,5;14,4;18,2;17,3;14,4;13,9;82;77;82;170;,7;,1;
2022/05/21;0200 UTC;0;987,9;987,9;987,6;;17,2;13,5;18,4;17,2;15;13;83;73;79;216;2,9;,5;
2022/05/21;0300 UTC;0;988;988,1;987,9;;16,4;13,6;17,2;16,1;13,7;12,9;84;78;84;228;2,4;1,8;
2022/05/21;0400 UTC;0;987,8;988,1;987,7;;16,1;13,3;17,7;15,9;13,7;12,9;86;76;84;28;2,8;,6;
2022/05/21;0500 UTC;0;987,5;987,8;987,5;;15,4;12,9;16,2;15,3;13,4;12,5;86;83;85;226;2;1,3;
2022/05/21;0600 UTC;0;987,1;987,5;987,1;;16,5;11,4;16,8;15,2;13;11,4;86;71;72;229;3,1;1,8;
2022/05/21;0700 UTC;0;987,3;987,3;987;;15,3;12;16,5;15,3;12;11,3;81;72;81;194;2,5;1,2;
2022/05/21;0800 UTC;0;987,8;987,8;987,3;;14,4;12;15,3;14,3;13;11,8;88;81;86;204;1,8;,9;
2022/05/21;0900 UTC;0;988,3;988,3;987,8;;14,1;12,3;14,5;14;12,7;12,1;90;86;89;264;1,4;,1;
2022/05/21;1000 UTC;0;989,1;989,1;988,3;49,3;14,4;12,9;14,4;13,9;12,9;12,2;91;89;90;39;,7;,4;
2022/05/21;1100 UTC;0;989,6;989,6;989,1;480,1;18,4;14,9;18,4;14,5;15,5;12,9;90;80;80;83;1,3;,5;
2022/05/21;1200 UTC;0;990,1;990,1;989,6;1469,7;22,4;15,6;22,4;18,4;15,7;14,7;80;65;65;116;3,2;1,8;
2022/05/21;1300 UTC;0;990,3;990,4;990,1;2048,6;24,8;15,6;24,8;22,2;16;14,6;66;57;57;133;3,7;1,1;
2022/05/21;1400 UTC;0;989,7;990,3;989,7;2635,3;27,2;13,5;27,2;24,4;16,2;13,4;58;43;43;123;4,2;1,8;
2022/05/21;1500 UTC;0;988,7;989,7;988,7;2936,8;28,6;12,9;28,8;26,7;13,7;12,4;44;38;38;78;3,8;1,6;
2022/05/21;1600 UTC;0;987,7;988,7;987,7;2782,8;29,7;11,5;30,4;28,1;13,3;11,4;39;32;33;113;4,5;1,2;
2022/05/21;1700 UTC;0;986,8;987,7;986,8;2664,2;30,7;11,7;30,7;29,2;12,5;11,3;34;31;31;62;4,3;,9;
2022/05/21;1800 UTC;0;986,1;986,8;986,1;2220,8;30,4;11,9;31,4;29,9;12,5;11,2;33;30;32;84;3,3;1,8;
2022/05/21;1900 UTC;0;986;986,1;986;1660,3;30;11,1;30,9;29,8;12,6;11;34;30;31;55;3,3;1,3;
2022/05/21;2000 UTC;0;986,2;986,2;986;976,2;29,5;13,7;30,7;29,5;13,7;11,1;38;31;38;64;2,6;,7;
2022/05/21;2100 UTC;0;986,5;986,5;986,2;179,1;25,6;15,7;29,6;25,6;15,9;13,3;54;37;54;220;2;1,5;
2022/05/21;2200 UTC;0;986,8;986,8;986,5;;21,9;16,2;25,6;21,9;16,2;14,9;70;54;70;201;2,5;1,2;
2022/05/21;2300 UTC;0;987,4;987,4;986,8;;20,1;15,7;21,9;20,1;16,4;15,6;76;69;76;219;2;1,5;
2022/05/22;0000 UTC;0;987,7;987,7;987,4;;19,6;15,6;20,1;19,5;15,9;15,2;78;76;78;231;2;,9;
2022/05/22;0100 UTC;0;988;988;987,7;;18,3;15,2;19,6;18,3;15,6;15;82;77;82;202;1,2;,5;
2022/05/22;0200 UTC;0;988;988;988;;17,4;14,3;18,3;17,4;15,1;14,1;83;80;82;251;1,7;1,1;
2022/05/22;0300 UTC;0;987,8;988;987,8;;17;14,9;17,4;16,7;15,2;14,1;88;82;87;203;1,7;1,2;
2022/05/22;0400 UTC;0;987,5;987,9;987,5;;17;15,2;17,2;16;15,5;14;91;86;89;213;2,2;1,5;
2022/05/22;0500 UTC;0;986,9;987,5;986,9;;16;14,4;17;15,9;15,2;14,2;91;87;90;199;2,5;1,8;
2022/05/22;0600 UTC;0;986,8;986,9;986,8;;15,3;13,6;16,4;15,3;14,6;13,6;91;88;90;126;2,7;,9;
2022/05/22;0700 UTC;0;987;987;986,8;;15,1;13,4;15,6;15,1;14,2;13,4;92;90;90;243;1,5;,4;
2022/05/22;0800 UTC;0;987,3;987,3;986,9;;15,3;14,1;15,3;14,5;14,2;13,2;94;90;93;183;2,3;1,5;
2022/05/22;0900 UTC;0;988;988;987,3;;14,7;13,4;15,4;14,7;14,2;13,3;93;91;92;8;2,3;,8;
2022/05/22;1000 UTC;0;988,4;988,4;988;72,3;15,8;14,3;15,8;14,5;14,3;13,2;93;91;91;319;1,1;,7;
2022/05/22;1100 UTC;0;988,8;988,8;988,4;637;20,2;16,3;20,4;15,8;17;14,4;91;78;78;93;1,8;,8;
2022/05/22;1200 UTC;0;989;989,1;988,8;1415,1;23,4;15,2;23,7;20,1;17,1;15,1;79;59;60;177;3,7;1,8;
2022/05/22;1300 UTC;0;988,9;989,2;988,9;2152,1;27,1;14,3;27,1;23,3;16,3;14,3;61;46;46;152;3,7;2;
2022/05/22;1400 UTC;0;988,7;988,9;988,7;2622,1;28,4;14,8;28,4;26,9;15,5;12,1;48;38;44;159;5;2,2;
2022/05/22;1500 UTC;0;987,8;988,7;987,8;2872,7;30,4;13,1;30,5;28,2;15,3;12,7;44;35;35;134;5,1;2;
2022/05/22;1600 UTC;0;986,8;987,8;986,8;2883,9;31;13,5;31,3;29,5;14;12,5;36;34;34;31;4,4;1,6;
2022/05/22;1700 UTC;0;985,9;986,8;985,9;2651,4;31,5;13,7;32,1;30,5;14,5;13;36;33;34;36;3,9;1,9;
2022/05/22;1800 UTC;0;985,3;985,9;985,3;2273,6;31,3;13,3;32,1;30,9;14,5;13,2;36;33;33;58;3,6;1,5;
2022/05/22;1900 UTC;0;985;985,3;985;1693,7;32,1;13,8;33;31,1;14,6;13,3;35;32;33;47;3,3;,7;
2022/05/22;2000 UTC;0;985,2;985,2;984,9;964,2;31,4;14,5;32,7;31,3;15,4;13,3;37;33;36;14;2,2;,5;
2022/05/22;2100 UTC;0;985,4;985,4;985,2;163,5;27;18,9;31,8;27;19,6;14,2;62;35;61;279;1,2;,4;
2022/05/22;2200 UTC;0;985,8;985,8;985,4;;23,9;18,9;27;23,9;19,3;18,2;74;61;74;217;1,9;,3;
2022/05/22;2300 UTC;0;986;986;985,8;;22,4;17,7;23,9;22,4;18,9;17,6;75;71;75;218;2,4;1,6;
2022/05/23;0000 UTC;0;986,2;986,2;986;;21,9;17,5;23;21,9;18,5;17,4;79;72;76;218;2,3;1,1;
2022/05/23;0100 UTC;0;986,4;986,4;986,2;;21,1;17,2;21,8;21,1;17,7;17,2;79;76;79;232;1,7;1,2;
2022/05/23;0200 UTC;0;986,4;986,4;986,2;;20,3;17,2;21,1;20;17,3;16,6;83;78;83;162;2,2;,8;
2022/05/23;0300 UTC;0;986,2;986,4;986,2;;19,8;17;20,5;19,8;17,3;16,9;84;81;84;169;1,2;,4;
2022/05/23;0400 UTC;0;986,1;986,2;986,1;;19,4;17,1;19,8;19,4;17,2;16,9;87;84;87;163;,9;,3;
2022/05/23;0500 UTC;0;985,8;986,1;985,8;;19,3;17,7;19,5;19,3;17,9;17,1;90;87;90;212;1,8;1;
2022/05/23;0600 UTC;0;985,6;985,8;985,6;;19,1;17,2;19,5;19,1;18;17,1;91;88;88;238;1,5;,9;
2022/05/23;0700 UTC;0;985,4;985,7;985,4;;18,9;17,4;19,1;18,7;17,4;16,9;91;88;91;154;1,4;1,1;
2022/05/23;0800 UTC;0;985,9;985,9;985,4;;18,8;17,4;19,1;18,6;17,4;16,8;91;89;91;197;1,5;1,1;
2022/05/23;0900 UTC;0;986,5;986,5;985,8;;19;17,2;19,1;18,8;17,7;17,1;92;89;90;262;1,7;,7;
2022/05/23;1000 UTC;0;987,1;987,1;986,5;77,7;20,5;18,8;20,5;18,5;18,8;16,9;91;89;90;331;1,1;,3;
2022/05/23;1100 UTC;0;987,8;987,8;987,1;646,7;23,5;18,6;23,5;20,5;19,3;18,2;90;74;74;106;2,5;1,2;
2022/05/23;1200 UTC;0;988,1;988,1;987,8;1336;25,2;18;25,7;23;18,4;17,1;74;62;65;147;4,5;2,8;
2022/05/23;1300 UTC;0;987,8;988,1;987,8;2152,9;29,1;18,3;29,1;25,2;18,8;17,5;65;52;52;137;6,1;3,6;
2022/05/23;1400 UTC;0;987,2;987,8;987,2;2523,2;30,2;17,6;30,7;28,1;18,4;17;54;45;47;95;7,1;2,4;
2022/05/23;1500 UTC;0;986,3;987,2;986,3;2831,2;31,6;17,5;31,8;30,2;18,1;16,9;47;42;43;58;6,6;1,8;
2022/05/23;1600 UTC;0;985,5;986,3;985,5;2140;30,9;18,8;32,2;30,6;18,8;16,8;49;41;48;71;5,2;2,6;
2022/05/23;1700 UTC;0;984,7;985,5;984,7;1896,6;31,8;17,8;32,8;30,3;18,8;17;50;41;43;55;5,1;2,1;
2022/05/23;1800 UTC;0;983,8;984,7;983,8;2079,8;32,4;17,1;32,6;31,1;18,2;16,7;45;39;40;75;4,4;1,7;
2022/05/23;1900 UTC;0;983,6;983,8;983,6;1795,4;32;17,2;32,7;31,7;18;16,9;43;40;41;17;5;1,5;
2022/05/23;2000 UTC;0;983,9;983,9;983,6;808,4;30,6;18,7;32,2;30,6;19,1;17,2;50;41;49;331;3,1;,8;
2022/05/23;2100 UTC;0;984,4;984,4;983,9;125,5;28,2;19,4;30,8;28,2;20,5;18,7;59;49;59;186;2,1;1,4;
2022/05/23;2200 UTC;0;984,7;984,7;984,4;;26,7;18,9;28,2;26,7;19,5;18,6;63;58;62;158;2,4;1,2;
2022/05/23;2300 UTC;0;985,3;985,3;984,7;;25,6;19,5;27;25,6;19,6;18,7;69;60;69;140;2,8;1;
2022/05/24;0000 UTC;0;985,6;985,6;985,3;;24,8;19,1;25,9;24,8;19,8;19,1;71;67;71;145;2,7;,8;
2022/05/24;0100 UTC;0;985,9;986;985,6;;23,3;19,4;24,8;23;19,5;19;80;71;78;128;1,6;,9;
2022/05/24;0200 UTC;0;985,8;986;985,8;;22,9;19,5;24;22,8;19,6;19,1;82;75;81;140;3,1;,8;
2022/05/24;0300 UTC;0;985,7;985,8;985,7;;22;19,3;22,9;22;19,6;19,2;85;81;85;300;1,3;,2;
2022/05/24;0400 UTC;0;985,5;985,7;985,5;;21,6;19,3;22,2;20,9;19,5;18,7;89;85;86;247;1,8;1,2;
2022/05/24;0500 UTC;0;985,5;985,5;985,4;;21,1;19;21,6;20,9;19,3;18,7;89;86;87;193;2,5;1,1;
2022/05/24;0600 UTC;0;985,2;985,5;985,1;;21,2;19;21,3;20,9;19,1;18,8;88;86;87;326;1,6;,3;
2022/05/24;0700 UTC;0;985,3;985,4;985,1;;21,3;19,2;21,5;21,1;19,4;19;89;87;88;80;2;,7;
2022/05/24;0800 UTC;0;985,4;985,6;985,3;;22;18,2;22,5;21,3;19,3;18,2;88;78;79;134;2,6;1,6;
2022/05/24;0900 UTC;0;985,9;985,9;985,4;;21,6;17,6;22;21,4;18,2;17,6;80;78;78;158;3,1;1,6;
2022/05/24;1000 UTC;0;986,6;986,6;985,9;64,9;20,7;18,7;21,8;20,4;18,7;17,3;88;77;88;187;3,1;1,6;
2022/05/24;1100 UTC;0;987,1;987,1;986,6;610,3;23,9;18,6;23,9;20,7;19,3;18,3;88;72;72;155;3,8;1,9;
2022/05/24;1200 UTC;0;987,8;987,8;987,1;1380;27;17,7;27;23,9;19;17,7;72;57;57;109;4,9;2,5;
2022/05/24;1300 UTC;0;987,9;988;987,8;2115,4;29,1;15,7;29,7;27;18;15;58;42;44;105;6;2,8;
2022/05/24;1400 UTC;0;987,5;988;987,5;2595,7;30,2;14,3;31,1;29;16,4;14;46;37;38;79;7,4;3;
2022/05/24;1500 UTC;0;986,7;987,5;986,7;2853,8;31,2;14,9;31,5;30,2;15,4;13,3;40;35;37;57;8,6;4,8;
2022/05/24;1600 UTC;0;985,5;986,7;985,5;2863,2;31,6;14,7;32,1;31;15;13,7;37;33;36;65;8,6;3,6;
2022/05/24;1700 UTC;0;984,6;985,5;984,6;2626,2;33,2;15,1;33,2;31,6;15,3;14,2;36;33;34;76;6,6;2,3;
2022/05/24;1800 UTC;0;984;984,6;984;2256,3;32,2;14,5;33,3;31,7;15,7;14,2;37;33;34;80;6,2;2,5;
2022/05/24;1900 UTC;0;983,9;984;983,8;1695,1;32,3;14,8;32,9;32,1;15,7;14,3;37;33;35;98;4,8;2,9;
2022/05/24;2000 UTC;0;984,2;984,2;983,9;973;31,5;16,3;32,6;31,5;16,3;14,5;40;34;40;104;5,1;1,7;
2022/05/24;2100 UTC;0;984,9;984,9;984,2;169,6;28;18,7;31,5;28;18,8;16,5;57;40;57;161;3,1;,9;
2022/05/24;2200 UTC;0;985,5;985,5;984,9;;26,7;18,4;28;26,2;18,9;18,2;64;57;60;135;2,8;1,2;
2022/05/24;2300 UTC;0;985,8;985,8;985,5;;24,5;18,2;27,3;24,5;18,2;17,7;68;57;68;161;3;,6;
2022/05/25;0000 UTC;0;986,2;986,2;985,8;;22,9;18,5;24,4;22,9;18,6;18,2;76;68;76;198;1,5;1;
2022/05/25;0100 UTC;0;986,5;986,5;986,2;;22,4;18,5;23,1;22,3;18,8;18;80;74;79;186;2,2;1,3;
2022/05/25;0200 UTC;0;986,5;986,6;986,5;;21,9;18,8;22,5;21,9;18,8;18,3;83;78;83;176;2,2;1;
2022/05/25;0300 UTC;0;986,3;986,5;986,3;;21,5;19;22,1;21,5;19,1;18,7;86;82;86;193;2,4;1,4;
2022/05/25;0400 UTC;0;986,4;986,4;986,2;;23;18,5;23,2;21,4;19,2;18,5;87;76;76;155;4;2,2;
2022/05/25;0500 UTC;0;986;986,4;986;;22,9;17,6;23,2;22,9;18,5;17,6;76;72;72;146;3,8;1,9;
2022/05/25;0600 UTC;0;986,1;986,1;985,9;;22,2;17,5;23;21;17,9;17,4;81;72;75;149;5,1;2,4;
2022/05/25;0700 UTC;0;986;986,1;985,8;;21,9;16,5;22,5;21,8;17,4;16,4;75;70;71;139;5,1;1,5;
2022/05/25;0800 UTC;0;986,3;986,3;985,9;;20,9;16;21,9;20,8;16,4;16;74;71;74;129;3,7;1,6;
2022/05/25;0900 UTC;0;987,3;987,3;986,3;;19,6;15,8;20,9;19,6;16;15,7;78;73;78;113;3;,9;
2022/05/25;1000 UTC;0;987,8;987,8;987,3;71,7;20,7;15,7;20,7;19,2;15,9;15,5;79;73;73;110;3,2;1,6;
2022/05/25;1100 UTC;0;988,4;988,4;987,8;639,2;23,4;15,7;23,4;20,7;16;15,6;73;62;62;113;4,6;2,5;
2022/05/25;1200 UTC;0;988,9;988,9;988,4;1413,2;26,5;14,4;26,6;23,4;15,9;14,4;62;48;48;121;7,1;3,7;
2022/05/25;1300 UTC;0;989,1;989,1;988,9;2155,1;28,4;14,5;28,5;26,4;15;14;49;42;43;114;8,9;3,8;
2022/05/25;1400 UTC;0;988,8;989,1;988,8;2629,6;29,7;13,9;29,8;28;14,8;13,6;44;38;38;102;8,5;4,4;
2022/05/25;1500 UTC;0;988,3;988,9;988,2;2879,1;30,7;14,3;31,1;29,4;15,1;13,5;39;36;37;83;10;3,8;
2022/05/25;1600 UTC;0;987,1;988,3;987,1;2894,6;31,4;13,4;31,7;30,3;14,9;12,7;38;32;33;94;10,1;4,7;
2022/05/25;1700 UTC;0;986,2;987,1;986,2;2679,7;31,6;13,3;32;31;13,8;12,8;34;32;33;107;10,1;4,2;
2022/05/25;1800 UTC;0;985,5;986,2;985,5;2306;31,4;12,9;32,1;31,3;14,1;12,8;34;32;32;125;8,5;4,4;
2022/05/25;1900 UTC;0;985,4;985,6;985,3;1750,8;31,1;12,9;32,2;31;13,9;12,4;34;31;33;130;8,7;3,6;
2022/05/25;2000 UTC;0;985,6;985,6;985,4;1001,8;30,1;13,7;31,4;30,1;14;12,9;37;33;37;132;6,4;2,5;
2022/05/25;2100 UTC;0;985,9;985,9;985,6;172,7;27,2;15,9;30,1;27,2;16,1;13,7;50;37;50;139;5,2;1,1;
2022/05/25;2200 UTC;0;986,2;986,2;985,9;;23;16,5;27,2;23;16,5;15,9;67;50;67;214;1,9;1,5;
2022/05/25;2300 UTC;0;986,7;986,7;986,2;;22,5;16,8;23,2;22,4;17;16,6;71;67;70;200;2,6;1,9;
2022/05/26;0000 UTC;0;987,1;987,1;986,7;;21,9;16,2;22,6;21,9;16,8;16,1;70;68;70;195;2,6;1,9;
2022/05/26;0100 UTC;0;987,3;987,3;987,1;;20,8;16,1;21,9;20,8;16,3;16,1;74;70;74;184;2,4;1,3;
2022/05/26;0200 UTC;0;987,2;987,3;987,1;;20,1;16,2;20,8;20,1;16,2;15,9;78;75;78;168;1,8;,8;
2022/05/26;0300 UTC;0;987,1;987,2;987,1;;19,5;16,3;20,1;19,3;16,5;16,2;82;78;82;160;1,7;,8;
2022/05/26;0400 UTC;0;986,8;987,1;986,8;;19,9;16;19,9;19,3;16,4;15,9;83;78;78;181;2,3;1,3;
2022/05/26;0500 UTC;0;986,4;986,8;986,4;;19,4;16,2;20,2;19,4;16,3;15,9;82;77;82;201;2,6;1,3;
2022/05/26;0600 UTC;0;986,2;986,4;986,2;;18,8;15,5;19,4;18,7;16,3;15,5;84;81;81;203;2,2;1,3;
2022/05/26;0700 UTC;0;986,2;986,2;986,1;;18,5;15,4;18,8;18,5;15,5;15,4;82;81;82;193;2,5;,9;
2022/05/26;0800 UTC;0;986,3;986,3;986,1;;18,9;16,7;19,1;18,3;16,9;15,3;88;82;87;139;3,1;,7;
2022/05/26;0900 UTC;0;986,9;986,9;986,3;;18,2;16,5;18,9;18,1;16,9;16;91;86;90;138;1,6;1,1;
2022/05/26;1000 UTC;0;987,5;987,5;986,9;70,8;20,7;16,9;20,7;18,1;17;16,2;90;79;79;144;3,3;1,8;
2022/05/26;1100 UTC;0;988,3;988,3;987,5;645;23,6;15,8;23,7;20,7;16,9;15,8;79;62;62;135;5,5;3,1;
2022/05/26;1200 UTC;0;988,9;988,9;988,3;1382,9;25,8;16,3;26;23,6;16,6;15,7;62;56;56;136;8,5;4,1;
2022/05/26;1300 UTC;0;988,8;989;988,8;2087;27,9;16,8;28;25,6;17;16;56;50;51;122;8,7;4,8;
2022/05/26;1400 UTC;0;988,4;988,8;988,4;2591;30;16,8;30,7;28;17,4;16,1;51;43;45;104;8,6;3,8;
2022/05/26;1500 UTC;0;987,5;988,5;987,5;2832,9;31,1;16,3;31,2;29,8;17,1;16,1;45;41;41;121;8,7;4,5;
2022/05/26;1600 UTC;0;986,6;987,5;986,6;2852,3;31,8;16;32,1;30,7;17;15,5;42;38;39;107;8,3;4,3;
2022/05/26;1700 UTC;0;985,5;986,6;985,5;2627,3;32,6;16,5;32,6;31;16,8;15,5;41;37;38;120;8,2;3,7;
2022/05/26;1800 UTC;0;984,9;985,6;984,9;2228,9;32,5;16,3;32,8;31,6;16,8;15,4;40;37;38;122;8,2;3,9;
2022/05/26;1900 UTC;0;984,8;984,9;984,7;1285,6;31,4;16,5;33;30,9;16,8;15,1;41;35;41;93;7;2,3;
2022/05/26;2000 UTC;0;985,2;985,2;984,7;474;30,4;17;31,7;30,4;17,6;15,7;46;38;45;105;5,8;1,7;
2022/05/26;2100 UTC;0;985,7;985,7;985,2;86,6;28,7;18;30,4;28,7;18;16,7;52;44;52;131;3,9;1,2;
2022/05/26;2200 UTC;0;986,1;986,1;985,7;;27,9;18,4;28,7;27,9;18,7;18,1;57;52;56;127;2,3;1,2;
2022/05/26;2300 UTC;0;986,5;986,5;986,1;;27,2;19;27,9;27,2;19;18,2;61;55;61;113;3,1;,8;
2022/05/27;0000 UTC;0;986,9;986,9;986,5;;26,3;19,2;27,2;26,1;19,4;18,9;66;61;65;142;2,4;,9;
2022/05/27;0100 UTC;0;987;987;986,9;;24,4;19;26,3;24,4;19,4;18,8;72;65;72;164;2,7;1;
2022/05/27;0200 UTC;0;986,9;987;986,9;;22,4;19,2;24,4;22,4;19,3;19;82;72;82;48;1,9;,5;
2022/05/27;0300 UTC;0;986,5;986,9;986,5;;23,1;19,2;23,1;22,5;19,5;19,2;82;79;79;129;2,3;1;
2022/05/27;0400 UTC;0;986,1;986,5;986,1;;21,5;18,8;23,1;21,4;19,1;18,6;85;79;85;83;1,8;,6;
2022/05/27;0500 UTC;0;985,6;986,2;985,6;;21,1;18,6;21,5;20,9;19,1;18,3;87;84;86;173;1,7;,9;
2022/05/27;0600 UTC;0;985,4;985,6;985,4;;20,2;17,7;21,4;20,1;18,6;17,6;86;81;86;341;1,7;,2;
2022/05/27;0700 UTC;0;985,3;985,4;985,2;;19,6;17,4;20,2;19,6;17,8;17,4;88;86;87;177;1,6;,5;
2022/05/27;0800 UTC;0;985,6;985,6;985,3;;21,8;17,9;21,8;19,3;18,6;17,2;89;79;79;144;4;2,2;
2022/05/27;0900 UTC;0;986,2;986,2;985,6;;20,6;17,4;21,8;20,3;17,9;17,3;85;78;82;122;4;1,3;
2022/05/27;1000 UTC;0;986,9;986,9;986,2;60,2;20,4;17,6;20,7;20,2;17,6;17,2;84;81;84;88;2,2;,3;
2022/05/27;1100 UTC;0;987,7;987,7;986,9;624,9;23,7;17,4;23,9;20,4;18,5;17,1;84;66;68;113;2,8;1,6;
2022/05/27;1200 UTC;0;988,2;988,2;987,7;1389,7;26,7;16,8;26,8;23,7;17,7;16,6;68;55;55;120;7,4;3,2;
2022/05/27;1300 UTC;0;988,2;988,3;988,2;2105,4;28,6;16,3;29,2;26,7;17,3;15,6;55;45;47;119;6,3;3,5;
2022/05/27;1400 UTC;0;987,9;988,2;987,9;2564,7;30,2;15,7;30,3;28,6;16,8;15;47;40;42;74;7,4;3,7;
2022/05/27;1500 UTC;0;987,1;987,9;987,1;2815;30,7;14,8;31,3;29,7;16,5;14,6;44;38;38;79;9;3,7;
2022/05/27;1600 UTC;0;985,8;987,1;985,8;2823,2;31,8;15,7;32;30,6;15,9;14,1;40;36;38;89;7,6;3,3;
2022/05/27;1700 UTC;0;984,8;985,9;984,8;2600,9;32;15,5;32,5;31,5;15,8;14,5;38;34;37;85;6,9;2,8;
2022/05/27;1800 UTC;0;984,1;984,8;984,1;2241,9;31,9;14,9;32,7;31,6;15,9;14,4;37;34;36;101;6,8;2,8;
2022/05/27;1900 UTC;0;983,9;984,1;983,8;1697,2;31,6;14,4;32,5;31,6;15,4;14,4;36;34;35;134;6,2;3;
2022/05/27;2000 UTC;0;984;984;983,8;973,9;30,7;16,2;32;30,7;16,2;14,5;42;35;42;134;6,2;2,5;
2022/05/27;2100 UTC;0;984,3;984,3;984;160,4;28;17,6;30,7;28;17,7;16;53;41;53;149;4;1;
2022/05/27;2200 UTC;0;984,8;984,8;984,3;;25;18,1;28;25;18,1;17,6;65;53;65;188;2;,9;
2022/05/27;2300 UTC;0;985,1;985,1;984,8;;24,1;18,1;25;24;18,7;18;71;65;69;186;2,3;1,1;
2022/05/28;0000 UTC;0;985,4;985,4;985,1;;23;18,4;24,1;22,9;18,4;17,9;76;69;75;208;1,6;1;
2022/05/28;0100 UTC;0;985,6;985,7;985,4;;21,3;18,1;23;21,3;18,4;18,1;82;75;82;244;1,4;,3;
2022/05/28;0200 UTC;0;985,4;985,7;985,4;;21;18,5;21,5;20,6;18,5;18;85;82;85;292;,9;,3;
2022/05/28;0300 UTC;0;985,2;985,5;985,2;;20,3;18,4;21;20;18,9;17,8;89;84;89;132;1,1;,7;
2022/05/28;0400 UTC;0;985;985,2;985;;20,4;18,8;20,4;19,8;19;18,2;92;88;91;151;1,4;1;
2022/05/28;0500 UTC;0;984,9;985;984,8;;21,4;17,5;21,4;20,3;18,9;17,5;91;78;78;139;3,2;1,5;
2022/05/28;0600 UTC;0;984,6;984,9;984,5;;20;16,8;21,4;20;17,5;16,8;82;78;82;151;3;,5;
2022/05/28;0700 UTC;0;984,6;984,7;984,6;;19,6;17,3;20;19,4;17,4;16,7;87;82;87;358;1,1;,6;
2022/05/28;0800 UTC;0;984,5;984,6;984,4;;19,1;16,9;19,8;19,1;17,4;16,8;87;85;87;129;1,7;1;
2022/05/28;0900 UTC;0;984,9;984,9;984,5;;20,3;15,5;20,6;19;17,2;15,5;88;73;74;125;2,8;1,8;
2022/05/28;1000 UTC;0;985,5;985,5;984,9;65,5;20,3;15,5;20,3;19,3;16;15,2;79;74;74;120;2,8;1;
2022/05/28;1100 UTC;0;986,6;986,6;985,5;627,3;22,7;14,5;22,7;20,3;15,5;14,4;73;60;60;102;4,7;2,2;
2022/05/28;1200 UTC;0;987,1;987,1;986,6;1395,7;26;13;26,1;22,6;14,8;13;61;45;45;113;7,1;3,7;
2022/05/28;1300 UTC;0;987,3;987,3;987,1;2130,8;28,3;12;28,6;25,9;13,2;11,7;45;36;37;122;9,4;4,1;
2022/05/28;1400 UTC;0;987;987,3;987;2588,7;30,2;11;30,4;28,1;12,6;10,3;36;30;31;104;8,5;3,8;
2022/05/28;1500 UTC;0;985,9;987;985,9;2830,8;30,9;10,7;31,3;29,6;11,6;10,2;31;29;29;108;8,5;3,1;
2022/05/28;1600 UTC;0;984,8;985,9;984,8;2822,3;32;11,1;32,2;30,9;11,7;10,3;30;27;28;130;6,5;3,2;
2022/05/28;1700 UTC;0;983,6;984,8;983,6;2611,9;32,4;10,9;32,5;31,4;11,2;9,8;28;25;27;100;6,3;3;
2022/05/28;1800 UTC;0;982,7;983,6;982,6;2260,3;32,2;11,9;32,6;31,8;11,9;10,6;29;26;29;117;5,7;3;
2022/05/28;1900 UTC;0;982,5;982,7;982,4;1719,2;32,3;12,3;32,9;31,8;12,5;10,9;30;27;30;107;4,9;2,5;
2022/05/28;2000 UTC;0;982,6;982,6;982,4;996,9;31;12,6;32,2;31;12,7;11,4;33;28;33;115;4,8;1,7;
2022/05/28;2100 UTC;0;983,1;983,1;982,6;152,2;26,3;17,4;31;26,3;17,4;12,5;58;32;58;86;3,5;,3;
2022/05/28;2200 UTC;0;983,6;983,6;983,1;;23,1;17,3;26,3;23,1;17,6;17,2;70;58;70;59;,9;,5;
2022/05/28;2300 UTC;0;983,9;984;983,6;;21,9;16,9;23,1;21,9;17,4;16,8;73;69;73;39;1,6;,7;
2022/05/29;0000 UTC;0;984,2;984,2;983,8;;20,9;16,7;21,9;20,9;16,9;16,5;77;72;77;43;1,2;,7;
2022/05/29;0100 UTC;0;984,4;984,5;984,2;;20,5;16,7;20,9;20,4;17,1;16,6;80;77;79;115;1;,4;
2022/05/29;0200 UTC;0;984,1;984,4;984,1;;20;16,9;20,5;19,7;17;16,4;84;79;82;104;1,2;,4;
2022/05/29;0300 UTC;0;983,8;984,1;983,8;;19,2;16,7;20,1;19,1;17,1;16,4;86;81;85;161;1,2;,7;
2022/05/29;0400 UTC;0;983,4;983,8;983,4;;18,8;16,3;19,5;18,7;17,1;16,1;86;84;86;207;2,1;1,6;
2022/05/29;0500 UTC;0;983;983,4;982,9;;18,6;16,5;19,1;18,6;16,6;16;88;84;87;206;2,2;1,7;
2022/05/29;0600 UTC;0;983,2;983,3;982,9;;18,1;16,7;18,6;17,4;16,7;15,7;92;87;92;103;2,3;1,2;
2022/05/29;0700 UTC;0;983;983,2;983;;17,9;15,3;18,8;17,8;16,8;15,3;92;84;85;121;2,2;,7;
2022/05/29;0800 UTC;0;983,3;983,3;983;;16,9;15,4;17,9;16,7;15,5;14,9;91;85;91;103;1,7;1,1;
2022/05/29;0900 UTC;0;983,7;983,7;983,3;;19,1;17,1;19,1;16,9;17,1;15,4;92;86;88;147;3,2;1,7;
2022/05/29;1000 UTC;0;984,1;984,1;983,7;68;19,5;17,2;19,6;19,1;17,3;17;88;86;87;96;4,1;1,1;
2022/05/29;1100 UTC;0;985,1;985,1;984,1;635,9;21,7;15,9;21,7;19,5;17,2;15,9;87;69;69;79;2,3;1,3;
2022/05/29;1200 UTC;0;985,9;985,9;985,1;1397,4;25,3;15,2;25,3;21,7;15,8;14,8;69;53;54;112;3,8;2,3;
2022/05/29;1300 UTC;0;986,1;986,2;985,9;2137,2;28,4;12,3;28,5;25,3;15,2;11,5;54;35;37;115;7;4;
2022/05/29;1400 UTC;0;985,7;986,1;985,7;2598,7;30,1;11,7;30,6;28,4;12,4;10,9;37;32;32;135;7,6;3,2;
2022/05/29;1500 UTC;0;984,9;985,7;984,9;2832,8;31,5;11,5;31,5;29,7;12,5;10,7;33;29;29;143;6,3;3,2;
2022/05/29;1600 UTC;0;983,8;984,9;983,8;2832,8;32,2;11,6;32,3;30,9;11,9;10,7;30;28;28;132;6;3,3;
2022/05/29;1700 UTC;0;982,7;983,8;982,7;2591,1;32,1;10,7;33,2;31,4;11,9;10,5;29;25;27;139;5,9;2,6;
2022/05/29;1800 UTC;0;981,8;982,7;981,8;2256,7;32,9;10,4;33,2;31,9;11,8;10,2;28;25;25;140;4,9;2,2;
2022/05/29;1900 UTC;0;981,3;981,8;981,3;1720,2;32,6;10,8;33,1;32,3;11,3;10,2;27;25;26;148;4,5;2;
2022/05/29;2000 UTC;0;981,3;981,3;981,2;985,6;31,4;12,3;32,6;31,4;12,3;10,6;31;26;31;155;4,3;1,4;
2022/05/29;2100 UTC;0;981,6;981,6;981,3;146,9;26,6;15,5;31,4;26,6;16,1;12,2;52;31;51;170;2,6;1,3;
2022/05/29;2200 UTC;0;982,3;982,3;981,6;;23,8;15,8;26,6;23,2;16,3;15;64;51;61;203;1,9;,9;
2022/05/29;2300 UTC;0;982,9;982,9;982,3;;21,6;16,4;23,8;21,4;16,6;15,6;72;60;72;180;1,2;,9;
2022/05/30;0000 UTC;0;983;983;982,8;;20,8;15,9;21,8;20,8;16,5;15,7;73;71;73;171;1,5;,6;
2022/05/30;0100 UTC;0;983,1;983,2;983;;19,7;15,8;20,9;19,5;15,9;15,4;79;73;78;151;1;,4;
2022/05/30;0200 UTC;0;982,8;983,1;982,8;;18,9;16,9;19,7;18,5;16,9;15,4;88;78;88;199;1,4;1;
2022/05/30;0300 UTC;0;982,6;982,8;982,6;;17,5;15,2;18,9;17,5;16,9;15;88;83;86;212;2,6;1,3;
2022/05/30;0400 UTC;0;982,4;982,7;982,4;;17,6;15,2;18;17,4;15,9;15;88;85;86;140;2;,8;
2022/05/30;0500 UTC;0;982,5;982,5;982,4;;17,8;16,4;17,8;17,2;16,4;15,1;92;86;92;134;1,3;,9;
2022/05/30;0600 UTC;0;982,2;982,5;982,2;;17,4;15,3;17,8;17,3;16,5;15,3;92;87;87;178;1,4;,8;
2022/05/30;0700 UTC;0;982,3;982,3;982,2;;16,5;14,8;17,4;16,5;15,3;14,7;90;87;90;177;1;,4;
2022/05/30;0800 UTC;0;982,8;982,8;982,3;;16,4;15;16,6;16,3;15,2;14,7;92;90;91;137;1,9;,7;
2022/05/30;0900 UTC;0;983,4;983,4;982,8;;16,8;14,9;17,5;16,4;15,9;14,9;92;88;89;121;2,1;,6;
2022/05/30;1000 UTC;0;984;984;983,4;65,1;17,5;15,6;17,5;16,6;15,7;14,7;90;88;88;265;1,9;,3;
2022/05/30;1100 UTC;0;984,8;984,8;984;611,5;21,9;16,3;22,1;17,5;17;15,6;88;71;71;102;1,4;,8;
2022/05/30;1200 UTC;0;985,2;985,2;984,8;1366,2;24,6;15,6;24,6;21,9;16,9;15,5;71;57;57;138;3,9;2,3;
2022/05/30;1300 UTC;0;985,3;985,4;985,2;2075,3;28,1;15,3;28,2;24,4;16,3;15,3;58;46;46;150;4,3;1,8;
2022/05/30;1400 UTC;0;984,8;985,3;984,8;2536,9;30,1;12,8;30,4;27,6;15,6;12,5;46;34;35;146;6,1;3,5;
2022/05/30;1500 UTC;0;983,7;984,8;983,7;2784,1;32,1;11,7;32,4;30;13,2;11,1;35;28;29;149;6,5;3,7;
2022/05/30;1600 UTC;0;982,9;983,7;982,9;2786,5;32,5;10,9;33;31,3;11,8;10,1;30;26;27;149;6;3,4;
2022/05/30;1700 UTC;0;981,8;982,9;981,8;2572,4;32,9;12;33,8;32,1;12,6;10,8;28;26;28;129;5,4;2,3;
2022/05/30;1800 UTC;0;981,3;981,8;981,3;2212,6;33,6;12,4;34;32,9;12,7;11,7;28;27;28;145;5,3;2,3;
2022/05/30;1900 UTC;0;980,8;981,3;980,8;1686,8;33,5;12,7;34,1;33,2;13;12;29;27;28;141;4,8;2;
2022/05/30;2000 UTC;0;980,9;980,9;980,8;982,7;32,3;13,2;33,5;32,3;13,5;12,3;32;28;31;169;3,6;1,9;
2022/05/30;2100 UTC;0;981,2;981,2;980,9;147,5;27,9;16,3;32,3;27,9;16,3;13,3;49;31;49;185;3,4;1,4;
2022/05/30;2200 UTC;0;981,5;981,5;981,2;;25,3;16,8;27,9;25,3;16,8;16,1;59;49;59;201;2,3;1,4;
2022/05/30;2300 UTC;0;981,8;981,8;981,5;;22,9;17;25,2;22,9;17,3;16,6;69;59;69;200;1,9;,7;
2022/05/31;0000 UTC;0;982;982;981,8;;21,3;17,4;22,9;21,3;17,5;16,8;79;69;78;52;1,3;1;
2022/05/31;0100 UTC;0;982,2;982,3;981,9;;20,9;17,6;21,7;20,8;18;17,4;82;78;81;19;1,3;,2;
2022/05/31;0200 UTC;0;982,1;982,2;982,1;;19,8;16,7;21;19,7;17,7;16,7;86;81;83;224;2,1;1,1;
2022/05/31;0300 UTC;0;982,1;982,1;982;;20;17,1;20,1;19,2;17,4;16,7;86;83;83;203;2,2;1,2;
2022/05/31;0400 UTC;0;982,2;982,2;982,1;;19,4;17,2;20;19,2;17,5;16,7;88;83;87;117;1,9;,5;
2022/05/31;0500 UTC;0;981,8;982,2;981,8;;19,4;17,4;19,6;19,3;18,1;17,1;91;87;88;130;1,1;,8;
2022/05/31;0600 UTC;0;981,6;981,8;981,6;;18,9;17,4;19,7;18,8;18,2;17;91;88;91;199;1,1;,8;
2022/05/31;0700 UTC;0;981,6;981,6;981,5;;18,6;17,2;19;18,5;17,9;17,2;93;91;92;205;2,1;1,4;
2022/05/31;0800 UTC;0;981,9;981,9;981,6;;18,3;16,2;18,6;18,3;17,2;16,1;92;87;87;194;2,2;,8;
2022/05/31;0900 UTC;0;982,4;982,4;981,9;;18,3;16,4;18,3;18;16,4;16,1;89;87;89;195;1,4;,9;
2022/05/31;1000 UTC;0;983,2;983,2;982,4;26,9;18,4;16,3;18,4;18,1;16,4;16;89;87;87;205;1,4;,9;
2022/05/31;1100 UTC;0;983,9;983,9;983,2;528,6;22,7;17,3;22,8;18,4;17,8;16,3;87;72;72;128;2,7;1,6;
2022/05/31;1200 UTC;0;984,3;984,4;983,9;1343;26,5;16,3;26,9;22,6;17,5;15,9;72;53;54;139;6;2,9;
2022/05/31;1300 UTC;0;984,1;984,4;984,1;2055,1;28,7;15,6;29;26,5;16,6;15,2;54;43;45;150;6;2,5;
2022/05/31;1400 UTC;0;983,8;984,1;983,8;2509,8;31,3;14,9;31,6;28,4;16,1;14,2;46;35;37;136;6;3,5;
2022/05/31;1500 UTC;0;982,9;983,8;982,9;2755,3;33,2;13,5;33,2;31;14,8;12,7;37;30;30;128;8,5;3,7;
2022/05/31;1600 UTC;0;981,8;982,9;981,8;2756,9;34,5;12,1;34,5;32,5;13,8;11,7;31;26;26;114;7,5;4;
2022/05/31;1700 UTC;0;980,8;981,8;980,8;2565,8;34,9;12,3;35,3;33,9;13;11,6;27;25;26;125;7,5;3,6;
2022/05/31;1800 UTC;0;979,7;980,8;979,7;2255,8;34,5;12,9;35,4;34,5;13,9;12,1;28;25;27;71;5,8;2,7;
2022/05/31;1900 UTC;0;979,4;979,7;979,3;1305,5;33,2;14,3;34,6;33,1;14,7;12,2;33;26;32;71;5,9;1,3;
2022/05/31;2000 UTC;0;979,7;979,7;979,3;815,5;32,2;16,4;33,8;32,2;16,4;13,9;39;31;39;120;3,8;1;
2022/05/31;2100 UTC;0;979,7;979,7;979,6;155,8;27,9;18,8;32,4;27,9;18,8;15,8;58;37;58;129;2;,6;
2022/05/31;2200 UTC;0;980,2;980,2;979,7;;25;18,6;27,9;25;19,2;18;68;58;68;199;1,5;,9;
2022/05/31;2300 UTC;0;980,6;980,6;980,2;;23,3;18,1;25,2;23,3;18,6;18,1;73;65;73;211;1,3;,8;
2022/06/01;0000 UTC;0;981,1;981,1;980,6;;22,2;17,9;23,3;21,9;18,2;17,6;78;71;77;21;1,2;,3;
2022/06/01;0100 UTC;0;981,5;981,5;981,1;;21,4;18,4;22,4;21,4;18,9;17,8;83;76;83;213;2;1,4;
2022/06/01;0200 UTC;0;981,4;981,5;981,4;;22,1;18,4;22,4;21,4;18,9;18,4;83;79;79;220;2,2;1,6;
2022/06/01;0300 UTC;0;981;981,4;981;;20,8;17,6;22,1;20,8;18,4;17,5;82;79;82;129;2,3;,4;
2022/06/01;0400 UTC;0;981;981,1;981;;20;17,3;20,8;20;17,7;17,3;85;82;85;207;1,1;,6;
2022/06/01;0500 UTC;0;980,7;981;980,7;;20;18,1;20;19,7;18,1;17,3;89;85;89;159;1,6;1;
2022/06/01;0600 UTC;0;980,5;980,7;980,4;;19,4;17,8;20,1;19,3;18,1;17,4;91;87;91;154;1,6;,6;
2022/06/01;0700 UTC;0;980,6;980,6;980,5;;19;17,5;19,4;18,9;17,8;17,2;91;89;91;107;1;,2;
2022/06/01;0800 UTC;0;981,3;981,3;980,6;;18,7;17,1;19,3;18,7;18,2;17,1;93;90;91;129;1,8;,5;
2022/06/01;0900 UTC;0;982,1;982,1;981,3;;18,5;16,9;18,9;18,4;17,7;16,9;93;90;90;277;1,5;,4;
2022/06/01;1000 UTC;0;982,7;982,7;982,1;37,2;19,2;17,7;19,2;18,2;17,9;16,6;92;90;91;170;1;,7;
2022/06/01;1100 UTC;0;984,2;984,2;982,7;488,8;22,8;19,2;22,8;19,2;19,6;17,7;91;80;80;42;7,9;2,8;
2022/06/01;1200 UTC;0;984,6;984,6;984,1;1233,1;26;17,5;26;22,8;19,1;17,1;80;59;59;79;6,1;1,6;
2022/06/01;1300 UTC;0;984,2;984,7;984,2;2053,6;29,5;16,6;29,6;26;17,9;15,8;59;45;46;140;4,5;2,7;
2022/06/01;1400 UTC;0;983,8;984,2;983,8;2495,4;32,3;13,8;32,7;29,3;16,9;13,5;46;32;33;82;5,8;3;
2022/06/01;1500 UTC;0;983;983,8;983;2736,3;32,6;15;33,3;31,8;15,3;13,6;35;32;35;68;6,6;3,8;
2022/06/01;1600 UTC;0;981,9;983;981,9;2700,9;33;16,4;33,6;32,4;16,6;14,6;38;33;37;30;6,8;3,5;
2022/06/01;1700 UTC;0;981;981,9;981;2495,3;33,5;15,7;34,1;32,7;17,5;15,6;38;34;35;49;6,5;3,3;
2022/06/01;1800 UTC;0;980,3;981;980,3;2218,1;33,6;16,5;34,3;33,1;17,2;15,4;37;34;36;29;5,9;3,3;
2022/06/01;1900 UTC;0;980;980,3;980;1812,5;34,3;16,4;34,7;33,4;17,2;15,7;37;33;34;67;5,6;1,6;
2022/06/01;2000 UTC;0;980;980,1;979,9;1016,8;33,4;17,1;34,3;33,2;17,1;15,7;38;34;38;38;3,6;,8;
2022/06/01;2100 UTC;0;980,3;980,3;979,9;161,8;29,7;20,5;33,5;29,7;20,6;16,5;58;37;58;138;2,5;1,1;
2022/06/01;2200 UTC;0;980,7;980,7;980,3;;26,7;19,6;29,7;26,7;20,4;19,5;66;57;65;194;1,9;1;
2022/06/01;2300 UTC;0;981,3;981,4;980,7;;25,8;20,1;26,7;25,7;20,4;19,5;72;65;71;203;2,2;1,4;
2022/06/02;0000 UTC;0;981,8;981,8;981,3;;24,1;19,9;25,9;24,1;20,1;19,8;78;70;78;204;1,8;,3;
2022/06/02;0100 UTC;0;982,5;982,5;981,8;;23,2;19,7;24,1;23,2;19,9;19,6;81;77;81;204;1,2;,7;
2022/06/02;0200 UTC;0;982,6;982,7;982,5;;22,5;19,7;23,2;22,5;19,8;19,5;84;81;84;230;1;,9;
2022/06/02;0300 UTC;0;982,4;982,6;982,4;;22,5;19,6;22,5;21,6;19,9;19,2;87;84;84;223;2;1,7;
2022/06/02;0400 UTC;0;982,2;982,5;982,2;;22,2;19,5;22,6;22;19,6;19,1;85;82;85;167;2;,9;
2022/06/02;0500 UTC;0;981,9;982,2;981,9;;21,4;19,1;22,3;21,4;19,6;19,1;86;84;86;96;1,6;,7;
2022/06/02;0600 UTC;0;981,8;982,1;981,8;;21,1;19;21,5;21,1;19,6;19;89;86;88;166;1,4;,5;
2022/06/02;0700 UTC;0;982;982;981,8;;20,8;19;21,1;20,1;19,4;18,2;91;87;89;333;2,2;,8;
2022/06/02;0800 UTC;0;982,5;982,5;982;;20,1;18,3;20,8;20;18,9;18,3;90;89;90;4;1,5;,6;
2022/06/02;0900 UTC;0;982,7;982,7;982,5;;20,3;18,5;20,8;19,9;19;18;90;87;90;169;1,8;,6;
2022/06/02;1000 UTC;0;983,6;983,6;982,7;41,1;21,2;19,4;21,3;20,2;19,7;18,1;91;87;89;177;1,5;,4;
2022/06/02;1100 UTC;0;984,4;984,4;983,6;542,7;25;20,4;25,1;21,2;21,1;19,4;89;75;75;109;3;1,5;
2022/06/02;1200 UTC;0;985,3;985,3;984,4;1288,1;27,3;19,6;27,3;24,9;20,8;19,6;76;63;63;89;3,8;1,7;
2022/06/02;1300 UTC;0;985;985,3;985;1998,4;30,1;17,2;30,3;27,2;19,7;17,2;63;46;46;100;4,7;2,4;
2022/06/02;1400 UTC;0;984,6;985;984,6;2445,8;31,6;17,1;32,3;29,6;18,1;16,1;49;40;42;134;4,7;2,5;
2022/06/02;1500 UTC;0;983,9;984,7;983,9;2694,1;33,3;14,6;33,6;31,1;17,5;14;43;31;33;101;6,8;3,2;
2022/06/02;1600 UTC;0;983,1;983,9;983,1;2668,9;34;14;34,3;32,9;15,3;13,7;33;30;30;106;7,1;2,8;
2022/06/02;1700 UTC;0;982,2;983,1;982,2;2543,3;34,4;13,8;35;33,5;15,2;13,5;31;29;29;120;5,5;3;
2022/06/02;1800 UTC;0;981,6;982,2;981,6;2006,2;32,7;14,9;34,7;32,6;15;13,4;34;29;34;154;6,1;3,2;
2022/06/02;1900 UTC;0;981,3;981,6;981,3;1404,2;33,2;15,2;34,3;32,5;15,5;14,3;35;30;34;142;5,3;2,5;
2022/06/02;2000 UTC;0;981,4;981,4;981,2;918,8;32,1;16,3;33,6;32,1;16,4;15,2;39;34;39;158;5,5;2,1;
2022/06/02;2100 UTC;0;981,8;981,8;981,4;162;29,7;16,3;32,1;29,7;16,4;15,8;44;38;44;163;4,6;1,9;
2022/06/02;2200 UTC;0;982,4;982,4;981,8;;26,4;17,5;29,7;26,4;17,5;16,3;58;44;58;156;3;,9;
2022/06/02;2300 UTC;0;982,9;982,9;982,4;;24;18;26,4;24;18,2;17,5;69;58;69;200;1,4;,8;
2022/06/03;0000 UTC;0;983,4;983,4;982,9;;22,7;18,3;24;22,7;18,6;17,9;77;69;76;133;1;,6;
2022/06/03;0100 UTC;0;984,1;984,1;983,4;;22,2;18,7;23;22,2;19,4;18,3;81;76;81;66;1,2;,1;
2022/06/03;0200 UTC;0;984,3;984,3;984,1;;22,1;19;22,4;21,9;19;18,5;83;80;83;133;1,1;,7;
2022/06/03;0300 UTC;0;984,2;984,3;984,2;;21,4;18,9;22,1;21,2;19,1;18,4;86;83;86;79;1,2;,7;
2022/06/03;0400 UTC;0;983,7;984,3;983,7;;20,8;19,2;21,6;20,1;19,3;17,9;90;85;90;207;3,4;1,5;
2022/06/03;0500 UTC;0;983,4;983,7;983,4;;20,5;18,7;21;20,2;19,3;18,4;91;89;90;211;3;1,8;
2022/06/03;0600 UTC;0;983,1;983,4;983,1;;20,3;18,7;20,6;20,3;18,9;18,6;91;89;91;193;2,4;1,5;
2022/06/03;0700 UTC;0;983,1;983,1;982,9;;19,8;18;20,3;19,8;18,8;18;91;89;89;156;2,2;,8;
2022/06/03;0800 UTC;0;983,7;983,7;983,1;;19,5;17,8;19,9;19,5;18,2;17,8;90;88;90;73;4,4;1,7;
2022/06/03;0900 UTC;0;984,1;984,1;983,6;;19,4;18,1;20,2;19,4;18,8;18;92;90;92;78;4,4;,2;
2022/06/03;1000 UTC;0;984,7;984,7;984;61,4;19,7;18,3;19,7;19,1;18,3;17,7;92;91;92;183;1;,8;
2022/06/03;1100 UTC;0;985,6;985,6;984,7;485,1;23,5;19,2;23,5;19,7;19,8;18,3;92;77;77;157;3,4;1,4;
2022/06/03;1200 UTC;0;986;986;985,6;1279,2;26,9;19,1;26,9;23,6;19,8;18,8;77;62;62;101;4,5;1,9;
2022/06/03;1300 UTC;0;985,7;986;985,7;2008,3;30,1;16,1;30,2;26,7;19,2;15,5;62;42;43;139;6;2,7;
2022/06/03;1400 UTC;0;985,5;985,8;985,5;2458,5;32,4;15,2;32,4;30,1;16,1;15;43;36;36;138;6;3,1;
2022/06/03;1500 UTC;0;984,8;985,5;984,8;2722,2;33,4;13,5;33,6;31,5;15,1;13,5;36;30;30;135;6,2;3,2;
2022/06/03;1600 UTC;0;983,8;984,8;983,8;2762,2;34;12,2;34,4;32,8;13,9;12;31;26;27;116;7,2;3,7;
2022/06/03;1700 UTC;0;982,8;983,8;982,8;2558,4;34,5;11;35,2;33,8;13,1;10,9;28;24;24;119;7,3;3,6;
2022/06/03;1800 UTC;0;982;982,8;982;2208,9;33,7;11,4;35,1;33,5;12;9,9;26;22;26;154;7,3;3,7;
2022/06/03;1900 UTC;0;981,7;982;981,7;1670;33,6;12;34,4;33,4;12,3;11,2;28;25;27;152;7,1;2,8;
2022/06/03;2000 UTC;0;981,7;981,7;981,5;942,1;32,3;12,2;33,8;32,2;12,2;10,4;29;25;29;137;4,9;1,7;
2022/06/03;2100 UTC;0;981,6;981,7;981,5;160,8;27,8;15,3;32,3;27,8;15,7;12;48;29;47;141;2,7;,8;
2022/06/03;2200 UTC;0;981,9;981,9;981,6;;24,5;17;27,9;24,3;17,3;15,2;65;46;63;197;1,3;,7;
2022/06/03;2300 UTC;0;982,5;982,5;981,9;;22,8;16,5;24,5;22,6;17;15,9;68;62;67;221;2;1,4;
2022/06/04;0000 UTC;0;982,9;982,9;982,5;;21,4;16,6;22,9;21,1;16,8;16,3;75;67;74;207;2;,9;
2022/06/04;0100 UTC;0;983;983;982,9;;20,3;16,5;21,4;20,3;17;16,2;79;74;79;213;1,9;1,2;
2022/06/04;0200 UTC;0;983,3;983,3;983;;20,3;16,6;20,9;20;17,2;16,6;82;78;79;155;1,9;,9;
2022/06/04;0300 UTC;0;983,3;983,3;983,1;;20,3;17,5;20,7;19,5;17,6;16,2;84;79;84;130;2,4;1,6;
2022/06/04;0400 UTC;0;982,7;983,3;982,7;;19,9;17,8;20,3;19,4;17,9;17,1;89;83;88;164;2,7;1,4;
2022/06/04;0500 UTC;0;982,5;982,7;982,5;;19,5;16,6;20,3;19,5;17,6;16,2;87;79;83;155;2,7;1,1;
2022/06/04;0600 UTC;0;982,3;982,5;982,3;;19,6;17;19,8;19,4;17;16,5;86;83;85;170;2,4;1,2;
2022/06/04;0700 UTC;0;982,5;982,5;982,3;;18,3;16,8;19,6;18,3;17,1;16,3;91;84;91;130;2,2;,7;
2022/06/04;0800 UTC;0;982,9;982,9;982,5;;18,6;15,9;18,8;18,1;17,1;15,9;91;84;84;171;2,4;1,4;
2022/06/04;0900 UTC;0;983,1;983,1;982,8;;18,2;16,2;19,4;17,9;16,3;15,4;88;81;88;61;2,4;,8;
2022/06/04;1000 UTC;0;983,7;983,7;983,1;57,7;18,1;15,9;18,6;17,6;16,4;15,4;88;86;87;90;1,9;,4;
2022/06/04;1100 UTC;0;984,4;984,4;983,7;599,5;22,5;16,2;22,7;18,1;18;15,9;87;68;68;110;2,5;1,6;
2022/06/04;1200 UTC;0;985;985;984,4;1344,6;25,7;17;25,7;22,5;17;16;68;59;59;139;4,1;2,7;
2022/06/04;1300 UTC;0;984,7;985;984,7;2030,5;29,3;14,2;29,5;25,4;17,3;13,8;59;39;40;135;7,9;3,6;
2022/06/04;1400 UTC;0;984,5;984,8;984,5;2485,2;30,9;13,4;30,9;29,1;15,2;12,5;41;33;34;133;7,9;4,1;
2022/06/04;1500 UTC;0;984;984,5;984;2707,1;32,9;13,5;33,2;30,6;14,2;12,7;34;30;31;124;7,1;2,9;
2022/06/04;1600 UTC;0;983,3;984;983,3;2749,6;33,8;12,3;34,3;32,6;13,6;11,7;31;26;27;85;7,6;3,5;
2022/06/04;1700 UTC;0;982,7;983,3;982,7;2552,8;34;12,7;34,9;33,6;13,1;11,5;28;26;28;109;7,8;4;
2022/06/04;1800 UTC;0;982,2;982,7;982,1;2194,4;34,8;13,5;34,9;33,8;13,5;12;28;26;28;111;8,2;3,3;
2022/06/04;1900 UTC;0;982;982,2;982;1679,5;33,7;14,2;35,2;33,5;14,2;12,2;31;26;31;132;7,6;2,6;
2022/06/04;2000 UTC;0;982;982;981,9;1097,3;32,4;13,8;34,2;32,4;14,7;13,4;33;29;32;127;5,1;2,8;
2022/06/04;2100 UTC;0;982,1;982,1;982;131,5;29,6;15,7;32,4;29,6;15,7;13,9;43;32;43;152;5;1,9;
2022/06/04;2200 UTC;0;982,1;982,2;982,1;;26,2;16,5;29,6;26,2;16,6;15,7;56;43;55;184;3;1,4;
2022/06/04;2300 UTC;0;982,7;982,7;982,1;;25;17;26,2;25;17,2;16,5;61;55;61;191;2,2;1,2;
2022/06/05;0000 UTC;0;983,1;983,1;982,7;;23,6;17,3;25;23,6;17,3;16,9;68;61;68;173;1,7;,9;
2022/06/05;0100 UTC;0;983,1;983,2;983,1;;21,9;17,6;23,6;21,9;17,8;17,3;77;68;77;195;1,7;1,2;
2022/06/05;0200 UTC;0;983,4;983,4;983,1;;21,7;17,8;22;21,6;18,4;17,6;80;76;78;159;2,1;1,5;
2022/06/05;0300 UTC;0;983,9;983,9;983,4;;22,5;17,8;22,6;21,7;18,1;17,7;78;75;75;135;2,5;1,3;
2022/06/05;0400 UTC;0;984;984;983,8;;21,2;17,2;22,8;21,2;18;17,2;78;74;78;116;2,9;,8;
2022/06/05;0500 UTC;0;983,8;984;983,8;;19,7;16,5;21,2;19,7;17,8;16,4;82;78;82;75;1,5;,7;
2022/06/05;0600 UTC;0;983,4;983,8;983,4;;19,2;15,6;19,9;19;16,5;15,6;82;77;80;103;1,6;1;
2022/06/05;0700 UTC;0;983,6;983,6;983,4;;20,2;14,5;20,2;18,8;15,7;14,5;81;70;70;115;2,8;1,5;
2022/06/05;0800 UTC;0;984,1;984,1;983,5;;19,6;14,3;20,7;19,6;14,5;14,2;72;66;72;81;4,1;1,2;
2022/06/05;0900 UTC;0;984,4;984,5;984,1;;18,4;14,5;20,5;18,3;14,6;14,1;79;68;78;31;3,4;,5;
2022/06/05;1000 UTC;0;985,3;985,3;984,4;58,5;18,7;15,4;18,9;17,8;15,4;14,3;82;76;81;246;1,6;,9;
2022/06/05;1100 UTC;0;985,9;985,9;985,3;581,5;24;16,2;24;18,7;16,5;15,3;81;62;62;114;2,2;1,2;
2022/06/05;1200 UTC;0;986,4;986,4;985,9;1325,3;26,4;16,4;26,8;24;16,7;15,8;62;53;54;129;4,7;2,3;
2022/06/05;1300 UTC;0;986,5;986,6;986,4;2054,5;29,5;15,3;29,9;26,4;17,1;14,8;54;42;42;95;11,2;5,1;
2022/06/05;1400 UTC;0;985,9;986,5;985,9;2538,7;30,7;14,8;31,1;29,5;15,8;14,3;42;37;38;87;10;4,9;
2022/06/05;1500 UTC;0;985,4;985,9;985,4;2790,4;31,8;14,6;32,4;30,7;15,3;14,1;38;34;35;80;9,2;3,9;
2022/06/05;1600 UTC;0;984,4;985,4;984,3;2796,4;33,7;15,1;33,7;31,8;15,2;13,9;36;32;33;107;7,9;3,5;
2022/06/05;1700 UTC;0;983,4;984,4;983,4;2579,4;33,4;14,7;33,9;32,6;15,2;14,2;34;32;33;101;7,7;3,4;
2022/06/05;1800 UTC;0;982,8;983,4;982,8;2221,1;33,5;13,7;34;33,1;15,2;13,3;33;29;30;103;6,3;2,7;
2022/06/05;1900 UTC;0;982,5;982,8;982,5;1686;33,7;13,5;33,9;33,2;14,4;13;32;29;30;100;5,9;2,2;
2022/06/05;2000 UTC;0;982,4;982,5;982,4;996,5;32;14,9;33,7;31,9;14,9;13;36;29;36;130;4,5;2,1;
2022/06/05;2100 UTC;0;982,6;982,7;982,4;163,2;28,8;16,2;32;28,8;16,2;14,5;47;35;47;146;5,2;1,1;
2022/06/05;2200 UTC;0;983;983;982,6;;26,4;16,6;28,9;26,1;17,2;16;57;46;55;142;3;1,4;
2022/06/05;2300 UTC;0;983,2;983,2;983;;26,3;16,1;27,1;26,2;16,6;16,1;55;51;54;130;3,6;1,5;
2022/06/06;0000 UTC;0;983,8;983,8;983,2;;23,5;16,6;26,3;22,9;17,1;16,1;70;54;65;171;3,2;1,4;
2022/06/06;0100 UTC;0;984,3;984,3;983,8;;23,5;16,8;24,3;23,5;17;16,5;66;63;66;165;2,9;1,4;
2022/06/06;0200 UTC;0;984,8;984,8;984,3;;23;17,3;23,5;22;18;16,8;77;66;71;143;2,9;1,4;
2022/06/06;0300 UTC;0;984,7;984,9;984,6;;21,4;17;23;21,4;17,3;16,9;76;70;76;208;2,4;,7;
2022/06/06;0400 UTC;0;984,2;984,7;984,2;;21,2;17,1;21,4;21;17,2;17;78;76;77;157;1,5;1,1;
2022/06/06;0500 UTC;0;983,9;984,3;983,9;;20,6;16,8;21,3;20,6;17,1;16,7;79;76;79;183;2,4;1,6;
2022/06/06;0600 UTC;0;983,8;984;983,8;;21,6;16,9;21,6;20,5;16,9;16,5;79;74;75;142;3,2;1,5;
2022/06/06;0700 UTC;0;983,8;983,8;983,6;;21;17,3;21,7;21;17,5;16,9;80;75;80;128;3,5;1,3;
2022/06/06;0800 UTC;0;984,1;984,1;983,8;;20,5;16,8;21;19,6;17,2;16,8;85;79;79;141;2,9;1,9;
2022/06/06;0900 UTC;0;984,5;984,5;984,1;;20,4;16,5;20,8;20,4;16,8;16,4;79;78;78;138;3,3;1,5;
2022/06/06;1000 UTC;0;984,9;984,9;984,4;59,4;20,7;16,4;20,7;20,1;16,5;16,3;79;76;76;138;3,5;1,9;
2022/06/06;1100 UTC;0;986;986;984,9;589,4;23,8;16,7;23,9;20,7;17,2;16,4;77;64;65;113;3,5;1,9;
2022/06/06;1200 UTC;0;986,5;986,5;986;1334,2;26,1;15,5;26,3;23,7;17,1;15,5;65;52;52;127;6;3,5;
2022/06/06;1300 UTC;0;986,5;986,7;986,5;2065,9;28,5;13,5;28,6;26;15,8;13,5;53;40;40;125;7,3;3,7;
2022/06/06;1400 UTC;0;986,1;986,5;986;2546,3;29,8;13,5;29,8;28,2;13,9;12,8;41;36;37;112;8,4;3,9;
2022/06/06;1500 UTC;0;985,3;986,1;985,3;2789,7;30,2;12,8;30,8;29,4;14,2;12,8;38;34;34;105;7,2;2,8;
2022/06/06;1600 UTC;0;984,4;985,3;984,4;2807,7;30,8;13,5;31,7;29,9;14,2;12,9;36;33;35;69;6,9;3,4;
2022/06/06;1700 UTC;0;983,4;984,4;983,4;2588,9;31,2;13,6;31,9;30,6;13,9;12,7;35;32;34;62;6,5;2,5;
2022/06/06;1800 UTC;0;982,5;983,4;982,5;2234,4;31,9;13,2;32,1;31;13,8;12,6;34;31;32;75;5,2;2,5;
2022/06/06;1900 UTC;0;982;982,5;982;1690,2;31,8;12,8;32,5;31,3;13,9;12,1;34;30;31;105;5,2;2;
2022/06/06;2000 UTC;0;982,3;982,3;982;997,4;30,6;14,1;31,9;30,6;14,2;12,6;37;31;37;135;4;1,6;
2022/06/06;2100 UTC;0;982,7;982,7;982,3;160,7;27,3;16,3;30,6;27,3;16,4;13,9;51;36;51;144;3;1,1;
2022/06/06;2200 UTC;0;983,5;983,5;982,7;;24,4;16,7;27,3;24,4;17;16,4;62;51;62;179;2,2;1,1;
2022/06/06;2300 UTC;0;984,2;984,2;983,5;;23,5;16,7;24,5;23,5;16,8;16,6;66;62;66;152;1,8;,9;
2022/06/07;0000 UTC;0;984,7;984,7;984,2;;21,4;16,9;23,5;21,4;17,2;16,7;76;66;76;190;2;,6;
2022/06/07;0100 UTC;0;984,9;984,9;984,7;;20,9;17,1;21,4;20,8;17,1;16,8;79;75;79;213;1,3;,9;
2022/06/07;0200 UTC;0;984,7;984,9;984,7;;20,5;17,5;21,1;19,4;17,8;16,4;86;78;83;206;2,5;1;
2022/06/07;0300 UTC;0;984,6;984,8;984,6;;20,2;17,4;20,6;19,9;17,7;17,2;86;82;84;205;2,3;1,4;
2022/06/07;0400 UTC;0;984,5;984,6;984,5;;19,6;17;20,2;19,6;17,5;16,9;85;84;85;195;2;,7;
2022/06/07;0500 UTC;0;984,1;984,5;984,1;;18,9;16,9;19,6;18,9;17,2;16,7;89;85;88;135;1,3;,7;
2022/06/07;0600 UTC;0;983,8;984,1;983,8;;18,9;16,9;18,9;18,5;17,2;16,6;90;88;88;197;1,6;1,1;
2022/06/07;0700 UTC;0;983,9;983,9;983,7;;18,6;16,7;18,9;18,5;16,9;16,6;90;88;89;187;1,7;,6;
2022/06/07;0800 UTC;0;984,2;984,2;983,9;;18,8;17;18,8;18,2;17,2;16,4;91;89;89;79;1,7;1;
2022/06/07;0900 UTC;0;984,6;984,6;984,2;;19,6;17,9;19,6;18,8;17,9;17;91;89;90;119;4,1;2,2;
2022/06/07;1000 UTC;0;985;985;984,6;34,8;19,7;16,2;19,8;19,2;17,8;16,2;90;80;80;122;4,3;1,7;
2022/06/07;1100 UTC;0;985,7;985,7;985;579,3;22,7;15,4;22,7;19,7;16,3;15,3;80;63;63;119;3,6;1,9;
2022/06/07;1200 UTC;0;986,1;986,2;985,7;1327,8;26,1;14,4;26,2;22,7;15,6;14;63;48;48;116;4,5;2,7;
2022/06/07;1300 UTC;0;986,1;986,2;986,1;2054,3;28,2;12,2;28,3;25,9;14,5;11,9;48;37;37;139;5,2;3,2;
2022/06/07;1400 UTC;0;985,6;986,1;985,6;2525,9;29,6;11,2;30,4;28,2;12,5;11,2;37;32;32;149;5,3;3;
2022/06/07;1500 UTC;0;984,8;985,6;984,8;2774,5;31,7;10,3;31,9;29,6;11,9;10,1;32;27;27;114;5,1;2,4;
2022/06/07;1600 UTC;0;984;984,8;984;2798,4;32,2;11;32,5;31,2;11,4;9,9;28;26;27;101;5;1,8;
2022/06/07;1700 UTC;0;982,9;984;982,9;2578;32,4;10,8;33,5;31,5;11,8;10,4;28;26;27;14;4,3;1,6;
2022/06/07;1800 UTC;0;981,9;982,9;981,9;2217,4;32,5;10,9;32,8;31,9;11,7;10,4;28;26;27;28;4;1,4;
2022/06/07;1900 UTC;0;981,5;981,9;981,5;1680,1;32,4;10,5;33,4;32,2;11,3;10,1;27;25;26;145;4,1;2,1;
2022/06/07;2000 UTC;0;981,6;981,6;981,5;995,5;31,2;11,4;32,6;31,1;11,5;10,6;30;26;30;159;4,8;2,7;
2022/06/07;2100 UTC;0;981,9;981,9;981,6;168,9;27,3;13,9;31,2;27,3;13,9;11,2;44;29;44;183;4,7;1,1;
2022/06/07;2200 UTC;0;982,2;982,2;981,9;;23,3;16,1;27,3;23,2;16,2;13,8;64;44;64;175;2;,4;
2022/06/07;2300 UTC;0;982,7;982,7;982,2;;21,1;15,9;23,3;21,1;16,2;15,7;72;64;72;206;,8;,5;
2022/06/08;0000 UTC;0;983,3;983,3;982,7;;20,4;16,7;21,1;19,7;17,2;15,8;81;72;80;345;3,2;,8;
2022/06/08;0100 UTC;0;983,5;983,5;983,3;;19,7;16,1;20,4;19,6;16,8;15,9;81;79;80;71;1,3;,5;
2022/06/08;0200 UTC;0;983,6;983,6;983,5;;19,2;15,9;19,8;18,9;16,2;15,7;83;79;81;114;1,1;,4;
2022/06/08;0300 UTC;0;983,5;983,6;983,4;;18,5;15,3;19,3;18,5;17,2;15,3;88;81;82;195;,8;,4;
2022/06/08;0400 UTC;0;983,3;983,5;983,3;;17,7;15,4;18,6;17,6;15,8;14,9;86;82;86;139;1;,5;
2022/06/08;0500 UTC;0;983,1;983,3;983,1;;16,9;15,1;17,8;16,9;15,7;15;89;86;89;194;2;,8;
2022/06/08;0600 UTC;0;983;983,1;982,9;;16,8;15,1;17,4;16,8;15,6;14,6;90;87;90;191;2;1,1;
2022/06/08;0700 UTC;0;983;983,1;983;;16,7;15,3;17,3;16,5;15,9;14,7;92;88;92;18;1,8;1;
2022/06/08;0800 UTC;0;983,5;983,6;983;;15,9;14,6;16,7;15,9;15,4;14,5;93;90;92;73;1,4;,8;
2022/06/08;0900 UTC;0;983,7;983,8;983,5;;15,7;14,2;16,6;15,6;15,5;14,1;93;91;91;73;1,3;,3;
2022/06/08;1000 UTC;0;984,2;984,2;983,7;53,7;16,7;15;16,7;15,6;15;14;91;89;90;13;1,3;,8;
2022/06/08;1100 UTC;0;985;985;984,2;570;21,6;16,8;21,7;16,7;17,9;15;90;74;74;104;2;1,1;
2022/06/08;1200 UTC;0;985,7;985,7;985;1331,4;24,5;18;24,5;21,3;18,1;16,5;75;67;67;104;3,7;1,6;
2022/06/08;1300 UTC;0;985,5;985,7;985,5;2053;27,9;16,7;27,9;24,6;18,1;16,3;67;51;51;155;4,9;2,7;
2022/06/08;1400 UTC;0;984,7;985,5;984,7;2529,3;30,4;14,2;30,7;27,9;17,4;14;51;37;37;136;4,9;2,2;
2022/06/08;1500 UTC;0;983,7;984,7;983,7;2781,8;32,6;13,3;32,8;30,5;15,4;12,6;38;31;31;114;4,9;1,8;
2022/06/08;1600 UTC;0;982,4;983,7;982,4;2817,2;33,8;10,4;33,9;32;13,1;10,3;31;24;24;71;6,5;2,5;
2022/06/08;1700 UTC;0;981,3;982,4;981,3;2619,5;33,5;10;34;33;11,7;8,6;26;22;24;10;5,3;2,4;
2022/06/08;1800 UTC;0;980,6;981,3;980,6;2232;34;11,4;34;32,9;11,5;9,8;26;24;25;54;5,2;2;
2022/06/08;1900 UTC;0;980,4;980,6;980,4;1690,5;33,1;10,6;34,1;33;11,9;10,2;27;24;25;1;6,4;2,1;
2022/06/08;2000 UTC;0;980,5;980,5;980,3;1002,6;31,9;11,6;33,3;31,9;12;9,9;29;24;29;5;3,7;1,5;
2022/06/08;2100 UTC;0;980,9;980,9;980,5;162,8;27;17,2;31,9;27;17,2;11,7;55;29;55;308;2,3;,3;
2022/06/08;2200 UTC;0;981,5;981,5;980,9;;23,5;15,9;27;23,5;17,4;15,6;65;55;62;206;1,2;,9;
2022/06/08;2300 UTC;0;982,1;982,1;981,5;;22,5;16,4;23,6;22,2;17,7;15,8;73;62;68;176;1,8;,5;
2022/06/09;0000 UTC;0;982,6;982,6;982,1;;20,6;16,4;22,5;20,2;16,4;15,3;77;66;77;193;2,4;2;
2022/06/09;0100 UTC;0;983,1;983,1;982,6;;21,1;15,9;21,6;20,6;17,1;15,9;79;72;72;201;2,4;1,2;
2022/06/09;0200 UTC;0;983,4;983,4;983,1;;19,5;15,2;21,1;19,5;15,9;15,2;77;71;76;205;1,7;,7;
2022/06/09;0300 UTC;0;983,4;983,5;983,3;;18,8;15,4;20,1;18,7;15,6;15,1;81;74;81;308;2,4;1,2;
2022/06/09;0400 UTC;0;983,2;983,5;983,2;;17,6;14,9;18,8;17,6;15,7;14,8;86;81;84;185;1,9;,7;
2022/06/09;0500 UTC;0;982,9;983,2;982,9;;17,6;15,2;17,9;17,5;15,7;15;87;84;86;203;1,3;,4;
2022/06/09;0600 UTC;0;982,6;982,9;982,6;;17,3;15,9;17,8;17;16,2;14,9;91;86;91;197;2;1,4;
2022/06/09;0700 UTC;0;982,9;983;982,5;;17,5;16;17,7;16,7;16,3;14,9;92;88;91;346;5;1,1;
2022/06/09;0800 UTC;0;983,5;983,5;982,9;;17,2;15,8;17,5;16,6;16;14,8;91;89;91;107;2,7;1,4;
2022/06/09;0900 UTC;0;983,6;983,6;983,5;;19;15,6;19;17,2;16,6;15,4;92;81;81;157;2,3;1,5;
2022/06/09;1000 UTC;0;984,2;984,2;983,6;38,9;18,7;16,3;19;18,1;16,3;15,3;86;80;86;160;2,5;1,6;
2022/06/09;1100 UTC;0;985;985;984,2;562,6;22,6;16,7;22,7;18,7;17,2;16,4;86;69;69;150;3,3;1,9;
2022/06/09;1200 UTC;0;985,2;985,2;985;1301,3;26;17,2;26;22,5;17,5;16,5;70;58;58;117;3,5;1,5;
2022/06/09;1300 UTC;0;985,2;985,4;985,2;2014,7;29,1;16,5;29,1;25,9;17,5;16,2;58;47;47;153;3,6;2;
2022/06/09;1400 UTC;0;984,6;985,2;984,6;2483,2;31,5;14,6;32;28,8;16,9;13,3;48;33;36;145;4;2,2;
2022/06/09;1500 UTC;0;983,8;984,6;983,8;2740,3;32,7;13,1;33,2;31,2;15;12,2;37;29;31;165;5,4;2,8;
2022/06/09;1600 UTC;0;983,1;983,8;983,1;2760,1;33,8;11,1;34;32,7;13,2;10,5;30;25;25;105;5,6;1,8;
2022/06/09;1700 UTC;0;982,3;983,1;982,3;2435;34,2;11,6;34,9;32,9;11,8;10,9;26;24;25;102;5;2;
2022/06/09;1800 UTC;0;982,1;982,3;982;2158;34,5;11,5;34,9;33,4;12,1;11,1;27;25;25;131;4,5;1,6;
2022/06/09;1900 UTC;0;982;982,1;981,9;1666,1;33,9;12,2;34,7;33,6;12,2;10,8;27;24;27;119;3,1;1,3;
2022/06/09;2000 UTC;0;982,2;982,2;982;988,6;32,8;12,5;34;32,8;13,2;11,9;29;27;29;154;3,9;1,4;
2022/06/09;2100 UTC;0;982,7;982,7;982,2;162,5;28,7;15,9;32,8;28,7;16;12,5;46;29;46;148;3,6;,9;
2022/06/09;2200 UTC;0;982,8;982,9;982,7;;25;16,6;28,7;24,9;16,8;15,7;61;46;60;202;1,7;1,1;
2022/06/09;2300 UTC;0;983,1;983,1;982,8;;23,4;16,3;25;23,4;16,9;16,2;65;60;65;201;1,6;1,1;
2022/06/10;0000 UTC;0;983,4;983,4;983,1;;22,3;16,4;23,5;22,3;16,5;16,2;69;64;69;209;2;1,3;
2022/06/10;0100 UTC;0;983,4;983,4;983,3;;21,3;16,1;22,3;21,3;16,7;16,1;73;69;72;202;1,9;1,1;
2022/06/10;0200 UTC;0;983,8;983,8;983,4;;19,8;16,6;21,3;19,8;16,6;16,1;82;72;82;211;1,3;,3;
2022/06/10;0300 UTC;0;983,7;983,9;983,6;;19,4;16,5;20,1;19,2;16,8;16,1;84;80;84;207;2;1,2;
2022/06/10;0400 UTC;0;983,8;983,9;983,5;;19,2;16,1;19,9;18,6;16,6;15,3;84;78;82;200;1,9;1,2;
2022/06/10;0500 UTC;0;983,8;984;983,8;;19,1;16,6;19,2;18,7;16,6;15,7;86;82;85;199;1,9;,6;
2022/06/10;0600 UTC;0;983,7;983,8;983,5;;18,4;16;19,6;18,4;16,8;15,9;87;81;85;73;1,6;,7;
2022/06/10;0700 UTC;0;983,6;983,7;983,5;;18,1;16;18,8;18;16,5;15,9;88;85;88;54;1,6;,7;
2022/06/10;0800 UTC;0;983,5;983,6;983,5;;17,7;15,8;18,3;17,7;16,2;15,8;89;87;89;42;1;,2;
2022/06/10;0900 UTC;0;983,7;983,7;983,5;;17,2;15,5;17,8;17,2;16,3;15,5;92;88;90;98;,8;,2;
2022/06/10;1000 UTC;0;984;984;983,7;47,6;18,2;16,5;18,2;17,1;16,5;15,5;92;90;90;239;2;1,2;
2022/06/10;1100 UTC;0;984,6;984,6;984;544,4;22,2;17,2;22,2;18,3;17,4;16,6;90;74;74;192;2,2;1,4;
2022/06/10;1200 UTC;0;985,2;985,2;984,6;1271,1;25,2;16,6;25,2;22,2;17,5;16;74;58;59;178;4,1;1,5;
2022/06/10;1300 UTC;0;985,1;985,2;985,1;1982,2;28,3;16,6;28,4;25,3;16,8;15,8;59;49;49;106;3,6;1,4;
2022/06/10;1400 UTC;0;984,6;985,1;984,6;2447,2;30,5;13,9;31,2;28;17;13,9;49;36;36;153;4,2;1,6;
2022/06/10;1500 UTC;0;983,6;984,6;983,6;2705,8;32,2;13;32,5;30,2;14,7;12,4;38;30;31;156;6,7;2,3;
2022/06/10;1600 UTC;0;982,8;983,6;982,8;2731,8;33,4;12,5;33,9;32,2;13,7;12,5;32;28;28;163;5;2,4;
2022/06/10;1700 UTC;0;982,1;982,8;982,1;2553,7;34;11,4;35,3;33,3;12,8;10,9;28;24;25;134;4,2;1,4;
2022/06/10;1800 UTC;0;981,8;982,1;981,7;2232,2;35;9,8;35,1;33,9;11,8;9;26;21;22;166;3,9;1;
2022/06/10;1900 UTC;0;981,9;981,9;981,7;1614;33,3;11,5;35,8;33,2;11,7;9,2;27;21;27;197;3,6;1,8;
2022/06/10;2000 UTC;0;982;982;981,9;975;33;13,7;34,3;33;13,7;10,5;31;24;31;204;3,1;1;
2022/06/10;2100 UTC;0;982,5;982,5;982;154,7;27,5;17,6;33;27,5;17,6;13,4;55;31;55;218;2;1;
2022/06/10;2200 UTC;0;982,8;982,8;982,5;;24,7;16,9;27,5;24,4;17,5;16,3;63;54;62;207;2,4;1,2;
2022/06/10;2300 UTC;0;983,2;983,2;982,8;;24,1;16,6;24,8;23,4;16,9;16,4;66;60;63;202;3;1,8;
2022/06/11;0000 UTC;0;983,8;983,8;983,2;;22,1;16,5;24,2;22,1;16,7;16,1;70;62;70;214;3;1,2;
2022/06/11;0100 UTC;0;984,1;984,1;983,8;;21,5;16,7;22,9;21,3;16,7;15,4;74;63;74;136;3,1;,8;
2022/06/11;0200 UTC;0;984;984,2;984;;20,8;15,6;21,7;20,8;16,8;15,6;74;72;72;200;1,6;1,1;
2022/06/11;0300 UTC;0;984;984,1;983,8;;20,3;15,9;21,8;20,3;16,3;15,7;76;70;76;284;4,2;,7;
2022/06/11;0400 UTC;0;983,4;984;983,4;;19,4;16;20,3;19,4;16,4;15,9;81;76;80;195;1,6;1;
2022/06/11;0500 UTC;0;982,9;983,4;982,8;;18,8;15,6;19,7;18,8;16,2;15,6;82;80;82;193;2;,7;
2022/06/11;0600 UTC;0;982,7;982,9;982,7;;18,5;15,8;19;18,4;16;15,6;84;82;84;176;1,5;,7;
2022/06/11;0700 UTC;0;982,6;982,7;982,5;;18,1;15,8;18,5;17,9;15,9;15,5;86;83;86;184;1,5;,5;
2022/06/11;0800 UTC;0;982,6;982,6;982,5;;18,4;15,8;18,6;17,6;16,1;15,4;88;85;85;186;2,5;1,5;
2022/06/11;0900 UTC;0;982,8;982,8;982,6;;17,2;15,3;18,4;17,2;15,9;15,3;88;85;88;148;2,2;,6;
2022/06/11;1000 UTC;0;983,6;983,6;982,8;45;18,4;16,2;18,4;17;16,6;15,3;92;87;87;348;2,6;1,7;
2022/06/11;1100 UTC;0;984,2;984,2;983,6;534;22,7;16,7;22,9;18,4;17,4;16,1;87;69;69;99;2,6;1,4;
2022/06/11;1200 UTC;0;984,7;984,7;984,2;1259,5;25;17,3;25,3;22,7;17,9;16,8;70;62;62;150;2,9;1,8;
2022/06/11;1300 UTC;0;984,7;984,7;984,6;1977,8;28,6;16,1;28,7;25;17,6;15,7;63;47;47;148;4,8;1,4;
2022/06/11;1400 UTC;0;984,3;984,7;984,3;2427,8;29,9;15,6;30,5;28,2;16,9;14,6;48;41;42;176;4,8;1,7;
2022/06/11;1500 UTC;0;983,7;984,4;983,7;2684,9;31,8;13,7;32;29,9;15,8;13,7;42;33;33;161;5,7;2,8;
2022/06/11;1600 UTC;0;982,8;983,7;982,8;2723;33,3;13,4;33,4;31,5;14,2;13;34;30;30;135;5,7;2,5;
2022/06/11;1700 UTC;0;981,9;982,8;981,9;2523,1;33,5;12,6;34,5;32,8;13,5;12,1;30;27;28;149;4,4;2,1;
2022/06/11;1800 UTC;0;981,3;981,9;981,3;2147,5;33,8;12,3;34,6;33,1;13,3;12;29;26;27;115;4,4;1,4;
2022/06/11;1900 UTC;0;981,1;981,3;981,1;1612,4;34;13,3;34,5;33,6;13,6;12;29;27;29;145;3,2;1,1;
2022/06/11;2000 UTC;0;981,4;981,4;981,1;949,3;32,3;13,5;34;32,3;14;12,6;32;28;32;136;4,1;1,8;
2022/06/11;2100 UTC;0;981,7;981,7;981,4;160,1;28,6;16,3;32,4;28,6;16,5;13;47;31;47;206;3,3;1,4;
2022/06/11;2200 UTC;0;982,2;982,2;981,7;;25,9;16,2;28,6;25,9;17;15,8;55;47;55;219;2,5;1,4;
2022/06/11;2300 UTC;0;982,8;982,8;982,2;;23,7;16,9;25,9;23,7;17;16,1;66;55;65;195;2,4;,8;
2022/06/12;0000 UTC;0;983,5;983,5;982,8;;22,8;16,4;23,8;22,7;17;16,4;70;64;67;214;2,2;1,3;
2022/06/12;0100 UTC;0;983,9;983,9;983,5;;21,7;16,1;23;21,3;16,7;16;73;66;70;226;2,4;1,9;
2022/06/12;0200 UTC;0;984,1;984,2;983,9;;22;15,9;22;21,1;16,9;15,9;77;69;69;201;2,4;1,1;
2022/06/12;0300 UTC;0;984,2;984,2;983,9;;21,7;16,1;22,3;20,6;16,6;15,8;76;69;71;227;8,5;1,6;
2022/06/12;0400 UTC;0;983,6;984,2;983,6;;21,1;16,3;21,7;20,4;16,4;16;77;71;74;208;3;2;
2022/06/12;0500 UTC;0;983,2;983,6;983,2;;20,4;16,6;21,3;20,4;16,7;16,3;79;74;79;217;3,5;1,7;
2022/06/12;0600 UTC;0;982,9;983,2;982,8;;19,4;16,7;20,4;19,3;16,7;16,2;84;79;84;202;2,1;1,2;
2022/06/12;0700 UTC;0;982,7;982,9;982,7;;18,4;16,1;19,4;18,4;16,8;16;86;83;86;234;1,7;,8;
2022/06/12;0800 UTC;0;983,3;983,3;982,7;;18,4;16,3;18,5;18,1;16,6;15,8;88;86;87;115;2,7;1,4;
2022/06/12;0900 UTC;0;983,7;983,7;983,3;;18;16,1;18,6;18;16,7;16,1;89;87;89;77;2,7;,2;
2022/06/12;1000 UTC;0;984,2;984,2;983,6;40,6;18,4;16,6;18,4;17,5;16,6;15,5;90;87;89;140;1,1;,3;
2022/06/12;1100 UTC;0;985;985;984,2;517,1;23;17,9;23;18,4;18,1;16,7;89;73;73;130;2,4;1,3;
2022/06/12;1200 UTC;0;985,5;985,5;985;1230,9;26,7;17,6;26,7;22,8;18,3;16,8;73;56;57;142;3,5;2;
2022/06/12;1300 UTC;0;985,8;985,9;985,5;1938;28,6;15,1;29,5;26,7;17,7;15,1;57;43;44;136;4;2,4;
2022/06/12;1400 UTC;0;985,5;985,9;985,5;2406,6;31,5;13,7;31,5;28,5;15,9;13,6;45;34;34;138;4,9;2,9;
2022/06/12;1500 UTC;0;984,8;985,5;984,8;2517,5;32,5;13,1;33,1;31;14;12,6;34;30;31;143;5,2;2,8;
2022/06/12;1600 UTC;0;983,7;984,8;983,7;2318,1;32,9;12,8;33,3;31,6;14,3;12,2;32;29;30;171;6;3,1;
2022/06/12;1700 UTC;0;983;983,7;983;2577,4;33,7;12,8;34,5;32,8;13,9;12,5;31;28;28;150;6;2;
2022/06/12;1800 UTC;0;982,3;983;982,3;1558,5;33,3;13,2;33,9;33,2;13,6;12,4;30;28;30;168;4,8;1,4;
2022/06/12;1900 UTC;0;982,2;982,3;982,1;1041,3;33;13,7;33,7;32,6;14,1;11,9;32;27;31;160;4,2;2;
2022/06/12;2000 UTC;0;982,5;982,5;982,2;960,3;32,1;13,5;33,5;32,1;14,4;12,8;33;30;32;174;4;1,6;
2022/06/12;2100 UTC;0;983,1;983,1;982,5;151,1;27,9;17,5;32,1;27,9;18,4;13,6;54;32;53;203;2,7;,9;
2022/06/12;2200 UTC;0;983,7;983,7;983,1;;25,2;18,2;27,9;25,2;18,9;17,4;65;53;65;216;1,6;1;
2022/06/12;2300 UTC;0;984,4;984,4;983,7;;24;18,3;25,2;24;18,3;17,7;71;65;71;202;1,8;,9;
2022/06/13;0000 UTC;0;984,9;984,9;984,4;;23,4;17,9;24,1;23,4;18,4;17,9;72;69;71;214;1,4;1,2;
2022/06/13;0100 UTC;0;985;985,2;984,9;;22,7;17,4;23,4;22,3;18;17,4;76;71;72;232;4,6;2,3;
2022/06/13;0200 UTC;0;985,1;985,2;985;;22,4;17,2;23,6;22,2;17,5;17;74;67;73;234;4,2;1,7;
2022/06/13;0300 UTC;0;984,9;985,2;984,9;;23,2;17,3;23,9;21,8;17,3;16,8;75;65;69;230;3,8;2,3;
2022/06/13;0400 UTC;0;984,5;984,9;984,5;;22,6;17,9;23,2;22,6;18;17,3;75;69;75;225;3,8;2,2;
2022/06/13;0500 UTC;0;983,9;984,5;983,9;;21,3;17,9;22,6;21,3;17,9;17,7;81;75;81;218;3,5;1,2;
2022/06/13;0600 UTC;0;983,6;983,9;983,6;;21,1;17,8;21,3;20,7;17,9;17,6;83;81;82;239;3,1;1,2;
2022/06/13;0700 UTC;0;983,5;983,6;983,5;;20;17,5;21;19,7;17,8;16,9;86;81;86;215;2,3;1,4;
2022/06/13;0800 UTC;0;983,8;983,8;983,5;;19,5;17,3;20;19,4;17,5;17,2;87;86;87;223;2,7;1,8;
2022/06/13;0900 UTC;0;984,3;984,3;983,8;;18,9;17,4;19,6;18,5;17,5;16,3;91;86;91;147;2,7;,1;
2022/06/13;1000 UTC;0;985;985;984,3;37,4;18,8;17,3;18,9;18,1;17,4;16,6;92;90;91;16;1;,7;
2022/06/13;1100 UTC;0;985,9;985,9;985;508,9;22,5;18,5;22,8;18,8;19,2;17,4;91;78;78;311;1,7;,4;
2022/06/13;1200 UTC;0;986,3;986,3;985,8;1217,8;25,2;18,4;25,6;22,6;18,9;18,2;78;65;66;112;2,3;1,3;
2022/06/13;1300 UTC;0;986;986,3;986;1921;28,1;18;28,1;25,2;18,7;17,5;66;54;54;139;4,2;2,1;
2022/06/13;1400 UTC;0;986;986,1;986;2388,7;30,4;16,4;30,5;27,9;18,3;16,4;54;43;43;140;4,9;2,8;
2022/06/13;1500 UTC;0;985,2;986;985,2;2634,4;33;15,6;33;30,2;16,7;15;44;35;35;103;5,6;1,8;
2022/06/13;1600 UTC;0;984,5;985,2;984,5;2646,6;32,9;14,3;33,7;31,7;15,9;14,3;37;33;33;131;4,2;1,8;
2022/06/13;1700 UTC;0;983,6;984,5;983,6;2448,5;33,6;14;34,3;32,9;15,4;13,9;33;30;31;147;4,6;1,4;
2022/06/13;1800 UTC;0;983,1;983,6;983,1;2089,1;33,8;13,6;34,6;33,6;14,5;13;31;28;30;157;4,2;1,8;
2022/06/13;1900 UTC;0;982,8;983,1;982,8;1589,1;34,3;14,1;34,9;33,6;14,9;13,7;31;29;30;114;5,1;1,5;
2022/06/13;2000 UTC;0;983;983;982,8;931;33,1;15;34,5;33,1;15;13,8;34;29;34;181;4,1;1;
2022/06/13;2100 UTC;0;983,3;983,3;983;153,7;28,8;17,7;33,1;28,8;18;14,5;51;33;51;183;2,2;1,1;
2022/06/13;2200 UTC;0;983,4;983,4;983,3;;26,1;17,6;28,8;26,1;18,2;17,3;61;51;60;208;1,9;1,1;
2022/06/13;2300 UTC;0;983,7;983,7;983,4;;25;18,2;26,1;25;18,4;17,5;66;59;66;207;1,8;1,2;
2022/06/14;0000 UTC;0;984,3;984,3;983,7;;23,6;18,2;25,1;23,6;18,5;18;71;65;71;203;1,7;,9;
2022/06/14;0100 UTC;0;984,6;984,6;984,3;;22,7;18;23,8;22,7;18,4;17,2;75;67;75;221;2,5;1,2;
2022/06/14;0200 UTC;0;984,7;984,7;984,5;;22,2;18;23,6;22,2;18;17,5;77;69;77;215;3,1;,8;
2022/06/14;0300 UTC;0;984,7;985;984,7;;22;17,8;22,2;21,4;18,1;17,8;80;77;77;308;1,4;,7;
2022/06/14;0400 UTC;0;984,3;984,7;984,3;;21,6;18,1;22;21,2;18,2;17,8;82;77;80;308;1,6;1;
2022/06/14;0500 UTC;0;983,9;984,4;983,9;;20,5;19;21,6;19,8;19;17,5;91;80;91;63;3,7;1,8;
2022/06/14;0600 UTC;0;983,9;983,9;983,8;;20;17,9;20,6;20;19,1;17,9;91;87;88;35;3,7;,8;
2022/06/14;0700 UTC;0;983,5;983,9;983,5;;19,7;17,9;20,3;19,6;18,5;17,7;90;88;89;6;1,3;,8;
2022/06/14;0800 UTC;0;983,2;983,5;983,2;;20,1;18,1;20,1;19,3;18,3;17,3;90;88;88;299;2,1;1,6;
2022/06/14;0900 UTC;0;983,8;983,8;983,2;;19,5;17,8;20,3;19,2;18,1;17;90;84;89;132;3,1;1,8;
2022/06/14;1000 UTC;0;984,1;984,1;983,8;32;19,8;18;20;19,5;18,6;17,8;92;88;90;220;3,1;,9;
2022/06/14;1100 UTC;0;985;985;984,1;487,3;23,2;18,8;23,3;19,8;19,1;18,1;90;76;76;89;1,8;1,1;
2022/06/14;1200 UTC;0;985,6;985,6;985;1201,9;26;19,4;26,1;23,2;19,6;18,7;77;66;67;79;2,7;1,2;
2022/06/14;1300 UTC;0;986;986;985,5;1847,8;29,7;18,3;29,8;26;20,2;18;67;50;50;130;6,3;3,5;
2022/06/14;1400 UTC;0;985,5;986;985,5;2384,1;31,3;17,3;31,4;29,6;18,7;16,2;51;41;43;107;7,3;3,2;
2022/06/14;1500 UTC;0;984,8;985,5;984,8;2598,7;32,3;17;32,7;30,9;18,1;16,9;44;40;40;64;6,8;3,3;
2022/06/14;1600 UTC;0;983,9;984,8;983,9;2638,5;33,5;16,2;33,8;32,1;17,5;15,4;41;34;36;73;6,8;2,9;
2022/06/14;1700 UTC;0;983;983,9;983;2529,3;34,1;15,9;34,4;33,2;16,3;14,8;36;32;34;70;8,5;3,4;
2022/06/14;1800 UTC;0;982,3;983;982,3;2140,8;33,3;14,8;34,2;33,1;16,2;14,7;35;32;33;71;7,1;3,5;
2022/06/14;1900 UTC;0;982;982,4;982;1185,7;32,5;16,3;33,7;32,3;16,3;14,7;38;33;38;84;6,5;1,7;
2022/06/14;2000 UTC;0;982,4;982,4;982;709,3;31,9;17,4;33;31,8;17,5;16,1;43;37;42;122;3,4;1,4;
2022/06/14;2100 UTC;0;982,9;983;982,3;72,9;29,4;19;31,9;29,2;19,8;17,3;57;42;54;82;2,3;,8;
2022/06/14;2200 UTC;0;983,7;983,7;982,9;;27,1;20,1;29,6;27;20,5;18,7;67;53;66;279;6,8;,9;
2022/06/14;2300 UTC;0;984,2;984,2;983,6;;26;20,1;27,1;25,9;20,2;19,8;70;65;70;10;3;1,3;
2022/06/15;0000 UTC;0;984,9;984,9;984,2;;24,7;20,3;26;24,6;20,3;20;77;70;76;331;1,8;,6;
2022/06/15;0100 UTC;0;985,2;985,2;984,9;;23,4;20;24,7;23,4;20,3;19,9;81;76;81;179;1,2;,7;
2022/06/15;0200 UTC;0;985,3;985,3;985,2;;23,6;20,3;23,6;23,3;20,6;20;84;81;82;242;1,3;,7;
2022/06/15;0300 UTC;0;985,4;985,5;985,3;;23,5;20,8;23,8;23,3;20,8;20,2;85;82;85;63;1,2;,9;
2022/06/15;0400 UTC;0;985;985,4;985;;22,7;20,5;23,5;22,6;20,9;20,4;87;85;87;168;1,2;,7;
2022/06/15;0500 UTC;0;984,6;985;984,5;;22,4;20,3;22,8;22,3;20,5;20,2;88;87;88;66;1,5;,8;
2022/06/15;0600 UTC;0;984,2;984,6;984,2;;21,7;19,8;22,6;21,6;20,5;19,6;90;87;89;260;1,3;,3;
2022/06/15;0700 UTC;0;984;984,2;983,9;;21,2;19,4;21,7;21,2;19,9;19,4;90;89;90;63;,9;,3;
2022/06/15;0800 UTC;0;984,5;984,5;984;;21;19,5;21,2;20,9;19,8;19;92;89;91;130;1,6;,9;
2022/06/15;0900 UTC;0;985,2;985,2;984,5;;21,3;19,5;21,5;20,6;20;19;92;90;90;82;1,8;,5;
2022/06/15;1000 UTC;0;985,9;985,9;985,2;23,7;22,4;19,5;22,4;21,2;19,7;19,4;90;84;84;147;4,2;1,9;
2022/06/15;1100 UTC;0;986,8;986,8;985,9;249,3;23,2;19,8;23,4;22,4;20;19,5;84;81;81;121;3;1,9;
2022/06/15;1200 UTC;0;987,6;987,6;986,8;568,4;25,2;20,3;25,3;23,2;20,5;19,7;81;74;74;141;2,9;1,4;
2022/06/15;1300 UTC;0;987,7;987,7;987,6;1766;30;17,8;30,5;25,2;20,7;17,4;75;47;48;80;6,5;3,6;
2022/06/15;1400 UTC;0;987,4;987,7;987,4;2388,7;30,8;16,3;31,2;29,6;18,1;16,3;49;42;42;90;8,7;3,9;
2022/06/15;1500 UTC;0;986,5;987,4;986,5;2663,8;31,5;17;31,6;30,3;17,2;16,1;44;41;42;67;10,8;3,1;
2022/06/15;1600 UTC;0;985,6;986,5;985,6;2720;32;16,6;32,6;30,8;17,5;16,2;43;39;40;62;7,3;3,2;
2022/06/15;1700 UTC;0;984,6;985,6;984,6;2514,2;32,6;17,1;33;31,3;17,5;16,2;42;38;40;89;7;2,6;
2022/06/15;1800 UTC;0;983,7;984,6;983,7;2110;32,5;16,3;33,1;32;17,5;15,4;41;35;38;51;6,8;2,7;
2022/06/15;1900 UTC;0;983,5;983,7;983,4;1433,7;32,5;16,2;33,1;32;16,7;15,4;39;35;38;71;5,2;1,7;
2022/06/15;2000 UTC;0;983,7;983,7;983,4;810,8;31,3;17,9;32,7;31,2;17,9;15,6;45;36;45;132;5,5;1,2;
2022/06/15;2100 UTC;0;983,8;983,8;983,7;178,6;28,7;18,9;31,4;28,7;18,9;17,9;55;45;55;160;4,7;1,9;
2022/06/15;2200 UTC;0;984,1;984,2;983,8;;26,6;18,5;28,7;26,6;18,9;18,4;61;55;61;175;3,8;1,6;
2022/06/15;2300 UTC;0;984,6;984,6;984,1;;24,7;18,7;26,7;24,7;18,8;18,5;69;61;69;201;2,8;1,3;
2022/06/16;0000 UTC;0;985,2;985,2;984,6;;23,4;18,8;24,7;23,4;19,1;18,7;76;69;76;187;2,2;1;
2022/06/16;0100 UTC;0;985,5;985,5;985,2;;22,1;18,4;23,4;22,1;18,9;18,4;80;76;80;222;1,4;,9;
2022/06/16;0200 UTC;0;985,4;985,7;985,4;;21,5;18,9;22,2;20,9;18,9;18,3;86;80;86;220;1,4;,8;
2022/06/16;0300 UTC;0;985,2;985,4;985,2;;20,5;18,1;21,6;20,5;18,9;18;87;83;86;309;1,1;,6;
2022/06/16;0400 UTC;0;985,1;985,3;985,1;;20,1;18,3;20,5;19,8;18,4;17,7;89;86;89;329;2,8;1;
2022/06/16;0500 UTC;0;984,9;985,1;984,8;;20,3;18,4;20,6;19,4;18,9;17,3;91;87;89;14;3,1;,8;
2022/06/16;0600 UTC;0;984,8;985;984,8;;19,4;17,9;20,3;19,2;18,5;17,5;92;88;91;311;1,8;,4;
2022/06/16;0700 UTC;0;984,6;984,8;984,6;;19,2;17,5;20,1;19,2;18,3;17,5;92;87;90;237;2,1;,3;
2022/06/16;0800 UTC;0;984,8;984,8;984,6;;20,7;18;20,9;19,1;18,6;17,2;91;84;84;122;2,3;1,2;
2022/06/16;0900 UTC;0;985,2;985,2;984,8;;21,1;17,4;21,1;20,3;18,2;17,4;86;79;79;136;3,2;1,6;
2022/06/16;1000 UTC;0;985,7;985,7;985,2;46,6;21,9;17,3;21,9;21,1;17,4;17;79;75;75;122;4,5;1,2;
2022/06/16;1100 UTC;0;986,2;986,2;985,7;536,4;24,2;17,5;24,3;21,9;17,9;17,3;75;66;66;138;4,3;1,9;
2022/06/16;1200 UTC;0;986,9;986,9;986,1;1273,2;26,9;16,5;27,3;24,2;17,9;16,5;66;53;53;115;7,7;3,9;
2022/06/16;1300 UTC;0;987;987,2;986,8;1949,6;29,2;15,5;29,8;26,8;17,1;15,3;54;43;43;111;7,7;4,1;
2022/06/16;1400 UTC;0;986,6;987,1;986,6;2438,4;30,6;14,8;31;29,2;15,9;14,6;44;38;38;137;7,1;3,7;
2022/06/16;1500 UTC;0;985,7;986,6;985,7;2671,8;31,5;14,7;31,9;30,2;15,4;14,2;40;35;36;134;6,9;2,9;
2022/06/16;1600 UTC;0;984,7;985,7;984,7;2691,4;32,4;13,4;33,1;31,2;15;13,4;36;31;32;138;6;3,1;
2022/06/16;1700 UTC;0;983,6;984,7;983,6;2506,2;33;12,4;34;32,2;14;12,4;32;28;29;130;6,1;3;
2022/06/16;1800 UTC;0;982,6;983,6;982,6;2159,9;33,6;12,4;34;32,8;13,2;12,4;30;28;28;128;5,8;2,9;
2022/06/16;1900 UTC;0;982,2;982,6;982,2;1655,4;33,3;12,3;33,9;33,1;12,6;11,7;29;27;28;152;5,3;2,9;
2022/06/16;2000 UTC;0;982,1;982,2;982;1003,1;32,1;12,5;33,8;32,1;13;11,8;31;27;30;143;4,5;2,4;
2022/06/16;2100 UTC;0;982,4;982,4;982,1;182,6;28,4;15,6;32,2;28,4;15,6;12,6;46;30;46;167;4,1;1,1;
2022/06/16;2200 UTC;0;982,8;982,8;982,4;;24,1;16,3;28,3;24,1;16,6;15,5;62;46;62;187;2,3;,8;
2022/06/16;2300 UTC;0;983,3;983,3;982,8;;22,6;16,3;24,1;22,3;16,9;16;68;62;68;201;1,6;,9;
2022/06/17;0000 UTC;0;983,6;983,6;983,3;;21;16,4;22,6;21;16,9;16,1;75;68;75;215;1,3;,7;
2022/06/17;0100 UTC;0;983,8;983,9;983,6;;20,3;16;21;20,3;16,5;15,8;77;74;76;199;1;,8;
2022/06/17;0200 UTC;0;983,7;983,9;983,7;;19,3;16,2;20,3;19,3;16,5;15,9;82;76;82;188;1,4;1,1;
2022/06/17;0300 UTC;0;983,5;983,8;983,5;;19,1;16,9;19,7;18,8;17,1;15,9;87;82;87;60;1,3;,5;
2022/06/17;0400 UTC;0;983,1;983,5;983,1;;18,1;16,1;19,1;18,1;17,1;16,1;90;86;88;212;1,9;1,6;
2022/06/17;0500 UTC;0;982,8;983,1;982,8;;17,9;16;18,1;17,8;16,4;15,7;90;87;89;197;1,9;,8;
2022/06/17;0600 UTC;0;982,9;982,9;982,8;;17,6;15,9;17,9;17,5;16;15,5;90;87;89;40;1,7;1,1;
2022/06/17;0700 UTC;0;983,2;983,2;982,9;;16,9;15,1;18,1;16,9;16,8;15,1;92;88;89;318;2,3;1,1;
2022/06/17;0800 UTC;0;983,8;983,8;983,2;;16,6;14,6;17,1;16,6;15,3;14,6;90;87;88;26;1,8;,8;
2022/06/17;0900 UTC;0;984,2;984,2;983,8;;16,3;14,6;16,6;16,1;14,8;14,4;90;88;90;22;1,3;,9;
2022/06/17;1000 UTC;0;984,8;984,8;984,2;43,6;16,9;15,1;16,9;16,2;15,1;14,5;92;89;89;65;1,3;,7;
2022/06/17;1100 UTC;0;985,4;985,4;984,8;513;21;15,7;21,1;16,9;16,8;15,3;90;72;72;133;2,4;1,4;
2022/06/17;1200 UTC;0;986;986;985,4;1254,7;25,1;15,5;25,1;21;16;14,9;72;55;55;121;3,6;2,1;
2022/06/17;1300 UTC;0;985,8;986;985,7;1959,5;29,4;10,1;29,7;24,8;15,7;9,8;55;30;30;86;4,6;2,8;
2022/06/17;1400 UTC;0;985,1;985,8;985,1;2457;31,2;10,3;31,4;29,4;10,9;9,7;31;27;28;69;6,1;2,8;
2022/06/17;1500 UTC;0;984,2;985,1;984,2;2701,1;32,5;10,5;32,5;30,7;11;9,5;29;25;26;61;5,7;2,9;
2022/06/17;1600 UTC;0;983,1;984,2;983,1;2726,2;32,6;9,5;33,5;31,7;11,1;9,2;27;24;24;30;5,6;2,6;
2022/06/17;1700 UTC;0;982,3;983,1;982,3;2533,5;33,2;9,6;33,7;32,4;10,4;9;25;22;23;37;4,8;2,1;
2022/06/17;1800 UTC;0;981,7;982,3;981,7;2184,7;33,3;10,5;34,2;33,1;10,5;9,1;25;22;25;354;4,5;2,1;
2022/06/17;1900 UTC;0;981,5;981,7;981,5;1671,9;33,1;10;33,9;32,9;11,2;9,4;25;23;24;354;4,3;2,1;
2022/06/17;2000 UTC;0;981,7;981,7;981,5;1009,3;32;13,9;33,3;32;13,9;9,8;33;24;33;62;3,6;1,2;
2022/06/17;2100 UTC;0;982,1;982,1;981,7;184,3;27;15,8;32;27;15,9;12,4;51;32;50;152;2,7;,6;
2022/06/17;2200 UTC;0;982,8;982,8;982,1;;23,6;15,3;27,1;23,6;17;15,3;62;50;60;194;1,4;,8;
2022/06/17;2300 UTC;0;983,3;983,3;982,8;;22,3;15,6;23,6;21,8;16;15,4;67;60;66;195;1,4;1,1;
2022/06/18;0000 UTC;0;983,7;983,7;983,3;;20,8;16;22,3;20,8;16,1;15,5;74;66;74;173;1,4;,7;
2022/06/18;0100 UTC;0;983,7;983,8;983,7;;19,9;16,7;21;19,8;16,7;15,7;82;74;82;204;1,1;,9;
2022/06/18;0200 UTC;0;983,7;983,8;983,7;;18,9;15,9;20,2;18,9;16,9;15,5;84;80;83;208;1,5;1,2;
2022/06/18;0300 UTC;0;983,9;983,9;983,7;;19,1;16,5;19,5;18,9;16,6;15,9;85;82;85;203;1,5;1;
2022/06/18;0400 UTC;0;983,9;984;983,9;;18,1;15,9;19,1;18,1;16,6;15,5;89;83;87;198;1,3;,9;
2022/06/18;0500 UTC;0;983,7;983,9;983,7;;17,3;15,2;18,1;17,3;16,2;15,1;88;86;87;327;1,3;,4;
2022/06/18;0600 UTC;0;983,6;983,7;983,5;;16,5;14,7;17,3;16,5;15,4;14,6;89;87;89;27;1,4;1,1;
2022/06/18;0700 UTC;0;983,7;983,8;983,6;;16,3;14,5;16,9;16,2;15,4;14,4;91;88;89;14;1,4;,8;
2022/06/18;0800 UTC;0;984;984;983,7;;16;14,2;16,4;16;14,9;14,1;91;89;89;360;1,3;,8;
2022/06/18;0900 UTC;0;984,7;984,7;984;;15,6;13,9;16;15,6;14,4;13,9;92;89;90;302;1;,6;
2022/06/18;1000 UTC;0;985,3;985,3;984,7;42,1;16,1;14,6;16,1;15,2;14,6;13,6;91;89;91;292;1,4;,8;
2022/06/18;1100 UTC;0;986,2;986,2;985,3;512;21;17;21;16,1;17,3;14,7;91;78;78;187;1,1;,4;
2022/06/18;1200 UTC;0;986,7;986,7;986,2;1234,1;24,5;17,4;24,5;21;17,7;16,2;78;65;65;112;3,2;1,4;
2022/06/18;1300 UTC;0;986,8;986,9;986,7;1912,5;27,5;17,2;27,5;24,4;17,4;16,3;65;53;53;137;4,3;1,4;
2022/06/18;1400 UTC;0;986,5;986,9;986,5;2388,8;30,5;15,4;30,7;27,5;17,3;14,7;53;39;40;132;5,2;2,4;
2022/06/18;1500 UTC;0;985,9;986,5;985,9;2639,1;32;12,8;32,7;29,7;15,6;12,8;40;31;31;137;4,7;3,1;
2022/06/18;1600 UTC;0;985,2;985,9;985,2;2679,2;33,7;12,5;33,8;31,9;13,9;12,1;32;28;28;103;5,1;2,4;
2022/06/18;1700 UTC;0;984,4;985,2;984,4;2501,2;33,6;12,1;34;33,2;12,9;11,9;28;27;27;125;5,1;2,6;
2022/06/18;1800 UTC;0;983,5;984,3;983,4;2167,7;34;10,3;34,6;33,1;12,7;9,7;28;22;24;95;4,5;2,3;
2022/06/18;1900 UTC;0;983,3;983,5;983,2;1638,6;34,1;10,1;34,6;33,8;11;8,7;24;21;23;118;4;2;
2022/06/18;2000 UTC;0;983,2;983,3;983;984,9;32,8;12,5;34,3;32,8;12,5;10,2;29;23;29;129;3,6;1,6;
2022/06/18;2100 UTC;0;983,4;983,4;983,2;178;28,4;16,1;32,8;28,4;16,1;12,5;47;29;47;112;2,8;,8;
2022/06/18;2200 UTC;0;983,9;983,9;983,4;;24,5;17;28,3;24,5;17,5;16,1;63;47;63;147;1,5;,4;
2022/06/18;2300 UTC;0;984,1;984,1;983,8;;22,7;15,8;24,5;22,7;17,1;15,8;66;63;65;149;1;,4;
2022/06/19;0000 UTC;0;984,6;984,6;984,1;;21,6;16;22,7;21,5;16;15,2;71;65;70;129;1,2;,5;
2022/06/19;0100 UTC;0;984,8;984,8;984,6;;20,6;16,6;21,7;20,6;16,9;15,8;78;70;78;148;,8;,3;
2022/06/19;0200 UTC;0;984,8;984,8;984,7;;20,1;17,5;20,9;20,1;17,9;16,5;86;77;85;154;1,1;,8;
2022/06/19;0300 UTC;0;984,6;984,8;984,6;;19,1;15,9;20,2;19,1;17,4;15,9;85;81;82;207;2,2;,9;
2022/06/19;0400 UTC;0;984,3;984,7;984,3;;19,9;17,4;19,9;18,9;17,4;16;87;82;85;216;2,3;1,8;
2022/06/19;0500 UTC;0;984;984,4;984;;18,4;16,4;19,9;18,3;17,3;16,2;88;83;88;330;2,3;,8;
2022/06/19;0600 UTC;0;983,8;984;983,8;;18,3;16,7;18,4;17,8;16,7;16;91;87;90;198;1,5;1,1;
2022/06/19;0700 UTC;0;984;984;983,6;;18;16,2;18,3;17,9;16,8;16;91;88;90;176;1,9;,9;
2022/06/19;0800 UTC;0;984,2;984,3;983,9;;18,1;16,6;18,3;17,8;16,8;16;91;88;91;199;2,2;1;
2022/06/19;0900 UTC;0;984,7;984,7;984,2;;16,8;15,2;18,1;16,7;16,6;15,1;93;90;91;313;1,4;,6;
2022/06/19;1000 UTC;0;985,2;985,2;984,7;41;16,9;15,3;16,9;16,2;15,5;14,8;93;90;90;302;1,6;,3;
2022/06/19;1100 UTC;0;985,8;985,8;985,2;517,9;21;17,7;21,5;16,9;18,7;15,4;90;80;81;23;2,1;1,3;
2022/06/19;1200 UTC;0;986;986;985,2;1268;24,7;17,6;24,8;21;18,4;17,4;82;64;65;89;5,6;1,6;
2022/06/19;1300 UTC;0;986;986,3;985,9;1942,9;30;13;30;24,3;18;13;65;35;35;81;5,3;2,1;
2022/06/19;1400 UTC;0;985,6;986;985,6;2440,4;31,8;9,2;32,5;29,5;12,9;9,2;35;25;25;80;6,9;3,6;
2022/06/19;1500 UTC;0;985;985,6;985;2677;32,8;10,2;33,7;31,8;11;9,1;26;24;25;97;7,2;3,4;
2022/06/19;1600 UTC;0;984,3;985;984,3;2692,7;34;9,2;34,7;32,8;10,6;8,3;25;21;22;99;6,9;2,7;
2022/06/19;1700 UTC;0;983,3;984,3;983,3;2508,6;34;8,9;35,1;33,8;10,6;8,6;23;21;21;98;6,6;2,3;
2022/06/19;1800 UTC;0;982,8;983,3;982,8;2183,3;34,4;7,9;34,9;33,9;10,1;7,4;23;19;20;56;7;2,4;
2022/06/19;1900 UTC;0;982,7;982,8;982,7;1665,7;34,5;9,4;34,8;34;9,6;7,6;22;19;21;84;5,3;1,9;
2022/06/19;2000 UTC;0;982,8;982,8;982,7;1005;32,8;10,9;34,6;32,8;11;7,3;26;19;26;131;4,3;1,4;
2022/06/19;2100 UTC;0;983,2;983,2;982,8;185,1;28,6;13,3;32,8;28,6;13,3;10,7;39;26;39;169;3,8;1,5;
2022/06/19;2200 UTC;0;983,5;983,5;983,2;;24,6;14,8;28,5;24,4;14,8;13,3;54;39;54;198;2,3;1,8;
2022/06/19;2300 UTC;0;983,8;983,8;983,4;;22,9;14,5;25;22,9;15;14,3;59;53;59;205;2,7;1,5;
2022/06/20;0000 UTC;0;984,4;984,4;983,8;;21,7;14,7;22,9;21,6;15,2;14,5;67;59;64;183;2,1;1,3;
2022/06/20;0100 UTC;0;984,6;984,6;984,4;;21,1;15,3;22,2;20,6;15,4;14,5;72;62;70;203;2,2;1;
2022/06/20;0200 UTC;0;984,3;984,6;984,3;;19,5;15,4;21,1;19,4;15,4;15;78;69;77;187;1,5;,9;
2022/06/20;0300 UTC;0;984,6;984,6;984,3;;18,5;15,3;19,6;18,5;15,8;14,9;83;77;82;227;1,2;,3;
2022/06/20;0400 UTC;0;984,6;984,7;984,6;;17,6;14,8;18,5;17,6;15,4;14,8;85;81;84;182;1,2;,3;
2022/06/20;0500 UTC;0;984,5;984,6;984,4;;17,8;15,1;18;17,4;15,9;14,8;88;84;84;193;1,7;,9;
2022/06/20;0600 UTC;0;984,5;984,6;984,5;;18,2;14,9;18,8;17,7;15,6;14,9;87;79;81;174;2,7;1,4;
2022/06/20;0700 UTC;0;984,3;984,5;984,3;;18,5;15,1;18,5;17,7;15,3;14,9;85;81;81;161;2,9;1,8;
2022/06/20;0800 UTC;0;984,6;984,6;984,3;;18,1;14,8;20,2;18;15,2;14,1;81;70;81;53;3,4;1,1;
2022/06/20;0900 UTC;0;985,3;985,3;984,6;;19,4;14,4;19,7;17,3;15,9;14,4;86;73;73;118;4;1,9;
2022/06/20;1000 UTC;0;986,1;986,1;985,3;40,6;19,1;13,7;19,4;18,4;14,3;13,3;74;69;71;82;3,3;1;
2022/06/20;1100 UTC;0;987,1;987,1;986,1;514,3;22,3;13,1;22,4;19,1;15,7;13,1;71;56;56;132;3,3;1,9;
2022/06/20;1200 UTC;0;987,4;987,5;987,1;1244;25,9;13,5;25,9;22,3;14,3;13,1;57;46;46;104;5;2,7;
2022/06/20;1300 UTC;0;987,3;987,4;987,3;1915,1;29,4;11,5;29,7;25,9;13,5;11,5;46;33;33;104;7,8;3,5;
2022/06/20;1400 UTC;0;986,9;987,3;986,9;2406,8;31;11,8;31;29,3;12,2;11,2;34;30;31;102;8,5;3,4;
2022/06/20;1500 UTC;0;986,1;986,9;986,1;2656;31,6;10,5;32;30,8;12;9,9;31;27;27;70;8,3;4,5;
2022/06/20;1600 UTC;0;985,2;986,1;985,2;2683,7;32,5;10,9;33,3;31,5;11,5;9,9;28;25;27;80;8,8;3,6;
2022/06/20;1700 UTC;0;984,2;985,2;984,2;2493,1;33,1;11,4;33,6;32,1;12,3;10,6;29;26;27;122;7,6;3;
2022/06/20;1800 UTC;0;983,6;984,2;983,6;2145,8;33,5;11,6;33,8;32,5;12,1;11;28;26;26;131;6,8;3,3;
2022/06/20;1900 UTC;0;983,5;983,6;983,5;1618,9;32,6;11,4;33,7;32,6;11,7;10,8;28;25;27;143;6,2;3,4;
2022/06/20;2000 UTC;0;983,7;983,7;983,5;948,6;31,3;12,1;33;31,3;12,2;11,5;31;27;31;131;6,5;2,9;
2022/06/20;2100 UTC;0;983,9;983,9;983,7;180,7;28,7;13,4;31,3;28,7;13,4;11,9;39;31;39;136;5,2;1,7;
2022/06/20;2200 UTC;0;984,1;984,1;983,9;;25,9;14,3;28,7;25,6;14,4;13,4;50;39;49;138;2,9;1,2;
2022/06/20;2300 UTC;0;984,5;984,5;984,1;;23,1;14,6;25,9;23,1;14,8;14,1;59;49;59;175;2,4;1,2;
2022/06/21;0000 UTC;0;984,9;984,9;984,5;;21,7;15,6;23,6;21,6;15,6;14,4;68;57;68;189;2,2;1,1;
2022/06/21;0100 UTC;0;985;985,1;984,9;;20,2;15,5;21,8;20,2;15,8;15,4;75;68;74;105;1,4;,4;
2022/06/21;0200 UTC;0;984,8;985,1;984,8;;19,6;16;20,2;19,6;16,7;15,5;81;74;80;156;1;,4;
2022/06/21;0300 UTC;0;984,7;984,8;984,6;;19,5;16,7;19,6;18,9;16,7;15,8;85;79;84;144;1,9;1,2;
2022/06/21;0400 UTC;0;984,4;984,7;984,4;;19,8;15,1;20;19,5;16,7;15,1;84;75;75;168;2,3;1,5;
2022/06/21;0500 UTC;0;984,2;984,4;984,2;;21;15,8;21;19,6;15,8;14,7;75;70;72;136;3,5;1,5;
2022/06/21;0600 UTC;0;984,1;984,2;984,1;;21,3;16,7;21,4;20,9;16,8;15,8;76;72;75;157;3,8;1,6;
2022/06/21;0700 UTC;0;984;984,2;983,9;;20,6;16,2;21,3;20,6;16,9;16,2;78;75;76;153;4,7;2,1;
2022/06/21;0800 UTC;0;984,5;984,5;984;;20,3;15,8;20,7;20,3;16,2;15,5;76;73;75;133;4,1;1,5;
2022/06/21;0900 UTC;0;985,2;985,2;984,5;;18,4;15,2;20,3;18,4;15,8;15,1;81;74;81;115;3,4;1;
2022/06/21;1000 UTC;0;985,8;985,8;985,2;42,9;19,5;13,9;19,5;17,8;15,2;13,5;83;70;70;124;3,6;1,3;
2022/06/21;1100 UTC;0;986,8;986,8;985,8;519;22,9;13,3;23;19,5;14,3;12,8;70;55;55;135;4,6;1,9;
2022/06/21;1200 UTC;0;987,4;987,4;986,8;1245,6;26,7;12,9;26,7;22,7;14,1;12,3;55;42;43;127;5,8;2,9;
2022/06/21;1300 UTC;0;987,6;987,6;987,4;1920;28,4;13,7;28,4;26,7;13,7;12,4;43;40;40;129;9,7;3,3;
2022/06/21;1400 UTC;0;987,3;987,6;987,3;2398,8;30,1;15;30,1;28;15,2;13,2;42;40;40;85;8,1;4;
2022/06/21;1500 UTC;0;986,6;987,3;986,6;2639,4;30,8;14,7;31,3;29,8;15,4;14,4;41;37;38;87;8,2;3,8;
2022/06/21;1600 UTC;0;985,5;986,6;985,4;2662,9;31,9;14,4;32,1;30,5;15,3;13,7;38;34;35;105;8;4,1;
2022/06/21;1700 UTC;0;984,5;985,5;984,5;2489,4;31,7;14;32,3;31,3;14,6;13,6;36;33;34;118;8;2,6;
2022/06/21;1800 UTC;0;983,6;984,5;983,6;1875,7;32;13,6;32,7;30,9;15,3;13,6;38;33;33;87;6;2,6;
2022/06/21;1900 UTC;0;983,3;983,6;983,2;1647,8;31;14,8;32,5;30,9;14,8;13,5;38;32;38;78;6,7;3;
2022/06/21;2000 UTC;0;983,4;983,4;983,2;801,4;29,6;15,6;32,2;29,6;15,6;14;43;34;43;122;5,6;1,8;
2022/06/21;2100 UTC;0;983,6;983,6;983,4;96,8;27,4;16,9;29,6;27,4;16,9;15,6;53;43;53;144;3,1;,9;
2022/06/21;2200 UTC;0;984,1;984,1;983,6;;24,4;16,8;27,4;24,4;17,6;16,8;65;53;63;216;1,7;1,3;
2022/06/21;2300 UTC;0;984,6;984,6;984,1;;23,6;17,1;24,4;23,5;17,2;16,8;67;63;67;217;2,2;1,4;
2022/06/22;0000 UTC;0;984,9;984,9;984,6;;22;17,1;23,6;22;17,3;16,9;73;67;73;208;2,1;1,1;
2022/06/22;0100 UTC;0;985;985;984,9;;21,2;17;22,1;21,2;17,2;16,9;77;73;77;185;1,4;1;
2022/06/22;0200 UTC;0;984,8;985;984,7;;21;17,3;21,6;21;17,3;17;80;76;80;204;1,8;1;
2022/06/22;0300 UTC;0;984,6;984,8;984,6;;20;16,9;21;20;17,7;16,9;84;80;83;200;1,3;,7;
2022/06/22;0400 UTC;0;984,7;984,8;984,6;;19,6;17,6;20;19,4;17,7;16,8;88;83;88;121;1,3;,8;
2022/06/22;0500 UTC;0;984,4;984,7;984,4;;19,3;17,6;19,9;19,2;17,9;16,7;90;85;90;176;1,5;1,1;
2022/06/22;0600 UTC;0;984,1;984,4;984,1;;19,4;17,4;19,5;19,1;17,7;17,4;91;88;88;147;2;1,1;
2022/06/22;0700 UTC;0;984,1;984,2;984,1;;18,6;16,6;19,5;18,6;17,5;16,4;88;86;88;150;2;1;
2022/06/22;0800 UTC;0;984,6;984,6;984,1;;18;16,4;19,1;17,9;17,5;16;91;87;91;65;2;1,4;
2022/06/22;0900 UTC;0;985,2;985,2;984,6;;17,8;15,9;19;17,8;17,5;15,8;92;86;88;78;2;,6;
2022/06/22;1000 UTC;0;985,6;985,6;985,2;32,7;18;16,1;18;17,4;16,4;15,6;91;88;89;99;1,6;,6;
2022/06/22;1100 UTC;0;986,2;986,2;985,6;512,5;22,4;16,8;22,4;18;17,5;16,1;89;70;71;38;2;1,1;
2022/06/22;1200 UTC;0;986,7;986,7;986,2;1240,5;25,1;15,8;25,6;22,4;16,6;15,6;71;55;56;131;3,2;1,7;
2022/06/22;1300 UTC;0;986,6;986,7;986,6;1903,5;29,3;14,8;29,3;25,1;16,7;14,5;57;41;41;89;5,1;2,7;
2022/06/22;1400 UTC;0;986,2;986,6;986,1;2394,4;31,3;14,3;31,3;29,2;15,1;13,8;41;36;36;77;7;2,9;
2022/06/22;1500 UTC;0;985,4;986,2;985,4;2632,9;31,3;14;32,2;30,7;14,8;13,3;36;33;35;71;6,5;3,4;
2022/06/22;1600 UTC;0;984,5;985,4;984,5;2661,8;31,9;13,5;32,6;31,3;14,6;13,2;35;32;33;60;7,1;3,3;
2022/06/22;1700 UTC;0;983,5;984,5;983,5;2491,5;32,4;13,8;32,8;31,5;14,3;13,1;34;32;32;54;7,4;3;
2022/06/22;1800 UTC;0;982,6;983,5;982,6;2168;32,8;13,7;33,2;32,2;14,1;13;33;31;32;84;6;2,3;
2022/06/22;1900 UTC;0;982,3;982,6;982,3;1658,3;32,8;13,8;33,3;32,4;14;13;32;30;32;140;5,2;2,1;
2022/06/22;2000 UTC;0;982,5;982,5;982,2;1023;31,6;14,9;32,8;31,5;15;13,2;37;31;37;144;4,9;2,2;
2022/06/22;2100 UTC;0;982,9;982,9;982,5;200,4;28,5;16,4;31,6;28,5;16,4;14,7;48;36;48;158;4,2;1,1;
2022/06/22;2200 UTC;0;983,2;983,2;982,9;;25;17,2;28,5;25;17,2;16,5;62;48;62;200;2,4;,7;
2022/06/22;2300 UTC;0;983,9;983,9;983,2;;24,2;17,1;25,2;24,2;17,3;16,8;65;60;65;203;2,2;1,2;
2022/06/23;0000 UTC;0;984,5;984,5;983,9;;22,2;17,3;24,2;22;17,5;17,1;75;65;74;196;1,7;,5;
2022/06/23;0100 UTC;0;985;985;984,5;;21,2;16,9;22,2;21,2;17,4;16,6;76;73;76;191;,8;,6;
2022/06/23;0200 UTC;0;984,8;985;984,8;;21;17,2;21,2;20,6;17,4;16,7;81;76;79;203;2,5;1,7;
2022/06/23;0300 UTC;0;984,7;984,8;984,7;;20,5;16,7;21;20,4;17,2;16,6;79;78;79;179;2,7;1;
2022/06/23;0400 UTC;0;984,4;984,8;984,4;;20,1;16,8;20,5;20,1;17,1;16,6;82;79;81;162;2,4;1,1;
2022/06/23;0500 UTC;0;984,1;984,4;984;;18,9;16,9;20,3;18,7;17;16,3;88;80;88;11;3,3;1,5;
2022/06/23;0600 UTC;0;983,9;984,2;983,9;;18,4;16,7;19,7;18,4;17,7;16,5;90;87;89;211;3,3;,6;
2022/06/23;0700 UTC;0;984;984,1;983,8;;17,9;16,2;18,5;17,8;16,9;15,9;90;88;89;298;1;,3;
2022/06/23;0800 UTC;0;984,4;984,4;983,9;;17,2;15,6;18,2;17,2;16,5;15,6;91;89;90;198;1,6;1,3;
2022/06/23;0900 UTC;0;984,9;984,9;984,4;;18,1;16,4;18,3;17,2;16,7;15,6;92;89;90;203;1,9;1,2;
2022/06/23;1000 UTC;0;985,6;985,6;984,9;40,8;18,9;16,5;18,9;17,8;16,5;16;90;86;86;184;2,2;1;
2022/06/23;1100 UTC;0;986,8;986,8;985,6;549,1;23,2;17,9;23,2;18,9;18,1;16,6;86;72;72;138;4,6;2,2;
2022/06/23;1200 UTC;0;987,4;987,4;986,8;1236,5;26,9;16,7;26,9;23,2;18,1;16,7;72;53;53;111;5,2;2,3;
2022/06/23;1300 UTC;0;987,4;987,6;987,4;1842,1;29,2;15,2;29,2;26,9;16,9;14,8;54;42;43;97;5,5;1,9;
2022/06/23;1400 UTC;0;987,3;987,5;987,3;2388,1;30,4;13,8;30,8;29,1;15,3;13,5;43;36;36;64;5,9;2,9;
2022/06/23;1500 UTC;0;986,3;987,3;986,3;2621;32,1;12,7;32,5;30,4;14,2;12,7;36;31;31;103;6,4;2,4;
2022/06/23;1600 UTC;0;985,4;986,3;985,4;2622;33;13,2;33,4;31,4;14,1;12,7;33;29;30;114;7;3,5;
2022/06/23;1700 UTC;0;984,1;985,4;984,1;2462,4;32,4;13,9;33,7;31,7;14,3;11,8;34;28;33;159;6,7;3,9;
2022/06/23;1800 UTC;0;983,5;984,1;983,5;2139,5;32,6;13,4;33,4;31,8;13,9;12,8;33;30;31;136;7,9;3,9;
2022/06/23;1900 UTC;0;983,3;983,5;983,2;1662,5;32,2;12,7;33,1;31,8;14;12,3;32;29;31;147;7,1;3,5;
2022/06/23;2000 UTC;0;983,4;983,4;983,3;1010,6;31,2;13,4;32,3;31,2;13,6;12,5;34;30;34;155;6,2;2,5;
2022/06/23;2100 UTC;0;983,8;983,8;983,4;198,5;27,5;15,1;31,2;27,5;15,1;12,9;47;33;47;188;4,4;,9;
2022/06/23;2200 UTC;0;984,3;984,3;983,8;;23,7;16,4;27,5;23,7;16,4;15,1;64;47;64;206;1,8;1,2;
2022/06/23;2300 UTC;0;984,6;984,6;984,3;;22,6;16,2;23,6;22,1;16,7;16;69;64;67;205;2,4;1,8;
2022/06/24;0000 UTC;0;984,9;984,9;984,6;;22,2;16,2;23;22,2;16,4;16,1;69;66;69;196;2,4;1,3;
2022/06/24;0100 UTC;0;985,2;985,2;984,9;;21,5;16,1;22,2;21,5;16,5;16,1;71;69;71;205;2,1;1,2;
2022/06/24;0200 UTC;0;985,2;985,3;985,1;;20,5;15,9;21,5;20,5;16,4;15,9;76;71;75;207;1,8;1,2;
2022/06/24;0300 UTC;0;984,7;985,2;984,7;;21,1;16,6;21,1;20;16,8;15,8;77;73;75;177;1,6;,8;
2022/06/24;0400 UTC;0;984,6;984,8;984,6;;21,5;17,7;21,7;21,1;17,9;16,6;79;75;79;256;1,5;,3;
2022/06/24;0500 UTC;0;984,1;984,6;984;;23,1;16,2;23,3;21,4;17,8;16,1;80;64;65;115;4,4;,6;
2022/06/24;0600 UTC;0;983,7;984,1;983,7;;22,2;16,3;23,4;22,2;16,3;15,9;69;63;69;203;3,4;1,5;
2022/06/24;0700 UTC;0;983,8;983,8;983,7;;22,4;16,7;22,5;22,1;16,7;16,1;70;68;70;165;2,6;,8;
2022/06/24;0800 UTC;0;984,4;984,4;983,8;;22,2;17;22,8;22,1;17;16,5;72;68;72;105;2,8;1,3;
2022/06/24;0900 UTC;0;984,8;984,8;984,4;;22,4;16,8;22,5;22,2;17,1;16,6;72;70;71;155;3,7;2,1;
2022/06/24;1000 UTC;0;985,3;985,3;984,7;39,2;22,1;17,6;22,4;21,8;17,6;16,4;76;71;75;152;4,4;2,3;
2022/06/24;1100 UTC;0;986,3;986,3;985,3;507,8;23,9;17,6;24;22,1;18,2;17,4;75;68;68;129;4,4;2,2;
2022/06/24;1200 UTC;0;987;987;986,3;1221,5;27,2;16,8;27,2;23,9;18,1;16,4;68;53;53;134;4,4;2,4;
2022/06/24;1300 UTC;0;986,9;987;986,9;1889,8;29,3;16,3;29,3;26,9;16,7;15,6;53;46;46;143;6,4;3,4;
2022/06/24;1400 UTC;0;986,9;987;986,8;2369;30,4;15,5;30,4;28,7;16,4;15,3;46;41;41;136;7,5;4,3;
2022/06/24;1500 UTC;0;986;986,9;986;2609,2;31,2;15,1;31,4;30;15,7;14,6;41;37;38;146;7,5;4,4;
2022/06/24;1600 UTC;0;985;986;985;2159,1;32,5;14,4;32,8;31;15,7;14,2;38;33;33;120;8,1;3,3;
2022/06/24;1700 UTC;0;984,1;985;984,1;2489,1;33,5;14,5;33,7;32,5;14,7;13,8;33;31;32;118;7,7;3,6;
2022/06/24;1800 UTC;0;983,6;984,1;983,5;2176,9;33,4;14,1;33,8;32,5;14,7;13,6;34;31;31;125;7,5;3,6;
2022/06/24;1900 UTC;0;983,4;983,6;983,4;1499;33,2;13,9;33,7;32,3;14,7;13,4;33;31;31;111;7,3;2,8;
2022/06/24;2000 UTC;0;983,6;983,6;983,4;1019,1;32;14,6;33,4;32;14,9;13,4;36;31;35;137;6,5;2,3;
2022/06/24;2100 UTC;0;983,9;983,9;983,6;204;29,6;15,8;32;29,6;15,8;14,5;43;35;43;163;4,5;2,2;
2022/06/24;2200 UTC;0;984,2;984,2;983,9;;26,5;16,4;29,6;26,5;16,4;15,8;54;43;54;173;3,7;1,6;
2022/06/24;2300 UTC;0;984,7;984,7;984,2;;24;16,6;26,5;24;16,9;16,2;64;54;63;187;2,7;1,1;
2022/06/25;0000 UTC;0;985,3;985,3;984,7;;23,2;16,7;24;23;16,9;16,6;68;63;67;187;1,6;1;
2022/06/25;0100 UTC;0;985,7;985,7;985,3;;22,3;17,1;23,2;22,2;17,1;16,6;73;67;72;205;2,1;,8;
2022/06/25;0200 UTC;0;985,6;985,8;985,6;;21,3;17,1;22,3;21,3;17,5;16,9;78;72;77;204;1,8;1,1;
2022/06/25;0300 UTC;0;985,3;985,6;985,3;;20,8;17,1;21,6;20,8;17,6;16,8;80;77;79;201;1,6;1,2;
2022/06/25;0400 UTC;0;984,7;985,3;984,7;;20,8;17,2;21;20,7;17,6;17,2;82;79;80;181;2;1;
2022/06/25;0500 UTC;0;984,4;984,7;984,4;;20,4;16,7;21,5;20,3;17,2;16,5;80;75;80;103;2,9;,8;
2022/06/25;0600 UTC;0;983,9;984,4;983,9;;20,8;17,1;21,9;20,4;17,4;16,9;80;75;80;127;4,1;,4;
2022/06/25;0700 UTC;0;983,9;983,9;983,7;;22,5;17,7;22,7;20,8;18;17,2;80;74;74;125;3,9;1,6;
2022/06/25;0800 UTC;0;984,4;984,4;983,9;;22,2;17,5;23;22,1;18;17,5;77;72;74;120;4,3;1,6;
2022/06/25;0900 UTC;0;984,8;984,8;984,4;;21,8;17,4;22,2;21,4;17,7;17,3;78;74;76;135;4;1,9;
2022/06/25;1000 UTC;0;985,3;985,3;984,8;46,6;22,4;17,2;22,4;21,5;17,5;17,2;78;72;72;124;4,5;2,3;
2022/06/25;1100 UTC;0;985,9;985,9;985,3;505;24,6;17,6;24,6;22,4;17,6;17,2;72;65;65;124;5;2,4;
2022/06/25;1200 UTC;0;986,4;986,4;985,9;1247;27,4;15,8;27,4;24,5;17,6;15,5;65;49;49;134;7,2;3,8;
2022/06/25;1300 UTC;0;986,8;986,8;986,4;1927,2;29,2;12,9;29,6;27,4;15,7;12,9;49;37;37;125;8,9;5;
2022/06/25;1400 UTC;0;986,6;986,8;986,6;2404,6;30,7;12,4;30,9;29;13,5;11,9;38;32;33;132;8,9;4,3;
2022/06/25;1500 UTC;0;985,9;986,6;985,8;2645,1;31,7;10,9;32,4;30,7;12,7;10,6;33;27;28;137;8;4,5;
2022/06/25;1600 UTC;0;985;985,9;985;2676,5;32,2;10,7;33;31,7;11,7;10,4;28;26;27;139;8;3,9;
2022/06/25;1700 UTC;0;984,1;985;984,1;2495,8;32,8;10,8;33,2;32,1;11,4;10,2;27;25;26;99;6,9;3,3;
2022/06/25;1800 UTC;0;983,5;984,1;983,5;2171,8;32,8;10,9;33,5;32,5;11,2;10,1;26;25;26;123;6,3;3,3;
2022/06/25;1900 UTC;0;983,1;983,5;983;1677,6;32,7;10,7;33,3;32,2;11,3;10;27;25;26;169;5,9;2,6;
2022/06/25;2000 UTC;0;983,2;983,2;983;1040,3;31,6;9,3;32,7;31,6;10,6;9,2;27;25;25;164;5,8;2,2;
2022/06/25;2100 UTC;0;983,6;983,6;983,2;204,5;27,5;13,5;31,6;27,5;13,5;9,5;42;25;42;144;3,7;,9;
2022/06/25;2200 UTC;0;984,2;984,2;983,6;;23,8;14,7;27,5;23,6;15,8;13,5;59;42;57;194;1,7;,7;
2022/06/25;2300 UTC;0;984,6;984,6;984,2;;22;14,7;23,8;21,9;15,3;14,3;66;56;63;230;1;,5;
2022/06/26;0000 UTC;0;985;985;984,6;;20,1;14,8;22;20,1;14,8;13;71;58;71;217;2,2;1,5;
2022/06/26;0100 UTC;0;985,2;985,3;985;;19,7;14,8;20,6;19,6;15;14,5;74;69;73;154;2,6;,5;
2022/06/26;0200 UTC;0;985,2;985,3;985,2;;19;16,4;19,7;18,3;16,8;14,6;87;73;85;218;3,1;2,1;
2022/06/26;0300 UTC;0;984,9;985,3;984,9;;18,9;15,6;19,5;18,7;16,4;15,4;85;79;81;212;3,3;1,5;
2022/06/26;0400 UTC;0;984,4;984,9;984,4;;17,9;15,1;19,8;17,8;15,9;14,9;84;77;84;185;3,7;,8;
2022/06/26;0500 UTC;0;983,7;984,4;983,7;;17,4;15,6;18,2;16,9;15,8;14,6;90;82;89;38;2,8;,8;
2022/06/26;0600 UTC;0;983,4;983,7;983,3;;16,7;14,9;17,4;16,7;15,7;14,9;90;89;89;201;2,5;1;
2022/06/26;0700 UTC;0;983,5;983,7;983,4;;17,2;15,2;17,8;16,5;16;14,6;90;87;88;197;3,7;,9;
2022/06/26;0800 UTC;0;983,9;983,9;983,5;;16,9;15,2;17,2;16,4;15,4;14,1;91;86;90;153;1,6;1,1;
2022/06/26;0900 UTC;0;984,4;984,5;983,9;;16,3;15;17;15,6;15,4;13,8;92;87;92;37;2,2;1;
2022/06/26;1000 UTC;0;984,8;984,8;984,4;37,3;16,6;15,2;16,6;15,8;15,2;14,2;92;90;91;132;1,9;,6;
2022/06/26;1100 UTC;0;985,7;985,7;984,8;498,7;21,4;15,5;21,5;16,6;16,1;15,2;91;69;69;110;3,4;1,8;
2022/06/26;1200 UTC;0;986,3;986,3;985,7;1242,7;25,5;15,5;25,5;21,3;15,9;15,2;70;54;54;122;3,7;2,2;
2022/06/26;1300 UTC;0;986,3;986,4;986,3;1919,8;28,7;12,7;28,8;25,6;15,4;12,7;54;37;37;144;6,8;3,7;
2022/06/26;1400 UTC;0;986,1;986,4;986;2398,9;30,6;12;30,7;28,4;13,3;11,9;38;31;32;110;6,8;3,2;
2022/06/26;1500 UTC;0;985,2;986,1;985,2;2645,4;31,9;10,5;32,2;30,3;12,4;10,5;32;27;27;114;6,7;3,6;
2022/06/26;1600 UTC;0;984,1;985,2;984,1;2677,6;32,5;9,7;32,9;31,7;11,4;8,8;28;23;25;111;6;2,7;
2022/06/26;1700 UTC;0;983,3;984,1;983,3;2493;32,9;9,2;33,3;32,2;10,5;6,2;26;19;23;72;6,2;2,1;
2022/06/26;1800 UTC;0;982,4;983,3;982,4;2156,2;33,1;8,9;33,4;32,2;10,1;8,8;25;23;23;122;6,9;2,3;
2022/06/26;1900 UTC;0;982,1;982,4;982;1672;32,7;9,3;33,4;32,3;9,4;8,1;24;22;24;87;5,4;2,3;
2022/06/26;2000 UTC;0;982,1;982,1;982;1033,7;31,5;11,4;32,8;31,4;11,4;8,1;29;22;29;123;4,9;1,7;
2022/06/26;2100 UTC;0;982,6;982,6;982,1;207,1;27,1;12,9;31,5;27,1;12,9;10,7;42;29;42;175;4;,8;
2022/06/26;2200 UTC;0;983,2;983,2;982,6;;23,7;13,8;27,1;23,3;15,4;13,3;59;42;54;206;1,5;1,1;
2022/06/26;2300 UTC;0;983,7;983,7;983,2;;21,3;15;23,7;21,3;15;13,8;67;54;67;206;1,8;,5;
2022/06/27;0000 UTC;0;984,2;984,2;983,7;;20,7;14,3;21,3;20,4;15,1;14,3;71;66;67;236;,9;,5;
2022/06/27;0100 UTC;0;984,7;984,7;984,2;;19,2;14,7;20,7;19;14,7;13,9;76;67;75;215;1,2;,6;
2022/06/27;0200 UTC;0;984,6;984,7;984,6;;18,9;14,7;19,3;18;15,5;13,8;81;74;77;209;3,1;,9;
2022/06/27;0300 UTC;0;984,5;984,6;984,4;;17,8;13,7;19,1;17,7;14,7;13,6;78;74;77;185;1,9;,9;
2022/06/27;0400 UTC;0;984,6;984,6;984,5;;18,1;15,1;18,3;17,4;15,1;13,4;83;77;83;168;2;1,1;
2022/06/27;0500 UTC;0;984,2;984,6;984,2;;17,9;15,1;18,6;17,3;15,3;14,1;86;79;84;141;2,2;1,1;
2022/06/27;0600 UTC;0;984,1;984,2;984,1;;18,1;14,8;19;17,8;15,4;14,8;85;79;81;133;2,5;,9;
2022/06/27;0700 UTC;0;984,1;984,2;984;;17,3;14,9;18,4;17,3;15,7;14,8;87;81;86;110;1,9;,9;
2022/06/27;0800 UTC;;;;;;;;;;;;;;;;;;
2022/06/27;0900 UTC;0;984,7;984,7;984,3;;16,3;14,7;17;15,9;14,9;13,9;90;86;90;13;1,7;,9;
2022/06/27;1000 UTC;0;985,4;985,4;984,7;37,7;17,4;15,7;17,4;16;15,7;14,1;91;88;90;143;1,7;1,2;
2022/06/27;1100 UTC;0;986,3;986,3;985,3;501,3;22,3;16,5;22,3;17,4;16,9;15,5;90;70;70;131;3,3;1,8;
2022/06/27;1200 UTC;0;986,9;986,9;986,3;1239,4;25,3;15,3;25,3;22,3;16,6;15,3;70;54;54;125;5,3;3,1;
2022/06/27;1300 UTC;0;987;987,1;986,9;1922,9;28;12,2;28;25,3;15,4;11,8;54;37;38;114;7,5;4,4;
2022/06/27;1400 UTC;0;986,5;987;986,5;2400,1;29,7;11,6;29,8;27,8;12,8;11,1;38;32;33;123;8,6;3,7;
2022/06/27;1500 UTC;0;985,8;986,5;985,8;2632,4;31,3;11,5;31,6;29,5;12;10,8;33;29;30;130;7;3,1;
2022/06/27;1600 UTC;0;984,8;985,8;984,8;2656,6;32,3;10,1;32,7;30,3;11,9;9,7;31;25;25;106;7,8;3,4;
2022/06/27;1700 UTC;0;983,7;984,8;983,7;2486,3;32,1;8,8;33;31,8;10,3;8,5;26;23;24;97;7,4;3,3;
2022/06/27;1800 UTC;0;983;983,7;983;2169,4;32,4;8,7;32,8;31,7;10;8,3;26;23;23;100;6,8;3,3;
2022/06/27;1900 UTC;0;982,6;983;982,6;1685,7;31,6;9,7;33;31,6;10,4;7;26;21;26;88;6,5;2,4;
2022/06/27;2000 UTC;0;982,8;982,8;982,6;1049,6;31;10,7;32,1;31;10,8;9,5;29;25;28;122;6;2,2;
2022/06/27;2100 UTC;0;983,3;983,3;982,8;212,3;28;11,6;31;28;11,7;10,4;36;28;36;141;4,8;1,6;
2022/06/27;2200 UTC;0;983,8;983,8;983,3;;24;12,9;28;24;13,4;11,7;51;36;50;185;3,1;,9;
2022/06/27;2300 UTC;0;984,4;984,4;983,8;;21,2;14,5;24;21,2;14,6;12,9;66;50;66;88;1,3;,4;
2022/06/28;0000 UTC;0;984,8;984,8;984,4;;21,2;14,1;21,7;20;14,8;13,9;69;63;64;206;3,9;1,3;
2022/06/28;0100 UTC;0;985;985;984,8;;21,9;14,4;22,6;20,1;14,6;13,9;68;60;62;165;3,4;1,2;
2022/06/28;0200 UTC;0;984,9;985;984,9;;19,5;15;21,9;19,5;15;14,3;75;62;75;208;2,1;1,2;
2022/06/28;0300 UTC;0;985,1;985,1;984,8;;18,6;15,3;19,7;18,6;15,5;14,8;81;75;81;116;1,7;1;
2022/06/28;0400 UTC;0;984,8;985,2;984,8;;18,1;14,5;19,7;18,1;15,6;14,4;83;74;79;129;2,2;,9;
2022/06/28;0500 UTC;0;984,3;984,8;984,3;;17,8;14,9;18,3;17,3;14,9;14;84;79;83;151;1,9;1,3;
2022/06/28;0600 UTC;0;984,1;984,3;984,1;;17;14,6;17,9;16,7;14,9;13,9;86;80;86;131;1,7;,9;
2022/06/28;0700 UTC;0;984;984,1;983,9;;16,3;14,4;17;16,2;15;13,5;90;83;88;122;1,8;1;
2022/06/28;0800 UTC;0;984,2;984,2;984;;16,7;13,8;16,9;16;14,3;13,6;88;82;83;191;2,3;,9;
2022/06/28;0900 UTC;0;985,1;985,1;984,2;;15;13,2;16,7;15;14;13,1;89;83;89;63;2,4;1,4;
2022/06/28;1000 UTC;0;985,8;985,8;985,1;36,4;16,2;13,5;16,2;15;14,1;13;90;84;84;88;2,6;,9;
2022/06/28;1100 UTC;0;986,8;986,8;985,8;500,4;21;14,2;21;16,2;15;13,6;84;65;65;109;2,5;1,4;
2022/06/28;1200 UTC;0;987,6;987,6;986,8;1234,2;24;14,5;24;20,8;14,8;14;66;55;55;86;3,5;1,6;
2022/06/28;1300 UTC;0;987,9;987,9;987,6;1907,6;27,1;11,8;27,1;24;14,4;11,3;55;38;39;102;6,8;3,8;
2022/06/28;1400 UTC;0;987,7;987,9;987,7;2376,8;29,4;11,8;29,5;27;12,7;11,2;39;34;34;94;7,3;3,9;
2022/06/28;1500 UTC;0;987,2;987,8;987,2;2610,6;30;11,8;30,5;28,6;12,3;11;35;32;33;101;7,6;3,2;
2022/06/28;1600 UTC;0;986,4;987,3;986,4;2632;30,8;12;31,4;29,7;12,7;11,4;33;32;32;68;7,5;3,2;
2022/06/28;1700 UTC;0;985,5;986,4;985,5;2455,4;31,2;12,3;31,8;30,3;13;11,5;33;30;31;52;6,8;2,9;
2022/06/28;1800 UTC;0;984,8;985,5;984,8;2133,2;31,7;12,5;32,2;31,1;13;11,9;32;30;31;92;5,9;2,7;
2022/06/28;1900 UTC;0;984,4;984,8;984,4;1655,6;31,7;11,9;32,1;31,3;12,7;11,7;32;30;30;104;5,4;2,2;
2022/06/28;2000 UTC;0;984,4;984,5;984,3;1028,7;30,9;12,6;31,8;30,8;12,8;11,6;33;30;33;103;4,7;1,7;
2022/06/28;2100 UTC;0;984,9;984,9;984,4;209,2;27,8;14,6;30,9;27,8;14,7;12,3;45;32;44;162;3,3;1,3;
2022/06/28;2200 UTC;0;985,5;985,5;984,9;;24,1;15,4;27,8;24,1;15,5;14,7;59;44;58;147;2,9;,8;
2022/06/28;2300 UTC;0;986;986;985,5;;21,8;15,6;24,2;21,8;15,6;15,3;68;57;68;187;1,6;1;
2022/06/29;0000 UTC;0;986,8;986,8;986;;20,4;15,9;21,8;20,4;15,9;15,5;75;68;75;84;1,3;,1;
2022/06/29;0100 UTC;0;987;987,1;986,7;;19,2;15,4;20,5;19,2;15,9;15,1;79;74;78;206;1,9;1,2;
2022/06/29;0200 UTC;0;987,1;987,2;987;;18,6;15,7;19,4;18,5;16,1;15,2;83;78;83;220;1,9;1,1;
2022/06/29;0300 UTC;0;987,1;987,1;987;;19;15,6;19,3;18,6;16,1;15,2;83;78;80;197;2,6;1,6;
2022/06/29;0400 UTC;0;986,9;987,1;986,9;;18,9;15,2;19,2;18,6;15,8;15,2;82;79;79;218;2,2;1,2;
2022/06/29;0500 UTC;0;986,8;987;986,8;;17,4;15,1;18,9;17,2;15,4;14,4;86;79;86;62;1,9;,6;
2022/06/29;0600 UTC;0;986,5;986,8;986,4;;16,8;15;17,6;16,6;15,2;14,6;89;84;89;153;1,8;,8;
2022/06/29;0700 UTC;0;986,2;986,5;986,2;;17,3;15,5;17,3;16,6;15,6;14,6;90;87;89;166;2,1;1,3;
2022/06/29;0800 UTC;0;986,5;986,5;986,2;;17,7;16;17,9;17,3;16,2;15,2;90;86;90;98;2,1;1;
2022/06/29;0900 UTC;0;986,7;986,7;986,5;;17,2;15,8;17,9;17;16,5;15,5;92;90;91;112;1,9;1,1;
2022/06/29;1000 UTC;0;987,1;987,1;986,7;34,5;17,5;15,9;18;17;16,4;15,2;92;88;90;105;2,6;,4;
2022/06/29;1100 UTC;0;987,8;987,8;987,1;478,4;21,7;16,3;21,8;17,5;17,4;15,9;90;71;71;118;3,8;2,2;
2022/06/29;1200 UTC;0;988,5;988,5;987,8;1207,7;25,5;14,8;25,5;21,6;16,4;14,7;72;51;52;117;5,1;2,7;
2022/06/29;1300 UTC;0;988,6;988,6;988,5;1878,8;27,9;12,6;28,1;25,5;15,1;12,6;52;38;39;108;8,3;4,1;
2022/06/29;1400 UTC;0;988,1;988,6;988,1;2341,3;29,9;12,2;29,9;27,9;13,5;11,9;39;33;34;108;8,3;3,7;
2022/06/29;1500 UTC;0;987,4;988,1;987,4;2562,9;31,3;12;31,6;29,6;12,8;11,7;35;31;31;101;8,7;2,4;
2022/06/29;1600 UTC;0;986,4;987,4;986,4;2585,8;31,9;11,3;32,1;30,7;12,5;11;32;28;28;66;5,3;2;
2022/06/29;1700 UTC;0;985,3;986,4;985,3;2413;32,4;11,6;32,7;31,5;11,9;10,9;30;27;28;173;4,9;2,2;
2022/06/29;1800 UTC;0;984,4;985,3;984,4;2096,1;32,2;10,9;32,9;31,4;11,5;10,7;29;27;27;107;5;1,3;
2022/06/29;1900 UTC;0;983,9;984,4;983,9;1620,9;32,1;11,5;32,4;31,4;11,7;10,8;29;27;28;110;4,5;2,3;
2022/06/29;2000 UTC;0;983,9;983,9;983,9;1010,6;31;11,5;32,1;31;12,1;11,1;31;28;30;154;3,8;1,9;
2022/06/29;2100 UTC;0;984,3;984,3;983,9;206,8;27,9;13,6;31;27,9;13,6;11,5;42;30;42;154;3,4;,9;
2022/06/29;2200 UTC;0;984,7;984,7;984,3;;25,1;14,3;27,9;25,1;14,6;13,7;51;42;51;145;2,2;1,1;
2022/06/29;2300 UTC;0;985,2;985,2;984,7;;22,7;14,6;25,1;22,7;15,1;14,3;60;51;60;164;2,2;,8;
2022/06/30;0000 UTC;0;985,6;985,6;985,2;;20,6;15,3;22,7;20,4;15,4;14,2;72;60;71;56;1,5;,4;
2022/06/30;0100 UTC;0;985,8;985,8;985,6;;20,2;15,5;20,6;20;15,9;15,3;76;71;74;109;1,3;,3;
2022/06/30;0200 UTC;0;985,7;985,8;985,7;;19,6;15,3;20,2;19,1;15,9;15,2;79;74;76;250;,7;,2;
2022/06/30;0300 UTC;0;985,4;985,7;985,4;;18,3;14,9;19,6;18,2;15,3;14,6;81;76;81;176;1,1;,8;
2022/06/30;0400 UTC;0;985,1;985,4;985,1;;17,6;14,6;18,5;17,6;15,6;14,5;84;80;82;220;1,8;,5;
2022/06/30;0500 UTC;0;984,8;985,1;984,8;;16,9;14,7;17,6;16,8;15;14,4;87;82;87;110;1;,1;
2022/06/30;0600 UTC;0;984,5;984,8;984,5;;16,9;14,9;17,2;16,6;15,3;14,3;89;86;88;114;1,5;,9;
2022/06/30;0700 UTC;0;984,1;984,5;984,1;;16,9;15;17,8;16,8;15,7;14,7;89;85;88;158;1,9;,7;
2022/06/30;0800 UTC;0;984,2;984,2;984,1;;16,5;14,9;17,1;16,2;15,2;14,2;90;87;90;24;1,4;1;
2022/06/30;0900 UTC;0;984,7;984,7;984,2;;16,2;14,6;16,5;16;15,1;14,2;91;89;90;67;1,3;,4;
2022/06/30;1000 UTC;0;985,1;985,1;984,7;32,3;16,4;14,5;16,4;15,8;14,7;14;91;88;89;74;,7;,2;
2022/06/30;1100 UTC;0;986,1;986,1;985,1;473,9;21,3;17;21,4;16,4;17,4;14,6;90;76;76;121;2,5;1,5;
2022/06/30;1200 UTC;0;986,7;986,7;986,1;1200,7;25;15,5;25,1;21,3;17,4;15,5;76;56;56;126;4,8;2,7;
2022/06/30;1300 UTC;0;986,8;986,9;986,7;1871,6;27,7;13,4;27,8;24,7;15,9;13,2;57;41;41;136;5,2;2,8;
2022/06/30;1400 UTC;0;986,6;986,8;986,5;2339;29,3;12,9;29,9;27,6;13,7;12,4;42;35;36;112;5,6;2,9;
2022/06/30;1500 UTC;0;985,6;986,6;985,6;2552,8;31,2;12,5;31,4;29,3;13;12,1;36;31;32;131;5,5;2,4;
2022/06/30;1600 UTC;0;984,6;985,6;984,6;2567,8;32,1;11;32,7;30,9;12,8;10,4;32;27;28;73;5,5;1,2;
2022/06/30;1700 UTC;0;983,6;984,6;983,6;2389,5;32,7;11;33,2;31,7;11,7;10,6;28;26;27;189;6;2,2;
2022/06/30;1800 UTC;0;983;983,6;983;2079,2;32,4;10,9;33,5;32,2;11,6;10,6;28;26;27;91;5,8;1,8;
2022/06/30;1900 UTC;0;982,6;983;982,6;1608,9;32,1;11,4;33,3;32,1;11,9;10,9;28;26;28;151;5;2,6;
2022/06/30;2000 UTC;0;982,9;982,9;982,6;1003,6;31,4;11,6;32,5;31,4;12;11,1;30;28;30;187;5,3;1,9;
2022/06/30;2100 UTC;0;983,3;983,3;982,9;207,2;27,6;13,9;31,5;27,6;14;11,2;43;29;43;192;3,5;1,3;
2022/06/30;2200 UTC;0;983,8;983,8;983,3;;24,9;14,6;27,6;24,9;14,6;13,6;53;43;53;198;2,7;1,8;
2022/06/30;2300 UTC;0;984,1;984,1;983,8;;22,7;14,9;24,9;22,7;15;14;62;52;61;212;2,5;1,3;
2022/07/01;0000 UTC;0;984,6;984,6;984,1;;20,5;14,2;22,7;20,5;15,3;14,2;68;60;67;212;2;1;
2022/07/01;0100 UTC;0;984,9;984,9;984,6;;19,2;14,1;20,7;19,1;14,4;13,9;74;66;72;228;2;1,2;
2022/07/01;0200 UTC;0;984,9;985;984,9;;18,6;14,3;19,3;18,5;14,6;13,5;77;71;76;204;1,7;1,1;
2022/07/01;0300 UTC;0;985,1;985,1;984,9;;17,8;14,3;18,6;17,8;14,5;14;80;76;80;224;1,4;,3;
2022/07/01;0400 UTC;0;984,9;985,2;984,9;;17,7;14,8;17,9;17,4;14,8;14,2;83;80;83;118;,9;,5;
2022/07/01;0500 UTC;0;984,4;984,9;984,4;;18;15,8;18,2;17,5;16;14,5;88;82;87;181;1,8;,8;
2022/07/01;0600 UTC;0;983,9;984,4;983,9;;17,7;15,5;18,1;17,4;15,9;15,2;89;86;87;201;1,3;,9;
2022/07/01;0700 UTC;0;983,9;983,9;983,7;;17,1;15;17,7;17,1;15,5;14,9;89;86;87;164;1,4;,8;
2022/07/01;0800 UTC;0;984,2;984,2;983,9;;18;15,2;18;16,7;15,7;14,4;90;84;84;184;2,8;1,2;
2022/07/01;0900 UTC;0;984,4;984,4;984,1;;16,7;14,4;18;16,7;15,3;14,4;87;83;86;194;1,9;,8;
2022/07/01;1000 UTC;0;984,8;984,8;984,4;30,4;16,2;14,3;16,7;15,7;14,4;13,8;89;86;88;222;1,1;,4;
2022/07/01;1100 UTC;0;985,7;985,7;984,8;463,7;20,6;16;20,6;16,2;16,3;14,3;88;75;75;131;2;1;
2022/07/01;1200 UTC;0;986,2;986,2;985,7;1183;24,3;15,1;24,6;20,6;16,3;15,1;75;56;57;134;3;1,8;
2022/07/01;1300 UTC;0;986,7;986,8;986,2;1848,3;27,5;14,6;27,6;24,2;15,4;14;57;44;45;107;4,3;2;
2022/07/01;1400 UTC;0;986,2;986,7;986,2;2313,9;29,1;12,3;30,1;27,4;14,7;11,7;45;34;35;152;5,4;2,9;
2022/07/01;1500 UTC;0;985,4;986,2;985,4;2528,2;32,4;10,4;32,5;29,1;12,8;10,4;36;26;26;94;6;3,2;
2022/07/01;1600 UTC;0;984,6;985,4;984,6;2556,6;33,1;9,7;33,6;32;11;9,7;27;23;24;104;7,1;2,6;
2022/07/01;1700 UTC;0;983,6;984,6;983,6;2384,1;33,8;9,9;34,3;33;11,2;9,1;26;22;23;88;5,8;2,3;
2022/07/01;1800 UTC;0;983,2;983,6;983,2;2088;33,7;9,7;34,3;33,5;11;9,1;25;22;23;89;6,8;2;
2022/07/01;1900 UTC;0;982,8;983,2;982,8;1628,5;33,3;9,6;34,3;33,3;10,9;9,2;25;22;23;73;5,1;1,8;
2022/07/01;2000 UTC;0;982,9;982,9;982,8;1010,5;31,9;11,4;33,7;31,9;12,2;9,5;29;23;28;165;5,6;2,7;
2022/07/01;2100 UTC;0;983,4;983,4;982,9;215;29,2;12,9;32;29,2;12,9;11,5;37;28;37;157;5,6;1,7;
2022/07/01;2200 UTC;0;983,6;983,6;983,4;;25,4;14,1;29,2;25,4;14,3;13;50;37;50;158;2,7;1,4;
2022/07/01;2300 UTC;0;984,2;984,2;983,6;;24;14,5;25,4;24;14,7;13,9;56;49;55;206;2,7;1,3;
2022/07/02;0000 UTC;0;984,8;984,9;984,2;;22,3;15;24;22,3;15;14,3;64;55;64;200;2;1,1;
2022/07/02;0100 UTC;0;985,3;985,3;984,8;;21,1;15,3;22,3;21,1;15,4;15,1;69;64;69;199;2;1;
2022/07/02;0200 UTC;0;985,4;985,4;985,3;;19,9;15,1;21,5;19,9;15,5;15,1;74;69;74;228;1,4;,6;
2022/07/02;0300 UTC;0;985,4;985,5;985,4;;19,1;15,3;19,9;19,1;15,5;15;79;74;79;247;1,5;,8;
2022/07/02;0400 UTC;0;985,5;985,6;985,4;;18,2;15;19,1;18,1;15,4;15;83;78;82;31;1,4;1,1;
2022/07/02;0500 UTC;0;985;985,5;985;;17,9;15,7;18,6;17,7;16,6;14,8;89;82;87;333;2,2;,8;
2022/07/02;0600 UTC;0;984,5;985;984,5;;17,2;15,2;17,9;17,2;15,6;15,1;89;85;88;171;1,1;,4;
2022/07/02;0700 UTC;0;984,2;984,5;984,2;;17,2;15,2;17,4;17,1;15,6;14,8;89;86;88;159;1;,8;
2022/07/02;0800 UTC;0;984,6;984,6;984,2;;18,4;15,9;18,4;17,1;16,2;15,1;90;85;85;180;2,1;1,2;
2022/07/02;0900 UTC;0;985,1;985,1;984,6;;16,9;14,8;18,4;16,9;16;14,8;88;85;88;63;1,8;,5;
2022/07/02;1000 UTC;0;985,9;985,9;985,1;34,1;17,7;15,8;17,7;16,8;16,1;14,9;91;88;89;137;1,7;1;
2022/07/02;1100 UTC;0;986,7;986,7;985,9;468,2;22,5;17,3;22,5;17,7;17,5;15,8;89;73;73;125;2,3;1,1;
2022/07/02;1200 UTC;0;987,4;987,4;986,7;1177,6;26,2;15;26,3;22,2;17,3;15;73;50;50;119;6,6;3;
2022/07/02;1300 UTC;0;987,6;987,6;987,4;1849;29;13,7;29,1;26,2;14,9;13,7;50;39;39;111;7,5;3,1;
2022/07/02;1400 UTC;0;987,2;987,7;987,1;2297,4;30,7;13,6;31,1;29;14,2;13,2;40;35;35;74;8,7;4,1;
2022/07/02;1500 UTC;0;986,8;987,2;986,8;2492,9;32;14;32,2;30,7;14,6;13,3;36;33;34;91;8,7;3,9;
2022/07/02;1600 UTC;0;986,2;986,8;986,2;2499,6;32,9;13,8;33,3;31,6;14,6;13,4;34;31;32;83;7,3;3,6;
2022/07/02;1700 UTC;0;985,4;986,2;985,3;2333,6;34;13,9;34,3;32,4;14,8;13;32;29;30;93;7,5;3,2;
2022/07/02;1800 UTC;0;985;985,4;985;2031;33,1;13,6;34;32,4;14,8;13,2;34;29;31;137;7,1;3,5;
2022/07/02;1900 UTC;0;984,7;985;984,6;1590,4;32,8;14,3;33,8;32,8;14,6;13,1;33;30;33;148;6,1;3,3;
2022/07/02;2000 UTC;0;984,9;985;984,6;1014,7;32,1;14,2;33,5;32,1;14,8;14,1;34;32;34;131;6,4;3;
2022/07/02;2100 UTC;0;985,4;985,4;984,9;220,8;29,8;15,6;32,1;29,8;15,6;14,1;42;34;42;154;5,6;1,8;
2022/07/02;2200 UTC;0;985,7;985,7;985,4;;27,8;16,2;29,8;27,7;16,3;15,6;50;42;49;169;4;1,7;
2022/07/02;2300 UTC;0;986,3;986,3;985,7;;26,3;16,1;27,8;26,3;16,1;15,7;53;49;53;167;3,6;1;
2022/07/03;0000 UTC;0;986,6;986,6;986,3;;24,6;16,4;26,3;24,5;16,6;16,1;61;53;60;176;2,7;1,4;
2022/07/03;0100 UTC;0;986,9;986,9;986,6;;25,2;16,5;25,4;24,6;16,9;16,4;61;58;59;151;2,8;1,7;
2022/07/03;0200 UTC;0;987;987;986,9;;23,9;17;25,3;23,9;17;16,5;65;58;65;144;2,8;1,4;
2022/07/03;0300 UTC;0;987;987,1;987;;23,8;16,6;24;23,6;17,5;16,6;68;64;64;150;3,1;2,2;
2022/07/03;0400 UTC;0;986,8;987,1;986,8;;23,9;15,1;24,2;23,7;16,7;15,1;65;58;58;153;4;1,7;
2022/07/03;0500 UTC;0;986,6;986,8;986,6;;23,2;14,8;23,9;23;15;14,8;60;58;59;138;3,1;1,4;
2022/07/03;0600 UTC;0;986,2;986,6;986,2;;23,6;14,2;23,8;22,6;14,8;14,2;61;55;56;139;4,5;2,3;
2022/07/03;0700 UTC;0;986,5;986,5;986,2;;22,5;13,9;23,6;22,4;14,3;13,9;59;56;58;145;4,7;1,6;
2022/07/03;0800 UTC;0;987,1;987,1;986,5;;21,3;13,6;22,5;21,3;13,9;13,5;61;58;61;127;3,9;2,1;
2022/07/03;0900 UTC;0;987,4;987,4;987;;20,8;13,5;21,4;20,7;13,8;13,5;64;61;63;129;3,7;1,7;
2022/07/03;1000 UTC;0;987,8;987,8;987,4;37,2;20,6;13,8;20,9;20,3;13,8;13,5;66;63;65;132;3;,9;
2022/07/03;1100 UTC;0;988,8;988,8;987,8;476,4;23,4;13,1;23,6;20,6;14,1;12,8;65;52;53;139;5;2,1;
2022/07/03;1200 UTC;0;989,3;989,4;988,8;1194,8;26,7;13,8;26,7;23,3;14;12,9;53;45;45;125;5,9;2,8;
2022/07/03;1300 UTC;0;989,6;989,7;989,3;1887,7;27,7;13,1;27,7;26,6;13,6;12,5;45;40;40;134;8,8;5,3;
2022/07/03;1400 UTC;0;989,4;989,7;989,4;2333,3;29,2;12,8;30,2;27,5;13,6;12,6;41;36;36;120;10;3,7;
2022/07/03;1500 UTC;0;988,7;989,4;988,6;2546,7;30,5;12,5;31,2;28,9;13,7;12,5;38;33;33;110;9,5;4,1;
2022/07/03;1600 UTC;0;987,6;988,7;987,6;2555,2;31,6;12,7;32;30;13,1;12;34;31;32;114;9,1;3,8;
2022/07/03;1700 UTC;0;986,7;987,6;986,7;2389,4;31,7;11,9;33;31,3;13,3;11,6;32;29;30;118;9,2;4,1;
2022/07/03;1800 UTC;0;986;986,7;986;2103,3;31,9;12,1;32,8;31,7;12,9;11,6;31;29;30;116;9,5;4;
2022/07/03;1900 UTC;0;985,9;986;985,8;1660,6;32,1;11,9;32,8;31,9;12,7;11,1;30;27;29;124;8,2;3,9;
2022/07/03;2000 UTC;0;986;986;985,8;1063;31,3;12,9;32,4;31,3;12,9;11,5;32;29;32;127;7,1;2,6;
2022/07/03;2100 UTC;0;986,2;986,3;986;230,9;28,7;14,2;31,3;28,7;14,2;12,8;41;32;41;145;4,9;1,6;
2022/07/03;2200 UTC;0;986,3;986,3;986,2;;24,7;15,3;28,7;24,7;15,3;14,3;56;41;56;201;2,5;1,3;
2022/07/03;2300 UTC;0;986,8;986,8;986,3;;22,7;15,5;24,7;22,4;15,5;15,2;64;56;64;205;2,4;1,8;
2022/07/04;0000 UTC;0;987,4;987,4;986,8;;21,2;15,7;22,8;21,2;15,7;15,3;71;63;71;127;2,4;,6;
2022/07/04;0100 UTC;0;987,6;987,7;987,4;;20,1;16;21,2;20;16,4;15,4;78;71;77;134;1,3;,8;
2022/07/04;0200 UTC;0;987,7;987,8;987,6;;19,7;16,2;20,3;19;16,9;15,7;84;77;80;138;1,5;,8;
2022/07/04;0300 UTC;0;987,6;987,7;987,5;;19,6;15,9;20,8;19,2;17;15;84;71;79;104;3,6;,8;
2022/07/04;0400 UTC;0;987,3;987,7;987,3;;19,3;14,4;19,6;18,4;15,8;14,4;81;73;73;155;2,4;1,4;
2022/07/04;0500 UTC;0;986,9;987,3;986,9;;20;13;20,4;19;14,3;13;73;64;64;159;3,2;1,4;
2022/07/04;0600 UTC;0;986,7;986,9;986,7;;20,5;13,5;20,6;19,3;13,5;12,9;66;63;64;127;3,4;2;
2022/07/04;0700 UTC;0;986,7;986,7;986,5;;19;13;20,5;18,2;13,6;13;73;64;68;131;3,5;1,5;
2022/07/04;0800 UTC;0;986,7;986,7;986,6;;18,4;12,8;19,1;18,1;13,1;12,7;71;67;70;138;3,5;1,7;
2022/07/04;0900 UTC;0;987;987;986,7;;18,6;12,6;18,7;17,6;13,1;12,6;74;68;68;134;3,6;1,5;
2022/07/04;1000 UTC;0;988;988;987;37,9;17,7;12,7;18,6;17;12,8;12,4;75;68;73;183;2,6;1,1;
2022/07/04;1100 UTC;0;988,8;988,8;988;487,7;21,2;12,9;21,3;17,7;13,7;12,7;74;58;59;154;4,2;2;
2022/07/04;1200 UTC;0;989,3;989,3;988,8;1216,2;26,3;12,8;26,3;21,2;13,7;12,6;59;43;43;101;8,4;3,6;
2022/07/04;1300 UTC;0;989,4;989,4;989,2;1912,1;27,3;13,1;27,4;26;13,4;12,3;44;41;42;92;10,9;5,9;
2022/07/04;1400 UTC;0;989,3;989,4;989,2;2356,4;29;12,7;29;27,1;13,4;11,8;42;36;37;86;11,4;5;
2022/07/04;1500 UTC;0;988,5;989,3;988,5;2549,8;29,6;10,9;29,8;28,5;12,4;10,9;37;31;31;93;9;4,2;
2022/07/04;1600 UTC;0;987,8;988,5;987,8;2544,5;29,9;11,4;30,6;29,4;11,9;10,8;33;31;32;95;8,5;3,6;
2022/07/04;1700 UTC;0;986,6;987,8;986,6;2351,5;29,7;10,2;31,2;29,7;11,7;10,2;33;29;30;113;7,6;3,1;
2022/07/04;1800 UTC;0;985,9;986,6;985,9;2090,6;30,9;10,8;31,3;29,7;11,1;10,2;31;28;29;127;9,9;3,3;
2022/07/04;1900 UTC;0;985,6;985,9;985,5;1651,3;30,5;11;31,2;30;11,5;10,2;30;28;30;143;7,2;3,2;
2022/07/04;2000 UTC;0;985,6;985,6;985,4;1069,8;29,7;10,1;30,7;29,7;11;10,1;31;29;30;136;6,6;2,8;
2022/07/04;2100 UTC;0;985,7;985,7;985,5;235,2;27,3;12;29,7;27,3;12;9,9;39;29;39;141;5,6;1,4;
2022/07/04;2200 UTC;0;986;986;985,7;;22,9;13,2;27,3;22,9;13,4;11,9;55;39;54;168;2,5;,9;
2022/07/04;2300 UTC;0;986,4;986,4;986;;20,9;13,3;22,9;20,9;13,8;12,9;62;54;62;189;1,8;1;
2022/07/05;0000 UTC;0;986,6;986,6;986,4;;20,5;14;21;19,9;14;13,2;67;62;66;207;2;1,4;
2022/07/05;0100 UTC;0;986,8;986,8;986,6;;19,7;13,9;20,5;18,6;13,9;13,3;72;66;69;211;2,1;1,1;
2022/07/05;0200 UTC;0;986,6;986,8;986,6;;18,8;14,1;19,7;18,4;14,1;13,6;75;69;74;214;1,4;1,1;
2022/07/05;0300 UTC;0;986,6;986,7;986,5;;16,9;13,9;18,9;16,9;14,3;13,7;83;73;83;175;1,4;1,2;
2022/07/05;0400 UTC;0;986,5;986,7;986,5;;17,3;14,5;17,4;16,9;14,6;13,6;85;81;84;153;1,4;,9;
2022/07/05;0500 UTC;0;986;986,6;986;;16,6;14,5;17,3;16,4;15;13,9;88;83;87;209;2;1,6;
2022/07/05;0600 UTC;0;985,6;986;985,6;;16,5;14,1;17,2;16,4;15,1;13,9;88;85;86;199;3,2;1,9;
2022/07/05;0700 UTC;0;985,6;985,6;985,5;;16,5;14,1;16,6;16,5;14,4;14,1;87;85;86;212;2,8;1,3;
2022/07/05;0800 UTC;0;985,6;985,7;985,6;;15,9;13,3;16,6;15,9;14,1;13,3;86;85;85;234;2,4;1,2;
2022/07/05;0900 UTC;0;986,4;986,5;985,6;;14,9;13,2;15,9;14,7;13,4;12,8;90;84;90;12;1,8;1;
2022/07/05;1000 UTC;0;986,9;986,9;986,4;35,5;15,7;13,9;15,7;14,6;14;12,8;91;88;89;31;1,9;,9;
2022/07/05;1100 UTC;0;987,5;987,5;986,9;479,6;21;16,2;21;15,7;16,4;13,9;90;74;74;128;2;1,1;
2022/07/05;1200 UTC;0;987,9;987,9;987,5;1218,9;25;14,5;25;21;16,3;14,1;74;52;52;137;7,2;3,7;
2022/07/05;1300 UTC;0;987,9;988,1;987,9;1901,2;28,1;14,8;28,1;25;14,8;14;52;44;44;127;7,2;3,3;
2022/07/05;1400 UTC;0;987,6;988;987,6;2333,2;29,6;13,5;30,4;27,8;15;13,4;45;37;37;77;8,1;3,8;
2022/07/05;1500 UTC;0;987;987,7;986,9;2509,3;30,5;12,9;31,1;29,4;14,1;12,9;38;34;34;84;8,5;3,7;
2022/07/05;1600 UTC;0;985,8;987;985,7;2520,6;32,3;12,4;32,5;30,6;13,7;12,3;34;30;30;76;7,8;3,4;
2022/07/05;1700 UTC;0;984,8;985,7;984,8;2443,3;32,7;12,7;32,9;31,6;13,1;10,3;31;26;30;118;7,1;3,4;
2022/07/05;1800 UTC;0;984,3;984,8;984,3;2077,3;32,2;11,1;33,2;31,8;13,2;11,1;31;27;27;123;7,2;3,1;
2022/07/05;1900 UTC;0;983,9;984,3;983,9;1511,6;31,7;11,2;32,8;31,1;12,4;11,2;31;27;28;129;6,9;3,5;
2022/07/05;2000 UTC;0;983,9;983,9;983,8;1060,7;31,1;11,6;32,3;31;12;11,1;31;28;30;140;6,5;2,7;
2022/07/05;2100 UTC;0;984,1;984,1;983,9;234,3;27,8;13,7;31,1;27,8;13,7;11,6;42;30;42;178;5;1,2;
2022/07/05;2200 UTC;0;984,5;984,5;984,1;;24,1;14,8;27,8;24,1;14,8;13,8;56;42;56;207;2,4;1,5;
2022/07/05;2300 UTC;0;985,1;985,1;984,5;;22,7;14,9;24,1;22,6;15,3;14,8;62;56;62;209;2,7;1;
2022/07/06;0000 UTC;0;985,7;985,7;985,1;;21,7;14,8;23;21,2;14,9;14,4;66;59;65;194;2,3;1,7;
2022/07/06;0100 UTC;0;986,1;986,1;985,7;;20,4;14,7;22,1;20,4;15;14,6;70;64;70;204;2,3;,8;
2022/07/06;0200 UTC;0;986,1;986,1;986,1;;18,8;14,8;20,5;18,8;15;14,5;77;70;77;208;2,1;1,3;
2022/07/06;0300 UTC;0;985,9;986,1;985,9;;19;14,6;19,8;18,9;15,4;14,5;79;74;75;205;1,9;1,4;
2022/07/06;0400 UTC;0;985,7;986;985,7;;19,4;15,3;19,8;19;15,4;14,7;78;74;78;250;2;,6;
2022/07/06;0500 UTC;0;985,1;985,7;985,1;;20,6;15,7;20,6;18,7;16,2;15,2;81;74;74;165;4,8;2,6;
2022/07/06;0600 UTC;0;984,9;985,1;984,8;;21,4;15,7;22;20,6;15,7;14,2;74;61;70;155;5,1;2,2;
2022/07/06;0700 UTC;0;985;985;984,8;;20,6;16;21,5;20,6;16;15;75;67;75;116;4,3;1,3;
2022/07/06;0800 UTC;0;985,4;985,4;985;;19,5;16;20,7;19,5;16,2;15,6;80;73;80;41;2,5;,6;
2022/07/06;0900 UTC;0;985,6;985,6;985,4;;18,1;14,9;19,5;18,1;16;14,7;83;78;81;86;2,3;,7;
2022/07/06;1000 UTC;0;986,1;986,1;985,6;32;19,1;14,5;19,6;18,1;15,3;14,2;82;75;75;164;2,2;,8;
2022/07/06;1100 UTC;0;987,1;987,1;986,1;229,5;20,4;15,3;20,4;19;15,3;14,3;77;69;73;338;3,9;,7;
2022/07/06;1200 UTC;0;987,5;987,5;987;1194,6;25,2;14,7;25,3;20,4;16,6;14,3;73;51;52;100;3,6;1,7;
2022/07/06;1300 UTC;0;987,4;987,6;987,4;1897,9;28,7;12,9;28,8;25,3;15,2;12,7;53;38;38;127;6,1;3,1;
2022/07/06;1400 UTC;0;987,1;987,4;987,1;2333,9;30,6;11,7;30,8;28,5;13,3;11,1;38;31;31;83;8,9;3,4;
2022/07/06;1500 UTC;0;986,5;987,1;986,5;2501,3;31,3;10,6;32;30,3;12,3;10,4;32;27;28;91;9,3;3,9;
2022/07/06;1600 UTC;0;985,7;986,5;985,7;2502,1;32;10,3;33,1;31,2;11,6;9,9;29;26;26;115;8,5;4;
2022/07/06;1700 UTC;0;984,7;985,7;984,7;2339,9;32,7;10,6;33,1;31,9;10,9;9,9;27;24;26;90;7,8;3;
2022/07/06;1800 UTC;0;983,8;984,7;983,8;2052,2;32,2;9,6;33;32;10,8;9,4;26;24;25;75;6,7;2,7;
2022/07/06;1900 UTC;0;983,5;983,8;983,5;1637,7;32,6;9,8;33,2;32,2;10,6;9,1;26;23;25;93;5,8;2,5;
2022/07/06;2000 UTC;0;983,5;983,6;983,4;1061,4;31,9;10,3;32,7;31,9;10,5;9;27;24;26;105;5,5;1,8;
2022/07/06;2100 UTC;0;983,9;983,9;983,5;234,4;28,3;12,4;31,9;28,3;12,8;10,1;38;26;37;163;4,3;1,1;
2022/07/06;2200 UTC;0;984,3;984,3;983,9;;24,9;13,3;28,3;24,9;13,4;12,4;49;37;49;146;2,3;,9;
2022/07/06;2300 UTC;0;984,9;984,9;984,3;;22,4;13,5;24,9;22,4;13,5;13,1;57;48;57;199;1,9;1,1;
2022/07/07;0000 UTC;0;985,3;985,4;984,9;;20,8;14;22,4;20,7;14,9;13,5;68;57;65;190;1,5;,9;
2022/07/07;0100 UTC;0;985,4;985,4;985,3;;19,6;14,4;20,9;19,4;14,4;13,8;72;65;72;201;2,1;1,5;
2022/07/07;0200 UTC;0;985,2;985,5;985,2;;19,2;14,5;20,5;19;14,7;13,9;74;69;74;177;1,9;1;
2022/07/07;0300 UTC;0;985,1;985,3;985,1;;18,8;15;19,5;18,6;15;14,1;79;73;79;181;1,4;,9;
2022/07/07;0400 UTC;0;985,1;985,2;985,1;;18,3;14,8;19,1;18,1;15,2;14,3;81;76;80;160;1,1;,7;
2022/07/07;0500 UTC;0;984,9;985,1;984,9;;18,3;14,5;18,3;17,8;15,1;14,3;83;79;79;196;1,6;1;
2022/07/07;0600 UTC;0;984,7;984,9;984,6;;17,3;14,5;18,3;17,1;14,6;13,8;84;78;84;210;1,6;1,2;
2022/07/07;0700 UTC;0;984,8;984,8;984,6;;17,2;14,5;17,7;17,2;15,1;14,5;86;83;84;134;2,2;1,1;
2022/07/07;0800 UTC;0;985;985;984,7;;17,5;15,4;17,5;17,1;15,5;14,5;89;84;87;185;2,2;1;
2022/07/07;0900 UTC;0;985,6;985,6;985;;19,3;15;19,5;17,3;15,4;14,7;87;76;76;141;3,5;1,7;
2022/07/07;1000 UTC;0;986,4;986,4;985,6;38,9;19;15,5;19,4;18,7;15,5;15;80;76;80;118;3,7;1,3;
2022/07/07;1100 UTC;0;987,1;987,1;986,4;477,5;22,4;16,4;22,5;19,1;16,6;15,6;80;69;69;131;2,4;1,1;
2022/07/07;1200 UTC;0;987,7;987,7;987,1;1207,6;25;16,4;25;22,4;16,6;15,8;69;59;59;129;5,4;2,6;
2022/07/07;1300 UTC;0;987,9;987,9;987,7;1877,4;28,9;14,9;28,9;25;16,6;14,5;59;43;43;83;6,1;2,8;
2022/07/07;1400 UTC;0;987,7;987,9;987,7;2300,9;30,5;14,3;30,9;28,8;15;13,9;43;37;37;113;7,3;2,5;
2022/07/07;1500 UTC;0;987;987,7;987;2465,1;31,8;13,4;32;30,5;14,6;12,8;37;32;33;80;6,9;3,7;
2022/07/07;1600 UTC;0;986,2;987;986,2;2456,6;32,2;13,3;32,3;31,5;13,8;12,6;33;31;32;66;7;3,4;
2022/07/07;1700 UTC;0;985,5;986,2;985,5;2296;32,7;12,2;33,1;31,6;13,2;12,2;32;28;29;68;7,5;3;
2022/07/07;1800 UTC;0;984,9;985,5;984,8;2023,7;32,8;11,3;33,2;32,3;12,9;10,7;30;26;27;76;5,8;2,5;
2022/07/07;1900 UTC;0;984,9;984,9;984,8;1611;32,8;11,7;33,5;32,6;12,1;10,6;28;26;28;38;6,5;2,3;
2022/07/07;2000 UTC;0;984,9;984,9;984,8;1042,9;32,1;12,6;33,1;32,1;12,8;11,7;30;28;30;78;5,4;1,8;
2022/07/07;2100 UTC;0;985,3;985,3;984,9;229,5;29;15,5;32,2;29;15,5;12,5;44;30;44;100;3,9;,9;
2022/07/07;2200 UTC;0;985,5;985,5;985,3;;25,1;16,2;29;25,1;16,8;15,6;58;44;58;206;1,7;,8;
2022/07/07;2300 UTC;0;986;986;985,5;;23,7;16,1;25,1;23,5;16,3;15,7;63;58;62;194;1,9;1,3;
2022/07/08;0000 UTC;0;986,4;986,4;986;;22,7;16,2;24;22,7;16,2;15,8;67;60;67;198;1,7;1;
2022/07/08;0100 UTC;0;986,7;986,8;986,4;;21,2;16,3;22,7;21,2;16,3;16;73;67;73;190;3,3;1,3;
2022/07/08;0200 UTC;0;986,9;986,9;986,7;;21,7;16,5;21,9;21,2;16,7;16,3;74;71;72;174;3,3;1;
2022/07/08;0300 UTC;0;987;987;986,8;;20,6;16,5;21,7;20,6;16,9;16,4;79;72;78;132;1,6;,9;
2022/07/08;0400 UTC;0;987,1;987,2;987;;20,3;17;20,7;20;17,3;16,4;82;77;82;154;2;,8;
2022/07/08;0500 UTC;0;986,6;987,1;986,6;;20,5;16,8;20,5;19,6;17,1;16,4;84;79;79;177;2;1,4;
2022/07/08;0600 UTC;0;986,8;986,9;986,6;;20,7;17,2;20,7;19,6;17,2;16,4;83;77;80;358;5,4;2,4;
2022/07/08;0700 UTC;0;987,2;987,3;986,8;;18,9;15,9;21;18,9;17,3;15,7;83;78;83;46;5,4;,4;
2022/07/08;0800 UTC;0;987,5;987,5;987,2;;20,4;15,5;20,6;18,8;16,5;15,5;84;73;73;164;3,1;1,6;
2022/07/08;0900 UTC;0;988;988;987,5;;21,7;16,4;22,1;20,4;16,4;15,5;74;69;72;145;3,4;1,9;
2022/07/08;1000 UTC;0;988,5;988,5;988;36,1;21,4;17,2;21,7;21,1;17,2;16,4;77;72;77;145;3,4;1,4;
2022/07/08;1100 UTC;0;989,1;989,1;988,5;463;23,7;17,7;23,7;21,4;18;17,2;77;69;69;134;4,3;2;
2022/07/08;1200 UTC;0;989,5;989,5;989;1186,9;27;16,3;27;23,7;17,8;15,9;69;52;52;110;4,1;2,1;
2022/07/08;1300 UTC;0;989,5;989,5;989,4;1870,6;29,3;14,3;29,4;26,9;16,1;14;52;40;40;91;5,9;3,1;
2022/07/08;1400 UTC;0;989;989,5;989;2293,2;30,6;14,1;31,1;29,1;15,1;14;41;37;37;105;7,5;4,3;
2022/07/08;1500 UTC;0;988,1;989;988,1;2463,1;32,1;13,5;32,3;30,6;14,3;12,9;37;32;32;100;8,6;4,3;
2022/07/08;1600 UTC;0;987,3;988,1;987,2;2451,4;32,7;13,4;33;31,7;13,9;12,7;32;31;31;97;8;3,2;
2022/07/08;1700 UTC;0;986,2;987,3;986,2;2278,4;33,1;12,5;33,8;32,2;13,8;12,4;32;29;29;119;7,5;2,8;
2022/07/08;1800 UTC;0;985,7;986,2;985,7;2022,2;33,3;12;33,8;32,7;13,4;11,9;30;27;27;124;7,2;3,6;
2022/07/08;1900 UTC;0;985,5;985,7;985,5;1617,6;33;12,5;33,6;32,9;12,5;11,1;29;26;29;122;6,6;2,7;
2022/07/08;2000 UTC;0;985,6;985,6;985,5;1054,6;32,2;12,2;33,2;32,1;12,6;11,7;30;28;30;137;6,1;2,7;
2022/07/08;2100 UTC;0;986,1;986,1;985,6;229,7;29;13,9;32,2;29;13,9;11,9;40;29;40;165;4,9;1,4;
2022/07/08;2200 UTC;0;986,6;986,6;986,1;;25,2;15,4;29;25,2;15,6;14;55;40;55;216;2,5;1,1;
2022/07/08;2300 UTC;0;987,2;987,2;986,6;;23,7;15,6;25,2;23,7;15,6;15,1;60;54;60;205;2,4;1,1;
2022/07/09;0000 UTC;0;987,6;987,6;987,2;;22,6;15,5;23,9;22,6;15,9;15,3;65;59;64;197;2,3;,9;
2022/07/09;0100 UTC;0;987,7;987,7;987,6;;21,5;15,5;22,7;21,5;15,7;15,3;69;64;69;200;1,6;1,2;
2022/07/09;0200 UTC;0;987,5;987,7;987,5;;21,2;15,8;21,5;20,8;16;15,4;72;69;72;208;1,6;,9;
2022/07/09;0300 UTC;0;987,2;987,5;987,1;;20,4;15,9;21,2;20,4;16,4;15,8;77;71;76;205;1,4;1;
2022/07/09;0400 UTC;0;986,8;987,2;986,8;;19;15,9;20,4;19;16,3;15,6;82;76;82;255;1,3;,5;
2022/07/09;0500 UTC;0;986,5;987,1;986,5;;18,8;16,1;19,2;18,4;16,8;15,6;87;82;84;182;2,2;1,4;
2022/07/09;0600 UTC;0;986,5;986,5;986,4;;19,1;16,2;19,7;18,8;16,4;15,9;84;80;83;197;2,1;1,1;
2022/07/09;0700 UTC;0;986,5;986,5;986,3;;19,2;16,7;19,2;18,5;16,7;15,7;88;83;85;140;2,2;1,5;
2022/07/09;0800 UTC;0;986,8;986,8;986,4;;19,8;16,6;20,7;19,2;16,9;15,9;85;77;82;115;3,2;1,1;
2022/07/09;0900 UTC;0;987;987,1;986,7;;20,2;14,9;20,3;19,3;16,6;14,9;82;71;71;138;3,5;1,7;
2022/07/09;1000 UTC;0;987,5;987,5;987;45,5;20,9;15,7;20,9;19,9;15,7;14,6;74;70;72;137;4,7;2,5;
2022/07/09;1100 UTC;0;988,1;988,1;987,5;496;23,7;15,8;23,7;20,9;15,9;15;72;61;61;125;5,1;2;
2022/07/09;1200 UTC;0;988,6;988,6;988,1;1184;27,4;12,7;27,4;23,5;15,4;12,6;61;40;40;95;6,2;3,3;
2022/07/09;1300 UTC;0;988,5;988,7;988,5;1905,4;29,3;10,8;29,6;27,3;12,8;10,8;41;32;32;128;9,3;5,4;
2022/07/09;1400 UTC;0;988,1;988,5;988,1;2295,7;30,9;11,4;31,4;29,3;11,7;10,6;32;29;30;115;10,1;3,9;
2022/07/09;1500 UTC;0;987,3;988,1;987,3;2454;31,7;11,7;32,3;30,7;12;11,1;31;28;29;109;10,1;4,8;
2022/07/09;1600 UTC;0;986,3;987,3;986,3;2448,2;32,7;11,6;33,5;31,5;12,3;11,1;29;27;28;103;8,3;3,5;
2022/07/09;1700 UTC;0;985,3;986,4;985,3;2286,5;33,3;12,1;33,6;32,3;12,5;11,3;29;27;28;113;8,7;3,2;
2022/07/09;1800 UTC;0;984,5;985,3;984,5;2023,5;33,1;12,4;34;32,9;13,1;11,9;29;27;28;107;8,3;3,7;
2022/07/09;1900 UTC;0;984,1;984,5;984,1;1620,3;32,8;12,2;33,7;32,8;13,1;12;30;27;29;131;7,8;3,4;
2022/07/09;2000 UTC;0;984,3;984,3;984;1066;32,2;12,5;33,3;32,2;13;12,1;30;28;30;107;6,1;2,7;
2022/07/09;2100 UTC;0;984,6;984,6;984,3;234,4;29,3;14,1;32,3;29,3;14,2;12,6;40;30;40;121;5,8;1,4;
2022/07/09;2200 UTC;0;985,2;985,2;984,6;;27,2;14,5;29,3;27,2;14,7;14,1;46;39;46;126;3,4;1,7;
2022/07/09;2300 UTC;0;985,8;985,8;985,2;;24,8;14,8;27,2;24,3;15,1;14,4;56;46;54;170;2,7;1,4;
2022/07/10;0000 UTC;0;986,2;986,2;985,8;;22;15,1;24,8;22;15,6;14,6;65;54;65;185;2,1;1,2;
2022/07/10;0100 UTC;0;986,4;986,5;986,2;;20,7;15,8;22,1;20,5;15,9;15;75;65;74;60;2;,3;
2022/07/10;0200 UTC;0;986,5;986,6;986,4;;19,9;15,9;20,7;19,9;16,7;15,6;79;73;78;104;1,7;,8;
2022/07/10;0300 UTC;0;986,4;986,5;986,4;;19,9;16,4;20,4;19,2;16,5;15,7;82;77;80;126;3,1;1;
2022/07/10;0400 UTC;0;986,1;986,4;986,1;;19,5;15,2;21,6;19,5;16,4;14,9;80;69;76;125;3;,4;
2022/07/10;0500 UTC;0;985,8;986,1;985,8;;18,6;14,6;19,5;18,1;15,2;14,5;81;76;77;159;1,7;,9;
2022/07/10;0600 UTC;0;985,4;985,8;985,4;;18,1;14,1;18,6;17,6;14,7;13,8;80;76;78;176;2,6;1,4;
2022/07/10;0700 UTC;0;985,5;985,6;985,3;;17;14,1;18,2;17;14,9;13,9;83;78;83;150;3;,7;
2022/07/10;0800 UTC;0;985,6;985,6;985,4;;16,9;13,1;17,9;16,7;14,7;13,1;87;76;78;170;2;1;
2022/07/10;0900 UTC;0;986,1;986,1;985,6;;17;12,4;17;16,4;13;12,4;79;74;74;172;2,2;1,6;
2022/07/10;1000 UTC;0;986,9;986,9;986,1;43,8;18,2;12,9;18,2;17;12,9;12,2;74;70;71;164;2,6;1,5;
2022/07/10;1100 UTC;0;987,8;987,8;986,9;481,6;22,1;14,5;22,1;18,2;14,6;13;72;62;62;146;3,9;2,4;
2022/07/10;1200 UTC;0;988,4;988,4;987,8;1215,4;25,9;15,6;26,1;22,1;16,1;14,5;62;53;53;106;7,3;4;
2022/07/10;1300 UTC;0;988,7;988,7;988,4;1899,7;27,9;16;28,1;25,8;16,2;15,5;53;48;48;106;9,8;4;
2022/07/10;1400 UTC;0;988,4;988,7;988,4;2308,1;29,6;15,4;29,8;27,9;16,7;15;49;42;42;96;9,7;4,3;
2022/07/10;1500 UTC;0;987,5;988,5;987,5;2474,7;30,4;12,6;30,9;29,1;15,4;12,6;43;34;34;72;9,5;4,6;
2022/07/10;1600 UTC;0;986,4;987,5;986,3;2480,2;31,4;11,5;31,8;30,3;12,9;10,2;34;27;30;66;8,9;3,8;
2022/07/10;1700 UTC;0;985,3;986,4;985,3;2259,1;31,7;10,8;32,3;30,9;11,9;9,8;31;26;28;72;7,6;3,6;
2022/07/10;1800 UTC;0;984,4;985,3;984,4;2072,1;32;10,7;32,7;31,7;11,2;10,1;28;26;27;113;7,4;3,8;
2022/07/10;1900 UTC;0;984,2;984,4;984,1;1515,9;30,4;11,6;32,5;30,4;11,9;10,4;31;27;31;104;7,7;3,5;
2022/07/10;2000 UTC;0;984;984,2;984;1035;31,1;11,1;31,6;30,4;12,1;10,6;32;28;29;96;7,6;2;
2022/07/10;2100 UTC;0;983,9;984;983,9;242,9;28,2;13,3;31,1;28,2;13,3;11,2;40;29;40;119;5,8;1,3;
2022/07/10;2200 UTC;0;984,1;984,1;983,9;;24,4;14,8;28,2;24,4;14,9;12,7;55;39;55;152;2,8;,9;
2022/07/10;2300 UTC;0;984,5;984,5;984,1;;24,7;14,9;25;23,5;15,5;14,6;60;54;54;137;2,9;1,6;
2022/07/11;0000 UTC;0;984,9;984,9;984,5;;24,4;14,1;24,7;23,1;15,1;14,1;58;53;53;127;3,3;2;
2022/07/11;0100 UTC;0;985;985;984,9;;21,3;13,9;24,5;21,3;14,1;13,8;63;52;63;192;3,3;1;
2022/07/11;0200 UTC;0;984,8;985;984,8;;20,1;14,7;21,3;19,7;14,9;13,7;74;63;71;220;3,2;1,6;
2022/07/11;0300 UTC;0;984,8;984,9;984,8;;19,4;15,5;20,2;19,2;15,5;14,6;78;71;78;183;2,2;1,2;
2022/07/11;0400 UTC;0;984,4;984,8;984,4;;18,9;15,1;19,5;18,9;16;15,1;81;77;79;201;2;1,1;
2022/07/11;0500 UTC;0;984,2;984,4;984,2;;18,7;15,5;19;18,3;15,7;14,8;83;79;82;162;2,4;1,5;
2022/07/11;0600 UTC;0;983,7;984,2;983,7;;19,9;15,5;20;18,7;16;15,5;82;75;75;164;4,1;2,1;
2022/07/11;0700 UTC;0;983,7;983,8;983,6;;20,9;16,2;20,9;19,9;16,5;15,5;78;74;74;149;5,7;2,8;
2022/07/11;0800 UTC;0;984;984;983,7;;19,8;16;20,9;19,4;16,3;15,7;80;74;79;140;5;2;
2022/07/11;0900 UTC;0;984;984,2;983,9;;20,1;15,8;20,5;19,7;16;15,7;78;75;76;167;4,2;2;
2022/07/11;1000 UTC;0;985;985;984;39,9;19,2;14,6;20,1;18,6;15,7;14,6;81;75;75;139;4,5;2;
2022/07/11;1100 UTC;0;986;986;984,9;476,8;21,5;14,4;21,5;19,2;15,1;14;75;64;64;82;3,8;1,3;
2022/07/11;1200 UTC;0;986,3;986,3;986;1201,8;26,3;15;26,3;21,5;15,3;14,2;64;50;50;105;3,8;2,1;
2022/07/11;1300 UTC;0;986,5;986,5;986,3;1894,3;28,2;13,7;28,2;26,3;14,9;13,3;50;41;41;81;7,9;4,2;
2022/07/11;1400 UTC;0;986,3;986,6;986,3;2295,5;29,4;13;29,9;28,2;14;12,7;41;36;37;90;8,6;3,7;
2022/07/11;1500 UTC;0;985,8;986,4;985,8;2432,7;29,8;12,6;30,4;29;13,3;12,1;37;33;35;67;7,5;3,9;
2022/07/11;1600 UTC;0;984,7;985,8;984,7;2393,9;31,2;13;31,5;29,7;13,2;11,8;35;31;33;68;8,1;3,1;
2022/07/11;1700 UTC;0;983,6;984,7;983,6;2226,4;31,7;12,5;31,9;30,8;12,8;10,5;33;28;31;69;6,5;2,8;
2022/07/11;1800 UTC;0;982,8;983,7;982,8;1993,4;32,1;11,6;32,6;31,4;12,5;11,1;31;28;29;74;6,4;2,2;
2022/07/11;1900 UTC;0;982,5;982,8;982,4;1605,5;31,9;11,5;32,4;31,6;12;10,8;30;27;29;106;5,2;2,6;
2022/07/11;2000 UTC;0;982,5;982,5;982,3;1070,8;31,5;11,6;32;31,2;11,8;10,9;30;28;30;117;5,2;1,8;
2022/07/11;2100 UTC;0;983;983;982,5;240,3;28,5;12,7;31,5;28,5;12,9;11,1;38;29;38;125;3,8;1;
2022/07/11;2200 UTC;0;983,5;983,5;983;;24,8;14,2;28,5;24,8;14,2;13,1;52;38;52;162;3;1,3;
2022/07/11;2300 UTC;0;984,1;984,1;983,5;;23,1;14,6;24,8;23,1;14,7;14,1;59;52;59;157;2;,7;
2022/07/12;0000 UTC;0;984,8;984,8;984,1;;21,1;15,2;23,1;21,1;15,2;14,6;69;59;69;160;1,4;,7;
2022/07/12;0100 UTC;0;985,4;985,4;984,8;;20;15;21,1;20;15,3;14,8;73;69;73;185;1,8;1,2;
2022/07/12;0200 UTC;0;985,5;985,6;985,4;;19,9;15;20,6;19,8;15,4;14,6;75;70;73;190;2,5;1,2;
2022/07/12;0300 UTC;0;985,4;985,5;985,4;;19,7;15,2;20,2;19,6;15,2;14,9;75;72;75;139;1,8;1,1;
2022/07/12;0400 UTC;0;985,4;985,5;985,3;;18,4;15,3;19,7;18,4;15,6;14,8;82;74;82;145;1,9;,6;
2022/07/12;0500 UTC;0;985,2;985,4;985,1;;17,9;15,2;18,6;17,6;15,6;14,5;85;81;84;159;1,7;1;
2022/07/12;0600 UTC;0;984,7;985,2;984,7;;19,5;15,7;19,6;17,9;15,9;14,6;84;79;79;127;3,1;1,4;
2022/07/12;0700 UTC;0;984,6;984,7;984,6;;17,7;15,3;19,5;17,7;15,9;14,9;86;79;86;92;3,1;1;
2022/07/12;0800 UTC;0;984,8;984,8;984,6;;17,2;15;18,5;17,1;15,9;14,6;88;83;87;143;2,6;1,1;
2022/07/12;0900 UTC;0;985;985;984,7;;17,4;15;18,8;17,1;16,5;14,9;88;82;86;138;3,1;,9;
2022/07/12;1000 UTC;0;985,6;985,6;984,9;35,6;16,9;14,6;17,4;16,4;15;14,3;89;85;86;107;2,2;,4;
2022/07/12;1100 UTC;0;986,6;986,6;985,6;470,7;21,5;15,5;21,6;16,9;16,9;14,6;87;68;68;123;2,8;1,5;
2022/07/12;1200 UTC;0;987,7;987,7;986,6;1205,1;24,2;14,7;24,2;21,5;16,4;14,7;69;55;55;105;5;2,1;
2022/07/12;1300 UTC;0;987,9;987,9;987,7;1888,3;28;13;28,1;24,1;15,3;12,5;57;39;39;137;5,5;2,8;
2022/07/12;1400 UTC;0;987,5;987,9;987,5;2276,9;30;11,2;30,5;27,2;12,8;11,1;40;31;31;108;7;3,5;
2022/07/12;1500 UTC;0;987;987,5;987;2404,6;31,4;9,9;32,1;30;11,8;9,8;32;26;27;109;8;3,7;
2022/07/12;1600 UTC;0;986;987;985,9;2352,4;32,5;10,3;32,7;31,2;10,8;9,5;27;25;26;115;6,8;2,6;
2022/07/12;1700 UTC;0;985;986;985;2183,5;32;9,9;33;31,9;10,6;9,6;26;24;26;108;6,8;2,5;
2022/07/12;1800 UTC;0;984;985;984;1936,9;32,7;11,4;33,3;32;11,5;9,9;28;25;27;138;5,8;2,9;
2022/07/12;1900 UTC;0;983,7;984;983,7;1573,6;31,9;10,9;32,9;31,9;11,8;10,9;28;27;28;165;6,9;3,4;
2022/07/12;2000 UTC;0;984;984;983,7;1060,8;31,2;10,9;32,3;31,2;11,5;10,8;29;28;29;163;6,7;3,4;
2022/07/12;2100 UTC;0;984,4;984,4;984;255,1;29;11,5;31,3;29;11,5;10,7;34;28;34;168;6,6;1,8;
2022/07/12;2200 UTC;0;984,9;984,9;984,4;;24,2;14,1;29;24,2;14,2;11,6;53;34;53;205;3,1;1,1;
2022/07/12;2300 UTC;0;985,4;985,4;984,9;;22,5;14;24,2;22,5;14,6;13,6;59;53;59;215;1,9;1,5;
2022/07/13;0000 UTC;0;985,9;985,9;985,4;;21,5;13,9;22,5;21,4;14,4;13,8;62;59;62;199;1,9;1,1;
2022/07/13;0100 UTC;0;986,2;986,2;985,9;;19,7;14;21,5;19,7;14,6;13,6;70;62;70;169;1,6;1;
2022/07/13;0200 UTC;0;986,1;986,3;986,1;;19,2;14,4;20,2;19,2;14,9;13,9;74;67;74;187;1,4;1;
2022/07/13;0300 UTC;0;985,9;986,1;985,8;;18,5;15,9;19,5;18,3;16,2;14,3;85;74;85;199;1,7;1,2;
2022/07/13;0400 UTC;0;985,5;985,9;985,5;;18,7;15,9;19,3;18,5;16,4;15,3;87;79;84;197;3,9;1,4;
2022/07/13;0500 UTC;0;984,5;985,4;984,5;;18,1;14,9;18,7;18;15,9;14,8;84;80;82;203;3,2;1,4;
2022/07/13;0600 UTC;0;984,3;984,5;984,2;;17,5;14,5;18,2;17,5;15,1;14,4;84;80;83;149;2,3;,7;
2022/07/13;0700 UTC;0;984,5;984,5;984,3;;16,9;14,3;17,5;16,9;14,8;14,2;85;82;85;145;1,7;1,2;
2022/07/13;0800 UTC;0;984,7;984,8;984,5;;16,7;14,8;16,9;16,4;14,8;13,8;88;84;88;138;1,7;,5;
2022/07/13;0900 UTC;0;985,2;985,2;984,7;;16,9;14,6;17,3;16,5;15,1;14,5;89;85;87;160;2,3;,9;
2022/07/13;1000 UTC;0;985,6;985,6;985,2;36,2;16,8;14,6;16,9;16;14,9;13,7;90;86;87;183;1,2;,3;
2022/07/13;1100 UTC;0;986,3;986,3;985,6;480,6;21,7;16,9;21,7;16,8;17,4;14,6;87;74;74;116;2;1,1;
2022/07/13;1200 UTC;0;986,9;986,9;986,3;1167,4;25,2;15,7;25,2;21,6;17,1;15,4;75;55;56;116;3,9;2,3;
2022/07/13;1300 UTC;0;987,1;987,2;986,9;1815,8;28,8;13,5;29,1;25,2;16,2;13,5;56;39;39;138;4,7;2,7;
2022/07/13;1400 UTC;0;987;987,2;986,9;2237,5;30,6;11,5;31,2;28,7;13,5;11,1;40;30;31;135;6,1;3,5;
2022/07/13;1500 UTC;0;986,4;987;986,4;2371,4;32,5;10,9;32,6;30,3;12,1;10,3;32;27;27;92;7,4;4;
2022/07/13;1600 UTC;0;985,5;986,4;985,5;2318,1;33,2;10,3;33,3;32;11,4;9,6;27;24;25;71;7,4;3,4;
2022/07/13;1700 UTC;0;984,2;985,5;984,2;2166,3;34;10,3;34,1;32,7;11;9,4;25;23;24;84;7,1;2,8;
2022/07/13;1800 UTC;0;983,4;984,2;983,4;1910,3;34,1;10,5;34,4;33,2;11;9,5;25;23;24;93;5,9;1,5;
2022/07/13;1900 UTC;0;983;983,4;983;1562,4;33,8;11,1;34,3;33,3;11,8;10;27;23;25;64;6,1;1,7;
2022/07/13;2000 UTC;0;982,7;983;982,7;1017,6;32,7;12,3;33,8;32,6;12,5;10,9;29;25;29;63;3,9;1,8;
2022/07/13;2100 UTC;0;983;983,1;982,7;257,6;29;16;32,8;29;16;12,3;45;29;45;139;3,5;,6;
2022/07/13;2200 UTC;0;983,4;983,4;983;;24,3;15,9;29;24,2;17,1;15,6;60;45;60;204;2,6;1,2;
2022/07/13;2300 UTC;0;983,7;983,7;983,4;;23,2;15,8;24,5;23,2;16,2;15,6;63;59;63;214;2,6;1,4;
2022/07/14;0000 UTC;0;984,3;984,3;983,7;;22,5;15,7;23,2;22,5;16,1;15,6;66;63;65;194;2;1,1;
2022/07/14;0100 UTC;0;984,3;984,3;984,2;;22;16,1;22,5;22;16,2;15,6;69;65;69;195;1,8;1,1;
2022/07/14;0200 UTC;0;984,3;984,4;984,3;;21,4;16,3;22,2;20,8;16,4;15,7;74;68;72;208;1,9;1,3;
2022/07/14;0300 UTC;0;984,4;984,4;984,2;;20,4;15,9;21,4;20,2;16,3;15,9;77;72;75;203;2,5;1;
2022/07/14;0400 UTC;0;983,9;984,4;983,9;;19,5;15,8;20,4;19,3;15,9;15,5;80;75;79;151;1,9;,8;
2022/07/14;0500 UTC;0;983,6;983,9;983,6;;18,4;15,7;19,5;18,3;15,9;15,4;84;79;84;4;1,3;,8;
2022/07/14;0600 UTC;0;983,2;983,7;983,2;;17,6;15,4;18,5;17,6;16,1;15;88;83;87;220;1,4;,9;
2022/07/14;0700 UTC;0;983,4;983,4;983,2;;17,7;15,3;17,9;17,3;16;15,1;89;85;86;162;1,8;,3;
2022/07/14;0800 UTC;0;983,9;983,9;983,4;;17,1;15,2;17,7;17;15,6;14,8;89;85;89;88;1,1;,5;
2022/07/14;0900 UTC;0;984,4;984,4;983,9;;18,7;16;19;17;16,8;14,9;90;84;85;139;2,7;1,1;
2022/07/14;1000 UTC;0;985,3;985,3;984,4;41,4;19,1;16,4;19,1;17,5;16,4;15,2;88;84;84;145;2,3;1,4;
2022/07/14;1100 UTC;0;986,1;986,1;985,3;442,7;22,3;15,5;22,5;19,1;17,5;15,5;84;65;65;134;3,4;1,5;
2022/07/14;1200 UTC;0;986,7;986,7;986,1;1142,3;26,1;15,9;26,1;22,3;16,5;15,5;66;53;53;139;4,5;2,7;
2022/07/14;1300 UTC;0;986,8;986,9;986,7;1837,6;29,3;15,4;29,4;25,8;16,1;15;54;42;43;113;6,8;3;
2022/07/14;1400 UTC;0;986,4;986,8;986,4;2247,8;30,8;15,6;30,9;29,1;16;15;44;39;40;74;7,5;3,1;
2022/07/14;1500 UTC;0;985,7;986,4;985,7;2265,7;31,6;14;32,1;30,8;16;13,9;40;34;35;64;6,9;3,3;
2022/07/14;1600 UTC;0;984,8;985,7;984,8;2293,4;32,5;13,8;33,3;31,5;14,8;13,8;36;32;32;97;7,1;4;
2022/07/14;1700 UTC;0;983,9;984,9;983,9;2139,6;32,8;13,2;33,7;32,2;14,9;13,2;33;30;31;87;8,1;4;
2022/07/14;1800 UTC;0;983;983,9;982,9;1804;33,6;14;33,6;32,3;14,2;12,9;32;30;31;75;10,6;2,6;
2022/07/14;1900 UTC;0;982,7;983;982,7;1456;33,5;13,9;33,9;32,2;14,3;12,9;32;29;31;102;10,6;2,8;
2022/07/14;2000 UTC;0;982,7;982,7;982,6;1047,2;32,9;13,6;33,7;32,6;14,2;13;32;30;31;100;6;1,8;
2022/07/14;2100 UTC;0;983,1;983,1;982,7;267,6;30,1;15,1;32,9;30,1;15,1;13,3;40;31;40;144;4,1;1,2;
2022/07/14;2200 UTC;0;983,3;983,3;983,1;;26,3;16,1;30,1;26,3;16,3;15,2;54;40;54;194;2,5;,8;
2022/07/14;2300 UTC;0;983,7;983,7;983,3;;24,6;16,4;26,3;24,5;16,5;16,1;61;54;61;202;1,7;1,3;
2022/07/15;0000 UTC;0;984,2;984,2;983,7;;23,6;16,6;24,6;23,6;16,6;16,4;65;61;65;200;1,9;1,4;
2022/07/15;0100 UTC;0;984,6;984,6;984,2;;22,5;16,5;23,6;22,4;16,6;16,2;69;65;69;195;1,8;,7;
2022/07/15;0200 UTC;0;984,5;984,6;984,5;;21,6;16,6;22,5;21,6;16,9;16,4;74;69;74;202;1,1;,6;
2022/07/15;0300 UTC;0;984,4;984,5;984,3;;21;17,3;21,6;20,8;17,3;16,6;80;74;80;179;,8;,6;
2022/07/15;0400 UTC;0;984;984,4;984;;21;17,3;21,1;20,9;17,5;17,2;80;79;80;153;1,3;1;
2022/07/15;0500 UTC;0;983,7;984;983,7;;20,5;17,3;21;20;17,8;17;85;79;82;162;1,6;,5;
2022/07/15;0600 UTC;0;983,5;983,7;983,4;;20,9;17,4;20,9;20;17,5;17,1;84;81;81;7;4;1,8;
2022/07/15;0700 UTC;0;983,6;983,6;983,4;;19,9;16,9;20,9;19,8;17,4;16,8;83;79;83;157;4;,9;
2022/07/15;0800 UTC;0;983,9;983,9;983,6;;21,3;17,1;21,3;19,9;17,1;16,6;83;77;77;143;3,3;1,9;
2022/07/15;0900 UTC;0;984,4;984,4;983,9;;22;17;22,3;21,3;17,4;16,8;77;72;73;128;3,9;2;
2022/07/15;1000 UTC;0;985,2;985,2;984,4;36,4;22;17,1;22;20,8;17,3;17;79;73;74;130;3,4;1,2;
2022/07/15;1100 UTC;0;985,9;985,9;985,2;442,5;24,7;16,8;24,7;22;17,1;16,4;74;61;61;140;3,8;2;
2022/07/15;1200 UTC;0;986,7;986,7;985,9;1197,1;27,8;14,9;27,8;24,5;17;14,8;62;45;45;102;6,3;3,2;
2022/07/15;1300 UTC;0;987;987,1;986,7;1775,8;30,6;14,2;30,6;27,5;15,2;13,3;46;36;37;87;6,4;3,5;
2022/07/15;1400 UTC;0;986,6;987,1;986,6;2222;31,4;13,6;31,6;30,1;14,4;13,1;37;34;34;68;6,6;3,4;
2022/07/15;1500 UTC;0;985,7;986,6;985,7;2337;32,1;12,9;32,5;31,4;13,8;12,3;34;30;31;82;7,7;3,7;
2022/07/15;1600 UTC;0;984,7;985,7;984,7;2274,9;32,9;12,5;33,3;32,1;13,1;12,2;31;28;29;72;7,5;3,1;
2022/07/15;1700 UTC;0;983,6;984,7;983,6;2123,6;33,4;12,8;34,1;32,8;13,7;12,5;31;28;29;93;7,5;3,6;
2022/07/15;1800 UTC;0;982,6;983,6;982,6;1937,8;33,3;13,1;34,1;33,1;13,5;12,3;30;28;29;45;6,7;2,4;
2022/07/15;1900 UTC;0;982,4;982,6;982,3;1423,2;32,1;13,2;34;32,1;13,7;12,7;32;28;32;120;6,4;3,2;
2022/07/15;2000 UTC;0;982,3;982,4;982,3;605,3;32;14,1;32,8;31,1;14,8;13,2;37;31;34;57;5,5;1,5;
2022/07/15;2100 UTC;0;982,6;982,6;982,3;301,8;30,1;14,8;32,2;30,1;15,2;13,7;40;33;40;122;3;1;
2022/07/15;2200 UTC;0;982,9;982,9;982,6;;26,3;16,3;30,1;25,8;17,2;14,9;59;40;54;161;2;,8;
2022/07/15;2300 UTC;0;983,3;983,3;982,9;;23,1;16,8;26,3;23;17,3;16,2;68;54;68;138;1,8;1;
2022/07/16;0000 UTC;0;983,7;983,7;983,3;;22,8;16,5;23,6;22,8;17,3;16,5;70;66;68;200;1,8;1;
2022/07/16;0100 UTC;0;984,1;984,1;983,7;;20,9;16,8;22,8;20,9;17,2;16,6;78;68;78;54;1,5;,9;
2022/07/16;0200 UTC;0;984,4;984,4;984,1;;21,3;17,4;21,7;20,7;17,8;16,8;79;77;78;212;1,5;,6;
2022/07/16;0300 UTC;0;984,3;984,4;984,2;;21,3;17,7;21,9;21,3;18;17,5;80;77;80;359;2,2;,8;
2022/07/16;0400 UTC;0;983,9;984,3;983,9;;21;18,2;21,5;20,9;18,3;17,4;84;79;84;203;4,1;,9;
2022/07/16;0500 UTC;0;983,7;984,1;983,7;;22,3;17,4;22,3;20,7;18,6;17,4;85;74;74;136;2,5;1,5;
2022/07/16;0600 UTC;0;983,7;983,8;983,6;;21,1;16,4;23;21,1;17,5;16,4;75;69;75;49;4,4;1,7;
2022/07/16;0700 UTC;0;983,7;983,8;983,7;;19,7;16,4;21,2;19,6;16,6;16,1;81;75;81;68;3,8;,5;
2022/07/16;0800 UTC;0;983,9;983,9;983,7;;20,2;15,7;20,5;19,3;16,5;15,7;82;76;76;117;2,1;1,3;
2022/07/16;0900 UTC;0;984,2;984,2;983,9;;21,3;15,1;21,5;19,5;16;15;79;67;67;122;2,5;1,5;
2022/07/16;1000 UTC;0;984,8;984,8;984,2;37;20,9;15,1;21,3;19;15,2;14,8;78;68;70;136;2,5;1,7;
2022/07/16;1100 UTC;0;985,5;985,5;984,8;331,8;24,3;15,6;24,3;20,7;16,2;14,9;69;58;58;101;2,5;1,3;
2022/07/16;1200 UTC;0;986,5;986,5;985,5;1150;27,2;15;27,2;24,3;16,4;14,9;59;47;47;84;4;2,3;
2022/07/16;1300 UTC;0;986,6;986,7;986,5;1842;29,9;12,6;29,9;27,2;15,1;12,3;48;34;35;124;6;3,2;
2022/07/16;1400 UTC;0;986,2;986,6;986,2;2228,5;31,2;10,5;31,7;29,8;12,6;10,5;35;27;28;98;8,1;4,2;
2022/07/16;1500 UTC;0;985,5;986,3;985,5;2293,3;32,9;11;33;31,2;11,5;10,2;29;25;26;102;7,5;3;
2022/07/16;1600 UTC;0;984,6;985,5;984,6;2264,6;32,7;10,3;33,3;32;11,1;9,9;27;24;25;51;8,4;3,2;
2022/07/16;1700 UTC;0;983,8;984,6;983,8;2058,6;33,1;9,4;34;32,7;11;9,3;26;23;23;122;8,2;2,3;
2022/07/16;1800 UTC;0;983,1;983,8;983,1;1771,1;33,3;9,4;33,8;32,4;9,9;8,3;24;21;23;140;5,5;2,2;
2022/07/16;1900 UTC;0;982,7;983,1;982,7;1540,4;32,9;9,7;34;32,9;10,6;8,8;25;22;24;155;7,2;3,5;
2022/07/16;2000 UTC;0;982,7;982,8;982,6;1057,5;32,4;10;33,3;32,2;10,6;9,5;26;24;25;149;6,3;2,5;
2022/07/16;2100 UTC;0;983,2;983,2;982,7;267,7;29,7;10,4;32,4;29,7;10,5;9,6;30;25;30;166;5,6;2,1;
2022/07/16;2200 UTC;0;983,8;983,8;983,2;;26,2;11,6;29,7;26,2;11,6;10,3;40;30;40;182;3,5;1,4;
2022/07/16;2300 UTC;0;984,2;984,3;983,8;;24,3;12,4;26,1;23,8;13,1;11,5;51;40;47;156;2,9;1,1;
2022/07/17;0000 UTC;0;984,8;984,8;984,2;;21,6;14,5;24,4;21,6;14,5;12,3;64;47;64;169;2,6;,8;
2022/07/17;0100 UTC;0;985,3;985,3;984,8;;20,8;13;22;20,5;14,5;12,5;67;56;61;213;1,7;,7;
2022/07/17;0200 UTC;0;985,6;985,6;985,3;;21,2;14,1;21,5;19,9;14,1;12,9;67;61;64;189;3;1,8;
2022/07/17;0300 UTC;0;985,6;985,7;985,5;;19,8;13,9;21,2;19,8;14,1;13,8;69;64;69;177;3;,7;
2022/07/17;0400 UTC;0;985,5;985,7;985,5;;18,6;13,9;20,1;18,6;14,1;13,7;74;68;74;139;1,5;,7;
2022/07/17;0500 UTC;0;985,2;985,5;985,1;;18,3;14,1;18,8;18,2;14,7;13,8;80;74;76;195;1,6;1;
2022/07/17;0600 UTC;0;984,8;985,2;984,8;;17,6;14,4;18,6;17,2;14,5;13,7;82;75;82;218;1,7;1,4;
2022/07/17;0700 UTC;0;985,1;985,1;984,8;;17;14,9;17,6;16,9;14,9;13,6;87;80;87;27;3,8;,7;
2022/07/17;0800 UTC;0;985,4;985,4;985,1;;17;14,8;17,6;16,6;15,7;14,3;90;86;87;126;2;1;
2022/07/17;0900 UTC;0;985,9;985,9;985,4;;19,1;15,4;19,1;17;16,1;14,6;89;79;79;149;3,4;1,7;
2022/07/17;1000 UTC;0;986,3;986,3;985,9;40,8;20,7;14,2;20,8;19,1;15,3;13,9;79;65;66;149;4,2;2,1;
2022/07/17;1100 UTC;0;987,3;987,3;986,3;456,2;23,1;15,4;23,5;20,7;15,7;14,2;67;61;62;120;5;2,5;
2022/07/17;1200 UTC;0;988,1;988,1;987,3;1181,2;26,7;13,6;26,8;23;15,8;13,6;62;45;45;119;5,5;3,3;
2022/07/17;1300 UTC;0;988,2;988,3;988,1;1882,9;29,3;11,7;29,6;26,6;13,9;11,7;45;34;34;131;7,8;3,8;
2022/07/17;1400 UTC;0;988;988,2;988;2242,5;30,4;10,9;31;28,8;12,2;10,9;35;30;30;110;8;4,4;
2022/07/17;1500 UTC;0;987,4;988;987,4;2319,5;31,9;10,5;32,6;30,4;11,6;10,4;31;26;27;127;9,1;4,6;
2022/07/17;1600 UTC;0;986,6;987,4;986,6;2248;32,1;9,8;33,1;31,7;11,5;9,8;28;25;25;150;8,7;4,7;
2022/07/17;1700 UTC;0;985,5;986,6;985,5;2098;33,3;9,5;33,9;32,1;10,4;8,3;26;21;23;107;7,9;3,3;
2022/07/17;1800 UTC;0;984,9;985,5;984,8;1880,5;32,6;9,5;33,6;32,2;10,6;9;26;23;24;153;8,7;4,3;
2022/07/17;1900 UTC;0;984,5;984,9;984,5;1552,5;32,8;9,6;33;32,2;9,9;9;25;23;24;155;7,9;2,8;
2022/07/17;2000 UTC;0;984,5;984,5;984,5;1068,2;32,1;10,2;32,9;31,9;10,4;9,5;26;24;26;172;5,8;2,3;
2022/07/17;2100 UTC;0;984,4;984,5;984,4;295,5;29,1;12,8;32,1;29,1;12,9;10,2;37;26;37;186;4,8;1;
2022/07/17;2200 UTC;0;984,9;984,9;984,4;;24,1;15,3;29,1;24,1;15,3;12,8;58;37;58;196;1,8;,5;
2022/07/17;2300 UTC;0;985,3;985,3;984,9;;22,4;15,4;24,1;22,3;15,5;14,8;65;58;65;111;1,4;,3;
2022/07/18;0000 UTC;0;985,7;985,8;985,3;;21,4;15,4;22,6;21,4;15,7;15,2;69;63;69;151;1;,5;
2022/07/18;0100 UTC;0;986;986;985,7;;20,3;15,5;21,4;20,3;15,5;14,8;74;67;74;118;1,1;,6;
2022/07/18;0200 UTC;0;986,1;986,1;986;;19,5;16,2;20,4;19,4;17;15,1;82;73;81;6;2;,9;
2022/07/18;0300 UTC;0;986,5;986,5;986,1;;18,9;16,4;19,6;18,4;16,4;15,5;85;79;85;201;2,5;2;
2022/07/18;0400 UTC;0;986,5;986,6;986,5;;19,7;14,3;19,8;18,9;16,5;14,3;85;71;71;156;2,5;1,2;
2022/07/18;0500 UTC;0;986;986,5;986;;19,4;15,1;19,7;18,8;15,4;14,1;81;71;76;163;2,3;1,2;
2022/07/18;0600 UTC;0;985,7;986;985,7;;19,7;16;19,7;18,5;16;14,8;82;76;79;132;2,9;1,8;
2022/07/18;0700 UTC;0;985,8;985,9;985,6;;18,4;14,2;20,2;18,2;15,9;14,2;81;73;76;87;3,3;1,1;
2022/07/18;0800 UTC;0;985,7;986;985,7;;18,4;13,1;19,5;18,3;14,2;13,1;76;67;72;118;3,5;1,1;
2022/07/18;0900 UTC;0;986,2;986,2;985,6;;18,2;12,6;18,7;18;13,2;12,6;73;70;70;107;3;1;
2022/07/18;1000 UTC;0;987,1;987,1;986,3;45,2;18;12,6;18,4;16,7;12,7;12,2;75;69;71;172;4,1;1,2;
2022/07/18;1100 UTC;0;987,9;987,9;987,1;469,4;22;13,3;22;18;13,3;12,7;71;57;58;125;3,8;2;
2022/07/18;1200 UTC;0;988,5;988,5;987,9;1200,2;27;11,7;27;22;13,5;11,3;58;38;38;90;9,3;4;
2022/07/18;1300 UTC;0;988,8;988,8;988,3;1895,2;28,6;11,1;28,8;26,9;11,9;10,9;39;34;34;87;10;4,6;
2022/07/18;1400 UTC;0;988,3;988,8;988,2;2253,1;30,2;11,7;30,2;28,4;11,9;10,8;35;32;32;87;9,8;4,1;
2022/07/18;1500 UTC;0;987,5;988,3;987,4;2324;31;10,8;31,3;29,6;11,6;10,3;32;28;29;84;11,1;4,1;
2022/07/18;1600 UTC;0;986,6;987,5;986,6;2249,7;32,3;10,9;32,7;30,8;11,4;9,8;29;26;27;113;8;3,2;
2022/07/18;1700 UTC;0;985,7;986,6;985,7;2097;32,7;9,4;33;31,7;10,9;9,2;27;24;24;79;9,6;3,4;
2022/07/18;1800 UTC;0;984,8;985,7;984,8;1887,3;32,8;9,5;33,1;32,1;10,4;9;25;23;24;108;7,9;3,8;
2022/07/18;1900 UTC;0;984,5;984,8;984,5;1571,3;32,5;9;33,1;32,1;10,8;8,5;26;23;24;104;7,9;4;
2022/07/18;2000 UTC;0;984,5;984,6;984,4;1089,6;31,8;10,8;32,8;31,6;10,8;9,2;28;24;28;131;6,9;2,7;
2022/07/18;2100 UTC;0;985,1;985,1;984,5;308,3;29,2;10,8;31,8;29,2;11;9,9;32;27;32;147;4,8;1,8;
2022/07/18;2200 UTC;0;985,4;985,4;985,1;;23,9;14;29,2;23,9;14,1;10,8;54;32;54;215;3,2;,8;
2022/07/18;2300 UTC;0;986;986;985,4;;21,6;14,2;23,9;21,4;14,2;13,1;63;54;63;22;1,8;,4;
2022/07/19;0000 UTC;0;986,4;986,4;985,9;;20,5;14,5;21,6;18,9;14,7;13,5;72;62;69;196;2,2;1,4;
2022/07/19;0100 UTC;0;986,7;986,7;986,4;;19,7;13,9;21,1;19,7;14,5;13,5;69;64;69;198;1,9;,8;
2022/07/19;0200 UTC;0;986,8;986,9;986,7;;18,4;13,7;19,7;18;13,9;13,2;75;69;74;196;1,7;,9;
2022/07/19;0300 UTC;0;986,7;986,8;986,7;;17,6;13,9;18,6;17,6;14,5;13,5;80;74;79;179;1,5;,7;
2022/07/19;0400 UTC;0;986,6;986,8;986,5;;17,7;14,2;18,3;17,4;14,9;14,1;83;79;80;220;2,2;1,2;
2022/07/19;0500 UTC;0;986,3;986,6;986,2;;16,9;13,9;18,2;16,9;15;13,7;83;79;83;206;2,1;1,3;
2022/07/19;0600 UTC;0;985,8;986,3;985,8;;17;14,7;17,4;16,7;14,8;13,8;87;83;87;197;1,9;1,4;
2022/07/19;0700 UTC;0;986;986;985,7;;18,1;14,8;18,1;17;15;14,4;87;81;81;157;2,6;1,7;
2022/07/19;0800 UTC;0;986,3;986,3;985,9;;20,6;14,1;20,6;18,1;14,8;14;81;66;66;152;4,1;2,3;
2022/07/19;0900 UTC;0;986,7;986,8;986,3;;20,7;14,1;20,8;20,5;14,4;14,1;68;66;66;148;4,4;1,9;
2022/07/19;1000 UTC;0;987,4;987,4;986,7;16,7;21,7;14,6;21,7;20,7;14,6;14,2;67;64;64;148;5,6;3,2;
2022/07/19;1100 UTC;0;988,4;988,4;987,4;282,1;23,5;14,9;23,8;21,7;15,4;14,5;64;58;59;124;6;1,7;
2022/07/19;1200 UTC;0;989,1;989,1;988,4;1037,2;26,4;14,1;26,5;23,5;15,2;13,9;59;46;47;131;6,6;3,8;
2022/07/19;1300 UTC;0;989;989,1;988,9;1665;28,2;14,7;28,5;25,8;15;14;49;43;44;125;9;4,7;
2022/07/19;1400 UTC;0;988,7;989;988,7;2211,3;29,8;14,6;30,5;28,1;15,3;14;44;38;40;95;9,3;4,6;
2022/07/19;1500 UTC;0;987,9;988,7;987,9;2265,2;30,9;14,4;31,7;29,8;14,9;13,7;39;35;37;103;9,7;3,8;
2022/07/19;1600 UTC;0;986,9;987,9;986,9;2183,2;31,6;14,1;32,2;30,5;14,7;13,5;37;34;34;113;8,6;2,9;
2022/07/19;1700 UTC;0;985,7;986,9;985,7;2013;32,8;13,9;32,8;31,3;14,3;13,1;35;32;32;87;7,4;2,8;
2022/07/19;1800 UTC;0;984,8;985,7;984,8;1828,2;32,8;12,7;33,1;32,1;13,8;12,7;32;30;30;122;7;3;
2022/07/19;1900 UTC;0;984,6;984,8;984,6;1587;32,6;12;33,3;32,4;13,1;12;30;28;29;118;6,5;3,3;
2022/07/19;2000 UTC;0;984,7;984,7;984,5;1096,2;31,9;12,5;33,1;31,9;13,1;12;31;29;31;129;6,2;2,7;
2022/07/19;2100 UTC;0;985,1;985,1;984,7;301,9;29,4;14,3;31,9;29,4;14,5;12,5;40;30;40;147;5,1;1,3;
2022/07/19;2200 UTC;0;985,2;985,2;985;;24,7;16,3;29,4;24,7;16,3;14,3;60;40;60;219;2,3;1;
2022/07/19;2300 UTC;0;985,6;985,6;985,2;;23,4;16,1;24,7;23,1;16,5;16,1;66;59;64;204;1,5;,8;
2022/07/20;0000 UTC;0;986;986;985,6;;21,9;16,2;23,4;21,6;16,2;15,5;70;62;70;225;1,7;,9;
2022/07/20;0100 UTC;0;986;986,1;986;;21,2;15,2;22,3;20,9;16,2;15,2;73;65;69;217;2,7;1,1;
2022/07/20;0200 UTC;0;985,9;986,1;985,8;;20,9;16,2;21,2;20,3;16,3;15,3;75;69;74;204;2,6;1;
2022/07/20;0300 UTC;0;985,8;985,9;985,8;;20,3;16,1;20,9;19,3;16,3;15,6;80;73;77;176;1,8;,9;
2022/07/20;0400 UTC;0;985,6;985,8;985,5;;19,5;17,5;20,8;19,1;17,5;16;88;76;88;261;2,1;,2;
2022/07/20;0500 UTC;0;985,2;985,6;985,2;;18,9;16,8;19,5;18,3;17,4;15,8;88;84;87;148;1,6;,8;
2022/07/20;0600 UTC;0;984,9;985,2;984,9;;18,8;16,3;19,1;18,5;16,8;16,2;88;85;86;132;1,5;,6;
2022/07/20;0700 UTC;0;984,7;984,9;984,7;;19,2;16,3;19,3;18,8;16,9;16,3;88;83;83;139;1,4;,9;
2022/07/20;0800 UTC;0;984,7;984,8;984,6;;18,9;15,3;19,3;18,8;16,5;15,3;85;80;80;151;2,5;1,5;
2022/07/20;0900 UTC;0;984,9;984,9;984,7;;21,6;14,3;21,6;18,9;15,8;14,3;80;63;63;143;5,4;2,2;
2022/07/20;1000 UTC;0;985,3;985,3;984,9;36,2;21,3;13,8;21,7;21,3;14,2;13,6;63;61;62;124;4,4;1,9;
2022/07/20;1100 UTC;0;986,1;986,1;985,3;455,4;23;14,2;23;21,2;14,2;13,6;63;58;58;129;4;1,9;
2022/07/20;1200 UTC;0;986,7;986,7;986,1;1136,9;26,5;13,1;26,6;23;14,3;13;58;43;44;124;7;3,4;
2022/07/20;1300 UTC;0;986,7;986,8;986,7;1845,5;28,3;13,4;28,3;26,5;13,5;12,6;44;39;40;137;7,5;4,2;
2022/07/20;1400 UTC;0;986,3;986,7;986,3;2221,6;30,7;12,7;30,9;28,3;13,7;12,4;40;32;33;112;10,2;4,1;
2022/07/20;1500 UTC;0;985,5;986,3;985,5;2272,6;31,6;11,7;32,2;30;12,7;11,3;33;29;29;119;10,2;3,9;
2022/07/20;1600 UTC;0;984,5;985,5;984,5;2210;32,7;10,9;32,9;31,3;12,4;10,9;30;26;26;122;8,1;3,6;
2022/07/20;1700 UTC;0;983,4;984,5;983,4;1960,5;32,8;11,8;33,1;31,4;12;10,4;29;26;28;136;8;3,3;
2022/07/20;1800 UTC;0;982,7;983,5;982,7;1858,6;32,3;10,2;33,5;31,9;12,2;10,2;28;25;26;128;8,4;2,7;
2022/07/20;1900 UTC;0;982,5;982,7;982,4;1550,1;32,7;10,5;33;31,8;11,1;9,9;27;25;26;111;6,5;1,9;
2022/07/20;2000 UTC;0;982,4;982,5;982,3;1081,4;31,9;11;32,7;31,9;11,2;10,1;28;25;28;101;6,4;1,7;
2022/07/20;2100 UTC;0;982,8;982,8;982,4;315,9;28,7;13,6;31,9;28,7;13,6;10,6;40;27;40;156;3,2;,9;
2022/07/20;2200 UTC;0;983,2;983,2;982,8;;24,5;14,7;28,7;24,3;15,3;13,9;55;40;54;203;1,6;1;
2022/07/20;2300 UTC;0;983,8;983,8;983,2;;22,8;14,9;24,5;22,2;15,1;14,1;64;54;61;202;1,6;,8;
2022/07/21;0000 UTC;0;984,3;984,3;983,8;;21,3;14,9;22,8;20,4;15;14,5;69;60;67;339;3;1,2;
2022/07/21;0100 UTC;0;984,5;984,5;984,3;;20;15,5;21,5;19,9;15,5;14,5;76;67;76;288;2;,4;
2022/07/21;0200 UTC;0;984,4;984,6;984,4;;19,3;14,3;20,1;19;15,6;14,2;76;72;73;199;1,3;1,1;
2022/07/21;0300 UTC;0;984,3;984,4;984,2;;18,4;14,2;19,9;18,4;14,5;13,9;77;69;77;195;1,8;,7;
2022/07/21;0400 UTC;0;984,3;984,4;984,2;;18;15,5;18,6;17,9;15,7;14,3;86;77;85;189;1,7;,9;
2022/07/21;0500 UTC;0;984,1;984,4;984,1;;17,9;15,1;18,4;17,7;16;14,8;86;83;84;194;2;1,2;
2022/07/21;0600 UTC;0;983,9;984,1;983,9;;17,5;15,4;18;17,3;15,6;14,8;87;83;87;206;1,6;,6;
2022/07/21;0700 UTC;0;984;984,2;983,9;;17,1;15,4;17,5;16,7;15,4;14,4;90;85;90;216;1,6;1,2;
2022/07/21;0800 UTC;0;984,3;984,4;984;;16,8;15;17,2;15,9;15,4;13,9;90;87;89;202;2,4;1,3;
2022/07/21;0900 UTC;0;984,6;984,6;984,1;;16,5;14,4;17,1;16,1;15,2;13,9;90;86;88;106;2,6;,9;
2022/07/21;1000 UTC;0;984,8;984,8;984,4;40,9;17,3;14,7;17,3;16,2;15,2;13,8;90;85;85;93;2;,6;
2022/07/21;1100 UTC;0;985,4;985,4;984,8;461,3;21,9;15;21,9;17;15,9;14,4;85;64;65;147;4,4;2,5;
2022/07/21;1200 UTC;0;986;986,1;985,4;1178,9;25,5;15,9;25,5;21,9;16;15,1;65;55;55;96;4,9;1,8;
2022/07/21;1300 UTC;0;986,2;986,4;986;1871,5;29;14,4;29,1;25,5;16;13,7;55;40;41;112;6,6;2,9;
2022/07/21;1400 UTC;0;985,9;986,2;985,9;2189,4;31;13,5;31,1;28,8;14,6;13,1;41;34;34;94;6,8;2,8;
2022/07/21;1500 UTC;0;985,1;985,9;985,1;2065,8;30,5;12;32;30,5;13,8;12;35;31;32;69;7,9;3,9;
2022/07/21;1600 UTC;0;984,2;985,2;984,2;1701,9;31,8;13,5;32,5;30,1;13,8;12,2;36;30;33;86;6,9;3,5;
2022/07/21;1700 UTC;0;983,4;984,3;983,4;1173,1;31,3;11,8;32,3;30,8;13,6;11,8;34;29;30;81;6,6;1,9;
2022/07/21;1800 UTC;0;982,6;983,4;982,6;1255;31,7;11,8;32,8;30,9;12,7;11;31;27;30;82;5,7;2,5;
2022/07/21;1900 UTC;0;982,5;982,6;982,4;656,7;30,9;12,7;32,4;30,7;13;11,3;33;28;33;73;5,3;1,1;
2022/07/21;2000 UTC;0;982,4;982,5;982,4;812,7;32;10,8;32,7;30,8;12,8;10,6;33;26;27;22;2,1;1,3;
2022/07/21;2100 UTC;0;982,8;982,8;982,4;377;29,7;13,2;32,5;29,7;13,2;10,3;36;26;36;136;4,1;1,5;
2022/07/21;2200 UTC;0;983;983;982,8;;26,6;15,6;29,7;26,6;15,6;13,2;51;36;51;178;2,2;,9;
2022/07/21;2300 UTC;0;983,5;983,5;983;;25,4;15,8;26,6;25,4;15,9;15,2;55;50;55;197;1,8;,8;
2022/07/22;0000 UTC;0;984;984;983,5;;23,1;16,2;25,3;23,1;16,2;15,4;65;55;65;199;2,4;,3;
2022/07/22;0100 UTC;0;984,2;984,2;984;;22,7;16,3;23,1;22,6;16,6;15,8;68;64;67;197;2,6;1,1;
2022/07/22;0200 UTC;0;984,4;984,4;984,2;;21,4;16,1;22,7;21,3;16,3;15,9;72;67;72;181;1,5;,8;
2022/07/22;0300 UTC;0;984,3;984,3;984,2;;20,6;16,4;21,3;20,6;16,5;16;77;72;77;353;1,4;,3;
2022/07/22;0400 UTC;0;984,1;984,4;984,1;;20,3;16,7;20,6;20,2;16,7;16,2;80;76;80;176;1;,5;
2022/07/22;0500 UTC;0;983,9;984,1;983,9;;20,2;16,8;20,5;20,2;16,9;16,6;81;79;81;231;1,3;,2;
2022/07/22;0600 UTC;0;983,5;983,9;983,4;;19,5;16,7;20,5;19,5;17;16,7;84;80;84;289;1,4;,4;
2022/07/22;0700 UTC;0;983,3;983,5;983,2;;19,7;16,8;20;19,4;17;16,6;85;83;84;173;1,7;1;
2022/07/22;0800 UTC;0;983,5;983,5;983,3;;20,3;17;20,3;19,7;17;16,6;84;81;82;147;2,5;1,5;
2022/07/22;0900 UTC;0;983,9;983,9;983,5;;19,7;16,7;21,1;19,7;17,2;16,1;83;77;83;68;2,7;,8;
2022/07/22;1000 UTC;0;984,4;984,4;983,9;42,8;20,5;15,7;20,5;19,4;16,8;15,6;84;74;74;158;2,4;1;
2022/07/22;1100 UTC;0;985,3;985,3;984,4;453;24,1;15,9;24,1;20,4;16,5;15,6;75;60;60;94;3,2;1,4;
2022/07/22;1200 UTC;0;986,2;986,2;985,3;1108,2;27,4;14,2;27,6;23,9;15,6;14,2;60;44;44;114;5,9;2,2;
2022/07/22;1300 UTC;0;986,3;986,4;986,2;1864;30,1;11,6;30,3;27,4;14,6;11,5;44;32;32;112;8,6;3,8;
2022/07/22;1400 UTC;0;986;986,3;986;2190,3;30,5;11,2;31,2;29,7;12,3;11,2;33;30;31;81;8,2;3,9;
2022/07/22;1500 UTC;0;985,3;986;985,3;2235,8;31,9;10,8;32,3;30,5;12,2;10,7;32;27;28;93;7,6;3,6;
2022/07/22;1600 UTC;0;984,5;985,3;984,4;2150,2;32,5;10,5;33,2;31,5;11,9;10,3;29;26;26;97;7,3;3,3;
2022/07/22;1700 UTC;0;983,5;984,5;983,5;1942,5;33,1;10,6;33,4;32,3;11,7;10,2;28;25;25;57;8,2;1,7;
2022/07/22;1800 UTC;0;982,7;983,5;982,7;1909,5;33,3;10,4;34,1;32,8;11,6;10,4;27;24;25;111;6,5;2,9;
2022/07/22;1900 UTC;0;982,3;982,7;982,3;1157,2;32,1;11,6;34,3;31,7;11,6;9,5;29;23;29;137;5,6;1,9;
2022/07/22;2000 UTC;0;982,4;982,4;982,3;740,8;32,8;11,6;33;31,3;12,1;10,6;30;25;27;97;4,3;2,4;
2022/07/22;2100 UTC;0;982,8;982,8;982,4;229,1;28,7;15,7;32,9;28,7;15,8;11,1;45;27;45;134;4,2;,6;
2022/07/22;2200 UTC;0;983,2;983,2;982,8;;25,8;16,6;28,7;25,8;17,2;15,8;59;45;57;220;1,5;,7;
2022/07/22;2300 UTC;0;983,7;983,7;983,2;;25,8;17;26,1;25,2;17,6;16,4;61;57;58;262;1,5;,4;
2022/07/23;0000 UTC;0;983,9;983,9;983,7;;24,9;15,4;25,8;24,9;16,9;14,2;58;51;56;202;,7;,5;
2022/07/23;0100 UTC;0;984,2;984,3;983,9;;23,2;15,9;24,9;23,2;16,5;14,8;65;55;64;203;1,1;,6;
2022/07/23;0200 UTC;0;984,3;984,4;984,1;;23,3;17,1;23,3;22,7;17,3;16;70;64;68;127;1,7;,8;
2022/07/23;0300 UTC;0;984,1;984,3;984,1;;23,6;16,3;23,6;22,6;17,1;16,3;70;64;64;156;2,1;1,5;
2022/07/23;0400 UTC;0;983,7;984,1;983,7;;23,2;15,9;23,7;22,9;16,6;15,9;67;63;64;182;3,2;1,8;
2022/07/23;0500 UTC;0;983,6;983,8;983,6;;23,1;15,4;23,7;22,9;16,4;15,4;66;62;62;141;4,6;1,9;
2022/07/23;0600 UTC;0;983,3;983,6;983,3;;23,6;14,7;23,8;23,1;15,2;14,2;62;56;58;148;5,4;3,1;
2022/07/23;0700 UTC;0;983,3;983,4;983,3;;23,3;14,7;23,7;23,2;15,5;14,6;61;58;58;138;5,2;2;
2022/07/23;0800 UTC;0;983,6;983,6;983,3;;21,8;15,1;23,3;20,9;15,4;14,7;71;58;66;98;4,3;1,6;
2022/07/23;0900 UTC;0;984;984;983,6;;21,5;14,6;22;21,4;15;14,5;66;64;65;144;2,6;1,4;
2022/07/23;1000 UTC;0;984,8;984,8;984;43,3;21,3;13,6;21,9;20,3;14,9;13,6;69;61;62;133;3,5;1,8;
2022/07/23;1100 UTC;0;985,4;985,4;984,7;447,8;24,7;13,4;24,7;21,3;13,6;13,2;62;49;49;130;5,9;2,6;
2022/07/23;1200 UTC;0;986;986;985,4;1145,4;28;12,5;28,3;24,7;13,3;12,5;49;38;38;116;6,7;3,5;
2022/07/23;1300 UTC;0;986,1;986,1;986;1856,7;29,4;12,9;29,5;27,8;13,3;12,2;38;36;36;128;7,1;3,3;
2022/07/23;1400 UTC;0;985,7;986,1;985,6;2157,7;30,8;13;31,4;29;13,8;12,5;37;33;34;125;7,3;3,6;
2022/07/23;1500 UTC;0;985,1;985,7;985,1;2189,4;32,1;12,1;32,9;30,7;13,9;12,1;34;29;30;108;7,4;3,4;
2022/07/23;1600 UTC;0;984,3;985,1;984,3;2119,3;33,1;11,6;33,5;31,9;12,7;11,3;30;27;27;133;7,6;4,1;
2022/07/23;1700 UTC;0;983,6;984,3;983,6;1865,3;33,3;10,3;33,9;31,8;12,4;10;29;24;24;109;7,7;3,3;
2022/07/23;1800 UTC;0;982,8;983,6;982,8;1593,7;32,2;10;34;32,2;10,8;9,3;26;23;25;101;7,2;2,9;
2022/07/23;1900 UTC;0;982,5;982,8;982,5;1153,8;32,7;10,9;33,8;31,8;11,2;9,5;28;23;26;142;6,3;3;
2022/07/23;2000 UTC;0;982,9;982,9;982,5;979,2;31,7;11,1;33,3;31,6;11,7;10,2;28;25;28;129;6,4;2,2;
2022/07/23;2100 UTC;0;983,3;983,3;982,9;244,7;29,5;12,2;31,9;29,5;12,2;11;34;28;34;153;4;1,5;
2022/07/23;2200 UTC;0;983,7;983,7;983,3;;25,6;14,5;29,5;25,6;14,5;11,7;50;34;50;194;3,1;,6;
2022/07/23;2300 UTC;0;984,2;984,2;983,7;;24,3;15,5;25,9;23,9;15,7;13,5;59;48;58;250;2;,4;
2022/07/24;0000 UTC;0;984,7;984,7;984,2;;23;15,9;24,3;23;16,1;14,6;65;56;64;239;1,4;,4;
2022/07/24;0100 UTC;0;985;985,1;984,7;;21,7;16,2;23,1;21,7;16,2;15,1;71;62;71;112;3,4;1,2;
2022/07/24;0200 UTC;0;984,7;985;984,7;;20,7;16,2;21,9;20,4;17,2;15,8;78;71;75;200;3,4;,4;
2022/07/24;0300 UTC;0;984,6;984,7;984,5;;19,6;15,7;20,8;19,4;16,9;15,7;84;75;78;189;1,6;1,1;
2022/07/24;0400 UTC;0;984,5;984,8;984,4;;20;15,8;20,1;19,2;17,1;15,5;85;77;77;116;2,3;,8;
2022/07/24;0500 UTC;0;984;984,5;984;;19,5;14,8;20;19,3;15,9;14,8;78;74;74;167;1,7;,9;
2022/07/24;0600 UTC;0;983,7;984;983,7;;20,4;14,5;20,4;19,1;14,8;14;74;69;69;144;3,9;2,1;
2022/07/24;0700 UTC;0;983,7;983,8;983,6;;19,3;14,2;21,2;19;14,8;14,1;76;66;72;115;3,9;1,7;
2022/07/24;0800 UTC;0;983,9;983,9;983,6;;17,8;14,2;19,4;17,6;14,5;13,9;81;72;79;113;2,8;,7;
2022/07/24;0900 UTC;0;984,6;984,6;983,9;;19;13,6;19;17,2;14,7;13,6;84;71;71;109;3;1,5;
2022/07/24;1000 UTC;0;985;985;984,6;24,2;18,4;13,6;19,2;18,3;13,6;13,3;74;69;74;150;2,5;1;
2022/07/24;1100 UTC;0;985,9;985,9;985;255,8;20,6;14,6;20,6;18,4;15;13,6;75;68;69;117;2,2;,8;
2022/07/24;1200 UTC;0;986,5;986,5;985,9;1020,6;24,9;13,5;25;20,6;15;13,2;70;49;49;127;5,5;2,9;
2022/07/24;1300 UTC;0;986,8;986,8;986,5;1803,1;29,3;12;29,3;24,7;14;12;50;34;34;93;6,9;3,4;
2022/07/24;1400 UTC;0;986,6;986,8;986,6;1953,3;30,3;12,1;30,6;28,9;12,5;11,4;35;31;33;67;7,6;3,8;
2022/07/24;1500 UTC;0;986,2;986,7;986,2;1870,2;31,4;12;31,4;29,8;12,5;11,4;33;30;31;102;7,8;4,1;
2022/07/24;1600 UTC;0;985,3;986,2;985,3;1753,7;30,9;11,2;31,6;30,6;11,9;10,9;31;29;30;100;8,1;4,1;
2022/07/24;1700 UTC;0;984,2;985,3;984,2;1590,3;31,5;11,1;32;30,9;11,8;11;30;28;29;73;7,7;2,8;
2022/07/24;1800 UTC;0;983,5;984,2;983,5;1567,4;31,8;10,5;32,7;30,8;11,4;10,4;30;26;27;114;6,7;2,9;
2022/07/24;1900 UTC;0;983,2;983,5;983,2;1170,7;32,1;11,4;32,3;31,5;11,6;10,4;29;27;28;116;6,1;2,4;
2022/07/24;2000 UTC;0;983,4;983,4;983,2;1178,5;31,4;11,2;32,4;31,4;11,8;11;29;27;29;128;6;2,8;
2022/07/24;2100 UTC;0;983,6;983,6;983,4;402,7;29,2;12,6;31,4;29,2;12,6;11,1;36;29;36;146;5,6;1,6;
2022/07/24;2200 UTC;0;984;984;983,6;;25;13,7;29,2;24,9;13,9;12,6;50;36;50;182;2,5;1;
2022/07/24;2300 UTC;0;984,5;984,5;984;;22,9;14;25;22,4;14,5;13,4;59;49;57;200;1,9;1,4;
2022/07/25;0000 UTC;0;985,1;985,1;984,5;;21,6;13,6;22,9;21,2;14,1;13,4;62;57;60;204;2;1,6;
2022/07/25;0100 UTC;0;985,4;985,4;985,1;;20,3;13,4;21,7;20,3;13,8;13,4;65;60;65;216;2,3;1,6;
2022/07/25;0200 UTC;0;985,7;985,7;985,4;;19,6;13,3;20,3;19,5;13,7;13,1;69;65;67;192;2;,8;
2022/07/25;0300 UTC;0;985,6;985,7;985,6;;18,5;13,5;19,7;18,5;13,5;13,1;72;66;72;122;1;,4;
2022/07/25;0400 UTC;0;985,5;985,7;985,5;;18,6;14,9;18,7;18;15,2;13,5;82;72;79;158;1,8;1,1;
2022/07/25;0500 UTC;0;984,9;985,5;984,9;;18,5;14,8;18,9;18,5;15,2;14,7;81;77;79;191;1,7;1,2;
2022/07/25;0600 UTC;0;984,4;984,9;984,4;;18,3;14,8;18,7;18,3;14,8;14,4;80;77;80;197;1,9;1,3;
2022/07/25;0700 UTC;0;983,8;984,4;983,8;;17,8;14,5;18,8;17,8;15,3;14,5;83;79;82;201;2;,3;
2022/07/25;0800 UTC;0;984;984;983,7;;16,8;14,9;17,7;16,6;15;14,4;89;81;89;214;2;1,5;
2022/07/25;0900 UTC;0;984,9;984,9;984;;16,8;14,5;17,3;16,6;15,4;14,4;89;85;86;177;2;,4;
2022/07/25;1000 UTC;0;985,9;985,9;984,9;46,4;17,3;15;17,3;16,1;15,2;14,1;90;86;86;334;2,7;,6;
2022/07/25;1100 UTC;0;986,6;986,6;985,9;454,9;23,2;15,4;23,3;17,3;16,6;15,1;86;61;62;107;2,2;1,1;
2022/07/25;1200 UTC;0;987,5;987,5;986,6;1156,8;25,3;15,9;25,6;23;16,1;15,1;63;55;56;82;3,9;1,3;
2022/07/25;1300 UTC;0;987,2;987,5;987,2;1852,5;29,2;15;29,5;25,3;16,3;15;56;42;42;97;8,1;3,8;
2022/07/25;1400 UTC;0;987,1;987,3;987;2149,4;30,7;14,3;31,1;28,9;15,1;13,9;42;36;37;97;10,1;4,9;
2022/07/25;1500 UTC;0;986,3;987,1;986,3;2165,3;31,8;14;31,9;30,4;15;13,5;37;33;34;99;9,1;3,8;
2022/07/25;1600 UTC;0;985,4;986,4;985,4;2072;32,2;13,2;33,7;31,6;14,5;13,1;34;30;32;126;7,9;3,7;
2022/07/25;1700 UTC;0;984,4;985,4;984,4;1951;33,4;13,3;33,7;32,1;13,9;12,8;32;29;30;120;7,4;2,4;
2022/07/25;1800 UTC;0;983,3;984,4;983,3;1793,3;33,4;13,3;34,1;32,6;13,7;12,3;30;28;30;152;6,6;3,1;
2022/07/25;1900 UTC;0;983;983,4;983;1485,2;33,4;12,1;33,6;32,8;13,5;11,7;30;27;28;132;6,4;2,7;
2022/07/25;2000 UTC;0;983,1;983,1;983;989,8;32,5;12,6;33,6;32,3;13;11,9;30;28;30;138;5,9;1,9;
2022/07/25;2100 UTC;0;983,6;983,6;983,1;223,1;29,8;13;32,5;29,8;13;11,8;36;29;36;161;5;1,4;
2022/07/25;2200 UTC;0;984;984;983,6;;26,2;14,5;29,8;26,2;14,7;13,1;49;36;48;169;2,3;,9;
2022/07/25;2300 UTC;0;984,5;984,5;984;;23;16;26,3;22,4;16,2;14,6;66;48;65;16;1,4;,5;
2022/07/26;0000 UTC;0;985,3;985,3;984,5;;22,8;16,1;23,5;21,9;16,6;15,7;70;63;66;106;2,2;,7;
2022/07/26;0100 UTC;0;985,6;985,6;985,3;;21,8;15,9;22,9;21,8;16,4;15,8;69;66;69;143;1,5;,8;
2022/07/26;0200 UTC;0;985,6;985,7;985,6;;21,5;16,9;21,8;21,1;16,9;15,9;76;69;75;201;1,3;,8;
2022/07/26;0300 UTC;0;985,7;985,7;985,4;;19,6;15,7;21,5;19,6;16,8;15,7;78;74;78;147;2,2;1;
2022/07/26;0400 UTC;0;985,4;985,8;985,4;;20,8;16,5;21,2;19,4;17,3;15,8;85;75;76;131;3,1;1,4;
2022/07/26;0500 UTC;0;985,1;985,4;985,1;;21,7;15;21,8;20,4;16,4;15;76;66;66;144;3,4;1,7;
2022/07/26;0600 UTC;0;985,1;985,2;985,1;;19,3;14,6;21,9;19,3;15;14,4;74;65;74;133;3,1;,7;
2022/07/26;0700 UTC;0;985,2;985,2;985;;17,9;14,6;19,3;17,9;14,8;14,4;81;74;81;92;1,7;,6;
2022/07/26;0800 UTC;0;985,3;985,3;985,2;;18,4;14,3;18,7;17,7;15;14,3;83;77;77;115;2;,8;
2022/07/26;0900 UTC;0;985,8;985,8;985,3;;18,5;15;18,5;17;15;13,9;84;77;80;107;3,3;1,5;
2022/07/26;1000 UTC;0;986,6;986,6;985,8;43;21,6;13,9;21,6;18,5;15;13,7;80;61;62;143;4,9;2,4;
2022/07/26;1100 UTC;0;987,5;987,5;986,6;463,3;23,3;13,4;23,4;21,6;14,1;13,4;62;54;54;139;5,9;3,1;
2022/07/26;1200 UTC;0;988,4;988,4;987,5;1178,9;26;13;26,2;23,2;13,7;12,8;54;44;44;124;6,4;2,8;
2022/07/26;1300 UTC;0;988,6;988,6;988,4;1865,6;28,5;12,3;28,7;26,1;13,4;12;45;36;37;106;9,6;4,1;
2022/07/26;1400 UTC;0;988,1;988,6;988,1;2178,4;29,7;11,8;29,8;28,1;12,2;11,4;37;33;33;104;9,4;4,4;
2022/07/26;1500 UTC;0;987,3;988,1;987,3;2188,7;30,5;11,6;31;29,5;12,3;11,2;34;30;31;98;7,7;3,7;
2022/07/26;1600 UTC;0;986,2;987,3;986,2;2092,1;31,9;11,8;32,3;30,5;12,6;11;32;29;29;114;7,7;2,9;
2022/07/26;1700 UTC;0;985,2;986,2;985,2;1973;31,9;10,8;32,8;31,3;12;10,6;29;27;27;125;7,6;3,2;
2022/07/26;1800 UTC;0;984,3;985,2;984,3;1769,1;32,6;11;32,7;31,4;11,5;10,5;29;26;27;94;6,5;2,6;
2022/07/26;1900 UTC;0;983,9;984,3;983,9;1529,3;32,5;10,9;33;31,9;11,3;9,6;28;25;27;92;5,8;2,4;
2022/07/26;2000 UTC;0;983,8;983,9;983,8;1080,6;31,2;10,8;32,5;31,2;11,1;10,3;29;26;28;136;5,3;2,6;
2022/07/26;2100 UTC;0;984,1;984,1;983,8;314,8;29,1;11,7;31,4;29,1;11,8;10,8;34;28;34;150;4,8;1,4;
2022/07/26;2200 UTC;0;984,7;984,7;984,1;;24,8;13,9;29,1;24,5;14,8;11,8;53;34;51;148;2,3;1;
2022/07/26;2300 UTC;0;985,2;985,2;984,7;;21,5;14;24,9;21,5;14,7;13,6;63;50;62;131;1,7;,5;
2022/07/27;0000 UTC;0;985,9;985,9;985,2;;19,8;14,2;21,9;19,7;14,5;13,8;70;61;70;183;2,7;1,7;
2022/07/27;0100 UTC;0;986,1;986,1;985,9;;20,1;14,5;21,3;19,8;14,7;14,1;71;64;70;96;2,7;,4;
2022/07/27;0200 UTC;0;986;986,1;985,9;;18,7;14,9;20,3;18,6;15;14,4;79;70;79;351;1,1;,6;
2022/07/27;0300 UTC;0;986,1;986,1;985,9;;17,6;14,4;19,2;17,5;15,2;13,8;82;77;82;224;2,4;1,6;
2022/07/27;0400 UTC;0;986;986,3;986;;17,7;15;17,9;17,3;15;14,1;84;80;84;153;2,3;1,2;
2022/07/27;0500 UTC;0;985,8;986,1;985,8;;17,7;15,1;18;17,6;15,5;14,8;87;83;84;192;1,8;,7;
2022/07/27;0600 UTC;0;985,3;985,8;985,3;;17,7;14,6;17,8;17,1;15,2;14,4;87;82;82;169;2;1,3;
2022/07/27;0700 UTC;0;985,4;985,5;985,3;;17,7;15,2;17,9;17,3;15,2;14,4;85;82;85;152;2,5;1,4;
2022/07/27;0800 UTC;;;;;;;;;;;;;;;;;;
2022/07/27;0900 UTC;0;985,9;985,9;985,6;;18,7;12,5;19,3;16,8;14,7;12,4;87;65;67;135;4;1,8;
2022/07/27;1000 UTC;0;986,5;986,5;985,9;46,6;17,2;12,8;18,7;16,2;12,8;12;78;67;75;161;3,3;,8;
2022/07/27;1100 UTC;0;987,5;987,5;986,5;471,7;21,5;13,2;21,5;17,2;14,4;12,9;76;59;59;140;2,8;1,5;
2022/07/27;1200 UTC;0;988;988;987,5;1192,1;25,1;11,7;25,1;21,5;13,5;11,7;60;43;43;108;6,4;3;
2022/07/27;1300 UTC;0;987,9;988;987,8;1902,3;27,9;11,1;28,6;25;12,4;10,5;43;34;35;85;9,1;4,2;
2022/07/27;1400 UTC;0;987,6;987,9;987,6;2177,6;29,7;10,9;30;27,9;11,7;10,6;35;31;31;83;9,1;4,4;
2022/07/27;1500 UTC;0;987,1;987,6;987;2178,8;30,5;10,9;31,1;29,4;11,8;10,7;32;30;30;95;8,9;4;
2022/07/27;1600 UTC;0;986,2;987,1;986,2;2090,7;31,3;10,8;31,7;30;11,3;10,1;31;27;28;80;8,2;3,6;
2022/07/27;1700 UTC;0;985,3;986,2;985,3;1961,8;31,8;10,4;32;30,6;11,4;9,7;29;26;27;91;9;3;
2022/07/27;1800 UTC;0;984,1;985,3;984,1;1774,7;32,1;9,9;32,5;31;10,8;9,6;28;25;26;98;5,9;1,3;
2022/07/27;1900 UTC;0;983,5;984,1;983,5;1504,3;31,7;9,9;32,7;31,6;10,8;9,8;27;25;26;80;5,4;2,1;
2022/07/27;2000 UTC;0;983,5;983,5;983,4;1078,4;31,7;10,7;32,2;31,6;10,7;9,5;28;25;28;82;5,9;1,5;
2022/07/27;2100 UTC;0;983,8;983,8;983,5;379,7;28,9;12,1;31,6;28,9;12,1;10,2;35;27;35;119;3,4;,9;
2022/07/27;2200 UTC;0;984,3;984,3;983,8;;23,9;12,4;28,9;23,9;13,4;11,8;49;35;48;205;1,5;1;
2022/07/27;2300 UTC;0;985,1;985,1;984,3;;21;14;23,9;20,8;14;12,4;65;48;64;196;2,4;1,8;
2022/07/28;0000 UTC;0;985,8;985,8;985,1;;19,6;13,6;21,9;19,6;14;13,4;68;60;68;107;2,4;,4;
2022/07/28;0100 UTC;0;986,1;986,2;985,8;;19,7;14,2;20,2;19,5;15;13,7;73;68;71;157;1,6;,4;
2022/07/28;0200 UTC;0;985,9;986,2;985,8;;19,2;14;19,8;19,1;14,4;13,9;73;70;72;216;1,2;,7;
2022/07/28;0300 UTC;0;985,5;985,9;985,5;;18;13,9;19,2;17,9;14,1;13,7;77;72;77;68;1,2;,4;
2022/07/28;0400 UTC;0;985,1;985,5;985,1;;17,6;14,5;18,2;17,5;14,7;13,3;83;75;82;155;1,8;1,4;
2022/07/28;0500 UTC;0;984,6;985,1;984,6;;18;14,6;18;17,4;15,3;14,3;85;81;81;178;2,1;,9;
2022/07/28;0600 UTC;0;984,1;984,6;984,1;;17,2;14,7;18,1;17;14,8;14,2;86;80;85;159;1,9;1,2;
2022/07/28;0700 UTC;0;984,2;984,2;984,1;;17,1;15,1;17,6;16,6;15,3;13,9;89;83;89;111;1,8;1;
2022/07/28;0800 UTC;;;;;;;;;;;;;;;;;;
2022/07/28;0900 UTC;0;984,8;984,8;984,4;;16,7;13,5;17,5;16,2;14;13,3;85;79;81;146;2,5;1,1;
2022/07/28;1000 UTC;0;985,4;985,4;984,8;47,5;19;13,8;19;16,2;14,4;13,2;85;72;72;143;3,6;1,9;
2022/07/28;1100 UTC;0;985,9;985,9;985,4;463,5;22;14,8;22,2;19;15,6;13,8;72;64;64;124;3,7;1,7;
2022/07/28;1200 UTC;0;986,6;986,6;985,9;1168,5;25,4;12,4;25,9;22;15;12,2;64;43;44;113;6,1;3,1;
2022/07/28;1300 UTC;0;986,6;986,7;986,5;1888,3;28;12;28;25,4;12,5;11,4;45;36;37;135;6,6;3,5;
2022/07/28;1400 UTC;0;986,2;986,7;986,2;2150,6;30,3;11,5;30,3;28;12,2;11,1;37;31;32;121;6,3;3,1;
2022/07/28;1500 UTC;0;985,3;986,2;985,3;2167,9;31,7;9,7;32;30,1;11,8;9,6;32;26;26;98;6,4;3;
2022/07/28;1600 UTC;0;984,1;985,3;984,1;2067;32,6;9,3;33,1;31,5;10,9;9,3;26;24;24;88;6,8;2,1;
2022/07/28;1700 UTC;0;983,1;984,1;983,1;1934,5;32,6;9,2;33,4;32;9,9;8,6;25;23;24;109;7;2,9;
2022/07/28;1800 UTC;0;981,9;983,1;981,9;1772,1;33,3;9,3;33,8;32,4;9,3;8,3;24;22;23;39;4,9;1,3;
2022/07/28;1900 UTC;0;981,5;981,9;981,5;1494,1;33,2;8,5;33,6;32,5;9,3;8,1;23;22;22;99;4,7;1,6;
2022/07/28;2000 UTC;0;981,4;981,6;981,4;1069,5;32,2;10;33,3;32,2;10,2;8,2;26;22;26;144;3,6;1,7;
2022/07/28;2100 UTC;0;981,7;981,7;981,4;372,2;29,3;11,8;32,2;29,3;11,8;9,8;34;25;34;164;3,6;1;
2022/07/28;2200 UTC;0;981,9;982;981,7;;24,9;13,2;29,3;24,9;13,9;12,1;50;34;48;185;1,8;1;
2022/07/28;2300 UTC;0;982,8;982,8;981,9;;22,5;13;24,9;22,5;13,8;12,7;55;48;55;198;1,8;1,4;
2022/07/29;0000 UTC;0;983,8;983,8;982,8;;20,8;15,3;22,5;19,7;15,6;12,4;72;53;71;60;2;,8;
2022/07/29;0100 UTC;0;984,1;984,1;983,8;;20,1;13,8;20,9;20;15,5;13,8;72;67;67;198;1,8;,9;
2022/07/29;0200 UTC;0;984,3;984,3;984,1;;19;14,1;20,1;18,9;14,4;13,7;74;67;73;201;1,4;,8;
2022/07/29;0300 UTC;0;984,4;984,4;984,3;;18,5;13,4;19,4;17,8;14,6;13,4;79;71;72;223;2,3;1,7;
2022/07/29;0400 UTC;0;984,2;984,4;984,2;;17,5;13,2;19,2;17,5;13,6;12,8;76;68;76;216;2,3;1,2;
2022/07/29;0500 UTC;0;983,8;984,2;983,8;;16,8;13,9;17,7;16,5;14,1;13;83;76;83;184;1,6;1,2;
2022/07/29;0600 UTC;0;983,6;983,8;983,6;;16,5;13,6;17,2;16,4;14;13,3;83;80;83;205;1,5;,8;
2022/07/29;0700 UTC;0;983,6;983,6;983,5;;15,9;13,4;16,6;15,9;14;13,1;87;82;85;182;1,6;,7;
2022/07/29;0800 UTC;0;984,3;984,3;983,6;;15,9;14,1;15,9;15,2;14,4;12,9;91;85;89;119;1,9;,9;
2022/07/29;0900 UTC;0;984,9;984,9;984,3;;15,3;13,1;16,5;14,9;14,3;12,7;89;84;87;206;1,8;,6;
2022/07/29;1000 UTC;0;985,4;985,4;984,9;37,6;16,3;13,8;16,3;15,1;13,8;12,8;88;85;85;155;1,7;1,1;
2022/07/29;1100 UTC;0;986,2;986,2;985,4;456,1;21,1;15,2;21,1;16,3;15,3;13,7;85;69;69;158;2,3;1,3;
2022/07/29;1200 UTC;0;986,6;986,6;986,2;1171,4;24,4;15;24,9;21,1;15,9;14,8;69;55;55;136;4,3;2,2;
2022/07/29;1300 UTC;0;986,8;986,9;986,6;1872,6;28,4;13,9;28,4;24,5;15,3;13,6;56;40;41;150;4,1;2,3;
2022/07/29;1400 UTC;0;986,7;986,9;986,6;2150,5;30,9;12,1;31,5;28,4;13,5;11,2;41;29;32;140;4,8;2,9;
2022/07/29;1500 UTC;0;986;986,7;986;2160,2;32,6;9,9;33;30,9;12,1;9,7;31;24;25;125;5,2;2,6;
2022/07/29;1600 UTC;0;984,9;986;984,9;2058,9;33,1;8,1;33,7;32,2;10,4;7,8;25;21;21;114;4,6;2,3;
2022/07/29;1700 UTC;0;983,7;984,9;983,7;1905,2;33,7;8,7;34,5;32,9;9;7,5;22;20;21;101;4,9;2,2;
2022/07/29;1800 UTC;0;982,8;983,7;982,8;1717,8;33,7;8,3;34,8;33,1;8,9;8;22;20;21;182;5,6;2,2;
2022/07/29;1900 UTC;0;982,5;982,8;982,5;1421,6;33,6;8,6;34,3;33,2;9;8;22;20;22;99;5;1,9;
2022/07/29;2000 UTC;0;982,3;982,5;982,3;1002,2;33,3;9,9;33,8;33,1;9,9;8;24;21;24;108;4;,9;
2022/07/29;2100 UTC;0;982,7;982,7;982,3;325,7;28,6;14,7;33,3;28,6;14,8;8,5;43;22;43;280;2;,3;
2022/07/29;2200 UTC;0;983,2;983,2;982,7;;24,7;13,4;28,6;24,7;16,1;13,2;54;43;50;222;1,3;,9;
2022/07/29;2300 UTC;0;983,8;983,8;983,2;;23,1;13,4;24,7;22,9;14,4;13,1;56;50;54;218;1,5;1,3;
2022/07/30;0000 UTC;0;984,1;984,1;983,8;;20,3;14,1;23,1;19,8;14,7;13;68;54;68;200;2,9;1,6;
2022/07/30;0100 UTC;0;984,3;984,3;984;;20,4;13,7;21,3;19,3;14,6;13,1;72;63;66;316;4,5;,5;
2022/07/30;0200 UTC;0;984,5;984,6;984,3;;19,1;13,7;20,4;18,9;13,9;13,4;72;66;71;222;4,2;,7;
2022/07/30;0300 UTC;0;984,5;984,6;984,4;;18,3;13,3;19,3;18,2;13,8;13,1;73;70;73;104;1,4;,3;
2022/07/30;0400 UTC;0;984,2;984,6;984,2;;17,3;13,8;18,3;16,9;13,8;12,8;81;72;80;245;1,8;,6;
2022/07/30;0500 UTC;0;983,8;984,2;983,8;;17,1;15,1;17,5;16,9;15,1;13,6;88;79;88;104;1,3;,4;
2022/07/30;0600 UTC;0;983,6;983,8;983,6;;16,1;14,3;17,2;15,7;15,1;13,4;90;85;89;230;2,4;,7;
2022/07/30;0700 UTC;0;983,4;983,6;983,3;;15,4;13,7;16,1;15,3;14,4;13,4;90;87;89;211;2,1;1,6;
2022/07/30;0800 UTC;0;983,7;983,7;983,4;;16;13,6;16,2;15,4;14;13,5;90;86;86;194;2,9;1,3;
2022/07/30;0900 UTC;0;984;984;983,7;;15,1;13;16,1;15;13,9;12,8;88;86;88;67;1,9;,8;
2022/07/30;1000 UTC;0;984,5;984,5;984;46,2;16,2;13,7;16,2;15,1;14;12,8;91;85;86;66;1,5;,8;
2022/07/30;1100 UTC;0;984,9;984,9;984,5;467,5;21,3;15,6;21,5;16,2;16;14,2;88;69;70;104;2,2;1;
2022/07/30;1200 UTC;0;985,4;985,4;984,9;1193,9;26;14,6;26,4;21,3;16,6;14,6;72;49;49;165;2,2;,3;
2022/07/30;1300 UTC;0;985,6;985,6;985,4;1893,7;29,8;14,3;30,4;25,9;15,1;13,1;50;36;39;340;2,2;1,1;
2022/07/30;1400 UTC;0;985,3;985,6;985,3;2136;33;12,4;33,1;29,8;14,4;11,4;39;28;29;88;2,6;1,3;
2022/07/30;1500 UTC;0;984,6;985,3;984,6;2160,3;34,1;7,4;34,7;32,7;12,4;4,8;29;16;19;65;4,5;1,9;
2022/07/30;1600 UTC;0;983,6;984,6;983,6;2038,5;34,9;8,3;34,9;33,6;8,5;7,1;21;19;20;62;5,6;1,9;
2022/07/30;1700 UTC;0;982,9;983,7;982,9;1907,8;35,1;6,5;35,8;34,3;8,4;6;20;16;17;77;6;2;
2022/07/30;1800 UTC;0;982,3;982,9;982,3;1743,1;35,7;5,2;36,4;34,9;7,6;5;18;15;15;336;4,9;2;
2022/07/30;1900 UTC;0;982;982,3;982;1469,4;35;5,5;36,1;34,8;6,6;4,1;17;14;16;3;4,3;1,7;
2022/07/30;2000 UTC;0;982;982;981,9;1054;34,5;8,1;35,6;34,3;8,4;6,5;20;16;20;319;3,4;1;
2022/07/30;2100 UTC;0;982,4;982,4;982;382,6;29,6;12,9;34,5;29,6;13;7,9;36;20;36;292;2,5;1,1;
2022/07/30;2200 UTC;0;982,6;982,6;982,4;;25,3;9,1;29,6;25,2;14,3;8,8;46;34;36;243;1,9;1;
2022/07/30;2300 UTC;0;982,8;982,8;982,6;;22;12,3;25,3;22;12,3;7,8;54;33;54;51;2;,5;
2022/07/31;0000 UTC;0;983,4;983,4;982,8;;22;12,3;23,1;21,5;14,5;11,7;60;51;54;140;1,7;1,2;
2022/07/31;0100 UTC;0;984;984;983,4;;20,1;11,1;22;20,1;12,4;10,8;56;50;56;211;2;1,6;
2022/07/31;0200 UTC;0;984,4;984,4;984;;19,6;11,9;21,6;19,5;12,5;10,5;61;49;61;147;4;,6;
2022/07/31;0300 UTC;0;984,4;984,5;984,4;;20,4;11,7;20,4;18,7;12,2;11,5;65;57;57;212;2,9;2,2;
2022/07/31;0400 UTC;0;984,2;984,4;984,2;;20,1;11,4;22,8;20,1;12,2;10,1;58;44;58;180;4,7;1,3;
2022/07/31;0500 UTC;0;983,6;984,2;983,6;;18,9;12,1;20,1;18,3;12,2;11,4;65;57;64;189;2,7;1,2;
2022/07/31;0600 UTC;0;983,2;983,6;983,2;;18,1;12,8;18,9;18,1;12,8;12;71;64;71;144;2;1,3;
2022/07/31;0700 UTC;0;983;983,2;983;;17,5;13;18,4;17,5;13,6;12,9;75;71;75;131;2,2;,9;
2022/07/31;0800 UTC;0;983,3;983,3;983;;16,5;12,8;17,5;16,4;13,2;12,3;79;74;79;272;1,4;,7;
2022/07/31;0900 UTC;0;983,8;983,8;983,3;;15,9;12,6;17,3;15,4;13,2;12,2;84;75;81;269;2;,5;
2022/07/31;1000 UTC;0;984,6;984,6;983,8;49,2;16,2;13,6;16,2;14,9;13,6;12,3;87;81;85;8;1,7;1,2;
2022/07/31;1100 UTC;0;985,7;985,7;984,6;464,2;21;14;21,1;16,2;14,8;13,7;86;64;64;18;3;1,7;
2022/07/31;1200 UTC;0;986,5;986,5;985,7;1153,9;24,9;13,3;24,9;21;14,5;12,8;65;48;48;115;2,9;1,5;
2022/07/31;1300 UTC;0;986,4;986,6;986,4;1845;28,3;13,1;28,4;24,5;13,9;13,1;50;39;39;145;3,6;1,6;
2022/07/31;1400 UTC;0;985,9;986,4;985,9;2101,1;31,7;12,1;31,7;28,2;13,6;11,3;40;30;30;162;3,9;1,7;
2022/07/31;1500 UTC;0;985,2;985,9;985,1;2111,8;34;9,6;34,4;31,5;12;9,6;30;23;23;153;5,1;2,5;
2022/07/31;1600 UTC;0;984,3;985,2;984,3;2017,5;35,3;8,4;35,9;33,8;9,7;8,1;23;19;19;118;5,5;2;
2022/07/31;1700 UTC;0;983,2;984,3;983,2;1883,9;35,8;7,1;36,2;34,9;8,2;6,9;19;17;17;11;5,7;1,5;
2022/07/31;1800 UTC;0;982,4;983,2;982,4;1712,3;36,1;6,8;37;35,7;7,9;6,2;17;16;17;214;4;1;
2022/07/31;1900 UTC;0;982;982,4;982;1455,6;36,2;5,8;37;35,8;7,9;5,3;18;15;15;27;3,8;1,1;
2022/07/31;2000 UTC;0;981,8;982;981,8;1034,7;35,6;5,7;37,3;35,6;6,8;4,3;17;14;16;91;2,2;,8;
2022/07/31;2100 UTC;0;981,7;981,8;981,6;369,3;30,4;13,1;35,6;30,4;13,1;5,9;35;16;35;236;2;,7;
2022/07/31;2200 UTC;0;982,1;982,1;981,7;;25,4;14,1;30,4;25,4;14,5;10,3;50;32;50;181;2,6;1,1;
2022/07/31;2300 UTC;0;982,5;982,5;982,1;;23,2;13;25,4;23,2;14,3;11,4;53;41;53;208;2,6;1,9;
2022/08/01;0000 UTC;0;983;983;982,5;;21,5;13;23,3;21,5;13,5;11,6;59;49;59;206;2,4;,4;
2022/08/01;0100 UTC;0;983,7;983,7;983;;19,8;12,4;21,4;19,8;13,4;11,9;63;59;62;286;1,4;,2;
2022/08/01;0200 UTC;0;983,9;983,9;983,7;;18,7;13,3;20,2;18,7;13,3;12,5;71;62;71;267;1,3;,3;
2022/08/01;0300 UTC;0;984;984;983,8;;17,8;13,5;18,7;17,8;14,1;13,3;77;71;76;90;1;,5;
2022/08/01;0400 UTC;0;983,6;984;983,6;;17,5;15,1;18,2;17,2;15,4;13,5;87;75;86;199;1;,6;
2022/08/01;0500 UTC;0;983,1;983,6;983,1;;16,7;14,1;17,6;16,6;16,2;13,8;91;83;85;211;1;,5;
2022/08/01;0600 UTC;0;982,9;983,1;982,9;;15,5;13,5;16,7;15,2;14,4;13,1;89;84;88;211;1,3;1;
2022/08/01;0700 UTC;0;982,6;982,9;982,6;;17,1;13,6;17,1;15,4;14,1;13;89;80;80;218;3,5;2,7;
2022/08/01;0800 UTC;0;982,8;982,8;982,6;;15,4;13,1;17,1;15,3;13,6;12,8;87;79;86;298;3,4;,7;
2022/08/01;0900 UTC;0;983,7;983,7;982,8;;16,1;14;16,1;14,7;14,1;12,3;91;83;87;72;3,5;1;
2022/08/01;1000 UTC;0;984,3;984,3;983,7;41,4;15,6;13,2;16,4;15,5;14,2;13,1;88;86;86;347;2,4;,8;
2022/08/01;1100 UTC;0;985,1;985,1;984,3;441,8;20,7;14,8;21;15,6;15,2;13,2;86;69;69;55;1,4;,6;
2022/08/01;1200 UTC;0;985,6;985,6;985,1;1128,2;24,8;14,2;24,8;20,6;15,3;13,8;69;50;52;104;2,3;1,2;
2022/08/01;1300 UTC;0;986;986,4;985,6;1808,9;29,9;10,5;30,2;24,8;14,7;10,1;52;30;30;111;8,2;2,3;
2022/08/01;1400 UTC;0;985,9;986;985,8;2078,2;32,4;9,5;32,5;29,9;10,6;8,7;30;23;24;91;6,2;3,4;
2022/08/01;1500 UTC;0;985,2;985,9;985,2;2093,7;33,6;7,4;34,1;32,2;10,3;7,2;25;19;20;31;6,6;3,5;
2022/08/01;1600 UTC;0;984,1;985,2;984,1;1990,5;34,7;7,9;35;33,1;9;7;21;18;19;83;6,5;2,1;
2022/08/01;1700 UTC;0;983,2;984,1;983,2;1845,3;34,7;6,8;35,9;34,5;8,6;6,3;20;17;18;38;4,8;1,5;
2022/08/01;1800 UTC;0;982,2;983,2;982,2;1665,4;35,7;7,7;36,5;34,7;8,3;7;19;17;18;128;4,4;1,5;
2022/08/01;1900 UTC;0;981,8;982,2;981,8;1408,6;36,2;7,3;36,7;35,1;7,5;6,2;18;16;17;145;3,4;1,1;
2022/08/01;2000 UTC;0;981,5;981,8;981,5;1006,7;35,2;8,1;36,4;35;9,1;7,2;20;17;19;106;3,5;1,1;
2022/08/01;2100 UTC;0;981,7;981,7;981,5;333,4;30,2;15,6;35,4;30,2;15,6;8;41;19;41;191;2;,3;
2022/08/01;2200 UTC;0;981,8;981,9;981,7;;26,3;13,8;30,2;26,3;15,6;13,8;48;41;46;219;1,6;1,4;
2022/08/01;2300 UTC;0;982,2;982,2;981,8;;23,5;13,5;26,3;23,5;14,4;12,9;56;46;54;213;1,6;1,2;
2022/08/02;0000 UTC;0;982,5;982,6;982,1;;22,1;14,5;23,8;22,1;14,5;13,3;62;54;62;226;1,7;,4;
2022/08/02;0100 UTC;0;982,9;982,9;982,5;;21;14,5;22,1;20,7;14,5;13,2;66;59;66;164;2,2;,7;
2022/08/02;0200 UTC;0;983;983;982,9;;19,7;14,1;21,3;19,4;14,5;13,4;71;62;70;219;2,5;1;
2022/08/02;0300 UTC;0;982,7;983,1;982,7;;19,2;14;20,1;18,8;14,4;13,7;74;68;72;215;2,5;1;
2022/08/02;0400 UTC;0;982,5;982,8;982,5;;18,8;14,2;19,6;18,7;14,6;13,8;75;71;74;217;1,9;1,1;
2022/08/02;0500 UTC;0;982,2;982,5;982,2;;18,2;14,1;18,8;18;14,5;14,1;80;75;77;336;1,7;,6;
2022/08/02;0600 UTC;0;982,1;982,7;982,1;;18,4;14,5;19;16,9;15,6;13,9;86;76;78;316;4,2;,4;
2022/08/02;0700 UTC;0;981,9;982,1;981,7;;17,8;14,5;18,5;17,3;14,7;13,9;83;78;81;173;2,5;,9;
2022/08/02;0800 UTC;0;982,4;982,4;981,8;;17,9;14,5;18,5;17,8;14,7;14,2;81;77;81;139;2;,8;
2022/08/02;0900 UTC;0;983,1;983,1;982,4;;18,1;15;18,2;17,4;15,4;14,3;85;80;82;89;2,3;1;
2022/08/02;1000 UTC;0;984;984;983,1;27,7;19,8;15,7;19,8;17,7;15,7;14,6;84;78;78;128;3,3;1,7;
2022/08/02;1100 UTC;0;985,1;985,1;984,1;480,7;23,4;15,9;23,4;19,8;16,5;15,6;78;63;63;112;3,6;1,5;
2022/08/02;1200 UTC;0;985,8;985,8;985,1;1080,5;26,7;15,4;26,7;23,4;15,9;15;63;50;50;91;3,3;1;
2022/08/02;1300 UTC;0;985,8;985,9;985,8;1787,9;30,3;11;30,7;26,7;15,7;10,5;50;30;30;41;6,7;3,1;
2022/08/02;1400 UTC;0;985,5;985,8;985,4;2067,7;32,2;11,6;32,4;30;12,2;10,6;31;28;28;67;7,8;3,2;
2022/08/02;1500 UTC;0;985;985,6;985;2085,4;32,6;10,8;33,5;32;11,8;10,7;28;26;26;78;8,1;3,6;
2022/08/02;1600 UTC;0;983,9;985;983,9;1986,2;33,7;11,3;33,9;32,6;11,6;10,5;27;25;26;62;8,9;3,5;
2022/08/02;1700 UTC;0;983;983,9;983;1849,4;34,7;9,8;34,9;33,4;11,7;9,5;26;22;22;78;6,5;2,8;
2022/08/02;1800 UTC;0;982;983;982;1691,6;35,2;8,9;35,4;34,2;10,6;8,9;23;20;20;115;7,2;2,9;
2022/08/02;1900 UTC;0;981,7;982;981,7;1484,8;35,3;9,8;35,4;34,5;9,8;8,2;22;19;21;93;6,8;2,6;
2022/08/02;2000 UTC;0;981,7;981,8;981,6;867,1;34,2;10,2;35,4;33;10,6;9,4;25;21;23;126;5,5;1,8;
2022/08/02;2100 UTC;0;981,8;981,8;981,6;352,1;30,4;12,4;34,2;30,4;12,7;9,9;33;23;33;166;3,7;,8;
2022/08/02;2200 UTC;0;982;982;981,8;;26;14,7;30,4;26;15;12,3;50;33;50;206;1,8;,8;
2022/08/02;2300 UTC;0;982,4;982,4;982;;24,4;13,6;26;24,3;14,6;13,2;53;48;51;215;1,7;1,4;
2022/08/03;0000 UTC;0;983,1;983,1;982,4;;23,4;13,5;24,7;22,7;14,3;12,8;59;49;54;216;1,7;1,3;
2022/08/03;0100 UTC;0;983,5;983,5;983,1;;23,9;14,1;24;22,2;15;13,7;62;53;54;200;2,5;,9;
2022/08/03;0200 UTC;0;983,3;983,5;983,3;;23,2;16;23,9;22,8;16,1;13,7;65;53;64;37;1,5;,4;
2022/08/03;0300 UTC;0;983,2;983,6;983,2;;22,8;17,6;23,4;22,5;17,9;15,4;74;61;73;234;3,2;,3;
2022/08/03;0400 UTC;0;983,1;983,4;983,1;;23,1;17,8;23,2;22,5;17,8;17,1;73;69;72;80;1,4;,4;
2022/08/03;0500 UTC;0;982,6;983,1;982,6;;23;17;23,3;22,8;17,8;16,8;72;67;69;137;1,3;,8;
2022/08/03;0600 UTC;0;982,3;982,6;982,3;;23,3;15,4;23,5;22,6;17,1;15,4;71;61;61;156;2,5;1,1;
2022/08/03;0700 UTC;0;982,6;982,6;982,3;;23,7;14,6;24,3;23,3;15,7;14,5;62;55;57;155;3,8;1,5;
2022/08/03;0800 UTC;0;982,5;982,6;982,5;;21,5;15,2;23,7;21,2;15,2;14,4;68;57;67;136;2,8;1,2;
2022/08/03;0900 UTC;0;983,1;983,1;982,5;;21,8;13,1;22,1;20,9;15,2;13,1;68;58;58;134;3,2;1,3;
2022/08/03;1000 UTC;0;983,8;983,8;983,1;43,5;21,7;12,7;21,9;21;13,1;12,6;59;57;57;154;3,3;2;
2022/08/03;1100 UTC;0;984,6;984,6;983,8;455;25,2;12,9;25,3;21,7;13,1;12;57;46;46;133;3,8;2,1;
2022/08/03;1200 UTC;0;985,2;985,2;984,6;1158,8;28;10,6;28,5;25,2;12,9;10,2;47;33;34;125;7,5;3,7;
2022/08/03;1300 UTC;0;985,5;985,6;985,2;1849;30,3;10,3;31,1;28;11,4;10,3;34;29;29;126;7,6;4,2;
2022/08/03;1400 UTC;0;985,5;985,7;985,4;2100,9;32,1;9,5;32,4;30,2;11,1;9,5;29;25;25;123;11;4,5;
2022/08/03;1500 UTC;0;984,7;985,4;984,6;2114,6;33,8;8,9;33,9;32,1;10,3;8,2;25;22;22;99;11;4,3;
2022/08/03;1600 UTC;0;983,6;984,7;983,6;2010,9;34,4;6,5;34,6;33,1;9,6;5,9;22;18;18;89;8,1;3,6;
2022/08/03;1700 UTC;0;982,5;983,6;982,5;1877,3;34,1;6,2;34,8;33,6;7,7;5,6;19;17;18;82;7,9;3,3;
2022/08/03;1800 UTC;0;981,5;982,5;981,4;1710,8;34,6;6,9;35,2;34;7,2;5,7;19;17;18;98;6,4;2,7;
2022/08/03;1900 UTC;0;981;981,4;981;1452;34,5;7,1;34,9;34,1;7,6;5,9;19;17;19;111;6,4;2,8;
2022/08/03;2000 UTC;0;981;981;980,9;1046,7;33,8;7,3;34,7;33,7;7,8;6,7;20;18;20;130;5,8;2,2;
2022/08/03;2100 UTC;0;981,3;981,4;981;376,1;30,8;10,5;33,8;30,8;10,6;7,4;29;19;29;134;3,9;,9;
2022/08/03;2200 UTC;0;981,7;981,7;981,3;;25,1;13,1;30,8;25,1;13,1;10,6;47;29;47;207;1,7;1,2;
2022/08/03;2300 UTC;0;982,1;982,1;981,7;;24,6;11,2;25,1;23,2;13,6;11,1;51;43;43;195;2;1,2;
2022/08/04;0000 UTC;0;982,6;982,6;982,1;;21,7;12,2;24,6;21,7;12,7;10,8;55;43;54;209;2,1;1,2;
2022/08/04;0100 UTC;0;983,1;983,1;982,6;;21,3;12,6;22;20,8;13,5;12,1;62;54;58;148;2,2;1,2;
2022/08/04;0200 UTC;0;983;983,2;983;;20;13,7;21,3;19,7;15;12,6;72;58;67;186;2,2;1,2;
2022/08/04;0300 UTC;0;982,8;983;982,7;;20,4;14;20,8;19,9;14,1;13,4;68;64;67;177;2,2;1,1;
2022/08/04;0400 UTC;0;982,3;982,8;982,3;;18,7;13,8;20,5;18,7;14,4;13,6;73;67;73;184;1,6;,6;
2022/08/04;0500 UTC;0;982;982,4;981,9;;18,8;13,7;19,3;18,1;14,1;13,6;75;71;73;200;2,3;,4;
2022/08/04;0600 UTC;0;981,7;982,1;981,7;;19,2;14,3;19,2;17,9;14,7;13,3;78;71;74;152;2,9;,7;
2022/08/04;0700 UTC;0;981,8;981,8;981,7;;17,6;14,6;19,1;17;14,7;13,6;83;73;82;103;2;1,1;
2022/08/04;0800 UTC;0;982,1;982,1;981,7;;16,7;13,9;18,6;16,7;15,3;13,8;84;78;83;10;2,5;,5;
2022/08/04;0900 UTC;0;982,8;982,8;982,1;;16,6;14,2;17,3;16,3;14,7;13,7;87;83;86;333;3,4;1,1;
2022/08/04;1000 UTC;0;983,8;983,8;982,8;44,7;16,7;13,9;16,7;15,9;14,2;13,3;86;83;84;12;2,4;,5;
2022/08/04;1100 UTC;0;984,3;984,4;983,8;455,9;21,9;15,1;21,9;16,7;15,4;13,9;84;65;65;83;1,9;1;
2022/08/04;1200 UTC;0;985;985;984,3;1159,4;26,3;14;26,4;21,9;15,1;13,9;65;47;47;121;4,5;2,4;
2022/08/04;1300 UTC;0;985,1;985,1;985;1816,8;30,4;10,6;30,5;26,3;14,5;10,2;47;29;29;127;6,2;3,7;
2022/08/04;1400 UTC;0;984,8;985,1;984,7;2076;32,9;9,8;33,4;30,4;11;9,3;29;24;24;91;8,1;3,5;
2022/08/04;1500 UTC;0;984;984,8;984;2086,4;33,7;10,2;34,4;32,7;10,7;9,2;25;22;24;84;7,9;3,9;
2022/08/04;1600 UTC;0;983,2;984;983,2;1973,9;35,6;11,3;35,6;33,6;11,3;10;24;23;23;96;7,6;2,4;
2022/08/04;1700 UTC;0;982,1;983,2;982,1;1790,5;35,5;9,8;35,8;34,2;10,8;9,6;24;21;21;78;5,7;2,1;
2022/08/04;1800 UTC;0;980,9;982,1;980,9;1772,3;34,5;9,9;35,5;34,2;10,9;9,6;23;21;22;118;5,6;2,4;
2022/08/04;1900 UTC;0;980,7;980,9;980,7;1541,7;34,9;10,2;36,1;34,5;10,3;9,4;23;21;22;158;4,6;2;
2022/08/04;2000 UTC;0;980,9;980,9;980,7;950,4;33,9;9,8;35,6;33,9;10,3;9,2;23;21;23;146;3,8;1,4;
2022/08/04;2100 UTC;0;981,1;981,1;980,9;286,5;31,4;12,3;34,1;31,4;12,3;9,9;31;23;31;158;3,1;1,5;
2022/08/04;2200 UTC;0;981,5;981,5;981,1;;27,4;13,2;31,3;27,4;13,5;12,4;42;31;42;196;2,6;1,3;
2022/08/04;2300 UTC;0;982,2;982,2;981,5;;24,7;15;27,4;24,7;15,1;13,1;55;41;55;184;2;,8;
2022/08/05;0000 UTC;0;982,7;982,7;982,2;;23,7;14,6;24,8;23,7;15,2;14,1;58;51;57;213;1,8;,9;
2022/08/05;0100 UTC;0;983;983;982,7;;22,3;14,3;23,7;22,2;15,5;14,1;64;57;61;206;1,2;,6;
2022/08/05;0200 UTC;0;983,1;983,1;983;;21;15;22,3;20,9;15,6;14,2;69;61;69;151;1,4;,8;
2022/08/05;0300 UTC;0;983;983,1;983;;20,2;15,2;21,4;20,2;15,5;14,8;73;68;73;206;1,5;,6;
2022/08/05;0400 UTC;0;982,5;983;982,5;;20;15,7;20,2;19,7;15,7;14,9;76;72;76;227;1,2;1;
2022/08/05;0500 UTC;0;981,9;982,5;981,9;;20;15,1;20;19,2;15,6;14,7;76;74;74;195;1,6;1,3;
2022/08/05;0600 UTC;0;981,6;981,9;981,6;;19,3;15,6;20;18,9;15,7;14,8;80;74;79;338;1,6;,3;
2022/08/05;0700 UTC;0;981,7;981,7;981,6;;18,6;15,4;19,3;18,5;15,6;15,1;82;78;81;229;,9;,4;
2022/08/05;0800 UTC;0;982;982,1;981,7;;18,2;15,7;18,7;17,8;15,9;14,9;86;81;85;124;1,6;,7;
2022/08/05;0900 UTC;0;982,5;982,5;982;;18,1;15,2;18,4;17,9;15,8;15;86;83;83;26;1,4;,4;
2022/08/05;1000 UTC;0;983,3;983,3;982,5;36,3;18,5;15,5;18,5;17,8;15,5;15;86;83;83;309;1,4;1,1;
2022/08/05;1100 UTC;0;984;984;983,3;354,5;22,7;15,8;22,9;18,1;16,6;15;84;65;65;146;2,5;1,4;
2022/08/05;1200 UTC;0;984,7;984,7;984;1098,9;26,5;15,2;26,5;22,6;16,9;14,8;67;50;50;114;4,3;2,3;
2022/08/05;1300 UTC;0;984,9;984,9;984,6;1730,7;30,4;14,1;30,8;26,4;16,1;14,1;51;37;37;133;4,3;1,9;
2022/08/05;1400 UTC;0;984,9;985;984,8;1157,5;31,8;12,3;32,1;30,4;14;11,6;37;30;30;139;6,5;3;
2022/08/05;1500 UTC;0;984;984,9;984;1181,2;32,5;12,3;32,9;31,6;12,8;11,7;31;28;29;94;5;2,1;
2022/08/05;1600 UTC;0;982,8;984;982,8;1698,5;34,2;11,9;34,6;32,2;13,1;11,5;30;25;26;80;5;2,3;
2022/08/05;1700 UTC;0;981,6;982,8;981,6;1832,8;35,3;11,3;35,5;33,8;12,2;11;26;24;24;123;5,5;2,9;
2022/08/05;1800 UTC;0;980,8;981,6;980,8;1646,2;34,9;11,7;35,8;34,5;12,1;11,1;25;23;25;181;7,2;3,1;
2022/08/05;1900 UTC;0;980,5;980,8;980,5;1320,1;34,8;11;35,5;34,2;12,4;11;26;23;24;169;6,7;4,1;
2022/08/05;2000 UTC;0;980,7;980,7;980,4;983,4;34,1;11,7;35,2;34;11,7;10,7;26;23;26;161;6,4;3;
2022/08/05;2100 UTC;0;980,9;980,9;980,6;393,1;32,5;12,5;34,4;32,5;12,5;11,5;30;25;30;163;5,2;1,8;
2022/08/05;2200 UTC;0;981,3;981,3;980,9;;29,7;14,1;32,5;29,7;14,3;12,6;39;30;38;189;2,9;1,3;
2022/08/05;2300 UTC;0;981,5;981,6;981,3;;26,5;15,7;29,7;26,5;15,9;13,6;52;38;51;206;2,3;,6;
2022/08/06;0000 UTC;0;981,9;981,9;981,5;;24,8;15,7;26,8;24,7;15,9;14,6;58;50;57;182;1,5;,8;
2022/08/06;0100 UTC;0;982,3;982,3;981,9;;23,8;15,8;24,9;23,8;16;15,2;61;56;61;223;1,3;,9;
2022/08/06;0200 UTC;0;982,4;982,4;982,3;;22,2;15,8;23,8;22,2;16,2;15,6;68;61;67;203;1,1;,5;
2022/08/06;0300 UTC;0;982,3;982,4;982,3;;21,4;16;22,3;21,3;16,1;15,7;71;67;71;140;1,4;,8;
2022/08/06;0400 UTC;0;982;982,3;981,9;;21,1;17,3;21,6;21;17,8;16,1;82;71;79;234;1,7;1,3;
2022/08/06;0500 UTC;0;981,6;982;981,6;;20,5;16,6;21,3;20,3;17,3;16,3;79;75;78;205;1,7;,9;
2022/08/06;0600 UTC;0;981,4;981,6;981,4;;20,6;16,3;20,6;19,5;16,7;16,2;84;76;77;203;2,1;1,3;
2022/08/06;0700 UTC;0;981,2;981,4;981,1;;19,8;16;20,6;19,7;16,4;16;80;77;79;122;2,1;1,2;
2022/08/06;0800 UTC;0;981,4;981,4;981,2;;20,6;16,8;20,9;19,8;17,6;16;84;79;79;119;2,6;1,6;
2022/08/06;0900 UTC;0;981,8;981,8;981,3;;19,2;15,9;21,1;19,2;16,8;15,7;81;74;81;337;3,6;,4;
2022/08/06;1000 UTC;0;982,7;982,7;981,8;46,2;19,5;16,5;19,5;18,8;16,5;15,7;83;81;83;321;2,3;1,3;
2022/08/06;1100 UTC;0;983,5;983,5;982,7;453,6;24,5;17,3;24,5;19,5;17,6;16,5;83;64;64;47;2,2;,5;
2022/08/06;1200 UTC;0;983,8;983,9;983,5;1145,2;28,5;15;28,6;24,5;17,2;14,9;64;44;44;106;5,2;2,7;
2022/08/06;1300 UTC;0;983,9;984,1;983,8;1819,1;32,5;11,6;32,7;28,5;15,1;11,5;44;28;28;88;6,3;3,9;
2022/08/06;1400 UTC;0;983,6;983,9;983,6;2012,5;34,1;12,5;34,8;32,3;12,8;11,6;29;26;27;73;7,1;3,4;
2022/08/06;1500 UTC;0;982,9;983,7;982,9;1660,6;35,1;13,3;35,7;33,2;13,9;12,3;30;26;27;60;7,6;3;
2022/08/06;1600 UTC;0;981,8;982,9;981,8;1983,2;36;12,5;36,2;34,5;13,7;12,3;27;24;24;63;7,5;3,4;
2022/08/06;1700 UTC;0;980,8;981,9;980,8;2025,4;35,8;12,9;36,5;35,3;13,3;11,8;25;23;25;42;7,9;3,8;
2022/08/06;1800 UTC;0;980,1;980,8;980,1;1598,2;34,8;12,2;36,1;34,8;12,8;11,5;26;23;26;59;6,6;2,6;
2022/08/06;1900 UTC;0;979,8;980,1;979,8;838,9;35,6;12,6;35,6;34,4;13,2;11,9;28;24;25;73;5,5;1,8;
2022/08/06;2000 UTC;0;980;980;979,7;743,8;34,3;12,7;35,8;34;13,3;12,4;28;25;27;69;4,1;2;
2022/08/06;2100 UTC;0;980,4;980,4;980;240,3;30,8;16,6;34,3;30,8;16,6;12,8;42;27;42;25;4,1;,5;
2022/08/06;2200 UTC;0;981;981;980,4;;27,8;15,8;30,8;27,8;17,5;15,8;51;42;48;225;1;,7;
2022/08/06;2300 UTC;0;981,6;981,6;981;;26,5;16,9;27,9;26,2;17,3;15,3;57;47;56;207;2,8;,8;
2022/08/07;0000 UTC;0;982;982,1;981,6;;25;16,8;26,5;24,9;17,1;15,9;60;55;60;233;1,3;,7;
2022/08/07;0100 UTC;0;982,4;982,4;982,1;;24;17,4;25,1;23,9;17,4;16,3;67;59;67;157;2;,7;
2022/08/07;0200 UTC;0;982,1;982,4;982,1;;23,6;16,5;24;23,1;17,3;16,2;68;63;65;318;2;1,3;
2022/08/07;0300 UTC;0;982,3;982,3;982,1;;22,7;17,3;23,6;22,4;17,3;16,4;72;65;72;134;3,6;1,7;
2022/08/07;0400 UTC;0;982;982,3;981,9;;22,2;16,8;23,4;22,2;18,1;16,7;73;68;71;189;2,9;1,1;
2022/08/07;0500 UTC;0;981,6;982;981,6;;21,6;17,4;22,4;21,5;17,4;16,8;77;71;77;135;1,6;1,2;
2022/08/07;0600 UTC;0;981,1;981,6;981,1;;21;17,8;21,7;20,9;18,1;17,2;82;76;82;86;1,6;,4;
2022/08/07;0700 UTC;0;981,4;981,4;981;;20,1;17,1;21;20,1;17,8;17;84;80;83;90;1;,4;
2022/08/07;0800 UTC;0;981,6;981,6;981,4;;19,7;16,8;20,3;19,6;17,7;16,5;87;81;84;41;1,6;,7;
2022/08/07;0900 UTC;0;982,1;982,1;981,6;;19,4;16,7;19,9;19,3;17,1;16,5;85;83;85;205;1,2;,5;
2022/08/07;1000 UTC;0;982,9;982,9;982,1;51,9;19,9;17,1;19,9;18,9;17,1;16,4;86;84;84;337;2;,9;
2022/08/07;1100 UTC;0;984,3;984,4;982,9;457,8;23,8;17,3;23,8;19,9;18,6;17,1;84;67;67;67;4,4;2;
2022/08/07;1200 UTC;0;984,8;984,8;984,3;1158;28,5;16,5;28,7;23,9;17,6;16,5;67;48;48;104;4,4;1,6;
2022/08/07;1300 UTC;0;985;985;984,8;1816,6;32,6;12,6;32,6;28,5;16,7;12,3;48;30;30;51;5;2,7;
2022/08/07;1400 UTC;0;984,5;985;984,5;2071,5;33,4;10,9;34;31,8;12,7;10,6;30;24;25;45;7,8;4,5;
2022/08/07;1500 UTC;0;983,4;984,5;983,4;2080;34,6;11,4;34,8;33,1;11,9;10,8;27;24;25;43;8,3;3,7;
2022/08/07;1600 UTC;0;982,6;983,4;982,6;1979,4;35,4;10,4;35,9;34,3;11,6;9,7;25;21;22;31;7,3;3,9;
2022/08/07;1700 UTC;0;981,5;982,6;981,5;1790,5;36,1;9,8;36,4;35;10,9;9,4;22;20;20;40;7,3;2,9;
2022/08/07;1800 UTC;0;980,7;981,5;980,7;1605,8;36,5;9,6;36,5;35,1;10,6;9,2;22;20;20;86;5,8;2,5;
2022/08/07;1900 UTC;0;980,6;980,7;980,5;1422,3;35,7;9,3;36,6;35,4;10,3;8,5;21;19;20;49;5,2;2,3;
2022/08/07;2000 UTC;0;980,7;980,7;980,6;1032,5;35,3;10,2;36,4;35,2;10,5;8,6;22;19;22;40;3,9;1,6;
2022/08/07;2100 UTC;0;981,1;981,1;980,7;375,7;31,4;14,4;35,3;31,4;14,4;9,9;36;21;36;349;2,7;,8;
2022/08/07;2200 UTC;0;981,6;981,6;981,1;;26,9;14,3;31,4;26,9;15,7;13,6;47;36;46;201;1,5;,5;
2022/08/07;2300 UTC;0;982;982,1;981,6;;25;14,8;26,9;24,7;15,7;13,9;56;45;53;323;1,6;,2;
2022/08/08;0000 UTC;0;982,4;982,4;982;;22,7;15,1;25;22,7;15,5;13,9;62;53;62;5;1,5;,8;
2022/08/08;0100 UTC;0;982,7;982,7;982,4;;21,9;15,2;23,2;21,9;15,3;14,5;66;59;66;65;1,5;,4;
2022/08/08;0200 UTC;0;982,8;982,8;982,6;;21,2;15,7;22,3;20,8;15,9;14,5;73;63;71;203;1,8;1;
2022/08/08;0300 UTC;0;982,8;982,8;982,7;;20;15,6;21,2;19,6;15,7;15,1;76;70;76;360;1,8;1,1;
2022/08/08;0400 UTC;0;982,4;982,9;982,4;;19,1;15,5;20,4;18,9;16,3;15,1;81;74;80;172;1,9;1,1;
2022/08/08;0500 UTC;0;981,8;982,4;981,8;;20,1;16,7;20,1;19;17,4;15,4;85;79;81;186;2,3;1,1;
2022/08/08;0600 UTC;0;981,8;981,9;981,4;;19,3;16,1;20,1;18,5;16,7;15,1;82;77;81;106;5;1,5;
2022/08/08;0700 UTC;0;982;982,1;981,7;;19,1;15;20,1;18,7;16,1;14,7;81;75;77;191;5;,8;
2022/08/08;0800 UTC;0;982,2;982,2;982;;19,1;15,1;19,9;18,1;15,1;14,4;80;72;77;159;3;,7;
2022/08/08;0900 UTC;0;982,9;982,9;982,2;;18,6;15,4;19,2;18,2;15,5;14,7;82;77;81;97;1,6;,9;
2022/08/08;1000 UTC;0;983,5;983,5;982,9;31,6;20,1;15,5;20,1;18,6;15,6;15,2;81;75;75;130;1,7;1;
2022/08/08;1100 UTC;0;984,3;984,3;983,5;449,5;23,5;16,4;23,5;20,1;16,6;15,5;75;65;65;68;2,1;,9;
2022/08/08;1200 UTC;0;985,1;985,1;984,4;1160,5;28,2;16,2;28,3;23,5;17;16;65;48;48;98;3,5;2;
2022/08/08;1300 UTC;0;985,4;985,4;985,1;1819,2;32,6;10,4;32,9;28,2;16,2;9,8;48;25;26;64;6,1;3,4;
2022/08/08;1400 UTC;0;984,9;985,4;984,9;2057,4;33,6;9,7;34;32,5;11,3;9,6;26;23;23;50;6,6;3;
2022/08/08;1500 UTC;0;983,9;985;983,9;2071,7;35,3;10,2;35,6;33,6;10,3;8,8;24;20;22;43;7,7;2,9;
2022/08/08;1600 UTC;0;982,6;983,9;982,6;1972,7;35,7;9,2;36;34,7;10,4;9,1;22;20;20;35;7,7;2,9;
2022/08/08;1700 UTC;0;981,4;982,5;981,4;1804,7;36,5;8,1;36,8;35,3;10,3;7,1;21;17;18;44;6,7;2;
2022/08/08;1800 UTC;0;980,5;981,4;980,5;1623,7;36,8;7,2;37,4;35,7;8,7;6,8;18;16;16;64;5,6;2,1;
2022/08/08;1900 UTC;0;980,3;980,5;980,3;1387,1;36,7;7,4;37,5;36,3;8,1;6,2;17;15;17;102;6,1;2,3;
2022/08/08;2000 UTC;0;980,5;980,5;980,2;1003,2;36;8,2;37,2;35,9;8,8;6,5;19;15;18;127;6,4;1,8;
2022/08/08;2100 UTC;0;981;981;980,5;306,5;32,2;11,3;36;32,2;11,3;8;28;18;28;161;3,9;1,3;
2022/08/08;2200 UTC;0;981,3;981,3;981;;26,7;14;32,2;25,9;15,1;11,1;49;28;46;26;2;1,2;
2022/08/08;2300 UTC;0;981,9;981,9;981,3;;25,1;14,7;26,9;24,5;15,2;14,1;55;46;53;57;1,6;,4;
2022/08/09;0000 UTC;0;982,5;982,5;981,9;;23,6;13,9;25,2;22,8;14,8;13,3;59;50;55;323;2,4;,9;
2022/08/09;0100 UTC;0;982,9;982,9;982,4;;22,9;13,8;24,6;22,4;14,4;12,6;60;47;57;220;1,6;,6;
2022/08/09;0200 UTC;0;983;983,2;982,9;;21,4;14,7;22,9;20,7;15,4;13;67;56;66;298;2,4;1;
2022/08/09;0300 UTC;0;982,8;983;982,8;;20,6;15,4;21,6;20,2;15,7;14,5;73;66;72;121;2,7;,5;
2022/08/09;0400 UTC;0;982,1;982,9;982,1;;19,7;15,7;20,8;19,7;16,2;15,1;79;71;78;272;2,2;1,2;
2022/08/09;0500 UTC;0;982,1;982,3;982;;20,6;16,7;20,6;19,6;17,5;15,7;85;78;78;156;3,4;1,6;
2022/08/09;0600 UTC;0;981,9;982,3;981,9;;19,8;15,2;20,6;19,2;16,5;14,9;78;74;75;199;3;1,2;
2022/08/09;0700 UTC;0;982,6;982,6;981,9;;19,6;15,6;19,8;19,1;15,6;15;79;75;78;337;3,3;1,5;
2022/08/09;0800 UTC;0;982,7;982,8;982,4;;19;15,2;19,8;18,9;16,1;15,2;80;78;79;340;3,6;1,5;
2022/08/09;0900 UTC;0;983,7;983,7;982,7;;18,3;14,9;19,2;17,9;15,1;14,5;82;77;81;201;3,1;1,6;
2022/08/09;1000 UTC;0;984,4;984,4;983,7;20,4;19,1;15;19,2;18,1;15,1;14,7;81;77;77;192;2,5;,9;
2022/08/09;1100 UTC;0;985,2;985,2;984,4;406,3;23,8;17,4;23,8;19,1;17,5;15;77;67;67;113;2;1;
2022/08/09;1200 UTC;0;985,9;985,9;985,2;1201,9;28,5;15,9;28,5;23,8;17,5;15,6;67;46;46;117;3,5;1,3;
2022/08/09;1300 UTC;0;986;986,2;985,9;1712,3;32,4;13,9;32,4;28,2;16,7;13,9;49;33;33;83;3,8;1,8;
2022/08/09;1400 UTC;0;985,6;986;985,6;2037,4;33,7;11,2;34,1;32,3;13,8;10,5;33;25;25;39;6,4;3,1;
2022/08/09;1500 UTC;0;984,9;985,7;984,9;2041,6;34,9;9,6;35,4;33,5;11,2;8,7;25;21;21;49;6,6;3,3;
2022/08/09;1600 UTC;0;983,9;984,9;983,9;1906,3;35,7;9,2;36;34,4;10,2;8,7;22;19;20;55;6;2,9;
2022/08/09;1700 UTC;0;982,8;983,9;982,8;1847,5;36,6;8,7;37,1;35,1;9,9;7,5;21;17;18;74;5,9;1,6;
2022/08/09;1800 UTC;0;982,1;982,8;982,1;1601,6;36,1;7,9;36,9;35,9;8,9;7,1;18;17;18;144;5,8;1,7;
2022/08/09;1900 UTC;0;982;982,1;981,8;1042,6;36;8,1;37;35,7;10;7,3;21;17;18;64;4,6;1,1;
2022/08/09;2000 UTC;0;982,2;982,2;981,9;1086,4;36,8;8,1;37,2;36;8,6;7,3;19;17;17;286;2,6;,5;
2022/08/09;2100 UTC;0;982,6;982,6;982,2;336,2;31,9;13,7;37,1;31,9;14,2;8,3;33;17;33;264;1,4;,3;
2022/08/09;2200 UTC;0;983,1;983,1;982,6;;27;14,7;31,9;26,7;16,2;14;48;33;47;219;3,3;1;
2022/08/09;2300 UTC;0;983,6;983,6;983,1;;26;12,1;27;25,9;15,2;12,1;51;42;42;250;1,3;,9;
2022/08/10;0000 UTC;0;984,4;984,4;983,6;;24;14,6;26,1;23,6;15,6;11,9;59;42;56;259;3;1,1;
2022/08/10;0100 UTC;0;984,7;984,7;984,4;;22,8;15,5;24,3;22,4;15,5;14;63;53;63;150;3,7;1,6;
2022/08/10;0200 UTC;0;984,9;984,9;984,7;;21,7;15,6;23,8;21,6;16;14,4;68;56;68;193;3,7;1,2;
2022/08/10;0300 UTC;0;984,6;984,9;984,6;;21,9;17,3;22,2;20,7;18,5;15,5;81;67;75;147;3,1;1,8;
2022/08/10;0400 UTC;0;984,4;984,6;984,4;;21,3;15,7;22,4;21;18;15,1;78;63;71;5;3,1;1,2;
2022/08/10;0500 UTC;0;983,7;984,4;983,7;;19,6;15;21,3;19,6;15,7;15;76;70;75;284;2;,5;
2022/08/10;0600 UTC;0;983,7;983,9;983,5;;20,4;14,8;20,4;18,6;16;14,3;81;70;70;99;4,4;1,1;
2022/08/10;0700 UTC;0;983,6;983,8;983,5;;18,6;14,3;20,4;18,5;14,7;14,3;77;70;76;179;2;,9;
2022/08/10;0800 UTC;0;983,9;983,9;983,6;;19,3;14,5;19,3;17,9;14,8;14,1;80;74;74;227;4;2,8;
2022/08/10;0900 UTC;0;984,4;984,4;983,9;;18,8;14,1;21,1;18,8;14,4;13,6;74;63;74;116;4,9;,7;
2022/08/10;1000 UTC;0;984,9;984,9;984,4;48,8;18,7;15;18,9;18,2;15;14,1;80;74;79;16;1,5;,9;
2022/08/10;1100 UTC;0;986,4;986,4;984,9;461,1;22,7;16,6;22,7;18,7;16,8;15,1;79;68;68;84;3,7;1;
2022/08/10;1200 UTC;0;986,6;986,7;986,4;1159,5;27,1;15,2;27,5;22,6;17;15,1;68;48;48;217;7,3;3;
2022/08/10;1300 UTC;0;986,7;986,8;986,6;1791;30,3;14,6;30,3;27,1;15,6;14;48;38;39;197;6,4;3,4;
2022/08/10;1400 UTC;0;986,2;986,7;986,2;2032,8;32,1;13,6;32,3;29,8;14,7;13,2;39;32;33;206;6,5;1,9;
2022/08/10;1500 UTC;0;985,5;986,2;985,5;2041;34;13,4;34;31,7;14,2;13,2;33;29;29;255;5,2;1,4;
2022/08/10;1600 UTC;0;984,4;985,5;984,4;1941,4;35;12,6;35;33,4;13,5;12,4;29;26;26;82;4,7;2;
2022/08/10;1700 UTC;0;983,2;984,4;983,2;1796,5;35,5;11,7;35,9;34,2;12,8;11,7;27;24;24;117;4,5;1,5;
2022/08/10;1800 UTC;0;982,3;983,2;982,2;1776,6;36,2;11,2;36,6;35,1;11,9;10,8;24;21;22;181;4,4;2,1;
2022/08/10;1900 UTC;0;982;982,3;982;1240,3;35,6;11,1;36,5;35,1;11,7;8,2;24;18;23;296;3,8;1,9;
2022/08/10;2000 UTC;0;982,1;982,2;982;739,1;33,8;12,8;36,2;33,8;12,9;10,7;28;22;28;246;5,5;2,1;
2022/08/10;2100 UTC;0;982,4;982,4;982,1;248,7;31,5;13,5;33,8;31,5;13,6;12,9;33;28;33;238;3,9;1,9;
2022/08/10;2200 UTC;0;983;983;982,4;;29,2;14,4;31,5;29,2;14,4;13,5;40;34;40;241;3,6;2,4;
2022/08/10;2300 UTC;0;983,4;983,4;983;;28,5;14,6;29,2;28,5;14,8;14,4;43;40;43;247;4,2;2,7;
2022/08/11;0000 UTC;0;984,1;984,1;983,4;;27,3;14,7;28,5;27,3;14,7;14,5;46;43;46;241;4,4;2,4;
2022/08/11;0100 UTC;0;984,5;984,5;984,1;;26,4;14,8;27,3;26,4;14,9;14,6;49;46;49;236;3,9;2,4;
2022/08/11;0200 UTC;0;984,8;984,8;984,5;;25,1;15,3;26,4;25,1;15,3;14,8;55;49;55;222;5,5;2,7;
2022/08/11;0300 UTC;0;984,6;984,9;984,6;;23,7;15,8;25,1;23,7;15,8;15,3;61;55;61;227;4,5;2,3;
2022/08/11;0400 UTC;0;984,1;984,6;984,1;;23,1;15,8;23,7;23,1;15,9;15,8;63;61;63;224;4,7;2,2;
2022/08/11;0500 UTC;0;983,5;984,1;983,5;;22,2;15,7;23,1;22,2;15,9;15,7;67;63;67;198;3,7;,8;
2022/08/11;0600 UTC;0;983;983,5;983;;21,3;15,5;22,2;20,8;15,8;15,5;73;67;70;235;2;1,5;
2022/08/11;0700 UTC;0;982,7;983;982,7;;19,7;15,6;21,4;19,5;15,6;15,2;77;69;77;232;2,3;,6;
2022/08/11;0800 UTC;0;983;983;982,7;;20,5;15,5;20,5;18,9;15,5;14,7;79;73;73;253;3,3;2,2;
2022/08/11;0900 UTC;0;983,5;983,5;983;;18,6;15,3;21,1;18;15,5;14,6;83;69;81;301;3,8;,4;
2022/08/11;1000 UTC;0;984;984;983,5;60;19,7;15,5;19,7;18,2;15,5;14,9;82;77;77;228;2,5;1,5;
2022/08/11;1100 UTC;0;984,8;984,8;983,9;462,8;23,1;15,6;23,1;19,7;15,8;15,5;77;62;62;215;4,7;2,4;
2022/08/11;1200 UTC;0;985,4;985,4;984,8;1053,6;25,4;15,5;25,4;23,1;15,8;15,2;62;54;54;197;5,3;2,9;
2022/08/11;1300 UTC;0;985,6;985,7;985,4;1711,5;28,5;15;28,7;25,4;15,8;14,9;54;44;44;189;5,5;2,4;
2022/08/11;1400 UTC;0;985,5;985,7;985,5;1960,7;31,5;14,9;31,7;28,5;15,7;14,6;44;36;37;171;5,5;2;
2022/08/11;1500 UTC;0;984,9;985,5;984,9;2036,6;34,3;13,4;34,3;31,5;14,8;13;37;28;28;228;5,8;1,7;
2022/08/11;1600 UTC;0;984;984,9;984;1724,7;34,7;10,8;35,1;33,7;13,7;10,5;29;23;23;3;5,6;1,2;
2022/08/11;1700 UTC;0;982,8;984;982,8;1785;35,7;9,7;36,3;34,5;11,3;9,6;24;20;21;29;6,1;1,5;
2022/08/11;1800 UTC;0;981,9;982,8;981,9;1632,9;36,1;9,2;36,3;34,9;11;8,9;22;19;19;302;6,2;1,9;
2022/08/11;1900 UTC;0;981,6;981,9;981,6;1387,4;35,9;9,3;36,2;35,2;9,6;8,4;21;19;20;72;5,9;1,6;
2022/08/11;2000 UTC;0;981,9;981,9;981,6;843,8;33,9;11,2;36,4;33,9;11,2;8,7;25;19;25;268;3,4;1,8;
2022/08/11;2100 UTC;0;982,4;982,4;981,9;267,1;31,5;14,8;34,4;31,5;15,2;11,2;37;25;36;302;3,4;1,1;
2022/08/11;2200 UTC;0;983;983;982,4;;28,5;14,6;31,5;28,5;16,5;14,1;46;36;43;236;1,8;1,3;
2022/08/11;2300 UTC;0;983,7;983,7;983;;28;13,3;29,4;27,8;14,4;13,3;43;38;40;237;2,8;2;
2022/08/12;0000 UTC;0;984,4;984,4;983,7;;26,3;13,5;28;26,3;14;13,1;46;40;45;226;3,1;1,3;
2022/08/12;0100 UTC;0;985,1;985,2;984,4;;24,1;14,8;26,3;22,8;15,1;13,4;62;45;56;22;4,5;1,6;
2022/08/12;0200 UTC;0;985,6;985,6;985,1;;23,3;14,7;24,6;22,8;14,9;14,4;61;54;58;201;4,5;1,3;
2022/08/12;0300 UTC;0;985,5;985,7;985,5;;23,2;13,8;24,3;23,2;14,6;13,7;58;52;56;216;3,8;2,4;
2022/08/12;0400 UTC;0;985,2;985,5;985,2;;22,8;13,4;23,4;22,8;14,3;13,4;58;54;55;228;4,4;1,7;
2022/08/12;0500 UTC;0;984,5;985,2;984,5;;21,6;13,4;22,8;21,3;13,5;13,4;61;55;60;228;3,3;2,1;
2022/08/12;0600 UTC;0;984,7;984,7;984,5;;19,3;14,1;21,6;19,2;14,1;13,2;72;60;72;112;3,3;,9;
2022/08/12;0700 UTC;0;984,3;984,7;984,3;;19;14,1;20;18,6;14,1;13,1;73;66;73;185;1,7;1,1;
2022/08/12;0800 UTC;0;984,6;984,6;984,3;;18,3;13,9;19;18,2;14,1;13,7;75;73;75;166;1,5;,3;
2022/08/12;0900 UTC;0;985,1;985,1;984,6;;17,5;14;18,4;17,3;14;13,2;80;74;80;208;2;1;
2022/08/12;1000 UTC;0;986,1;986,1;985,1;57,4;19;14,2;19;17,4;14,4;13,7;80;74;74;150;2;,6;
2022/08/12;1100 UTC;0;986,9;986,9;986,1;427,7;22,6;14,6;22,6;18,9;15;14,1;74;61;61;182;2,9;,9;
2022/08/12;1200 UTC;0;987,3;987,3;986,9;1150,9;27,6;15;27,6;22,6;15,6;14,4;61;46;46;138;4,8;2,5;
2022/08/12;1300 UTC;0;987,5;987,7;987,3;1783,5;31,2;11,4;31,2;27,6;14,5;10,4;46;29;30;132;8,9;3,9;
2022/08/12;1400 UTC;0;987,3;987,6;987,3;2008,3;32,5;10,6;32,9;30,6;11,7;10,4;30;26;26;132;7,1;4;
2022/08/12;1500 UTC;0;986,3;987,3;986,3;1969,7;33,5;10,3;34,2;32,2;11,3;10,3;27;24;24;100;7;2,9;
2022/08/12;1600 UTC;0;985,2;986,3;985,2;1958,8;34,4;10,7;35;33,3;11,2;10,3;25;23;24;112;6,8;2,7;
2022/08/12;1700 UTC;0;984,1;985,2;984,1;1792,3;34,8;10,5;35,8;34;11,5;10,3;24;22;23;107;6,7;2,1;
2022/08/12;1800 UTC;0;983,1;984,1;983,1;1622,3;35,4;10,3;35,9;34,7;11,2;10,3;23;22;22;145;5,8;2,7;
2022/08/12;1900 UTC;0;982,7;983,1;982,7;1325;35,3;11,1;35,9;34,7;11,4;10,3;24;22;23;165;5,9;3,2;
2022/08/12;2000 UTC;0;983;983;982,7;1007,2;34,7;11;35,7;34,6;11,4;10,7;24;23;24;156;6,1;3,1;
2022/08/12;2100 UTC;0;983,3;983,3;983;365,2;32,6;11,8;34,8;32,6;11,8;11;28;24;28;177;5,4;1,7;
2022/08/12;2200 UTC;0;983,8;983,8;983,3;;27,8;13,9;32,6;27,8;14;11,9;43;28;43;202;3,3;1,3;
2022/08/12;2300 UTC;0;984,4;984,4;983,8;;25,6;14,5;27,8;25,6;15,2;13,8;51;43;50;201;1,7;1;
2022/08/13;0000 UTC;0;984,7;984,7;984,4;;24,8;14;25,6;24,4;15;14;54;50;51;219;2,6;2,1;
2022/08/13;0100 UTC;0;985,1;985,1;984,7;;22,9;14,6;24,9;22,5;14,6;13,9;59;51;59;208;2,6;1,3;
2022/08/13;0200 UTC;0;985,1;985,1;984,9;;22,4;14,6;23,4;21,4;14,7;13,9;65;56;61;213;2,1;1,3;
2022/08/13;0300 UTC;0;985,1;985,2;985;;21,5;14,7;22,4;21,5;14,8;14,4;65;61;65;201;1,8;,7;
2022/08/13;0400 UTC;0;984,6;985,1;984,6;;20,4;15,3;21,6;20,4;15,6;14,5;73;65;73;200;1,8;1,3;
2022/08/13;0500 UTC;0;984,2;984,6;984,2;;20,8;14,9;21,2;20,3;15,5;14,9;73;69;69;235;2,5;1,8;
2022/08/13;0600 UTC;0;984,1;984,3;984,1;;20,8;14,9;21,2;20,3;15,1;14,8;71;68;69;190;2,8;1;
2022/08/13;0700 UTC;0;984;984,1;983,8;;20,3;14,8;22;20,2;14,9;14,3;70;62;70;164;3,6;,8;
2022/08/13;0800 UTC;0;984,3;984,5;984;;19,6;15,5;20,5;18,7;15,6;14,7;80;70;77;309;2,5;,8;
2022/08/13;0900 UTC;0;985,3;985,3;984,3;;19,2;15,3;19,6;18,4;15,4;14,9;80;77;78;128;2,1;1;
2022/08/13;1000 UTC;0;986,1;986,1;985,4;32,6;19;15,6;19,5;18,7;15,6;15;81;77;81;198;2;1,2;
2022/08/13;1100 UTC;0;986,8;986,8;986,1;402,2;23,8;16,4;23,9;19;16,9;15,6;81;63;63;143;2,3;1,2;
2022/08/13;1200 UTC;0;987,7;987,7;986,8;758,3;26,3;16,4;26,4;23,6;16,9;15,9;63;54;54;142;3,9;2,4;
2022/08/13;1300 UTC;0;988,1;988,1;987,7;1570,1;30,9;14;30,9;26,3;16,5;13,5;54;36;36;98;5,3;2,5;
2022/08/13;1400 UTC;0;987,6;988,1;987,6;1623,5;32,1;13,2;32,6;30,4;14,1;12,6;36;31;32;112;7,3;4;
2022/08/13;1500 UTC;0;987;987,6;986,9;2029,7;33,2;12,6;34,3;32,1;13,4;12,2;32;28;29;78;7,8;3,8;
2022/08/13;1600 UTC;0;986,2;987;986,2;1837,7;33,8;13;34,9;33;13,5;12,2;29;26;28;66;7,7;3;
2022/08/13;1700 UTC;0;985,1;986,2;985,1;1730,7;34,2;12,4;35;33,6;13,3;11,9;29;25;27;42;8,1;3,9;
2022/08/13;1800 UTC;0;984,3;985,1;984,2;1554,6;34,7;13,1;35,7;34,1;13,4;12;27;25;27;53;8,1;3;
2022/08/13;1900 UTC;0;984;984,3;983,9;1399,1;35,3;12,3;35,7;34,6;13,3;11,8;27;24;25;84;6,5;1,9;
2022/08/13;2000 UTC;0;984,1;984,1;983,9;885;34,3;13,3;35,7;34;13,3;11,9;28;25;28;108;4,8;1,6;
2022/08/13;2100 UTC;0;984,3;984,3;984,1;308,5;32;14;34,3;32;14;13,2;33;28;33;143;5,4;1,5;
2022/08/13;2200 UTC;0;984,7;984,7;984,3;;30,1;14,5;32;29,8;14,7;13,9;40;33;39;158;3,6;2;
2022/08/13;2300 UTC;0;985,5;985,5;984,7;;29;15,3;30,2;29;15,3;14,5;43;39;43;154;3,6;1,5;
2022/08/14;0000 UTC;0;985,9;985,9;985,5;;26,7;16,2;28,9;26,7;16,2;15,3;52;43;52;178;2,2;,9;
2022/08/14;0100 UTC;0;986,3;986,3;985,9;;25,7;17,7;26,7;25,7;17,7;16,1;61;52;61;147;2;1,2;
2022/08/14;0200 UTC;0;986,3;986,3;986,3;;26,1;17,3;26,3;25,7;17,7;16,6;61;56;58;142;2,9;1,7;
2022/08/14;0300 UTC;0;986,8;986,8;986,3;;25,5;18;26,1;25,4;18,1;17,3;64;58;64;136;3,1;1,6;
2022/08/14;0400 UTC;0;986,3;986,8;986,3;;26,9;14,8;27;25,3;18;14,8;64;47;47;136;5,1;2,9;
2022/08/14;0500 UTC;0;985,6;986,3;985,6;;25,2;15;26,9;25,2;15,1;14,7;53;47;53;89;5,1;1,4;
2022/08/14;0600 UTC;0;985,3;985,6;985,3;;24,5;14,9;25,2;24,3;15,3;14,9;57;53;55;121;4,3;2,3;
2022/08/14;0700 UTC;0;985,4;985,4;985;;24,7;14,6;24,9;24,4;14,9;14,6;55;53;54;124;5,6;2,7;
2022/08/14;0800 UTC;0;985,5;985,5;985,3;;23,9;14,4;24,7;23,9;14,7;14,4;55;53;55;139;5,6;1,4;
2022/08/14;0900 UTC;0;986;986;985,5;;24;14,1;24,2;23,5;14,4;14;56;53;54;112;3,7;2,1;
2022/08/14;1000 UTC;0;986,7;986,7;986;73,2;23,7;14,2;24;23,1;14,3;14,1;57;54;55;127;3,9;2;
2022/08/14;1100 UTC;0;987,5;987,5;986,7;494,2;25,6;14,6;25,6;23,7;14,8;14;55;51;51;83;4,5;1,6;
2022/08/14;1200 UTC;0;988,1;988,1;987,5;1276,2;28,5;13,7;28,8;25,3;14,9;13,5;51;40;40;80;8,4;4,4;
2022/08/14;1300 UTC;0;988,3;988,4;988,1;1859,1;30,1;13,8;30,4;28,4;14,5;13,5;41;36;37;83;9,4;3,9;
2022/08/14;1400 UTC;0;987,7;988,3;987,7;2079,8;31,7;12,4;32,2;30,2;14,3;12,3;37;30;31;65;9,2;4,6;
2022/08/14;1500 UTC;0;986,9;987,7;986,8;2078;33,2;11,6;33,5;31,5;13;11,6;31;27;27;77;9,8;4,1;
2022/08/14;1600 UTC;0;985,8;986,9;985,8;1958;33,5;11;34,2;32,9;12,1;10,5;27;24;25;73;8,5;4,5;
2022/08/14;1700 UTC;0;984,4;985,8;984,4;1826;34,6;11,4;35;33,6;11,7;10,7;25;24;25;89;7,8;2,9;
2022/08/14;1800 UTC;0;983,2;984,4;983,2;1642,5;34,8;10,6;35,7;34,1;11,8;10,1;25;22;23;125;7,6;3,4;
2022/08/14;1900 UTC;0;982,6;983,2;982,6;1425,5;35,4;10,9;35,6;34,7;11,3;10,1;23;22;23;99;6,6;2,3;
2022/08/14;2000 UTC;0;982,7;982,8;982,6;1055,3;34,2;10,1;35,4;34,2;10,7;9,6;23;22;23;126;6;2,7;
2022/08/14;2100 UTC;0;983;983;982,7;404,2;31,9;11,4;34,4;31,9;11,5;10,1;29;23;29;139;4,9;1,4;
2022/08/14;2200 UTC;0;983,3;983,3;983;;27,9;13;31,9;27,9;13;11,4;40;29;40;176;2,5;1;
2022/08/14;2300 UTC;0;983,9;983,9;983,3;;25,5;14;27,9;25,5;14,2;12,9;49;39;49;197;1,6;,8;
2022/08/15;0000 UTC;0;984,3;984,3;983,9;;23,6;13,9;25,5;23,5;15;13,9;57;49;54;211;2;1,6;
2022/08/15;0100 UTC;0;984,4;984,4;984,3;;23,4;14,3;24;23,4;14,3;13,8;56;54;56;202;2,3;1,6;
2022/08/15;0200 UTC;0;984,7;984,7;984,4;;22;15;23,4;22;15,1;14,3;64;56;64;127;2,5;,7;
2022/08/15;0300 UTC;0;984,8;984,8;984,6;;21,3;15,7;22,1;20,9;16,6;15;74;64;71;95;1,8;,6;
2022/08/15;0400 UTC;0;984;984,8;984;;22,5;14,6;22,9;21,2;16,1;14,6;71;61;61;154;3,4;1,6;
2022/08/15;0500 UTC;0;983,4;984;983,4;;22,8;14,9;23,2;21,7;15;14,3;64;58;61;122;3,4;1,4;
2022/08/15;0600 UTC;0;983,4;983,5;983,3;;23,1;13,4;23,6;21,5;14,8;13,3;64;52;54;97;2,8;1,4;
2022/08/15;0700 UTC;0;983,6;983,9;983,4;;21,3;13,4;23,1;21,3;14,7;13,4;64;54;61;43;5,5;,5;
2022/08/15;0800 UTC;0;983,8;983,8;983,5;;19,5;13,8;21,3;19,4;13,9;13,4;70;61;70;111;1,5;,9;
2022/08/15;0900 UTC;0;984,6;984,6;983,8;;19,3;14;19,9;19;14,3;13,6;72;69;72;156;2,1;,7;
2022/08/15;1000 UTC;0;985,6;985,6;984,6;79,1;20,6;14,5;20,6;18,8;14,6;13,9;75;68;68;127;1,8;,8;
2022/08/15;1100 UTC;0;986,1;986,1;985,6;516,1;25,1;14,2;25,2;20,6;15,1;13,6;68;50;51;107;3,3;1,6;
2022/08/15;1200 UTC;0;986,6;986,6;986,1;1260,5;27,9;14,4;27,9;25,1;14,9;13,8;51;43;44;94;4,9;2,6;
2022/08/15;1300 UTC;0;986,8;986,9;986,6;1902,6;29,5;14;29,8;27,8;14,5;13,7;44;38;39;81;6,9;3,7;
2022/08/15;1400 UTC;0;986,4;986,8;986,4;2115,3;31,7;13,7;32;29,5;14,5;13,4;39;33;33;62;7,5;2,8;
2022/08/15;1500 UTC;0;985,6;986,4;985,6;2103,4;32,2;12,7;33;31,3;14;12,7;34;30;31;78;8,1;3,6;
2022/08/15;1600 UTC;0;984,5;985,6;984,5;1791,2;32,9;12,7;33,9;31,7;13,4;12,3;32;28;29;103;9;3,6;
2022/08/15;1700 UTC;0;983,2;984,5;983,2;1568,2;34,6;10,8;34,7;32,1;12,5;10,3;29;24;24;97;7,4;3,9;
2022/08/15;1800 UTC;0;982;983,2;982;1478,8;34,6;10,6;34,6;32,5;10,9;9,6;26;23;23;81;7,4;2,5;
2022/08/15;1900 UTC;0;981,7;982;981,6;1091,5;33,1;10;35,1;32,8;10,6;9,5;25;21;24;56;7,1;2,8;
2022/08/15;2000 UTC;0;981,8;981,8;981,7;605,9;32,1;10,9;33,8;32,1;11,2;10,1;27;24;27;51;5,7;1,8;
2022/08/15;2100 UTC;0;981,9;981,9;981,8;113;30,8;11,7;32,1;30,5;12,4;10,6;33;27;31;83;3,7;,8;
2022/08/15;2200 UTC;0;982;982;981,8;;27,2;14,3;30,8;26,8;15,2;11,5;46;31;45;212;2,2;1,4;
2022/08/15;2300 UTC;0;982,6;982,6;982;;26,5;14,9;27,2;26,5;14,9;13,7;49;43;49;320;3,1;,5;
2022/08/16;0000 UTC;0;983;983;982,6;;25,5;14,2;26,5;24,3;15,4;13,2;56;45;50;329;2;1,4;
2022/08/16;0100 UTC;0;983,5;983,5;983;;24,4;15;25,5;24;15,5;14;57;49;56;156;2,2;1,2;
2022/08/16;0200 UTC;0;983,6;983,7;983,5;;24,1;14,9;24,8;23,8;15,4;14,4;59;53;56;289;2,2;1,1;
2022/08/16;0300 UTC;0;983,8;983,8;983,6;;23,4;15,4;24,1;22,9;15,7;14,5;62;55;61;295;1,9;1;
2022/08/16;0400 UTC;0;983,4;983,8;983,4;;23,4;16;23,5;22,9;16,1;15,1;63;59;63;109;1,9;,4;
2022/08/16;0500 UTC;0;983,1;983,4;983,1;;23,2;15,7;23,6;23,1;16;15,3;64;60;63;161;1,2;,7;
2022/08/16;0600 UTC;0;983;983,1;982,9;;23,4;17,4;23,4;23,1;17,4;15,5;69;62;69;146;1;,5;
2022/08/16;0700 UTC;0;983,1;983,1;983;;23,3;18;23,5;23,1;18;17,1;72;68;72;131;,9;,3;
2022/08/16;0800 UTC;0;983,3;983,3;983,1;;22,2;17,9;23,3;22,2;18,3;17,8;77;72;77;284;1;,2;
2022/08/16;0900 UTC;0;983,9;983,9;983,3;;21,5;17,3;22,2;21,3;18;17,1;79;76;77;136;1,5;,5;
2022/08/16;1000 UTC;0;984,6;984,6;983,9;37,2;22,2;17,2;22,2;21,2;17,2;16,7;77;72;73;138;2,5;,4;
2022/08/16;1100 UTC;0;985,5;985,5;984,6;301,4;24,4;17,7;24,6;22,2;18,1;17,2;74;64;66;89;3,8;1,2;
2022/08/16;1200 UTC;0;986,1;986,1;985,5;1113,1;29,2;14;29,4;24,4;18,7;14;67;39;39;90;4,7;2,3;
2022/08/16;1300 UTC;0;986,5;986,5;986,1;1895,2;31,1;12;31,3;29,2;14,6;11,6;40;31;31;47;6,4;3,5;
2022/08/16;1400 UTC;0;986,1;986,5;986,1;2108,7;32,2;11;32,7;30,8;12,3;10,9;31;27;27;38;7,2;3,3;
2022/08/16;1500 UTC;0;985,3;986,1;985,3;2093,9;34,4;10,9;34,7;32,2;11,6;9,4;27;23;24;77;7,2;3,1;
2022/08/16;1600 UTC;0;984,4;985,3;984,4;1983,5;34,3;7,9;35,5;33,5;10,9;7,9;24;19;20;44;7,2;2,7;
2022/08/16;1700 UTC;0;983,4;984,4;983,4;1408,3;34;7,4;35,7;33,4;9,7;6,8;22;18;19;63;6,2;2,7;
2022/08/16;1800 UTC;0;982,3;983,4;982,3;1691,3;34,9;6,7;36,2;34;8,2;6;20;17;18;149;6,1;2;
2022/08/16;1900 UTC;0;981,9;982,3;981,9;1048,7;33,4;9,3;35,9;33,2;9,9;6,5;24;17;23;49;7,4;1,9;
2022/08/16;2000 UTC;0;981,8;981,9;981,8;705,6;33,9;9,2;34;32,6;10,4;8,8;25;21;22;357;3,9;1,9;
2022/08/16;2100 UTC;0;981,9;981,9;981,8;407,2;30,8;13,1;34,1;30,8;13,2;8,7;34;21;34;345;3,2;,5;
2022/08/16;2200 UTC;0;982,2;982,2;981,9;;25,2;14,5;30,8;25,1;14,7;12,2;52;34;52;198;2,3;1,7;
2022/08/16;2300 UTC;0;982,7;982,7;982,2;;24,4;14,2;26,2;23,8;14,6;13,7;55;47;53;333;2,3;,5;
2022/08/17;0000 UTC;0;982,9;983;982,7;;23,2;13,1;24,4;23,1;14,3;11,9;57;49;53;241;1;,7;
2022/08/17;0100 UTC;0;983,2;983,3;982,9;;22,5;14,3;23,2;22,1;16;12,7;66;53;60;265;3;,6;
2022/08/17;0200 UTC;0;983,6;983,7;983,2;;21,2;16;22,5;20,8;16,9;14,3;74;60;73;207;4,2;,8;
2022/08/17;0300 UTC;0;983,7;983,8;983,5;;20,2;15,8;21,2;20,1;16,6;15,6;77;72;76;35;2,9;,7;
2022/08/17;0400 UTC;0;983,3;983,8;983,3;;20;15,7;20,9;20;16;15,4;77;73;76;204;2,5;,9;
2022/08/17;0500 UTC;0;983;983,3;983;;20,4;15,2;20,8;20;16;15,2;76;72;72;201;1,6;,8;
2022/08/17;0600 UTC;0;982,6;983;982,6;;20,6;15,8;20,7;20,1;16,5;15,3;79;72;74;240;1,5;,4;
2022/08/17;0700 UTC;0;982,6;982,7;982,5;;20,5;15,5;20,8;20,1;16;15,5;77;73;73;186;1,1;,6;
2022/08/17;0800 UTC;0;982,8;982,9;982,6;;19,3;15,2;20,5;19,3;15,6;15;77;73;77;213;1,1;,4;
2022/08/17;0900 UTC;0;983,3;983,3;982,8;;18,6;15,6;19,4;18,3;15,9;14,9;84;77;83;337;1,5;,5;
2022/08/17;1000 UTC;0;983,7;983,7;983,3;82,1;18,8;15,2;19,1;18;15,6;15;85;79;79;191;1,3;,8;
2022/08/17;1100 UTC;0;984,5;984,5;983,7;532,7;24,1;14,1;24,2;18,8;18,3;14,1;82;54;54;15;7,2;1,6;
2022/08/17;1200 UTC;0;984,9;985;984,5;1290,8;28,2;11,7;28,2;24,2;14,7;11,4;54;36;36;56;5,9;2,7;
2022/08/17;1300 UTC;0;985,1;985,2;984,9;1934,4;31,2;11,9;31,5;28,2;12,4;10,7;36;30;31;32;7,9;4,4;
2022/08/17;1400 UTC;0;984,6;985,1;984,5;2141,2;32,6;11,7;33,1;31,1;12,7;11,7;31;28;28;46;8,3;3,5;
2022/08/17;1500 UTC;0;983,9;984,5;983,9;2107,7;34,2;11,3;34,5;32,5;12,8;10,6;29;24;25;55;8,3;3,6;
2022/08/17;1600 UTC;0;982,9;983,9;982,9;2021;34,9;7,6;35,4;33,8;11,4;7,6;25;18;19;57;9,4;3;
2022/08/17;1700 UTC;0;981,8;982,9;981,8;1841,9;36,1;8,7;36,1;34,3;9,2;7,3;20;18;19;58;8,7;3;
2022/08/17;1800 UTC;0;980,8;981,8;980,8;1668,5;35,3;8,8;36,2;35,2;9,8;8,4;21;19;20;39;6,6;2,3;
2022/08/17;1900 UTC;0;980,5;980,8;980,5;1425,6;35,6;7,6;36,2;35,1;9,7;7,6;21;18;18;36;6,1;2,8;
2022/08/17;2000 UTC;0;980,8;980,8;980,4;1074,5;35;7,5;35,8;34,9;8,4;6,6;20;17;18;79;6,4;2,2;
2022/08/17;2100 UTC;0;981,1;981,1;980,8;393,5;31,7;11,4;35;31,7;11,4;7,3;29;18;29;56;4;,4;
2022/08/17;2200 UTC;0;981,6;981,6;981,1;;27;11,1;31,7;26,9;13,4;10,9;41;29;37;217;1,1;,7;
2022/08/17;2300 UTC;0;982,1;982,1;981,6;;25,1;12,8;27,1;25,1;13;11,2;47;37;46;172;1,8;,3;
2022/08/18;0000 UTC;0;982,6;982,6;982,1;;23,4;13,9;25,2;23,4;13,9;12,3;55;46;55;215;1,7;,5;
2022/08/18;0100 UTC;0;983,1;983,1;982,6;;23,8;13,9;23,8;22,8;14,6;13,9;59;54;54;16;2,6;1,4;
2022/08/18;0200 UTC;0;983,2;983,3;983,1;;22,8;13,6;24,2;22,7;14,4;13,5;59;52;56;257;2,2;,2;
2022/08/18;0300 UTC;0;982,9;983,2;982,9;;21,2;14,3;22,8;21,2;14,4;13,5;64;56;64;45;2,3;,7;
2022/08/18;0400 UTC;0;982,6;983;982,6;;21,8;14,8;22,1;20,7;15,5;13,1;70;59;65;107;3,9;1,2;
2022/08/18;0500 UTC;0;982;982,6;982;;20,7;14,1;21,8;20,7;14,8;13,7;67;61;66;54;2,7;,6;
2022/08/18;0600 UTC;0;981,7;982;981,7;;20,2;14;20,7;20,1;14,4;13,9;69;66;67;356;2,1;,9;
2022/08/18;0700 UTC;0;981,5;981,7;981,5;;19,1;14;20,3;19;14;13,6;72;67;72;328;2,2;1;
2022/08/18;0800 UTC;0;981,7;981,7;981,5;;18,3;13,6;19,4;18,3;14;13,4;74;70;74;341;2;,8;
2022/08/18;0900 UTC;0;982,4;982,4;981,7;;17,1;13,7;18,4;17;13,8;13,2;80;74;80;264;1,9;1;
2022/08/18;1000 UTC;0;983;983;982,4;87,7;18,9;14,6;18,9;16,8;14,6;13,7;83;76;76;247;2,8;1,5;
2022/08/18;1100 UTC;0;984,4;984,4;983;537,2;24;14,8;24;18,9;15,8;14,3;76;56;56;143;5,8;1,4;
2022/08/18;1200 UTC;0;984,8;984,8;984,3;1294,1;28;13,4;28,1;24;15,4;13,4;57;41;41;71;3,5;1,8;
2022/08/18;1300 UTC;0;985,5;985,6;984,8;1932,4;31,1;10,9;31,2;28;14,1;10,9;42;29;29;54;8,6;3,8;
2022/08/18;1400 UTC;0;985,3;985,6;985,2;2144,7;32,5;11,3;32,9;30,8;11,7;10,2;29;26;27;28;8,6;3,1;
2022/08/18;1500 UTC;0;984,4;985,3;984,4;2105,3;33,4;10,5;33,7;32,2;11,4;10,2;27;24;25;44;7,5;2,6;
2022/08/18;1600 UTC;0;983,3;984,4;983,3;1981,6;34,2;9,6;35,2;33,4;10,8;9;25;21;22;360;7,7;2,8;
2022/08/18;1700 UTC;0;982,4;983,3;982,4;1827,6;35;9,2;35,7;34,2;10,3;8,2;23;20;21;19;6,2;2,8;
2022/08/18;1800 UTC;0;981,7;982,4;981,7;1654,7;35,3;8,5;35,8;34,5;9,5;8,4;21;19;19;341;6,2;2,3;
2022/08/18;1900 UTC;0;981,4;981,7;981,4;1419,7;35,6;9;35,9;34,7;9,4;8,2;21;19;20;118;6,2;1,6;
2022/08/18;2000 UTC;0;981,5;981,5;981,3;1060,8;35,1;9;35,6;34,5;9,4;8,6;21;20;20;319;4,5;1,3;
2022/08/18;2100 UTC;0;982;982;981,5;380,2;31,9;13;35,1;31,9;13;8,6;32;20;32;342;3,4;,8;
2022/08/18;2200 UTC;0;982,7;982,7;982;;27,3;12,7;31,9;27,2;15;12,4;45;32;41;238;1,7;1,4;
2022/08/18;2300 UTC;0;983,6;983,6;982,7;;25;14,8;27,2;24,5;16,1;13,1;55;41;53;226;2;1;
2022/08/19;0000 UTC;0;984,5;984,5;983,6;;22,4;14,8;25,3;22,4;15;14,1;62;50;62;74;1,8;,8;
2022/08/19;0100 UTC;0;984,9;984,9;984,5;;22,2;16,1;23,5;21,8;17,2;14,9;69;62;69;330;2,6;,9;
2022/08/19;0200 UTC;0;985,4;985,4;984,9;;22;17,1;22,6;21,4;17,2;15,3;74;64;74;154;5,3;1;
2022/08/19;0300 UTC;0;985,2;985,5;985,2;;22;16,2;23,4;21,9;17,1;15,4;74;61;70;86;3,2;,4;
2022/08/19;0400 UTC;0;985;985,3;984,9;;20,3;15,9;22,2;20,3;16,2;15,4;76;67;76;184;2,5;,8;
2022/08/19;0500 UTC;0;984,6;985;984,6;;19,8;16,3;20,6;19,4;16,3;15,4;81;74;80;143;2,2;1;
2022/08/19;0600 UTC;0;984,4;984,7;984,4;;19,9;15,9;20;19,2;16,5;15,6;81;78;78;150;1,7;,5;
2022/08/19;0700 UTC;0;984,6;984,6;984,3;;19,3;16;19,9;18,1;16,4;15,2;86;76;81;104;2,8;1,2;
2022/08/19;0800 UTC;0;984,5;984,6;984,3;;18,1;14,8;19,3;18,1;15,8;14,7;81;79;81;154;2,1;,7;
2022/08/19;0900 UTC;0;985;985;984,5;;18;14,4;18,8;18;15,4;14,4;82;78;79;140;1,5;,3;
2022/08/19;1000 UTC;0;985,8;985,8;985;87;20,1;14,2;20,1;17,8;14,9;14,1;83;69;69;136;1,9;,8;
2022/08/19;1100 UTC;0;986,4;986,4;985,8;496,4;24,2;15,4;24,2;20,1;16,2;14,2;69;58;58;110;4,3;2,2;
2022/08/19;1200 UTC;0;986,6;986,7;986,4;1222,1;29,5;13,4;29,5;24,2;15,9;13,2;59;37;37;102;4;2;
2022/08/19;1300 UTC;0;986,8;986,8;986,6;1882,7;32,9;9,5;33;29,5;13,4;9,5;37;24;24;91;5,4;3;
2022/08/19;1400 UTC;0;986,5;986,8;986,5;2112,3;34,4;8,9;34,5;32,8;9,7;8,7;24;21;21;102;5,4;3,1;
2022/08/19;1500 UTC;0;985,4;986,5;985,4;2083;34,8;8,5;35,6;34;9,8;8,3;23;19;20;103;5,6;2;
2022/08/19;1600 UTC;0;984,4;985,4;984,4;1955,1;35,2;7,6;36,7;34,7;9,7;7,5;21;18;18;81;6;2,4;
2022/08/19;1700 UTC;0;983,3;984,4;983,3;1820,6;35,8;6,9;37;35,2;8,4;6,9;19;17;17;81;6,9;1,8;
2022/08/19;1800 UTC;0;982,5;983,3;982,5;1656,5;36,5;7,9;37,2;35,8;8,3;6,3;18;15;17;117;9,4;3,3;
2022/08/19;1900 UTC;0;982,1;982,5;982,1;1421,6;36,2;5,7;36,8;36;8,6;5,4;18;15;15;167;6,7;3,3;
2022/08/19;2000 UTC;0;982,2;982,2;982,1;987,3;35,2;7;36,3;35,1;7,2;5,3;18;15;18;167;7,6;2,8;
2022/08/19;2100 UTC;0;982,5;982,5;982,2;286,6;32,6;8,1;35,2;32,6;8,2;7;22;18;22;158;4,9;1,7;
2022/08/19;2200 UTC;0;982,8;982,8;982,5;;27,2;10,9;32,6;27;11,6;8,2;39;22;36;197;2,8;1,1;
2022/08/19;2300 UTC;0;983,2;983,2;982,8;;25,1;11,3;28,3;25,1;11,6;9,6;42;31;42;216;2,5;1,9;
2022/08/20;0000 UTC;0;983,5;983,5;983,2;;24;12,4;25,1;23,4;12,8;10,3;50;42;48;222;2,5;,6;
2022/08/20;0100 UTC;0;984;984;983,5;;22,7;13,3;24;22,3;13,6;11,3;57;47;55;221;3;,8;
2022/08/20;0200 UTC;0;983,9;984;983,9;;21,7;13,4;22,7;21,3;13,4;12,7;60;53;59;210;1,5;,9;
2022/08/20;0300 UTC;0;983,9;984;983,8;;20,7;14,2;21,7;20,4;14,4;13,4;67;59;66;83;3,4;,9;
2022/08/20;0400 UTC;0;983,4;983,9;983,4;;21,3;16,1;21,7;20,7;16,1;14,3;72;66;72;63;1,7;1,1;
2022/08/20;0500 UTC;0;982,9;983,6;982,9;;22,2;14,7;22,9;21,3;16,5;14,4;73;59;63;180;2,8;1,2;
2022/08/20;0600 UTC;0;982,4;982,9;982,4;;23,2;13,7;23,2;22,1;15,1;13,7;63;55;55;150;2,3;1,3;
2022/08/20;0700 UTC;0;982,5;982,5;982,3;;22,8;12,9;24;22,8;14,1;12,7;58;50;54;154;4,1;1,6;
2022/08/20;0800 UTC;0;982,7;982,7;982,4;;21,5;12,2;23,3;21,5;12,9;12,1;56;50;56;154;3,1;1,6;
2022/08/20;0900 UTC;0;983,5;983,5;982,7;;22,1;11,8;22,5;21,4;12,3;11,7;56;51;52;138;4,2;1,5;
2022/08/20;1000 UTC;0;984,8;984,8;983,5;78,2;22,1;11,8;22,1;20,2;13;11,7;63;52;52;123;4,3;1,8;
2022/08/20;1100 UTC;0;985,6;985,6;984,8;542;26,2;10,3;26,2;22,2;11,8;10,2;52;37;37;114;7,3;4,1;
2022/08/20;1200 UTC;0;986,3;986,3;985,5;1312,3;29,1;9,5;29,1;26,2;10,5;9;37;29;29;101;13;6,4;
2022/08/20;1300 UTC;0;987;987;986,3;1953,3;30,1;9,4;30,5;28,9;9,7;9;29;27;28;74;13,9;5,4;
2022/08/20;1400 UTC;0;986,8;987;986,7;2160,6;31,9;9,6;32;30,1;10,2;9,4;28;25;25;99;11,6;5,3;
2022/08/20;1500 UTC;0;986,2;986,8;986,2;2121,3;33,1;9,9;33,6;31,7;10,2;9,2;26;24;24;117;10,2;4,8;
2022/08/20;1600 UTC;0;985;986,2;985;1981,5;33,3;8,8;34,1;32,7;10,1;8,8;25;22;22;107;9,9;5,2;
2022/08/20;1700 UTC;0;984;985;984;1825,9;34,2;7,3;34,8;33,2;9,6;7,2;23;19;19;104;10,2;4,2;
2022/08/20;1800 UTC;0;983,2;984;983,1;1682,9;34,5;6,6;35,1;33,7;7,8;6,3;20;17;18;127;9,7;4,1;
2022/08/20;1900 UTC;0;983,1;983,2;983;1440,1;33,9;6,5;34,7;33,9;7;5,6;19;17;18;104;8,6;3,5;
2022/08/20;2000 UTC;0;983,3;983,3;983;1036,3;33,3;6,7;34,3;33,2;7,9;6,5;20;18;19;118;7,8;4,2;
2022/08/20;2100 UTC;0;983,9;983,9;983,3;302,8;31,1;8,2;33,3;31,1;8,2;6,6;24;19;24;142;7,8;2,1;
2022/08/20;2200 UTC;0;984,6;984,6;983,9;;29;9,2;31,1;28,6;9,3;8,2;30;24;29;156;3,8;1,8;
2022/08/20;2300 UTC;0;985,4;985,4;984,6;;27,5;9;29;27,3;9,3;8,8;32;29;31;139;3,9;1,8;
2022/08/21;0000 UTC;0;986,2;986,2;985,4;;25,1;12,4;27,7;24,6;12,6;9;46;31;45;118;3,7;1,3;
2022/08/21;0100 UTC;0;986,6;986,6;986,2;;24,2;11,6;25,1;24,2;12,5;11,6;46;45;45;141;3,3;1,4;
2022/08/21;0200 UTC;0;986,9;986,9;986,6;;23,3;12,1;24,2;22,5;13,1;11,6;53;45;49;138;2,7;1,3;
2022/08/21;0300 UTC;0;987;987;986,9;;24;10,5;24;23,3;12,1;10,4;49;42;42;142;3,2;1,3;
2022/08/21;0400 UTC;0;986,4;987;986,4;;25,5;8,2;25,5;24;10,3;8,1;42;33;33;161;6,5;3,6;
2022/08/21;0500 UTC;0;986,2;986,5;986,2;;24,1;9,7;25,7;24,1;9,7;8,2;40;33;40;133;7,5;1,7;
2022/08/21;0600 UTC;0;986,3;986,3;986,1;;24,3;9,6;24,4;23,1;10,2;9,6;44;39;39;150;5,3;2,9;
2022/08/21;0700 UTC;0;986,1;986,3;986,1;;23,9;10;24,8;23,9;10,2;9;42;37;41;151;8,4;3,5;
2022/08/21;0800 UTC;0;986,4;986,4;986;;23,5;10,9;24,1;23,5;11,2;9,9;46;41;45;133;9;4,5;
2022/08/21;0900 UTC;0;986,9;987;986,4;;22,6;11,4;23,5;22,6;11,4;10,8;49;45;49;141;9;3,1;
2022/08/21;1000 UTC;0;987,7;987,7;986,9;77,2;22,5;12,2;22,6;22,3;12,2;11,4;52;49;52;120;7,4;2,5;
2022/08/21;1100 UTC;0;988,2;988,3;987,7;528,5;24,8;12,2;24,8;22,5;12,5;12,1;52;45;45;108;8,7;4,7;
2022/08/21;1200 UTC;0;988,6;988,7;988,2;1270,1;27,1;11,7;27,4;24,8;12,4;11,7;45;38;39;116;13,1;5,1;
2022/08/21;1300 UTC;0;988,9;988,9;988,6;1924,6;29,3;11,7;29,3;27;12,1;11,1;39;33;34;109;11,9;5,8;
2022/08/21;1400 UTC;0;988,6;989;988,6;2138,6;30,1;11,4;30,4;28,6;12;11,1;34;32;32;92;12,3;6;
2022/08/21;1500 UTC;0;987,5;988,6;987,5;2119,3;31,4;11;31,4;29,5;12;10,5;32;28;28;100;11,7;5,2;
2022/08/21;1600 UTC;0;986,3;987,6;986,3;1992,2;32;9,8;32,8;31,1;11;9,5;28;25;25;92;10,5;4,7;
2022/08/21;1700 UTC;0;985,3;986,4;985,3;1864,1;32,9;8,1;33,2;32;10,2;7,4;26;20;22;113;9,4;4,5;
2022/08/21;1800 UTC;0;984,4;985,3;984,4;1762,7;33,4;7,6;33,5;32,4;9;6,6;23;19;20;124;9,5;3,5;
2022/08/21;1900 UTC;0;984,2;984,4;984;1360,9;33;8,3;33,8;31,8;8,5;6,9;22;20;22;135;7,7;3,2;
2022/08/21;2000 UTC;0;984,3;984,3;984,1;965,4;32;7,8;33;31,7;8,5;7,4;23;21;22;117;7,9;4,2;
2022/08/21;2100 UTC;0;984,7;984,7;984,3;411,7;30,2;7,9;32;30,2;8;6,9;25;21;25;114;7,9;2,3;
2022/08/21;2200 UTC;0;985,2;985,2;984,7;;27,4;8,9;30,1;27,4;8,9;7,8;31;25;31;151;4,4;1,2;
2022/08/21;2300 UTC;0;985,7;985,7;985,2;;24,4;9,7;27,4;24,4;10;8,9;40;31;39;199;2,2;1,2;
2022/08/22;0000 UTC;0;986,1;986,2;985,7;;22,5;11,9;24,4;22;11,9;9,9;51;39;51;215;2,3;,6;
2022/08/22;0100 UTC;0;986,7;986,7;986,1;;21,7;13,6;22,8;21;13,6;11,5;60;49;60;119;2,9;,8;
2022/08/22;0200 UTC;0;986,9;986,9;986,7;;19,9;13,3;22;19,7;14,3;12,6;70;57;66;262;1,8;,3;
2022/08/22;0300 UTC;0;986,9;987;986,9;;19,1;13,4;19,9;19;14,1;13,4;71;66;69;172;1,8;1,2;
2022/08/22;0400 UTC;0;986,6;986,9;986,6;;20,1;13,1;20,3;19,1;13,6;12,7;70;63;64;129;2,9;1,1;
2022/08/22;0500 UTC;0;986;986,6;985,9;;21,9;10,5;21,9;20;13,1;10,5;64;48;48;153;4,1;2,1;
2022/08/22;0600 UTC;0;985,9;986;985,8;;18,5;11,9;21,9;18,2;12,8;10,4;68;48;66;86;3,9;1,1;
2022/08/22;0700 UTC;0;985,8;985,9;985,5;;19,1;10,8;20,7;18,5;11,7;10,2;65;52;59;83;3;1,5;
2022/08/22;0800 UTC;0;986,1;986,2;985,7;;20,3;9,6;20,5;19,1;11;9,5;59;49;50;142;4,4;2,1;
2022/08/22;0900 UTC;0;986,4;986,4;986;;22,1;9,5;22,4;20,3;9,8;9,5;50;44;45;146;5,5;2,4;
2022/08/22;1000 UTC;0;987,7;987,7;986,4;91,9;21,5;10,7;22,1;20,9;10,7;9,4;51;45;50;100;4,5;1,5;
2022/08/22;1100 UTC;0;988,3;988,3;987,7;566,1;24,3;11,1;24,3;21,4;11,2;10,5;51;44;44;126;6;3;
2022/08/22;1200 UTC;0;988,8;988,9;988,3;1355,1;26,2;12,1;26,4;24,2;12,3;11;44;41;42;121;10,9;5,4;
2022/08/22;1300 UTC;0;988,7;988,9;988,7;1974,2;28;11,6;28,6;26,2;12,3;11,4;42;35;36;115;11,4;4,7;
2022/08/22;1400 UTC;0;988;988,7;988;2160,4;30;11,1;30,4;28;11,8;11;36;31;31;107;10,2;4,7;
2022/08/22;1500 UTC;0;986,8;988;986,8;2116,7;30,6;11,1;31,2;29,3;11,9;11;33;30;30;90;9;4,4;
2022/08/22;1600 UTC;0;985,3;986,8;985,3;1938,1;31,4;10,4;32,5;30;11,8;10,1;31;27;27;108;9,7;3,9;
2022/08/22;1700 UTC;0;984,1;985,3;984,1;1881,6;31,6;9,6;33,1;31;11,3;9,6;28;25;26;135;8,6;4,6;
2022/08/22;1800 UTC;0;983,4;984,1;983,3;1278,9;31,3;9,4;33,4;30,7;10,6;8,8;27;23;26;114;8,2;3,6;
2022/08/22;1900 UTC;0;983,2;983,4;983;929,3;31,6;9,1;32,9;31;9,7;8,6;26;23;25;126;9,5;2,9;
2022/08/22;2000 UTC;0;983,4;983,4;983,1;457,2;30,6;9,7;31,8;30,6;9,7;8,7;27;24;27;156;7,8;3,8;
2022/08/22;2100 UTC;0;983,8;983,8;983,4;135,7;29,7;10,5;30,7;29,7;10,6;9,7;31;27;31;146;7;3,2;
2022/08/22;2200 UTC;0;984,6;984,6;983,8;;28,5;10,7;29,6;28,5;10,7;10,4;33;31;33;149;5,2;1,8;
2022/08/22;2300 UTC;0;985,4;985,4;984,6;;28;11;28,5;27,9;11,1;10,7;35;33;35;161;3,3;1,7;
2022/08/23;0000 UTC;0;985,6;985,6;985,4;;27,4;10,9;28;27,4;11,1;10,9;36;35;36;159;3,3;1,6;
2022/08/23;0100 UTC;0;986,1;986,1;985,6;;26,4;11,7;27,4;26,2;11,7;10,8;40;35;40;148;3,4;1,3;
2022/08/23;0200 UTC;0;986;986,1;986;;24,6;12,7;26,4;24,6;12,9;11,7;47;40;47;147;2,6;,9;
2022/08/23;0300 UTC;0;985,6;986,1;985,6;;23,2;13,5;24,8;23,1;13,6;12,6;54;47;54;188;2,8;1,7;
2022/08/23;0400 UTC;0;985,4;985,6;985,4;;24,3;13,6;24,7;23,2;13,6;12,7;55;47;51;143;3,5;1,2;
2022/08/23;0500 UTC;0;985,1;985,4;985,1;;24,1;12,4;24,3;23,1;13,6;12,2;55;48;48;147;4;2,4;
2022/08/23;0600 UTC;0;985,2;985,3;985,1;;23,4;11,4;24,1;22,7;13,2;11,4;55;47;47;133;4,7;1,9;
2022/08/23;0700 UTC;0;985,1;985,2;984,9;;23,4;10;23,9;23,3;11,3;9,2;47;40;42;134;5,4;2,2;
2022/08/23;0800 UTC;0;985,7;985,7;985,1;;22,6;10,3;23,5;22,5;10,3;9,8;46;42;46;145;5,1;2,9;
2022/08/23;0900 UTC;0;986,6;986,6;985,6;;21,8;10;22,6;21,7;10,4;10;48;45;47;149;5,9;2,9;
2022/08/23;1000 UTC;0;987,3;987,3;986,6;83,1;22,7;9,8;22,7;21,6;10,2;9,8;48;44;44;137;6,5;3,4;
2022/08/23;1100 UTC;0;988;988;987,3;549,6;24,6;10;24,6;22,7;10,1;9,7;44;39;40;130;8;4,5;
2022/08/23;1200 UTC;0;988,7;988,7;988;1242,8;26,2;10,6;26,6;24,6;11;9,8;40;37;37;115;10,1;5,3;
2022/08/23;1300 UTC;0;988,7;988,9;988,7;1855,7;28,8;11,2;28,9;26,3;11,4;10,5;37;33;34;112;9,6;4,8;
2022/08/23;1400 UTC;0;988,2;988,8;988,2;2083,9;30,5;11,3;30,7;28,7;11,8;10,7;34;31;31;98;9,7;4,2;
2022/08/23;1500 UTC;0;987,1;988,1;987,1;2065,2;31,3;10,9;31,9;30,1;11,7;10,9;31;28;29;115;11,3;4,2;
2022/08/23;1600 UTC;0;985,8;987,1;985,8;1890,1;32,2;10,8;32,8;31,2;11,6;10,3;29;26;27;99;8,3;3;
2022/08/23;1700 UTC;0;984,4;985,8;984,4;1816,2;33,5;10,1;34,1;32,1;11,4;10;28;24;24;105;8,2;3,7;
2022/08/23;1800 UTC;0;983,5;984,4;983,5;1718,6;34,4;10,1;34,4;32,6;10,5;9,4;25;23;23;69;7,5;2;
2022/08/23;1900 UTC;0;983,2;983,5;983,2;1325,2;33,2;9,6;34,4;32,3;10,1;9,3;25;22;24;69;6,9;2,1;
2022/08/23;2000 UTC;0;983,4;983,4;983,1;1150,2;33,2;10,1;33,9;32,9;10,4;9,2;25;23;24;133;5,4;2,5;
2022/08/23;2100 UTC;0;983,7;983,7;983,4;375,9;30,9;11,1;33,2;30,9;11,1;9,7;30;24;30;144;5,2;1,4;
2022/08/23;2200 UTC;0;984,1;984,1;983,7;;28,5;11,4;30,9;28,3;11,5;11,1;35;30;35;144;2,5;1,2;
2022/08/23;2300 UTC;0;984,7;984,7;984,1;;25,3;12,4;28,5;25,3;12,9;11,4;45;35;45;190;2,1;,8;
2022/08/24;0000 UTC;0;985,3;985,3;984,7;;24,2;13,2;25,3;24,2;13,2;12,4;50;45;50;182;1,8;,9;
2022/08/24;0100 UTC;0;985,6;985,6;985,3;;23,7;14;24,2;23,2;14,1;13,1;55;50;55;178;2;1,3;
2022/08/24;0200 UTC;0;985,7;985,8;985,6;;22,6;14,8;23,7;22,5;14,9;13,9;62;54;62;200;2,4;1,2;
2022/08/24;0300 UTC;0;985,5;985,7;985,5;;21,8;14,6;22,6;21,8;15;14,5;65;62;64;190;1,9;1;
2022/08/24;0400 UTC;0;984,9;985,5;984,9;;20,9;15,1;21,8;20,8;15,1;14,5;70;64;70;150;1,6;1,1;
2022/08/24;0500 UTC;0;984,5;984,9;984,5;;20,5;15,5;20,9;19,9;15,6;14,8;75;69;73;146;1,6;,9;
2022/08/24;0600 UTC;0;984,3;984,5;984,2;;20,3;14,7;20,9;20,3;15,5;14,6;73;69;70;141;2,2;1,1;
2022/08/24;0700 UTC;0;984,5;984,5;984,2;;22;15,1;22;20,3;15,1;14,1;70;63;65;149;3;2;
2022/08/24;0800 UTC;0;984,7;984,7;984,4;;22,3;13;22,3;22;15,1;13;65;56;56;150;3,3;2,1;
2022/08/24;0900 UTC;0;985,5;985,5;984,7;;20,5;13;22,4;20,5;13;12,6;62;54;62;138;3,5;1;
2022/08/24;1000 UTC;0;986,9;986,9;985,5;34,1;21,6;12,9;21,6;20,2;13,8;12,8;65;58;58;117;3,6;1,9;
2022/08/24;1100 UTC;0;987,7;987,7;986,9;490,5;25,1;12,8;25,1;21,6;13,6;12,6;58;46;46;113;4,4;2,3;
2022/08/24;1200 UTC;0;988,1;988,1;987,7;1333,6;29;11;29,2;25,1;13;10,7;46;32;33;115;8;4,3;
2022/08/24;1300 UTC;0;988,3;988,3;988,1;1958,9;30,8;10,3;31,2;29,1;11,2;10,3;33;28;28;97;8,8;4,6;
2022/08/24;1400 UTC;0;988;988,3;987,9;2154,1;32;10,4;32,3;30,6;11;10;29;26;26;91;8,8;3,9;
2022/08/24;1500 UTC;0;986,9;988;986,9;2072,4;33,2;10,8;33,3;31,6;11;10;27;25;25;91;8;2,9;
2022/08/24;1600 UTC;0;985,8;986,9;985,8;1936,7;34,2;10,1;34,7;32,8;10,8;9,8;25;23;23;116;8,1;3,6;
2022/08/24;1700 UTC;0;984,8;985,8;984,8;1796,8;34,2;9,7;35,3;33,7;11;9,6;24;22;22;97;7,8;2,4;
2022/08/24;1800 UTC;0;984;984,8;984;1638,7;34,9;9,7;35,2;34;10,3;9,7;23;21;22;88;6,7;2,7;
2022/08/24;1900 UTC;0;983,5;984;983,5;1415,1;35,2;10,1;35,6;34,2;10,4;8,9;23;20;22;92;5,5;2,4;
2022/08/24;2000 UTC;0;983,6;983,6;983,5;1065,5;34;10,2;35,5;34;10,7;9,4;24;21;23;156;5,5;3,5;
2022/08/24;2100 UTC;0;983,9;984;983,6;386,2;32,4;10,7;34,2;32,4;10,8;10,1;27;23;26;158;5,5;2,4;
2022/08/24;2200 UTC;0;984,3;984,3;983,9;;29,3;11,3;32,4;29,3;11,3;10,7;33;26;33;168;4,1;1,3;
2022/08/24;2300 UTC;0;984,9;984,9;984,3;;26,8;12,4;29,3;26,8;12,4;11,3;41;33;41;205;2,3;1,4;
2022/08/25;0000 UTC;0;985,4;985,4;984,9;;24,9;13,3;26,7;24,8;13,4;12,4;49;41;48;198;1,9;,9;
2022/08/25;0100 UTC;0;985,7;985,7;985,4;;24,1;13,5;25,1;24,1;13,5;13,1;52;47;52;180;1,4;,9;
2022/08/25;0200 UTC;0;985,5;985,7;985,4;;23;14,9;24,1;22,6;14,9;13,5;61;52;61;191;1,8;1,4;
2022/08/25;0300 UTC;0;985,2;985,5;985,2;;22,7;15;23,1;22,4;15,4;14,9;64;60;62;163;2,3;1;
2022/08/25;0400 UTC;0;984,5;985,2;984,5;;22,1;15,4;22,7;20,8;16;15;71;62;66;123;2,3;1,1;
2022/08/25;0500 UTC;0;984;984,5;984;;22,8;13,6;23,2;21,8;15,4;13,6;66;55;56;129;2,8;1,4;
2022/08/25;0600 UTC;0;983,9;984;983,8;;22,9;13,6;22,9;21,4;14,3;13,6;63;56;56;139;2,7;1,5;
2022/08/25;0700 UTC;0;983,8;983,9;983,7;;22,8;13,1;23,2;22,5;13,5;12,9;56;53;54;132;2,9;1,5;
2022/08/25;0800 UTC;0;984,2;984,2;983,8;;20,4;14,3;22,9;20,4;14,6;13,1;68;54;68;100;2,9;,8;
2022/08/25;0900 UTC;0;985,1;985,1;984,2;;21,2;13,5;21,9;19,8;14,4;13,4;71;59;61;94;3;1,4;
2022/08/25;1000 UTC;0;985,9;985,9;985,1;88,8;22,7;13,5;22,7;21,1;13,5;13,1;62;56;56;92;3,4;1,3;
2022/08/25;1100 UTC;0;986,7;986,7;985,9;568,4;25,9;13,4;25,9;22,7;14;12,7;57;45;46;122;4,7;2,2;
2022/08/25;1200 UTC;0;987,5;987,5;986,7;1357,6;29,9;11,3;29,9;26;13,3;11,3;46;32;32;98;8,5;4,2;
2022/08/25;1300 UTC;0;987,5;987,7;987,4;1971,1;30,8;10,7;31,3;29,8;11,5;10,5;32;29;29;62;10,3;4,9;
2022/08/25;1400 UTC;0;987;987,5;987;2154,6;32,3;10,5;32,8;30,7;11,1;10,3;29;26;26;107;10,3;5,1;
2022/08/25;1500 UTC;0;986;987;985,9;2103,2;33,4;10,7;33,9;32,3;11,5;10,1;27;24;25;79;9,7;3,6;
2022/08/25;1600 UTC;0;985,1;986;985,1;1949,7;35,2;10,2;35,3;33,3;11;9,8;25;22;22;113;8,5;3,5;
2022/08/25;1700 UTC;0;984,2;985,1;984,2;1803,8;35,4;9,7;35,5;34;10,6;9,3;23;21;21;120;7;2,6;
2022/08/25;1800 UTC;0;983,2;984,2;983,2;1606,8;35,9;9,9;36,1;34,7;9,9;9;22;20;21;96;7;1,6;
2022/08/25;1900 UTC;0;983,1;983,2;983;1140,5;35,3;8,7;36,3;34,2;10,1;8,1;23;19;20;191;7,3;2,5;
2022/08/25;2000 UTC;0;983,5;983,5;983,1;1089,1;34,8;8,7;35,5;34,6;8,7;7,6;20;19;20;168;5,5;1,9;
2022/08/25;2100 UTC;0;984;984;983,5;390,6;32,4;9,8;34,8;32,4;9,8;8;25;20;25;141;4,4;1;
2022/08/25;2200 UTC;0;984,4;984,4;984;;27,3;11,8;32,4;27,3;12,7;9,9;38;25;38;212;1,5;,9;
2022/08/25;2300 UTC;0;985;985;984,4;;25,6;13,1;27,3;25,6;13,6;11,9;46;38;46;145;1,2;,5;
2022/08/26;0000 UTC;0;985,4;985,4;985;;23,8;13,4;25,6;23,8;13,8;13,1;52;46;52;131;,9;,6;
2022/08/26;0100 UTC;0;985,7;985,7;985,4;;23,3;14,8;24,1;23,3;15,2;13,6;60;52;59;177;1,1;,5;
2022/08/26;0200 UTC;0;985,8;985,8;985,6;;22,7;14,4;23,5;22,5;15,2;14,1;61;58;59;146;1,6;,9;
2022/08/26;0300 UTC;0;985,7;985,9;985,7;;22,2;13,8;22,9;21,8;14,5;13,6;61;58;59;162;1,9;1,1;
2022/08/26;0400 UTC;0;985;985,7;985;;20,6;13,8;22,2;20,6;14,1;13,5;65;59;65;145;1,5;,7;
2022/08/26;0500 UTC;0;984,7;985;984,6;;20,8;14,5;21,4;20,1;14,7;14;70;65;67;123;2,4;,6;
2022/08/26;0600 UTC;0;984,3;984,8;984,3;;22,3;12,7;22,5;20,2;15,7;12,7;74;54;55;124;3;1,7;
2022/08/26;0700 UTC;0;984,5;984,5;984,3;;22;12,3;22,4;21,6;12,7;12,3;56;53;54;129;3,8;1,5;
2022/08/26;0800 UTC;0;984,8;984,8;984,5;;22,2;11,6;22,5;22;12,3;11,6;54;51;51;144;2,8;1,4;
2022/08/26;0900 UTC;0;985,3;985,3;984,7;;22,5;11,1;22,7;21,9;11,5;11,1;52;48;48;145;2,8;1,4;
2022/08/26;1000 UTC;0;985,7;985,7;985,3;90,6;23,3;12,6;23,3;22;12,8;11,1;53;48;51;140;3,3;1,3;
2022/08/26;1100 UTC;0;986,8;986,8;985,7;569,6;26;12,3;26;23,3;12,8;11,2;51;42;43;63;3,6;1,3;
2022/08/26;1200 UTC;0;987,5;987,5;986,8;1354,9;29,7;9,7;29,8;25,9;12,8;9,5;43;29;29;85;8;3,8;
2022/08/26;1300 UTC;0;987,6;987,7;987,4;1980,8;31;8,8;31,3;29,5;10;8,8;29;25;25;67;9,7;4,6;
2022/08/26;1400 UTC;0;987,1;987,6;987,1;2160,9;32,2;9;32,6;30,9;9,6;8,6;26;24;24;71;9,3;4,3;
2022/08/26;1500 UTC;0;986,2;987,1;986,2;2104;33,7;9,1;33,9;31,9;9,8;8,7;25;22;22;64;9,2;3,7;
2022/08/26;1600 UTC;0;984,9;986,2;984,9;1956,7;33,9;9;34,8;32,7;9,7;8,3;23;21;22;92;7,6;3,7;
2022/08/26;1700 UTC;0;983,7;985;983,6;1814,8;34,7;8,7;35,5;34;9,4;8,1;22;19;20;67;7,1;3,4;
2022/08/26;1800 UTC;0;982,7;983,7;982,7;1648;35;7,6;35,8;34,4;9;7,4;21;18;19;113;7;2;
2022/08/26;1900 UTC;0;982,2;982,7;982,2;1419,2;35,3;7,8;35,8;34,6;8,3;7;20;18;18;120;6,4;3,1;
2022/08/26;2000 UTC;0;982,6;982,6;982,3;1065,5;34,4;7,8;35,7;34,2;8,1;7,2;20;18;19;154;6,6;3,7;
2022/08/26;2100 UTC;0;982,7;982,8;982,5;384,4;32,5;8,4;34,4;32,5;8,4;7,5;23;19;23;161;6;1,9;
2022/08/26;2200 UTC;0;982,9;982,9;982,7;;27,5;11,9;32,5;27,3;12;8,5;39;23;38;71;2,9;,6;
2022/08/26;2300 UTC;0;983,2;983,2;982,9;;25,9;12,5;27,6;25;12,9;11,2;46;37;44;126;1,8;,6;
2022/08/27;0000 UTC;0;983,8;983,8;983,2;;24,7;13,2;25,9;24,3;13,4;12,5;50;44;49;40;1,3;,5;
2022/08/27;0100 UTC;0;984,2;984,2;983,8;;23,6;13;24,8;23,6;13,3;12,8;52;48;52;125;1,7;,7;
2022/08/27;0200 UTC;0;984,5;984,5;984,2;;22,6;14;23,6;22,5;14,3;12,9;59;52;58;150;1,6;,6;
2022/08/27;0300 UTC;0;984,3;984,5;984,2;;21,6;13,7;22,9;21,6;14,1;13;61;56;61;88;1,7;,3;
2022/08/27;0400 UTC;0;983,8;984,3;983,8;;20,5;13,5;21,8;20,2;13,8;13,2;65;59;64;202;2,5;1,1;
2022/08/27;0500 UTC;0;983,5;984;983,5;;19,8;14,2;20,5;19,8;14,5;13,6;71;64;70;89;2;,7;
2022/08/27;0600 UTC;0;983,2;983,6;983,2;;21,5;13,1;21,7;19,8;14,6;13,1;71;58;59;110;3,2;1,3;
2022/08/27;0700 UTC;0;982,8;983,2;982,8;;19,7;14,2;21,5;19,4;14,2;13,2;70;59;70;121;2,3;,8;
2022/08/27;0800 UTC;0;983;983;982,8;;21,5;11,9;21,5;19,4;14,4;11,9;71;54;55;138;3,4;1,2;
2022/08/27;0900 UTC;0;983,8;983,8;983;;21,2;11,5;22;21,1;11,9;11,4;55;51;54;89;4,2;1,1;
2022/08/27;1000 UTC;0;984,7;984,7;983,8;94,8;21,6;12,3;21,6;19,3;12,5;11,2;65;52;56;115;2,3;,5;
2022/08/27;1100 UTC;0;985,6;985,6;984,7;576,2;25,3;12,1;25,3;21,6;12,9;11,2;56;41;44;105;2,5;1,3;
2022/08/27;1200 UTC;0;986,3;986,3;985,6;1368,6;28,5;10,9;28,7;25,3;12,6;10,3;44;33;33;82;7,5;3,8;
2022/08/27;1300 UTC;0;986,5;986,6;986,3;1977,4;30,4;10,8;30,5;28,6;11,4;10,3;34;29;30;64;8,6;4,2;
2022/08/27;1400 UTC;0;986,2;986,6;986,2;2158,5;32;10;32,2;30,5;11,1;9,8;30;25;26;86;9,3;4,6;
2022/08/27;1500 UTC;0;985,2;986,2;985,1;2112,2;33,2;10,1;33,9;31,9;10,9;9,3;26;23;24;68;10,8;3,7;
2022/08/27;1600 UTC;0;983,9;985,2;983,9;1959,8;34,5;9,1;34,8;32,7;10,3;8,5;24;20;21;100;8,1;4;
2022/08/27;1700 UTC;0;983;983,9;983;1834,4;34,8;7,4;35,4;34;9;7;22;18;19;67;7,5;2,5;
2022/08/27;1800 UTC;0;982;983;982;1666,3;34,9;7,4;35,7;34,6;8;6,6;19;17;18;108;7,5;3;
2022/08/27;1900 UTC;0;981,5;982;981,4;1437;34,9;7;35,5;34,6;7,7;6,7;18;17;18;132;7,5;2,8;
2022/08/27;2000 UTC;0;981,7;981,7;981,5;1087,8;34,2;7,3;35,1;34,2;7,3;6;19;17;19;147;6,9;3;
2022/08/27;2100 UTC;0;982;982;981,7;389;32,2;8,2;34,3;32,2;8,3;7,2;23;19;23;156;6,5;2,6;
2022/08/27;2200 UTC;0;982,5;982,5;982;;29,7;9,6;32,2;29,7;9,6;8,3;29;23;29;168;4,7;1,6;
2022/08/27;2300 UTC;0;982,9;982,9;982,5;;26,7;10,1;29,7;26,6;10,4;9,6;36;29;35;203;2,8;1,3;
2022/08/28;0000 UTC;0;983,5;983,5;982,9;;24,9;11,2;26,7;24,9;11,2;10;42;35;42;140;2,3;1;
2022/08/28;0100 UTC;0;983,9;983,9;983,5;;23,1;12,9;24,9;22,8;12,9;11,2;53;42;53;172;2,1;1,3;
2022/08/28;0200 UTC;0;984,1;984,1;983,8;;22,3;13,3;23,3;22,3;13,6;12,8;57;52;57;202;2,2;1,4;
2022/08/28;0300 UTC;0;984,1;984,2;984;;20,3;13,6;22,3;20,3;14,1;13,4;65;57;65;192;3,2;,9;
2022/08/28;0400 UTC;0;984,1;984,2;983,9;;19,8;15,2;20,9;19,7;15,2;13,5;74;64;74;91;4,2;1,2;
2022/08/28;0500 UTC;0;983,4;984,1;983,4;;19,8;15,1;20,7;19,5;15,5;14,5;75;71;74;187;4,2;,7;
2022/08/28;0600 UTC;0;983,3;983,4;983,2;;19,1;14;19,9;19,1;15,1;13,9;74;71;72;132;1,3;,8;
2022/08/28;0700 UTC;0;983,4;983,5;983,3;;19,6;13,8;19,6;18,6;15,5;13,4;78;69;69;188;2,1;1,1;
2022/08/28;0800 UTC;0;983,9;983,9;983,4;;20,5;12,1;20,8;19,5;13,6;12,1;69;58;59;162;2,9;1,3;
2022/08/28;0900 UTC;0;984,5;984,5;983,9;;19;12,6;20,6;19;12,9;11,9;67;58;67;133;2,3;,9;
2022/08/28;1000 UTC;0;985,5;985,5;984,5;103,7;21,6;11,7;21,6;18,6;13,8;11,3;73;52;53;160;3,5;1,5;
2022/08/28;1100 UTC;0;986,4;986,4;985,5;592;25,2;11,1;25,2;21,6;11,8;10,6;53;41;41;118;4;2,2;
2022/08/28;1200 UTC;0;987,2;987,2;986,4;1411,5;30;10;30;25,2;11,9;9,2;41;29;29;70;7,5;3,7;
2022/08/28;1300 UTC;0;987,7;987,8;987,2;2018,3;31,5;9,4;31,7;29,6;10;9,2;29;25;26;66;7,7;4,2;
2022/08/28;1400 UTC;0;987,5;987,7;987,5;2181,5;32,7;9;33,1;31,5;10,1;8,6;26;23;23;62;8,1;4,1;
2022/08/28;1500 UTC;0;986,4;987,6;986,4;2114,9;33,9;8,6;34,4;32,5;9,9;8,3;24;21;21;80;8;3,6;
2022/08/28;1600 UTC;0;985,5;986,4;985,5;1951,4;34,2;7,4;35;33,7;9;7;21;18;19;95;7,7;2,8;
2022/08/28;1700 UTC;0;984,4;985,5;984,4;1811;35,2;7,2;35,8;34,2;8,2;7;20;18;18;114;7,1;2,5;
2022/08/28;1800 UTC;0;983,6;984,4;983,5;1612,6;36,4;7,2;36,6;34,9;8,2;5,6;18;15;17;133;6,8;2,8;
2022/08/28;1900 UTC;0;983,3;983,6;983,3;1429,9;34,5;6,5;36,5;34,5;7,4;5,9;18;16;18;143;8,6;4,4;
2022/08/28;2000 UTC;0;983,4;983,4;983,2;1081,1;34,2;7,7;35,1;34,1;8,4;6,7;21;18;20;139;8,1;3,4;
2022/08/28;2100 UTC;0;983,3;983,4;983,3;385,7;32,1;9,2;34,3;32,1;9,2;7,3;24;19;24;139;8,1;1,5;
2022/08/28;2200 UTC;0;983,5;983,5;983,3;;26,8;12,2;32,1;26,8;12,3;9,2;40;24;40;209;2,9;,5;
2022/08/28;2300 UTC;0;983,9;983,9;983,5;;24,9;12,7;26,8;24,7;12,7;12,2;47;40;47;13;1,3;,9;
2022/08/29;0000 UTC;0;984,4;984,4;983,9;;23,6;13,1;25;23,6;13,1;12,1;52;45;52;59;1,3;,5;
2022/08/29;0100 UTC;0;984,8;984,8;984,4;;21,9;12,9;23,5;21,9;13,2;11,6;57;48;57;141;1,3;,3;
2022/08/29;0200 UTC;0;984,9;984,9;984,7;;21,3;14,7;22,2;21;16,2;12,9;70;56;66;210;3,1;1,9;
2022/08/29;0300 UTC;0;984,7;984,9;984,7;;20,5;13;21,9;20,5;14,8;13;67;58;62;221;3,2;1,9;
2022/08/29;0400 UTC;0;983,7;984,7;983,7;;20;13,7;21,1;20;13,7;12,9;67;60;67;42;3,2;,8;
2022/08/29;0500 UTC;0;983,2;983,7;983,1;;18,7;13,7;20,3;18,7;15,1;13,5;74;66;73;163;3;1,3;
2022/08/29;0600 UTC;0;982,8;983,2;982,7;;18,7;14,3;19,5;18,3;14,6;13,6;76;73;76;264;3;,6;
2022/08/29;0700 UTC;0;982,8;983;982,8;;18,5;13,4;19,1;17,6;14,2;13,3;79;70;72;67;2,6;1,2;
2022/08/29;0800 UTC;0;982,8;982,9;982,7;;21,5;11,5;21,6;18,3;13,4;11,5;72;53;53;114;3,3;1,6;
2022/08/29;0900 UTC;0;983,4;983,4;982,8;;22,1;10,4;22,1;20,9;11,5;10,4;53;47;47;140;5,5;2,5;
2022/08/29;1000 UTC;0;984,4;984,4;983,4;98,5;22,7;10,7;22,7;21,1;11;10,3;52;47;47;160;5,5;,9;
2022/08/29;1100 UTC;0;985,4;985,4;984,4;587,5;26,8;9,9;27;22,7;10,7;9,8;47;34;35;139;4,5;2,2;
2022/08/29;1200 UTC;0;986;986;985,4;1405;31;9,2;31;26,8;10,6;9;35;26;26;117;6,1;2,8;
2022/08/29;1300 UTC;0;986,5;986,5;986;2018,2;32,9;8,3;33,6;30,8;9,2;7,8;26;21;22;118;7,7;3,7;
2022/08/29;1400 UTC;0;986,1;986,5;986,1;2190,6;34,6;7,3;34,6;32,6;8,6;7,3;22;19;19;105;7,7;3,5;
2022/08/29;1500 UTC;0;984,9;986,1;984,9;2115,6;35,4;6,6;36,2;34,1;8,1;5,8;20;16;17;115;7,3;3,6;
2022/08/29;1600 UTC;0;983,9;984,9;983,9;2028,8;36,1;5,1;36,7;35,1;6,6;4,3;17;14;15;139;8,6;4,1;
2022/08/29;1700 UTC;0;983;983,9;983;1694,1;36,1;4,8;37;35,1;5,6;4,6;15;14;14;144;8,1;3,5;
2022/08/29;1800 UTC;0;982,3;983;982,2;1669,7;36;5;36,8;35,5;5,4;4,4;15;14;15;68;9,6;3,2;
2022/08/29;1900 UTC;0;981,7;982,3;981,7;1421,8;35,9;4,8;36,7;35,2;5,4;4,3;15;14;15;123;6,9;3;
2022/08/29;2000 UTC;0;981,9;981,9;981,6;1101,9;35,2;5,9;36,3;35,2;6;4,7;16;14;16;123;5,7;2,5;
2022/08/29;2100 UTC;0;982;982;981,9;348,1;33,1;8;35,2;33,1;8,3;6;21;16;21;129;4,6;,8;
2022/08/29;2200 UTC;0;982,5;982,5;982;;28,2;11;33,1;28,1;11,2;7,5;35;21;34;200;2,5;,8;
2022/08/29;2300 UTC;0;983;983;982,5;;26,8;10,8;28,4;26,5;11,2;9,4;38;32;37;217;2,2;1,2;
2022/08/30;0000 UTC;0;983,7;983,7;983;;23,2;12,2;27;23,2;12,4;10,4;50;35;50;142;2,9;,6;
2022/08/30;0100 UTC;0;984,3;984,3;983,7;;22,7;13,4;23,6;22,6;14,7;11,9;59;50;56;353;3,5;,5;
2022/08/30;0200 UTC;0;984,5;984,6;984,3;;21,9;12,4;22,7;21;13,5;11,3;60;51;55;191;1,4;,7;
2022/08/30;0300 UTC;0;984,4;984,6;984,4;;21,7;11,7;22,1;20,6;12,7;10,6;60;49;53;206;2;1;
2022/08/30;0400 UTC;0;984,2;984,5;984,2;;21;14,7;21,7;20,3;16,1;11,7;72;53;67;149;2,2;,8;
2022/08/30;0500 UTC;0;984;984,2;983,9;;19,1;13,9;21,7;19,1;15,2;13,8;72;64;72;168;2,5;1,2;
2022/08/30;0600 UTC;0;983,6;984;983,6;;19,8;13,8;20,5;19,1;14,2;13,7;72;66;68;136;2,6;,4;
2022/08/30;0700 UTC;0;983,4;983,6;983,3;;20,7;12,4;20,8;19;14,7;12,3;73;58;59;109;2,5;1,5;
2022/08/30;0800 UTC;0;983,3;983,4;983,2;;20,4;11,6;21,4;20,4;12,2;11,2;59;53;57;139;2,5;1;
2022/08/30;0900 UTC;0;984,1;984,1;983,3;;21,2;10,6;22,1;20,2;11,8;10,2;58;48;51;125;2,7;1,6;
2022/08/30;1000 UTC;0;984,9;984,9;984,1;94,4;22,1;10,8;22,1;21;11;10,5;51;48;49;124;3;1;
2022/08/30;1100 UTC;0;985,8;985,8;984,9;593,9;25,8;10,7;25,8;22,1;11,1;10,4;49;39;39;124;4,6;2,8;
2022/08/30;1200 UTC;0;986,5;986,5;985,9;1363;29,8;8,3;30,1;25,8;10,6;8,2;39;26;26;104;9,3;4,8;
2022/08/30;1300 UTC;0;986,8;986,9;986,5;1996,7;32;7,5;32,1;29,7;8,8;7,4;27;22;22;90;10,6;5,4;
2022/08/30;1400 UTC;0;986,2;986,8;986,2;2191,9;34;7,7;34,2;32;7,9;7,2;22;19;20;113;10,2;4,8;
2022/08/30;1500 UTC;0;985,4;986,2;985,3;2122,2;35,1;6,5;35,8;33,5;8;6;20;16;17;95;9,5;3,4;
2022/08/30;1600 UTC;0;984,3;985,4;984,3;1973,7;35,2;4,1;36,5;34,8;6,7;3,9;17;14;14;107;10,1;3,8;
2022/08/30;1700 UTC;0;983;984,3;983;1837,3;35,6;4,1;36,1;34,7;5;3,8;15;14;14;67;8,6;3,4;
2022/08/30;1800 UTC;0;982;983;981,7;1671,6;35,6;3,7;36,3;34,9;4,6;3,1;15;13;14;132;9,6;3;
2022/08/30;1900 UTC;0;981,4;982;981,3;1420,6;35,8;4,7;36,5;35,2;4,8;3,1;15;13;15;94;7,6;2,2;
2022/08/30;2000 UTC;0;981,6;981,6;981,4;1024,8;34,9;6,5;35,9;34,8;6,6;4,6;18;15;17;65;5,1;2;
2022/08/30;2100 UTC;0;982;982;981,6;345,5;32,6;6,8;35;32,6;6,8;5,6;20;17;20;111;5,4;1,3;
2022/08/30;2200 UTC;0;982,5;982,5;982;;28,4;9,1;32,6;28,2;9,5;6,8;31;20;30;170;2,1;1;
2022/08/30;2300 UTC;0;983,3;983,3;982,5;;26,6;8,9;29,3;26,6;10,2;7,9;36;26;33;135;3;1;
2022/08/31;0000 UTC;0;983,9;983,9;983,3;;24,9;10,5;26,5;24,6;11,1;8,9;41;33;40;135;3,3;1,1;
2022/08/31;0100 UTC;0;984,3;984,3;983,9;;26,7;8,5;26,8;24,2;11;7,6;42;30;32;123;3,4;1,6;
2022/08/31;0200 UTC;0;984,9;984,9;984,3;;24,7;8,8;26,9;24,7;8,9;7,9;37;30;37;108;4,1;1,1;
2022/08/31;0300 UTC;0;985;985;984,8;;24,2;9,8;25;23,2;10,1;9;42;36;40;159;3,7;2;
2022/08/31;0400 UTC;0;984,6;985;984,6;;24,9;11,1;25,3;24,2;11,5;9,7;43;38;42;159;4,5;2,5;
2022/08/31;0500 UTC;0;984,2;984,6;984,1;;25,4;11,2;25,5;24,7;11,4;10,9;43;41;41;150;5,7;3;
2022/08/31;0600 UTC;0;984,3;984,4;984,2;;23,5;11,1;25,7;23,1;11,6;10,6;48;39;46;110;5,9;1,4;
2022/08/31;0700 UTC;0;984,2;984,3;984,2;;25,2;10,7;25,4;23,5;11,2;10,3;46;39;40;142;7,6;4,3;
2022/08/31;0800 UTC;0;985;985;984,1;;22,9;10,9;25,2;22,9;11;10,6;47;40;47;92;7,6;1,6;
2022/08/31;0900 UTC;0;986,1;986,1;985;;23;11,1;23,6;23;11,2;10,9;47;45;47;131;5,8;2,7;
2022/08/31;1000 UTC;0;986,9;986,9;986,1;97,1;23,4;12,1;23,6;23;12,1;11,2;49;47;49;111;5,8;1,8;
2022/08/31;1100 UTC;0;987,6;987,6;986,9;592,7;26,2;12,5;26,3;23,4;12,8;12,1;49;42;42;117;7,2;3,5;
2022/08/31;1200 UTC;0;988,2;988,2;987,6;1409,6;28,4;12,3;28,5;26,1;12,7;11,9;43;37;37;111;11;4,1;
2022/08/31;1300 UTC;0;988,7;988,7;988,2;2037,1;29,8;11,6;30;27,9;12,2;11,1;38;32;33;102;8,8;4,3;
2022/08/31;1400 UTC;0;988,2;988,7;988,2;2259,9;31,2;11,2;31,3;29,5;11,9;10,8;33;29;29;117;8,9;4,5;
2022/08/31;1500 UTC;0;987,2;988,2;987,1;2207,7;32,5;10,6;33,2;30,8;11,7;10,4;30;25;26;102;9,1;3,7;
2022/08/31;1600 UTC;0;985,9;987,1;985,9;2055,9;33,7;9,8;34,3;32,3;11;9,6;26;22;23;117;8,6;4,2;
2022/08/31;1700 UTC;0;984,7;985,9;984,7;1873,1;34,2;7,3;35;33,4;10,1;7,3;23;19;19;108;8,5;3,3;
2022/08/31;1800 UTC;0;983,5;984,7;983,5;1678,8;35;6,4;35,4;33,7;8,5;4,9;20;15;17;127;7,4;2,8;
2022/08/31;1900 UTC;0;983;983,5;983;1416,6;34,5;6,8;35,3;34;7;4,5;19;15;18;141;6,3;2,4;
2022/08/31;2000 UTC;0;982,8;983;982,8;1049,3;33,7;6,7;35,1;33,7;7,4;5,5;19;17;19;123;5,9;2,7;
2022/08/31;2100 UTC;0;983;983;982,8;352,7;31,5;8,3;33,9;31,5;8,3;6,4;24;18;24;148;5,3;2,1;
2022/08/31;2200 UTC;0;983,4;983,4;983;;29,4;8,6;31,5;29,4;8,8;8,2;27;24;27;148;3,9;1,9;
2022/08/31;2300 UTC;0;983,9;983,9;983,4;;27,9;8,8;29,4;27,9;8,8;8,4;30;27;30;148;3,9;1,6;
2022/09/01;0000 UTC;0;984,3;984,3;983,9;;24,6;10,4;27,9;24,1;10,9;8,8;43;30;41;90;3,4;1,5;
2022/09/01;0100 UTC;0;984,5;984,5;984,3;;24,6;10,8;25,9;24;10,9;10;43;37;42;174;4,3;1,2;
2022/09/01;0200 UTC;0;984,9;984,9;984,5;;23,1;11,3;25,2;22,5;11,6;10,7;50;41;48;173;3,6;,9;
2022/09/01;0300 UTC;0;984,9;985;984,9;;22,4;11,4;23,1;22,2;11,7;11,2;50;48;50;161;2,3;1,3;
2022/09/01;0400 UTC;0;984,6;984,9;984,6;;23,6;10,9;23,6;21,9;11,7;10,9;52;45;45;145;3,6;2,1;
2022/09/01;0500 UTC;0;984,1;984,6;984,1;;21;11,6;23,6;20,9;11,7;10,9;56;45;55;163;3,6;1,4;
2022/09/01;0600 UTC;0;984,1;984,2;984,1;;21,4;11,6;21,5;20,5;11,8;11,2;57;54;54;155;3,2;2;
2022/09/01;0700 UTC;0;983,9;984,2;983,9;;21,4;10,7;21,7;21,3;11,7;10,5;54;49;50;146;3,2;1,8;
2022/09/01;0800 UTC;0;984,2;984,2;983,9;;21,2;10,6;21,4;20,8;11,2;10,6;54;50;51;138;3,6;1,8;
2022/09/01;0900 UTC;0;984,6;984,6;984,2;;21,4;9,9;21,4;20,2;10,7;9,8;54;48;48;116;6,3;3,4;
2022/09/01;1000 UTC;0;985,3;985,3;984,6;93,6;21,7;10,2;21,7;21,1;10,2;9,8;49;47;48;123;6,4;2,5;
2022/09/01;1100 UTC;0;986,2;986,2;985,3;595;24,4;8,8;24,5;21,7;10,2;8,8;48;37;37;122;8,3;4,1;
2022/09/01;1200 UTC;0;986,8;986,8;986,2;1420,6;27;7,5;27,2;24,4;8,7;7,5;37;29;29;114;10,4;4,4;
2022/09/01;1300 UTC;0;987,1;987,1;986,8;2059;28,9;7,5;29,2;26,8;8,1;7,2;30;26;26;111;10;4,6;
2022/09/01;1400 UTC;0;986,6;987,1;986,5;2292,6;29,3;7,3;30,2;28,5;8,1;7,2;27;24;25;88;9,8;4,4;
2022/09/01;1500 UTC;0;985,6;986,6;985,6;2243,4;31;8,4;31,1;29,3;8,4;7,3;25;24;25;94;10,5;4,3;
2022/09/01;1600 UTC;0;984,6;985,6;984,6;2089,8;32,5;8,2;32,7;30,5;8,6;7,7;25;22;22;100;8,3;3,6;
2022/09/01;1700 UTC;0;983,5;984,6;983,5;1897,8;33;7,9;34,1;31,6;8,9;7,5;23;20;21;108;8,4;3,8;
2022/09/01;1800 UTC;0;982,6;983,5;982,6;1696,8;33;7,4;33,5;32,1;8,2;7,1;22;20;20;98;8;2,7;
2022/09/01;1900 UTC;0;982,3;982,6;982,2;1438,4;33,1;7,5;33,7;32,6;8,1;6,5;21;19;20;106;7,4;2,7;
2022/09/01;2000 UTC;0;982,2;982,3;982,1;1067;32,2;7,2;33,5;32,2;7,5;6,3;21;19;21;129;6,9;3,7;
2022/09/01;2100 UTC;0;982,4;982,4;982,2;367,1;30,1;8;32,2;30,1;8,2;6,7;25;21;25;128;6,6;2,1;
2022/09/01;2200 UTC;0;982,8;982,8;982,4;;27,5;8;30;27,5;8;7,4;29;25;29;88;3,7;1,4;
2022/09/01;2300 UTC;0;983,4;983,4;982,8;;25,9;8,6;27,5;25,9;8,7;8;34;29;34;92;3,8;1,5;
2022/09/02;0000 UTC;0;984;984;983,4;;24,4;9;25,9;24,4;9;8,5;38;33;38;96;2,8;,8;
2022/09/02;0100 UTC;0;984,2;984,2;984;;23,4;9,7;24,4;22,3;10,1;9;46;38;42;112;2,5;1,3;
2022/09/02;0200 UTC;0;984,2;984,3;984,1;;22,2;9,7;23,4;21,8;10;9,5;47;42;45;105;2,3;1;
2022/09/02;0300 UTC;0;984,1;984,2;984,1;;20,8;10,3;22,2;20,4;10,7;9,8;52;45;51;120;3,5;1,3;
2022/09/02;0400 UTC;0;983,7;984,1;983,7;;21,2;9,6;22,2;20,1;10,4;9,5;53;45;48;148;4,1;1,2;
2022/09/02;0500 UTC;0;983,3;983,7;983,2;;20,9;10,6;21,6;20,4;11;9,7;53;48;52;125;3,9;1,2;
2022/09/02;0600 UTC;0;983,4;983,4;983,2;;19,6;10,4;20,9;19,3;10,6;10,3;56;52;55;136;2,6;,8;
2022/09/02;0700 UTC;0;983,3;983,4;983,3;;20,1;10,6;20,1;19;10,7;10,2;58;54;55;145;2,9;1,6;
2022/09/02;0800 UTC;0;983,8;983,8;983,3;;18,2;10,7;20,1;18,2;11,2;10,6;62;55;62;169;2,9;1,1;
2022/09/02;0900 UTC;0;984,8;984,8;983,9;;19,8;10,1;19,8;17,6;11,2;10,1;65;54;54;120;4,3;2,2;
2022/09/02;1000 UTC;0;985,6;985,6;984,7;116,3;20,6;10,4;20,6;19,2;10,4;9,9;56;52;52;129;4,3;1,1;
2022/09/02;1100 UTC;0;986,3;986,3;985,6;639,7;24,9;10,5;24,9;20,6;10,6;10;52;40;40;113;3,6;1,7;
2022/09/02;1200 UTC;0;987;987;986,3;1497,1;28,2;10,9;28,2;24,9;10,9;10;40;33;34;91;9,3;4,2;
2022/09/02;1300 UTC;0;987,4;987,5;987;2133,5;29,7;10,7;29,8;28;11,2;10,4;34;31;31;92;9,3;4,9;
2022/09/02;1400 UTC;0;987,1;987,5;987;2342;31,4;10,2;31,5;29,4;11,1;10,2;31;27;27;95;8,2;4,2;
2022/09/02;1500 UTC;0;986,4;987,1;986,4;2269,7;33,1;10,1;33,1;30,9;10,7;8,7;28;24;24;67;8,8;3,7;
2022/09/02;1600 UTC;0;985,4;986,4;985,4;2095;33;7,9;33,5;32,3;9,8;7,8;24;21;21;63;7,5;2,1;
2022/09/02;1700 UTC;0;984,3;985,4;984,2;1900,1;33,1;6,8;33,9;32,7;8,8;6,8;22;19;20;93;7,1;2,7;
2022/09/02;1800 UTC;0;983,4;984,3;983,3;1696,6;34,1;8,4;34,5;32,9;8,8;6,9;21;20;21;116;7,1;2;
2022/09/02;1900 UTC;0;983;983,4;983;1434,5;33,7;8,8;35;33,7;8,8;7,2;22;19;22;105;7,1;4;
2022/09/02;2000 UTC;0;983,3;983,3;983;1084,7;33,1;9;34,2;33,1;9,4;8;23;21;23;158;7,1;3,3;
2022/09/02;2100 UTC;0;983,5;983,5;983,3;386,2;31,6;9;33,1;31,6;9,1;8,7;25;22;25;162;6,4;2,2;
2022/09/02;2200 UTC;0;983,8;983,8;983,5;;28,4;9,3;31,7;28,4;9,3;8,9;30;25;30;207;4,4;1,9;
2022/09/02;2300 UTC;0;984,6;984,6;983,8;;25,9;10,2;28,4;25,9;10,3;9,3;37;30;37;197;2,5;1,3;
2022/09/03;0000 UTC;0;985;985;984,6;;24,4;11;25,9;24,2;11,3;10,2;44;37;43;195;2,4;1,1;
2022/09/03;0100 UTC;0;985,2;985,3;985;;22;11,7;24,8;22;12;10,5;53;41;52;193;2;,6;
2022/09/03;0200 UTC;0;985,4;985,4;985,2;;20,6;12,5;22;20,5;12,6;11,5;60;51;60;300;1;,2;
2022/09/03;0300 UTC;0;985,2;985,5;985,2;;19,6;14,3;20,7;19,4;14,3;12,5;71;60;71;209;2,2;1,5;
2022/09/03;0400 UTC;0;984,5;985,2;984,5;;20,5;13,2;20,6;19,6;14,5;13,2;72;63;63;210;2,6;1,9;
2022/09/03;0500 UTC;0;984;984,5;984;;19;13,1;20,6;19;13,1;12,8;69;62;69;226;2,6;,7;
2022/09/03;0600 UTC;0;984;984,1;983,9;;18;13,4;19;18;13,8;13;75;69;74;189;1,4;,8;
2022/09/03;0700 UTC;0;984;984;983,8;;21,1;14,4;21,2;17,3;14,6;13,2;77;65;66;170;4,2;1,7;
2022/09/03;0800 UTC;0;984,5;984,5;984;;20,4;15;21,1;20;15,1;14;72;66;71;146;3,1;1,5;
2022/09/03;0900 UTC;0;985,2;985,2;984,5;;20,8;14,4;20,9;19,8;15,2;14;72;66;67;136;3,5;1,7;
2022/09/03;1000 UTC;0;985,9;985,9;985,2;112,6;22,2;13,1;22,2;19,4;14,3;13,1;72;56;56;151;4,1;1,8;
2022/09/03;1100 UTC;0;986,6;986,6;985,9;630,3;25,7;13,1;25,7;22,2;13,3;12,8;56;45;46;136;6,9;3,2;
2022/09/03;1200 UTC;0;987;987;986,6;1483,4;29,7;11,7;29,7;25,7;13,2;11,3;46;33;33;113;6,5;3,2;
2022/09/03;1300 UTC;0;987,1;987,1;987;2112,1;32;12,6;32;29,4;12,7;11,5;33;31;31;129;6,4;2,7;
2022/09/03;1400 UTC;0;986,6;987,1;986,6;2324,9;33,6;11,7;34,4;31,9;12,7;11,4;31;26;26;99;8,9;3,6;
2022/09/03;1500 UTC;0;985,5;986,6;985,5;2264,7;34,6;10;35,5;32,9;11,9;9,5;27;22;22;112;9,2;4,5;
2022/09/03;1600 UTC;0;984,4;985,5;984,4;2092,4;35,6;8,1;35,9;34,1;10,4;7,6;23;18;19;126;9,2;3;
2022/09/03;1700 UTC;0;983,1;984,4;983,1;1915,4;35;7,4;36,6;34,8;8,6;6,6;19;17;18;43;6,8;3,1;
2022/09/03;1800 UTC;0;982,3;983,1;982,3;1751,7;35,8;6,8;36,4;35;8,5;6,7;19;17;17;18;7,5;2,5;
2022/09/03;1900 UTC;0;982;982,3;981,9;1553,2;36;8,7;36,6;35,5;8,9;6,4;20;16;19;134;7,2;4,1;
2022/09/03;2000 UTC;0;982;982;981,9;769,8;35,5;7,5;36,4;34,7;9,1;7,3;20;18;18;180;6,7;2,3;
2022/09/03;2100 UTC;0;982,3;982,3;982;361,7;33,8;7,6;35,5;33,8;8,3;7;20;18;20;173;4,9;1,2;
2022/09/03;2200 UTC;0;982,9;982,9;982,3;;29,4;10,7;33,8;29,4;11;7,4;31;20;31;202;3;,5;
2022/09/03;2300 UTC;0;983,6;983,6;982,9;;28;10,5;29,4;28;12,4;10,3;37;31;34;175;1,2;,5;
2022/09/04;0000 UTC;0;984;984,1;983,6;;26,2;12,5;28,3;25,1;13,2;9,7;46;31;43;334;2,7;,5;
2022/09/04;0100 UTC;0;984,3;984,4;984;;24,8;13,4;26,2;23,9;13,7;12,3;51;42;49;246;3,2;1;
2022/09/04;0200 UTC;0;984,6;984,6;984,3;;24,4;14;25;23,8;14;13,1;53;48;52;218;1,9;,7;
2022/09/04;0300 UTC;0;984,3;984,6;984,3;;23,6;14,4;24,5;23,2;14,5;13,2;57;49;57;102;2,1;,2;
2022/09/04;0400 UTC;0;983,4;984,3;983,3;;22,8;14,2;23,7;21,9;15,2;13,8;65;55;59;220;2,6;,9;
2022/09/04;0500 UTC;0;982,7;983,4;982,7;;22,5;11,7;23,5;22,5;14,2;11,7;59;50;51;211;3,5;1,6;
2022/09/04;0600 UTC;0;983;983;982,6;;20,6;13,2;22,5;20,6;13,9;11,8;64;51;63;61;4,6;,8;
2022/09/04;0700 UTC;0;982,7;983;982,7;;18,8;12,8;21,4;18,7;13,4;12,4;68;59;68;184;2,7;1,6;
2022/09/04;0800 UTC;0;983;983;982,7;;20,3;12,2;21,2;18,8;13,1;12;68;57;60;137;3;,8;
2022/09/04;0900 UTC;0;983,6;983,6;982,9;;22,2;11;22,8;20,3;12,1;11;60;48;49;129;3,9;1,3;
2022/09/04;1000 UTC;0;984,2;984,2;983,6;117,5;23,1;12,1;23,1;21,8;12,1;11;52;49;50;145;4,4;2,3;
2022/09/04;1100 UTC;0;985,3;985,3;984,2;638,6;25,4;13;25,4;23,1;13,6;11,6;52;45;46;91;4,3;1,3;
2022/09/04;1200 UTC;0;985,9;985,9;985,3;1494,1;30,5;11,2;30,6;25,1;13,5;10,7;48;30;30;104;5,3;2,6;
2022/09/04;1300 UTC;0;986,4;986,5;985,9;2119,8;32,8;10,2;33,1;30,4;11,6;9,8;30;24;25;71;6;3,4;
2022/09/04;1400 UTC;0;985,8;986,4;985,8;2317,5;34,5;9,8;34,9;32,8;10,6;9,7;25;22;22;82;6,9;3,4;
2022/09/04;1500 UTC;0;985;985,8;985;2240,8;35,6;9,9;35,9;33,7;10,5;9,2;23;21;21;87;7,4;2,8;
2022/09/04;1600 UTC;0;983,9;985;983,9;2091,5;36,5;5,5;36,8;35;10,4;5,1;22;15;15;121;8;1,9;
2022/09/04;1700 UTC;0;982,8;983,9;982,8;1927,7;36,9;6,9;37,8;35,9;8,3;5;17;14;16;136;8;3,4;
2022/09/04;1800 UTC;0;981,9;982,8;981,9;1687,9;36,7;7;37,4;36,3;7,6;6;17;15;16;172;6,8;3;
2022/09/04;1900 UTC;0;981,4;981,9;981,4;1413,4;36,7;6,7;37,7;36,5;7,9;6,3;17;15;16;150;6,3;2,6;
2022/09/04;2000 UTC;0;981,6;981,6;981,4;1078,4;36,5;6,6;37,1;36,2;7,4;6,6;17;15;16;126;6,3;2,1;
2022/09/04;2100 UTC;0;982;982;981,6;364,9;34,4;7,5;37;34,4;7,5;6,2;19;15;19;180;4,3;1;
2022/09/04;2200 UTC;0;982,6;982,6;982;;28,8;11,8;34,4;28,8;12;7,7;35;19;35;240;2,1;1,1;
2022/09/04;2300 UTC;0;983,2;983,2;982,6;;25,6;11,9;28,7;25,6;12,4;11,2;43;34;42;45;1,8;,5;
2022/09/05;0000 UTC;0;983,8;983,8;983,2;;25,6;11,7;26,4;24,7;12,9;10,6;48;37;42;219;3,6;1,6;
2022/09/05;0100 UTC;;;;;;;;;;;;;;;;;;
2022/09/05;0200 UTC;0;984,3;984,3;984,1;;22,7;12;23,7;22,2;12,8;11;55;45;51;162;1,9;,4;
2022/09/05;0300 UTC;0;984,1;984,5;984,1;;22,2;14,3;22,9;21,3;14,4;12;61;51;61;212;2,1;1;
2022/09/05;0400 UTC;0;983,6;984,1;983,6;;21,5;13,9;22,2;21,2;14,3;13,8;64;60;62;183;2,5;,7;
2022/09/05;0500 UTC;0;983,1;983,6;983,1;;20,4;15,1;21,5;19,8;16,2;13,7;77;62;72;222;2,3;1,1;
2022/09/05;0600 UTC;0;982,8;983,1;982,8;;20,3;14,1;20,6;19,6;15,8;14,1;76;68;68;160;2,1;1,2;
2022/09/05;0700 UTC;0;983,3;983,3;982,8;;18,7;13,6;20,5;18,5;14,1;13,4;72;66;72;299;2,9;1,3;
2022/09/05;0800 UTC;0;983,6;983,6;983,3;;18,4;14,1;19,5;18,4;14,4;13,8;76;70;76;299;2,9;,7;
2022/09/05;0900 UTC;0;984,4;984,4;983,6;;18,3;13,5;18,4;17,9;14,3;13,4;78;74;74;143;1,2;,7;
2022/09/05;1000 UTC;0;985,3;985,3;984,4;119,2;21,8;14,7;21,8;18,2;14,9;13,4;76;64;64;141;2,9;1,6;
2022/09/05;1100 UTC;0;986,1;986,1;985,3;634,8;28;9,3;28;21,8;14,6;9,3;64;31;31;113;6,7;3,2;
2022/09/05;1200 UTC;0;986,9;986,9;986,1;1472,9;30,9;8,1;31,1;28;9,1;7,6;31;24;24;113;8,9;4,6;
2022/09/05;1300 UTC;0;987,2;987,3;986,9;2095,3;33;10,7;33,2;30,7;10,8;8,1;26;24;26;86;10,3;5,1;
2022/09/05;1400 UTC;0;986,9;987,2;986,9;2300,2;34,2;11,6;34,8;32,7;11,8;10,4;26;24;25;94;10,4;4,5;
2022/09/05;1500 UTC;0;985,9;986,9;985,9;2231,5;35,5;11,2;35,6;33,7;12;10,9;26;23;23;75;10,4;4,9;
2022/09/05;1600 UTC;0;984,8;986;984,7;2064,9;35,9;9,8;36,7;34,9;11,4;9,3;24;20;20;99;9,9;4,8;
2022/09/05;1700 UTC;0;983,6;984,8;983,6;1875,1;36,9;9,7;37,6;36;10,2;8,4;20;18;19;63;8;3,5;
2022/09/05;1800 UTC;0;982,6;983,6;982,6;1736,9;37,3;8;37,7;36,2;9,8;7,9;19;17;17;111;7,8;2,9;
2022/09/05;1900 UTC;0;982,2;982,6;982,1;1426,6;36,3;8,1;37,8;36;8,9;7,2;18;16;18;108;6,5;3,2;
2022/09/05;2000 UTC;0;982,5;982,5;982,1;1067;36,5;7,8;37,3;36,2;8,2;7,3;18;16;17;84;5,5;1,8;
2022/09/05;2100 UTC;0;983;983;982,5;364,2;34,2;9,2;36,7;34,2;9,3;7,3;22;17;22;158;4;1,5;
2022/09/05;2200 UTC;0;983,8;983,8;983;;29,5;10,8;34,2;29,5;11,7;9,1;32;21;31;201;2,3;,9;
2022/09/05;2300 UTC;0;984,4;984,4;983,8;;26,7;12,2;29,5;26,7;12,2;10,5;41;31;41;214;2,2;1,7;
2022/09/06;0000 UTC;;;;;;;;;;;;;;;;;;
2022/09/06;0100 UTC;0;985,4;985,5;985;;24,2;13,3;26,4;24,1;13,8;11,8;53;40;51;142;1,6;,8;
2022/09/06;0200 UTC;0;985,8;985,8;985,4;;24,3;14,8;24,5;22,9;15,5;13,3;61;50;55;173;2,5;1,2;
2022/09/06;0300 UTC;0;985,5;985,9;985,5;;22,7;14;24,3;22,6;14,8;14;58;54;58;195;1,6;1;
2022/09/06;0400 UTC;0;985;985,5;985;;26,6;11,6;26,6;22,3;14,2;11,5;61;39;39;151;4,6;2,8;
2022/09/06;0500 UTC;0;984,6;985;984,6;;26,9;7,8;26,9;26,4;11,5;7,8;39;30;30;143;5,9;2,8;
2022/09/06;0600 UTC;0;984,4;984,7;984,4;;25,6;7,2;27;25;8,8;7,2;36;30;31;140;5;2,7;
2022/09/06;0700 UTC;0;984,6;984,6;984,3;;25,1;5,2;26,1;25,1;7,1;5;31;26;28;125;4,6;1,9;
2022/09/06;0800 UTC;0;985;985;984,6;;24,8;4;25,1;24,4;5,4;4;29;26;26;126;5,7;3,2;
2022/09/06;0900 UTC;0;986,1;986,1;985;;24,4;3,8;25;23,9;4,3;3,8;28;26;26;132;6;2,5;
2022/09/06;1000 UTC;0;987;987;986,1;108,2;25;4,6;25,1;24,4;4,6;3,7;27;25;27;123;6,1;3;
2022/09/06;1100 UTC;0;987,8;987,8;987;659,4;27,8;5,8;27,8;25;6,1;4,4;27;24;25;101;7,3;3,6;
2022/09/06;1200 UTC;0;988,4;988,4;987,8;1451,1;30,3;9,3;30,6;27,8;9,5;5,7;27;24;27;99;9,8;5,1;
2022/09/06;1300 UTC;0;988,5;988,7;988,3;2096,1;31,4;9,5;31,8;30,1;10,2;9;27;26;26;92;10,9;5,1;
2022/09/06;1400 UTC;0;987,9;988,6;987,8;2316,8;32,5;8,6;33,3;31,2;10,2;8,6;26;23;23;100;10,1;5,2;
2022/09/06;1500 UTC;0;987,2;987,9;987,2;2255,5;34,4;8,9;34,6;32,4;9,7;8,3;24;21;21;87;10,3;3,6;
2022/09/06;1600 UTC;0;986;987,2;985,9;2094,7;34,9;8,4;35;33,7;8,9;7,7;21;19;20;106;9,3;5,2;
2022/09/06;1700 UTC;0;984,6;986;984,6;1892,2;35,4;7,8;36,4;34,8;8,6;5,9;20;15;18;117;9,4;3,4;
2022/09/06;1800 UTC;0;983,5;984,6;983,5;1683,8;35,9;5,1;36,6;35,3;8,4;4,4;19;14;15;100;9;4,1;
2022/09/06;1900 UTC;0;983,2;983,6;983,1;1414,9;36,1;4,9;36,6;35,6;5,6;4,7;15;14;15;124;7,5;3,3;
2022/09/06;2000 UTC;0;983,4;983,4;983,2;1030,2;35,2;6;36,2;35,1;6,2;4,5;17;14;16;137;6,5;3,6;
2022/09/06;2100 UTC;0;983,8;983,8;983,4;235,6;32,9;6,5;35,3;32,9;7;5,5;19;16;19;148;6,5;2,1;
2022/09/06;2200 UTC;0;984,2;984,2;983,8;;28,1;8;32,9;28,1;8,4;6,5;28;19;28;207;3,9;,9;
2022/09/06;2300 UTC;0;984,7;984,7;984,2;;25,6;9,5;28,1;25,4;11;8,5;40;28;36;184;1,2;,6;
2022/09/07;0000 UTC;0;985,2;985,2;984,7;;24,2;11,1;25,7;24,2;11,2;9,1;44;35;44;211;2,1;,9;
2022/09/07;0100 UTC;0;985,5;985,5;985,2;;22,5;11,4;24,2;22,5;11,4;9,2;50;41;50;124;1,5;,4;
2022/09/07;0200 UTC;0;985,6;985,7;985,5;;21,6;12,5;22,6;21,5;13;10,9;56;49;56;107;1,4;,7;
2022/09/07;0300 UTC;0;985,6;985,8;985,5;;23,1;11,4;23,7;21,6;14,4;11,3;63;46;48;113;3,5;1;
2022/09/07;0400 UTC;0;984,9;985,6;984,9;;23,5;10,3;23,8;23;11,4;10,3;48;43;43;139;3,5;1,7;
2022/09/07;0500 UTC;0;984,8;984,9;984,8;;22,8;10,7;23,8;21,2;11,8;10;55;42;46;158;3,4;1,9;
2022/09/07;0600 UTC;0;984,3;984,8;984,3;;23,3;12;23,5;22,7;12;10,7;49;46;49;143;3,8;1,7;
2022/09/07;0700 UTC;0;984,6;984,6;984,2;;22,2;10,5;23,3;21,4;13,1;10,4;59;47;48;131;3,9;1,4;
2022/09/07;0800 UTC;0;984,9;984,9;984,5;;22,9;9,1;23;22,1;10,6;9;48;41;41;123;5,1;2,1;
2022/09/07;0900 UTC;0;985,7;985,7;984,9;;21,9;9,9;22,9;21,9;9,9;9,1;47;41;47;113;4;1,6;
2022/09/07;1000 UTC;0;986,4;986,4;985,6;50,6;21,9;11,7;22;21,5;11,7;9,9;52;47;52;128;3,3;1,5;
2022/09/07;1100 UTC;0;986,8;986,8;986,4;322,7;23,6;13,6;23,8;21,6;13,7;11,7;55;50;54;72;3;1,3;
2022/09/07;1200 UTC;0;987;987,1;986,8;584,9;27,6;11,7;27,6;23,6;13,3;11,6;53;37;37;94;8,6;4,1;
2022/09/07;1300 UTC;0;987;987,1;987;1321,5;30;10,9;30,6;27,7;11,7;10,6;37;30;31;83;10;4,9;
2022/09/07;1400 UTC;0;986,8;987,2;986,7;2157,3;31,2;10,5;31,9;30;11,3;10,2;31;27;28;85;9,7;4,6;
2022/09/07;1500 UTC;0;985,8;986,8;985,8;1671,1;32,9;10,7;33;31,2;11,2;10,1;28;25;26;93;8,2;2,8;
2022/09/07;1600 UTC;0;984,5;985,8;984,5;2168,8;34,4;9,8;35,1;32,3;11,2;9,4;26;22;22;63;7,4;3,4;
2022/09/07;1700 UTC;0;983,3;984,5;983,3;1556,8;33,7;9,5;35,2;33,6;9,9;8,6;23;21;23;72;7;2,6;
2022/09/07;1800 UTC;0;982,2;983,3;982,2;886,4;35;10;35;33,6;10,3;9,1;24;21;22;83;4,6;1,2;
2022/09/07;1900 UTC;0;981,5;982,2;981,5;1343,9;35,2;7,9;35,7;34,3;9,7;7,6;22;18;19;111;5,1;2,9;
2022/09/07;2000 UTC;0;981,5;981,5;981,3;1036,6;35;8,7;35,6;34,3;9;7,4;21;18;20;103;5,1;1,7;
2022/09/07;2100 UTC;0;981,9;981,9;981,4;326,8;32,4;10,7;35;32,4;11,2;8,2;27;20;26;112;3,7;,9;
2022/09/07;2200 UTC;0;982,5;982,5;981,9;;26,7;13,8;32,4;26,7;13,9;10,6;45;27;45;5;1,4;,4;
2022/09/07;2300 UTC;0;983,2;983,2;982,5;;24,2;13,4;26,9;24,1;13,8;12,2;51;41;51;89;2,9;1,1;
2022/09/08;0000 UTC;0;983,4;983,4;983,2;;24,2;13,6;25,3;24,1;13,8;13,1;53;47;52;28;2,9;,3;
2022/09/08;0100 UTC;0;983,5;983,7;983,4;;22,7;13,7;24,2;22,3;13,7;12,6;57;50;57;199;2,7;1,9;
2022/09/08;0200 UTC;0;983,6;983,7;983,5;;21,9;14;23,3;21,9;14;13,5;61;55;61;126;2,7;,7;
2022/09/08;0300 UTC;0;983,3;983,6;983,3;;22;14,6;22,5;21,8;15,3;13,7;65;60;63;162;1,6;1;
2022/09/08;0400 UTC;0;982,9;983,3;982,9;;22;14,3;22,2;21,8;14,6;14;63;60;62;183;2;1;
2022/09/08;0500 UTC;0;982,5;982,9;982,5;;21,6;13,8;22,1;20,6;15,3;13,8;71;60;61;157;3,1;,9;
2022/09/08;0600 UTC;0;982,3;982,5;982,3;;23,8;13,4;23,8;20,9;14,8;13,4;66;52;52;151;4,1;2,3;
2022/09/08;0700 UTC;0;982,3;982,3;982,3;;23,3;13,8;24,3;23,3;13,9;13;56;50;55;140;4,8;1,7;
2022/09/08;0800 UTC;0;982,6;982,7;982,3;;21,9;14,4;23,5;21,9;14,4;13,6;62;54;62;127;3,6;1;
2022/09/08;0900 UTC;0;983,4;983,4;982,6;;23,1;13;23,1;21,9;14,4;13;63;53;53;138;3,6;2,1;
2022/09/08;1000 UTC;0;984,7;984,7;983,4;32,4;23;12,7;23,5;22,9;12,9;11,7;53;48;53;124;4,6;1,5;
2022/09/08;1100 UTC;0;985,8;985,8;984,7;213,9;23,6;12,7;23,7;22,9;13;12,1;53;48;50;89;3,1;1;
2022/09/08;1200 UTC;0;986,5;986,5;985,8;1302,3;28,3;10,8;28,6;23,6;12,8;10,6;50;33;34;113;6;2,5;
2022/09/08;1300 UTC;0;986,8;986,9;986,5;2058,3;30;10,2;30,7;28,2;11,1;10;35;29;29;98;9,4;4,6;
2022/09/08;1400 UTC;0;986,2;986,9;986,2;2406,6;32;10,7;32,3;29,8;11;10,2;30;26;27;90;8,8;3,3;
2022/09/08;1500 UTC;0;985,3;986,2;985,3;2367,4;33,8;10,3;34,2;31,7;11,1;9,9;27;24;24;100;7;3;
2022/09/08;1600 UTC;0;984;985,3;984;2223,6;34,5;9,5;35,2;33,1;10,8;9,5;25;22;22;70;7,1;3,5;
2022/09/08;1700 UTC;0;982,8;984;982,8;2102,3;34,8;9,2;35,7;34;10,3;8,7;22;20;21;53;7,1;3;
2022/09/08;1800 UTC;0;981,5;982,8;981,5;1744,8;35,1;8,2;36,5;34,5;9,6;8,2;21;19;19;77;5,9;3,2;
2022/09/08;1900 UTC;0;981;981,5;981;1217,5;35,3;7,7;35,9;34,7;9,6;7,4;21;18;18;134;5,7;2,7;
2022/09/08;2000 UTC;0;981,1;981,1;981;885,3;35,2;8;35,4;34,7;8,4;7,3;19;18;19;84;5,7;1,9;
2022/09/08;2100 UTC;0;981,6;981,6;981,1;393,2;32,4;9,5;35,2;32,4;9,5;7,9;24;19;24;95;4,4;1,3;
2022/09/08;2200 UTC;0;982,1;982,1;981,6;;27,7;11,8;32,4;27,7;11,8;9,5;37;24;37;2;2,8;,7;
2022/09/08;2300 UTC;0;982,6;982,6;982,1;;25,6;12,7;27,7;25,6;12,7;11,4;45;37;45;334;1,7;1,2;
2022/09/09;0000 UTC;0;983,1;983,1;982,6;;23,9;13,3;25,6;23,9;13,4;12,8;51;45;51;11;1,5;,4;
2022/09/09;0100 UTC;0;983,4;983,4;983,1;;22,8;13,7;23,9;22,8;13,8;13,2;57;52;57;38;,6;,3;
2022/09/09;0200 UTC;0;983,2;983,4;983,2;;21,8;13,9;22,8;21,8;14,2;13,5;61;57;61;103;1;,4;
2022/09/09;0300 UTC;0;983,1;983,2;983;;22;14,8;22;21,3;15,4;13,9;68;61;64;97;2,3;,9;
2022/09/09;0400 UTC;0;982,7;983,1;982,7;;22,5;12,7;23,1;22;14,9;12,7;64;52;54;157;3,2;1,5;
2022/09/09;0500 UTC;0;982,1;982,7;982,1;;21,2;12,2;22,5;21,2;12,9;12,1;59;53;56;182;2,7;1;
2022/09/09;0600 UTC;0;982;982,1;982;;23,3;11,8;23,3;21,1;12,3;11,5;56;48;48;147;3,7;1,8;
2022/09/09;0700 UTC;0;982,4;982,4;982;;23,1;11,5;23,5;22,9;11,8;11,4;49;47;48;140;3,9;1,9;
2022/09/09;0800 UTC;0;982,9;982,9;982,3;;22;13,2;23,3;21,9;13,2;11;58;47;58;148;3,5;1,8;
2022/09/09;0900 UTC;0;983,8;983,8;982,9;;20,8;12,9;22;20,2;13,2;12,6;62;57;61;131;2,9;1,2;
2022/09/09;1000 UTC;0;984,9;984,9;983,8;139,3;22,7;11,7;22,7;20,8;12,9;11,5;60;50;50;144;3,8;1,9;
2022/09/09;1100 UTC;0;986;986;984,9;673,9;26,5;12,1;26,5;22,7;12,8;11,3;50;40;41;108;4,4;2,4;
2022/09/09;1200 UTC;0;986,5;986,6;986;1546,8;30,6;9,2;30,7;26,5;12,1;9,2;41;26;27;90;8,1;4,1;
2022/09/09;1300 UTC;0;986,7;986,8;986,5;2168,4;32,7;9,9;33;30,4;10,4;9,1;27;25;25;93;10;4;
2022/09/09;1400 UTC;0;986,1;986,7;986,1;2361,2;34,4;9;34,7;32,7;10,5;8,8;25;21;21;123;9;4;
2022/09/09;1500 UTC;0;985,2;986,1;985,1;2343;35,7;8,5;35,7;34,1;9,3;7,6;22;18;19;112;9;3,2;
2022/09/09;1600 UTC;0;984,2;985,2;984,1;2224,5;36;7,3;36,7;34,7;8,5;5,8;20;16;17;86;6,4;2,9;
2022/09/09;1700 UTC;0;982,9;984,2;982,9;2030,9;37,2;4,7;37,5;35,6;7,9;4,2;18;13;14;120;7,6;2,9;
2022/09/09;1800 UTC;0;981,9;982,9;981,9;1799,9;36,8;2,8;37,7;36,2;5,4;2,4;14;11;12;143;7,6;2,5;
2022/09/09;1900 UTC;0;981,6;981,9;981,5;1484,4;37,1;2,3;37,9;36,4;4;2,2;13;11;11;91;7,2;2,6;
2022/09/09;2000 UTC;0;981,8;981,8;981,5;1087,6;36,3;2,7;37,3;36,1;2,7;-,6;12;9;12;129;7,7;2,1;
2022/09/09;2100 UTC;0;982,2;982,2;981,8;353,8;34,1;4,7;36,3;34,1;4,9;2,9;16;12;16;166;5,4;1,7;
2022/09/09;2200 UTC;0;982,9;982,9;982,2;;28;9,7;34,1;28;9,7;4,9;32;16;32;161;3;,5;
2022/09/09;2300 UTC;0;983,3;983,4;982,9;;25,3;9,7;28;25,3;9,7;8,5;37;32;37;186;,8;,4;
2022/09/10;0000 UTC;0;983,9;983,9;983,3;;23,8;10,4;25,7;23,7;10,6;9,1;43;36;43;168;1,3;,3;
2022/09/10;0100 UTC;0;984,4;984,4;983,9;;23,4;10,1;23,9;23;10,6;9,3;44;40;43;150;1,5;1;
2022/09/10;0200 UTC;0;984,6;984,7;984,4;;21,5;13,4;23,4;20,6;14,3;10,1;64;43;60;24;1,9;1,1;
2022/09/10;0300 UTC;0;984,5;984,6;984,5;;19,9;13,3;21,6;19,9;15;12,9;68;58;66;232;1,8;,9;
2022/09/10;0400 UTC;0;984;984,6;984;;19,5;13,1;20,1;18,9;13,7;12,8;70;66;66;235;1,7;,7;
2022/09/10;0500 UTC;0;983,2;984;983,2;;18,6;12,4;20;18,6;13,1;11,3;68;61;67;173;1;,4;
2022/09/10;0600 UTC;0;983,1;983,4;983,1;;18;12,8;18,9;17,8;13,1;12,2;72;67;72;203;3,5;1,1;
2022/09/10;0700 UTC;0;983,4;983,4;983,1;;17,8;12,8;18,7;17,8;13,2;12,8;73;69;73;183;2,9;1,5;
2022/09/10;0800 UTC;0;983,5;983,5;983,4;;19;13;19;17,8;13,2;12,7;73;68;68;165;2,7;1,7;
2022/09/10;0900 UTC;0;984,5;984,5;983,5;;19,4;12,3;21,6;19;13;11,4;68;53;64;47;3,8;1,1;
2022/09/10;1000 UTC;0;985,3;985,3;984,5;139,1;22;11,7;22;18,9;13,1;11,7;66;52;52;121;3,1;1;
2022/09/10;1100 UTC;0;986,1;986,1;985,3;674,3;26,4;10;26,5;22;11,9;9,7;52;35;36;58;2,4;1,2;
2022/09/10;1200 UTC;0;986,6;986,6;986,1;1540,2;31,3;10,1;31,3;26,4;10,8;9,4;36;27;27;131;5,2;2,6;
2022/09/10;1300 UTC;0;986,9;987;986,6;2148,5;33,7;9,2;33,8;31,2;10,3;8,9;27;22;22;115;8,3;4,3;
2022/09/10;1400 UTC;0;986,3;986,9;986,3;2336,8;35,1;8,6;36;33,6;9,8;8,6;22;19;20;81;8,2;3,9;
2022/09/10;1500 UTC;0;985,6;986,3;985,6;2328,6;35,8;7,4;36,9;34,4;9,3;7,2;21;17;17;89;6,6;2,6;
2022/09/10;1600 UTC;0;984,2;985,6;984,2;2231,7;37,3;6;37,8;35,9;8,2;5,7;18;14;15;57;5,4;2,5;
2022/09/10;1700 UTC;0;983;984,2;983;2028,6;37;5;38,8;36,3;7,1;4,9;15;14;14;34;6,2;2;
2022/09/10;1800 UTC;0;981,8;983;981,8;1765,3;37,8;4,8;38,4;36,5;5,6;4,4;14;13;13;36;4,9;1,4;
2022/09/10;1900 UTC;0;981,5;981,8;981,4;1440,9;37,1;4,5;38,4;36,9;5,5;4,4;14;13;13;145;6,7;3,4;
2022/09/10;2000 UTC;0;981,7;981,7;981,4;1072,6;37;4,6;37,4;36,8;5,1;4,2;14;13;14;127;6,6;1,8;
2022/09/10;2100 UTC;0;981,9;981,9;981,7;357,3;34,5;6,5;37;34,5;6,5;4,2;18;13;18;159;3,4;1,1;
2022/09/10;2200 UTC;0;982,4;982,4;981,9;;28,8;10,3;34,5;28,8;10,7;6,6;32;18;32;216;1,8;,9;
2022/09/10;2300 UTC;0;983;983;982,4;;26,3;11,5;28,8;25,8;11,5;9,6;40;31;40;42;1,3;,5;
2022/09/11;0000 UTC;0;983,7;983,7;983;;25,4;11,5;26,3;25,1;12;10,7;43;39;42;250;1,8;,2;
2022/09/11;0100 UTC;0;984,1;984,1;983,7;;23,8;11,9;25,4;23,3;12,3;11,1;48;42;47;339;1,7;,9;
2022/09/11;0200 UTC;0;984,2;984,2;984,1;;24,4;12,2;24,4;23,7;12,5;11,7;49;46;47;333;2,6;1,7;
2022/09/11;0300 UTC;0;983,8;984,2;983,8;;21,6;12,6;24,3;21,6;12,7;12,2;57;47;57;278;2,6;,6;
2022/09/11;0400 UTC;0;983,1;983,8;983,1;;21,4;12,6;21,7;20,7;13;12,2;61;56;57;301;1,8;,6;
2022/09/11;0500 UTC;0;982,7;983,2;982,7;;19,9;12,9;21,4;19,9;13,1;12,3;64;57;64;340;2,2;1;
2022/09/11;0600 UTC;0;982,4;982,7;982,3;;19,8;13,1;20,4;19,5;13,1;12,6;66;61;65;195;1,8;1,5;
2022/09/11;0700 UTC;0;982,3;982,4;982,1;;20,3;14,3;20,6;19,5;14,5;13;70;63;68;113;3,9;1;
2022/09/11;0800 UTC;0;982,5;982,6;982,3;;19,3;14,2;20,5;19,3;15,7;14;77;66;73;183;3,2;1;
2022/09/11;0900 UTC;0;983,1;983,1;982,5;;20,2;13,1;20,5;19;15,1;13,1;75;64;64;171;2,9;1,3;
2022/09/11;1000 UTC;0;983,8;983,8;983,1;145,4;22,8;14,4;22,8;19,7;14,4;12,9;67;59;59;150;2,6;1,3;
2022/09/11;1100 UTC;0;984,4;984,4;983,8;671,2;26,3;14,7;26,3;22,8;15,3;14,4;59;49;49;108;3,2;1,7;
2022/09/11;1200 UTC;0;985;985;984,4;1537,5;30,6;13;30,9;26;15,1;13;50;34;34;83;3,4;1,3;
2022/09/11;1300 UTC;0;985,1;985,3;985;2156,3;35;11,3;35,3;30,5;13,8;11,3;35;24;24;69;3,4;2;
2022/09/11;1400 UTC;0;984,6;985,1;984,6;2323,5;36,9;5,9;38,1;35;11,6;5,9;24;15;15;71;4,5;2;
2022/09/11;1500 UTC;0;983,4;984,6;983,4;2206,9;38,1;5,3;38,5;36,5;6,7;4,2;15;13;13;104;6,6;2,8;
2022/09/11;1600 UTC;0;982,2;983,4;982,2;2312,3;38,1;4,9;38,5;37;5,7;4,5;14;13;13;55;6,1;1,5;
2022/09/11;1700 UTC;0;980,8;982,2;980,8;2199,5;38,1;4;39,3;37,5;5,7;4;13;12;12;89;6,2;2,7;
2022/09/11;1800 UTC;0;979,8;980,8;979,8;1524,8;39,4;3,9;39,8;37,3;4,8;3,7;13;11;11;254;6;1,5;
2022/09/11;1900 UTC;0;979,2;979,8;979,2;1357,6;38,5;4,4;39,4;37,7;4,6;3,8;13;11;12;93;5,5;1,3;
2022/09/11;2000 UTC;0;979,3;979,3;979,1;1069,9;38;4;39,1;37,8;4,8;3,8;13;12;12;218;4,8;1,1;
2022/09/11;2100 UTC;0;979,6;979,6;979,3;340,8;35,4;6,7;38,4;35,4;6,7;4;17;12;17;194;3;,9;
2022/09/11;2200 UTC;0;980,2;980,2;979,6;;30,4;9,9;35,4;30,4;10;6,7;28;17;28;226;2,3;1,1;
2022/09/11;2300 UTC;0;980,8;980,8;980,2;;28,1;8,1;30,4;27,8;11;8,1;34;28;28;229;1,9;1,4;
2022/09/12;0000 UTC;0;981,4;981,4;980,8;;25,4;12,1;28,1;24,4;12,4;8,1;46;28;44;34;2,7;,9;
2022/09/12;0100 UTC;0;981,8;981,8;981,4;;25;12,1;26,2;24,7;12,2;10,3;46;37;45;121;2,3;,5;
2022/09/12;0200 UTC;0;982;982;981,7;;24,8;14,9;26;24,3;14,9;11,9;54;41;54;83;2,4;1,1;
2022/09/12;0300 UTC;0;981,5;982;981,5;;25,7;14,4;26,6;24,8;16,5;14,2;59;47;50;193;2,4;,5;
2022/09/12;0400 UTC;0;980,9;981,5;980,9;;25,9;16,7;25,9;25,4;17;14,4;60;49;57;244;2;,3;
2022/09/12;0500 UTC;0;980,5;980,9;980,5;;25,5;16,3;26;25,1;17,2;15,9;61;55;57;131;1,9;,5;
2022/09/12;0600 UTC;0;980,1;980,5;980,1;;25;16,2;25,7;25;16,5;15,1;59;52;58;37;1,1;,3;
2022/09/12;0700 UTC;0;980,3;980,4;980;;26,5;14,3;26,5;24,8;16,5;14,3;59;47;47;169;4,2;1,5;
2022/09/12;0800 UTC;0;980,3;980,3;980,2;;26;14,3;26,5;25,8;14,7;14,1;51;47;49;189;2,8;,8;
2022/09/12;0900 UTC;0;981;981;980,3;;24,8;15,4;26;24,5;16,2;14,1;59;48;56;315;4,1;,8;
2022/09/12;1000 UTC;0;981,9;981,9;981;23;25,2;15,9;25,2;24,3;15,9;14,6;57;52;56;66;2,5;,3;
2022/09/12;1100 UTC;0;982,7;982,7;981,9;189,6;27,1;15,2;27,1;25;16,3;15;57;48;48;83;1,9;,6;
2022/09/12;1200 UTC;0;983,8;983,8;982,7;543,4;29,3;14,9;29,3;27,1;15,1;14,1;48;41;41;99;2,5;1,4;
2022/09/12;1300 UTC;0;983,9;984,1;983,8;1572,9;33,9;8,4;34,1;29,3;15,5;8,4;43;20;21;114;7,8;2,6;
2022/09/12;1400 UTC;0;983;983,9;983;2287,2;37;4,2;37,6;34;7,7;4;21;13;13;87;7,8;3,2;
2022/09/12;1500 UTC;0;981,9;983;981,9;2322,1;39;3,6;39,2;37;4,7;2,8;13;11;11;77;9;3,9;
2022/09/12;1600 UTC;0;980,7;981,9;980,7;2262,5;38,7;2,8;39,6;38,4;4,1;2,7;11;11;11;78;8,4;4,4;
2022/09/12;1700 UTC;0;979,5;980,7;979,5;2069,7;38,9;2,9;39,7;38,6;4,2;2,6;12;11;11;92;8,7;3,6;
2022/09/12;1800 UTC;0;978,2;979,5;978,2;1800,9;39,6;4,3;40,1;38,3;4,9;2,9;12;11;11;70;6,9;1,9;
2022/09/12;1900 UTC;0;977,8;978,2;977,8;1514,5;39,1;3,9;39,8;38,4;5;3,4;12;11;12;69;6,5;1,5;
2022/09/12;2000 UTC;0;977,8;977,9;977,8;1063,3;38;5;39,3;37,6;5,4;3,8;14;11;13;86;5,3;1,6;
2022/09/12;2100 UTC;0;977,9;977,9;977,8;357;35,3;7,7;38;35,3;8;4,3;19;13;18;112;3,2;,7;
2022/09/12;2200 UTC;0;978,3;978,3;977,9;;29,8;10,9;35,3;29,4;11,6;7,3;33;18;31;151;1,3;,3;
2022/09/12;2300 UTC;0;978,9;978,9;978,3;;28,1;10,3;29,8;27,8;11;8,9;34;28;33;201;1,6;,4;
2022/09/13;0000 UTC;0;979,6;979,6;978,9;;25,6;11,1;28,4;25,4;11,2;9,6;40;32;40;13;1,5;,7;
2022/09/13;0100 UTC;0;980;980;979,6;;24;11,6;25,7;24;11,8;10,5;46;40;46;306;2;,5;
2022/09/13;0200 UTC;0;980,3;980,3;979,9;;23,2;12,1;25,5;23,2;12,5;10,1;50;38;50;349;4,1;,8;
2022/09/13;0300 UTC;0;980,3;980,4;980,1;;22,8;15;23,7;22,6;15,7;12,2;64;50;62;170;2,6;1;
2022/09/13;0400 UTC;0;979,7;980,3;979,7;;23,1;14,7;23,4;22,7;15,4;14,5;63;59;59;166;2,9;,4;
2022/09/13;0500 UTC;0;979,2;979,7;979,1;;23,8;14,5;23,8;23,1;15,3;14;61;54;56;172;1,9;,8;
2022/09/13;0600 UTC;0;979,7;979,7;979,2;;25,2;12,4;25,2;23,5;15,3;12,1;60;44;45;115;4,4;,6;
2022/09/13;0700 UTC;0;979,8;979,9;979,6;;24,3;12,8;25,2;24,3;13,2;11,5;49;43;49;185;1,9;1,2;
2022/09/13;0800 UTC;0;979,9;979,9;979,8;;24,3;12,2;24,7;24,3;13,2;11,7;50;45;47;158;2,5;1;
2022/09/13;0900 UTC;0;980,6;980,6;979,9;;23,4;13,9;24,4;23,4;13,9;11,6;55;45;55;23;1,8;,9;
2022/09/13;1000 UTC;0;981,6;981,6;980,6;65,2;23,5;13,9;24,2;23,2;14,6;13;59;50;55;40;2,2;,7;
2022/09/13;1100 UTC;0;982,7;982,7;981,6;367,7;27,2;12,6;27,2;23,5;14,4;11,7;57;39;40;356;2,3;1,3;
2022/09/13;1200 UTC;0;983,9;983,9;982,7;977;30,3;10,8;30,3;27,2;12,8;10,6;41;30;30;336;6;2,1;
2022/09/13;1300 UTC;0;984;984,1;983,9;2218,4;34,1;7;34,1;30,3;11;6,1;30;18;19;25;6,6;3,3;
2022/09/13;1400 UTC;0;983,4;984;983,4;2278;35,2;4,7;35,5;33,7;6,8;3,6;19;15;15;34;7,8;3,9;
2022/09/13;1500 UTC;0;982,5;983,4;982,5;2243,3;36,5;5;37,2;35,1;5,7;4,1;16;14;14;49;8,2;3,3;
2022/09/13;1600 UTC;0;981,3;982,5;981,3;2190,6;37,3;6;37,6;36;6,1;4;15;14;15;47;7,8;3,9;
2022/09/13;1700 UTC;0;980,2;981,3;980,2;1957,8;37,7;5,9;38;36,8;6,3;5,3;15;14;14;45;8,2;3,1;
2022/09/13;1800 UTC;0;979,4;980,2;979,4;1676;37,5;6;38,6;37,2;6,8;5,5;15;14;14;18;7,2;2,1;
2022/09/13;1900 UTC;0;979;979,4;979;1245,3;37,2;6,4;38;37,2;7,7;5,8;16;14;15;35;6,1;2,7;
2022/09/13;2000 UTC;0;979;979;978,9;908,3;36,7;6,1;37,6;36,6;7,7;5,6;17;15;15;34;5,2;1,9;
2022/09/13;2100 UTC;0;979,2;979,2;979;289;33,2;11,1;36,7;33,2;11,1;6,1;26;15;26;20;3,6;,9;
2022/09/13;2200 UTC;0;979,6;979,6;979,2;;29,8;12;33,2;29,3;12,4;10,8;35;26;34;343;2,1;1;
2022/09/13;2300 UTC;0;980,1;980,1;979,6;;27;12,7;29,8;27;12,7;11,6;41;33;41;326;2,2;1;
2022/09/14;0000 UTC;0;980,9;980,9;980,1;;25,9;12,6;27;25,8;13,1;11,3;45;38;44;3;3;,7;
2022/09/14;0100 UTC;0;981,4;981,4;980,9;;24,7;13,5;26,1;24,7;13,5;12,3;50;42;50;19;1,1;,4;
2022/09/14;0200 UTC;0;981,5;981,5;981,4;;23,9;15;24,7;23,7;15,1;13,1;58;49;57;339;,9;,1;
2022/09/14;0300 UTC;0;981,4;981,6;981,4;;23;16,1;23,9;22,8;16,2;14,7;66;56;65;87;,8;,3;
2022/09/14;0400 UTC;0;981,1;981,4;981,1;;21,9;15,3;22,9;21,9;16,3;15,3;68;65;66;9;1,3;1,1;
2022/09/14;0500 UTC;0;980,9;981,1;980,9;;23,3;15,1;23,5;21,7;15,3;14,6;66;58;60;359;2,7;1,5;
2022/09/14;0600 UTC;0;980,6;980,9;980,6;;21,6;15;23,3;21,3;15,3;14,9;68;60;66;346;2,2;1;
2022/09/14;0700 UTC;0;980,6;980,7;980,6;;20,7;16,8;21,6;19,8;16,8;14,9;78;66;78;353;2,4;1,6;
2022/09/14;0800 UTC;0;981,6;981,6;980,6;;20,4;15,9;21;19,8;17,3;15,9;82;75;76;208;3,8;2;
2022/09/14;0900 UTC;0;982,8;982,8;981,7;;19,9;15,3;20,9;19,9;15,9;15,2;76;73;75;155;7,3;,8;
2022/09/14;1000 UTC;0;983,9;983,9;982,9;121,8;22,3;16,8;22,3;19,8;16,8;15,3;75;71;71;121;2,4;,4;
2022/09/14;1100 UTC;0;984,5;984,5;983,9;603,6;26,9;17,6;26,9;22,3;17,7;16,6;71;57;57;63;2;,3;
2022/09/14;1200 UTC;0;984,9;984,9;984,5;1391;30,1;17,4;30,2;26,9;17,8;16,7;57;46;47;272;5,8;2,5;
2022/09/14;1300 UTC;0;985,2;985,2;984,9;1890,6;32,1;17,1;32,2;29,9;17,5;16,9;47;41;41;284;5,5;2,4;
2022/09/14;1400 UTC;0;985,2;985,6;985,2;2131,7;33,6;16;33,6;31,8;17,4;15,5;41;34;35;58;5,5;2,3;
2022/09/14;1500 UTC;0;984,3;985,2;984,3;2192,7;34,2;15,2;34,6;33,1;16,3;15;35;32;32;35;6,1;2,8;
2022/09/14;1600 UTC;0;983,1;984,3;983,1;2128,6;35;14;35,9;34,1;15,6;13,9;32;28;28;4;6,1;2,8;
2022/09/14;1700 UTC;0;981,7;983,1;981,7;1916,2;36,4;13,4;36,8;35;14,8;13;29;25;25;27;7;2,5;
2022/09/14;1800 UTC;0;980,7;981,7;980,7;1542,2;36,1;12,7;36,7;35,7;13,4;12,1;26;24;25;7;5,9;1,9;
2022/09/14;1900 UTC;0;980,2;980,7;980,2;1114,6;36,2;12,7;36,6;35,8;13,9;11,7;26;23;24;13;4,9;2,3;
2022/09/14;2000 UTC;0;980,5;980,5;980,2;838,1;35,9;12,9;36,3;35,7;13,6;12,4;26;24;25;350;4,3;1,4;
2022/09/14;2100 UTC;0;980,8;980,8;980,5;252;33,6;14,7;35,9;33,6;14,9;12,5;32;25;32;306;4,2;,9;
2022/09/14;2200 UTC;0;981,2;981,2;980,8;;29,9;16,3;33,6;29,9;16,6;14,6;44;32;44;323;2;1,2;
2022/09/14;2300 UTC;0;981,5;981,5;981,2;;29,4;15,3;29,9;29,4;16,5;15,3;45;42;42;300;2,5;1,2;
2022/09/15;0000 UTC;0;981,9;981,9;981,5;;26,2;16,3;29,4;26,2;16,9;15,3;56;42;54;257;1,9;,4;
2022/09/15;0100 UTC;0;982,4;982,4;981,9;;24,9;17,3;26,7;24,9;17,3;15,9;63;52;63;138;2,1;,9;
2022/09/15;0200 UTC;0;982,4;982,4;982,2;;24,2;17;24,9;23,3;18,1;16,2;66;61;64;148;2,8;1,7;
2022/09/15;0300 UTC;0;982,4;982,8;982,4;;23,1;18,6;24,3;23;19,9;16,5;79;64;76;51;5,3;,4;
2022/09/15;0400 UTC;0;981,7;982,4;981,7;;22,1;17,7;23,5;22,1;18,9;17,7;76;74;76;281;1,8;,3;
2022/09/15;0500 UTC;0;981,3;981,7;981,3;;21,5;17,7;22,2;21,2;18;17,2;79;75;79;204;2;,9;
2022/09/15;0600 UTC;0;980,9;981,4;980,9;;21,2;17,8;21,6;20,6;18,2;17,3;84;78;81;193;2,9;1,8;
2022/09/15;0700 UTC;0;981;981,1;980,8;;20,1;17,5;21,5;20,1;18,5;17,4;85;81;85;22;3,2;1;
2022/09/15;0800 UTC;0;981,4;981,4;981;;20,4;17,7;20,7;20,1;18,2;17,6;87;84;84;324;2,4;1;
2022/09/15;0900 UTC;0;982,2;982,2;981,3;;20;17,8;20,6;19,7;18,1;17,4;87;84;87;83;2,8;,9;
2022/09/15;1000 UTC;0;983,1;983,2;982,2;74,6;20,8;18;20,8;19,7;18,2;17,4;87;84;84;35;3;1,1;
2022/09/15;1100 UTC;0;983,8;983,8;983,1;661,6;26,2;18,1;26,6;20,8;18,8;17,8;84;59;61;19;3,3;1,1;
2022/09/15;1200 UTC;0;984,2;984,2;983,8;1125,8;28,9;17,8;28,9;26,1;18,3;17,1;61;51;51;77;3,3;1,5;
2022/09/15;1300 UTC;0;984,2;984,4;984,2;1942,2;33,7;15,3;33,7;28,5;17,8;14,7;52;33;33;163;3;,8;
2022/09/15;1400 UTC;0;983,8;984,3;983,8;2185,7;36,3;14,8;36,5;33,3;15,6;14;34;28;28;274;7,8;3;
2022/09/15;1500 UTC;0;983,2;983,9;983,2;2245,2;36,8;14,2;37,4;35,4;15,2;13,8;29;25;26;264;8;3;
2022/09/15;1600 UTC;0;982,1;983,2;982,1;2174,4;37,7;12,4;38;36,3;14,4;12,4;27;22;22;228;7,5;4;
2022/09/15;1700 UTC;0;980,8;982,1;980,8;1965,1;38,2;10,3;38,7;37,3;13,3;10,3;24;19;19;153;7,5;1,3;
2022/09/15;1800 UTC;0;979,9;980,8;979,9;1686,1;38,1;9,1;39,4;38,1;11,8;8,9;20;17;17;296;6,5;2,1;
2022/09/15;1900 UTC;0;979,7;979,9;979,6;1412,9;38;7,1;39,6;38;9,1;7,1;17;15;15;94;4,5;1,4;
2022/09/15;2000 UTC;0;979,8;979,8;979,6;925;38,2;8,5;38,7;37,8;8,7;7,3;17;15;17;88;3,2;1;
2022/09/15;2100 UTC;0;980,2;980,2;979,8;292,4;35,1;13,7;38,2;35,1;13,7;8,3;28;16;28;199;1,9;,7;
2022/09/15;2200 UTC;0;980,4;980,4;980,2;;30,6;14,3;35,1;30,6;15,2;12,9;38;28;37;213;2;,8;
2022/09/15;2300 UTC;0;980,8;980,9;980,4;;29;12,4;30,6;28,6;14,6;12,4;41;36;36;217;2,2;1,7;
2022/09/16;0000 UTC;0;981,4;981,4;980,8;;27,2;14,7;29,1;27,2;14,7;12,4;46;36;46;259;2,8;,9;
2022/09/16;0100 UTC;0;981,6;981,7;981,4;;26,2;15,4;27,2;26;15,4;14,2;51;46;51;148;2;,7;
2022/09/16;0200 UTC;0;981,6;981,8;981,6;;25,1;15,2;26,3;24,9;15,9;14,1;55;48;54;203;1,7;1,4;
2022/09/16;0300 UTC;0;981,4;981,7;981,4;;26,2;14,7;26,3;24,7;15,8;14,2;57;48;49;223;3,8;2,1;
2022/09/16;0400 UTC;0;980,8;981,4;980,8;;25,1;14,7;26,2;24,4;15,2;14,6;56;49;53;193;4,1;1,2;
2022/09/16;0500 UTC;0;980,4;980,8;980,3;;24;15,1;25,2;23,1;15,3;14,7;61;52;57;328;3,3;1;
2022/09/16;0600 UTC;0;980,2;980,5;980,2;;21,9;16;24,2;21,9;16,3;14,9;69;56;69;86;2,3;,9;
2022/09/16;0700 UTC;0;980,2;980,3;979,9;;21,8;16;22,4;21,3;16,2;15,4;70;66;70;336;2,4;,7;
2022/09/16;0800 UTC;0;980,7;980,7;980,1;;21,5;16,5;22;20,7;17,3;15,7;78;70;73;9;4,5;1,3;
2022/09/16;0900 UTC;0;981,3;981,3;980,6;;21,6;15,8;21,7;21;16,5;15,7;73;69;70;337;3;1,2;
2022/09/16;1000 UTC;0;982,1;982,1;981,3;90;22;16,4;22;21;16,5;15,7;73;69;71;195;2,5;,5;
2022/09/16;1100 UTC;0;982,6;982,6;982;628,4;25,8;16,3;25,9;22;16,9;15,9;71;55;56;70;1,9;,8;
2022/09/16;1200 UTC;0;982,8;982,8;982,6;1411,1;31;14,4;31,2;25,8;17,4;14,1;57;36;36;148;2;,7;
2022/09/16;1300 UTC;0;983;983,1;982,8;1969,7;33,7;14,1;33,7;31;15,1;14;37;31;31;69;2,9;1,7;
2022/09/16;1400 UTC;0;982,9;983,2;982,9;2150,8;35,4;13,1;35,8;33,8;14,2;12,3;31;26;26;61;3,6;1,5;
2022/09/16;1500 UTC;0;982;982,9;982;2149,2;37,9;12,5;38,3;35,4;13,4;10,9;26;20;22;97;6,3;2,7;
2022/09/16;1600 UTC;0;981;982;981;2118,3;38;10,8;38,9;37;13,1;10,7;23;19;20;76;7,1;2,1;
2022/09/16;1700 UTC;0;979,8;981;979,8;1970;39;10,4;39,2;37,9;11,8;10,3;20;18;18;41;5,6;2,4;
2022/09/16;1800 UTC;0;978,9;979,8;978,9;1725,3;39,2;9,5;39,7;38,6;10,5;7,8;18;15;17;29;5;3;
2022/09/16;1900 UTC;0;978,3;978,9;978,2;1418,2;39,3;8,5;39,9;39;9,5;7,9;17;15;16;72;4,9;1,6;
2022/09/16;2000 UTC;0;978,4;978,4;978,2;880,2;38,6;8,6;39,4;38,5;9;6,9;17;14;16;129;4,3;1,2;
2022/09/16;2100 UTC;0;978,9;978,9;978,4;261,7;35,2;12,5;38,7;35,2;12,7;8,4;26;16;26;9;2,2;1,1;
2022/09/16;2200 UTC;0;979,4;979,4;978,9;;30,8;14,9;35,2;30,8;14,9;12,6;38;26;38;345;2,2;,9;
2022/09/16;2300 UTC;0;979,9;979,9;979,4;;29;14,4;31,5;29;15;13,4;41;34;41;307;2,1;,7;
2022/09/17;0000 UTC;0;980,6;980,6;979,9;;27,3;15,2;29;27,1;15,6;14,4;48;41;48;42;1,2;,3;
2022/09/17;0100 UTC;0;980,8;980,8;980,6;;26,4;15,6;27,4;26,2;15,7;14,9;52;47;51;353;1,8;1,2;
2022/09/17;0200 UTC;0;981,2;981,2;980,8;;26,1;15,3;27,3;26,1;15,6;15;51;47;51;347;2,7;1,2;
2022/09/17;0300 UTC;0;980,9;981,3;980,9;;25,3;16,6;26,1;25,3;16,6;15,3;59;51;59;341;2,3;1,2;
2022/09/17;0400 UTC;0;980,3;980,9;980,3;;24;16,1;25,6;24;16,6;15,7;61;55;61;354;2,1;,8;
2022/09/17;0500 UTC;0;979,6;980,3;979,6;;23,4;16,5;24;23,2;16,6;16;66;61;65;124;1,3;,2;
2022/09/17;0600 UTC;0;979,4;979,6;979,4;;22,2;17,1;23,4;22,2;17,4;16,4;73;65;73;190;1,1;,8;
2022/09/17;0700 UTC;0;979,8;979,9;979,4;;22,9;17;23,1;21,4;17,9;17;77;69;69;216;6,5;1,8;
2022/09/17;0800 UTC;0;980,1;980,1;979,8;;22;16,7;23,5;22;16,9;16,3;72;64;72;113;2,8;,4;
2022/09/17;0900 UTC;0;980,7;980,7;980,1;;21,9;16,6;22,5;21,6;16,7;16,4;73;69;72;75;1,6;,1;
2022/09/17;1000 UTC;0;981,4;981,4;980,7;115,2;23,6;17,5;23,6;21,4;17,5;16,6;75;69;69;317;,9;,6;
2022/09/17;1100 UTC;0;982,2;982,2;981,4;567,3;27,9;18,4;27,9;23,6;19,1;17,6;71;56;56;323;3;1,5;
2022/09/17;1200 UTC;0;982,9;982,9;982,2;1262,5;31;18,9;31;27,9;19;18,5;56;48;49;335;6,6;3,2;
2022/09/17;1300 UTC;0;983,3;983,4;982,9;1587,3;32,3;18,9;32,5;31;19,4;18,6;49;45;45;353;7,1;3,8;
2022/09/17;1400 UTC;0;982,8;983,4;982,8;1779,8;33,3;18,9;33,8;31,6;19,4;18,5;46;42;43;1;9,5;4,1;
2022/09/17;1500 UTC;0;981,9;982,8;981,9;1873,5;33,3;17,8;34,7;33,2;19,1;17,5;43;38;40;351;8,5;3,3;
2022/09/17;1600 UTC;0;980,6;981,9;980,6;1450,2;36,1;17;36,5;33;18,4;17;41;32;32;7;6,7;2,3;
2022/09/17;1700 UTC;0;979,5;980,6;979,5;1851,9;37;16,6;37;35,2;17,4;16,1;34;30;30;348;7,5;2,5;
2022/09/17;1800 UTC;0;978,4;979,5;978,4;1723,8;36,7;16,1;37,4;35,8;16,7;15,8;31;29;30;339;5,9;2;
2022/09/17;1900 UTC;0;977,8;978,4;977,7;1300,6;36,7;15,4;37,4;36,3;16,4;15,3;30;28;28;354;5,4;1,7;
2022/09/17;2000 UTC;0;977,7;978;977,6;880,6;36,1;15,9;37,2;36,1;16,2;15,2;30;27;30;28;4,1;1,9;
2022/09/17;2100 UTC;0;978,4;978,4;977,6;287;33,8;18,2;36,2;33,8;18,3;15,9;40;30;40;13;5,7;2,3;
2022/09/17;2200 UTC;0;979,2;979,3;978,4;;30,6;18;33,8;30,6;18,4;17,9;47;40;47;72;7,9;,7;
2022/09/17;2300 UTC;0;979,8;979,8;979,2;;29,3;18,3;30,7;29,3;18,3;17,6;52;46;52;282;1,9;,3;
2022/09/18;0000 UTC;0;980;980,1;979,8;;27,8;18,8;29,3;27,7;18,9;17,9;58;51;58;285;1,7;1,1;
2022/09/18;0100 UTC;0;980,3;980,3;980;;27,1;19,1;27,9;27;19,3;18,7;62;58;61;138;1,6;,7;
2022/09/18;0200 UTC;0;980,7;980,7;980,3;;27,1;19,9;27,4;26,9;20,2;19,1;65;61;65;159;1,2;,8;
2022/09/18;0300 UTC;0;980,5;980,7;980,5;;27,1;20,5;27,3;27;20,6;19,9;67;64;67;187;1,2;,3;
2022/09/18;0400 UTC;0;979,7;980,5;979,7;;25,9;20,5;27,2;25,8;20,7;20,3;73;66;72;51;,9;,7;
2022/09/18;0500 UTC;0;979,3;979,7;979,3;;26;20,7;26,1;25,7;21,2;20,3;75;72;73;123;1,3;,5;
2022/09/18;0600 UTC;0;979,2;979,4;979,2;;25,4;20,6;26;25,2;20,8;20,4;75;72;75;334;1,4;,5;
2022/09/18;0700 UTC;0;979,2;979,2;979;;24,8;20,3;25,5;24,8;20,6;20,2;76;74;76;297;1,7;,4;
2022/09/18;0800 UTC;0;979,7;979,7;979,2;;24;20,4;24,8;24;20,5;20,2;80;76;80;1;1,1;,3;
2022/09/18;0900 UTC;0;980,5;980,5;979,7;;23,9;20,9;24,1;23,8;21,4;20,2;85;80;83;120;1,6;1;
2022/09/18;1000 UTC;0;981,6;981,6;980,5;114,4;25,5;20,9;25,5;23,7;21,2;20,7;84;76;76;132;1,8;,8;
2022/09/18;1100 UTC;0;982,9;982,9;981,6;559,1;27,5;20,5;27,9;25,5;21,2;20,4;76;65;66;76;3,3;1,2;
2022/09/18;1200 UTC;0;983,7;983,7;982,9;1011,6;30,6;19,6;30,9;27,5;21;19,6;66;52;52;66;3,3;1,9;
2022/09/18;1300 UTC;0;983,3;983,7;983,3;1575,6;32,4;18,9;33;30,5;19,8;18,4;53;43;45;41;4,1;2,1;
2022/09/18;1400 UTC;0;983;983,4;983;622,8;31,6;18,3;32,3;31,2;19,6;18,3;50;44;45;74;4,9;2,3;
2022/09/18;1500 UTC;0;981,7;983;981,7;809,7;32,3;18,8;32,4;31,3;20,1;18,5;51;44;45;44;4,7;1,8;
2022/09/18;1600 UTC;0;980,7;981,7;980,7;1798;33,2;18,8;35;32,3;19,1;17,5;45;38;43;316;6,1;2,8;
2022/09/18;1700 UTC;0;979,7;980,7;979,7;775,1;32,6;19,4;33,7;32,2;19,9;18,8;48;42;46;290;6,3;2,1;
2022/09/18;1800 UTC;0;979,8;980;979,6;338,4;30;19,8;32,7;30;20;19;54;45;54;252;5,6;2,9;
2022/09/18;1900 UTC;0;979,8;979,8;979,1;112,5;28,4;19,7;30;28,4;20,1;19,3;59;54;59;227;8;4,5;
2022/09/18;2000 UTC;0;980;980;979,6;116,1;27;19,6;28,4;26,9;19,6;19,3;64;59;64;207;8,7;2,9;
2022/09/18;2100 UTC;0;980,2;980,7;980;58,5;26,7;19,6;27;26,5;19,7;19,5;66;64;65;132;5,5;,6;
2022/09/18;2200 UTC;0;980,3;980,3;979,8;;25,7;19,8;26,8;25,7;19,9;19,6;70;65;70;204;5,4;2,6;
2022/09/18;2300 UTC;0;980,7;980,7;980,1;;25,7;19,9;25,8;25,6;19,9;19,8;70;70;70;204;5,4;1,7;
2022/09/19;0000 UTC;0;981,7;981,7;980,7;;25,1;20,1;25,7;25,1;20,1;19,8;74;70;74;237;3,1;1,7;
2022/09/19;0100 UTC;0;982;982,1;981,5;;25;20,2;25,1;24,7;20,3;20,1;76;74;75;230;3,4;1,7;
2022/09/19;0200 UTC;0;982,1;982,2;981,9;;24,6;20,4;25;24,6;20,4;20,2;77;75;77;234;3,3;1,5;
2022/09/19;0300 UTC;0;982,1;982,3;982,1;;24,7;20,8;24,7;24,4;20,9;20,4;80;77;79;254;3,1;1,3;
2022/09/19;0400 UTC;0;981,8;982,1;981,8;;24,5;20,5;24,7;24,5;20,8;20,5;79;78;79;213;2,9;1,2;
2022/09/19;0500 UTC;0;981,2;981,9;981,2;;24,2;20,8;24,5;24,2;20,8;20,5;81;79;81;217;2,4;1;
2022/09/19;0600 UTC;0;981;981,2;981;;24,3;20,4;24,4;24,2;20,8;20,4;81;79;79;237;2,3;1,3;
2022/09/19;0700 UTC;0;981,1;981,1;980,9;;23,4;20,2;24,3;23,4;20,4;20,2;82;79;82;185;2,3;,5;
2022/09/19;0800 UTC;0;981,1;981,2;981;;23,3;20,4;23,4;22,8;20,4;19,9;85;82;84;237;2,9;1,8;
2022/09/19;0900 UTC;0;982,1;982,2;981,1;;24,5;20,2;24,5;23,3;20,4;20,1;84;77;77;277;4,1;2,2;
2022/09/19;1000 UTC;0;983,3;983,3;982,1;17;24,3;20,3;24,5;24,1;20,3;20;79;77;78;81;4,1;,5;
2022/09/19;1100 UTC;0;984,2;984,2;983,3;73,2;24,4;20,6;24,5;24;20,7;20,2;81;78;79;303;2,4;,9;
2022/09/19;1200 UTC;2,8;984,6;984,7;984,1;170,1;23,6;21,4;24,4;23,4;21,5;20,5;88;79;87;166;3,3;1,3;
2022/09/19;1300 UTC;0;985,4;985,4;984,6;410;23,9;20,9;24,3;23,6;21,5;20,8;88;82;83;295;3,6;1,9;
2022/09/19;1400 UTC;,4;985,3;985,6;985,3;335,4;24;21,3;24;23,5;21,6;20,9;88;83;85;256;4,2;1,6;
2022/09/19;1500 UTC;0;984,2;985,3;984,2;1031,3;26;21,2;26,1;24;22,1;21,2;85;75;75;255;5,4;2,7;
2022/09/19;1600 UTC;0;983,1;984,2;983,1;805,2;25,9;21,1;26,4;25,8;21,6;20,6;76;71;75;243;5,9;3,3;
2022/09/19;1700 UTC;0;981,8;983,1;981,8;1130,4;27,6;20,3;27,6;25,9;21,8;19,9;76;64;64;252;5,8;2,8;
2022/09/19;1800 UTC;;;;;;;;;;;;;;;;;;
2022/09/19;1900 UTC;0;980,6;981,2;980,6;1415,1;29;20,3;30,3;29;20,4;19;60;53;59;248;6,2;2,8;
2022/09/19;2000 UTC;0;980,7;980,7;980,5;400,8;28;20,9;29;28;20,9;19,9;66;58;65;248;4,4;1,6;
2022/09/19;2100 UTC;0;980,6;980,8;980,6;120,1;26,3;21;28;26,3;21;20,6;72;65;72;212;2,9;1,7;
2022/09/19;2200 UTC;0;980,9;981;980,6;;24,6;21,3;26,3;24,5;21,4;21;82;72;82;325;2,4;,9;
2022/09/19;2300 UTC;0;981,4;981,4;980,9;;24,3;21;24,8;24;21,4;20,8;85;79;82;205;2,2;1,2;
2022/09/20;0000 UTC;0;981,8;981,8;981,4;;24,5;20,4;24,6;23,6;21,3;20,4;87;78;78;234;2,7;1,7;
2022/09/20;0100 UTC;0;982,1;982,3;981,8;;24,1;20,6;24,5;22,9;20,8;20,3;86;78;81;254;3;1,9;
2022/09/20;0200 UTC;0;982,5;982,5;982,1;;22,9;20,8;24,1;22,9;20,8;20,4;88;81;88;201;3;,8;
2022/09/20;0300 UTC;0;982;982,6;982;;22,3;20,4;23;22,3;20,8;20,4;89;87;89;205;2,1;1,2;
2022/09/20;0400 UTC;0;981,6;982;981,6;;22;20,4;22,4;21,9;20,6;20,2;91;89;91;205;1,9;1,3;
2022/09/20;0500 UTC;0;981;981,7;981;;21,7;20,2;22,1;21,5;20,4;20;91;90;91;175;1,6;,8;
2022/09/20;0600 UTC;0;980,8;981;980,8;;21,5;20,1;21,7;21,3;20,2;19,8;92;91;91;238;1,4;,4;
2022/09/20;0700 UTC;0;980,6;980,8;980,5;;21,3;19,9;21,7;21,3;20,2;19,8;92;91;91;323;1,2;,8;
2022/09/20;0800 UTC;0;980,8;980,8;980,6;;21,1;19,8;21,5;20,9;20,1;19,6;92;91;92;21;2,1;1,5;
2022/09/20;0900 UTC;0;981,4;981,4;980,8;;20,7;19,5;21,3;20,7;20,1;19,5;93;92;93;324;2,1;,6;
2022/09/20;1000 UTC;0;982,2;982,2;981,4;135,8;22,4;20,9;22,4;20,7;21;19,5;93;91;91;49;2;1;
2022/09/20;1100 UTC;0;982,7;982,7;982,2;687,4;25,2;20,8;25,2;22,4;21,2;20,5;91;77;77;38;2;1;
2022/09/20;1200 UTC;0;982,9;982,9;982,7;1634,8;29,3;20,4;29,3;25,2;21,2;20,2;78;59;59;74;2,7;1,7;
2022/09/20;1300 UTC;0;982,9;983,1;982,9;2398;33;19,3;33,1;29,3;20,7;18,9;59;44;44;63;3,3;1,2;
2022/09/20;1400 UTC;0;982,5;982,9;982,4;2876,8;35;16,5;35,1;32,9;18,8;15,8;44;32;33;76;5;1,5;
2022/09/20;1500 UTC;0;981,5;982,5;981,5;3269,3;35,6;16;36,4;34,6;17;15,8;34;31;31;85;5;2,3;
2022/09/20;1600 UTC;0;980,1;981,5;980,1;2155,7;35,1;16,2;36,3;34,8;16,5;15,4;33;30;33;34;4,8;2,2;
2022/09/20;1700 UTC;0;978,8;980,1;978,8;1647,6;35,5;15,4;36,9;34,9;16,2;14,8;33;28;30;13;4,8;2;
2022/09/20;1800 UTC;0;978;978,8;978;1107,6;36,4;15;36,5;35,3;15,7;14,8;31;28;28;333;3,8;1,1;
2022/09/20;1900 UTC;0;978,1;978,1;977,8;803,7;30,8;18,8;36,8;30,8;18,8;14,6;49;27;49;162;10,2;4,9;
2022/09/20;2000 UTC;0;978,4;978,6;977,9;241,2;30,4;19,3;30,8;28,2;20,8;18,8;63;49;51;142;9,9;2,7;
2022/09/20;2100 UTC;0;978,6;978,6;978,2;71;28,8;20,1;30,5;28,7;20,2;19,1;59;51;59;195;6,2;1,6;
2022/09/20;2200 UTC;0;979,2;979,2;978,6;;27;20,6;28,8;27;20,6;19,8;68;59;68;247;3;,7;
2022/09/20;2300 UTC;0;980;980;979,2;;26,6;21,3;27;26,4;21,3;20,5;73;68;72;197;2,1;,7;
2022/09/21;0000 UTC;0;980,7;980,8;980;;26,4;21;26,7;26,1;21,4;21;75;71;72;180;2,2;1,4;
2022/09/21;0100 UTC;0;981;981,2;980,7;;27;20,4;27,1;26,4;21;20,4;72;67;67;167;4,8;1,3;
2022/09/21;0200 UTC;0;981;981;980,8;;26,2;20,5;27,1;26,2;20,7;20,2;71;66;71;197;2,9;,8;
2022/09/21;0300 UTC;0;980,6;981;980,6;;26,1;20,5;26,1;25,5;20,8;20,4;75;71;71;232;2,7;1,6;
2022/09/21;0400 UTC;0;979,9;980,6;979,9;;26;20,6;26,7;26;20,8;20,2;72;68;72;358;3,9;,3;
2022/09/21;0500 UTC;0;979,4;979,8;979,3;;25;20,7;26,3;25;20,9;20,3;77;70;77;345;1,4;,7;
2022/09/21;0600 UTC;0;979,5;979,8;979,3;;24,6;20,9;25;23,9;21,3;20,5;83;77;80;28;4,7;1,4;
2022/09/21;0700 UTC;0;979,7;979,7;979,4;;24,3;21;24,8;23,9;21,1;20,6;83;79;82;45;2,5;1;
2022/09/21;0800 UTC;0;979,9;979,9;979,6;;25,2;20,3;25,2;24,4;21;20,3;82;75;75;42;2,5;1,3;
2022/09/21;0900 UTC;0;980,4;980,5;979,9;;25,8;19,5;25,9;24,9;20,3;19,5;75;68;68;70;4,4;2,3;
2022/09/21;1000 UTC;0;981,4;981,4;980,4;24;26,5;18,8;27,1;25,8;19,4;18,7;68;61;63;64;8,4;3,5;
2022/09/21;1100 UTC;0;982,6;982,6;981,4;278,2;27,1;19,6;27,4;26,4;19,8;18,4;65;58;63;135;6,7;1,5;
2022/09/21;1200 UTC;0;983;983;982,6;485,6;27,8;20;27,8;27,2;20;19,4;64;61;62;50;2,5;1;
2022/09/21;1300 UTC;0;983,1;983,1;982,9;662,6;29,1;18,6;29,3;27,8;20,2;18,5;63;53;53;32;5,9;2,5;
2022/09/21;1400 UTC;0;982,8;983,1;982,8;1219,2;29,9;18,6;30,2;28,9;19,3;18;54;50;51;41;7,2;3,2;
2022/09/21;1500 UTC;0;982,3;982,8;982,3;987,2;29,5;19,5;30,3;29,3;19,5;17,9;55;49;55;150;6;2;
2022/09/21;1600 UTC;0;981,1;982,3;981,1;871,4;30,5;17,7;30,6;29,3;19,3;17,5;55;46;46;122;3,5;1,2;
2022/09/21;1700 UTC;0;979,8;981,1;979,8;686,4;30,9;17,2;31,2;30,3;18,5;17,2;48;44;44;203;2,1;,9;
2022/09/21;1800 UTC;0;978,5;979,8;978,5;1974,4;33,3;16,6;33,6;30,9;18,4;16,4;47;36;37;84;3,8;1,9;
2022/09/21;1900 UTC;0;978,3;978,5;978,3;997,8;32,5;16,9;33,4;32,1;17,5;16,2;40;37;39;22;3,8;1;
2022/09/21;2000 UTC;0;978,2;978,3;978,2;703,1;32,9;16,7;33,1;32,3;17,1;16,1;40;37;38;299;2;1;
2022/09/21;2100 UTC;0;978,6;978,6;978,2;306,9;31,2;19,3;33,1;31,2;19,3;16,6;49;38;49;241;2;,3;
2022/09/21;2200 UTC;0;979;979;978,6;;28,4;19,4;31,2;28,3;19,9;18,9;60;49;58;278;1,8;1,4;
2022/09/21;2300 UTC;0;979,8;979,8;979;;26,9;19,8;28,9;26,6;19,8;18,1;66;52;65;187;2,6;,3;
2022/09/22;0000 UTC;0;980,3;980,3;979,7;;25,8;19,6;26,9;25,8;19,9;19;69;64;69;8;1,5;1;
2022/09/22;0100 UTC;;;;;;;;;;;;;;;;;;
2022/09/22;0200 UTC;0;981,5;981,6;981;;24,9;20;25,1;24,4;20,1;19,5;76;71;74;29;2;1,1;
2022/09/22;0300 UTC;0;981;981,6;981;;25,3;20,7;25,4;24,8;20,7;20;76;73;76;215;2,5;1,7;
2022/09/22;0400 UTC;0;980,4;981;980,3;;25,8;20,8;25,8;25,3;21;20,7;76;74;74;220;2,6;1,6;
2022/09/22;0500 UTC;0;980,2;980,5;980,2;;26,4;19,9;26,7;25,7;20,8;19,7;74;66;68;283;2,9;1,3;
2022/09/22;0600 UTC;0;980,2;980,4;980,1;;24,9;20,5;26,4;24,9;20,5;20;77;68;77;34;2,6;,4;
2022/09/22;0700 UTC;0;980,6;980,7;980,2;;24,4;20,6;25;24,3;20,7;20,5;80;77;79;195;2,1;,8;
2022/09/22;0800 UTC;0;981,2;981,2;980,6;;24,5;20,6;24,5;24,1;20,8;20,6;81;79;79;340;1,2;,8;
2022/09/22;0900 UTC;0;981,6;981,6;981,1;;24,4;20,8;24,5;24,2;20,8;20,5;81;79;80;311;1,3;,7;
2022/09/22;1000 UTC;0;982,7;982,7;981,6;101,4;25;20,7;25;24,1;20,9;20,7;82;77;77;118;1,2;,8;
2022/09/22;1100 UTC;0;983,4;983,4;982,7;318,3;26,3;20,7;26,3;25;21;20,7;77;71;71;253;1,9;,8;
2022/09/22;1200 UTC;0;984,3;984,3;983,4;597,4;27,3;20,5;27,4;26,3;20,9;20,5;72;66;67;270;3;1,3;
2022/09/22;1300 UTC;0;984;984,4;984;1428,7;29,2;20,6;29,2;27,1;20,8;20,4;67;60;60;263;3,9;1,3;
2022/09/22;1400 UTC;0;983,5;984,1;983,5;2439,5;31,1;20;31,8;29;20,6;19,7;60;50;52;274;4,9;2;
2022/09/22;1500 UTC;0;982,9;983,5;982,9;1642,6;31,9;20,2;32,2;31,1;20,5;19,6;52;49;50;235;5,5;1,7;
2022/09/22;1600 UTC;0;981,6;982,9;981,6;2189,2;33,5;19,3;33,8;31,9;20,3;19,2;50;43;43;268;7,4;4;
2022/09/22;1700 UTC;0;980,5;981,6;980,5;2219;33,3;19,6;34,6;33,2;19,9;19;45;41;45;249;7,4;2,9;
2022/09/22;1800 UTC;0;979;980,5;979;2469,8;35;19,1;35,6;33,1;19,7;18,9;45;38;39;257;6,6;3,2;
2022/09/22;1900 UTC;0;978,2;979;978,2;1835,7;35,1;18,2;35,4;34,3;19,1;17,9;40;36;37;259;7,6;2,6;
2022/09/22;2000 UTC;0;978,1;978,4;978,1;926,7;34,4;18,4;35,1;34,3;18,5;18,1;39;37;39;277;6,3;2,3;
2022/09/22;2100 UTC;0;979,7;979,7;978,1;350,6;32,2;19,5;34,4;32,2;19,7;18,4;47;39;47;281;6,7;2,4;
2022/09/22;2200 UTC;0;980,6;980,6;979,7;,6;30,8;19,7;32,2;30,8;19,8;19,4;52;47;52;236;4,4;1;
2022/09/22;2300 UTC;;;;;;;;;;;;;;;;;;
2022/09/23;0000 UTC;,2;982,8;982,8;981,9;;25,7;23,5;25,9;25,4;23,6;22,7;88;83;88;128;2,1;,6;
2022/09/23;0100 UTC;0;983,4;983,4;982,7;;26;22,5;26,8;25,4;23,7;22;88;75;81;261;4,7;1,2;
2022/09/23;0200 UTC;;;;;;;;;;;;;;;;;;
2022/09/23;0300 UTC;0;983;983,7;983;;25,2;21;26,5;25,1;21,9;20,8;78;72;78;214;6,1;3;
2022/09/23;0400 UTC;0;982,7;983;982,5;;25,8;19,3;26,3;25,2;21,1;19,3;78;67;67;156;8,2;3,6;
2022/09/23;0500 UTC;,8;983,9;984,1;982,7;;22,2;20;25,9;22,2;20,3;19,3;87;67;87;99;11,4;4,3;
2022/09/23;0600 UTC;1,8;984;984,2;983,7;;22,1;20;22,4;21,7;20,3;19,9;90;87;88;80;12,8;1,1;
2022/09/23;0700 UTC;10,6;983,5;984,2;983,5;;21,4;19,8;22,1;21,3;20,1;19,6;91;88;91;114;3,6;1,9;
2022/09/23;0800 UTC;1,6;982,8;983,5;982,6;;21,7;20,5;21,7;21,4;20,5;19,8;93;91;93;250;4;,8;
2022/09/23;0900 UTC;,4;983,7;983,7;982,8;;21,5;20,3;22;21,5;20,8;20,3;93;93;93;321;2,9;1,4;
2022/09/23;1000 UTC;,2;984,4;984,4;983,7;35,7;21,4;20,2;21,5;21,3;20,4;20,1;93;93;93;327;3,9;2,1;
2022/09/23;1100 UTC;0;985,1;985,1;984,3;223,5;22;20,5;22;21,4;20,6;20,1;93;92;92;331;6,1;2,3;
2022/09/23;1200 UTC;0;985,5;985,7;985,1;720,7;23,1;20,6;23,2;22;20,8;20,2;92;85;86;294;4,3;2,1;
2022/09/23;1300 UTC;0;986,4;986,4;985,5;1315,1;24,5;20,2;24,7;23,1;21,1;20,1;86;76;77;305;4,3;1,8;
2022/09/23;1400 UTC;0;986,7;986,7;986,4;1344;25,2;19,6;25,4;24,4;20,9;19,6;79;71;71;342;3,8;1,3;
2022/09/23;1500 UTC;0;986,1;986,7;986,1;1871,8;26,6;20,4;26,8;25,1;21,3;19,8;76;69;69;275;4,7;2,2;
2022/09/23;1600 UTC;0;984,8;986,1;984,8;1771,6;27,9;19,9;28,3;26,4;21,3;19,7;72;60;62;302;5,1;2,5;
2022/09/23;1700 UTC;0;983,4;984,8;983,4;1617,3;29,6;20,5;29,7;27,9;21,1;19,8;64;57;58;243;5,1;1,2;
2022/09/23;1800 UTC;0;982,5;983,4;982,4;2769,3;30,7;18,7;31,1;29,4;21;18,6;59;48;49;216;5,9;1,8;
2022/09/23;1900 UTC;0;981,9;982,4;981,9;1937,2;31,2;18;31,6;30,4;19,7;18;52;45;45;301;4,6;2,3;
2022/09/23;2000 UTC;0;981,7;981,9;981,7;1330,7;30,5;18,8;32,2;30,5;19,4;17,3;52;41;50;34;4,8;1,1;
2022/09/23;2100 UTC;0;981,8;981,9;981,7;250,3;28,8;21;30,8;28,8;21,4;18,6;63;48;63;338;2,5;,2;
2022/09/23;2200 UTC;0;982,5;982,5;981,8;;26,5;21,4;28,8;26,5;22,2;20,7;73;63;73;309;2,2;,8;
2022/09/23;2300 UTC;0;983;983;982,5;;26,5;20,4;27,1;26,5;21,9;20,3;76;67;70;296;2,8;1,4;
2022/09/24;0000 UTC;0;983,6;983,6;983;;25,5;20,7;26,5;25,5;20,8;20,2;75;68;75;283;3,3;1;
2022/09/24;0100 UTC;0;984,1;984,1;983,6;;25,4;20,7;25,5;25,2;21,1;20,6;78;75;76;264;3,3;1,4;
2022/09/24;0200 UTC;0;984,2;984,4;984,1;;24,7;21,1;25,4;24,4;21,1;20,7;82;76;80;260;2,5;1,1;
2022/09/24;0300 UTC;0;983,8;984,2;983,8;;23,4;20,9;24,8;23,4;21,4;20,9;88;80;86;214;2;1,4;
2022/09/24;0400 UTC;0;983,4;983,9;983,4;;22,9;20,6;24,2;22,9;20,9;20,6;87;80;87;327;2,4;,5;
2022/09/24;0500 UTC;0;982,4;983,4;982,4;;23,2;20,9;23,2;22,8;21;20,7;89;87;87;256;2,5;1,4;
2022/09/24;0600 UTC;0;981,9;982,5;981,9;;22,3;20,7;23,4;22,3;21;20,6;91;85;91;65;2,5;,4;
2022/09/24;0700 UTC;0;981,8;981,9;981,6;;22;20,6;22,4;22;21;20,6;92;91;92;6;1,3;,9;
2022/09/24;0800 UTC;0;981,9;981,9;981,7;;22;20,5;22,3;21,9;20,9;20,5;92;91;91;204;2,2;,4;
2022/09/24;0900 UTC;0;982,1;982,1;981,9;;21,8;20,5;22;21,8;20,7;20,4;93;91;92;224;1,8;1,3;
2022/09/24;1000 UTC;0;983,1;983,1;982,1;197,8;23,6;21,4;23,6;21,8;21,4;20,6;92;88;88;200;3;1,1;
2022/09/24;1100 UTC;0;983,9;983,9;983;948,2;26,4;21,5;26,4;23,6;21,7;21;88;74;75;143;2,8;1,1;
2022/09/24;1200 UTC;0;984,5;984,5;983,9;1987,7;29,5;21,7;29,5;26,3;21,8;21;75;61;63;150;4,5;1,9;
2022/09/24;1300 UTC;0;984,8;984,8;984,5;2741,3;30,9;20,3;31,4;29,1;21,3;20,1;63;52;53;147;5,1;2,6;
2022/09/24;1400 UTC;0;984,2;984,8;984,2;2614,3;32,6;19,7;32,8;30,7;20,8;19,3;55;46;47;86;5;1,6;
2022/09/24;1500 UTC;0;983;984,2;983;3392,7;34,2;18,8;34,5;32,3;19,9;17,6;47;39;40;138;5;1,7;
2022/09/24;1600 UTC;0;981,9;983;981,9;3134;35,1;15,6;35,6;33,8;18,4;15,3;40;31;31;65;5,7;1,4;
2022/09/24;1700 UTC;0;980,4;981,9;980,4;3100,3;36,2;15,7;36,8;35;16,3;15,1;31;28;30;106;4,8;1,9;
2022/09/24;1800 UTC;0;979,2;980,4;979,2;2862,7;36,3;15,5;37,1;35,5;16,2;14,9;30;27;29;354;4,1;1,9;
2022/09/24;1900 UTC;0;978,3;979,2;978,3;1108,8;36,1;15,3;36,3;34,4;18,1;15,2;38;29;29;142;3,5;1;
2022/09/24;2000 UTC;0;977,8;978,3;977,7;1210,9;36;15,9;36,7;35,8;16;14,2;31;27;30;307;5,4;1,7;
2022/09/24;2100 UTC;0;978,5;978,5;977,8;351,2;33,3;17,7;36;33,3;17,8;15,9;40;31;39;312;4;1,2;
2022/09/24;2200 UTC;0;979,5;979,5;978,5;;31,5;19;33,3;31,5;19,9;17,8;50;40;48;299;2,6;1,7;
2022/09/24;2300 UTC;0;980,2;980,2;979,4;;30,2;19,5;31,5;30,2;20,2;19,1;55;48;53;310;2,9;1,6;
2022/09/25;0000 UTC;0;980,9;980,9;980,2;;30,1;19,2;30,4;30,1;19,7;19,1;54;51;52;301;4,1;1,9;
2022/09/25;0100 UTC;;;;;;;;;;;;;;;;;;
2022/09/25;0200 UTC;3,2;983,1;983,2;981,3;;23,1;21,3;29,2;23;21,3;19,5;90;57;90;126;12,3;7;
2022/09/25;0300 UTC;1,2;983,3;983,5;983,1;,1;23,5;21,3;23,6;23,1;21,6;21,2;90;87;87;139;12,3;4,7;
2022/09/25;0400 UTC;1,6;983,8;983,8;983,2;;23,2;21,5;23,6;23,1;21,8;21,3;91;87;91;107;9,8;2,3;
2022/09/25;0500 UTC;3,2;983,8;983,8;983,5;;22,9;21,4;23,2;22,9;21,6;21,4;92;90;91;139;4,7;2,1;
2022/09/25;0600 UTC;3,4;983,8;984,1;983,8;;22,9;21,5;22,9;22,6;21,5;21,1;92;91;92;140;5,8;2,8;
2022/09/25;0700 UTC;1,8;984,1;984,1;983,8;;22,7;21;23;22,7;21,6;21;92;90;90;135;5,9;2,5;
2022/09/25;0800 UTC;1,2;984,1;984,3;984,1;;22,5;21;22,8;22,4;21,2;20,9;91;89;91;126;4,7;1,7;
2022/09/25;0900 UTC;1,6;984,5;984,5;984;;22,4;21;22,6;22,4;21,2;20,9;92;91;91;125;4,2;2;
2022/09/25;1000 UTC;1;985;985;984,5;28;22,5;21;22,5;22,4;21;20,9;92;91;91;119;4,4;1,7;
2022/09/25;1100 UTC;,2;985,9;985,9;985;232;23,2;21,2;23,2;22,5;21,2;21;91;88;89;116;3,9;1,8;
2022/09/25;1200 UTC;0;986,8;986,8;985,9;767,9;24,7;22;24,7;23,2;22;21,1;89;84;85;72;3,4;1,7;
2022/09/25;1300 UTC;0;987,4;987,4;986,8;1027,1;25,3;21,4;25,4;24,7;22,1;20,9;85;77;79;59;5,9;2,9;
2022/09/25;1400 UTC;0;987,4;987,6;987,4;744,7;25,2;21,5;25,5;25;21,9;21,3;83;79;80;32;8,5;3,4;
2022/09/25;1500 UTC;0;986,8;987,4;986,8;850,3;25,2;21,2;25,4;25;21,7;20,9;81;77;79;62;7,1;2,9;
2022/09/25;1600 UTC;0;985,6;986,9;985,6;850,4;25,2;21,2;25,4;24,9;21,5;20,5;79;76;79;48;5,5;2;
2022/09/25;1700 UTC;0;984;985,6;984;634,9;24,8;21,2;25,2;24,7;21,4;20,6;81;77;81;118;4,6;1,9;
2022/09/25;1800 UTC;0;982,9;984;982,9;505,1;24,7;21,3;24,9;24,5;21,8;20,9;84;79;81;106;4,1;1,7;
2022/09/25;1900 UTC;0;982,3;982,9;982,2;539;25,1;21,5;25,3;24,6;21,9;21,2;83;81;81;121;3,1;1,7;
2022/09/25;2000 UTC;0;982,3;982,4;982,2;383,7;25,3;21,8;25,4;25;22;21,3;82;80;81;87;2,7;1,1;
2022/09/25;2100 UTC;0;982,4;982,5;982,3;149,4;25,1;22;25,4;25;22,1;21,7;83;81;83;82;2,3;,6;
2022/09/25;2200 UTC;0;982,6;982,7;982,4;;24,3;22,1;25,1;24,3;22,2;21,8;87;83;87;22;1,3;,7;
2022/09/25;2300 UTC;;;;;;;;;;;;;;;;;;
2022/09/26;0000 UTC;0;983,9;983,9;983;;23,4;22;24;23,4;22,1;21,8;92;89;92;44;1,3;,3;
2022/09/26;0100 UTC;;;;;;;;;;;;;;;;;;
2022/09/26;0200 UTC;0;984,2;984,3;984;;23,5;22,1;23,6;22,9;22,3;21,5;93;92;92;122;2,2;1,3;
2022/09/26;0300 UTC;0;984;984,3;984;;23,2;21,6;23,7;22,9;22,1;21,2;92;89;91;55;2,4;1,1;
2022/09/26;0400 UTC;,2;983,3;984;983,3;;23,4;21,1;23,6;22,9;21,6;21,1;91;87;87;117;2,6;1,6;
2022/09/26;0500 UTC;0;982,6;983,3;982,6;;23,1;21;23,4;23;21,1;20,9;88;87;88;121;2,7;1,6;
2022/09/26;0600 UTC;0;982,4;982,6;982,4;;22,9;21,1;23,2;22,8;21,2;20,9;90;88;90;123;2,7;1,5;
2022/09/26;0700 UTC;0;982,5;982,5;982,3;;23,2;21,2;23,4;22,8;21,3;21,1;90;88;88;125;3,5;1,4;
2022/09/26;0800 UTC;0;982,8;982,8;982,4;;23,1;21;23,3;23,1;21,2;20,9;88;87;88;128;3;,7;
2022/09/26;0900 UTC;0;983,7;983,7;982,8;;23,1;21,3;23,2;22,6;21,5;20,9;91;88;89;148;2,5;,9;
2022/09/26;1000 UTC;0;984,8;984,8;983,7;227,4;24,2;21,2;24,2;22,6;21,5;21;91;83;84;111;3;1,5;
2022/09/26;1100 UTC;0;985,5;985,5;984,8;1023,2;26,2;21,3;26,2;24,2;21,5;21;84;75;75;121;4,1;1,9;
2022/09/26;1200 UTC;0;985,7;985,7;985,5;1948,7;28,7;20,6;28,8;26,1;21,7;20,5;75;61;62;106;6,3;2,8;
2022/09/26;1300 UTC;0;985,7;985,9;985,7;2740,7;31,2;17,5;31,2;28,8;20,8;17,5;62;44;44;70;7,9;4,1;
2022/09/26;1400 UTC;0;985,4;985,7;985,4;3249,2;32,1;16,5;32,1;30,8;18,1;15,8;46;38;39;80;8,6;3,9;
2022/09/26;1500 UTC;0;984,3;985,4;984,3;3512,9;32,6;16,5;33,2;31,8;17,6;15,7;42;37;38;67;7,7;3;
2022/09/26;1600 UTC;0;983;984,3;983;3504,2;34,3;15,3;34,3;32,2;17,5;14,3;40;31;32;39;6,7;2,2;
2022/09/26;1700 UTC;0;982;983;982;2462,6;34;13,9;35,2;33,3;15,7;13,5;35;28;30;64;8,2;2,5;
2022/09/26;1800 UTC;0;981,2;982;981,2;2109,4;34,6;13,5;35,3;33,5;14,8;12,4;31;26;28;76;5,8;2,5;
2022/09/26;1900 UTC;0;980,6;981,2;980,6;2059,7;34,8;12,6;35,8;34,4;14,1;11,7;28;25;26;46;7,5;3,1;
2022/09/26;2000 UTC;0;980,4;980,6;980,4;1317,9;34,5;12,2;35,1;34,5;13;11,2;27;24;26;54;5,4;1,9;
2022/09/26;2100 UTC;0;980,8;980,8;980,4;372,3;31,9;17;34,6;31,9;17;12,1;41;26;41;47;3,5;,9;
2022/09/26;2200 UTC;;;;;;;;;;;;;;;;;;
2022/09/26;2300 UTC;;;;;;;;;;;;;;;;;;
2022/09/27;0000 UTC;;;;;;;;;;;;;;;;;;
2022/09/27;0100 UTC;;;;;;;;;;;;;;;;;;
2022/09/27;0200 UTC;0;983,5;983,5;983,2;;22,6;18,8;24,1;22,5;19,7;18,3;80;71;79;255;2,5;,9;
2022/09/27;0300 UTC;0;983,4;983,6;983,4;;21,6;18,8;22,6;21,6;19,5;18,7;85;79;84;318;1,3;,8;
2022/09/27;0400 UTC;0;982,9;983,4;982,9;;21;18,1;21,7;20,8;19;17,5;86;80;83;227;1,7;,9;
2022/09/27;0500 UTC;0;982,3;982,9;982,3;;21;17,5;21,5;20,4;18,6;17,4;86;78;80;267;2,2;1,2;
2022/09/27;0600 UTC;0;982,1;982,3;982,1;;19,6;17,4;21;19,6;17,9;16,9;88;80;87;274;2;,9;
2022/09/27;0700 UTC;0;981,9;982,1;981,9;;19,2;17,4;19,7;19,2;17,9;16,9;90;86;90;186;1,5;,3;
2022/09/27;0800 UTC;0;982,4;982,4;981,9;;19,9;18,7;20;18,7;18,8;17,1;93;90;93;37;3,1;,7;
2022/09/27;0900 UTC;0;983,2;983,2;982,4;;18,4;17;19,9;18,2;18,5;16,8;93;91;92;201;2,3;1,7;
2022/09/27;1000 UTC;0;984,3;984,5;983,2;272,7;21,7;18;21,7;18,4;18,5;17,1;93;79;79;128;2,4;1,1;
2022/09/27;1100 UTC;0;985,3;985,3;984,3;1088;26,1;16;26,1;21,7;18,8;16;80;54;54;155;2,7;1,4;
2022/09/27;1200 UTC;0;986;986;985,3;2018,6;29,8;13,3;29,9;26,1;16,5;13,3;55;36;36;83;3,6;1,7;
2022/09/27;1300 UTC;0;986,1;986,1;985,9;2788;32,6;11,2;32,6;29,8;13,9;11;37;27;27;45;6,2;2,5;
2022/09/27;1400 UTC;0;985,5;986,1;985,5;3267,9;33,8;10,6;34,2;32,3;12;10,3;28;24;24;35;7,8;2,8;
2022/09/27;1500 UTC;0;984,5;985,5;984,5;3571;35,5;11,1;35,5;33,8;11,7;9,8;25;21;23;33;7,7;3,3;
2022/09/27;1600 UTC;0;983,1;984,5;983,1;3563,2;35,9;7,4;36,5;34,9;10,9;7;23;17;18;55;7,1;2,8;
2022/09/27;1700 UTC;0;981,7;983,1;981,7;3326;36,1;7,3;37,3;35,9;9,2;6,2;19;15;17;127;5,6;3;
2022/09/27;1800 UTC;0;980,6;981,7;980,6;2856,1;37,1;5,9;37,7;36;9,1;4,6;19;13;15;98;5,2;2,1;
2022/09/27;1900 UTC;0;980,1;980,6;980,1;2159,2;37;5,7;37,8;36,6;7,6;5,1;17;14;15;55;5,3;2,3;
2022/09/27;2000 UTC;0;979,8;980,1;979,7;1331,7;36,4;8,4;37,2;36,2;8,4;5;18;14;18;60;4,2;1,2;
2022/09/27;2100 UTC;0;980,1;980,1;979,8;401;32,5;11,1;36,4;32,5;12,5;7,7;29;17;27;60;2,6;,7;
2022/09/27;2200 UTC;0;980,8;980,8;980,1;;28,2;14,7;32,5;28,2;16,6;11,6;44;27;44;196;1,7;,7;
2022/09/27;2300 UTC;;;;;;;;;;;;;;;;;;
2022/09/28;0000 UTC;;;;;;;;;;;;;;;;;;
2022/09/28;0100 UTC;;;;;;;;;;;;;;;;;;
2022/09/28;0200 UTC;;;;;;;;;;;;;;;;;;
2022/09/28;0300 UTC;0;981,8;982;981,8;;22,1;18,4;23,6;21,9;18,4;16,5;80;65;80;3;2,3;,8;
2022/09/28;0400 UTC;0;981,4;981,8;981,3;;20,9;16,9;22,1;20,9;18,6;16,8;83;76;78;357;2,4;1,4;
2022/09/28;0500 UTC;0;980,6;981,7;980,6;;21,4;17,7;21,6;20,7;18,1;16,5;82;75;80;311;7,1;1,4;
2022/09/28;0600 UTC;0;980,5;980,7;980,5;;19,8;17,2;21,4;19,8;17,8;16,6;85;78;85;192;2,2;,5;
2022/09/28;0700 UTC;0;980,7;980,8;980,5;;20,4;17,9;20,5;19,5;18,2;17,1;87;84;86;13;3,5;1,1;
2022/09/28;0800 UTC;0;981,1;981,1;980,6;;18,9;16,8;20,5;18,9;17,8;16,7;88;84;88;213;2,7;1,1;
2022/09/28;0900 UTC;0;981,6;981,6;981,1;;18,4;16,3;19,3;18,4;17,4;16,3;89;86;88;222;1,9;1,2;
2022/09/28;1000 UTC;0;982,9;982,9;981,6;254;22,2;17,6;22,2;18,4;18,1;16,3;90;75;75;162;3,5;1,3;
2022/09/28;1100 UTC;0;984,1;984,1;982,9;1045,4;26,4;16,5;26,4;22,2;17,9;16;75;53;54;162;4,3;2,4;
2022/09/28;1200 UTC;0;984,4;984,4;984;1986,5;29,4;15,8;29,4;26,4;17,4;15,5;56;43;44;141;5;2,8;
2022/09/28;1300 UTC;0;984,3;984,5;984,3;2770;33,1;10,2;33,1;29,4;16;9,8;44;24;25;72;5,2;2,6;
2022/09/28;1400 UTC;0;983,5;984,3;983,5;3284,4;34,9;7,2;35,3;33,1;10,5;6,8;25;18;18;58;6,1;3,2;
2022/09/28;1500 UTC;0;982,4;983,5;982,4;3554,6;36,4;7,2;36,4;34,8;8,3;5,7;19;15;17;48;7,1;2,7;
2022/09/28;1600 UTC;0;981,1;982,4;981,1;3513,7;36,8;6,3;37;35,6;7,3;5,2;17;15;15;34;6,8;2,9;
2022/09/28;1700 UTC;0;979,8;981,1;979,8;3301,1;37,4;5,2;38;36,7;8;4,8;17;13;14;11;7,6;3,2;
2022/09/28;1800 UTC;0;979,1;979,8;979;2837,4;37,8;5,6;38,2;36,9;6,4;4,4;15;13;14;25;7,1;3,6;
2022/09/28;1900 UTC;0;978,5;979,1;978,5;2135;37;5,1;38,1;36,9;6,5;4,6;15;13;14;78;6,7;1,4;
2022/09/28;2000 UTC;0;978,6;978,6;978,4;1274,8;36,3;7,2;37,4;36,3;7,6;4,5;17;13;17;49;6,1;1,9;
2022/09/28;2100 UTC;0;979;979;978,6;362,9;32,6;13,3;36,4;32,6;13,3;7,1;31;16;31;6;3;1,2;
2022/09/28;2200 UTC;0;979,4;979,5;979;;28,2;13,3;32,6;28,2;17,4;12,7;49;31;40;292;1,6;,5;
2022/09/28;2300 UTC;0;979,9;979,9;979,4;;25,5;16,2;28,2;25,5;17,4;13,2;57;39;56;132;,8;,3;
2022/09/29;0000 UTC;0;980,4;980,4;979,9;;24;16,9;26,2;24;16,9;13,6;64;49;64;170;1,7;1;
2022/09/29;0100 UTC;0;980,9;980,9;980,4;;24;16,5;24,7;23,8;17,1;14,9;65;55;63;228;2,4;1,3;
2022/09/29;0200 UTC;0;981,3;981,3;980,9;;21,4;16,3;24;21,4;17,9;15,4;73;61;72;49;2,4;1,1;
2022/09/29;0300 UTC;0;981,1;981,4;981,1;;21,7;17,9;22,6;21,4;18,2;16,3;79;72;79;200;2,1;1,6;
2022/09/29;0400 UTC;0;980,7;981,1;980,7;;22;17,5;22,6;21,4;18,2;17,3;80;74;76;323;2,5;1,2;
2022/09/29;0500 UTC;0;980,9;981,1;980,6;;21,7;16,8;22;20;17,4;16,7;83;74;74;6;4,2;1,5;
2022/09/29;0600 UTC;0;980,5;980,9;980,5;;20,6;16,6;21,8;20,3;17,3;16,1;81;71;78;37;2,6;,6;
2022/09/29;0700 UTC;0;980,4;980,5;980,3;;19,3;16,3;20,6;19,2;16,8;14,5;84;73;83;220;2,5;2,1;
2022/09/29;0800 UTC;0;980,7;980,8;980,4;;18,9;16,1;19,7;18,6;16,7;15,9;85;79;84;347;2,5;1;
2022/09/29;0900 UTC;0;981,8;981,9;980,7;;19,1;16,7;19,4;18,5;16,7;15,9;87;81;86;49;4,3;,9;
2022/09/29;1000 UTC;0;982,3;982,3;981,8;208,8;21,9;18,2;21,9;18,9;18,6;16,4;87;80;80;159;2,2;,6;
2022/09/29;1100 UTC;0;983;983,3;982,3;994,5;26,5;15,8;26,5;21,9;18,6;15,8;79;52;52;156;3,8;,8;
2022/09/29;1200 UTC;0;983,5;983,5;983;1910;30,4;15,1;30,4;26,5;16,3;14,5;53;39;39;98;2,9;1,6;
2022/09/29;1300 UTC;0;983,5;983,7;983,5;2646,8;33,9;10;34,1;30,4;15;9,8;39;23;23;42;7,4;3,9;
2022/09/29;1400 UTC;0;983;983,5;983;3175,5;34,9;11,2;34,9;33,8;12;9,8;26;22;24;50;8,6;4,4;
2022/09/29;1500 UTC;0;982;983;982;3439,4;36,1;9,5;36,5;34,7;11,7;9,1;24;19;20;48;8;3,3;
2022/09/29;1600 UTC;0;980,8;982;980,8;3410,7;37,1;8,6;37,5;35,9;10,5;7,8;21;17;18;17;8,3;2,7;
2022/09/29;1700 UTC;0;979,6;980,9;979,6;3220,5;37,4;8,4;38;36,6;8,7;6,9;18;15;17;359;8,3;2,9;
2022/09/29;1800 UTC;0;978,8;979,6;978,8;2766,8;37,6;6,8;38;37;8,4;6,1;17;15;15;29;5,7;2,5;
2022/09/29;1900 UTC;0;978,5;978,8;978,4;2085,6;37,6;7,8;38,1;37,4;8;6;17;14;16;37;6,1;2;
2022/09/29;2000 UTC;0;978,4;978,5;978,3;1251,8;37;9,5;37,9;37;9,6;5,9;19;15;19;78;4,7;1,1;
2022/09/29;2100 UTC;0;978,6;978,6;978,4;302,2;32,6;15,8;37;32,6;15,8;8,4;37;18;37;323;2,2;,3;
2022/09/29;2200 UTC;;;;;;;;;;;;;;;;;;
2022/09/29;2300 UTC;0;979,6;979,6;979;;27,7;16,2;29,3;27,1;16,8;11,4;52;35;50;221;2,7;1,1;
2022/09/30;0000 UTC;0;980,3;980,3;979,6;;26;14,8;27,7;25,7;16,6;12,5;55;41;50;273;1,5;,9;
2022/09/30;0100 UTC;0;980,8;980,8;980,3;;24,8;17,9;26;24,5;17,9;13,3;66;45;65;244;1,9;,7;
2022/09/30;0200 UTC;0;980,7;980,8;980,7;;23,8;18;24,8;23,7;18,2;16,2;70;59;70;169;1,9;,6;
2022/09/30;0300 UTC;0;980,8;981;980,7;;23,2;17,1;24,1;23,1;18,2;16;70;63;68;217;3,4;1;
2022/09/30;0400 UTC;0;980,5;980,8;980,5;;23,4;17,7;23,6;22,8;17,7;16,5;71;66;71;154;2,5;1,4;
2022/09/30;0500 UTC;0;979,8;980,5;979,8;;23,7;18;24;23,3;18;17,4;72;68;71;280;3;1,2;
2022/09/30;0600 UTC;0;980,3;980,4;979,7;;22,8;18;23,7;22,4;18,5;17,6;79;70;75;109;3,9;1,3;
2022/09/30;0700 UTC;0;980,1;980,3;980,1;;21,9;17,7;23,4;21,5;18,2;17,4;79;70;77;322;2,7;,8;
2022/09/30;0800 UTC;0;980,6;980,7;980,1;;21,2;17,5;21,9;21;17,9;17;81;77;79;289;1,9;1;
2022/09/30;0900 UTC;0;981,3;981,3;980,6;;20,3;17,4;21,2;20,1;17,8;16,9;85;79;84;227;2,3;1,3;
2022/09/30;1000 UTC;0;982;982;981,3;244,8;22,2;18,2;22,2;20,3;18,9;17,5;84;78;78;38;2,5;1,3;
2022/09/30;1100 UTC;0;982,5;982,5;982;926,7;26,3;17,5;26,4;22,2;19,9;17,5;78;58;58;33;2,5;1,4;
2022/09/30;1200 UTC;0;983,1;983,4;982,5;1838,6;30,6;16;30,8;26,3;18;16;60;41;41;85;6,1;2,5;
2022/09/30;1300 UTC;0;983,2;983,3;983,1;2563,7;33,6;14,5;34,2;30,3;16,6;13,8;43;31;32;99;6,1;3;
2022/09/30;1400 UTC;0;982,9;983,2;982,9;3059;35,6;11,9;36,1;33,3;15,6;11,5;33;23;24;68;5,5;1,5;
2022/09/30;1500 UTC;0;982,3;982,9;982,3;3299,8;37,4;9,3;37,7;35,6;12;9,3;24;18;18;100;4,8;2,3;
2022/09/30;1600 UTC;0;981,1;982,3;981,1;3255,6;37,7;10,4;38,2;36,9;10,5;8,8;20;17;19;70;5,5;1,6;
2022/09/30;1700 UTC;0;980,3;981,1;980,3;3058,2;38;10,3;39;37,4;11,3;9,8;20;18;19;177;5,6;2,1;
2022/09/30;1800 UTC;0;979,7;980,3;979,7;2430,1;37,4;10,9;39,1;37,4;11,5;9,9;20;18;20;145;5,1;2,4;
2022/09/30;1900 UTC;0;979,3;979,7;979,2;1844,5;38,2;10;38,5;37,4;11,5;9,4;21;18;18;75;4,5;1,9;
2022/09/30;2000 UTC;0;979,6;979,6;979,3;1083,5;37,1;11,4;38,2;37;11,5;8,8;22;17;21;39;5;1,5;
2022/09/30;2100 UTC;0;979,9;979,9;979,6;283,3;33,7;13,9;37,1;33,7;14,2;11,4;31;21;30;9;2,7;1,4;
2022/09/30;2200 UTC;0;980,3;980,3;979,9;;29,9;16,9;33,7;29,9;18;14;47;31;46;334;1,9;,8;
2022/09/30;2300 UTC;0;980,6;980,6;980,3;;27,8;17,9;29,9;27,8;18,2;16,4;55;46;55;327;1,4;1,1;
2022/10/01;0000 UTC;0;981;981;980,6;;26,6;15,9;27,8;26,6;18,1;15,9;58;51;52;171;1,5;,5;
2022/10/01;0100 UTC;;;;;;;;;;;;;;;;;;
2022/10/01;0200 UTC;0;981,7;982;981,5;;24,6;18,2;25,7;24,3;18,5;17,3;68;61;68;251;3,9;,8;
2022/10/01;0300 UTC;0;981,5;981,7;981,4;;24,1;18,9;24,6;23,8;18,9;18;73;67;73;168;2,6;1,1;
2022/10/01;0400 UTC;0;981,1;981,5;981,1;;24,5;20;24,8;23,7;20,1;18,6;77;70;76;33;2,4;,3;
2022/10/01;0500 UTC;0;980,9;981,1;980,9;;23,8;20;24,5;23,7;20,2;19,1;80;74;79;81;1,1;,4;
2022/10/01;0600 UTC;0;980,6;980,9;980,6;;24,1;19,7;24,2;23,4;20,2;19,7;81;76;76;115;1,6;,7;
2022/10/01;0700 UTC;0;980,7;980,7;980,6;;24,7;17,2;24,8;23,7;19,6;17,1;77;62;63;120;2,3;1,1;
2022/10/01;0800 UTC;0;981,4;981,5;980,7;;24,2;17;25,2;24,2;17,1;16,5;64;59;64;164;2,9;1,1;
2022/10/01;0900 UTC;0;982,2;982,3;981,4;;25,6;16,3;25,6;23,9;17,1;15,8;66;56;56;143;5;2,1;
2022/10/01;1000 UTC;0;983,4;983,4;982,2;257,1;27;15,7;27;25,1;16,4;15,5;58;50;50;113;4,1;2;
2022/10/01;1100 UTC;0;984,3;984,3;983,4;1007;29,6;16;29,8;27;16,2;15,6;50;43;44;104;4,1;1,6;
2022/10/01;1200 UTC;0;984,9;984,9;984,3;1927,2;31,8;12,9;32;29,6;16;12,6;44;31;31;82;9,2;4,2;
2022/10/01;1300 UTC;0;985,1;985,2;984,9;2685,3;33,3;12,4;33,7;31,8;13,7;12,2;32;28;28;56;8,1;4,2;
2022/10/01;1400 UTC;0;984,5;985,1;984,5;3173,4;34,5;12,4;34,7;33,2;13,1;11,7;29;26;26;66;9,9;3,5;
2022/10/01;1500 UTC;0;983,7;984,5;983,7;3396,1;34,9;12,7;35,6;33,9;13,1;12;27;25;26;62;8,8;3,7;
2022/10/01;1600 UTC;0;982,8;983,7;982,8;3281,4;35,8;12,4;36,5;34,4;13,5;11,9;27;24;24;68;7,8;3,8;
2022/10/01;1700 UTC;0;981,6;982,8;981,6;3064,1;36,9;13,1;37;35,2;13,2;11,7;25;23;24;39;7,3;2,6;
2022/10/01;1800 UTC;0;980,8;981,6;980,7;2559,2;36,8;12,4;37,5;35,9;13;11,5;24;22;23;60;7,5;3,1;
2022/10/01;1900 UTC;0;980,3;980,8;980,3;1913,6;36,3;11,6;37,3;36,3;13;11,2;24;21;23;48;7,5;2,2;
2022/10/01;2000 UTC;0;980,3;980,3;980,2;1206,3;36,4;12;36,9;36,3;12,2;10,6;23;21;23;63;4,9;1,4;
2022/10/01;2100 UTC;0;980,5;980,5;980,3;357,1;33,5;16;36,4;33,5;16;11,7;35;23;35;322;3,2;,8;
2022/10/01;2200 UTC;0;981;981;980,5;;29,8;16,8;33,5;29,5;18,2;16,1;48;35;46;219;2,5;1,5;
2022/10/01;2300 UTC;0;981,6;981,6;981;;28,7;18;30,2;28,6;18,9;16,4;56;45;53;278;1,9;1,6;
2022/10/02;0000 UTC;0;982;982;981,6;;27,6;17,2;28,8;26,5;18,9;16,4;59;51;53;258;2,4;1,4;
2022/10/02;0100 UTC;0;982,3;982,3;982;;26,3;18,4;27,7;26,3;18,9;17,1;64;53;62;250;2,2;1,3;
2022/10/02;0200 UTC;0;982,8;982,8;982,3;;25,5;19,1;26,3;25,3;19,3;17,5;69;61;68;76;1,9;,4;
2022/10/02;0300 UTC;0;982,3;982,8;982,3;;24,8;20,1;25,5;24,8;20,6;19,2;75;68;75;157;1,8;,8;
2022/10/02;0400 UTC;0;982;982,3;982;;24,5;19,8;25,1;24,3;20,1;19,2;76;70;75;138;2,2;,4;
2022/10/02;0500 UTC;0;981,5;982;981,5;;24,5;20,2;24,8;24,1;20,2;19,3;78;72;77;175;1,1;,3;
2022/10/02;0600 UTC;0;981,6;981,7;981,3;;24,8;19,8;24,8;23,6;20,2;19,7;80;74;74;143;2,8;1,2;
2022/10/02;0700 UTC;0;981,7;981,8;981,6;;24,5;19,3;25,4;24,4;20,1;18,9;74;71;73;314;2,3;,7;
2022/10/02;0800 UTC;0;982,1;982,1;981,7;;24,2;19,8;24,5;23,7;19,8;19,2;77;73;76;270;3,1;,8;
2022/10/02;0900 UTC;0;982,8;982,8;982;;23,8;20,4;24,3;23,4;20,5;19,7;82;76;81;232;1,2;,5;
2022/10/02;1000 UTC;0;984,1;984,1;982,8;243,8;25,3;20,5;25,3;23,3;20,7;20;82;74;75;354;3,3;1,7;
2022/10/02;1100 UTC;0;984,8;984,8;984,1;765,7;28,5;19,2;28,5;25,3;20,7;19,2;75;57;57;95;4;1,1;
2022/10/02;1200 UTC;0;984,8;984,9;984,7;1830,1;31,8;16;32,1;28,6;19,2;16;57;38;39;60;4,5;2,2;
2022/10/02;1300 UTC;0;985;985;984,8;2564,7;34,7;14,1;34,7;31,8;16,5;13,7;39;29;29;38;8;3,8;
2022/10/02;1400 UTC;0;984,4;985;984,4;3102,5;35,5;12;35,7;34;13,7;11,9;29;24;24;41;9,5;4,4;
2022/10/02;1500 UTC;0;983,5;984,4;983,4;3377,1;36,3;11,7;36,9;35,1;13,1;11,3;25;23;23;15;9,4;4,2;
2022/10/02;1600 UTC;0;982,4;983,5;982,4;3323;37,2;10,8;37,7;36;12,7;10,8;24;20;20;14;7,8;3,3;
2022/10/02;1700 UTC;0;981,2;982,4;981,2;3179,1;37,9;11,2;38;36,9;11,6;10,1;21;19;20;34;7;2,8;
2022/10/02;1800 UTC;0;980,6;981,2;980,6;2457,8;37,2;10,8;38,3;36,7;11,6;10,2;22;19;20;10;6,7;2,6;
2022/10/02;1900 UTC;0;980;980,6;979,9;1918,4;36,8;10,6;38;36,8;11,5;10,3;21;19;21;356;6,7;2,3;
2022/10/02;2000 UTC;0;979,8;980;979,8;1104,1;36,7;11,2;37,8;36,6;11,5;10,2;22;19;22;326;4,7;1,3;
2022/10/02;2100 UTC;0;980,4;980,4;979,8;283,9;33,1;16,4;36,7;33,1;16,7;11;37;22;37;275;2,1;,7;
2022/10/02;2200 UTC;;;;;;;;;;;;;;;;;;
2022/10/02;2300 UTC;0;981,6;981,6;980,7;;28,3;17,5;29,8;28,3;17,8;14,8;52;40;52;280;1,6;,6;
2022/10/03;0000 UTC;0;982,2;982,2;981,6;;27,5;17,8;28,3;27,1;18,2;15,2;57;47;55;236;2,3;1,8;
2022/10/03;0100 UTC;0;982,7;982,7;982,2;;27,9;18,8;27,9;25,9;19,5;17,3;67;53;58;169;4,4;,9;
2022/10/03;0200 UTC;0;982,8;982,8;982,7;;26,4;18,2;27,9;26,2;18,7;17,6;62;55;61;154;2,2;1;
2022/10/03;0300 UTC;0;982,4;982,8;982,4;;25,8;18,1;26,5;25,8;18,9;17,8;66;59;62;172;1,9;,8;
2022/10/03;0400 UTC;0;982,2;982,4;982,2;;26,7;18,3;26,7;25,3;19,1;18,2;68;60;60;149;5;1,7;
2022/10/03;0500 UTC;0;981,8;982,2;981,8;;26,2;18,4;27,2;26,2;18,5;17,4;62;55;62;116;5;1,2;
2022/10/03;0600 UTC;0;981,7;981,8;981,6;;26,1;18,6;26,2;25,8;18,8;18,2;65;62;63;161;2,6;1,4;
2022/10/03;0700 UTC;0;981,6;981,8;981,6;;24,8;19;26,1;24,6;19,1;18,6;71;63;71;209;2,6;1,6;
2022/10/03;0800 UTC;0;982,1;982,1;981,6;;24,3;19,8;24,8;23,7;20;19;77;71;76;132;2;,5;
2022/10/03;0900 UTC;0;982,6;982,6;982,1;;23,7;19,8;24,3;23,4;20;19,5;80;76;79;33;1,9;,6;
2022/10/03;1000 UTC;0;983,3;983,3;982,6;257,1;26,5;19,8;26,5;23,5;20,1;19,5;79;66;67;117;2,2;1;
2022/10/03;1100 UTC;0;984,7;984,9;983,3;604,2;27,8;19,4;27,8;26,3;20,3;19;67;60;60;280;7,8;2,8;
2022/10/03;1200 UTC;0;985,3;985,4;984,7;1666,8;30,2;19;30,2;27,2;19,6;18,7;62;51;51;193;7,1;1,3;
2022/10/03;1300 UTC;0;985,4;985,4;985,3;1205,1;30,7;18,6;31;29,8;18,9;18,2;51;48;49;277;3,7;1,6;
2022/10/03;1400 UTC;0;984,6;985,4;984,6;1627,5;31,9;18;32,1;30,3;19,2;18;50;43;44;321;3,5;,9;
2022/10/03;1500 UTC;0;982,9;984,6;982,9;2675;34,4;16,8;34,4;31,7;18,1;16,5;44;35;35;120;4,8;2;
2022/10/03;1600 UTC;0;981,5;982,9;981,5;3320,7;37,1;14,4;37,2;34,4;16,8;13,8;35;25;26;138;6,1;2,2;
2022/10/03;1700 UTC;0;980,2;981,4;980,2;3012;36,9;13,5;37,3;36;14,4;13;26;24;25;176;5,4;1,7;
2022/10/03;1800 UTC;0;979,5;980,2;979,5;2529,9;36,1;13,6;37,5;35,9;14,5;12,9;27;24;26;3;5,1;2,1;
2022/10/03;1900 UTC;0;979;979,5;979;1759,6;37;14;37,4;36;14,6;13,2;27;24;25;60;4,2;1,2;
2022/10/03;2000 UTC;0;979;979;978,8;1132,1;35,8;14;37;35,7;14,6;13,6;28;25;27;21;4,4;1,7;
2022/10/03;2100 UTC;0;978,8;979;978,8;303,2;33,5;16,7;35,9;33,5;16,7;14;37;27;37;309;3,5;1;
2022/10/03;2200 UTC;0;979,6;979,7;978,8;;30,6;18;33,5;30,5;18,8;16,5;49;36;47;294;2,3;1,3;
2022/10/03;2300 UTC;0;980;980;979,6;;29,3;18,8;30,9;29,1;18,9;17,7;54;45;53;311;2,4;1,2;
2022/10/04;0000 UTC;0;980,5;980,5;980;;28,2;18,9;29,6;27,8;19,7;18,5;61;52;57;313;2,5;1,4;
2022/10/04;0100 UTC;0;981;981;980,5;;27,3;19,4;28,8;26,9;19,5;18,3;64;54;62;314;3;1,1;
2022/10/04;0200 UTC;0;981,4;981,5;981;;25,8;19,9;27,6;25,7;20;19,4;70;62;70;356;3,3;1,5;
2022/10/04;0300 UTC;0;981,5;981,6;981,4;;25,3;20,1;26;25,2;20,3;20;73;70;73;331;2,6;,8;
2022/10/04;0400 UTC;0;980,6;981,5;980,6;;25;20,2;25,5;24,6;20,4;20;76;72;75;225;4,1;2,5;
2022/10/04;0500 UTC;0;980,3;980,6;980,2;;24,1;20,2;25,1;24,1;20,3;20,1;79;75;79;167;4,1;,6;
2022/10/04;0600 UTC;0;980,1;980,3;979,9;;23,8;20,3;24,2;23,5;20,4;20,1;81;79;81;66;1,2;,4;
2022/10/04;0700 UTC;0;980,6;980,6;980,1;;23,8;20,3;24;23,2;20,4;20;83;80;81;341;1,5;1,1;
2022/10/04;0800 UTC;0;981,1;981,1;980,6;;23,4;20,1;23,8;23;20,5;20;84;81;82;326;1,5;,7;
2022/10/04;0900 UTC;0;981,7;981,7;981;;22,8;19,9;23,4;22,8;20,1;19,8;84;82;84;322;1,5;,4;
2022/10/04;1000 UTC;0;982,4;982,4;981,7;217,6;24,3;20,8;24,3;22,8;20,8;19,9;84;81;81;346;1,9;1,2;
2022/10/04;1100 UTC;0;983,4;983,4;982,4;932,4;27,4;21,4;27,4;24,3;21,4;20,9;81;70;70;7;3,9;2,3;
2022/10/04;1200 UTC;0;984,1;984,1;983,4;1759,6;29,2;21;29,4;27,4;21,8;20,8;70;61;61;32;4,1;2;
2022/10/04;1300 UTC;0;984;984,2;984;2394,1;32,1;20,9;32,1;29,2;21,6;20,5;61;52;52;331;5,3;2,3;
2022/10/04;1400 UTC;0;983,4;984;983,4;2873,7;33,5;20,5;33,5;31,6;20,8;19,7;52;45;47;301;5,6;2,4;
2022/10/04;1500 UTC;0;982,3;983,4;982,3;2971,1;34,2;19,1;34,7;33,2;20,4;19,1;47;41;41;335;5,7;2,7;
2022/10/04;1600 UTC;0;981,2;982,3;981,2;3113,6;35,1;18,1;35,4;33,9;19,8;17,6;42;36;37;28;7,1;3,2;
2022/10/04;1700 UTC;0;979,7;981,2;979,7;2757,3;35,6;17,3;36,1;34,6;18,3;16,9;37;34;34;7;6,5;3;
2022/10/04;1800 UTC;0;978,6;979,7;978,6;2466,4;35,5;16,6;36,8;35;18;16,6;36;32;33;354;6,1;2,2;
2022/10/04;1900 UTC;0;978;978,5;978;1826,9;35,9;16,3;36,3;35,4;17,1;16;33;31;31;345;5,6;2;
2022/10/04;2000 UTC;0;978,2;978,2;977,9;1059,3;35,3;16,5;35,9;35;16,7;15,8;34;31;33;324;6;2;
2022/10/04;2100 UTC;0;978,7;978,7;978,2;276,4;33;18,4;35,3;33;18,4;16,2;42;33;42;322;4,2;,9;
2022/10/04;2200 UTC;0;979,2;979,2;978,6;;30,6;19,5;33;30,6;19,5;18,3;52;42;52;303;2;,9;
2022/10/04;2300 UTC;0;979,9;979,9;979,2;;29,7;19,9;30,6;29,7;20,2;19;57;50;55;298;2;1,1;
2022/10/05;0000 UTC;;;;;;;;;;;;;;;;;;
2022/10/05;0100 UTC;0;980,9;980,9;980,4;;27,3;21,4;27,9;27,2;21,5;20,5;71;64;70;332;1;,5;
2022/10/05;0200 UTC;0;980,9;981;980,9;;26,5;21,8;27,3;26,3;21,9;21,1;76;69;76;168;1;,2;
2022/10/05;0300 UTC;0;980,8;980,9;980,7;;25,7;21,5;26,6;25,6;22;21,5;79;76;78;216;3,5;2,1;
2022/10/05;0400 UTC;0;980,3;980,8;980,3;;25,6;21;26,3;25,5;21,4;20,6;78;72;76;226;3,5;1,5;
2022/10/05;0500 UTC;0;979,7;980,3;979,7;;24,9;21,3;25,6;24,9;21,4;20,9;81;76;81;214;1,9;,5;
2022/10/05;0600 UTC;0;979,5;979,7;979,4;;24,2;21,1;24,9;24,1;21,4;21;83;80;83;66;,8;,2;
2022/10/05;0700 UTC;0;979,8;979,8;979,5;;24,6;21,7;24,6;24;21,7;21;85;83;84;109;1,9;1,2;
2022/10/05;0800 UTC;0;980;980;979,8;;24,3;21,2;24,7;24,2;21,8;21,1;84;83;83;213;1,7;,5;
2022/10/05;0900 UTC;0;980,4;980,4;980;;24,3;20,8;24,4;24,2;21,1;20,5;83;80;81;204;1,5;,8;
2022/10/05;1000 UTC;0;981,5;981,5;980,4;271,7;26,2;21,9;26,3;24,2;22;20,7;82;77;77;130;2,4;1,3;
2022/10/05;1100 UTC;0;982,7;982,7;981,5;641,2;28,4;21,4;28,4;26,2;22,1;21,3;77;66;66;120;3,3;1,6;
2022/10/05;1200 UTC;0;983,3;983,4;982,7;1191;30,9;20,3;30,9;28,4;21,6;20,1;66;53;53;99;3,9;1,3;
2022/10/05;1300 UTC;0;983,1;983,3;983;2445,9;34;18,5;34,2;30,9;20,3;18,2;53;40;40;141;4,7;2,6;
2022/10/05;1400 UTC;0;982,8;983,2;982,8;2436,9;35,3;16,3;35,4;33,8;18,5;16;40;32;32;152;5;2,2;
2022/10/05;1500 UTC;0;981,9;982,8;981,9;2798,3;36,1;16,1;36,3;34,9;16,7;15,7;33;30;31;189;6,4;3;
2022/10/05;1600 UTC;0;980,2;981,9;980,2;3148,4;36,4;15,7;36,6;35,1;16,1;15,3;31;29;29;85;5,4;1,8;
2022/10/05;1700 UTC;0;979;980,2;979;2720,4;36,5;15,2;37,2;35,7;16,1;15;30;28;28;127;4,8;1,7;
2022/10/05;1800 UTC;0;977,9;979;977,9;2308,7;37,4;15,9;37,5;36,2;15,9;14,8;29;27;28;141;5,3;1,8;
2022/10/05;1900 UTC;0;977,4;977,9;977,2;1231,3;36,6;15,6;37,4;36,1;16;14,9;30;27;29;356;4,7;2;
2022/10/05;2000 UTC;0;978,5;978,5;977,4;735,8;33,6;17,9;36,7;33,6;18,7;14,9;40;28;39;193;6,1;3,6;
2022/10/05;2100 UTC;0;978,5;978,6;978,4;245,1;32,6;18,6;33,8;32,6;18,6;17,9;44;39;44;192;5,6;1,6;
2022/10/05;2200 UTC;;;;;;;;;;;;;;;;;;
2022/10/05;2300 UTC;;;;;;;;;;;;;;;;;;
2022/10/06;0000 UTC;0;980;980;979,5;;28,3;19,8;29,1;28,2;20;19,7;61;57;60;199;3;1,5;
2022/10/06;0100 UTC;0;980,6;980,6;980;;27,3;20,3;28,3;27,2;20,4;19,8;66;60;66;217;2,3;1,9;
2022/10/06;0200 UTC;0;980,8;980,9;980,6;;27,1;20,1;27,3;26,9;20,4;20,1;67;65;66;234;2,3;1,5;
2022/10/06;0300 UTC;0;980,4;980,9;980,4;;26,6;20,6;27,1;26,3;20,6;20,2;71;66;69;198;2,3;1,3;
2022/10/06;0400 UTC;0;980,2;981,2;980,2;;28,3;18,1;28,4;26,6;21,2;18,1;72;54;54;307;7,3;2,1;
2022/10/06;0500 UTC;0;978,6;980,2;978,6;;28,7;19,4;29,1;27,8;19,5;18,2;60;54;57;157;5,2;3,3;
2022/10/06;0600 UTC;0;978,6;978,7;978,5;;27,2;20,6;29;27,1;20,6;19,3;68;56;67;162;5,1;,6;
2022/10/06;0700 UTC;0;978,6;978,7;978,6;;26;20,5;27,2;26;20,6;20,3;72;67;72;203;2,4;1,1;
2022/10/06;0800 UTC;0;979;979;978,4;;25,2;20,8;26,2;25,2;20,8;20,4;77;70;77;207;1,9;,9;
2022/10/06;0900 UTC;0;980;980;979;;24,9;21,2;25,2;24,6;21,2;20,7;80;77;80;1;2,4;1,7;
2022/10/06;1000 UTC;0;980,9;980,9;980;205,8;26,1;20,9;26,1;24,9;21,3;20,8;81;73;73;49;2,8;1,5;
2022/10/06;1100 UTC;0;982;982;980,9;797,4;28,1;20,5;28,2;26;21,1;20,5;73;63;63;75;3,6;1,6;
2022/10/06;1200 UTC;0;982,1;982,1;981,9;1619,7;30,5;19,6;30,8;28,1;20,7;19,5;63;51;52;93;3,2;1,3;
2022/10/06;1300 UTC;0;982,1;982,4;982,1;2443,4;33,1;18,9;33,1;30,5;20,2;18,6;53;43;43;60;3,7;1,6;
2022/10/06;1400 UTC;0;981,7;982,1;981,7;2827,3;35,4;15,6;35,8;33,1;19,4;15,5;43;31;31;68;6,1;2,4;
2022/10/06;1500 UTC;0;980,8;981,7;980,8;3019,3;36,2;15,2;36,4;35,1;16,3;14;32;28;29;4;6,9;3;
2022/10/06;1600 UTC;0;979,8;980,8;979,8;3012;37,4;14,8;37,9;36,2;16,1;14,4;29;26;26;342;6,9;2,6;
2022/10/06;1700 UTC;0;978,4;979,8;978,3;2492,8;37,9;15,5;38,1;36,6;15,7;14,4;28;26;27;354;6,8;3,5;
2022/10/06;1800 UTC;0;977,7;978,4;977,6;2475,6;37,6;15,1;38,6;37;16,2;14,6;28;25;27;15;6,9;3,2;
2022/10/06;1900 UTC;0;977,7;978,3;977,7;446,2;32,2;17,5;37,5;29;18,6;14,9;52;26;42;351;15,5;3,4;
2022/10/06;2000 UTC;0;977,5;977,8;977,3;433,1;32,7;18,1;34,3;32,2;19,4;17,3;45;37;42;6;6,9;2,2;
2022/10/06;2100 UTC;0;978,3;978,4;977,5;113,8;31,7;19,3;32,7;31,3;19,4;17,3;49;41;48;292;3,9;1,8;
2022/10/06;2200 UTC;0;978,7;978,8;978,2;;30,4;18,7;31,7;30,4;19,5;18,6;51;48;50;279;5,6;2,7;
2022/10/06;2300 UTC;0;979,3;979,3;978,7;;29;18,7;30,4;29;18,9;18,7;54;50;54;274;5,3;1,8;
2022/10/07;0000 UTC;0;980,4;980,4;979,3;;27,1;19,9;29;27,1;20;18,7;65;54;65;177;3,8;,4;
2022/10/07;0100 UTC;;;;;;;;;;;;;;;;;;
2022/10/07;0200 UTC;0;981,7;981,7;981,5;;26,3;19;27,8;25,8;20,5;17,9;72;55;64;143;2,7;1,7;
2022/10/07;0300 UTC;0;981,3;981,7;981,3;;25,7;18,9;26,6;25,7;19;18,7;66;63;66;201;2,5;1,2;
2022/10/07;0400 UTC;0;980,4;981,3;980,4;;25,4;19,7;25,7;25,4;19,7;18,9;71;66;71;204;2,9;1,4;
2022/10/07;0500 UTC;0;979,5;980,4;979,5;;24,2;19,9;25,5;24,2;20,2;19,7;77;71;77;284;2,2;,2;
2022/10/07;0600 UTC;0;979,3;979,5;979,2;;23,7;20,3;24,4;23,6;20,3;19,9;81;77;81;347;1;,7;
2022/10/07;0700 UTC;0;979,8;979,9;979,2;;24,3;20,6;24,3;23,7;20,6;20,2;82;80;80;296;3,2;1,3;
2022/10/07;0800 UTC;0;980,5;980,5;979,8;;23,3;20;24,3;23,3;20,6;20;82;80;82;324;2,7;,7;
2022/10/07;0900 UTC;0;981,5;981,5;980,5;;22,9;20;23,4;22,8;20,2;19,8;84;81;84;337;1,5;,9;
2022/10/07;1000 UTC;0;982,7;982,7;981,5;208,6;24,3;21,1;24,3;22,9;21,4;20;85;82;82;15;2,5;1,6;
2022/10/07;1100 UTC;0;983,8;983,8;982,7;456,9;25,8;21,1;25,8;24,3;21,3;20,8;82;75;75;345;3,1;1,5;
2022/10/07;1200 UTC;0;984,6;984,6;983,8;1453,5;29,2;20,4;29,3;25,8;21,8;20,4;75;59;59;49;3,1;1,7;
2022/10/07;1300 UTC;0;984,5;984,9;984,5;2035,5;31,5;20,5;31,7;29,1;20,9;19,9;61;52;52;303;3,5;1,6;
2022/10/07;1400 UTC;0;983,6;984,5;983,6;2324,2;32,6;19,6;33,3;31,4;20,7;19,3;52;44;46;279;6,1;3,2;
2022/10/07;1500 UTC;0;982;983,6;982;2800,6;33,3;19,5;34,5;32,4;20,3;19,3;47;42;44;294;6,6;2,8;
2022/10/07;1600 UTC;0;981,4;982;981,4;2324,5;33,5;19;35,1;33,2;19,9;18,8;45;39;42;263;7,1;3,4;
2022/10/07;1700 UTC;0;980,5;981,4;980,5;742;26,8;20;33,6;26,8;21,2;19,1;67;42;66;226;12,4;4,2;
2022/10/07;1800 UTC;0;980,2;980,5;979,7;1108,1;28,2;21;28,5;26,8;22,2;20,3;73;65;65;208;9,5;5,6;
2022/10/07;1900 UTC;0;983,5;983,6;980,2;715,6;24,7;19,3;28,4;24,7;21,2;19,1;72;64;72;52;9,9;5;
2022/10/07;2000 UTC;5,2;983,5;983,9;983,5;29,8;22,4;21;24,7;21,8;21;19,3;92;72;92;119;9,9;1,9;
2022/10/07;2100 UTC;1;981,9;983,5;981,9;19,1;22,2;20,6;22,7;22,1;21,2;20,1;92;87;91;183;4,6;2,4;
2022/10/07;2200 UTC;0;981,5;981,9;981,2;;22,4;20,9;22,5;22,2;21,1;20,5;92;90;91;228;4,6;2,6;
2022/10/07;2300 UTC;;;;;;;;;;;;;;;;;;
2022/10/08;0000 UTC;;;;;;;;;;;;;;;;;;
2022/10/08;0100 UTC;;;;;;;;;;;;;;;;;;
2022/10/08;0200 UTC;;;;;;;;;;;;;;;;;;
2022/10/08;0300 UTC;0;983;983,4;983;;22,8;21,5;23;22,7;21,5;21,3;92;91;92;25;1,9;1,1;
2022/10/08;0400 UTC;0;982,1;983;982,1;;22,5;21,2;22,9;22,5;21,6;21,2;93;92;92;19;2;1;
2022/10/08;0500 UTC;0;981,6;982,1;981,6;;22,1;20,9;22,5;22,1;21,2;20,9;93;92;93;328;2,5;,4;
2022/10/08;0600 UTC;,2;981,1;981,6;981,1;;22,2;21,1;22,2;22;21,1;20,8;93;93;93;280;1,1;,6;
2022/10/08;0700 UTC;0;980,9;981,1;980,8;;22,2;21,1;22,3;22,1;21,2;21;94;93;94;295;2,6;,4;
2022/10/08;0800 UTC;0;981,4;981,4;980,9;;21,8;20,6;22,2;21,8;21,1;20,6;94;93;93;60;1,1;,7;
2022/10/08;0900 UTC;0;981,7;981,8;981,4;;21,9;20,9;21,9;21,7;20,9;20,6;94;93;94;344;1,4;,5;
2022/10/08;1000 UTC;0;982,4;982,4;981,7;202;22,3;21,3;22,3;21,8;21,3;20,8;94;94;94;104;1,9;1,2;
2022/10/08;1100 UTC;0;983,1;983,1;982,4;920,4;24,2;21,9;24,2;22,3;22,3;21,3;94;87;87;92;3,4;1;
2022/10/08;1200 UTC;0;983,7;983,7;983,1;1419,2;26,1;21,9;26,1;24;22,1;21,1;87;78;78;187;2;,8;
2022/10/08;1300 UTC;0;983,4;983,8;983,4;2536,1;28,3;21,2;28,4;26,1;22,2;21;78;65;65;83;3,4;1,7;
2022/10/08;1400 UTC;0;982,7;983,4;982,7;3008;29,7;21;30;28,2;21,8;20,6;67;59;60;69;4,9;1,9;
2022/10/08;1500 UTC;0;981,8;982,7;981,8;3142,7;31,1;20,3;31,6;29,4;21,4;20,3;60;53;53;126;4,7;2,2;
2022/10/08;1600 UTC;0;980,5;981,8;980,5;3317,5;33;19,9;33,1;30,9;20,9;19,5;54;46;46;75;5,5;1,3;
2022/10/08;1700 UTC;0;979,1;980,5;979,1;3045,4;34,1;18,9;34,4;32,7;20,7;18,9;48;40;41;67;3,6;1,4;
2022/10/08;1800 UTC;0;978,3;979,1;978,3;2707,4;34;17,5;35,1;33,4;19,1;17,4;42;36;38;143;4,1;2,6;
2022/10/08;1900 UTC;0;977,9;978,3;977,9;2032,6;34,7;18,2;35,2;33,9;19;17,7;40;36;38;112;3,9;1,4;
2022/10/08;2000 UTC;0;977,9;977,9;977,9;1123,1;34,3;18,3;35,2;34;18,9;17,6;40;37;39;325;3;1,4;
2022/10/08;2100 UTC;0;978,4;978,4;977,9;306,3;32,5;19,6;34,6;32,5;20;17,8;47;37;47;255;2,5;1,2;
2022/10/08;2200 UTC;0;979,1;979,1;978,4;;30,7;20,6;32,5;30,7;21,1;19,6;55;47;55;256;2,4;1,6;
2022/10/08;2300 UTC;;;;;;;;;;;;;;;;;;
2022/10/09;0000 UTC;0;980,3;980,3;979,7;;28,9;21,7;29,9;28,8;22,2;21,2;68;59;65;276;3;1,6;
2022/10/09;0100 UTC;0;981;981;980,3;;28,4;21;29;27;22,5;21;76;64;64;247;2,8;1,8;
2022/10/09;0200 UTC;0;981,1;981,2;981;;27,1;21,6;29,2;26,9;21,8;19,9;73;57;72;229;3,2;1,9;
2022/10/09;0300 UTC;0;980,8;981,2;980,8;;25,9;21,9;27,2;25,8;21,9;21,6;78;72;78;214;2,7;1,5;
2022/10/09;0400 UTC;0;980,2;980,8;980,2;;25;22;26;25;22,2;21,7;83;77;83;203;2,1;,5;
2022/10/09;0500 UTC;0;979,7;980,2;979,7;;25,2;21,9;25,6;25;22,1;21,6;83;79;82;204;1,4;,9;
2022/10/09;0600 UTC;0;979,4;979,7;979,4;;25;21,8;25,2;25;22;21,7;83;81;83;226;1,9;1,2;
2022/10/09;0700 UTC;0;979,2;979,4;979,2;;24,3;21,8;25;24,2;21,9;21,1;86;79;86;230;2;,3;
2022/10/09;0800 UTC;0;979,7;979,7;979,2;;24,2;21,1;24,3;24;21,9;21,1;87;83;83;212;1,6;,8;
2022/10/09;0900 UTC;0;980,3;980,3;979,7;,3;23,7;21,5;24,2;23,5;21,5;21,1;88;83;88;321;1;,6;
2022/10/09;1000 UTC;0;981,2;981,2;980,3;201,6;25,3;22,2;25,3;23,7;22,4;21,4;88;83;83;198;1,1;,8;
2022/10/09;1100 UTC;0;982,2;982,2;981,2;854,9;28,3;21,7;28,3;25,4;22,4;21,6;83;68;68;129;2,3;1,1;
2022/10/09;1200 UTC;0;983,5;983,5;982,2;925,5;29,6;20,7;29,7;28,3;21,8;20,4;68;58;59;131;5,9;3,1;
2022/10/09;1300 UTC;1;985,5;985,7;983,5;151,1;22,8;20,6;29,6;22,8;21,5;20;88;58;88;28;12,9;4,8;
2022/10/09;1400 UTC;,4;984,8;985,5;984,7;217;22,7;19,9;22,8;22,2;20,6;19,7;88;84;84;323;9,5;1,6;
2022/10/09;1500 UTC;0;983,3;984,8;983,3;1448,1;25,8;20,2;25,9;22,7;20,5;19,7;84;71;71;325;4,6;1,9;
2022/10/09;1600 UTC;0;982;983,4;982;2145,2;28,1;19,3;28,2;25,6;20,6;18,8;72;57;59;5;4,4;1,2;
2022/10/09;1700 UTC;0;980,5;982;980,5;3059,1;31,1;18,2;31,5;28,2;20,8;17;60;43;46;24;3,9;1,3;
2022/10/09;1800 UTC;0;979,5;980,5;979,5;1411,7;31;18,5;31,5;30,7;19;16,9;49;42;48;3;3,1;1,3;
2022/10/09;1900 UTC;0;978,5;979,5;978,5;922,6;29,2;21,6;31,1;29,2;22;18,2;64;47;64;316;4;1,7;
2022/10/09;2000 UTC;0;977,9;978,5;977,9;550,2;28,2;22,2;29,2;28,1;22,4;21,3;70;63;70;303;3,8;1,6;
2022/10/09;2100 UTC;0;978;978,1;977,8;228,8;27,1;21,6;28,1;27,1;22,2;21,4;73;69;72;1;3,1;,7;
2022/10/09;2200 UTC;0;979,6;979,6;978;;25,6;22,3;27,1;25,6;22,3;21,5;82;72;82;266;1,2;,7;
2022/10/09;2300 UTC;;;;;;;;;;;;;;;;;;
2022/10/10;0000 UTC;;;;;;;;;;;;;;;;;;
2022/10/10;0100 UTC;0;981,7;981,7;980,7;;24,2;21,8;25,1;24;21,8;21,4;87;80;86;61;1,8;,2;
2022/10/10;0200 UTC;0;982,1;982,1;981,7;;23,5;21,2;24,2;23,4;21,8;21,2;88;86;87;195;1,8;1,3;
2022/10/10;0300 UTC;0;981,9;982,2;981,9;;23,6;20,9;23,8;23,4;21,4;20,9;88;85;85;211;3,7;1,4;
2022/10/10;0400 UTC;0;981,4;981,9;981,4;;24,3;21;24,3;23,4;21;20,8;86;82;82;213;4,5;2,3;
2022/10/10;0500 UTC;0;981;981,4;981;;24;20,9;24,4;24;21;20,9;83;81;83;221;4,5;1,8;
2022/10/10;0600 UTC;0;980,7;981;980,6;;23,9;21;24;23,8;21;20,9;84;83;84;223;3,6;2;
2022/10/10;0700 UTC;0;981,4;981,4;980,7;;23,5;21,2;23,9;23,5;21,2;21;87;84;87;155;3,6;,3;
2022/10/10;0800 UTC;0;982;982,1;981,3;;23,2;21,2;23,5;22,9;21,3;21;90;87;89;181;2;1,2;
2022/10/10;0900 UTC;0;982,9;982,9;982;;23,1;21,3;23,6;23;21,4;21,1;90;87;90;41;2,6;1,6;
2022/10/10;1000 UTC;0;984;984;982,9;265,8;23,9;21,8;23,9;23,1;21,8;21,3;90;88;88;340;2,6;1,4;
2022/10/10;1100 UTC;0;984,8;984,8;984;1033,3;25,8;21,9;25,8;23,9;22,2;21,6;88;79;79;353;4;1,3;
2022/10/10;1200 UTC;0;985,1;985,1;984,8;1928,1;28,7;21,4;28,8;25,8;22,3;21,3;79;64;65;81;3,2;1,8;
2022/10/10;1300 UTC;0;985,1;985,1;985;2640,6;31,8;19,4;31,9;28,7;22;19;65;47;48;82;6,4;3;
2022/10/10;1400 UTC;0;984,6;985,1;984,6;3211,4;33,2;14,7;34;31,8;19,1;14,5;48;32;33;74;8,4;3,6;
2022/10/10;1500 UTC;0;983,9;984,6;983,9;3390,5;34,4;15,2;34,7;33,2;15,8;14,4;34;31;32;77;8,3;3,4;
2022/10/10;1600 UTC;0;982,9;983,9;982,9;3434,5;35,6;14,9;35,8;34,3;16;14,1;33;28;29;69;8,1;3,8;
2022/10/10;1700 UTC;0;981,5;982,9;981,5;3071,6;35,5;13,5;36,2;35;15,1;13,5;30;27;27;56;8,1;3,6;
2022/10/10;1800 UTC;0;981;981,6;981;2606,3;36;12,4;36,6;35,4;14,8;12,4;29;24;24;51;8,2;3;
2022/10/10;1900 UTC;0;980,5;981;980,5;1539,4;35,6;14,3;36,9;34,8;14,5;12,6;29;24;28;77;5,9;1,8;
2022/10/10;2000 UTC;0;980,4;980,5;980,3;1218;35,6;12,9;36,2;35,5;14,5;12,3;28;24;26;51;3,4;1;
2022/10/10;2100 UTC;0;980,6;980,6;980,4;342,5;32,5;16,6;35,6;32,5;16,6;12,8;39;25;38;323;4,4;1,4;
2022/10/10;2200 UTC;;;;;;;;;;;;;;;;;;
2022/10/10;2300 UTC;;;;;;;;;;;;;;;;;;
2022/10/11;0000 UTC;0;982,4;982,4;982;;26,5;19,2;28,5;26,5;19,8;17,7;66;53;64;227;1,7;,3;
2022/10/11;0100 UTC;0;983;983;982,4;;25,7;19;26,5;25,7;19,7;18,1;69;61;67;152;4,2;,9;
2022/10/11;0200 UTC;;;;;;;;;;;;;;;;;;
2022/10/11;0300 UTC;0;982,2;983;982,2;;24,4;20,9;24,7;24,3;21;19,9;81;76;81;134;1,5;,9;
2022/10/11;0400 UTC;0;982,3;982,3;982;;23,2;20,4;24,4;23,2;21,3;20,4;84;81;84;265;5,1;1;
2022/10/11;0500 UTC;0;982,1;982,4;982,1;;24,6;19,5;24,7;23,2;20,9;19,4;85;73;73;304;5,4;1,2;
2022/10/11;0600 UTC;0;982,3;982,3;982,1;;22,9;19,8;24,6;22,6;19,9;19,2;83;73;83;51;2;,5;
2022/10/11;0700 UTC;0;982,7;982,7;982,3;;22,3;19,9;22,9;22,2;20,1;19,3;86;82;86;11;1,6;,9;
2022/10/11;0800 UTC;0;983,5;983,5;982,7;;22,7;20;22,7;22,3;20,2;19,8;87;85;85;116;1,9;1,1;
2022/10/11;0900 UTC;0;984,4;984,4;983,5;2,4;22;19,7;22,8;22;20,1;19,7;87;84;87;14;2;,7;
2022/10/11;1000 UTC;0;985,5;985,5;984,3;205;23,9;20,8;23,9;22;20,8;19,8;88;83;83;154;1,7;,8;
2022/10/11;1100 UTC;0;986,5;986,5;985,5;977;27;20,9;27;23,9;21,2;20,3;83;68;69;38;2,7;1,2;
2022/10/11;1200 UTC;0;986,9;986,9;986,5;1652;29,7;20,7;29,7;27;21;20,2;69;58;58;79;3,1;1,3;
2022/10/11;1300 UTC;0;986,7;986,9;986,7;2646,9;32,2;18,1;32,6;29,6;21;17;59;41;43;46;5,6;2,5;
2022/10/11;1400 UTC;0;986,3;986,8;986,3;2897,6;33,5;14,3;33,7;31,9;18,4;13,6;44;31;31;59;6,7;3,7;
2022/10/11;1500 UTC;0;985,1;986,3;985,1;3577,6;35;14,6;35,2;33,3;15,2;13,9;32;30;30;48;7,5;3;
2022/10/11;1600 UTC;0;983,8;985,1;983,8;3095,4;35,6;14,8;35,7;34,1;15,3;14,1;31;29;29;33;7,5;3,5;
2022/10/11;1700 UTC;0;982,4;983,9;982,4;3213,4;36;14,1;36,6;35;15,1;13,6;29;27;27;56;6,6;2,8;
2022/10/11;1800 UTC;0;981,8;982,5;981,8;2466,3;35,2;14,5;36,7;35;14,9;13,5;29;27;29;73;6,6;2,4;
2022/10/11;1900 UTC;0;981,1;981,8;981,1;1538,1;34,5;13,7;36;34,5;14,8;13,4;29;26;29;62;5;1,8;
2022/10/11;2000 UTC;0;980,9;981,1;980,9;711,1;34,7;15;35,1;34;15,3;13,8;32;29;31;32;3,6;1,1;
2022/10/11;2100 UTC;0;981,1;981,1;980,8;307,5;32,6;18,3;34,7;32,6;18,5;14,1;43;30;43;330;2;,9;
2022/10/11;2200 UTC;0;981,3;981,3;981;;29,8;18,5;32,6;29,8;19,2;17,9;53;42;51;270;2,3;1,3;
2022/10/11;2300 UTC;;;;;;;;;;;;;;;;;;
2022/10/12;0000 UTC;;;;;;;;;;;;;;;;;;
2022/10/12;0100 UTC;0;982,3;982,3;981,9;;25,7;19,5;27,4;25,6;20;18,4;71;58;69;141;2,1;1;
2022/10/12;0200 UTC;;;;;;;;;;;;;;;;;;
2022/10/12;0300 UTC;0;981,7;982,2;981,7;;24,3;19,9;24,7;24,1;20,5;19,8;78;75;76;158;1,8;1;
2022/10/12;0400 UTC;0;981,2;981,7;981,2;;24,1;19,1;24,6;24,1;19,8;19;76;72;74;221;2,1;1,5;
2022/10/12;0500 UTC;0;980,8;981,2;980,8;;23,4;18,5;24,2;23,4;19,2;18,5;75;71;74;265;2,5;,9;
2022/10/12;0600 UTC;0;980,8;981,4;980,8;;22,8;18,8;23,5;22,4;19,1;18,4;80;74;78;227;4,1;1,6;
2022/10/12;0700 UTC;0;981,2;981,2;980,7;;22,5;18,4;23,8;22,4;18,8;18,3;79;71;77;205;3,2;1,2;
2022/10/12;0800 UTC;0;982;982;981,2;;21,9;18,1;22,6;21,9;18,4;18,1;80;77;79;212;1,8;1,1;
2022/10/12;0900 UTC;0;982,9;982,9;982;;21,1;17,6;22,3;21;18;17,3;82;74;80;198;2,2;1,1;
2022/10/12;1000 UTC;0;984;984;982,9;283,7;24,6;18,8;24,6;21,1;18,9;17,6;81;70;70;203;1,6;,4;
2022/10/12;1100 UTC;0;984,2;984,2;984;1061,5;27,2;17,4;27,2;24,6;19,5;16,3;70;52;55;;4,9;;
2022/10/12;1200 UTC;0;984,7;984,7;984,2;1944;31,3;13,4;31,3;27,2;17,8;13,2;56;34;34;117;4,4;1,9;
2022/10/12;1300 UTC;0;984,4;984,7;984,4;2727,8;33,4;12,1;33,5;31,1;13,5;10,9;34;26;27;68;7,3;3,1;
2022/10/12;1400 UTC;0;983,7;984,4;983,7;3225,3;34,6;12,5;34,7;32,7;13,1;11,1;28;26;26;100;7,7;3,4;
2022/10/12;1500 UTC;0;982,8;983,7;982,8;3495,3;35,7;12,6;35,7;33,7;12,6;10,9;27;23;25;62;7,4;3,7;
2022/10/12;1600 UTC;0;981,6;982,8;981,6;3374,5;35,3;11,3;35,8;34,4;12,5;10,5;26;22;23;60;8,4;3,7;
2022/10/12;1700 UTC;0;980,2;981,6;980,2;3104,7;36,1;11,1;36,4;34,9;12,2;10,8;24;22;22;87;7,7;3;
2022/10/12;1800 UTC;0;979,2;980,2;979,2;2653,9;36,4;11;37,1;35,7;12,3;10,3;23;20;22;93;7,7;2,1;
2022/10/12;1900 UTC;0;978,4;979,2;978,4;1974,7;36,5;11;37,2;36;11,7;9,6;22;20;22;91;5,4;2,5;
2022/10/12;2000 UTC;0;978,1;978,4;978,1;1117,3;35,6;11,4;36,7;35,6;11,4;10,3;23;20;23;130;5,4;2,4;
2022/10/12;2100 UTC;0;978,4;978,4;978,1;314;33,3;13,5;35,7;33,3;13,6;11,3;30;23;30;135;4,1;,9;
2022/10/12;2200 UTC;0;978,8;978,9;978,4;;29,1;16,3;33,3;29,1;16,5;13,7;46;30;46;238;1,7;,9;
2022/10/12;2300 UTC;0;979,2;979,2;978,8;;28,2;15,1;29,1;28,2;17,1;14,4;51;42;45;208;2,7;2,1;
2022/10/13;0000 UTC;0;980;980;979,2;;25,7;15,5;28,2;25,7;16,4;15,2;55;45;54;330;2,7;1,5;
2022/10/13;0100 UTC;0;980,8;980,8;980;;25,3;16,6;26,7;25;17;15,3;60;50;58;300;2,5;1,5;
2022/10/13;0200 UTC;0;981;981;980,8;;24,9;17,4;25,6;24,4;17,7;15,9;66;57;63;135;2,4;,7;
2022/10/13;0300 UTC;0;980,9;981,2;980,8;;23,8;19,3;24,9;23,8;19,3;17,3;76;63;76;146;1,4;,8;
2022/10/13;0400 UTC;0;980,8;980,9;980,7;;22,2;18,7;23,8;22,2;19,6;18,7;81;76;80;164;1,4;,9;
2022/10/13;0500 UTC;0;980,5;980,9;980,4;;22,4;18;22,8;22;18,7;17,9;81;75;76;193;1,9;1;
2022/10/13;0600 UTC;0;980,8;980,8;980,5;;22,5;18;22,5;22;18;17,4;76;74;76;162;2,5;1;
2022/10/13;0700 UTC;0;981,1;981,1;980,8;;21,3;17,9;22,5;21,3;17,9;17,6;81;75;81;186;1,5;,7;
2022/10/13;0800 UTC;0;981,6;981,6;981,1;;21,5;17;21,5;21;17,9;16,9;81;75;76;223;1,8;1;
2022/10/13;0900 UTC;0;982,3;982,4;981,6;1,1;20;16,6;21,5;19,7;17,1;15,9;82;71;81;270;1,6;,4;
2022/10/13;1000 UTC;0;983,1;983,1;982,3;345,9;24,2;16,5;24,2;20;17,5;16,5;81;62;62;117;2,1;,9;
2022/10/13;1100 UTC;0;983,8;983,8;983,1;1067;27,7;15,8;27,7;24,2;16,8;14,9;63;48;48;114;3,5;1,7;
2022/10/13;1200 UTC;0;984,5;984,5;983,8;2074;31,5;13,6;31,5;27,7;15,9;13,4;49;33;34;109;6;3,2;
2022/10/13;1300 UTC;0;984,4;984,5;984,3;2831,8;32,9;12,9;33,5;31,5;13,7;12,7;34;29;30;72;9,7;4,7;
2022/10/13;1400 UTC;0;983,7;984,4;983,7;3336,7;34,7;13,5;35;32,8;14;12,7;30;28;28;88;9,4;4;
2022/10/13;1500 UTC;0;982,9;983,7;982,9;3547,5;34,9;12,9;36,3;33,9;14,2;12,7;28;26;27;64;9,6;4,3;
2022/10/13;1600 UTC;0;981,8;982,9;981,8;3327,6;36;12,9;36,2;34,6;13,8;12,3;27;25;25;74;8,9;3,1;
2022/10/13;1700 UTC;0;980,5;981,8;980,5;3155,2;36,1;11,3;36,6;35,4;13,4;11,3;26;22;22;69;7,1;3,5;
2022/10/13;1800 UTC;0;979,8;980,5;979,8;2767;36,6;11,3;37;35,7;12,9;11,2;24;22;22;57;6,8;3,3;
2022/10/13;1900 UTC;0;979,4;979,8;979,4;2060,3;36,8;11,7;36,9;36;11,8;10,5;23;21;22;81;6,6;2,1;
2022/10/13;2000 UTC;0;979,6;979,6;979,3;1179,4;35,7;11,4;36,9;35,5;11,9;10,3;24;21;23;39;4,6;1,5;
2022/10/13;2100 UTC;0;980;980;979,6;348,6;32,8;14,6;35,7;32,8;14,8;11;33;22;33;10;2,6;,5;
2022/10/13;2200 UTC;;;;;;;;;;;;;;;;;;
2022/10/13;2300 UTC;0;981;981,1;980,5;;27,5;15,8;29,4;27,5;16,3;15;50;44;49;209;1,3;,7;
2022/10/14;0000 UTC;;;;;;;;;;;;;;;;;;
2022/10/14;0100 UTC;0;982,1;982,1;981,6;;25;16,4;26,1;25;17,2;15,1;61;52;59;208;1,3;,6;
2022/10/14;0200 UTC;0;982,2;982,3;982,1;;24,4;16,9;25;24,2;17,3;15,7;65;57;63;224;,9;,6;
2022/10/14;0300 UTC;0;981,7;982,2;981,7;;23,9;17,5;24,5;23,4;18,1;16,2;71;62;68;202;1,5;,9;
2022/10/14;0400 UTC;0;981,3;981,7;981,3;;24,2;17,8;24,2;23,6;18;17,3;70;67;67;164;1,6;,8;
2022/10/14;0500 UTC;0;981,1;981,3;981,1;;25;18,7;25;24,2;18,9;17,7;70;67;68;211;1,3;,8;
2022/10/14;0600 UTC;0;981;981,1;980,9;;24,6;18,4;25;24,4;19;18,2;71;67;68;212;1,9;1,1;
2022/10/14;0700 UTC;0;981,4;981,4;980,9;;23,5;19,3;24,6;23,2;19,3;18,4;78;69;77;199;2;1,3;
2022/10/14;0800 UTC;0;982;982;981,4;;25,3;17,6;25,3;23,5;19,3;17,6;77;62;62;161;3;1,5;
2022/10/14;0900 UTC;0;982,7;982,7;982;,8;24,2;17,5;25,5;24,2;17,7;17;67;60;66;176;3,2;1,2;
2022/10/14;1000 UTC;0;983,6;983,6;982,7;157,7;26,3;17,4;26,3;24,2;17,6;17,1;67;57;58;153;4,6;1,7;
2022/10/14;1100 UTC;0;984,3;984,3;983,6;923,5;29,2;15,5;29,3;26,3;18,3;15,4;60;43;43;136;4,5;2,4;
2022/10/14;1200 UTC;0;984,9;984,9;984,3;1919,8;32,4;12,7;32,4;29,2;15,1;12,6;43;30;30;111;6,9;3,1;
2022/10/14;1300 UTC;0;985,1;985,1;984,9;2655;33,5;12,1;34,1;32,2;13;11,4;31;26;27;90;9;4,8;
2022/10/14;1400 UTC;0;984,6;985,1;984,6;3190,4;34,9;11,8;35,2;33,2;12,8;11,4;28;24;25;64;9;4;
2022/10/14;1500 UTC;0;983,9;984,6;983,9;3437,3;35,4;12,2;36;34,4;13;11,5;26;24;25;69;9;3,9;
2022/10/14;1600 UTC;0;982,7;983,9;982,7;3325,7;37,1;13,3;37,1;35,1;13,3;11,9;26;23;24;93;7,5;3,2;
2022/10/14;1700 UTC;0;981,6;982,7;981,6;3102,5;36,9;11,9;37,5;36;13,4;11,5;24;21;22;82;9,7;3,9;
2022/10/14;1800 UTC;0;980,7;981,6;980,7;2684,1;37,5;11;38,1;36,8;12,7;10,9;23;20;20;78;7,1;2,3;
2022/10/14;1900 UTC;0;980,2;980,7;980,2;1999,7;37,5;11,8;38;37;11,9;10,5;22;20;21;91;6;2,7;
2022/10/14;2000 UTC;0;980,3;980,3;980,2;1149,5;36,6;12,3;37,5;36,6;12,4;11,1;23;21;23;63;4,8;1,6;
2022/10/14;2100 UTC;0;980,4;980,4;980,3;312,2;33,6;15,9;36,7;33,6;15,9;11,3;35;22;35;234;3;,2;
2022/10/14;2200 UTC;0;980,6;980,7;980,4;;30;16,5;33,6;30;16,9;15;44;34;44;218;1,5;,8;
2022/10/14;2300 UTC;0;981;981,1;980,6;;28,5;16,3;30;28,5;17,3;16,2;50;44;48;207;1,3;,6;
2022/10/15;0000 UTC;;;;;;;;;;;;;;;;;;
2022/10/15;0100 UTC;0;981,8;981,8;981,4;;26,4;16,8;27,6;26,3;17,7;16,5;57;51;56;215;1,2;,7;
2022/10/15;0200 UTC;0;981,9;981,9;981,8;;25,7;17,6;26,4;25,5;17,6;16,7;61;56;61;214;1,5;1,3;
2022/10/15;0300 UTC;0;981,6;981,9;981,6;;24,2;18,6;25,7;23,9;18,6;17,6;72;61;71;245;1,5;,7;
2022/10/15;0400 UTC;0;981,1;981,6;981,1;;24,4;18,3;24,4;23,3;18,6;17,9;72;69;69;318;1,1;,3;
2022/10/15;0500 UTC;0;981,2;981,2;981;;24,7;19,1;24,8;24;19,2;17,9;71;67;71;297;,9;,2;
2022/10/15;0600 UTC;0;980,9;981,2;980,9;;24,8;19,2;25,1;24,7;19,3;18,8;71;68;71;183;1,9;1,1;
2022/10/15;0700 UTC;0;981,2;981,2;980,9;;24,1;18,7;24,8;24,1;19,2;18,6;72;70;72;204;2;,7;
2022/10/15;0800 UTC;0;982;982;981,2;;24,3;19,1;24,3;23,8;19,3;18,6;75;71;73;33;3;1,3;
2022/10/15;0900 UTC;0;982,6;982,6;982;2;26;17,7;26;24,2;19,3;17,6;74;60;60;135;3;1,7;
2022/10/15;1000 UTC;0;983,5;983,6;982,6;115,6;25,6;17,3;26;25;18,2;17,3;64;59;60;166;3,2;1,7;
2022/10/15;1100 UTC;0;984,4;984,4;983,5;845,3;29,6;15,2;29,6;25,6;17,1;15;60;41;42;141;4,7;2,5;
2022/10/15;1200 UTC;0;985,2;985,2;984,4;1662,7;32,8;13,9;32,8;29,6;15,2;13,3;42;31;32;122;6,4;3;
2022/10/15;1300 UTC;0;985,4;985,5;985,1;2744,2;34,5;11,8;34,6;32,8;14,1;10,8;32;24;25;74;10,3;4;
2022/10/15;1400 UTC;0;985;985,5;985;3277,4;35,3;11,4;35,8;33,5;12,2;10,9;26;23;24;78;9,3;4,7;
2022/10/15;1500 UTC;0;984,2;985,1;984,1;3473,9;35,7;11,8;36,7;34,8;12,4;11;24;23;24;64;9,3;4,6;
2022/10/15;1600 UTC;0;983;984,2;983;3401,4;36,7;10,8;37,1;35,5;12,2;10,8;24;21;21;81;8,8;3,7;
2022/10/15;1700 UTC;0;981,6;983;981,6;3108,1;37;10,4;37,5;36,1;11,9;9,2;23;19;20;56;9,2;3,6;
2022/10/15;1800 UTC;0;980,7;981,6;980,6;2727;37,5;11,1;37,6;36,5;11,5;10,2;22;20;21;78;8;3;
2022/10/15;1900 UTC;0;979,9;980,7;979,9;1996,2;37;11,3;37,6;36,6;12,1;10,5;22;20;21;99;7,6;3,3;
2022/10/15;2000 UTC;0;979,9;979,9;979,8;1199,2;36;11,1;37,5;36;11,6;10,3;22;20;22;128;6,7;3,6;
2022/10/15;2100 UTC;0;980,1;980,1;979,8;335,7;33,7;12,5;36;33,7;12,5;10,9;28;22;28;129;6,3;1,4;
2022/10/15;2200 UTC;0;980,3;980,3;980;;31,2;14;33,7;31,2;14,5;12,6;36;28;35;133;2,8;1,2;
2022/10/15;2300 UTC;0;980,7;980,8;980,3;;28,4;15,9;31,2;28,4;16,2;13,5;47;34;47;356;2;,8;
2022/10/16;0000 UTC;;;;;;;;;;;;;;;;;;
2022/10/16;0100 UTC;0;981,6;981,6;981,1;;25,6;15,6;27,1;25,6;16,6;15,5;56;50;54;189;,6;,3;
2022/10/16;0200 UTC;0;981,4;981,6;981,3;;24,6;16,7;25,8;24,6;17,1;15,4;62;53;62;87;,7;,5;
2022/10/16;0300 UTC;0;981,3;981,4;981,1;;23;18,1;24,6;22,9;18,2;16,8;74;62;74;83;2,3;1,3;
2022/10/16;0400 UTC;0;980,7;981,3;980,7;;25;17,7;25,1;23;19,6;17,7;78;64;64;152;2,5;1,3;
2022/10/16;0500 UTC;0;980,7;980,7;980,5;;24,8;16,7;26,7;24,8;17,7;15,4;64;50;61;358;4,1;1,3;
2022/10/16;0600 UTC;0;980,6;980,7;980,6;;25,1;15,6;25,1;23,6;17,4;15,6;68;56;56;11;2,6;1,3;
2022/10/16;0700 UTC;0;980,4;980,6;980,3;;24,2;16,5;26;24,2;16,7;15,3;63;52;62;29;3;,9;
2022/10/16;0800 UTC;0;980,9;980,9;980,4;;24,6;15,8;25,4;24,2;16,7;15,7;62;55;58;97;3,8;,5;
2022/10/16;0900 UTC;0;981,3;981,3;980,9;3,6;25,7;13;25,7;23,7;15,9;13;62;46;46;130;4;2,2;
2022/10/16;1000 UTC;0;982,2;982,2;981,2;367,8;27,1;12,7;27,1;25,7;13,8;12,5;45;41;41;123;5,4;2,8;
2022/10/16;1100 UTC;0;983,3;983,3;982,2;1188,6;30,1;12,2;30,1;27,1;12,9;11,9;41;33;33;114;7,3;3,9;
2022/10/16;1200 UTC;0;983,9;983,9;983,3;2076;32;12,2;32,1;30,1;12,6;11,6;33;29;30;83;9,2;4,4;
2022/10/16;1300 UTC;0;983,7;984;983,7;2768,8;33;12,9;33,1;31,6;13,1;12;31;29;30;75;9,2;4,5;
2022/10/16;1400 UTC;0;983,3;983,7;983,3;3265,1;33,2;12,7;34,2;32,8;13,5;12,5;30;28;29;66;9,9;4,6;
2022/10/16;1500 UTC;0;982,2;983,3;982,2;3479,1;34,7;12,9;35,5;33,2;13,9;12,5;29;26;27;68;9,9;4,8;
2022/10/16;1600 UTC;0;980,8;982,3;980,8;3365,6;35,6;12,8;36,4;34,2;13,4;12,3;27;25;25;68;9,2;4,2;
2022/10/16;1700 UTC;0;979,5;980,8;979,5;3115,1;36,7;12,6;36,9;35,3;13,2;11,7;26;23;24;64;8,2;3,1;
2022/10/16;1800 UTC;0;978,4;979,5;978,4;2724,8;36,4;12,3;37,1;35,8;12,8;11,8;24;23;24;66;7,4;3,3;
2022/10/16;1900 UTC;0;978;978,4;977,9;2063,5;36,3;11,9;37;35,7;12,8;11,4;24;22;23;64;6,8;2,6;
2022/10/16;2000 UTC;0;978,2;978,2;977,9;1252,5;36,1;12,3;36,7;35,7;13,1;11,8;26;23;24;53;5,5;1,7;
2022/10/16;2100 UTC;0;978,4;978,4;978,2;350,2;33,3;12,7;36,2;33,3;12,7;10,7;29;22;29;101;4,4;,7;
2022/10/16;2200 UTC;0;979;979;978,4;;29,7;15,8;33,3;29,7;16;12,8;43;29;43;164;1,8;,2;
2022/10/16;2300 UTC;;;;;;;;;;;;;;;;;;
2022/10/17;0000 UTC;;;;;;;;;;;;;;;;;;
2022/10/17;0100 UTC;0;980,4;980,4;979,9;;25,4;16,6;26,7;25,4;17,1;16,2;58;54;58;325;1,9;1,4;
2022/10/17;0200 UTC;0;980,4;980,5;980,4;;24,3;16,9;25,4;24,1;17,1;16,4;64;58;63;297;1,9;1,1;
2022/10/17;0300 UTC;0;979,8;980,4;979,8;;23,1;17,9;24,3;23,1;17,9;16,4;72;62;72;214;1,3;,3;
2022/10/17;0400 UTC;0;979,4;979,8;979,4;;23,1;19,1;23,3;22,2;19,3;17,2;80;69;79;202;4,5;,3;
2022/10/17;0500 UTC;0;978,9;979,4;978,9;;23,1;18,2;23,1;22,4;19,2;18,2;80;74;74;233;2,9;1,5;
2022/10/17;0600 UTC;0;979,1;979,5;978,9;;21,8;18,4;23,2;21,8;18,9;17,9;81;73;81;181;5,8;,8;
2022/10/17;0700 UTC;0;979,4;979,4;979;;21,3;18;21,8;21,3;18,4;18;81;80;81;184;1,4;,8;
2022/10/17;0800 UTC;0;979,9;979,9;979,4;;20,8;17,9;21,3;20,8;18,2;17,8;84;81;84;190;1,3;,9;
2022/10/17;0900 UTC;0;980,9;980,9;979,9;4,1;21,1;18;21,4;20,8;18,4;17,9;85;82;82;111;2;,5;
2022/10/17;1000 UTC;0;982,2;982,2;980,9;372,2;23,9;17,5;23,9;20,6;19,2;17,5;85;68;68;44;2,3;1,2;
2022/10/17;1100 UTC;0;983,1;983,1;982,1;1192,7;27,5;14,9;27,5;23,9;17,7;13,9;68;45;46;39;4,1;1,6;
2022/10/17;1200 UTC;0;983,3;983,5;983,1;2045,9;32,3;12,7;32,3;27,5;16,2;12,3;47;30;30;77;6,8;2,9;
2022/10/17;1300 UTC;0;982,8;983,3;982,8;2815,1;34,1;10,7;34,6;32,3;12,3;10;30;23;24;84;9,5;4,3;
2022/10/17;1400 UTC;0;982,3;982,8;982,3;3287;35,6;10,7;36;33,8;11,6;9,9;25;21;22;78;9;4,3;
2022/10/17;1500 UTC;0;981,6;982,3;981,6;3524,8;36,3;10,8;36,6;35,2;11,1;9,8;22;21;21;52;8,4;4,6;
2022/10/17;1600 UTC;0;980,2;981,6;980,2;3421,1;36,8;9,6;37,5;35,9;11,1;8,1;22;17;19;88;8,1;4;
2022/10/17;1700 UTC;0;979;980,2;979;3193,6;37,5;9,3;37,9;36,6;10,6;8,5;20;17;18;92;8;2,6;
2022/10/17;1800 UTC;0;978,3;979;978,3;2770,5;37,3;9,2;38,1;36,8;9,6;8,3;19;17;18;65;9,1;2,8;
2022/10/17;1900 UTC;0;977,9;978,3;977,8;2076;37,1;8,6;37,8;36,8;10,1;8,4;19;17;18;86;7,8;2,7;
2022/10/17;2000 UTC;0;978;978;977,7;1291,2;36,2;9,9;37,6;36,1;10,1;7,8;20;17;20;72;5,5;2,2;
2022/10/17;2100 UTC;0;978,4;978,4;978;351,1;34,1;12;36,3;34,1;12,3;9,4;27;20;26;125;4,1;,9;
2022/10/17;2200 UTC;0;978,8;978,8;978,3;;29,2;15,2;34;29,1;15,9;12,4;44;26;43;208;1,5;,5;
2022/10/17;2300 UTC;;;;;;;;;;;;;;;;;;
2022/10/18;0000 UTC;;;;;;;;;;;;;;;;;;
2022/10/18;0100 UTC;0;980,5;980,5;980;;25,7;15,2;26,2;25,7;15,9;14,9;54;51;52;205;,9;,6;
2022/10/18;0200 UTC;0;980,7;980,9;980,5;;24,9;15,7;25,7;24,8;16,3;15;59;52;56;227;,9;,4;
2022/10/18;0300 UTC;0;980,6;980,8;980,6;;24;16,9;24,9;23,9;16,9;15,8;64;56;64;261;,9;,5;
2022/10/18;0400 UTC;0;980,1;980,6;980,1;;23,7;17,8;24,1;23,7;17,8;16,9;70;64;70;48;1;,8;
2022/10/18;0500 UTC;0;979,7;980,1;979,7;;23,4;18,7;24,1;23,4;19;17,7;75;69;75;82;2,3;,2;
2022/10/18;0600 UTC;0;979,9;979,9;979,6;;22,8;18,8;23,4;22,3;19;18,5;80;75;78;51;2,2;1,3;
2022/10/18;0700 UTC;0;980,3;980,3;979,9;;23,8;19;23,9;22,8;19,1;18,7;78;74;74;223;2,2;,8;
2022/10/18;0800 UTC;0;980,9;980,9;980,3;;24,2;18,9;24,2;23,8;19;18,6;74;71;72;151;1,6;,9;
2022/10/18;0900 UTC;0;981,7;981,7;980,9;3;23,7;17,1;25,4;23,7;19;16,5;73;58;67;67;2,9;1,4;
2022/10/18;1000 UTC;0;982,8;982,8;981,7;228;25,8;17;25,8;23,7;17,1;16,3;67;58;58;142;4,1;1,5;
2022/10/18;1100 UTC;0;983,7;983,7;982,8;804,8;29,5;15;29,6;25,8;16,9;15;58;41;41;109;4,1;2,3;
2022/10/18;1200 UTC;0;984,3;984,3;983,7;1831,8;31,4;15,1;31,4;28,6;17,2;14,7;50;37;37;36;4,5;2,5;
2022/10/18;1300 UTC;0;983,8;984,3;983,8;2730,6;34,8;12,8;34,8;31,4;16,1;12,1;39;26;27;42;8,8;4;
2022/10/18;1400 UTC;0;983,3;983,8;983,3;3226,5;36,2;11,9;36,2;34,2;12,8;10,8;27;22;23;51;8,9;4;
2022/10/18;1500 UTC;0;982,7;983,3;982,7;3443,6;36,7;10;37,1;35,2;11,7;9,7;23;20;20;35;10,3;4,2;
2022/10/18;1600 UTC;0;981,4;982,7;981,4;3362,8;37,7;9,9;38,1;36,3;10,8;8,9;20;18;19;45;10;3,1;
2022/10/18;1700 UTC;0;980,4;981,4;980,4;3143;37,9;10,1;38,2;36,6;10,8;8,7;20;17;19;22;7,5;2,2;
2022/10/18;1800 UTC;0;979,9;980,4;979,8;2767;37,6;8,6;38,3;37,2;10,4;8,6;19;17;17;94;7,3;2,8;
2022/10/18;1900 UTC;0;979,4;979,9;979,4;2068,7;37,5;9,6;38,3;37,3;10,4;8,6;19;17;19;85;6,1;2,8;
2022/10/18;2000 UTC;0;979,2;979,4;979,1;1196,5;36,6;10,2;37,6;36,6;10,6;9;21;18;20;75;5;1,8;
2022/10/18;2100 UTC;0;979,6;979,6;979,2;306,1;33,4;13;36,6;33,4;13,1;10,1;29;20;29;22;3,5;,9;
2022/10/18;2200 UTC;0;980,4;980,4;979,6;;29,7;14,9;33,4;29,7;15;13;41;29;41;300;1,1;,7;
2022/10/18;2300 UTC;;;;;;;;;;;;;;;;;;
2022/10/19;0000 UTC;0;981,5;981,5;980,7;;27,7;15,4;28,9;27,3;16,4;14,8;48;43;47;277;2,2;1,3;
2022/10/19;0100 UTC;;;;;;;;;;;;;;;;;;
2022/10/19;0200 UTC;0;982,3;982,5;982,3;;25,5;17,4;27,5;25,5;17,4;16;61;51;61;62;3,4;,5;
2022/10/19;0300 UTC;0;981,9;982,4;981,9;;26,5;19,4;26,5;25,4;19,5;17,2;66;60;65;112;1,3;,7;
2022/10/19;0400 UTC;0;981,3;981,9;981,3;;26,1;19,7;26,6;26,1;19,9;19,2;68;64;68;108;1,3;,5;
2022/10/19;0500 UTC;0;980,6;981,3;980,6;;25,7;20,1;26,3;25,7;20,1;19,5;71;67;71;123;1,5;,6;
2022/10/19;0600 UTC;0;980,4;980,7;980,4;;26,1;18,8;26,2;25,4;20,1;18,8;72;64;64;151;2;1,4;
2022/10/19;0700 UTC;0;980,8;980,8;980,4;;26,3;18,4;26,8;26,1;18,8;17,6;64;57;62;230;2,5;,4;
2022/10/19;0800 UTC;0;981,6;981,6;980,8;;24,9;19,6;26,3;24,9;19,7;18,4;72;62;72;302;4,5;,9;
2022/10/19;0900 UTC;0;983,3;983,4;981,6;,4;24,6;19,8;24,9;23,6;19,9;19,2;78;71;75;90;7,4;2,6;
2022/10/19;1000 UTC;0;984,2;984,2;983,3;186,3;25,4;20,1;25,4;24,6;20,1;19,7;75;72;72;118;7,4;,9;
2022/10/19;1100 UTC;0;985;985;984,2;986,8;29,3;17,7;29,3;25,4;20,5;17,7;73;50;50;54;3,5;1,8;
2022/10/19;1200 UTC;0;985,7;985,7;985;1986,1;32,2;11,8;32,5;29,3;17,6;11,8;50;29;29;43;7,7;3,4;
2022/10/19;1300 UTC;0;985,3;985,7;985,3;2722,9;33,5;9,4;34,1;32;12,6;9,3;30;22;23;55;8,9;4,3;
2022/10/19;1400 UTC;0;984,8;985,3;984,8;3220,2;35;8,6;35,1;33,4;9,8;8,5;23;20;20;49;8,6;4;
2022/10/19;1500 UTC;0;983,6;984,8;983,6;3196,2;35,1;8,3;35,7;34,6;9,5;8;21;19;19;39;8,1;3,7;
2022/10/19;1600 UTC;0;982,1;983,6;982,1;3280,1;36,3;8,2;36,9;34,9;9,6;7,6;21;17;18;61;8;3;
2022/10/19;1700 UTC;0;980,9;982,1;980,9;3086,8;36,6;8,4;37,6;36,1;9,1;7,7;19;17;18;357;6,4;3,1;
2022/10/19;1800 UTC;0;980,3;980,9;980,3;2615,4;36,6;9,2;37,8;36,4;9,5;8,1;19;17;19;20;6,2;3;
2022/10/19;1900 UTC;0;979,6;980,3;979,6;1957,9;36,6;10,1;37,5;36,5;10,3;8,4;20;18;20;29;6;3;
2022/10/19;2000 UTC;0;979,4;979,6;979,4;1107,5;36,3;10,2;36,7;36;11,1;9,4;22;19;21;33;5,5;2;
2022/10/19;2100 UTC;0;979,5;979,5;979,4;240,2;33,3;13;36,3;33,3;13,4;10,2;29;21;29;178;3,4;,3;
2022/10/19;2200 UTC;0;979,8;979,8;979,5;;29,5;14,6;33,2;29,5;14,6;12,8;40;29;40;218;1;,6;
2022/10/19;2300 UTC;;;;;;;;;;;;;;;;;;
2022/10/20;0000 UTC;0;980,9;980,9;980,3;;26;16,1;27,6;25,9;16,6;13,8;56;43;54;202;2,3;1,5;
2022/10/20;0100 UTC;0;980,9;981;980,9;;25,6;15,6;26,3;25,6;16,2;14,9;55;50;54;228;2;1,1;
2022/10/20;0200 UTC;0;980,7;981;980,7;;24,3;15,8;25,6;24,1;16,4;15,1;62;53;59;185;1,5;1;
2022/10/20;0300 UTC;0;980,2;980,7;980,2;;23,9;15,7;24,5;23,5;16,4;15,3;63;57;60;279;4;1,2;
2022/10/20;0400 UTC;0;979,8;980,2;979,8;;22,6;16,3;23,9;22,6;16,4;15,5;68;60;68;146;2,3;,6;
2022/10/20;0500 UTC;0;979,4;979,9;979,4;;22,6;17,4;22,8;22;17,4;15,9;73;65;72;352;1,4;,5;
2022/10/20;0600 UTC;0;979,4;979,4;979,3;;21,9;18,1;22,6;21,7;18,4;17,3;80;72;79;344;1,3;,2;
2022/10/20;0700 UTC;0;979,7;979,7;979,2;;21,4;18,5;22;21;18,5;17,9;84;79;83;143;2;,9;
2022/10/20;0800 UTC;0;980,3;980,3;979,7;;21,1;18,2;22,4;21,1;18,8;18;83;78;83;56;3,5;,4;
2022/10/20;0900 UTC;0;981,1;981,1;980,3;4;21,5;18,9;21,5;20,7;18,9;17,9;86;83;85;173;1,5;,7;
2022/10/20;1000 UTC;0;982,4;982,4;981,2;309,6;24,3;18,7;24,3;21,5;19,3;18,5;85;71;71;101;1,8;,9;
2022/10/20;1100 UTC;0;983,2;983,2;982,4;1064,9;26,3;17,7;26,7;24,3;19,7;17,7;74;59;59;28;3;1,5;
2022/10/20;1200 UTC;0;983,2;983,3;983,1;1952,8;31,3;19,3;31,4;26,3;19,5;17,8;59;48;49;142;3,1;1,5;
2022/10/20;1300 UTC;0;983,3;983,8;983,2;2617,6;32,5;18,8;32,6;30,8;20,2;18,2;51;44;44;14;5,7;1,4;
2022/10/20;1400 UTC;0;982,4;983,3;982,4;3016,7;34,5;15,3;34,7;32,5;19,1;14,7;44;32;32;315;5,3;2,2;
2022/10/20;1500 UTC;0;981,1;982,4;981,1;3347,6;35,8;14,5;36;34,1;15,6;14;32;28;28;16;6;2,2;
2022/10/20;1600 UTC;0;979,7;981;979,6;3275,7;36,6;14,1;37,2;35,1;15,1;13,5;29;25;26;19;7,2;3;
2022/10/20;1700 UTC;0;978,3;979,7;978,3;3006;36,9;12,9;38,1;35,9;14,5;12,4;27;23;24;358;7,2;3,1;
2022/10/20;1800 UTC;0;978;978,3;978;2593,1;37,3;13,2;38,1;36,8;13,6;12;24;22;24;354;6,8;2,2;
2022/10/20;1900 UTC;0;977,6;978;977,6;1645,8;37,4;12,6;37,6;36,6;13,2;11,6;25;22;23;332;5,6;1,9;
2022/10/20;2000 UTC;0;977,4;977,6;977,3;1129,8;36,6;12,8;37,6;36,6;13,5;12,5;24;23;24;324;4,9;1,3;
2022/10/20;2100 UTC;0;977,6;977,6;977,3;292,5;33,7;15,7;36,7;33,7;15,7;12,9;34;24;34;322;3;,7;
2022/10/20;2200 UTC;0;978;978;977,6;;30,7;18;33,7;30,7;18,2;15,6;47;34;47;299;1,7;1;
2022/10/20;2300 UTC;0;978,7;978,7;978;;28,7;18,2;30,7;28,7;18,5;17,3;53;45;53;86;1,7;,1;
2022/10/21;0000 UTC;0;978,9;979;978,7;;27,8;18,2;28,8;27,8;18,5;17,7;57;51;56;191;,4;,2;
2022/10/21;0100 UTC;0;979,4;979,4;978,8;;27,5;18,9;27,8;26,6;19,9;18;65;55;60;313;4,2;1,1;
2022/10/21;0200 UTC;0;979,7;979,9;979,4;;28,5;18,6;29;27,1;19;17,8;61;51;55;306;4,3;1,6;
2022/10/21;0300 UTC;0;979,2;979,7;979,2;;25,9;19,3;28,5;25,9;19,4;18,5;67;55;67;68;3,2;,7;
2022/10/21;0400 UTC;0;978,5;979,2;978,5;;25,4;19,5;26,1;25,4;19,5;19,2;70;66;70;115;1,2;,5;
2022/10/21;0500 UTC;0;977,9;978,5;977,9;;24,8;19,7;25,4;24,5;19,8;19,3;74;70;73;83;1,3;,4;
2022/10/21;0600 UTC;0;977,8;977,9;977,6;;24,5;20,5;24,8;24,3;20,6;19,6;79;73;79;142;1,3;,8;
2022/10/21;0700 UTC;0;977,9;977,9;977,8;;23,7;20,4;24,5;23,6;20,8;20,3;82;78;82;209;1,6;,8;
2022/10/21;0800 UTC;0;978,4;978,4;977,9;;23,5;20,6;23,8;23,4;20,6;20,1;84;81;83;65;1,5;,8;
2022/10/21;0900 UTC;0;979,8;979,8;978,4;1,8;23,7;20;24;23,4;20,6;20;83;79;80;159;1,2;,7;
2022/10/21;1000 UTC;0;981;981;979,8;257,7;26,1;19,9;26,1;23,6;20,5;19,9;81;69;69;208;3,5;,4;
2022/10/21;1100 UTC;0;981,9;981,9;981;738,6;28,8;19,5;28,8;26;20,4;19,5;70;57;57;228;1,9;,6;
2022/10/21;1200 UTC;0;982,5;982,5;981,9;1344;31,2;18,8;31,3;28,8;20;18,8;57;47;48;226;3,3;1,3;
2022/10/21;1300 UTC;0;982,7;982,7;982,5;1573;32,1;19;32,3;31,2;19,2;18,6;48;45;46;235;4,5;2;
2022/10/21;1400 UTC;0;982,1;982,7;982,1;2018,8;34;18,4;34,3;32,1;19,3;18,3;46;40;40;197;5;1,8;
2022/10/21;1500 UTC;0;981;982,1;981;2354;34,4;18,4;34,7;33,5;18,7;17,5;41;37;39;228;5,3;2,1;
2022/10/21;1600 UTC;0;979,6;981;979,6;2431,9;35;18,4;35,9;33,7;18,7;17,4;40;35;38;279;6,3;1,8;
2022/10/21;1700 UTC;0;978,4;979,6;978,4;1812,3;35,1;18,4;35,2;34,1;18,6;17,8;40;36;37;248;5,5;1,9;
2022/10/21;1800 UTC;0;978,7;978,8;977,9;578,3;28,1;20,1;35,3;27,9;20,4;17,6;64;36;62;161;12,5;5,5;
2022/10/21;1900 UTC;0;978,3;978,8;977,9;276,6;29,1;18,9;29,1;27,6;20,1;18,6;63;54;54;208;9;1,6;
2022/10/21;2000 UTC;0;978,8;978,8;978,2;179,2;29,1;20,1;29,6;28,5;20,1;18,9;59;54;58;254;5,5;2,5;
2022/10/21;2100 UTC;0;978,8;979;978,7;21;27;21,1;29,1;27;21,1;20;70;58;70;231;6,7;2,9;
2022/10/21;2200 UTC;0;979,8;979,8;978,5;;26,4;21,2;27;26,3;21,4;21;74;70;73;252;4,8;1,4;
2022/10/21;2300 UTC;0;980,2;980,3;979,8;;25,5;21;26,5;25,5;21,3;20,8;76;73;76;207;5,4;2,2;
2022/10/22;0000 UTC;0;980,9;980,9;980;;26,4;20,8;26,7;25,5;21;20,5;76;69;71;218;5,5;2,2;
2022/10/22;0100 UTC;0;981,5;981,5;980,9;;26,1;20,9;26,4;25,8;21,2;20,8;76;71;73;224;4,1;2,3;
2022/10/22;0200 UTC;0;981,9;982;981,5;;25,5;21,1;26,3;25,5;21,1;20,8;77;72;77;255;5,5;2,4;
2022/10/22;0300 UTC;0;981,5;982;981,5;;24,7;20,7;25,5;24,7;21,1;20,7;79;76;79;241;5,5;2,6;
2022/10/22;0400 UTC;0;981;981,5;981;;24,6;20,4;24,7;24,6;20,7;20,3;79;77;77;220;7;3,1;
2022/10/22;0500 UTC;0;979,7;981;979,7;;24,5;20,5;24,6;24,5;20,5;20,4;78;77;78;204;8,2;2,8;
2022/10/22;0600 UTC;0;979,6;979,8;979,5;;23,8;20,6;24,5;23,8;20,6;20,5;82;78;82;252;5,3;1,4;
2022/10/22;0700 UTC;0;979,2;979,6;979,2;;23,4;20,7;23,8;23,1;20,7;20,5;85;82;85;182;3,1;1,9;
2022/10/22;0800 UTC;0;979,6;979,6;979,2;;23,7;20,6;23,7;23,3;20,7;20,5;85;83;83;165;3,8;2,4;
2022/10/22;0900 UTC;0;980,6;980,6;979,6;3,1;24;20,7;24;23,7;20,7;20,5;83;82;82;219;3,9;,8;
2022/10/22;1000 UTC;0;981,4;981,4;980,6;147,2;24,8;20,8;24,9;24;20,8;20,7;82;78;78;274;1,8;,8;
2022/10/22;1100 UTC;0;981,9;981,9;981,4;638,4;26,7;20,1;26,9;24,8;21,1;19,9;79;67;67;141;2,7;1,4;
2022/10/22;1200 UTC;0;982,6;982,6;981,9;1271,7;28,9;20,2;29,2;26,7;20,5;19,7;67;58;60;111;3,4;1,6;
2022/10/22;1300 UTC;0;982,7;982,8;982,6;1930,4;30,2;19,6;30,7;28,6;20,4;19,3;60;52;53;116;3,9;1,4;
2022/10/22;1400 UTC;0;982,4;982,7;982,4;2512,3;32,2;19,7;32,7;30,2;20,1;19;53;46;48;106;4,9;2,3;
2022/10/22;1500 UTC;0;981,8;982,4;981,8;2980,2;34,3;17;34,6;32;19,9;16,3;48;34;36;115;5,5;3,2;
2022/10/22;1600 UTC;0;980,8;981,8;980,8;1372,1;33,4;16,7;34,5;33,3;17,4;16,2;38;35;37;111;5,6;2,1;
2022/10/22;1700 UTC;0;979,6;980,8;979,6;1495,2;35;16,8;35;33,1;17,2;16,2;38;34;34;86;3,5;1,5;
2022/10/22;1800 UTC;0;979;979,6;979;1834,2;33,5;20;35,6;33,5;20;16;45;32;45;290;6,2;3,2;
2022/10/22;1900 UTC;0;978,4;979;978,3;1299,7;32,6;20,7;33,7;32,6;20,9;20;50;45;50;271;6,2;2,6;
2022/10/22;2000 UTC;0;978,7;978,7;978,4;469,9;31,7;21;32,6;31,7;21;20,5;53;50;53;245;5,6;2,5;
2022/10/22;2100 UTC;0;979,1;979,1;978,7;147,4;30,8;20,9;31,8;30,8;21,2;20,8;55;53;55;278;4,5;1,7;
2022/10/22;2200 UTC;0;980,4;980,4;979,1;;29,4;20,8;30,8;29,4;21,1;20,7;60;55;60;35;3,6;,8;
2022/10/22;2300 UTC;0;981,6;981,6;980,4;;28,6;20,4;29,4;28,5;20,8;20;61;59;61;277;2,8;,8;
2022/10/23;0000 UTC;0;982,5;982,5;981,6;;28,5;20,2;28,7;28,3;20,6;19,9;63;59;61;293;2,9;1,7;
2022/10/23;0100 UTC;0;983,1;983,1;982,5;;28,1;20;28,5;28,1;20,2;20;62;61;61;268;3,5;1,8;
2022/10/23;0200 UTC;0;983,1;983,2;983,1;;27,6;19,8;28,1;27,6;20;19,8;63;61;63;266;4,4;2,3;
2022/10/23;0300 UTC;0;983,3;983,4;983;;26,9;20,9;27,6;26,5;21,2;19,7;72;62;70;321;6,7;2,6;
2022/10/23;0400 UTC;0;983,1;983,3;982,8;;26,5;20,2;27;26,5;20,9;20;70;66;69;342;7,1;3,1;
2022/10/23;0500 UTC;0;982,9;983,3;982,8;;25,7;20,9;26,5;25,7;21,1;20,2;75;69;75;303;8,5;3,6;
2022/10/23;0600 UTC;0;982,7;983;982,6;;24,5;21,4;25,7;24,5;21,4;20,9;83;75;83;302;8;2,7;
2022/10/23;0700 UTC;,2;982,5;982,7;982,5;;24;21,6;24,5;24;21,6;21,3;86;83;86;298;7,1;1,9;
2022/10/23;0800 UTC;0;982,4;982,6;982,4;;23,6;20;24;23,6;21,5;19,9;86;80;80;304;4,7;2;
2022/10/23;0900 UTC;0;982,7;982,7;982,3;6,2;23;20,1;23,6;23;20,3;19,9;84;80;84;332;4,8;,8;
2022/10/23;1000 UTC;0;983,9;983,9;982,7;269,3;24,2;20,2;24,3;22,9;20,7;20,1;85;78;78;148;2,5;1,6;
2022/10/23;1100 UTC;0;984,7;984,7;983,9;772,7;25;20,2;25,2;24,1;20,7;20;79;74;75;129;3,9;2,2;
2022/10/23;1200 UTC;0;985,5;985,5;984,7;755,1;25,9;20;26,3;24,9;20,4;19,9;75;69;70;128;4,1;2;
2022/10/23;1300 UTC;0;985,8;985,9;985,5;1448,7;27,6;19,8;27,7;25,9;20,4;19,4;70;62;63;101;4,4;1,9;
2022/10/23;1400 UTC;0;985,1;985,8;985,1;1531,4;29;19,9;29;27,4;19,9;19,4;63;58;58;137;4,4;1,2;
2022/10/23;1500 UTC;0;984,2;985,1;984,2;2364,5;30,3;19,3;31,1;28,5;20,1;19,2;58;51;52;138;4,8;2,4;
2022/10/23;1600 UTC;0;982,7;984,2;982,7;3166,3;32;19,3;32,7;30,3;20,1;18,9;53;46;47;141;6,5;2,3;
2022/10/23;1700 UTC;0;981,2;982,7;981,2;2892,3;33,3;18,6;34,2;31,6;19,6;18,4;48;41;42;145;5,8;2,6;
2022/10/23;1800 UTC;0;980;981,2;980;2636,2;33,8;18,4;34,5;33,3;18,9;18,1;42;39;40;145;5,6;2,6;
2022/10/23;1900 UTC;0;979,1;980;979;2061,7;34,5;17,5;35;33,7;18,8;16,7;41;35;37;137;6,6;2,5;
2022/10/23;2000 UTC;0;979,1;979,1;978,9;847,9;32,9;19,8;35;32,5;20;17,6;48;36;46;61;5,1;2,3;
2022/10/23;2100 UTC;0;979,9;979,9;979,1;312,4;31,3;19,9;32,9;31,3;20,3;19,8;51;46;51;61;4,3;1,6;
2022/10/23;2200 UTC;0;980,7;980,7;979,9;;30;19,9;31,3;30;20;19,8;55;51;55;58;2,6;,7;
2022/10/23;2300 UTC;0;982;982;980,7;;29,2;20,4;30;29,2;20,5;19,9;59;55;59;113;2;,8;
2022/10/24;0000 UTC;0;982,4;982,4;982;;28,6;20,4;29,3;28,6;20,6;20,3;61;59;61;111;2,7;1,1;
2022/10/24;0100 UTC;0;982,6;982,7;982,4;;27,3;20,5;28,6;27,3;20,5;20,3;67;61;67;203;2,2;1,2;
2022/10/24;0200 UTC;0;982,7;983;982,6;;27;20,5;27,5;26,9;20,7;20,4;68;66;67;198;2,1;,9;
2022/10/24;0300 UTC;0;982,3;982,9;982,3;;26,6;21;27,2;26,4;21;20,5;71;67;71;241;2,8;1,2;
2022/10/24;0400 UTC;0;981;982,3;981;;26,1;21,3;27,1;26;21,3;21;75;70;75;146;1,9;1;
2022/10/24;0500 UTC;0;980,4;981;980,3;;25,4;21,5;26,1;25;21,7;21,1;80;75;79;201;3,7;1,4;
2022/10/24;0600 UTC;0;980;980,4;980;;25;21,6;25,6;25;21,7;21,5;81;79;81;203;2,3;1,1;
2022/10/24;0700 UTC;0;980;980;979,9;;26;21,7;26;25;21,9;21,6;81;77;77;124;3,9;1,5;
2022/10/24;0800 UTC;0;980,6;980,6;980;;26,2;20,5;26,4;26;21,7;20,5;77;71;71;100;3,9;1,5;
2022/10/24;0900 UTC;0;982;982;980,6;;26,4;20,3;26,4;26,2;20,6;20,3;71;69;69;175;3,5;,8;
2022/10/24;1000 UTC;0;982,9;982,9;982;23,9;26,6;20;26,6;26,4;20,3;20;69;67;67;145;3,7;2;
2022/10/24;1100 UTC;0;983,8;983,8;982,9;180,1;27,4;20;27,4;26,6;20,2;19,8;68;64;64;145;5,2;3;
2022/10/24;1200 UTC;0;984,3;984,3;983,7;1096,2;28,7;19,9;28,9;27,4;20,2;19,8;64;58;59;128;7,7;3,6;
2022/10/24;1300 UTC;,8;985,6;985,6;984,3;392,1;25,3;21,3;29,1;25,3;21,8;19,3;80;57;78;41;8,8;1,3;
2022/10/24;1400 UTC;2,6;985,2;985,8;985,2;300;24,2;22,2;25,3;23,7;22,2;21,1;89;79;89;154;5,4;1,7;
2022/10/24;1500 UTC;0;984,3;985,2;984,3;1068,5;24,8;22;24,8;24,1;22,5;21,5;89;83;85;145;6,8;3,6;
2022/10/24;1600 UTC;0;982,8;984,3;982,8;2087,8;27,2;22,2;27,2;24,6;22,9;21,5;85;74;74;132;7;3,8;
2022/10/24;1700 UTC;0;981,5;982,8;981,5;2550;29;21,7;29,4;26,9;22,5;21,6;74;65;65;136;7,2;4,1;
2022/10/24;1800 UTC;0;980;981,5;980;2794,9;29,6;20,6;30,3;28,5;21,9;20,3;65;57;59;123;8,8;4,8;
2022/10/24;1900 UTC;0;979,3;980;979,3;2079,2;29,6;21;30,5;29,3;21,5;20,4;61;57;60;113;8;4,2;
2022/10/24;2000 UTC;0;979,1;979,3;979,1;1177,1;29;20,8;29,9;29;21,2;20,6;61;59;61;122;7,5;3;
2022/10/24;2100 UTC;0;979,5;979,5;978,8;194;27,8;21,4;29,1;27,8;21,4;20,7;68;61;68;130;6,3;2,1;
2022/10/24;2200 UTC;;;;;;;;;;;;;;;;;;
2022/10/24;2300 UTC;;;;;;;;;;;;;;;;;;
2022/10/25;0000 UTC;;;;;;;;;;;;;;;;;;
2022/10/25;0100 UTC;0;982,4;982,5;981,6;;25,9;22,1;26,6;25,9;22,1;21,3;80;73;80;204;3,6;1,4;
2022/10/25;0200 UTC;0;982,1;982,5;982,1;;26,2;22,3;26,2;25,8;22,3;22;80;79;79;159;2,4;1,1;
2022/10/25;0300 UTC;0;981,7;982,1;981,7;;25,9;22;26,2;25,8;22,3;22;81;78;79;178;2,6;1,4;
2022/10/25;0400 UTC;0;981,2;981,7;981,2;;26,1;21,3;26,2;25,9;21,9;21,2;79;75;75;175;4,5;2,6;
2022/10/25;0500 UTC;0;981,2;981,2;980,8;;25,2;21,5;26,1;25,2;21,5;21,1;80;74;80;224;4,5;1,1;
2022/10/25;0600 UTC;2,4;981,8;981,9;981,2;;24;22,2;25,2;24;22,3;21,5;90;80;90;288;4,9;3;
2022/10/25;0700 UTC;2,2;981,9;981,9;981,6;;22,9;21,4;24;22,9;22,4;21,3;91;90;91;291;6,5;2,5;
2022/10/25;0800 UTC;1,2;981,9;982;981,9;;22,1;20,8;22,9;22,1;21,4;20,7;92;91;92;305;6,3;1,7;
2022/10/25;0900 UTC;,4;982,1;982,1;981,9;;22,2;20,9;22,2;22,1;20,9;20,7;92;92;92;330;3,1;,5;
2022/10/25;1000 UTC;,2;982,3;982,4;982,1;138,7;22,7;21,4;22,7;22,1;21,4;20,8;93;92;93;114;1,3;,8;
2022/10/25;1100 UTC;0;982,8;982,8;982,3;381,4;23,3;21,8;23,4;22,7;21,8;21,4;93;91;91;102;2,5;1,4;
2022/10/25;1200 UTC;0;983,8;983,8;982,8;694,5;24,4;21,8;24,5;23,3;22,4;21,7;91;85;85;146;3;1,2;
2022/10/25;1300 UTC;0;984,5;984,5;983,8;678,9;25,3;21,8;25,3;24,4;22,3;21,6;86;80;81;148;2,5;1,6;
2022/10/25;1400 UTC;0;984,5;984,5;984,3;1082;26,7;21,7;26,7;25,3;22,7;21,7;83;74;74;85;3,3;1,9;
2022/10/25;1500 UTC;0;984,2;984,5;984,2;1593,4;27;21,7;27,5;26,7;22,2;21;76;70;73;39;5,1;2,3;
2022/10/25;1600 UTC;0;982,8;984,2;982,8;2013,6;27,6;21,7;28,1;26,9;22;21,1;73;66;70;28;5,8;2,7;
2022/10/25;1700 UTC;0;981,5;982,8;981,5;2361,3;27,8;21,3;28,8;26,9;22,7;20,7;74;63;68;40;6,4;2,9;
2022/10/25;1800 UTC;0;980,9;981,5;980,8;1766,9;28,4;20;28,8;27,7;21,6;19,8;69;59;60;35;6,9;3,4;
2022/10/25;1900 UTC;0;980,8;981;980,7;636,7;27,6;20,2;28,4;27,6;20,2;19,5;64;60;64;55;6,5;2;
2022/10/25;2000 UTC;0;980,8;980,8;980,6;554,8;27,6;20,1;27,7;27,4;20,5;19,9;66;63;64;60;3,9;2,1;
2022/10/25;2100 UTC;0;981;981;980,8;147,1;26,7;20,5;27,6;26,7;20,7;19,8;70;64;69;32;4,2;1,3;
2022/10/25;2200 UTC;;;;;;;;;;;;;;;;;;
2022/10/25;2300 UTC;;;;;;;;;;;;;;;;;;
2022/10/26;0000 UTC;;;;;;;;;;;;;;;;;;
2022/10/26;0100 UTC;0;982,8;982,9;982;;24,8;21;25,1;24,8;21,1;20,7;80;77;79;10;3,1;1,2;
2022/10/26;0200 UTC;;;;;;;;;;;;;;;;;;
2022/10/26;0300 UTC;0;982;982,5;982;;24,1;21,3;24,4;24,1;21,4;21,2;85;82;84;5;2,4;,6;
2022/10/26;0400 UTC;0;981,1;982,1;981,1;;23,9;21,7;24,1;23,8;21,7;21,3;88;84;88;62;1,6;,5;
2022/10/26;0500 UTC;0;980,8;981,2;980,8;;23,6;21,6;23,9;23,6;21,7;21,5;89;87;88;234;1,5;,4;
2022/10/26;0600 UTC;0;980,9;981;980,7;;23,6;21,8;23,6;23,4;21,8;21,6;90;88;90;281;1,3;,7;
2022/10/26;0700 UTC;0;980,8;980,9;980,7;;23,5;21,9;23,6;23,3;22;21,6;91;89;91;323;2;,8;
2022/10/26;0800 UTC;0;981,6;981,6;980,8;;23,4;21,8;23,5;23,3;21,9;21,8;91;91;91;196;2;,9;
2022/10/26;0900 UTC;0;982,2;982,2;981,6;4,4;23,3;21,9;23,4;23,3;22;21,8;92;91;92;90;1,6;,7;
2022/10/26;1000 UTC;0;982,8;982,8;982,2;344,7;24,9;22,2;24,9;23,3;22,3;21,9;92;85;85;144;2,8;1,6;
2022/10/26;1100 UTC;0;983,3;983,3;982,7;1294,3;26,6;21,7;26,7;24,9;22,3;21,3;85;74;74;121;2,6;,9;
2022/10/26;1200 UTC;0;984;984;983,3;1776,2;27,6;20,9;27,7;26,4;21,9;20,7;74;67;67;34;3,9;1,8;
2022/10/26;1300 UTC;0;984,3;984,3;984;2383,1;28,9;20,4;29;27,4;21,4;20;67;59;60;354;4,3;1,9;
2022/10/26;1400 UTC;0;983,9;984,3;983,9;3046;30,2;19,8;30,9;28,6;20,7;19,1;60;51;54;32;5,6;2,2;
2022/10/26;1500 UTC;0;983,3;983,9;983,3;2876,2;31,1;18,8;31,3;29,8;20,2;18;55;47;48;22;6;2,9;
2022/10/26;1600 UTC;0;982,1;983,3;982,1;2410,8;31,3;18,9;31,7;30,9;19,5;17,5;50;44;48;44;6;1,7;
2022/10/26;1700 UTC;0;980,6;982,1;980,6;2247,4;31,7;16,6;32,1;30,7;19,3;16,6;49;40;40;324;5,6;1,8;
2022/10/26;1800 UTC;0;979,6;980,6;979,6;1942,7;31,9;17,4;32,5;31,3;18,4;16,6;45;40;42;349;6,4;1,4;
2022/10/26;1900 UTC;0;979;979,6;979;1617,9;32,1;17,6;32,5;31,6;17,9;16,6;44;39;42;28;3,9;1,8;
2022/10/26;2000 UTC;0;978,9;979,1;978,8;1564,5;32,3;17,2;33,1;31,9;17,8;16,4;43;38;40;8;4,5;1,1;
2022/10/26;2100 UTC;0;979,4;979,4;978,9;388,3;30,6;18,4;32,3;30,6;18,8;16,8;49;40;48;12;3,1;,5;
2022/10/26;2200 UTC;0;980;980;979,4;,4;28;20,5;30,6;28;20,5;18,5;64;48;64;271;1,3;,8;
2022/10/26;2300 UTC;0;980,7;980,7;980;;26,6;20,3;28;26,6;21,4;19,8;72;64;68;160;1,2;,2;
2022/10/27;0000 UTC;0;981;981;980,6;;25,3;20,9;26,6;25,3;21,6;19,4;78;64;77;30;,8;,5;
2022/10/27;0100 UTC;0;981,7;981,7;981;;25,2;21,9;25,5;24,8;22,1;20,7;82;77;82;347;3,3;,2;
2022/10/27;0200 UTC;0;981,5;981,8;981,5;;24,7;21,7;25,2;24,4;22,1;21,3;84;82;84;2;1,5;,6;
2022/10/27;0300 UTC;0;981;981,6;981;;24,4;21,8;24,7;24,1;22;21,6;86;83;85;106;1,3;,5;
2022/10/27;0400 UTC;0;980,4;981;980,4;;24,1;21;24,4;24;22;21;87;82;83;106;2,4;1;
2022/10/27;0500 UTC;0;979,6;980,4;979,6;;23,8;21,3;24,1;23,7;21,4;21;87;83;86;315;1,7;,6;
2022/10/27;0600 UTC;0;980;980;979,6;;23,2;21,1;23,8;22,8;21,3;20,7;88;86;88;175;1,9;,9;
2022/10/27;0700 UTC;0;980,6;980,6;980;;22,9;20,7;23,2;22,9;21,1;20,7;88;86;87;201;1,8;,9;
2022/10/27;0800 UTC;0;981,6;981,6;980,6;;23,7;21,2;23,7;22,8;21,3;20,7;90;86;86;144;1,6;,8;
2022/10/27;0900 UTC;0;982,4;982,4;981,6;1,8;24,2;21,2;24,3;23,7;21,3;21;87;83;83;123;1,8;,9;
2022/10/27;1000 UTC;0;983,1;983,1;982,4;180,1;24,7;21,1;24,7;24,1;21,3;20,9;84;80;80;118;3,3;1,4;
2022/10/27;1100 UTC;0;983,9;983,9;983,1;711,6;26,4;21,2;26,6;24,8;21,4;20,9;80;72;73;97;2,9;1,3;
2022/10/27;1200 UTC;0;984,3;984,3;983,9;1423,1;29;20,8;29;26,4;21,4;20,2;73;61;61;56;4,4;2;
2022/10/27;1300 UTC;0;983,8;984,3;983,8;2740,5;30,8;20,1;30,8;29;20,7;19,1;61;52;53;42;6,2;3;
2022/10/27;1400 UTC;0;983,1;983,9;983,1;2844,1;31,3;19,3;32,2;30,4;20,4;19;53;48;49;17;6,4;2,3;
2022/10/27;1500 UTC;0;982,1;983,1;982,1;2509,4;32,6;18,5;33,3;30,9;19,7;18,4;51;42;43;14;5,5;2,4;
2022/10/27;1600 UTC;1;981;982,1;981;2394,3;31,3;22,5;34;26,1;24,5;18,2;82;41;60;332;11,3;1;
2022/10/27;1700 UTC;0;979,9;981;979,9;2857,4;31,7;20,5;33,7;31,3;24,1;19;64;44;52;353;4,9;2,2;
2022/10/27;1800 UTC;0;978,8;979,9;978,8;2849,7;33,5;19;34,3;31,5;20,9;18,4;53;40;42;11;5,3;2,6;
2022/10/27;1900 UTC;0;978,4;978,9;978,3;2151;33,9;17,5;34,1;33,1;19,7;17,5;45;37;38;31;6,7;2,4;
2022/10/27;2000 UTC;0;978,1;978,4;978,1;1329,4;33,9;18;34,3;33,6;18,3;17,1;40;37;39;57;4,8;1,7;
2022/10/27;2100 UTC;0;978,4;978,4;978;338,9;31,4;19,4;33,9;31,4;19,7;18,6;49;39;49;115;6,7;1,7;
2022/10/27;2200 UTC;0;979,2;979,3;978,4;,2;29,2;20,3;31,4;29,1;20,5;19,2;59;49;59;45;3,7;1,3;
2022/10/27;2300 UTC;0;979,9;979,9;979,2;;27,4;21,5;29,2;27,4;21,8;20,4;70;59;70;181;3,2;,4;
2022/10/28;0000 UTC;;;;;;;;;;;;;;;;;;
2022/10/28;0100 UTC;;;;;;;;;;;;;;;;;;
2022/10/28;0200 UTC;;;;;;;;;;;;;;;;;;
2022/10/28;0300 UTC;0;981,5;981,9;981,5;;25,4;21,1;26,2;25,3;21,5;21,1;79;74;77;119;2,3;,9;
2022/10/28;0400 UTC;0;981,2;981,5;981,2;;24,6;20,9;25,4;24,4;21,1;20,8;81;76;80;182;2,1;1;
2022/10/28;0500 UTC;0;981;981,2;981;;24,5;21,1;24,7;24;21,3;20,9;84;80;81;104;1,9;,8;
2022/10/28;0600 UTC;0;981;981,1;981;;24,1;21,1;24,6;24,1;21,2;20,8;83;81;83;33;2;,8;
2022/10/28;0700 UTC;0;981,2;981,3;981;;24,1;21,3;24,1;23,9;21,3;21,1;85;83;84;75;2;1;
2022/10/28;0800 UTC;0;981,7;981,7;981,1;;24,1;20,6;24,1;23,8;21,3;20,6;85;81;81;16;2,9;1;
2022/10/28;0900 UTC;0;981,9;981,9;981,7;11,3;23,8;20,9;24,1;23,7;20,9;20,5;84;81;84;6;2;,7;
2022/10/28;1000 UTC;0;982,4;982,4;981,9;345,8;25;20,8;25;23,7;21,2;20,8;85;78;78;63;1,7;1;
2022/10/28;1100 UTC;0;983,5;983,5;982,4;803,8;26,6;21;26,6;25;21,2;20,7;78;71;71;36;2,5;1,3;
2022/10/28;1200 UTC;0;984,2;984,3;983,5;2240,1;29,8;20,7;29,8;26,3;21,2;20,3;72;58;58;67;3,3;1,5;
2022/10/28;1300 UTC;0;983,8;984,3;983,8;2963,3;30,9;19,6;31,6;29,6;20,6;19,5;58;50;51;41;6,4;2,9;
2022/10/28;1400 UTC;0;983,1;983,8;983,1;2760,9;32,1;19,3;32,9;30,3;20,9;19,3;54;46;47;21;7;2,5;
2022/10/28;1500 UTC;0;982,2;983,1;982,2;3454,5;33,8;18,6;34,3;31,8;20,3;18,6;48;40;41;11;7;2,4;
2022/10/28;1600 UTC;0;981,2;982,2;981,2;2972,5;33,8;19,1;34,7;32,8;19,6;17,9;45;39;42;354;7,9;3,6;
2022/10/28;1700 UTC;0;979,4;981,2;979,4;2147,3;34,4;18,5;35,1;33;19,4;18;44;38;39;50;6,1;1,6;
2022/10/28;1800 UTC;0;978,5;979,4;978,5;2046,3;35,6;18,3;35,7;33,4;19,3;18;43;36;36;22;4,7;1,3;
2022/10/28;1900 UTC;0;977,9;978,6;977,9;2251,7;34,8;17,7;36;34,6;18,2;17,1;37;34;36;343;4,8;2,6;
2022/10/28;2000 UTC;0;978,1;978,1;977,7;1246,5;33,2;17,5;35,4;32,6;18,9;17;43;36;39;336;8,3;2,1;
2022/10/28;2100 UTC;0;978,6;978,6;978,1;299,7;27,3;20,1;33,1;27,3;20,1;17,1;65;39;65;307;9;2,8;
2022/10/28;2200 UTC;0;979,3;979,3;978,6;2;27,1;20,2;27,8;27,1;20,3;19,9;66;63;66;127;6,7;,5;
2022/10/28;2300 UTC;0;979,9;980;979,3;;27,1;20,3;27,4;26,7;20,8;20,2;68;66;66;154;3,3;1,2;
2022/10/29;0000 UTC;0;980;980;979,7;;26,4;19,5;27,1;26,4;20,2;19,4;67;65;66;201;3,7;1;
2022/10/29;0100 UTC;0;980,9;980,9;980;;26,6;19,4;27,1;26,2;19,5;19;67;62;64;197;3,2;1,4;
2022/10/29;0200 UTC;0;982;982;980,9;;25,7;21;26,8;25,7;21;19,4;76;64;76;339;4,2;1,8;
2022/10/29;0300 UTC;1;982,1;982,1;981,3;;23,1;20,1;26,4;23,1;21,3;19,9;84;70;84;343;11,4;6,6;
2022/10/29;0400 UTC;13,6;982;982,1;981,7;,5;22,7;20,8;23;21,9;21,3;20;93;84;89;297;11,4;3,7;
2022/10/29;0500 UTC;1,4;982,6;982,7;982;;22,6;21,2;22,7;22,5;21,2;20,6;92;88;92;47;6,4;1,7;
2022/10/29;0600 UTC;2;982;982,6;982;;22,9;21,4;22,9;22,6;21,4;21,2;92;91;91;90;3,1;,5;
2022/10/29;0700 UTC;,8;980,7;982;980,7;;22,8;21,1;23;22,8;21,6;21;92;90;90;13;2,4;1,4;
2022/10/29;0800 UTC;,6;981,7;981,7;980,7;;22,7;21,3;22,8;22,6;21,3;20,8;91;89;91;200;2,8;1,6;
2022/10/29;0900 UTC;,4;982;982;981,7;5;22,7;21,5;22,9;22,7;21,6;21,2;93;91;93;231;2,7;1,6;
2022/10/29;1000 UTC;,2;983;983;982;180;23,3;21,8;23,3;22,7;21,8;21,4;93;91;91;228;2,8;1,6;
2022/10/29;1100 UTC;,2;984,8;984,8;983;394,7;23,6;21,6;23,6;23,2;21,9;21,4;91;88;89;315;3;,9;
2022/10/29;1200 UTC;0;985,3;985,3;984,8;510,8;24,4;22;24,4;23,5;22;21,4;89;85;86;237;2,7;1;
2022/10/29;1300 UTC;0;985,6;985,6;985,2;1050,9;25,3;22,3;25,3;24,3;22,4;21,7;87;82;83;198;3,7;1,4;
2022/10/29;1400 UTC;0;985,3;985,6;985,3;1549,7;26,4;22;26,4;25,2;22,5;21,5;83;75;77;237;3,6;1,9;
2022/10/29;1500 UTC;0;984,5;985,3;984,5;1628,9;27,1;21,4;27,8;26;22,2;21;77;68;71;33;3,6;1,3;
2022/10/29;1600 UTC;0;983,6;984,5;983,6;1880,4;27,7;21,3;28,2;27,1;22,2;20,8;72;66;68;263;4;1,1;
2022/10/29;1700 UTC;0;982,3;983,6;982,3;1234,7;27,8;21,7;28;27,6;21,8;20,7;71;65;69;185;3,1;1;
2022/10/29;1800 UTC;0;981,5;982,3;981,5;732,7;27,1;21,9;27,8;27,1;22,2;21,3;74;68;73;209;4,7;2,7;
2022/10/29;1900 UTC;0;980,7;981,5;980,7;791,3;27,4;21,9;27,5;27,1;22,4;21,6;75;71;72;233;5,6;2,4;
2022/10/29;2000 UTC;0;980,6;980,7;980,6;469,2;27,1;22;27,4;27,1;22,1;21,6;74;71;74;200;5,1;2,2;
2022/10/29;2100 UTC;0;980,5;980,6;980,3;181,5;26,7;22;27,1;26,7;22,1;21,7;76;73;76;176;4,7;2,2;
2022/10/29;2200 UTC;;;;;;;;;;;;;;;;;;
2022/10/29;2300 UTC;;;;;;;;;;;;;;;;;;
2022/10/30;0000 UTC;;980,8;980,8;980,6;;24,7;21,5;25,2;24,7;21,7;21,4;83;81;83;122;5,2;1,9;
2022/10/30;0100 UTC;;;;;;;;;;;;;;;;;;
2022/10/30;0200 UTC;;;;;;;;;;;;;;;;;;
2022/10/30;0300 UTC;;980,5;981;980,5;;23,5;21,2;24;23,5;21,3;21,1;87;84;87;167;2,2;,9;
2022/10/30;0400 UTC;;980;980,5;979,9;;23,4;21,4;23,5;23,2;21,5;21,2;89;87;89;179;2,1;,9;
2022/10/30;0500 UTC;;979,6;980;979,6;;23,3;21,6;23,6;23,2;21,7;21,3;90;89;90;194;2,9;1,8;
2022/10/30;0600 UTC;;979,3;979,6;979,2;;23,7;21,1;23,8;23,3;21,7;21,1;90;85;86;180;4,2;1,6;
2022/10/30;0700 UTC;;979,5;979,5;979,3;;23,1;21,1;23,7;23,1;21,2;21,1;89;85;89;44;3,3;,5;
2022/10/30;0800 UTC;;980;980;979,4;;23,2;21,3;23,2;23;21,3;21,1;90;89;89;184;1,7;,9;
2022/10/30;0900 UTC;;980,5;980,5;980;3,3;23;21,5;23,2;22,8;21,5;21,2;91;89;91;271;1,8;,8;
2022/10/30;1000 UTC;;981,1;981,1;980,4;243,3;24,3;21,7;24,3;23;21,9;21,5;91;85;85;235;1,8;1;
2022/10/30;1100 UTC;;981,8;981,8;981,1;644,7;25,5;21,5;25,6;24,3;22;21,4;86;78;79;316;1,7;,6;
2022/10/30;1200 UTC;;982;982,1;981,8;1204,8;27,3;21,4;27,3;25,5;22,1;21,1;80;70;70;102;1,9;,8;
2022/10/30;1300 UTC;;981,8;982,1;981,8;2488,6;28,7;20,8;29,3;27,3;22,3;20,4;71;60;63;118;3,4;2;
2022/10/30;1400 UTC;;981,4;981,8;981,4;3267,6;30,9;21,2;31,4;28,6;22,4;20,6;66;55;56;113;3,7;1,6;
2022/10/30;1500 UTC;;980,1;981,4;980,1;3624;32,9;19,3;33,1;30,7;21,8;19,1;58;44;45;220;4;1,1;
2022/10/30;1600 UTC;;979;980,1;979;3585,7;33,9;18,8;34;32,6;19,9;17;45;39;41;109;4;1,6;
2022/10/30;1700 UTC;;977,8;979;977,8;3350,8;35;18,6;35,2;33,7;19,3;17,8;41;37;38;84;4,3;1,3;
2022/10/30;1800 UTC;;977;977,8;977;2914,7;34,7;17,4;35,4;34,3;19;16,9;40;35;36;41;4,6;1,5;
2022/10/30;1900 UTC;;976,8;977;976,7;2140,5;34,8;17;35,6;34,3;18,8;16,5;38;34;35;35;3,9;1,3;
2022/10/30;2000 UTC;;976,6;976,8;976,6;1282;34,7;17,3;35,3;34,6;18;16,9;37;34;36;264;4,4;1,4;
2022/10/30;2100 UTC;;976,8;976,8;976,5;334,1;32,8;20,7;34,7;32,8;21;17,4;49;36;49;270;3,1;,9;
2022/10/30;2200 UTC;;977,5;977,5;976,8;2,7;29,5;21,6;32,8;29,5;23,9;21,1;69;50;63;211;1,5;,4;
2022/10/30;2300 UTC;;978,3;978,3;977,5;;27,8;23,6;29,5;27,8;23,7;21,3;78;62;78;114;1,3;,2;
2022/10/31;0000 UTC;;979;979;978,3;;27,1;23,3;27,8;27;24,1;22,8;82;77;80;247;,9;,6;
2022/10/31;0100 UTC;;979,9;980;979;;26,3;23,4;27,1;26,2;24;23,1;86;79;84;170;2,7;1,1;
2022/10/31;0200 UTC;;980,1;980,1;979,9;;26,4;23;27;26,3;23,6;22,9;84;81;82;213;2,7;1,5;
2022/10/31;0300 UTC;;980,1;980,2;980,1;;25,6;22,9;26,4;25,6;23,4;22,9;86;82;85;205;1,9;,7;
2022/10/31;0400 UTC;;979,5;980,1;979,5;;25,7;22,5;25,9;25,6;23,1;22,5;86;83;83;222;2,1;1,3;
2022/10/31;0500 UTC;;979,3;979,5;979,2;;25,5;22,8;25,8;25,4;23,2;22,5;87;82;85;145;2,1;,7;
2022/10/31;0600 UTC;;978,9;979,3;978,9;;25,7;22,5;25,9;25,5;23,3;22,5;86;83;83;173;1,3;,6;
2022/10/31;0700 UTC;;979,1;979,1;978,8;;25;22,4;25,7;24,9;22,7;22,3;87;82;86;66;1,8;1;
2022/10/31;0800 UTC;;979,2;979,3;979,1;;24,4;22,3;25,1;24,4;22,6;22;88;84;88;13;1,7;,7;
2022/10/31;0900 UTC;;979,5;979,7;979,2;12,8;24,3;22;24,4;24;22,3;21,9;89;87;87;5;2;,6;
2022/10/31;1000 UTC;;980,4;980,4;979,5;468,2;26,4;21,3;26,4;24,3;22,3;21,2;87;73;73;50;3,4;,7;
2022/10/31;1100 UTC;;981,4;981,4;980,4;1303,4;28,9;21,2;29;26,5;21,8;20,6;73;63;63;36;3,1;1,7;
2022/10/31;1200 UTC;;982,2;982,2;981,4;2159,3;32;21,1;32;28,8;21,8;20,6;64;53;53;51;3,7;1,4;
2022/10/31;1300 UTC;;982,1;982,4;982,1;2867,3;33,5;19,7;33,6;31,6;20,9;19,3;52;43;44;86;3,8;1,9;
2022/10/31;1400 UTC;;981,9;982,1;981,8;2525,4;34,4;18,7;35;33,3;20,2;18;45;38;40;74;4,1;1,2;
2022/10/31;1500 UTC;;980,8;981,9;980,8;3716,3;35,7;18,7;36,1;34,2;20,1;18,2;42;36;37;85;4,3;2;
2022/10/31;1600 UTC;;979;980,8;979;3569,6;36,4;18,4;36,6;34,9;18,9;17,6;38;34;35;56;4,3;2,1;
2022/10/31;1700 UTC;;977,8;979;977,8;1730,8;34,5;20,1;36,4;33,5;21,4;18;47;35;43;129;6,6;3,7;
2022/10/31;1800 UTC;;976,6;977,8;976,6;1587,9;35,1;19,2;35,5;34,3;20,7;18,9;44;38;39;73;5,8;1,4;
2022/10/31;1900 UTC;;976,6;976,7;976,4;826,1;33,4;21,1;35,3;33,4;21,3;18,9;49;39;48;186;4,4;2,4;
2022/10/31;2000 UTC;;976,9;976,9;976,5;572;32,4;21,3;33,4;32,3;21,8;20,7;53;48;52;178;6,2;2;
2022/10/31;2100 UTC;;977,7;977,7;976,9;224,5;30,4;22,4;32,4;30,4;22,4;21,1;62;52;62;206;6,2;2,1;
2022/10/31;2200 UTC;;979;979;977,5;,2;29,3;22,2;30,4;29,2;22,6;22,1;67;62;66;128;3,9;1;
2022/10/31;2300 UTC;;981,1;981,1;979;;26,9;21,1;29,4;26,9;22,4;21,1;71;63;71;359;10,3;5,9;
2022/11/01;0000 UTC;;981,2;981,3;980,8;;25,1;21,1;26,9;25,1;21,7;21,1;80;71;78;350;10,3;3,1;
2022/11/01;0100 UTC;;982,4;982,4;981,2;;25,3;21,3;25,3;25,1;21,3;20,8;79;77;79;71;6,2;1,1;
2022/11/01;0200 UTC;;983,2;983,4;982,3;;23,4;21,9;25,6;23;22;20,8;92;78;92;24;6;,7;
2022/11/01;0300 UTC;;982,4;983,3;982,3;;23,4;22,1;23,7;23,3;22,3;21,9;93;92;92;272;6,3;2,8;
2022/11/01;0400 UTC;;983,5;983,5;982,4;;23,5;22,1;23,6;23,4;22,3;22,1;93;92;92;231;6,1;2,5;
2022/11/01;0500 UTC;;983,2;983,5;983;;22,8;21,6;23,4;22,8;22,1;21,6;93;92;93;207;7,3;3,4;
2022/11/01;0600 UTC;;982,6;983,2;982,6;;22,5;21,2;22,8;22,5;21,6;21,2;93;92;92;215;8,3;2,9;
2022/11/01;0700 UTC;;983,4;983,4;982,6;;22,4;21,2;22,6;22,4;21,3;21,1;93;92;93;195;6,3;2,4;
2022/11/01;0800 UTC;;983,2;983,5;983,2;;22,4;21,2;22,4;22,3;21,2;21,1;93;93;93;160;4,5;2,1;
2022/11/01;0900 UTC;;982,9;983,3;982,9;,7;22,5;21,2;22,5;22,4;21,3;21,2;93;93;93;185;4,2;1,3;
2022/11/01;1000 UTC;;982,2;982,9;982;69,5;22,7;21;22,7;22,4;21,3;21;93;90;90;188;5,6;2,6;
2022/11/01;1100 UTC;;983,2;983,2;982,2;356,2;23,7;21,8;23,7;22,7;21,8;21;91;89;89;90;5,1;1,2;
2022/11/01;1200 UTC;;983,5;983,5;983,2;1139,1;25,1;22,1;25,1;23,6;22,3;21,4;89;82;84;145;4,5;2,3;
2022/11/01;1300 UTC;;983,6;983,8;983,5;2118,9;27,5;22,3;27,6;25,1;22,7;21,6;84;73;73;131;6;2,7;
2022/11/01;1400 UTC;;983,5;983,7;983,5;1869,1;27,9;21,6;28;27,3;22,7;20,8;75;67;69;108;6,4;2,6;
2022/11/01;1500 UTC;;982,9;983,5;982,9;2258,9;29;21,6;29,3;27,9;22,2;20,9;69;62;64;149;5,2;2;
2022/11/01;1600 UTC;;982,3;982,9;982,3;2187,9;29,3;22,4;29,9;28,9;23;20,9;69;59;67;331;5,1;1,9;
2022/11/01;1700 UTC;;981,5;982,3;981,5;3137,5;29,9;21,8;31,1;29;22,9;21,4;68;59;62;331;5,1;1,9;
2022/11/01;1800 UTC;;980,8;981,5;980,8;1828,5;30,8;21,2;30,9;29,7;22,6;20,7;64;54;57;359;4,5;1,7;
2022/11/01;1900 UTC;;980,4;980,8;980,4;2098,7;31;20,8;31,2;30;22,5;20,8;63;55;55;352;5,7;3;
2022/11/01;2000 UTC;;980,9;980,9;980,4;1165,3;30;21,6;31,1;30;21,9;20,6;62;55;61;12;7,1;3,1;
2022/11/01;2100 UTC;;982,3;982,3;980,9;295,4;27,6;22,3;30;27,6;22,5;21,4;73;61;73;333;8,1;3;
2022/11/01;2200 UTC;;983,1;983,1;982,3;3,1;26,1;22,1;27,6;26,1;22,6;22,1;79;73;79;343;6,7;3,6;
2022/11/01;2300 UTC;;984,6;984,6;983,1;;25,1;21,4;26,1;25,1;22,3;21,4;80;79;80;348;9,3;4,1;
2022/11/02;0000 UTC;;;;;;;;;;;;;;;;;;
2022/11/02;0100 UTC;;;;;;;;;;;;;;;;;;
2022/11/02;0200 UTC;;985,2;985,3;985;;24,2;21,5;24,2;23,7;21,5;21,3;87;84;85;283;6,6;3,5;
2022/11/02;0300 UTC;;;;;;;;;;;;;;;;;;
2022/11/02;0400 UTC;;984,7;985,1;984,7;;22,4;20,5;23,2;22,4;20,9;20,5;89;87;89;268;7,6;2,8;
2022/11/02;0500 UTC;;984,2;984,7;984,2;;22,1;20,5;22,4;22,1;20,7;20,5;92;89;91;262;6,3;2,6;
2022/11/02;0600 UTC;;983,8;984,3;983,8;;22,1;20,7;22,1;22;20,8;20,5;92;91;92;261;4,9;1,6;
2022/11/02;0700 UTC;;983,6;983,8;983,6;;22,3;20,9;22,3;22,1;21;20,7;92;92;92;251;3;1,1;
2022/11/02;0800 UTC;;983,8;983,8;983,6;;22,4;21,1;22,5;22,3;21,1;20,9;92;92;92;217;4;1,8;
2022/11/02;0900 UTC;;984,4;984,4;983,8;3,1;22,6;20,9;22,6;22,4;21,2;20,9;92;90;90;213;4,8;2,3;
2022/11/02;1000 UTC;;985,5;985,5;984,4;58,5;22,3;20,3;22,6;22,3;20,8;20,3;90;88;88;229;5,5;2,2;
2022/11/02;1100 UTC;;986;986;985,5;186,2;22,5;20,4;22,5;22,3;20,4;20,2;89;87;88;225;5;2,7;
2022/11/02;1200 UTC;;986,4;986,4;986;512,4;23,2;20,4;23,5;22,5;21;20,4;88;84;84;217;5,7;2,9;
2022/11/02;1300 UTC;;986,3;986,4;986,3;853,3;24,4;20,7;24,4;23,2;20,9;20,4;85;80;80;209;5,7;2,7;
2022/11/02;1400 UTC;;985,9;986,3;985,9;1422,4;25,3;20,6;25,7;24,4;21,3;20,4;81;74;75;221;5,8;2,5;
2022/11/02;1500 UTC;;985,2;985,9;985,2;1309,7;26,1;20,7;26,1;25,3;21,1;20,3;76;72;72;215;5,4;1,8;
2022/11/02;1600 UTC;;984,3;985,2;984,3;1117,5;26,2;21,1;26,2;25,6;21,2;20,5;76;72;74;239;3,8;1,3;
2022/11/02;1700 UTC;;983,4;984,3;983,4;981,8;25,8;21;26,2;25,5;21,4;20,5;77;73;75;274;3,9;2,1;
2022/11/02;1800 UTC;;983;983,4;983;1093;26;20,6;26,5;25,6;21,3;20,6;77;71;72;279;4,4;2;
2022/11/02;1900 UTC;;982,9;983;982,8;732,5;26,1;20,7;26,4;25,9;21,3;20,5;74;71;72;246;4,2;2,2;
2022/11/02;2000 UTC;;983;983;982,9;359,7;25,5;21;26,1;25,5;21,3;20,5;77;72;76;272;4,5;1,6;
2022/11/02;2100 UTC;;983,5;983,5;983;131,8;24,7;20,8;25,5;24,7;21,3;20,8;79;76;79;253;5,8;3,4;
2022/11/02;2200 UTC;;984,3;984,3;983,5;3,4;23,8;20,5;24,7;23,8;20,9;20,5;82;79;82;248;5,7;2,6;
2022/11/02;2300 UTC;;;;;;;;;;;;;;;;;;
2022/11/03;0000 UTC;;985,3;985,4;984,9;;22,4;20,2;22,9;22,4;20,5;20,2;88;86;87;253;6;2,4;
2022/11/03;0100 UTC;;985,6;985,6;985,3;;22,3;20;22,4;22,3;20,2;20;88;87;87;241;4,8;2,2;
2022/11/03;0200 UTC;;985,4;985,7;985,4;;22,2;20;22,3;22,1;20,1;20;88;87;88;256;4;1,3;
2022/11/03;0300 UTC;;984,5;985,4;984,5;;22,1;20,1;22,2;22,1;20,1;19,9;88;87;88;285;3,3;1;
2022/11/03;0400 UTC;;983,5;984,5;983,5;;22,3;20;22,3;22,1;20,2;20;88;87;87;262;2,8;1,4;
2022/11/03;0500 UTC;;982,8;983,5;982,8;;22,3;20,1;22,3;22,3;20,2;20;88;87;88;239;2,6;1,3;
2022/11/03;0600 UTC;;982,5;982,8;982,5;;22,1;20;22,3;22,1;20,2;20;89;88;88;274;3;1,5;
2022/11/03;0700 UTC;;982,4;982,5;982,3;;21,9;20;22,1;21,9;20;19,9;89;87;89;260;2,9;1,3;
2022/11/03;0800 UTC;;983;983;982,4;;21,8;19,9;21,9;21,8;20;19,8;89;89;89;258;3,2;1,4;
2022/11/03;0900 UTC;;983,6;983,6;983;4,8;21,9;19,7;21,9;21,8;19,9;19,7;89;88;88;275;3,8;1,7;
2022/11/03;1000 UTC;;984;984;983,6;172,5;22,6;20;22,6;21,8;20;19,6;88;85;85;231;3,2;1,1;
2022/11/03;1100 UTC;;984,3;984,3;984;456,4;23,2;19,5;23,3;22,6;20;19,5;85;80;80;292;2,9;1,3;
2022/11/03;1200 UTC;;984,7;984,7;984,3;1230,3;24,8;19,7;25;23,2;20,3;19,5;81;72;74;279;3;1,3;
2022/11/03;1300 UTC;;984,6;984,7;984,5;2087,7;26,3;20,6;26,7;24,7;20,6;19,4;75;66;71;30;2,9;1,3;
2022/11/03;1400 UTC;;984,1;984,6;984,1;1065,7;26,5;20,7;26,5;25,5;20,9;19,9;74;68;70;351;3,3;1,5;
2022/11/03;1500 UTC;;983,2;984,2;983,2;2564,5;28;20,4;28,6;26,4;21,3;19,8;70;61;64;242;5;1,9;
2022/11/03;1600 UTC;;982,1;983,2;982,1;2298,1;28,7;20,2;28,7;27,4;21;19,8;67;60;60;261;5;,8;
2022/11/03;1700 UTC;;981;982,1;981;1768,1;29,2;20,4;29,5;28,7;20,8;19,8;61;58;59;17;3,7;,9;
2022/11/03;1800 UTC;;980,1;981;980,1;2211,4;30,1;19,9;30,9;29,1;21,3;19,3;60;52;54;291;4,2;1,9;
2022/11/03;1900 UTC;;979,6;980,1;979,6;1903,6;30,5;19;31,1;29,8;20,7;19;56;50;51;269;5;2,2;
2022/11/03;2000 UTC;;979,5;979,6;979,3;1187,2;30,1;20,1;31,2;30,1;20,4;19,3;55;50;55;245;4,9;2;
2022/11/03;2100 UTC;;979,8;979,8;979,5;412,4;29;20,4;30,4;29;20,7;20;60;54;60;268;4,5;2;
2022/11/03;2200 UTC;;980,9;980,9;979,8;7,3;26,5;21,8;29;26,5;22,2;20,4;76;60;76;278;3,6;1;
2022/11/03;2300 UTC;;;;;;;;;;;;;;;;;;
2022/11/04;0000 UTC;;982,1;982,1;981,6;;24,9;21,8;25,7;24,8;22,5;21,4;84;79;83;273;2;1,1;
2022/11/04;0100 UTC;;983;983;982,1;;25,5;22,2;25,5;24,4;22,2;21,3;87;81;82;148;2,9;1,6;
2022/11/04;0200 UTC;;983,1;983,2;982,9;;25;21,9;25,9;25;22,1;21,7;83;78;83;97;5,6;1,3;
2022/11/04;0300 UTC;;982,3;983,1;982,3;;24,8;21,8;25;24,8;22,1;21,8;85;83;83;131;4,1;2;
2022/11/04;0400 UTC;;981,8;982,3;981,8;;24,4;21,1;24,8;24,4;21,8;21,1;84;81;82;138;6,1;3,2;
2022/11/04;0500 UTC;;980,9;981,8;980,9;;24;21,1;24,4;23,9;21,2;21;84;82;84;120;6,2;1,6;
2022/11/04;0600 UTC;;980,5;980,9;980,5;;23,7;20,8;24;23,7;21;20,8;85;83;84;112;4,5;1,9;
2022/11/04;0700 UTC;;981;981;980,3;;23,9;20,2;23,9;23,6;20,8;20,2;84;80;80;164;5,9;3,4;
2022/11/04;0800 UTC;;981,4;981,4;980,8;;23,7;20,8;23,9;23,7;20,8;20,2;84;80;84;136;6,4;1,7;
2022/11/04;0900 UTC;;981,7;981,7;981,4;20,5;23,5;20,9;23,8;23,5;20,9;20,7;85;83;85;117;4,8;2,3;
2022/11/04;1000 UTC;;982;982;981,7;391,6;24,6;20,9;24,6;23,5;21;20,6;85;80;80;136;6,9;3,4;
2022/11/04;1100 UTC;;983;983;982;941,6;25,1;19,4;25,3;24,6;21,2;19,4;80;71;71;122;7,5;4;
2022/11/04;1200 UTC;;983,4;983,4;983;1384,6;26,8;20,2;26,8;25,1;20,3;19,3;71;67;67;119;8;3,2;
2022/11/04;1300 UTC;;983,4;983,5;983,4;2484,2;28,2;19,2;28,6;26,7;20,5;18,7;67;57;58;102;7,6;3,9;
2022/11/04;1400 UTC;;982,7;983,4;982,7;3363,2;30;19,8;30;28,2;19,9;18,5;59;53;54;80;7,6;3,1;
2022/11/04;1500 UTC;;981,8;982,7;981,8;3655,2;31,1;19,2;31,1;29,2;20,1;18,6;55;49;49;105;7,4;3;
2022/11/04;1600 UTC;;980,9;981,8;980,9;3200,2;31,4;18,7;32,4;30,3;20,3;17,9;53;44;47;69;7;2;
2022/11/04;1700 UTC;;980,2;980,9;980,2;1388;30,8;18,8;32;30,8;19,7;18,4;50;45;49;96;4,8;1,1;
2022/11/04;1800 UTC;;979,7;980,2;979,7;842,4;30,6;19,8;31,6;30,3;20,9;18,8;56;49;52;156;4,4;2,2;
2022/11/04;1900 UTC;;979,4;979,7;979,4;1091,9;31,3;18,8;32,2;30,5;20,2;18,3;54;45;47;140;4,4;2,3;
2022/11/04;2000 UTC;;979,1;979,4;979,1;1621,1;31,7;17,7;32,5;31,3;19;17,5;47;42;43;134;4,5;2,6;
2022/11/04;2100 UTC;;979,6;979,6;979,1;463,6;30;18,9;31,7;30;19;17,2;52;42;52;150;4,5;2,1;
2022/11/04;2200 UTC;;980,8;980,8;979,6;5,8;28,5;19,8;30;28,5;19,8;18,9;59;51;59;144;3,6;1,5;
2022/11/04;2300 UTC;;981,6;981,6;980,8;;27,1;19,9;28,5;27,1;20,3;19,7;65;59;65;130;3,1;1,5;
2022/11/05;0000 UTC;;;;;;;;;;;;;;;;;;
2022/11/05;0100 UTC;;982,7;982,7;982,1;;25,4;20;26;25,3;20,8;19,9;74;70;72;99;2,7;1,5;
2022/11/05;0200 UTC;;983,1;983,1;982,7;;26,3;19,4;26,3;25,4;20,1;19,3;72;66;66;158;4,3;1,5;
2022/11/05;0300 UTC;;982,6;983,1;982,6;;25;19,7;26,3;24,4;19,9;19,1;76;65;72;171;4,9;2,4;
2022/11/05;0400 UTC;;982;982,6;982;;24,4;19,3;25;24,4;19,8;19,3;75;72;73;129;4,9;2,4;
2022/11/05;0500 UTC;;982;982;981,9;;24;20;24,6;24;20;19,2;78;72;78;269;4,3;1,1;
2022/11/05;0600 UTC;;981,4;982;981,4;;22,2;19,6;24,4;22,2;20,6;19,5;85;75;85;100;6,3;3,3;
2022/11/05;0700 UTC;;981,5;981,5;981,2;;22,4;19,6;22,5;22,2;19,6;19,4;85;83;84;78;8,3;1,7;
2022/11/05;0800 UTC;;981,7;981,7;981,5;;22,4;19,4;22,7;22,4;19,6;19,1;84;80;83;84;6,9;2,2;
2022/11/05;0900 UTC;;982;982;981,7;4,5;23;19,8;23;22,4;19,8;19,4;85;82;82;116;4,7;2,3;
2022/11/05;1000 UTC;;982,9;982,9;982;177,2;23,5;19,8;23,5;22,8;20;19,7;84;79;80;110;5,3;2,6;
2022/11/05;1100 UTC;;984,1;984,1;982,9;1038,4;26,1;20,2;26,1;23,5;20,5;19,6;80;70;70;106;5,2;2,3;
2022/11/05;1200 UTC;;984,7;984,8;984,1;1643,4;27,4;19,6;27,4;25,5;20,7;19,3;73;62;63;65;5,2;3;
2022/11/05;1300 UTC;;984,6;984,8;984,6;2869,7;28,1;20;28,6;27,2;20,5;19,3;64;60;62;71;5,7;2,9;
2022/11/05;1400 UTC;;984,4;984,7;984,4;3228,6;29,1;20,4;29,3;27,6;20,9;19,5;64;58;59;42;6,6;3;
2022/11/05;1500 UTC;;983,4;984,4;983,4;3735,6;29,5;20;29,9;28,6;20,9;19,4;61;55;57;39;6,5;3;
2022/11/05;1600 UTC;;982,3;983,4;982,3;3762,9;30,3;18,8;31;29,1;20,8;18,6;58;49;50;65;6,2;3,3;
2022/11/05;1700 UTC;;981,2;982,4;981,2;3143,4;31,4;19,5;31,5;29,9;20,4;19,2;55;49;50;47;5,8;2,1;
2022/11/05;1800 UTC;;980,3;981,2;980,3;3060,9;32,7;19,2;32,7;31,1;19,7;18;50;44;45;191;4,3;1,1;
2022/11/05;1900 UTC;;979,6;980,3;979,6;2310,7;32,3;17,7;32,9;31,9;19,1;17;45;40;42;130;3,9;2,1;
2022/11/05;2000 UTC;;979,8;979,8;979,6;717,9;31,4;17,9;32,7;31,4;19,1;17;47;39;45;166;3,5;1,3;
2022/11/05;2100 UTC;;980,3;980,3;979,8;233,4;30,1;20,7;31,4;30,1;21;18,3;58;45;57;231;2;,6;
2022/11/05;2200 UTC;;;;;;;;;;;;;;;;;;
2022/11/05;2300 UTC;;981,6;981,6;981,1;;26,4;22,4;27,3;26,4;22,5;21,7;79;72;79;319;1,9;,4;
2022/11/06;0000 UTC;;982,4;982,4;981,6;;25,3;21,5;26,4;25,2;22,5;21,5;82;78;79;16;2,1;1,4;
2022/11/06;0100 UTC;;;;;;;;;;;;;;;;;;
2022/11/06;0200 UTC;;;;;;;;;;;;;;;;;;
2022/11/06;0300 UTC;;982,4;983;982,4;;23,8;21,4;24,6;23,8;21,8;21,3;87;82;87;217;1,1;,3;
2022/11/06;0400 UTC;;981,9;982,4;981,9;;23,1;21,2;23,8;23,1;21,5;21,2;89;87;89;26;1,6;,4;
2022/11/06;0500 UTC;;981,5;982;981,5;;23,2;21,5;23,2;22,8;21,6;20,9;91;89;91;319;2;,5;
2022/11/06;0600 UTC;;981,3;981,6;981,3;;23,1;21,4;23,2;22,9;21,5;21,2;91;90;90;214;1,6;,3;
2022/11/06;0700 UTC;;981,6;981,6;981,1;;22,6;21,1;23,2;22,6;21,5;21,1;91;90;91;;1,2;,1;
2022/11/06;0800 UTC;;982,3;982,3;981,6;;22,8;21,1;22,8;22,3;21,1;20,8;92;90;90;124;1,9;,3;
2022/11/06;0900 UTC;;982,9;982,9;982,3;16,8;23,3;21,2;23,3;22,8;21,2;21;90;88;88;168;1,2;,2;
2022/11/06;1000 UTC;;983,8;983,8;982,9;461,2;24,8;21;24,9;23,3;21,7;21;89;79;80;15;3,2;1,8;
2022/11/06;1100 UTC;;984,5;984,5;983,8;1267,2;27,1;20,7;27,2;24,8;21,5;20,5;80;67;68;35;4,2;2,3;
2022/11/06;1200 UTC;;984,8;984,8;984,5;2241,8;29;20,4;29,2;27,1;21;20;68;59;60;50;4,3;2,2;
2022/11/06;1300 UTC;;984,9;984,9;984,7;2513,1;29,1;20,6;30;28,5;20,9;19,9;62;57;60;20;4,9;1,9;
2022/11/06;1400 UTC;;984,5;984,9;984,5;1715,6;30,1;20,3;30,6;29,1;21;19,6;61;53;56;18;5,1;2,3;
2022/11/06;1500 UTC;;983,9;984,5;983,9;2818,3;31;19,9;32,1;29,9;20,6;19,3;56;48;52;27;5,1;2,5;
2022/11/06;1600 UTC;;982,9;983,9;982,9;3517,4;32,6;18,9;32,7;31;20,1;18,3;52;43;45;64;5,6;1,9;
2022/11/06;1700 UTC;;981,6;983;981,6;2615,6;32,9;18,4;33,2;31,7;19,2;16,7;47;38;42;69;5,1;1,9;
2022/11/06;1800 UTC;;980,8;981,6;980,8;3003,6;33,9;17,6;33,9;32,6;18,3;16,6;42;37;38;30;5,5;2,7;
2022/11/06;1900 UTC;;980,4;980,8;980,4;1430;32,2;19;33,8;32,1;19;16,3;46;36;46;13;5,2;1,5;
2022/11/06;2000 UTC;;980,3;980,4;980,1;1040,8;32,6;17,6;33;32,1;19,1;17,3;46;40;41;43;2,9;1,1;
2022/11/06;2100 UTC;;980,9;980,9;980,3;162,6;29,9;21,7;32,8;29,9;21,7;17,5;61;40;61;293;2,1;,3;
2022/11/06;2200 UTC;;;;;;;;;;;;;;;;;;
2022/11/06;2300 UTC;;;;;;;;;;;;;;;;;;
2022/11/07;0000 UTC;;;;;;;;;;;;;;;;;;
2022/11/07;0100 UTC;;983,4;983,4;982,9;;24,7;20,8;25,9;24,7;20,9;20,3;79;73;79;297;2,5;,5;
2022/11/07;0200 UTC;;983,2;983,6;983,1;;23,8;20,7;24,7;23,8;21;20,5;83;78;83;229;2,2;1,3;
2022/11/07;0300 UTC;;982,9;983,2;982,9;;23,6;20,8;24,4;23,5;21;20,1;84;78;84;183;2;,8;
2022/11/07;0400 UTC;;982,3;982,9;982,3;;23,6;20,7;23,8;23,4;20,8;20,3;85;82;84;269;1,8;,8;
2022/11/07;0500 UTC;;981,8;982,4;981,8;;23,5;20,9;23,7;23,1;21,1;20,5;87;82;86;337;1,3;,7;
2022/11/07;0600 UTC;;981,5;982;981,5;;23,2;21;23,6;22,9;21,2;20,6;88;85;87;78;1,5;,8;
2022/11/07;0700 UTC;;981,3;981,5;981,2;;23,3;20,5;23,5;23,2;21;20,5;87;83;85;74;1,7;,7;
2022/11/07;0800 UTC;;981,9;981,9;981,3;;23,3;20,9;23,5;22,8;21;20,5;88;85;86;68;2,5;,6;
2022/11/07;0900 UTC;;982,2;982,2;981,8;1,6;23,1;20,4;23,5;23;21;20,4;88;84;85;40;1,7;,8;
2022/11/07;1000 UTC;;983;983;982,2;167,7;24,4;20,7;24,4;23,1;20,8;20,3;86;79;80;82;1,7;,8;
2022/11/07;1100 UTC;;983,9;983,9;983;597,8;25,7;20,8;25,7;24,4;21;20,2;81;74;74;98;2,4;1,5;
2022/11/07;1200 UTC;;985,1;985,1;983,9;983,7;27,6;20,8;27,6;25,8;21,2;20,5;75;66;66;68;3;1,5;
2022/11/07;1300 UTC;;985,2;985,3;985,1;1489,7;29,3;20,2;29,5;27,6;21,2;20;67;58;58;62;5;2,3;
2022/11/07;1400 UTC;;985,1;985,3;985;2585,1;30,1;19,8;30,2;29,2;20,8;19,6;58;54;54;31;6,6;2,8;
2022/11/07;1500 UTC;;984,5;985,1;984,5;2523,1;30,4;20;30,8;29,3;21;19,5;58;52;54;26;6,9;3,8;
2022/11/07;1600 UTC;;983,6;984,5;983,6;3537,2;32,2;19,8;32,3;30,5;20,3;19,2;54;48;48;43;7,3;2,4;
2022/11/07;1700 UTC;;982,7;983,7;982,7;3293;31,7;19;32,9;31,1;20,3;18,9;51;45;47;24;5,1;1,9;
2022/11/07;1800 UTC;;981,7;982,7;981,7;2469,4;32,5;18,5;32,9;31,4;19,8;17,8;49;41;44;34;4;1,3;
2022/11/07;1900 UTC;;980,8;981,7;980,8;1697,7;32,4;19,1;32,7;31,9;19,5;18,4;46;44;45;356;3,5;1,1;
2022/11/07;2000 UTC;;980,3;980,8;980,3;1407,8;32,1;18,8;33;32,1;19,6;18,2;47;43;45;10;3,8;2,1;
2022/11/07;2100 UTC;;980,3;980,4;980,1;422,7;31;20,1;32,4;31;20,1;18,9;53;45;52;39;3,5;,7;
2022/11/07;2200 UTC;;980,9;980,9;980,3;1,6;28,5;21,8;31;28,5;21,8;20;67;52;67;306;2,1;,8;
2022/11/07;2300 UTC;;981,9;981,9;980,9;;27,2;21,6;28,5;27,2;21,9;20,8;72;65;71;251;1,4;,7;
2022/11/08;0000 UTC;;982,8;982,8;981,9;;26,6;21,6;27,2;26,6;22,1;21;76;71;74;229;2;,6;
2022/11/08;0100 UTC;;983,1;983,3;982,8;;25,5;21,8;26,6;25,5;22,1;21,2;80;74;80;240;,9;,5;
2022/11/08;0200 UTC;;983;983,1;982,9;;24,9;21,9;25,5;24,7;21,9;21;83;77;83;359;2,1;,9;
2022/11/08;0300 UTC;;982,3;983;982,3;;24,7;21,9;25,1;24,4;22,5;21,8;87;83;85;320;2,3;1;
2022/11/08;0400 UTC;;981,8;982,3;981,8;;24,8;21,9;25,1;24,6;22;21,5;85;82;84;176;1,9;,4;
2022/11/08;0500 UTC;;981,9;981,9;981,8;;24,3;21,8;24,8;24,3;22,2;21,6;87;83;86;198;1,1;,8;
2022/11/08;0600 UTC;;982;982;981,9;;24,8;21,9;24,8;24,3;22;21,7;86;83;84;208;1,2;,8;
2022/11/08;0700 UTC;;981,9;982,1;981,9;;24,7;22,4;25;24,5;22,4;21,8;87;83;87;149;1,4;,4;
2022/11/08;0800 UTC;;982,2;982,3;981,8;;24;22,2;24,7;24;22,4;22;89;87;89;238;1,4;,9;
2022/11/08;0900 UTC;;982,9;982,9;982,2;7,7;24,2;22,6;24,2;23,8;22,6;22,1;91;89;91;94;1,4;,5;
2022/11/08;1000 UTC;;983,7;983,7;982,9;197,5;25,3;22,1;25,3;24;22,7;22,1;91;83;83;121;1,5;,9;
2022/11/08;1100 UTC;;984,4;984,4;983,7;665,9;27,3;22;27,3;25,3;22,4;21,6;83;72;73;149;1,9;1;
2022/11/08;1200 UTC;;984,7;984,7;984,4;1266,4;28,9;21,4;29,2;27,3;22,2;21,2;73;63;64;324;2;1,1;
2022/11/08;1300 UTC;;984,7;984,8;984,6;1363,9;30,2;21,9;30,3;28,9;22;21;65;61;61;257;2,4;,9;
2022/11/08;1400 UTC;;984,6;984,8;984,5;2484,3;30,8;19,7;31,8;30,2;21,9;19,3;61;49;52;23;3,9;1,9;
2022/11/08;1500 UTC;;983,9;984,7;983,9;2592,2;32,5;19,9;32,7;30,6;21;19,3;54;48;48;16;4,6;1,4;
2022/11/08;1600 UTC;;982,8;983,9;982,8;3395,6;33;18,5;33,4;31,4;20,7;17,7;52;41;42;338;5,3;2,3;
2022/11/08;1700 UTC;;981,9;982,9;981,9;3126,8;33,6;18,1;33,8;32,5;19,2;17;44;38;40;50;5,8;1,6;
2022/11/08;1800 UTC;;980,8;981,9;980,8;2853,6;33,7;17,5;34,2;32,5;18,6;17,2;42;37;38;24;5,9;2,6;
2022/11/08;1900 UTC;;980,2;980,9;980,2;2082,8;33,9;17;34,3;33,4;17,6;16,4;39;35;37;328;5,3;1,8;
2022/11/08;2000 UTC;;980,4;980,4;980,1;1277,1;33,5;16,8;34;33,4;17,6;16,3;38;35;37;3;4,4;1,8;
2022/11/08;2100 UTC;;981,2;981,2;980,4;324;31,5;20;33,5;31,5;20,4;16,6;52;37;51;284;3,3;,6;
2022/11/08;2200 UTC;;;;;;;;;;;;;;;;;;
2022/11/08;2300 UTC;;982,1;982,1;981,7;;27,4;21,2;29,1;27,3;21,6;20,2;70;60;69;4;1,5;,4;
2022/11/09;0000 UTC;;;;;;;;;;;;;;;;;;
2022/11/09;0100 UTC;;984,1;984,1;982,8;;26,1;21,6;27;25,8;21,9;20,7;77;70;76;258;2,3;,5;
2022/11/09;0200 UTC;;984,5;984,6;984,2;;26,1;21,5;26,4;25,4;21,8;21,2;79;75;76;357;6,9;1,2;
2022/11/09;0300 UTC;;984,3;984,5;984,3;;25,9;21,3;26,2;25,8;21,8;21,2;78;75;76;353;3,8;1,2;
2022/11/09;0400 UTC;;984,2;984,4;984,2;;25,9;21,3;25,9;25,7;21,5;21,2;77;75;76;300;3;1,2;
2022/11/09;0500 UTC;;983,3;984,2;983,3;;25,4;21,1;25,9;25,2;21,4;21,1;79;76;77;306;2,9;1,5;
2022/11/09;0600 UTC;;983,1;983,3;982,9;;24,9;21,1;25,5;24,9;21,2;20,9;80;76;79;266;3,3;1;
2022/11/09;0700 UTC;;983,5;983,5;983,1;;24,5;21,7;25;24;21,7;21,1;85;79;85;160;1,7;,6;
2022/11/09;0800 UTC;;983,7;983,8;983,5;;24,9;22;24,9;24,4;22;21,6;86;83;84;172;1,4;,4;
2022/11/09;0900 UTC;;984,5;984,5;983,7;1,2;24,8;21,9;24,9;24,5;22,1;21,7;85;84;84;337;1,7;,4;
2022/11/09;1000 UTC;;984,8;984,8;984,5;199;25,4;22;25,4;24,6;22,2;21,9;85;82;82;27;2;,5;
2022/11/09;1100 UTC;;986;986;984,7;731;26,8;21,4;26,8;25,4;22,1;21;82;72;73;52;2,4;1,4;
2022/11/09;1200 UTC;;986,5;986,5;986;1381,4;28,7;22,2;28,7;26,8;22,2;21;73;66;68;153;4,3;2,3;
2022/11/09;1300 UTC;;986;986,5;986;2021,2;29,5;21,7;29,6;28,4;22;20,9;68;62;63;142;5,4;2,1;
2022/11/09;1400 UTC;;985,5;986;985,5;2232,9;30,3;20,5;31;28,9;21,5;20,5;63;55;56;112;4,4;1,6;
2022/11/09;1500 UTC;;984,5;985,5;984,5;2929,9;31,8;20,6;32;30,2;21;20,2;56;50;51;48;3,9;1,8;
2022/11/09;1600 UTC;;983,4;984,5;983,4;2482,5;31,9;20;33,1;31,3;21,2;19,2;53;46;49;30;4,8;2,1;
2022/11/09;1700 UTC;;981,9;983,4;981,9;2727,3;32,8;19,8;33,3;31,7;20,6;19,2;50;45;46;35;5,5;1,6;
2022/11/09;1800 UTC;;980,9;981,9;980,9;2480,5;33;19,1;34;32,2;20,1;18,9;47;43;44;23;5,9;2;
2022/11/09;1900 UTC;;980,3;980,9;980,3;2401,4;33,1;19;34,3;32,5;20;18,1;46;40;43;6;5,9;2,6;
2022/11/09;2000 UTC;;980;980,3;980;1452,7;33;19;33,6;32,9;19,5;18,6;45;42;44;8;4,9;1,2;
2022/11/09;2100 UTC;;980,6;980,6;979,9;433,1;31,2;21,5;33;31,2;21,5;18,7;56;44;56;121;3,7;1,3;
2022/11/09;2200 UTC;;;;;;;;;;;;;;;;;;
2022/11/09;2300 UTC;;;;;;;;;;;;;;;;;;
2022/11/10;0000 UTC;;982,7;982,7;982,1;;25,9;20,5;27,2;25,8;20,8;19,6;73;64;73;113;1,6;,5;
2022/11/10;0100 UTC;;;;;;;;;;;;;;;;;;
2022/11/10;0200 UTC;;983,4;983,5;983,1;;24,6;20,5;25,5;24,6;21,2;20,4;80;75;78;29;1,9;1;
2022/11/10;0300 UTC;;982,4;983,4;982,4;;24,4;21;24,9;24,2;21;20,6;82;77;81;70;1,9;,9;
2022/11/10;0400 UTC;;982,2;982,4;982,1;;24,2;20,9;24,5;23,9;20,9;20,4;82;79;82;16;2,2;,4;
2022/11/10;0500 UTC;;981,7;982,2;981,7;;23,9;20,8;24,2;23,9;21,1;20,8;84;81;83;300;1,2;,6;
2022/11/10;0600 UTC;;981,4;981,8;981,4;;23,1;20,5;23,8;23;20,9;20,5;86;83;85;257;1,8;,9;
2022/11/10;0700 UTC;;981,6;981,6;981,4;;23;20,8;23,2;22,9;21;20,5;88;85;88;247;1,3;,6;
2022/11/10;0800 UTC;;982,1;982,1;981,6;;22,7;20,7;23,1;22,7;21;20,7;89;87;89;351;1,6;,4;
2022/11/10;0900 UTC;;982,7;982,7;982,1;19,8;22,8;21,1;22,9;22,2;21,1;20,3;90;89;90;25;2;1,1;
2022/11/10;1000 UTC;;983,7;983,7;982,7;467,1;25,6;20,9;25,7;22,8;22,1;20,9;90;75;76;107;1,7;,9;
2022/11/10;1100 UTC;;984,6;984,6;983,7;1289,2;28,2;21,4;28,2;25,3;21,6;20,8;77;66;66;45;2,6;1,2;
2022/11/10;1200 UTC;;985,4;985,4;984,6;1958,2;29,7;21;30;28,1;21,6;20,6;67;58;60;55;3;1,3;
2022/11/10;1300 UTC;;985,1;985,5;985,1;1477,3;30,5;20,8;31,7;29,6;21,7;20,7;61;53;56;122;3,1;1,1;
2022/11/10;1400 UTC;;986,1;986,3;984,9;336,6;21,9;19,8;30,8;21,1;21,8;18,4;91;56;88;113;14,5;6;
2022/11/10;1500 UTC;;984,8;986,1;984,7;1122,7;25,8;23,6;25,9;21,9;23,6;20,1;91;85;87;266;14,5;1,2;
2022/11/10;1600 UTC;;985,2;985,5;984,8;276,2;23,3;21;25,9;23,3;23,7;20,7;88;83;87;30;9,1;2,9;
2022/11/10;1700 UTC;;983,5;985,2;983,5;162,9;23,3;21,6;23,5;23,1;21,6;21;91;87;90;310;6,5;1,3;
2022/11/10;1800 UTC;;981,8;983,5;981,8;273;23,6;21,8;23,6;23,3;21,8;21,4;90;89;89;277;3,2;,6;
2022/11/10;1900 UTC;;981,6;981,8;981,3;460,2;24,3;21,9;24,3;23,6;22;21,6;89;86;87;330;3;1,6;
2022/11/10;2000 UTC;;981,6;981,7;981,4;437,2;24,6;22,3;24,6;24,1;22,5;21,7;89;87;87;41;3,3;1;
2022/11/10;2100 UTC;;982,2;982,2;981,6;210,9;24,4;22,5;24,7;24,4;22,7;22,1;90;86;90;203;2;1,1;
2022/11/10;2200 UTC;;;;;;;;;;;;;;;;;;
2022/11/10;2300 UTC;;983,3;983,3;982,5;;23,9;22;24,1;23,9;22,4;22;91;89;89;144;4,5;1,7;
2022/11/11;0000 UTC;;;;;;;;;;;;;;;;;;
2022/11/11;0100 UTC;;;;;;;;;;;;;;;;;;
2022/11/11;0200 UTC;;984;984,4;984;;23,9;21,8;24,4;23,9;21,9;21,6;88;85;88;75;3,3;1,2;
2022/11/11;0300 UTC;;983,1;984;983,1;;23,7;22;24,1;23,7;22,1;21,7;90;87;90;304;1,9;,9;
2022/11/11;0400 UTC;;982,6;983,1;982,6;;23,5;21,8;23,7;23,3;22;21,7;91;90;90;271;3,3;1,1;
2022/11/11;0500 UTC;;982,2;982,8;982,2;;23,7;21,7;23,7;23,4;22;21,7;91;89;89;162;3,5;1,4;
2022/11/11;0600 UTC;;981,9;982,2;981,9;;23,7;21;23,7;23,5;21,8;21;90;85;85;148;3,6;2,1;
2022/11/11;0700 UTC;;981,8;981,9;981,5;;23,5;20;23,7;23,5;21;19,9;85;80;81;151;5,1;2,3;
2022/11/11;0800 UTC;;981,8;981,9;981,6;;23;19,9;23,5;22,9;20,1;19,8;84;80;83;153;3,6;1;
2022/11/11;0900 UTC;;982,1;982,1;981,8;19,2;22,6;20,2;23;22,6;20,2;19,7;86;82;86;170;2,3;,9;
2022/11/11;1000 UTC;;983;983;982,1;544,6;24,8;21;24,8;22,6;21;20,1;87;80;80;134;4;2,3;
2022/11/11;1100 UTC;;983,8;983,8;983;1536;27;21,3;27;24,8;21,7;20,8;80;70;71;134;5,5;2,6;
2022/11/11;1200 UTC;;984,2;984,2;983,8;2320,3;28,2;21,7;28,3;27;21,8;20,7;71;65;68;133;4,6;2,2;
2022/11/11;1300 UTC;;984,5;984,5;984,2;2380,2;29,6;20,6;30,5;28,2;21,8;20,6;68;58;59;138;4,7;1,6;
2022/11/11;1400 UTC;;983,9;984,5;983,9;3241,7;30,8;20,9;31,4;29,4;21,5;20,4;61;54;55;156;3,5;1,2;
2022/11/11;1500 UTC;;983;983,9;983;3385,3;31,6;20,8;32,5;30,9;21,5;19,6;56;49;53;9;5,2;1,7;
2022/11/11;1600 UTC;;981,9;983;981,9;3573,2;33,5;21,3;33,5;31,6;22;20,2;55;48;49;53;5,2;1,5;
2022/11/11;1700 UTC;;980,5;981,9;980,5;2556,8;33,7;20;34,2;32;21,1;19,6;52;43;45;276;4,3;1,1;
2022/11/11;1800 UTC;;979,3;980,5;979,3;2690,2;34,2;17,6;34,4;32,8;21,1;17,5;49;37;37;36;4;1,1;
2022/11/11;1900 UTC;;978,3;979,3;978,3;2035,6;32,9;19,6;34,6;32,9;21,2;18;49;37;46;327;4,1;1,5;
2022/11/11;2000 UTC;;978;978,3;977,7;1062,9;33,2;19,2;33,8;31,7;22;18,8;56;42;44;350;3,1;,5;
2022/11/11;2100 UTC;;978,9;978,9;978;446,9;31,1;22,7;33,1;31,1;22,7;19,2;61;44;61;57;1,8;,8;
2022/11/11;2200 UTC;;980,2;980,2;978,9;2,7;27,5;20,6;31,1;27,5;23,9;20,6;73;58;66;25;7,7;3,1;
2022/11/11;2300 UTC;;;;;;;;;;;;;;;;;;
2022/11/12;0000 UTC;;;;;;;;;;;;;;;;;;
2022/11/12;0100 UTC;;982,7;982,7;982,2;;25,2;20,9;25,7;25,1;20,9;19,7;77;71;77;134;9,3;1,6;
2022/11/12;0200 UTC;;983,1;983,4;982,7;;24,3;20,8;25,3;24,2;20,9;20,6;81;76;81;188;4,6;1,3;
2022/11/12;0300 UTC;;984,1;984,2;983,1;;23;20,9;24,5;23;21,1;20,7;88;80;88;101;4,4;1,6;
2022/11/12;0400 UTC;;983,4;984,1;983,3;;22,6;21,2;23;22,4;21,3;20,9;92;88;92;110;4,8;1,8;
2022/11/12;0500 UTC;;982,6;983,4;982,6;;22,2;20,3;22,6;22,2;21,2;20,3;92;89;89;163;3,6;1,9;
2022/11/12;0600 UTC;;981,9;982,6;981,9;;22,1;20,8;22,1;21,9;20,8;20,2;93;89;93;212;4,5;2,7;
2022/11/12;0700 UTC;;982,3;982,3;981,7;;22,2;20,8;22,2;22;20,8;20,7;93;92;92;191;6,1;3,3;
2022/11/12;0800 UTC;;982,7;982,7;982,3;;22,2;20,8;22,3;22,2;20,8;20,7;92;91;92;212;6,1;2,2;
2022/11/12;0900 UTC;;983,1;983,1;982,7;5,2;22,3;20,9;22,3;22,2;20,9;20,8;92;92;92;203;4,2;1,4;
2022/11/12;1000 UTC;;983,5;983,5;983,1;147,3;22,7;21,2;22,7;22,3;21,2;20,9;92;91;91;180;4,4;2;
2022/11/12;1100 UTC;;983,6;983,6;983,5;382,1;23,4;21,4;23,4;22,7;21,4;21;91;87;88;176;6,3;2,5;
2022/11/12;1200 UTC;;984;984;983,6;813,4;24,7;21,7;24,7;23,4;22;21,2;88;83;84;186;6;2,1;
2022/11/12;1300 UTC;;984,6;984,6;984;1644,1;26,8;21,2;26,8;24,7;22,2;20,7;84;70;71;185;5,9;2,9;
2022/11/12;1400 UTC;;984,6;984,8;984,6;1941,1;27,7;21,3;27,7;26,7;22,3;20,9;75;67;68;125;5,9;2,1;
2022/11/12;1500 UTC;;983,5;984,6;983,5;2909,4;29;20,9;29,4;27,6;22,1;20;69;60;62;123;5,1;2,5;
2022/11/12;1600 UTC;;982,7;983,5;982,7;1888,1;29;20,3;29,3;28,4;21,4;19,9;64;59;60;129;4,7;2,1;
2022/11/12;1700 UTC;;981,8;982,7;981,8;1798,3;29,1;20,4;29,4;28,8;20,9;19,5;62;56;59;106;3,6;1,2;
2022/11/12;1800 UTC;;981;981,8;981;2739,7;29,7;20,8;30,5;29;21,4;20,1;61;56;59;94;3,5;2;
2022/11/12;1900 UTC;;980,7;981;980,6;1470,5;29,2;21,1;30,4;29,2;21,5;20;63;55;62;8;3,3;1,7;
2022/11/12;2000 UTC;;980,9;980,9;980,7;352,4;27,9;21;29,2;27,9;22;20,9;69;61;66;331;6,2;2,6;
2022/11/12;2100 UTC;;981,6;981,7;980,9;59,2;25,5;21,3;27,9;25,5;21,4;20,9;77;66;77;342;9,4;2,6;
2022/11/12;2200 UTC;;;;;;;;;;;;;;;;;;
2022/11/12;2300 UTC;;982,7;982,7;982,2;;24;21,9;25,2;24;22;21,4;88;80;88;210;2,2;1,4;
2022/11/13;0000 UTC;;983,2;983,3;982,7;;24;22,3;24,1;23,9;22,5;21,9;91;88;90;180;2,3;1,3;
2022/11/13;0100 UTC;;983,7;983,8;983,2;;24;22,2;24;23,9;22,3;22,1;90;89;90;127;3,7;2;
2022/11/13;0200 UTC;;983,4;983,9;983,4;;24;21,9;24;23,9;22,3;21,9;91;88;88;133;3,6;1,2;
2022/11/13;0300 UTC;;982,3;983,4;982,3;;23,9;21,7;24;23,9;21,9;21,7;88;87;88;151;2,7;1,3;
2022/11/13;0400 UTC;;981,2;982,3;981,2;;23,6;22;23,9;23,6;22;21,6;90;88;90;153;3,4;1,5;
2022/11/13;0500 UTC;;980,6;981,2;980,6;;23,4;21,9;23,8;23,4;22;21,8;91;89;91;70;3,5;1;
2022/11/13;0600 UTC;;980,1;980,7;980,1;;23;21,8;23,4;23;21,8;21,7;93;91;93;103;2,2;,4;
2022/11/13;0700 UTC;;980;980,1;980;;23;21,4;23;22,9;21,8;21,4;93;91;91;119;3,4;1,7;
2022/11/13;0800 UTC;;980,6;980,7;980;;22,6;20,6;23;22,5;21,4;20,6;92;89;89;106;3,5;1,9;
2022/11/13;0900 UTC;;980,8;980,8;980,5;20,1;22,4;20,6;22,6;22,3;20,7;20,4;90;88;90;145;3,5;1,5;
2022/11/13;1000 UTC;;981,7;981,7;980,8;524,4;24,5;21;24,5;22,4;21,2;20,6;90;81;81;154;2,9;1,4;
2022/11/13;1100 UTC;;982,6;982,6;981,7;1377,4;25,9;21,6;25,9;24,5;21,8;20,8;81;77;77;112;4,8;2,3;
2022/11/13;1200 UTC;;983;983;982,6;2266,5;27,4;21,2;27,6;25,7;21,9;21;78;68;69;101;5,6;2,9;
2022/11/13;1300 UTC;;983;983,1;983;2936,7;29,3;21,4;29,3;27,3;22,2;20,9;70;63;63;128;5,2;1,8;
2022/11/13;1400 UTC;;982,4;983;982,4;3454,9;30,5;21,2;30,8;28,6;22,6;20,8;65;57;58;45;5;1,9;
2022/11/13;1500 UTC;;981,6;982,5;981,6;3740,2;32,6;20,6;32,6;30,3;21,3;19,8;58;49;49;98;5;1,5;
2022/11/13;1600 UTC;;980,6;981,6;980,6;3738,9;33,3;19,1;33,9;32;21,1;18;51;40;43;56;5,6;1,7;
2022/11/13;1700 UTC;;979,6;980,6;979,6;3435,9;33,9;17,6;34,6;32,9;19,7;17,5;44;37;38;80;4,3;1,9;
2022/11/13;1800 UTC;;978,9;979,6;978,8;3027,7;33,8;18,1;34,8;33,6;19,1;17,5;42;37;40;348;5,2;2,3;
2022/11/13;1900 UTC;;978,5;978,9;978,5;1494,4;33,3;17,9;34,9;33,3;19,5;17,4;44;36;40;309;5,2;1,2;
2022/11/13;2000 UTC;;978,6;978,6;978,5;879,4;34,4;19;34,5;33;20,5;17,8;48;38;40;283;2,6;1;
2022/11/13;2100 UTC;;978,8;978,8;978,5;510,4;31,9;20;34,4;31,9;20,2;18,1;50;39;50;315;3,6;1,2;
2022/11/13;2200 UTC;;;;;;;;;;;;;;;;;;
2022/11/13;2300 UTC;;980,1;980,1;979,4;;28,3;21,3;29,2;28,3;22,5;20,6;70;60;66;280;2,7;1,3;
2022/11/14;0000 UTC;;;;;;;;;;;;;;;;;;
2022/11/14;0100 UTC;;981,3;981,3;980,8;;25,5;22,4;26,2;25,5;22,8;21,3;83;75;83;206;1,4;1;
2022/11/14;0200 UTC;;981,4;981,5;981,3;;25,2;22,4;25,7;25,1;22,8;22,2;86;82;84;195;1,8;,5;
2022/11/14;0300 UTC;;980,9;981,4;980,9;;24,8;22,8;25,4;24,6;22,8;22,2;89;82;89;1;1,4;,5;
2022/11/14;0400 UTC;;980,3;980,9;980,3;;24,7;22,9;24,9;24,5;22,9;22,6;90;88;90;210;,8;,5;
2022/11/14;0500 UTC;;979,9;980,3;979,9;;24,4;22,5;24,7;24,4;22,9;22,4;90;89;89;201;1,4;,9;
2022/11/14;0600 UTC;;979,9;979,9;979,8;;24,6;22,8;24,8;24,4;22,9;22,4;90;88;90;186;1,4;,6;
2022/11/14;0700 UTC;;980,3;980,3;979,9;;24,2;22,7;24,6;24,2;22,8;22,6;91;90;91;108;1,1;,6;
2022/11/14;0800 UTC;;981,2;981,2;980,3;;24,2;22,7;24,3;23,9;22,8;22,4;92;91;91;358;1;,5;
2022/11/14;0900 UTC;;981,5;981,6;981,1;8,2;24,3;22,3;24,4;24,1;22,7;22,2;91;88;89;47;1,5;,9;
2022/11/14;1000 UTC;;982,1;982,2;981,5;279,9;25,7;22,3;25,7;24,3;22,5;22,1;89;81;81;65;1,4;,4;
2022/11/14;1100 UTC;;983;983;982,1;1338,5;28,2;22,2;28,4;25,7;22,8;21,7;81;68;70;52;4,2;2,5;
2022/11/14;1200 UTC;;983,2;983,2;983;2058,8;30,5;21,2;30,7;28;22,5;21;70;57;58;52;5,4;2,9;
2022/11/14;1300 UTC;;984;984;983,2;2221,8;30,5;21,3;31,1;30,4;22,4;20,9;61;56;58;19;6,4;3,8;
2022/11/14;1400 UTC;;983,1;984,1;983,1;3377;31,4;21,1;31,8;30,4;22,1;20,9;60;54;55;33;9,4;3,9;
2022/11/14;1500 UTC;;983;983,2;983;1126,6;29,7;22,3;32,1;29,6;22,3;20,9;65;54;64;354;8;1;
2022/11/14;1600 UTC;;981,5;983;981,5;589,7;27;22,6;29,8;26,3;22,6;21,5;77;63;77;146;7,7;2,3;
2022/11/14;1700 UTC;;981,7;981,8;981,3;385,3;26,5;22,6;27;26,3;22,7;22,1;79;76;79;237;5,2;1,7;
2022/11/14;1800 UTC;;981,6;982,1;981,6;148,7;25,1;20,4;26,5;24,8;22,6;20,4;79;75;75;290;9,2;3,4;
2022/11/14;1900 UTC;;980,8;981,6;980,8;122,8;24,6;20,7;25,1;24,5;20,8;20,4;80;75;79;313;6,2;2,3;
2022/11/14;2000 UTC;;980,9;981;980,5;117,9;24,6;21,1;24,6;24,4;21,2;20,6;82;79;81;147;4,5;1;
2022/11/14;2100 UTC;;981,8;981,8;980,7;92,1;25;21,5;25,1;24,6;21,6;20,9;82;79;81;120;2;,8;
2022/11/14;2200 UTC;;;;;;;;;;;;;;;;;;
2022/11/14;2300 UTC;;;;;;;;;;;;;;;;;;
2022/11/15;0000 UTC;;;;;;;;;;;;;;;;;;
2022/11/15;0100 UTC;;984,1;984,2;983,4;;24,2;21,6;24,6;24,2;22,4;21,5;89;84;85;145;2,9;1,6;
2022/11/15;0200 UTC;;984,4;984,4;984,1;;23,9;21,2;24,3;23,9;21,5;21,1;85;83;85;67;3,3;,9;
2022/11/15;0300 UTC;;983,8;984,5;983,7;;23,7;21,1;24;23,7;21,5;20,9;87;84;85;110;1,8;1,1;
2022/11/15;0400 UTC;;982,9;983,8;982,9;;23,6;21;23,7;23,6;21,1;20,9;86;85;85;163;2,6;1,5;
2022/11/15;0500 UTC;;982,5;983;982,5;;23,4;20,7;23,8;23,4;20,9;20,6;85;83;85;115;3,5;1,4;
2022/11/15;0600 UTC;;982,3;982,5;982,2;;23,2;20,9;23,5;23,2;21;20,7;87;85;87;113;3,1;1,3;
2022/11/15;0700 UTC;;982,5;982,5;982,3;;23,4;21,5;23,4;23,2;21,5;20,9;89;87;89;117;2,8;1,4;
2022/11/15;0800 UTC;;982,9;982,9;982,5;;23,4;21,6;23,6;23,4;21,6;21,4;90;89;90;200;3,9;1;
2022/11/15;0900 UTC;;983,6;983,6;982,9;1,9;23,2;21,8;23,6;23,1;21,8;21,3;92;88;92;147;3,5;1,5;
2022/11/15;1000 UTC;;984,2;984,2;983,5;278,1;24;22,1;24;23,2;22,2;21,8;92;89;89;150;3;1,5;
2022/11/15;1100 UTC;;985;985;984,2;801,4;25,7;22,4;25,7;24;22,7;22;90;82;82;109;3,1;1,5;
2022/11/15;1200 UTC;;985,1;985,3;985;2149,5;28,1;22,2;28,1;25,7;22,6;21,5;82;70;70;105;3,6;1,6;
2022/11/15;1300 UTC;;985;985,2;984,9;2933;30;22;30;27,6;22,5;21,3;72;61;63;108;5,4;2,9;
2022/11/15;1400 UTC;;984,6;985;984,6;3347,2;31,8;20,4;31,9;29,9;22,4;20,1;63;50;51;90;5,8;2,1;
2022/11/15;1500 UTC;;983,9;984,7;983,9;3788,9;33;19,5;33,6;31,3;21,3;18,9;52;44;45;99;4,5;1,7;
2022/11/15;1600 UTC;;982,8;983,9;982,8;3572,9;33,4;18,9;33,8;32,6;20,1;18,1;48;40;42;82;4,6;2;
2022/11/15;1700 UTC;;981,8;982,8;981,8;3691,8;33,7;18,7;34,6;33,2;19,9;17,9;44;38;41;93;4,6;2,5;
2022/11/15;1800 UTC;;980,2;981,8;980,2;2752,9;34;18,3;34,7;33,2;19,6;18,1;43;38;39;11;4,6;2;
2022/11/15;1900 UTC;;979,5;980,3;979,5;2407,5;34,7;18,6;35,3;33,9;19,3;17,6;41;37;39;50;4,5;1,5;
2022/11/15;2000 UTC;;980,2;980,4;979,5;1160,7;29,7;21,1;34,7;27,9;21,3;17,9;67;38;60;93;10,9;3,8;
2022/11/15;2100 UTC;;980,2;980,3;980;267,2;28,8;24,5;29,7;28,3;25,4;21,3;82;60;78;173;8,3;1,1;
2022/11/15;2200 UTC;;;;;;;;;;;;;;;;;;
2022/11/15;2300 UTC;;982;982,1;981,2;;27,9;23;28,9;27,9;23,6;22,8;76;72;75;217;2,7;1,7;
2022/11/16;0000 UTC;;;;;;;;;;;;;;;;;;
2022/11/16;0100 UTC;;983,1;983,5;982,8;;26,9;22;27,9;26,9;23,4;22;79;73;74;200;8,4;2,9;
2022/11/16;0200 UTC;;983,3;983,4;983;;25,9;21,4;26,9;25,9;22;21,1;76;72;76;201;8,7;2,4;
2022/11/16;0300 UTC;;;;;;;;;;;;;;;;;;
2022/11/16;0400 UTC;;984,5;984,6;984,1;;22,8;20,9;24,2;22,8;21,3;20,7;89;81;89;3;7,5;3,6;
2022/11/16;0500 UTC;;985;985;984,4;,8;20,9;19,8;22,8;20,8;20,8;19,8;94;89;94;39;8,7;2,2;
2022/11/16;0600 UTC;;984,1;985;984,1;;20,9;19,9;20,9;20,6;20;19,6;94;94;94;215;4,2;2,8;
2022/11/16;0700 UTC;;983,7;984,1;983,7;;20,8;19,6;21;20,7;19,9;19,5;94;92;93;208;4,2;1,7;
2022/11/16;0800 UTC;;983,5;983,7;983,5;;21;19,8;21;20,7;19,8;19,5;93;93;93;206;5,5;1,6;
2022/11/16;0900 UTC;;982,9;983,5;982,9;1,2;21,3;20,1;21,3;21;20,1;19,7;93;92;93;77;3,5;1,1;
2022/11/16;1000 UTC;;984;984,1;982,9;93;21,6;20,3;21,6;21,2;20,3;20;93;92;92;124;4,1;2,2;
2022/11/16;1100 UTC;;985,1;985,1;984;352,5;22,5;20,9;22,5;21,6;21,1;20,3;93;91;91;152;4,2;2,4;
2022/11/16;1200 UTC;;985,4;985,4;985,1;605,4;23,4;21,2;23,4;22,5;21,4;20,8;91;87;87;156;6,1;3;
2022/11/16;1300 UTC;;985,9;985,9;985,4;1477,8;25,6;21,5;25,6;23,4;22;21;88;77;79;126;5,9;1,2;
2022/11/16;1400 UTC;;985,8;986;985,7;2191,6;26,4;21,5;26,8;25,6;21,8;20,7;79;71;74;47;3;1,3;
2022/11/16;1500 UTC;;985,2;985,8;985,2;1744,5;27,4;21;27,7;26,4;22,3;20,9;77;68;68;108;3,6;1,6;
2022/11/16;1600 UTC;;984,8;985,2;984,8;1100,5;26,3;20,6;27,6;26,2;22;20,6;76;68;71;145;4;2,1;
2022/11/16;1700 UTC;;983,9;984,8;983,9;903,1;25,3;22,3;26,3;25,1;22,5;20,6;85;71;83;143;5;2,4;
2022/11/16;1800 UTC;;982,4;983,9;982,4;1284,1;26,3;21,6;26,3;25,3;22,7;21,4;84;75;75;148;4,3;2,5;
2022/11/16;1900 UTC;;981,4;982,4;981,4;797;25,9;21,6;26,4;25,9;21,8;20,6;77;72;77;72;4,3;1,2;
2022/11/16;2000 UTC;;981,6;981,7;981,2;251,1;25,4;22;25,9;25,4;22,2;21,6;82;77;81;118;4;1,5;
2022/11/16;2100 UTC;;982,3;982,3;981,5;194,9;25,2;21,6;25,5;25,2;22;21,5;82;80;81;122;3;1,5;
2022/11/16;2200 UTC;;;;;;;;;;;;;;;;;;
2022/11/16;2300 UTC;;983,7;983,7;982,9;;24,2;21,9;24,6;24,2;22;21,7;88;84;87;65;2,3;1;
2022/11/17;0000 UTC;;984,5;984,5;983,7;;23,7;21,4;24,2;23,7;21,9;21,4;87;86;87;50;3;1,3;
2022/11/17;0100 UTC;;984,7;984,8;984,5;;23,2;21,6;23,7;23,2;21,6;21,4;90;87;90;115;2,1;,4;
2022/11/17;0200 UTC;;984,3;984,8;984,3;;22,8;21,5;23,2;22,7;21,6;21,3;92;90;92;176;1,9;,7;
2022/11/17;0300 UTC;;983,3;984,3;983,3;;22,5;21;22,9;22,5;21,5;21;92;91;91;324;1,5;,3;
2022/11/17;0400 UTC;;982,4;983,3;982,4;;22,2;20,9;22,6;21,9;21,2;20,7;93;91;92;197;2,4;1,2;
2022/11/17;0500 UTC;;982,1;982,5;982,1;;22,3;21,1;22,3;22;21,1;20,7;93;92;93;150;2,2;,9;
2022/11/17;0600 UTC;;981,7;982,2;981,7;;21,8;20,6;22,3;21,8;21,1;20,5;93;92;93;222;2,1;1,2;
2022/11/17;0700 UTC;;981,4;981,7;981,2;;21,7;20,5;21,9;21,7;20,7;20,5;93;93;93;185;2,1;1;
2022/11/17;0800 UTC;;981,3;981,4;981,2;;21,6;20,4;21,9;21,5;20,6;20,3;93;92;93;197;2,2;,8;
2022/11/17;0900 UTC;;982;982;981,3;8,7;21,6;20,5;21,6;21,4;20,5;20,3;94;93;94;92;1,7;,9;
2022/11/17;1000 UTC;;983,2;983,2;982;356,9;23,1;20,9;23,5;21,6;21,6;20,5;94;87;87;122;3,4;1,7;
2022/11/17;1100 UTC;;983,6;983,6;983,2;831,2;24,4;21,4;24,6;23;22;20,8;88;83;84;141;4,6;2,6;
2022/11/17;1200 UTC;;983,8;983,8;983,6;1663,5;26,8;21,7;26,8;24,4;22,1;21,2;84;73;74;111;4,3;1,6;
2022/11/17;1300 UTC;;983,3;983,9;983,3;2149,5;28,1;20,5;28,5;26,8;21,9;20,4;74;62;64;59;3,8;1,8;
2022/11/17;1400 UTC;;982,9;983,3;982,8;3460,3;30,5;21,1;30,8;28,1;21,7;19,8;64;54;57;130;4,8;2,4;
2022/11/17;1500 UTC;;982,2;982,9;982,2;3889,6;31,6;21,7;31,8;30,3;22;20;58;52;56;59;4,8;1,4;
2022/11/17;1600 UTC;;980,9;982,2;980,9;3791,9;32,1;20,8;32,3;30,9;21,8;20;57;49;51;66;3,9;1,8;
2022/11/17;1700 UTC;;979,8;981;979,7;3330,8;32,9;18,5;33,4;31,9;21,5;18,5;53;43;43;86;4,1;1,5;
2022/11/17;1800 UTC;;978,7;979,8;978,7;1481,1;33,2;20;33,2;31,7;21,2;18;51;42;46;101;4;1,1;
2022/11/17;1900 UTC;;978,1;978,7;978,1;2240,6;33,2;18,2;34,1;33;20,5;17,5;48;38;41;127;3,8;1,2;
2022/11/17;2000 UTC;;977,8;978,1;977,8;1409,9;33,8;18,3;34;33;19,1;17,3;42;38;40;176;3;1;
2022/11/17;2100 UTC;;978,3;978,3;977,7;233;30;22,7;33,8;30;22,7;17,7;65;40;65;277;2;,9;
2022/11/17;2200 UTC;;979;979;978,3;8,4;28,7;23,5;30;28,7;24;21,9;73;63;73;127;2,4;,7;
2022/11/17;2300 UTC;;979,8;979,8;979;;26,9;23,6;28,7;26,9;23,9;23;83;73;82;19;1,4;,5;
2022/11/18;0000 UTC;;980,4;980,4;979,8;;26,4;23,2;26,9;26;23,7;22,8;84;81;83;331;1,7;,8;
2022/11/18;0100 UTC;;981,6;981,6;980,4;;26,3;23,4;26,4;25,5;23,5;22,8;86;83;84;173;1,5;,6;
2022/11/18;0200 UTC;;;;;;;;;;;;;;;;;;
2022/11/18;0300 UTC;;980,4;981,4;980,4;;25,8;21,5;26,3;25,5;23,3;21,4;86;76;77;345;4,9;2;
2022/11/18;0400 UTC;;979,9;980,4;979,8;;24,5;20,9;25,8;24,4;21,7;20,9;83;77;81;332;3,8;2;
2022/11/18;0500 UTC;;980,1;980,3;979,9;;23,9;20,8;24,6;23,9;20,9;20,6;83;79;82;4;3,8;1,3;
2022/11/18;0600 UTC;;980,1;980,4;980;;23,5;21,1;24;23,5;21,2;20,8;86;82;86;346;3;,9;
2022/11/18;0700 UTC;;979,6;980,1;979,6;;23,1;21;23,5;23,1;21,2;20,9;88;86;88;20;3,5;1,5;
2022/11/18;0800 UTC;;980;980;979,4;;23;20,8;23,2;23;21,1;20,8;88;86;88;105;2,6;,6;
2022/11/18;0900 UTC;;980,3;980,3;979,9;22,8;22,8;21,1;23;22,5;21,1;20,7;91;88;90;104;1,3;,4;
2022/11/18;1000 UTC;;982;982;980,3;451,6;24,6;20,8;24,6;22,8;21,3;20,4;90;79;79;333;2;,4;
2022/11/18;1100 UTC;;982,3;982,4;982;884,4;25,9;21,1;26;24,6;21,7;20,8;80;75;75;2;2,7;1,5;
2022/11/18;1200 UTC;;982,8;982,8;982,2;1886,5;28;21,6;28,1;25,8;21,9;21;77;67;68;33;3,7;1,5;
2022/11/18;1300 UTC;;982,9;983;982,8;2792,7;29,6;21,6;29,9;27,9;22,3;21,1;70;62;62;13;4,4;1,8;
2022/11/18;1400 UTC;;982,8;983,2;982,8;2688,3;30,3;21,5;31,2;29,5;22,5;20,5;64;55;59;325;5,8;1,8;
2022/11/18;1500 UTC;;981,6;982,8;981,6;1688,8;30,3;23,7;30,5;29;23,8;21;72;58;68;352;4,3;,9;
2022/11/18;1600 UTC;;980,7;981,6;980,5;3023,7;28,6;20,8;31,7;27,9;24;20,3;69;59;62;30;9;2,5;
2022/11/18;1700 UTC;;979,4;980,7;979,4;593,4;27,9;22,4;28,6;27,7;22,4;20,7;72;62;72;77;5,7;,8;
2022/11/18;1800 UTC;;980,3;980,5;979,3;426,2;26,3;21,9;27,8;26;22,6;21;79;72;77;335;5,6;1,9;
2022/11/18;1900 UTC;;978,9;980,3;978,8;478;26,8;22;26,9;25,7;22,2;21,5;78;74;75;208;5,2;1,4;
2022/11/18;2000 UTC;;979,7;979,7;978,8;263,5;26,9;22,3;27;26,5;22,6;22;79;75;76;160;4,7;1,3;
2022/11/18;2100 UTC;;980,4;980,4;979,7;252,3;26,8;22;27;26,6;22,5;21,9;77;75;75;217;4,3;,8;
2022/11/18;2200 UTC;;980;980,5;979,7;10,3;25,3;22;26,8;25,3;22,1;21,8;82;75;82;190;2,4;1;
2022/11/18;2300 UTC;;981,3;981,3;980;;24,8;21,9;25,3;24,8;22;21,8;84;82;84;108;3,9;,9;
2022/11/19;0000 UTC;;982,5;982,5;981,2;;24;21,9;24,8;23,9;22,1;21,8;88;84;88;356;5;2,6;
2022/11/19;0100 UTC;;982,3;982,5;982,1;;23,7;21,8;24,1;23,6;22,3;21,7;91;88;89;320;6,4;1,6;
2022/11/19;0200 UTC;;982,7;982,8;982,3;;23,2;21,6;23,7;23,2;21,8;21,6;91;89;91;240;3,5;,7;
2022/11/19;0300 UTC;;982,5;982,9;982,5;;22,9;21,6;23,2;22,9;21,7;21,5;93;91;92;38;1,7;,9;
2022/11/19;0400 UTC;;981,8;982,5;981,8;;22,6;21,4;22,9;22,6;21,6;21,3;93;92;93;319;1,4;,6;
2022/11/19;0500 UTC;;981,5;981,8;981,5;;22,3;21,1;22,6;22,3;21,4;21,1;93;93;93;70;1,2;,6;
2022/11/19;0600 UTC;;981,6;981,8;981,4;;22,7;21,4;22,7;22,2;21,4;21;93;92;92;73;2,4;1,3;
2022/11/19;0700 UTC;;981,7;981,8;981,5;;22,5;20,6;22,7;22,5;21,4;20,6;92;89;89;76;3;,9;
2022/11/19;0800 UTC;;982,5;982,5;981,7;;22,5;20,7;22,5;22,4;20,8;20,6;90;89;89;60;2,9;1,4;
2022/11/19;0900 UTC;;983,6;983,6;982,5;1,3;22,9;19,5;22,9;22,5;20,7;19,5;89;81;81;52;6,9;3,2;
2022/11/19;1000 UTC;;984,1;984,1;983,6;479,3;22,9;18,8;22,9;22,4;19,4;18,3;81;76;78;42;6,9;3;
2022/11/19;1100 UTC;;984,5;984,5;984,1;1392,7;25,4;19,5;25,6;22,9;19,8;18,6;78;69;70;78;5,5;1,4;
2022/11/19;1200 UTC;;984,6;984,6;984,4;2217,9;26,8;19,2;27,2;25,4;19,9;18,8;71;61;63;67;5,1;3;
2022/11/19;1300 UTC;;985;985;984,6;2102,5;29;19,8;29;26,6;20,3;19,1;66;57;58;80;5,2;1,2;
2022/11/19;1400 UTC;;984,7;985,1;984,6;3339;29,3;20,6;29,9;28,2;20,9;19,4;62;56;59;12;5,6;2,9;
2022/11/19;1500 UTC;;984;984,7;984;3837,9;30,8;19,8;30,9;29;20,9;18,6;61;50;52;35;6,2;1,8;
2022/11/19;1600 UTC;;982,7;984;982,7;3936,3;32,3;19,4;32,3;29,9;20,6;18,5;56;46;47;360;6,2;1,9;
2022/11/19;1700 UTC;;980,9;982,7;980,9;3533,5;32,1;18,8;32,3;31,1;19,9;17,7;49;44;45;25;6,2;2;
2022/11/19;1800 UTC;;979,8;980,9;979,8;2785;32;18,5;33,1;31;19,1;17,4;47;40;45;3;5,6;2,2;
2022/11/19;1900 UTC;;979,2;979,9;979,2;2369,8;33,3;17,4;33,3;31,7;19,1;17,3;46;39;39;350;4,2;,7;
2022/11/19;2000 UTC;;979,9;979,9;979;1531,4;26,4;20,7;33,7;26,1;20,8;16,9;72;38;71;72;12,1;4,3;
2022/11/19;2100 UTC;;980,1;980,2;979,8;396,8;24,7;20,1;26,4;24,2;20,9;20,1;80;71;76;33;7,6;2,4;
2022/11/19;2200 UTC;;;;;;;;;;;;;;;;;;
2022/11/19;2300 UTC;;;;;;;;;;;;;;;;;;
2022/11/20;0000 UTC;;983,2;983,7;983;;23,3;20,1;24,6;23,3;20,2;19,9;82;75;82;49;6,1;2;
2022/11/20;0100 UTC;;;;;;;;;;;;;;;;;;
2022/11/20;0200 UTC;;984,7;984,7;983,7;;23,6;20,4;23,6;23,3;20,6;20,2;85;81;82;138;5,9;3;
2022/11/20;0300 UTC;;983,9;984,8;983,9;;23,8;20,3;24;23,6;20,4;20;82;79;81;94;5,9;1,5;
2022/11/20;0400 UTC;;983,3;984;983,3;;23,3;20,7;23,8;23,3;20,7;20,4;85;81;85;49;2,8;,7;
2022/11/20;0500 UTC;;982,7;983,3;982,6;;22,8;21,1;23,4;22,7;21,1;20,4;90;84;90;101;3,5;1,6;
2022/11/20;0600 UTC;;982,6;982,8;982,6;;22,7;20,7;23;22,6;21,1;20,5;90;86;89;113;4,7;1,7;
2022/11/20;0700 UTC;;982,7;982,8;982,6;;22,5;20;22,7;22,5;20,7;20;89;86;86;81;3,6;1,7;
2022/11/20;0800 UTC;;983,1;983,1;982,7;;22,7;20,1;22,8;22,5;20,1;20;86;84;85;83;3,6;1,8;
2022/11/20;0900 UTC;;983,7;983,7;983,1;4,6;22,8;20;22,8;22,7;20,1;19,9;85;84;84;63;4,3;1,5;
2022/11/20;1000 UTC;;984,1;984,1;983,6;237,9;23,5;20,4;23,5;22,8;20,5;19,9;85;83;83;98;3,5;1,8;
2022/11/20;1100 UTC;;984,9;984,9;984,1;870,8;25;20,3;25,1;23,5;20,7;20,1;84;75;75;72;4,5;2;
2022/11/20;1200 UTC;;984,9;985;984,8;2171,9;26,6;19,6;26,7;24,8;20,6;19,6;76;66;66;47;4,7;2,4;
2022/11/20;1300 UTC;;984,9;985;984,8;3004,8;28,3;19,9;28,4;26,4;20,5;19,1;67;60;61;44;4,7;2,3;
2022/11/20;1400 UTC;;984,4;984,9;984,4;3704;29,9;19,4;30;27,7;20,6;19,2;62;53;54;70;4,8;1,7;
2022/11/20;1500 UTC;;983,6;984,4;983,6;3506,1;29,5;18,6;31,4;28,9;20,1;18,5;58;49;52;38;4,2;2,3;
2022/11/20;1600 UTC;;982,3;983,7;982,3;3655,6;31,9;18,2;32;29,5;20,8;17,3;56;44;44;344;4,7;1,6;
2022/11/20;1700 UTC;;981,1;982,3;981,1;3133;31,2;20,4;32,5;30,3;20,7;17,6;54;43;53;137;6,9;3;
2022/11/20;1800 UTC;;980,9;981,1;980,8;1054,5;26,4;20,3;31,2;26,4;21,3;20,2;70;53;69;234;9;4,4;
2022/11/20;1900 UTC;;980,7;980,9;980,4;625,6;26,4;21,1;26,4;26,1;21,3;20,3;74;69;73;196;9;1,9;
2022/11/20;2000 UTC;;980,3;980,8;980,3;521,7;26,3;21,5;27;26,2;21,5;20,4;75;69;75;3;3,5;1,4;
2022/11/20;2100 UTC;;980,7;980,7;980,2;201;26,4;21,4;26,5;26,2;21,8;21,3;76;73;74;154;2,9;,6;
2022/11/20;2200 UTC;;981,3;981,3;980,7;5,4;25,4;22,4;26,4;25,3;22,4;21,2;83;73;83;275;2,2;1,1;
2022/11/20;2300 UTC;;;;;;;;;;;;;;;;;;
2022/11/21;0000 UTC;;982,6;982,6;981,9;;24,8;21,9;25,5;24,7;22,1;21,8;85;81;84;191;3,1;1,6;
2022/11/21;0100 UTC;;982,8;982,9;982,6;;24,3;21,8;25;24,2;21,9;21,5;87;82;86;138;2,8;,9;
2022/11/21;0200 UTC;;983;983,1;982,8;;24,2;21,5;24,4;24,2;21,9;21,5;86;85;85;67;1,7;1;
2022/11/21;0300 UTC;;982,2;983;982,2;;24,2;21,7;24,2;23,9;21,7;21,3;87;84;86;139;1,7;,8;
2022/11/21;0400 UTC;;981,5;982,1;981,5;;23,9;21,3;24,2;23,9;21,8;21,1;86;83;85;69;2,7;,9;
2022/11/21;0500 UTC;;980,8;981,5;980,8;;24;21,5;24;23,7;21,6;21,3;87;85;86;138;2;1,3;
2022/11/21;0600 UTC;;980,6;980,8;980,6;;24;21,4;24,1;23,5;21,7;21,4;88;86;86;151;2,6;,9;
2022/11/21;0700 UTC;;980,7;980,7;980,5;;23,5;21,5;24;23,5;21,6;21,3;89;85;89;152;2,6;1,4;
2022/11/21;0800 UTC;;980,5;980,8;980,5;;23;21,3;23,7;23;21,9;21,2;90;88;90;99;3;,7;
2022/11/21;0900 UTC;;980,9;981;980,5;12;22,8;21,1;23;22,8;21,3;21;91;89;90;119;2,3;1,3;
2022/11/21;1000 UTC;;981,9;981,9;980,9;514,1;25,1;20,5;25,2;22,8;21,6;20,5;90;76;76;111;4;2;
2022/11/21;1100 UTC;;982,7;982,8;981,9;1081,3;26,9;20,8;26,9;24,8;21,4;20,3;78;69;69;92;4,1;1,1;
2022/11/21;1200 UTC;;983;983;982,7;2230,7;29,1;20;29,3;27;20,9;19,9;69;58;58;82;4,6;2,6;
2022/11/21;1300 UTC;;983;983,2;983;2842,7;29,8;20,7;30,4;28,6;20,7;19,7;60;54;58;65;5,3;2,1;
2022/11/21;1400 UTC;;982,6;983;982,6;1517,1;29,5;20,1;30,3;29,2;21;19,6;60;53;57;90;4,6;1,3;
2022/11/21;1500 UTC;;982;982,6;981,9;1437,3;26,1;21,3;29,8;26,1;21,7;20;75;57;75;68;5,1;1,8;
2022/11/21;1600 UTC;;980,6;982;980,6;1885,8;28,6;22,5;28,6;25,5;23,2;20,8;84;69;70;143;6,6;2,9;
2022/11/21;1700 UTC;;979,8;981,7;979,8;1033,2;22,3;21,3;29,6;21,1;22,8;18,3;94;60;94;1;12,4;2,6;
2022/11/21;1800 UTC;;978,8;979,8;978,7;2235,2;27,2;22,8;27,4;22,3;23,7;21,3;94;75;77;99;4,9;1,2;
2022/11/21;1900 UTC;;979,1;979,1;978,8;2316;28,9;20,6;29,7;27,2;23,3;20,4;79;58;61;14;3,7;1,1;
2022/11/21;2000 UTC;;979,1;979,1;978,8;685,8;26,7;21,2;28,9;26,7;22,1;20,8;73;61;72;355;8;3,8;
2022/11/21;2100 UTC;;979,5;979,5;979;284,8;25,7;20,9;26,7;25,7;21,3;20,7;75;71;75;28;8;2,7;
2022/11/21;2200 UTC;;;;;;;;;;;;;;;;;;
2022/11/21;2300 UTC;;980,4;980,4;979,6;;23,2;20,8;24,5;23,2;21;20,2;86;78;86;6;2,5;,4;
2022/11/22;0000 UTC;;;;;;;;;;;;;;;;;;
2022/11/22;0100 UTC;;982,6;982,6;981,5;;23,2;20,8;23,4;23,1;21,3;20,8;88;86;86;209;2,3;1,2;
2022/11/22;0200 UTC;;;;;;;;;;;;;;;;;;
2022/11/22;0300 UTC;;982,4;982,7;982,1;;22,9;21;23,3;22,9;21,3;21;90;88;89;356;2;1,2;
2022/11/22;0400 UTC;;981,9;982,4;981,9;;22,8;21,1;22,9;22,7;21,2;21;91;89;91;127;2,3;,7;
2022/11/22;0500 UTC;;982;982;981,6;;22,7;21;22,9;22,6;21,3;20,9;92;89;90;21;3,5;2,2;
2022/11/22;0600 UTC;;982,2;982,3;982;;22,9;20,7;22,9;22,7;21,2;20,7;91;88;88;41;5,5;2,4;
2022/11/22;0700 UTC;;982,1;982,3;981,9;;22,8;20,7;22,9;22,7;20,8;20,7;89;88;88;68;5,7;1,7;
2022/11/22;0800 UTC;;982,6;982,6;982,1;;22,5;19,8;22,8;22,5;20,8;19,7;89;84;85;83;5,5;1,8;
2022/11/22;0900 UTC;;982,9;982,9;982,6;3,5;22,3;19,2;22,5;22,3;19,8;19,2;85;82;83;114;4,7;1,7;
2022/11/22;1000 UTC;;983,2;983,2;982,9;123,8;22,7;19,7;22,7;22,3;19,7;19,2;84;82;83;79;3,7;1,3;
2022/11/22;1100 UTC;;983,6;983,6;983,2;417,8;23,2;19,5;23,3;22,7;19,7;19,3;83;79;80;52;5,1;2,7;
2022/11/22;1200 UTC;;983,9;983,9;983,6;997,7;25;20,5;25;23,2;20,5;19,4;80;76;76;94;5,1;2,3;
2022/11/22;1300 UTC;;983,9;984,1;983,9;2461,6;27;20,4;27,9;25;21,2;20,1;76;64;67;95;6,8;3,7;
2022/11/22;1400 UTC;;983,4;983,9;983,4;2476,9;28,2;21,5;28,3;27;21,7;20,4;70;65;67;100;6,8;3;
2022/11/22;1500 UTC;;982,6;983,4;982,6;3341,4;30;21,3;30,1;27,7;21,9;20,7;67;60;60;63;5,4;2,4;
2022/11/22;1600 UTC;;981,4;982,6;981,4;2479,6;29,8;20,8;30,1;29,2;21,3;20,1;63;57;59;49;6,8;2,3;
2022/11/22;1700 UTC;;981,1;981,4;981;2865,6;25,3;20,8;30,9;24,9;21,6;19,1;78;54;76;19;11,6;4,9;
2022/11/22;1800 UTC;;979,5;981,1;979,5;2139;26,7;20,7;27,2;25;21,5;20,3;79;67;69;58;9,1;3,1;
2022/11/22;1900 UTC;;978,5;979,5;978,5;2312,2;27,8;21,1;28;26,7;21,7;20,6;71;65;67;6;5,6;2,5;
2022/11/22;2000 UTC;;978,1;978,5;978,1;1445,8;28,6;20,2;28,8;27,8;21,1;19,7;67;59;60;25;4,2;2;
2022/11/22;2100 UTC;;978,6;978,6;978,1;566,3;27,9;21,1;28,6;27,9;21,2;19,9;67;60;67;41;4,3;,8;
2022/11/22;2200 UTC;;979,2;979,2;978,5;18,9;25,9;22,1;27,9;25,9;22,6;20,7;80;65;80;5;1,9;,7;
2022/11/22;2300 UTC;;980,6;980,6;979,2;;25,3;22,2;25,9;25,3;22,5;21,7;84;77;83;269;1,8;,6;
2022/11/23;0000 UTC;;981;981;980,6;;25,3;22,6;25,4;25,1;22,6;21,9;85;82;85;161;1,9;,6;
2022/11/23;0100 UTC;;;;;;;;;;;;;;;;;;
2022/11/23;0200 UTC;;981,2;981,4;981,1;;24,7;22,4;24,9;24,7;22,7;22,1;88;85;87;185;1,6;1,1;
2022/11/23;0300 UTC;;;;;;;;;;;;;;;;;;
2022/11/23;0400 UTC;;;;;;;;;;;;;;;;;;
2022/11/23;0500 UTC;;979,8;980;979,7;;24,1;22,3;24,4;23,8;22,5;22;91;87;90;91;1,8;,4;
2022/11/23;0600 UTC;;979,6;979,9;979,5;;24,4;22,1;24,4;24;22,4;22;90;86;87;161;1,7;,4;
2022/11/23;0700 UTC;;979,6;979,6;979,3;;23,9;22,1;24,4;23,9;22,2;22;90;87;90;209;1,6;1,2;
2022/11/23;0800 UTC;;979,8;979,8;979,6;;24;22,2;24,1;23,9;22,3;22,1;90;90;90;213;1,8;1,3;
2022/11/23;0900 UTC;;980,3;980,3;979,8;10,3;24,1;22,4;24,2;24;22,5;22,2;91;90;90;205;1,8;,9;
2022/11/23;1000 UTC;;980,9;980,9;980,3;196,9;25;22,9;25;24,1;22,9;22,5;91;88;88;179;1,6;,6;
2022/11/23;1100 UTC;;981,8;981,8;980,9;689,7;26,8;22,5;26,8;25;23;22,3;88;77;78;100;2,8;1,4;
2022/11/23;1200 UTC;;982,6;982,6;981,8;593,3;26,8;22,8;26,9;26,5;23,4;22,5;82;77;79;46;3,8;1,2;
2022/11/23;1300 UTC;;982,8;982,9;982,6;778;25,4;21,8;27,2;25,4;23,1;21,7;83;75;80;234;3,8;2,2;
2022/11/23;1400 UTC;;982,9;983;982,7;290,9;24,3;21,9;25,4;24,3;22,8;21,7;89;80;86;173;4,8;3;
2022/11/23;1500 UTC;;981,9;982,9;981,9;908,5;25,5;22;25,7;24,3;22,4;21,4;87;80;81;249;4,8;1;
2022/11/23;1600 UTC;;981,2;981,9;981,2;1540,5;27,1;23,2;27,1;25,5;23,2;22;84;78;79;352;2,9;1,3;
2022/11/23;1700 UTC;;979,8;981,2;979,8;2728,4;27,9;20,1;28,5;27;23,2;20,1;79;63;63;24;6,4;3,2;
2022/11/23;1800 UTC;;978,7;979,8;978,7;2248,4;28,5;20,4;29,1;27,2;21,6;19,1;69;57;62;18;5,5;1,6;
2022/11/23;1900 UTC;;978,9;978,9;978,7;817,8;28,5;20,6;28,6;28,1;21,3;19,8;65;60;62;54;2,6;,7;
2022/11/23;2000 UTC;;978,8;978,9;978,6;475,3;28,1;21,1;28,5;28,1;21,7;20,6;68;63;66;146;1,4;,8;
2022/11/23;2100 UTC;;979,1;979,1;978,8;238,2;27,4;22,5;28,2;27,4;22,5;20,7;75;64;75;135;2;,4;
2022/11/23;2200 UTC;;;;;;;;;;;;;;;;;;
2022/11/23;2300 UTC;;980,7;980,7;979,9;;25,8;23,2;26,6;25,8;23,4;22,7;86;80;86;97;1,1;,5;
2022/11/24;0000 UTC;;;;;;;;;;;;;;;;;;
2022/11/24;0100 UTC;;981,7;981,7;981,4;;25,4;22,1;25,9;25,4;22,3;22;82;80;82;129;2,9;1,4;
2022/11/24;0200 UTC;;;;;;;;;;;;;;;;;;
2022/11/24;0300 UTC;;981,5;981,9;981,5;;24,6;21,8;25;24,6;22,2;21,8;86;83;84;133;3;1,8;
2022/11/24;0400 UTC;;980,7;981,5;980,7;;24,4;21,9;24,6;24,4;21,9;21,7;86;84;86;140;3,2;1,3;
2022/11/24;0500 UTC;;980,2;980,7;980,2;;24,2;21,6;24,4;24,2;21,9;21,6;86;85;86;137;3,9;1;
2022/11/24;0600 UTC;;979,8;980,2;979,8;;24;21,3;24,3;24;21,7;21,3;86;84;85;151;2,9;1,6;
2022/11/24;0700 UTC;;979,9;980;979,8;;23,7;21,4;24,1;23,7;21,4;21,1;87;84;87;191;2,9;,5;
2022/11/24;0800 UTC;;979,7;979,9;979,7;;23,5;21,3;23,7;23,5;21,5;21,2;88;86;88;160;1,9;1;
2022/11/24;0900 UTC;;980,1;980,1;979,6;12,8;22,7;21,3;23,5;22,6;21,4;21,1;92;88;92;344;1,6;,7;
2022/11/24;1000 UTC;;980,7;980,8;980,1;399,9;24,7;20,9;24,9;22,6;22;20,9;92;79;79;113;3,1;1,7;
2022/11/24;1100 UTC;;981;981;980,7;1372,7;27;20,9;27,3;24,7;21,6;20,7;81;69;69;109;4,2;2,3;
2022/11/24;1200 UTC;;981,7;981,7;981;1504,5;27,7;21,6;27,7;26,7;21,6;20,7;72;67;70;47;4,2;2,4;
2022/11/24;1300 UTC;;982,3;982,4;981,7;1435,1;28,3;22,1;28,3;27,4;22,1;21,1;71;68;69;33;5,3;2,1;
2022/11/24;1400 UTC;;981,6;982,3;981,6;2492,9;29,4;22;30,1;28,3;22,6;21;69;62;65;9;6,5;3,3;
2022/11/24;1500 UTC;;980;981,6;980;3683,7;30,6;21,2;31;29,4;22,5;20,6;65;56;57;6;6,2;2,1;
2022/11/24;1600 UTC;;978,8;980;978,8;3231;32,3;21,3;32,3;30,1;21,8;20;61;50;53;336;6,3;2,5;
2022/11/24;1700 UTC;;978,8;979;978,6;1306,3;25,3;21,5;32,4;25,1;22,3;20,2;80;50;79;11;14,7;6,2;
2022/11/24;1800 UTC;;979,2;979,3;978,6;204,4;23,7;22,2;25,3;23,7;22,3;20,9;91;78;91;353;12,3;2,1;
2022/11/24;1900 UTC;;978,5;979,3;978,5;70,3;23,7;22,2;23,9;23,7;22,6;22,2;93;91;91;113;4,2;,9;
2022/11/24;2000 UTC;;978,7;978,7;978,3;110,8;23,7;22,3;23,8;23,6;22,5;22,2;92;91;92;94;2,6;,9;
2022/11/24;2100 UTC;;979,7;979,7;978,7;27,5;23,6;22,3;23,8;23,6;22,4;22,1;93;91;92;119;2,1;,5;
2022/11/24;2200 UTC;;981,1;981,1;979,7;;23,5;22,4;23,7;23,5;22,5;22,2;93;92;93;181;1,8;,8;
2022/11/24;2300 UTC;;;;;;;;;;;;;;;;;;
2022/11/25;0000 UTC;;982,7;982,9;982,3;;23,2;22;23,4;23,2;22,2;22;93;93;93;159;1,5;,7;
2022/11/25;0100 UTC;;982,6;982,7;982,4;;23,2;22;23,3;23;22,1;21,8;93;93;93;208;1,4;,9;
2022/11/25;0200 UTC;;982,4;982,7;982,3;;23,1;22;23,2;22,9;22,1;21,8;94;93;94;121;1,6;,5;
2022/11/25;0300 UTC;;;;;;;;;;;;;;;;;;
2022/11/25;0400 UTC;;981,5;982,2;981,5;;22,9;21,8;23,1;22,8;22,1;21,8;94;94;94;87;1,6;,5;
2022/11/25;0500 UTC;;980,5;981,5;980,5;;22,8;21,7;22,9;22,8;21,9;21,7;94;93;94;247;,9;,4;
2022/11/25;0600 UTC;;980;980,5;979,9;;22,8;21,7;22,9;22,6;21,8;21,5;94;94;94;146;1,1;,5;
2022/11/25;0700 UTC;;980,6;980,6;980;;22,8;21,8;22,8;22,7;21,8;21,6;94;94;94;77;1,2;,5;
2022/11/25;0800 UTC;;981,4;981,4;980,6;;22,8;21,8;22,8;22,7;21,8;21,6;94;94;94;31;1,8;1,1;
2022/11/25;0900 UTC;;981,8;981,8;981,4;13,8;22,8;21,7;22,9;22,8;21,9;21,7;94;94;94;86;2,2;1;
2022/11/25;1000 UTC;;982,7;982,7;981,8;222,8;23,2;21,8;23,2;22,8;21,9;21,7;94;92;92;29;2;1,2;
2022/11/25;1100 UTC;;983,1;983,1;982,7;541,3;23,8;21,6;23,9;23,2;22,1;21,6;92;88;88;7;3;2;
2022/11/25;1200 UTC;;983,8;983,8;983,1;1041,6;24,7;21,7;24,8;23,8;22,3;21,4;89;83;84;3;3,6;1,7;
2022/11/25;1300 UTC;;983,9;984;983,8;1101,9;25,4;21,6;25,4;24,7;22,2;21,5;85;80;80;328;4,2;2,3;
2022/11/25;1400 UTC;;983,6;983,9;983,6;1952,3;26,2;21,3;26,5;25,4;22,1;21;81;72;75;292;5,3;2,6;
2022/11/25;1500 UTC;0;982,9;983,6;982,8;1524,6;26,6;21,8;27,1;26,2;22,4;21,2;76;72;75;310;5,7;1,8;
2022/11/25;1600 UTC;0;981,9;982,9;981,9;1139,6;27;22,1;27,3;26,6;22,5;21,2;77;71;75;214;3,9;1,6;
2022/11/25;1700 UTC;0;980,5;981,9;980,5;2924,1;29,3;22,1;29,3;27;23,2;21,5;76;65;65;252;4,8;2,3;
2022/11/25;1800 UTC;0;979,4;980,5;979,4;2116,2;29,1;21,6;29,9;28,6;22,6;21,1;69;61;64;229;5,5;2,1;
2022/11/25;1900 UTC;0;978,8;979,4;978,6;1614,9;28,9;21,5;30,3;28,9;22,4;21,1;66;59;64;215;4,5;1,7;
2022/11/25;2000 UTC;,4;979;979,2;978,7;556,3;26,2;22,5;28,9;26;22,9;21,3;82;63;80;192;6,4;3,2;
2022/11/25;2100 UTC;0;979,5;979,5;979;382,7;25,5;21,9;26,6;25,5;22,7;21,9;82;78;80;49;5,8;2;
2022/11/25;2200 UTC;0;980;980;979,5;28,6;23,8;21,6;25,5;23,8;21,9;21,2;87;79;87;63;4,2;,9;
2022/11/25;2300 UTC;;;;;;;;;;;;;;;;;;
2022/11/26;0000 UTC;0;982,2;982,2;980,9;;23,6;21,4;23,9;23,5;21,7;21,2;88;86;87;27;3,8;1,1;
2022/11/26;0100 UTC;0;982,8;982,8;982,2;;23,5;21,6;23,7;23,5;21,6;21,4;89;87;89;14;3,8;1,5;
2022/11/26;0200 UTC;0;982,7;982,9;982,6;;23,4;22;23,5;23,3;22;21,5;92;89;92;7;2,7;1,1;
2022/11/26;0300 UTC;0;982,3;982,7;982,3;;23,5;22,3;23,6;23,4;22,3;22;93;92;93;8;2,7;1,7;
2022/11/26;0400 UTC;0;981,4;982,3;981,4;;23,4;22;23,6;23,4;22,3;22;93;91;92;11;4,7;2,3;
2022/11/26;0500 UTC;0;981;981,4;980,9;;23,3;21,7;23,4;23,3;22;21,7;92;91;91;5;4,8;2,1;
2022/11/26;0600 UTC;0;980,8;981,1;980,8;;23,3;21,7;23,3;23,2;21,8;21,7;91;91;91;5;4,3;2;
2022/11/26;0700 UTC;0;981;981;980,8;;23,2;21,7;23,3;23,2;21,8;21,7;91;91;91;1;4,8;2,2;
2022/11/26;0800 UTC;0;981,3;981,3;981;;23,1;21,7;23,3;23,1;21,7;21,6;91;91;91;350;4,4;1,9;
2022/11/26;0900 UTC;0;981,6;981,7;981,3;8,9;23,1;21,3;23,3;23,1;21,7;21,3;91;89;89;326;3,6;1,5;
2022/11/26;1000 UTC;0;982,4;982,5;981,7;201,5;23,4;21,3;23,4;23,1;21,3;21,1;89;87;88;349;4,7;2,2;
2022/11/26;1100 UTC;0;983;983;982,4;688,8;24,4;21,6;24,4;23,4;21,7;21,2;88;84;84;20;5;2,9;
2022/11/26;1200 UTC;0;983,8;983,8;983;754,4;25,1;21,5;25,1;24,3;21,8;21,3;85;80;80;346;6;3,6;
2022/11/26;1300 UTC;0;984,3;984,3;983,8;1356,4;26,1;21,6;26,3;25;22;21,1;81;75;77;346;7,1;3,6;
2022/11/26;1400 UTC;0;983,9;984,3;983,9;2229,8;27,7;21,7;27,7;26;22;21,3;77;70;70;343;9,2;3,7;
2022/11/26;1500 UTC;0;983,2;984;983,1;1762,1;28,2;21,7;28,2;27,1;22;21,2;72;67;68;334;9,2;2,7;
2022/11/26;1600 UTC;1,2;982,4;983,2;982,4;1480,5;26,3;22,7;28,9;25,1;23,4;21;86;64;81;281;6,5;2,3;
2022/11/26;1700 UTC;5;981,6;982,4;981,6;650,8;22,8;20,7;26,3;22,8;23,2;20,7;90;81;88;284;8,5;4,6;
2022/11/26;1800 UTC;4,8;980,7;981,7;980,5;1831,5;26,1;23,3;27,1;22,2;24,2;20,6;93;80;84;13;8,5;3,2;
2022/11/26;1900 UTC;6,8;980,5;981,3;980,5;779,2;24,2;22,4;26,3;23,2;23,1;21,6;93;80;90;339;7,6;2,8;
2022/11/26;2000 UTC;0;980,5;980,7;980,4;1205,5;25,2;22,6;25,8;24,2;23,1;22,2;90;82;86;326;6,3;1,5;
2022/11/26;2100 UTC;4,2;981,6;981,6;980,5;121,4;23,6;22,1;25,2;23,4;22,7;21,7;92;85;92;337;6;2,5;
2022/11/26;2200 UTC;;;;;;;;;;;;;;;;;;
2022/11/26;2300 UTC;0;981,9;982,1;981,9;;23,1;22;23,2;23;22,1;21,8;93;93;93;57;2,3;1;
2022/11/27;0000 UTC;0;982,8;982,8;981,9;;22,9;21,9;23,1;22,9;22;21,8;94;93;94;75;2;,9;
2022/11/27;0100 UTC;0;983,3;983,3;982,8;;22,7;21,7;23;22,7;21,9;21,7;94;94;94;127;1,8;,4;
2022/11/27;0200 UTC;;;;;;;;;;;;;;;;;;
2022/11/27;0300 UTC;0;983;983,3;983;;22,6;21,5;22,6;22,5;21,6;21,4;94;94;94;36;1,8;,7;
2022/11/27;0400 UTC;0;982,2;983;982,2;;22,3;21,3;22,6;22,2;21,6;21,2;94;94;94;26;2,3;1,4;
2022/11/27;0500 UTC;0;981,7;982,2;981,7;;22,4;21,3;22,5;22,3;21,4;21,3;94;93;94;33;3;1,3;
2022/11/27;0600 UTC;0;981,3;981,6;981,3;;22,3;21,2;22,4;22,2;21,3;21,2;94;94;94;28;2,8;1;
2022/11/27;0700 UTC;0;981,4;981,4;981,2;;22,2;21,2;22,3;22,2;21,3;21,2;94;94;94;13;2,6;1,1;
2022/11/27;0800 UTC;,2;981,7;981,7;981,4;;22,1;21,1;22,2;22;21,2;21;94;94;94;105;1,8;,6;
2022/11/27;0900 UTC;0;982;982;981,7;16,4;21,8;20,9;22,1;21,6;21,1;20,7;94;94;94;213;1,1;,6;
2022/11/27;1000 UTC;0;982,5;982,5;981,9;319,4;23,2;22,1;23,2;21,8;22,2;20,9;94;94;94;69;1,5;,8;
2022/11/27;1100 UTC;0;983;983;982,5;1070,5;24,5;21,5;24,6;23,1;22,3;21,5;94;83;83;52;3,4;1,6;
2022/11/27;1200 UTC;0;983,4;983,4;982,9;2069,6;25,7;20,8;26,2;24,4;21,9;20,8;85;74;74;24;3,9;1,8;
2022/11/27;1300 UTC;0;983,4;983,5;983,3;1800,5;26,5;21,4;26,6;25,6;22,2;20,8;78;73;74;348;4;2,2;
2022/11/27;1400 UTC;0;982,9;983,4;982,9;2085,7;27,3;20,7;27,6;26,5;22;20,6;75;66;67;347;4,7;2,6;
2022/11/27;1500 UTC;0;982,3;982,9;982,3;2362,9;29,2;21,6;29,2;27,3;21,9;20,7;70;63;64;320;5,3;2,6;
2022/11/27;1600 UTC;0;981,3;982,3;981,3;2179,6;29,2;21,6;29,7;28,6;22,2;20,6;67;61;64;309;5,5;1,4;
2022/11/27;1700 UTC;0;979,7;981,3;979,7;2192,6;29,6;21,4;30,5;29,1;22,2;20,2;65;56;61;311;3,8;2,1;
2022/11/27;1800 UTC;0;978,6;979,7;978,6;1681,5;30,2;21,7;31,1;29,6;22,2;20,4;62;54;60;313;4,3;1,8;
2022/11/27;1900 UTC;0;978;978,6;978;2176,8;30,5;21;31,6;30,3;22,2;20,5;61;53;57;280;5,1;1,3;
2022/11/27;2000 UTC;0;978,4;978,5;978;804,3;28,5;22,1;31;28,5;22,2;20,1;68;53;68;357;6,8;2;
2022/11/27;2100 UTC;0;978,4;978,5;978,3;254,1;27,6;22,2;28,5;27,6;22,6;21,6;73;67;72;207;4,5;,6;
2022/11/27;2200 UTC;0;978,9;978,9;978,4;10,4;26,1;22,8;27,6;26,1;23,1;22,1;82;72;82;332;1,9;1,2;
2022/11/27;2300 UTC;;;;;;;;;;;;;;;;;;
2022/11/28;0000 UTC;0;979,8;979,8;979,7;;25;22,7;25,6;24,8;22,8;22,3;87;83;87;318;2,4;1,2;
2022/11/28;0100 UTC;0;980,8;980,8;979,8;;24,2;22,4;25;24,2;22,8;22,4;90;87;90;10;2,2;,4;
2022/11/28;0200 UTC;0;980,7;981,2;980,7;;24;22,6;24,3;23,8;22,8;22,4;92;90;92;349;1,3;,9;
2022/11/28;0300 UTC;0;980,3;980,8;980,3;;24,2;22,9;24,2;23,9;23;22,6;93;92;92;350;2,5;1,6;
2022/11/28;0400 UTC;0;979,6;980,4;979,5;;23,8;22,2;24,2;23,8;22,9;22,2;92;91;91;321;2,5;1,3;
2022/11/28;0500 UTC;0;979,1;979,6;979,1;;24;22,5;24;23,7;22,6;22,1;92;91;92;306;2,3;1,2;
2022/11/28;0600 UTC;0;978,8;979,1;978,8;;23,3;22,2;24;23,3;22,5;22,1;93;92;93;337;2,5;1,2;
2022/11/28;0700 UTC;0;978,5;978,8;978,5;;23,2;22,1;23,4;23,1;22,3;22;94;93;93;349;2,4;1,5;
2022/11/28;0800 UTC;0;978,4;978,6;978,4;;23,2;22;23,4;23,1;22,2;22;94;93;93;352;2,7;1,7;
2022/11/28;0900 UTC;0;978,6;978,6;978,4;8,3;23,3;22;23,3;23,1;22,1;21,9;93;92;92;350;3,2;1,8;
2022/11/28;1000 UTC;0;979,1;979,2;978,6;316,8;24,1;22,5;24,1;23,2;22,6;21,9;93;91;91;10;3,9;2,1;
2022/11/28;1100 UTC;0;980;980;979,1;813,7;25,2;22,7;25,2;24,1;22,8;22,3;91;84;86;342;3,9;1,8;
2022/11/28;1200 UTC;0;980,6;980,6;980;805,4;26;22,2;26,1;25,2;22,8;22;86;79;80;312;3,7;1,3;
2022/11/28;1300 UTC;0;980,7;980,8;980,6;1077,6;26,9;21,9;27,1;26;22,5;21,9;81;74;74;322;5,5;2,9;
2022/11/28;1400 UTC;0;979,8;980,7;979,8;1331,2;27,1;21,9;27,3;26,7;22,7;21,7;78;73;73;315;7,5;3,6;
2022/11/28;1500 UTC;0;978,5;979,9;978,5;2133,4;28,4;22;29;27;22,9;21,4;75;66;68;309;7,5;2,9;
2022/11/28;1600 UTC;0;977,3;978,5;977,3;2673,9;29,6;21,6;30;28,4;22,7;21,1;69;61;62;323;8,4;2,7;
2022/11/28;1700 UTC;0;976,4;977,3;976,4;1796,6;27,9;21,7;30,1;27,9;22,6;20,7;71;61;69;278;11,1;3,7;
2022/11/28;1800 UTC;0;975,3;976,4;975,2;1682,5;28,9;21,3;29,2;27,4;22,4;20,8;73;63;64;299;8,3;3,4;
2022/11/28;1900 UTC;0;974,8;975,4;974,8;1310;28,3;21,8;29;28;21,8;20,6;68;62;68;284;7,4;2,7;
2022/11/28;2000 UTC;0;975,1;975,3;974,7;1402;28,7;21,7;29,5;28,3;22,5;21,6;70;63;66;313;5,2;2,2;
2022/11/28;2100 UTC;0;975,2;975,4;975;492,8;27,7;22,1;29;27,7;22,3;21,7;72;65;72;318;5;,9;
2022/11/28;2200 UTC;0;975,7;975,7;975,2;16,4;25,7;22,2;27,7;25,7;22,6;22,1;81;72;81;22;3,6;2;
2022/11/28;2300 UTC;0;976,1;976,2;975,6;;24,9;22;25,7;24,9;22,2;21,9;84;81;84;38;4,4;1,3;
2022/11/29;0000 UTC;0;977,4;977,4;976,1;;24,4;22,2;24,9;24,4;22,3;21,9;88;84;88;68;3,7;1,5;
2022/11/29;0100 UTC;0;977,6;977,8;977,4;;24,4;22,1;24,5;24,3;22,2;22;88;86;87;53;3,3;1,8;
2022/11/29;0200 UTC;0;978,1;978,1;977,6;;24,2;22;24,4;24,2;22;21,9;88;86;88;20;3,3;1,6;
2022/11/29;0300 UTC;0;977,7;978,3;977,7;;23,8;21,9;24,3;23,8;22,1;21,9;89;87;89;18;3,8;1,8;
2022/11/29;0400 UTC;0;977,4;977,7;977,1;;23,6;22,1;23,8;23,6;22,1;21,9;91;89;91;17;3,7;1,4;
2022/11/29;0500 UTC;0;976,8;977,5;976,8;;23,6;22,1;23,6;23,3;22,1;22;92;91;92;7;3,8;2;
2022/11/29;0600 UTC;0;976,8;976,8;976,5;;23,4;21,9;23,6;23,4;22,1;21,8;92;91;91;359;4,3;1,7;
2022/11/29;0700 UTC;0;976,4;976,8;976,2;;23,2;21,7;23,5;23,2;21,9;21,7;91;90;91;358;3,9;1,9;
2022/11/29;0800 UTC;,2;976,4;976,6;976,2;;22,9;21,5;23,3;22,9;21,8;21,5;92;91;92;359;5,7;2,6;
2022/11/29;0900 UTC;5,2;977,7;977,7;976,3;;22,6;21,6;23;22,4;21,6;21,2;94;91;94;292;5,7;1,6;
2022/11/29;1000 UTC;4,2;978,8;978,8;977,7;75,3;22,1;20,7;22,7;22;21,6;20,5;94;92;92;96;8;1;
2022/11/29;1100 UTC;0;979,4;979,4;978,8;323;22,4;21;22,6;22,1;21,3;20,7;93;91;92;124;4;2,1;
2022/11/29;1200 UTC;,2;978,7;979,4;978,6;566,1;22,7;21,3;22,8;22,3;21,3;20,8;92;91;92;20;4;2,4;
2022/11/29;1300 UTC;0;979,3;979,3;978,6;348,6;23;21,6;23;22,5;21,6;21,1;92;92;92;32;4,5;1,2;
2022/11/29;1400 UTC;,4;978,4;979,3;978,4;876,7;24,3;22;24,3;23;22,3;21,5;92;87;87;4;4,8;2,4;
2022/11/29;1500 UTC;0;978,2;978,6;978,1;2496,6;26,2;21,5;26,3;24,3;23;20,9;88;74;75;330;5,4;2,6;
2022/11/29;1600 UTC;0;977,2;978,2;977,2;2144,9;27,4;21,7;27,5;26,1;22,3;21,2;78;71;71;287;5,2;1,6;
2022/11/29;1700 UTC;0;975,9;977,2;975,9;2460,8;28,9;21,6;29,1;27,4;22,5;21,1;72;64;65;277;4,8;,9;
2022/11/29;1800 UTC;0;974,7;975,9;974,6;2977,5;29,8;21,6;29,9;28,6;22,8;20,7;68;59;62;303;7,7;1,1;
2022/11/29;1900 UTC;0;974,7;975;974,7;1289,4;29,3;21,6;30,1;29;22,3;20,8;65;58;63;264;4,4;1,1;
2022/11/29;2000 UTC;0;974,4;974,7;974,3;800,1;28,9;21,1;29,7;28,8;22,2;21;67;61;63;165;2,5;,5;
2022/11/29;2100 UTC;0;975,5;975,5;974,4;215,5;25,8;20,9;28,9;25,8;23,1;20,7;78;63;75;334;6,5;3,3;
2022/11/29;2200 UTC;;;;;;;;;;;;;;;;;;
2022/11/29;2300 UTC;0;977,2;977,2;976,8;;23,4;21,1;23,5;23,3;21,1;20,5;87;84;87;354;5,6;2,2;
2022/11/30;0000 UTC;;;;;;;;;;;;;;;;;;
2022/11/30;0100 UTC;0;978,3;978,3;977,8;;22,8;20,8;23,1;22,8;21,1;20,8;89;88;88;346;7,1;3,2;
2022/11/30;0200 UTC;0;978,2;978,5;978,2;;22,6;20,9;22,8;22,6;20,9;20,8;90;88;90;35;6,3;,8;
2022/11/30;0300 UTC;0;977,6;978,2;977,6;;22,4;20,7;22,6;22,4;20,9;20,7;90;89;90;25;3,5;1,7;
2022/11/30;0400 UTC;0;977;977,6;977;;22,1;20,7;22,4;22,1;20,9;20,7;92;90;92;27;3,6;1,2;
2022/11/30;0500 UTC;0;976,4;977;976,4;;21,8;20,6;22,1;21,8;20,7;20,6;93;92;93;41;3,3;1;
2022/11/30;0600 UTC;0;976;976,4;975,9;;21,9;20,7;21,9;21,8;20,7;20,6;93;93;93;65;2,5;1;
2022/11/30;0700 UTC;0;976;976,1;975,9;;22,1;20,7;22,1;21,8;20,8;20,7;93;92;92;59;2,2;1;
2022/11/30;0800 UTC;0;976,5;976,6;975,9;;22;20,7;22,1;21,9;20,8;20,7;93;92;93;49;1,9;1;
2022/11/30;0900 UTC;0;977,5;977,5;976,5;10,7;21,7;20,5;22;21,7;20,8;20,5;93;92;93;97;1,9;,8;
2022/11/30;1000 UTC;0;978,7;978,7;977,5;306,1;22,6;20,9;22,6;21,7;20,9;20,5;93;90;90;76;2,4;1,3;
2022/11/30;1100 UTC;0;980;980,1;978,7;994,4;24,5;21,2;24,5;22,5;21,2;20,6;90;81;82;89;3;,9;
2022/11/30;1200 UTC;0;980,5;980,5;980;1573,6;26,2;21,1;26,2;24,2;21,3;20,4;82;74;74;336;5,5;2,7;
2022/11/30;1300 UTC;0;980,3;980,5;980,3;2594,8;27,3;20,5;27,5;25,9;21,6;20,4;74;66;67;319;7,2;3,3;
2022/11/30;1400 UTC;0;980,1;980,5;980,1;2443,7;28,2;20,9;28,5;26,4;21,5;20,5;71;64;65;308;7,2;3,2;
2022/11/30;1500 UTC;0;979,3;980,1;979,3;2593;28,6;20,7;29,5;27,3;21,6;20,3;68;61;62;327;7,2;1,8;
2022/11/30;1600 UTC;0;978,3;979,3;978,3;2264,3;27,8;20,5;29,9;27,7;21,3;20,2;67;56;65;299;7,9;4;
2022/11/30;1700 UTC;0;976,5;978,3;976,5;3286,4;30,4;20,6;30,5;27,8;21,8;20,2;67;55;56;315;7,7;3,4;
2022/11/30;1800 UTC;0;975,8;976,5;975,8;2667,9;30;19,3;31,4;29,7;21,2;19,3;57;51;53;320;6,5;2,7;
2022/11/30;1900 UTC;0;975,2;975,8;975,2;2507,9;31,1;19,5;31,8;30;20,5;19,1;53;49;50;303;5,5;2;
2022/11/30;2000 UTC;0;975;975,2;974,9;1199,1;29,3;21,2;31,4;29,3;21,3;19,3;62;49;62;245;6,9;3,3;
2022/11/30;2100 UTC;0;975,5;975,5;975;512,9;27,4;21,3;29,3;27,4;21,6;20,9;70;62;70;210;7,1;2,2;
2022/11/30;2200 UTC;0;976,3;976,3;975,5;15,5;26,3;21,7;27,4;26,3;22;21,3;77;70;76;340;4,6;,8;
2022/11/30;2300 UTC;0;977,1;977,1;976,3;;25,5;21,7;26,3;25,5;22,6;21,7;83;76;79;223;2,1;1,4;
2022/12/01;0000 UTC;0;978,2;978,2;977,1;;24,4;21,7;25,5;24,4;22,2;21,7;86;79;85;270;2;,8;
2022/12/01;0100 UTC;0;979,1;979,1;978,2;;23,8;22;24,5;23,7;22,2;21,8;90;85;90;293;1,5;,5;
2022/12/01;0200 UTC;0;978,9;979,3;978,9;;23,4;21,8;23,8;23,3;22;21,6;91;89;91;357;1,3;,9;
2022/12/01;0300 UTC;0;978,6;979;978,6;;23,2;21,8;23,4;23,1;22;21,7;92;91;92;55;1,3;,5;
2022/12/01;0400 UTC;0;978,3;978,6;978,3;;23;21,8;23,3;22,9;22;21,6;93;92;93;44;2;1,3;
2022/12/01;0500 UTC;0;978;978,3;978;;22,8;21,4;23,2;22,8;21,8;21,3;93;90;92;28;2,5;1,2;
2022/12/01;0600 UTC;0;977,6;978;977,5;;22,6;21,3;22,9;22,6;21,5;21,3;92;92;92;26;2,3;,9;
2022/12/01;0700 UTC;0;977,9;978;977,6;;22,4;21,2;22,6;22,4;21,4;21,1;93;92;93;26;2;1;
2022/12/01;0800 UTC;0;978,2;978,3;977,8;;22;20,9;22,4;22;21,2;20,8;93;93;93;47;1,6;,7;
2022/12/01;0900 UTC;0;978,9;978,9;978,2;13,1;22,3;21;22,3;21,9;21,1;20,8;94;93;93;65;2,1;,6;
2022/12/01;1000 UTC;0;979,9;979,9;978,9;480,3;24,3;21,8;24,3;22,3;21,8;21;93;86;86;29;3,1;1,7;
2022/12/01;1100 UTC;0;980,5;980,5;980;1297,4;25,8;21,8;26;24,1;22,5;21,3;86;78;79;46;4,9;2,3;
2022/12/01;1200 UTC;0;981,3;981,3;980,5;1978,7;27,4;22,2;27,4;25,8;22,5;21,6;80;72;73;7;5,7;3;
2022/12/01;1300 UTC;0;981,1;981,5;981,1;2664,6;29,3;21,8;29,6;27,4;22,6;21,5;74;64;64;343;5,7;1,8;
2022/12/01;1400 UTC;0;980,9;981,2;980,7;2537,4;29,1;22,3;30,3;28,3;22,6;21,1;70;61;67;360;5,2;1,8;
2022/12/01;1500 UTC;0;979,8;980,9;979,7;3953,2;30,8;20,9;30,8;29,1;22,5;20,4;67;55;55;5;5,3;2,9;
2022/12/01;1600 UTC;0;978,5;979,8;978,4;2821,1;29,9;22,2;32,1;29,8;22,4;19,8;64;50;63;275;5,6;2,5;
2022/12/01;1700 UTC;0;977,3;978,5;977,3;2873,3;32,1;22,2;32,1;29,6;23,5;19,5;69;50;56;310;5,1;2,2;
2022/12/01;1800 UTC;0;976,1;977,3;976,1;3259,8;32,3;20,5;32,4;31,4;22,2;20,4;57;50;50;15;6,1;2,4;
2022/12/01;1900 UTC;0;976,3;976,3;976;1484,4;28,6;20,7;32,7;28,6;21,2;19,7;63;48;62;112;6,4;3,3;
2022/12/01;2000 UTC;2,6;977;977,1;976,2;306,9;25,2;22,8;28,6;25;22,9;20,3;87;62;87;67;6,1;1,2;
2022/12/01;2100 UTC;,2;976,6;977,3;976,6;119,7;24,7;21,9;25,3;24,3;22,9;20,3;87;75;84;146;5;,7;
2022/12/01;2200 UTC;0;977,3;977,3;976,6;14,3;24,1;21,9;24,8;24;22,4;21,9;89;84;88;333;3,8;1,3;
2022/12/01;2300 UTC;0;977,9;977,9;977,3;;23,9;21,9;24,5;23,9;22,7;21,9;91;88;88;284;6,7;1,8;
2022/12/02;0000 UTC;0;979,3;979,3;977,8;;24;21,7;24,3;23,8;22,2;21,5;89;85;87;314;4,8;,6;
2022/12/02;0100 UTC;0;979,8;979,8;979,3;;24;22;24;23,8;22,1;21,6;90;87;89;251;2,4;1,5;
2022/12/02;0200 UTC;0;980,3;980,4;979,8;;24,2;22,2;24,2;24;22,2;21,8;89;87;89;278;3,2;,2;
2022/12/02;0300 UTC;0;980,3;980,5;980,3;;23,9;22,3;24,2;23,7;22,3;22;91;89;90;111;2,8;,6;
2022/12/02;0400 UTC;0;979,5;980,3;979,5;;23,8;22,3;24;23,6;22,4;22,1;92;90;91;281;1,5;,4;
2022/12/02;0500 UTC;0;979,2;979,5;979,2;;23,7;22,3;23,8;23,6;22,4;22,2;92;91;92;332;1,7;,2;
2022/12/02;0600 UTC;0;978,9;979,2;978,8;;23,6;22,3;23,8;23,6;22,5;22,3;93;92;92;2;1,4;,4;
2022/12/02;0700 UTC;0;978,7;978,9;978,7;;23,8;22,5;23,8;23,6;22,6;22,3;93;92;93;236;1,3;,6;
2022/12/02;0800 UTC;0;979,3;979,3;978,7;;23,8;22,5;23,8;23,7;22,5;22,4;93;92;92;119;1,8;,8;
2022/12/02;0900 UTC;0;980,1;980,1;979,3;2,7;23,9;22,6;23,9;23,8;22,6;22,5;93;92;92;161;1,3;,5;
2022/12/02;1000 UTC;0;981,6;981,6;980,1;186,1;24,1;22,5;24,1;23,9;22,7;22,2;93;90;90;29;3,2;1,5;
2022/12/02;1100 UTC;5,8;982,3;982,4;981,6;183,2;23,3;21,9;24,2;23,3;22,5;21,8;92;89;92;55;4,5;1,1;
2022/12/02;1200 UTC;33,2;983;983,2;982,3;88,5;21,6;20,5;23,3;21,6;21,8;20,5;94;92;94;94;7,5;3,3;
2022/12/02;1300 UTC;7,6;983,2;983,3;983;122,5;22,1;21;22,1;21,5;21;20,5;94;94;94;78;6,6;1,4;
2022/12/02;1400 UTC;3,2;983;983,3;983;433,1;22,8;21,4;22,8;22,1;21,6;21;94;92;92;62;6,6;3,1;
2022/12/02;1500 UTC;,4;981,4;983;981,4;788,9;23,1;21,6;23,1;22,7;21,7;21;92;90;91;70;6,2;2,1;
2022/12/02;1600 UTC;0;980,3;981,4;980,3;1808,8;25,4;21,3;25,4;23;22,3;20,7;91;76;78;96;3,7;1,9;
2022/12/02;1700 UTC;0;979,4;980,3;979,4;1564,5;25,8;21,2;25,8;25,3;21,9;20,9;80;75;76;110;3,4;1,8;
2022/12/02;1800 UTC;0;978,3;979,4;978,2;1674,8;26,2;21,5;26,4;25,7;22,1;21,2;78;74;76;54;3,3;1,9;
2022/12/02;1900 UTC;0;977,9;978,3;977,9;1112,7;26,3;21,9;26,5;26;22,1;21,4;78;75;77;40;3,6;1,8;
2022/12/02;2000 UTC;0;978,2;978,3;977,9;619,1;25,9;22;26,4;25,9;22,3;21,5;80;75;79;55;2,9;1;
2022/12/02;2100 UTC;0;978,4;978,4;978,2;257;25,4;22;25,9;25,4;22,2;21,7;81;79;81;44;2,4;1,1;
2022/12/02;2200 UTC;0;978,5;978,5;978,4;27;24,3;21,8;25,4;24,3;21,9;21,6;86;81;86;106;2;1;
2022/12/02;2300 UTC;;;;;;;;;;;;;;;;;;
2022/12/03;0000 UTC;0;979,5;979,5;978,6;;23,9;21,6;24;23,8;21,8;21,6;88;87;87;87;2,6;,5;
2022/12/03;0100 UTC;;;;;;;;;;;;;;;;;;
2022/12/03;0200 UTC;0;980,8;980,8;980,7;;23,4;22,2;23,4;23,2;22,2;21,7;93;91;93;310;1;,4;
2022/12/03;0300 UTC;;;;;;;;;;;;;;;;;;
2022/12/03;0400 UTC;0;980,4;980,7;980,3;;24,2;22,1;24,2;23,3;22,4;22,1;93;88;88;128;2,4;1,3;
2022/12/03;0500 UTC;0;979,7;980,4;979,7;;24,1;21,7;24,3;24;22;21,7;88;87;87;136;2,8;,8;
2022/12/03;0600 UTC;1;980;980,1;979,6;;23,8;21,9;24,1;23,3;22;21,7;91;87;89;37;3,9;1,4;
2022/12/03;0700 UTC;4,6;979,7;980;979,5;;23,4;22,3;23,8;23,3;22,3;21,8;94;89;94;292;2,9;,8;
2022/12/03;0800 UTC;1,6;980,2;980,2;979,7;;23,4;22,2;23,4;23,1;22,3;22,1;94;93;93;138;3,3;1,9;
2022/12/03;0900 UTC;,4;980,9;980,9;980,2;2,9;22,9;21,6;23,4;22,9;22,2;21,6;93;92;93;106;3,6;1,9;
2022/12/03;1000 UTC;0;982;982;980,9;154,7;23,2;21,9;23,2;22,8;21,9;21,5;93;92;93;143;3,6;1,5;
2022/12/03;1100 UTC;,4;983;983;982,1;374,7;23,8;22,5;23,8;23,2;22,5;21,7;93;90;92;189;2,8;1;
2022/12/03;1200 UTC;,8;983,7;983,7;983;442,1;23,9;21,9;24,2;23,8;22,6;21,9;92;88;89;112;2,6;1,1;
2022/12/03;1300 UTC;1;984,1;984,1;983,7;516,5;24;22,4;24,3;23,9;22,7;21,9;91;88;91;340;2,4;1;
2022/12/03;1400 UTC;3;983,4;984,1;983,4;547,8;24;22,5;24;23,6;22,6;22,1;92;90;91;308;2,5;1,3;
2022/12/03;1500 UTC;,6;982,7;983,4;982,7;975;24,7;22,5;24,8;23,9;22,8;22,1;91;86;88;218;3,3;1,2;
2022/12/03;1600 UTC;0;981,5;982,7;981,5;362;24,6;22,5;24,7;24,5;22,7;22,2;89;87;88;228;2,5;1,1;
2022/12/03;1700 UTC;0;980,1;981,5;980,1;1583,9;26,8;22,9;26,8;24,5;23,3;22,4;89;79;79;265;3,1;1,2;
2022/12/03;1800 UTC;0;978,9;980,1;978,9;2287,1;27,1;22,4;27,2;26,5;23,2;21,9;80;74;75;78;4,4;2;
2022/12/03;1900 UTC;0;978,1;978,9;977,9;1118,6;27,2;22,7;27,4;26,9;23,1;22,3;78;75;76;124;3,9;2,3;
2022/12/03;2000 UTC;0;979,4;979,4;978,1;273,8;25,3;22,2;27,2;25,3;23;22;83;76;83;104;5,2;2,6;
2022/12/03;2100 UTC;0;979,4;979,7;979,4;116,5;24,1;21,3;25,3;24;22,1;21;85;80;85;159;5,4;1,4;
2022/12/03;2200 UTC;0;980,1;980,1;979,4;23;23,4;21,4;24,1;23,4;21,5;21,3;89;85;89;190;4,6;1,1;
2022/12/03;2300 UTC;;;;;;;;;;;;;;;;;;
2022/12/04;0000 UTC;;;;;;;;;;;;;;;;;;
2022/12/04;0100 UTC;;;;;;;;;;;;;;;;;;
2022/12/04;0200 UTC;0;982,2;982,3;982;;22,9;21,4;23;22,8;21,5;21,2;91;90;91;83;3,7;1,6;
2022/12/04;0300 UTC;1,8;982,1;982,2;981,9;;22,4;21,1;23,1;22,4;21,5;21,1;92;91;92;94;6,6;2,9;
2022/12/04;0400 UTC;2,6;981,7;982,1;981,7;;22,1;20,9;22,4;22,1;21,2;20,9;93;92;92;85;5,2;2,1;
2022/12/04;0500 UTC;,6;980,5;981,7;980,5;;21,6;20,3;22,1;21,5;20,7;20,1;92;91;92;97;4,1;1,1;
2022/12/04;0600 UTC;0;979,8;980,5;979,7;;21,7;20,5;21,7;21,5;20,5;20,2;93;92;93;120;2,4;1,1;
2022/12/04;0700 UTC;0;979,7;979,8;979,7;;21,4;20,4;21,7;21,4;20,5;20,3;94;93;94;5;2,2;,3;
2022/12/04;0800 UTC;0;979,7;979,8;979,7;;21,5;20,5;21,6;21,4;20,5;20,4;94;94;94;222;1,5;,8;
2022/12/04;0900 UTC;0;980,4;980,4;979,7;13,7;21,6;20,6;21,6;21,4;20,6;20,4;94;94;94;249;1,5;,4;
2022/12/04;1000 UTC;0;981,4;981,4;980,4;226,1;22,4;21,2;22,4;21,6;21,3;20,6;94;93;93;21;1,5;1;
2022/12/04;1100 UTC;0;982,3;982,3;981,4;400,7;22,9;21,5;22,9;22,4;21,5;21;93;92;92;21;3,1;1,4;
2022/12/04;1200 UTC;1,6;983,5;983,5;982,3;411,8;22,6;21,2;22,9;22,6;21,5;21,2;92;91;92;351;5,4;2,7;
2022/12/04;1300 UTC;13,2;984,1;984,1;983,3;249,9;21,1;20,1;22,7;21;21,4;19,7;94;90;94;14;8,7;3,2;
2022/12/04;1400 UTC;3,4;983,3;984,1;983,3;683,8;21,7;20,2;21,9;21,1;20,5;19,9;94;91;91;26;5,9;1,9;
2022/12/04;1500 UTC;0;982,7;983,3;982,7;1002,7;23;20,9;23;21,7;21,1;20,3;92;88;88;19;5;2,9;
2022/12/04;1600 UTC;,2;981,1;982,7;981,1;2049,6;26,1;21,3;26,1;23;22,1;20,8;89;75;75;48;6,2;1,8;
2022/12/04;1700 UTC;0;979,7;981,1;979,7;2191,6;26,3;20,4;26,8;25,9;21,9;20,2;76;70;70;13;5,7;2,1;
2022/12/04;1800 UTC;0;978,6;979,7;978,6;3078,8;27,8;20,7;27,9;26,3;21,5;19,5;72;62;65;21;4,9;2,4;
2022/12/04;1900 UTC;0;977,7;978,6;977,6;2369,2;28,7;20,4;28,7;27,5;20,7;19;65;57;61;305;4,2;1,3;
2022/12/04;2000 UTC;0;977,5;977,7;977,3;1244,4;27,6;21,5;29;27,6;21,5;19,5;70;58;69;278;3,6;1,8;
2022/12/04;2100 UTC;0;977,4;977,5;977,2;467,9;26,6;21,4;27,6;26,6;21,7;21;74;69;74;258;3,5;1,2;
2022/12/04;2200 UTC;0;977,8;977,8;977,4;25,5;24,8;22,2;26,6;24,8;22,6;21,3;86;74;86;252;1,8;1,2;
2022/12/04;2300 UTC;0;979,4;979,4;977,8;;24,2;21,7;24,9;24,2;22,4;21,7;87;84;86;219;2,1;1,6;
2022/12/05;0000 UTC;0;980,4;980,4;979,4;;23,7;21,5;24,2;23,6;21,7;21,3;88;86;88;191;2,1;,8;
2022/12/05;0100 UTC;0;981,2;981,2;980,4;;23,7;21,2;23,7;23,5;21,6;21,2;88;86;86;256;1,9;1,4;
2022/12/05;0200 UTC;0;981,3;981,3;981,2;;23,4;21,4;23,7;23,4;21,4;21,1;88;86;88;248;2,5;1,4;
2022/12/05;0300 UTC;0;981,1;981,3;981,1;;23,3;21,7;23,6;23,2;21,7;21,4;91;88;91;164;2,6;,6;
2022/12/05;0400 UTC;0;980,7;981,1;980,7;;22,8;21,6;23,3;22,8;21,7;21,5;93;91;93;246;1,1;,7;
2022/12/05;0500 UTC;0;980,2;980,7;980,2;;22,7;21,4;23;22,7;21,7;21,4;93;92;93;176;1,5;,8;
2022/12/05;0600 UTC;0;979,7;980,2;979,7;;22,3;21,2;22,8;22,3;21,5;21,2;93;93;93;223;1,5;,4;
2022/12/05;0700 UTC;0;979,5;979,7;979,4;;22;21;22,4;22;21,3;21;94;93;94;179;1,4;,7;
2022/12/05;0800 UTC;0;980;980;979,5;;21,8;20,9;22,1;21,8;21,1;20,8;94;94;94;155;1,3;,6;
2022/12/05;0900 UTC;0;980,8;980,8;980;15,1;22,3;21,4;22,3;21,8;21,4;20,8;94;94;94;111;2;1,1;
2022/12/05;1000 UTC;0;981,5;981,5;980,8;451,7;24,4;22,3;24,4;22,3;22,3;21,4;94;88;88;123;3,5;2;
2022/12/05;1100 UTC;0;982,1;982,1;981,5;1267,2;27,1;22,3;27,1;24,4;23;22;88;75;75;109;4,3;2,1;
2022/12/05;1200 UTC;0;982,7;982,7;982,1;2022,9;28,4;21,6;28,4;26,8;22,3;21,1;75;66;67;76;5,3;2,3;
2022/12/05;1300 UTC;0;982,8;982,8;982,6;2833,1;29,7;20,8;29,9;28,3;21,8;20,5;67;59;59;51;6,5;3,3;
2022/12/05;1400 UTC;0;982,6;982,8;982,6;3008,6;30,6;21,1;30,7;29,3;21,8;20,4;62;56;57;43;6,7;3;
2022/12/05;1500 UTC;0;981,8;982,6;981,8;2793,7;30,4;20,5;31,1;29,9;22,1;19,9;60;53;56;19;6,9;3,1;
2022/12/05;1600 UTC;0;980,8;981,8;980,8;3293,8;32,1;20,6;32,1;30,4;21,3;19,6;56;48;51;32;6,5;3;
2022/12/05;1700 UTC;0;979,3;980,8;979,3;3254,4;32,8;19;33;31,3;20,9;18,6;52;44;44;13;6,8;3,5;
2022/12/05;1800 UTC;0;978,6;979,3;978,5;2803,7;33,2;19,6;33,2;31,7;20,2;18,1;48;42;45;43;6,7;2,7;
2022/12/05;1900 UTC;0;978,1;978,5;978,1;2331,3;33;18,6;33,3;32,5;19,5;17,4;45;40;43;18;6,6;2,5;
2022/12/05;2000 UTC;0;978,1;978,2;978;1408,9;32,5;18,5;33,2;32,2;19,2;17,5;45;40;43;14;4,8;2,6;
2022/12/05;2100 UTC;0;978,5;978,5;978;664,7;31,2;19,2;32,5;31,2;19,3;18;49;42;49;9;4,7;1,4;
2022/12/05;2200 UTC;0;979,5;979,5;978,5;32,2;28,7;21,7;31,2;28,2;24,1;19,6;78;49;66;110;3;1,3;
2022/12/05;2300 UTC;;;;;;;;;;;;;;;;;;
2022/12/06;0000 UTC;0;981,7;981,7;980,5;;25,8;21,1;26,2;25,8;21,9;21;79;74;75;192;2,5;1,3;
2022/12/06;0100 UTC;;;;;;;;;;;;;;;;;;
2022/12/06;0200 UTC;;;;;;;;;;;;;;;;;;
2022/12/06;0300 UTC;0;982,9;983,5;982,9;;24,8;22,8;24,9;24,7;22,8;22,5;88;86;88;266;2,8;1;
2022/12/06;0400 UTC;0;982,3;983;982,3;;24,5;22,9;24,9;24,5;22,9;22,7;90;88;90;210;2,5;,8;
2022/12/06;0500 UTC;0;982,3;982,4;982,2;;24,3;22,8;24,5;24,3;22,9;22,7;91;90;91;241;2,3;1;
2022/12/06;0600 UTC;12,2;982,6;982,7;981,9;;23,2;22;24,6;23,1;22,8;21,7;93;86;93;144;8,1;3,4;
2022/12/06;0700 UTC;4,4;983,1;983,3;982,3;0;22,2;20,9;23,4;22,2;22,2;20,8;94;90;92;12;6,7;1,2;
2022/12/06;0800 UTC;1,8;983,6;983,6;982,9;;21,7;20,5;22,2;21,7;21;20,4;93;92;93;224;4,5;1,3;
2022/12/06;0900 UTC;0;984,5;984,5;983,6;26,4;21,6;20,5;21,7;21,5;20,5;20,3;94;93;94;214;2,4;1,1;
2022/12/06;1000 UTC;0;985,4;985,4;984,5;482;23;21,2;23;21,6;21,2;20,5;94;89;90;203;2,8;1,1;
2022/12/06;1100 UTC;0;986,2;986,2;985,4;1078,2;24,5;21,2;24,5;22,9;21,5;20,4;90;80;82;217;3,2;1,2;
2022/12/06;1200 UTC;0;986,9;986,9;986,2;1460,2;25,7;20,9;25,9;24,4;21,5;20,5;82;74;75;182;4,1;1,5;
2022/12/06;1300 UTC;0;986,8;987,1;986,8;2391,3;27,3;21,6;27,7;25,7;21,9;20,8;76;69;71;174;3,6;1,6;
2022/12/06;1400 UTC;0;986,3;986,8;986,3;3727,6;29;21,9;29,1;27,2;22,7;21;73;63;66;133;4,2;2,6;
2022/12/06;1500 UTC;0;985,5;986,3;985,5;2972,4;29,7;21;30,1;28,7;22,6;21;68;59;60;90;5,3;2,4;
2022/12/06;1600 UTC;0;984,7;985,5;984,7;2477,6;29,8;21;30,2;28,9;21,6;20,2;64;58;59;73;5,6;1,4;
2022/12/06;1700 UTC;0;983,4;984,7;983,3;3502,8;31,2;21,5;31,3;29,8;22,3;20,2;61;54;56;119;3,9;1,7;
2022/12/06;1800 UTC;0;982,3;983,3;982,3;2974,5;32,4;20,7;32,4;30,9;22,1;19,8;58;50;50;187;3,5;1,3;
2022/12/06;1900 UTC;0;981,7;982,4;981,7;2386,3;31,1;21,7;32,6;30,7;23;20,1;62;49;57;132;6,2;3;
2022/12/06;2000 UTC;0;981,3;981,7;981,3;1785,1;31,2;21,2;31,5;31;22,1;20,8;59;54;55;137;4,7;2,2;
2022/12/06;2100 UTC;0;981,6;981,6;981,2;461,9;29,9;22;31,2;29,9;22,1;20,7;63;55;62;155;3,8;,9;
2022/12/06;2200 UTC;0;981,7;981,7;981,5;23,2;27,6;22,9;29,9;27,5;23,8;21,8;80;62;76;173;2,1;,4;
2022/12/06;2300 UTC;;;;;;;;;;;;;;;;;;
2022/12/07;0000 UTC;;;;;;;;;;;;;;;;;;
2022/12/07;0100 UTC;;;;;;;;;;;;;;;;;;
2022/12/07;0200 UTC;;;;;;;;;;;;;;;;;;
2022/12/07;0300 UTC;0;983,5;984;983,5;;24,7;22,3;25;24,7;23;22,3;90;87;87;204;2,5;1,5;
2022/12/07;0400 UTC;0;982,9;983,5;982,9;;24,4;22,5;24,7;24,4;22,6;22,3;89;87;89;195;2,3;1,3;
2022/12/07;0500 UTC;0;982,5;982,9;982,5;;24,3;22,8;24,4;24,1;22,9;22,4;92;89;92;210;2;1,2;
2022/12/07;0600 UTC;0;982,4;982,5;982,3;;24,1;22,7;24,6;24;23;22,2;92;87;92;203;3;1,2;
2022/12/07;0700 UTC;0;982,6;982,6;982,3;;24,1;22,6;24,1;24;22,8;22,6;92;91;91;169;2,3;1,1;
2022/12/07;0800 UTC;0;983,1;983,1;982,5;;23,5;22;24,1;23,5;22,6;22;91;90;91;199;2,1;1,3;
2022/12/07;0900 UTC;0;983,5;983,5;983,1;11,4;23,5;22,1;23,5;23,4;22,1;22;92;91;92;200;2;1,1;
2022/12/07;1000 UTC;0;984,1;984,1;983,5;301,3;25,2;22,2;25,7;23,5;23;22,1;92;83;84;128;2,6;1,6;
2022/12/07;1100 UTC;0;984,5;984,5;984,1;1345,9;28;22,2;28;25,2;23;21,9;85;71;71;108;3,6;1,7;
2022/12/07;1200 UTC;0;984,9;985;984,5;2174,3;29,4;21,7;29,5;28;22,3;20,7;71;61;63;110;4,1;1,9;
2022/12/07;1300 UTC;0;984,7;984,9;984,7;2903,7;30,9;21,4;30,9;29,1;22;20,1;64;55;57;114;4,5;2;
2022/12/07;1400 UTC;0;984,2;984,7;984,2;3326,4;31,1;21;31,9;30,4;21,9;19,7;58;52;55;53;5,3;2,5;
2022/12/07;1500 UTC;0;983,3;984,2;983,3;3367,5;31,7;21,5;32,5;31,1;21,6;19,9;57;49;55;30;4,6;1,4;
2022/12/07;1600 UTC;0;982,3;983,3;982,3;3888,9;33;17,6;33,5;31,7;21,5;17,3;55;39;40;330;4,4;1,2;
2022/12/07;1700 UTC;0;981,3;982,3;981,3;3461,6;33,9;18,9;34;32,7;19,8;17,8;46;40;41;54;3,8;1,3;
2022/12/07;1800 UTC;0;980,4;981,3;980,4;3183,7;33,7;18,3;35,6;33,5;19,2;17,2;42;35;40;62;3,5;1,6;
2022/12/07;1900 UTC;0;979,7;980,4;979,7;1395,7;34,4;18,9;34,7;33,1;19,7;17,5;45;37;40;284;3,5;,5;
2022/12/07;2000 UTC;0;979;979,7;979;1497,9;33,5;18,3;35,6;33,4;19,1;16,8;43;34;41;56;2,3;1,4;
2022/12/07;2100 UTC;0;978,9;979,1;978,9;614,2;32,3;20,9;33,6;32,3;20,9;17,9;51;40;51;44;2,3;,5;
2022/12/07;2200 UTC;0;979,1;979,1;978,9;15,8;28,5;23,3;32,3;28,5;24,2;20,7;76;51;73;292;1,1;,9;
2022/12/07;2300 UTC;;;;;;;;;;;;;;;;;;
2022/12/08;0000 UTC;;;;;;;;;;;;;;;;;;
2022/12/08;0100 UTC;0;980,9;980,9;980,2;;25,8;21,5;26,4;25,8;23;21,4;82;75;77;224;2,1;1,5;
2022/12/08;0200 UTC;0;981;981,2;980,9;;24,9;22,2;26;24,8;22,9;21,1;87;75;85;205;2,1;,8;
2022/12/08;0300 UTC;0;980,8;981;980,8;;25,2;22,2;25,2;24,5;22,8;22,1;88;83;83;208;2;1,2;
2022/12/08;0400 UTC;0;980,1;980,9;980,1;;25,2;22,1;25,4;25,1;22,7;22;86;82;83;212;1,9;1,5;
2022/12/08;0500 UTC;0;979,7;980,1;979,7;;24,8;22,6;25,2;24,7;22,8;22,1;88;83;88;211;2,4;1,5;
2022/12/08;0600 UTC;0;979,2;979,7;979,2;;24,3;22,8;24,9;24,2;22,9;22,5;91;87;91;243;2,1;,2;
2022/12/08;0700 UTC;0;979,2;979,2;978,9;;23,9;22,6;24,3;23,7;22,8;22,2;93;91;93;218;2,2;1,3;
2022/12/08;0800 UTC;0;979,6;979,6;979,1;;23,5;22,2;24;23,5;22,7;22,2;93;92;92;198;2,2;,7;
2022/12/08;0900 UTC;0;980;980;979,5;9,1;23,6;22,5;23,6;23,1;22,5;21,9;94;92;93;148;1,8;,2;
2022/12/08;1000 UTC;0;980,6;980,6;980;369,4;26,3;23;26,4;23,4;24,6;22,3;93;82;82;125;1,6;,8;
2022/12/08;1100 UTC;0;980,9;980,9;980,6;1123,7;28,2;22,5;28,3;26,2;23,4;22,3;84;71;71;109;3,6;1,9;
2022/12/08;1200 UTC;0;981,3;981,3;980,9;1970,8;30;23;30,1;28,2;23,6;22,2;73;65;66;136;3,6;1,6;
2022/12/08;1300 UTC;0;981,4;981,6;981,3;2827;32;23;32,1;30;23,8;21,8;67;56;59;135;4,5;2,2;
2022/12/08;1400 UTC;0;980,9;981,5;980,9;3054,5;33,2;21,4;33,2;31,5;22,9;21,1;59;49;50;104;4,2;2;
2022/12/08;1500 UTC;0;980,5;980,9;980,3;3314,8;32,5;20,8;34,4;32,1;22,4;20,2;56;45;50;138;4,6;1,9;
2022/12/08;1600 UTC;0;979,6;980,5;979,6;1151;29,2;21,1;33,2;28,2;22,8;20,5;66;50;62;157;9,7;2,2;
2022/12/08;1700 UTC;0;979,1;979,7;978,9;1533,3;31,2;21,7;31,4;29,2;22,8;20,9;66;55;57;57;3,6;1,5;
2022/12/08;1800 UTC;,8;978,1;979,7;978,1;384,3;26,4;23,9;31,2;26,2;24,1;21,6;86;57;86;279;8,3;,8;
2022/12/08;1900 UTC;0;977,3;978,1;977,3;662,4;28,1;23,7;28,1;26,2;24,6;23,4;87;75;77;112;3;,8;
2022/12/08;2000 UTC;0;977,4;977,5;977,2;706,2;28,4;24,4;28,8;28,1;24,4;22,9;79;71;79;41;1,8;,7;
2022/12/08;2100 UTC;0;978;978;977,4;300,5;28,3;24,7;28,7;28,3;24,7;24,1;81;77;81;52;1,7;,4;
2022/12/08;2200 UTC;;;;;;;;;;;;;;;;;;
2022/12/08;2300 UTC;0;978,6;978,6;978,1;;26,2;24,3;27;26,2;24,3;23,9;89;84;89;347;2,3;,5;
2022/12/09;0000 UTC;0;979,5;979,5;978,6;;25,8;24,2;26,2;25,8;24,5;24,2;91;89;91;120;1,1;,3;
2022/12/09;0100 UTC;0;980,3;980,3;979,5;;25,6;24,1;25,9;25,4;24,5;23,9;92;91;91;232;2;,5;
2022/12/09;0200 UTC;0;980,1;980,3;980;;25,2;23,9;25,6;25,1;24,1;23,8;93;91;93;296;1,6;,6;
2022/12/09;0300 UTC;0;979,6;980,1;979,6;;25;23,7;25,2;24,8;23,9;23,5;93;92;93;82;1,6;,5;
2022/12/09;0400 UTC;0;979,2;979,6;979,2;;24,4;23,2;25;24,4;23,7;23,2;93;92;93;209;1,7;1;
2022/12/09;0500 UTC;0;978,9;979,2;978,9;;24,5;23,4;24,5;24,4;23,4;23,2;94;93;94;213;2,8;,7;
2022/12/09;0600 UTC;0;979,1;979,1;978,8;;24,3;23,3;24,5;24,1;23,4;23,1;94;94;94;323;1,9;1,2;
2022/12/09;0700 UTC;0;979,2;979,2;978,8;;24,2;23,2;24,3;24,1;23,3;23,1;94;94;94;169;2,2;,6;
2022/12/09;0800 UTC;0;979,3;979,4;979,1;;24,4;23,4;24,4;24,2;23,4;23,2;94;94;94;144;1,4;,9;
2022/12/09;0900 UTC;0;979,7;979,7;979,3;11,9;24,2;23,1;24,4;24,2;23,4;23,1;94;94;94;202;1,8;,3;
2022/12/09;1000 UTC;0;980,6;980,6;979,7;405,5;26,2;23,8;26,3;24,1;24,3;23;94;87;87;154;2,3;,6;
2022/12/09;1100 UTC;0;981,4;981,4;980,6;954,2;27,6;23,5;27,6;26,2;24,1;22,7;87;77;78;332;3,5;,8;
2022/12/09;1200 UTC;0;982;982;981,4;1502,6;27,8;23;28,4;27,3;23,7;22,3;78;70;75;37;2,8;1,3;
2022/12/09;1300 UTC;0;982;982,6;982;1384,1;28,2;22,6;28,7;27,4;23,7;22,6;78;71;72;40;4,2;2,3;
2022/12/09;1400 UTC;13,6;984,8;985,4;982;470,3;21,5;20,3;28,4;21,4;23,5;19,6;93;72;93;149;10,7;1,7;
2022/12/09;1500 UTC;34;984,9;985,1;984,3;80;20,9;20;21,5;20,9;20,4;20;95;93;95;2;6;3,6;
2022/12/09;1600 UTC;2,4;984,2;984,9;984,2;78,8;21,5;20,5;21,6;20,9;20,6;20;95;94;94;9;6;1,9;
2022/12/09;1700 UTC;5,8;982,5;984,2;982,5;203,6;22;20,8;22;21,5;20,8;20,4;94;93;93;12;5,4;1,8;
2022/12/09;1800 UTC;,6;980,5;982,5;980,5;450,5;22,4;20,5;22,4;22;20,9;20,3;93;88;89;9;3,9;1,7;
2022/12/09;1900 UTC;0;980,5;980,6;980,4;487,7;23;20,8;23,1;22,4;21,1;20,5;90;87;87;69;3,9;2,1;
2022/12/09;2000 UTC;0;980,8;980,8;980,3;372,6;23,3;20,7;23,4;22,9;21;20,2;88;83;85;351;3,9;,7;
2022/12/09;2100 UTC;0;981,3;981,4;980,8;208,1;23,5;21,1;23,6;23,3;21,3;20,7;88;84;86;327;1,4;,4;
2022/12/09;2200 UTC;0;981,9;981,9;981,2;15,7;23;21,3;23,5;23;21,4;21;91;86;91;182;2,4;1,4;
2022/12/09;2300 UTC;;;;;;;;;;;;;;;;;;
2022/12/10;0000 UTC;0;983,4;983,4;982,4;;22,7;20,9;22,9;22,7;21,2;20,9;90;89;89;83;2,4;1,1;
2022/12/10;0100 UTC;;;;;;;;;;;;;;;;;;
2022/12/10;0200 UTC;0;983,1;983,7;983,1;;22,1;21;22,6;22,1;21,2;21;93;92;93;213;3;2;
2022/12/10;0300 UTC;0;982,5;983,1;982,5;;22,2;20,9;22,3;22,1;21,1;20,8;93;91;92;230;3,7;1,8;
2022/12/10;0400 UTC;0;981,6;982,6;981,6;;21,9;20,7;22,3;21,9;20,9;20,7;93;92;93;228;3,2;1,8;
2022/12/10;0500 UTC;0;982,3;982,3;981,6;;21,9;20,8;22;21,7;20,8;20,6;94;93;94;125;2,6;1;
2022/12/10;0600 UTC;0;982,2;982,4;982,2;;22;20,8;22,1;21,9;20,9;20,8;94;93;93;118;3,3;1,6;
2022/12/10;0700 UTC;0;982,1;982,2;981,9;;22;20,8;22;22;20,8;20,8;93;93;93;130;3,3;,9;
2022/12/10;0800 UTC;0;982,9;982,9;982,1;;21,9;20,8;22,1;21,9;20,8;20,7;93;93;93;44;2,3;,8;
2022/12/10;0900 UTC;0;983,5;983,5;982,9;9,4;21,6;20,6;22;21,5;20,8;20,5;94;93;94;332;2,4;1,3;
2022/12/10;1000 UTC;0;984,2;984,2;983,5;413,2;23,1;21,4;23,1;21,6;21,7;20,6;94;90;90;74;2,4;,9;
2022/12/10;1100 UTC;0;984,4;984,4;984,2;1347,4;25,3;21,5;25,4;23,1;22;20,9;90;80;80;145;3;1,6;
2022/12/10;1200 UTC;0;984,5;984,6;984,3;2064,3;26,8;21,2;26,8;25,1;21,8;20,5;81;71;72;127;3,3;1,7;
2022/12/10;1300 UTC;0;984,9;984,9;984,4;2666,2;27,2;20,9;27,6;26,6;22,3;20,3;74;67;69;117;3,6;2,1;
2022/12/10;1400 UTC;0;984,6;985;984,6;3046;27,7;21,7;28,5;27;22,3;20,9;72;67;70;100;4,2;1,3;
2022/12/10;1500 UTC;0;983,9;984,6;983,9;3210,7;29,7;20,9;30,3;27,7;22,6;20,9;70;59;59;205;3,9;1,6;
2022/12/10;1600 UTC;0;983,5;983,9;983,5;3016,7;30,2;21,3;31;29,3;23,2;20,6;65;56;59;196;4,8;1,2;
2022/12/10;1700 UTC;0;982,9;983,6;982,9;2708,7;30,3;20,7;31,8;30;22,5;20,4;61;52;56;130;3,8;1,1;
2022/12/10;1800 UTC;0;982,2;982,9;982,2;1550;31,2;21;31,5;30,3;22,1;20,7;61;55;55;121;3,6;,4;
2022/12/10;1900 UTC;0;981,2;982,2;981,2;1332,2;30,5;21,3;31,6;30,1;22;20,6;61;53;58;101;2,2;,8;
2022/12/10;2000 UTC;0;980,8;981,2;980,7;977,6;29,9;22,1;31;29,8;22,8;21;67;57;63;72;2,3;,9;
2022/12/10;2100 UTC;0;981;981;980,8;387,1;29,1;22,8;30,8;29,1;23,4;21,9;71;60;69;36;1,6;,5;
2022/12/10;2200 UTC;;;;;;;;;;;;;;;;;;
2022/12/10;2300 UTC;;;;;;;;;;;;;;;;;;
2022/12/11;0000 UTC;0;982,5;982,6;981,9;;25,3;23,5;25,7;25,1;23,7;22,9;90;86;90;166;1;,4;
2022/12/11;0100 UTC;;;;;;;;;;;;;;;;;;
2022/12/11;0200 UTC;0;983,9;983,9;983,4;;24,4;23;25,1;24,4;23,4;22,8;92;90;92;212;1;,6;
2022/12/11;0300 UTC;0;983,4;984;983,4;;24,3;23;24,4;24,2;23,1;22,9;93;92;93;213;1,8;1,2;
2022/12/11;0400 UTC;0;982,7;983,4;982,7;;24,3;22,8;24,6;24,3;23,3;22,8;93;91;92;223;2,1;,8;
2022/12/11;0500 UTC;0;982;982,7;982;;24,1;22,8;24,5;24,1;23,1;22,7;93;92;93;89;2,7;,3;
2022/12/11;0600 UTC;0;982;982,1;982;;23,7;22,6;24,2;23,7;22,9;22,6;93;93;93;71;1;,5;
2022/12/11;0700 UTC;0;981,9;982,1;981,9;;24;22,8;24;23,7;22,9;22,6;94;93;93;74;1,5;,5;
2022/12/11;0800 UTC;0;982,3;982,3;981,9;;23,5;22,3;24;23,5;22,8;22,3;93;93;93;288;1,1;,4;
2022/12/11;0900 UTC;0;983,2;983,2;982,3;7,6;23,1;22,1;23,5;23;22,4;21,9;94;93;94;257;1;,6;
2022/12/11;1000 UTC;0;984;984;983,2;306,3;24,7;23,1;24,7;23,1;23,2;22,1;94;91;91;174;1,8;,9;
2022/12/11;1100 UTC;0;984,5;984,5;984;750;26,7;23,2;26,7;24,7;23,6;23;91;81;81;165;2,2;1,1;
2022/12/11;1200 UTC;0;984,8;984,8;984,5;1139,3;27,9;23,4;28,1;26,7;24;23;82;75;77;125;3;1,7;
2022/12/11;1300 UTC;0;984,6;984,9;984,6;1433;28,8;23;29,1;27,7;23,9;22,7;77;69;71;66;3,4;1;
2022/12/11;1400 UTC;0;983,9;984,6;983,9;2372;30,7;22,9;30,7;28,8;23,8;21,8;72;60;63;87;4;1,8;
2022/12/11;1500 UTC;0;983,2;983,9;983,1;3680;31,9;22,9;32,7;30,5;23,5;21,5;64;54;59;114;4;1,5;
2022/12/11;1600 UTC;0;982,2;983,2;982,2;3827,7;33,2;20,8;33,6;31,7;22,9;20,7;59;48;48;143;4;1,5;
2022/12/11;1700 UTC;0;981;982,2;981;3095,3;33,7;21,3;34,1;32,3;21,8;19,1;52;43;48;71;4;1,9;
2022/12/11;1800 UTC;0;980,2;981;980,2;2235;34,6;19,2;34,6;32,5;21,9;19;53;40;40;77;3,5;1;
2022/12/11;1900 UTC;0;979,5;980,2;979,5;1491,1;30,2;21,7;34,6;30,1;21,8;19,3;61;40;61;83;6,7;2,5;
2022/12/11;2000 UTC;0;978,8;979,5;978,8;656,8;29,6;20,1;30,2;29,4;22,1;19,1;63;53;57;99;6,7;,4;
2022/12/11;2100 UTC;0;979,1;979,2;978,8;265,6;28,6;21,3;29,6;28,4;21,5;19;66;53;65;115;3;,5;
2022/12/11;2200 UTC;0;980,6;980,6;979,1;19,1;26,7;22,1;28,6;26,7;22,7;20,6;78;63;76;207;1,7;,4;
2022/12/11;2300 UTC;;;;;;;;;;;;;;;;;;
2022/12/12;0000 UTC;0;981,5;981,8;981,4;;25,7;21,8;26,4;25,7;22,4;21,7;82;76;79;243;4,7;1,9;
2022/12/12;0100 UTC;0;981,9;981,9;981,5;;24,4;22,1;25,7;24,4;22,4;21,8;87;79;87;311;3,5;,5;
2022/12/12;0200 UTC;0;982;982;981,8;;24,3;22,2;24,8;24,3;22,6;22,1;88;86;88;204;2,2;1,2;
2022/12/12;0300 UTC;0;981,4;982;981,4;;24;22,1;24,3;24;22,3;22;89;88;89;198;2,5;1,1;
2022/12/12;0400 UTC;0;981,3;981,5;981,2;;23,7;22,2;24,1;23,6;22,2;21,9;91;88;91;251;2,2;,4;
2022/12/12;0500 UTC;0;981;981,3;980,9;;23,7;21,5;23,8;23,2;22,2;21,5;92;87;87;239;3,8;2,1;
2022/12/12;0600 UTC;0;980,3;981;980,3;;23,3;21,2;23,8;23,2;21,5;21,1;88;87;88;207;3,5;1,3;
2022/12/12;0700 UTC;0;980,6;980,6;980,3;;22,9;21,4;23,3;22,8;21,5;21,1;92;88;91;161;2,6;,7;
2022/12/12;0800 UTC;0;980,8;980,9;980,6;;22,9;21,7;22,9;22,5;21,7;21,2;93;91;93;202;1,5;1;
2022/12/12;0900 UTC;0;982,6;982,6;980,8;3,1;23,6;22,2;23,6;22,6;22,2;21,3;93;92;92;20;5,7;1,7;
2022/12/12;1000 UTC;0;983,3;983,3;982,5;191,9;23,5;20,9;24,1;23,5;22,3;20,9;92;85;86;48;6;2,4;
2022/12/12;1100 UTC;0;983,8;983,8;983,2;319,8;23,4;20,9;23,5;23,1;20,9;20,5;86;85;86;30;4,5;1,6;
2022/12/12;1200 UTC;0;983,9;983,9;983,5;459,9;23,8;20,9;23,9;23,4;21;20,6;86;83;84;1;2,9;1,6;
2022/12/12;1300 UTC;0;984,1;984,1;983,9;645;24,5;21,3;24,5;23,7;21,4;20,6;84;81;82;25;4,3;2,3;
2022/12/12;1400 UTC;0;984;984,3;983,9;1125,6;25,3;21,2;25,3;24,3;21,6;20,7;82;78;78;106;4,3;1;
2022/12/12;1500 UTC;0;983,6;984;983,6;1486,4;26,9;21;27,2;25,2;21,5;20,5;78;69;70;168;2,5;,9;
2022/12/12;1600 UTC;0;982,3;983,7;982,3;1984;28,3;20,4;29,1;26,8;21,8;20,3;71;61;62;3;2,5;1;
2022/12/12;1700 UTC;0;980,7;982,3;980,7;2448,4;29,4;20,7;29,8;27,9;21,9;20,3;69;58;60;56;4;2;
2022/12/12;1800 UTC;0;979,7;980,7;979,7;2914,6;30,4;21,5;30,5;29,2;22,1;19,8;62;54;59;17;4,5;1,8;
2022/12/12;1900 UTC;0;979;979,8;979;1884,2;30,2;21,4;31,5;30,2;22;20,8;61;55;59;54;4,4;1,5;
2022/12/12;2000 UTC;0;978,8;979;978,7;1289,3;30,7;21,2;30,8;30,2;22,1;20,7;61;55;57;57;3,4;1,9;
2022/12/12;2100 UTC;0;979,1;979,2;978,7;556,6;29,2;22,2;30,8;29,2;22,4;20,8;66;56;66;39;3,6;1,3;
2022/12/12;2200 UTC;0;979,6;979,6;979,1;17,9;27,3;22,5;29,2;27,2;22,7;21,9;76;65;75;336;2,3;1;
2022/12/12;2300 UTC;0;980,6;980,6;979,6;;26,4;22,7;27,3;26;22,9;22,4;81;75;80;3;2,3;,8;
2022/12/13;0000 UTC;;;;;;;;;;;;;;;;;;
2022/12/13;0100 UTC;0;981,6;981,6;981,4;;24,3;22,5;25,7;24,3;22,6;22,3;89;82;89;80;2,1;,4;
2022/12/13;0200 UTC;;;;;;;;;;;;;;;;;;
2022/12/13;0300 UTC;0;981,7;981,8;981,6;;23,5;22,2;23,9;23,3;22,5;22;93;92;93;191;1,1;,5;
2022/12/13;0400 UTC;0;981,8;982,2;981,7;;23,2;21,9;23,7;23,2;22,4;21,9;93;92;93;357;2,3;,4;
2022/12/13;0500 UTC;0;981,7;981,8;981,4;;23,5;22,4;23,5;22,8;22,4;21,7;94;93;94;240;4,3;2,2;
2022/12/13;0600 UTC;0;981,2;981,7;981,2;;23,7;22,1;23,8;23,5;22,5;22,1;94;91;91;209;4,3;1,3;
2022/12/13;0700 UTC;0;981,2;981,4;981,2;;23,2;22;23,7;23;22,1;21,7;93;91;93;262;3,1;1,3;
2022/12/13;0800 UTC;0;981,3;981,3;981;;22,5;21,4;23,3;22,4;22,1;21,2;93;92;93;324;2,3;,8;
2022/12/13;0900 UTC;0;981,5;981,5;981,1;11,2;22,3;21,2;22,5;22,2;21,4;21,1;94;93;94;310;1,7;1;
2022/12/13;1000 UTC;0;982,4;982,4;981,5;286,4;23,7;21,4;23,9;22,3;21,9;21,3;94;87;87;315;2,3;1,1;
2022/12/13;1100 UTC;0;983,1;983,1;982,4;646,8;24,8;21,9;24,8;23,7;22;21,2;87;82;84;350;2,3;1,2;
2022/12/13;1200 UTC;0;983,3;983,5;983,1;1283;26,8;21,5;27,3;24,8;22,3;21,5;84;73;73;6;2,8;,8;
2022/12/13;1300 UTC;0;983;983,4;982,9;2911,7;29,7;22,2;30;26,7;22,9;21,2;74;64;64;291;3,7;1,6;
2022/12/13;1400 UTC;0;982,6;983;982,5;2815,2;29,8;22,4;30,5;29,2;23,4;21,8;69;61;65;40;4,3;1,7;
2022/12/13;1500 UTC;0;981,8;982,6;981,8;3183;32;21,9;32,4;29,8;23,4;21,4;65;54;55;262;3,7;1,2;
2022/12/13;1600 UTC;0;980,3;981,8;980,3;3494,8;32,9;22,2;33,3;31,8;22,4;20,8;56;49;53;287;7,1;2,4;
2022/12/13;1700 UTC;0;979,2;980,3;979,2;3087,8;32,8;20,2;34,5;32,4;22,2;19,8;54;44;48;255;6,6;2,2;
2022/12/13;1800 UTC;0;978,1;979,2;978,1;2359,1;34,2;21,3;34,4;32,5;22,1;20,1;53;45;47;242;6,6;2,3;
2022/12/13;1900 UTC;0;977,6;978,1;977,5;2536,1;35,1;20,5;35,1;33,7;21,7;18,7;49;40;43;248;5,9;1,8;
2022/12/13;2000 UTC;0;978;978;977,4;1657,5;32,7;20,5;35,2;32,7;21,3;19,6;50;41;49;267;5;2,1;
2022/12/13;2100 UTC;0;978;978,1;977,8;548,1;30,2;21,9;32,8;29,9;22,4;20,5;63;48;61;292;6,6;1,1;
2022/12/13;2200 UTC;0;979,4;979,4;978;72,3;27,8;21,5;30,2;27,6;22;20;69;59;69;359;3,6;1,8;
2022/12/13;2300 UTC;0;980;980;979,4;;25,8;21,7;27,8;25,7;22,1;21,6;78;69;78;353;4,4;2,4;
2022/12/14;0000 UTC;0;980,4;980,4;979,7;;25;22;25,8;25;22,1;21,7;84;78;83;210;4,7;,6;
2022/12/14;0100 UTC;;;;;;;;;;;;;;;;;;
2022/12/14;0200 UTC;;;;;;;;;;;;;;;;;;
2022/12/14;0300 UTC;0;981,3;981,8;981,3;;24,1;22,6;24,3;24;22,7;22,1;91;89;91;97;1,4;,5;
2022/12/14;0400 UTC;0;980,9;981,3;980,9;;23,7;22,3;24,1;23,6;22,6;22,2;92;90;92;10;3;1,9;
2022/12/14;0500 UTC;0;980,4;980,9;980,4;;23,4;22;23,8;23,3;22,3;21,8;92;90;92;257;3;1;
2022/12/14;0600 UTC;0;980,2;980,4;980;;23,4;22,1;23,6;23,4;22,1;21,9;92;91;92;105;2,2;,5;
2022/12/14;0700 UTC;1,2;980,3;980,6;980,2;;22,6;21,2;24,1;22,6;22,2;21,1;92;85;92;204;7,4;4;
2022/12/14;0800 UTC;7,6;981,3;981,3;980,2;;22,3;21,2;22,6;22,3;21,4;21;93;92;93;297;7,3;,6;
2022/12/14;0900 UTC;7,4;981,9;982;981,3;1;22,5;21,4;22,6;22,2;21,5;21,2;94;93;94;2;3,8;1,9;
2022/12/14;1000 UTC;4,4;982,2;982,3;981,9;81,9;22,9;21,9;22,9;22,4;21,9;21,4;94;93;94;315;3,4;,7;
2022/12/14;1100 UTC;,2;982,8;982,8;982,2;380,5;23,6;22,4;23,7;22,9;22,4;21,9;94;92;93;7;2,2;,8;
2022/12/14;1200 UTC;0;982,9;982,9;982,8;1116,2;25,2;22,3;25,2;23,6;22,7;21,8;93;84;84;342;2,8;1,5;
2022/12/14;1300 UTC;0;982,7;982,9;982,7;2218,8;27,4;22,5;27,9;25,2;23,4;22;84;74;75;218;3,8;1,8;
2022/12/14;1400 UTC;0;982,5;982,8;982,5;2750,5;28,6;22,2;29,3;27,4;23,4;21,3;77;66;68;311;3,8;1,8;
2022/12/14;1500 UTC;0;981,5;982,5;981,5;2979,9;30,2;22,8;30,4;28,4;23,9;22,1;72;64;65;305;6,6;3,1;
2022/12/14;1600 UTC;0;980,7;981,5;980,7;2332,5;28,7;22,8;30,3;28,5;23,5;22,2;72;63;70;286;8;3,4;
2022/12/14;1700 UTC;0;980;980,8;980;1620,8;26,3;22;28,8;24,8;23;21;82;68;78;15;11,2;3,7;
2022/12/14;1800 UTC;0;979,7;980;979,6;654,2;26,7;23,4;27;26,2;23,4;22,1;82;77;82;289;6,2;1,7;
2022/12/14;1900 UTC;2,2;979,5;979,8;979,4;122,9;25,1;23,3;26,7;24,7;23,4;21,5;90;80;89;257;8,3;1,5;
2022/12/14;2000 UTC;,2;979,9;979,9;979,5;311;25,6;23,7;25,6;25,1;23,8;23,3;91;88;89;39;3,2;1;
2022/12/14;2100 UTC;0;980;980,1;979,9;228,9;25,4;23,6;25,7;25,4;23,8;23,4;90;88;90;40;1,9;1,1;
2022/12/14;2200 UTC;0;980,7;980,7;980;11;24,9;23,6;25,4;24,9;23,7;23,5;92;90;92;357;1,9;,7;
2022/12/14;2300 UTC;;;;;;;;;;;;;;;;;;
2022/12/15;0000 UTC;;;;;;;;;;;;;;;;;;
2022/12/15;0100 UTC;,2;982,7;982,8;982,4;;23,9;22,4;24,1;23,9;22,5;22,1;92;89;91;357;2,1;1,2;
2022/12/15;0200 UTC;0;983,1;983,1;982,7;;24,2;22,9;24,3;23,9;23;22,4;93;91;93;351;3,1;1,6;
2022/12/15;0300 UTC;0;983;983,2;983;;23,9;22,6;24,2;23,9;23;22,6;93;93;93;352;3,1;1,4;
2022/12/15;0400 UTC;,8;982,3;983;982,3;;23,6;22,5;23,9;23,6;22,7;22,5;93;93;93;351;2,7;1,5;
2022/12/15;0500 UTC;,4;981,6;982,3;981,6;;23,4;22,4;23,6;23,4;22,5;22,4;94;93;94;344;2,5;1,2;
2022/12/15;0600 UTC;,2;981,3;981,6;981,3;;23,4;22,3;23,5;23,3;22,4;22,3;94;94;94;350;1,9;,7;
2022/12/15;0700 UTC;,2;981,2;981,4;981,2;;23,4;22,4;23,4;23,3;22,4;22,3;94;94;94;357;1,6;,5;
2022/12/15;0800 UTC;0;981,5;981,5;981,1;;23,4;22,4;23,5;23,3;22,5;22,3;94;94;94;38;1,1;,6;
2022/12/15;0900 UTC;,2;981,9;981,9;981,5;3,7;23,4;22,4;23,4;23,3;22,4;22,3;94;94;94;136;1,3;,5;
2022/12/15;1000 UTC;0;982,5;982,5;981,9;143,2;23,7;22,6;23,7;23,4;22,7;22,4;94;94;94;59;1,5;,8;
2022/12/15;1100 UTC;0;983,3;983,3;982,5;535;24,4;22,3;24,5;23,7;22,8;22,3;94;88;88;28;2,3;1,4;
2022/12/15;1200 UTC;0;983,7;983,7;983,3;973,1;25,3;22;25,4;24,4;22,7;22;89;82;82;47;2,4;,9;
2022/12/15;1300 UTC;0;983,9;983,9;983,7;1122,1;26,1;22,2;26,3;25,2;22,7;21,8;85;79;79;131;2,1;,7;
2022/12/15;1400 UTC;0;983,8;983,9;983,8;1291,9;27;22;27,4;26,1;22,8;21,3;79;70;74;172;1,9;,9;
2022/12/15;1500 UTC;0;983,4;983,8;983,4;1225,8;27,2;21,9;27,7;26,8;22,3;21,3;75;70;73;97;2;1;
2022/12/15;1600 UTC;0;982,6;983,4;982,6;1684,1;28;21;28;27,1;22,2;20,4;73;63;66;346;2,3;,9;
2022/12/15;1700 UTC;0;981,7;982,6;981,7;2048,9;29;20;29,1;27,9;21,2;18,9;67;55;58;302;2,3;1,2;
2022/12/15;1800 UTC;0;980,3;981,7;980,3;2890,9;30;19,4;30,5;28,8;21,5;19,4;64;53;53;328;3,1;,8;
2022/12/15;1900 UTC;0;979,3;980,3;979,3;2198,4;29,7;19,8;30,6;29,6;21,1;18,6;59;51;55;37;2,7;1,3;
2022/12/15;2000 UTC;0;979,2;979,3;979,1;972,3;29,3;19,7;29,9;29,3;20,6;19,5;59;54;56;105;2,7;,8;
2022/12/15;2100 UTC;0;979,9;979,9;979,2;313,6;27,1;21,8;29,5;27,1;22,3;19,6;73;56;73;354;5;2,5;
2022/12/15;2200 UTC;0;980,4;980,4;979,9;12,3;25,8;22,2;27,1;25,8;22,4;21,8;81;72;81;296;4;1,1;
2022/12/15;2300 UTC;0;980,6;980,6;980,4;;24,6;22,5;25,8;24,6;22,7;22,1;89;80;88;349;2,5;,7;
2022/12/16;0000 UTC;;;;;;;;;;;;;;;;;;
2022/12/16;0100 UTC;;;;;;;;;;;;;;;;;;
2022/12/16;0200 UTC;0;981;981,1;980,9;;24,7;23;24,9;24,6;23,3;23;92;90;90;88;1,6;,8;
2022/12/16;0300 UTC;0;981;981;981;;24,5;23;24,8;24,5;23,1;22,7;91;89;91;202;1,5;1;
2022/12/16;0400 UTC;0;980,2;981;980,2;;24,2;22,8;24,5;24,2;23;22,8;92;91;92;171;1,6;,6;
2022/12/16;0500 UTC;0;979,7;980,2;979,6;;24,1;22,9;24,2;24,1;22,9;22,7;93;92;93;57;1,1;,6;
2022/12/16;0600 UTC;0;979,4;979,7;979,3;;24,4;22,8;24,4;24,1;23;22,8;93;90;90;117;1,7;,8;
2022/12/16;0700 UTC;0;979,6;979,6;979,3;;24,2;22,7;24,5;24,2;22,8;22,6;91;89;91;40;1,7;1;
2022/12/16;0800 UTC;0;979,4;979,6;979,4;;24,1;22,5;24,3;24;22,8;22,5;92;91;91;34;2,4;1,5;
2022/12/16;0900 UTC;0;979,7;979,7;979,4;2,7;24,1;22,4;24,2;24,1;22,5;22,1;91;89;90;342;2,6;,3;
2022/12/16;1000 UTC;0;980,3;980,3;979,7;489,7;26;22,6;26;24;23;22,4;91;81;81;76;2,4;1,5;
2022/12/16;1100 UTC;0;980,9;980,9;980,3;880,4;26,3;22,5;26,4;25,7;22,9;22,1;83;80;80;22;3,2;2;
2022/12/16;1200 UTC;0;981,1;981,1;980,8;1716,8;28,2;22,3;28,3;26,2;23,2;22,2;81;70;70;19;4,5;2,2;
2022/12/16;1300 UTC;0;981;981,1;981;3467;30,1;21,7;30,5;28,1;22,9;21,5;71;59;61;358;5,3;2,4;
2022/12/16;1400 UTC;0;980,3;981,1;980,3;3423,3;31,3;21,4;31,5;29,8;22,7;20,9;63;54;56;344;5,6;2,8;
2022/12/16;1500 UTC;2,6;979,8;980,4;979,6;1436,3;25,5;22,3;31,6;25,5;22,9;20,3;83;53;83;227;6,8;3,2;
2022/12/16;1600 UTC;,2;978,7;979,8;978,7;988,7;27,9;22;27,9;25,5;23,5;21,1;87;68;70;213;6,8;,8;
2022/12/16;1700 UTC;0;978,3;978,7;978,3;1708,8;28,9;22,2;29,5;27,9;23,1;21,7;74;64;67;212;3,9;2,1;
2022/12/16;1800 UTC;1,6;978,8;979;978,2;498,6;22,8;21,3;29,2;22,8;23,2;20,1;91;67;91;335;14,3;4;
2022/12/16;1900 UTC;3,6;979;979;978,7;100,7;22,8;21,5;23;22,7;21,7;20,9;92;89;92;244;8,5;1,9;
2022/12/16;2000 UTC;1,2;979,1;979,2;979;33,3;23,3;22,1;23,3;22,8;22,1;21,5;93;92;93;207;3,5;,9;
2022/12/16;2100 UTC;1,2;979,5;979,5;979,1;36,2;22,9;21,7;23,3;22,9;22,1;21,7;93;93;93;197;3,8;1,9;
2022/12/16;2200 UTC;,4;980;980;979,5;3,5;23,1;22;23,1;22,8;22;21,7;94;93;94;252;3;,4;
2022/12/16;2300 UTC;;;;;;;;;;;;;;;;;;
2022/12/17;0000 UTC;,2;982,1;982,1;981,2;;23;22;23;22,9;22;21,8;94;93;94;274;1,5;,4;
2022/12/17;0100 UTC;0;982,6;982,7;982,1;;23,1;22,1;23,2;23;22,1;22;94;94;94;230;1,1;,4;
2022/12/17;0200 UTC;;;;;;;;;;;;;;;;;;
2022/12/17;0300 UTC;0;981,7;982,4;981,7;;22,5;21,2;22,9;22,5;21,5;21,1;92;91;92;278;4,3;1,8;
2022/12/17;0400 UTC;,2;980,5;981,7;980,5;;22,2;20,9;22,5;22,2;21,2;20,9;93;92;92;259;4,3;1,2;
2022/12/17;0500 UTC;0;979,9;980,5;979,9;;22,1;21;22,3;22;21;20,8;94;92;94;330;2,1;,8;
2022/12/17;0600 UTC;0;979,3;979,9;979,3;;21,8;20,8;22,1;21,8;21;20,8;94;93;94;1;2,2;,9;
2022/12/17;0700 UTC;0;979,4;979,4;979,2;;21,9;20,9;21,9;21,8;20,9;20,8;94;94;94;302;1,5;,5;
2022/12/17;0800 UTC;0;979,6;979,6;979,3;;21,9;20,9;22;21,9;21;20,8;94;94;94;61;1,1;,7;
2022/12/17;0900 UTC;0;980,1;980,1;979,6;5,1;21,8;20,8;21,9;21,7;20,9;20,7;94;94;94;60;1,2;,8;
2022/12/17;1000 UTC;0;980,7;980,7;980,1;307,9;22,8;21,2;22,8;21,8;21,5;20,8;94;91;91;76;1,2;,7;
2022/12/17;1100 UTC;0;981;981;980,7;927,2;24,2;20,9;24,2;22,8;21,7;20,4;91;80;82;336;2,2;,6;
2022/12/17;1200 UTC;0;981,5;981,5;981;1258,5;25,7;20,9;25,8;24,1;21,3;20,4;82;74;75;71;2;,5;
2022/12/17;1300 UTC;0;981,9;981,9;981,5;1674,4;25,9;20,4;26,4;25,2;21,4;20,2;76;71;72;317;2,5;1;
2022/12/17;1400 UTC;0;981,6;981,9;981,6;2411,4;27;21;27,1;25,8;21,8;20,3;74;70;70;49;2,9;1,4;
2022/12/17;1500 UTC;0;981,2;981,6;981,2;2288,5;27,4;21,3;28,3;26,5;21,8;20,4;73;65;69;42;4,1;2,2;
2022/12/17;1600 UTC;0;980,5;981,2;980,5;2089,6;28;21,5;28,7;27,4;21,9;20,7;70;63;68;10;4,3;1,7;
2022/12/17;1700 UTC;0;978,9;980,5;978,9;2450,9;29,8;21,8;29,8;28;22,1;20,6;69;61;63;189;4,3;,8;
2022/12/17;1800 UTC;0;977,4;978,9;977,3;3381,6;30,3;20,9;30,8;29,6;22,3;19,7;64;52;57;350;3,5;1,8;
2022/12/17;1900 UTC;0;976,8;977,4;976,8;1877,2;30,6;20,2;31,5;29,5;21,5;20;61;53;54;309;3,9;1,2;
2022/12/17;2000 UTC;0;976,9;976,9;976,8;1514,6;29,8;20,8;31,4;29,8;21,1;19,6;59;51;58;353;4,2;1,6;
2022/12/17;2100 UTC;0;977,4;977,4;976,9;526,3;29,1;21,4;30;29,1;21,9;20,5;64;57;63;27;2,7;1,3;
2022/12/17;2200 UTC;0;978,6;978,6;977,4;49,6;26,8;22,6;29,1;26,8;22,9;21,2;78;63;78;345;2,2;1,2;
2022/12/17;2300 UTC;;;;;;;;;;;;;;;;;;
2022/12/18;0000 UTC;0;980,6;980,6;979,7;;26,2;22,7;26,3;25,6;23,1;22,3;85;80;81;13;1,9;1;
2022/12/18;0100 UTC;;;;;;;;;;;;;;;;;;
2022/12/18;0200 UTC;;;;;;;;;;;;;;;;;;
2022/12/18;0300 UTC;0;981,7;981,9;981,6;;25,2;21,5;26;25,2;22,3;21,5;82;79;80;1;6,4;3,4;
2022/12/18;0400 UTC;,4;981,3;981,7;981,3;;24;21,6;25,2;24;21,6;21,4;86;80;86;334;6,3;2,3;
2022/12/18;0500 UTC;2,2;979,5;981,3;979,5;;23,4;22,1;24;23,3;22,1;21,7;93;86;92;20;4,9;1,3;
2022/12/18;0600 UTC;0;979,6;979,7;979,4;;23,4;22;23,5;23,4;22,1;22;92;92;92;27;3,4;1,6;
2022/12/18;0700 UTC;0;980,1;980,1;979,6;;23,5;22,3;23,6;23,4;22,3;22;93;92;93;63;3,2;1;
2022/12/18;0800 UTC;0;980,8;980,8;980;;23,3;22;23,5;23,3;22,3;22;93;92;92;39;2,9;1,2;
2022/12/18;0900 UTC;0;981,9;981,9;980,8;1,5;23,1;22;23,3;23,1;22;21,8;93;92;93;207;2,7;1;
2022/12/18;1000 UTC;0;983;983;981,9;63;23,6;22,5;23,6;23,1;22,5;22;94;93;94;223;2,5;1,4;
2022/12/18;1100 UTC;0;983,5;983,5;983;348,5;24,3;22,4;24,3;23,6;22,7;22,4;94;89;89;170;4,2;1,4;
2022/12/18;1200 UTC;0;984;984;983,5;821,5;25,6;22;25,6;24,3;22,5;22;89;80;80;198;2,5;,6;
2022/12/18;1300 UTC;0;984,3;984,4;984;887,1;26,2;22,2;26,2;25,5;22,4;21,8;82;78;78;195;2,4;,8;
2022/12/18;1400 UTC;0;983,7;984,3;983,7;1948,4;27,4;21,9;27,5;26,1;22,5;21,1;79;70;72;276;3,1;1,4;
2022/12/18;1500 UTC;0;982,7;983,7;982,7;2535,5;27,9;21,8;28,6;27,1;22,4;20,9;73;65;69;240;4,2;2,4;
2022/12/18;1600 UTC;0;981,7;982,7;981,7;3419;30,1;20,8;30,1;27,8;22,5;20,1;73;56;58;201;4,7;,9;
2022/12/18;1700 UTC;0;980,5;981,7;980,5;2796,8;29,5;21,6;31,4;29,1;22,3;20,1;65;54;63;333;3,9;1,8;
2022/12/18;1800 UTC;0;979,5;980,5;979,5;2548,4;29,3;21,6;30,7;29,3;22,4;20,9;64;58;63;228;4,9;2,1;
2022/12/18;1900 UTC;0;978,2;979,5;978,2;1548,2;29,3;21,5;30;28,8;22,3;21,1;67;60;63;236;4,8;2,3;
2022/12/18;2000 UTC;0;977,6;978,2;977,6;620,4;27,7;22,3;29,3;27,7;22,3;21,3;72;62;72;253;4;1,5;
2022/12/18;2100 UTC;0;977,9;977,9;977,6;462,7;28,5;21,6;28,9;27,5;22,6;21,3;74;63;66;214;2,4;1,1;
2022/12/18;2200 UTC;0;979,3;979,3;977,9;70,6;26,3;23;28,5;26,3;23,1;21,7;82;66;82;284;1,7;,5;
2022/12/18;2300 UTC;0;980,6;980,6;979,3;;25,3;22,7;26,3;25,3;23,1;22,5;87;82;85;210;1,2;,7;
2022/12/19;0000 UTC;0;981,6;981,6;980,6;;24,9;23;25,3;24,9;23;22,5;89;85;89;188;1;,4;
2022/12/19;0100 UTC;0;982,4;982,4;981,6;;25,3;22,8;25,4;24,7;23,2;22,7;91;85;86;116;3,6;1,6;
2022/12/19;0200 UTC;0;982,8;982,8;982,4;;25,1;21,8;25,4;25,1;22,7;21,8;86;82;82;96;3,6;1;
2022/12/19;0300 UTC;0;982,3;982,8;982,3;;24,7;22;25,1;24,7;22,1;21,6;85;81;85;54;2,5;,3;
2022/12/19;0400 UTC;0;981,5;982,3;981,5;;24,3;22,2;24,8;24,2;22,3;21,7;88;83;88;168;1,3;,4;
2022/12/19;0500 UTC;0;981;981,5;981;;23,8;22,1;24,3;23,8;22,3;21,9;91;87;91;18;1,2;,4;
2022/12/19;0600 UTC;0;980,6;981;980,6;;23,8;22,3;23,9;23,7;22,4;22,1;92;91;92;237;,8;,3;
2022/12/19;0700 UTC;0;980,4;980,6;980,3;;23,7;22,3;23,9;23,6;22,5;22,2;92;92;92;287;1;,6;
2022/12/19;0800 UTC;0;981;981;980,4;;23,4;22,2;23,7;23,4;22,4;22,2;93;92;93;262;1;,6;
2022/12/19;0900 UTC;0;981,7;981,7;981;2,2;23,6;22,5;23,6;23,3;22,5;22,2;94;93;93;208;1,3;,5;
2022/12/19;1000 UTC;0;982,6;982,6;981,8;196;24,8;22,8;24,8;23,6;22,9;22,4;93;89;89;138;1,5;,3;
2022/12/19;1100 UTC;0;983,5;983,5;982,6;503,2;25,8;22,1;25,8;24,8;22,8;22;89;80;80;89;1,6;,9;
2022/12/19;1200 UTC;0;984,1;984,1;983,5;1399,4;27,1;21,8;27,2;25,7;22,4;21,8;82;73;73;70;2,8;1,2;
2022/12/19;1300 UTC;0;984,2;984,3;984,1;1055,5;27,5;22,1;27,7;27,1;22,4;21,5;74;70;73;35;2,8;1;
2022/12/19;1400 UTC;0;982,7;984,2;982,7;2123,3;29,3;22,5;29,3;27,5;23,4;21,6;74;67;67;136;3,1;1;
2022/12/19;1500 UTC;0;982;982,7;982;3583,1;31,1;21;31,6;29,3;23,1;20,4;68;54;55;4;4,2;1,9;
2022/12/19;1600 UTC;0;982,6;982,6;981,9;2910,4;28,5;20,1;31,6;28,5;21,6;18,6;60;48;60;349;11,7;3,3;
2022/12/19;1700 UTC;29,8;983,4;983,4;982,6;174,8;22,1;21,1;28,4;22;21,7;19,7;94;61;94;328;11,7;3,3;
2022/12/19;1800 UTC;27,8;983,4;983,7;983,4;44,9;22;21,2;22,2;21,8;21,2;20,9;95;94;95;322;6,4;1,4;
2022/12/19;1900 UTC;9,6;982,6;983,4;982,6;46,8;22,3;21,4;22,3;22;21,5;21,2;95;95;95;349;2,7;,3;
2022/12/19;2000 UTC;3,6;982;982,6;982;87;22,4;21,5;22,4;22,2;21,6;21,4;95;95;95;17;1,3;,5;
2022/12/19;2100 UTC;,4;981;982;981;98,3;22,6;21,8;22,7;22,4;21,9;21,5;95;95;95;122;3,1;1,6;
2022/12/19;2200 UTC;0;980,9;981,1;980,8;18,1;22,5;21,6;22,7;22,4;21,8;21,6;95;95;95;100;3,4;1,1;
2022/12/19;2300 UTC;;;;;;;;;;;;;;;;;;
2022/12/20;0000 UTC;0;982,5;982,5;981,5;;22,2;21,3;22,3;22,1;21,5;21,2;95;95;95;216;1,2;,6;
2022/12/20;0100 UTC;0;983,2;983,2;982,5;;22,3;21,4;22,3;22,1;21,4;21,3;95;95;95;237;2,5;1,3;
2022/12/20;0200 UTC;;;;;;;;;;;;;;;;;;
2022/12/20;0300 UTC;0;982,8;983,3;982,7;;22,3;21,4;22,3;22,1;21,5;21,3;95;95;95;84;2,8;1,4;
2022/12/20;0400 UTC;0;982,6;982,8;982,5;;22,2;21,3;22,3;22,1;21,4;21,3;95;95;95;211;2,9;,5;
2022/12/20;0500 UTC;0;981,8;982,6;981,8;;22;21,1;22,2;22;21,3;21,1;95;95;95;215;1,1;,6;
2022/12/20;0600 UTC;0;981,7;981,9;981,7;;22,1;21,2;22,1;21,8;21,2;20,9;95;95;95;56;1,9;1,1;
2022/12/20;0700 UTC;0;981,3;981,7;981,2;;22,1;21,2;22,2;22;21,4;21,2;95;95;95;276;1,9;,5;
2022/12/20;0800 UTC;0;982,1;982,1;981,3;;21,9;21,1;22,1;21,9;21,2;21;95;95;95;334;2;,9;
2022/12/20;0900 UTC;0;982,5;982,5;982,1;3,5;22;21,2;22;21,9;21,2;21;95;95;95;332;1,5;,6;
2022/12/20;1000 UTC;0;983,3;983,3;982,5;111,1;22,4;21,6;22,5;22;21,6;21,2;95;95;95;323;2,1;,9;
2022/12/20;1100 UTC;,4;984,1;984,1;983,3;294,5;23,1;22,1;23,1;22,5;22,1;21,6;95;94;94;259;2,2;1,2;
2022/12/20;1200 UTC;0;984,8;984,9;984,1;1404,6;24,8;22,2;24,8;23,1;23;22;94;85;86;259;4,7;1,4;
2022/12/20;1300 UTC;0;984,8;984,9;984,7;1856,4;26,2;22,1;26,2;24,8;22,4;21,5;86;77;78;274;4,3;1,9;
2022/12/20;1400 UTC;0;984,4;984,8;984,3;2348,9;27,1;21,7;27,5;26,2;22,5;21,4;78;71;72;278;5,3;2,3;
2022/12/20;1500 UTC;0;983,7;984,4;983,7;2759,4;27,9;21,6;28,7;27,1;22,5;21,2;74;65;69;242;5;1,8;
2022/12/20;1600 UTC;0;982,9;983,8;982,9;2924,7;29,6;21,9;29,9;27,9;22,8;21,4;72;62;64;302;4,4;1,6;
2022/12/20;1700 UTC;,8;981,8;982,9;981,8;1747;24,9;21,4;30,7;24,9;22,9;21,1;81;59;81;268;10,4;4,8;
2022/12/20;1800 UTC;8,2;981,8;982,2;981,6;305,1;23,6;22,1;24,9;23,2;22,7;21,1;91;81;91;331;10,4;1,7;
2022/12/20;1900 UTC;,4;979,7;981,8;979,7;602,2;24,4;21,9;24,4;23,3;22,2;21,7;91;86;86;153;3,2;,7;
2022/12/20;2000 UTC;0;980,5;980,5;979,6;683,5;25,3;22,9;25,3;24,4;22,9;22;88;85;87;243;2,2;,6;
2022/12/20;2100 UTC;0;981,1;981,1;980,5;208,6;25,2;23,3;25,7;25,1;23,8;22,7;90;86;89;35;1,5;,4;
2022/12/20;2200 UTC;2,4;982;982,3;981,1;16,7;22,2;19,9;25,2;22,1;23,7;19,8;92;82;87;342;10;3;
2022/12/20;2300 UTC;0;982,6;982,6;981,9;;22,6;21;22,7;22,2;21;20;91;86;91;130;5,1;,6;
2022/12/21;0000 UTC;0;983,6;983,6;982,6;;22,5;21,1;22,7;22,4;21,2;20,8;92;90;92;334;1,8;,8;
2022/12/21;0100 UTC;0;983,9;983,9;983,6;;22,5;21,2;22,7;22,4;21,4;21,1;93;92;92;336;1,7;1,1;
2022/12/21;0200 UTC;0;983,7;984;983,7;;22,7;21,4;22,8;22,5;21,5;21,2;93;92;93;317;2,5;1,3;
2022/12/21;0300 UTC;0;983,2;983,7;983,2;;22,8;21,6;22,9;22,7;21,6;21,5;93;92;93;344;2,8;1,3;
2022/12/21;0400 UTC;0;982,4;983,2;982,4;;22,9;21,8;23;22,8;21,9;21,6;93;93;93;335;2,4;,9;
2022/12/21;0500 UTC;0;982;982,4;982;;23;21,9;23;22,9;21,9;21,7;94;93;94;240;1,8;,7;
2022/12/21;0600 UTC;0;981,7;982;981,6;;22,9;21,5;23;22,9;21,9;21,5;94;92;92;276;1,6;,8;
2022/12/21;0700 UTC;0;981,2;981,7;981,2;;22,6;21,3;22,9;22,5;21,5;21,1;93;91;93;350;2;1;
2022/12/21;0800 UTC;0;981,3;981,3;981,2;;22,5;21,1;22,6;22,4;21,3;21,1;93;92;92;357;2;1,1;
2022/12/21;0900 UTC;0;981,8;981,8;981,3;5,2;22,3;21,1;22,5;22,3;21,2;21;93;92;93;339;2;,7;
2022/12/21;1000 UTC;0;982,3;982,3;981,8;233,5;23,4;22,1;23,4;22,3;22,1;21,1;93;93;93;31;2,8;1,3;
2022/12/21;1100 UTC;0;982,6;982,6;982,3;1136,2;24,9;21,8;25,1;23,3;22,4;21,4;93;82;83;324;3,4;1,3;
2022/12/21;1200 UTC;0;982,8;982,9;982,5;1688;26,1;21,9;26,1;24,7;22,4;21,5;84;78;78;4;3,2;,8;
2022/12/21;1300 UTC;0;982,8;982,9;982,8;1925,4;27,1;21,6;27,4;25,9;22,9;21,6;79;72;72;15;2,7;1;
2022/12/21;1400 UTC;0;982,6;982,9;982,6;2070,2;28,7;23;29,4;27;23;21,6;74;64;71;304;2,4;,9;
2022/12/21;1500 UTC;0;982,1;982,6;982,1;2879,8;29,9;22,6;29,9;28,2;23,4;21,3;72;62;65;325;5;2,2;
2022/12/21;1600 UTC;0;980,9;982,1;980,9;2143,1;29;22,3;30,1;29;23,5;21,7;69;63;67;334;5,2;2,1;
2022/12/21;1700 UTC;0;979,2;980,9;979,2;2307,1;30,2;22,6;30,5;28,5;23,3;21,6;72;62;64;327;4,5;1,8;
2022/12/21;1800 UTC;0;978;979,2;978;2544,4;31,4;20,7;31,8;29,8;23;20,2;66;51;53;286;7,6;3,2;
2022/12/21;1900 UTC;0;977,6;978;977,4;2197,6;30,6;20,7;31,8;30,4;21,3;19,9;57;50;56;306;7,6;2,5;
2022/12/21;2000 UTC;2,2;977,9;978,3;977,6;517,3;26,7;22,3;30,6;24,6;22,8;19,1;85;56;77;219;9;2,3;
2022/12/21;2100 UTC;0;978,5;978,5;977,8;520,3;26,9;22,2;27,9;26,7;22,9;21,5;77;71;75;288;3,9;1,8;
2022/12/21;2200 UTC;0;980,1;980,1;978,5;33,4;25,7;20,7;27,5;25,7;22,4;20,7;76;71;74;267;11;4,8;
2022/12/21;2300 UTC;0;981;981;980,1;;23,5;20,2;25,7;23,4;20,6;19,8;82;73;82;266;10,1;3,9;
2022/12/22;0000 UTC;;;;;;;;;;;;;;;;;;
2022/12/22;0100 UTC;;;;;;;;;;;;;;;;;;
2022/12/22;0200 UTC;1;982,3;982,6;982,3;;22,3;20,5;22,5;22,3;20,5;20,2;89;87;89;255;4,5;1,7;
2022/12/22;0300 UTC;,2;982,3;982,4;982,2;;22,4;21,1;22,4;22,2;21,1;20,4;93;89;93;343;2,8;,5;
2022/12/22;0400 UTC;,4;981,9;982,3;981,9;;22,4;21,3;22,4;22,2;21,3;21;93;93;93;1;2,2;1,1;
2022/12/22;0500 UTC;2,2;981,8;982;981,6;;22,5;21,4;22,7;22,4;21,6;21,3;94;93;94;143;2,5;,6;
2022/12/22;0600 UTC;,2;981,1;981,8;981,1;;22,4;21,4;22,5;22,4;21,5;21,4;94;94;94;1;1,2;,6;
2022/12/22;0700 UTC;0;980,3;981,1;980,3;;22,2;21,3;22,5;22,2;21,5;21,3;94;94;94;337;1,3;,6;
2022/12/22;0800 UTC;0;979,8;980,3;979,8;;22,3;21,3;22,3;22,1;21,4;21,2;95;94;95;88;1,6;,7;
2022/12/22;0900 UTC;0;980,3;980,3;979,8;3,5;22;21,1;22,3;22;21,4;21,1;95;94;95;302;1,6;,9;
2022/12/22;1000 UTC;0;981,3;981,3;980,3;403,6;23,2;22,1;23,2;22;22,1;21,1;95;94;94;291;2,7;1,3;
2022/12/22;1100 UTC;0;982,1;982,2;981,3;1138,7;24,2;21,1;24,6;23,2;22,3;21,1;94;82;83;301;5,5;2,5;
2022/12/22;1200 UTC;0;982,8;982,8;982,2;1180,9;25,4;21,6;25,4;24,2;21,7;21,1;84;78;79;291;5,5;1,7;
2022/12/22;1300 UTC;0;983,1;983,1;982,8;1450,3;26,1;21,5;26,1;25,3;22;21;79;75;76;300;4,4;2,2;
2022/12/22;1400 UTC;0;983;983,1;983;2027,7;26,6;20,8;26,7;25,8;21,9;20,8;77;71;71;294;5;2,1;
2022/12/22;1500 UTC;0;982,2;983;982,2;2498,4;28,3;21,9;28,3;26,6;22,1;20,7;74;67;68;272;5,6;2,3;
2022/12/22;1600 UTC;0;981,2;982,2;981,2;2094,9;27,8;21,7;28,4;27,3;22,3;21,1;73;67;69;271;7,5;4;
2022/12/22;1700 UTC;0;980;981,2;980;2711,6;29;22,3;29;27,8;22,6;21,3;70;65;67;266;7,5;4,2;
2022/12/22;1800 UTC;0;979,1;980;979,1;2536,9;28,4;22,1;29,9;28,2;22,6;21,4;70;62;69;308;9,9;3;
2022/12/22;1900 UTC;,2;978,9;979,2;978,8;818,8;28,2;22,1;28,4;27,5;22,6;21,6;73;67;70;270;7,7;2,3;
2022/12/22;2000 UTC;3,6;979,5;979,7;978,9;87,8;23,1;21,9;28,2;22,8;21,9;20,3;93;68;93;232;11,3;,9;
2022/12/22;2100 UTC;2,8;979,6;980;979,6;54,9;23,4;22,3;23,4;23,1;22,3;21,9;93;93;93;152;2,5;1,1;
2022/12/22;2200 UTC;,2;980,5;980,5;979,6;19,1;23,5;22,3;23,5;23,4;22,4;22,2;94;93;93;140;1,9;,6;
2022/12/22;2300 UTC;;;;;;;;;;;;;;;;;;
2022/12/23;0000 UTC;0;982,2;982,2;981,2;;23,5;22,5;23,6;23,3;22,5;22,2;94;94;94;277;1,1;,8;
2022/12/23;0100 UTC;0;982,7;982,7;982,2;;23,4;22,4;23,6;23,3;22,6;22,3;94;94;94;349;1,1;,4;
2022/12/23;0200 UTC;;;;;;23,2;;23,4;;;;;;;;;;
2022/12/23;0300 UTC;0;982,5;982,8;982,5;;23,3;22,2;23,3;23,2;22,4;22,2;94;94;94;65;2,4;,4;
2022/12/23;0400 UTC;0;982;982,5;982;;23,3;22,1;23,4;23,2;22,3;22,1;94;93;93;26;2,3;1,3;
2022/12/23;0500 UTC;0;981,7;982;981,7;;23,3;22,2;23,3;23,2;22,2;22;94;93;94;10;2,6;1,6;
2022/12/23;0600 UTC;0;981,5;981,9;981,5;;23,2;22,1;23,4;23,2;22,3;22,1;94;93;94;344;3,1;1,5;
2022/12/23;0700 UTC;,2;981;981,5;981;;22,9;21,8;23,2;22,9;22,1;21,8;94;93;93;351;2,5;1,4;
2022/12/23;0800 UTC;0;981,5;981,5;981;;22,7;21,5;22,9;22,7;21,8;21,5;93;93;93;346;2,9;1,6;
2022/12/23;0900 UTC;,2;981,8;981,8;981,5;4;22,5;21,3;22,7;22,4;21,5;21,3;94;93;93;358;3,5;1,9;
2022/12/23;1000 UTC;0;982,6;982,6;981,8;385,2;23,5;21,9;23,5;22,4;22,1;21,3;93;91;91;26;3,2;1,2;
2022/12/23;1100 UTC;0;983,4;983,4;982,6;623,9;24,2;21,5;24,3;23,5;22;21,3;91;85;85;311;3;,9;
2022/12/23;1200 UTC;0;984;984;983,4;930,9;25,4;22,3;25,4;24,2;22,3;21,4;86;82;83;305;3,4;1,3;
2022/12/23;1300 UTC;0;984;984,2;984;1627;26,5;22;27;25,4;23;21,7;83;74;76;308;6,4;2,7;
2022/12/23;1400 UTC;0;983,2;984;983,2;2253,2;27,7;22,8;28;25,5;23,6;21,9;84;72;75;325;8,4;2,6;
2022/12/23;1500 UTC;,4;982,4;983,2;982,4;2662,5;27,8;22,1;29;26,5;23,6;21,5;79;66;71;266;7,2;2,6;
2022/12/23;1600 UTC;7;981,5;982,4;981,5;2640,8;24,4;21,7;29,9;24,3;23;19,9;85;62;85;285;7,1;3;
2022/12/23;1700 UTC;2,2;980,4;981,5;980,4;2458,4;24,4;21,9;29,3;24,3;24,5;20,9;87;63;86;309;10,1;4;
2022/12/23;1800 UTC;0;979,8;980,4;979,8;1177,3;25,2;21,8;26,7;24,4;23,3;21,4;86;77;81;210;9,2;3;
2022/12/23;1900 UTC;0;980,3;980,4;979,5;469;24,2;21,8;25,3;24,2;22,2;21,6;87;81;87;289;7,5;2,2;
2022/12/23;2000 UTC;,2;980,2;980,5;980,2;273,9;24,5;22,4;24,7;24,2;22,4;21,9;88;86;88;295;4,6;1,3;
2022/12/23;2100 UTC;0;980;980,2;979,9;277;24,3;22,5;24,7;24,3;22,6;22,1;90;87;89;323;2,8;1,3;
2022/12/23;2200 UTC;0;980,6;980,6;980;28;23,9;22,3;24,3;23,9;22,5;22,2;91;89;91;314;2,5;,3;
2022/12/23;2300 UTC;0;981,4;981,4;980,6;;23,8;22,6;24;23,7;22,6;22,3;93;91;93;9;1,9;1,2;
2022/12/24;0000 UTC;,2;982,5;982,5;981,4;;23,9;22,6;24;23,8;22,7;22,5;93;92;93;139;2;1,3;
2022/12/24;0100 UTC;;;;;;;;;;;;;;;;;;
2022/12/24;0200 UTC;0;983;983,3;983;;23,6;22,6;23,8;23,6;22,7;22,5;94;94;94;323;1,5;,7;
2022/12/24;0300 UTC;0;982,5;983;982,5;;23,4;22,5;23,6;23,4;22,6;22,4;94;94;94;330;1,7;1;
2022/12/24;0400 UTC;0;981,7;982,5;981,7;;23,4;22,4;23,5;23,3;22,5;22,3;94;94;94;332;3,1;1,1;
2022/12/24;0500 UTC;0;981;981,7;981;;23,3;22,3;23,4;23,3;22,4;22,3;94;94;94;306;2,6;,7;
2022/12/24;0600 UTC;0;980,6;981;980,6;;23;22;23,3;23;22,3;22;94;94;94;343;1,5;,6;
2022/12/24;0700 UTC;0;980,7;980,7;980,4;;22,8;21,7;23,1;22,8;22;21,7;94;94;94;341;2,6;1,1;
2022/12/24;0800 UTC;0;981,3;981,3;980,7;;22,8;21,7;22,8;22,7;21,8;21,7;94;94;94;286;2,6;,3;
2022/12/24;0900 UTC;0;982;982;981,3;,8;22,9;21,9;22,9;22,8;21,9;21,7;94;94;94;346;,6;,2;
2022/12/24;1000 UTC;0;982,6;982,6;982;122,8;23,4;22,3;23,4;22,8;22,3;21,8;94;93;93;99;1,2;,7;
2022/12/24;1100 UTC;0;983,3;983,3;982,6;300;24;22,1;24;23,4;22,4;22,1;93;89;89;2;2,4;1,4;
2022/12/24;1200 UTC;,2;983,6;983,6;983,3;1489;26,3;21,8;26,3;24;22,5;21,3;90;75;76;336;2,6;,6;
2022/12/24;1300 UTC;0;983,8;983,9;983,6;991,5;24;21,5;26,7;23,9;22,3;21,1;86;74;86;121;5;2,7;
2022/12/24;1400 UTC;0;983,4;983,8;983,4;1022,2;24;21,9;24,2;23,5;21,9;20,9;88;85;88;119;6,7;3,6;
2022/12/24;1500 UTC;4,6;983,3;983,4;983,2;643,1;22,9;21,4;24,5;22,9;22;21,1;91;82;91;43;6,8;2,6;
2022/12/24;1600 UTC;20,4;983;983,3;983;217,7;22,3;21,4;22,9;22;21,8;21;94;91;94;53;6,2;2;
2022/12/24;1700 UTC;,8;982,2;983;982,2;1032,6;23,9;22,1;23,9;22,3;22,6;21,4;95;90;90;68;3,4;1,6;
2022/12/24;1800 UTC;0;981,3;982,2;981,3;1410,1;24,7;22,1;24,8;23,8;22,4;21,7;90;84;86;90;3,7;1,7;
2022/12/24;1900 UTC;0;980,5;981,3;980,5;1125,9;24,8;21,6;25,3;24,7;22,4;21,3;86;80;82;132;3,7;1,1;
2022/12/24;2000 UTC;,4;980,4;980,5;980,4;263,8;24,2;22,1;24,8;24,2;22,3;21,5;88;82;88;259;2,1;,9;
2022/12/24;2100 UTC;1,8;980,2;980,4;980,1;132,6;23,5;22,1;24,2;23,5;22,4;22,1;92;88;92;347;2,8;1,6;
2022/12/24;2200 UTC;,4;980,1;980,2;980,1;35,6;23,3;22;23,6;23,3;22,3;22;93;92;93;215;2,8;,2;
2022/12/24;2300 UTC;;;;;;;;;;;;;;;;;;
2022/12/25;0000 UTC;0;982;982;981,1;;23,3;22,3;23,4;23,2;22,3;22,2;94;94;94;137;1,2;,5;
2022/12/25;0100 UTC;0;982,7;982,7;982;;23;22;23,3;23;22,2;22;94;94;94;2;1,2;,8;
2022/12/25;0200 UTC;;;;;;;;;;;;;;;;;;
2022/12/25;0300 UTC;0;983,3;983,4;983,1;;23;22;23,1;23;22,1;21,9;94;94;94;257;,8;,4;
2022/12/25;0400 UTC;0;982,7;983,3;982,7;;23;22;23,1;23;22,2;22;94;94;94;320;1,3;,8;
2022/12/25;0500 UTC;0;982,1;982,7;982;;23;22,1;23,1;23;22,1;22;94;94;94;193;1,3;,5;
2022/12/25;0600 UTC;0;981,1;982,1;981,1;;23,1;22,1;23,2;23;22,2;22,1;94;94;94;77;1,5;,7;
2022/12/25;0700 UTC;0;981,1;981,2;981,1;;23;22,1;23,1;23;22,2;22;95;94;95;91;1,3;,6;
2022/12/25;0800 UTC;,2;981,6;981,6;981,1;;23,1;22,2;23,1;22,9;22,2;22;95;94;95;20;1,3;,7;
2022/12/25;0900 UTC;0;982,5;982,5;981,6;,1;22,7;21,7;23,1;22,7;22,2;21,7;95;94;94;338;6,3;1,9;
2022/12/25;1000 UTC;3;983,1;983,1;982,5;91,2;21,3;20,2;22,7;21,2;21,5;20,1;94;94;94;314;9,1;1,8;
2022/12/25;1100 UTC;,4;983,4;983,4;983,1;511,7;22;20,7;22;21,2;20,8;20,2;94;93;93;334;4,1;1,6;
2022/12/25;1200 UTC;0;983,3;983,4;983,3;976,6;23,4;21;23,4;22;21,2;20,6;93;86;86;309;3,5;1,2;
2022/12/25;1300 UTC;0;983,3;983,4;983,1;1968,4;26;20,9;26;23,4;21,5;20,5;87;73;73;331;3,1;,8;
2022/12/25;1400 UTC;0;982,8;983,3;982,7;2996,1;26,8;21,3;27,3;25,9;22,2;20,5;75;68;72;77;4,1;1,8;
2022/12/25;1500 UTC;0;982,1;982,8;982,1;3016,8;28,2;21,4;28,8;26,8;22,8;20,7;73;64;67;62;4,1;1,4;
2022/12/25;1600 UTC;0;981,4;982,1;981,4;2184,7;28,2;22,1;28,6;26,8;22,5;20,5;74;62;70;267;5,6;2,9;
2022/12/25;1700 UTC;0;980,1;981,4;980,1;3041,6;29;21,1;30,2;28;22,7;20,6;71;58;63;114;5;1,3;
2022/12/25;1800 UTC;0;979,1;980,1;979,1;3099,1;30;20,1;30,8;29;22,2;19,3;64;52;56;338;3,1;1,1;
2022/12/25;1900 UTC;0;978,7;979,1;978,6;1217,6;26,6;21,7;30,4;26,6;22;20,4;75;56;75;251;6,2;3,7;
2022/12/25;2000 UTC;0;978,6;978,7;978,4;815,6;28,7;21,9;29,3;26,5;23,1;21,6;75;65;67;270;5,8;1,7;
2022/12/25;2100 UTC;0;979;979;978,6;546,5;28,3;22,2;29,1;28,3;22,7;21,8;71;67;70;310;3,2;1,2;
2022/12/25;2200 UTC;0;980,2;980,2;979;62,3;26;22,1;28,3;26;22,6;21,7;81;69;79;279;2,8;1,1;
2022/12/25;2300 UTC;;;;;;;;;;;;;;;;;;
2022/12/26;0000 UTC;;;;;;;;;;;;;;;;;;
2022/12/26;0100 UTC;0;982,4;982,4;981,8;;24,8;21,6;25;24,6;22,3;21,3;87;80;82;262;2,5;1,5;
2022/12/26;0200 UTC;0;982,7;982,7;982,4;;24,8;22;24,9;24,5;22,1;21,6;86;82;84;258;3,8;1,7;
2022/12/26;0300 UTC;0;982,5;982,8;982,5;;23,8;22;24,8;23,8;22;21,9;90;84;90;233;4,3;2,3;
2022/12/26;0400 UTC;0;982,3;982,5;982,2;;23,3;21,7;23,8;23,3;22;21,6;91;90;91;229;5,1;1,5;
2022/12/26;0500 UTC;0;982,8;982,8;982,1;;23,2;21,6;23,3;23,2;21,7;21,4;91;89;91;337;5,4;2,5;
2022/12/26;0600 UTC;1,2;982,9;982,9;982,7;;23;21,8;23,3;22,9;21,8;21,4;93;89;93;340;5,4;1;
2022/12/26;0700 UTC;6;983,2;983,3;982,9;;21,8;20,8;23;21,7;21,8;20,4;94;90;94;2;6,9;1,9;
2022/12/26;0800 UTC;14,4;983,4;983,5;983,2;;21,7;20,8;21,8;21,6;20,9;20,7;95;94;95;34;5,9;1,2;
2022/12/26;0900 UTC;5,2;984;984;983,4;0;21,9;21;22,1;21,7;21,2;20,8;95;94;95;55;3,2;1,6;
2022/12/26;1000 UTC;1,4;984,5;984,5;984;69,4;22,1;21,2;22,2;21,9;21,2;21;95;94;94;52;3,1;1,3;
2022/12/26;1100 UTC;,4;984,7;984,7;984,5;375,1;22,7;21,3;22,7;22,2;21,4;21,2;94;92;92;49;3,5;1,7;
2022/12/26;1200 UTC;,2;985,3;985,3;984,7;772,3;23,5;21,5;23,5;22,6;21,7;21,2;92;89;89;28;3;1,4;
2022/12/26;1300 UTC;0;985,6;985,8;985,3;676,8;24,2;21,7;24,2;23,4;22,1;21,2;89;86;86;354;3,7;1,3;
2022/12/26;1400 UTC;1;985,2;985,7;985,2;688,7;24,1;22;24,7;23,8;22,1;21,4;88;84;88;356;3,9;1,9;
2022/12/26;1500 UTC;1,2;985;985,2;985;1291,9;24,5;22,5;25,3;24,1;22,6;21,7;89;83;89;9;5,3;2,2;
2022/12/26;1600 UTC;1;984,5;985;984,5;795,9;24,5;21,9;25,3;24,1;22,8;21,9;90;84;86;322;5,1;1,6;
2022/12/26;1700 UTC;0;983,5;984,5;983,5;1660,1;25,7;22,7;26;24,5;23,2;21,9;86;79;84;355;4,9;2,4;
2022/12/26;1800 UTC;,2;982,3;983,5;982,3;1177,7;26;22,2;26,1;25,5;22,9;21,9;85;78;80;347;4,6;1,3;
2022/12/26;1900 UTC;0;981;982,3;981;1107,7;26,2;21,7;26,5;25,8;22,6;21,5;81;75;76;22;3,6;1;
2022/12/26;2000 UTC;0;980,4;981;980,4;567,5;25,9;22;26,2;25,9;22,1;21,3;80;75;79;31;2,5;,9;
2022/12/26;2100 UTC;0;980,6;980,6;980,3;286,4;25,7;22,6;25,9;25,7;22,7;21,9;84;79;83;17;1,5;,5;
2022/12/26;2200 UTC;0;981,5;981,5;980,6;53,3;24,5;21,8;25,7;24,5;22,7;21,8;85;82;85;28;1,6;1,1;
2022/12/26;2300 UTC;0;982,4;982,4;981,5;;23,7;22,1;24,5;23,7;22,3;21,9;91;85;91;291;1,4;,4;
2022/12/27;0000 UTC;0;982,9;982,9;982,4;;23,5;22,1;23,7;23,5;22,2;21,8;92;90;92;225;1,4;1;
2022/12/27;0100 UTC;0;983,3;983,3;982,9;;23,7;22,5;23,7;23,5;22,5;22,1;93;92;93;260;1,3;,5;
2022/12/27;0200 UTC;0;983,7;983,7;983,3;;23,7;22,4;23,7;23,5;22,5;22,1;93;92;93;163;1,4;1;
2022/12/27;0300 UTC;0;983,3;983,9;983,3;;23,6;22,4;23,7;23,5;22,4;22,3;93;92;93;261;1,4;,7;
2022/12/27;0400 UTC;0;982,5;983,3;982,5;;23,5;22,4;23,6;23,5;22,5;22,3;94;93;94;196;1,5;,6;
2022/12/27;0500 UTC;0;982,3;982,5;982,3;;23,5;22,4;23,6;23,5;22,5;22,4;94;94;94;189;1,5;,9;
2022/12/27;0600 UTC;0;982;982,3;982;;23,5;22,4;23,6;23,4;22,5;22,4;94;94;94;200;1,8;1;
2022/12/27;0700 UTC;0;982,2;982,2;982;;23,4;22,4;23,5;23,4;22,5;22,4;94;94;94;184;1,5;,6;
2022/12/27;0800 UTC;0;982,3;982,3;982,1;;23,6;22,5;23,6;23,4;22,5;22,4;94;94;94;113;1,2;,7;
2022/12/27;0900 UTC;0;982,8;982,8;982,2;1,7;23,6;22,4;23,7;23,6;22,6;22,4;94;93;93;95;2,7;,9;
2022/12/27;1000 UTC;0;983,5;983,5;982,8;325,4;24,7;22,8;24,7;23,5;23;22,4;94;89;89;61;1,7;,6;
2022/12/27;1100 UTC;0;984;984;983,5;1006,8;25,5;22,1;25,6;24,7;23;21,9;89;81;82;114;2,3;1,3;
2022/12/27;1200 UTC;0;984,5;984,5;984;823,8;26;22,5;26;25,5;22,7;22,1;83;80;81;97;2,2;1,2;
2022/12/27;1300 UTC;0;985;985,1;984,5;1296,7;27,1;22,5;27,2;25,8;23,2;22,2;82;76;76;85;2,3;1;
2022/12/27;1400 UTC;0;985;985;984,9;1898,4;27,9;21,8;28;27;22,6;21;76;68;69;42;3,5;1,1;
2022/12/27;1500 UTC;0;984,3;985;984,3;2236,2;28,5;22;28,5;27,7;22,7;21,1;71;66;68;45;4;1,9;
2022/12/27;1600 UTC;0;983,3;984,3;983,3;2806,8;29,4;21,5;29,9;28,3;22,4;21,2;69;62;62;48;4,7;2,2;
2022/12/27;1700 UTC;0;982,4;983,3;982,4;3790,5;30,4;20,6;31;29,1;22,3;20,4;65;54;56;56;4,7;2,1;
2022/12/27;1800 UTC;0;981,1;982,4;981,1;2940,2;31,4;20,7;31,7;30,4;21,7;19,6;59;51;53;42;3,9;1,6;
2022/12/27;1900 UTC;3,8;981;981,1;980,5;841,2;25,5;22,3;31,4;25,5;23;19,6;83;50;83;109;6,8;2,2;
2022/12/27;2000 UTC;16,6;981,1;981,2;980,4;145,3;23;21,4;25,5;22,9;22,7;21,1;91;80;91;294;6,8;3;
2022/12/27;2100 UTC;3,8;980,8;981,1;980,7;107,2;24,3;23,1;24,4;23;23,2;21,4;93;91;93;202;5,4;1,5;
2022/12/27;2200 UTC;,6;981,5;981,5;980,8;49,9;24,4;23,1;24,5;24,3;23,2;22,9;93;92;92;173;2,8;1;
2022/12/27;2300 UTC;,2;982,6;982,6;981,5;;24,3;23,2;24,4;24,2;23,2;22,7;93;91;93;327;2,1;,4;
2022/12/28;0000 UTC;;;;;;;;;;;;;;;;;;
2022/12/28;0100 UTC;0;984,1;984,1;983,4;;24;22,9;24,2;24;23,1;22,9;94;93;94;227;2,1;,5;
2022/12/28;0200 UTC;0;984,3;984,4;984,1;;24,1;23;24,3;24;23,2;22,9;94;94;94;243;1,8;1,1;
2022/12/28;0300 UTC;0;983,7;984,3;983,7;;24;22,6;24,1;24;23,1;22,6;94;92;92;260;3;1,8;
2022/12/28;0400 UTC;0;982,8;983,7;982,8;;23,6;22,3;24;23,6;22,6;22,2;92;91;92;228;3;1;
2022/12/28;0500 UTC;0;982,5;982,8;982,4;;23,4;22,3;23,6;23,4;22,4;22,2;93;92;93;230;1,6;,8;
2022/12/28;0600 UTC;0;982,4;982,6;982,4;;23,2;22,1;23,4;23,2;22,3;22;94;93;94;284;1,9;,1;
2022/12/28;0700 UTC;0;982,2;982,5;982,2;;23,2;22,2;23,3;23,1;22,2;22,1;94;93;94;218;,9;,6;
2022/12/28;0800 UTC;0;982,8;982,8;982,2;;23,1;22,1;23,2;23;22,2;22;94;94;94;233;1,1;,7;
2022/12/28;0900 UTC;0;983,6;983,6;982,8;;23,3;22,4;23,3;23;22,4;22,1;95;94;95;58;1,3;,7;
2022/12/28;1000 UTC;1,6;984,6;984,6;983,6;20,8;22,2;20,3;23,5;22,2;22,5;20,3;95;89;89;334;9,8;3,4;
2022/12/28;1100 UTC;24,4;985,5;985,5;984,6;94,8;21;20,1;22,1;21;20,3;19,9;94;89;94;359;9,8;3,1;
2022/12/28;1200 UTC;8;986,2;986,2;985,5;310,9;21,6;20,4;21,7;21;20,5;20,1;95;92;93;1;5,2;2;
2022/12/28;1300 UTC;2,4;986,4;986,5;986,2;358,8;22,1;20,8;22,1;21,5;20,8;20,3;93;92;92;37;3,9;1,2;
2022/12/28;1400 UTC;0;985,9;986,5;985,9;686,4;23,4;21,1;23,4;22,1;21,4;20,8;93;87;87;104;3,4;1,1;
2022/12/28;1500 UTC;0;985,2;985,9;985,2;910,4;24,2;21,2;24,4;23,3;21,6;20,9;87;83;84;274;2;,9;
2022/12/28;1600 UTC;0;984,5;985,2;984,5;1104,2;24,9;22;24,9;24,2;22,1;21,3;85;82;84;333;4;2,2;
2022/12/28;1700 UTC;0;983,7;984,5;983,7;1789,4;26;21,6;26,1;24,8;22,2;21,2;84;76;77;354;6,4;2,4;
2022/12/28;1800 UTC;,6;983,2;983,7;983,1;1929,9;23,2;20,1;26,8;23,2;22,3;20,1;83;74;83;356;9,9;4,1;
2022/12/28;1900 UTC;,2;982,3;983,2;982,3;1310,6;24,7;21,8;24,7;22,7;21,9;20;89;82;84;334;9,9;1,8;
2022/12/28;2000 UTC;0;982,1;982,3;982;1524,4;25,2;20,9;26;24,8;21,8;20,6;84;74;77;344;4,3;2,1;
2022/12/28;2100 UTC;0;982,1;982,2;982;519,6;25,3;21,5;25,3;25,1;21,6;20,9;80;77;80;340;3,8;,8;
2022/12/28;2200 UTC;0;982,8;982,8;982;92,9;23,8;21,7;25,4;23,8;21,7;21,1;88;77;88;322;2,3;,9;
2022/12/28;2300 UTC;0;984;984;982,8;;23,4;21,7;23,8;23,4;21,9;21,5;90;88;90;340;1,7;,8;
2022/12/29;0000 UTC;;;;;;;;;;;;;;;;;;
2022/12/29;0100 UTC;0;984,6;984,7;984,2;;22,8;21,7;23;22,7;21,9;21,5;94;93;94;270;1,6;1;
2022/12/29;0200 UTC;0;985,3;985,3;984,6;;22,4;21,3;22,9;22,4;21,9;21,3;94;93;94;221;1,6;,6;
2022/12/29;0300 UTC;0;984,7;985,3;984,7;;22,5;21,6;22,7;22,4;21,7;21,3;94;94;94;284;1,9;1;
2022/12/29;0400 UTC;0;984,4;984,7;984,4;;22,4;21,4;22,8;22,3;21,8;21,4;94;94;94;231;1,9;,8;
2022/12/29;0500 UTC;0;984;984,4;984;;22,6;21,6;22,7;22,4;21,7;21,4;94;94;94;220;1,1;,6;
2022/12/29;0600 UTC;0;984;984,1;983,9;;22,6;21,6;22,7;22,6;21,7;21,6;94;94;94;176;1;,6;
2022/12/29;0700 UTC;0;984;984,1;983,9;;22,7;21,7;22,8;22,6;21,8;21,6;94;94;94;183;1,2;,5;
2022/12/29;0800 UTC;0;984,1;984,1;983,9;;22,7;21,7;22,7;22,6;21,8;21,6;94;94;94;237;1,1;,2;
2022/12/29;0900 UTC;0;984,8;984,8;984;3,2;22,7;21,8;22,7;22,5;21,8;21,6;94;94;94;116;1,1;,4;
2022/12/29;1000 UTC;0;985,2;985,2;984,8;163,4;23,4;22,4;23,4;22,6;22,4;21,7;95;94;94;7;1,1;,6;
2022/12/29;1100 UTC;0;985,7;985,7;985,2;434,9;24,3;21,8;24,3;23,4;22,6;21,7;94;86;86;333;2,1;,7;
2022/12/29;1200 UTC;0;986,3;986,3;985,7;1103,2;25,3;21,9;25,4;24,3;22,1;21,3;86;79;81;336;2,6;1,6;
2022/12/29;1300 UTC;0;986,5;986,6;986,3;1415,1;26,2;21,9;26,3;25,4;22,3;21,3;82;75;77;353;3,3;1,3;
2022/12/29;1400 UTC;0;985,9;986,5;985,9;1650,4;27,4;21,6;27,4;26;22,5;21,5;80;71;71;291;4,4;1,3;
2022/12/29;1500 UTC;0;985,2;985,9;985,2;3509,8;29,3;22,7;29,4;27,3;22,7;20,6;73;62;68;13;4,1;1,1;
2022/12/29;1600 UTC;0;984,3;985,2;984,3;2863,6;29,2;21,5;29,9;28,3;22,9;20,6;68;60;63;302;4,5;2;
2022/12/29;1700 UTC;,6;984,2;984,3;983,5;2424,2;23,3;20,9;30;23,3;22,4;20;86;60;86;21;12,6;5,8;
2022/12/29;1800 UTC;,6;983,2;984,2;983,2;1513,6;25;20,8;25,1;23,3;21,9;20,2;89;75;77;58;12,6;2,3;
2022/12/29;1900 UTC;0;982,5;983,2;982,5;608,4;24,4;20,3;25;24,1;20,7;19,6;80;75;78;3;5,4;,8;
2022/12/29;2000 UTC;0;981,7;982,5;981,7;462,7;24,7;20,5;24,9;24,4;20,8;19,6;79;74;77;134;1,8;,8;
2022/12/29;2100 UTC;0;981,8;981,8;981,5;246,5;24;21,2;24,7;24;21,2;20,3;84;77;84;226;2;,6;
2022/12/29;2200 UTC;0;982,4;982,4;981,8;28,9;23,1;21,2;24;23,1;21,4;21,1;90;84;90;315;1,8;,5;
2022/12/29;2300 UTC;;;;;;;;;;;;;;;;;;
2022/12/30;0000 UTC;;;;;;;;;;;;;;;;;;
2022/12/30;0100 UTC;;;;;;;;;;;;;;;;;;
2022/12/30;0200 UTC;0;983,3;983,4;983,2;;22,1;21;22,9;22,1;21,5;21;94;92;93;252;1,4;,5;
2022/12/30;0300 UTC;0;983,1;983,4;983,1;;22,1;21,1;22,4;22;21,4;20,9;94;93;94;279;1,7;,9;
2022/12/30;0400 UTC;0;982,8;983,1;982,7;;21,8;20,9;22,2;21,7;21,2;20,7;94;94;94;216;2,3;1,2;
2022/12/30;0500 UTC;0;982,8;982,9;982,7;;22;21,1;22,2;21,8;21,3;20,9;95;94;95;221;1,8;,4;
2022/12/30;0600 UTC;0;982,9;982,9;982,7;;22,2;21,3;22,3;21,9;21,4;21;95;95;95;209;1,4;,9;
2022/12/30;0700 UTC;0;982,8;982,9;982,7;;22,4;21,5;22,4;22,2;21,5;21,3;95;95;95;212;1,3;,8;
2022/12/30;0800 UTC;0;983,1;983,1;982,8;;22,2;21,3;22,4;22,1;21,5;21,2;95;94;95;51;2;,3;
2022/12/30;0900 UTC;0;983,7;983,8;983,2;2,8;22,2;21,3;22,3;22,1;21,4;21,1;95;94;95;9;1,6;1,2;
2022/12/30;1000 UTC;0;984,3;984,3;983,7;280;23,3;22,1;23,4;22,2;22,3;21,3;95;93;93;347;1,9;,6;
2022/12/30;1100 UTC;,2;984,7;984,7;984,3;351;24;22,3;24;23,3;22,3;21,9;93;90;90;61;1,8;1,1;
2022/12/30;1200 UTC;0;985,2;985,2;984,7;1946,1;26,9;22,5;26,9;24;23,2;21,8;90;75;77;42;3,3;1,8;
2022/12/30;1300 UTC;,6;985,6;985,7;985,2;1891,6;24,9;22,4;27,8;24,9;22,9;21,3;87;72;86;4;4,7;2,2;
2022/12/30;1400 UTC;,2;985,2;985,6;985,2;1274,4;26,5;22,1;26,8;24,8;23,1;21,9;88;76;77;25;3,6;1,4;
2022/12/30;1500 UTC;0;984,1;985,3;984,1;3062;28,6;22,8;28,6;26,5;23,1;22;78;70;71;27;5,2;3,2;
2022/12/30;1600 UTC;0;983,1;984,1;983,1;3996,4;30,7;22;30,9;28,6;23,1;21,3;71;58;60;322;5,6;2;
2022/12/30;1700 UTC;0;982,3;983,1;982,1;2939,9;30,5;23,2;31;29,1;23,2;21,6;66;59;65;316;6,2;3,2;
2022/12/30;1800 UTC;0;981,6;982,8;981,6;883,3;25,1;22,1;30,5;25;23,5;21,4;83;65;83;282;9,9;2,7;
2022/12/30;1900 UTC;0;981,3;981,6;980,9;760,5;26;22,8;26,1;25;23,1;21,8;84;81;82;211;5,9;2,2;
2022/12/30;2000 UTC;0;981,8;982,1;980,5;794,5;26,7;22,1;26,8;25,9;22,8;22;83;76;76;195;3,8;,9;
2022/12/30;2100 UTC;0;982,2;982,5;981,8;237,4;26,2;22,5;26,7;26,2;22,5;21,9;80;75;80;220;4,4;1,8;
2022/12/30;2200 UTC;0;981,7;982,4;981,7;51,4;25,3;23;26,2;25,3;23;22,3;87;80;87;265;3;1,5;
2022/12/30;2300 UTC;;;;;;;;;;;;;;;;;;
2022/12/31;0000 UTC;0;983,6;983,6;982,7;;24,2;22,9;24,7;24,2;23,2;22,9;93;91;93;256;2,4;1,1;
2022/12/31;0100 UTC;0;983,7;983,9;983,6;;23,7;22,6;24,2;23,7;23;22,5;93;93;93;213;2;1,2;
2022/12/31;0200 UTC;0;984;984,1;983,7;;23,7;22,7;23,8;23,6;22,8;22,5;94;93;94;182;2,2;,7;
2022/12/31;0300 UTC;0;983,4;984;983,4;;23,3;22,4;23,8;23,2;22,8;22,2;94;94;94;193;1,6;,8;
2022/12/31;0400 UTC;0;983,2;983,4;983,1;;23,4;22,4;23,4;23,1;22,4;22,2;94;94;94;62;2,4;,6;
2022/12/31;0500 UTC;0;982,6;983,2;982,6;;23,1;22,2;23,4;23,1;22,4;22,1;95;94;95;153;1,3;,8;
2022/12/31;0600 UTC;0;982,4;982,6;982,3;;22,9;22;23,1;22,9;22,2;22;95;94;95;181;2,8;1;
2022/12/31;0700 UTC;0;982,3;982,5;982,2;;22,7;21,8;23;22,7;22,1;21,8;95;95;95;238;2,4;,4;
2022/12/31;0800 UTC;0;982,9;982,9;982,3;;22,3;21,5;22,7;22,2;21,8;21,4;95;95;95;330;1,7;,6;
2022/12/31;0900 UTC;0;983,6;983,6;982,9;3,4;22,6;21,7;22,6;22,3;21,8;21,4;95;95;95;318;2,2;1;
2022/12/31;1000 UTC;0;984,4;984,4;983,6;134,5;22,9;22,1;22,9;22,5;22,1;21,7;95;95;95;278;2,7;,6;
2022/12/31;1100 UTC;0;985,1;985,1;984,4;718,9;24,1;23,1;24,1;22,9;23,3;22,1;95;94;95;289;2,2;,9;
2022/12/31;1200 UTC;0;985,9;985,9;985,1;2172,6;27;21,9;27,5;24,1;23,9;21,8;95;73;74;101;2,7;,6;
2022/12/31;1300 UTC;0;985,7;985,9;985,7;2662,7;29,1;22,7;29,2;26,8;23,3;22;76;67;68;190;3,3;1,4;
2022/12/31;1400 UTC;0;985;985,7;985;3606,2;30,5;23,2;30,5;29,1;23,3;21,9;69;60;65;191;5,1;1,8;
2022/12/31;1500 UTC;1,2;984,6;985;984,6;1079,9;26,2;22,7;31;26,2;23,1;22;81;61;81;189;6,3;3;
2022/12/31;1600 UTC;7,8;984,4;984,7;984,1;732,4;24,2;23;26,2;23,1;23,3;21,8;93;81;93;213;6,5;1,9;
2022/12/31;1700 UTC;0;983,6;984,4;983,6;2038,4;26,3;23,3;26,4;24,2;24,2;22,7;93;84;84;221;7,3;3,8;
2022/12/31;1800 UTC;0;982,4;983,6;982,4;1244,6;25,7;22;26,3;25,3;23,1;21,8;84;78;80;225;6,6;2;
2022/12/31;1900 UTC;0;981,7;982,4;981,7;1412;27,5;23,1;27,6;25,7;23,1;21,5;81;74;77;217;4,5;2;
2022/12/31;2000 UTC;0;981,7;981,7;981,5;1629,6;28,1;22,2;28,8;27,4;23,3;21,9;77;68;70;223;5,9;2,5;
2022/12/31;2100 UTC;0;981,4;981,7;981,3;460,7;26,7;23;28,2;26,7;23;21,9;80;69;80;232;4,6;1,4;
2022/12/31;2200 UTC;0;981,9;981,9;981,3;55,8;25,4;23;26,7;25,4;23,2;22,8;87;80;87;212;2,8;1,1;
2022/12/31;2300 UTC;0;982,5;982,7;981,9;;24,9;22,8;25,4;24,8;23,3;22,8;89;87;88;169;2,3;,9;
