REGIAO:;SE
UF:;RJ
ESTACAO:;RESENDE
CODIGO (WMO):;A609
LATITUDE:;-22,45138888
LONGITUDE:;-44,44499999
ALTITUDE:;438,83
DATA DE FUNDACAO:;29/09/06
Data;Hora UTC;PRECIPITAO TOTAL, HORRIO (mm);PRESSAO ATMOSFERICA AO NIVEL DA ESTACAO, HORARIA (mB);PRESSO ATMOSFERICA MAX.NA HORA ANT. (AUT) (mB);PRESSO ATMOSFERICA MIN. NA HORA ANT. (AUT) (mB);RADIACAO GLOBAL (Kj/m);TEMPERATURA DO AR - BULBO SECO, HORARIA (C);TEMPERATURA DO PONTO DE ORVALHO (C);TEMPERATURA MXIMA NA HORA ANT. (AUT) (C);TEMPERATURA MNIMA NA HORA ANT. (AUT) (C);TEMPERATURA ORVALHO MAX. NA HORA ANT. (AUT) (C);TEMPERATURA ORVALHO MIN. NA HORA ANT. (AUT) (C);UMIDADE REL. MAX. NA HORA ANT. (AUT) (%);UMIDADE REL. MIN. NA HORA ANT. (AUT) (%);UMIDADE RELATIVA DO AR, HORARIA (%);VENTO, DIREO HORARIA (gr) ( (gr));VENTO, RAJADA MAXIMA (m/s);VENTO, VELOCIDADE HORARIA (m/s);
2023/01/01;0000 UTC;0;966,2;966,2;965,5;;20,5;18,7;20,9;20,5;19,1;18,7;90;89;89;20;3,5;,9;
2023/01/01;0100 UTC;0;966,3;966,5;966,2;;20,5;18,8;20,6;20,3;18,8;18,6;90;89;90;120;3,4;1,2;
2023/01/01;0200 UTC;0;966,1;966,6;966;;20,2;18,5;20,6;20,2;18,8;18,5;90;89;90;47;2,7;1,5;
2023/01/01;0300 UTC;0;964,5;966,1;964,5;;20,3;18,6;20,3;20,1;18,6;18,3;90;90;90;114;4,2;3;
2023/01/01;0400 UTC;0;964;964,5;963,8;;20;18,3;20,5;20;18,8;18,3;90;90;90;173;5,5;1,8;
2023/01/01;0500 UTC;0;963,5;964;963,4;;19,9;18,4;20;19,6;18,4;18,1;91;90;91;28;3,7;2,2;
2023/01/01;0600 UTC;0;963,4;963,5;963,4;;19,9;18,4;20;19,7;18,5;18,2;91;91;91;37;3;1,1;
2023/01/01;0700 UTC;0;963,5;963,5;963,3;;20,1;18,5;20,1;19,8;18,5;18,3;91;91;91;99;1,9;,6;
2023/01/01;0800 UTC;0;963,6;963,6;963,4;;20;18,5;20,3;20;18,7;18,5;91;91;91;100;1,8;1,1;
2023/01/01;0900 UTC;0;964,6;964,6;963,6;38,4;19,9;18,4;20,1;19,9;18,5;18,3;91;91;91;170;1,8;,7;
2023/01/01;1000 UTC;0;965,2;965,2;964,6;419;21;19,1;21;19,8;19,2;18,2;91;89;89;139;2;1;
2023/01/01;1100 UTC;0;965,7;965,7;965,2;1471;22,9;18,6;23,1;21;20;18,1;89;77;77;163;2,9;1,1;
2023/01/01;1200 UTC;0;966,1;966,1;965,7;1553,8;24,6;18,4;24,6;22,5;18,8;17,4;77;69;69;217;2,8;,8;
2023/01/01;1300 UTC;0;965,8;966,1;965,8;2982,6;25;17,8;25,7;23,6;19,1;17,4;72;63;64;282;3,1;1;
2023/01/01;1400 UTC;,2;965,2;965,8;965,2;3371,5;26,6;18,5;27,6;25;19,4;17,5;66;59;61;260;3,8;1,8;
2023/01/01;1500 UTC;0;964,4;965,2;964,4;3821,7;28,1;17,5;28,7;26,4;19;16,8;62;50;53;42;3,8;1,3;
2023/01/01;1600 UTC;0;963,2;964,4;963,2;4113,1;30,3;17,6;30,9;28,1;19;17,1;56;46;47;9;5,5;1,5;
2023/01/01;1700 UTC;0;962,1;963,2;962,1;3654;30,2;17,8;31;29,3;19,2;16,8;52;44;47;20;4,1;1,8;
2023/01/01;1800 UTC;0;961,8;962,1;961,8;2358,3;29,5;18,6;32,5;29,5;20;17,4;52;43;52;25;5,2;1;
2023/01/01;1900 UTC;1,2;962,4;962,4;961,6;150,5;24,2;18,8;29,6;24,2;19,4;17,9;72;50;72;78;6;2,6;
2023/01/01;2000 UTC;9,2;962,6;962,6;962,1;229,3;23,2;19,3;24,2;21,6;20,5;18,1;88;72;79;274;4,8;2,5;
2023/01/01;2100 UTC;0;963,4;963,4;962,2;321,9;23,2;19,8;23,6;23,1;20,2;19;83;77;81;105;6,2;2,3;
2023/01/01;2200 UTC;,4;964,1;964,1;963,4;74,3;21,8;18,3;23,2;21,8;19,9;17,9;82;75;81;80;6,6;3;
2023/01/01;2300 UTC;,6;965;965,1;964,1;;21;19;21,8;21;19,2;18,4;88;81;88;344;6,2;1,1;
2023/01/02;0000 UTC;0;965,1;965,2;965;;21,4;19,3;21,6;21;19,4;19;88;87;88;110;4,2;2,6;
2023/01/02;0100 UTC;0;965,8;965,9;965,1;;21;18,7;21,4;21;19,3;18,7;88;86;87;103;5,8;1,9;
2023/01/02;0200 UTC;0;965;965,8;965;;20,6;18,4;21,1;20,6;18,7;18,4;88;86;88;89;3;1,9;
2023/01/02;0300 UTC;0;964,4;965;964,3;;19,9;18,2;20,6;19,9;18,4;18,2;90;88;90;86;5;3,3;
2023/01/02;0400 UTC;0;963,6;964,5;963,6;;19,6;17,9;19,9;19,6;18,2;17,9;90;90;90;117;5,2;1;
2023/01/02;0500 UTC;0;963;963,6;963;;19;17,5;19,6;19;17,9;17,4;91;90;91;337;1,9;,9;
2023/01/02;0600 UTC;0;962,8;963;962,6;;18,8;17,3;19,1;18,7;17,5;17,2;91;91;91;270;1,8;1;
2023/01/02;0700 UTC;0;963;963,1;962,6;;18,7;17,3;19;18,5;17,5;17;91;91;91;24;1,7;,5;
2023/01/02;0800 UTC;0;962,8;963,1;962,8;;18,4;16,9;18,7;18,3;17,2;16,7;91;91;91;360;2,1;,5;
2023/01/02;0900 UTC;0;963,2;963,2;962,8;113,8;18,4;16,9;19;18,3;17,5;16,7;91;90;91;24;2;1,1;
2023/01/02;1000 UTC;0;963,5;963,5;963,2;764,4;20,9;19;21,2;18,4;19,4;16,9;91;88;88;51;2;,7;
2023/01/02;1100 UTC;0;963,7;963,8;963,5;1336,5;22,1;18,1;22,8;20,8;19,4;17,5;89;76;78;121;3,9;1,9;
2023/01/02;1200 UTC;0;964;964;963,7;2055,9;23,4;17,6;24;22,1;18,9;17,1;78;68;70;82;3,9;1,6;
2023/01/02;1300 UTC;0;963,8;964,2;963,8;2940;25,6;18,6;25,6;23;18,8;17,1;72;63;65;93;3,7;1;
2023/01/02;1400 UTC;,2;962,9;963,8;962,9;3781;27;18,1;27,3;25,4;18,5;16,6;65;54;58;281;3,5;1,8;
2023/01/02;1500 UTC;0;961,8;962,9;961,8;4054,1;28,4;16,7;28,8;26,8;19,1;16,7;60;49;49;176;5,2;2,5;
2023/01/02;1600 UTC;0;960,9;961,8;960,9;4114,7;29,3;18;30,1;27,9;19,2;16,2;54;46;51;223;5,2;2,2;
2023/01/02;1700 UTC;0;959,4;960,9;959,4;3839,9;30,8;17,3;31,5;29;19,3;17,2;54;44;45;315;5,2;1,6;
2023/01/02;1800 UTC;0;958,9;959,4;958,8;2131,1;27,2;15,2;31,2;27,2;19,1;15;52;45;48;100;12,2;7,1;
2023/01/02;1900 UTC;0;958,1;958,9;958,1;2197,5;29,2;17;29,3;26,1;17,7;14,3;54;46;48;75;12,8;1,5;
2023/01/02;2000 UTC;0;958,3;958,4;957,9;1555,3;27,8;17,2;29,8;27,8;18,2;16,4;53;46;53;111;7,3;4,7;
2023/01/02;2100 UTC;0;958,8;958,8;958,3;281,7;25,3;17,9;27,7;25,3;17,9;16,6;63;53;63;75;7,8;1,9;
2023/01/02;2200 UTC;0;959,4;959,4;958,8;47,9;24,9;17;25,3;24,5;17,9;16,9;66;60;62;121;4,3;2,8;
2023/01/02;2300 UTC;0;960,4;960,4;959,4;;23,7;18;24,9;23,2;18,1;17;72;62;70;48;4,4;1,5;
2023/01/03;0000 UTC;0;961,5;961,5;960,4;;23,1;17,9;23,9;23,1;18,1;17,8;72;69;72;73;4,8;2,1;
2023/01/03;0100 UTC;0;961,7;961,8;961,5;;22,7;17,7;23,1;22,5;18,1;17,7;76;72;74;116;4,6;2,8;
2023/01/03;0200 UTC;0;961,8;961,9;961,7;;22;17,6;22,7;21,9;17,9;17,6;78;74;76;105;6,4;2,5;
2023/01/03;0300 UTC;0;961;961,8;961;;21,2;17,8;22,1;21,2;17,8;17,6;81;76;81;310;4,1;,2;
2023/01/03;0400 UTC;0;960,2;961;960,2;;20,4;18,1;21,2;20,2;18,1;17,7;87;81;87;282;1,4;,6;
2023/01/03;0500 UTC;0;959,2;960,2;959,2;;20;18;20,5;19,8;18,2;17,7;88;87;88;121;1,4;,4;
2023/01/03;0600 UTC;0;958,9;959,2;958,9;;19,7;17,6;20,3;19,5;18,2;17,4;89;87;88;293;2,2;,8;
2023/01/03;0700 UTC;0;959;959,2;958,9;;19;17,2;19,8;19;17,8;17,2;89;88;89;294;2,2;1,2;
2023/01/03;0800 UTC;0;959,2;959,2;958,9;;19,4;17,6;19,6;19;17,9;17,2;90;89;90;290;2;1;
2023/01/03;0900 UTC;0;959,9;959,9;959,2;54,7;19,4;17,6;19,4;19,1;17,7;17,4;90;89;90;315;1,7;,9;
2023/01/03;1000 UTC;0;960,8;960,8;959,8;425,1;21,5;18,5;21,7;19,4;19,2;17,6;90;83;83;169;2;1,1;
2023/01/03;1100 UTC;0;961,1;961,3;960,7;1354,6;23,3;18,7;23,7;21,5;19,5;18,3;83;74;75;7;2,9;1,5;
2023/01/03;1200 UTC;0;961,5;961,5;961;1706,5;24,9;18,7;25,1;23,2;19,3;17,7;76;67;68;67;3,1;1,4;
2023/01/03;1300 UTC;0;961,6;961,7;961,5;1532,8;25,6;18,4;25,7;24,6;19;17,8;69;63;64;27;3,1;,5;
2023/01/03;1400 UTC;0;961,2;961,6;961,2;1938,7;27;18,8;27,6;25,6;19,8;18;65;60;61;179;3;1,6;
2023/01/03;1500 UTC;0;960,4;961,2;960,4;1149,9;27;19;27,4;26,7;19,7;18,3;64;59;61;313;3,4;1,6;
2023/01/03;1600 UTC;0;959,2;960,4;959,2;2566;29,2;19;29,3;27;19,6;17,8;63;51;54;239;4,2;1,5;
2023/01/03;1700 UTC;0;958,6;959,3;958,6;3684,8;30,2;16,5;31,5;29,2;19,4;16,1;55;41;44;135;3,8;1,4;
2023/01/03;1800 UTC;0;957,8;958,7;957,8;1866,6;30,9;16,3;31,6;29,8;18,2;15,9;49;41;42;260;6,8;3,5;
2023/01/03;1900 UTC;0;957;957,8;956,9;1393,1;29,9;16,6;31,7;29,9;17,4;15,9;46;40;45;248;8,3;3,6;
2023/01/03;2000 UTC;0;957,2;957,3;957;535,5;28,1;18;29,9;28,1;18,1;16,8;54;45;54;349;5,1;2,1;
2023/01/03;2100 UTC;0;957;957,3;957;383,9;27,7;18,5;28,4;27,7;18,9;17,7;58;53;57;345;3,4;,6;
2023/01/03;2200 UTC;0;957,9;957,9;957;72,6;26,4;19,3;27,9;26,4;19,5;18,1;65;56;65;296;2,3;,6;
2023/01/03;2300 UTC;0;958,8;958,8;957,9;;24,9;19,8;26,4;24,5;20,1;19,3;75;65;74;26;2,1;,7;
2023/01/04;0000 UTC;0;959,5;959,5;958,8;;24,5;19,3;25,3;24,5;19,9;19,3;74;70;73;70;3,6;1,4;
2023/01/04;0100 UTC;0;960,2;960,2;959,5;;24,3;19,4;24,5;23,7;20;19,3;79;73;74;172;3,2;1,6;
2023/01/04;0200 UTC;0;960,1;960,4;960,1;;23,3;19,5;24,3;23,3;19,5;19,3;79;74;79;298;3,6;,5;
2023/01/04;0300 UTC;0;959,5;960,2;959,5;;23,1;19,7;23,4;23;19,8;19,5;81;79;81;103;3,3;1,8;
2023/01/04;0400 UTC;0;958,8;959,5;958,8;;22,6;19,5;23,1;22,5;19,7;19,4;83;81;83;138;4;1,1;
2023/01/04;0500 UTC;0;958,4;958,9;958,4;;22,3;19,4;22,7;22,2;19,5;19,3;84;82;84;243;2,3;1;
2023/01/04;0600 UTC;0;958;958,4;957,9;;21,7;19,8;22,3;21,7;19,9;19,4;89;84;89;334;2;1,2;
2023/01/04;0700 UTC;0;958,2;958,2;957,9;;21,9;19,9;21,9;21,6;19,9;19,7;89;88;88;13;2;1,4;
2023/01/04;0800 UTC;0;958,3;958,4;958,2;;21,8;19,7;22;21,6;19,9;19,6;89;88;88;157;2;,6;
2023/01/04;0900 UTC;0;958,7;958,7;958,3;25,1;22;20;22;21,7;20;19,6;88;88;88;106;2,1;1,2;
2023/01/04;1000 UTC;0;959,2;959,2;958,7;170,7;22,1;20,4;22,1;21,6;20,4;19,8;90;88;90;38;2,2;,6;
2023/01/04;1100 UTC;0;959,4;959,5;959,2;582,5;23,2;20,6;23,2;22,1;20,9;20,2;90;85;85;276;2,2;1,2;
2023/01/04;1200 UTC;0;959,6;959,6;959,4;872,6;24;20,3;24,1;23,1;21;20,2;86;79;79;248;3,4;,9;
2023/01/04;1300 UTC;0;959,6;959,6;959,4;725,5;24,6;20,8;24,6;24;21;20,3;82;79;79;284;2,4;1,3;
2023/01/04;1400 UTC;0;959,3;959,8;959,3;1186,2;26,2;20,4;26,2;24,2;21,5;19,7;82;68;71;234;2,7;1;
2023/01/04;1500 UTC;0;959,2;959,3;959,1;1410,9;26,6;20,6;27;26,2;20,8;19,7;71;66;70;276;2,9;1,4;
2023/01/04;1600 UTC;0;958,7;959,3;958,7;1064;26,5;21,5;26,6;25,3;21,9;20,2;77;69;74;327;3,5;,9;
2023/01/04;1700 UTC;0;957,9;958,7;957,9;1322,3;26,8;20,3;27,8;26,5;21,5;19,5;74;62;68;360;2,4;1,3;
2023/01/04;1800 UTC;0;957,8;957,9;957,6;578,3;25,9;21,7;26,8;25,9;22;20,5;78;68;78;310;3,5;2,3;
2023/01/04;1900 UTC;,4;957,4;957,8;957,3;675,8;25,3;21,3;26;25,2;22,2;21;82;77;79;285;5,1;1,4;
2023/01/04;2000 UTC;0;957,3;957,6;957,3;418,4;25,1;21,3;25,7;25,1;21,4;20,4;79;74;79;329;2,4;,9;
2023/01/04;2100 UTC;0;957,5;957,5;957,3;263,3;24,9;21,8;25,3;24,9;21,8;21;83;78;83;332;2,4;,9;
2023/01/04;2200 UTC;0;958;958;957,5;57,4;24,2;21,2;25,1;24,2;21,9;21;83;81;83;273;3,2;1,3;
2023/01/04;2300 UTC;0;958,7;958,7;958;;23,6;20,9;24,2;23,4;21,4;20,8;86;83;85;23;3,2;,9;
2023/01/05;0000 UTC;0;959,7;959,7;958,7;;23,8;21,2;23,9;23,6;21,2;20,9;86;85;85;95;2,8;1,3;
2023/01/05;0100 UTC;0;960;960;959,7;;23,8;21,3;23,9;23,2;21,5;20,9;88;85;86;86;3;1,9;
2023/01/05;0200 UTC;0;960;960,2;959,8;;23;20,6;23,8;23;21,3;20,5;86;85;86;99;5,5;3,1;
2023/01/05;0300 UTC;,4;959,7;960,1;959,6;;22,4;20,4;23;22,4;20,5;20,4;88;86;88;114;5,6;2,2;
2023/01/05;0400 UTC;,4;959,2;959,7;959,2;;22,3;20,5;22,4;22,2;20,5;20,3;89;88;89;39;3,5;,3;
2023/01/05;0500 UTC;0;958,7;959,2;958,7;;22,2;20,4;22,3;22,2;20,6;20,4;90;89;90;30;2,6;,9;
2023/01/05;0600 UTC;,4;958,6;958,7;958,5;;22;20,3;22,3;22;20,5;20,2;90;89;90;83;2,8;1,7;
2023/01/05;0700 UTC;,6;958,7;958,7;958,4;;21,9;20,3;22;21,8;20,3;20,2;91;90;91;74;3,4;1,4;
2023/01/05;0800 UTC;1,4;959,2;959,2;958,7;;21,8;20,3;21,9;21,8;20,3;20,2;91;91;91;145;2,8;1;
2023/01/05;0900 UTC;0;960;960;959,2;12,1;20,3;18,2;21,8;20,3;20,3;18,2;91;87;87;239;6,8;4,1;
2023/01/05;1000 UTC;0;960,8;960,8;959,9;122,7;20,4;17,7;20,4;20,2;18,1;17,6;87;84;84;230;8,7;4,5;
2023/01/05;1100 UTC;,2;961,1;961,1;960,8;324,9;20,2;17,7;20,4;20,1;17,9;17,6;87;84;86;242;7,9;5;
2023/01/05;1200 UTC;0;961,6;961,6;961,1;711,3;20,7;18;20,8;20,2;18,1;17,7;86;84;85;247;9;5,3;
2023/01/05;1300 UTC;,4;961,7;961,7;961,5;632,1;20,4;18,1;20,7;20,3;18,2;17,9;87;85;87;243;9;5,3;
2023/01/05;1400 UTC;1,2;961,8;961,9;961,7;779,6;21;18,7;21;20,3;18,7;18;87;86;87;254;7,9;3,9;
2023/01/05;1500 UTC;,6;961,6;961,8;961,6;1117,2;21,7;19;21,7;20,8;19,3;18,3;87;85;85;250;8,2;4,1;
2023/01/05;1600 UTC;,2;961,1;961,7;961,1;1266,5;22,4;19;22,5;21,7;19,4;18,6;85;80;81;248;8,1;3,6;
2023/01/05;1700 UTC;,6;960,8;961,2;960,7;1255,6;23,1;18,5;23,5;22,4;19,9;18,5;84;73;75;245;9,1;5,8;
2023/01/05;1800 UTC;3;960,8;961;960,8;515,8;21,2;19,1;23,1;21,2;19,2;18,2;88;74;88;237;9,4;3,8;
2023/01/05;1900 UTC;1,2;960,6;960,8;960,5;407,8;22;19,6;22;21,1;19,6;18,9;88;86;86;244;6;2,3;
2023/01/05;2000 UTC;0;960,6;960,7;960,5;397;21,4;19;22,2;21,4;19,7;19;86;84;86;258;9,4;5,7;
2023/01/05;2100 UTC;,2;961,3;961,3;960,6;145,5;21,1;18,8;21,4;21,1;19;18,8;88;86;87;234;9,4;2,7;
2023/01/05;2200 UTC;0;962,1;962,1;961,3;25,1;21,1;18,8;21,1;21;18,9;18,7;87;86;87;215;5,9;,3;
2023/01/05;2300 UTC;,2;962,8;962,8;962,1;;20,8;18,7;21,1;20,8;18,9;18,6;88;86;88;247;3,6;2,4;
2023/01/06;0000 UTC;,6;963,4;963,4;962,8;;20,7;19,1;20,8;20,6;19,1;18,7;90;88;90;263;3,6;1;
2023/01/06;0100 UTC;0;964;964;963,3;,2;20,6;18,6;20,8;20,5;19,1;18,6;91;88;88;251;4;2,1;
2023/01/06;0200 UTC;0;964,1;964,1;964;,9;20,5;18,1;20,7;20,5;18,6;18;88;86;86;254;4,9;2,7;
2023/01/06;0300 UTC;0;963,6;964,1;963,6;;20,2;17,8;20,5;20,2;18,1;17,7;87;86;86;249;4,8;3;
2023/01/06;0400 UTC;0;963,3;963,6;963,3;0;19,8;17,3;20,2;19,8;17,8;17,3;86;85;86;246;8,6;4,8;
2023/01/06;0500 UTC;,4;962,8;963,4;962,8;;19,2;17,4;19,8;19,2;17,4;17,3;89;86;89;240;8,7;4;
2023/01/06;0600 UTC;0;962,8;962,9;962,8;;19,5;17,4;19,5;19,2;17,5;17,4;89;88;88;245;6,7;3,8;
2023/01/06;0700 UTC;0;963;963;962,7;;19,5;17,4;19,6;19,5;17,4;17,3;88;87;87;246;6,5;3,9;
2023/01/06;0800 UTC;1;963,5;963,5;963;;19,3;17,4;19,5;19,3;17,4;17,3;89;87;89;242;6,1;3,6;
2023/01/06;0900 UTC;0;964,2;964,2;963,5;37,1;19,5;17,4;19,6;19,3;17,4;17,4;89;87;87;251;5,8;2,6;
2023/01/06;1000 UTC;1,4;964,8;964,8;964,2;152,9;19,5;17,5;19,7;19,5;17,6;17,4;88;87;88;260;5,7;1,7;
2023/01/06;1100 UTC;,4;965,4;965,4;964,8;450,6;19,9;17,9;20;19,5;18;17,5;89;88;88;258;4,7;2,4;
2023/01/06;1200 UTC;,2;965,8;965,8;965,4;706,1;20,5;18,1;20,5;19,9;18,3;17,8;88;85;86;241;4,3;2,6;
2023/01/06;1300 UTC;1;966,1;966,1;965,8;787,1;20,8;18,4;20,8;20,4;18,4;17,6;86;84;86;248;4,4;2,1;
2023/01/06;1400 UTC;,4;966;966,1;966;981,3;21,1;18,6;21,1;20,7;18,6;17,8;87;83;86;245;4,5;2;
2023/01/06;1500 UTC;1;965,7;966;965,7;991,9;20,9;18,6;21,3;20,7;19;18,1;87;84;86;261;3,5;1,7;
2023/01/06;1600 UTC;1;965,2;965,7;965,2;1228,1;21,8;19;21,9;20,9;19,6;18,5;88;84;84;320;2,7;,8;
2023/01/06;1700 UTC;,2;965;965,2;965;1058,8;21,7;18,8;22,3;21,2;19,2;18;85;81;83;25;3,4;1,4;
2023/01/06;1800 UTC;,6;964,8;965;964,8;953,1;21;18,8;22;20,9;19,4;18,2;88;82;87;40;3,9;2,3;
2023/01/06;1900 UTC;1,2;964,6;964,8;964,6;674,2;20,6;18,6;21,4;20,6;19,4;18,5;88;87;88;66;4,6;2,7;
2023/01/06;2000 UTC;,6;964,8;964,8;964,6;442,5;20,1;18,3;20,8;20,1;18,9;18,1;89;88;89;70;5,7;2,8;
2023/01/06;2100 UTC;,4;965,6;965,6;964,8;201,9;19,7;17,9;20,1;19,6;18,3;17,8;90;89;90;67;5,5;2,5;
2023/01/06;2200 UTC;1,6;966,2;966,2;965,6;22,8;19,1;17,4;19,7;19;18;17,3;90;89;90;70;4,4;1,6;
2023/01/06;2300 UTC;,6;967;967;966,2;,4;18,7;17,1;19,1;18,6;17,3;17;91;90;91;81;4,3;2,5;
2023/01/07;0000 UTC;1,2;967,7;967,7;967;,8;18;16,5;18,7;18;17,1;16,5;91;90;91;71;4,9;2,4;
2023/01/07;0100 UTC;1;968,4;968,4;967,7;,7;17,9;16,4;18,2;17,9;16,7;16,4;91;91;91;144;3,7;1,2;
2023/01/07;0200 UTC;2,2;968,5;968,6;968,4;,8;17,5;16,1;18,1;17,5;16,6;16,1;91;91;91;172;2,9;1,2;
2023/01/07;0300 UTC;3,4;968;968,5;968;,8;17,1;15,6;17,6;17,1;16,1;15,5;91;91;91;222;3,4;1,3;
2023/01/07;0400 UTC;2,2;967,4;968;967,4;,7;17;15,6;17,2;17;15,7;15,5;91;91;91;225;2,4;1,5;
2023/01/07;0500 UTC;2,2;966,8;967,4;966,8;,5;17;15,6;17,1;16,9;15,7;15,5;91;91;91;246;2,4;1,4;
2023/01/07;0600 UTC;,2;966,5;966,8;966,4;;17,1;15,6;17,1;16,9;15,7;15,5;91;91;91;3;3;,6;
2023/01/07;0700 UTC;,4;966,5;966,5;966,4;;16,9;15,4;17,2;16,9;15,7;15,4;91;91;91;72;3,9;2,6;
2023/01/07;0800 UTC;,6;967;967;966,5;,5;17;15,6;17,1;16,9;15,6;15,4;91;91;91;48;3,9;1,2;
2023/01/07;0900 UTC;,8;967,3;967,3;967;23,2;17,2;15,8;17,3;16,9;15,8;15,5;91;91;91;19;2,5;,7;
2023/01/07;1000 UTC;,8;967,7;967,7;967,3;143,4;17,3;15,8;17,4;17,1;16;15,7;91;91;91;337;1,8;,6;
2023/01/07;1100 UTC;,2;967,8;967,8;967,7;586,6;18,6;16,9;18,8;17,3;17,2;15,8;91;90;90;45;3,1;1,6;
2023/01/07;1200 UTC;0;968,4;968,4;967,8;690,3;18,8;16,7;19,2;18,6;17,5;16,5;90;86;87;228;3,1;1,5;
2023/01/07;1300 UTC;,6;968,6;968,6;968,4;705,6;18,6;16,8;18,8;18,2;17,1;16,3;90;87;90;248;3,4;2;
2023/01/07;1400 UTC;0;968,3;968,6;968,2;1024,5;19,6;17,2;19,6;18,4;17,6;16,6;90;86;86;170;3,4;,6;
2023/01/07;1500 UTC;,8;967,9;968,4;967,9;1124,1;20,2;18;20,2;19,2;18,1;17,1;89;86;88;101;2,5;,9;
2023/01/07;1600 UTC;0;967,5;967,9;967,5;2013;21,9;17,9;21,9;20,1;18,7;17,4;88;77;78;103;3,4;2,2;
2023/01/07;1700 UTC;0;966,9;967,5;966,9;1843,8;22,1;16,6;22,7;21,6;18,1;16,6;78;71;71;72;3,7;2;
2023/01/07;1800 UTC;,2;966,3;966,9;966,3;1984,5;22,8;16,7;23,4;22;18;16,6;76;68;69;84;4,5;2,3;
2023/01/07;1900 UTC;0;965,8;966,3;965,8;1320,8;22,6;17,2;22,9;22,2;17,4;16,2;73;68;71;97;4,9;2,8;
2023/01/07;2000 UTC;0;965,9;965,9;965,7;382,3;21;17,5;22,6;21;17,7;16,7;80;70;80;110;5,6;2,2;
2023/01/07;2100 UTC;2,8;966,3;966,3;965,9;117,2;19,7;17,9;21;19,5;18;17,3;89;80;89;61;4,6;1,2;
2023/01/07;2200 UTC;2,8;967,1;967,1;966,3;17,6;19,1;17,4;19,7;19,1;17,8;17,4;90;89;90;83;5,5;,7;
2023/01/07;2300 UTC;,2;967,8;967,8;967,1;,1;18,5;16,7;19,2;18,5;17,5;16,6;90;89;89;48;5,2;2,5;
2023/01/08;0000 UTC;0;968,2;968,2;967,8;,1;18;16,2;18,5;18;16,7;16,2;90;89;90;42;4,2;2,1;
2023/01/08;0100 UTC;0;968,4;968,4;968,1;;18,1;16,4;18,1;17,9;16,4;16,2;90;90;90;65;3,7;1,8;
2023/01/08;0200 UTC;0;968,1;968,4;968,1;,8;18,2;16,3;18,3;18,1;16,5;16,3;90;88;88;99;3,4;2,3;
2023/01/08;0300 UTC;0;967,4;968,1;967,4;;18,1;16,4;18,2;18,1;16,4;16,2;89;88;89;107;3,9;2,6;
2023/01/08;0400 UTC;0;967;967,4;967;;18,1;16,3;18,2;18,1;16,4;16,3;89;89;89;100;3,9;1,4;
2023/01/08;0500 UTC;0;966,4;967;966,4;;18,1;16,4;18,3;18;16,5;16,3;90;89;90;165;2,5;,3;
2023/01/08;0600 UTC;,4;965,9;966,4;965,9;;18;16,5;18,1;17,9;16,5;16,3;91;90;91;334;1;,3;
2023/01/08;0700 UTC;0;965,6;965,9;965,6;;18,1;16,5;18,2;17,9;16,7;16,4;91;91;91;76;2,3;1,3;
2023/01/08;0800 UTC;0;965,9;965,9;965,6;,8;18,2;16,5;18,2;18;16,6;16,5;91;90;90;66;2,5;1;
2023/01/08;0900 UTC;0;966,6;966,6;965,9;32,8;18,2;16,5;18,3;18;16,6;16,3;90;90;90;113;2,6;,5;
2023/01/08;1000 UTC;0;967,1;967,1;966,6;187,8;18,7;17;18,7;18,2;17;16,5;90;89;90;356;1,4;,9;
2023/01/08;1100 UTC;0;967,4;967,4;967,1;449,7;19,2;17,1;19,3;18,6;17,4;16,8;90;88;88;293;1,8;,8;
2023/01/08;1200 UTC;0;967,8;967,8;967,4;879;20,3;17,5;20,3;19,2;17,7;17;88;84;84;235;1,9;,7;
2023/01/08;1300 UTC;0;967,7;967,9;967,7;1178,4;22,1;17,7;22,1;20,3;17,9;17;84;76;76;94;2;,8;
2023/01/08;1400 UTC;0;967,2;967,7;967,2;2130,8;23,5;17,4;23,7;21,8;18,3;16,8;76;69;69;180;3,2;1;
2023/01/08;1500 UTC;0;966,6;967,2;966,6;2145,1;23,6;17,3;24,6;22,9;18;16,6;70;64;68;100;5,8;3,1;
2023/01/08;1600 UTC;0;965,9;966,6;965,9;1451,6;24,6;17,5;24,7;23,5;18,1;16,9;70;63;65;86;5,8;1,9;
2023/01/08;1700 UTC;0;965,1;965,9;965,1;1052,1;23,6;17,4;24,7;23,5;17,9;17,1;70;64;68;202;4,5;1,4;
2023/01/08;1800 UTC;0;964,8;965,1;964,8;541,6;21,8;18,6;23,7;21,8;18,6;17,5;82;68;82;261;5,2;2,6;
2023/01/08;1900 UTC;1;964,7;964,8;964,6;83,4;20,5;18,6;21,8;20,5;18,9;18,5;89;82;89;333;4;1,4;
2023/01/08;2000 UTC;3;964,9;964,9;964,7;87,4;20,5;18,9;20,6;20,3;18,9;18,6;91;89;91;45;2,9;1,5;
2023/01/08;2100 UTC;5,6;965,1;965,1;964,9;56,8;20,2;18,7;20,5;20,2;19;18,7;91;91;91;70;4,6;1,1;
2023/01/08;2200 UTC;3,8;965,3;965,3;965;14,7;19,9;18,4;20,3;19,9;18,8;18,4;91;91;91;63;4,2;2,2;
2023/01/08;2300 UTC;3;965,9;965,9;965,3;;19,9;18,3;20;19,8;18,4;18,3;91;91;91;44;4,3;1,8;
2023/01/09;0000 UTC;1,2;966,2;966,2;965,9;;19,8;18,2;19,9;19,7;18,3;18,2;91;91;91;28;3,3;1,7;
2023/01/09;0100 UTC;,4;966,6;966,6;966,2;;19,8;18,2;19,8;19,7;18,3;18,1;91;91;91;26;3,3;1,3;
2023/01/09;0200 UTC;,2;966,5;966,6;966,5;;19,5;18;19,8;19,5;18,2;18;91;91;91;25;2,8;1,7;
2023/01/09;0300 UTC;,2;966;966,5;966;;19,4;18;19,5;19,4;18,1;17,9;91;91;91;22;3;1,3;
2023/01/09;0400 UTC;0;965,2;966;965,2;;19,4;18;19,4;19,3;18;17,9;92;91;92;304;2,5;,5;
2023/01/09;0500 UTC;0;964,5;965,2;964,5;;19,4;18;19,5;19,3;18,1;17,9;92;92;92;33;1,7;1,1;
2023/01/09;0600 UTC;,2;964;964,5;964;;19,5;18,1;19,5;19,4;18,1;18;92;92;92;83;1,7;,8;
2023/01/09;0700 UTC;0;963,8;964,1;963,8;;19,5;18,1;19,5;19,4;18,1;18;92;92;92;79;1,4;,7;
2023/01/09;0800 UTC;,2;964;964;963,8;;19,4;18;19,6;19,4;18,2;18;92;92;92;79;1;,6;
2023/01/09;0900 UTC;1;964,4;964,4;964;31,1;19,4;18;19,5;19,4;18,1;18;92;92;92;76;1,7;,7;
2023/01/09;1000 UTC;,2;964,9;964,9;964,4;160,2;19,7;18,3;19,8;19,4;18,3;18;92;91;92;52;2;,9;
2023/01/09;1100 UTC;0;965,3;965,3;964,8;408,8;20,4;18,7;20,4;19,7;18,8;18,3;92;90;90;26;2,2;,8;
2023/01/09;1200 UTC;0;965,5;965,5;965,1;794,9;21,4;18,6;21,4;20,3;19,3;18,5;90;84;84;108;2;1,2;
2023/01/09;1300 UTC;0;965,4;965,5;965,3;1206,1;22,4;18,2;22,5;21,4;19;18,1;85;77;77;73;2,9;1,3;
2023/01/09;1400 UTC;0;965,2;965,5;965,1;995,9;22,8;18,4;22,8;22,4;18,7;17,9;79;76;76;124;2,8;1,1;
2023/01/09;1500 UTC;0;964,6;965,2;964,6;687,1;23,1;18,4;23,2;22,6;18,6;17,9;77;74;75;50;2,1;,8;
2023/01/09;1600 UTC;0;963,9;964,6;963,9;1360,2;23,8;18,6;24,1;22,8;19,2;18;76;72;73;330;2,6;1,6;
2023/01/09;1700 UTC;,2;963,2;963,9;963,2;1791,9;23,8;18,7;24,7;23,8;19,7;18,3;75;70;73;318;3,5;1,9;
2023/01/09;1800 UTC;0;962,8;963,2;962,8;646,7;22,9;19,4;23,8;22,9;19,9;18,7;81;73;81;282;3,6;2,4;
2023/01/09;1900 UTC;,6;962,9;962,9;962,5;562,7;22,8;20,3;22,9;22,6;20,4;19,4;86;81;86;1;3,4;1;
2023/01/09;2000 UTC;1,6;963,1;963,2;962,9;162;22,4;20,3;22,8;22,3;20,4;20,1;88;85;88;353;1,7;,6;
2023/01/09;2100 UTC;2;963,6;963,6;963,1;78,9;21,6;19,7;22,4;21,4;20,4;19,5;89;88;89;67;3;1,2;
2023/01/09;2200 UTC;,2;964,1;964,1;963,6;46,8;21,5;19,7;21,7;21,5;19,9;19,7;90;89;89;60;4,5;1,6;
2023/01/09;2300 UTC;0;964,8;964,8;964,1;;21,2;19,4;21,6;21,2;19,7;19,3;89;89;89;74;3,7;1,9;
2023/01/10;0000 UTC;,2;965;965;964,8;;21,1;19,2;21,2;21,1;19,4;19,2;89;89;89;67;3,5;2,1;
2023/01/10;0100 UTC;0;965,5;965,5;965;;20,9;19,1;21,1;20,9;19,2;19,1;89;89;89;62;4,4;1,9;
2023/01/10;0200 UTC;1,6;965,3;965,5;965,3;;20,7;19;20,9;20,7;19,1;19;90;89;90;60;3,5;1,5;
2023/01/10;0300 UTC;,6;965;965,3;965;;20,6;19,1;20,7;20,6;19,1;19;91;90;91;62;2,9;1,3;
2023/01/10;0400 UTC;,8;964,2;965;964,2;;20,4;18,9;20,6;20,4;19,1;18,9;91;91;91;75;2,5;1;
2023/01/10;0500 UTC;,6;963,4;964,2;963,4;;20,3;18,8;20,4;20,3;18,9;18,8;91;91;91;115;2,4;,6;
2023/01/10;0600 UTC;,4;963,2;963,4;963,2;;20,4;19;20,4;20,3;19;18,8;92;91;92;41;1,8;,7;
2023/01/10;0700 UTC;1;963,2;963,3;963,2;;20,4;19;20,4;20,3;19;18,9;92;92;92;16;1,3;,4;
2023/01/10;0800 UTC;,2;963,2;963,2;963,1;;20,5;19,1;20,5;20,4;19,1;19;92;92;92;11;1,2;,4;
2023/01/10;0900 UTC;,8;963,6;963,6;963,2;7,7;20,4;19;20,5;20,3;19,1;19;92;92;92;295;1,2;,8;
2023/01/10;1000 UTC;,4;963,8;963,8;963,6;82,7;20,5;19,2;20,6;20,3;19,3;19;92;92;92;318;1,4;,7;
2023/01/10;1100 UTC;,4;964,2;964,2;963,8;213,2;21;19,6;21;20,5;19,7;19,2;92;92;92;350;1,8;1,4;
2023/01/10;1200 UTC;0;964,4;964,4;964,2;639,1;22,5;20,9;22,5;21;20,9;19,6;92;90;90;74;2,4;1,1;
2023/01/10;1300 UTC;0;964,7;964,7;964,4;1004,3;23,2;19,8;23,2;22,4;21;19,7;90;81;82;358;2,6;1;
2023/01/10;1400 UTC;0;964,7;964,8;964,6;1322,8;24,1;19,6;24,2;23,1;20;19,2;82;75;76;249;2,3;1,1;
2023/01/10;1500 UTC;0;964,6;964,7;964,5;1448,7;24,5;19,2;24,7;24,1;20,1;19;77;71;72;304;2,5;1;
2023/01/10;1600 UTC;0;964,1;964,6;964,1;1611,2;25,5;19,7;25,6;24,5;20,3;19,1;75;69;71;335;2,8;1,1;
2023/01/10;1700 UTC;0;963,4;964,1;963,4;1814,7;26,4;20,1;26,5;25,2;20,3;19;71;67;68;300;4,2;1,6;
2023/01/10;1800 UTC;0;962,8;963,4;962,7;3347,3;27,8;19,8;28,4;26;20,7;18,9;69;59;62;90;3,8;1,6;
2023/01/10;1900 UTC;0;961,9;962,8;961,9;1452,8;26,5;19,6;28;26,5;20,1;18,9;66;60;66;34;4;2,8;
2023/01/10;2000 UTC;0;961,9;962;961,8;924,7;26,9;19,2;27,5;26,5;19,8;18,7;66;60;63;23;4;1,7;
2023/01/10;2100 UTC;0;962,3;962,3;961,9;426,8;26,2;19,3;26,9;26,2;20;18,9;69;62;66;15;2,9;1,4;
2023/01/10;2200 UTC;0;963;963;962,4;35,5;25,1;20,1;26,2;25,1;20,4;19,2;74;66;74;233;2,1;,9;
2023/01/10;2300 UTC;1,8;964,1;964,1;963;;21,2;19,1;25,3;21,2;20,3;19,1;88;73;88;105;10,1;5;
2023/01/11;0000 UTC;5,6;964,7;964,7;964,1;,7;20,5;18,9;21,2;20,5;19;18,7;90;88;90;331;8,4;2,2;
2023/01/11;0100 UTC;19,8;965,1;965,1;964,7;,2;20,7;19,3;21,2;20,2;19,6;18,7;92;90;92;56;7,8;1,3;
2023/01/11;0200 UTC;,2;964,8;965,2;964,8;;21,1;19,7;21,2;20,7;19,8;19,3;92;92;92;115;2,4;1,2;
2023/01/11;0300 UTC;0;963,9;964,8;963,9;;21,1;19,7;21,2;21,1;19,8;19,7;92;92;92;129;5,1;3,1;
2023/01/11;0400 UTC;0;963,5;964;963,4;;20,6;19,3;21,2;20,6;19,7;19,3;92;92;92;305;5,1;1,1;
2023/01/11;0500 UTC;0;963,3;963,5;963,3;;20,6;19,3;20,7;20,5;19,3;19,2;92;92;92;80;1,7;,6;
2023/01/11;0600 UTC;,2;962,8;963,3;962,7;;20,7;19,4;20,8;20,5;19,4;19,2;92;92;92;16;1,8;,6;
2023/01/11;0700 UTC;0;962,5;962,8;962,4;;20,9;19,6;20,9;20,7;19,6;19,4;92;92;92;77;1,8;,7;
2023/01/11;0800 UTC;0;962,7;962,7;962,3;;21;19,7;21;20,8;19,7;19,5;92;92;92;344;1,7;,3;
2023/01/11;0900 UTC;0;963,5;963,5;962,7;53,1;20,8;19,5;21;20,7;19,7;19,4;92;92;92;214;1,5;,5;
2023/01/11;1000 UTC;0;964;964;963,5;328,1;21,5;20,1;21,5;20,8;20,1;19,5;92;92;92;246;1,5;1;
2023/01/11;1100 UTC;0;964,2;964,2;963,9;563,7;22,5;20,7;22,7;21,5;21;20,1;92;89;89;239;1,8;,7;
2023/01/11;1200 UTC;0;964,4;964,4;964,1;1114;23,9;20,3;23,9;22,5;21,1;19,8;90;79;80;87;2,3;1;
2023/01/11;1300 UTC;0;964,4;964,4;964,2;1295,8;24,3;20;24,7;23,7;20,5;19,7;80;76;77;295;2,6;1,5;
2023/01/11;1400 UTC;0;964,1;964,4;964,1;1373,7;25,6;20,6;25,6;24,1;20,6;19,8;78;73;74;298;3,4;1,2;
2023/01/11;1500 UTC;,2;963,3;964,1;963,3;1260,6;26;20,1;26;25,2;20,6;20;74;70;70;334;2,5;1;
2023/01/11;1600 UTC;0;962,9;963,3;962,9;1845,5;28,1;20;28,2;25,9;20,6;19,3;71;61;62;171;2,3;1;
2023/01/11;1700 UTC;1;962,4;963;962,3;1188,4;25,2;21,4;28,6;25,2;21,5;18,6;80;56;80;299;3,9;1,3;
2023/01/11;1800 UTC;0;962,2;962,4;962,2;891,4;25,6;21,2;25,8;25;22,3;20,6;82;73;76;1;2,9;1,9;
2023/01/11;1900 UTC;,8;961,5;962,2;961,5;553;24,6;21,3;26;24,6;21,7;21;82;75;82;283;3,7;2,6;
2023/01/11;2000 UTC;,8;962;962;961,5;199,6;24,4;22;24,6;24,2;22,1;21,3;87;82;86;102;3,7;1,7;
2023/01/11;2100 UTC;,4;962,5;962,7;962;106,5;22,5;20,2;24,5;22,5;22,1;20,1;87;85;87;91;9,3;3;
2023/01/11;2200 UTC;0;962,7;962,7;962,5;52,9;21,8;19,6;22,5;21,8;20,2;19,6;87;87;87;89;6,4;1,9;
2023/01/11;2300 UTC;0;963;963;962,7;;21,6;19,6;21,9;21,6;19,7;19,5;88;87;88;25;4,2;,6;
2023/01/12;0000 UTC;0;963,2;963,2;963;;21,4;19,5;21,6;21,4;19,7;19,5;89;88;89;92;1,6;,4;
2023/01/12;0100 UTC;0;963,2;963,3;963,1;;21,1;19,5;21,5;21,1;19,6;19,4;90;89;90;357;1,7;,9;
2023/01/12;0200 UTC;0;963,4;963,4;963,2;;21,4;19,7;21,4;21,1;19,8;19,5;91;90;90;33;1,7;1;
2023/01/12;0300 UTC;0;963,4;963,5;963,3;;21,1;19,4;21,4;21,1;19,7;19,4;90;90;90;350;1,8;1;
2023/01/12;0400 UTC;,2;962,7;963,4;962,7;;21,3;19,7;21,3;21,1;19,8;19,5;91;90;91;59;1,9;,7;
2023/01/12;0500 UTC;0;962,1;962,7;962,1;;21,2;19,8;21,3;21,1;19,8;19,6;91;91;91;142;1,7;1,1;
2023/01/12;0600 UTC;0;961,6;962,1;961,6;;21,1;19,7;21,2;21,1;19,8;19,7;92;91;92;175;2,2;,8;
2023/01/12;0700 UTC;0;961,3;961,7;961,3;;21,2;19,7;21,3;21,1;19,8;19,6;92;91;91;183;1,4;,7;
2023/01/12;0800 UTC;0;961,2;961,3;961;;21;19,6;21,2;21;19,8;19,6;92;91;92;343;2,2;1,3;
2023/01/12;0900 UTC;0;961,6;961,6;961,2;24,5;20,9;19,5;21;20,7;19,6;19,4;92;92;92;231;2,9;1;
2023/01/12;1000 UTC;0;961,9;962;961,6;257,7;21,4;20;21,4;20,9;20;19,5;92;92;92;282;2;,5;
2023/01/12;1100 UTC;0;962,4;962,4;961,9;878,1;22,7;20,6;22,8;21,4;21,2;20,1;92;88;88;240;1,8;,9;
2023/01/12;1200 UTC;0;962,2;962,4;962,1;1206,2;24,2;20,4;24,2;22,7;21,1;19,8;88;78;79;87;2,8;1,4;
2023/01/12;1300 UTC;0;961,9;962,2;961,9;1683,5;25,9;20,2;25,9;24,2;20,9;19,8;80;71;71;69;4,1;2,1;
2023/01/12;1400 UTC;0;961,5;961,9;961,5;2244,2;27,7;19,5;27,7;25,9;20,8;19,1;72;61;61;40;3,6;1,6;
2023/01/12;1500 UTC;0;961;961,5;961;2326,6;27,8;20,6;28,7;27,4;21;17,7;67;52;65;18;3,5;2,2;
2023/01/12;1600 UTC;,2;960,8;961,1;960,8;1645,5;27;22;27,8;26,3;22,4;18,8;76;58;74;305;4,7;2,2;
2023/01/12;1700 UTC;0;959,3;960,8;959,3;2917,8;30,8;18,7;30,8;26,9;21,9;18,1;74;47;49;213;3,2;1,3;
2023/01/12;1800 UTC;0;958,4;959,3;958,4;2673,8;31,4;17;31,4;29,8;18,4;15,6;49;41;42;282;5;1;
2023/01/12;1900 UTC;0;958,2;958,3;958;1413,1;27,6;20,2;32,2;27,6;20,2;15,1;64;36;64;325;5,5;2,8;
2023/01/12;2000 UTC;0;957,8;958,2;957,8;817,7;28,1;19,4;29;27,6;20,5;19;64;56;59;349;4,6;2;
2023/01/12;2100 UTC;0;957,9;957,9;957,5;255,7;26,8;19,9;28,4;26,8;20,3;19,1;67;58;66;335;3,8;1,3;
2023/01/12;2200 UTC;0;959,3;959,3;957,9;23,3;24,5;20;26,8;24,5;20,8;19,6;76;66;76;252;8,9;5,5;
2023/01/12;2300 UTC;0;959,9;959,9;959,3;;23,3;20,3;24,5;23,3;20,4;20,1;83;76;83;225;10,8;3,8;
2023/01/13;0000 UTC;1,6;960,9;960,9;959,9;;22,8;20,3;23,4;22,8;20,6;20,3;87;83;86;209;6,3;1,5;
2023/01/13;0100 UTC;,2;961,4;961,5;960,9;;22,4;20,5;22,8;22,3;20,6;20,3;89;86;89;255;3,9;,9;
2023/01/13;0200 UTC;,2;961,7;961,8;961,4;;22;20,4;22,4;22;20,6;20,4;91;89;91;328;2,1;,9;
2023/01/13;0300 UTC;0;961,3;961,7;961,3;;22;20,4;22,1;21,9;20,5;20,2;91;90;91;21;2,4;,7;
2023/01/13;0400 UTC;,6;960,8;961,3;960,8;;21,9;20,3;22,1;21,8;20,5;20,3;91;91;91;324;1,9;,9;
2023/01/13;0500 UTC;1,4;960,2;960,8;960,2;;21,5;20,1;21,9;21,5;20,3;20,1;92;91;92;353;2,5;2;
2023/01/13;0600 UTC;,2;959,6;960,2;959,5;0;21,6;20,2;21,7;21,5;20,3;20,1;92;92;92;11;2,5;,8;
2023/01/13;0700 UTC;0;959,7;959,7;959,6;;21,4;20;21,7;21,4;20,3;20;92;92;92;340;1,5;,8;
2023/01/13;0800 UTC;0;960,2;960,2;959,7;;21,2;19,8;21,4;21,2;20;19,8;92;92;92;45;2;,6;
2023/01/13;0900 UTC;0;961;961;960,2;15,4;21,4;20;21,4;21,2;20;19,8;92;92;92;98;1,6;,5;
2023/01/13;1000 UTC;0;961,6;961,6;961;178,8;21,6;20,2;21,9;21,4;20,5;20;92;92;92;324;1,7;1,2;
2023/01/13;1100 UTC;0;962,2;962,2;961,6;181,8;22;20,6;22;21,6;20,6;20,2;92;91;92;5;2;1,2;
2023/01/13;1200 UTC;,2;962,3;962,4;962,2;904,7;23,7;21,8;23,8;21,9;22,1;20,4;92;89;89;305;2;,8;
2023/01/13;1300 UTC;0;962,2;962,3;962,2;1550,6;25,2;21,5;25,5;23,6;22;21,1;89;79;80;223;2,7;1,4;
2023/01/13;1400 UTC;0;961,8;962,2;961,8;2173,3;27,7;21,7;27,7;25;21,9;20,7;81;69;70;258;3,5;1,9;
2023/01/13;1500 UTC;0;961,1;961,8;961,1;3193,3;30;20,2;30;27,3;21,2;18,6;69;54;56;262;5,2;1,3;
2023/01/13;1600 UTC;0;960,3;961,1;960,3;4005,9;30,7;18,9;31,8;28,7;20,3;18;58;48;49;168;4,3;1,9;
2023/01/13;1700 UTC;0;959,2;960,3;959,2;3743,4;31,8;18,2;32,7;30,4;20,4;17,6;52;44;45;165;4,7;2;
2023/01/13;1800 UTC;0;958,4;959,2;958,3;2944,8;33,9;19,4;33,9;31,4;19,9;17;47;40;42;312;4,6;1,4;
2023/01/13;1900 UTC;0;958,3;958,4;958,3;1388;30,4;20,2;33,9;30,4;20,5;17,5;55;39;55;285;5,4;2,8;
2023/01/13;2000 UTC;0;960,3;960,3;958,3;329,4;24,3;17,8;30,4;24,2;21,1;17;67;53;67;341;16,9;3,4;
2023/01/13;2100 UTC;23,2;960,6;960,7;959,9;29,1;21,1;19,2;24,3;20,1;19,8;16,9;90;66;89;347;20,6;2,1;
2023/01/13;2200 UTC;,8;961,9;961,9;960,6;9,1;21,5;19,6;21,8;21,1;20;19,3;90;89;89;65;4;1,7;
2023/01/13;2300 UTC;1,2;962,7;962,7;961,9;,5;21;19,4;21,5;21;19,6;19,4;91;89;91;358;3,4;1,9;
2023/01/14;0000 UTC;,4;962,7;962,8;962,7;;21,4;19,8;21,5;21;19,9;19,5;91;90;90;86;2,9;1,7;
2023/01/14;0100 UTC;0;963;963;962,6;;21,3;19,7;21,5;21,2;19,8;19,7;91;90;91;222;2,9;1;
2023/01/14;0200 UTC;0;962,8;963;962,7;;21;19,5;21,4;21;19,8;19,5;91;91;91;341;1,9;,7;
2023/01/14;0300 UTC;0;962,2;962,8;962,1;;20,6;19,2;21;20,6;19,5;19,2;92;91;92;331;2,3;1,2;
2023/01/14;0400 UTC;0;961,6;962,2;961,6;;20,6;19,2;20,7;20,5;19,3;19,1;92;92;92;260;2;,5;
2023/01/14;0500 UTC;0;961,4;961,7;961,3;;20,3;19;20,6;20,3;19,2;19;92;92;92;309;2,1;1,2;
2023/01/14;0600 UTC;,2;961,3;961,5;961,2;;20,5;19,1;20,5;20,3;19,2;19;92;92;92;29;1,8;,9;
2023/01/14;0700 UTC;0;961,2;961,3;961,2;;20,3;19;20,6;20,3;19,3;19;92;92;92;13;1,7;,7;
2023/01/14;0800 UTC;0;961,7;961,7;961,2;;20,4;19,1;20,6;20,3;19,3;19;92;92;92;291;1,4;,8;
2023/01/14;0900 UTC;0;962,6;962,6;961,7;48,6;20,4;19,1;20,4;20,3;19,2;19;93;92;93;343;2,3;1,1;
2023/01/14;1000 UTC;0;963;963;962,6;300,6;21;19,7;21;20,4;19,8;19,2;93;92;93;212;1,7;,8;
2023/01/14;1100 UTC;0;963;963,3;963;912,2;23,8;22,4;23,8;20,9;22,4;19,6;93;92;92;238;2;,8;
2023/01/14;1200 UTC;0;963;963,1;962,9;2167,8;25,6;20,6;25,8;23,6;22,4;20,4;92;74;74;147;2,5;1,2;
2023/01/14;1300 UTC;0;962,8;963,1;962,8;2637,7;27;20,8;27,3;25,3;21,4;19,8;75;66;69;239;2,8;1,3;
2023/01/14;1400 UTC;0;962,2;962,8;962,2;2862,8;28,6;20,1;28,7;26,8;21;19,7;69;59;60;288;3,5;1,7;
2023/01/14;1500 UTC;0;961,6;962,2;961,6;3429,6;30,8;20,8;30,8;28,5;21,7;18,9;61;54;55;263;3,9;2;
2023/01/14;1600 UTC;0;961,2;961,6;961,2;3419,6;31,4;19,1;31,7;30;20,9;18,9;57;48;48;250;4,4;1,3;
2023/01/14;1700 UTC;0;960,9;961,2;960,9;3252,4;32,2;20,4;32,6;30,9;20,8;18,9;52;46;50;291;4;2,1;
2023/01/14;1800 UTC;0;960,7;960,9;960,7;2326,1;31,3;20;32,8;31,2;20,8;18,9;52;45;51;264;4,7;2,9;
2023/01/14;1900 UTC;0;960,5;960,7;960,5;954,3;30,5;19,8;31,3;30,5;20,2;19,3;54;49;53;282;4,8;2,6;
2023/01/14;2000 UTC;0;960,6;960,6;960,5;961,6;30,6;20,1;31,4;30,5;20,5;19,7;55;50;54;285;3,9;2,1;
2023/01/14;2100 UTC;0;960,7;960,7;960,6;390,7;29,1;21,7;30,6;29,1;21,8;20;65;53;65;323;2,8;1,7;
2023/01/14;2200 UTC;0;961,3;961,3;960,7;93,4;27,2;21,6;29;27,2;22,2;21;71;64;71;360;3,2;2;
2023/01/14;2300 UTC;0;962;962;961,3;;25,8;21,6;27,2;25,8;22,4;21,6;79;71;77;339;3,2;1,1;
2023/01/15;0000 UTC;0;962,6;962,6;962;;24,3;21,7;26,3;24,3;21,7;20,9;85;74;85;309;1,9;1,2;
2023/01/15;0100 UTC;0;963,4;963,4;962,6;;23,8;20,8;24,5;23,8;21,8;20,8;86;82;83;298;2,2;1,5;
2023/01/15;0200 UTC;0;963,8;964;963,4;;23,2;20,5;24,2;23,2;20,9;20,4;85;80;85;315;3;1,8;
2023/01/15;0300 UTC;0;963,7;963,9;963,7;;23,4;20,4;23,4;22,8;20,5;20,2;86;83;83;272;3,6;2,1;
2023/01/15;0400 UTC;0;963,3;963,7;963,2;;22,8;19,9;23,4;22,5;20,3;19,7;85;82;84;316;3,5;1,7;
2023/01/15;0500 UTC;0;963;963,3;963;;22;19,4;23,1;22;19,9;19,2;85;81;85;347;2,4;1,6;
2023/01/15;0600 UTC;0;962,5;963;962,5;;22,5;19,4;22,7;22;19,6;19,1;85;82;83;353;2,2;1,5;
2023/01/15;0700 UTC;0;962,7;962,8;962,4;;21,2;19,3;22,5;20,8;19,3;18,7;89;83;89;6;1,8;,7;
2023/01/15;0800 UTC;0;963,2;963,2;962,7;;20,5;18,8;21,3;20,3;19,4;18,6;90;89;90;329;2;,8;
2023/01/15;0900 UTC;0;963,9;963,9;963,2;57;21,1;19,4;21,1;20,3;19,4;18,6;91;90;90;352;2,2;1;
2023/01/15;1000 UTC;0;964,2;964,2;963,9;546,2;25,1;21,3;25,1;21,1;21,3;19,5;90;79;79;146;1,7;,3;
2023/01/15;1100 UTC;0;964,8;964,8;964,2;1435,1;25,7;19,9;25,8;23,5;21;19,7;80;70;70;268;1,6;,6;
2023/01/15;1200 UTC;0;964,8;964,8;964,8;2339,6;27,5;20,3;27,7;25,6;20,6;19,5;71;63;65;250;2,6;1,1;
2023/01/15;1300 UTC;0;964,4;964,8;964,4;3026,1;29,9;20,7;29,9;27,5;21,1;19,8;66;57;58;359;3,5;1,4;
2023/01/15;1400 UTC;0;963,7;964,4;963,7;3556,7;30,9;19;31,5;29,6;21,1;18,5;59;47;49;194;4,3;2;
2023/01/15;1500 UTC;0;963,1;963,7;963,1;3857;31,9;19,6;33;30,9;20,7;17,9;52;44;48;75;4,3;1,8;
2023/01/15;1600 UTC;0;962,2;963,1;962,2;3910;34,2;17,6;34,5;31,9;20,9;16,5;50;36;37;196;3,9;1,5;
2023/01/15;1700 UTC;0;961,4;962,2;961,4;3763,6;34,9;17,4;35,1;33,9;18,8;16,2;41;34;35;100;4,6;1,9;
2023/01/15;1800 UTC;0;960,6;961,4;960,6;3309,3;35,6;17,6;35,6;34,3;18,9;15,7;38;32;35;119;6;2,2;
2023/01/15;1900 UTC;0;960,4;960,7;960;2025,9;30,6;16,8;35,6;30,6;20,2;16,5;45;33;44;323;11,5;5,8;
2023/01/15;2000 UTC;0;960,5;961;960,2;420;28,7;19,2;30,6;28,7;19,2;16,6;57;43;57;55;11,5;1,8;
2023/01/15;2100 UTC;0;961,2;961,8;960,5;116,8;26,5;20,3;28,9;26,4;20,7;19,3;70;56;69;122;5,2;2,2;
2023/01/15;2200 UTC;,6;963;963;961,2;,6;23,5;18,9;26,5;23,5;20,4;18,6;76;68;76;56;8,2;4,1;
2023/01/15;2300 UTC;,2;963,2;963,2;962,7;;23;19,6;23,5;22,7;19,8;18,8;83;76;81;329;6,9;1,6;
2023/01/16;0000 UTC;0;963,1;963,2;962,9;;23,8;20,4;23,9;23;20,5;19,6;83;80;81;48;3,8;,6;
2023/01/16;0100 UTC;0;963,6;963,6;962,9;;23,1;20,3;23,9;22,7;20,5;20,2;86;81;84;59;4,1;1,6;
2023/01/16;0200 UTC;0;963,8;963,8;963,6;;23;19,9;23,3;22,9;20,3;19,9;85;83;83;81;3,5;1,2;
2023/01/16;0300 UTC;0;963,7;963,9;963,5;;22,8;20,6;23;22,5;20,6;19,8;88;82;87;231;3;1,3;
2023/01/16;0400 UTC;0;963,1;963,8;963,1;;22,7;20,2;23,1;22,7;20,6;20,2;87;85;86;276;2,9;1,4;
2023/01/16;0500 UTC;0;962,9;963,1;962,6;;22,2;20,1;23;22,1;20,7;19,7;88;86;88;336;2,8;1,7;
2023/01/16;0600 UTC;0;962,9;963,3;962,8;;22,5;20,6;22,8;22,1;20,9;20,1;89;88;89;87;2,6;1;
2023/01/16;0700 UTC;0;962,5;962,9;962,3;;21,8;20,2;22,5;21,8;20,5;20,2;91;89;90;313;3,6;1,6;
2023/01/16;0800 UTC;0;962,7;962,7;962,5;;22;20,5;22,1;21,5;20,5;19,9;91;90;91;47;2,6;1;
2023/01/16;0900 UTC;0;963,1;963,1;962,7;46,3;21,9;20,3;22,1;21,8;20,5;20,2;91;91;91;73;3,1;1,9;
2023/01/16;1000 UTC;0;963,4;963,5;963,1;482,3;23,4;21,7;23,4;21,9;21,7;20,3;91;90;90;84;3,5;1,9;
2023/01/16;1100 UTC;0;963,9;963,9;963,4;1400,3;25,3;20,8;26,1;23,5;22,1;20,8;90;76;76;135;3,8;1,6;
2023/01/16;1200 UTC;0;964;964,1;963,9;2295,9;28;19,9;28,1;25,1;21,6;19,5;78;60;62;91;3,8;1,6;
2023/01/16;1300 UTC;,2;963,8;964;963,8;3021,2;28,8;20,7;29;27,7;20,9;19,5;64;58;62;120;4,7;2,2;
2023/01/16;1400 UTC;0;963,4;963,8;963,4;3240,1;29,9;20,9;30,5;28,8;21,7;20;62;55;59;44;4,7;2,2;
2023/01/16;1500 UTC;0;962,7;963,4;962,7;3382;31,8;21,2;31,8;29,9;21,4;19,5;59;51;54;88;5,5;1,8;
2023/01/16;1600 UTC;0;962,1;962,7;962,1;3822,9;32,1;20,2;32,1;30,9;21,6;19,8;55;49;50;64;5,5;2,2;
2023/01/16;1700 UTC;0;961,6;962,1;961,6;3616,8;33,4;20,4;33,5;32;21,1;19,2;51;44;47;111;4,6;1,3;
2023/01/16;1800 UTC;0;960,8;961,6;960,8;3235,9;34,2;17,8;34,3;33,1;20,2;17;47;37;38;82;6;1,9;
2023/01/16;1900 UTC;0;960;960,8;960;2547;33,9;16,7;34,4;33,7;18,1;16;39;34;36;91;6;3;
2023/01/16;2000 UTC;0;959,9;960,1;959,9;1703,9;33,4;17,2;34,1;33,3;17,5;16,6;38;36;38;111;7;4,4;
2023/01/16;2100 UTC;0;960,4;960,4;959,8;803,3;32,3;17,3;33,4;32,3;17,3;16,7;41;37;41;105;7,5;3,4;
2023/01/16;2200 UTC;0;960,9;960,9;960,3;34,3;30;17,5;32,3;30;17,5;16,6;47;40;47;121;6,9;3,1;
2023/01/16;2300 UTC;0;962,4;962,4;960,9;;27,8;20,9;29,9;27,8;20,9;17,6;66;47;66;90;7,3;3,4;
2023/01/17;0000 UTC;0;963,4;963,4;962,4;;26,6;21,5;27,9;26,6;21,5;21;74;66;74;49;5,4;3;
2023/01/17;0100 UTC;0;963,9;963,9;963,4;;25,9;21,7;26,7;25,9;21,8;21,5;78;73;78;51;5;3;
2023/01/17;0200 UTC;0;963,8;964,1;963,8;;25,5;21,8;26;25,5;21,9;21,7;80;78;80;53;5;2,6;
2023/01/17;0300 UTC;0;963,6;963,8;963,6;;24,7;21,6;25,5;24,7;21,8;21,4;83;80;83;58;4,8;2;
2023/01/17;0400 UTC;0;963,3;963,7;963,3;;24,8;21,9;24,9;24,5;22;21,6;85;83;84;34;3,9;1,6;
2023/01/17;0500 UTC;0;962,9;963,3;962,9;;24,7;20,9;25;24,7;21,9;20,9;84;80;80;62;5,1;3;
2023/01/17;0600 UTC;0;962,8;963;962,8;;24,1;21,2;24,7;24,1;21,2;20,9;84;80;84;59;5;1,5;
2023/01/17;0700 UTC;0;962,9;962,9;962,8;;23,8;21,1;24,1;23,8;21,5;21,1;86;84;85;76;2,8;1,5;
2023/01/17;0800 UTC;0;963,3;963,3;962,8;;23,5;20,8;23,8;23,4;21,2;20,8;86;85;85;127;3,3;1,5;
2023/01/17;0900 UTC;0;964;964;963,3;35,6;23,6;21,1;23,6;23,3;21,1;20,7;86;85;86;151;3,3;,9;
2023/01/17;1000 UTC;0;964,9;964,9;964;216,1;23,8;21,5;23,8;23,2;21,6;20,9;88;86;87;328;2;1,1;
2023/01/17;1100 UTC;0;965,1;965,2;964,9;936,6;26,4;21,6;26,4;23,8;22,2;21,3;88;75;75;105;2,8;1,5;
2023/01/17;1200 UTC;0;965,1;965,1;964,9;2139;27,7;20,6;28;25,6;22;20,2;77;64;65;125;4,4;1,2;
2023/01/17;1300 UTC;0;965;965,1;965;2670,9;29,2;20,4;29,9;26,4;21,6;19,6;69;57;59;235;3,7;1,6;
2023/01/17;1400 UTC;0;964,5;965;964,5;3473,9;30,6;19,6;30,6;28,8;20,6;19;59;51;52;254;4,2;1,5;
2023/01/17;1500 UTC;0;964,2;964,5;964,2;3737,1;31,7;18,8;32,2;30;20,3;17,9;54;45;47;186;4,7;1,9;
2023/01/17;1600 UTC;0;963,5;964,2;963,5;4042,8;32,9;17,8;32,9;31,1;19,8;17,3;48;41;41;122;6,1;2,6;
2023/01/17;1700 UTC;0;962,6;963,5;962,6;3513;32,9;15,5;34,2;31,9;18,5;15,5;43;35;35;132;6,5;3,3;
2023/01/17;1800 UTC;0;962;962,7;962;3404,2;33,8;15,9;34,3;32,8;17;15,3;39;34;34;95;6,8;2,7;
2023/01/17;1900 UTC;0;961,8;962,1;961,8;1065,2;31,4;16,9;34;31,4;17,1;15,2;42;34;42;117;8,8;5,3;
2023/01/17;2000 UTC;0;962,2;962,2;961,7;781,9;30,2;18,3;31,4;30,2;18,5;17;49;42;49;120;9,6;5,5;
2023/01/17;2100 UTC;0;963;963;962,2;698,9;27,7;15,9;30,7;27,7;19,4;14,9;53;44;49;19;8,7;2,3;
2023/01/17;2200 UTC;0;963,6;963,6;963;108,4;25,9;17,4;27,6;25,9;17,4;15,2;60;48;60;56;5,3;2,1;
2023/01/17;2300 UTC;0;964,2;964,2;963,6;;24,6;20,6;25,9;23,4;20,6;17,8;81;60;78;60;5,3;1,7;
2023/01/18;0000 UTC;0;965,4;965,4;964,2;;24,4;20,3;24,6;23,7;20,9;20,1;82;78;78;26;3,8;2;
2023/01/18;0100 UTC;0;965,9;965,9;965,4;;24,4;20;24,8;24,4;20,4;19,9;78;75;77;53;4,2;2,6;
2023/01/18;0200 UTC;0;965,7;966;965,7;;23,6;20,2;24,4;23,6;20,6;19,9;81;77;81;51;4,5;2,3;
2023/01/18;0300 UTC;0;965,5;965,7;965,5;;24,1;20,1;24,2;23,4;20,3;19,9;82;78;78;77;3,5;1,5;
2023/01/18;0400 UTC;0;965,5;965,6;965,4;;23,4;20,3;24,2;22,5;20,4;19,6;86;77;83;21;2,6;1;
2023/01/18;0500 UTC;0;965;965,5;965;;23,4;19,8;23,8;23,4;20,3;19,7;83;79;80;66;2,5;1,2;
2023/01/18;0600 UTC;0;964,7;965,1;964,7;;22,8;20,2;23,4;22,4;20,4;19,6;87;80;86;155;2,1;,6;
2023/01/18;0700 UTC;0;964,5;964,7;964,5;;22,6;19,7;23;22,5;20,5;19,7;86;83;84;60;2;,6;
2023/01/18;0800 UTC;0;964,8;964,8;964,5;;22,7;20,3;22,7;21,9;20,3;19,5;87;84;86;72;2,7;1,1;
2023/01/18;0900 UTC;0;965,4;965,4;964,8;19,1;23;20,6;23,1;22,7;20,7;20,3;86;86;86;120;3,4;2,2;
2023/01/18;1000 UTC;0;965,9;965,9;965,4;236,6;23,5;20,6;23,5;23;20,8;20,5;86;84;84;138;3,5;1,3;
2023/01/18;1100 UTC;0;966,2;966,2;965,9;1245,7;25,1;20;25,8;23,5;21,1;19,8;84;72;74;111;3,4;1,7;
2023/01/18;1200 UTC;0;966,4;966,4;966,1;1663,4;25,7;19,8;26,7;25;21;19,3;75;66;70;77;4;1,7;
2023/01/18;1300 UTC;0;966,3;966,5;966,3;2422,9;27,2;19,3;28,6;25,5;20,5;19,1;70;58;62;11;3,9;1,8;
2023/01/18;1400 UTC;0;965,8;966,3;965,8;2732,8;27,8;18,9;29,7;27,2;20,5;18,9;64;55;58;246;3,7;1,7;
2023/01/18;1500 UTC;0;965,1;965,8;965,1;3523,4;30,4;18;31;27,8;20,3;18;60;48;48;65;4,1;1,2;
2023/01/18;1600 UTC;0;964,2;965,1;964,2;3994,3;31,5;18,7;32,3;29,9;20,4;17,7;51;44;47;63;4,5;1,7;
2023/01/18;1700 UTC;0;963,4;964,2;963,4;2664;31,6;17,3;32,3;30,7;19,6;16,7;49;41;43;44;4,4;1,8;
2023/01/18;1800 UTC;0;962,7;963,4;962,7;2961,2;31,2;17,4;33,3;29,9;18,4;16,3;47;38;44;337;8,3;3;
2023/01/18;1900 UTC;0;962,3;962,7;962;1951,5;30,9;17,6;33,8;30,9;18,9;16,7;45;37;45;210;5,3;1,8;
2023/01/18;2000 UTC;9,6;963,5;963,5;962,1;69;20,4;18,2;30,9;19,9;20,9;16,6;90;43;87;311;17,3;10,1;
2023/01/18;2100 UTC;0;964,6;964,6;963,4;109,7;21,9;19,6;22,4;20,4;19,6;18,2;87;82;86;8;15,8;2,1;
2023/01/18;2200 UTC;,2;965,1;965,3;964,6;61;21,7;18,7;22;21,5;19,7;18,6;87;82;83;49;5,6;1,5;
2023/01/18;2300 UTC;1,2;965,2;965,5;965;;21,3;18,8;21,7;21,1;19;18,4;87;83;86;282;3,3;,3;
2023/01/19;0000 UTC;0;965,9;965,9;965,2;;20,6;18,7;21,6;20,5;19,2;18,5;89;84;89;11;2,3;1,8;
2023/01/19;0100 UTC;0;966,9;966,9;965,9;;21;19,2;21,2;20,5;19,4;18,7;90;89;89;12;2,4;,9;
2023/01/19;0200 UTC;,2;967,1;967,1;966,9;;21;19,2;21,3;20,9;19,4;19,1;90;88;90;330;2,2;,6;
2023/01/19;0300 UTC;0;966,6;967,1;966,4;;21,1;19,4;21,4;20,9;19,7;19,1;90;90;90;293;2,8;1,8;
2023/01/19;0400 UTC;0;965,9;966,6;965,9;;21;19,3;21,1;20,9;19,5;19,2;90;90;90;355;3,3;1,2;
2023/01/19;0500 UTC;0;964,7;965,9;964,7;;21,3;19,4;21,4;21;19,6;19,3;90;89;89;99;3,6;2,3;
2023/01/19;0600 UTC;0;964,7;964,8;964,7;;21,2;19,5;21,5;21,2;19,7;19,4;90;89;90;44;4,3;,8;
2023/01/19;0700 UTC;0;964,5;964,8;964,4;;20,9;19,4;21,3;20,9;19,6;19,4;91;90;91;9;2,5;1,6;
2023/01/19;0800 UTC;0;964,3;964,5;964,2;;21;19,3;21,1;20,8;19,5;19,1;91;90;90;48;2,5;1,4;
2023/01/19;0900 UTC;0;965,2;965,2;964,4;46;21,5;19,7;21,5;21;19,7;19,3;90;90;90;96;2,3;1,3;
2023/01/19;1000 UTC;0;965,5;965,5;965,2;461,6;22,8;20,4;23,2;21,5;21;19,7;90;86;86;92;2,3;1;
2023/01/19;1100 UTC;0;965,7;965,7;965,5;900,2;23,6;20,1;23,6;22,6;20,6;19,8;86;80;81;243;2,9;1;
2023/01/19;1200 UTC;0;966;966;965,7;1931,3;24,8;20,1;26;23,5;21;19,7;81;71;75;318;3;1,6;
2023/01/19;1300 UTC;0;965,8;966;965,8;1628,2;25,9;19,6;25,9;24,8;20,8;19,5;75;68;69;353;2,9;1,4;
2023/01/19;1400 UTC;0;965,3;965,8;965,3;2918,2;28,9;19,2;28,9;25,8;20,2;18,3;70;56;56;118;5;2,5;
2023/01/19;1500 UTC;0;964,3;965,3;964,3;3844,6;30,5;19,7;30,5;27,9;20,4;18;59;50;53;90;5,4;2,6;
2023/01/19;1600 UTC;0;963,9;964,3;963,9;2145,1;29,1;19,4;30,8;28,9;19,4;18;56;48;56;171;5,4;1,4;
2023/01/19;1700 UTC;0;963,5;963,9;963,5;2486,2;29,6;16,4;30,4;25,7;19,3;15,6;58;45;45;344;9,4;3,5;
2023/01/19;1800 UTC;0;962,6;963,6;962,6;2896;27,9;16;29,6;27,8;17,5;15,2;51;44;48;29;8,1;3,5;
2023/01/19;1900 UTC;0;961,8;962,6;961,7;1111,6;26,9;17,7;29,1;26,9;17,7;15,5;57;45;57;70;5,8;2,8;
2023/01/19;2000 UTC;0;962,2;962,3;961,8;221,2;26;16,8;26,9;26;19;16,7;65;56;57;100;4,5;2,6;
2023/01/19;2100 UTC;0;962,7;962,9;962,2;90,1;24,9;17,9;26;24,9;18,1;16,5;66;56;65;63;5,3;1,6;
2023/01/19;2200 UTC;0;963,8;963,8;962,7;11,3;22,5;18,3;24,9;22,5;18,6;18,1;77;65;77;268;5,6;2,6;
2023/01/19;2300 UTC;0;964,1;964,1;963,6;;22,1;19;22,7;22,1;19;18,3;82;77;82;279;5,4;1,6;
2023/01/20;0000 UTC;0;965;965;964,1;;22,2;19,2;22,4;21,9;19,2;18,8;83;81;83;317;2,8;1;
2023/01/20;0100 UTC;0;965,1;965,1;964,9;;21,6;18,9;22,3;21,6;19,2;18,5;84;80;84;329;3;1;
2023/01/20;0200 UTC;0;965,1;965,3;965;;21,5;19,3;21,7;21,5;19,4;18,9;87;84;87;305;3,2;1,6;
2023/01/20;0300 UTC;0;965;965,3;965;;21,5;19,3;21,6;21,4;19,5;19,3;88;87;87;8;3,2;1,2;
2023/01/20;0400 UTC;0;964,3;965;964,3;;21,4;19,4;21,7;21,3;19,5;19,1;88;87;88;25;1,9;1,3;
2023/01/20;0500 UTC;0;963,4;964,3;963,4;;21,1;19,1;21,7;21,1;19,6;19,1;88;87;88;247;3;1,5;
2023/01/20;0600 UTC;0;962,8;963,4;962,7;;21,6;19,3;21,7;21;19,5;19;88;86;86;111;3,5;2,4;
2023/01/20;0700 UTC;0;962,5;962,8;962,3;;20,3;18;21,6;20,3;19,3;17,7;87;81;87;336;5,9;,8;
2023/01/20;0800 UTC;0;962,5;962,5;962,4;;20,7;17,5;20,8;20,3;18,2;17,5;87;82;82;89;2,5;1,2;
2023/01/20;0900 UTC;0;962,7;962,7;962,5;34,2;20,6;17,9;20,7;20;18,1;17,4;86;82;85;60;2,5;1,3;
2023/01/20;1000 UTC;0;963,1;963,1;962,7;263,1;21,2;18,4;21,3;20,6;18,4;17,7;85;82;84;31;2,2;,5;
2023/01/20;1100 UTC;0;963,2;963,3;963,1;560,2;21,8;18,4;22;21;19,1;18,1;85;81;81;318;2,6;1,5;
2023/01/20;1200 UTC;0;963,6;963,6;963,2;1272,7;23,5;18,8;23,8;21,8;19,1;18,1;82;73;75;215;3,5;1,1;
2023/01/20;1300 UTC;0;963,6;963,7;963,6;1434,7;24,4;17,1;25;23,5;18,9;16,9;75;63;64;107;4,5;1,6;
2023/01/20;1400 UTC;0;963,3;963,6;963,3;1674,9;26,1;18,1;26,2;24,4;18,4;17,2;66;60;61;268;3;1,6;
2023/01/20;1500 UTC;0;962,9;963,3;962,9;1462,3;25,4;18,5;26,7;25,4;18,7;17,3;66;57;66;300;4,1;2,2;
2023/01/20;1600 UTC;0;962,6;962,9;962,6;756,3;24,5;19,3;25,4;24,5;19,5;18,5;74;66;73;295;4,1;2,4;
2023/01/20;1700 UTC;0;961,6;962,6;961,6;1198,6;24,9;19,8;25,7;24,2;19,8;18,7;75;66;73;268;4;2,5;
2023/01/20;1800 UTC;0;960,6;961,6;960,6;993,4;24,9;19,7;25,1;24,5;20,3;18,1;77;66;73;290;3,9;2,5;
2023/01/20;1900 UTC;0;960,4;960,6;960,3;658,2;23,9;18,1;24,9;23,9;19,9;17,7;74;65;70;248;4,6;2,3;
2023/01/20;2000 UTC;1,2;960,3;960,4;960,2;306,1;22,8;19,9;23,9;22,6;19,9;18,3;84;70;84;258;3,3;1;
2023/01/20;2100 UTC;1,2;960,4;960,5;960,3;99,3;21,8;19,6;22,8;21,8;20,1;19,6;88;84;88;62;3,2;1,9;
2023/01/20;2200 UTC;0;961,1;961,1;960,4;47,8;21,4;19,1;21,8;21,4;19,7;19,1;88;87;87;87;3,8;1,9;
2023/01/20;2300 UTC;0;961,2;961,2;961;,1;21,5;19;21,5;21,4;19,2;19;87;86;86;50;3,5;,7;
2023/01/21;0000 UTC;0;961,7;961,7;961,2;;21,2;19;21,6;21,2;19,2;19;87;86;87;34;2,5;,6;
2023/01/21;0100 UTC;0;961,9;961,9;961,6;;21,5;19,5;21,5;21,1;19,6;19;89;87;89;75;2,1;1,1;
2023/01/21;0200 UTC;0;961,3;961,9;961,3;;21,1;19,5;21,5;20,8;19,5;19,1;90;88;90;54;2;,8;
2023/01/21;0300 UTC;0;960,3;961,3;960,2;;21;19,3;21,1;21;19,5;19,3;90;90;90;104;2,5;1,2;
2023/01/21;0400 UTC;0;959,3;960,3;959,3;;20,8;19,1;21,1;20,7;19,4;19;90;90;90;159;3,1;,9;
2023/01/21;0500 UTC;0;959,1;959,6;959,1;;20,9;18,9;20,9;20,7;19,1;18,8;90;88;88;185;2,4;,6;
2023/01/21;0600 UTC;0;958,7;959,1;958,6;;21,1;18,8;21,1;20,9;18,9;18,6;88;87;87;133;2,1;,9;
2023/01/21;0700 UTC;0;958,5;958,9;958,5;;20,5;18,9;21,1;20,4;18,9;18,5;90;86;90;343;2,4;1,2;
2023/01/21;0800 UTC;0;958,3;958,6;958,3;;20,6;19;20,7;20,4;19,1;18,8;91;90;91;83;2,3;1;
2023/01/21;0900 UTC;0;958,6;958,6;958,2;28,4;20,7;19,2;20,7;20,5;19,2;18,9;91;90;91;119;1,7;,9;
2023/01/21;1000 UTC;0;959,4;959,4;958,6;339,4;21,1;19,5;21,2;20,7;19,7;19,1;91;90;90;318;3,2;2,2;
2023/01/21;1100 UTC;0;959,3;959,4;959;894,5;22,4;19;22,5;21,1;20;19;90;81;81;202;3,7;,8;
2023/01/21;1200 UTC;0;959,8;959,8;959,3;870,8;22,9;19,1;23;22,2;19,4;18,6;82;79;79;254;2,7;1,4;
2023/01/21;1300 UTC;0;959,7;959,9;959,7;1627,9;24,7;18,6;24,9;22,9;19,6;18,6;80;69;69;302;3,4;1,5;
2023/01/21;1400 UTC;,2;959,2;959,7;959,2;2632,7;26,1;19,5;26,2;24,5;19,9;18,1;72;65;67;323;4,1;1,3;
2023/01/21;1500 UTC;0;958,5;959,2;958,5;3432,4;26,7;19,6;27,5;25,6;20,5;18,5;70;62;65;67;5,1;2,4;
2023/01/21;1600 UTC;0;957,7;958,5;957,7;3509,7;28,3;19,3;28,4;26,4;20,2;18,3;65;56;58;58;6,1;2,1;
2023/01/21;1700 UTC;0;957,4;957,7;957,2;1431,1;24,7;19,7;28,8;24,6;20,1;18,4;75;55;74;133;8,9;3,2;
2023/01/21;1800 UTC;4,4;957,2;957,9;957,2;479,1;22,9;17,8;25,2;22,7;21,2;17,8;85;72;73;182;7,7;3,6;
2023/01/21;1900 UTC;4;957,2;957,8;957,2;1441,6;24,1;20,3;24,1;21,2;21,1;18;89;72;80;122;6,2;2,4;
2023/01/21;2000 UTC;,2;957,4;957,5;957,2;928,7;24,2;20,3;24,7;24,1;21;19,8;81;74;79;117;6,6;3,8;
2023/01/21;2100 UTC;0;957,8;957,8;957,2;371,8;22,8;19,2;24,4;22,8;20,3;19;80;75;80;134;8,8;2,9;
2023/01/21;2200 UTC;2,4;958,4;958,4;957,8;15,5;22;20,2;22,8;21,8;20,2;19;89;80;89;83;5,4;1,3;
2023/01/21;2300 UTC;1,2;959,3;959,3;958,4;;22,2;20,3;22,2;22;20,4;20,1;90;89;89;46;3,7;1,3;
2023/01/22;0000 UTC;0;959,7;959,7;959,3;;22;20,2;22,3;22;20,4;20,1;90;89;89;43;2,8;1;
2023/01/22;0100 UTC;0;960,2;960,2;959,6;;22,2;20,3;22,3;22;20,4;20,1;89;89;89;129;2,8;1,6;
2023/01/22;0200 UTC;0;960,2;960,4;960,2;;21,2;19,5;22,2;21,2;20,4;19,4;90;88;90;355;3,5;1;
2023/01/22;0300 UTC;0;959,7;960,2;959,7;;21;19,5;21,2;20,8;19,5;19,3;91;90;91;193;2,1;,3;
2023/01/22;0400 UTC;0;959,1;959,7;959,1;;20,5;19,1;21,1;20,5;19,6;19,1;92;91;92;311;1,3;,8;
2023/01/22;0500 UTC;0;958,5;959,2;958,5;;20,6;19,3;20,6;20,3;19,3;18,9;92;91;92;303;1,9;,6;
2023/01/22;0600 UTC;0;958,3;958,5;958,2;;20,6;19,2;20,6;20,5;19,3;19,2;92;92;92;191;1,3;,7;
2023/01/22;0700 UTC;0;958,3;958,3;958,1;,2;20,3;19,1;20,7;20,3;19,4;19;93;92;93;107;1,5;,9;
2023/01/22;0800 UTC;0;958,3;958,3;958,1;;20,5;19,2;20,5;20,3;19,2;19,1;93;93;93;20;1,3;,6;
2023/01/22;0900 UTC;0;958,8;958,8;958,3;19,5;20,1;18,9;20,5;20,1;19,2;18,9;93;93;93;287;1,8;,8;
2023/01/22;1000 UTC;0;959,1;959,2;958,8;185,2;20,2;19;20,3;19,9;19,1;18,7;93;93;93;234;2,6;,9;
2023/01/22;1100 UTC;0;959,5;959,5;959,1;399,3;20,3;19,1;20,4;20;19,2;18,8;93;93;93;239;2,6;,6;
2023/01/22;1200 UTC;0;959,4;959,6;959,4;852;21,9;20,5;21,9;20,3;20,5;19,2;93;92;92;255;2,9;,6;
2023/01/22;1300 UTC;0;959,2;959,5;959,2;2668,8;24,6;19,8;25;21,8;21,5;19,8;92;75;75;128;3,7;1,4;
2023/01/22;1400 UTC;0;958,5;959,2;958,5;3503,8;27,9;20,2;28;24,5;21,2;19,4;77;63;63;294;4;1,1;
2023/01/22;1500 UTC;0;957,7;958,5;957,7;3882,3;29,7;18,4;29,7;27,3;20,5;18,3;64;51;51;269;5,2;3,1;
2023/01/22;1600 UTC;0;957;957,7;957;3579,8;31,6;17;32;29,7;19,1;15,8;52;39;42;243;6,1;2,4;
2023/01/22;1700 UTC;0;956,2;957;956,2;3551,4;32,4;14,8;33,3;31,6;17,6;14,8;42;34;35;314;6,1;2,9;
2023/01/22;1800 UTC;0;955,8;956,2;955,8;2972,1;33,1;16,4;33,6;31,9;17,3;14,5;40;34;37;257;5,1;1,4;
2023/01/22;1900 UTC;0;955,2;955,8;955,2;1530,1;31;17,2;33,9;31;17,6;15,2;45;34;43;24;4,3;1,2;
2023/01/22;2000 UTC;0;955,5;955,5;955,1;849,5;30,6;19,4;31,4;30,5;19,4;17,2;51;43;51;119;6,9;3,3;
2023/01/22;2100 UTC;0;956,1;956,1;955,5;641,4;28,9;19,5;30,6;28,9;20,1;19,1;58;51;57;118;9,7;5,2;
2023/01/22;2200 UTC;0;957,3;957,3;956,1;64,2;26,7;19,6;28,9;26,7;19,7;19,2;66;57;65;6;8,7;1,7;
2023/01/22;2300 UTC;0;958,3;958,3;957,3;;24,4;20,6;26,7;24,4;20,6;19,7;79;65;79;348;6,2;1,6;
2023/01/23;0000 UTC;0;959,3;959,3;958,3;;25,5;19,4;25,6;24,3;20,8;19,3;80;69;69;40;4,8;2,6;
2023/01/23;0100 UTC;0;959,7;959,7;959,3;;24,5;18,9;25,5;24,4;19,4;18,8;71;69;71;19;5,4;2,1;
2023/01/23;0200 UTC;0;959,8;960,1;959,7;;23,7;19;24,5;23,7;19,1;18,8;75;71;75;94;3,2;1,2;
2023/01/23;0300 UTC;0;959,6;959,8;959,5;;23,2;19,2;23,7;23,2;19,4;18,8;79;74;78;118;2,2;1,8;
2023/01/23;0400 UTC;0;959,6;959,7;959,6;;22,8;19,2;23,2;22,6;19,3;19,1;80;78;80;87;2,3;1,2;
2023/01/23;0500 UTC;0;959;959,6;959;;22,3;19,4;22,8;21,5;20;18,8;88;80;84;199;2,5;,6;
2023/01/23;0600 UTC;0;958,6;959,1;958,6;;21,8;19,2;22,5;21,8;19,5;19,2;85;83;85;28;1,9;1,3;
2023/01/23;0700 UTC;0;958,8;958,8;958,6;;21,5;19,2;22;21,5;19,5;19,2;87;85;87;154;2,1;,5;
2023/01/23;0800 UTC;0;959,2;959,2;958,7;;20,5;18,8;21,8;20,5;19,6;18,7;90;87;90;279;1,9;1,2;
2023/01/23;0900 UTC;0;959,7;959,7;959;54,4;20,6;19;20,6;20,3;19;18,7;91;90;91;279;2;,8;
2023/01/23;1000 UTC;0;960,1;960,1;959,7;481,5;21,9;19,7;22,4;20,6;20,4;19,1;91;86;87;333;2,2;1,5;
2023/01/23;1100 UTC;0;960,3;960,3;960,1;1288,5;25,1;20;25,1;21,8;20,5;19,5;88;73;74;20;2,2;1,1;
2023/01/23;1200 UTC;0;960,4;960,5;960,3;1629,2;25,8;19,9;26,3;25,1;20,7;19,3;73;68;70;276;2,7;1,1;
2023/01/23;1300 UTC;0;960,3;960,4;960,2;1516,4;27,2;19,5;27,2;25,8;20,6;19,5;71;63;63;10;2,7;,9;
2023/01/23;1400 UTC;0;959,9;960,3;959,9;2256,4;29;19,9;29;26,8;20,7;19,2;65;57;58;288;2,8;1,1;
2023/01/23;1500 UTC;0;959,7;959,9;959,7;2577,3;29,2;19,5;29,7;28,3;20,3;18,7;58;54;56;277;3,8;1,4;
2023/01/23;1600 UTC;0;959,1;959,7;959,1;1691,4;28,7;19,8;30,4;28,7;20,6;19,1;59;53;59;329;3,3;2;
2023/01/23;1700 UTC;0;958,1;959,1;958,1;720,7;25,4;20,2;28,7;25,4;21,4;19,3;76;58;73;331;5,9;2,9;
2023/01/23;1800 UTC;0;958,1;958,4;958;2094,3;29,5;21,5;29,5;25,2;21,7;19,6;73;62;62;108;5,2;1,6;
2023/01/23;1900 UTC;0;957,6;958,2;957,4;883,7;27,5;21,1;29,5;27,5;21,4;19,5;68;58;68;332;5;2,6;
2023/01/23;2000 UTC;0;957,4;957,6;957,3;412,6;27,6;20,8;27,6;27;21,2;19,8;70;64;67;52;4,4;,9;
2023/01/23;2100 UTC;0;958,3;958,3;957,4;138;25,1;19,2;27,8;25,1;21,1;18,5;70;60;70;79;8,6;5;
2023/01/23;2200 UTC;12,8;960,1;960,1;958,2;5,9;22,3;20,6;25,1;22,3;20,6;19,3;90;70;90;328;8,6;2,2;
2023/01/23;2300 UTC;3,2;960,5;960,6;960,1;1;21,6;20;22,3;21,6;20,5;20;91;90;91;323;5,6;2,5;
2023/01/24;0000 UTC;1,6;960,8;960,8;960,5;0;21,7;20,1;21,7;21,6;20,1;20;91;91;91;7;4,2;,9;
2023/01/24;0100 UTC;,8;961,2;961,3;960,8;;21,7;20,1;21,9;21,6;20,3;20;91;90;91;182;2,4;,8;
2023/01/24;0200 UTC;,4;961,2;961,3;961,2;;21,3;19,9;21,8;21,3;20,2;19,9;91;90;91;343;2,2;1,4;
2023/01/24;0300 UTC;0;960,3;961,2;960,3;;21,4;20;21,4;21,2;20;19,8;92;91;92;14;2,2;1,1;
2023/01/24;0400 UTC;0;959,5;960,3;959,5;;21,4;19,9;21,4;21,3;20;19,9;92;92;92;263;2,1;1,2;
2023/01/24;0500 UTC;0;958,3;959,5;958,3;;21;19,6;21,4;20,9;19,9;19,6;92;91;92;22;2,1;1,4;
2023/01/24;0600 UTC;0;957,8;958,3;957,8;;21;19,6;21,1;20,9;19,7;19,5;92;92;92;120;2,5;,4;
2023/01/24;0700 UTC;0;957,6;957,9;957,6;;20,9;19,6;21,1;20,9;19,7;19,5;92;92;92;245;1,5;,4;
2023/01/24;0800 UTC;0;958,2;958,2;957,6;;20,9;19,5;21,1;20,9;19,7;19,5;92;92;92;331;1,1;,5;
2023/01/24;0900 UTC;0;958,9;958,9;958,2;18,1;21;19,6;21;20,8;19,6;19,5;92;92;92;291;1,1;,5;
2023/01/24;1000 UTC;0;959,5;959,5;958,9;355,6;21,5;20;21,5;20,9;20,1;19,5;92;92;92;295;2,1;1;
2023/01/24;1100 UTC;0;960;960;959,4;515,7;22,4;20,7;22,6;21,5;20,9;20,1;92;90;90;295;1,8;1,1;
2023/01/24;1200 UTC;0;959,9;960,1;959,8;770,9;23,1;20,6;23,4;22,2;21,2;20,4;90;86;86;337;2;1;
2023/01/24;1300 UTC;,2;960,1;960,1;959,9;848,9;23,9;20,5;24;23,1;21;20,3;87;81;81;241;2,3;,5;
2023/01/24;1400 UTC;0;960,2;960,3;960,1;1277,6;25;20,6;25,3;23,8;21,2;20,1;82;76;77;312;2,3;1,2;
2023/01/24;1500 UTC;0;959,5;960,2;959,5;1872,7;26,4;20,4;26,4;24,5;21,1;20;78;70;70;91;2,4;1;
2023/01/24;1600 UTC;0;958,8;959,5;958,8;1619,9;26,2;20,3;26,8;25,7;20,8;19,7;73;67;70;20;3,8;2,2;
2023/01/24;1700 UTC;0;958,2;958,8;958,2;2121,4;27,7;19,9;27,8;26,2;20,8;19,4;70;62;63;84;3,9;,7;
2023/01/24;1800 UTC;0;957,7;958,2;957,7;1061;26,5;20;28;26,5;20,6;19,4;68;61;67;15;4;2,7;
2023/01/24;1900 UTC;0;957,1;957,7;957;1626,5;27,1;20,2;27,3;26,5;20,8;19,7;69;65;66;41;4,2;2,1;
2023/01/24;2000 UTC;0;957,7;957,7;956,9;1076,2;26,3;19,8;27,3;26,3;20,2;19,2;67;63;67;99;6,3;3,8;
2023/01/24;2100 UTC;0;958,2;958,2;957,6;510,9;24,5;20,6;26,3;24,4;20,7;19,9;79;67;79;97;8,7;3,6;
2023/01/24;2200 UTC;6,8;959,8;959,9;958,2;72;22,5;20,3;24,5;22,5;20,7;20,1;87;79;87;165;7,6;2,4;
2023/01/24;2300 UTC;7,8;960,4;960,4;959,8;1,3;22,2;20,6;22,7;22,2;21;20,2;91;87;91;67;4,7;2,2;
2023/01/25;0000 UTC;,2;961,2;961,2;960,4;,4;22,3;20,7;22,4;22,2;20,7;20,6;91;90;90;38;4,4;1,7;
2023/01/25;0100 UTC;1;961,9;961,9;961,2;,4;22,3;20,7;22,3;22,1;20,7;20,5;91;90;91;38;2,8;,7;
2023/01/25;0200 UTC;0;961,7;962,1;961,7;,4;22,4;20,8;22,4;22;20,8;20,4;91;90;90;39;2,3;1,8;
2023/01/25;0300 UTC;0;961,2;961,9;961,2;1,5;22,3;20,4;22,5;22,2;20,8;20,4;90;89;89;48;3;1,9;
2023/01/25;0400 UTC;0;961,2;961,5;961,2;,4;21,9;20;22,3;21,9;20,4;20;89;88;89;12;3,3;1,5;
2023/01/25;0500 UTC;0;960,8;961,2;960,8;,1;21,4;19,7;21,9;21,4;20,1;19,7;90;89;90;348;2,5;1;
2023/01/25;0600 UTC;0;960,4;960,8;960,4;;21,6;19,8;21,6;21,2;19,8;19,5;90;89;89;357;2,4;1;
2023/01/25;0700 UTC;0;960,3;960,4;960,3;;20,7;19,1;21,7;20,7;19,8;19,1;91;89;90;88;1,5;,6;
2023/01/25;0800 UTC;0;960,7;960,7;960,3;;20,1;18,7;20,7;20,1;19,1;18,6;92;90;92;287;1,5;1;
2023/01/25;0900 UTC;0;961,1;961,1;960,7;18,2;20,2;18,9;20,4;20,1;19,1;18,7;92;92;92;336;1,3;,6;
2023/01/25;1000 UTC;0;961,6;961,6;961,1;243;20,9;19,6;21,1;20,1;19,8;18,8;92;92;92;71;2,2;1,4;
2023/01/25;1100 UTC;0;962,3;962,3;961,6;508,6;21,6;20,1;21,6;20,9;20,2;19,5;92;91;91;254;2,2;,5;
2023/01/25;1200 UTC;0;962,6;962,6;962,3;699,9;22,2;20,1;22,2;21,4;20,3;19,8;91;88;88;66;2,7;1,1;
2023/01/25;1300 UTC;0;962,5;962,7;962,5;2537,5;24,8;19,8;24,8;22;20,8;19,5;88;74;74;84;4;1,9;
2023/01/25;1400 UTC;,2;962,1;962,5;962,1;3547,9;27,4;19,6;27,7;24,6;20,8;18,3;75;60;62;66;4,2;1,9;
2023/01/25;1500 UTC;0;961,4;962,1;961,4;3855,8;28,3;17,1;28,7;27,1;19;15,9;62;48;51;47;5,3;2,2;
2023/01/25;1600 UTC;0;960,8;961,4;960,8;4084,9;29,8;16,9;30;28,1;18,4;16,1;54;44;46;80;5,5;3,5;
2023/01/25;1700 UTC;0;960,2;960,8;960,1;3610;29,6;16,3;30,8;29,3;18,5;15,7;49;42;45;111;6,4;2,7;
2023/01/25;1800 UTC;0;959,8;960,2;959,7;2856;29;17;31,2;29;18,6;16,3;50;43;48;99;7,9;4,2;
2023/01/25;1900 UTC;0;959,2;959,8;959,1;2439,6;30;16,2;31,1;29;17,5;15,9;49;41;43;108;7,7;4,6;
2023/01/25;2000 UTC;0;959,2;959,2;959;1559;28,8;18,4;30;28,8;18,5;15,8;54;43;54;103;9,4;4,7;
2023/01/25;2100 UTC;0;959,9;959,9;959,2;732,3;27,2;15,8;28,8;27,2;19;15,2;58;47;50;117;9,9;5,4;
2023/01/25;2200 UTC;0;960,9;960,9;959,9;53,5;25,4;16,8;27,1;25,4;17;16;59;50;59;88;9,9;4,3;
2023/01/25;2300 UTC;0;962;962;960,9;;24,1;16,9;25,4;24,1;17,2;16,8;65;59;64;73;7,9;3,1;
2023/01/26;0000 UTC;0;962,9;962,9;962;;23,3;17;24,1;23,3;17;16,8;68;64;68;73;5,4;2,4;
2023/01/26;0100 UTC;0;963,8;963,8;962,9;;22,5;17,2;23,3;22,4;17,3;17;73;68;72;20;3,9;1,6;
2023/01/26;0200 UTC;0;964,1;964,1;963,8;;22,1;17,1;22,5;21,6;17,3;17,1;76;72;73;21;3,4;2,1;
2023/01/26;0300 UTC;0;963,9;964,1;963,9;;22,1;15,4;22,6;21,7;17,1;15,3;73;66;66;42;4,1;2,8;
2023/01/26;0400 UTC;0;963,5;963,9;963,5;;21,1;15,8;22,1;21;15,8;15,1;72;66;72;39;4,1;3,2;
2023/01/26;0500 UTC;0;963;963,5;962,9;;19,9;16;21,3;19,9;16;15,5;78;70;78;29;4,7;3;
2023/01/26;0600 UTC;0;962,4;963;962,4;;18,8;15,6;19,9;18,8;16,1;15,5;82;78;82;360;4;1,2;
2023/01/26;0700 UTC;0;962,3;962,4;962,2;;18,3;15,9;19;18,2;16,2;15,5;86;82;86;89;2,8;1,5;
2023/01/26;0800 UTC;0;962,7;962,7;962,3;;16,9;15,1;18,3;16,9;16,1;15;90;86;90;350;2,5;1,5;
2023/01/26;0900 UTC;0;963;963,1;962,7;31,5;17;14,4;17,8;16,5;16,1;14,4;90;85;85;360;2;1,5;
2023/01/26;1000 UTC;0;963,6;963,6;963;583,2;19,9;15,3;19,9;17;15,4;12,4;85;66;75;115;2;1,1;
2023/01/26;1100 UTC;0;963,6;963,7;963,5;1464,8;22,2;15,9;22,2;19,6;16;14,5;75;67;68;96;3,2;1,5;
2023/01/26;1200 UTC;0;963,9;963,9;963,6;2344,7;23,9;16;24,1;22;16,8;15,4;69;60;61;71;5;2,4;
2023/01/26;1300 UTC;0;963,8;963,9;963,7;3114,2;25,2;15,2;26,1;23,4;16,9;14,5;64;51;54;96;5;2,5;
2023/01/26;1400 UTC;0;963,3;963,8;963,3;3622,9;26,9;15,8;26,9;25,1;16;14,3;56;48;51;91;6,6;3,1;
2023/01/26;1500 UTC;0;962,8;963,3;962,8;3916,1;27,9;12;28;26,4;15,4;11,8;50;37;37;97;7,1;3,6;
2023/01/26;1600 UTC;0;962,1;962,8;962,1;3934,5;29;14,4;29,3;27,6;14,4;11,1;43;35;41;106;6,2;2,8;
2023/01/26;1700 UTC;0;961,7;962,1;961,6;3713;29,2;13,4;29,9;28,6;14,5;11,9;42;34;38;80;6,3;3;
2023/01/26;1800 UTC;0;961;961,7;961;3215,1;29,9;14,3;30,2;29,1;14,6;13;40;36;39;85;6,6;3,4;
2023/01/26;1900 UTC;0;960,3;961;960,3;2498;29,4;13,4;30,6;29,3;14,8;12,8;40;36;37;104;7,4;4,1;
2023/01/26;2000 UTC;0;960,5;960,5;960,3;1533,4;28,5;15,3;29,9;28,5;15,4;13,2;45;37;45;106;8,8;5,1;
2023/01/26;2100 UTC;0;961,2;961,2;960,5;723,7;26,4;16,7;28,5;26,4;17;15,4;55;45;55;122;9,5;5,6;
2023/01/26;2200 UTC;0;961,9;961,9;961,2;116,6;24,9;16,4;26,4;24,9;16,8;16,2;59;55;59;105;8,1;3,9;
2023/01/26;2300 UTC;0;963;963;961,9;;23,3;17,2;24,9;23,3;17,2;16,4;68;59;68;66;7,1;2,8;
2023/01/27;0000 UTC;0;963,8;963,8;963;;22,5;17,1;23,4;22,5;17,4;17,1;72;69;72;48;4,9;3;
2023/01/27;0100 UTC;0;964,4;964,4;963,8;;22;16,9;22,7;22;17,2;16,9;73;71;73;79;4,9;3,1;
2023/01/27;0200 UTC;0;964,4;964,5;964,4;;21,8;17,5;22;21,7;17,6;16,9;77;73;77;97;5;2,7;
2023/01/27;0300 UTC;0;964,3;964,6;964,3;;21,4;17,7;21,8;21,3;17,7;17,4;79;77;79;81;4,3;1,7;
2023/01/27;0400 UTC;0;963,8;964,3;963,8;;21,3;17,8;21,4;21,3;17,9;17,6;81;79;81;93;2,8;1,7;
2023/01/27;0500 UTC;0;963,4;963,8;963,4;;20,9;17,7;21,3;20,9;17,9;17,7;82;81;82;74;3,3;1,1;
2023/01/27;0600 UTC;0;963;963,4;962,9;;20,6;17,5;20,9;20,6;17,9;17,5;84;82;83;101;2,9;1,7;
2023/01/27;0700 UTC;0;963,1;963,2;962,8;;19,2;17,2;20,6;19,1;17,5;17;88;83;88;348;2,7;1;
2023/01/27;0800 UTC;0;963;963,1;962,9;;19,4;17,6;19,8;19;18;17,1;90;88;90;349;1,5;,9;
2023/01/27;0900 UTC;0;963,4;963,4;962,9;7,4;19,8;18;19,8;19,3;18;17,6;90;89;89;19;1,9;1,3;
2023/01/27;1000 UTC;0;964,2;964,2;963,4;133,9;20,8;18,4;20,8;19,8;18,4;18;89;86;87;92;2,3;1,3;
2023/01/27;1100 UTC;0;964,4;964,4;964,2;681,4;22,2;18,5;22,2;20,8;18,7;18,1;87;79;79;140;2,3;,8;
2023/01/27;1200 UTC;0;964,4;964,5;964,4;1438,4;24,6;18,7;24,9;22,2;19,8;18,2;79;69;69;149;2,9;1,3;
2023/01/27;1300 UTC;0;964,1;964,4;964,1;2865,5;26,8;18,9;27,2;24,3;19,5;17,9;71;59;62;90;7,1;2,9;
2023/01/27;1400 UTC;0;963,6;964,1;963,6;2922,4;28,2;18,8;28,6;26;19,6;17,9;65;54;57;76;5,5;2,5;
2023/01/27;1500 UTC;0;962,9;963,6;962,9;3211,6;29,5;19;29,5;27,4;19,2;17,5;58;51;53;121;5,9;3,6;
2023/01/27;1600 UTC;0;962,2;962,9;962,2;3535,8;30,2;17,4;30,9;28,6;19,6;17,4;56;46;47;152;5,9;2,1;
2023/01/27;1700 UTC;0;961,2;962,2;961,2;3596,6;31;18;31,8;29,3;19,5;17;51;44;46;107;6,1;1,9;
2023/01/27;1800 UTC;0;960,9;961,2;960,9;1246;29,9;18;31,1;29,8;18,6;17,1;51;44;49;55;5,5;1,1;
2023/01/27;1900 UTC;0;960,5;960,9;960,5;521,3;26,6;21,2;29,9;26,4;21,4;17,9;73;49;72;282;5,8;2,2;
2023/01/27;2000 UTC;0;961,2;961,2;960,5;520,4;26,9;20,1;27;26,5;21,3;19,9;72;66;66;7;5,6;3,7;
2023/01/27;2100 UTC;0;962,1;962,1;961,2;553,9;23,8;19,2;27;23,6;20,1;18,1;76;64;75;80;10,9;2,1;
2023/01/27;2200 UTC;0;962,8;962,8;962,1;86,6;23,3;19,4;23,8;23,2;19,4;18,7;79;73;79;52;5,2;2;
2023/01/27;2300 UTC;0;963,4;963,4;962,8;;23,4;19,6;23,5;22,8;19,7;19,3;81;78;80;93;4,3;2,5;
2023/01/28;0000 UTC;5,4;964;964;963,4;;22,4;20,6;23,4;22,3;20,6;19,7;89;80;89;54;7,6;4;
2023/01/28;0100 UTC;,2;964,6;964,6;964;,4;22,4;20,4;22,7;22,4;20,7;20,4;89;88;88;6;6,1;1,5;
2023/01/28;0200 UTC;0;964,6;964,8;964,6;,4;22,8;20,7;23,1;22,4;20,9;20,4;89;87;88;44;2,6;1,1;
2023/01/28;0300 UTC;,8;964,2;964,6;964,2;;22,7;20,6;22,9;22,6;20,8;20,6;88;87;88;55;2,4;1,4;
2023/01/28;0400 UTC;,4;963,3;964,2;963,3;;22,1;20;22,7;22,1;20,8;20;90;88;88;86;4,1;2,6;
2023/01/28;0500 UTC;1,2;962,6;963,3;962,6;;21,8;20,1;22,1;21,8;20,1;19,9;90;88;90;97;3,5;,8;
2023/01/28;0600 UTC;0;962,7;962,8;962,4;;21,4;20;21,8;21,4;20,1;19,9;91;90;91;12;2,2;1,2;
2023/01/28;0700 UTC;1;962,8;962,8;962,6;,1;21,6;20;21,7;21,4;20,2;20;91;91;91;72;3,8;1;
2023/01/28;0800 UTC;0;963,4;963,4;962,8;;21,2;19,7;21,6;21,1;20;19,7;91;91;91;5;2,6;,2;
2023/01/28;0900 UTC;0;963,7;963,7;963,4;28,5;21,6;20;21,7;21,2;20,1;19,7;91;91;91;51;2,1;,5;
2023/01/28;1000 UTC;0;964,7;964,7;963,7;279,5;22,4;20,7;22,4;21,3;20,8;19,7;91;90;90;75;1,6;,5;
2023/01/28;1100 UTC;0;965,2;965,2;964,7;909;23,6;20,5;23,7;22,4;21,2;20,2;90;82;83;200;2,7;1;
2023/01/28;1200 UTC;0;965,1;965,3;965,1;2084,3;26,3;20,6;26,3;23,6;21,5;19,8;83;70;71;339;2,7;1;
2023/01/28;1300 UTC;,2;965,3;965,3;965,1;1814,3;27;20,2;27;25,3;20,8;19,5;73;66;66;242;2,6;1,4;
2023/01/28;1400 UTC;0;964,8;965,3;964,8;3066,1;28,3;20,1;29,1;26,4;21,2;19,2;67;58;61;321;3,8;1,8;
2023/01/28;1500 UTC;0;964;964,8;964;3220;29,2;20,1;30,3;28;21,4;19,2;64;55;58;139;5,2;1,3;
2023/01/28;1600 UTC;0;962,8;963,9;962,8;2804,2;31;19,3;31,1;29,1;20,4;18,4;58;49;50;32;4,4;1,5;
2023/01/28;1700 UTC;0;962,2;962,9;962,2;3552,8;31,3;18,3;31,9;30,2;20,2;17,8;53;45;46;36;4,4;1,3;
2023/01/28;1800 UTC;0;961,8;962,2;961,8;969,2;28,7;21,3;31,9;28,5;21,6;17,7;66;43;64;2;5,5;3,2;
2023/01/28;1900 UTC;0;961,4;961,8;961,1;1284,1;27,4;19,2;29,4;27,4;21,9;19,2;66;61;61;356;6,9;2,4;
2023/01/28;2000 UTC;0;962,4;962,4;961,3;256,1;26;19;27,6;25,9;20,3;18,3;67;57;66;113;9,4;5;
2023/01/28;2100 UTC;0;964,1;964,4;962,4;38,9;23,2;19,1;26;23,2;19,2;18,1;78;66;78;216;9,8;3,9;
2023/01/28;2200 UTC;,2;964,9;965;964,1;;21,6;19,3;23,2;21,6;19,3;18,9;86;78;86;348;6,5;1,4;
2023/01/28;2300 UTC;2;965,2;965,2;964,9;;21,5;19,8;21,6;21,4;19,8;19,3;90;87;90;228;2;,4;
2023/01/29;0000 UTC;,4;965,8;965,8;965,2;;21,6;19,8;21,6;21,4;19,9;19,7;91;89;90;348;2,6;,2;
2023/01/29;0100 UTC;,4;966;966,2;965,8;;21,3;19,9;21,7;21,3;20;19,7;91;90;91;325;2,6;1,5;
2023/01/29;0200 UTC;0;964,9;966;964,9;;21,4;19,9;21,4;21,2;19,9;19,7;92;91;92;295;2,2;,7;
2023/01/29;0300 UTC;0;964,3;964,8;964,3;;21,4;20;21,4;21,2;20;19,8;92;91;91;194;1,6;1;
2023/01/29;0400 UTC;0;963,5;964,3;963,5;;21,4;20;21,5;21,2;20,1;19,8;92;91;92;60;1,9;,8;
2023/01/29;0500 UTC;0;963;963,5;963;,3;21,6;20,1;21,6;21,4;20,2;19,9;92;91;91;49;2,3;,5;
2023/01/29;0600 UTC;,2;962,6;963;962,6;,1;21,3;19,8;21,6;21,3;20,1;19,8;92;91;92;3;1,6;1,1;
2023/01/29;0700 UTC;,2;962,6;962,6;962,5;;21;19,7;21,3;21;19,9;19,7;92;92;92;324;2,1;,8;
2023/01/29;0800 UTC;0;962,9;962,9;962,6;;21,2;19,9;21,3;21;19,9;19,7;92;92;92;332;2,5;,8;
2023/01/29;0900 UTC;0;963,4;963,4;962,9;17,5;21,3;19,9;21,3;21,1;19,9;19,7;92;92;92;37;2,5;,8;
2023/01/29;1000 UTC;0;963,9;963,9;963,4;268,1;21,8;20,3;21,8;21,2;20,4;19,9;92;91;91;52;1,6;1,1;
2023/01/29;1100 UTC;0;964,3;964,3;963,9;590,1;23;20,7;23;21,7;20,7;20,1;91;87;87;176;2,3;,5;
2023/01/29;1200 UTC;0;964,2;964,4;964,2;1212,5;24,1;20,1;24,1;23;20,9;19,7;87;78;78;302;2,7;,6;
2023/01/29;1300 UTC;0;963,7;964,2;963,7;2424,6;25,6;20,1;26,6;24,1;21,2;19,6;79;69;72;220;3,2;1;
2023/01/29;1400 UTC;0;963,3;963,7;963,3;2262,7;27,1;20;27,3;25,3;20,8;19,3;73;65;65;295;3;1,6;
2023/01/29;1500 UTC;0;962,2;963,3;962,2;3070,8;28,1;19,5;28,9;27;21,2;19,4;66;59;60;50;4,2;1,7;
2023/01/29;1600 UTC;0;961,2;962,2;961,2;2172,1;28,5;20,3;29,1;28;20,7;19,3;64;58;61;294;4,2;1,6;
2023/01/29;1700 UTC;0;960,2;961,2;960,2;2075,1;27,6;20,6;30,8;27,5;21,9;19,7;66;56;66;334;5,1;3,2;
2023/01/29;1800 UTC;0;959,2;960,2;959,2;1868,7;30,4;22,4;30,4;27,3;22,4;20,2;70;62;63;331;5,6;2,8;
2023/01/29;1900 UTC;0;959,7;959,8;958,6;1912,7;25,2;17,4;31,5;25;22,1;16,9;62;50;62;117;15,6;8,7;
2023/01/29;2000 UTC;0;961,2;961,2;959,7;60,1;22,4;19;25,2;22,4;19;17,5;81;62;81;353;15,6;2;
2023/01/29;2100 UTC;8,8;962,4;962,4;961,2;10,7;21,3;19,7;22,4;20,8;19,7;18,7;90;81;90;177;6,9;1,1;
2023/01/29;2200 UTC;5,8;963,6;963,6;962,4;3,1;21,1;19,7;21,5;21,1;19,9;19,6;92;90;92;323;2,5;1,7;
2023/01/29;2300 UTC;4,8;963,3;963,6;963,3;1,4;20,8;19,5;21,1;20,8;19,7;19,4;92;92;92;28;2,6;1,4;
2023/01/30;0000 UTC;,2;963,6;963,6;963,3;,5;21;19,6;21,1;20,8;19,7;19,4;92;92;92;72;2,8;,7;
2023/01/30;0100 UTC;,2;963;963,6;963;;20,9;19,4;21;20,9;19,6;19,4;92;91;91;315;2;,7;
2023/01/30;0200 UTC;0;962,4;963;962,4;,2;20,9;19,5;21,1;20,8;19,7;19,4;92;91;92;26;2,8;1,1;
2023/01/30;0300 UTC;0;962,1;962,4;962;0;20,8;19,5;20,9;20,8;19,6;19,4;92;92;92;340;1,8;1;
2023/01/30;0400 UTC;0;962,3;962,3;962;;20,9;19,6;21;20,8;19,7;19,5;92;92;92;82;5;2,8;
2023/01/30;0500 UTC;,2;961,4;962,3;961,4;;20,9;19,6;20,9;20,8;19,6;19,4;92;92;92;242;5;,8;
2023/01/30;0600 UTC;0;960,8;961,4;960,8;,1;20,7;19,4;21;20,7;19,6;19,4;92;92;92;324;1,8;1,3;
2023/01/30;0700 UTC;0;960,5;960,8;960,5;,1;20,6;19,3;20,7;20,5;19,4;19,2;92;92;92;297;2,5;,9;
2023/01/30;0800 UTC;0;960,5;960,6;960,4;;20,6;19,3;20,6;20,5;19,3;19,2;92;92;92;291;2,2;,7;
2023/01/30;0900 UTC;0;961,2;961,2;960,5;12,5;20,7;19,4;20,7;20,5;19,4;19,2;92;92;92;257;1,5;,6;
2023/01/30;1000 UTC;0;961,7;961,7;961,1;162,8;20,9;19,6;21;20,6;19,6;19,3;92;92;92;303;2,5;1,3;
2023/01/30;1100 UTC;0;962,2;962,2;961,7;322,1;21,8;20,3;21,8;20,8;20,3;19,5;92;91;91;87;3;1,5;
2023/01/30;1200 UTC;0;962,7;962,7;962,2;1330,2;23,5;19,4;23,9;21,7;21,1;19,4;91;77;78;128;3,6;1,2;
2023/01/30;1300 UTC;0;962,8;962,8;962,6;1721,4;25,3;19,7;25,4;23,5;20,4;19,1;79;71;71;280;3,1;,9;
2023/01/30;1400 UTC;,2;962,5;962,8;962,5;1780,5;26;20,3;26,3;25,2;20,4;19,1;73;67;71;293;3,4;1,7;
2023/01/30;1500 UTC;0;961,8;962,5;961,8;2647,5;27,8;20,3;27,8;25,7;21,1;19,7;72;64;64;265;4,5;1,9;
2023/01/30;1600 UTC;0;960,9;961,8;960,9;2321,8;28,9;20,1;29;27,4;21,1;19,8;67;59;59;284;3,9;1,6;
2023/01/30;1700 UTC;0;959,9;960,9;959,9;3054;31;19,6;31,1;28,6;21,1;19,4;62;50;51;230;4,4;2,3;
2023/01/30;1800 UTC;0;959,3;959,9;959,3;2623,9;30,6;19,1;31,5;30,1;20,6;17,8;55;46;50;258;5,1;3;
2023/01/30;1900 UTC;0;958,9;959,3;958,8;1063,4;26,8;20,7;30,6;26,8;21;18,1;70;49;69;315;6,3;3,5;
2023/01/30;2000 UTC;0;960,1;960,4;958,9;671,6;23,4;18,9;27,2;23,3;20,9;18,2;76;67;76;80;14,2;6,5;
2023/01/30;2100 UTC;2;961;961;959,9;213,1;22,2;18,8;23,9;22,2;19,2;18,3;81;71;81;46;10,9;3,6;
2023/01/30;2200 UTC;1;962,2;962,2;961;13,8;21,9;19,8;22,2;21,7;19,8;18,7;88;81;87;121;6;3,1;
2023/01/30;2300 UTC;2;963,1;963,1;962,2;;21,8;20,1;21,9;21,7;20,1;19,7;90;87;90;102;4,6;1,7;
2023/01/31;0000 UTC;1,2;963,7;963,7;963,1;;21,4;19,8;21,8;21,4;20,1;19,8;91;90;91;303;3;1,8;
2023/01/31;0100 UTC;,2;963,9;963,9;963,7;0;21,2;19,8;21,4;21,2;19,9;19,7;92;91;91;352;2,9;1,4;
2023/01/31;0200 UTC;,2;963,7;963,9;963,7;;21,2;19,8;21,4;21,2;19,9;19,8;92;91;92;349;2,5;1,1;
2023/01/31;0300 UTC;,4;963,2;963,8;963,2;;21,4;20;21,4;21,1;20;19,7;92;92;92;132;1,7;,6;
2023/01/31;0400 UTC;,4;962,5;963,2;962,5;;21,3;19,9;21,5;21,2;20;19,8;92;92;92;36;1,4;,2;
2023/01/31;0500 UTC;0;961,9;962,5;961,8;;21,1;19,7;21,3;21,1;19,9;19,7;92;92;92;297;1;,5;
2023/01/31;0600 UTC;0;961,5;961,9;961,5;;20,8;19,5;21,1;20,8;19,8;19,5;92;92;92;323;1,7;,7;
2023/01/31;0700 UTC;0;961,5;961,6;961,4;0;21,1;19,8;21,1;20,8;19,8;19,5;93;92;92;16;2;,4;
2023/01/31;0800 UTC;0;961,8;961,8;961,5;,8;20,9;19,7;21,1;20,9;19,8;19,6;93;92;93;347;1,5;,7;
2023/01/31;0900 UTC;0;962,3;962,3;961,8;18,4;21,2;19,9;21,2;20,9;19,9;19,7;93;92;93;4;2,1;,4;
2023/01/31;1000 UTC;0;962,8;962,8;962,3;234,1;21,9;20,5;21,9;21,2;20,6;19,9;93;92;92;345;1,5;,5;
2023/01/31;1100 UTC;0;963,1;963,1;962,8;283,2;22,1;20,6;22,1;21,6;20,7;20,3;92;92;92;305;1,5;,5;
2023/01/31;1200 UTC;0;963,1;963,2;962,9;1021,6;23,7;20,6;24,1;22;22;20,5;92;82;83;259;2,8;1,3;
2023/01/31;1300 UTC;0;963;963,2;963;2177,7;25,4;20,6;25,8;23,4;21,5;20,3;84;73;75;246;3,5;1,5;
2023/01/31;1400 UTC;0;962,6;963;962,6;3272,7;27,5;20,3;27,8;25,2;21,4;20,1;76;63;65;197;4,7;1,9;
2023/01/31;1500 UTC;0;962,1;962,6;962,1;3415,4;29,3;20;29,7;27,6;21;19,4;65;56;57;131;4,2;1,2;
2023/01/31;1600 UTC;0;961,7;962,1;961,6;3445,5;31,6;19,8;31,8;29,3;21,1;19,3;59;50;50;210;4,1;1,2;
2023/01/31;1700 UTC;0;961;961,6;961;2804,9;31,9;19,2;32,6;29,7;21;19,2;55;46;47;329;3,5;1,3;
2023/01/31;1800 UTC;0;960,2;961;960,2;2429,7;30,3;20,7;33,1;30,3;21,8;19,2;57;47;57;3;4,9;2,7;
2023/01/31;1900 UTC;0;960,9;961;960;1251,2;25,3;18,8;30,3;25,3;22,4;17,2;68;51;67;109;13,4;7,1;
2023/01/31;2000 UTC;2;961,4;961,4;960,7;338,3;22,7;20,1;25,2;22,7;20,1;18,3;85;66;85;320;11,7;3,1;
2023/01/31;2100 UTC;1,2;962,7;962,7;961,4;38,9;22,7;20,6;23,1;22,6;20,7;20,1;88;84;88;173;6,5;1;
2023/01/31;2200 UTC;1,6;963,2;963,2;962,7;6,1;22,7;20,9;23,2;22,6;21,2;20,6;90;88;89;46;4,1;1,7;
2023/01/31;2300 UTC;0;963,7;963,7;963,2;;22,7;21;22,7;22,3;21;20,5;90;89;90;115;3;1,9;
2023/02/01;0000 UTC;,2;964,2;964,2;963,7;;22,4;20,7;22,7;22,4;21;20,7;90;90;90;142;3,3;1,4;
2023/02/01;0100 UTC;0;964,4;964,4;964,2;;21,8;20,4;22,4;21,8;20,8;20,4;91;90;91;6;2,7;1,4;
2023/02/01;0200 UTC;0;964;964,4;964;;22,1;20,5;22,1;21,8;20,6;20,3;91;91;91;73;2;,8;
2023/02/01;0300 UTC;0;963,8;964;963,8;;21,8;20,3;22,1;21,8;20,5;20,3;91;91;91;345;1,5;1;
2023/02/01;0400 UTC;0;963;963,8;963;;21,7;20,3;21,8;21,6;20,3;20,2;92;91;92;11;1,8;,8;
2023/02/01;0500 UTC;0;962,5;963;962,5;;21,5;20,2;21,7;21,5;20,3;20,2;92;92;92;76;2,1;1;
2023/02/01;0600 UTC;0;962,3;962,5;962,3;;21,3;20;21,5;21,2;20,2;19,9;92;92;92;89;2,1;1,2;
2023/02/01;0700 UTC;0;962,3;962,3;962,3;;21,2;20;21,3;21;20;19,7;93;92;93;155;1,7;,5;
2023/02/01;0800 UTC;0;963;963;962,3;,2;21,4;20,2;21,4;21;20,2;19,8;93;92;93;262;3,6;2,5;
2023/02/01;0900 UTC;0;963,2;963,2;963;15,4;22,3;20,3;22,3;21,4;20,7;20,2;93;89;89;235;6,3;3,7;
2023/02/01;1000 UTC;0;963,6;963,7;963,2;285,1;22,2;20,4;22,5;22;20,5;20,1;89;88;89;346;5,6;1,6;
2023/02/01;1100 UTC;0;964;964;963,6;660,2;23,4;21;23,4;22,2;21,2;20,4;90;86;86;11;2,2;1,1;
2023/02/01;1200 UTC;0;964,4;964,4;964;1337,1;24,7;20,5;24,8;23,4;21,5;20,2;86;77;78;243;2,7;1,1;
2023/02/01;1300 UTC;0;964,1;964,4;964,1;2457,6;26,9;20,1;27;24,7;20,9;20;77;66;66;174;2,8;1;
2023/02/01;1400 UTC;0;963,4;964,1;963,4;3596,3;28,7;21;28,7;26,6;21,3;19,8;69;61;63;183;3,8;1,5;
2023/02/01;1500 UTC;0;962,6;963,4;962,6;3543,8;29,5;18,9;30,9;28,3;21,5;18,9;64;52;53;232;4,8;2,1;
2023/02/01;1600 UTC;0;962,5;962,7;962,3;1148,2;27;22,1;29,8;27;22,5;19;75;53;75;331;5,5;3,2;
2023/02/01;1700 UTC;0;961,9;962,5;961,9;1590,5;28,7;21,5;28,7;26,6;22,7;21;77;64;65;323;5;3,1;
2023/02/01;1800 UTC;0;961,2;961,9;961,1;1950,4;29,4;21,5;30;28,7;22;20,5;66;59;62;73;4,5;2,3;
2023/02/01;1900 UTC;0;961,1;961,2;960,7;1491,1;28;20;30,4;28;21,8;20;63;57;62;82;7,5;4,1;
2023/02/01;2000 UTC;2,6;962,2;962,2;960,8;123,1;24;20,3;28;24;20,3;19,1;80;60;80;282;7,5;2,4;
2023/02/01;2100 UTC;5;963;963;962,2;9,2;20,9;19,3;24;20,9;20,5;19,2;91;80;91;277;8,7;4,6;
2023/02/01;2200 UTC;,8;962,9;963,4;962,8;3,8;21,4;19,7;21,5;20,9;19,9;19,3;91;90;90;164;7,5;,6;
2023/02/01;2300 UTC;0;964,3;964,3;962,9;;21,6;19,9;21,6;21,2;20;19,6;91;90;90;104;4,5;2,6;
2023/02/02;0000 UTC;,8;965,1;965,1;964,3;;21,6;20;21,8;21,6;20,2;19,9;91;90;91;146;4,4;1,9;
2023/02/02;0100 UTC;0;965,6;965,6;965,1;;21,5;20;21,7;21,5;20,1;19,9;91;90;91;325;3;1,2;
2023/02/02;0200 UTC;,6;965,6;965,7;965,5;;21,4;20;21,5;21,4;20,1;20;92;91;92;283;2,8;2;
2023/02/02;0300 UTC;3,6;965,2;965,6;965,1;,5;21,3;19,9;21,4;21,1;20,1;19,7;92;92;92;236;3;1,2;
2023/02/02;0400 UTC;3,4;964,1;965,3;964,1;,8;21,1;19,8;21,3;20,9;20;19,6;92;92;92;159;3,3;1,2;
2023/02/02;0500 UTC;,6;963,5;964,1;963,5;,5;21;19,8;21,2;21;19,9;19,7;92;92;92;170;3;,4;
2023/02/02;0600 UTC;0;962,9;963,5;962,9;,3;21,1;19,8;21,2;21;19,9;19,7;92;92;92;351;1,4;1;
2023/02/02;0700 UTC;0;962,6;962,9;962,6;;21;19,8;21,1;20,9;19,8;19,7;93;92;93;359;1,7;,8;
2023/02/02;0800 UTC;0;962,7;962,7;962,6;;20,9;19,7;21;20,9;19,7;19,6;93;92;93;17;2;1,2;
2023/02/02;0900 UTC;0;963,6;963,6;962,8;4,7;21;19,7;21;20,8;19,8;19,6;93;93;93;13;1,9;,5;
2023/02/02;1000 UTC;0;964,3;964,3;963,6;159;21,5;20,2;21,5;21;20,2;19,7;93;92;92;152;1,2;,4;
2023/02/02;1100 UTC;0;964,5;964,5;964,3;661;22,9;20,9;22,9;21,5;21,2;20,3;92;89;89;313;1,4;,5;
2023/02/02;1200 UTC;0;965;965;964,5;1371,6;24,4;20,7;24,4;22,8;21,4;20,2;89;79;80;318;2;,7;
2023/02/02;1300 UTC;0;964,9;965;964,8;1481,9;25,4;20,5;25,7;24;21,2;20;81;74;74;53;2,6;,8;
2023/02/02;1400 UTC;0;964,7;964,9;964,7;1485,9;26;19,7;26,4;25;21;19,7;76;68;68;116;2,7;1,1;
2023/02/02;1500 UTC;,2;964,1;964,7;964,1;2139,1;27,5;20,6;27,5;26;20,8;19,6;70;65;66;252;2,5;1,1;
2023/02/02;1600 UTC;0;963,1;964,1;963,1;2346,1;28,4;19,8;28,9;27,4;21,4;19,5;66;59;60;321;3,4;1,7;
2023/02/02;1700 UTC;0;962,2;963,1;962,2;2188,3;29,4;20,4;29,6;28,3;21;19,3;62;56;59;47;3,3;1,8;
2023/02/02;1800 UTC;0;961,6;962,2;961,6;2302,1;29,1;20,1;30,1;28,8;21,8;19,8;62;56;58;48;4,5;2;
2023/02/02;1900 UTC;0;961;961,6;961;1744;29,6;20,2;30,3;29,1;22;19,6;63;55;57;33;4,9;1,9;
2023/02/02;2000 UTC;0;960,5;961;960,3;1036,7;29,2;21,1;29,8;29,1;21,6;19,8;62;55;62;109;5,2;3,3;
2023/02/02;2100 UTC;0;961,2;961,2;960,4;1134;27;19,3;29,7;27;21,4;18,6;63;55;63;106;10,2;6,2;
2023/02/02;2200 UTC;0;962,3;962,3;961,2;91,6;25,2;19,5;27;25,2;19,9;19,3;71;63;71;129;10,2;1,6;
2023/02/02;2300 UTC;0;962,6;962,6;962,2;;24,7;19,4;25,2;24,5;19,9;19,3;76;71;72;172;3,9;1,1;
2023/02/03;0000 UTC;0;963,7;963,8;962,6;;23,3;20,4;24,8;23,3;20,4;19,4;84;72;84;6;3,1;1,8;
2023/02/03;0100 UTC;0;963,8;964;963,7;;23,4;20,6;23,5;23,1;20,6;20,3;85;83;85;285;2,5;1;
2023/02/03;0200 UTC;0;963,7;963,9;963,7;;23,4;20,8;23,4;23;20,9;20,5;86;84;86;146;2,6;1,9;
2023/02/03;0300 UTC;0;962,7;963,7;962,7;;22,5;20,5;23,4;22,4;20,8;20,3;88;84;88;349;2,6;1,8;
2023/02/03;0400 UTC;0;962,1;962,7;962,1;;22,9;20,8;22,9;22,3;20,8;20,3;89;88;88;43;2,9;1,5;
2023/02/03;0500 UTC;0;961,9;962,1;961,7;;22,2;20,4;22,9;22,2;20,8;20,3;89;87;89;34;3,5;,5;
2023/02/03;0600 UTC;0;961,8;962;961,7;;21,9;20,3;22,2;21,8;20,5;20,1;91;89;91;109;2,2;,6;
2023/02/03;0700 UTC;0;961,6;961,9;961,5;;21,4;19,8;22,1;21,4;20,5;19,8;91;90;91;10;2,6;,4;
2023/02/03;0800 UTC;0;961,9;961,9;961,6;;20,9;19,3;21,4;20,9;19,9;19,3;91;90;91;317;1,8;,9;
2023/02/03;0900 UTC;0;962,7;962,7;961,9;9,6;20,7;19,2;21;20,6;19,4;19;91;91;91;340;2,5;,9;
2023/02/03;1000 UTC;0;963,3;963,3;962,7;129,1;21,5;19,9;21,6;20,7;19,9;19,2;91;90;90;283;2,2;,6;
2023/02/03;1100 UTC;0;963,3;963,4;963,3;497,7;22,7;20,7;22,7;21,4;20,7;19,8;91;88;89;329;1,6;,5;
2023/02/03;1200 UTC;0;963,6;963,6;963,3;1377,9;25,6;20,8;25,6;22,7;21,1;20,2;89;74;75;76;2,4;,8;
2023/02/03;1300 UTC;0;963,5;963,6;963,5;2799,6;28,2;19,7;28,3;25,5;21,1;19,5;75;60;60;79;3,1;1,5;
2023/02/03;1400 UTC;0;963,5;963,6;963,4;1443,2;27,2;19,5;28,2;27;19,8;18;63;56;63;332;3,5;1,4;
2023/02/03;1500 UTC;0;963,5;963,6;963,3;785,3;26,8;21;27,3;25,9;21,6;19,2;76;62;71;289;4,7;2;
2023/02/03;1600 UTC;1,6;963,9;964,1;963,4;476,6;22,8;20,4;26,8;22,8;21;20;86;70;86;260;10,5;4,8;
2023/02/03;1700 UTC;1;962,8;964;962,8;703,5;23,9;20,8;23,9;22,7;20,9;20;88;82;82;246;7,2;2,8;
2023/02/03;1800 UTC;0;961,5;962,8;961,5;1459,6;25,8;21,3;25,8;23,9;21,5;20,5;83;74;76;309;4;1,4;
2023/02/03;1900 UTC;0;960,5;961,5;960,5;1574,8;27,1;20,5;27,1;25,9;21,8;19,9;77;66;67;222;3,2;1,3;
2023/02/03;2000 UTC;,2;960,1;960,5;960;1995,7;29,1;19;29,1;27,2;20,7;17,9;67;52;55;274;3,2;1,7;
2023/02/03;2100 UTC;0;960,1;960,2;960;787,8;27,8;19,7;29,2;27,7;19,8;18;62;52;62;100;3,4;1,8;
2023/02/03;2200 UTC;0;961;961;960,1;104;26,3;19,3;27,8;26,3;20,3;19,3;68;62;65;76;3,9;1,3;
2023/02/03;2300 UTC;0;961,5;961,5;961;;24;20,6;26,4;23,9;20,6;19,3;81;65;81;333;2,2;1,3;
2023/02/04;0000 UTC;0;962,5;962,5;961,5;;23,4;20,5;24,6;23,4;21,3;20,4;86;79;84;297;1,7;1,1;
2023/02/04;0100 UTC;0;962,9;962,9;962,5;;23,8;20,8;23,8;22,9;21,3;20,5;88;83;83;14;2,1;,7;
2023/02/04;0200 UTC;0;962,9;963;962,7;;22,8;20,6;23,9;22,7;21;20,1;87;82;87;306;1,5;,6;
2023/02/04;0300 UTC;0;962,9;963;962,8;;22,2;20,5;22,8;22,2;20,8;20,4;90;87;90;344;2,5;1,7;
2023/02/04;0400 UTC;0;962;962,9;962;;22,2;20,4;22,9;22,2;21;20,4;90;88;89;360;3,1;,7;
2023/02/04;0500 UTC;0;962,1;962,2;961,9;;22,3;20,7;22,4;21,8;20,7;20,2;91;89;90;252;5,6;2,4;
2023/02/04;0600 UTC;0;962,1;962,3;961,9;;22;20,5;22,4;21,6;20,8;20;91;90;91;271;5,6;,9;
2023/02/04;0700 UTC;0;962;962,2;961,8;;23;19,3;23,6;22;21;19,1;91;77;80;254;6,7;2,4;
2023/02/04;0800 UTC;0;961,9;962,1;961,9;;21,8;18,9;23,1;21,7;19,3;18,6;84;78;84;291;5,8;1,7;
2023/02/04;0900 UTC;0;962,3;962,3;961,9;10,3;21,3;19,2;22,3;21;19,3;18,7;88;82;88;42;2,8;,9;
2023/02/04;1000 UTC;0;963,1;963,1;962,3;215,8;21,9;19,9;21,9;21,1;19,9;19,1;89;88;88;156;2,2;,7;
2023/02/04;1100 UTC;0;963,6;963,6;963,1;798,1;23,8;19,3;23,8;21,9;20,4;19,3;88;76;76;121;2;,9;
2023/02/04;1200 UTC;0;963,5;963,6;963,4;1085,6;25,1;20,1;25,1;23,8;20,3;19,3;79;73;74;25;3,2;,6;
2023/02/04;1300 UTC;0;963,4;963,5;963,3;2960,2;27,6;19,5;27,7;24,9;20,8;19,2;74;60;62;249;3,2;1,6;
2023/02/04;1400 UTC;0;962,6;963,4;962,6;2904;30,3;19,6;30,3;27,3;20,4;19;63;52;53;258;3,6;1,9;
2023/02/04;1500 UTC;0;961,6;962,6;961,6;3207,8;32,3;18,2;32,5;30,1;20,2;17,9;55;42;43;178;3,6;1,7;
2023/02/04;1600 UTC;0;960,9;961,6;960,9;3833,2;33,4;17,9;33,7;31,9;19,6;17;46;39;40;149;5,2;2,8;
2023/02/04;1700 UTC;0;960,3;960,9;960,3;3037;33,8;17,2;34,9;33;18,5;16,8;41;36;37;177;5,2;1,7;
2023/02/04;1800 UTC;0;960;960,4;960;2058,5;33,7;16,7;35,2;33,2;18,5;16,2;39;34;36;191;4,9;1,2;
2023/02/04;1900 UTC;0;959,7;960;959,7;1767,2;34,7;15,3;35,2;33,5;17,4;15,3;38;31;31;56;4,1;1,1;
2023/02/04;2000 UTC;0;959,7;959,7;959,6;1286,6;33,6;16,3;34,9;33;16,9;15,1;37;31;36;257;5,5;3,2;
2023/02/04;2100 UTC;0;960,2;960,2;959,7;408,7;31,8;17;33,7;31,8;17;15,5;41;34;41;206;6,4;2,5;
2023/02/04;2200 UTC;0;961,2;961,2;960,2;48,7;29,6;18,9;31,8;29,5;19,4;17;54;41;53;258;5,4;2,5;
2023/02/04;2300 UTC;0;961,6;961,6;961,2;;28,5;17,6;29,9;28,5;19;17,4;54;50;52;239;6,7;3,9;
2023/02/05;0000 UTC;0;962,2;962,2;961,6;;25,8;18,8;28,5;25,7;19;17,3;66;52;65;299;6;2,3;
2023/02/05;0100 UTC;0;962,6;962,6;962,2;;24,6;18,9;25,9;24,6;18,9;18,2;71;63;71;305;4;1,7;
2023/02/05;0200 UTC;0;962,9;962,9;962,6;;23,9;19,2;24,6;23,9;19,3;18,9;75;71;75;290;3;1,3;
2023/02/05;0300 UTC;0;962,8;962,9;962,8;;23,9;19,2;24;23,4;19,4;19;78;74;75;112;2,3;1,4;
2023/02/05;0400 UTC;0;962,1;962,8;962,1;;22,2;19,5;24,3;22,2;19,7;19;85;73;85;316;2,4;1,4;
2023/02/05;0500 UTC;0;961,8;962,4;961,8;;22,8;19,1;23,2;22;19,6;19,1;85;79;80;52;3,6;,6;
2023/02/05;0600 UTC;0;961,9;961,9;961,7;;22,3;19,5;22,7;21,8;19,6;18,9;86;80;84;255;1,9;1;
2023/02/05;0700 UTC;0;961,6;961,9;961,5;;21,6;19,4;22,4;21,4;19,5;19;88;83;88;308;2,6;1,1;
2023/02/05;0800 UTC;0;962,1;962,1;961,6;;22,1;19,2;22,2;21,2;19,5;19,1;88;84;84;239;2;,7;
2023/02/05;0900 UTC;0;962,6;962,6;962;12,9;21,4;19,4;22,2;21,3;19,4;19,1;89;84;89;310;1,3;,8;
2023/02/05;1000 UTC;0;963;963;962,6;132,3;22;19,9;22;21,4;19,9;19,4;89;88;88;343;2,4;1,5;
2023/02/05;1100 UTC;0;963,5;963,5;963;634,1;24,2;21;24,2;22;21,2;20;88;82;82;230;2,5;1,7;
2023/02/05;1200 UTC;0;963,5;963,6;963,4;2433,3;27,5;20,5;27,5;24,2;21,7;19,6;82;63;66;261;2,6;1,4;
2023/02/05;1300 UTC;0;963,6;963,6;963,4;2431,7;28,7;20,1;29;27,2;21;19,5;66;59;60;241;3,2;1,5;
2023/02/05;1400 UTC;0;962,9;963,6;962,9;3275,6;31,5;19,7;31,5;28,7;21,1;18,7;62;48;50;314;3,7;1,1;
2023/02/05;1500 UTC;0;961,9;962,9;961,9;3570,4;32,7;19,2;33;31,1;19,9;18,2;50;43;45;287;5,4;2,6;
2023/02/05;1600 UTC;0;961;961,9;961;3579,5;33,6;18,6;34,1;32,2;20,4;17,7;47;40;41;258;5,4;2,5;
2023/02/05;1700 UTC;0;960,8;961,1;960,5;1058;27,4;20,1;33,6;27,4;20,6;17,8;65;41;64;53;10,4;4,5;
2023/02/05;1800 UTC;0;960,2;960,9;960,1;247,6;25,3;19,4;27,4;25,2;20,1;19,3;71;64;70;90;8,8;3,2;
2023/02/05;1900 UTC;0;960,3;960,6;960,2;137,6;23,7;19,9;25,3;23,7;20,6;19,4;79;70;79;83;5,1;2,9;
2023/02/05;2000 UTC;0;960,8;960,9;960,3;100,9;24,4;19,3;24,4;23,5;20,1;19,1;80;73;74;105;6,6;3,4;
2023/02/05;2100 UTC;0;961,3;961,5;960,7;108,3;23,3;19;24,4;23,2;19,4;18,8;78;73;77;352;5,2;2,2;
2023/02/05;2200 UTC;0;961,9;961,9;961;16,4;22,9;19,2;23,5;22,9;19,4;18,9;80;76;80;54;3,8;2,3;
2023/02/05;2300 UTC;0;963,1;963,2;961,9;;22,7;19,4;23,3;22,6;19,6;19,1;82;79;82;14;4,1;,7;
2023/02/06;0000 UTC;0;963,6;963,6;963,1;;22,2;20;22,9;21,9;20;19,2;88;81;87;28;3,5;1,3;
2023/02/06;0100 UTC;0;963,8;963,9;963,6;;22,8;19,8;22,8;22,2;20,1;19,6;87;83;83;122;2,9;1,4;
2023/02/06;0200 UTC;0;963;963,8;963;;21,8;19,6;22,8;21,8;19,8;19,5;87;83;87;346;3,2;1,3;
2023/02/06;0300 UTC;0;962,7;963;962,7;;21,7;20;21,8;21,6;20,1;19,6;90;87;90;308;2,8;,7;
2023/02/06;0400 UTC;0;962;962,7;962;;21,7;20;21,9;21,6;20,1;19,9;90;90;90;302;1,5;,5;
2023/02/06;0500 UTC;0;961,5;962;961,5;;21,1;19,6;21,7;21;20;19,5;91;90;91;350;1,5;,9;
2023/02/06;0600 UTC;0;961;961,5;961;;21,2;19,7;21,4;21,1;19,9;19,5;91;91;91;70;1,8;,7;
2023/02/06;0700 UTC;0;961,3;961,3;961;;21,2;19,6;21,5;21,1;20;19,5;91;90;91;213;2;,4;
2023/02/06;0800 UTC;0;961,5;961,5;961,2;;20,4;18,9;21,2;20,4;19,6;18,9;92;91;91;331;1,4;,8;
2023/02/06;0900 UTC;0;962;962;961,5;10,7;20,3;19;20,4;20,2;19,1;18,8;92;91;92;331;1,9;1,5;
2023/02/06;1000 UTC;0;962,7;962,8;962;124,4;20,8;19,5;20,8;20,3;19,6;19;93;92;93;321;2,5;1;
2023/02/06;1100 UTC;0;963;963;962,7;752,3;22,8;21,5;22,8;20,8;21,5;19,5;93;92;92;204;1,7;,4;
2023/02/06;1200 UTC;0;963,2;963,2;962,9;2180,4;26,4;21,8;26,4;22,8;23;21,1;92;75;76;75;2,5;1,2;
2023/02/06;1300 UTC;0;963,2;963,3;963,2;2976,7;28,5;21,2;28,5;26;21,8;19,7;76;64;65;69;3,8;1,8;
2023/02/06;1400 UTC;0;962,9;963,3;962,9;3299,3;30,2;19,6;30,4;27,9;21,5;19,1;65;51;53;74;4,6;1,6;
2023/02/06;1500 UTC;0;962,3;962,9;962,3;2775,5;29,8;18,6;31,8;29,8;20,7;18,4;57;49;51;350;7,3;1,3;
2023/02/06;1600 UTC;0;961,3;962,3;961,3;4016,6;30;19,8;32,7;29,8;20;16,5;55;39;54;41;9;5,3;
2023/02/06;1700 UTC;0;960,8;961,3;960,8;1749,1;29,1;19,6;30,6;28,4;20,7;18,7;59;52;57;118;9;,9;
2023/02/06;1800 UTC;1,4;961,5;961,5;960,7;689;25,9;21,8;29,1;25,9;21,8;19,5;78;56;78;199;4,7;2,2;
2023/02/06;1900 UTC;13,6;962,2;962,7;961,4;135,7;23;21,6;26,4;22,1;22,7;19,8;92;78;92;140;12,2;1,5;
2023/02/06;2000 UTC;,4;961,9;962,3;961,7;177,3;23,7;22,3;23,7;23;22,3;21,6;92;92;92;35;3,9;1,9;
2023/02/06;2100 UTC;0;962;962;961,6;428,1;24,2;21,9;24,4;23,6;22,3;21,9;92;87;87;80;4,3;1,6;
2023/02/06;2200 UTC;0;963;963,1;961,9;63,7;23,6;21,6;24,2;23,6;21,8;21,6;89;86;89;65;3,7;1,6;
2023/02/06;2300 UTC;0;963,9;963,9;963;;23,7;21,8;23,8;23,5;21,8;21,6;89;88;89;100;4,1;1,9;
2023/02/07;0000 UTC;0;964,5;964,7;963,9;;23,7;21,7;23,8;23,6;21,9;21,7;89;89;89;121;3,5;1,8;
2023/02/07;0100 UTC;,4;964,7;964,8;964,5;;23;21,3;23,7;23;21,7;21,3;91;88;91;338;3;,5;
2023/02/07;0200 UTC;0;964;964,8;964;;22,6;21;23,1;22,6;21,5;21;91;91;91;177;2,5;1,1;
2023/02/07;0300 UTC;0;963,2;964;963,2;;22,2;20,7;23;22,2;21,3;20,6;91;89;91;316;2,8;1,6;
2023/02/07;0400 UTC;0;962,1;963,2;962,1;;22;20,6;22,2;22;20,7;20,6;92;91;92;350;2,5;1,2;
2023/02/07;0500 UTC;0;961,8;962,1;961,7;;22,1;20,6;22,3;21,9;20,9;20,5;92;92;92;8;2,4;1,3;
2023/02/07;0600 UTC;0;961,9;961,9;961,7;;22,1;20,7;22,2;21,9;20,8;20,5;92;92;92;90;3,5;,9;
2023/02/07;0700 UTC;0;961,8;961,9;961,7;;22;20,6;22,1;22;20,7;20,6;92;92;92;83;2,6;,8;
2023/02/07;0800 UTC;0;961,8;962,1;961,8;;21,7;20,4;22;21,7;20,7;20,4;92;92;92;172;2;1,4;
2023/02/07;0900 UTC;0;962,9;962,9;961,8;5,9;21,7;20,4;21,9;21,6;20,6;20,4;93;92;93;303;2,6;1,4;
2023/02/07;1000 UTC;0;963;963,3;962,9;138,6;22;20,8;22;21,6;20,8;20,4;93;93;93;54;3,4;2,2;
2023/02/07;1100 UTC;0;963,7;963,7;963;385,6;22,9;21,3;22,9;22;21,4;20,8;93;91;91;98;3,9;2,3;
2023/02/07;1200 UTC;0;964,2;964,2;963,7;1397,9;24,4;20,5;24,9;22,8;21,4;20,5;91;78;79;127;4,9;2;
2023/02/07;1300 UTC;0;964,3;964,3;964,2;1365,7;25,7;19,8;25,9;24,3;20,9;19,6;80;70;70;5;3,3;,7;
2023/02/07;1400 UTC;,2;964;964,3;964;1336,1;25,9;19,8;26,8;25,5;20,8;19,8;73;68;69;2;2,5;1,6;
2023/02/07;1500 UTC;0;963,4;964;963,4;2008,5;27;19,7;28,1;25,9;21,6;19,6;71;63;64;188;3,2;1,2;
2023/02/07;1600 UTC;0;962,4;963,4;962,4;879;25,7;21,3;27,2;25,3;21,5;19,8;78;64;77;15;4,2;2,6;
2023/02/07;1700 UTC;0;961,7;962,4;961,7;2841,1;28,2;20,1;28,7;25,7;21,8;20,1;77;61;62;109;4,5;1,7;
2023/02/07;1800 UTC;0;961,5;961,8;961,3;1701;28,6;20;29,1;27,8;20,9;19,7;63;59;60;78;3,5;1,4;
2023/02/07;1900 UTC;,6;961,2;961,6;961,1;586,3;25,5;21,3;28,8;25,5;21,3;19,5;77;58;77;316;4,2;2,4;
2023/02/07;2000 UTC;0;961,4;961,5;961,2;316,6;25;21,8;26;25;22;21,3;82;75;82;238;4,8;3;
2023/02/07;2100 UTC;4;962,8;962,8;961,4;58,3;22,5;20,6;25;22,5;21,9;20,3;89;82;89;56;4,8;2,7;
2023/02/07;2200 UTC;2;963,4;963,6;962,6;16,6;22;20,3;22,5;21,8;20,5;20,1;91;88;91;49;4,9;1,6;
2023/02/07;2300 UTC;0;964,5;964,5;963,4;1,1;22,1;20,4;22,2;21,9;20,4;20,3;91;90;90;63;5;2;
2023/02/08;0000 UTC;0;965,3;965,3;964,5;,1;21,9;20,3;22,1;21,8;20,4;20,3;91;90;91;327;4,3;,7;
2023/02/08;0100 UTC;0;965,1;965,3;965,1;;22;20,4;22,1;21,8;20,5;20,3;91;91;91;100;1,2;,6;
2023/02/08;0200 UTC;0;965,3;965,3;965,1;,1;22,1;20,5;22,3;22;20,6;20,4;91;90;90;126;2,7;1,3;
2023/02/08;0300 UTC;0;964,9;965,4;964,9;,2;22,2;20,5;22,2;22;20,5;20,4;91;90;90;87;2,6;,7;
2023/02/08;0400 UTC;0;964,4;964,9;964,2;;21,9;20,4;22,3;21,8;20,6;20,3;92;90;91;66;2,9;1,2;
2023/02/08;0500 UTC;0;963,4;964,4;963,4;;21,8;20,2;22;21,8;20,5;20,2;91;90;90;87;4,3;1,4;
2023/02/08;0600 UTC;0;962,9;963,5;962,9;;21,5;19,9;21,8;21,5;20,2;19,9;91;90;91;78;3,3;1,2;
2023/02/08;0700 UTC;0;962,2;962,9;962,2;;21,4;19,9;21,5;21,3;19,9;19,7;91;91;91;287;2;,3;
2023/02/08;0800 UTC;0;962,1;962,2;962;;21;19,7;21,4;21;19,8;19,7;92;91;92;304;2,2;1,4;
2023/02/08;0900 UTC;0;962,2;962,3;962;3,1;21;19,7;21,1;20,9;19,7;19,6;92;92;92;314;2,7;,3;
2023/02/08;1000 UTC;0;962,8;962,8;962,2;105;21,3;19,8;21,3;21;19,9;19,7;92;92;92;346;1,8;1,2;
2023/02/08;1100 UTC;0;963,5;963,5;962,8;468,8;22,7;20,6;22,7;21,3;20,8;19,9;92;87;87;300;1,8;,5;
2023/02/08;1200 UTC;,2;964;964;963,5;1003,3;23,9;19,6;24,1;22,7;20,6;19,2;87;76;77;266;2;,8;
2023/02/08;1300 UTC;,2;964;964,1;963,9;1859,7;25,1;19,4;26;23,8;21,3;19,4;78;71;71;189;2,5;,9;
2023/02/08;1400 UTC;0;963,6;964;963,6;1742,6;26,4;19,8;26,4;25,1;20,6;18,9;72;65;67;77;3,7;1,9;
2023/02/08;1500 UTC;0;962,9;963,6;962,9;2850;26,7;19;27,8;26,3;20,6;18,8;67;61;63;73;4,8;2;
2023/02/08;1600 UTC;0;962,1;962,9;962,1;1299,9;26,9;20,3;27,4;25,7;22;18,9;75;63;67;79;4,2;2,2;
2023/02/08;1700 UTC;0;961,5;962,1;961,5;763,6;26,6;20,2;26,9;26,2;20,5;19,7;69;67;68;87;4,4;1,5;
2023/02/08;1800 UTC;0;961,3;961,6;961,2;834,6;26,8;19,6;26,8;26,4;20,3;19,5;69;65;65;121;5,4;3,1;
2023/02/08;1900 UTC;0;961,1;961,7;961,1;718,4;25,3;19,5;27,1;25,3;19,8;19,2;70;63;70;175;6,3;2,1;
2023/02/08;2000 UTC;0;961,7;961,7;961,1;194;24,6;18,5;25,7;24,6;19,9;18,3;71;67;69;101;5,3;2,2;
2023/02/08;2100 UTC;2;962,2;962,3;961;88,8;23,3;21,1;24,6;23;21,1;18,6;87;69;87;111;7,1;3,3;
2023/02/08;2200 UTC;0;963,2;963,2;962,1;157,7;22,7;20,3;23,5;22,5;21,3;20,2;88;86;86;40;6,7;2,5;
2023/02/08;2300 UTC;0;963,9;963,9;963,2;,4;22,2;19,3;22,8;22,2;20,3;19,2;86;83;84;52;5;1,7;
2023/02/09;0000 UTC;0;964,5;964,6;963,9;;22,1;19,6;22,2;22;19,7;19,2;86;83;86;80;3,8;,7;
2023/02/09;0100 UTC;0;965;965;964,5;;22,3;19,9;22,4;22,1;19,9;19,6;86;85;86;109;1,9;1,3;
2023/02/09;0200 UTC;0;964,9;965,1;964,9;;22;20,1;22,3;21,9;20,1;19,9;89;86;89;71;2,3;1;
2023/02/09;0300 UTC;0;964,6;965;964,6;;21,2;19,7;22;21,2;20,1;19,6;91;89;91;352;1,9;1;
2023/02/09;0400 UTC;0;964,3;964,6;964,3;;21,4;19,7;21,6;21,2;19,8;19,5;91;88;90;125;4;2,8;
2023/02/09;0500 UTC;0;963,8;964,3;963,8;;20,4;19;21,4;20,4;19,8;19;92;90;92;326;4;1,2;
2023/02/09;0600 UTC;0;963,6;964;963,6;;21;19,6;21;20,3;19,7;19;92;92;92;203;2,4;,5;
2023/02/09;0700 UTC;0;963,5;963,6;963,4;;20,5;19,2;21,1;20,5;19,7;19,1;92;92;92;76;2,6;1,7;
2023/02/09;0800 UTC;0;963,4;963,6;963,3;;20,5;19,2;20,6;20,4;19,3;19,1;92;92;92;337;2,6;,4;
2023/02/09;0900 UTC;0;964,3;964,4;963,4;3,7;20,3;19,1;20,7;20,3;19,4;19,1;93;92;93;321;2,5;1,8;
2023/02/09;1000 UTC;0;964,8;964,9;964,3;110,2;20,3;19,2;20,5;20,2;19,3;19;93;93;93;347;2,5;,9;
2023/02/09;1100 UTC;0;965;965;964,8;525,8;21,7;20,5;21,7;20,3;20,5;19,2;93;93;93;89;3,4;1,7;
2023/02/09;1200 UTC;0;965;965,2;964,9;1200,3;23,1;20,1;23,2;21,5;21,1;20,1;93;83;83;117;4,3;1,2;
2023/02/09;1300 UTC;0;964,7;965;964,7;2209;25,6;20,5;25,6;23,1;21;19,1;84;72;73;95;4;1,9;
2023/02/09;1400 UTC;,2;964,1;964,7;964,1;3358;26,7;18,4;27,1;25,1;20,4;18,3;73;60;61;93;4,3;1,6;
2023/02/09;1500 UTC;0;963,5;964,1;963,5;3032,6;27,6;19;27,9;26,1;19,9;18;65;57;60;29;3,5;2,1;
2023/02/09;1600 UTC;0;962,9;963,5;962,9;3270;28,8;20,1;29,2;27,6;20,4;18,5;62;54;59;19;4,3;1,7;
2023/02/09;1700 UTC;0;962,2;962,9;962,2;3503,4;29,1;20,7;30,8;28,2;21,8;19,1;63;54;61;20;5,4;3,2;
2023/02/09;1800 UTC;0;961,6;962,2;961,5;2657,8;29,9;20,2;30,5;28,5;21,7;19,8;64;55;56;55;5,8;2,2;
2023/02/09;1900 UTC;0;961,2;961,6;961,2;1954,5;29,1;19,3;30,4;28,7;21,2;19;60;54;56;75;7,8;3,2;
2023/02/09;2000 UTC;0;961,3;961,6;960,9;474,4;26,2;19,2;29,1;26,2;20,5;18,8;66;55;65;82;9;4,2;
2023/02/09;2100 UTC;,2;962,4;962,4;961,3;113,4;23,7;20,2;26,2;23,7;20,4;18,7;81;64;81;7;6,8;2,3;
2023/02/09;2200 UTC;,2;962,7;962,9;962,4;17;22,8;20,3;23,9;22,8;20,3;19,9;86;79;86;355;6,1;1,9;
2023/02/09;2300 UTC;0;963,6;963,6;962,7;1,1;23,7;18,9;23,8;22,8;21;18,9;88;74;74;70;3,8;2;
2023/02/10;0000 UTC;0;964,1;964,2;963,6;1;23,5;20,1;23,8;23;20,4;18,8;85;74;81;99;3,8;,9;
2023/02/10;0100 UTC;0;964,6;964,7;964;;22,5;20,4;23,6;22,5;20,5;19,6;87;79;87;53;4,9;2,3;
2023/02/10;0200 UTC;0;964,7;964,8;964,6;;22,5;20,3;22,8;22,4;20,6;20,3;88;87;87;47;4;2;
2023/02/10;0300 UTC;0;964;964,8;964;;22,3;20,4;22,5;22,3;20,5;20,3;89;87;89;112;4,2;2,9;
2023/02/10;0400 UTC;0;964,1;964,3;963,8;;21,9;20,3;22,3;21,9;20,5;20,2;91;89;91;321;5,1;2,2;
2023/02/10;0500 UTC;0;962,9;964,1;962,9;;21,8;20,3;22;21,8;20,5;20,3;92;91;92;354;2,7;1,5;
2023/02/10;0600 UTC;0;963;963;962,7;;22,2;20,5;22,2;21,8;20,6;20,3;92;90;90;32;3,2;1,2;
2023/02/10;0700 UTC;0;962,8;963;962,7;;21,7;20,1;22,2;21,7;20,5;20;91;90;90;343;2,1;,5;
2023/02/10;0800 UTC;0;963,3;963,4;962,8;;21,4;19,9;21,7;21,3;20,1;19,8;91;90;91;86;2;,7;
2023/02/10;0900 UTC;0;963,7;963,7;963,3;4,7;21,6;20,1;21,7;21,4;20,2;19,9;92;91;91;83;2,9;2;
2023/02/10;1000 UTC;0;963,9;963,9;963,6;153,6;22,1;20,3;22,1;21,5;20,3;19,9;91;89;89;87;4,1;1,3;
2023/02/10;1100 UTC;0;964,2;964,2;963,9;989,7;23,4;20,1;23,5;22,1;20,9;20,1;89;82;82;27;3;1,6;
2023/02/10;1200 UTC;0;964,7;964,7;964,2;1506,7;25,1;20,1;25,1;23,3;20,3;19,1;82;71;74;263;3;1;
2023/02/10;1300 UTC;,2;964,3;964,7;964,3;2361,6;26,7;19,8;26,7;24,8;20,2;18,8;74;64;66;59;4;1,1;
2023/02/10;1400 UTC;0;963,9;964,3;963,9;2695,6;28;19,5;28,9;26,1;21,3;19;68;57;60;173;4;1,1;
2023/02/10;1500 UTC;0;963,2;963,9;963,1;4153,9;30,3;18,2;30,4;27,8;21,1;18;63;48;48;242;4;1,7;
2023/02/10;1600 UTC;0;962,9;963,4;962,9;1196,9;25,4;19,8;30,3;25,4;20,5;17,8;72;47;71;329;6,7;3,4;
2023/02/10;1700 UTC;0;962,3;962,9;962;1483,3;27,7;19,1;28,1;25;20,1;18,3;72;56;60;63;5,9;2,9;
2023/02/10;1800 UTC;0;962,1;962,5;962;1465,7;26;18,9;28,4;26;19,6;18,5;66;56;65;72;9,3;3;
2023/02/10;1900 UTC;0;961,8;962,2;961,6;386,6;25,6;20,2;26,1;25,1;20,6;19;77;65;72;185;5,5;,9;
2023/02/10;2000 UTC;0;962;962;961,7;218;23,9;20;25,9;23,8;20,1;19;79;66;79;297;5;,7;
2023/02/10;2100 UTC;,2;962,4;962,4;961,9;191,5;23,7;18,5;23,9;23,4;20,8;18,5;85;73;73;158;4,8;1,4;
2023/02/10;2200 UTC;0;963,2;963,2;962,4;18;22,7;18,5;23,7;22,7;18,6;18,3;77;73;77;225;4,7;1,4;
2023/02/10;2300 UTC;0;963,9;963,9;963,2;;22,6;18,9;23,1;22,6;19;18,5;80;76;80;75;3,4;,8;
2023/02/11;0000 UTC;0;965,1;965,1;963,9;;22,1;19,8;22,6;22;19,8;18,8;87;80;87;305;2,1;1,1;
2023/02/11;0100 UTC;0;965,6;965,6;965,1;;22,2;19,9;22,2;21,8;19,9;19,7;88;87;87;99;3,1;,6;
2023/02/11;0200 UTC;0;965,1;965,6;965;;22,1;19,5;22,4;22,1;20;19,5;87;84;85;271;1,4;,5;
2023/02/11;0300 UTC;0;964,7;965,1;964,7;;21,2;19,6;22,1;21,2;19,6;19,5;90;85;90;351;1,9;,8;
2023/02/11;0400 UTC;0;964;964,7;964;;20,8;19,4;21,3;20,8;19,7;19,3;92;90;92;296;2,2;1,2;
2023/02/11;0500 UTC;0;963,2;964;963,2;;20,8;19,4;20,9;20,7;19,5;19,4;92;92;92;21;2,6;1;
2023/02/11;0600 UTC;0;962,9;963,2;962,9;;20,6;19,2;20,8;20,6;19,4;19,2;92;92;92;81;2,8;2,1;
2023/02/11;0700 UTC;0;962,7;962,9;962,5;;20,2;18,9;20,6;20,1;19,3;18,7;92;92;92;284;2,8;1;
2023/02/11;0800 UTC;0;962,6;962,7;962,5;;20,8;19,5;20,9;20,2;19,6;19;92;92;92;12;1,6;,7;
2023/02/11;0900 UTC;0;963,2;963,2;962,6;4,7;20,4;19,1;20,8;20,3;19,4;19,1;92;92;92;297;1,8;,6;
2023/02/11;1000 UTC;0;963,6;963,6;963,2;353,7;21,6;20,1;22,4;20,4;21;19,1;93;91;91;267;2;,9;
2023/02/11;1100 UTC;0;964;964;963,6;682,6;22,8;20,2;22,8;21,5;20,5;19,9;91;86;86;241;2;,4;
2023/02/11;1200 UTC;0;964,2;964,2;964;1289,8;23,7;19,4;24,7;22,6;20,9;19,1;86;74;77;95;3,1;1,9;
2023/02/11;1300 UTC;0;964,2;964,3;964,1;2368,2;26,5;19,6;26,5;23,7;20,6;18,5;78;65;66;250;3,2;1;
2023/02/11;1400 UTC;0;964;964,2;964;1603;26,7;20;26,8;26,1;20,2;18,7;68;62;67;349;3,3;1,3;
2023/02/11;1500 UTC;0;963,4;964;963,4;2090,4;27,3;20;27,4;26,5;20,6;19,3;68;64;65;204;4,2;1,7;
2023/02/11;1600 UTC;0;962,5;963,4;962,5;2629,9;28,5;19,7;29;27,3;21;19,4;66;59;59;269;3,8;1,2;
2023/02/11;1700 UTC;0;961,7;962,5;961,7;3025,7;30,3;19,6;31,2;28,4;21;19,4;60;51;53;225;4,1;1,7;
2023/02/11;1800 UTC;0;960,7;961,7;960,7;2678;30,9;21;31;29,4;21;19,1;57;51;56;332;5;2,6;
2023/02/11;1900 UTC;0;960,8;960,8;960,5;1224,3;28;20,4;31,3;28;20,9;19,3;64;52;63;298;6,1;2,3;
2023/02/11;2000 UTC;,2;962,1;962,1;960,8;592,5;23,2;19,8;28;23,2;20,8;19;82;62;81;105;9;5;
2023/02/11;2100 UTC;,4;963,5;963,5;962,1;183,1;22,4;19,4;23,4;22,4;20,1;19,3;84;81;83;134;9;2,7;
2023/02/11;2200 UTC;,2;963,7;963,7;963,4;1,2;21,9;19,5;22,4;21,7;19,6;19,1;87;83;86;150;5,4;,5;
2023/02/11;2300 UTC;,2;964;964,1;963,7;;21,6;19,6;22;21,6;19,8;19,3;89;85;88;66;3,1;2;
2023/02/12;0000 UTC;0;964,8;964,8;964;,5;21,5;19,5;21,7;21,5;19,6;19,4;88;87;88;98;4,7;2,3;
2023/02/12;0100 UTC;,4;965,3;965,3;964,8;;21,1;19,2;21,5;21,1;19,5;19,2;89;88;89;54;3,9;1,4;
2023/02/12;0200 UTC;1,6;965,2;965,3;965,2;;20,8;19,1;21,1;20,8;19,3;19;90;89;90;80;2,9;1,5;
2023/02/12;0300 UTC;2,2;964,6;965,2;964,6;;20,5;19;20,8;20,5;19,2;19;91;90;91;69;2,9;1,4;
2023/02/12;0400 UTC;1,4;963,6;964,6;963,6;;20,6;19,2;20,6;20,5;19,2;19;92;91;92;104;2,9;1,4;
2023/02/12;0500 UTC;,2;962,8;963,6;962,8;;20,6;19,3;20,6;20,5;19,3;19,1;92;92;92;130;2,6;1,2;
2023/02/12;0600 UTC;0;962,2;962,8;962,1;;20,6;19,3;20,7;20,5;19,4;19,2;92;92;92;106;3,2;2,2;
2023/02/12;0700 UTC;0;962,4;962,4;962,2;;20,5;19,3;20,6;20,5;19,4;19,2;92;92;92;317;3,2;,6;
2023/02/12;0800 UTC;,6;962,7;962,7;962,3;0;20,5;19,2;20,6;20,4;19,4;19,2;93;92;93;300;2,5;1,3;
2023/02/12;0900 UTC;3,2;962,9;962,9;962,5;1,6;20,4;19,1;20,5;20,3;19,3;19,1;93;92;93;25;2,5;,4;
2023/02/12;1000 UTC;,6;963,5;963,5;962,9;54,8;20,8;19,5;20,8;20,4;19,6;19,2;93;93;93;96;1,9;1,1;
2023/02/12;1100 UTC;1,2;963,8;963,8;963,5;292,8;21,3;20;21,4;20,7;20,1;19,5;93;92;92;80;1,7;,5;
2023/02/12;1200 UTC;,2;964;964,1;963,8;638,3;22,5;20,9;22,5;21,2;21;19,8;92;91;91;57;1,4;,6;
2023/02/12;1300 UTC;0;963,8;964;963,8;1780,3;24,4;20,2;24,5;22,5;21,4;19,6;91;75;77;359;2,1;,6;
2023/02/12;1400 UTC;0;963,5;963,8;963,5;1848,3;26,2;21,2;26,2;23,8;21,2;19,6;80;72;74;285;2,8;1,3;
2023/02/12;1500 UTC;0;962,8;963,5;962,8;2891;27;20,6;27;26,1;21,3;19,6;74;66;68;296;3,4;1,9;
2023/02/12;1600 UTC;0;962,5;962,8;962,3;1284,5;26,3;20,8;27,1;26,3;21,2;19,8;72;65;72;339;3,9;2,4;
2023/02/12;1700 UTC;,4;961,7;962,5;961,7;636,7;23,2;20,6;26,3;23,2;21,1;20,1;87;71;85;12;7,9;2,8;
2023/02/12;1800 UTC;,4;961,5;961,7;961,3;536,5;24;21;24,1;23;21,3;20,5;87;82;83;145;5,6;1,1;
2023/02/12;1900 UTC;,4;961,6;961,6;961,3;521,6;24,3;20,8;24,3;23,8;21,2;20,7;85;81;81;53;4;,6;
2023/02/12;2000 UTC;0;962,3;962,3;961,6;237;23,6;21,8;24,4;23,6;21,8;20,9;89;81;89;350;2,4;1,6;
2023/02/12;2100 UTC;,2;962;962,3;962;141,7;23,5;21,8;23,8;23,4;21,9;21,7;90;89;90;326;2,9;,4;
2023/02/12;2200 UTC;0;962,1;962,1;961,8;39,8;22,9;20,9;23,7;22,9;21,9;20,9;90;89;89;242;3;2;
2023/02/12;2300 UTC;0;962,4;962,4;962,1;;22,1;20,3;22,9;22,1;20,9;20,2;90;88;89;282;3,1;1,5;
2023/02/13;0000 UTC;0;962,4;962,5;962,3;;22,2;20,3;22,4;22,1;20,5;20,2;89;88;89;57;2,2;1,2;
2023/02/13;0100 UTC;0;962,9;962,9;962,4;;21,8;20,4;22,2;21,6;20,4;20;92;89;92;342;2,8;,9;
2023/02/13;0200 UTC;0;962,9;963;962,8;;21,9;20,5;22,2;21,8;20,7;20,4;92;91;92;178;2,1;1,2;
2023/02/13;0300 UTC;0;962,6;962,9;962,6;;21,8;20,4;22,1;21,8;20,7;20,4;92;91;92;327;2,3;,6;
2023/02/13;0400 UTC;0;962,2;962,6;962,2;;21,3;20;21,8;21,2;20,4;19,9;92;92;92;320;3,1;1,5;
2023/02/13;0500 UTC;0;961,3;962,2;961,3;;21,3;19,9;21,4;21,3;20,1;19,9;92;92;92;3;2,3;1,5;
2023/02/13;0600 UTC;0;961,3;961,4;961,2;;20,9;19,5;21,5;20,9;20,1;19,5;92;92;92;353;2;,7;
2023/02/13;0700 UTC;0;961,3;961,4;961,2;;20,5;19,3;21;20,5;19,7;19,3;92;92;92;354;1,1;,5;
2023/02/13;0800 UTC;0;961,7;961,7;961,3;;20,2;19;20,6;20,2;19,3;19;93;92;93;194;1,9;1,1;
2023/02/13;0900 UTC;0;962,4;962,4;961,7;12,8;20,4;19,2;20,5;20,2;19,3;19;93;93;93;326;1,9;,9;
2023/02/13;1000 UTC;0;962,7;962,7;962,4;265,7;21,3;20;21,3;20,3;20;19,1;93;92;92;8;2;,9;
2023/02/13;1100 UTC;0;963,1;963,1;962,7;441,2;22,1;20,5;22,1;21,2;20,7;20;92;90;91;291;1,7;,7;
2023/02/13;1200 UTC;0;963,6;963,6;963,1;1258,3;24,4;20,3;24,7;22,1;21,3;20,3;91;78;78;314;2,7;1,4;
2023/02/13;1300 UTC;0;963,6;963,8;963,6;1351,1;24,5;20,5;24,5;23,5;20,7;19,6;81;77;79;354;2,8;1,6;
2023/02/13;1400 UTC;0;963,1;963,6;963,1;1776;26,5;20,6;26,5;24,4;21,2;19,9;80;68;70;286;2,8;1,3;
2023/02/13;1500 UTC;,2;962,7;963,1;962,7;2108,8;27,3;19,7;27,5;26,2;20,5;17,6;70;56;63;230;2,7;,9;
2023/02/13;1600 UTC;0;962;962,7;962;3193,3;29,5;18,6;30,4;27,3;20;17,4;64;47;52;269;3,2;1,5;
2023/02/13;1700 UTC;0;961,4;962;961,4;2395,9;30,3;18,9;30,8;29,4;19,5;17,4;53;47;51;341;3,6;1,7;
2023/02/13;1800 UTC;0;960,9;961,4;960,9;2513,4;31,9;17,1;32,1;30;19,3;17,1;52;41;41;10;3,6;1,7;
2023/02/13;1900 UTC;0;960,6;960,9;960,5;1153;29;18,9;31,8;29;19,1;16,6;55;41;55;330;3,8;1,6;
2023/02/13;2000 UTC;0;960,5;960,9;960,5;309;26,5;21,4;29;26,3;21,7;18,9;76;55;74;311;4,4;1,6;
2023/02/13;2100 UTC;1,4;962,5;962,5;960,5;108,3;24,6;21,2;26,5;24,6;22;21,2;84;74;82;206;7;3,1;
2023/02/13;2200 UTC;,2;962,9;963,1;962,5;19,9;22,6;20,2;24,7;22,6;21,5;20;86;80;86;63;7;2,7;
2023/02/13;2300 UTC;0;963,4;963,5;962,9;;22,6;20,3;22,6;22,2;20,4;20,1;88;86;87;101;4,6;2;
2023/02/14;0000 UTC;0;963,2;963,6;963,2;;22,2;20;22,7;22,2;20,3;20;88;86;88;151;3,6;1,4;
2023/02/14;0100 UTC;0;963,5;963,5;963,2;;21,7;20,2;22,2;21,7;20,2;19,9;91;88;91;329;2,7;1,1;
2023/02/14;0200 UTC;0;963,7;963,8;963,4;;21,5;20;21,8;21,5;20,3;20;92;91;91;6;2,6;1,4;
2023/02/14;0300 UTC;0;963;963,7;963;;21,4;19,9;21,7;21,4;20,2;19,8;91;91;91;18;2,2;,5;
2023/02/14;0400 UTC;0;962,5;963;962,5;;21,4;19,8;21,8;21,4;20,1;19,8;91;90;91;175;3,1;,9;
2023/02/14;0500 UTC;0;961,6;962,5;961,6;;20,7;19,4;21,4;20,4;19,8;19,1;93;91;92;16;2,7;2;
2023/02/14;0600 UTC;0;961,4;961,6;961,2;;20,9;19,7;21;20,7;19,8;19,4;93;92;93;171;2,7;,6;
2023/02/14;0700 UTC;0;961,4;961,5;961,2;;20,8;19,6;21;20,8;19,7;19,5;93;93;93;326;1,9;1,1;
2023/02/14;0800 UTC;0;961,8;961,8;961,4;;21;19,7;21;20,8;19,8;19,6;93;93;93;354;2,2;1,4;
2023/02/14;0900 UTC;0;962,4;962,5;961,8;7;21;19,7;21;20,9;19,7;19,6;93;93;93;346;2,9;1,2;
2023/02/14;1000 UTC;0;962,8;962,9;962,4;234,9;21,1;19,8;21,2;20,9;19,9;19,6;93;92;92;358;2,5;,8;
2023/02/14;1100 UTC;0;962,8;962,9;962,5;445,2;22;20,4;22;21,1;20,6;19,8;92;91;91;43;2,8;1;
2023/02/14;1200 UTC;0;963,2;963,2;962,7;934,2;23;20,3;23,1;21,9;20,7;20,1;91;84;85;115;3,9;1,1;
2023/02/14;1300 UTC;0;962,9;963,2;962,9;1633,4;24,6;20,7;25,4;23;21,7;19,8;86;76;79;140;2,3;1;
2023/02/14;1400 UTC;,2;962,2;962,9;962,2;3150,7;27,3;21;27,5;24,6;21,8;20,1;79;67;69;90;3,2;1,2;
2023/02/14;1500 UTC;0;961,3;962,2;961,3;3850,6;29,8;19,6;29,9;27,2;21,6;18,7;70;53;54;46;3,6;1,3;
2023/02/14;1600 UTC;0;960,6;961,3;960,6;3460,2;29,9;17,7;31,4;29,4;20,3;17,5;55;45;48;63;4,2;1,9;
2023/02/14;1700 UTC;0;959,9;960,6;959,8;2689,7;30,8;17,8;31,8;29,9;20,9;17,8;55;45;46;27;5,5;3,1;
2023/02/14;1800 UTC;0;959,3;959,9;959,1;707,8;28,1;20,9;30,8;27,7;20,9;18;66;46;65;24;5,5;1,7;
2023/02/14;1900 UTC;,2;960,8;960,8;959,2;224,9;24,4;20,8;28,1;24,4;20,8;18,8;80;60;80;282;9,5;3;
2023/02/14;2000 UTC;4,8;960,5;961;960,3;63,8;22,5;20,3;24,7;21,9;20,7;18,4;89;73;87;67;11,3;2,5;
2023/02/14;2100 UTC;0;959,3;960,5;959,3;412,3;23;20,6;23;22,3;21;20,1;89;86;86;309;4,2;,7;
2023/02/14;2200 UTC;0;960,5;960,7;959,2;55,5;23;21;23,3;23;21;20,5;88;86;88;65;2,7;1,8;
2023/02/14;2300 UTC;0;961,3;961,3;960,5;;23;21,1;23;22,5;21,1;20,7;90;88;89;96;2,8;1,7;
2023/02/15;0000 UTC;0;961,7;961,7;961,3;;22,2;20,6;23;22,2;21,1;20,6;91;89;91;325;2,8;1,4;
2023/02/15;0100 UTC;0;962,4;962,4;961,7;;22,7;20,9;22,7;22,1;20,9;20,6;91;89;89;30;2,7;1,6;
2023/02/15;0200 UTC;0;962,3;962,5;962,3;;22,7;20,8;22,9;22,6;20,9;20,7;89;88;89;116;2,9;1,9;
2023/02/15;0300 UTC;0;961,6;962,3;961,6;;22;20,5;22,7;22;20,8;20,4;91;89;91;262;3,1;,6;
2023/02/15;0400 UTC;0;962;962;961,3;;22,3;20,6;22,3;22;20,7;20,5;91;90;90;265;6,8;3,8;
2023/02/15;0500 UTC;5;961,1;962;961,1;;21,9;20,4;22,5;21,9;20,7;20,3;91;89;91;19;6,9;1,7;
2023/02/15;0600 UTC;1,2;961;961,1;960,9;,3;21,9;20,5;21,9;21,8;20,5;20,3;92;91;92;60;2,8;1,1;
2023/02/15;0700 UTC;,2;960,4;961;960,4;;21,8;20,5;21,9;21,8;20,6;20,4;92;92;92;141;2,4;,8;
2023/02/15;0800 UTC;0;960,1;960,4;960;;21,4;20,2;21,9;21,4;20,5;20,1;93;92;93;318;1,8;,6;
2023/02/15;0900 UTC;0;960;960,1;959,8;6,2;21,3;20,1;21,5;21,2;20,3;20;93;93;93;318;1,3;,4;
2023/02/15;1000 UTC;0;960,2;960,3;960;251,4;21,8;20,6;21,8;21,3;20,6;20,1;93;93;93;18;1,8;,8;
2023/02/15;1100 UTC;0;960,6;960,6;960,2;512,8;22,7;21,3;22,7;21,8;21,3;20,6;93;91;92;159;1,4;,6;
2023/02/15;1200 UTC;0;961,1;961,1;960,5;584,3;23,3;21;23,5;22,7;21,5;21;92;86;87;188;1,7;1;
2023/02/15;1300 UTC;,2;960,5;961,1;960,5;1991,7;25,7;20,7;25,9;23,2;21,9;20,2;87;74;74;343;2,9;1,1;
2023/02/15;1400 UTC;,2;959,6;960,5;959,6;3016,3;27,7;20,4;28,2;25,6;21,6;20,2;74;63;65;134;3;1,1;
2023/02/15;1500 UTC;0;958,9;959,6;958,9;3669;29,6;20,1;30,1;27,6;22;18,4;66;51;57;122;3,7;1,5;
2023/02/15;1600 UTC;0;958,1;958,9;958,1;3701,9;31,4;20,4;31,6;29,4;21,4;19,2;59;50;52;46;4,3;1,8;
2023/02/15;1700 UTC;0;957,3;958,1;957,3;3331,9;32,5;19,6;32,6;31,3;21,7;19,3;56;46;47;6;4,4;1,2;
2023/02/15;1800 UTC;0;956,2;957,2;956,2;2405,2;33,3;19,3;33,5;31,8;21,7;19,3;52;44;44;134;3,4;1,2;
2023/02/15;1900 UTC;0;955,6;956,2;955,6;855,4;31,1;21,5;33,3;31,1;21,7;19,1;57;43;57;332;3,2;1,7;
2023/02/15;2000 UTC;0;956,8;956,8;955,3;422,5;29,9;19,1;31,6;29,9;22,8;19,1;62;53;53;261;14,4;5,8;
2023/02/15;2100 UTC;0;956,4;957,1;955,9;165,7;24,6;17,6;29,8;24,2;17,7;15,9;67;51;65;260;17,5;4,4;
2023/02/15;2200 UTC;0;958,3;958,3;956,4;22,2;23,2;18,4;24,8;23,2;18,5;17,7;75;65;75;8;7,7;2,3;
2023/02/15;2300 UTC;0;958,8;958,8;958,2;;23,3;19,6;23,8;23;19,6;18,3;79;71;79;127;4,5;1,4;
2023/02/16;0000 UTC;0;959,5;959,5;958,8;;23,3;19,2;23,8;23,3;19,8;19,2;80;77;78;251;4,9;2,1;
2023/02/16;0100 UTC;0;959,9;959,9;959,5;;22,7;19,3;23,3;22,5;19,5;19,1;83;78;81;358;3,2;1,4;
2023/02/16;0200 UTC;0;960;960,1;959,7;;22,6;20;22,9;22,6;20;19,3;85;81;85;43;3,1;1,3;
2023/02/16;0300 UTC;0;959,4;960;959,3;;22,5;20,2;22,8;22,5;20,2;19,9;87;84;87;100;4,3;2,5;
2023/02/16;0400 UTC;0;959,3;959,5;959,2;;22;19,8;22,6;22;20,2;19,8;87;86;87;12;4,3;1,1;
2023/02/16;0500 UTC;0;958,7;959,3;958,7;;22,1;19,9;22,1;22;20,1;19,9;89;87;88;106;3,4;2;
2023/02/16;0600 UTC;0;958,2;958,7;958,1;;21,9;19,9;22,1;21,9;19,9;19,7;88;87;88;57;3,4;,9;
2023/02/16;0700 UTC;0;957,9;958,3;957,9;;21,9;19,7;22;21,8;19,9;19,6;88;87;87;138;2,9;1,3;
2023/02/16;0800 UTC;0;957,8;958;957,8;;21,7;19,5;21,9;21,7;19,6;19,4;87;86;87;44;2,3;,8;
2023/02/16;0900 UTC;0;958,1;958,3;957,8;3,8;21,8;19,7;21,9;21,6;19,8;19,3;88;86;88;72;2,5;1,6;
2023/02/16;1000 UTC;0;958,2;958,3;958;423,3;23;20,1;23;21,8;20,2;19,7;88;84;84;101;3;1,8;
2023/02/16;1100 UTC;0;958,5;958,6;958,1;566,6;23;19,7;23,1;22,6;19,9;19,3;84;81;82;132;3;,9;
2023/02/16;1200 UTC;0;958,8;958,8;958,5;616,4;23,5;19,8;23,5;23;20,1;19,5;83;79;80;157;2,4;,7;
2023/02/16;1300 UTC;0;959;959;958,8;958,3;24,4;19,5;24,7;23,4;20;19,3;81;73;74;285;2,3;1,1;
2023/02/16;1400 UTC;0;958,4;959;958,4;1789,6;26,3;20;26,4;24,4;20,7;19,5;75;68;68;57;3,2;1,8;
2023/02/16;1500 UTC;0;957,7;958,4;957,7;2973;27,9;20;28;25,8;20,8;19,4;71;61;62;62;3,3;1,1;
2023/02/16;1600 UTC;0;956,8;957,7;956,8;1728,7;28,7;18,3;28,9;27,9;20,7;17,9;63;53;54;143;2,9;1,1;
2023/02/16;1700 UTC;0;956,1;956,8;956,1;1662,8;29,2;19,3;29,5;28,7;20;18,4;58;53;55;191;3,2;1,3;
2023/02/16;1800 UTC;0;955,8;956,1;955,8;991,1;29,1;19,7;29,4;29;20;17,6;58;49;57;158;2,9;1,2;
2023/02/16;1900 UTC;0;955,3;955,8;955,3;965,5;29;20,6;29,6;28,7;21,3;19,2;64;54;60;352;3;1,5;
2023/02/16;2000 UTC;0;955,3;955,4;955,2;605,8;28,2;20,9;29;28,2;21,1;20,3;65;60;64;342;2,4;1,3;
2023/02/16;2100 UTC;0;955,7;955,7;955,3;116,2;27,4;21,5;28,2;27,4;21,5;20,9;71;64;71;3;1,8;,7;
2023/02/16;2200 UTC;0;956,4;956,4;955,7;10,5;25,9;22,4;27,6;25,9;22,5;20,9;81;67;81;346;1,7;1,3;
2023/02/16;2300 UTC;0;957,1;957,1;956,4;;26,2;21,3;26,3;25,1;22,4;21,3;84;75;75;23;2,7;1,7;
2023/02/17;0000 UTC;0;958,2;958,2;957,1;;25;22,2;26,2;24,9;22,8;21,2;86;74;84;52;4,1;2,9;
2023/02/17;0100 UTC;0;958,4;958,4;958,1;;25,3;20,1;25,3;24,8;22,2;20,1;85;73;73;68;5,3;2,7;
2023/02/17;0200 UTC;0;958,4;958,6;958,4;;23,6;21,3;25,6;23,5;21,4;18,9;87;66;87;326;5,3;2,3;
2023/02/17;0300 UTC;0;957,8;958,4;957,8;;23,7;21,6;23,8;23,5;21,6;21,1;88;86;88;253;3,6;1;
2023/02/17;0400 UTC;0;957,7;957,8;957,6;;23,1;21,2;23,7;23,1;21,6;21,2;90;88;89;295;3;1,3;
2023/02/17;0500 UTC;0;957,3;957,7;957,3;;23;21,1;23,2;22,9;21,3;21;90;89;89;86;2,5;1,4;
2023/02/17;0600 UTC;0;957,4;957,4;957,3;;22,5;20,8;23;22,4;21,1;20,6;90;89;90;130;2,3;,7;
2023/02/17;0700 UTC;0;957,7;957,7;957,4;;22,3;20,6;22,5;22,3;20,9;20,5;90;90;90;99;2,5;1,2;
2023/02/17;0800 UTC;0;957,7;957,7;957,5;;22;20;22,4;21,9;20,6;19,9;90;88;89;101;3;1,1;
2023/02/17;0900 UTC;0;958,4;958,4;957,6;3,2;21,6;20;22;21,6;20,1;19,9;90;89;90;320;2,9;,6;
2023/02/17;1000 UTC;0;959,1;959,2;958,4;267,5;22,2;20,6;22,2;21,6;20,6;20;91;90;90;342;1,9;,8;
2023/02/17;1100 UTC;0;959,6;959,6;959,1;693,2;24,1;20,1;24,1;22,2;21,1;20;90;78;78;109;2,1;,8;
2023/02/17;1200 UTC;0;959,7;959,8;959,5;1396,8;25,2;19,3;25,6;24,1;20,6;19;79;69;70;137;3,1;,9;
2023/02/17;1300 UTC;,2;959,6;959,9;959,6;2568;27,5;19,3;27,7;25,2;20,2;18,9;70;60;61;246;2,7;1,1;
2023/02/17;1400 UTC;0;959,3;959,6;959,2;2819;29,7;18,7;29,9;27,5;20,3;18,3;62;51;52;8;3,5;1,2;
2023/02/17;1500 UTC;0;958,7;959,3;958,7;3684,6;31,9;18,5;32;29,3;20,3;17,9;56;45;45;331;4,1;1,3;
2023/02/17;1600 UTC;0;957,8;958,7;957,8;3711,8;33,2;18,8;33,2;31,5;19,4;17,4;47;40;43;261;4,3;1,5;
2023/02/17;1700 UTC;0;957,3;957,8;957,2;3091,2;34,1;17,8;34,3;32,3;19;17,1;44;38;38;304;5,6;3,4;
2023/02/17;1800 UTC;0;957,2;957,4;957;738,3;27,7;18,4;34,1;27,6;18,4;16,6;57;38;57;76;7,7;3,8;
2023/02/17;1900 UTC;0;956,8;957,2;956,5;393,9;25,3;18,9;27,8;25;19;18,2;69;56;68;115;7,9;3,9;
2023/02/17;2000 UTC;0;957,3;957,7;956,8;192,4;24,7;19,6;25,4;24,7;19,6;18,8;73;67;73;55;5,9;2,7;
2023/02/17;2100 UTC;0;958,2;958,2;957,2;41;25,1;19,9;25,1;24,5;19,9;19,6;75;72;73;98;5,6;2,3;
2023/02/17;2200 UTC;0;959,6;959,6;958,2;8,1;25;19,5;25,4;25;19,8;19,2;73;69;72;113;4,1;2,3;
2023/02/17;2300 UTC;0;960,9;960,9;959,6;;23,4;20;25;23,4;20;19,5;81;72;81;68;5,2;2,8;
2023/02/18;0000 UTC;0;961,7;961,7;960,9;;23,3;20,5;23,4;23,2;20,6;20,1;85;81;84;109;5;2,8;
2023/02/18;0100 UTC;0;962,2;962,2;961,7;;22,7;20,5;23,4;22,7;20,6;20,4;88;83;88;358;4,2;1,2;
2023/02/18;0200 UTC;0;962;962,2;961,8;;22,8;20,7;23;22,6;21;20,5;89;88;88;52;2,2;1;
2023/02/18;0300 UTC;0;961,4;962;961,4;;22,6;20,5;22,9;22,6;20,8;20,5;88;88;88;61;2,3;,8;
2023/02/18;0400 UTC;0;960,7;961,4;960,7;;22,1;20,6;22,6;22,1;20,7;20,5;91;88;91;324;1,8;1,2;
2023/02/18;0500 UTC;0;960,2;960,7;960,2;;22,2;20,7;22,2;21,9;20,7;20,4;91;91;91;342;2,1;1;
2023/02/18;0600 UTC;0;959,7;960,2;959,7;;22,1;20,6;22,2;22,1;20,7;20,6;91;91;91;338;1,6;1;
2023/02/18;0700 UTC;0;960;960;959,6;;22,6;21;22,6;22;21;20,6;92;91;91;140;1,8;1,2;
2023/02/18;0800 UTC;0;960,3;960,3;960;;21,8;20,4;22,6;21,8;21;20,4;92;90;92;332;1,8;1,1;
2023/02/18;0900 UTC;0;961,1;961,1;960,3;1,1;22,1;20,7;22,1;21,8;20,8;20,4;92;92;92;49;3,5;2;
2023/02/18;1000 UTC;0;961,8;961,8;961,1;89,3;22,6;21;22,6;22,1;21;20,6;92;91;91;94;3,5;1,2;
2023/02/18;1100 UTC;0;962;962;961,8;483,3;23,3;21,4;23,3;22,6;21,4;21;91;88;89;102;4,8;3,1;
2023/02/18;1200 UTC;0;963,1;963,1;962;1660,8;25,5;20,8;25,8;23,3;21,9;20,7;89;74;75;136;5,2;1,7;
2023/02/18;1300 UTC;0;963,1;963,1;963;2553,9;27,8;20,6;27,8;25,5;21,4;19,8;76;64;65;154;3,2;1,5;
2023/02/18;1400 UTC;0;962,9;963,2;962,9;3008,5;29,8;20,6;29,9;27,9;20,9;19,3;65;55;58;153;4,6;1,6;
2023/02/18;1500 UTC;0;962,5;962,9;962,5;3188,7;30,8;20,7;30,8;29,1;21,6;19,6;61;53;55;101;7,3;2,2;
2023/02/18;1600 UTC;0;961,7;962,5;961,7;3788,7;31,8;20,9;31,8;30,1;21,4;19,2;56;50;53;87;5,7;2,4;
2023/02/18;1700 UTC;0;960,9;961,7;960,9;3193,4;29,2;20,2;32,2;29,1;22,2;18,4;59;45;58;33;6,5;4,1;
2023/02/18;1800 UTC;0;960,4;960,9;960,4;3036,2;31,1;19,3;31,8;29,2;21,3;19,1;59;47;50;68;6,5;2,9;
2023/02/18;1900 UTC;1;961,9;961,9;960,4;345,4;23,8;20,2;31,1;23,8;20,2;19;81;50;81;200;11,3;2,6;
2023/02/18;2000 UTC;,2;962,1;962,1;961,7;108,7;23,3;21,3;23,9;23;21,4;20,3;89;81;88;251;5,4;1,6;
2023/02/18;2100 UTC;0;962,5;962,5;962;165,4;23,2;21,1;23,6;23,2;21,5;21;89;86;88;349;3;2;
2023/02/18;2200 UTC;0;962,6;962,6;962,4;25,8;23,1;21,3;23,2;22,9;21,5;21,1;90;88;90;352;3;1,4;
2023/02/18;2300 UTC;0;963,8;963,8;962,6;;23,7;21,1;23,8;23;21,4;21;90;85;85;149;2,1;1,1;
2023/02/19;0000 UTC;,2;964,5;964,5;963,8;;23,1;21,5;23,8;23;21,5;21;91;85;91;298;2,7;,9;
2023/02/19;0100 UTC;6,4;964,6;964,7;964,4;,9;22,6;21,2;23,1;22,6;21,5;21,1;92;91;92;311;3,9;1,8;
2023/02/19;0200 UTC;0;964,9;965;964,6;,6;22,6;21,2;22,6;22,5;21,2;21,1;92;92;92;280;2,8;1,4;
2023/02/19;0300 UTC;0;964,6;965;964,6;0;22,5;21,1;22,6;22,5;21,3;21,1;92;92;92;252;3,3;1,8;
2023/02/19;0400 UTC;0;964;964,6;964;;22,2;20,3;22,6;22,2;21,2;20,3;92;89;89;244;4,8;2,5;
2023/02/19;0500 UTC;0;963,8;964,1;963,7;,7;22,1;19,7;22,3;22;20,3;19,7;89;86;86;254;7,4;3,7;
2023/02/19;0600 UTC;0;963,6;963,9;963,5;,4;21,9;19,5;22,2;21,9;19,7;19,4;86;85;86;263;8,4;4,4;
2023/02/19;0700 UTC;0;963,7;963,7;963,6;0;22;19,1;22,2;21,9;19,5;19,1;86;83;84;247;9,5;5,5;
2023/02/19;0800 UTC;0;964,3;964,3;963,7;;22;18,9;22,1;21,8;19,1;18,9;84;82;82;239;10,2;4,1;
2023/02/19;0900 UTC;0;964,8;964,8;964,2;1;22;18,8;22,1;21,9;18,9;18,7;83;82;82;246;8,6;4,2;
2023/02/19;1000 UTC;0;965,7;965,7;964,8;112,1;22,2;18,7;22,2;21,9;18,8;18,7;82;81;81;246;8,1;5,2;
2023/02/19;1100 UTC;0;966;966;965,7;720,4;22,3;19,2;22,3;22;19,4;18,7;84;81;82;242;9,4;4,8;
2023/02/19;1200 UTC;0;966,1;966,1;965,8;1818,7;24,6;19,4;24,6;22,3;19,6;18,8;83;73;73;255;10,1;6;
2023/02/19;1300 UTC;0;966,5;966,5;966,1;2365,2;25,1;19;25,6;24,2;19,6;18,6;73;67;69;257;11,4;6,1;
2023/02/19;1400 UTC;,2;966,4;966,5;966,3;1994,8;25,6;19;26,1;24,8;19,5;18,7;70;66;67;249;10;6;
2023/02/19;1500 UTC;0;965,9;966,4;965,9;3211,9;27;19,3;27,7;25,6;19,8;18,6;68;60;63;242;10;5,4;
2023/02/19;1600 UTC;0;965,3;965,9;965,3;3101,7;27,9;19,7;28,3;26,3;20,2;18,7;64;59;61;235;9,1;4,5;
2023/02/19;1700 UTC;0;964,6;965,3;964,6;3415,1;28,4;18,9;28,8;27,6;19,8;18,7;61;55;57;256;8,9;5,3;
2023/02/19;1800 UTC;0;964;964,6;964;3095,2;29,4;19,3;29,4;28,3;19,7;18,4;57;53;54;264;8;4,5;
2023/02/19;1900 UTC;0;963,4;964;963,4;2448,5;29,5;18,9;30;28,8;19,4;18,2;55;50;53;266;7,4;4,6;
2023/02/19;2000 UTC;0;963;963,5;963;1516,2;28,4;18,8;29,9;28,3;19,3;18,2;56;51;56;262;7,5;4,8;
2023/02/19;2100 UTC;0;963,7;963,7;963;687,1;27;18,8;28,6;27;19,1;18,3;61;54;61;255;8,6;5,2;
2023/02/19;2200 UTC;11,4;965,1;965,1;963,7;83,1;22,4;20,6;27,1;22;20,7;18,4;90;61;90;169;8,6;2,7;
2023/02/19;2300 UTC;,8;965,9;965,9;965,1;1,7;22,9;20,3;23,2;22;21,1;20;90;85;85;24;5,4;2;
2023/02/20;0000 UTC;0;966,7;966,7;965,9;1,6;21,8;20,1;23,1;21,8;20,5;19,9;90;85;90;333;4;1,5;
2023/02/20;0100 UTC;0;966,5;966,8;966,5;;22,5;20,7;22,5;21,9;20,8;20,2;90;89;89;26;2,7;1,1;
2023/02/20;0200 UTC;0;966,8;966,8;966,4;;22,7;20,6;22,7;22,2;20,8;20,5;90;88;88;66;2,5;1,6;
2023/02/20;0300 UTC;1,4;966,3;966,8;966,3;,3;21,8;20,2;22,7;21,8;20,6;20,2;91;88;91;359;2,7;1,6;
2023/02/20;0400 UTC;,2;965,8;966,3;965,8;;21,7;20,3;21,9;21,5;20,4;20;92;91;91;65;2,6;1,2;
2023/02/20;0500 UTC;0;965,1;965,8;965,1;,2;21,7;20,3;21,8;21,6;20,4;20,1;92;91;92;81;4;1,3;
2023/02/20;0600 UTC;0;964,8;965,1;964,7;;21,6;20,2;21,8;21,5;20,4;20,1;92;92;92;33;2,7;1,2;
2023/02/20;0700 UTC;0;964,8;964,9;964,8;;21,6;20,2;21,6;21,4;20,2;20;92;92;92;78;2,5;1;
2023/02/20;0800 UTC;0;964,8;964,8;964,7;;21,6;20,3;21,7;21,6;20,3;20,2;92;92;92;101;2,9;1,9;
2023/02/20;0900 UTC;,2;965,1;965,1;964,8;8,7;21,3;20;21,6;21,3;20,3;20;92;92;92;83;3,1;1,2;
2023/02/20;1000 UTC;0;965,7;965,7;965,1;369,1;22,7;20,7;22,7;21,3;20,7;20;92;88;88;104;5,3;3,1;
2023/02/20;1100 UTC;0;966;966;965,7;1220,8;24;19,4;24,3;22,7;20,9;19,1;88;75;76;106;6,4;3,9;
2023/02/20;1200 UTC;0;966,1;966,1;966;2074,8;25,6;19,1;25,9;23,9;20;19;76;66;67;104;6,4;2,9;
2023/02/20;1300 UTC;0;965,9;966,1;965,9;2887,5;27,3;19,7;27,4;25,6;20,2;18,4;69;61;63;100;6,8;3,1;
2023/02/20;1400 UTC;0;965,2;965,9;965,2;2889,2;27,9;19,4;28,2;26,9;19,9;18,8;65;58;60;138;5,9;2,9;
2023/02/20;1500 UTC;0;964,5;965,2;964,5;3764,3;29,8;19,1;29,8;27,9;20,5;18,1;60;51;53;149;7,5;2,5;
2023/02/20;1600 UTC;0;963,5;964,5;963,5;3144,3;30;18,8;30,8;28,8;20,4;17,9;55;49;51;133;6,9;3;
2023/02/20;1700 UTC;0;962,6;963,5;962,6;3382,8;30,6;18,5;31,5;29,3;19,9;17,7;53;46;48;151;6,5;1,9;
2023/02/20;1800 UTC;0;961,7;962,6;961,6;2266;30,5;18,4;31,6;29,8;19,4;17,5;52;44;49;132;5,7;2,7;
2023/02/20;1900 UTC;7;961,9;961,9;961,3;1038,5;22,8;20,7;31,1;22,7;20,7;18;88;48;88;84;14;6,8;
2023/02/20;2000 UTC;1,6;962,3;962,3;961,5;198,6;23,3;21,2;23,4;22,5;21,4;20,5;90;88;88;286;14;2,4;
2023/02/20;2100 UTC;,2;962,5;962,5;962,1;121;22,9;20,7;23,7;22,9;21,6;20,7;89;85;87;328;6,2;3,3;
2023/02/20;2200 UTC;6;963;963,4;962,5;8,3;21,5;20;22,9;21;20,7;19,1;92;84;91;81;8,3;3;
2023/02/20;2300 UTC;1;964,5;964,6;963;1,3;21,1;19,4;21,6;21,1;20,2;19,4;92;90;90;12;5,9;1,4;
2023/02/21;0000 UTC;2,6;965,6;965,8;964,5;,9;20,9;19,6;21,5;20,9;19,9;19,4;92;90;92;26;7,1;3,5;
2023/02/21;0100 UTC;1;965,6;965,9;965,4;,9;20,9;19,5;21,2;20,8;19,8;19,3;92;91;92;151;7,1;1,1;
2023/02/21;0200 UTC;,2;965,7;965,9;965,5;,6;20,7;19,3;21,1;20,7;19,7;19,3;92;92;92;214;3,7;,5;
2023/02/21;0300 UTC;0;965,3;965,7;965,3;;20,5;19,3;20,8;20,5;19,4;19,2;93;92;93;2;2,5;1,2;
2023/02/21;0400 UTC;0;964,8;965,3;964,8;;20,6;19,4;20,6;20,4;19,4;19,2;93;93;93;130;2;,3;
2023/02/21;0500 UTC;0;964,2;964,8;964,2;;20,5;19,2;20,8;20,4;19,6;19,2;93;93;93;10;3,1;,6;
2023/02/21;0600 UTC;0;963,9;964,2;963,9;;20,4;19,3;20,6;20,4;19,4;19,2;93;93;93;97;2,6;1,5;
2023/02/21;0700 UTC;0;964,1;964,1;963,8;,2;20,2;19;20,4;20,2;19,2;19;93;93;93;124;3,3;,8;
2023/02/21;0800 UTC;0;964,2;964,3;964;,2;20,2;19,1;20,3;20;19,1;18,8;93;93;93;270;3,7;1,8;
2023/02/21;0900 UTC;0;964,9;964,9;964,2;5,7;20,4;19,2;20,5;20,1;19,3;19;93;93;93;25;2,8;1;
2023/02/21;1000 UTC;0;965;965,2;964,9;131;20,9;19,7;21;20,3;19,8;19,3;93;93;93;22;3,1;1,3;
2023/02/21;1100 UTC;0;965,2;965,2;965;510,3;21,5;19,9;21,7;20,8;20,3;19,6;93;91;91;130;3,1;1,2;
2023/02/21;1200 UTC;0;965,3;965,3;965,2;1068,7;23;19,9;23;21,5;20,2;19,4;91;83;83;118;2,9;,8;
2023/02/21;1300 UTC;0;965,2;965,3;965,1;2322,3;24,7;19,8;25,4;23;21;19,2;83;73;74;340;2,9;1,4;
2023/02/21;1400 UTC;0;964,7;965,2;964,7;2853,3;27;20,1;27,5;24,5;21,3;19,2;75;65;66;249;3,9;1,9;
2023/02/21;1500 UTC;,2;964;964,7;964;3647,9;28,8;20,7;28,9;26,7;21,3;19,7;69;58;62;233;3,4;1,9;
2023/02/21;1600 UTC;0;963,1;964;963,1;3684,3;31,2;20,5;31,3;28,8;21,2;19,1;62;52;53;289;4,5;2,5;
2023/02/21;1700 UTC;0;962,1;963,1;962,1;3341,9;31,3;20,3;32;30,4;20,4;18,3;53;47;52;295;4,9;1,9;
2023/02/21;1800 UTC;0;961,5;962,1;961,5;2879,8;31,2;18,2;32,8;31,2;19,9;17,8;52;43;46;143;4,1;2,1;
2023/02/21;1900 UTC;0;960,8;961,5;960,8;2145,1;32,3;18,4;32,7;31,1;20;17,3;49;40;44;80;3,6;1,3;
2023/02/21;2000 UTC;0;960,9;960,9;960,6;1108,2;28,6;17,9;32,7;28,6;20,2;17,6;59;42;52;253;9,5;5,7;
2023/02/21;2100 UTC;0;961,5;961,5;960,9;240,3;26,3;17,6;28,6;26,3;17,6;16,5;59;49;59;258;14,2;9,6;
2023/02/21;2200 UTC;24,2;965,9;966;961,5;10,6;20,4;19,1;26,3;19,5;19,3;16,8;93;59;92;161;15,7;2,3;
2023/02/21;2300 UTC;3,6;966,3;966,4;965,7;1,9;20,4;19,3;20,7;20,2;19,5;19;93;92;93;271;5;1,5;
2023/02/22;0000 UTC;3,4;967,7;967,7;966,3;,8;20,6;19,4;20,9;20,4;19,8;19,3;93;93;93;10;3;1,2;
2023/02/22;0100 UTC;2,6;968,3;968,3;967,6;1,2;21;19,8;21,1;20,6;19,9;19,4;93;93;93;104;3,8;2,6;
2023/02/22;0200 UTC;1;968,2;968,5;968,2;1,5;20,9;19,7;21,2;20,8;20;19,6;93;93;93;61;3,6;1,1;
2023/02/22;0300 UTC;0;967,7;968,2;967,7;,9;20,9;19,8;21;20,8;19,8;19,6;93;93;93;28;2,3;1;
2023/02/22;0400 UTC;0;966,8;967,7;966,8;;20,9;19,7;21;20,8;19,9;19,7;93;93;93;96;2,6;1,2;
2023/02/22;0500 UTC;0;965,8;966,8;965,8;0;20,6;19,5;21;20,6;19,8;19,5;93;93;93;133;3,3;,8;
2023/02/22;0600 UTC;0;965,6;965,8;965,6;;20,5;19,4;20,7;20,5;19,5;19,4;93;93;93;293;2;,9;
2023/02/22;0700 UTC;0;965,7;965,7;965,5;;20,6;19,5;20,7;20,4;19,5;19,2;93;93;93;18;1,4;,9;
2023/02/22;0800 UTC;0;966;966;965,7;;20,4;19,2;20,7;20,4;19,6;19,2;93;93;93;40;1,9;,6;
2023/02/22;0900 UTC;0;966,5;966,5;966;3,6;20,2;19;20,4;20,1;19,2;18,9;93;93;93;44;1,6;1,1;
2023/02/22;1000 UTC;0;967,2;967,2;966,5;283,7;20,9;19,6;21,2;20,1;20,1;18,9;93;92;92;298;1,5;,4;
2023/02/22;1100 UTC;0;967,6;967,6;967,2;581,9;21,9;20;21,9;20,8;20,1;19,5;92;89;89;230;1,5;,4;
2023/02/22;1200 UTC;0;967,9;967,9;967,6;1358,7;23,8;19,5;23,9;21,8;20,1;18,9;89;77;77;115;2,5;1,2;
2023/02/22;1300 UTC;,2;967,6;967,9;967,6;2141,2;25;19,4;25,1;23,2;19,8;18,7;78;71;71;161;2,5;,8;
2023/02/22;1400 UTC;0;967,2;967,6;967,2;2810;26,9;20,1;26,9;25;20,7;19;72;65;66;217;3,5;1,6;
2023/02/22;1500 UTC;0;966,5;967,2;966,5;2894,8;27,9;18,5;28,6;26,6;21;17,7;68;54;57;257;3,1;1,6;
2023/02/22;1600 UTC;0;965,8;966,5;965,7;3460,4;29,4;19,4;29,8;27,9;20,7;18,5;61;54;55;45;4,1;1,3;
2023/02/22;1700 UTC;0;965,1;965,8;964,9;2584,3;29,3;19,9;31,3;29,1;21,4;18,2;58;50;57;112;5,5;1,2;
2023/02/22;1800 UTC;0;964,5;965,2;964,3;569,1;26,3;20,4;29,3;26,3;20,9;18,7;71;54;70;329;5,3;3,2;
2023/02/22;1900 UTC;,2;964,8;964,8;964,2;701,7;25,3;21,2;26,3;25,1;21,5;20,3;81;70;78;324;5,2;2,2;
2023/02/22;2000 UTC;0;965,8;965,8;964,8;534,1;24,4;17,9;26,2;24,4;21,4;17,9;79;65;67;93;8;3,9;
2023/02/22;2100 UTC;,2;966,6;966,6;965,7;48,5;21,2;19,1;24,4;21,2;19,2;17,5;88;67;88;23;8;3,3;
2023/02/22;2200 UTC;1,6;967;967;966,6;1,3;21,1;19,2;21,2;20,7;19,3;18,9;89;88;89;105;6,1;2,2;
2023/02/22;2300 UTC;,4;967,5;967,5;966,9;;20,6;19,1;21,1;20,5;19,1;18,9;91;89;91;94;4,8;1,7;
2023/02/23;0000 UTC;0;967,6;967,7;967,4;;21;19,4;21,1;20,5;19,6;19;91;90;91;121;3,8;2,7;
2023/02/23;0100 UTC;0;968,2;968,2;967,6;;21,2;19,6;21,2;21;19,7;19,4;91;91;91;106;3,8;1,3;
2023/02/23;0200 UTC;0;968,9;968,9;968,2;;20,8;19,5;21,2;20,8;19,7;19,4;92;91;92;7;2,1;1,4;
2023/02/23;0300 UTC;0;968,1;968,9;968,1;;21,1;19,8;21,1;20,7;19,8;19,4;92;92;92;19;2,1;1,1;
2023/02/23;0400 UTC;0;967,3;968,1;967,3;;21,2;19,7;21,2;21,1;19,9;19,7;92;92;92;76;2,3;,5;
2023/02/23;0500 UTC;0;967,1;967,4;967,1;;20,9;19,6;21,2;20,6;19,8;19,3;93;92;93;38;1,8;1,1;
2023/02/23;0600 UTC;0;967,2;967,2;967;;20,8;19,5;21;20,7;19,7;19,5;93;92;93;109;2,3;1,3;
2023/02/23;0700 UTC;0;967;967,2;967;;20,5;19,3;20,9;20,5;19,7;19,3;93;93;93;335;2,2;,7;
2023/02/23;0800 UTC;0;966,9;967;966,8;;20,2;19;20,5;20;19,3;18,9;93;93;93;4;2,8;,9;
2023/02/23;0900 UTC;,2;967,2;967,3;966,9;7;20;18,8;20,3;19,9;19,1;18,8;93;93;93;76;2,3;,6;
2023/02/23;1000 UTC;0;967,8;967,8;967,2;164,1;20,5;19,4;20,5;19,6;19,4;18,5;93;93;93;69;2,1;1;
2023/02/23;1100 UTC;0;968,3;968,3;967,8;724,5;22;20,4;22,1;20,5;20,9;19,4;93;90;90;78;2,1;,9;
2023/02/23;1200 UTC;0;968,4;968,5;968,3;1754,7;23,9;19,3;24,4;22;20,9;19,1;90;74;76;126;2,8;1,3;
2023/02/23;1300 UTC;0;968,1;968,4;968,1;2333,7;24,4;18,8;25,4;23,8;20,5;18,8;78;70;71;163;3,7;1,8;
2023/02/23;1400 UTC;0;967,4;968,1;967,4;2782,8;26,5;19,9;26,8;24,3;20,6;19;74;64;67;58;4,6;1,5;
2023/02/23;1500 UTC;0;966,5;967,4;966,5;2617,6;28,4;20,2;28,7;26,4;21,1;19,3;69;61;61;276;3,9;2,4;
2023/02/23;1600 UTC;0;966;966,5;966;1063,5;26,7;20,1;28,4;26,7;20,7;19,5;68;61;67;287;4,2;2,9;
2023/02/23;1700 UTC;0;965,2;966;965,1;550,1;24;18,7;26,8;24;21,1;18,7;78;67;73;331;6,4;4,4;
2023/02/23;1800 UTC;,6;964,9;965,3;964,9;372,3;23;20,2;24;22,8;20,3;18,5;84;72;84;1;6,3;2,3;
2023/02/23;1900 UTC;0;964,4;964,9;964,2;470,3;23,7;20,3;23,8;22,9;20,6;19,7;84;79;81;99;4,3;1,9;
2023/02/23;2000 UTC;0;964,6;964,8;964,4;463,8;24,1;20;24,2;23,5;20,3;19,8;82;77;78;108;4,1;1,7;
2023/02/23;2100 UTC;0;964,9;964,9;964,3;405,1;23,9;20,1;24,4;23,9;20,4;19,6;80;75;79;122;4,6;3,5;
2023/02/23;2200 UTC;0;965,6;965,6;964,8;26,6;23,3;19;23,9;23,1;20,5;19;85;77;77;76;4,6;3;
2023/02/23;2300 UTC;0;965,7;965,7;965,2;;22,5;19,4;23,3;22,3;19,4;18,8;82;77;82;332;4,5;1,2;
2023/02/24;0000 UTC;,8;966,6;966,6;965,8;;22,7;19,6;23,1;22,5;20;19,4;84;82;83;123;2,4;,9;
2023/02/24;0100 UTC;1,6;966,7;966,8;966,5;;22;20,5;22,7;21,9;20,5;19,7;92;83;92;4;2,7;1,6;
2023/02/24;0200 UTC;0;966,4;966,8;966,4;;22,2;20,7;22,4;21,9;20,9;20,5;92;91;91;96;3,3;,8;
2023/02/24;0300 UTC;0;965,6;966,4;965,6;;21,8;20,5;22,2;21,8;20,8;20,5;92;91;92;118;3,4;2,4;
2023/02/24;0400 UTC;,2;965,4;965,7;965,3;;21,5;20,2;21,8;21,4;20,5;20,1;92;92;92;269;3,4;,5;
2023/02/24;0500 UTC;0;964,7;965,4;964,7;;21,2;20;21,6;21,2;20,3;20;93;92;93;310;1,9;1;
2023/02/24;0600 UTC;0;963,9;964,7;963,9;,4;21,1;19,9;21,2;21;20;19,9;93;93;93;325;2,1;,8;
2023/02/24;0700 UTC;0;963,8;963,9;963,7;,4;21,5;20,4;21,5;21,1;20,4;19,9;93;93;93;13;2,2;1,1;
2023/02/24;0800 UTC;0;964,4;964,4;963,8;,2;21,7;20,6;21,8;21,5;20,7;20,4;93;93;93;72;2,9;1,5;
2023/02/24;0900 UTC;0;964,9;964,9;964,4;1,5;21,8;20,6;21,8;21,7;20,6;20,5;93;93;93;160;2,4;,3;
2023/02/24;1000 UTC;0;965,7;965,7;964,9;64,8;22,2;20,9;22,2;21,8;20,9;20,6;93;93;93;257;,8;,2;
2023/02/24;1100 UTC;0;965,7;965,8;965,6;423,8;23,2;21,6;23,2;22,2;21,7;20,9;93;91;91;104;1,8;,9;
2023/02/24;1200 UTC;0;965,8;965,8;965,7;709,3;24,1;20,5;24,1;23,2;21,6;20,1;91;80;80;96;3,1;,5;
2023/02/24;1300 UTC;0;965,3;965,8;965,3;1811,9;25,5;19,7;25,7;23,9;21;19,3;81;69;71;11;2,7;1,3;
2023/02/24;1400 UTC;0;964,7;965,3;964,7;2484;26,4;19,5;27,6;25,5;20,8;18,9;71;62;66;137;4,4;1,7;
2023/02/24;1500 UTC;0;963,7;964,7;963,7;2890,6;28,6;20,4;28,8;26,5;20,7;19,2;66;60;61;286;3,9;2,2;
2023/02/24;1600 UTC;0;962,4;963,7;962,4;3157,5;29,6;20,1;29,9;28,5;20,9;19,1;61;55;57;260;4,4;1,1;
2023/02/24;1700 UTC;0;961,5;962,4;961,5;2793,1;30;21;30,6;29;21;19,2;58;51;58;232;4,5;1,9;
2023/02/24;1800 UTC;0;960,5;961,5;960,5;1847,4;30,6;21,2;31,2;29,5;21,8;20;61;55;57;271;5,6;2,1;
2023/02/24;1900 UTC;0;959,8;960,5;959,8;2206,7;31,4;20,3;31,6;30,3;21,6;19,8;57;51;52;236;4;,9;
2023/02/24;2000 UTC;0;959,6;959,8;959,5;967,7;29,4;21,5;32,1;29,4;21,6;19,9;63;50;62;259;4,5;2,8;
2023/02/24;2100 UTC;0;960,2;960,2;959,4;197,7;26,9;17,8;29,4;26,9;21,6;17,7;64;57;57;124;7,6;3,6;
2023/02/24;2200 UTC;0;961,6;961,8;960,1;12,9;23,8;19,8;26,9;23,8;21;17,8;78;58;78;85;7;3,5;
2023/02/24;2300 UTC;0;962,3;962,5;961,6;;22,1;20,1;23,8;22,1;21,2;19,8;89;78;88;81;7;1,5;
2023/02/25;0000 UTC;0;963,5;963,5;962,3;;22;20,4;22,3;22;20,6;20,1;90;88;90;128;4,4;1,3;
2023/02/25;0100 UTC;0;964,2;964,2;963,4;;22;20,5;22,1;21,8;20,5;20,2;91;90;91;280;3,3;1,7;
2023/02/25;0200 UTC;0;964,3;964,3;963,9;;22,4;20,7;22,4;22;20,7;20,4;91;90;90;32;3,2;,6;
2023/02/25;0300 UTC;0;963,8;964,4;963,8;;22,2;20,6;22,4;22,1;20,7;20,5;91;90;91;59;2,8;1,6;
2023/02/25;0400 UTC;0;962,7;963,8;962,7;;22;20,4;22,2;22;20,6;20,4;91;91;91;126;2,8;1,5;
2023/02/25;0500 UTC;,2;961,6;962,7;961,6;;21,8;20,4;22;21,8;20,6;20,4;92;91;92;109;4,5;3,3;
2023/02/25;0600 UTC;0;961,4;961,6;961,3;;21,7;20,4;21,8;21,6;20,5;20,3;93;92;93;29;4,5;1,3;
2023/02/25;0700 UTC;0;961,5;961,5;961,3;;21,5;20,2;21,7;21,4;20,4;20,2;93;93;93;348;2,4;1,3;
2023/02/25;0800 UTC;0;961,8;961,8;961,5;;21,8;20,6;21,8;21,4;20,6;20,2;93;93;93;72;1,9;,8;
2023/02/25;0900 UTC;0;962,4;962,4;961,8;4,2;21,5;20,3;21,8;21,4;20,6;20,1;93;92;93;360;2,2;1,1;
2023/02/25;1000 UTC;0;962,9;962,9;962,4;169,8;22,3;21;22,3;21,5;21,1;20,3;93;93;93;7;1,5;,8;
2023/02/25;1100 UTC;0;963,4;963,4;962,9;665,4;24,2;21,3;24,2;22,3;22,1;21,1;93;84;84;105;3,7;2,5;
2023/02/25;1200 UTC;,2;963,6;963,6;963,4;1809,7;24,9;20,4;26,1;24,2;21,6;20,2;84;73;76;144;3,7;1,3;
2023/02/25;1300 UTC;0;963,2;963,8;963,2;1951,8;26,3;20,5;26,8;24,9;21,1;20,2;76;69;70;93;3,2;1,4;
2023/02/25;1400 UTC;0;962,8;963,3;962,8;1824,9;27,8;21,3;28;26,3;22,1;20,4;73;66;68;313;3,7;1,3;
2023/02/25;1500 UTC;0;962,2;962,8;962,2;1245,7;27,5;21,4;28,4;27,4;21,9;20,5;70;64;69;294;4,1;2,5;
2023/02/25;1600 UTC;0;961,3;962,2;961,3;2782,2;30,4;20,7;30,9;27,5;22,8;20,7;70;55;56;247;4,4;2,2;
2023/02/25;1700 UTC;0;960,6;961,3;960,6;3504,6;32,3;20,1;33;30,3;21,7;19,3;60;47;48;227;4,5;2,5;
2023/02/25;1800 UTC;0;959,8;960,6;959,8;2965,3;32,7;19,3;33,1;32;21,2;19;51;45;45;190;4,3;1,3;
2023/02/25;1900 UTC;0;959,4;959,8;959,3;2333,7;33,3;19,2;33,5;32,5;20,4;18,8;47;42;43;98;4,1;1,4;
2023/02/25;2000 UTC;0;959,5;959,7;959,3;732;32,5;19,9;33,2;32,2;20,8;18,9;51;43;48;327;3,5;,5;
2023/02/25;2100 UTC;0;960,1;960,2;959,5;165,9;29,7;21,9;32,5;29,5;22,3;20;65;48;63;339;2,7;1,6;
2023/02/25;2200 UTC;0;960,6;960,6;960,1;9,8;28,7;21,7;29,7;28,4;22;21,6;68;63;66;78;2,7;,8;
2023/02/25;2300 UTC;0;961,6;961,6;960,6;;26,6;21;29,4;26,6;22,5;21;74;63;72;117;8,1;4,9;
2023/02/26;0000 UTC;0;963,7;963,7;961,6;;24;19,6;27,2;24;21,8;18,8;78;62;76;235;12,5;3,6;
2023/02/26;0100 UTC;0;964,4;964,4;963,5;;22,7;18,8;24;22,7;19,5;18,7;78;76;78;175;6,7;1,7;
2023/02/26;0200 UTC;0;964,7;964,9;964,4;;22,4;19,3;22,9;22,3;19,3;18,8;83;78;83;51;3,6;1,7;
2023/02/26;0300 UTC;0;964,7;964,8;964,6;;22,6;19,4;22,8;22,3;19,5;19,2;83;81;82;152;3;,5;
2023/02/26;0400 UTC;0;964,1;964,7;964,1;;22,1;19,5;22,6;21,8;19,7;19,2;87;82;85;188;1,8;,4;
2023/02/26;0500 UTC;0;963,4;964,1;963,4;;21,4;19,6;22,3;21,3;19,6;19;90;84;90;334;1,4;,9;
2023/02/26;0600 UTC;0;963,2;963,5;963,2;;21,3;19,8;21,4;21,1;19,8;19,4;91;90;91;330;2,2;,5;
2023/02/26;0700 UTC;0;963,3;963,4;963,2;;21,1;19,7;21,4;20,9;19,8;19,4;92;91;92;299;2;,7;
2023/02/26;0800 UTC;0;963,8;963,8;963,3;;21,4;19,8;21,6;21;20;19,6;92;91;91;93;1,5;,5;
2023/02/26;0900 UTC;0;964;964;963,8;2,5;21,2;19,7;21,4;21,2;19,8;19,6;91;90;91;103;2,6;,9;
2023/02/26;1000 UTC;0;964,7;964,7;964;202,7;21,7;20,3;21,7;21;20,3;19,6;92;91;92;221;2;,8;
2023/02/26;1100 UTC;0;964,9;965;964,7;1206,6;24,3;20,8;24,3;21,7;22;20,3;92;80;81;285;2,6;,6;
2023/02/26;1200 UTC;0;965,1;965,1;964,9;2058,6;27,1;20,9;27,1;24,3;21,1;20;81;69;69;117;3,5;1;
2023/02/26;1300 UTC;0;965;965,2;965;2777;28,9;21,5;28,9;27;21,5;20;69;62;64;161;3,9;2;
2023/02/26;1400 UTC;0;964,6;965,1;964,6;2913,6;29,8;21,3;30,4;28,5;22,1;20,3;64;57;60;45;4,9;2,3;
2023/02/26;1500 UTC;0;964;964,6;964;3721,1;31,5;21,8;31,5;29,5;22,6;21,1;63;56;57;176;7,6;2,1;
2023/02/26;1600 UTC;0;963,4;964,1;963,4;3204,7;33,1;21,3;33,1;30,5;22,2;20,4;59;50;50;237;7,6;1,8;
2023/02/26;1700 UTC;0;962,6;963,4;962,6;3510,7;33,3;20,2;34,1;32,7;22;19,9;52;45;46;144;4,3;2;
2023/02/26;1800 UTC;0;962,1;962,6;962,1;2373,5;34,3;20,7;34,3;32,5;21,6;19,1;50;43;45;209;4,3;1,3;
2023/02/26;1900 UTC;0;961,7;962,1;961,7;1719,1;32,4;21,5;34,7;32,4;21,5;19,8;53;42;53;288;3,7;2;
2023/02/26;2000 UTC;0;961,7;961,9;961,6;706;31,6;22,4;33,3;31,6;23,1;21,4;59;51;58;333;3,5;1,6;
2023/02/26;2100 UTC;0;962,9;962,9;961,7;283,9;27,7;17,8;31,6;27,7;23,4;16,7;64;48;55;95;12,4;6,9;
2023/02/26;2200 UTC;0;965,4;965,4;962;5,6;24,3;18,8;28;24,3;19,2;16,5;72;50;71;169;12,5;2,8;
2023/02/26;2300 UTC;,6;966;966,3;965,5;;22,5;19,9;24,3;22,4;20;18,6;86;71;85;309;6;3;
2023/02/27;0000 UTC;0;966,2;966,3;966;;22,4;19,8;22,9;22,4;20,4;19,5;86;83;85;103;5,7;2,8;
2023/02/27;0100 UTC;0;967;967,1;966,2;;21,8;19,8;22,4;21,6;19,8;19,3;89;84;89;319;6;2,3;
2023/02/27;0200 UTC;0;966,4;967;966,4;;22,2;19,9;22,2;21,7;20,1;19,8;89;87;87;249;3,5;1,2;
2023/02/27;0300 UTC;0;965,7;966,4;965,6;;22,4;19,6;22,4;21,9;19,9;19,4;87;84;84;121;2,6;1,3;
2023/02/27;0400 UTC;0;965,2;965,7;965,2;;21,3;19,5;22,4;21,3;19,6;19,4;90;83;90;346;3,2;,7;
2023/02/27;0500 UTC;0;964,8;965,2;964,8;;21,1;19,8;21,3;21;19,8;19,5;92;90;92;316;2;1;
2023/02/27;0600 UTC;0;964,7;964,9;964,5;;20,9;19,6;21,3;20,8;19,9;19,5;92;92;92;298;2,2;,7;
2023/02/27;0700 UTC;0;964,8;964,8;964,5;;20,9;19,6;21,2;20,9;19,8;19,5;92;92;92;4;1,6;1;
2023/02/27;0800 UTC;0;965,3;965,3;964,8;;21,1;19,7;21,2;20,8;19,8;19,5;92;92;92;72;1,3;,7;
2023/02/27;0900 UTC;0;965,9;965,9;965,3;2,3;21,1;19,7;21,3;21,1;19,9;19,7;92;92;92;94;1,8;1,2;
2023/02/27;1000 UTC;0;966,6;966,6;965,9;257,4;22,1;20,6;22,2;20,9;20,8;19,5;92;92;92;69;2,6;1,5;
2023/02/27;1100 UTC;0;967,2;967,2;966,6;1023,8;24,2;21;24,2;22,1;21,7;20,1;92;82;82;111;2,6;1,5;
2023/02/27;1200 UTC;0;967,7;967,7;967,2;1943,2;25,6;20,5;25,8;23,4;21,4;20;83;73;73;150;2,6;1,3;
2023/02/27;1300 UTC;0;967,6;967,7;967,6;2566,8;28,3;21;28,3;25,6;22;20,1;74;64;65;174;3;1,1;
2023/02/27;1400 UTC;0;967,3;967,6;967,3;2929,1;29,5;20,1;29,7;28,2;21,3;19;66;54;57;130;4,5;2,1;
2023/02/27;1500 UTC;0;966,6;967,3;966,6;3637,3;30,3;18,7;30,8;29,3;20,4;17,9;57;48;50;75;4,7;1,8;
2023/02/27;1600 UTC;0;965,9;966,7;965,9;3608,7;31,6;18,8;32,1;30,3;20,1;17,4;54;44;47;96;6,1;2,7;
2023/02/27;1700 UTC;0;965,3;965,9;965,3;3405,1;32,1;18,9;32,6;31,4;20,1;18,2;50;43;46;94;6,6;3;
2023/02/27;1800 UTC;0;965,1;965,3;964,7;2752;32,5;19,7;33;31,9;20,6;18,3;49;43;47;108;8;3,9;
2023/02/27;1900 UTC;0;964,9;965,3;964,9;625,2;30,4;21,1;32,6;30,4;21,2;19,1;58;46;58;116;7,3;4,1;
2023/02/27;2000 UTC;0;966,3;966,3;964,9;270;28;21,2;30,4;28;22;21,1;67;58;66;115;11;5,8;
2023/02/27;2100 UTC;,2;968,2;968,2;966,3;31,4;22,6;19,1;28,1;22,6;21,6;19;82;66;81;249;13,2;7,2;
2023/02/27;2200 UTC;,2;968,1;968,4;968,1;;22,1;19,1;22,6;21,9;19,3;18,9;84;81;83;252;13,2;3,3;
2023/02/27;2300 UTC;0;968,8;969;968,1;;21,9;19,6;22,3;21,5;19,6;19;88;83;87;51;5,7;1,8;
2023/02/28;0000 UTC;0;968,7;968,9;968,6;;21,6;19,6;21,9;21,4;19,6;19,3;88;86;88;45;4,4;1,8;
2023/02/28;0100 UTC;0;968,5;968,7;968,4;;21,5;19,6;21,8;21,1;19,6;18,8;89;85;89;177;3,4;1,2;
2023/02/28;0200 UTC;0;968,7;968,9;968,4;;21,7;19,9;22,3;21,5;20;19,3;89;84;89;257;3,7;2,3;
2023/02/28;0300 UTC;0;968,9;968,9;968,6;;21,8;19,6;22;21,7;19,9;19,6;89;87;87;274;4,5;2,7;
2023/02/28;0400 UTC;0;968,6;969;968,5;;21,5;19,5;21,9;21,5;19,7;19,4;89;87;89;294;4,5;1,6;
2023/02/28;0500 UTC;0;968;968,6;968;;21,2;19,5;21,5;21,1;19,8;19,5;91;89;90;215;2,7;1,5;
2023/02/28;0600 UTC;0;967,5;968;967,5;;20,7;19,3;21,4;20,6;19,7;19,1;92;90;92;284;2,4;1,1;
2023/02/28;0700 UTC;0;967,6;967,7;967,5;;20,4;19,1;20,9;20,4;19,5;19,1;92;92;92;339;2,2;1,4;
2023/02/28;0800 UTC;0;967,6;967,6;967,4;;20,4;19,1;20,6;20,2;19,4;18,9;93;92;92;312;2,9;,7;
2023/02/28;0900 UTC;0;967,9;968;967,6;5,1;20,6;19,4;20,6;20,3;19,4;19;93;92;92;92;1,9;,4;
2023/02/28;1000 UTC;,2;968,5;968,6;967,9;253,7;20,9;19,6;20,9;20,5;19,6;19,2;93;92;93;356;1,6;1,1;
2023/02/28;1100 UTC;0;968,7;968,7;968,5;1045,9;22,9;19,8;23,4;20,9;21,5;19,6;93;83;83;311;2,1;,6;
2023/02/28;1200 UTC;0;969,1;969,1;968,7;1981,6;24,7;19,6;24,9;22,9;20,6;19,4;84;72;73;217;3;1,5;
2023/02/28;1300 UTC;0;969,1;969,3;969,1;2176,3;26,9;20,1;27,3;24,7;21,3;19,5;74;66;66;253;4,2;1,4;
2023/02/28;1400 UTC;0;968,6;969,1;968,6;2988,7;28,1;19,8;28,6;26,7;20,9;19,5;68;59;61;276;4,2;1,7;
2023/02/28;1500 UTC;0;967,6;968,6;967,6;3585,2;29,8;19,1;29,9;28,1;21,1;18,5;64;51;53;25;4,3;2;
2023/02/28;1600 UTC;0;966,6;967,6;966,6;3702;30,3;19,4;30,6;29,3;20,3;17,6;56;48;52;152;5,5;2,3;
2023/02/28;1700 UTC;0;965,9;966,6;965,9;3552,9;31,1;18;31,7;29,9;20;17,6;54;44;46;64;5,8;1,8;
2023/02/28;1800 UTC;0;965,3;965,9;965,3;2781,4;31,6;17,6;32,2;30,8;19,1;16,5;50;40;43;135;5,8;1,7;
2023/02/28;1900 UTC;0;964,5;965,3;964,5;587,2;30,3;18,7;32;30,3;18,8;16,8;50;42;50;58;4,7;1,8;
2023/02/28;2000 UTC;0;964,5;964,6;964,3;279,9;27,8;20,9;30,3;27,6;20,9;18,7;67;50;66;297;3,5;1,4;
2023/02/28;2100 UTC;0;964,9;964,9;964,5;141,2;27,3;21,1;27,8;27,2;21,2;20,7;70;66;69;287;2,4;1,2;
2023/02/28;2200 UTC;0;967,6;967,6;964,9;5,6;23,6;18;27,9;23,2;21,4;17;74;63;71;212;13,7;6,4;
2023/02/28;2300 UTC;1,6;968,1;968,4;967,2;;21,8;18,2;23,5;21,7;18,3;17,9;81;71;80;237;18,8;5,6;
2023/03/01;0000 UTC;0;968,2;968,3;967,8;;22,6;17,3;22,8;21,7;18,2;17,2;80;71;72;246;12,2;6,3;
2023/03/01;0100 UTC;0;968,2;968,4;968,1;;22,1;17,5;22,9;22,1;17,5;17,1;75;70;75;256;10,9;1,8;
2023/03/01;0200 UTC;0;967,9;968,3;967,9;;21;18,1;22,1;21;18,1;17,5;84;75;84;82;5,7;3,6;
2023/03/01;0300 UTC;0;967,8;968,1;967,8;;20,5;18,3;21;20,5;18,6;18,1;87;84;87;72;5,9;1,9;
2023/03/01;0400 UTC;0;967,4;967,9;967,4;;20,3;18,7;20,5;20,3;18,7;18,2;90;87;90;100;4,1;1,8;
2023/03/01;0500 UTC;0;966,9;967,4;966,9;;20,1;18,6;20,4;19,9;18,8;18,3;91;90;91;96;3;1,2;
2023/03/01;0600 UTC;0;966,5;967;966,5;;19,8;18,5;20,1;19,7;18,6;18,1;92;91;92;5;2,3;1,3;
2023/03/01;0700 UTC;0;966,4;966,5;966,3;;19,9;18,7;20,1;19,6;18,8;18,3;93;92;92;306;1,8;,5;
2023/03/01;0800 UTC;0;966,2;966,5;966,1;;20,1;18,8;20,1;19,9;18,8;18,6;93;92;92;24;1,9;1,1;
2023/03/01;0900 UTC;0;967;967;966,2;1,1;20,2;18,8;20,3;20,1;19;18,8;92;92;92;356;1,9;,5;
2023/03/01;1000 UTC;0;967,4;967,5;967;161,6;20,7;19,2;20,7;20,1;19,2;18,7;92;91;91;34;2,3;1,4;
2023/03/01;1100 UTC;0;967,8;967,8;967,4;505,6;21,2;18,3;21,4;20,7;19,3;18,2;91;83;84;57;2,7;,9;
2023/03/01;1200 UTC;0;968;968;967,8;573,1;21,9;18,6;22;21,2;18,8;18,2;84;81;82;320;2,4;1;
2023/03/01;1300 UTC;0;967,6;968;967,6;1469,4;23,5;19;23,5;21,8;19,6;18,4;83;75;76;263;2,9;1,2;
2023/03/01;1400 UTC;0;966,9;967,6;966,9;3000,3;25,3;19,3;25,6;23,3;19,7;18,1;76;67;70;7;4,1;2,1;
2023/03/01;1500 UTC;,2;965,8;966,9;965,8;3682,6;27,1;19,9;27,1;25;20,1;18,4;70;62;65;54;4,5;1,9;
2023/03/01;1600 UTC;0;964,7;965,8;964,7;3701,7;29,1;20,5;29,1;27,1;20,7;18,9;65;58;60;8;4,1;2,4;
2023/03/01;1700 UTC;0;963,6;964,7;963,6;3426,8;30,3;20,6;30,5;28,5;21,4;19,4;61;55;56;36;4,9;1,8;
2023/03/01;1800 UTC;0;962,9;963,6;962,9;2596,3;31,2;20,5;31,9;30;21,4;19,6;57;51;53;102;3,9;1;
2023/03/01;1900 UTC;0;962,5;962,9;962,5;1952,4;31;19,7;31,5;30,6;20,8;19,3;55;48;51;115;4,4;1,4;
2023/03/01;2000 UTC;0;962,2;962,5;962,2;712,1;30,6;19,8;31,3;30,6;20,6;19,3;54;50;52;116;5,1;2,5;
2023/03/01;2100 UTC;3,2;963,8;963,8;962,1;165;21,9;16,6;30,6;21,9;21,4;16,5;79;52;72;149;12,5;4,3;
2023/03/01;2200 UTC;1;964,6;964,6;963,3;20,9;21,5;18,7;21,9;20,8;18,7;16,7;85;72;84;306;8,3;3,8;
2023/03/01;2300 UTC;6,2;964,8;965;964,3;;22,9;18,2;23,3;21,4;20,9;18,2;90;75;75;34;10;5,5;
2023/03/02;0000 UTC;4,2;965,7;965,7;964,4;2,2;20,5;17,8;22,9;19,7;18,2;16,6;86;72;85;251;10;1,7;
2023/03/02;0100 UTC;0;966,2;966,2;965,7;2,3;21,3;18,3;21,8;20,5;18,8;18;88;80;83;25;3,2;1,4;
2023/03/02;0200 UTC;0;965,6;966,2;965,6;;21,6;19,4;22;20,9;19,8;18,2;88;83;87;51;3,8;1,9;
2023/03/02;0300 UTC;0;965,5;965,8;965,5;;21,9;20;22,3;21,4;20,4;19,3;90;87;89;93;3,6;1,1;
2023/03/02;0400 UTC;0;965;965,5;965;;21,6;20;21,9;21,5;20,1;19,7;91;89;91;138;2,4;1,3;
2023/03/02;0500 UTC;0;964,5;965;964,5;;21,2;19,9;21,6;20,8;20;19,3;92;90;92;158;2,3;,9;
2023/03/02;0600 UTC;0;963,9;964,5;963,9;;20,5;19,3;21,2;20,3;19,9;19;93;92;93;32;1,8;1,1;
2023/03/02;0700 UTC;0;964,1;964,2;963,9;;20,6;19,4;20,7;20;19,5;18,8;93;92;93;346;2,5;,3;
2023/03/02;0800 UTC;0;964,3;964,4;964;;20,2;19;20,7;20;19,5;18,7;93;92;93;81;2,1;,3;
2023/03/02;0900 UTC;0;965;965;964,3;,9;20;18,8;20,5;19,8;19,3;18,6;93;93;93;307;2,5;1,2;
2023/03/02;1000 UTC;0;965,3;965,4;965;85,3;21,3;20,1;21,3;19,9;20,1;18,8;93;93;93;57;2,6;1,2;
2023/03/02;1100 UTC;0;965,4;965,5;965,3;437,4;22,3;20,8;22,4;21,3;20,9;20,1;93;91;91;117;3;1,4;
2023/03/02;1200 UTC;0;965,3;965,5;965,3;1052,6;24,1;20,3;24,2;22,3;20,9;19,9;91;78;79;98;3,6;,8;
2023/03/02;1300 UTC;0;965,2;965,6;965,2;2223,9;25,6;20,1;25,8;24,1;20,7;19,2;79;70;71;305;3,1;1;
2023/03/02;1400 UTC;0;964,6;965,2;964,6;2632,7;27,1;20,4;27,1;25,5;20,7;19,6;73;65;67;7;3,6;1,6;
2023/03/02;1500 UTC;0;963,6;964,6;963,6;3561,5;28,2;21,1;28,3;26,3;21,1;19,3;69;61;65;63;4,4;1,9;
2023/03/02;1600 UTC;0;962,3;963,6;962,3;3695,7;30,2;21,5;30,4;28,2;22,7;20,4;66;59;60;20;4,3;1,4;
2023/03/02;1700 UTC;0;962;962,4;962;1269,5;26,6;17,6;30,3;26,6;22,5;17,6;66;56;58;325;8,3;4,9;
2023/03/02;1800 UTC;0;961,6;962;961,3;830,7;25,6;19,4;26,6;24,1;19,7;17,3;73;57;68;27;8,2;3,3;
2023/03/02;1900 UTC;0;962,9;962,9;961,6;377,4;23,6;18,9;25,6;23,3;19,4;18,5;75;67;75;115;11,2;6,1;
2023/03/02;2000 UTC;0;962,8;963,1;962,7;356,3;24,1;18,8;24,2;23,6;18,9;18,1;75;69;72;82;11,2;,8;
2023/03/02;2100 UTC;0;963;963,1;962,8;104;23;19,5;24,2;22,9;19,5;18,4;81;71;81;11;2,1;1,1;
2023/03/02;2200 UTC;0;963,2;963,3;963;6;22,4;19,6;23,3;22,2;19,7;19,3;85;80;84;15;2,6;1,7;
2023/03/02;2300 UTC;0;963,5;963,5;963;;22,7;19,4;22,7;22,3;19,6;19,3;84;82;82;119;3;2;
2023/03/03;0000 UTC;0;964,1;964,1;963,5;;21,7;19,8;22,7;21,7;19,9;19,2;89;81;89;360;3,2;1,7;
2023/03/03;0100 UTC;0;964,6;964,6;964,1;;21,6;19,5;22,4;21,6;20;19,4;89;85;88;352;2,6;1;
2023/03/03;0200 UTC;0;964,8;964,8;964,6;;22;19,8;22,3;21,6;20,1;19,6;89;86;87;42;2;,7;
2023/03/03;0300 UTC;0;964,5;964,9;964,5;;21,6;19,9;22;21,5;20;19,6;90;87;90;31;1,7;,8;
2023/03/03;0400 UTC;0;964;964,5;964;;21,6;20;21,7;21,6;20,1;19,9;91;90;91;95;2,7;1;
2023/03/03;0500 UTC;0;963,5;964;963,4;;21;19,6;21,6;21;20;19,6;92;91;92;355;1,9;1,2;
2023/03/03;0600 UTC;0;963,1;963,5;963,1;;21,1;19,8;21,1;20,8;19,8;19,5;92;92;92;41;2,7;,3;
2023/03/03;0700 UTC;0;963,4;963,4;963,1;;21;19,7;21,2;20,9;19,9;19,5;92;92;92;305;1,3;,5;
2023/03/03;0800 UTC;0;963,7;963,7;963,4;;20,9;19,6;21,1;20,9;19,7;19,5;92;92;92;7;1,5;,9;
2023/03/03;0900 UTC;0;963,8;963,8;963,6;,3;20,7;19,4;21;20,7;19,7;19,4;92;92;92;359;2,1;,9;
2023/03/03;1000 UTC;0;964,3;964,3;963,8;124,2;21,4;20,1;21,6;20,7;20,3;19,4;92;92;92;346;1,4;,6;
2023/03/03;1100 UTC;0;964,9;964,9;964,3;513,3;22,4;20,8;22,4;21,4;20,8;20;92;91;91;13;2,4;,9;
2023/03/03;1200 UTC;0;964,9;965,1;964,8;1711,6;24,6;20,3;25;22,4;21,2;20,1;91;77;77;110;3,4;2,1;
2023/03/03;1300 UTC;0;965;965;964,8;2339,2;26,8;19,2;26,8;24,6;21,2;18,7;79;62;63;179;3,9;1,4;
2023/03/03;1400 UTC;0;964,4;965;964,4;3228,6;27,8;19,9;28,5;26,7;20,8;18,9;65;61;62;6;4;1,3;
2023/03/03;1500 UTC;0;963,5;964,4;963,5;3515,6;29,8;21;29,9;27,8;21,6;19,9;65;58;59;30;4;2,1;
2023/03/03;1600 UTC;0;962,7;963,5;962,7;3473,6;31,8;21,1;32,2;29,7;22,3;20,1;60;51;53;282;4,3;2,3;
2023/03/03;1700 UTC;0;962,4;962,7;962;750,1;25,4;19,9;32,6;25,4;22;19,7;72;51;72;357;8,2;4,2;
2023/03/03;1800 UTC;,2;962,2;962,4;961,7;390,6;24,8;20,8;26,2;24,6;21,3;19,4;78;67;78;126;8,2;3,6;
2023/03/03;1900 UTC;0;962,2;962,4;961,8;212,7;23,6;19,6;24,8;23,6;20,8;18,3;79;69;78;332;6,7;1,2;
2023/03/03;2000 UTC;0;962,4;962,5;962,2;73;23,7;20,3;24;23,5;20,3;19,7;82;78;81;353;2,6;1,2;
2023/03/03;2100 UTC;0;962,4;962,5;962,1;58,4;23,4;20,3;24;23,3;20,6;19,4;84;75;83;182;3;1,3;
2023/03/03;2200 UTC;0;963,2;963,2;962,3;1,8;23,2;20,4;23,8;23;20,4;20;85;80;85;33;2,6;1,6;
2023/03/03;2300 UTC;0;963,6;963,7;962,8;;22,7;20,3;23,2;22,6;20,5;20,2;86;85;86;53;3,6;2,4;
2023/03/04;0000 UTC;2,2;964,5;964,5;963,6;;22,4;20,4;22,8;22,4;20,4;20,2;88;86;88;88;3,8;1,8;
2023/03/04;0100 UTC;,6;965;965;964,5;;22,5;21;22,6;22,3;21;20,4;91;89;91;77;3,5;1,8;
2023/03/04;0200 UTC;0;964,8;965;964,4;;22,3;20,8;22,5;22,3;21;20,7;91;91;91;72;5,5;1,2;
2023/03/04;0300 UTC;0;964,8;965;964,6;;22;20,7;22,3;22;20,8;20,6;92;91;92;307;3,8;,9;
2023/03/04;0400 UTC;0;963,8;964,8;963,8;;21,8;20,5;22;21,8;20,7;20,5;93;92;93;349;1,7;,6;
2023/03/04;0500 UTC;,2;963,2;963,8;963,2;;21,5;20,3;21,8;21,5;20,5;20,3;93;93;93;340;1,8;1,1;
2023/03/04;0600 UTC;0;963;963,2;962,9;;21,6;20,4;21,6;21,4;20,4;20,2;93;93;93;97;1,6;,5;
2023/03/04;0700 UTC;0;962,9;963;962,6;;21,2;20;21,7;21;20,5;19,8;93;93;93;314;1,9;,7;
2023/03/04;0800 UTC;0;962,8;962,9;962,7;1;21,3;20,2;21,5;21,1;20,4;20;93;93;93;334;1,6;,6;
2023/03/04;0900 UTC;0;963,6;963,6;962,8;3,2;21,4;20,3;21,4;21,2;20,3;20,1;94;93;94;296;1,9;1,2;
2023/03/04;1000 UTC;0;964;964;963,6;110,3;21,5;20,4;21,5;21,3;20,4;20,2;94;94;94;258;1,9;1;
2023/03/04;1100 UTC;0;964,4;964,4;964;578,8;22,3;21,2;22,3;21,2;21,3;20,2;94;94;94;12;1,8;,7;
2023/03/04;1200 UTC;0;964,8;964,8;964,4;1314,6;24,5;21,5;24,7;22;22,7;21;94;83;83;159;2,8;,7;
2023/03/04;1300 UTC;0;964,7;964,9;964,7;2257;26,7;19,8;27,2;24,1;21,8;19,8;84;65;66;62;2,8;1,4;
2023/03/04;1400 UTC;0;964,1;964,7;964,1;3249,4;28,9;20,4;29,2;26,7;21,3;19,4;69;58;60;45;3,7;1,5;
2023/03/04;1500 UTC;0;963,6;964,1;963,6;3554;30,3;19,7;30,5;28,5;21,2;18;63;48;53;249;4;1,5;
2023/03/04;1600 UTC;0;963,1;963,6;963,1;3493,1;31,9;18,9;32,1;30,4;20;15,4;53;39;46;156;3,8;1,4;
2023/03/04;1700 UTC;0;962,2;963,1;962,2;3349,4;32,5;19,4;33,1;31,2;20,5;17,6;49;42;46;127;4,3;2,2;
2023/03/04;1800 UTC;0;961,6;962,2;961,6;1321,5;32,5;18,1;32,7;31,6;19,7;17,9;49;43;43;95;3,7;,9;
2023/03/04;1900 UTC;0;961;961,6;960,9;1656,1;32,1;19,1;33,2;31,8;19,7;17,1;47;39;46;100;5,4;3,1;
2023/03/04;2000 UTC;0;960,9;961;960,6;767,9;30,5;19,3;32,1;30,5;19,9;18,2;51;45;51;111;8,8;4,5;
2023/03/04;2100 UTC;1;962,3;962,3;960,9;42,2;24,1;20,1;30,5;24,1;21,8;19,5;78;51;78;263;9;3,4;
2023/03/04;2200 UTC;26,4;963,8;963,8;962,2;6,3;21,6;19,1;24,1;21,2;21,5;18,8;93;78;85;24;10,5;4,3;
2023/03/04;2300 UTC;2,2;964,3;964,3;963,5;1,4;20,9;18,8;22,1;20,8;19,7;18,2;90;82;87;334;8,9;1,3;
2023/03/05;0000 UTC;0;964,4;964,4;963,9;1,1;21;18,9;22,2;20,9;19,1;18,4;88;82;88;287;3;1,3;
2023/03/05;0100 UTC;0;964,7;964,7;964,1;0;21;19,4;21,6;20,8;19,6;19;91;88;91;53;2,7;1,1;
2023/03/05;0200 UTC;0;964,3;964,8;964,3;;21,2;19,7;21,4;20,9;19,9;19,3;92;91;91;4;2,5;1,1;
2023/03/05;0300 UTC;0;963,5;964,3;963,5;;21,3;19,8;21,5;21,1;19,9;19,5;91;91;91;251;2,3;,6;
2023/03/05;0400 UTC;,2;962,9;963,7;962,8;0;21,4;20;21,5;21,1;20,1;19,7;92;91;92;163;6;,7;
2023/03/05;0500 UTC;,8;962,4;963;962,1;,5;21;19,7;21,5;21;20,1;19,7;93;92;93;357;3,5;2,4;
2023/03/05;0600 UTC;0;961,5;962,4;961,5;,2;21,3;20,1;21,3;20,9;20,1;19,7;93;93;93;79;3,5;1,7;
2023/03/05;0700 UTC;0;961,3;961,6;961,3;;21,1;19,8;21,4;21,1;20,2;19,8;93;93;93;353;2,8;1,5;
2023/03/05;0800 UTC;0;961,3;961,4;961,1;;21;19,8;21,1;20,9;19,9;19,7;93;93;93;235;1,9;,1;
2023/03/05;0900 UTC;0;961,6;961,8;961,2;1,2;20,7;19,6;21;20,5;19,8;19,3;93;93;93;119;1,8;,4;
2023/03/05;1000 UTC;0;962,2;962,3;961,6;136;21,1;20;21,1;20,7;20;19,6;93;93;93;298;2;1;
2023/03/05;1100 UTC;0;962,5;962,5;962,2;621;22,3;21,2;22,3;21;21,2;19,9;94;93;93;277;2,8;1,5;
2023/03/05;1200 UTC;0;962,6;962,7;962,5;1598,6;24,8;21,9;24,8;22,2;22,9;21,1;93;84;84;141;2,8;,6;
2023/03/05;1300 UTC;0;962,4;962,7;962,4;1803,4;26,6;21,6;26,8;24,7;22,1;20,9;84;73;74;238;3,2;1,3;
2023/03/05;1400 UTC;0;961,8;962,4;961,8;2168,9;27,6;21,4;27,9;26,1;21,8;20,8;75;67;69;281;3,4;1,1;
2023/03/05;1500 UTC;0;961,5;961,8;961,5;1511,1;27,8;21;27,9;27,1;21,6;20,8;71;66;67;301;3;,6;
2023/03/05;1600 UTC;0;961,2;961,5;961,2;869;27,6;21,4;27,8;27,4;21,5;20,8;70;66;69;295;2,5;1,7;
2023/03/05;1700 UTC;0;960,6;961,2;960,6;946,4;27,7;21;27,9;27,4;22,3;21;72;67;67;326;3,1;1,8;
2023/03/05;1800 UTC;0;959,7;960,6;959,7;868,1;27,7;19,2;27,8;27,4;21,2;18,9;68;59;60;282;4,3;1,6;
2023/03/05;1900 UTC;0;959;959,7;959;778,1;27,5;19,4;28,2;27,5;20,1;18,3;64;56;61;337;3,5;,8;
2023/03/05;2000 UTC;0;958,9;959;958,7;494,2;26,8;20,7;27,6;26,8;20,9;19;70;60;70;12;2,7;1,5;
2023/03/05;2100 UTC;0;959,8;959,8;958,9;153,5;25,8;20,6;26,9;25,8;21,2;20,2;75;67;73;8;2,7;1,3;
2023/03/05;2200 UTC;0;959,8;959,9;959,7;1,3;25;21,6;25,8;25;21,6;20,2;81;72;81;327;2,1;1,2;
2023/03/05;2300 UTC;0;960,9;960,9;959,8;;24,8;21,5;25;24,6;21,8;21,5;84;81;82;280;3,6;1,3;
2023/03/06;0000 UTC;,6;961,7;961,8;960,9;;22,2;19,1;25,3;22,2;21,4;18,9;83;72;82;262;10,8;6,7;
2023/03/06;0100 UTC;,6;962,4;962,4;961,6;;22,2;19,9;22,4;21,9;20;19,1;87;82;86;97;9,9;1;
2023/03/06;0200 UTC;,6;962,2;962,7;962,2;;21,4;19,8;22,2;21,4;20,3;19,7;91;86;91;9;2,9;1,6;
2023/03/06;0300 UTC;0;960,8;962,2;960,8;;21,6;20;21,7;21,3;20,2;19,8;91;91;91;91;3,7;2,5;
2023/03/06;0400 UTC;0;960,6;960,9;960,6;;21,4;19,9;21,6;21,3;20,1;19,9;92;91;91;304;3,7;,8;
2023/03/06;0500 UTC;0;960,2;960,6;960,1;;21,1;19,8;21,4;21;20;19,7;92;91;92;303;2,7;1,1;
2023/03/06;0600 UTC;0;959,8;960,2;959,8;;20,8;19,6;21,1;20,8;19,8;19,5;93;92;93;300;2,7;1,4;
2023/03/06;0700 UTC;0;960;960;959,7;;20,8;19,6;20,8;20,7;19,7;19,5;93;93;93;272;2,7;1,9;
2023/03/06;0800 UTC;0;960,3;960,4;960;;21,1;19,9;21,1;20,7;19,9;19,5;93;92;92;249;4,5;2,9;
2023/03/06;0900 UTC;0;961,1;961,1;960,3;;20,7;19,4;21,1;20,6;19,9;19,4;92;92;92;349;4,2;1,7;
2023/03/06;1000 UTC;1,6;962,5;962,5;961,1;15,8;21,1;19,7;21,1;20,7;19,7;19,4;92;92;92;118;2,7;,5;
2023/03/06;1100 UTC;2,4;963,7;963,7;962,5;50,1;21,1;19,9;21,1;20,9;19,9;19,5;93;92;93;62;2;,8;
2023/03/06;1200 UTC;1,2;964;964;963,6;112;21,3;20,1;21,3;21;20,1;19,7;93;92;93;60;2;,9;
2023/03/06;1300 UTC;,6;963,9;964,2;963,9;510,8;21,6;20,3;21,6;21,2;20,3;19,9;93;92;92;84;5,3;2,3;
2023/03/06;1400 UTC;,2;963;963,9;963;1150,7;22,4;19,3;22,6;21,6;20,6;19;92;82;82;102;3,9;,9;
2023/03/06;1500 UTC;0;962,3;963;962,2;1214,9;23,7;19,3;23,7;22,2;19,5;18,7;84;75;76;103;3;1,6;
2023/03/06;1600 UTC;0;961,7;962,3;961,7;2428,5;24,3;19,6;25,3;23,5;20,2;18,1;76;67;75;71;3,8;2,1;
2023/03/06;1700 UTC;0;960,5;961,7;960,5;1731,9;25,3;19,7;25,4;24,3;20,1;18,5;75;67;71;36;3,7;1,7;
2023/03/06;1800 UTC;0;960,1;960,5;959,6;2271,8;27,6;19,7;27,7;25,2;20,7;19,2;73;62;62;73;5,2;2,2;
2023/03/06;1900 UTC;0;959,6;960,2;959,3;769,1;25,8;20,8;27,8;25,7;20,8;18,3;74;59;74;309;6,8;3,5;
2023/03/06;2000 UTC;0;959,3;959,6;959;1415,5;27,2;20,4;27,8;25,8;21,6;19,8;76;62;66;322;6,8;1,7;
2023/03/06;2100 UTC;0;959,7;959,7;959,3;393,4;25;20,9;27,4;24,9;20,9;20,2;78;66;78;316;4,1;1;
2023/03/06;2200 UTC;0;960,2;960,2;959,7;15,2;23,7;20,6;25;23,7;20,9;20,6;83;78;83;348;2,9;1,7;
2023/03/06;2300 UTC;0;960,7;960,7;960,2;;23,2;20;23,7;23,2;20,7;20;85;81;82;326;3,1;1;
2023/03/07;0000 UTC;0;962,1;962,1;960,7;;22,5;19,8;23,2;22,5;20,3;19,8;86;82;85;341;2,5;2,1;
2023/03/07;0100 UTC;0;962,2;962,4;962;;22,5;20,3;23;22,4;20,5;19,8;87;84;87;311;2,8;,9;
2023/03/07;0200 UTC;0;962,4;962,4;962,1;;22,2;20;22,7;21,8;20,4;19,8;89;87;87;22;2,8;2,1;
2023/03/07;0300 UTC;0;962,3;962,4;962;;21,9;19,9;22,4;21,9;20,2;19,7;89;87;89;67;2,8;1,6;
2023/03/07;0400 UTC;0;961,8;962,3;961,5;;21,9;20,4;22,1;21,8;20,5;19,9;91;89;91;31;2,4;1,2;
2023/03/07;0500 UTC;0;961,1;961,8;961,1;;21,4;20,1;21,9;21,2;20,4;19,9;92;91;92;349;2;,6;
2023/03/07;0600 UTC;0;961,2;961,3;960,9;;21,5;20,2;21,6;21,3;20,3;19,9;93;92;92;76;2,2;1;
2023/03/07;0700 UTC;0;961,4;961,6;961,2;;21;19,7;21,5;20,9;20,2;19,6;92;92;92;201;3,6;1,4;
2023/03/07;0800 UTC;0;961,7;961,8;961,4;;20,7;19,5;21,4;20,7;20,1;19,4;93;92;93;13;2,4;1,1;
2023/03/07;0900 UTC;0;962,2;962,2;961,7;,5;20,6;19,4;20,8;20,3;19,6;19,1;93;92;93;107;2,6;1,4;
2023/03/07;1000 UTC;0;963;963;962,2;189,4;20,4;19,2;20,9;20,4;19,7;19,2;93;93;93;315;2,6;1,2;
2023/03/07;1100 UTC;0;963,4;963,5;963;871,3;23,9;21,3;23,9;20,4;21,8;19,2;93;86;86;33;2,5;,9;
2023/03/07;1200 UTC;0;963,7;963,8;963,4;2214,9;26,6;20,5;26,9;23,9;21,5;19,3;85;68;69;91;4,3;2,7;
2023/03/07;1300 UTC;0;963,7;963,9;963,7;1550,5;27,7;20,5;27,7;26,3;20,6;19,6;70;63;65;125;4,8;1,5;
2023/03/07;1400 UTC;0;964,3;964,3;963,7;1570,7;27,4;20,2;28,5;27,2;21,1;19,7;68;59;65;276;7,4;4,7;
2023/03/07;1500 UTC;0;964,2;964,5;964,2;1392,4;26,4;19,5;28;26,4;20,6;19;66;61;66;262;8,7;5,8;
2023/03/07;1600 UTC;0;963,9;964,2;963,6;2092,4;26;18,3;26,9;25,5;20,1;18;70;61;62;213;12,3;4;
2023/03/07;1700 UTC;0;963,5;963,9;963,4;2369,4;27,1;18;27,4;26,1;19,1;17,1;63;55;58;73;6,7;1,6;
2023/03/07;1800 UTC;0;962,8;963,5;962,8;1922,4;25,4;18,4;27,3;24,8;19,5;17,6;70;58;65;102;10,8;4,2;
2023/03/07;1900 UTC;0;962,7;963;962,6;487,4;23,4;18,1;25,4;23,4;19;18;74;64;72;83;6,6;2,7;
2023/03/07;2000 UTC;0;963,3;963,3;962,7;79;22,5;18,7;23,4;22,5;18,7;18;79;72;79;96;5,5;2,3;
2023/03/07;2100 UTC;,6;964,1;964,1;963,3;27,1;21,6;19,1;22,5;21,6;19,1;18,7;86;79;86;102;6,6;3,5;
2023/03/07;2200 UTC;,4;964,8;964,8;964,1;;21,3;19,5;21,6;21,3;19,5;19;90;86;90;167;6,6;,9;
2023/03/07;2300 UTC;0;963,9;964,8;963,9;;22,3;19,3;22,4;21,3;20;19,1;90;83;84;131;3,6;1,4;
2023/03/08;0000 UTC;,2;965,2;965,4;963,7;;21,8;19;22,3;21,2;19,3;18,8;87;82;84;259;7,2;4,7;
2023/03/08;0100 UTC;0;964,6;965,3;964,6;;22;18,5;22,2;21,8;19;18,5;84;80;81;259;7,9;2,9;
2023/03/08;0200 UTC;0;964,9;964,9;964,5;;21,5;18,3;22;21,5;18,7;18,3;82;80;82;64;4,1;,8;
2023/03/08;0300 UTC;0;964,6;964,9;964,4;;20,6;18,8;21,5;20,3;18,9;18,3;90;82;90;27;3,2;2;
2023/03/08;0400 UTC;0;964,4;964,7;964,3;;20,5;18,8;20,7;20,4;19;18,6;90;89;90;98;3,2;1;
2023/03/08;0500 UTC;0;963,7;964,4;963,6;;19,9;18,3;20,5;19,9;18,9;18,3;91;90;91;102;4,1;2,1;
2023/03/08;0600 UTC;0;963,6;963,8;963,6;;19,2;17,8;19,9;19,1;18,4;17,7;92;91;92;32;4,1;1,4;
2023/03/08;0700 UTC;0;963,3;963,6;963,2;;18,7;17,5;19,3;18,7;18;17,4;93;92;93;351;1,8;1,1;
2023/03/08;0800 UTC;0;963,3;963,3;963,2;;18,6;17,4;19,3;18,4;18,1;17,1;93;92;93;64;1,9;,6;
2023/03/08;0900 UTC;0;963,7;963,7;963,3;,7;18,6;17,5;18,6;18,2;17,5;17;93;93;93;88;1,7;,6;
2023/03/08;1000 UTC;0;964,6;964,6;963,7;288,1;19,9;18,6;20,2;18,5;19;17,2;93;92;92;292;1,2;,6;
2023/03/08;1100 UTC;0;965,2;965,2;964,6;465,1;20,8;18,4;20,8;19,5;18,5;18;92;86;86;306;2,6;,4;
2023/03/08;1200 UTC;0;965,5;965,6;965,2;730,2;21,9;18,3;21,9;20,7;18,5;17,8;86;80;80;316;2;1;
2023/03/08;1300 UTC;0;965,7;965,7;965,5;1697,3;23,9;18,6;24;21,9;19,4;18;81;72;72;24;2,9;1,1;
2023/03/08;1400 UTC;0;965,5;965,8;965,5;2073;25,5;18,8;26;23,9;19,6;18,2;74;64;67;360;2,8;1;
2023/03/08;1500 UTC;0;964,8;965,5;964,8;2175,8;27,1;19,8;27,1;25,3;20,3;18,7;69;64;64;347;3,1;1,5;
2023/03/08;1600 UTC;0;963,9;964,8;963,9;2891,8;28,1;20,2;28,8;27;20,9;19,2;65;60;62;352;3,5;,6;
2023/03/08;1700 UTC;0;963,1;963,9;963,1;2889,8;28,9;20,1;29,8;28,1;21;19,1;63;55;59;31;3,8;,8;
2023/03/08;1800 UTC;0;962,3;963,1;962,2;2507,9;29,5;20;30,7;28,9;20,9;19,5;60;52;56;47;3,7;1,8;
2023/03/08;1900 UTC;1,6;962,5;962,6;962;1097,8;24,3;21,5;30,2;24,2;22,1;19,6;84;55;84;16;9,5;3;
2023/03/08;2000 UTC;0;962,6;962,9;962,2;1004,9;24,9;20,3;26,8;24,3;22,9;19,8;86;74;76;313;4,9;1;
2023/03/08;2100 UTC;0;963;963;962,6;408,2;25,2;20,7;25,4;24,6;20,8;19,9;77;73;76;33;3,2;,5;
2023/03/08;2200 UTC;0;963;963,1;962,9;15,2;24,6;21,3;25,2;24,5;21,3;20,9;82;76;82;96;2,7;1;
2023/03/08;2300 UTC;0;963,9;963,9;963;;23,1;20,4;24,6;23,1;21,2;20,3;86;80;85;350;2,6;1,2;
2023/03/09;0000 UTC;0;964,3;964,3;963,9;;22,6;20,5;23,4;22,5;20,9;20,4;88;85;88;330;3;,9;
2023/03/09;0100 UTC;0;964,8;964,8;964,3;;22,6;20,6;23,1;22,1;20,9;20;90;86;88;49;1,9;,6;
2023/03/09;0200 UTC;0;965,2;965,2;964,8;;21,7;20,2;22,6;21,6;20,7;20;91;88;91;322;1,8;,8;
2023/03/09;0300 UTC;0;965;965,2;965;;22,6;20,6;22,6;21,7;20,6;20,2;91;87;88;109;3,8;2,6;
2023/03/09;0400 UTC;0;964,8;965,1;964,8;;21,7;20,2;22,6;21,7;20,7;19,9;91;88;91;359;3,8;,7;
2023/03/09;0500 UTC;0;964,6;964,9;964,6;;21;19,7;21,7;21;20,2;19,6;92;91;92;348;2,3;,6;
2023/03/09;0600 UTC;0;964,3;964,6;964,2;;20,9;19,5;22;20,9;20,7;19,4;92;90;91;248;1,8;,8;
2023/03/09;0700 UTC;0;964,2;964,3;964,2;;20,4;19,2;20,9;20,4;19,5;19,1;92;91;92;294;2,2;1;
2023/03/09;0800 UTC;0;964,2;964,2;964,1;;20,3;19;20,9;20,2;19,7;18,9;93;92;93;335;1,5;,7;
2023/03/09;0900 UTC;0;964,8;964,8;964,2;1,2;20,8;19,6;20,9;20,1;19,7;18,9;93;92;93;282;2,1;,5;
2023/03/09;1000 UTC;0;965,3;965,3;964,8;138,6;21,7;20,5;21,7;20,7;20,5;19,4;93;92;92;24;1,4;1;
2023/03/09;1100 UTC;0;965,9;965,9;965,3;411,8;23,1;21,6;23,1;21,6;21,6;20,1;93;91;91;80;1,4;,6;
2023/03/09;1200 UTC;0;966,1;966,1;965,9;1706,3;24,8;20,4;25,7;23;22;20,4;91;76;77;56;3,5;1,3;
2023/03/09;1300 UTC;,2;965,7;966,1;965,7;2329,1;27,3;20,9;27,3;24,9;21,6;19,8;79;67;68;121;3,4;1,3;
2023/03/09;1400 UTC;0;965;965,7;965;3232;28,8;19,9;29,1;26,7;21,2;19,4;69;59;59;102;3,7;1,6;
2023/03/09;1500 UTC;0;964,2;965;964,2;3552,3;29,6;18,6;30,1;28,1;21;18,6;63;52;52;193;4;1,8;
2023/03/09;1600 UTC;0;963,3;964,2;963,3;3571,9;31,5;18,4;31,5;29,5;19,5;16,9;54;43;46;307;3,8;1;
2023/03/09;1700 UTC;0;962,5;963,3;962,5;2860,1;31,2;18,9;31,9;30,9;20,2;17,4;52;44;48;340;4,8;3;
2023/03/09;1800 UTC;0;961,5;962,5;961,5;2316,4;30,7;19,4;32,4;30,5;20,3;18,4;53;45;51;166;4,8;1,9;
2023/03/09;1900 UTC;29,4;962,7;963,4;961,3;316;23,8;22,2;30,8;19,7;22,2;15,7;93;51;91;132;20,3;6,1;
2023/03/09;2000 UTC;6,4;962,5;963,2;962,3;49;20,8;18,6;23,9;20,1;22;16,8;91;76;87;339;15;3,8;
2023/03/09;2100 UTC;1,2;963,2;963,3;962,5;41,9;21;18,8;21,6;20,8;19,1;18,6;88;85;87;109;6,1;2,3;
2023/03/09;2200 UTC;,4;963,3;963,4;963,2;3;21,2;19,4;21,2;20,7;19,5;18,7;91;87;90;247;4,1;2,1;
2023/03/09;2300 UTC;,8;964,1;964,1;963,3;,1;21,3;19,9;21,6;21,1;19,9;19,2;91;88;91;68;3,2;,6;
2023/03/10;0000 UTC;5,6;965,8;965,8;964;1,7;19,9;18,4;21,6;19,9;20;18,4;92;87;91;358;10,5;6,1;
2023/03/10;0100 UTC;8,6;965,8;966,2;965,2;1,3;20,5;19,3;20,5;19,8;19,4;18,4;93;91;93;340;11,4;,9;
2023/03/10;0200 UTC;1,6;965,7;966;965,7;,6;20,8;19,7;20,8;20,4;19,7;19,3;93;93;93;240;2,4;1,1;
2023/03/10;0300 UTC;,6;965,3;965,7;965,1;;20,4;19,3;20,8;20,4;19,7;19,3;93;93;93;4;2,1;1,6;
2023/03/10;0400 UTC;0;965,1;965,3;965;;20,1;19,1;20,5;20,1;19,4;19,1;94;93;94;340;2,1;,7;
2023/03/10;0500 UTC;0;964,8;965,1;964,8;;20,1;19;20,1;19,9;19,1;18,8;94;94;94;261;1,4;,4;
2023/03/10;0600 UTC;0;964,4;964,8;964,4;;19,6;18,6;20,1;19,6;19;18,6;94;94;94;335;1,6;,8;
2023/03/10;0700 UTC;0;964,3;964,4;964,2;;19,7;18,7;20;19,6;19;18,6;94;94;94;35;2;,6;
2023/03/10;0800 UTC;0;964,4;964,4;964,2;;19,4;18,4;19,7;19,4;18,7;18,4;94;94;94;229;1,4;,4;
2023/03/10;0900 UTC;0;964,9;965;964,4;2,2;19,6;18,6;19,9;19,4;18,9;18,4;94;94;94;17;1,6;,7;
2023/03/10;1000 UTC;0;965,4;965,4;964,9;69;19,9;18,9;19,9;19,4;18,9;18,5;94;94;94;6;1,3;,4;
2023/03/10;1100 UTC;0;966;966,1;965,4;363,7;21;20;21;19,9;20;18,9;94;94;94;65;2;,5;
2023/03/10;1200 UTC;0;966;966,1;965,9;800,2;21,7;20,6;21,7;20,7;20,7;19,7;94;94;94;94;2,4;1,2;
2023/03/10;1300 UTC;,2;965,9;966;965,8;2229,4;25,4;22;25,4;21,7;23,2;20,7;94;81;81;237;2,7;1,1;
2023/03/10;1400 UTC;0;965,4;966;965,4;3230;27,7;21,7;27,7;25;22,2;20,6;81;68;70;291;3;1,3;
2023/03/10;1500 UTC;0;964,6;965,4;964,6;3497,3;29,1;22,5;29,1;27,3;22,5;20,3;70;63;67;336;3,6;1,8;
2023/03/10;1600 UTC;0;963,6;964,6;963,6;3201,8;29,9;21,3;30,7;28,9;22,7;20,9;67;59;60;215;4,9;2,1;
2023/03/10;1700 UTC;0;962,8;963,6;962,7;947,5;27,5;21,6;30,7;27,5;22,3;20,5;70;57;70;332;8;3,1;
2023/03/10;1800 UTC;0;961,8;962,8;961,8;413,6;23,4;18;27,5;22,9;19,9;16,3;73;58;72;336;9,7;4,5;
2023/03/10;1900 UTC;0;962,1;962,1;961,8;1448,3;25,9;19,5;26,5;23,4;19,5;17,9;72;60;68;72;8,6;4,2;
2023/03/10;2000 UTC;0;962,3;962,4;961,7;913,8;25,1;18,1;26,4;25,1;19,8;17,7;69;59;65;115;8,7;4,5;
2023/03/10;2100 UTC;0;962,8;962,9;962;175,9;23,9;19,6;25,3;23,9;19,6;17,9;77;64;77;102;8,7;4,3;
2023/03/10;2200 UTC;0;963,5;963,5;962,8;2,4;22,8;18,8;24,1;22,8;19,7;18,5;78;72;78;19;9;2,3;
2023/03/10;2300 UTC;16,4;964,2;964,2;963,5;1,4;21,2;19,7;22,8;21,1;19,7;18,7;91;78;91;336;5,3;1,2;
2023/03/11;0000 UTC;3,6;965,1;965,1;964,2;1,2;21,4;20,1;21,4;21,1;20,2;19,6;93;91;93;286;4,4;1,8;
2023/03/11;0100 UTC;25,4;965,4;966;965,1;3,1;19,9;18,9;21,5;19,8;20,2;18,7;93;92;93;133;10;2,1;
2023/03/11;0200 UTC;4,2;965,4;965,6;965,1;,9;20,4;19,3;20,4;19,9;19,3;18,9;94;93;94;237;5;1,9;
2023/03/11;0300 UTC;,4;965,2;965,4;965,2;,3;20,5;19,4;20,5;20,4;19,5;19,3;94;94;94;335;3,2;,9;
2023/03/11;0400 UTC;0;964,5;965,2;964,5;0;20,5;19,4;20,6;20,4;19,5;19,3;94;93;93;68;3,7;1,5;
2023/03/11;0500 UTC;0;963,6;964,5;963,6;;20,4;19,3;20,5;20,3;19,5;19,3;94;93;93;198;3,1;,8;
2023/03/11;0600 UTC;0;963,2;963,7;963,2;0;20,5;19,4;20,7;20,4;19,6;19,3;94;93;93;96;3,1;1,6;
2023/03/11;0700 UTC;0;963,1;963,2;963;;20,4;19,3;20,5;20,4;19,4;19,3;94;93;94;62;3,5;1,4;
2023/03/11;0800 UTC;0;962,9;963,1;962,8;;20,3;19,3;20,4;20,3;19,3;19,2;94;93;94;264;2,4;,6;
2023/03/11;0900 UTC;0;963,4;963,4;962,9;1,3;20,5;19,4;20,6;20,3;19,5;19,3;94;93;93;145;2,5;1,5;
2023/03/11;1000 UTC;0;963,7;963,7;963,3;271,3;21,2;20,1;21,4;20,4;20,2;19,3;94;93;93;261;2,2;1,1;
2023/03/11;1100 UTC;0;964,2;964,2;963,8;671,3;21,9;19,7;22,1;21,2;20,7;19,6;93;87;87;292;2;1,3;
2023/03/11;1200 UTC;0;964,5;964,5;964,2;848,3;22,9;19,7;23;21,9;20,1;19,4;88;82;82;228;2,1;,6;
2023/03/11;1300 UTC;0;964,8;964,8;964,5;1070,7;23,8;19,8;24;22,9;20,2;19,3;83;78;78;277;3,5;1,2;
2023/03/11;1400 UTC;0;964,6;964,8;964,6;1154,2;24,1;19,9;24,5;23,7;20,4;19,5;78;76;78;327;3,4;1,9;
2023/03/11;1500 UTC;,2;964,2;964,6;964,2;734,3;24,6;20;24,8;24,1;20,3;19,6;78;74;76;319;2,8;2,1;
2023/03/11;1600 UTC;0;963,5;964,2;963,5;1256,4;25,4;20,7;25,6;24,5;21,2;19,9;78;75;75;302;3,4;1;
2023/03/11;1700 UTC;0;962,7;963,5;962,7;1359,7;25,6;20,8;26,1;25,3;21,8;20,3;78;72;75;202;3,4;,7;
2023/03/11;1800 UTC;0;961,9;962,7;961,9;1012;25,3;21,3;25,8;25,2;22,2;20,6;82;73;78;314;2,8;1,7;
2023/03/11;1900 UTC;0;961,7;961,9;961,6;622,8;25,1;21,3;25,4;25,1;21,9;21,1;81;78;79;21;3;2;
2023/03/11;2000 UTC;0;962,4;962,4;961,7;219,6;24,5;21,3;25,1;24,4;21,5;21,2;84;79;83;349;3;1,4;
2023/03/11;2100 UTC;,8;963,6;963,6;962,4;65,1;22;19,2;24,5;22;21,7;19;87;79;84;140;8,8;4,3;
2023/03/11;2200 UTC;8,2;964,7;964,7;963,6;2,1;20,3;19;22;20,3;19,1;18,4;92;84;92;336;8,8;3,1;
2023/03/11;2300 UTC;,6;965,2;965,2;964,7;,2;20,8;19,5;20,8;20,3;19,5;19,1;92;92;92;68;4,6;1,5;
2023/03/12;0000 UTC;2,2;965,7;965,7;965,2;,4;20,8;19,5;20,8;20,6;19,5;19,3;93;92;93;124;2,4;1,1;
2023/03/12;0100 UTC;0;966,1;966,1;965,7;,5;20,7;19,5;20,8;20,7;19,6;19,5;93;93;93;91;6,3;2,2;
2023/03/12;0200 UTC;0;966,1;966,2;966,1;,2;20,7;19,5;20,8;20,6;19,6;19,4;93;93;93;30;3,7;,6;
2023/03/12;0300 UTC;,6;965,8;966,2;965,8;;20,5;19,3;20,8;20,4;19,6;19,3;93;93;93;333;1,7;,7;
2023/03/12;0400 UTC;0;965;965,8;965;;20,7;19,6;20,7;20,4;19,6;19,3;93;93;93;57;1,6;,8;
2023/03/12;0500 UTC;0;964,3;965;964,2;;20,5;19,3;20,7;20,4;19,6;19,3;93;93;93;193;1,3;,6;
2023/03/12;0600 UTC;0;964,1;964,3;964,1;;20,7;19,6;20,7;20,5;19,6;19,4;93;93;93;51;2,2;1,1;
2023/03/12;0700 UTC;,2;964;964,1;963,9;;20,5;19,4;20,7;20,5;19,6;19,4;93;93;93;2;2,4;,9;
2023/03/12;0800 UTC;0;964,1;964,1;963,9;;20,7;19,7;20,7;20,5;19,7;19,5;94;93;94;307;1,5;,4;
2023/03/12;0900 UTC;0;964,1;964,2;964,1;,5;20,7;19,6;20,8;20,7;19,7;19,6;94;93;94;345;,9;,4;
2023/03/12;1000 UTC;0;964,3;964,3;964;82,4;21,3;20,2;21,3;20,7;20,2;19,6;94;93;94;218;,9;,3;
2023/03/12;1100 UTC;0;964,8;964,8;964,3;477,4;22,3;20,9;22,3;21,2;21;20,1;94;92;92;71;1,7;,6;
2023/03/12;1200 UTC;0;965,3;965,3;964,8;545,8;22,6;20,1;22,6;22,1;21,1;19,8;92;85;86;6;2,1;,8;
2023/03/12;1300 UTC;0;965,5;965,6;965,3;811,1;23,6;19,8;23,6;22,6;20,3;19,4;86;79;79;20;2,5;1,4;
2023/03/12;1400 UTC;0;965,3;965,5;965,3;2213,3;24,9;19,5;25,2;23,5;20,5;19;80;70;72;333;3,5;1,7;
2023/03/12;1500 UTC;,2;964,7;965,3;964,7;2770,7;26,6;18,8;26,6;24,8;20,2;18,4;72;62;62;3;4,2;2;
2023/03/12;1600 UTC;0;963,8;964,7;963,8;1897,6;26,5;19,7;27,3;26,3;19,7;18,1;66;60;66;266;4,8;2,1;
2023/03/12;1700 UTC;,2;963,2;963,8;963,2;814,9;24;21;26,5;23,9;21;19,5;83;66;83;304;5,5;2,2;
2023/03/12;1800 UTC;,4;962,9;963,2;962,8;759,4;23,6;21;24,4;23,6;21,5;20,8;86;81;86;5;4;2,3;
2023/03/12;1900 UTC;2;963,2;963,2;962,8;384,2;22,9;20,9;23,6;22,9;21,1;20,7;88;85;88;84;3,6;2,3;
2023/03/12;2000 UTC;,6;963,4;963,4;963,1;213,3;22,7;20,9;23;22,6;21,2;20,8;90;88;89;339;3,6;,6;
2023/03/12;2100 UTC;,4;964,1;964,1;963,4;94,6;22,6;20,8;22,8;22,6;21;20,4;90;87;90;49;1,9;,8;
2023/03/12;2200 UTC;2;964,7;964,7;964,1;,7;22;20,5;22,6;22;21,1;20,5;92;90;91;99;3,5;,9;
2023/03/12;2300 UTC;1,2;965,4;965,4;964,7;;21,8;20,5;22;21,6;20,6;20,2;93;91;93;32;2,1;1,5;
2023/03/13;0000 UTC;3;966,2;966,2;965,4;;21,5;20,3;21,9;21,5;20,7;20,3;93;93;93;311;2,1;,6;
2023/03/13;0100 UTC;2,8;966,5;966,6;966,2;,3;21,5;20,3;21,6;21,5;20,4;20,3;93;93;93;102;3,1;1,5;
2023/03/13;0200 UTC;,6;966,6;966,6;966,5;;21,4;20,2;21,5;21,4;20,3;20,2;93;93;93;69;2,6;1,3;
2023/03/13;0300 UTC;,4;966,4;966,6;966,4;;21,4;20,3;21,4;21,3;20,3;20,2;93;93;93;96;2,8;1,4;
2023/03/13;0400 UTC;0;966;966,4;966;;21;19,9;21,4;21;20,3;19,9;93;93;93;71;2,6;1,4;
2023/03/13;0500 UTC;0;965,3;966;965,3;;20,9;19,8;21;20,9;19,9;19,8;93;93;93;76;3;1,8;
2023/03/13;0600 UTC;0;965,1;965,3;965,1;;20,8;19,7;20,9;20,8;19,8;19,7;94;93;94;87;3,3;2;
2023/03/13;0700 UTC;0;965,3;965,3;965;;20,6;19,4;20,8;20,6;19,7;19,4;94;93;93;77;3,6;1,6;
2023/03/13;0800 UTC;0;965,5;965,5;965,3;;20,6;19,4;20,7;20,5;19,5;19,4;93;93;93;57;2,8;1,4;
2023/03/13;0900 UTC;,2;965,8;965,8;965,5;,8;20,5;19,4;20,6;20,5;19,4;19,4;93;93;93;68;2,7;1;
2023/03/13;1000 UTC;0;966,2;966,2;965,7;187,8;20,9;19,8;20,9;20,5;19,8;19,4;94;93;93;74;2,1;1,1;
2023/03/13;1100 UTC;0;966,6;966,6;966,2;936;22,7;19,8;23;20,9;21;19,4;93;82;84;90;3,6;2;
2023/03/13;1200 UTC;0;967,1;967,1;966,6;1332,6;23,9;18,6;24,2;22,4;19,8;18,6;84;72;72;57;4;1,9;
2023/03/13;1300 UTC;0;966,9;967,1;966,9;1371,5;24,6;18,5;24,8;23,7;19,7;18,5;75;68;69;104;4,3;2,4;
2023/03/13;1400 UTC;0;966,6;966,9;966,6;2312,4;26,2;18,2;26,5;24,6;19,3;17,7;70;61;62;99;5,1;1,8;
2023/03/13;1500 UTC;0;965,8;966,6;965,8;3185,2;26,9;18,4;27,4;26,1;19,5;17,5;65;57;60;82;4,7;1,6;
2023/03/13;1600 UTC;0;965,1;965,8;965,1;1876,1;27,1;18,5;27,5;26,5;19,5;18,2;63;57;60;52;4,5;1,3;
2023/03/13;1700 UTC;0;964,3;965,1;964,3;1643,2;27,2;19,4;28,1;27;20,4;18,3;66;57;62;314;4,3;2,5;
2023/03/13;1800 UTC;0;963,6;964,3;963,6;1798,4;27;19,9;27,6;26,7;20,6;19,6;67;63;65;335;4,5;2,2;
2023/03/13;1900 UTC;0;963,7;963,7;963,5;783,3;26,5;20,3;27;26,5;20,5;19,8;69;65;69;332;4,2;,5;
2023/03/13;2000 UTC;0;964;964;963,7;269,4;23,5;18,3;26,5;23,5;20,7;18,1;73;68;73;360;5,9;2,9;
2023/03/13;2100 UTC;0;964,5;964,6;963,9;72,4;23,2;18,6;23,7;23,2;18,9;18,3;77;73;75;3;5,2;1,2;
2023/03/13;2200 UTC;0;965,1;965,1;964,5;;22,5;20,1;23,2;22,2;20,1;18,5;86;75;86;357;3,7;,4;
2023/03/13;2300 UTC;0;966,1;966,1;965,1;;21,9;20,2;23;21,9;20,5;19,9;90;85;90;341;5,1;3;
2023/03/14;0000 UTC;,2;966,2;966,2;966;;21,5;19,7;21,9;21,5;20,2;19,7;90;90;90;349;5,1;2,3;
2023/03/14;0100 UTC;0;966,2;966,2;966,1;;21,7;20;21,7;21,4;20;19,5;90;89;90;100;4,3;1,1;
2023/03/14;0200 UTC;0;966,3;966,4;966,2;;21,9;20,4;21,9;21,7;20,4;20;91;90;91;56;1,8;,9;
2023/03/14;0300 UTC;0;966,3;966,4;966,3;;21,8;20,3;22,2;21,8;20,7;20,3;91;91;91;89;2,4;,2;
2023/03/14;0400 UTC;0;965,9;966,4;965,9;;21,8;20,4;22;21,8;20,6;20,3;92;91;92;99;2,1;,9;
2023/03/14;0500 UTC;0;965,4;965,9;965,4;;21,5;20,2;21,9;21,5;20,6;20,1;92;92;92;56;2,5;1,4;
2023/03/14;0600 UTC;0;965,1;965,4;965,1;;21,7;20,3;21,7;21,5;20,4;20,2;92;92;92;86;3;1,7;
2023/03/14;0700 UTC;0;965,3;965,3;965;;21,5;20,2;21,7;21,4;20,3;20,1;92;92;92;44;2,8;1,2;
2023/03/14;0800 UTC;0;965,4;965,5;965,3;;21,7;20,3;21,8;21,5;20,4;20,2;92;92;92;85;3,3;2,1;
2023/03/14;0900 UTC;0;966;966;965,4;4,1;21,4;20,1;21,7;21,4;20,3;20,1;92;92;92;96;3,6;2;
2023/03/14;1000 UTC;0;966,3;966,3;966;317,5;22,3;20,6;22,3;21,4;20,7;20,1;92;90;90;104;3,6;2,1;
2023/03/14;1100 UTC;0;966,9;966,9;966,3;1080,4;24,5;19,8;24,5;22,3;21;19,8;90;75;75;79;4,1;1,6;
2023/03/14;1200 UTC;0;967,1;967,2;966,9;2416,2;25,9;18,6;26,3;24,3;20,1;18,1;76;63;64;101;5,5;2,7;
2023/03/14;1300 UTC;0;967,1;967,2;967,1;1771,3;26,1;17,7;26,3;25,5;19;17,4;66;59;60;68;5;2,1;
2023/03/14;1400 UTC;0;966,6;967,1;966,6;1746,6;26,6;18;27,1;26;18,6;17,1;62;56;59;49;4,4;1,7;
2023/03/14;1500 UTC;0;966;966,6;966;2643;27,2;17,1;28;26,6;19;16,8;61;54;54;115;4,1;2,1;
2023/03/14;1600 UTC;0;965,5;966;965,5;2771,1;28,7;17,1;29;27,1;18,2;15,9;57;48;50;350;3,9;1,6;
2023/03/14;1700 UTC;0;964,6;965,5;964,6;2071,9;28,9;17,5;29;28,3;18,1;16,5;53;48;50;80;5,1;2;
2023/03/14;1800 UTC;0;963,7;964,6;963,7;2407,7;29,2;18,3;30,1;28,6;18,3;16,4;53;46;52;102;6,3;2,1;
2023/03/14;1900 UTC;0;963,5;963,7;963,5;1589;28,7;16,5;30,1;28,7;18,4;16,5;52;45;48;96;6,4;3;
2023/03/14;2000 UTC;0;963,7;963,7;963,4;1387,3;29,1;16,4;29,8;28,7;17,5;16,1;49;44;46;99;6,1;3,2;
2023/03/14;2100 UTC;0;964,3;964,3;963,7;207,1;25,7;19,4;29,1;25,7;19,5;16,7;69;46;68;38;5,2;,7;
2023/03/14;2200 UTC;0;964,9;964,9;964,3;,4;25,4;19,2;26,1;25,4;19,4;18,9;68;65;68;75;3,9;2,3;
2023/03/14;2300 UTC;0;965,5;965,5;964,9;;24,3;19,6;25,4;24,3;19,6;19,1;75;68;75;83;5,5;3,3;
2023/03/15;0000 UTC;0;966,4;966,4;965,5;;23,4;19,5;24,3;23,4;19,7;19,5;79;75;78;57;5,7;2,9;
2023/03/15;0100 UTC;0;966,8;966,8;966,4;;23,3;19,1;23,5;23,2;19,5;19,1;78;77;78;71;6;3,4;
2023/03/15;0200 UTC;0;966,9;967;966,8;;22,8;19,5;23,3;22,7;19,6;19,1;83;78;81;47;5,5;2;
2023/03/15;0300 UTC;0;966,8;966,9;966,7;;22,6;19,3;23,1;22,6;19,5;19,2;82;79;81;22;4,9;1,3;
2023/03/15;0400 UTC;0;966,2;966,8;966,2;;22,7;19,2;22,8;22,4;19,4;19,2;83;80;80;59;2,4;1,2;
2023/03/15;0500 UTC;0;965,7;966,2;965,7;;22,1;19,2;22,8;22;19,4;19,1;85;80;84;352;2,4;,9;
2023/03/15;0600 UTC;0;965,5;965,7;965,4;;22,1;19,5;22,3;22;19,5;19,1;85;83;85;64;2;,8;
2023/03/15;0700 UTC;0;965,4;965,5;965,3;;21,8;19,7;22,1;21,8;19,7;19,4;88;85;88;139;2,3;,6;
2023/03/15;0800 UTC;0;965,5;965,5;965,4;;21,7;19,8;21,9;21,7;20,1;19,8;90;88;89;72;2,6;,9;
2023/03/15;0900 UTC;0;966;966;965,5;;21,5;20,1;21,7;21,5;20,2;19,8;92;89;92;4;2,3;,7;
2023/03/15;1000 UTC;0;966,3;966,3;966;102,9;22;20,4;22;21,5;20,5;20,1;92;91;91;76;1,9;1,1;
2023/03/15;1100 UTC;0;966,7;966,8;966,2;405,8;22,7;19,8;22,7;22;20,8;19,8;91;83;83;87;1,9;,8;
2023/03/15;1200 UTC;0;966,9;966,9;966,7;642,8;24;20,1;24;22,7;20,1;19,5;84;79;79;93;2,4;,8;
2023/03/15;1300 UTC;0;966,7;966,9;966,7;2303,2;26,8;19,6;26,9;23,7;20,2;18,4;79;64;65;88;2,8;1,3;
2023/03/15;1400 UTC;0;966,3;966,7;966,3;2046,8;27,2;19,2;27,2;25,2;19,8;18,4;69;62;62;149;6,8;2,8;
2023/03/15;1500 UTC;0;965,7;966,3;965,7;2936,5;27,6;18,2;28,9;26,4;19,8;17,6;64;54;57;103;6,8;2,8;
2023/03/15;1600 UTC;0;965;965,7;965;3174,4;29,3;18,4;29,3;27,4;19,4;17,7;60;50;52;98;6,2;3,1;
2023/03/15;1700 UTC;0;964,1;965;964,1;3390,7;29,9;17,4;30,1;28,9;19,2;17;54;46;47;70;7,1;3,3;
2023/03/15;1800 UTC;0;963,4;964,1;963,4;2744,5;29,9;16;30,5;29,5;17,7;15,5;48;41;43;74;6,4;3,8;
2023/03/15;1900 UTC;0;962,6;963,4;962,6;1864,7;29,9;16,4;30,5;29,8;17,2;15,4;46;41;44;116;6,7;3,4;
2023/03/15;2000 UTC;0;962,8;962,8;962,5;412,7;27,8;17,6;29,9;27,8;17,6;16,5;54;44;54;115;6,7;4;
2023/03/15;2100 UTC;0;963,1;963,1;962,7;156;26,3;18,8;27,9;26,3;18,8;17,3;63;53;63;117;6,8;3,5;
2023/03/15;2200 UTC;0;963,9;963,9;963,1;2,3;24,7;18,9;26,4;24,7;18,9;18,7;70;63;70;83;7,7;2,9;
2023/03/15;2300 UTC;0;964,8;964,9;963,9;;23,2;18,5;24,7;23,1;19;18,5;76;70;75;64;6;3,5;
2023/03/16;0000 UTC;0;965,6;965,6;964,8;;22,7;18,8;23,2;22,7;18,8;18,4;79;75;79;46;6,5;3,2;
2023/03/16;0100 UTC;0;965,9;965,9;965,6;;22,9;18,7;22,9;22,5;18,9;18,7;80;78;78;44;5,5;2,4;
2023/03/16;0200 UTC;0;965,9;966;965,8;;22,6;18,7;22,9;22,6;18,7;18,5;78;77;78;48;5,2;2,7;
2023/03/16;0300 UTC;0;965,9;966;965,9;;22,4;18,8;22,6;22,3;18,8;18,6;80;78;80;28;4,1;1,7;
2023/03/16;0400 UTC;0;965,7;965,9;965,7;;22,5;18,4;22,6;22,3;18,9;18,4;81;78;78;32;3,1;1,8;
2023/03/16;0500 UTC;0;965,4;965,8;965,4;;21,9;18,5;22,5;21,8;18,5;18,3;81;78;81;33;2,9;1,6;
2023/03/16;0600 UTC;0;964,9;965,5;964,9;;21,6;18,5;22,2;21,6;18,6;18,4;83;79;83;84;3;1,9;
2023/03/16;0700 UTC;0;965;965;964,9;;20,5;18,6;21,7;20,4;18,8;18,3;89;83;89;353;3,2;1,7;
2023/03/16;0800 UTC;0;965,2;965,2;965;;20,7;18,5;21;20,5;19,1;18,5;90;87;87;89;2,3;1;
2023/03/16;0900 UTC;0;965,4;965,4;965,1;;20,5;18,7;20,8;20,5;19;18,5;90;87;90;42;2,6;1;
2023/03/16;1000 UTC;0;966;966;965,4;117,4;20,9;19,3;20,9;20,5;19,3;18,8;91;90;91;99;2,4;1,4;
2023/03/16;1100 UTC;0;966,7;966,7;966;561;22,8;19,5;22,9;20,9;20;19,2;91;82;82;105;3,4;1,6;
2023/03/16;1200 UTC;0;966,9;967;966,7;1451,3;24,6;18,6;24,7;22,5;19,5;18,4;82;69;69;123;3,8;1,5;
2023/03/16;1300 UTC;0;966,6;966,9;966,6;2218,4;26,8;19,3;26,8;24,2;19,4;17,8;71;62;63;97;4,1;1,3;
2023/03/16;1400 UTC;0;966,1;966,6;966;2875,2;26,5;16,7;27,8;25,4;19,3;16,7;66;53;55;86;4,3;2,1;
2023/03/16;1500 UTC;0;965,1;966,1;965,1;3433,8;28,2;16,6;28,6;26,5;18,9;15,9;60;49;49;90;5,3;2,3;
2023/03/16;1600 UTC;0;964,2;965,1;964,2;3654,7;28,9;17,6;29,1;27,8;18;16,1;53;48;50;74;6,7;3,5;
2023/03/16;1700 UTC;0;963,3;964,2;963,3;3326,8;29,1;16,4;30,1;28,6;18;16;51;45;46;114;6,9;3,8;
2023/03/16;1800 UTC;0;962,7;963,4;962,7;2631,3;29,8;16,4;30,2;28,7;18,2;16,3;50;44;45;120;7,6;4,1;
2023/03/16;1900 UTC;0;962,5;962,8;962,5;1734;28,8;16,6;30,3;28,7;17,6;16;51;43;48;123;7,2;3,1;
2023/03/16;2000 UTC;0;962,7;962,7;962,5;849,9;28,1;16,2;29,4;28,1;17,5;16,2;51;47;49;110;8,2;4,7;
2023/03/16;2100 UTC;0;963;963;962,7;146,4;26,4;18,4;28,1;26,4;18,4;15,2;62;46;62;108;8,2;4,7;
2023/03/16;2200 UTC;0;963,9;963,9;963;1,5;24,7;17,2;26,4;24,7;18,4;17,2;65;61;63;99;8,2;3,7;
2023/03/16;2300 UTC;0;964,9;964,9;963,9;;22,7;17,4;24,7;22,7;17,4;16,9;72;63;72;60;8;3,2;
2023/03/17;0000 UTC;0;965,8;965,8;964,9;;22,5;17,4;22,7;22,1;17,6;17,3;75;72;73;35;6;2,7;
2023/03/17;0100 UTC;0;966,2;966,2;965,8;;22,9;16,8;22,9;22,5;17,3;16,8;73;69;69;43;5;3,1;
2023/03/17;0200 UTC;0;966,2;966,3;966,2;;22,1;16,9;23;22,1;17;16,7;73;68;73;43;4,8;2,5;
2023/03/17;0300 UTC;0;966,1;966,2;966;;21,5;17,1;22,1;21,4;17,3;16,8;77;73;76;34;4,1;1,7;
2023/03/17;0400 UTC;0;965,7;966,1;965,7;;20,6;17,5;21,6;20,6;17,5;17,1;82;76;82;105;3,4;1,7;
2023/03/17;0500 UTC;0;965,4;965,7;965,4;;20,1;17,5;20,8;20;17,6;17,3;85;82;85;82;3,1;1,9;
2023/03/17;0600 UTC;0;964,9;965,4;964,9;;20;17,6;20,1;19,2;17,9;16,8;88;85;86;109;2,5;1;
2023/03/17;0700 UTC;0;964,8;964,9;964,7;;19,6;17,7;20;19,5;17,7;17,5;89;86;89;85;2,1;1,5;
2023/03/17;0800 UTC;0;965,1;965,1;964,7;;19,3;17,8;19,6;19,2;17,9;17,7;91;89;91;40;2,1;,7;
2023/03/17;0900 UTC;0;965,6;965,6;965,1;;19,1;17,4;19,8;19,1;18,3;17,4;92;90;90;57;1,9;,6;
2023/03/17;1000 UTC;0;966,2;966,2;965,6;149,4;19,9;18,4;20;18,6;18,5;17;92;90;91;36;1,8;,5;
2023/03/17;1100 UTC;0;966,8;966,8;966,2;593,1;21,6;18,6;21,6;19,8;18,9;18,2;91;83;83;92;2,2;1,3;
2023/03/17;1200 UTC;0;967,1;967,1;966,8;1444;23;18;23,4;21,6;18,9;17,9;84;73;74;76;3,9;1,6;
2023/03/17;1300 UTC;0;967,1;967,2;967,1;2074,5;24,7;17,5;25,2;23;18,7;17,2;75;62;65;82;4,1;1,9;
2023/03/17;1400 UTC;0;966,7;967,1;966,7;3178,2;27,1;17,1;27,2;24,5;18,6;16,7;67;54;54;95;5,1;2,4;
2023/03/17;1500 UTC;0;966;966,7;966;3518,8;27,7;15,9;28,2;26,6;17,7;14,9;57;46;49;66;6,8;2;
2023/03/17;1600 UTC;0;965,2;966;965,2;3527,7;28,3;15,5;28,7;27,5;17,2;15,1;51;44;46;91;5,3;2,8;
2023/03/17;1700 UTC;0;964,6;965,2;964,6;2855,2;29,3;15;29,4;28,1;17,1;14;49;41;42;110;5,9;2,8;
2023/03/17;1800 UTC;0;963,8;964,6;963,8;2755,7;29,5;14,8;29,7;28,5;16,1;14;44;40;41;95;6,6;2,6;
2023/03/17;1900 UTC;0;963,3;963,8;963,3;2084,9;29,4;14,4;30;29,1;15,1;13,9;42;38;40;113;6,2;2,2;
2023/03/17;2000 UTC;0;963,2;963,3;963,1;1213,1;28,8;14,3;29,5;28,8;15,1;14;43;39;41;105;6;2,9;
2023/03/17;2100 UTC;0;963,3;963,3;963,2;368,8;27;16,1;28,8;27;16,1;14,2;51;41;51;114;6,8;3,7;
2023/03/17;2200 UTC;0;963,8;963,8;963,3;1;24,7;17,9;27;24,7;17,9;16;66;51;66;95;6,9;2,4;
2023/03/17;2300 UTC;0;964,7;964,7;963,8;;23,5;17,6;24,7;23,4;18,1;17,3;71;66;69;66;4,8;2,5;
2023/03/18;0000 UTC;0;965,4;965,4;964,7;;22,8;18,2;23,6;22,7;18,2;17,5;76;69;75;48;5;3,1;
2023/03/18;0100 UTC;0;965,9;965,9;965,4;;22,3;18;22,8;22,3;18,2;18;77;75;77;53;5;2,8;
2023/03/18;0200 UTC;0;966,1;966,1;965,9;;21,9;17,9;22,3;21,9;18,1;17,9;78;76;78;19;4,7;1,6;
2023/03/18;0300 UTC;0;965,9;966,2;965,9;;22,2;18;22,2;22;18;17,7;78;76;77;35;3,3;1,9;
2023/03/18;0400 UTC;0;965,7;965,9;965,7;;21,9;18,7;22,2;21,4;18,8;17,9;83;77;82;69;3,1;1,1;
2023/03/18;0500 UTC;0;965,4;965,7;965,4;;20,8;18,9;21,9;20,8;18,9;18,6;89;82;89;23;3,2;1,5;
2023/03/18;0600 UTC;0;965,2;965,4;965,1;;20,7;19,1;20,9;20,7;19,2;18,9;91;89;91;327;2,5;,9;
2023/03/18;0700 UTC;0;965;965,2;965;;21;19,3;21,1;20,6;19,4;19,1;91;90;90;88;2,4;,9;
2023/03/18;0800 UTC;0;965,2;965,3;965;;21,1;19,5;21,1;20,9;19,5;19,1;91;90;91;125;2,4;1,5;
2023/03/18;0900 UTC;0;965,8;965,8;965;;20,5;19,1;21,1;20,4;19,5;18,9;92;90;92;352;2,7;1,3;
2023/03/18;1000 UTC;0;966,3;966,3;965,8;101;20,9;19,6;21;20,5;19,7;19,1;92;92;92;355;1,9;1,4;
2023/03/18;1100 UTC;0;966,7;966,7;966,3;667,8;22,5;19,2;22,7;20,9;20,6;19,2;92;81;82;91;2,5;,9;
2023/03/18;1200 UTC;0;966,9;967;966,7;814,8;23,5;18,8;23,5;22,4;19,5;18,6;82;75;75;100;2,5;1,1;
2023/03/18;1300 UTC;0;966,6;966,9;966,6;1541,6;24,8;19;25,1;23,5;19,9;18,2;77;68;70;63;3,7;2,2;
2023/03/18;1400 UTC;0;966,1;966,6;966,1;2803,8;27,2;19,2;27,6;24,6;20;18,2;72;59;62;79;4,5;2;
2023/03/18;1500 UTC;0;965,5;966,1;965,4;2997,7;27,7;17,5;28,7;26,4;20;16,9;64;51;54;71;6,2;2,6;
2023/03/18;1600 UTC;0;964,4;965,5;964,4;3320,9;28,9;17,4;29,6;27,6;19,4;17,2;57;48;50;101;5,2;1,5;
2023/03/18;1700 UTC;0;963,7;964,4;963,7;2817,4;29,5;17,9;30,8;28,9;19,2;17,3;54;47;50;92;5,4;2,6;
2023/03/18;1800 UTC;0;963,1;963,7;963,1;1692,4;30,1;18,2;30,2;28,8;18,8;17;53;47;49;109;5,6;1,3;
2023/03/18;1900 UTC;0;962,9;963,1;962,9;1340,5;28,4;19,1;30,3;28,4;19,3;16,9;57;46;57;17;5,6;1,6;
2023/03/18;2000 UTC;0;963,2;963,2;962,9;438,9;27;19,9;28,4;26,9;19,9;18,4;66;54;65;8;6,1;2,5;
2023/03/18;2100 UTC;0;963,3;963,3;963;220,4;24,5;17,8;27,1;24,5;20,3;17,7;69;65;66;23;7,4;2,8;
2023/03/18;2200 UTC;0;963,9;963,9;963,3;4,8;23,9;19;24,7;23,9;19;17,8;74;66;74;88;4,1;1,3;
2023/03/18;2300 UTC;0;964,9;964,9;963,9;;23,5;19,3;24,1;23,4;19,4;18,8;78;73;77;84;3,8;2,4;
2023/03/19;0000 UTC;0;965,9;965,9;964,9;;23,6;19,8;23,8;23,5;19,8;19,2;79;76;79;64;5,1;1,8;
2023/03/19;0100 UTC;0;966,3;966,3;965,9;;23,3;20,1;23,6;23,1;20,1;19,8;83;79;82;5;3,5;1,8;
2023/03/19;0200 UTC;0;965,9;966,3;965,8;;23,1;19,7;23,6;23,1;20,1;19,7;82;80;81;58;2,9;1,6;
2023/03/19;0300 UTC;0;965,6;965,9;965,6;;22,3;19,8;23,1;22;19,8;19,3;86;81;86;16;3,1;1,7;
2023/03/19;0400 UTC;0;965,1;965,6;965,1;;22,1;19,6;22,4;22;19,8;19,4;86;84;86;39;3,5;1,9;
2023/03/19;0500 UTC;0;965;965,1;965;;22,5;19,6;22,5;21,8;19,9;19,3;87;84;84;57;3,1;1,4;
2023/03/19;0600 UTC;0;964,6;965;964,6;;22,4;19,7;22,5;22,3;19,7;19,6;85;84;85;74;2,4;,7;
2023/03/19;0700 UTC;0;964,5;964,6;964,5;;22,4;19,7;22,4;22,3;19,8;19,6;85;85;85;78;3;1,8;
2023/03/19;0800 UTC;0;964,7;964,7;964,5;;22,2;19,6;22,4;22,2;19,8;19,6;86;84;86;60;3;1;
2023/03/19;0900 UTC;0;965,2;965,2;964,7;;21,6;19,7;22,2;21,6;19,8;19,5;89;86;89;22;1,9;,7;
2023/03/19;1000 UTC;0;965,6;965,7;965,2;216,4;21,7;19,9;22;21,3;20,2;19,5;90;88;89;318;1,3;1;
2023/03/19;1100 UTC;0;966;966;965,6;756,7;23,6;19,7;23,9;21,7;20,5;19,7;90;79;79;163;1,3;,4;
2023/03/19;1200 UTC;0;966,3;966,3;966;1170,7;25,9;20;26;23,5;20,6;19,6;79;70;70;25;3,1;1,2;
2023/03/19;1300 UTC;0;966,3;966,4;966,3;2101;26,1;19,2;26,7;24,3;20,2;18,8;74;65;66;61;4;1,8;
2023/03/19;1400 UTC;0;965,9;966,4;965,9;2660,1;27,2;19,2;28;25,5;20,6;18,6;71;60;61;106;4;1,7;
2023/03/19;1500 UTC;0;964,9;965,9;964,9;3064;28,8;19,6;29;27,2;20,5;18,5;64;56;57;71;4,5;1,8;
2023/03/19;1600 UTC;0;963,7;964,9;963,7;3574,8;30,4;18,8;31,1;28,8;20,5;18,1;59;49;50;12;4,4;1,4;
2023/03/19;1700 UTC;0;962,9;963,7;962,9;2581,6;30,2;18,3;31,1;29,4;19;17,4;52;46;49;103;4,7;1,8;
2023/03/19;1800 UTC;0;962,4;962,9;962,4;1664,3;28;20,5;31,7;28;20,6;17,7;64;46;64;343;5,4;2,9;
2023/03/19;1900 UTC;0;962,2;962,6;962,2;351,9;27,1;21,3;28;27;21,3;20,3;71;63;71;334;4,8;1,9;
2023/03/19;2000 UTC;0;962,1;962,2;961,9;430,6;26,8;20,4;27,2;26,8;21,5;20,4;72;67;68;15;3,3;1,9;
2023/03/19;2100 UTC;0;962,8;962,8;962,1;131,9;26,4;19,9;26,8;26,3;21;19,8;72;67;68;28;3,7;1;
2023/03/19;2200 UTC;0;963,6;963,6;962,6;1,3;24,6;19,8;26,4;24,6;21,5;19,8;77;67;75;333;4,9;2,5;
2023/03/19;2300 UTC;0;964,1;964,2;963,6;;25,3;20,6;25,3;24,3;20,8;19,7;79;74;75;88;5,4;2;
2023/03/20;0000 UTC;0;965,1;965,1;964,1;;24;20,5;25,7;23,9;20,5;20;81;71;81;24;5,4;2,2;
2023/03/20;0100 UTC;0;965,3;965,4;965,1;;23,7;20,3;24,3;23,5;20,8;20,2;83;79;81;25;4;1,3;
2023/03/20;0200 UTC;0;964,9;965,3;964,9;;23,1;20,2;24,1;23;20,5;19,6;84;79;84;95;3,1;1,8;
2023/03/20;0300 UTC;0;964,8;965,1;964,8;;21,7;19,7;23,2;21,7;20,4;19,6;88;84;88;355;2,6;1,7;
2023/03/20;0400 UTC;0;964,8;964,9;964,8;;22,3;20,1;22,3;21,7;20,4;19,7;90;87;87;153;2,7;1,5;
2023/03/20;0500 UTC;0;964,7;964,8;964,7;;21,6;19,9;22,4;21,6;20,2;19,3;90;87;90;88;2,3;1,1;
2023/03/20;0600 UTC;0;964,4;964,7;964,4;;21;19,6;21,7;20,7;20;19,1;92;89;92;3;2,5;1,3;
2023/03/20;0700 UTC;0;964,1;964,4;964,1;;20,6;19,3;21,3;20,5;19,9;19,2;92;92;92;43;2;,4;
2023/03/20;0800 UTC;0;964,2;964,2;964;;21,4;20,1;21,4;20,6;20,1;19,3;92;91;92;131;2,8;2,1;
2023/03/20;0900 UTC;0;964,4;964,4;964,2;,8;20,8;19,6;21,4;20,2;20,1;19;93;91;93;360;2,8;2,1;
2023/03/20;1000 UTC;0;964,6;964,6;964,2;190,1;21,7;20,4;21,7;20,8;20,5;19,6;93;93;93;235;2,7;,6;
2023/03/20;1100 UTC;0;964,9;964,9;964,6;692,8;21,7;20,2;22,6;21,6;21,1;20,1;93;90;91;105;2,8;1,3;
2023/03/20;1200 UTC;0;965,1;965,1;964,9;1179,2;24,2;20,9;24,2;21,6;21,4;20,1;92;81;81;165;2,8;,9;
2023/03/20;1300 UTC;0;965;965,1;965;2422,2;26,6;20,1;26,7;24;21,6;20,1;82;68;68;262;2,8;1,2;
2023/03/20;1400 UTC;0;964,6;965;964,6;3130,2;28,9;19,6;28,9;26,4;20,6;18,8;69;57;57;321;3,6;1,4;
2023/03/20;1500 UTC;0;963,7;964,6;963,7;2860;30;20,5;30;28,4;20,5;18,3;60;53;57;305;3,6;1;
2023/03/20;1600 UTC;0;962,7;963,7;962,7;3049,3;30,6;19,6;31,3;30;20,5;18;57;46;52;303;3,5;1,7;
2023/03/20;1700 UTC;0;961,9;962,7;961,9;1003,6;28,5;20,9;31,2;28,4;21,2;18,5;64;49;63;13;3,8;2,1;
2023/03/20;1800 UTC;0;961;961,9;961;1982,6;30,6;20,3;30,7;28,4;22,3;20,2;67;54;54;5;6,1;4;
2023/03/20;1900 UTC;0;961,1;961,1;960,8;1959,6;30,4;19,4;31,7;30,4;21;18,1;57;45;52;12;6,1;3,2;
2023/03/20;2000 UTC;0;961,3;961,4;960,8;980,2;28,6;19,3;30,7;28,6;19,7;18,1;57;49;57;4;4,6;2;
2023/03/20;2100 UTC;0;962,6;962,6;961,1;67,7;24,4;17,4;28,6;24,4;19,7;17,4;67;56;65;264;14,3;6,9;
2023/03/20;2200 UTC;1,2;964,2;964,2;962,6;;20,8;15,9;24,5;20,8;17,7;15,1;73;60;73;22;13,4;2,3;
2023/03/20;2300 UTC;1,2;964,9;965,4;964,2;;20,8;17,6;21,1;20,6;17,9;16,1;84;74;82;226;5,7;,3;
2023/03/21;0000 UTC;,2;964,9;965;964,6;;20,8;18,7;21,3;20,5;18,9;17,5;88;80;88;263;5,2;3,3;
2023/03/21;0100 UTC;0;965,4;965,4;964,8;;20,4;18,1;21,2;20,4;18,8;18;89;84;87;45;5,8;2,4;
2023/03/21;0200 UTC;0;966;966;965,4;;20,6;18,6;20,7;20,2;18,9;18,1;90;87;88;245;3,5;2,1;
2023/03/21;0300 UTC;0;965,7;966;965,7;;20,9;18,6;21,1;20,5;18,8;18,4;88;86;87;88;3;1,6;
2023/03/21;0400 UTC;0;965,1;965,7;965,1;;20,2;18,5;21;20,1;18,8;18,4;90;86;90;8;3;2,1;
2023/03/21;0500 UTC;0;964,4;965,1;964,4;;20,1;18,1;20,4;20,1;18,6;18;90;88;88;45;3;,4;
2023/03/21;0600 UTC;0;963,9;964,4;963,9;;19,8;18,3;20,1;19,6;18,6;17,8;91;88;91;203;1,7;,6;
2023/03/21;0700 UTC;0;963,9;963,9;963,7;;19;17,7;19,8;19;18,4;17,7;93;90;93;303;2,8;2;
2023/03/21;0800 UTC;0;964,2;964,2;963,9;;18,6;17,4;19;18,6;17,8;17,4;93;93;93;344;2,9;1,4;
2023/03/21;0900 UTC;0;964,7;964,8;964,2;0;18,4;17,2;18,8;18,4;17,6;17,2;93;92;93;323;1,8;1;
2023/03/21;1000 UTC;0;965,3;965,4;964,7;185,1;19,1;18;19,1;18,4;18;17,2;93;93;93;313;1,6;,9;
2023/03/21;1100 UTC;0;965,7;965,7;965,3;1015,3;21,8;18,9;21,9;19,2;19,8;18;93;84;84;329;2;,9;
2023/03/21;1200 UTC;0;966,1;966,1;965,7;1701,9;24;18,3;24;21,7;19,3;18;85;70;70;228;3,5;2;
2023/03/21;1300 UTC;0;966;966,1;966;2311,9;26,4;18,5;26,4;24;19,1;17,4;72;59;62;5;3,5;1,1;
2023/03/21;1400 UTC;0;965,5;966;965,5;3013,5;28,4;18;28,5;26,4;19,6;16,7;63;50;53;237;4,2;2,3;
2023/03/21;1500 UTC;0;965;965,5;965;3364;29,7;17,7;29,7;28,4;18,6;16,5;54;47;49;278;4,2;1,3;
2023/03/21;1600 UTC;0;963,8;965;963,8;3422,3;30,7;17,2;31,2;29,7;18,7;16,3;51;43;44;255;3,8;1,8;
2023/03/21;1700 UTC;0;963,1;963,8;963,1;3216;31,7;17,5;32;30,7;18,3;16,4;47;40;43;90;5,3;2,4;
2023/03/21;1800 UTC;0;963,5;963,5;962,8;1097,5;28;17,5;32,1;28;18;15,8;53;40;53;156;8,7;3,5;
2023/03/21;1900 UTC;0;963,6;963,6;962,8;794,4;27,4;18,8;27,9;26,3;19;17,6;62;53;60;324;8,7;2,4;
2023/03/21;2000 UTC;0;964;964;963,5;1180,1;28,2;19,1;28,7;27,4;19,8;18,1;59;56;58;103;5,6;3,4;
2023/03/21;2100 UTC;0;964,6;964,6;964;100,4;24,5;18,8;28,2;24,5;19,4;18,8;72;58;71;77;8,2;3;
2023/03/21;2200 UTC;0;964,9;964,9;964,5;1,2;23,7;17,4;24,5;23,7;18,6;17,3;70;66;68;99;5,7;2,7;
2023/03/21;2300 UTC;0;965,8;965,8;964,8;;22,9;17,7;23,8;22,1;18;17,3;77;67;73;72;4,4;1,7;
2023/03/22;0000 UTC;0;966,8;966,8;965,8;;22,6;18,2;22,8;21,9;18,2;17,7;78;73;76;90;4,3;2;
2023/03/22;0100 UTC;0;967,2;967,2;966,8;;22,6;19,1;22,7;22,5;19,1;18,3;81;76;81;108;4,6;2,1;
2023/03/22;0200 UTC;0;967,3;967,4;967,1;;22,2;19,5;22,6;21,6;19,5;18,4;85;81;85;105;4;1,9;
2023/03/22;0300 UTC;0;967,3;967,4;967,2;;21,2;19,2;22,3;21,1;19,6;19;88;85;88;67;3,3;1,4;
2023/03/22;0400 UTC;0;967,2;967,3;967,2;;20,3;18,8;21,2;20,3;19,5;18,8;91;88;91;298;2,3;,6;
2023/03/22;0500 UTC;0;967,2;967,2;967,1;;19,8;18,5;20,7;19,7;19,2;18,4;92;91;92;317;2,1;1,4;
2023/03/22;0600 UTC;0;967,2;967,3;967,2;;20,6;19,4;20,6;19,6;19,4;18,3;93;92;93;16;2,9;1,4;
2023/03/22;0700 UTC;0;967,4;967,4;967,1;;20,9;19,5;21,1;20,6;19,9;19,3;93;92;92;112;2,7;1,3;
2023/03/22;0800 UTC;0;967,4;967,4;967,3;;21;19,6;21;20,9;19,6;19,4;92;91;92;118;2,5;1,1;
2023/03/22;0900 UTC;0;967,5;967,5;967,4;;20,3;19,1;21;20,3;19,6;19;93;91;93;341;2,5;1,1;
2023/03/22;1000 UTC;0;967,7;967,7;967,3;116,6;21,5;20,1;21,5;20,3;20,1;19,1;93;92;92;126;2,2;,9;
2023/03/22;1100 UTC;0;968,2;968,2;967,7;698,1;22,4;19,4;22,5;21,4;20,3;19,3;92;83;83;87;2,7;1,5;
2023/03/22;1200 UTC;0;968,5;968,6;968,2;1387,4;24,3;19,1;24,5;22,4;19,9;18,6;83;71;73;81;4,3;1,9;
2023/03/22;1300 UTC;0;968,5;968,8;968,5;2369,6;25,7;18,5;25,8;24;19,5;18;73;65;65;87;4;2,1;
2023/03/22;1400 UTC;0;968,2;968,6;968,2;3091,1;27,2;18,7;27,3;25,3;19,7;18,3;67;60;60;57;4,4;1,7;
2023/03/22;1500 UTC;0;967,5;968,2;967,5;3347,1;28,2;18,1;28,9;26,7;19,6;17;64;51;54;124;5;1,9;
2023/03/22;1600 UTC;0;966,6;967,5;966,6;3416,1;29,5;17,8;29,9;28,1;19,2;17,5;56;49;49;88;5,9;1,6;
2023/03/22;1700 UTC;0;965,6;966,6;965,6;3039,1;30,6;18,4;30,6;29;19,1;16,9;53;45;48;48;5,6;1,9;
2023/03/22;1800 UTC;0;965,1;965,6;965,1;2689,4;30,8;17,7;31;30;18,8;16,5;49;43;46;47;6,3;1,9;
2023/03/22;1900 UTC;0;964,9;965,1;964,8;2014,7;31;18;31,5;30,3;18,6;16,5;47;42;46;69;5,7;1,8;
2023/03/22;2000 UTC;0;965;965;964,8;665,9;29,5;18,4;31,4;29,5;18,4;17,3;51;44;51;96;4,9;2,3;
2023/03/22;2100 UTC;0;965,2;965,2;965;173,6;27,6;19,6;29,5;27,6;19,6;18,5;62;51;62;102;6,8;3,6;
2023/03/22;2200 UTC;0;966,2;966,2;965,2;;25,4;19,7;27,6;25,4;20,3;19,6;71;62;71;89;8,7;4,4;
2023/03/22;2300 UTC;0;967,6;967,6;966,2;;24,2;19,7;25,4;24,2;19,8;19,5;76;71;76;50;7,8;2,4;
2023/03/23;0000 UTC;0;968,3;968,3;967,6;;23,3;18,9;24,2;23,3;19,7;18,9;77;74;77;67;5,8;2,6;
2023/03/23;0100 UTC;0;969;969;968,3;;22,7;19,1;23,3;22,7;19,2;18,7;81;77;81;49;5,2;2,8;
2023/03/23;0200 UTC;0;969,1;969,2;969;;22,8;19,1;22,8;22,5;19,3;19,1;81;80;80;52;4,3;2,5;
2023/03/23;0300 UTC;0;969,2;969,2;969;;22,4;18,6;22,8;22,4;19,1;18,6;80;78;79;94;4,6;1,8;
2023/03/23;0400 UTC;0;969,1;969,3;969,1;;21,9;18,4;22,5;21,9;18,7;18,3;80;78;80;93;3,3;1,2;
2023/03/23;0500 UTC;0;968,7;969,1;968,7;;21,3;18,2;21,9;21,3;18,4;18,1;82;80;82;91;2,3;1,7;
2023/03/23;0600 UTC;0;968,4;968,8;968,4;;20,8;18,5;21,3;20,8;18,5;18,2;86;82;86;111;2,3;1,3;
2023/03/23;0700 UTC;0;968,1;968,4;968;;20;18,3;20,8;19,8;18,5;17,8;90;86;90;71;2,2;,8;
2023/03/23;0800 UTC;0;968,2;968,2;968;;19,6;18,1;20;19,5;18,3;18;91;90;91;98;2,4;1,7;
2023/03/23;0900 UTC;0;968,4;968,4;968,1;;18,3;16,9;19,7;18,3;18,2;16,9;92;90;92;338;3,1;1;
2023/03/23;1000 UTC;0;968,9;968,9;968,4;180,7;18,9;17,6;18,9;18,2;17,6;16,9;93;92;93;321;1,7;1;
2023/03/23;1100 UTC;0;968,8;969;968,8;913,7;22,5;19,2;22,5;18,9;19,5;17,7;93;81;82;69;1,8;,7;
2023/03/23;1200 UTC;0;968,9;969;968,8;1549,2;23,7;18,8;23,8;22,2;19,4;18,2;82;72;74;100;3,1;1,4;
2023/03/23;1300 UTC;0;968,8;969;968,7;2222,7;25,7;18,3;25,7;23,5;19,2;17,6;75;63;64;110;3,4;1,3;
2023/03/23;1400 UTC;0;968,5;968,9;968,5;2714,6;27,3;16,5;27,8;25,7;19;16,3;65;51;52;108;5,4;2;
2023/03/23;1500 UTC;0;967,7;968,5;967,7;3437,8;28,1;16,9;28,7;26,8;18,4;16,1;57;50;50;105;4,9;2,2;
2023/03/23;1600 UTC;0;966,7;967,7;966,7;3423,6;29,9;17,1;30,1;28,1;18,6;16,9;53;46;46;117;6,1;1,6;
2023/03/23;1700 UTC;0;965,7;966,7;965,7;3141;30,8;15,9;31;29,6;18,6;15,9;49;41;41;80;6,4;2,5;
2023/03/23;1800 UTC;0;965;965,7;965;2682,6;30,5;15,5;31,4;30,2;18,1;15,5;47;40;40;120;6,4;3,2;
2023/03/23;1900 UTC;0;964,9;965,1;964,9;1752,7;30,5;15,3;31,2;29,9;17,4;14,6;46;38;40;122;7,3;3,5;
2023/03/23;2000 UTC;0;965;965;964,8;888,5;28,8;17,7;30,5;28,8;17,7;14,9;51;40;51;120;8;5,1;
2023/03/23;2100 UTC;0;965,3;965,3;965;103,9;27,3;18;28,8;27,3;18,1;17,6;57;51;57;112;7,7;3,7;
2023/03/23;2200 UTC;0;965,7;965,7;965,3;;25,6;18,3;27,3;25,5;18,4;17,9;64;57;64;90;5,5;3,2;
2023/03/23;2300 UTC;0;966,4;966,4;965,7;;24,2;18,5;25,6;23,4;18,7;18,1;74;63;71;69;5,4;2;
2023/03/24;0000 UTC;0;967;967;966,4;;23,5;18,8;24,3;23,5;18,8;18,5;75;70;75;54;4;2,6;
2023/03/24;0100 UTC;0;967,4;967,4;967;;22,9;18,9;23,6;22,7;19;18,8;79;75;78;59;4,4;1,5;
2023/03/24;0200 UTC;0;967,7;967,7;967,4;;22,1;19;22,9;21,9;19;18,7;83;78;83;40;3,3;1,3;
2023/03/24;0300 UTC;0;967,6;967,8;967,6;;21,8;18,7;22,3;21,8;19,1;18,7;83;82;82;56;2,8;1,5;
2023/03/24;0400 UTC;0;967,3;967,6;967,3;;21,2;18,6;21,8;21,2;18,8;18,5;85;82;85;65;3;1,4;
2023/03/24;0500 UTC;0;966,7;967,3;966,7;;20,6;18,6;21,2;20,5;18,8;18,3;88;85;88;98;2,4;1,3;
2023/03/24;0600 UTC;0;966,3;966,7;966,3;;20,6;19;20,7;20,4;19;18,5;90;88;90;113;2,1;,9;
2023/03/24;0700 UTC;0;966;966,3;966;;20,3;18,9;20,7;20,2;19,1;18,7;92;90;92;19;2,4;,8;
2023/03/24;0800 UTC;0;966,2;966,2;965,9;;21;19,5;21;20,3;19,5;18,9;92;91;91;100;1,8;,8;
2023/03/24;0900 UTC;0;966,1;966,3;966,1;;21;18,8;21;20,9;19,5;18,8;91;87;87;98;2,8;1,2;
2023/03/24;1000 UTC;0;966,5;966,5;966,1;60,9;21,4;19,1;21,4;20,9;19,1;18,8;88;86;87;78;2,3;,9;
2023/03/24;1100 UTC;0;966,7;966,7;966,5;391,5;21,6;19,3;21,8;21,2;19,7;19;89;86;86;78;2,4;1,2;
2023/03/24;1200 UTC;0;966,8;966,9;966,7;666,8;22,2;18,4;22,4;21,6;19,5;18,4;87;79;79;68;3;1,5;
2023/03/24;1300 UTC;0;966,6;966,9;966,6;2032,3;24,5;18,1;25;22,2;19,3;17,9;80;66;68;11;3;1,1;
2023/03/24;1400 UTC;0;966,2;966,7;966,2;3002,6;26,6;19,3;26,7;24,4;19,8;18,1;70;63;64;239;3,4;1,2;
2023/03/24;1500 UTC;0;965,4;966,2;965,4;3312,2;28,6;18,9;28,7;26,4;19,7;17,8;65;54;56;102;4,1;1,3;
2023/03/24;1600 UTC;0;964,3;965,5;964,3;3347;29,6;17,7;29,9;27,9;19,1;17,7;57;48;49;82;4,3;1,6;
2023/03/24;1700 UTC;0;963,4;964,3;963,4;3147;30,5;16,9;30,8;29,1;18,7;16,6;50;43;44;49;3,7;1,5;
2023/03/24;1800 UTC;0;962,8;963,4;962,8;2521,3;31,7;17,8;31,7;30,4;18,2;16,3;47;41;44;73;4,6;1,8;
2023/03/24;1900 UTC;0;962,8;962,8;962,7;1856,9;32,5;16,6;32,5;31,2;18,4;16,3;45;38;39;353;3,9;1,3;
2023/03/24;2000 UTC;0;962,9;962,9;962,6;1276;30,9;17,4;32,9;30,9;17,7;16,1;44;37;44;12;3,4;1,8;
2023/03/24;2100 UTC;0;962,9;963;962,7;230;28;18,8;30,9;28;19,7;17,6;59;45;58;338;3,4;1;
2023/03/24;2200 UTC;0;963,2;963,2;962,9;;27,2;18;28;26,6;19;17,9;61;57;57;56;3,2;1,7;
2023/03/24;2300 UTC;0;963,8;963,8;963,2;;24,6;19,2;27,2;24,6;19,2;18;72;57;72;355;3,5;1,6;
2023/03/25;0000 UTC;0;964,7;964,7;963,8;;24,2;18,5;24,9;24,2;19,3;18,4;74;68;71;357;3,3;1,2;
2023/03/25;0100 UTC;0;964,6;964,7;964,6;;24;18,7;24,9;23,8;18,7;18,2;72;68;72;118;2,3;1,6;
2023/03/25;0200 UTC;0;964,6;964,7;964,6;;23,5;19,2;24,3;23,5;19,4;18,7;77;71;77;85;2,9;1,9;
2023/03/25;0300 UTC;0;964,4;964,7;964,4;;22,4;18,6;23,5;21,9;19,4;18,5;82;77;79;41;3,4;1;
2023/03/25;0400 UTC;0;964,5;964,6;964,4;;22,1;18,8;22,6;22,1;18,8;18,4;81;78;81;162;2;,9;
2023/03/25;0500 UTC;0;964,4;964,6;964,3;;20,6;18,3;22,2;20,5;19,2;18;87;82;87;318;2,8;1,4;
2023/03/25;0600 UTC;0;964,1;964,4;964,1;;20,7;18,7;20,9;20,3;19,1;18,2;90;87;88;327;2,1;1;
2023/03/25;0700 UTC;0;964,2;964,3;964;;20,2;18,3;21;20,2;18,9;18,3;89;87;89;319;1,7;,8;
2023/03/25;0800 UTC;0;964,3;964,4;964,2;;19,8;18,1;20,5;19,8;18,9;18,1;91;89;90;338;2,2;1;
2023/03/25;0900 UTC;0;964,6;964,6;964,3;;20;18,4;20,2;19,7;18,6;18,1;91;90;90;175;2,2;,7;
2023/03/25;1000 UTC;0;965,2;965,2;964,6;146,2;19,8;18,4;20;19,3;18,4;17,7;92;90;92;351;2,1;1,6;
2023/03/25;1100 UTC;0;965,8;965,8;965,2;925,2;23,3;19,3;23,4;19,8;19,8;18,5;92;79;79;161;2,1;,5;
2023/03/25;1200 UTC;0;966;966;965,8;1460,5;25,6;18,6;25,6;23,3;19,8;18,3;79;65;65;263;4;2,2;
2023/03/25;1300 UTC;0;965,9;966,2;965,9;2482,5;27,8;18,4;27,8;25,6;19,3;17,5;66;54;57;247;4,3;1,8;
2023/03/25;1400 UTC;0;965,3;965,9;965,3;2942;29,3;16,5;29,5;27,6;18,3;16,2;56;46;46;273;3,9;1,3;
2023/03/25;1500 UTC;0;964,4;965,3;964,4;3294,7;30,6;17,4;31;29,1;18,2;16,3;49;44;45;291;4,6;2,3;
2023/03/25;1600 UTC;0;963,6;964,4;963,6;3308,4;31,6;16,2;32,1;30,4;18,3;15,8;47;39;40;300;4,1;2,2;
2023/03/25;1700 UTC;0;962,9;963,6;962,9;3019,6;32;16,5;32,7;31;17,4;15,5;43;37;40;125;4,8;2,4;
2023/03/25;1800 UTC;0;962,4;962,9;962,4;2433,1;32,5;16,8;32,7;31,7;17,5;15,7;42;38;39;76;5,5;1,8;
2023/03/25;1900 UTC;0;962,7;962,7;962,4;734,1;30;19,7;32,6;30;19,7;15,3;54;37;54;108;8,5;4,7;
2023/03/25;2000 UTC;,8;964;964;962,6;283,9;22,8;19,2;30,1;22,8;20,3;17,9;80;54;80;358;16,9;7,9;
2023/03/25;2100 UTC;7,4;963,8;964,2;963,4;85,9;22,6;19,4;24;22,5;20,9;19,1;86;79;82;101;16,9;2,9;
2023/03/25;2200 UTC;0;964,6;964,6;963,8;,8;22,3;18,4;22,6;21,8;19,4;18,4;83;78;78;39;4,9;2,9;
2023/03/25;2300 UTC;0;965;965;964,6;;22,2;18,8;22,3;21,9;18,8;18;81;77;81;51;4,9;1,7;
2023/03/26;0000 UTC;0;966;966;965;;22,3;19,4;22,3;21,7;19,5;18,8;85;81;84;46;3,2;1,1;
2023/03/26;0100 UTC;0;966,1;966,4;966;;22,3;19,6;22,3;21,9;19,7;19,3;86;84;85;49;4;2,5;
2023/03/26;0200 UTC;0;966,1;966,1;966;;21,9;19,4;22,3;21,6;19,6;19,2;86;84;86;37;4;1,9;
2023/03/26;0300 UTC;0;965,7;966,1;965,7;;21;19,1;22;20,8;19,5;18,7;89;85;89;246;2,7;,6;
2023/03/26;0400 UTC;0;965,1;965,7;965,1;;21,2;19,5;21,3;20,6;19,7;18,9;91;89;90;47;1,7;,9;
2023/03/26;0500 UTC;0;964,6;965,1;964,6;;20,1;18,6;21,2;20,1;19,6;18,6;91;89;91;43;1,5;,8;
2023/03/26;0600 UTC;0;964,3;964,7;964,2;;19,7;18,4;20,1;19,7;18,7;18,4;93;91;93;336;1,6;,9;
2023/03/26;0700 UTC;0;964,1;964,2;964,1;;20,2;18,9;20,2;19,7;19;18,4;93;92;93;70;1,3;,6;
2023/03/26;0800 UTC;0;964,3;964,4;964,1;;19,9;18,7;20,2;19,4;18,9;18,2;93;92;93;82;1,3;1;
2023/03/26;0900 UTC;0;965;965;964,3;;19,8;18,6;19,9;19,4;18,7;18,2;93;93;93;71;1,9;,3;
2023/03/26;1000 UTC;,2;965,4;965,4;965;93;20,2;19,1;20,3;19,7;19,1;18,5;93;93;93;47;1,7;,9;
2023/03/26;1100 UTC;0;965,9;965,9;965,4;333,1;20,7;19,6;20,7;20,1;19,6;19;94;93;94;22;1,8;,7;
2023/03/26;1200 UTC;0;966;966,1;965,9;575,8;21,5;20,4;21,5;20,5;20,4;19,4;94;93;93;56;2,1;,9;
2023/03/26;1300 UTC;0;965,6;966,1;965,6;1628,9;24,3;20,8;24,4;21,5;21,9;20,2;93;81;81;54;2,9;1,2;
2023/03/26;1400 UTC;,2;964,6;965,7;964,6;2926;26,5;19,8;26,8;23,8;21,6;19,7;82;66;66;4;2,9;,9;
2023/03/26;1500 UTC;0;963,4;964,6;963,4;3275;29,4;19,7;29,6;26,6;21,1;19,4;68;56;56;290;2,8;,8;
2023/03/26;1600 UTC;0;962,6;963,4;962,6;3275,8;30,4;19;30,9;29;20,8;18,6;58;49;51;51;3,8;1,9;
2023/03/26;1700 UTC;0;962;962,6;962;3026;31,6;19,9;32;30,3;21,2;18,3;54;48;50;176;3,6;1,8;
2023/03/26;1800 UTC;0;961,7;962;961,7;2256,5;31,9;19,5;33,1;31,5;21,3;19;53;46;48;322;4,6;1,3;
2023/03/26;1900 UTC;0;961,4;961,7;961,4;1761,4;33;18,5;33,4;31,7;20,5;17,7;51;41;42;353;3,2;2;
2023/03/26;2000 UTC;0;961,5;961,5;961,3;1022,8;31,5;20,7;33,2;31,5;21,2;18,1;54;41;53;30;3,8;2,4;
2023/03/26;2100 UTC;0;961,6;961,6;961,4;148,2;29,6;20,9;31,5;29,4;21,1;20,6;61;53;60;42;3,8;1,4;
2023/03/26;2200 UTC;0;961,9;961,9;961,6;;28,2;20,1;29,6;28,1;21,6;20,1;66;60;62;97;5,7;2,7;
2023/03/26;2300 UTC;0;962,3;962,3;961,9;;26,6;19;28,2;26,6;20,1;18,8;63;60;63;53;5,7;3;
2023/03/27;0000 UTC;0;963,2;963,2;962,3;;25,5;19,6;26,6;25,5;19,6;19;70;63;70;80;4,6;2;
2023/03/27;0100 UTC;6,4;964,9;965,3;963,2;0;20,8;18,3;25,7;20,7;20,4;16;85;59;85;263;14,4;4,2;
2023/03/27;0200 UTC;,2;964,4;965,2;964,4;,9;21,7;18,5;22;20,7;18,8;18,2;86;80;82;127;7,4;,8;
2023/03/27;0300 UTC;0;963,7;964,5;963,7;;20,7;18,9;21,9;20,7;19,2;18,3;89;82;89;319;1,9;1,2;
2023/03/27;0400 UTC;0;963,3;963,8;963,3;;20,9;19,3;21,1;20,7;19,4;19;91;89;91;278;2,7;1,6;
2023/03/27;0500 UTC;0;963,6;964,1;963,3;,8;22;18,6;22;20,9;19,3;18,6;91;81;81;258;7,4;4,9;
2023/03/27;0600 UTC;0;963,7;963,8;963,6;1,8;21,5;18,6;22,1;21,5;18,8;18,4;84;80;84;82;7,4;2,8;
2023/03/27;0700 UTC;0;963,9;964,1;963,7;;21,2;18,9;21,5;20,8;18,9;18,4;87;84;87;103;3,6;,6;
2023/03/27;0800 UTC;0;964,2;964,2;963,8;;20,7;18,8;21,5;20,7;19;18,5;89;85;89;29;3,4;1;
2023/03/27;0900 UTC;0;964,7;964,7;964,1;;21;19,4;21;20,7;19,4;18,8;90;89;90;118;2,2;,5;
2023/03/27;1000 UTC;0;965;965;964,7;74,6;20,4;19,1;21;20,2;19,4;18,7;92;89;92;4;2;,8;
2023/03/27;1100 UTC;0;965,2;965,2;965;802,5;23,3;19,9;23,3;20,4;20,5;19,1;93;81;81;56;2,1;,7;
2023/03/27;1200 UTC;0;965,2;965,3;965,1;1482,6;24,6;20;24,6;22,9;20;19,2;81;74;76;235;2,8;1,4;
2023/03/27;1300 UTC;0;965,1;965,3;965,1;2419,9;27,2;20,4;27,2;24,6;20,9;19,4;76;66;66;296;3;,9;
2023/03/27;1400 UTC;0;964,9;965,1;964,9;2354,5;28,6;19,9;28,7;26,5;20,9;19,4;68;60;60;126;3,2;1,3;
2023/03/27;1500 UTC;0;964,4;964,9;964,4;1358,4;27;19,9;28,5;27;20,8;19,5;66;59;65;117;6;3,4;
2023/03/27;1600 UTC;0;964;964,4;964;1373,7;27,7;19,9;28,6;27;21,2;19,3;67;61;63;67;6;2,2;
2023/03/27;1700 UTC;6,4;963,7;964;963,7;361,4;24,1;21,6;27,7;23,9;21,6;19,5;86;62;86;107;6,7;4,3;
2023/03/27;1800 UTC;0;963,6;963,7;963,3;530;24,9;21,5;25,1;24,1;21,8;21,3;86;80;81;93;7,4;3,4;
2023/03/27;1900 UTC;5,6;964;964,1;963,5;122,5;22,6;20,5;24,9;22,6;21,5;20,2;88;78;88;340;8,1;1,9;
2023/03/27;2000 UTC;6,6;964,5;964,7;964;241,5;22,9;20,9;23,1;22,6;21,4;20,5;90;88;88;38;3,4;1,4;
2023/03/27;2100 UTC;,4;964,8;965,1;964,5;37,8;22,6;20,4;22,9;22,5;21;20,4;89;87;88;45;3,7;2,1;
2023/03/27;2200 UTC;3,6;965,7;965,7;964,8;;22,1;20,2;22,6;22,1;20,4;20,2;89;88;89;51;3,8;1,8;
2023/03/27;2300 UTC;,6;966,3;966,3;965,6;;21,8;19,9;22,2;21,8;20,2;19,9;90;89;89;67;5,2;2,9;
2023/03/28;0000 UTC;,2;966,7;966,7;966,3;;21,4;19,4;21,8;21,4;19,9;19,4;89;88;88;52;5,2;2,6;
2023/03/28;0100 UTC;0;967,3;967,3;966,7;;21,5;19,5;21,5;21,3;19,6;19,4;89;88;88;46;4,8;1,8;
2023/03/28;0200 UTC;0;967,4;967,4;967,3;2;21,3;19;21,6;21,3;19,5;19;88;86;87;58;4,5;2,4;
2023/03/28;0300 UTC;0;967,3;967,4;967,2;1,3;20,9;18,9;21,3;20,9;19;18,8;89;86;89;327;5,4;,9;
2023/03/28;0400 UTC;0;966,6;967,3;966,6;;21,1;18,8;21,1;20,8;19;18,7;89;87;87;84;2,4;,6;
2023/03/28;0500 UTC;0;966,2;966,6;966,2;,1;21,1;18,9;21,2;21;19;18,7;88;86;88;94;2,3;1,5;
2023/03/28;0600 UTC;0;966;966,2;966;,1;21;19,2;21,1;20,9;19,2;18,9;90;87;90;91;2,8;1,3;
2023/03/28;0700 UTC;0;966;966;965,8;;20,9;19,3;21;20,8;19,4;19,2;91;90;91;92;3,2;1,7;
2023/03/28;0800 UTC;0;966,2;966,2;966;;20,7;18,9;20,9;20,6;19,3;18,7;91;89;89;66;3,3;1;
2023/03/28;0900 UTC;0;966,5;966,5;966,1;;20,6;18,5;20,7;20,6;18,8;18,5;89;88;88;58;2,7;1,5;
2023/03/28;1000 UTC;0;966,8;966,8;966,4;81,6;20,7;18,4;20,7;20,5;18,5;18,3;88;87;87;94;3,4;1,8;
2023/03/28;1100 UTC;0;967,2;967,2;966,8;398,6;21,7;18,9;21,7;20,7;19;18,3;87;84;84;93;3,1;1,4;
2023/03/28;1200 UTC;0;967,3;967,4;967,2;883,7;23,1;18,4;23,4;21,7;19,4;18,3;85;74;75;97;4;2,1;
2023/03/28;1300 UTC;0;967,2;967,4;967,2;1606,7;24,2;18,1;24,5;23,1;18,8;17,6;76;67;69;82;5,3;2,6;
2023/03/28;1400 UTC;,2;966,6;967,2;966,6;1980,8;24,6;18,2;25;24;18,9;17,7;71;66;67;109;6,6;3,2;
2023/03/28;1500 UTC;0;965,9;966,6;965,9;1217,1;25,6;18,4;25,6;24,5;18,8;17,9;69;64;64;111;6;2,2;
2023/03/28;1600 UTC;0;965,3;965,9;965,3;1124,7;26,2;18,4;26,2;25,4;19,1;17,9;67;62;62;114;4,9;1,6;
2023/03/28;1700 UTC;0;964,8;965,3;964,8;788,7;25,5;19,4;26,3;25,4;19,4;17,9;69;61;69;322;3,2;1,8;
2023/03/28;1800 UTC;0;964,4;964,8;964,4;986,9;25,7;19,4;25,9;25,3;20;19,1;72;67;68;349;3,8;2,2;
2023/03/28;1900 UTC;0;964,2;964,4;964,1;867;25;19,6;26,1;25;20,2;19,3;72;67;72;347;3,6;1,9;
2023/03/28;2000 UTC;0;964,3;964,3;964,1;194,2;24,9;19,8;25,1;24,8;20;19,5;74;72;73;33;3,4;1,2;
2023/03/28;2100 UTC;0;964,7;964,7;964,3;31,6;24,4;19,4;24,9;24,4;20,1;19,4;76;73;74;101;5,6;3,2;
2023/03/28;2200 UTC;0;965,4;965,4;964,6;;23,3;18,9;24,4;23,3;19,5;18,9;78;74;76;97;8;4,4;
2023/03/28;2300 UTC;0;966,7;966,7;965,4;;22,9;18,8;23,3;22,9;18,9;18,8;78;76;78;61;7,9;2;
2023/03/29;0000 UTC;0;966,8;967;966,8;;22,3;19,2;22,9;22,3;19,2;18,8;83;78;83;54;3,5;1,4;
2023/03/29;0100 UTC;,2;966,9;966,9;966,7;;21,7;19,2;22,3;21,7;19,2;18,8;86;81;86;358;4;1,3;
2023/03/29;0200 UTC;0;966,5;966,9;966,4;;21,7;19,4;21,7;21,5;19,5;19,1;88;86;86;59;2,8;1,3;
2023/03/29;0300 UTC;0;966,4;966,6;966,3;0;21,7;18,9;21,8;21,6;19,4;18,9;86;84;84;54;3,9;1,1;
2023/03/29;0400 UTC;0;965,7;966,5;965,7;,7;21,7;18,9;21,7;21,3;19,1;18,9;86;84;84;93;3,4;1,2;
2023/03/29;0500 UTC;0;965,5;965,8;965,5;;21;19,1;21,7;21;19,2;18,8;89;84;89;343;2,6;,9;
2023/03/29;0600 UTC;0;965,2;965,5;965,2;;21,2;19,6;21,3;21;19,6;19,1;90;89;90;356;1,7;,5;
2023/03/29;0700 UTC;0;965;965,3;965;;21,2;19,7;21,3;21,1;19,7;19,5;91;90;91;338;1;,4;
2023/03/29;0800 UTC;0;964,6;965;964,6;;21,4;19,8;21,4;21,2;19,8;19,5;91;90;90;59;1,2;,6;
2023/03/29;0900 UTC;0;964,7;964,8;964,6;;21,3;19,7;21,4;21,2;19,8;19,6;91;90;91;42;1,8;,9;
2023/03/29;1000 UTC;0;965,2;965,2;964,7;35,6;21,6;20;21,6;21,1;20;19,6;92;91;91;105;2,2;1;
2023/03/29;1100 UTC;0;966,3;966,3;965,2;166,8;21,7;19,9;21,8;21,6;20,1;19,6;91;88;90;278;2,2;1,6;
2023/03/29;1200 UTC;0;966,7;966,8;966,3;317,9;22,4;19,8;22,5;21,6;20,2;19,8;90;85;85;313;2,2;1,2;
2023/03/29;1300 UTC;0;966,4;966,7;966,4;826,4;24,2;19,4;24,2;22,4;20,1;19,2;86;74;75;252;2,6;,4;
2023/03/29;1400 UTC;0;966,1;966,5;966,1;1353,1;25;19,1;25,7;24;20,3;18,9;76;70;70;310;2,7;1,4;
2023/03/29;1500 UTC;0;965,5;966,1;965,5;2061,9;27,1;20,6;27,1;24,7;20,7;19;73;66;68;308;4,8;2,3;
2023/03/29;1600 UTC;0;965,3;965,6;965,3;813,2;24,8;20,9;27,4;24,8;21,1;19;79;65;79;310;4,8;1,9;
2023/03/29;1700 UTC;8;964,8;965,3;964,8;401,6;22,7;20,8;24,8;22,7;21;20,1;89;77;89;297;4;1,2;
2023/03/29;1800 UTC;2,2;964,1;964,8;964,1;684,6;24,9;21,5;24,9;22,6;21,9;20,7;91;82;82;59;2,2;,8;
2023/03/29;1900 UTC;0;964,1;964,1;963,9;683;24,6;21,5;25,7;24,6;21,7;20,5;83;75;83;349;2,4;1,6;
2023/03/29;2000 UTC;0;964,2;964,2;963,9;284,8;24,8;21,7;24,9;24,6;21,9;21,5;84;82;83;113;2,4;1,1;
2023/03/29;2100 UTC;0;964,4;964,4;964,1;73,5;24,1;21,8;24,8;24,1;22;21,6;87;83;87;134;2,1;,6;
2023/03/29;2200 UTC;,2;964,4;964,6;964,4;;23,5;21,9;24,1;23,5;22,1;21,8;91;87;91;101;3,9;2,5;
2023/03/29;2300 UTC;,2;965,2;965,2;964,4;;22,8;21,2;23,5;22,8;22;21,2;91;90;91;82;4,3;3;
2023/03/30;0000 UTC;0;965,2;965,7;965,1;;22,6;20,6;22,8;22,5;21,2;20,6;91;89;89;131;4,3;3;
2023/03/30;0100 UTC;0;965,1;965,4;965;;21,7;20,2;22,6;21,7;20,6;20;91;87;91;302;4,8;,9;
2023/03/30;0200 UTC;0;965,5;965,5;965,1;;21,9;20,4;21,9;21,5;20,5;20,1;92;91;91;42;3,5;2;
2023/03/30;0300 UTC;0;965,4;965,7;965,4;;21,4;19,9;21,9;21,4;20,4;19,9;91;91;91;8;3,8;1,1;
2023/03/30;0400 UTC;0;965,2;965,4;965,1;;21,5;20,1;21,6;21,3;20,1;19,8;92;91;92;140;3,4;2,1;
2023/03/30;0500 UTC;0;965,1;965,4;965,1;;20,7;19,5;21,5;20,7;20,1;19,4;93;92;93;1;3,1;1;
2023/03/30;0600 UTC;0;964,8;965,3;964,8;;20,5;19,4;20,7;20,5;19,5;19,3;93;93;93;18;2,4;,3;
2023/03/30;0700 UTC;0;965,3;965,3;964,7;;20,2;19,1;20,7;20,2;19,5;19,1;93;93;93;285;1,7;1;
2023/03/30;0800 UTC;0;965,5;965,5;965,3;;20;18,9;20,2;19,9;19;18,8;93;93;93;269;2,5;,8;
2023/03/30;0900 UTC;0;965,5;965,6;965,4;;19,9;18,7;20,4;19,9;19,3;18,7;93;93;93;11;2;1,5;
2023/03/30;1000 UTC;0;966,1;966,1;965,5;152;20,5;19,3;20,5;19,9;19,4;18,7;93;93;93;28;2;,6;
2023/03/30;1100 UTC;0;966,7;966,7;966,1;731,7;22,9;20,6;22,9;20,5;20,8;19,4;93;87;87;119;1,8;,9;
2023/03/30;1200 UTC;0;967;967,1;966,7;1242,1;23,7;19,9;24,7;22,6;21;19,9;87;77;80;304;1,8;,9;
2023/03/30;1300 UTC;0;966,7;967;966,7;2357,7;26,9;20,7;27,1;23,7;21,4;19,7;82;68;69;326;2,2;,8;
2023/03/30;1400 UTC;0;965,8;966,7;965,8;2942,4;27,4;19,3;28,2;26,3;20,9;19;70;60;61;275;3,4;1,6;
2023/03/30;1500 UTC;0;964,7;965,8;964,7;2581,9;28,2;19,1;29,5;27,4;20,5;18,3;63;54;58;315;4;1,4;
2023/03/30;1600 UTC;0;964;964,7;964;3323,4;30,2;18,3;30,2;28,3;20;17,1;59;48;49;126;3,6;1,6;
2023/03/30;1700 UTC;0;963,1;964;963,1;1686;30;18,2;30,3;29,1;19,4;16,8;56;45;49;66;3,8;1,8;
2023/03/30;1800 UTC;0;962,5;963,1;962,5;1699,4;30,1;18,2;31,4;29,5;19,4;17,1;54;45;49;182;3,8;,6;
2023/03/30;1900 UTC;0;961,9;962,5;961,9;583,6;27,2;21,7;30,3;26,9;22,3;18,1;76;48;72;330;3,5;2,1;
2023/03/30;2000 UTC;,2;962,1;962,1;961,7;407,5;26,1;22,2;27,2;25,3;22,3;21,5;83;71;79;43;4,8;1,2;
2023/03/30;2100 UTC;28,2;965,9;966,6;962,1;64,7;20;18,9;26,1;19,8;22,2;17,3;93;69;93;218;22,7;11;
2023/03/30;2200 UTC;16;965,4;966,5;965,4;1,3;19,9;18,9;20,1;19,6;19,1;18,6;94;94;94;44;18;1,1;
2023/03/30;2300 UTC;,4;965;965,4;964,7;;20,4;19,4;20,4;19,9;19,4;18,9;94;94;94;106;3,4;2,1;
2023/03/31;0000 UTC;0;966,2;966,2;965;;20,5;19,6;20,6;20,2;19,6;19,2;94;94;94;126;3,9;,9;
2023/03/31;0100 UTC;0;966,8;967;966,1;;20;19,1;20,5;20;19,6;19;94;94;94;15;2,9;1,9;
2023/03/31;0200 UTC;0;966,5;966,9;966,5;;19,9;18,9;20,1;19,9;19,2;18,9;94;94;94;351;2,9;,5;
2023/03/31;0300 UTC;0;965,9;966,6;965,9;;20,1;19,2;20,2;19,8;19,2;18,8;94;94;94;216;2,1;,6;
2023/03/31;0400 UTC;0;965;965,9;965;;19,2;18,2;20,2;19,1;19,2;18,2;94;94;94;313;2,4;1,2;
2023/03/31;0500 UTC;0;964,3;965;964,3;;18,7;17,8;19,2;18,7;18,3;17,8;94;94;94;309;1,7;1,3;
2023/03/31;0600 UTC;0;963,6;964,3;963,6;;18,7;17,8;19;18,7;18,1;17,8;94;94;94;290;1,5;,7;
2023/03/31;0700 UTC;,2;963;963,6;963;;18,7;17,8;18,8;18,2;17,9;17,3;94;94;94;69;2,4;1,1;
2023/03/31;0800 UTC;0;963,3;963,4;963;;18,2;17,3;19;18,2;18,1;17,3;94;94;94;347;2,8;1,8;
2023/03/31;0900 UTC;0;963,7;963,7;963,3;,2;18,6;17,7;18,7;18,2;17,8;17,3;94;94;94;291;2,8;,9;
2023/03/31;1000 UTC;0;964,4;964,4;963,7;73,5;19,1;18,2;19,2;18,6;18,2;17,7;94;94;94;299;2,1;1,6;
2023/03/31;1100 UTC;0;965;965;964,4;574;20,3;19,4;20,3;19,1;19,4;18,2;94;94;94;259;2,3;,9;
2023/03/31;1200 UTC;0;965,3;965,3;965;1399,7;22,8;20,6;22,8;20,2;21,1;19,3;94;87;87;22;3,6;1,1;
2023/03/31;1300 UTC;0;965,2;965,5;965,2;2382,1;24,9;19,9;24,9;22,5;20,6;19,3;87;72;74;288;2,5;,9;
2023/03/31;1400 UTC;0;964,6;965,2;964,6;2972;27,4;19,7;27,4;24,6;19,7;18,2;74;58;63;261;2,5;,7;
2023/03/31;1500 UTC;0;963,8;964,6;963,8;3079,7;28,9;19;29,3;26,7;20,2;17,9;64;54;55;59;3,4;1,4;
2023/03/31;1600 UTC;,2;962,7;963,8;962,7;3316,3;31,2;18,4;31,2;28,5;19,7;17,2;57;46;47;227;3,4;1,5;
2023/03/31;1700 UTC;0;961,8;962,7;961,8;2050,6;27,8;21,1;31,4;27,8;21,6;16,8;68;43;67;1;4,5;2,5;
2023/03/31;1800 UTC;0;961,1;961,8;961,1;920,4;25,7;19,6;27,8;25,6;21;19,1;71;67;69;351;7,4;2,2;
2023/03/31;1900 UTC;1;961,5;961,5;961,1;376,2;23;19,1;25,7;23;19,6;18,7;80;69;79;7;6;3,4;
2023/03/31;2000 UTC;,8;962;962,1;961,5;239,8;22,9;20,2;23,7;22,5;20,8;19,1;87;79;85;341;5,2;2,1;
2023/03/31;2100 UTC;14,4;964,7;965,1;962;8,5;20,5;19,5;23,1;20,1;20,1;18;94;74;94;264;17,9;,9;
2023/03/31;2200 UTC;,8;964,6;964,8;964,5;;20,3;19,3;20,5;20,3;19,5;19,3;94;94;94;75;3,6;2;
2023/03/31;2300 UTC;0;964,8;964,8;964,4;;20,3;19,4;20,5;20,1;19,5;19,1;94;94;94;81;3,6;,7;
2023/04/01;0000 UTC;0;964,8;964,8;964,6;;20;19;20,3;20;19,4;19;94;94;94;117;2,3;,8;
2023/04/01;0100 UTC;0;964,6;965;964,6;;19,8;18,8;20,1;19,8;19,2;18,8;94;94;94;6;2,3;1,3;
2023/04/01;0200 UTC;0;964,6;964,8;964,5;;20;19;20,1;19,6;19,2;18,7;94;94;94;72;2,2;1,2;
2023/04/01;0300 UTC;,2;963,8;964,6;963,7;;20;19,1;20,1;19,7;19,1;18,7;94;94;94;72;2,1;,7;
2023/04/01;0400 UTC;,2;963,4;963,9;963,4;;19,4;18,4;20,1;19,3;19,1;18,4;94;94;94;339;1,9;,9;
2023/04/01;0500 UTC;0;963;963,5;963;;19,4;18,5;19,5;19,2;18,6;18,3;94;94;94;317;2,2;1,6;
2023/04/01;0600 UTC;0;962,3;963,1;962,3;;19,1;18,2;19,5;19,1;18,5;18,2;94;94;94;352;2,2;,6;
2023/04/01;0700 UTC;0;962,1;962,4;962,1;;19;18;19,3;19;18,4;18;94;94;94;8;1,7;1,3;
2023/04/01;0800 UTC;0;962,1;962,1;962;;18,6;17,7;19,1;18,6;18,2;17,7;94;94;94;345;1,7;1,4;
2023/04/01;0900 UTC;0;962,5;962,5;962,1;;18,9;18;19,1;18,5;18,2;17,6;94;94;94;242;2,1;,4;
2023/04/01;1000 UTC;0;962,9;962,9;962,5;109,3;19,4;18,4;19,4;18,5;18,5;17,6;94;94;94;263;4,5;2,5;
2023/04/01;1100 UTC;0;963,3;963,3;962,9;522,1;20,5;19,3;20,5;19,2;19,3;18,2;94;93;93;313;4,9;1,2;
2023/04/01;1200 UTC;0;963,1;963,4;963,1;1442,9;23,1;19,3;23,1;20,5;19,6;18,5;93;79;80;266;4,8;1,9;
2023/04/01;1300 UTC;0;963;963,2;963;2542,9;24,2;18,5;24,5;22,8;19,9;18,3;81;70;71;316;4,1;1,6;
2023/04/01;1400 UTC;,2;962,3;963;962,3;3046,9;26,1;19,2;26,7;24;20,4;18,3;74;64;66;6;3,3;1,3;
2023/04/01;1500 UTC;0;961,5;962,4;961,5;3277,9;28,2;18,4;28,5;26;20,6;18,3;69;55;56;229;3,7;1,7;
2023/04/01;1600 UTC;0;960,4;961,4;960,4;3137;30,8;17,8;30,8;28,1;20;15,6;59;39;46;265;6,6;2,7;
2023/04/01;1700 UTC;0;959,7;960,4;959,7;3087,5;31,3;15,3;31,4;29,8;17,7;14,5;47;37;38;248;8;2,6;
2023/04/01;1800 UTC;0;959,3;959,7;959,3;2610;31,6;14,3;31,8;30,9;16;13,7;40;34;35;230;7,1;3,4;
2023/04/01;1900 UTC;0;959,4;959,4;959,3;1883,7;31,4;12,8;31,9;31,2;16;11,6;40;30;32;260;7,7;4,5;
2023/04/01;2000 UTC;0;959,7;959,7;959,4;1034,4;30,4;12,8;31,5;30,4;13,3;12,1;35;31;34;257;7,2;3,8;
2023/04/01;2100 UTC;0;960,5;960,5;959,7;264,7;27,7;14,7;30,4;27,7;14,9;12,5;46;33;45;103;6,6;3,3;
2023/04/01;2200 UTC;0;961,5;961,5;960,5;;24,9;17,2;27,7;24,9;17,2;14,6;62;45;62;99;7,9;3,1;
2023/04/01;2300 UTC;0;962,8;962,8;961,5;;23,3;19,2;24,9;23,3;19,3;17,2;78;62;78;49;6,2;3,4;
2023/04/02;0000 UTC;0;963,5;963,5;962,8;;22,7;19,1;23,4;22,7;19,4;19,1;80;78;80;57;6,8;2,8;
2023/04/02;0100 UTC;0;963,6;963,8;963,4;;22,3;18,9;22,8;22,1;19,1;18,9;82;80;81;56;5,3;2;
2023/04/02;0200 UTC;0;963,8;963,8;963,4;;22;19;22,3;22;19;18,8;83;81;83;114;3,8;2,3;
2023/04/02;0300 UTC;0;963,5;963,9;963,5;;21,2;18,8;22,1;21,1;19,3;18,7;87;83;86;11;3,2;,8;
2023/04/02;0400 UTC;0;963,2;963,7;963,2;;20,1;18;21,4;20,1;19,1;18;89;86;88;346;1,6;,4;
2023/04/02;0500 UTC;0;963,3;963,6;963,2;;19,9;18,6;20,6;19,8;19,1;18,2;92;88;92;342;2,2;1,7;
2023/04/02;0600 UTC;0;963,3;963,5;963,3;;21;19,7;21;19,9;19,7;18,6;93;92;92;88;2,2;,4;
2023/04/02;0700 UTC;,6;963;963,3;962,9;;20,9;19,6;21,2;20,7;19,9;19,4;93;92;92;17;2,8;,9;
2023/04/02;0800 UTC;0;963,5;963,5;962,9;;20,6;19,4;20,9;20,6;19,7;19,3;93;92;93;98;3,5;1,9;
2023/04/02;0900 UTC;0;964,5;964,5;963,5;;20,4;19;20,7;20,4;19,5;19;93;91;92;72;4,8;2,4;
2023/04/02;1000 UTC;0;965,3;965,3;964,5;34,7;20,4;18,1;20,5;20,4;19,1;18,1;92;87;87;66;5,4;3;
2023/04/02;1100 UTC;0;966,3;966,3;965,3;158,7;20,4;17,9;20,4;20,3;18,1;17,8;87;85;85;51;5,8;3;
2023/04/02;1200 UTC;0;967;967;966,3;503,6;21,1;17,7;21,1;20,3;18,1;17,6;86;81;81;52;5,5;2,8;
2023/04/02;1300 UTC;0;967,3;967,3;967;922,4;21,9;17,7;21,9;21,1;18;17;81;75;77;36;5;1,7;
2023/04/02;1400 UTC;0;967,1;967,3;967;1300;22,6;17;22,8;21,8;17,7;16,3;78;68;71;53;3,2;1,3;
2023/04/02;1500 UTC;,2;966,9;967,1;966,9;443,1;20,3;17,5;22,5;20,3;17,5;16,4;84;69;84;213;3,7;2,4;
2023/04/02;1600 UTC;,4;966,3;966,9;966,3;465,6;20,9;16,9;20,9;20,1;17,9;16,6;87;77;78;142;3,7;1,5;
2023/04/02;1700 UTC;0;965,7;966,3;965,7;545,4;20,8;17,5;21;20,2;18;16,6;87;77;82;23;3,5;1,1;
2023/04/02;1800 UTC;0;965,2;965,7;965,2;707,6;21,9;17;22;20,7;18,4;16,1;84;70;74;232;2,9;,8;
2023/04/02;1900 UTC;0;965,1;965,2;965,1;467,6;21,5;17,2;22;21,5;17,3;16,5;77;71;77;311;4,2;2,6;
2023/04/02;2000 UTC;0;965,6;965,6;965;239;21;17;21,5;21;17,5;16,8;79;76;78;333;4,4;1,2;
2023/04/02;2100 UTC;0;965,8;965,8;965,5;30,8;20,7;16,5;21;20,6;17,1;16,1;79;75;77;29;2,7;,5;
2023/04/02;2200 UTC;0;966,4;966,4;965,8;;20,6;17,2;20,8;20,6;17,2;15,9;81;74;81;49;3,3;1,7;
2023/04/02;2300 UTC;0;966,9;966,9;966,4;;20,4;16,6;20,6;20,3;17,1;16,6;81;79;79;56;3,3;1,5;
2023/04/03;0000 UTC;0;967,5;967,5;966,9;;20,5;16,3;20,5;20,2;16,8;16,2;81;76;77;40;3;1,3;
2023/04/03;0100 UTC;0;967,5;967,6;967,4;;20,4;16,3;20,6;20,3;16,3;16,1;77;75;77;49;3,6;1,7;
2023/04/03;0200 UTC;0;967,3;967,5;967,2;;20;16,5;20,4;20;16,6;16,3;81;77;80;44;2,7;1,1;
2023/04/03;0300 UTC;0;967,1;967,3;967;;19,8;16,9;20,2;19,8;16,9;16,2;83;78;83;77;2,2;1,5;
2023/04/03;0400 UTC;0;966,8;967,1;966,7;;19,7;17;19,8;19,6;17;16,8;85;83;85;94;2,8;1,8;
2023/04/03;0500 UTC;0;966;966,8;966;;19,5;17;19,7;19,5;17,2;16,9;86;85;86;104;3,6;1,8;
2023/04/03;0600 UTC;0;965,5;966;965,5;;19,2;17,4;19,5;19,2;17,4;16,9;89;85;89;76;3,3;1,3;
2023/04/03;0700 UTC;0;965,4;965,5;965,4;;19,2;17,4;19,3;19,2;17,6;17,4;90;89;89;109;3,4;2;
2023/04/03;0800 UTC;0;965,6;965,6;965,3;;18,7;16,5;19,3;18,7;17,4;16,4;89;86;87;84;3,6;1,5;
2023/04/03;0900 UTC;0;966,1;966,1;965,6;;18,1;16,4;18,7;18,1;16,8;16,4;91;87;90;105;3;1,9;
2023/04/03;1000 UTC;0;966,6;966,6;966,1;138,7;18,3;16,5;18,4;18;16,8;16,4;91;89;89;95;3;2,1;
2023/04/03;1100 UTC;0;966,9;966,9;966,6;750,4;19,7;16,1;19,9;18,3;17;16,1;90;80;80;101;3,3;2,3;
2023/04/03;1200 UTC;0;967,2;967,3;966,9;1545,1;22,8;16,4;22,8;19,7;17,1;15,5;82;67;67;102;4,4;2,1;
2023/04/03;1300 UTC;0;967,1;967,2;967;2139;22,6;14,8;23,8;22,1;16,4;14,2;70;57;61;104;5,5;2,7;
2023/04/03;1400 UTC;0;966,7;967,1;966,7;2221,1;23,6;15;24,3;22,6;16,3;14,3;64;56;59;122;6;2,1;
2023/04/03;1500 UTC;0;965,9;966,7;965,9;1711,4;23,9;14,8;24,5;23,6;15,8;14,1;60;54;57;122;4,5;1,7;
2023/04/03;1600 UTC;0;964,9;965,9;964,9;1497,6;24,7;15,3;24,9;23,9;16;14,4;60;55;56;26;4;1,6;
2023/04/03;1700 UTC;0;964,5;964,9;964,5;1787;25;15,1;25,7;24,7;16,5;14,9;58;52;54;67;4,2;2;
2023/04/03;1800 UTC;0;964,2;964,5;964,2;1319,2;25,4;16,2;25,7;25;16,4;15;57;53;57;91;4,2;1,9;
2023/04/03;1900 UTC;0;964,1;964,2;964,1;742,4;25,3;16;25,7;25,2;16,6;15,5;57;54;56;61;4,3;1,7;
2023/04/03;2000 UTC;0;964,1;964,2;964;267,1;24,3;17,2;25,3;24,3;17,5;15,8;66;56;65;43;3,2;1,6;
2023/04/03;2100 UTC;0;964,3;964,3;964,1;43;23,6;16,9;24,3;23,6;17,5;16,5;66;62;66;72;4,1;2,1;
2023/04/03;2200 UTC;0;964,7;964,7;964,2;;22,8;17,4;23,6;22,7;17,6;16,9;73;66;72;65;4,1;1,5;
2023/04/03;2300 UTC;0;965,4;965,4;964,7;;22,5;17,5;22,9;22,5;17,6;17,3;74;71;73;94;4;2,1;
2023/04/04;0000 UTC;0;965,8;965,9;965,4;;21,6;17,6;22,5;21,6;17,6;17,4;78;73;78;65;3,6;1,1;
2023/04/04;0100 UTC;0;966,2;966,2;965,8;;21,3;17,4;21,6;21,3;17,7;17,4;79;78;79;100;3,2;1,8;
2023/04/04;0200 UTC;0;966,1;966,2;966;;21,1;17,4;21,4;20,9;17,5;17,3;81;78;79;92;3,9;1,7;
2023/04/04;0300 UTC;0;965,8;966,2;965,8;;20,3;17,4;21,1;20,3;17,6;17,4;84;80;83;43;3,2;2;
2023/04/04;0400 UTC;0;965,5;965,8;965,5;;19,8;17;20,4;19,8;17,4;17;84;82;84;83;3,4;1,6;
2023/04/04;0500 UTC;0;965;965,5;965;;19,1;17;19,8;19;17,1;16,8;88;84;88;62;2,7;1,3;
2023/04/04;0600 UTC;0;964,4;965;964,4;;19,6;17,3;19,6;19,1;17,7;17,1;89;86;87;99;2,1;,9;
2023/04/04;0700 UTC;0;964,1;964,4;964,1;;19,5;17,5;19,7;19,4;17,6;17,3;89;86;89;57;1,9;,7;
2023/04/04;0800 UTC;0;964,2;964,2;964;;19,4;17,6;19,5;19,4;17,6;17,4;89;88;89;69;2,2;1,4;
2023/04/04;0900 UTC;0;964,5;964,5;964,2;;19,3;17,5;19,4;19,3;17,7;17,5;90;89;89;69;2,6;1,5;
2023/04/04;1000 UTC;0;965;965;964,5;58,5;19;17,5;19,3;19;17,6;17,5;91;89;91;64;3,9;2,2;
2023/04/04;1100 UTC;0;965,6;965,6;965;268;19,6;17,6;19,6;19;17,9;17,5;92;88;88;59;3,9;1,6;
2023/04/04;1200 UTC;0;966;966;965,6;671,1;20,8;17,3;20,8;19,6;18;17;88;80;81;88;3,7;2,3;
2023/04/04;1300 UTC;0;966,1;966,3;966;1513;23;17,8;23;20,8;17,9;16,9;81;72;73;80;4,4;2,3;
2023/04/04;1400 UTC;0;965,6;966,1;965,6;1678,3;22,7;16,9;24,4;22,2;18,8;16,4;75;66;70;139;4,8;2,1;
2023/04/04;1500 UTC;0;964,9;965,6;964,9;1273,4;23;16,7;23,7;22,7;17,5;16,3;70;65;68;117;4,7;1,6;
2023/04/04;1600 UTC;0;963,9;964,9;963,9;1403,1;24,6;17;25,2;23;18,4;16,7;70;62;63;108;3,8;1,2;
2023/04/04;1700 UTC;0;962,9;963,9;962,9;2711;25,5;17,1;26,4;24,1;18,3;16,4;64;58;60;69;3,9;1,8;
2023/04/04;1800 UTC;0;962;962,9;962;2068,8;26,6;18;26,6;24,6;18,4;17;66;58;59;101;4,8;2,3;
2023/04/04;1900 UTC;0;961,6;962;961,5;1687,4;26,8;17,8;27,1;25,8;18,6;17,3;62;57;58;79;4,8;1,5;
2023/04/04;2000 UTC;0;961,8;961,9;961,6;881,4;26,6;17,7;27,1;26,4;18,5;17,4;60;57;58;60;3,8;1,1;
2023/04/04;2100 UTC;0;962,2;962,2;961,8;57,4;24,4;18,8;26,7;23,9;19,2;17,7;75;58;71;45;2;,8;
2023/04/04;2200 UTC;0;962,8;962,9;962,2;;22,9;18,9;24,4;22,8;19,4;18,6;81;70;78;14;2,3;1,7;
2023/04/04;2300 UTC;0;963,5;963,5;962,8;;23,6;19;23,7;22,6;19,2;18,8;80;75;75;124;2,8;,7;
2023/04/05;0000 UTC;0;963,8;963,8;963,5;;22,8;19,3;23,6;22,7;19,3;18,8;81;75;81;52;2,3;1,1;
2023/04/05;0100 UTC;0;964;964,1;963,8;;22,7;19,3;22,9;22,6;19,6;19,3;82;80;81;49;2,5;1,2;
2023/04/05;0200 UTC;0;963,7;964;963,7;;22;19,3;22,7;21,8;19,4;19,1;85;81;85;58;2,6;1,6;
2023/04/05;0300 UTC;0;963,8;963,9;963,7;;21,4;19;22;21,1;19,4;18,6;88;84;86;91;2,6;,8;
2023/04/05;0400 UTC;0;963,2;963,8;963,2;;20,9;19,3;21,4;19,9;19,5;17,9;92;86;91;16;2,1;1,3;
2023/04/05;0500 UTC;0;962,9;963,3;962,9;;20,3;18,7;21;20,3;19,3;18,4;91;86;91;113;2,4;1,3;
2023/04/05;0600 UTC;0;962,8;962,9;962,7;;19,1;18;20,3;18,9;18,8;17,7;93;91;93;360;1,9;1,2;
2023/04/05;0700 UTC;0;963;963;962,7;;19,6;18,5;19,6;19,1;18,5;18;94;93;94;107;1,7;1,2;
2023/04/05;0800 UTC;0;963,3;963,3;963;;18,7;17,7;19,6;18,6;18,5;17,6;94;93;94;72;2,4;1,3;
2023/04/05;0900 UTC;0;963,8;963,8;963,3;;19;18,1;19;18,7;18,1;17,7;94;94;94;119;3,1;1,2;
2023/04/05;1000 UTC;0;964,6;964,6;963,8;62,3;18,8;17,9;19,1;18,7;18,2;17,8;94;94;94;359;1,9;1,2;
2023/04/05;1100 UTC;0;965,4;965,4;964,6;257,8;19,4;18,5;19,5;18,8;18,6;17,9;94;94;94;92;2,2;1,2;
2023/04/05;1200 UTC;0;965,7;965,7;965,4;497,4;20,9;19,5;20,9;19,4;19,6;18,4;94;91;91;50;2,8;1,1;
2023/04/05;1300 UTC;0;965,6;965,8;965,6;805,1;22,2;19,3;22,2;20,9;19,4;18,2;91;82;84;316;2,8;1,2;
2023/04/05;1400 UTC;0;965,1;965,7;965,1;1426,1;23,6;18,7;23,6;21,9;19,1;18,2;83;74;74;320;3,4;1,3;
2023/04/05;1500 UTC;0;964,1;965,1;964,1;3164,4;26,1;18,2;26,5;23,6;19,3;17,6;74;60;62;67;3,8;1,9;
2023/04/05;1600 UTC;0;962,9;964,1;962,9;3067,7;27,7;18,8;27,7;25,6;19;16,9;64;55;58;201;5;1,5;
2023/04/05;1700 UTC;0;962,3;962,9;962,3;2588,1;28,4;17,7;28,5;27;18,6;17,3;59;52;53;36;3,8;1,3;
2023/04/05;1800 UTC;0;962;962,3;962;1138,2;27,2;19,7;29,1;27,1;19,7;17,4;64;52;63;3;3,9;2,2;
2023/04/05;1900 UTC;0;961,6;962;961,6;1045,1;28,3;20,1;28,3;26,5;20,3;19,1;67;60;61;335;4,7;1,9;
2023/04/05;2000 UTC;0;961,7;961,7;961,3;1060,1;27,3;19,4;28,8;27,3;20,2;18;62;53;62;12;3,5;2,3;
2023/04/05;2100 UTC;0;962,1;962,1;961,7;152;25,8;19;27,4;25,5;19,9;19;71;61;66;104;7;3,9;
2023/04/05;2200 UTC;0;962,8;962,8;962,1;;24,4;18,9;25,8;24,4;19;18,6;71;65;71;96;8,8;3,9;
2023/04/05;2300 UTC;0;964,6;964,6;962,8;;22,8;19,5;24,4;22,8;19,5;18,7;82;71;82;9;6;3;
2023/04/06;0000 UTC;,2;965,2;965,2;964,6;;21,7;20,1;22,8;21,6;20,2;19,5;91;82;91;9;4,8;1,8;
2023/04/06;0100 UTC;0;965,7;965,7;965,2;;21,5;19,2;21,8;21,3;20,2;19,2;91;87;87;17;3,6;1,9;
2023/04/06;0200 UTC;0;965,8;966;965,7;;21,4;18,9;21,5;21,2;19,5;18,9;89;86;86;8;3;,7;
2023/04/06;0300 UTC;0;965,4;965,8;965,4;;21,3;18,9;21,5;20,8;19,5;18,7;91;85;86;74;2,3;1,3;
2023/04/06;0400 UTC;0;965,2;965,5;965,2;;20,7;19,1;21,3;20,7;19,4;18,7;90;86;90;336;2,6;,8;
2023/04/06;0500 UTC;0;964,8;965,2;964,8;;20,5;19,3;20,7;20,4;19,3;18,9;93;90;93;287;2,4;1;
2023/04/06;0600 UTC;0;964,5;964,8;964,5;;20,5;19,3;20,6;20,4;19,4;19,2;93;93;93;261;1,7;,9;
2023/04/06;0700 UTC;0;964,3;964,5;964,3;;20,5;19,2;20,6;20,4;19,4;19,2;93;93;93;307;1,5;,7;
2023/04/06;0800 UTC;0;964,6;964,6;964,3;;20,5;19,4;20,5;20,3;19,4;19,1;93;93;93;55;1,5;,6;
2023/04/06;0900 UTC;0;965,3;965,3;964,6;;20,1;19;20,5;20,1;19,3;18,9;93;93;93;300;1,7;1,1;
2023/04/06;1000 UTC;0;965,9;965,9;965,3;48,3;20,5;19,3;20,5;20,1;19,3;19;94;93;93;344;1,7;,7;
2023/04/06;1100 UTC;0;966,3;966,3;965,9;405,7;21,6;19;21,8;20,5;19,7;18,7;93;83;85;344;1,4;,8;
2023/04/06;1200 UTC;0;966,5;966,6;966,3;951,8;23,5;19,3;23,5;21,6;19,5;18,6;86;77;77;73;3,8;1,4;
2023/04/06;1300 UTC;,2;966,3;966,6;966,3;2001,5;25,5;18;25,6;23,5;19,6;17,4;77;63;63;91;4,4;2,4;
2023/04/06;1400 UTC;0;965,4;966,2;965,4;1992,9;25,5;18,3;25,9;24,6;19,6;17,6;71;61;64;104;6,6;3,7;
2023/04/06;1500 UTC;0;964,5;965,4;964,5;2000;26;17,8;26,8;25,2;18,7;17,1;64;58;61;126;6,2;2,4;
2023/04/06;1600 UTC;0;963,6;964,5;963,6;2685,9;27,2;16,9;28;25,7;19,2;16,9;63;53;53;87;5;2,2;
2023/04/06;1700 UTC;0;962,8;963,6;962,8;2638,2;27,9;16,6;28,9;27,2;18,3;16,1;56;48;50;92;5,6;2,1;
2023/04/06;1800 UTC;0;962,4;962,8;962,4;1150,6;27,5;15,9;28,6;27,4;17,2;15,7;52;47;49;100;4,8;1,2;
2023/04/06;1900 UTC;0;962,2;962,4;962,2;692,7;26,3;18,2;28,2;26,3;18,3;16,1;61;49;61;8;3,8;1,3;
2023/04/06;2000 UTC;0;962,4;962,4;962,2;342,6;26;19,1;26,7;26;19,4;18,2;66;61;66;347;2,5;1;
2023/04/06;2100 UTC;0;962,5;962,5;962,3;68,2;25;18,6;26,4;25;19,5;18,2;67;62;67;116;6,3;3,8;
2023/04/06;2200 UTC;0;963,1;963,1;962,5;;23,6;18,4;25;23,6;18,7;18,4;73;67;73;92;7,7;4,3;
2023/04/06;2300 UTC;0;964,1;964,1;963;;22,5;18,9;23,6;22,5;19;18,4;80;73;80;61;7,8;2,8;
2023/04/07;0000 UTC;0;964,8;964,8;964,1;;22,2;18,9;22,6;22,2;19;18,8;82;80;82;56;5,4;2,6;
2023/04/07;0100 UTC;2,2;965,1;965,2;964,8;;21,4;19;22,2;21,3;19;18,8;87;82;86;57;5,2;2,7;
2023/04/07;0200 UTC;,2;965,2;965,3;965,1;;21,4;18,6;21,5;21,3;19;18,6;86;84;84;49;5,4;2,1;
2023/04/07;0300 UTC;0;964,9;965,2;964,9;,1;21,2;18,1;21,4;21,1;18,5;18,1;85;83;83;36;4,9;2,5;
2023/04/07;0400 UTC;0;964,4;965;964,4;;21,3;18;21,3;21,2;18,3;18;83;81;81;64;4;1,8;
2023/04/07;0500 UTC;0;964;964,4;963,9;;21,1;18,4;21,3;21;18,4;17,9;85;81;85;110;3,5;2,3;
2023/04/07;0600 UTC;0;963,7;964;963,7;;21;18,4;21,2;20,9;18,6;18,4;86;84;85;100;3,9;2,1;
2023/04/07;0700 UTC;0;963,5;963,7;963,5;;20,6;18,2;21;20,6;18,5;18,1;86;84;86;90;3,9;1,6;
2023/04/07;0800 UTC;0;963,5;963,6;963,4;;20,5;18,5;20,6;20,5;18,6;18,2;89;86;89;71;2,8;1,1;
2023/04/07;0900 UTC;0;963,8;963,8;963,5;;20,1;18,7;20,5;20,1;18,7;18,5;91;89;91;332;2,2;,7;
2023/04/07;1000 UTC;0;964,4;964,4;963,7;52,2;20,7;19;20,7;20,1;19;18,7;91;90;90;71;2;,7;
2023/04/07;1100 UTC;0;964,7;964,8;964,3;260,8;21;18,7;21,2;20,6;19,2;18,5;90;85;86;141;2,3;,8;
2023/04/07;1200 UTC;,8;964,9;964,9;964,6;323,8;21,4;19,1;21,4;21;19,3;18,5;89;85;87;113;2,3;,7;
2023/04/07;1300 UTC;0;964,9;965;964,8;722,6;22,2;19,9;22,3;21,4;20,1;19,1;89;84;87;316;2,5;1,2;
2023/04/07;1400 UTC;,2;964,6;964,9;964,5;751,9;22,3;19,5;22,8;22;20;19,2;87;82;84;280;3,6;2,5;
2023/04/07;1500 UTC;1;964,3;964,6;964,2;396;21,8;20,1;22,3;21,7;20,1;19,3;90;84;90;285;3,8;2,5;
2023/04/07;1600 UTC;,4;963,7;964,3;963,7;381,9;21,9;20,3;21,9;21,7;20,4;20;91;90;91;279;3,4;2,2;
2023/04/07;1700 UTC;,4;962,9;963,7;962,9;451,2;22,4;20,7;22,4;21,8;20,9;20,1;92;90;90;257;3,4;1,6;
2023/04/07;1800 UTC;,2;962,4;963;962,4;363,5;22,5;20,7;22,5;22,2;20,8;20,4;91;89;90;322;3;,5;
2023/04/07;1900 UTC;0;962,1;962,4;962;493,1;22,9;20,2;23,1;22,4;20,8;20,1;90;85;85;337;2,6;1;
2023/04/07;2000 UTC;0;962,5;962,5;962,1;285,9;22,8;20,1;23,1;22,8;20,5;19,9;86;83;85;56;2,5;1,5;
2023/04/07;2100 UTC;0;962,6;962,8;962,5;87,8;22,3;20,4;22,9;22,3;20,4;20,2;88;85;88;202;2,5;,4;
2023/04/07;2200 UTC;0;963,1;963,1;962,6;;22,4;20,7;22,4;22,1;20,7;20,3;90;88;90;119;1,3;,8;
2023/04/07;2300 UTC;0;963,6;963,6;963,1;;22,2;20,8;22,5;22,2;20,8;20,7;92;90;92;57;2,2;,9;
2023/04/08;0000 UTC;0;964;964;963,6;;22,1;20,7;22,2;22;20,8;20,7;92;92;92;81;2,2;,9;
2023/04/08;0100 UTC;1,4;964;964,1;963,9;;21,7;20,3;22,1;21,7;20,8;20,2;92;91;92;112;3;1,4;
2023/04/08;0200 UTC;,4;964;964,1;964;;21,5;20,3;21,7;21,5;20,3;20,3;93;92;93;69;2,3;1,2;
2023/04/08;0300 UTC;,8;963,6;964;963,6;;21,4;20,3;21,5;21,4;20,3;20,2;93;93;93;57;2,3;,5;
2023/04/08;0400 UTC;,8;963;963,6;963;;21,4;20,3;21,4;21,3;20,3;20,2;93;93;93;96;1,2;,7;
2023/04/08;0500 UTC;0;962,8;963;962,8;;21,2;19,9;21,4;21,2;20,3;19,9;93;92;93;291;2;,5;
2023/04/08;0600 UTC;0;962,6;962,8;962,6;0;20,8;19,5;21,2;20,8;20,1;19,5;94;92;92;256;6,9;4,3;
2023/04/08;0700 UTC;0;962,4;962,6;962,4;;20,9;18,9;20,9;20,7;19,4;18,9;92;88;88;239;7,7;3,8;
2023/04/08;0800 UTC;0;962,5;962,5;962,3;;20,8;18,5;21;20,8;18,8;18,5;88;86;87;252;7;3,5;
2023/04/08;0900 UTC;0;963,3;963,3;962,5;;20,2;18,1;20,8;20,2;18,8;18,1;89;87;88;288;5,8;1,2;
2023/04/08;1000 UTC;0;963,7;963,7;963,3;117;20,6;19;20,6;19,9;19;18,1;91;88;91;285;3,1;1,1;
2023/04/08;1100 UTC;0;964,2;964,2;963,7;567,4;21,9;19,1;21,9;20,6;19,3;18,8;91;84;84;281;4,3;2,5;
2023/04/08;1200 UTC;0;964,8;964,9;964,2;1447,6;23,4;18,3;23,5;21,9;19,4;18,3;84;73;73;235;5,4;3,4;
2023/04/08;1300 UTC;0;965,1;965,2;964,8;1840,1;24,8;19,7;24,9;23,3;19,9;18,2;76;71;73;306;5,9;2,7;
2023/04/08;1400 UTC;0;964,7;965,1;964,7;2737,5;26,9;18,6;27,4;24,5;19,8;18,1;74;57;61;246;5,2;2,7;
2023/04/08;1500 UTC;0;964,3;964,8;964,3;2278,6;25,1;19,6;27,9;24,9;19,7;17,7;72;56;71;173;6,6;4;
2023/04/08;1600 UTC;0;964;964,4;964;1168,9;24,8;19,8;25,2;24,6;20,3;19,2;75;71;74;133;7,5;3,4;
2023/04/08;1700 UTC;0;963,5;964,1;963,5;1956,7;26,5;19,7;26,5;24,8;20,2;18,7;74;65;67;123;6,4;3,5;
2023/04/08;1800 UTC;0;963,4;963,5;963,3;726,2;24,4;19,2;26,5;24;19,4;18,5;75;65;73;113;6,6;2,8;
2023/04/08;1900 UTC;0;963,5;963,5;963,3;454,5;23,5;19,6;24,5;23,5;19,8;18,9;79;72;79;41;4,7;2;
2023/04/08;2000 UTC;0;964,1;964,1;963,5;272,5;22,7;19;23,6;22,6;19,8;18,8;81;78;80;80;6,6;2,7;
2023/04/08;2100 UTC;1;964,8;964,8;964,1;17,6;21,5;19,3;22,7;21,5;19,3;18,8;88;80;88;49;5,4;2,2;
2023/04/08;2200 UTC;,2;965,3;965,3;964,7;;20,9;19,3;21,5;20,9;19,4;19,2;90;88;90;26;3,9;1,8;
2023/04/08;2300 UTC;0;966,2;966,2;965,3;;21;19,5;21;20,8;19,5;19,3;91;90;91;26;3,6;,9;
2023/04/09;0000 UTC;,8;966,8;966,8;966,2;;20,8;19,6;21,1;20,8;19,6;19,4;92;91;92;20;1,9;1,1;
2023/04/09;0100 UTC;,8;967,1;967,1;966,8;;20,6;19,4;20,9;20,6;19,6;19,4;93;92;93;21;2,7;1,2;
2023/04/09;0200 UTC;1;967,3;967,3;967,1;;20,6;19,4;20,6;20,5;19,5;19,3;93;93;93;16;2,9;1,8;
2023/04/09;0300 UTC;,8;967,5;967,5;967,3;;20,1;19,1;20,6;20,1;19,4;19;94;93;94;339;3,5;2,1;
2023/04/09;0400 UTC;1,8;967,3;967,5;967,3;;19,8;18,8;20,3;19,8;19,2;18,8;94;93;94;328;3,5;2,2;
2023/04/09;0500 UTC;,4;966,7;967,3;966,7;;19,9;18,7;19,9;19,8;18,8;18,7;94;93;93;7;3,1;1,8;
2023/04/09;0600 UTC;,4;965,9;966,7;965,9;;19,9;18,8;20;19,9;18,8;18,7;93;93;93;92;2,7;1,5;
2023/04/09;0700 UTC;,2;966,2;966,2;965,8;;20;19;20;19,8;19;18,7;94;93;94;130;3;1,2;
2023/04/09;0800 UTC;,8;966,2;966,3;966,1;;19,6;18,6;20,1;19,6;19;18,6;94;94;94;312;2;1,6;
2023/04/09;0900 UTC;0;966,6;966,6;966,2;;19,4;18,4;19,6;19,4;18,6;18,4;94;94;94;307;2,8;1,1;
2023/04/09;1000 UTC;0;967,1;967,1;966,6;60,4;19,6;18,5;19,6;19,3;18,5;18,3;94;93;93;34;1,7;1,1;
2023/04/09;1100 UTC;0;967,8;967,8;967,1;188,5;20,1;19;20,2;19,6;19;18,5;93;93;93;158;2,1;1,2;
2023/04/09;1200 UTC;,2;968,4;968,4;967,8;363,3;20,6;18,1;20,8;20,1;19,1;17,9;93;84;86;344;2,1;1;
2023/04/09;1300 UTC;0;968,6;968,6;968,4;686,3;21,2;17,7;21,3;20,6;18,7;17,3;88;79;80;321;3,7;,9;
2023/04/09;1400 UTC;0;968,4;968,6;968,4;916,7;22,4;18,1;22,4;21,2;18,1;17,2;81;74;77;257;2,4;1,1;
2023/04/09;1500 UTC;0;968;968,4;968;1442,2;23;18,1;23,1;22,2;18,7;17,6;79;73;74;202;3,4;,8;
2023/04/09;1600 UTC;0;967,3;968;967,3;1088;23,2;18,3;23,7;22,9;18,8;17,7;76;71;74;292;2,9;1,4;
2023/04/09;1700 UTC;0;967;967,3;967;834,2;22,9;17,6;23,5;22,9;18,8;17,3;76;70;72;261;2,8;,7;
2023/04/09;1800 UTC;5,4;967;967;966,9;226,2;20,8;19,3;22,9;20,7;19,3;17,8;91;72;91;162;2,9;1,1;
2023/04/09;1900 UTC;12,8;967,1;967,1;966,9;122,7;19,7;18,7;20,8;19,5;19,3;18,3;94;90;94;88;5,7;1,6;
2023/04/09;2000 UTC;2,4;967;967,4;966,9;75,4;19,6;18,6;19,9;19,6;18,9;18,6;94;94;94;75;6;3,4;
2023/04/09;2100 UTC;2;967,6;967,6;966,9;23;19,3;18,1;19,6;19,3;18,6;18,1;94;93;93;39;6;1,7;
2023/04/09;2200 UTC;,4;967,8;968;967,6;,1;19,1;17,9;19,3;19,1;18,2;17,9;93;93;93;18;3,7;1,8;
2023/04/09;2300 UTC;0;968,3;968,5;967,7;;19,3;17,6;19,3;19;17,8;17,6;93;90;90;46;3,7;1,7;
2023/04/10;0000 UTC;0;969,4;969,4;968,3;1,2;19,4;17,8;19,4;19,2;17,8;17,3;91;88;91;66;2,9;1,6;
2023/04/10;0100 UTC;0;969,7;969,7;969,4;;19;17,8;19,4;19;17,9;17,8;93;91;93;31;3,7;1,7;
2023/04/10;0200 UTC;,2;969,7;969,8;969,7;;18,8;17,5;19;18,8;17,8;17,5;93;92;92;2;3,5;1,3;
2023/04/10;0300 UTC;0;969,4;969,7;969,3;;18,5;17;18,8;18,5;17,5;17;93;91;91;14;3,2;1;
2023/04/10;0400 UTC;0;968,9;969,4;968,9;;18;16,8;18,6;18;17;16,7;92;90;92;11;2,6;1,7;
2023/04/10;0500 UTC;0;968,5;968,9;968,5;;17,6;16,4;18,1;17,6;16,8;16,3;93;92;93;141;2,6;1;
2023/04/10;0600 UTC;0;968,4;968,6;968,3;;17,8;16,7;17,9;17,6;16,8;16,4;93;93;93;47;2,5;1,6;
2023/04/10;0700 UTC;0;967,9;968,4;967,9;;17,9;16,9;17,9;17,8;16,9;16,6;94;93;94;74;2,7;,8;
2023/04/10;0800 UTC;0;968;968;967,9;;18;17;18;17,7;17;16,7;94;94;94;151;1,1;,8;
2023/04/10;0900 UTC;0;968,2;968,2;967,9;;17,7;16,7;18,1;17,7;17,1;16,7;94;94;94;51;2,2;1,6;
2023/04/10;1000 UTC;0;969,1;969,1;968,2;73,6;17,3;16,4;17,7;17,2;16,7;16,3;94;94;94;97;3,3;2,1;
2023/04/10;1100 UTC;0;969,7;969,7;969,1;583,9;18,8;17,9;18,8;17,3;17,9;16,4;95;94;94;93;3,3;1,6;
2023/04/10;1200 UTC;0;970,2;970,2;969,7;1520;21,2;17,1;21,2;18,7;18,6;16,4;95;76;77;107;3,8;2,3;
2023/04/10;1300 UTC;0;970,3;970,3;970,2;1908,9;22,8;16,7;22,8;20,4;17;15,5;77;68;69;82;4,5;1,8;
2023/04/10;1400 UTC;0;969,6;970,3;969,6;3008;23,7;14,3;23,8;22,2;16,8;14,1;69;55;55;83;5,3;2,2;
2023/04/10;1500 UTC;,2;969;969,6;969;3000,7;24,4;13,9;24,7;23,4;15,6;13,5;59;50;52;64;4,3;2,4;
2023/04/10;1600 UTC;0;968,4;969;968,4;3245,7;24,8;13,4;25,9;24,2;15,2;12,9;54;47;49;89;4,9;2,2;
2023/04/10;1700 UTC;0;967,4;968,4;967,4;2522,7;26,2;13,9;26,2;24,5;14,5;12,8;51;46;47;60;4,8;1,9;
2023/04/10;1800 UTC;0;967,1;967,4;967,1;2131,2;25;14,1;26,6;25;15,2;12,8;52;44;51;35;5,1;2;
2023/04/10;1900 UTC;0;967,1;967,2;967;1232,1;25;14,9;26,4;24,9;15,6;13,5;54;47;54;56;5,2;2,2;
2023/04/10;2000 UTC;0;967,1;967,1;966,9;603,9;24,5;14,9;25,7;24,5;15,5;14,2;56;51;55;70;3,8;2,1;
2023/04/10;2100 UTC;0;967,5;967,5;967,1;51,2;22,6;16,1;24,5;22,6;16,1;14,8;67;55;67;118;6,8;4,1;
2023/04/10;2200 UTC;0;968,1;968,1;967,5;;21,3;15,9;22,6;21,3;16,2;15,8;71;67;71;79;6,8;3,1;
2023/04/10;2300 UTC;0;969;969;968,1;;20,9;16,4;21,3;20,9;16,6;15,9;77;71;75;44;5,6;2,1;
2023/04/11;0000 UTC;0;969,6;969,6;969;;20,4;16,1;20,9;20,4;16,5;16,1;77;75;76;62;5,1;2,5;
2023/04/11;0100 UTC;0;969,5;969,6;969,4;;20;16;20,4;20;16,1;15,9;78;76;78;62;5;1,7;
2023/04/11;0200 UTC;0;969,4;969,6;969,4;;19,8;15,9;20;19,8;16,1;15,9;79;78;78;68;3,5;1,8;
2023/04/11;0300 UTC;0;969;969,4;969;;19,5;15,8;19,8;19,5;16;15,8;80;78;80;67;3,4;1,3;
2023/04/11;0400 UTC;0;968,4;969;968,4;;18,9;15,2;19,5;18,9;15,8;15,1;80;76;79;47;3,5;2,1;
2023/04/11;0500 UTC;0;968,1;968,4;968,1;;18,4;15,1;18,9;18,4;15,2;15,1;81;79;81;44;4,1;2,2;
2023/04/11;0600 UTC;0;967,9;968,1;967,8;;17,7;15,4;18,4;17,6;15,4;14,9;86;81;86;135;3,3;1,1;
2023/04/11;0700 UTC;0;967,5;967,9;967,5;;17,2;15,7;17,7;17,1;15,9;15,3;91;86;91;196;1,7;,3;
2023/04/11;0800 UTC;0;967,5;967,5;967,4;;17,2;15,7;17,5;17,1;16;15,6;91;90;91;134;1,8;1,2;
2023/04/11;0900 UTC;0;967,8;967,9;967,4;;16,4;15,3;17,2;16,2;15,7;14,9;93;91;93;91;2;1,1;
2023/04/11;1000 UTC;0;968,2;968,2;967,8;93,4;17,2;16,1;17,2;16,3;16,1;15,2;93;93;93;105;2;,7;
2023/04/11;1100 UTC;0;968,6;968,6;968,2;637,4;19;16,1;19,1;17,1;16,5;15,7;93;83;83;76;2;1;
2023/04/11;1200 UTC;0;968,7;968,9;968,6;1519,4;20,6;15,6;20,8;19;16,6;15,6;85;73;73;94;4,4;2,6;
2023/04/11;1300 UTC;0;968,4;968,8;968,4;2457,1;23,3;16,1;23,4;20,6;16,5;14,9;74;63;64;92;4;1,4;
2023/04/11;1400 UTC;0;967,7;968,4;967,7;2593,5;23,8;15,7;24,6;22,8;16,5;15,1;66;57;60;89;4,3;1,2;
2023/04/11;1500 UTC;0;966,9;967,7;966,9;1979,7;24;16,1;25,1;23,2;16,7;15,2;64;55;61;308;5,4;2,2;
2023/04/11;1600 UTC;0;965,9;966,9;965,9;2387,7;25,7;16,4;26,2;24;17,2;15,4;62;54;57;55;3,1;1,2;
2023/04/11;1700 UTC;0;965;965,9;965;1855,1;26;15,7;26,2;25,2;16,8;15,3;58;52;53;348;4,1;1;
2023/04/11;1800 UTC;0;964,5;965;964,5;2104,4;26,4;15,9;27,5;25,8;17,1;15,4;57;50;53;136;3,7;1,8;
2023/04/11;1900 UTC;0;964,2;964,5;964,2;700,6;24,9;18,4;26,8;24,7;18,4;15,8;67;52;67;336;3,7;1,7;
2023/04/11;2000 UTC;0;964,1;964,2;964,1;545,3;24,4;17,9;25,7;24,4;18,9;17,9;68;63;67;350;3,9;1,2;
2023/04/11;2100 UTC;0;964,2;964,2;964,1;85,9;23,7;17,6;24,7;23,7;18,3;17,6;69;66;69;31;2,4;1,4;
2023/04/11;2200 UTC;0;964,5;964,5;964,2;;22,8;17,8;23,8;22,7;18,3;17,5;76;68;73;109;3,7;2;
2023/04/11;2300 UTC;0;965,3;965,3;964,5;;22,4;16,9;23,2;22,4;18;16,8;73;69;71;95;3,7;2,4;
2023/04/12;0000 UTC;0;965,6;965,6;965,3;;21,6;17,1;22,4;21,6;17,2;16,9;75;71;75;82;4,3;2,2;
2023/04/12;0100 UTC;0;965,8;965,8;965,6;;20,4;17;21,7;20,4;17,3;16,9;81;75;81;96;3,7;,9;
2023/04/12;0200 UTC;0;965,7;965,8;965,6;;19,4;16,9;20,5;19,4;17,4;16,7;86;81;86;3;1,9;,3;
2023/04/12;0300 UTC;0;965,4;965,7;965,4;;19,2;16,8;19,7;18,9;17,6;16,8;89;85;86;42;1,3;,8;
2023/04/12;0400 UTC;0;965,3;965,4;965,3;;19;17,5;19,3;18;17,5;16;92;86;91;28;2,2;1,4;
2023/04/12;0500 UTC;0;964,9;965,3;964,9;;18,1;16,9;19;17,8;17,4;16,4;93;90;93;356;2;,8;
2023/04/12;0600 UTC;0;964,7;965,1;964,7;;18,2;17,1;18,8;17,7;17,7;16,5;94;92;93;353;1,7;1;
2023/04/12;0700 UTC;0;964,4;964,7;964,4;;18,9;17,6;18,9;18,2;17,7;17,1;93;92;92;88;1,7;,5;
2023/04/12;0800 UTC;0;964,8;964,9;964,4;;18,6;17,3;18,9;18,5;17,6;17,2;92;91;92;80;2,6;1,3;
2023/04/12;0900 UTC;0;965,4;965,4;964,8;;17,8;16,7;18,6;17,8;17,3;16,7;94;92;94;96;2,6;1,1;
2023/04/12;1000 UTC;0;965,8;966;965,3;60,5;18,3;17,4;18,3;17,5;17,4;16,5;94;94;94;104;1,6;,8;
2023/04/12;1100 UTC;0;966,6;966,6;965,8;293,9;19,1;18;19,1;18,3;18;17,3;94;93;93;71;2,8;1,4;
2023/04/12;1200 UTC;0;966,5;966,6;966,3;1120,5;21,2;17;21,7;19,1;18,4;17;93;77;77;78;3,1;1,2;
2023/04/12;1300 UTC;0;966,3;966,6;966,3;1269,4;21,8;16,6;22,1;20,8;18;16,2;80;72;72;23;2,8;1;
2023/04/12;1400 UTC;0;965,9;966,4;965,9;1427;22,6;17,1;22,7;21,8;17,5;16,2;74;69;71;349;3,6;1,3;
2023/04/12;1500 UTC;0;964,8;965,9;964,8;2325,7;24;17,3;25,1;22,6;18,3;16,7;71;62;66;170;3,1;1;
2023/04/12;1600 UTC;0;963,8;964,8;963,8;1625;24,4;18;25,2;23,8;18,5;17,3;69;63;68;324;3;2,1;
2023/04/12;1700 UTC;0;963,1;963,8;963,1;1092,3;24,6;18;25;24,3;18,2;17,4;68;64;67;351;2,9;1,5;
2023/04/12;1800 UTC;0;962,5;963,1;962,5;815,9;24,8;18,8;24,8;24,5;18,8;17,6;70;65;69;3;2,3;1;
2023/04/12;1900 UTC;0;962,5;962,6;962,4;660,8;25,4;18,8;25,4;24,8;18,8;17,4;69;62;67;354;1,9;1;
2023/04/12;2000 UTC;0;962,2;962,5;962,2;564,2;25,3;17,9;25,7;24,7;18,9;17,5;69;61;63;335;2,6;,8;
2023/04/12;2100 UTC;0;962,3;962,4;962,2;101,7;23,7;19,4;25,4;23,7;19,4;17,7;77;63;77;21;2,9;1,7;
2023/04/12;2200 UTC;0;962,6;962,6;962,2;;22,4;19,7;24;22,2;19,7;19;85;76;85;209;2,6;,7;
2023/04/12;2300 UTC;0;963,3;963,4;962,6;;22,6;19,7;22,9;22,3;19,9;19,3;85;82;83;144;1,6;1,1;
2023/04/13;0000 UTC;0;963,6;963,7;963,3;;21,7;19,5;22,6;21,3;19,8;18,7;88;83;87;48;3;1,1;
2023/04/13;0100 UTC;0;963,8;963,8;963,5;;21,5;20;21,7;21,2;20,1;19,4;92;87;91;48;2,4;1,3;
2023/04/13;0200 UTC;0;963,8;963,9;963,7;;20;18,8;21,5;20;20;18,8;93;90;93;340;2,1;1,1;
2023/04/13;0300 UTC;0;963,6;963,8;963,5;;19,5;18,4;20,7;19,5;19,6;18,4;94;92;93;332;2,1;,9;
2023/04/13;0400 UTC;0;963,1;963,6;963,1;;20,1;18,9;20,2;19,5;19,1;18,4;94;93;93;85;1,5;,9;
2023/04/13;0500 UTC;0;962,8;963,1;962,8;;19,1;18,1;20,1;19;18,9;17,8;94;92;94;265;1,4;,5;
2023/04/13;0600 UTC;0;962,4;962,8;962,4;;19,9;18,9;20;18,8;19;17,8;94;94;94;1;1,9;1,2;
2023/04/13;0700 UTC;0;962,2;962,4;962,2;;19,6;18,5;20;19,6;18,9;18,5;94;93;93;307;1,8;,9;
2023/04/13;0800 UTC;0;962,1;962,2;962;;19,9;18,8;19,9;19,6;18,8;18,5;94;93;94;57;1,8;,7;
2023/04/13;0900 UTC;0;962;962,2;962;;19,9;18,8;20;19,8;18,9;18,7;94;93;94;51;2,7;1,6;
2023/04/13;1000 UTC;0;962,4;962,4;962;62,6;20,3;19,2;20,3;19,8;19,2;18,8;94;93;93;113;2,7;1,5;
2023/04/13;1100 UTC;0;962,5;962,5;962,3;297,1;21;19,4;21;20,3;19,5;19,2;93;90;91;96;2,3;1,3;
2023/04/13;1200 UTC;0;962,8;962,8;962,4;466,6;21,5;18,5;21,8;21;19,6;18,5;91;83;83;42;2,4;,7;
2023/04/13;1300 UTC;0;962,7;962,8;962,7;762,2;22,5;18,7;22,6;21,5;19,1;18,5;84;78;79;60;2,7;1,2;
2023/04/13;1400 UTC;0;962,2;962,7;962,2;1487,2;24,6;19,4;24,6;22,5;19,4;18,4;80;72;73;296;3,1;1,2;
2023/04/13;1500 UTC;0;961,3;962,2;961,3;3062,4;26,1;18,5;26,3;24,5;19,3;17,9;73;63;63;245;3;1,6;
2023/04/13;1600 UTC;0;960,4;961,3;960,4;3055;28;17;28,7;25,9;18,7;16,5;64;49;51;282;3,4;1,3;
2023/04/13;1700 UTC;0;959,9;960,4;959,9;2791,9;29,3;18;29,5;28;18,2;16,9;53;48;51;32;3,4;1,8;
2023/04/13;1800 UTC;0;959,5;960;959,4;1753,8;27,9;18;30,7;27,9;18,2;16;56;43;55;1;4;1,8;
2023/04/13;1900 UTC;0;959,3;959,7;959,1;703,3;27,8;19,6;28,5;27,2;19,8;17,9;63;55;61;359;3,6;1,6;
2023/04/13;2000 UTC;0;960;960;959,2;770,3;24,7;16,8;29,6;24,7;19,7;16,3;62;50;62;99;10,2;4,8;
2023/04/13;2100 UTC;0;960,1;960,3;960;72,9;22,8;17,8;24,7;22,8;17,8;16,8;73;62;73;91;7,8;4;
2023/04/13;2200 UTC;0;961,5;961,5;960,1;;23,2;17,5;23,2;22,6;17,8;17,3;74;70;70;114;6,4;2,2;
2023/04/13;2300 UTC;0;962,3;962,3;961,4;;21,8;17,9;23,4;21,8;18,1;17,6;79;70;79;359;3,7;1,5;
2023/04/14;0000 UTC;0;962,4;962,6;962,1;;21,5;18,1;22,2;21,5;18,3;17,9;81;77;81;72;3,4;1,7;
2023/04/14;0100 UTC;0;961,8;962,4;961,8;;21;18,3;21,5;20,8;18,4;18;85;81;84;111;4;1,8;
2023/04/14;0200 UTC;0;962,3;962,4;961,8;;20,2;17,8;21,3;20,2;18,9;17,8;88;84;86;17;3,3;,5;
2023/04/14;0300 UTC;0;962,1;962,3;961,8;;19,7;18,3;20,4;19,6;19,1;17,7;93;86;92;333;2,7;1;
2023/04/14;0400 UTC;0;961,7;962,1;961,7;;20;18,5;20,9;19,7;19,3;18;92;86;91;162;3;1,3;
2023/04/14;0500 UTC;0;961;961,7;961;;19,3;18,1;20,4;19,3;18,8;17,9;93;89;93;338;2;,9;
2023/04/14;0600 UTC;0;960,7;961,1;960,6;;19,5;18,4;19,8;19,3;18,7;18,2;93;93;93;296;1,7;,5;
2023/04/14;0700 UTC;0;960,4;960,7;960,4;;18,9;17,7;19,8;18,8;18,6;17,6;93;92;93;306;1,8;1,3;
2023/04/14;0800 UTC;0;960,9;960,9;960,4;;18,8;17,8;19,2;18,8;18,2;17,8;94;93;94;313;1,8;,8;
2023/04/14;0900 UTC;0;961,4;961,4;960,9;;19;18;19;18,7;18;17,6;94;94;94;9;1,7;1;
2023/04/14;1000 UTC;0;962,2;962,2;961,4;94,6;19,6;18,6;19,6;19;18,6;18;94;94;94;162;1,9;,6;
2023/04/14;1100 UTC;0;962,5;962,5;962;485,5;20,6;19,1;20,6;19,6;19,2;18,5;94;91;91;326;1,4;,7;
2023/04/14;1200 UTC;0;962,7;962,8;962,5;1736,1;23,9;19,4;24,3;20,6;20,2;18,9;91;75;76;278;1,9;,9;
2023/04/14;1300 UTC;0;962,7;962,9;962,7;2504,6;26,1;19,7;26,4;23,6;20,5;18,5;77;65;68;314;3;1,3;
2023/04/14;1400 UTC;0;962;962,7;962;2513,1;27,1;19,6;27,5;26;20,7;18,4;68;61;64;57;3,9;1,4;
2023/04/14;1500 UTC;0;960,9;962;960,9;3024,2;28,9;20,3;29,2;27,1;20,7;18,9;64;57;60;59;4,5;1,7;
2023/04/14;1600 UTC;4,6;960,1;960,9;960,1;1098,6;24,5;21,3;29,1;24,3;21,5;19,4;84;57;83;257;3,5;1,7;
2023/04/14;1700 UTC;2;960,6;960,6;959,9;235,3;23,2;20,3;25,2;23,2;21,9;20,3;90;78;84;312;5,3;3,3;
2023/04/14;1800 UTC;2;961,1;961,2;960,6;130,1;22,5;19,6;23,2;22,5;21;19,6;89;83;84;251;10,9;5,7;
2023/04/14;1900 UTC;2,2;960,6;961,2;960,4;292,4;22,4;21;22,6;22;21,2;19,3;92;84;92;4;10,9;1,9;
2023/04/14;2000 UTC;0;961,5;961,5;960,5;317,8;22,6;20,5;22,8;22,2;21,1;20,3;92;87;88;73;4,3;1,4;
2023/04/14;2100 UTC;0;962,1;962,1;961,5;35,3;21,7;20,3;22,6;21,7;20,8;20,3;92;88;92;72;3,5;1,2;
2023/04/14;2200 UTC;0;962,7;962,7;962,1;;21,6;20,4;21,7;21,4;20,4;20,2;93;92;93;149;3;1,1;
2023/04/14;2300 UTC;0;963,6;963,6;962,7;;21,2;20,1;21,9;21,1;20,5;19,8;93;91;93;345;1,8;1;
2023/04/15;0000 UTC;0;963,5;963,7;963,5;;21;20;21,3;20,9;20,2;19,9;94;93;94;316;2;,8;
2023/04/15;0100 UTC;,2;962,9;963,6;962,9;;21,1;20,1;21,1;21;20,2;20;94;94;94;62;1,5;,7;
2023/04/15;0200 UTC;0;962,3;963;962,3;;21;20;21,1;20,8;20,1;19,8;94;94;94;110;1,6;,7;
2023/04/15;0300 UTC;0;962,4;962,5;962,3;,3;20,5;19,6;21;20,5;20,1;19,6;94;94;94;301;1,9;1,4;
2023/04/15;0400 UTC;0;961,9;962,4;961,9;,4;20,4;19,5;20,5;20,4;19,6;19,5;94;94;94;321;2,6;,9;
2023/04/15;0500 UTC;0;961,3;961,9;961,3;,5;20,8;19,8;20,8;20,4;19,8;19,4;94;94;94;34;2,1;1;
2023/04/15;0600 UTC;0;960,8;961,3;960,8;;20,4;19,5;20,9;20,4;19,9;19,5;94;94;94;320;1,9;,5;
2023/04/15;0700 UTC;0;961,1;961,1;960,8;;20;19,1;20,4;20;19,5;19,1;94;94;94;295;1,1;,7;
2023/04/15;0800 UTC;0;961,3;961,3;961;;19,6;18,7;20,1;19,6;19,2;18,6;94;94;94;304;2,4;1,6;
2023/04/15;0900 UTC;0;962;962;961,3;;19,7;18,7;19,9;19,6;18,9;18,7;94;94;94;316;3,2;1,1;
2023/04/15;1000 UTC;0;962,7;962,7;962;114,7;20,1;19,1;20,1;19,6;19,2;18,6;94;94;94;323;2,1;1,1;
2023/04/15;1100 UTC;0;963,1;963,1;962,7;689,7;22,5;19,8;22,6;20,1;20,6;19;94;81;85;257;3,5;1,3;
2023/04/15;1200 UTC;0;963,3;963,4;963,1;1784,5;24,3;19;24,3;22,5;20,2;19;85;72;72;267;10,5;6;
2023/04/15;1300 UTC;0;963,6;963,6;963,3;2222,7;25,3;19,2;25,7;24,1;19,5;18,7;74;67;69;260;13,2;7,7;
2023/04/15;1400 UTC;0;963;963,6;962,9;3101,9;26,4;19,2;26,6;25,3;19,7;18,4;69;63;64;254;12,8;8;
2023/04/15;1500 UTC;0;962,7;963,1;962,7;2971,8;27,5;18,5;27,6;25,9;19,1;17,4;64;57;58;267;13,4;6,4;
2023/04/15;1600 UTC;0;962;962,7;961,9;2642,1;28;17,7;28,2;27;18,5;16,9;58;52;53;252;11,9;6,9;
2023/04/15;1700 UTC;0;961,9;962;961,8;2009,8;28,6;16,7;29,1;27,6;17,4;15,9;53;47;49;242;12,3;7,1;
2023/04/15;1800 UTC;0;962,2;962,2;961,8;1333,3;26,3;17,7;29,1;26,3;18,4;16,4;59;48;59;191;11,7;4,2;
2023/04/15;1900 UTC;0;962,6;962,6;962,2;706,8;25,1;18,2;26,4;25,1;18,3;17,3;66;58;66;126;8,2;3,4;
2023/04/15;2000 UTC;,8;963,5;963,6;962,6;62,4;22,1;18,9;25,1;22,1;19;18,2;82;66;82;53;7;2,2;
2023/04/15;2100 UTC;13,4;964,2;964,3;963,5;17,2;21;19,8;22,1;20,9;19,9;18,9;93;82;93;35;5,3;3,1;
2023/04/15;2200 UTC;,2;964,8;964,8;964,2;;21,2;19,8;21,3;21;19,9;19,7;93;91;91;41;5,5;2;
2023/04/15;2300 UTC;,2;965,7;965,7;964,8;,2;21,1;18,8;21,2;21;19,8;18,8;92;86;86;37;3,7;2;
2023/04/16;0000 UTC;0;966,5;966,5;965,7;;20,9;18,4;21,1;20,7;18,7;18,2;86;85;86;43;3,7;1,2;
2023/04/16;0100 UTC;0;966,7;966,7;966,5;;20,7;18,3;21;20,4;18,4;17,9;87;84;86;40;3,4;1,5;
2023/04/16;0200 UTC;0;966,6;966,7;966,6;;20,4;18,7;20,7;20,3;18,7;18,1;90;86;90;331;3,2;,4;
2023/04/16;0300 UTC;0;966,4;966,7;966,4;;20,5;18,5;20,6;20,4;18,8;18,5;90;88;88;43;2,6;1,4;
2023/04/16;0400 UTC;0;966;966,5;966;;20,5;18,5;20,5;20,3;18,9;18,4;91;88;89;62;2,5;1;
2023/04/16;0500 UTC;0;965,5;966;965,5;;20,2;18,8;20,5;20;18,8;18,4;92;88;92;60;1,9;,7;
2023/04/16;0600 UTC;0;964,9;965,5;964,9;;20;18,7;20,2;20;18,9;18,6;92;91;92;359;1,1;,5;
2023/04/16;0700 UTC;0;965;965;964,8;;19,8;18,7;20,1;19,7;18,8;18,6;93;92;93;104;1,2;,6;
2023/04/16;0800 UTC;0;965,2;965,2;964,9;;19,8;18,8;19,9;19,6;18,9;18,6;94;93;94;78;1,4;,9;
2023/04/16;0900 UTC;0;965,4;965,4;965,2;;19,5;18,6;19,8;19,5;18,8;18,6;94;94;94;344;1,8;,7;
2023/04/16;1000 UTC;0;966,2;966,2;965,4;79,3;20,2;19,2;20,2;19,3;19,2;18,4;94;94;94;159;2;,7;
2023/04/16;1100 UTC;0;966,6;966,6;966,2;363,2;21,1;19;21,1;20,1;19,4;18,9;94;88;88;56;2,3;1,1;
2023/04/16;1200 UTC;0;966,6;966,7;966,6;931,1;22,1;18,8;22,1;21,1;19,2;18,3;88;81;82;86;3,9;2,1;
2023/04/16;1300 UTC;0;966,7;966,9;966,6;1840,5;24,6;18,2;24,6;21,9;19,5;17,8;82;67;67;91;4,2;1,7;
2023/04/16;1400 UTC;0;966;966,7;966;2680,5;25,2;15,6;26;24,1;18,1;15,6;68;55;55;101;3,8;1,9;
2023/04/16;1500 UTC;0;965;966;965;1898,5;25,3;17,1;26,9;25;17,8;15,8;62;55;60;80;4,3;1,8;
2023/04/16;1600 UTC;0;964,1;965;964,1;2974;26,7;16,2;27,5;25,3;17,4;15;61;48;53;87;5,4;2,4;
2023/04/16;1700 UTC;0;963,3;964,1;963,3;2651,6;28,2;16,5;28,3;26,3;17,4;15,1;55;47;49;82;5,4;2;
2023/04/16;1800 UTC;0;962,7;963,3;962,7;2257,1;28,1;16,1;28,3;27,2;16,5;14,8;51;46;48;70;5,1;2,9;
2023/04/16;1900 UTC;0;962,4;962,7;962,3;1593,6;27,4;16,6;28,4;27,1;17,1;15,6;54;46;52;96;5,9;3,2;
2023/04/16;2000 UTC;0;962,4;962,4;962,3;492,4;26,1;16,4;27,4;26,1;16,7;16;56;51;55;84;5,5;2,5;
2023/04/16;2100 UTC;0;962,5;962,6;962,4;39,4;24,7;17;26,1;24,7;17;16,5;62;55;62;89;4,3;2,4;
2023/04/16;2200 UTC;0;962,8;962,8;962,5;;23,5;18,5;24,7;23,5;18,5;17;73;62;73;98;4,9;2,6;
2023/04/16;2300 UTC;0;963,2;963,3;962,8;;22,7;18,6;23,5;22,7;18,6;18,4;78;73;78;80;4,3;2,4;
2023/04/17;0000 UTC;0;963,4;963,4;963,2;;21,8;18,6;22,7;21,8;18,7;18,6;82;78;82;82;4,7;2,6;
2023/04/17;0100 UTC;0;963,2;963,4;963,1;;21,3;18,6;21,8;21,3;18,7;18,5;85;82;84;78;4,4;2,4;
2023/04/17;0200 UTC;0;962,7;963,2;962,7;;21,3;18,7;21,3;21,3;18,8;18,6;86;84;86;91;4,2;2,3;
2023/04/17;0300 UTC;0;962,2;962,8;962,2;;21,1;19;21,3;21,1;19;18,7;88;86;88;94;3,8;1,7;
2023/04/17;0400 UTC;0;961,6;962,2;961,6;;21,1;18,9;21,1;21,1;19,1;18,8;88;87;87;79;3,3;1,1;
2023/04/17;0500 UTC;0;961,1;961,6;961,1;;21,1;18,9;21,1;21;19;18,8;88;87;87;79;2,4;,9;
2023/04/17;0600 UTC;0;960,8;961,2;960,8;;20,9;18,8;21,1;20,8;19,2;18,8;90;87;88;94;2,4;1,3;
2023/04/17;0700 UTC;0;960,7;960,9;960,5;;20,4;19;20,9;20,4;19,1;18,7;92;88;92;75;2,4;1,4;
2023/04/17;0800 UTC;0;960,4;960,8;960,4;;20;18,8;20,4;20;19;18,8;93;92;93;77;3,4;1,9;
2023/04/17;0900 UTC;0;960,8;960,9;960,3;;19,3;18,2;20;19,3;18,8;18,2;93;93;93;79;3,1;1,1;
2023/04/17;1000 UTC;0;960,6;960,8;960,6;81,5;19,9;18,6;19,9;19,2;18,6;18,1;94;92;92;106;3,3;1,7;
2023/04/17;1100 UTC;0;961;961,3;960,6;425;20,5;17,7;20,5;19,9;18,6;17,3;92;83;84;86;3,2;1,6;
2023/04/17;1200 UTC;0;961;961,2;961;1011,3;;;23,3;20,5;18,8;;84;;;91;2,9;1,3;
2023/04/17;1300 UTC;0;960,1;961;960,1;2113,4;24,1;17,7;;;;;68;;68;294;3,5;1,8;
2023/04/17;1400 UTC;0;959,9;960,3;959,9;2418,5;25,9;18;25,9;23,2;18,8;17,1;71;62;62;292;3,3;1,8;
2023/04/17;1500 UTC;0;959;959,9;959;3015,1;27,1;18,2;27,1;24,9;18,5;16,8;63;56;58;277;3,7;1,5;
2023/04/17;1600 UTC;0;957,7;959;957,7;2954;27,3;17,3;28,3;26,7;18,6;16,9;59;51;54;159;3,7;1,3;
2023/04/17;1700 UTC;0;956,6;957,7;956,6;2696,6;29,6;17,6;29,6;27,2;18,3;16,6;55;48;49;288;4,5;2,1;
2023/04/17;1800 UTC;0;955,9;956,6;955,9;2288,3;29,7;18,2;30,4;29,1;19;16,7;53;46;50;298;3,9;2,1;
2023/04/17;1900 UTC;0;955,5;955,9;955,4;1009,9;28,7;18,1;29,7;28,3;18,8;17,4;56;49;53;6;3,9;1,4;
2023/04/17;2000 UTC;0;955,4;955,6;955,4;756,7;27,5;19,3;28,9;27,5;19,5;18,1;61;52;61;4;3,7;2,2;
2023/04/17;2100 UTC;0;955,9;956;955,4;37;25,3;20,1;27,5;25,2;20,1;19,1;73;60;73;353;3,5;,9;
2023/04/17;2200 UTC;0;956,1;956,1;955,8;;24,3;20,1;25,4;23,7;20,1;19,5;79;72;77;152;2,7;,8;
2023/04/17;2300 UTC;0;956,9;956,9;956;;23;19,7;24,3;22,8;20,1;19,6;84;77;82;283;2,4;1,7;
2023/04/18;0000 UTC;0;957,1;957,4;956,9;;23,2;19,1;23,3;22,4;19,5;18,7;83;75;78;294;4,2;1,4;
2023/04/18;0100 UTC;0;957,7;957,7;957,1;;22,3;19,4;23,7;22,2;19,5;18,3;84;72;84;303;3;2;
2023/04/18;0200 UTC;0;957,1;957,9;957,1;;24,4;18,4;24,4;22,3;19,4;18,4;84;69;69;235;5,8;2,3;
2023/04/18;0300 UTC;0;956,4;957,1;956,4;;23,6;18,5;24,4;23,3;18,8;18,3;76;69;73;197;3,7;,9;
2023/04/18;0400 UTC;0;955,8;956,4;955,8;;22,1;19,1;23,7;21,6;19,1;18,4;84;73;83;32;2,7;1,1;
2023/04/18;0500 UTC;0;955,1;955,8;955,1;;21,8;19;22,2;21,2;19,4;18,7;87;83;84;57;2,5;1;
2023/04/18;0600 UTC;0;954,6;955,1;954,6;;21;18,7;21,8;20,7;19,1;18,4;89;84;87;186;2,5;,8;
2023/04/18;0700 UTC;0;954,7;954,8;954,6;;20,7;18,7;21;20,3;19;18,5;91;87;89;237;1,6;,5;
2023/04/18;0800 UTC;0;955,5;955,6;954,7;;19,8;18,6;20,7;19,6;18,8;17,9;92;88;92;257;2,3;,8;
2023/04/18;0900 UTC;0;955,8;955,8;955,3;;19,6;18,3;20,1;19,5;18,7;18,2;93;92;92;340;2,7;1;
2023/04/18;1000 UTC;0;955,8;955,9;955,5;75,1;20,3;19,2;20,3;19,5;19,2;18,2;93;92;93;85;3,6;,6;
2023/04/18;1100 UTC;0;956,3;956,3;955,8;315,4;21,1;19,5;21,2;20,3;19,7;19,2;93;91;91;319;2,4;1,5;
2023/04/18;1200 UTC;0;957;957;956,2;599,2;22,4;19,9;22,4;21,1;20;19,3;92;86;86;119;2,6;1,3;
2023/04/18;1300 UTC;0;956,8;957;956,7;610,8;23,7;20,1;23,7;22,4;20,3;19,4;86;80;80;78;2,6;1,1;
2023/04/18;1400 UTC;0;956,4;956,9;956,4;751,7;25;19,7;25;23,6;20,5;19,7;81;72;73;356;2,3;,7;
2023/04/18;1500 UTC;,2;956,4;956,5;955,7;788,9;24,5;20,4;25,7;24,5;20,8;19,7;78;71;78;281;3,5;1,9;
2023/04/18;1600 UTC;,4;955,2;956,4;955,2;802,3;24,6;20,7;24,9;24,1;21,8;20,5;83;77;79;262;3,9;1,6;
2023/04/18;1700 UTC;0;953,7;955,2;953,7;774,8;25,2;20,6;25,4;24,6;21,1;20,4;79;74;76;53;2,7;1,3;
2023/04/18;1800 UTC;0;952,5;953,7;952,4;656,4;25,5;20,9;25,9;25;21,4;20,2;78;72;75;356;3,2;,7;
2023/04/18;1900 UTC;0;952,5;952,6;952,3;268,8;24,6;21,3;25,6;24,5;21,4;20,9;82;75;82;314;2,6;1,7;
2023/04/18;2000 UTC;,8;953,6;953,7;952,5;131,8;24,1;21,5;24,9;24;21,7;20,9;86;78;85;292;4,1;2,4;
2023/04/18;2100 UTC;0;953,6;953,9;953,3;28;23,6;21,6;24,5;23,6;22,1;21,2;90;82;88;49;3,8;1,3;
2023/04/18;2200 UTC;0;953,7;953,8;953,3;;23;21,6;23,6;22,9;22;21,3;92;88;92;196;3,5;1,6;
2023/04/18;2300 UTC;,2;954,4;954,6;953,7;;22,6;21,4;23,2;22,6;21,8;21,4;93;91;93;293;4;1,3;
2023/04/19;0000 UTC;,2;954,9;955,3;954,4;;22,6;21,5;22,6;22,2;21,5;21,1;94;93;94;71;2,7;,8;
2023/04/19;0100 UTC;0;954,6;955;954,6;;22,4;21,3;22,6;22;21,6;20,9;94;93;94;97;2,8;1,2;
2023/04/19;0200 UTC;0;954,1;954,6;954,1;;22,1;21,1;22,4;22,1;21,4;21,1;94;94;94;171;2,7;1,1;
2023/04/19;0300 UTC;0;954,1;954,5;954;;21,9;21;22,2;21,9;21,3;21;95;94;95;268;2,6;1,2;
2023/04/19;0400 UTC;,2;953,4;954,2;953,4;;21,6;20,8;22;21,6;21,1;20,7;95;95;95;290;3,6;1,2;
2023/04/19;0500 UTC;0;953,7;953,7;953,2;;21,8;20,8;22;21,6;21;20,7;95;93;94;262;3,7;1,4;
2023/04/19;0600 UTC;,2;953,7;953,7;953,3;;21,7;20,8;21,8;21,5;20,9;20,5;94;94;94;75;3,1;1,1;
2023/04/19;0700 UTC;7,6;954,2;954,9;953,6;;21,9;21,1;22;21,6;21,1;20,7;95;94;95;140;4,2;1,8;
2023/04/19;0800 UTC;4,8;954,7;955,2;953,8;,6;21,7;20,9;22;21,6;21,1;20,8;95;95;95;38;5,1;1,5;
2023/04/19;0900 UTC;3,4;955,8;956;954,7;;21,6;20,8;21,7;21,6;21;20,8;95;95;95;63;3;1,4;
2023/04/19;1000 UTC;2,8;956,7;956,7;955,6;7,8;21,5;20,7;21,6;21,5;20,8;20,7;95;95;95;27;3;,4;
2023/04/19;1100 UTC;,4;957,5;957,5;955,9;36,7;21,6;20,8;21,7;21,5;20,9;20,7;95;95;95;195;3,5;,5;
2023/04/19;1200 UTC;0;958,1;958,2;957,5;312,7;22,5;21,5;22,5;21,6;21,6;20,9;95;94;94;229;1,6;,8;
2023/04/19;1300 UTC;0;958,9;958,9;958,1;635,4;23,3;21,1;23,3;22,5;21,6;20,6;94;87;88;264;3,6;2,1;
2023/04/19;1400 UTC;0;958,5;958,9;958,5;1538,1;24,6;20,6;24,7;23,2;22,1;20,1;90;77;78;273;7,3;3,8;
2023/04/19;1500 UTC;0;957,8;958,5;957,8;2323,9;26,6;20,3;26,6;24,6;20,7;19,3;79;67;69;258;8,3;4,3;
2023/04/19;1600 UTC;0;957,3;957,8;957,2;2510,4;26,3;19,4;27,3;26,2;20,4;18,4;69;60;66;278;8,2;4,3;
2023/04/19;1700 UTC;0;956,7;957,3;956,7;2731,6;26,9;20;27,9;26,3;20,9;19,4;68;62;66;318;5,8;2,2;
2023/04/19;1800 UTC;0;956,4;956,7;956,4;1945,1;27,5;20;28;26,3;21,1;19;69;61;64;340;4,5;2,7;
2023/04/19;1900 UTC;0;956;956,4;956;1354,9;27,2;19,6;27,8;26,6;20,5;18,7;67;60;63;3;4,1;2,1;
2023/04/19;2000 UTC;0;956,9;956,9;956;580,6;26,6;19,8;27,6;25,9;20,5;19,1;70;61;66;23;3,6;2;
2023/04/19;2100 UTC;0;957,6;957,6;956,8;111,9;23,9;20,8;26,6;23,9;20,9;19,5;82;65;82;103;6,2;3,5;
2023/04/19;2200 UTC;0;958,9;958,9;957,6;;22,7;20,1;23,9;22,7;20,8;20,1;86;82;85;96;6,3;2,3;
2023/04/19;2300 UTC;0;960;960;958,9;;22,4;19,8;22,7;22,4;20,1;19,8;86;85;85;92;4,3;2;
2023/04/20;0000 UTC;0;961,1;961,1;960;;22,1;19,6;22,4;22,1;19,8;19,6;87;85;85;110;3,8;2,5;
2023/04/20;0100 UTC;0;961,3;961,3;961,1;;21,6;19,9;22,2;21,6;19,9;19,6;90;85;90;61;3,6;1,6;
2023/04/20;0200 UTC;0;961,2;961,4;961,1;;21,2;20;21,6;21,2;20,1;19,9;93;90;93;55;2,9;1,1;
2023/04/20;0300 UTC;0;961,2;961,3;961,1;;21;19,9;21,2;20,9;20;19,8;94;93;94;82;2,6;,8;
2023/04/20;0400 UTC;0;960,8;961,3;960,8;;20,7;19,7;21;20,7;19,9;19,7;94;94;94;55;1,7;,8;
2023/04/20;0500 UTC;0;960,5;960,8;960,5;;20,5;19,6;20,8;20,2;19,8;19,2;95;94;95;79;2;1;
2023/04/20;0600 UTC;0;961,1;961,1;960,5;;20;19;20,8;19,9;19,9;18,9;95;94;94;186;2,5;1,1;
2023/04/20;0700 UTC;0;960,8;961,1;960,7;;19,8;14,9;20,5;19,7;19,1;14,8;94;70;74;213;3,1;1;
2023/04/20;0800 UTC;0;961,7;961,7;960,8;;18,8;13,3;19,8;18,7;15,2;13,3;77;70;70;265;5,2;2,1;
2023/04/20;0900 UTC;0;962,8;962,8;961,7;;18,2;13;19,3;18,2;13,7;12,3;74;64;72;136;3,6;1,8;
2023/04/20;1000 UTC;0;963,8;963,8;962,8;91,7;19,2;11,7;19,5;17,7;13;11,2;73;59;62;209;5,2;2,5;
2023/04/20;1100 UTC;0;964,5;964,6;963,8;627,9;20,1;11,8;20,1;18,9;13,1;11,5;68;59;59;231;5,2;1,5;
2023/04/20;1200 UTC;0;965,4;965,4;964,5;1583,9;21,4;10,8;21,6;20;12,9;10,8;63;51;51;249;10;5,9;
2023/04/20;1300 UTC;0;965,7;965,8;965,4;2296,6;22,5;10,6;22,9;21,4;11,7;10,6;53;46;47;266;11,1;5,9;
2023/04/20;1400 UTC;0;965,4;965,7;965,4;2817,5;23,5;10,8;23,8;22,5;11,5;9,5;48;42;45;263;10,4;6;
2023/04/20;1500 UTC;0;964,9;965,4;964,9;3036,7;24,7;10,8;25;23,2;12,2;10,3;48;41;42;275;9,2;5,5;
2023/04/20;1600 UTC;0;964,5;964,9;964,5;3002;25;10,6;25,6;24,1;12,1;10,1;45;39;40;260;8,5;4,1;
2023/04/20;1700 UTC;0;964;964,5;964;2571,4;25,9;10,9;26,1;24,8;11,4;10;42;38;39;256;7,4;3,4;
2023/04/20;1800 UTC;0;963,6;964;963,6;2073,4;25,2;10,3;26,3;25,2;11,7;10;42;36;39;241;6;2,6;
2023/04/20;1900 UTC;0;964;964;963,6;1164,2;24,8;10,8;26,1;24,6;11,7;9,6;42;37;41;278;5,5;3,7;
2023/04/20;2000 UTC;0;964,6;964,6;964;472,3;22,2;13,5;25,3;22,2;13,8;10,6;58;41;58;93;8;4,6;
2023/04/20;2100 UTC;0;965,2;965,2;964,6;36,6;20,2;14;22,1;20,2;14;13,4;68;58;68;84;8;3,6;
2023/04/20;2200 UTC;0;966,1;966,1;965,2;;19,2;14,5;20,2;19,2;14,5;14;74;68;74;84;7;3,1;
2023/04/20;2300 UTC;0;967,3;967,3;966,1;;18,8;14,2;19,2;18,8;14,6;14,1;75;74;74;59;5,6;2,3;
2023/04/21;0000 UTC;0;968,4;968,4;967,3;;18;14;18,8;18;14,2;13,9;77;74;77;54;5,2;2,2;
2023/04/21;0100 UTC;0;969,2;969,2;968,4;;18,2;14,1;18,2;17,8;14,1;14;79;77;77;52;4,6;2,7;
2023/04/21;0200 UTC;0;969,4;969,4;969,2;;18,1;14;18,3;18,1;14,2;13,9;77;76;77;62;5,5;1,8;
2023/04/21;0300 UTC;0;969,1;969,4;969,1;;17,8;13,9;18,1;17,8;14;13,9;78;77;78;55;3,9;1,6;
2023/04/21;0400 UTC;0;968,8;969,2;968,8;;17,6;14;17,9;17,6;14,1;13,8;80;77;80;79;3,1;1,3;
2023/04/21;0500 UTC;0;968,6;968,8;968,5;;17,1;14,3;17,6;17,1;14,5;14;85;80;84;328;2,6;,6;
2023/04/21;0600 UTC;0;968,4;968,6;968,3;;17,2;14,3;17,3;17,1;14,6;14,2;85;82;83;317;,9;,6;
2023/04/21;0700 UTC;0;967,9;968,4;967,9;;16,6;14,4;17,2;16,5;14,4;14;87;81;87;230;1;,7;
2023/04/21;0800 UTC;0;968;968;967,8;;16,3;15,1;16,7;15,9;15,1;14;93;85;93;305;1,2;,6;
2023/04/21;0900 UTC;0;968,4;968,4;968;;16,1;13;16,6;15,9;15,1;12,5;93;79;82;100;2,3;,7;
2023/04/21;1000 UTC;0;968,8;968,8;968,4;62,8;16,2;13,2;16,2;15,8;13,3;12,9;84;82;82;103;1,9;1,2;
2023/04/21;1100 UTC;0;969,7;969,7;968,8;592,4;17,5;12,9;17,5;16,2;13,2;12,6;82;74;75;175;2,5;1,3;
2023/04/21;1200 UTC;0;969,9;969,9;969,7;1729,3;19,3;13,5;19,7;17,4;14,2;12,7;75;68;69;119;3;1,6;
2023/04/21;1300 UTC;0;970,2;970,2;969,9;2458,8;21,8;12,4;21,8;19,2;14,2;12,1;69;54;55;66;4,2;1,7;
2023/04/21;1400 UTC;0;969,8;970,2;969,8;2893,2;22,1;11,4;22,7;21;12,8;10;57;46;51;82;4,4;2,1;
2023/04/21;1500 UTC;0;969,2;969,9;969,2;3022;23,2;10;23,3;21,9;11,9;8,7;52;40;43;116;6;3,2;
2023/04/21;1600 UTC;0;968,5;969,2;968,5;2981,3;23,7;9,6;24;22,4;10,8;8,2;46;38;41;130;6,6;3,2;
2023/04/21;1700 UTC;0;967,7;968,5;967,7;2697,1;24,7;9,9;24,7;23,4;10,7;8,8;43;38;39;133;7,4;2,3;
2023/04/21;1800 UTC;0;967,2;967,7;967,2;2199,7;24,6;9,6;24,9;24,1;9,7;8,2;40;36;39;90;6,1;2,6;
2023/04/21;1900 UTC;0;967,3;967,3;967,1;934,6;23,7;10,9;24,9;23,5;11;9,4;45;38;45;106;6,1;2,7;
2023/04/21;2000 UTC;0;967,8;967,8;967,3;346,1;23;11,6;23,7;23;12,4;10,8;51;45;48;102;5,5;2,5;
2023/04/21;2100 UTC;0;967,9;967,9;967,7;40,5;21,2;12,5;23;21,2;12,5;11;57;47;57;92;5,8;2,3;
2023/04/21;2200 UTC;0;968,4;968,4;967,9;;19,5;13,9;21,2;19,5;13,9;12,5;70;57;70;64;4,4;2,2;
2023/04/21;2300 UTC;0;969,2;969,2;968,4;;18,7;14,2;19,5;18,7;14,2;13,9;75;70;75;52;4,7;2,9;
2023/04/22;0000 UTC;0;969,7;969,7;969,2;;18,5;14,4;18,8;18,5;14,4;14,2;77;75;77;55;5,2;2,6;
2023/04/22;0100 UTC;0;969,6;969,8;969,6;;18,1;14,3;18,5;18,1;14,4;14,3;79;77;79;55;4,5;1,8;
2023/04/22;0200 UTC;0;969,6;969,6;969,5;;17,7;14,6;18,1;17,6;14,6;14,2;82;78;82;72;3,3;1,6;
2023/04/22;0300 UTC;0;969,7;969,7;969,5;;17,3;14,7;18;17,3;14,9;14,6;85;82;85;41;3,7;1,2;
2023/04/22;0400 UTC;0;969,2;969,7;969,2;;17,7;14,9;17,8;17,2;15,3;14,7;87;84;84;116;2,4;1,3;
2023/04/22;0500 UTC;0;969;969,3;969;;17,9;15;17,9;17,7;15,1;14,9;84;83;83;47;2,2;1,2;
2023/04/22;0600 UTC;0;968,5;969;968,5;;17,6;15,3;17,9;17,6;15,3;14,9;86;83;86;54;2,9;1,1;
2023/04/22;0700 UTC;0;968,2;968,5;968,1;;17,4;15,6;17,6;17,3;15,6;15,3;89;86;89;79;2,3;,9;
2023/04/22;0800 UTC;0;968,3;968,3;968,1;;17,5;15,5;17,5;17,4;15,6;15,4;89;88;88;84;3;1,2;
2023/04/22;0900 UTC;0;968,8;968,8;968,3;;17,1;15,1;17,5;17,1;15,6;15;89;86;88;52;3,6;,8;
2023/04/22;1000 UTC;0;969,6;969,6;968,8;66,3;17,8;15,5;17,8;17;15,9;15,1;91;86;86;46;1,8;1;
2023/04/22;1100 UTC;0;970,3;970,3;969,6;515,3;19,1;15,9;19,1;17,6;16;15,2;88;82;82;86;3,3;1,6;
2023/04/22;1200 UTC;0;970,5;970,6;970,3;1628,3;20,6;15,8;20,8;19,1;16,2;15,2;82;73;74;69;3,7;1,9;
2023/04/22;1300 UTC;0;970,3;970,6;970,3;2248,8;22,7;15,9;22,7;20,5;16,2;14,9;75;64;66;90;5;2,9;
2023/04/22;1400 UTC;0;969,7;970,4;969,7;2586,8;24,4;15,1;24,5;22,6;16,5;14,2;67;55;56;121;7;3,1;
2023/04/22;1500 UTC;0;968,8;969,8;968,8;2492,9;24,8;14,8;25,5;23,9;15,3;13,8;57;52;54;117;6,6;3,7;
2023/04/22;1600 UTC;0;967,9;968,8;967,9;1493,4;24,4;14,9;25,6;24,1;15,4;14;57;51;56;134;6,6;3;
2023/04/22;1700 UTC;0;967;967,9;967;1326,2;24,9;14,5;25,5;24,3;15,3;14,3;56;52;53;112;5,9;2,5;
2023/04/22;1800 UTC;0;966,7;967;966,6;940,2;24,8;14,8;25,5;24,6;15,4;14,3;55;51;54;133;5,5;1,8;
2023/04/22;1900 UTC;0;966,6;966,7;966,6;677,4;25,1;14,9;25,1;24,8;15,2;14,5;55;52;53;85;4,6;1,8;
2023/04/22;2000 UTC;0;966,9;966,9;966,6;343,6;23,6;16,8;25,2;23,6;17,3;14,6;68;52;66;325;3,2;1,3;
2023/04/22;2100 UTC;0;967;967,1;966,9;45;23,4;16,4;23,7;23,1;16,8;16;67;63;65;52;3,2;1,1;
2023/04/22;2200 UTC;0;967,4;967,4;967;;21,9;16,2;23,4;21,9;16,6;16,2;70;65;70;78;4,6;3;
2023/04/22;2300 UTC;0;968,3;968,3;967,4;;21;16,6;21,9;21;16,6;16,3;76;70;76;73;4,6;1,8;
2023/04/23;0000 UTC;0;968,7;968,7;968,3;;20,5;16,9;21;20,4;16,9;16,6;80;76;80;63;5,7;2,2;
2023/04/23;0100 UTC;0;968,8;968,9;968,7;;20,4;17,1;20,5;20,4;17,1;16,9;81;80;81;65;3,7;1,9;
2023/04/23;0200 UTC;0;968,8;968,9;968,7;;20,3;16,9;20,6;20,3;17,2;16,8;82;79;81;82;5,3;2,2;
2023/04/23;0300 UTC;0;968,9;968,9;968,8;;20,1;17;20,3;20;17;16,8;83;81;82;98;3,7;2;
2023/04/23;0400 UTC;0;968,5;968,9;968,5;;19,6;17;20,1;19,6;17,1;16,9;85;82;85;105;3,5;2;
2023/04/23;0500 UTC;0;968,3;968,6;968,3;;19,5;17,1;19,8;19,5;17,1;17;86;84;86;109;3,6;1,6;
2023/04/23;0600 UTC;0;968,3;968,4;968,3;;19,6;17,1;19,7;19,5;17,2;17,1;86;85;86;82;3,3;1,3;
2023/04/23;0700 UTC;0;968,1;968,4;968,1;;19,4;17,2;19,6;19,4;17,3;17,1;87;86;87;106;4,5;2,4;
2023/04/23;0800 UTC;0;968,3;968,3;968,1;;19,1;17,1;19,4;19,1;17,2;17;88;86;88;96;4,7;2,3;
2023/04/23;0900 UTC;0;969;969;968,4;;18,8;16,8;19,3;18,8;17,2;16,8;89;87;88;61;3,9;1,2;
2023/04/23;1000 UTC;0;969,7;969,7;969;46,2;19,2;17;19,2;18,7;17,3;16,9;90;87;87;115;2,7;,9;
2023/04/23;1100 UTC;0;970,1;970,1;969,7;603,7;20,5;16,6;20,5;19,3;17,1;16,4;87;78;78;108;3;1,5;
2023/04/23;1200 UTC;0;970,5;970,5;970,1;826,1;20,8;16,6;21,4;20,4;17,1;16;79;73;77;76;3,2;1,6;
2023/04/23;1300 UTC;0;970,6;970,6;970,5;1825,6;21,9;16;22,9;20,8;17,1;15,8;78;66;69;99;4,4;2,1;
2023/04/23;1400 UTC;0;969,9;970,6;969,9;2008,6;24;15,4;24,2;21,8;16,6;15,1;70;58;59;83;4;1,5;
2023/04/23;1500 UTC;0;969;969,9;969;3119,6;25,5;13,6;25,9;24;17;13,3;60;47;48;96;5,4;2,9;
2023/04/23;1600 UTC;0;968,2;969;968,2;2947,6;25,9;13,6;26,9;25,2;14,7;12,5;50;44;47;84;5,4;2,3;
2023/04/23;1700 UTC;0;967,4;968,2;967,4;2744,2;26,5;12,6;27,2;25,9;14,9;11,7;49;40;42;51;6,3;2,2;
2023/04/23;1800 UTC;0;967,2;967,4;967,2;2113,7;26,9;12,6;27,2;25,8;13,5;11,8;46;39;41;102;5,7;3,4;
2023/04/23;1900 UTC;0;967,4;967,4;967,1;848,5;26;12,6;27;25,8;13,2;11,6;45;40;43;97;5,7;3,1;
2023/04/23;2000 UTC;0;968,2;968,2;967,4;228,2;24,5;14;26;24,5;14;12,3;52;43;52;109;6,8;3,4;
2023/04/23;2100 UTC;0;968,5;968,5;968,1;34,2;22,5;15,6;24,5;22,5;15,6;14;65;52;65;109;8,1;2,7;
2023/04/23;2200 UTC;0;969,2;969,2;968,5;;21,4;15,8;22,5;21,4;15,8;15,6;70;65;70;88;5,3;2,4;
2023/04/23;2300 UTC;0;970;970;969,2;;20,5;15,7;21,4;20,5;15,8;15,6;74;70;74;64;5,1;1,6;
2023/04/24;0000 UTC;0;970,6;970,6;970;;19,9;15,5;20,5;19,9;15,8;15,5;76;74;76;54;4,1;2,2;
2023/04/24;0100 UTC;0;970,8;970,8;970,6;;18,9;15,4;19,9;18,9;15,7;15,4;80;76;80;40;3,8;2;
2023/04/24;0200 UTC;0;971,2;971,3;970,8;;19,7;15,3;20;18,9;15,7;15,3;80;75;75;69;4,3;2,1;
2023/04/24;0300 UTC;0;971,2;971,3;971,2;;19,5;15,5;19,8;19,1;15,7;15,2;80;75;78;43;3,9;2,4;
2023/04/24;0400 UTC;0;970,7;971,3;970,7;;19,1;15,2;19,5;19;15,5;15,2;78;77;78;44;4,3;2,5;
2023/04/24;0500 UTC;0;970,1;970,7;970,1;;17,2;15,4;19,1;17,2;15,4;14,9;89;78;89;99;3,4;1,4;
2023/04/24;0600 UTC;0;969,7;970,1;969,7;;16,8;15,4;17,2;16,8;15,6;15,4;91;89;91;94;2,6;2;
2023/04/24;0700 UTC;0;969,7;969,7;969,5;;16,1;15;16,8;16,1;15,4;15;94;91;94;105;2,9;1,1;
2023/04/24;0800 UTC;0;969,9;969,9;969,6;;15,2;14,3;16,2;15,2;15,3;14,3;94;93;94;32;3;,5;
2023/04/24;0900 UTC;0;970,3;970,3;969,8;;15;14,2;15,3;14,8;14,4;13,9;95;94;95;239;2,1;,7;
2023/04/24;1000 UTC;0;970,7;970,7;970,3;61,5;14,8;13,8;15,2;14,5;14,3;13,6;95;94;94;289;1,6;,9;
2023/04/24;1100 UTC;,2;971,2;971,2;970,7;543,8;16,1;15,2;16,3;14,8;15,4;13,8;95;93;94;285;2,1;1,2;
2023/04/24;1200 UTC;0;971,8;971,8;971,2;1288,4;18,2;15,7;18,2;16,1;16,5;15,2;95;85;85;261;2,4;1,1;
2023/04/24;1300 UTC;0;971,7;971,8;971,7;2234,4;21,5;14,5;21,5;18,2;15,7;13,9;85;63;64;90;3,4;1,3;
2023/04/24;1400 UTC;0;970,9;971,7;970,9;2728,5;23;13,5;23,3;21,1;14,9;12,9;65;54;55;119;4,1;1,9;
2023/04/24;1500 UTC;0;970;970,9;970;2614,8;24,2;13,2;24,2;22,8;14,7;11,9;59;48;50;58;5;1,9;
2023/04/24;1600 UTC;0;969;970;969;2983,9;25,3;12,8;25,8;24;14,7;12,5;53;46;46;86;5,7;2,6;
2023/04/24;1700 UTC;0;968,3;969;968,3;2343,4;25,7;11,8;26,4;24,7;14;11,7;51;42;42;80;5,1;2,3;
2023/04/24;1800 UTC;0;968;968,3;968;1140,4;25,5;13,2;25,7;24,9;13,6;11,6;48;42;47;124;5,1;2,3;
2023/04/24;1900 UTC;0;968,2;968,2;968;708,4;24,9;13,7;25,5;24,7;13,7;12,9;50;46;50;122;6,8;3,9;
2023/04/24;2000 UTC;0;968,2;968,3;968,1;350;24;13,2;24,9;24;13,9;13,1;52;49;51;112;6,8;3;
2023/04/24;2100 UTC;0;968,7;968,7;968,2;46,3;22,7;14,3;24;22,7;14,3;12,6;59;49;59;104;6;2,7;
2023/04/24;2200 UTC;0;969,5;969,5;968,7;;21,3;15,2;22,7;21,2;15,2;14,2;68;59;68;77;4,1;1,7;
2023/04/24;2300 UTC;0;970,1;970,1;969,5;;20,6;15,5;21,5;20,6;15,5;15,1;72;67;72;45;3,5;1,6;
2023/04/25;0000 UTC;0;970,2;970,2;970;;20,3;15,6;20,6;20,2;15,6;15,5;74;72;74;35;3,2;2,2;
2023/04/25;0100 UTC;0;970,3;970,4;970,2;;20,1;15,5;20,4;19,9;15,7;15,5;76;74;75;43;3,9;2,3;
2023/04/25;0200 UTC;0;970,6;970,6;970,3;;19,4;15,3;20,2;19,4;15,6;15,3;77;74;77;34;3,8;2,2;
2023/04/25;0300 UTC;0;970,3;970,6;970,3;;19,3;14,8;19,4;19,1;15,3;14,8;78;75;75;44;3,5;2,5;
2023/04/25;0400 UTC;0;969,9;970,3;969,9;;18;15,2;19,3;18;15,2;14,8;83;75;83;70;3,5;1,4;
2023/04/25;0500 UTC;0;969,3;969,9;969,3;;18,1;15,1;18,3;18;15,4;15,1;84;82;83;45;2,6;1,3;
2023/04/25;0600 UTC;0;968,8;969,3;968,8;;17,1;14,9;18,1;17,1;15,2;14,9;87;83;87;85;2,8;2;
2023/04/25;0700 UTC;0;968,6;968,8;968,6;;16,5;15,3;17,1;16,4;15,3;14,9;93;87;93;85;2,9;1,9;
2023/04/25;0800 UTC;0;968,6;968,6;968,4;;15,9;14,8;16,6;15,9;15,5;14,7;93;92;93;85;2,8;1,2;
2023/04/25;0900 UTC;0;969,3;969,3;968,6;;15,6;14,5;16;15,6;15;14,5;94;93;94;76;2;,6;
2023/04/25;1000 UTC;0;969,9;969,9;969,3;82,6;15,9;15,1;15,9;15,1;15,1;14,2;95;93;95;7;1,8;1;
2023/04/25;1100 UTC;0;970,5;970,5;969,9;651;18,1;15,5;18,3;15,9;16,2;15,1;95;84;84;192;1,6;,5;
2023/04/25;1200 UTC;0;971,1;971,1;970,5;1463,5;20,6;15,8;20,7;18,2;16,4;15,1;84;74;74;56;2,4;,8;
2023/04/25;1300 UTC;0;971;971,3;971;2121,5;21,6;15,8;22;19,9;16,4;15,2;77;68;70;100;3,7;2;
2023/04/25;1400 UTC;0;970,1;971;970,1;2486;23,1;15,3;23,4;21,1;16,4;14,9;71;59;62;74;3,9;1,7;
2023/04/25;1500 UTC;0;969;970,1;969;2938,8;24,6;15,1;24,6;23,1;15,9;14,4;62;54;56;62;4;1,8;
2023/04/25;1600 UTC;0;968,1;969;968,1;2721,4;25,3;15;26,2;24,6;16,3;14,2;58;49;53;99;4;1,3;
2023/04/25;1700 UTC;0;967,3;968,1;967,3;2069;26,8;16,2;26,9;25,1;16,6;14,9;55;49;52;73;4,8;1,4;
2023/04/25;1800 UTC;0;967;967,3;967;1541,2;26,8;15,5;26,9;25,9;16,5;15,3;55;50;50;66;3,9;1,2;
2023/04/25;1900 UTC;0;966,9;967;966,9;1068,9;26,1;17;27,9;26,1;17;15,1;58;48;57;331;3,1;1,8;
2023/04/25;2000 UTC;0;967;967;966,9;586;25,6;17,6;26,6;25,6;17,8;16,7;62;55;61;335;3,1;1,5;
2023/04/25;2100 UTC;0;967,1;967,1;966,9;47,6;23;18,1;25,6;23;18,1;17,3;74;61;74;337;2,8;1,6;
2023/04/25;2200 UTC;0;967,5;967,5;967,1;;23,8;17,1;23,9;22,8;18,3;17;76;66;66;116;4,3;2,9;
2023/04/25;2300 UTC;0;968;968;967,5;;22;17,6;23,8;22;17,6;17;76;66;76;97;4,3;1,1;
2023/04/26;0000 UTC;0;968;968,1;967,9;;21,2;17,8;22,1;20,1;17,9;16,9;85;75;81;25;2,8;1,3;
2023/04/26;0100 UTC;0;968;968,1;968;;21,6;17,6;21,8;21,2;17,8;17,6;81;78;78;77;3;1,6;
2023/04/26;0200 UTC;0;968;968;967,9;;20,3;17,5;21,6;20,3;17,7;17,4;84;78;84;41;3,3;1,7;
2023/04/26;0300 UTC;0;968,2;968,2;968;;20,1;17,5;20,5;20;17,7;17,3;85;83;85;74;2,9;1,8;
2023/04/26;0400 UTC;0;967,7;968,2;967,7;;19,7;17,8;20,2;19,3;17,9;17,1;90;85;89;44;3,9;2;
2023/04/26;0500 UTC;0;967,4;967,7;967,3;;18,2;16,9;19,7;18,2;17,8;16,9;92;87;92;339;2,6;,6;
2023/04/26;0600 UTC;0;966,9;967,4;966,9;;17,9;17;18,3;17,7;17,4;16,6;94;92;94;340;2;1,1;
2023/04/26;0700 UTC;0;966,6;966,9;966,6;;18,4;17,4;18,4;17,4;17,6;16,4;95;94;94;92;1,6;1,1;
2023/04/26;0800 UTC;0;966,6;966,8;966,5;;17,4;16,5;18,4;17;17,5;16;95;93;94;16;2,4;,8;
2023/04/26;0900 UTC;0;966,7;966,7;966,4;;17,6;16,7;18;17,4;17;16,5;95;94;94;133;1,7;1;
2023/04/26;1000 UTC;0;966,9;966,9;966,5;62,6;17,1;16,3;17,8;16,8;17;15,8;95;94;95;58;2,5;1,7;
2023/04/26;1100 UTC;0;967,7;967,7;966,9;460,4;18,3;17,5;18,6;17,1;17,8;16,3;95;95;95;114;3,4;,4;
2023/04/26;1200 UTC;0;967,7;967,8;967,6;1430,9;21,4;17,6;21,6;18,3;19,8;17,5;95;79;79;156;2,6;1,1;
2023/04/26;1300 UTC;0;967,4;967,9;967,4;2021,2;22,8;17,2;23,3;21,3;17,9;16,7;80;68;70;275;3;1;
2023/04/26;1400 UTC;0;966,4;967,4;966,4;1716,4;24,7;17,6;24,8;22,6;18,3;17;72;65;65;66;3,3;1,1;
2023/04/26;1500 UTC;0;965,4;966,4;965,4;2950,2;26,3;17,4;26,4;24,2;18,3;16,8;67;57;58;119;4,3;1,8;
2023/04/26;1600 UTC;0;964,5;965,4;964,5;2630,9;27,3;17,4;28,2;26,2;18,4;17;59;53;55;239;4,3;2,1;
2023/04/26;1700 UTC;0;963,2;964,5;963,2;1541,7;27,7;17,5;28,5;26,9;18,9;17,2;59;53;54;232;4,4;1,3;
2023/04/26;1800 UTC;0;962,7;963,2;962,7;943,7;27;18;28,4;27;18,7;17,1;59;53;58;287;4,5;2,6;
2023/04/26;1900 UTC;0;962,8;962,8;962,6;515,2;26,6;18,9;27;26,6;19,2;18;64;58;63;272;5,1;2,8;
2023/04/26;2000 UTC;0;963,3;963,3;962,8;242,9;25,3;19,8;26,6;25,3;19,8;18,4;72;61;71;316;5,2;1,3;
2023/04/26;2100 UTC;0;963,5;963,6;963,3;20;23,9;20,1;25,3;23,8;20,3;19,7;80;71;79;332;3,1;1,8;
2023/04/26;2200 UTC;0;963,5;963,5;963,2;;22,7;19,8;23,9;22,7;20,7;19,8;88;79;84;331;3,1;1,4;
2023/04/26;2300 UTC;0;963,9;964;963,5;;23;19,5;23,4;22,4;20,2;19,2;87;78;80;74;3,6;1,2;
2023/04/27;0000 UTC;,2;964,4;964,5;963,9;;21,7;19,6;23;21,7;19,6;19,1;88;80;88;309;3,1;,4;
2023/04/27;0100 UTC;,2;964,4;964,5;964,3;;20,9;19,6;21,9;20,8;20,1;19,6;93;88;92;1;1,8;1;
2023/04/27;0200 UTC;,4;964,2;964,4;964,1;;21,2;19,8;21,3;20,6;20,2;19,5;94;92;92;20;3;1,2;
2023/04/27;0300 UTC;0;963,7;964,2;963,7;;20,5;19,5;21,2;20,4;19,8;19,3;94;92;94;313;2,9;,4;
2023/04/27;0400 UTC;0;963;963,7;963;;19,9;19;20,5;19,9;19,4;18,9;95;94;94;290;2,3;1;
2023/04/27;0500 UTC;0;962,4;963,1;962,4;;19,6;18,7;19,9;19,6;19;18,7;95;94;95;294;2,3;1,3;
2023/04/27;0600 UTC;0;962,2;962,4;962,1;;19,3;18,4;19,6;19,2;18,8;18,4;95;95;95;302;2,3;1,2;
2023/04/27;0700 UTC;0;961,9;962,2;961,9;;19,1;18,4;19,3;18,8;18,4;18;95;95;95;349;2;1,2;
2023/04/27;0800 UTC;0;961,9;961,9;961,8;;18,5;17,7;19,6;18,5;18,9;17,6;95;95;95;319;1,8;,8;
2023/04/27;0900 UTC;0;962,5;962,5;961,9;,4;18,4;17,7;18,9;18,4;18,1;17,6;95;95;95;316;1,9;1,3;
2023/04/27;1000 UTC;0;963,2;963,2;962,5;46;18,6;17,9;18,7;18,3;18;17,6;96;95;96;306;1,9;,7;
2023/04/27;1100 UTC;0;964;964;963,2;347,4;19,1;18,4;19,1;18,5;18,4;17,8;96;96;96;255;3,5;1,6;
2023/04/27;1200 UTC;0;964,5;964,5;964;1245,6;21,8;19,9;21,9;18,9;20,8;18,2;96;89;89;332;2,5;1,1;
2023/04/27;1300 UTC;0;964,6;964,7;964,5;2294,4;23,9;17,8;24,3;21,7;19,7;17,5;89;68;69;236;6,1;2,5;
2023/04/27;1400 UTC;0;963,8;964,6;963,8;2105,7;25,1;16,5;25,8;23,9;19,1;16,5;70;59;59;261;6,3;3,8;
2023/04/27;1500 UTC;,2;962,9;963,8;962,9;2036,3;26,2;15,6;27;25;17,6;15,6;61;52;52;276;6,5;3,3;
2023/04/27;1600 UTC;0;962,1;962,9;962,1;1877,7;26,7;17,6;27,2;26;17,8;15,2;58;51;57;347;5,2;2,4;
2023/04/27;1700 UTC;0;961,2;962,1;961,2;2349,8;28,5;15,1;28,5;26,4;17,9;14,6;58;44;44;293;3,9;1,7;
2023/04/27;1800 UTC;0;961;961,2;961;2014,9;28,5;16,5;28,9;27,9;17,3;14;51;41;48;335;4,5;2,1;
2023/04/27;1900 UTC;0;961;961;960,8;1264,9;28,2;17;28,7;27,7;17,6;16,1;53;47;51;2;4,1;2,1;
2023/04/27;2000 UTC;0;961,4;961,4;961;398,4;26,3;17,1;28,4;26,3;17,9;16,8;59;50;57;13;3,7;1,5;
2023/04/27;2100 UTC;0;962,1;962,1;961,4;25,7;24,4;17,8;26,5;24,4;17,9;16,3;67;54;67;88;5,7;3,3;
2023/04/27;2200 UTC;0;962,8;962,8;962,1;;22,8;17,6;24,4;22,8;17,8;17,5;73;67;73;56;5,9;1,6;
2023/04/27;2300 UTC;0;963,8;963,8;962,8;;22,4;18,2;22,8;22,3;18,2;17,6;77;73;77;54;3,8;2;
2023/04/28;0000 UTC;0;964,4;964,4;963,7;;21,8;18,3;22,4;21,8;18,5;18,2;81;77;81;70;5,4;2,8;
2023/04/28;0100 UTC;0;964,8;964,8;964,4;;21,4;18,1;21,8;21,4;18,3;18,1;82;80;82;74;5,2;1,7;
2023/04/28;0200 UTC;0;965;965,2;964,8;;21,1;18,1;21,4;20,8;18,3;18;85;82;83;38;3,3;1,1;
2023/04/28;0300 UTC;0;964,7;965;964,7;;21,3;18,1;21,4;21;18,2;18;84;81;82;56;2,5;,9;
2023/04/28;0400 UTC;,4;963,9;964,7;963,9;;20,6;18,6;21,3;20,6;18,7;18;89;81;89;102;2,7;1,8;
2023/04/28;0500 UTC;0;963,8;964;963,8;;20,6;19,3;20,6;20,4;19,3;18,6;92;89;92;112;2,7;1,2;
2023/04/28;0600 UTC;0;963,7;963,9;963,7;;20,6;19,1;20,7;20,5;19,3;19,1;92;91;91;89;2,1;,8;
2023/04/28;0700 UTC;0;963,7;963,8;963,6;;20,5;19,2;20,7;20,5;19,3;19,1;92;91;92;58;1,8;,8;
2023/04/28;0800 UTC;0;964,1;964,1;963,7;;20,1;18,9;20,5;20,1;19,2;18,9;93;92;93;84;3,3;1,9;
2023/04/28;0900 UTC;0;964,4;964,4;964,1;;20,2;19,2;20,2;20;19,2;18,8;94;93;94;69;3,8;1,3;
2023/04/28;1000 UTC;0;965;965;964,4;49,8;20,5;19,5;20,5;20,2;19,5;19,1;94;93;94;108;4,1;2,3;
2023/04/28;1100 UTC;0;965,7;965,7;965;193,1;20,8;19;20,9;20,5;19,6;18,8;94;89;89;99;7,6;3,2;
2023/04/28;1200 UTC;0;966,1;966,1;965,7;504,4;21,4;18,1;21,5;20,8;19,2;18;90;81;81;91;7,1;3,2;
2023/04/28;1300 UTC;0;966,6;966,7;966,1;668;21,6;18,1;21,9;21,3;18,3;17,8;82;79;80;93;6,1;2,8;
2023/04/28;1400 UTC;0;966,4;966,7;966,4;484,5;21,1;17,8;21,8;21;18,3;17,7;82;79;82;50;5,4;2,2;
2023/04/28;1500 UTC;0;966;966,4;966;720,7;21,9;17,8;22;21,1;18,2;17,4;82;76;78;51;4,6;2,1;
2023/04/28;1600 UTC;0;965,4;966;965,4;895,9;21,6;17,9;22,4;21,5;18,4;17,5;81;76;79;21;4,3;1,7;
2023/04/28;1700 UTC;0;965;965,4;965;568;22;17,9;22,2;21,6;18,5;17,6;81;76;77;46;3,7;2,3;
2023/04/28;1800 UTC;0;964,9;965;964,8;494,2;21,8;18,1;22,2;21,8;18,4;17,8;80;77;80;5;3,9;2,5;
2023/04/28;1900 UTC;0;965,3;965,3;964,9;262,7;21,6;17,9;21,9;21,6;18,2;17,8;80;78;80;8;3,9;1,8;
2023/04/28;2000 UTC;0;966;966;965,3;35,6;20,5;18,4;21,6;20,5;18,4;17,8;88;79;88;9;2,9;1,3;
2023/04/28;2100 UTC;,2;966,6;966,6;966;;20,1;18;20,6;20;18,6;18;91;88;88;41;4,2;2,2;
2023/04/28;2200 UTC;0;967,3;967,3;966,6;;19,7;17,8;20,1;19,7;18;17,7;89;87;89;40;4,2;1,4;
2023/04/28;2300 UTC;1,8;967,9;967,9;967,3;;19,2;17,9;19,7;19,1;18;17,8;93;89;93;42;3,7;2;
2023/04/29;0000 UTC;0;968,5;968,5;967,9;;18,9;17,7;19,2;18,9;17,9;17,7;93;92;93;12;5,2;1,3;
2023/04/29;0100 UTC;0;968,7;968,7;968,5;;18,6;17,3;18,9;18,5;17,7;17,3;94;92;92;22;3;1,2;
2023/04/29;0200 UTC;0;968,4;968,7;968,3;;18,4;17;18,7;18,4;17,3;16,9;92;90;92;304;3,3;1;
2023/04/29;0300 UTC;0;967,9;968,4;967,9;;18,8;17,2;18,8;18,3;17,2;16,9;92;91;91;116;2,1;1;
2023/04/29;0400 UTC;0;967,6;968;967,6;;18,7;17,3;18,9;18,7;17,5;17;92;89;91;67;2,7;1,7;
2023/04/29;0500 UTC;0;967,3;967,6;967,2;;18,7;17,4;18,7;18,5;17,5;17,2;93;91;92;98;2,7;1,2;
2023/04/29;0600 UTC;0;966,8;967,3;966,8;;18,7;17,6;18,8;18,6;17,6;17,4;93;92;93;76;2,8;1,2;
2023/04/29;0700 UTC;0;966,9;966,9;966,8;;18,7;17,7;18,7;18,7;17,7;17,6;94;93;94;76;3;1,9;
2023/04/29;0800 UTC;0;967,2;967,2;966,8;;18,9;17,9;18,9;18,7;17,9;17,7;94;94;94;90;3;1,6;
2023/04/29;0900 UTC;0;967,7;967,7;967,2;;19;18;19;18,9;18;17,9;94;94;94;104;2,7;1,7;
2023/04/29;1000 UTC;0;968,2;968,2;967,7;23,9;19,1;17,3;19,1;19;18;17,3;94;89;89;99;4;2,3;
2023/04/29;1100 UTC;0;968,8;968,8;968,2;201,6;19,6;17,1;19,6;19,1;17,4;16,6;90;85;85;106;3,7;1,7;
2023/04/29;1200 UTC;0;969;969;968,7;610,7;20,3;16,7;20,5;19,6;17,2;16,5;86;79;80;93;4,4;2,4;
2023/04/29;1300 UTC;0;968,9;969,2;968,9;1360,7;21,7;17,2;21,7;20,2;17,5;16,7;81;75;75;104;6,4;3,4;
2023/04/29;1400 UTC;0;968,1;968,9;968,1;1841,3;22,8;17;23,1;21,5;17,6;16,7;76;69;70;80;7,3;3,3;
2023/04/29;1500 UTC;0;967,3;968,1;967,2;2286,2;23,7;17,2;24,5;22,7;17,9;16,6;72;64;67;102;7,3;4,1;
2023/04/29;1600 UTC;0;966,4;967,3;966,3;2173,2;24,1;17,1;24,5;23,5;17,9;16,8;68;63;65;116;8,5;4,2;
2023/04/29;1700 UTC;0;965,6;966,4;965,6;1638,8;24,7;17,2;25,7;23,9;18,3;17,1;67;60;63;117;7;3,7;
2023/04/29;1800 UTC;0;965,4;965,6;965,3;517,8;24,2;17,9;24,8;24,1;17,9;17,2;68;63;68;143;6,5;3,1;
2023/04/29;1900 UTC;2,4;965,7;965,9;965,3;218,5;21,9;18,7;24,2;21,8;19,3;17,6;85;67;82;188;7,1;1,7;
2023/04/29;2000 UTC;0;966,1;966,1;965,7;141,8;21,7;19,1;21,9;21,4;19,3;18,7;88;82;85;110;5,7;3,1;
2023/04/29;2100 UTC;0;966,7;966,7;966,1;24,2;21,2;18,5;21,8;21,2;19;18,5;86;84;84;114;5,3;3,3;
2023/04/29;2200 UTC;0;967,4;967,4;966,7;;20,9;18,1;21,2;20,9;18,5;18,1;85;83;84;95;5;1,6;
2023/04/29;2300 UTC;0;968;968;967,4;;20,5;18,1;20,9;20,5;18,4;18,1;87;84;86;69;3;1,2;
2023/04/30;0000 UTC;0;968,2;968,3;968;;20,5;18,2;20,5;20,4;18,2;18,1;87;86;86;92;2,6;1,2;
2023/04/30;0100 UTC;0;968,3;968,3;968,2;,2;20,5;18,4;20,6;20,5;18,4;18,1;88;86;88;89;2,4;,8;
2023/04/30;0200 UTC;0;968,4;968,4;968,1;;20,4;18,8;20,5;20,1;19;18,5;92;88;91;49;2,1;1,4;
2023/04/30;0300 UTC;0;968,1;968,4;968,1;,1;20,2;18,8;20,4;20,2;18,8;18,7;92;90;92;38;3;1,4;
2023/04/30;0400 UTC;0;967,3;968,1;967,3;;19,8;18,5;20,3;19,8;18,9;18,5;92;92;92;109;3;1,9;
2023/04/30;0500 UTC;0;966,8;967,3;966,8;;19,9;18,8;19,9;19,7;18,8;18,5;94;92;94;102;3,9;1,4;
2023/04/30;0600 UTC;0;966,5;966,8;966,5;;19,7;18,8;19,9;19,5;18,9;18,5;95;93;95;10;2,3;1,5;
2023/04/30;0700 UTC;0;966,7;966,7;966,5;;19,9;18,9;19,9;19,6;18,9;18,7;95;94;94;44;2,5;,8;
2023/04/30;0800 UTC;0;966,8;966,8;966,7;;20;18,9;20;19,9;18,9;18,8;94;93;93;51;2,5;1,4;
2023/04/30;0900 UTC;0;967,2;967,2;966,8;;19,9;18,9;20;19,9;19;18,8;94;93;94;68;2,3;,7;
2023/04/30;1000 UTC;,2;967,7;967,7;967,2;38,8;20;19,1;20;19,8;19,1;18,8;95;94;94;90;2;1,3;
2023/04/30;1100 UTC;0;968,2;968,2;967,7;237,4;20,7;19,6;20,7;20;19,6;19,1;95;93;94;100;3,4;1,8;
2023/04/30;1200 UTC;0;968,9;968,9;968,2;473,5;21,5;19,4;21,5;20,7;19,7;18,9;94;86;87;72;4;1;
2023/04/30;1300 UTC;0;968,9;969;968,9;1368,1;23,5;19,1;23,5;21,5;19,4;18,3;87;76;76;104;3,5;1,6;
2023/04/30;1400 UTC;0;968,2;968,9;968,2;2532,1;24,8;18,3;24,9;22,8;19,5;17,7;77;67;67;109;4,5;2,2;
2023/04/30;1500 UTC;0;967,3;968,2;967,3;2578,6;25,8;17,5;26,5;24,5;19,1;17,3;69;59;60;129;5,3;2,3;
2023/04/30;1600 UTC;0;966;967,3;966;2090,7;27,1;18;27,1;25,3;18,5;16,6;65;55;58;94;4,6;2,1;
2023/04/30;1700 UTC;0;965,1;966;965,1;1505,3;26,4;17,9;27,1;25,8;18,4;16,8;61;55;59;90;5,5;1,8;
2023/04/30;1800 UTC;0;964,2;965,1;964,2;1974;27,7;17,1;28;26,4;18,6;16,6;61;51;52;71;4,9;2;
2023/04/30;1900 UTC;0;964,3;964,3;964,2;1293,9;26,6;18,8;27,9;26,4;18,9;17;63;52;63;334;4,4;2,3;
2023/04/30;2000 UTC;0;964,5;964,6;964,1;191,5;23,5;19,1;26,7;23,5;19,1;18,5;76;62;76;331;5;2,9;
2023/04/30;2100 UTC;,6;964,7;964,8;964,1;28,3;21,3;17,6;23,6;21,3;19;15,6;80;62;80;106;10,1;3,2;
2023/04/30;2200 UTC;2,4;965,7;965,7;964,4;;20,4;18;21,3;19,7;18,6;17,4;93;80;86;277;6,9;2,8;
2023/04/30;2300 UTC;0;966,3;966,3;965,7;;20,4;18,4;21,4;20;18,5;17,7;88;83;88;347;5,2;2;
2023/05/01;0000 UTC;0;967;967;966,3;;20;17,8;20,9;20;18,9;17,7;90;85;87;58;4,6;1,8;
2023/05/01;0100 UTC;0;966,6;967;966,5;;20;18,4;20,3;19,6;18,5;17,8;92;87;90;120;3,9;1;
2023/05/01;0200 UTC;0;966,1;966,9;966,1;;19,8;18,6;20,5;19,6;18,8;18,3;93;88;93;301;2,4;,8;
2023/05/01;0300 UTC;0;966,5;966,5;966;;19,7;18,6;20,1;19,5;19;18,4;94;92;93;127;4,4;1,4;
2023/05/01;0400 UTC;0;966,6;966,8;966,5;;18,5;17,5;19,8;18,4;18,6;17,5;94;92;94;109;3;,9;
2023/05/01;0500 UTC;0;966,3;966,6;966,2;;18,7;17,7;18,7;18,4;17,7;17,4;95;94;94;114;4,4;3,3;
2023/05/01;0600 UTC;0;966,4;966,5;966,2;;17,2;16,2;18,7;17,2;17,7;16,2;94;93;94;10;4,4;1,4;
2023/05/01;0700 UTC;0;966,2;966,4;966,2;;17,3;16,3;18,4;17,1;17,3;16,1;95;91;94;356;3,2;1,5;
2023/05/01;0800 UTC;0;966,2;966,2;966,1;;17,1;16,1;17,8;17,1;16,8;16,1;94;93;94;349;2,1;,8;
2023/05/01;0900 UTC;0;966,3;966,4;966,2;;16,3;15,4;17,3;16,3;16,4;15,4;95;94;95;339;1,8;1,1;
2023/05/01;1000 UTC;0;966,8;966,8;966,3;47,8;16,9;16,1;16,9;16;16,1;15,3;95;95;95;116;3,4;1,6;
2023/05/01;1100 UTC;0;967,4;967,4;966,8;375,7;17,7;17;17,8;16,9;17,1;16,2;96;95;96;338;3,1;,7;
2023/05/01;1200 UTC;0;967,6;967,7;967,4;704,6;19,1;17,6;19,3;17,6;18,2;16,9;96;91;91;35;2,2;,7;
2023/05/01;1300 UTC;0;967,6;967,7;967,5;1369;21,1;18,6;21,1;19,1;18,6;16,8;91;82;86;163;3,3;1,4;
2023/05/01;1400 UTC;0;966,8;967,6;966,8;2598,7;22,1;17,6;22,6;20,3;18,3;16,9;86;73;75;204;3,9;1,5;
2023/05/01;1500 UTC;0;965,8;966,8;965,8;2845,4;25;17,2;25,1;22,1;18,1;16,5;76;61;62;319;3,9;1;
2023/05/01;1600 UTC;0;964,7;965,8;964,7;2781,4;25,6;16,2;26,5;24,4;17,8;16,1;64;55;56;144;3,8;1,9;
2023/05/01;1700 UTC;0;963,5;964,7;963,5;2501,4;27;14,2;27;25,3;17;14,2;59;46;46;99;4;1,7;
2023/05/01;1800 UTC;0;962,9;963,5;962,9;2024,7;27,4;15,6;27,9;26,8;16,6;13,8;51;44;49;101;4,1;1,8;
2023/05/01;1900 UTC;0;962,6;962,9;962,4;1326,1;27,7;15,8;27,9;27;16,3;15;50;46;48;36;3,6;1,2;
2023/05/01;2000 UTC;0;962,5;962,6;962,4;537,6;25,7;16,3;28,2;25,7;16,6;15,2;56;48;56;354;3,2;1,4;
2023/05/01;2100 UTC;0;962,7;962,8;962,5;20,1;23,5;17,1;25,7;23,3;17,2;16,1;68;57;67;30;2,5;1,5;
2023/05/01;2200 UTC;0;963,6;963,6;962,7;;22,7;16,9;23,7;22,7;17,2;16,6;70;66;70;57;2,5;1,4;
2023/05/01;2300 UTC;0;964,6;964,6;963,6;;21,9;17,9;22,7;21,9;17,9;16,9;78;70;78;64;4,5;2;
2023/05/02;0000 UTC;0;965;965;964,6;;21,4;18,1;22,1;21,4;18,2;17,7;82;76;82;54;4,9;2,6;
2023/05/02;0100 UTC;0;965,4;965,4;965;;21,7;18,4;21,8;20,6;18,5;17,7;85;81;82;113;4,8;2,6;
2023/05/02;0200 UTC;0;965,3;965,5;965,3;;20,9;18,4;21,7;20,6;18,8;17,9;88;82;86;79;4,7;1,7;
2023/05/02;0300 UTC;0;965,3;965,5;965,3;;20;18,5;20,9;19,9;18,7;18,1;91;86;91;308;3,2;,4;
2023/05/02;0400 UTC;0;964,9;965,3;964,9;;19,1;17,6;20,1;18,7;18,7;17,3;92;90;91;71;2,4;,6;
2023/05/02;0500 UTC;0;964,8;965;964,8;;17,8;16,7;19,5;17,8;17,9;16;94;86;94;7;2,9;1,3;
2023/05/02;0600 UTC;0;964,6;965;964,6;;18;16,8;18,3;17,5;17,1;16,3;94;92;93;112;1,9;1;
2023/05/02;0700 UTC;0;964,6;964,7;964,6;;17,2;16;18;17,1;16,8;15,9;94;92;93;78;2,2;1,4;
2023/05/02;0800 UTC;0;964,6;964,6;964,4;;16,7;15,7;17,2;16,3;15,9;15,2;94;92;94;88;2,2;1;
2023/05/02;0900 UTC;0;964,7;964,7;964,5;;16;15;16,7;16;15,7;14,9;94;92;94;70;2,3;,6;
2023/05/02;1000 UTC;0;965,6;965,6;964,7;51,1;15,8;14,9;16,7;15,8;15,5;14,6;94;91;94;340;1,8;1,2;
2023/05/02;1100 UTC;0;966,2;966,2;965,6;310,3;17,8;16,4;17,8;15,8;16,4;15;95;92;92;237;2,1;,4;
2023/05/02;1200 UTC;0;966,5;966,5;966,2;1473,4;21,1;16,1;21,2;17,8;16,6;15,1;92;72;74;85;2,5;1,3;
2023/05/02;1300 UTC;0;966,3;966,6;966,3;2153;22,6;16,2;22,7;21;17,1;15,9;75;67;67;138;3,6;1,3;
2023/05/02;1400 UTC;0;965,7;966,3;965,7;2536,6;24,6;16,5;24,6;22,4;17,4;15,9;69;61;61;91;4;1,3;
2023/05/02;1500 UTC;0;964,5;965,7;964,5;2834,8;25,1;15,8;25,6;24,1;17;15,7;63;55;56;89;4,5;1,8;
2023/05/02;1600 UTC;0;963,4;964,5;963,4;2780;26,5;14,9;26,9;25,1;17,1;14,8;59;48;49;91;4,6;2,2;
2023/05/02;1700 UTC;0;962,6;963,4;962,6;2477,2;28;15,8;28;26,4;16,1;14,4;52;45;48;107;4,3;2;
2023/05/02;1800 UTC;0;962,1;962,6;962,1;1965,8;27,9;15,8;28,5;27,5;16;14,1;48;42;48;24;4,3;2;
2023/05/02;1900 UTC;0;962;962,1;961,9;1209,9;27,5;15,1;28,4;27,5;15,6;14,2;48;43;47;118;3,5;2;
2023/05/02;2000 UTC;0;962,4;962,5;962;381;24,7;17,9;28,2;24,7;17,9;14,7;66;45;66;315;4,2;1,4;
2023/05/02;2100 UTC;0;963;963;962,4;19;23,8;18;24,7;23,4;18,3;17,9;73;66;70;51;2,5;1,2;
2023/05/02;2200 UTC;0;963,9;963,9;963;;23,4;17,7;23,9;23,4;18;17,6;71;68;70;74;4,8;2,6;
2023/05/02;2300 UTC;0;964,8;964,8;963,9;;22,5;18,1;23,5;22,5;18,1;17,7;76;70;76;66;5,9;2,9;
2023/05/03;0000 UTC;0;965,3;965,3;964,8;;21,9;18,5;22,6;21,9;18,5;18,1;81;76;81;55;6,4;2,8;
2023/05/03;0100 UTC;0;965,5;965,5;965,3;;21,5;17,2;22;21,5;18,5;17,2;82;76;77;7;4,9;2;
2023/05/03;0200 UTC;0;965,4;965,6;965,4;;21,4;18,1;22;21,1;18,2;17,2;82;77;81;48;4,2;1,5;
2023/05/03;0300 UTC;0;964,9;965,4;964,9;;20,6;18;21,4;20,5;18,1;17,8;85;81;85;84;2,8;2,1;
2023/05/03;0400 UTC;0;964,5;965;964,5;;19,8;17,8;20,6;19,4;18,3;17,3;91;85;88;94;2,8;1;
2023/05/03;0500 UTC;0;964,3;964,5;964,3;;18,9;17,9;19,8;18,4;18,3;16,9;94;88;94;3;2;1,2;
2023/05/03;0600 UTC;0;964,2;964,3;964,2;;19,6;18,4;19,6;18,8;18,5;17,5;94;92;93;335;1,6;,2;
2023/05/03;0700 UTC;0;964,3;964,3;964,2;;19,1;18;19,8;19;18,6;17,9;93;92;93;348;1,5;,9;
2023/05/03;0800 UTC;0;964,4;964,5;964,3;;19,2;18,1;19,3;19;18,2;17,9;93;93;93;329;1,3;,7;
2023/05/03;0900 UTC;0;964,9;964,9;964,4;;19,3;18,4;19,3;18,9;18,4;17,8;94;93;94;58;1,7;,8;
2023/05/03;1000 UTC;0;965,7;965,7;964,9;36,3;19,5;18;19,5;19,2;18,4;17,6;94;90;91;50;2,4;,9;
2023/05/03;1100 UTC;0;966,7;966,7;965,7;235,8;19,7;17,9;19,7;19,1;18,3;17,9;93;89;89;251;1,7;,5;
2023/05/03;1200 UTC;0;967;967;966,7;512,5;20,9;17,4;20,9;19,7;17,9;17,2;89;81;81;73;1,8;1;
2023/05/03;1300 UTC;0;967;967,1;966,9;1217,3;22,2;16,9;22,5;20,8;18;16,7;82;71;72;141;3,4;2,1;
2023/05/03;1400 UTC;0;966,3;967;966,3;1734,4;23;16,9;23,5;21,9;17,6;16,6;73;67;69;117;4,2;1,7;
2023/05/03;1500 UTC;0;965,4;966,3;965,4;2678,9;25,1;16,9;25,6;23;17,9;16,4;70;60;61;123;3,9;1,5;
2023/05/03;1600 UTC;0;964,5;965,4;964,5;2696,7;26;16,6;26,4;24,8;17,5;16,4;62;55;56;237;3,4;1,7;
2023/05/03;1700 UTC;0;963,4;964,5;963,4;2391,4;27,1;16,3;27,4;25,8;17,5;16,1;58;51;52;93;3,6;1;
2023/05/03;1800 UTC;0;963,1;963,4;963,1;1796,4;27,7;15,7;28;27,1;17,2;15,7;54;47;48;92;3,5;1,4;
2023/05/03;1900 UTC;0;963;963,1;963;1247,8;27,8;16;28,5;27,4;16,6;15,2;51;46;49;76;3,5;1;
2023/05/03;2000 UTC;0;963,4;963,4;963;519,5;26,4;17,1;28,1;26,4;17,2;16;57;48;57;357;2,3;1,2;
2023/05/03;2100 UTC;0;963,8;963,8;963,4;23;23,4;18,1;26,4;23,4;18,2;17;72;56;72;342;2,7;1,7;
2023/05/03;2200 UTC;0;964,7;964,7;963,8;;23,7;18,1;24;23,1;18,2;17,8;73;70;71;69;2,7;1,8;
2023/05/03;2300 UTC;0;965,5;965,5;964,7;;22,9;18,5;23,7;22,9;18,6;18,1;77;71;76;89;4,4;2,4;
2023/05/04;0000 UTC;0;965,9;965,9;965,5;;21,7;18,7;22,9;21,6;18,9;18,4;83;76;83;22;4,1;1,7;
2023/05/04;0100 UTC;0;966,2;966,2;965,9;;22;18,9;22,2;21,8;18,9;18,7;83;81;82;40;3,1;1,6;
2023/05/04;0200 UTC;0;966;966,2;966;;21,8;18,6;22,2;21,8;18,9;18,6;83;82;82;41;2,7;1,6;
2023/05/04;0300 UTC;0;965,8;966;965,8;;21,3;18,4;21,8;21,2;18,6;18,4;84;82;84;49;3,4;1,3;
2023/05/04;0400 UTC;0;965,7;965,8;965,6;;21,1;18,3;21,3;20,9;18,5;18,3;85;84;84;22;2;,8;
2023/05/04;0500 UTC;0;965,3;965,7;965,3;;20;18,4;21,1;20;18,4;18,1;90;84;90;53;2,3;1,5;
2023/05/04;0600 UTC;0;965,5;965,5;965,3;;19,9;18,6;20,1;19,7;18,6;18,2;93;90;93;106;2,3;1,2;
2023/05/04;0700 UTC;0;965,9;965,9;965,5;;19,8;18,8;20;19,8;18,8;18,6;94;93;94;76;2,2;1;
2023/05/04;0800 UTC;0;965,9;965,9;965,7;;20,1;18,9;20,1;19,8;19;18,8;94;93;93;101;2,9;1,2;
2023/05/04;0900 UTC;0;966,4;966,4;965,8;;19,9;18,9;20,1;19,8;18,9;18,7;94;93;94;225;1,7;,4;
2023/05/04;1000 UTC;0;967;967;966,4;27,6;20,3;19,1;20,3;19,9;19,2;18,9;94;93;93;69;1,1;,6;
2023/05/04;1100 UTC;0;967,7;967,7;967;148,1;20,6;18,1;20,7;20,3;19,2;18,1;93;85;85;162;2,1;1,1;
2023/05/04;1200 UTC;0;968,4;968,4;967,7;473,8;21,8;18,2;21,8;20,6;18,5;18,1;86;80;80;94;2;,5;
2023/05/04;1300 UTC;0;968,4;968,5;968,4;1037,1;23;17,4;23;21,7;18,5;17,2;81;71;71;142;2,8;,9;
2023/05/04;1400 UTC;0;967,5;968,4;967,5;1920,3;23,6;17,8;24,4;22,9;18,6;17;72;65;70;156;3,5;,9;
2023/05/04;1500 UTC;0;966,8;967,5;966,8;2443,3;25,3;17,9;25,5;23,6;18,4;17,4;70;63;64;340;3,9;1,3;
2023/05/04;1600 UTC;0;965,7;966,8;965,7;2691,5;26;17,8;26,7;24,7;18,5;17,1;65;58;61;71;3,6;1,8;
2023/05/04;1700 UTC;0;964,8;965,7;964,8;2300,9;26,7;17,2;27,2;25,9;18,7;16,9;61;54;56;129;3,6;1,6;
2023/05/04;1800 UTC;0;964,3;964,8;964,3;1867,8;28;17,2;28,1;26,7;18,5;16,8;58;52;52;103;3,4;1,4;
2023/05/04;1900 UTC;0;964,4;964,4;964,3;1234,1;27,9;16,8;28,3;27,5;18,1;15,8;55;48;51;46;3,4;1,3;
2023/05/04;2000 UTC;0;965;965;964,3;493;27;17,8;28,1;27;17,9;16,8;57;51;57;54;3;,9;
2023/05/04;2100 UTC;0;965,4;965,4;965;26,1;24,4;17,7;27;24,4;17,9;17,5;66;57;66;35;1,8;1,1;
2023/05/04;2200 UTC;0;966,1;966,1;965,4;;23,1;18,6;24,4;23;19;17,7;77;66;76;316;2,3;1,1;
2023/05/04;2300 UTC;0;967,1;967,1;966,1;;22,4;17,8;23,1;22;18,6;17,6;79;75;75;41;2,5;1;
2023/05/05;0000 UTC;0;967,9;967,9;967,1;;21,8;18,7;22,4;21,2;18,8;17,8;83;75;83;36;2;,4;
2023/05/05;0100 UTC;0;968,2;968,3;967,9;;20;18,4;21,8;20;18,9;18,1;91;83;91;337;1;,8;
2023/05/05;0200 UTC;0;968,2;968,4;968,2;;21;18,2;21,1;19,8;18,9;17,8;91;83;84;116;1,3;1;
2023/05/05;0300 UTC;0;967,8;968,2;967,8;;20,4;18,8;21;20;18,8;17,7;91;84;91;132;1,8;1,2;
2023/05/05;0400 UTC;0;967,6;967,8;967,6;;18,7;17,7;20,4;18,6;18,8;17,4;94;88;94;323;1,8;1,1;
2023/05/05;0500 UTC;0;967,6;967,7;967,5;;18,4;17,2;18,8;18,4;17,7;17,2;94;93;93;323;1,8;1,4;
2023/05/05;0600 UTC;0;967,3;967,6;967,3;;18,8;17,8;18,8;17,9;17,8;16,9;94;93;94;22;2;,5;
2023/05/05;0700 UTC;0;967,2;967,3;967,1;;18,6;17,4;19,1;18,6;18;17,4;94;92;93;148;1,3;,5;
2023/05/05;0800 UTC;0;967,7;967,7;967,2;;17,7;16,8;18,6;17,7;17,4;16,8;95;93;95;340;1,5;1;
2023/05/05;0900 UTC;0;968,5;968,5;967,7;;18,7;17,9;18,7;17,7;17,9;16,8;95;95;95;334;1,5;,5;
2023/05/05;1000 UTC;0;969,1;969,1;968,5;36,1;19;18,3;19;18,4;18,3;17,6;95;95;95;320;1,1;,6;
2023/05/05;1100 UTC;0;969,5;969,5;969,1;310,8;20,2;19,2;20,3;19;19,2;18,2;95;94;94;321;1,1;,5;
2023/05/05;1200 UTC;0;969,9;969,9;969,5;465,9;20,8;19,3;21,1;20,2;19,5;18,8;94;89;92;7;2;1,2;
2023/05/05;1300 UTC;0;970,3;970,4;969,9;767,6;22,2;19,5;22,2;20,4;19,9;18,7;93;84;85;27;2,4;1,2;
2023/05/05;1400 UTC;0;969,8;970,4;969,8;1367,8;23,3;18,9;23,7;22;19,4;18,5;85;75;76;278;2,6;1;
2023/05/05;1500 UTC;0;968,6;969,8;968,6;2303,1;25,6;18,9;25,9;23,3;20;18,8;77;67;67;102;4,4;1,5;
2023/05/05;1600 UTC;0;967,6;968,6;967,6;2460;27,1;18,9;27,9;25,5;20,5;18,6;68;59;61;108;4,1;1,9;
2023/05/05;1700 UTC;0;966,6;967,6;966,6;2356;28,3;17,5;28,7;26,9;19,3;16,1;62;48;52;105;4,4;1,7;
2023/05/05;1800 UTC;0;966,1;966,6;966,1;1861,5;28,7;16,6;29,3;28,1;18,5;15,4;53;44;48;111;4;2,5;
2023/05/05;1900 UTC;0;965,8;966,1;965,8;1235;28,8;14,9;29,1;28,6;16,7;14,9;49;42;43;86;4,2;2,4;
2023/05/05;2000 UTC;0;966,1;966,1;965,7;518,6;27,9;16,3;28,8;27,9;16,4;14,4;50;42;49;113;4,5;1,9;
2023/05/05;2100 UTC;0;967,2;967,2;966,1;28,7;25,3;17;27,9;25,3;17;15,9;60;49;60;110;4,1;1,7;
2023/05/05;2200 UTC;0;968,1;968,1;967,2;;23,2;18,5;25,2;23,2;18,6;17;75;60;75;71;5;2,2;
2023/05/05;2300 UTC;0;969,1;969,1;968,1;;22,5;19;23,2;22,3;19,4;18,5;82;75;81;42;5,4;2,5;
2023/05/06;0000 UTC;0;969,6;969,7;969,1;;21,7;19,4;22,5;21,6;19,4;18,9;87;81;87;26;4,5;1,9;
2023/05/06;0100 UTC;0;969,8;969,9;969,6;;21,7;18,7;21,9;21,6;19,4;18,7;87;83;83;37;4,2;2,3;
2023/05/06;0200 UTC;0;969,9;970;969,8;;21,1;18,1;21,8;21,1;18,7;18,1;83;81;83;64;4,7;1,3;
2023/05/06;0300 UTC;0;969,6;969,9;969,6;;21,3;18,5;21,3;21;18,5;18;84;83;84;94;2,5;,9;
2023/05/06;0400 UTC;0;969,2;969,6;969,1;;21,2;18,7;21,4;21;18,7;18,3;86;84;85;99;2,6;1,3;
2023/05/06;0500 UTC;0;968,9;969,2;968,8;;21;18,8;21,3;20,9;19;18,6;88;85;88;122;3,4;2;
2023/05/06;0600 UTC;0;968,5;968,9;968,5;;20,5;18,7;21;20,5;18,8;18,4;90;85;90;51;3,6;,9;
2023/05/06;0700 UTC;0;968;968,5;968;;19,8;18,8;20,5;19,7;18,8;18,7;94;90;94;332;1,5;,7;
2023/05/06;0800 UTC;0;968,1;968,1;967,9;;19,8;18,8;20;19,8;19;18,7;94;93;94;105;1,7;1,2;
2023/05/06;0900 UTC;0;969,1;969,1;968,1;;19,5;18,5;19,8;19,4;18,7;18,4;94;93;94;84;2;1,1;
2023/05/06;1000 UTC;0;969,6;969,6;969,1;46,6;18,7;18;19,4;18,7;18,5;18;96;94;96;72;2,1;1,4;
2023/05/06;1100 UTC;0;970,2;970,2;969,6;279,3;19;18,3;19,1;18,7;18,4;18;96;96;96;50;2,6;,9;
2023/05/06;1200 UTC;0;970,8;970,8;970,2;656,8;20,2;19,5;20,2;18,9;19,5;18,2;96;96;96;91;1,7;,6;
2023/05/06;1300 UTC;0;970,6;970,8;970,6;1627,9;22,9;18,6;23,5;20,1;20,6;18,4;96;76;77;112;3,9;2,5;
2023/05/06;1400 UTC;0;969,5;970,6;969,5;2372,1;24,6;17,3;25,1;22,6;19,1;16,9;78;62;64;138;4,4;1,3;
2023/05/06;1500 UTC;0;968,4;969,5;968,4;2510,2;26,1;17,3;26,3;24,5;17,8;16,6;65;57;58;118;4,2;2;
2023/05/06;1600 UTC;0;967,4;968,4;967,4;2194,7;25,8;16,6;27,1;25,8;17,9;16;60;53;57;91;4,2;2,1;
2023/05/06;1700 UTC;0;966,5;967,4;966,5;2129,8;27,4;16,4;27,6;25,8;17,8;15,8;58;49;51;98;4,7;1,6;
2023/05/06;1800 UTC;0;966;966,5;966;1803,4;28;16,2;28;27;16,6;14,9;52;46;49;133;4,7;1,7;
2023/05/06;1900 UTC;0;965,9;966,1;965,9;1239,3;27,6;15;28,6;27,5;16,5;14,5;50;45;46;165;4,3;1,9;
2023/05/06;2000 UTC;0;966,2;966,3;965,9;476,9;26,8;15;28;26,8;15,3;14,1;49;43;49;116;3,2;2;
2023/05/06;2100 UTC;0;967;967;966,2;19;22,7;18,1;26,8;22,6;18,1;15,1;75;49;75;345;3,3;1,1;
2023/05/06;2200 UTC;0;967,6;967,6;967;;23;17,6;23,8;22,3;18,3;16,8;78;66;72;68;4;2,4;
2023/05/06;2300 UTC;0;968,2;968,3;967,6;;22;18,2;23;21,9;18,3;17,6;79;72;79;36;4,7;2,9;
2023/05/07;0000 UTC;0;968,5;968,5;968,2;;21,6;18,6;22;21,6;18,7;18,1;83;79;83;39;4,5;2,6;
2023/05/07;0100 UTC;0;968,8;968,8;968,5;;21,1;18,3;21,7;21;18,6;18,3;85;83;84;38;4,5;2,5;
2023/05/07;0200 UTC;0;968,7;968,9;968,5;;21;18;21,2;20,9;18,3;17,8;84;82;83;24;4;1,7;
2023/05/07;0300 UTC;0;968,6;968,7;968,6;;20,3;18,2;21,2;20,2;18,2;17,5;88;82;88;80;3,2;2;
2023/05/07;0400 UTC;0;968,1;968,6;968,1;;19,9;18;20,4;19,9;18,2;17,9;89;87;89;54;3,8;1,2;
2023/05/07;0500 UTC;0;967,5;968,1;967,5;;20,4;18,3;20,4;19,8;18,7;18;92;88;88;135;2,4;1,1;
2023/05/07;0600 UTC;0;967,3;967,5;967,3;;20,3;17,8;20,4;20,2;18,3;17,8;88;86;86;102;3,5;1,5;
2023/05/07;0700 UTC;0;967,1;967,3;967;;20,1;18,1;20,3;20,1;18,1;17,6;88;85;88;84;2,9;1,3;
2023/05/07;0800 UTC;0;966,8;967,1;966,7;;19,8;18,4;20,1;19,8;18,4;18;92;88;92;60;2,6;1,5;
2023/05/07;0900 UTC;0;967,3;967,3;966,8;;19,5;18,1;19,8;19,5;18,4;18,1;92;91;92;77;2,6;,9;
2023/05/07;1000 UTC;0;968;968;967,3;51,6;19,3;18,2;19,5;19,2;18,2;18,1;93;92;93;95;2,3;1,3;
2023/05/07;1100 UTC;0;968,7;968,7;968;246,9;20,1;17,7;20,1;19,3;18,5;17,6;93;86;86;70;2,1;1;
2023/05/07;1200 UTC;0;969,3;969,3;968,7;546,5;21,2;18,4;21,2;20,1;18,4;17,7;86;83;84;67;2,6;1,3;
2023/05/07;1300 UTC;0;969,4;969,4;969,3;1384,7;23,8;17,9;24;21,3;18,9;17,7;84;69;70;82;5,4;2,7;
2023/05/07;1400 UTC;0;968,5;969,4;968,5;2246;25,4;16,9;25,9;23,6;18;16,5;70;58;60;104;6,1;3,2;
2023/05/07;1500 UTC;0;967,7;968,5;967,7;2822,7;26,7;15,4;26,9;25,2;17,5;15,4;60;50;50;83;7;2,7;
2023/05/07;1600 UTC;0;966,7;967,7;966,7;2747,9;27,3;15,4;27,8;26,3;16,4;14,7;51;46;48;72;7,3;2,5;
2023/05/07;1700 UTC;0;966,1;966,7;966,1;2399,3;28;15,1;28,4;27,1;16,4;14,7;50;45;45;105;6,1;3;
2023/05/07;1800 UTC;0;965,8;966,1;965,8;1114,2;27,1;15,5;28;26,8;16;14,7;50;45;49;106;6,3;2,9;
2023/05/07;1900 UTC;0;965,6;965,8;965,6;668,7;26,9;15,5;27,4;26,7;15,8;15,2;51;48;50;120;5,2;2,3;
2023/05/07;2000 UTC;0;966;966;965,6;204,3;25,6;15,7;26,9;25,6;15,7;15,3;54;49;54;96;4,7;2,3;
2023/05/07;2100 UTC;0;966,3;966,3;966;11,7;23,5;17;25,6;23,5;17;15,8;67;54;67;87;3,5;1,2;
2023/05/07;2200 UTC;0;967;967;966,3;;22,6;17,5;23,4;21,5;17,8;16,9;79;67;73;50;2;,6;
2023/05/07;2300 UTC;0;967,4;967,4;967;;20,5;17,7;23,1;20,4;17,7;17;84;70;84;352;2,4;,9;
2023/05/08;0000 UTC;0;967,6;967,6;967,5;;21;17,7;22,1;20,4;18;17;84;75;81;107;1,2;,3;
2023/05/08;0100 UTC;0;967,6;967,6;967,4;;20,7;17,7;21,2;19,8;17,8;16,8;86;80;83;19;1,6;1,3;
2023/05/08;0200 UTC;0;967,4;967,7;967,4;;20,2;17,2;20,7;19,8;17,7;17,1;86;83;83;49;2,5;1,5;
2023/05/08;0300 UTC;0;967,2;967,4;967,2;;19,5;17,2;20,2;19,2;17,5;16,7;88;83;87;126;2,2;,9;
2023/05/08;0400 UTC;0;967,3;967,3;967,1;;18,9;17,1;19,5;18,9;17,2;17;90;87;90;67;1,5;,7;
2023/05/08;0500 UTC;0;967,3;967,3;967,2;;17,4;16,5;18,8;17,3;17,1;16,2;94;88;94;328;1,6;,9;
2023/05/08;0600 UTC;0;967,3;967,3;967,2;;18;17,1;18;17,4;17,1;16,5;95;94;95;2;1,4;1,1;
2023/05/08;0700 UTC;0;967,4;967,7;967,3;;17,7;16,7;18;16,7;17;15,8;95;93;94;100;1,9;1,2;
2023/05/08;0800 UTC;0;967,6;967,7;967,3;;17;16,2;17,7;16,5;16,7;15,6;95;94;95;109;2,7;2;
2023/05/08;0900 UTC;0;968,2;968,2;967,5;;16,9;16,2;17;16,6;16,2;15,8;95;95;95;90;2,7;,4;
2023/05/08;1000 UTC;0;968,5;968,5;968,2;52,8;17,1;16,5;17,2;16,9;16,5;16,2;96;95;96;76;2,6;1,3;
2023/05/08;1100 UTC;0;969;969,1;968,5;392,7;17,4;16,8;17,5;17,1;16,8;16,4;96;96;96;62;2,3;,6;
2023/05/08;1200 UTC;0;969,1;969,2;969;1133,9;19,3;18,3;19,3;17,3;18,4;16,7;96;94;94;299;2,3;1,2;
2023/05/08;1300 UTC;0;968,7;969,2;968,7;2071,8;22,3;17,3;22,4;19,3;18,6;17,1;94;72;73;57;2,3;,8;
2023/05/08;1400 UTC;0;967,8;968,7;967,8;2449,7;23,8;16,6;23,9;22,1;17,8;16,4;75;64;64;83;3,1;1,1;
2023/05/08;1500 UTC;0;966,9;967,8;966,9;2705,9;25,9;15,9;25,9;23,8;17;15,1;65;52;54;68;4,5;1,4;
2023/05/08;1600 UTC;0;966,5;966,9;966,5;2642,7;27,5;15,8;27,7;25,7;17,1;15;55;49;49;260;3,3;,9;
2023/05/08;1700 UTC;0;965,4;966,5;965,4;2250,7;27,9;16,1;27,9;26,8;16,8;15,4;52;48;49;246;3,1;,8;
2023/05/08;1800 UTC;0;965,5;965,5;965,4;1657,6;27,6;15,1;28,7;27,6;16,4;14,5;50;43;46;252;3,2;1,7;
2023/05/08;1900 UTC;0;965,3;965,7;965,3;866,4;27,8;16,4;28,2;27,4;16,8;14,8;52;45;50;344;3,2;1,6;
2023/05/08;2000 UTC;0;965,1;965,3;965,1;594,7;26,6;17;27,9;26,6;17;15,6;56;47;56;32;3,1;1,4;
2023/05/08;2100 UTC;0;965,5;965,5;965,1;12,2;24,1;18,3;26,6;24,1;18,8;17,1;70;56;70;350;2,1;1,3;
2023/05/08;2200 UTC;0;966,1;966,1;965,4;;22,7;19;24,2;22,7;19,2;18,3;80;70;80;302;2,7;,9;
2023/05/08;2300 UTC;0;966,3;966,3;966;;21,5;18,2;22,9;21,5;19,4;18,2;83;77;81;333;1,5;,7;
2023/05/09;0000 UTC;0;966,9;966,9;966,3;;20,4;18,6;21,6;20,3;18,6;18,2;89;81;89;319;2,2;1,4;
2023/05/09;0100 UTC;0;966,8;966,9;966,8;;20,6;18;20,8;20,3;18,6;17,9;90;84;85;348;2,6;,9;
2023/05/09;0200 UTC;0;966,8;966,8;966,5;;19,9;18,3;21,4;19,6;18,3;17,3;91;80;91;359;1,7;,9;
2023/05/09;0300 UTC;0;967,1;967,1;966,7;;18,7;17,6;20,3;18,7;18,7;17,6;93;89;93;319;1,9;1,5;
2023/05/09;0400 UTC;0;966,6;967,1;966,6;;18,9;17,7;19,4;18,7;18,2;17,4;94;92;93;284;2,5;,5;
2023/05/09;0500 UTC;0;966,4;966,6;966,3;;17,9;16,8;19,4;17,9;18,1;16,8;93;91;93;345;1,1;,8;
2023/05/09;0600 UTC;0;966;966,4;966;;17,6;16,8;19;17,6;18,1;16,7;95;93;95;358;1,3;1;
2023/05/09;0700 UTC;0;966;966,1;965,9;;17,8;17;18,1;17,6;17,3;16,8;95;95;95;205;1,5;,4;
2023/05/09;0800 UTC;0;966,2;966,2;965,8;;17;16,2;18,1;17;17,4;16,2;96;95;95;4;1,7;1,1;
2023/05/09;0900 UTC;0;966,6;966,6;966,1;;17,8;17,1;17,8;16,8;17,1;16,1;96;95;96;144;1,3;,7;
2023/05/09;1000 UTC;0;967,2;967,2;966,6;46,9;16,9;16,2;17,8;16,7;17,1;16;96;96;96;319;1,4;,6;
2023/05/09;1100 UTC;0;967,9;967,9;967,2;320,8;18;17,4;18,1;16,9;17,4;16,3;96;96;96;346;2;1;
2023/05/09;1200 UTC;0;968,3;968,3;967,8;1064,5;19,5;18,8;19,6;18;18,8;17,3;96;96;96;120;1,8;,7;
2023/05/09;1300 UTC;0;968,2;968,4;968,2;1958,6;23,2;18,9;23,3;19,5;20,5;18,7;96;77;77;290;2,4;,9;
2023/05/09;1400 UTC;0;967,7;968,2;967,7;2277,9;24,7;18,2;25,2;22,4;19,3;18,1;79;67;67;225;3,1;1,5;
2023/05/09;1500 UTC;0;966,6;967,7;966,6;2466,8;26,5;17,3;27;24,4;18,5;17,2;68;56;57;260;3,1;1,6;
2023/05/09;1600 UTC;0;966;966,6;966;1706,9;27;17,5;27,8;26,5;18,5;17,3;60;54;56;184;3,1;1,1;
2023/05/09;1700 UTC;0;965,2;966;965,2;1351,8;27,5;17,8;27,6;26,7;18,4;17,2;59;54;56;57;4,1;,7;
2023/05/09;1800 UTC;0;964,9;965,2;964,8;1824,6;28,5;17,4;28,7;27,4;18,2;17;57;50;51;101;4,5;1,1;
2023/05/09;1900 UTC;0;964,9;964,9;964,8;805,4;27;17,8;28,6;27;17,9;16,9;58;50;57;43;3,4;2,2;
2023/05/09;2000 UTC;0;965,1;965,2;964,9;294,3;25,8;18,4;27;25,8;19;17,6;65;56;64;30;3,1;1,5;
2023/05/09;2100 UTC;0;965,6;965,6;965,1;16,6;25,1;18,8;25,8;24,8;19,3;18,2;71;63;68;101;4,3;2,7;
2023/05/09;2200 UTC;0;966,3;966,3;965,6;;23,4;18,6;25,1;23,4;18,8;18,5;75;68;75;50;5,4;2,9;
2023/05/09;2300 UTC;0;966,6;966,6;966,3;;22,8;18,6;23,5;22,8;18,8;18,6;77;75;77;53;5,1;1,9;
2023/05/10;0000 UTC;0;967,1;967,1;966,6;;22,3;18,6;22,8;22,2;18,8;18,6;80;77;80;75;4,4;2,5;
2023/05/10;0100 UTC;0;967,4;967,7;967,1;;21,6;19,2;22,3;21,1;19,3;18,5;88;80;86;24;4,4;1,3;
2023/05/10;0200 UTC;0;967,5;967,5;967,3;;21,5;18,9;21,9;21,2;19,2;18,6;87;83;85;91;2,5;1;
2023/05/10;0300 UTC;0;966,9;967,5;966,9;;21,4;18,7;21,7;21,4;18,9;18,7;85;83;84;99;3,6;1,8;
2023/05/10;0400 UTC;0;966,7;966,9;966,5;;20,7;18,8;21,5;20,7;18,8;18,6;89;84;89;109;3,6;2,5;
2023/05/10;0500 UTC;0;966,2;966,7;966,2;;20,4;18,6;20,7;20,4;18,8;18,6;90;89;90;101;3,6;1;
2023/05/10;0600 UTC;0;965,8;966,3;965,8;;19,5;18,5;20,4;19,4;18,7;18,1;94;90;94;340;2;,7;
2023/05/10;0700 UTC;0;965,7;965,8;965,6;;19,8;18,6;20,1;19,5;18,9;18,5;94;92;93;162;2,2;1,4;
2023/05/10;0800 UTC;0;965,5;965,7;965,5;;19,2;18,3;20;19,1;18,8;18,1;95;93;95;345;2,1;1,4;
2023/05/10;0900 UTC;0;965,9;965,9;965,5;;19,8;18,9;19,8;19,2;18,9;18,3;95;95;95;68;2,1;,4;
2023/05/10;1000 UTC;0;966,6;966,6;965,9;47,8;19,9;18,5;20,4;19,6;19,2;18,5;94;92;92;61;1,6;,6;
2023/05/10;1100 UTC;0;967,1;967,1;966,6;257,7;20,4;19,2;20,4;19,5;19,3;18,4;94;92;92;320;1,9;1,1;
2023/05/10;1200 UTC;0;967,6;967,6;967,1;446;21,6;18,8;21,6;20,4;19,5;18,4;93;83;84;78;1,6;,5;
2023/05/10;1300 UTC;0;967,6;967,7;967,5;798,4;22,7;18,6;22,8;21,6;19;18,4;84;77;78;104;2,3;1,4;
2023/05/10;1400 UTC;0;967,1;967,6;967,1;1043,2;24;18,8;24,1;22,7;19,2;18,5;79;73;73;297;3,1;,8;
2023/05/10;1500 UTC;0;966,1;967,1;966,1;888,2;24,2;18,9;24,2;23,6;19,1;18,4;75;70;72;284;3,2;1,3;
2023/05/10;1600 UTC;0;965,1;966,1;965,1;1568,7;25,4;17,9;25,9;24;19,1;17,8;73;63;63;109;2,8;1,2;
2023/05/10;1700 UTC;0;964,4;965,1;964,4;1291,6;25,1;17,9;26;25;18,8;17,4;66;61;64;161;3,3;1,1;
2023/05/10;1800 UTC;0;964,1;964,4;963,9;762,4;25;18,3;25,5;24,5;19;17,7;70;63;66;125;4,7;2,2;
2023/05/10;1900 UTC;0;964,1;964,1;963,8;245,6;24,6;18,5;25;24,6;18,5;18,2;69;67;69;111;4;2,5;
2023/05/10;2000 UTC;0;964,2;964,2;963,9;125,1;23,1;18,3;24,6;23,1;18,5;17,8;75;68;75;99;5,9;3,5;
2023/05/10;2100 UTC;0;964,5;964,6;964,2;4,3;21,7;18,1;23,1;21,7;18,3;17,9;80;75;80;100;6,6;3,4;
2023/05/10;2200 UTC;0;965,3;965,3;964,5;;21,2;18,2;21,7;21,2;18,2;18;83;80;83;54;6,4;2,2;
2023/05/10;2300 UTC;0;965,3;965,5;965;;20,8;17,5;21,2;20,8;18,2;17,5;83;81;81;63;5,7;3;
2023/05/11;0000 UTC;0;965,6;965,8;965,2;;20,5;17,5;20,8;20,5;17,6;17,4;83;81;83;57;5,7;2,4;
2023/05/11;0100 UTC;0;965,2;965,8;965,2;;20,2;17,8;20,5;20;18;17,5;88;83;87;52;4,6;1,6;
2023/05/11;0200 UTC;0;965,2;965,3;965;;20;17,7;20,3;20;17,9;17,5;87;85;87;26;3;,6;
2023/05/11;0300 UTC;2,6;964,7;965,4;964,6;;19,4;18,3;20,1;19,4;18,4;17,7;93;86;93;76;3,7;1,9;
2023/05/11;0400 UTC;0;964,2;964,7;964,2;;19,4;18,5;19,4;19,3;18,5;18,3;95;93;95;67;2,8;1,1;
2023/05/11;0500 UTC;,4;963,6;964,3;963,6;;19,5;18,6;19,5;19,4;18,6;18,4;95;94;94;45;2,9;,9;
2023/05/11;0600 UTC;0;963,2;963,6;963,1;;19,3;18,3;19,5;19,3;18,6;18,3;94;94;94;80;2,2;1,2;
2023/05/11;0700 UTC;0;963;963,2;962,8;;19,2;18,3;19,3;19,1;18,3;18,1;95;94;95;77;3,1;1;
2023/05/11;0800 UTC;0;963,1;963,1;962,8;;19,2;18,3;19,3;19,2;18,4;18,3;95;94;94;109;2,4;1,3;
2023/05/11;0900 UTC;0;963,2;963,3;963,1;;19,1;18,2;19,3;19;18,3;18,1;95;94;94;57;2,1;1,1;
2023/05/11;1000 UTC;0;963,8;963,8;963,2;32,5;19,3;18,2;19,3;19,1;18,2;18,1;94;93;93;101;2,3;1,5;
2023/05/11;1100 UTC;0;964,2;964,2;963,7;304,2;19,9;18,1;20;19,3;18,5;18,1;93;89;89;110;2,4;1,4;
2023/05/11;1200 UTC;0;964,6;964,6;964,2;661,8;20,8;17,8;20,8;19,9;18,1;17,3;89;83;83;70;3,6;1,9;
2023/05/11;1300 UTC;0;964,9;964,9;964,6;541,2;20,7;17,5;20,9;20,6;17,9;17,4;84;81;82;106;3,7;1,8;
2023/05/11;1400 UTC;0;964,5;965;964,5;649,9;21;17,6;21;20,5;18,1;17,4;85;81;81;157;3,5;1,4;
2023/05/11;1500 UTC;0;963,7;964,5;963,7;1088,5;22,4;17,6;22,4;21;18;17,1;82;74;75;130;2,8;,9;
2023/05/11;1600 UTC;0;962,9;963,7;962,9;1859,3;24,4;18;24,5;22,3;18,4;16,9;75;67;68;273;2,3;1,1;
2023/05/11;1700 UTC;0;962,4;962,9;962,4;1331,9;23,6;17,6;24,9;23,1;18,1;16,8;71;62;69;105;4;1,4;
2023/05/11;1800 UTC;,2;962,2;962,4;962,2;1162,3;23,8;17,4;24,5;23,4;18,2;16,9;70;65;68;43;3,7;1,6;
2023/05/11;1900 UTC;0;962,2;962,3;962,2;1169,3;23,9;17,6;25;23,8;18,3;17,2;69;63;68;113;5,3;3,2;
2023/05/11;2000 UTC;0;962,7;962,7;962,2;129,4;21,8;17,3;23,9;21,8;17,9;17,3;76;68;76;96;8,5;5;
2023/05/11;2100 UTC;0;963,5;963,5;962,7;3,3;20,7;16,8;21,8;20,7;17,3;16,8;79;75;79;89;8,5;3,2;
2023/05/11;2200 UTC;0;964,2;964,2;963,5;;20,2;16,9;20,7;20,2;17,1;16,8;81;79;81;63;5,9;2,5;
2023/05/11;2300 UTC;0;965,3;965,4;964,2;;19,6;16,6;20,2;19,6;16,8;16,4;83;80;83;59;5,8;1,8;
2023/05/12;0000 UTC;0;965,7;965,7;965,2;0;19,4;15,7;19,7;19,4;16,6;15,7;83;79;79;66;5,9;2,8;
2023/05/12;0100 UTC;0;965,9;965,9;965,7;;19,1;15,5;19,4;19,1;15,7;15,5;80;79;79;63;5;1,8;
2023/05/12;0200 UTC;0;966,2;966,2;965,9;;18,9;15,4;19,1;18,9;15,6;15,3;81;79;80;81;3,4;1,3;
2023/05/12;0300 UTC;0;966;966,4;966;;18,6;15,1;18,9;18,6;15,6;15,1;82;79;80;98;3;1,4;
2023/05/12;0400 UTC;0;965,5;966,1;965,5;;18,3;15,4;18,6;18;15,5;15;84;80;83;148;2;1,5;
2023/05/12;0500 UTC;0;965,1;965,5;965,1;;18,2;15,6;18,5;17,9;15,8;15,2;88;82;85;224;2,4;1,2;
2023/05/12;0600 UTC;0;965;965,2;965;;17,9;16,1;18,2;17,5;16,3;15,6;92;85;89;32;2,4;1,6;
2023/05/12;0700 UTC;0;964,9;965;964,8;;17,5;16,1;17,9;17,5;16,2;15,7;92;87;92;292;2,2;,5;
2023/05/12;0800 UTC;0;964,9;965;964,8;;17,9;15,7;17,9;17,4;16,3;15,7;93;87;87;48;2,5;1,2;
2023/05/12;0900 UTC;0;965,4;965,4;964,9;;17;15,8;17,9;17;16,2;15,5;93;86;92;23;3,4;1,6;
2023/05/12;1000 UTC;0;966,2;966,2;965,4;25,9;17,2;16,1;17,2;16,8;16,1;15,6;93;92;93;89;2;,4;
2023/05/12;1100 UTC;0;966,9;966,9;966,2;366,3;18,2;15,9;18,2;17,2;16,6;15,9;93;87;87;7;1,7;,8;
2023/05/12;1200 UTC;0;967,1;967,1;966,9;1261,9;20;16;20,7;18,1;16,4;15,4;87;75;78;22;3,3;1,5;
2023/05/12;1300 UTC;0;967,1;967,1;967;1610,6;20,9;14,7;21,2;20;16,2;14,4;78;67;68;222;3,3;1,1;
2023/05/12;1400 UTC;0;966,3;967,1;966,3;2294,1;22,9;14,1;23;20,8;15,4;13,8;70;57;57;304;4,4;1,5;
2023/05/12;1500 UTC;,2;965,4;966,3;965,4;1941,9;22,9;12,4;23,8;22,3;14,6;12,4;60;51;52;102;4,1;,8;
2023/05/12;1600 UTC;0;964,6;965,4;964,6;1083,5;23,2;12,4;23,7;22,7;13,8;12,1;55;50;51;85;4,7;2,1;
2023/05/12;1700 UTC;0;964,2;964,6;964,2;1708,1;24,9;13,2;24,9;23,1;13,2;10,7;52;42;48;349;4,1;1,2;
2023/05/12;1800 UTC;0;964,2;964,2;964,1;1943,7;24,9;12,7;25,4;24,1;13,5;11;49;42;47;61;4,2;1,9;
2023/05/12;1900 UTC;0;964,5;964,5;964,2;684,2;22,3;14,5;25;22,2;15,2;12,7;64;45;61;92;7,8;3,5;
2023/05/12;2000 UTC;0;965,3;965,3;964,5;206,8;20,4;13,9;22,3;20,4;14,8;13,9;67;61;66;94;7,8;4;
2023/05/12;2100 UTC;0;966;966;965,3;12,5;19,2;14;20,4;19,2;14;13,7;72;66;72;71;7,6;2,6;
2023/05/12;2200 UTC;0;966,5;966,5;965,9;;18,6;14,3;19,2;18,5;14,3;14;76;72;76;81;5,1;2,8;
2023/05/12;2300 UTC;0;967,3;967,3;966,5;;18,1;13,8;18,6;18,1;14,4;13,7;77;74;76;52;5,9;2,1;
2023/05/13;0000 UTC;0;967,8;967,8;967,3;;17,6;13,5;18,1;17,6;13,9;13,5;77;75;77;69;3,8;,9;
2023/05/13;0100 UTC;0;967,6;967,9;967,6;;17,6;13,5;17,7;17,5;13,8;13,5;78;77;77;35;2,4;1,5;
2023/05/13;0200 UTC;0;967,5;967,8;967,5;;17,6;13,6;17,8;17,2;13,8;13,5;79;76;77;93;2,5;1,6;
2023/05/13;0300 UTC;0;968;968;967,5;;17,5;14,1;17,7;17,3;14,4;13,6;82;77;80;137;2,9;1;
2023/05/13;0400 UTC;0;967,7;968,1;967,7;;17,6;13,9;17,6;17;14,6;13,9;86;79;79;224;2,8;,9;
2023/05/13;0500 UTC;0;967,4;967,7;967,4;;17,9;13,8;18,1;17,6;14;13,5;80;75;77;125;4;2;
2023/05/13;0600 UTC;0;967,1;967,4;967,1;;17,6;13,9;18;17,6;14;13,6;80;75;79;234;2,9;1,6;
2023/05/13;0700 UTC;0;967,1;967,2;966,9;;17,6;12,2;17,7;17,5;13,9;12,1;79;70;71;244;6,8;3,7;
2023/05/13;0800 UTC;0;967,2;967,2;967;;16,6;13,4;17,6;16,4;13,8;12,1;84;70;82;261;5,7;1,9;
2023/05/13;0900 UTC;0;967,7;967,7;967,2;;16,6;11,9;17;16,6;13,4;11,9;82;73;74;242;8,4;5,1;
2023/05/13;1000 UTC;0;968,3;968,3;967,7;38,1;16,6;12,2;16,7;16,4;12,2;11,8;76;73;75;239;8,4;3,6;
2023/05/13;1100 UTC;0;968,5;968,5;968,2;577,3;17,7;11,9;17,8;16,6;12,3;11,8;76;69;69;257;6,7;4,4;
2023/05/13;1200 UTC;0;969,2;969,3;968,5;1090;18,4;12,3;18,8;17,6;12,6;11,7;70;66;68;258;6,7;3,4;
2023/05/13;1300 UTC;0;969,2;969,3;969,1;1877;20,3;11,5;20,5;18,4;13,1;11,4;68;56;57;267;6,1;3,7;
2023/05/13;1400 UTC;0;968,5;969,2;968,5;2567,3;20,6;11,7;21,6;19,9;12,6;11;59;55;57;180;6,1;1,9;
2023/05/13;1500 UTC;0;967,6;968,5;967,6;1595,8;20,6;12,3;21,7;20,5;12,7;11,5;60;53;59;131;4,6;2,1;
2023/05/13;1600 UTC;0;967;967,6;967;843,3;21,2;12,4;21,3;20,5;13,2;12;62;56;57;56;5;,8;
2023/05/13;1700 UTC;0;966,4;967;966,4;1461,4;21,7;13,4;22,1;21;13,7;11,9;60;54;59;325;4;2,6;
2023/05/13;1800 UTC;0;966;966,4;966;1893,4;21,9;13;22,6;21,3;13,7;12,4;59;54;57;351;5,2;2,8;
2023/05/13;1900 UTC;0;966,2;966,2;966;1239,3;21,9;12,9;22,4;21,7;13,7;12,3;59;54;57;7;4,5;2,2;
2023/05/13;2000 UTC;0;966,8;966,8;966,2;485,9;20,7;13,9;22;20,7;13,9;12,7;65;56;65;70;7,6;2,4;
2023/05/13;2100 UTC;0;967,8;967,8;966,8;21,2;18,9;13,6;20,7;18,8;14,3;13,6;73;65;72;105;7,6;3,8;
2023/05/13;2200 UTC;0;968,3;968,3;967,8;;18,2;13,5;18,9;18,2;13,6;13,4;74;72;74;75;6,3;3;
2023/05/13;2300 UTC;0;968,7;968,8;968,4;;17,3;13,8;18,2;17,1;13,9;13,5;81;74;80;49;5,5;2,4;
2023/05/14;0000 UTC;0;969,3;969,3;968,7;;17,4;13,6;17,4;17,2;13,8;13,6;80;78;79;61;4,6;2,4;
2023/05/14;0100 UTC;0;969,6;969,6;969,3;;17,4;13,7;17,5;17,4;13,7;13,6;79;78;79;52;4,8;2,4;
2023/05/14;0200 UTC;0;969,7;969,8;969,6;;17,2;13,7;17,4;17,1;13,8;13,6;81;79;80;40;4,5;1,3;
2023/05/14;0300 UTC;0;969,5;969,7;969,4;;16,9;13,8;17,2;16,7;13,9;13,7;83;80;82;56;2,1;1;
2023/05/14;0400 UTC;0;969,2;969,5;969,2;;16,9;14,1;17;16,8;14,1;13,8;83;82;83;100;1,9;1,2;
2023/05/14;0500 UTC;0;968,9;969,2;968,9;;16,7;14,2;16,9;16,6;14,4;14,1;86;83;85;82;3;1,8;
2023/05/14;0600 UTC;0;968,5;968,9;968,5;;16,2;14,4;16,7;16,2;14,5;14,1;89;85;89;49;3;1,7;
2023/05/14;0700 UTC;0;968,7;968,7;968,4;;16,5;14,7;16,5;16,2;14,7;14,4;90;89;89;105;2,4;1,1;
2023/05/14;0800 UTC;0;968,9;968,9;968,5;;16,3;14,8;16,5;16,3;14,8;14,5;91;88;91;42;2,1;,9;
2023/05/14;0900 UTC;0;969,5;969,6;968,9;;16,3;15;16,3;16,1;15;14,8;93;91;92;17;1,9;,6;
2023/05/14;1000 UTC;0;970,2;970,2;969,5;21,5;16,6;15;16,6;16,3;15;14,9;92;90;90;78;2;1,1;
2023/05/14;1100 UTC;0;970,6;970,6;970,2;241,8;17,2;14,6;17,2;16,6;15,2;14,5;91;85;85;100;2,3;1,1;
2023/05/14;1200 UTC;0;971;971;970,6;684,3;18;14,1;18,2;17,1;14,6;14;85;77;78;126;2,8;,9;
2023/05/14;1300 UTC;0;970,7;971,1;970,7;1120,3;20,5;14,7;20,5;18;14,7;13,8;78;69;69;134;3,7;1,5;
2023/05/14;1400 UTC;0;970,2;970,7;970,2;2161,6;21,3;14,2;21,3;19,9;14,9;13,5;69;64;64;30;3,7;1,3;
2023/05/14;1500 UTC;0;969,6;970,2;969,6;1359,3;21,8;13,4;22,1;21;14,2;13;64;58;59;107;4;,7;
2023/05/14;1600 UTC;0;968,4;969,6;968,4;2139;23;14,3;23,5;21,6;15;13,1;62;56;58;286;5,4;2,9;
2023/05/14;1700 UTC;0;967,4;968,4;967,4;2298,4;23,5;14,1;23,8;22,5;14,5;13,2;60;54;56;252;5,4;1,8;
2023/05/14;1800 UTC;0;967;967,4;967;1826,6;23,6;13,6;24,4;23,1;14,6;13,5;57;52;53;57;5;1,3;
2023/05/14;1900 UTC;0;967;967;966,9;1164,7;23,7;14,5;24,5;23,6;15,2;13,6;57;53;56;344;3,7;1,9;
2023/05/14;2000 UTC;0;967,4;967,4;967;448,9;22,2;15,2;23,9;22,2;15,3;14,3;64;55;64;341;3,6;1,9;
2023/05/14;2100 UTC;0;967,9;967,9;967,4;19,5;20,1;15,3;22,2;20,1;15,8;15,3;74;64;74;351;3,6;2,1;
2023/05/14;2200 UTC;0;968,9;968,9;967,9;;20,6;15,7;20,8;20;15,9;15,2;75;73;74;105;4,9;2,3;
2023/05/14;2300 UTC;0;969,6;969,6;968,9;;20,1;15,5;20,6;20;15,8;15,5;76;73;75;95;6;3,3;
2023/05/15;0000 UTC;0;970;970;969,6;;18,8;15,6;20,1;18,8;15,6;15,3;82;75;82;52;6;2,1;
2023/05/15;0100 UTC;0;970,1;970,1;969,9;;18,4;15,5;19,1;18,4;15,8;15,4;83;81;83;33;3,8;1,9;
2023/05/15;0200 UTC;0;970,1;970,2;969,9;;17,9;15,3;18,4;17,7;15,4;15;84;83;84;95;3,4;2;
2023/05/15;0300 UTC;0;969,9;970,1;969,9;;18,3;15,7;18,3;17,9;15,7;15,2;85;84;84;130;3,2;1,4;
2023/05/15;0400 UTC;0;969,5;970;969,5;;17,8;15,6;18,4;17,8;15,7;15,4;87;84;87;344;2,6;,6;
2023/05/15;0500 UTC;0;969;969,5;969;;17,5;15,7;17,8;17,4;15,8;15,3;89;87;89;177;1,5;,9;
2023/05/15;0600 UTC;0;968,7;969;968,7;;16,9;15,6;17,5;16,9;15,7;15,5;92;89;92;267;1,5;,3;
2023/05/15;0700 UTC;0;968,7;968,9;968,6;;17;16;17;16,6;16;15,5;94;92;94;262;3,2;2,1;
2023/05/15;0800 UTC;0;968,7;968,7;968,6;;16,5;14,9;17;16,5;16;14,2;94;86;90;299;4,3;1,7;
2023/05/15;0900 UTC;0;969;969;968,6;;16,2;14,8;16,6;16,2;15;14,4;91;87;91;325;2,5;1,6;
2023/05/15;1000 UTC;0;969,8;969,8;969;44,1;16,6;14,5;16,8;16,1;15,3;14,4;93;87;87;286;3,6;2,5;
2023/05/15;1100 UTC;0;970,2;970,2;969,8;323,6;17,2;14,4;17,2;16,6;14,8;14,4;88;83;84;264;4;1,9;
2023/05/15;1200 UTC;0;970,5;970,6;970,2;1339,8;19,9;14,3;20;17,2;15,1;14,1;84;70;70;264;5,7;3,1;
2023/05/15;1300 UTC;0;970,6;970,8;970,5;2028,4;21,2;13,5;21,4;19,6;14,4;13,3;70;61;62;244;6,5;2,7;
2023/05/15;1400 UTC;0;970;970,6;970;2469,3;22,6;13,5;22,7;21,1;14;13;62;56;56;245;5,7;1,8;
2023/05/15;1500 UTC;0;968,9;970;968,9;2684,4;24,1;12,4;24,2;22,6;14;12,3;58;48;48;257;5,6;2,3;
2023/05/15;1600 UTC;0;967,9;968,9;967,9;2667;25;11,1;26;23,7;12,7;7,4;49;32;42;271;6,8;2,8;
2023/05/15;1700 UTC;0;967,1;967,9;967,1;2392,1;25,9;7,9;26,4;24,4;11,1;5,7;43;27;32;263;6,8;3;
2023/05/15;1800 UTC;0;966,3;967,1;966,3;1875,8;25,9;8,3;26,4;25,3;9,1;6,5;35;30;33;288;6,3;2,1;
2023/05/15;1900 UTC;0;966,3;966,4;966,2;1199,7;25,3;8,7;26,1;25,3;9,1;7,8;35;32;35;269;5,6;3,1;
2023/05/15;2000 UTC;0;966,6;966,6;966,3;378,3;22,8;10,8;25,3;22,8;10,8;8,1;47;34;47;280;5,2;2,2;
2023/05/15;2100 UTC;0;967,1;967,1;966,6;21;20,6;14,4;22,8;20,4;14,4;10,8;68;47;68;87;5,4;2,2;
2023/05/15;2200 UTC;0;967,8;967,8;967;;18,8;15,3;20,8;18,8;15,5;14,5;80;68;80;48;8,1;2,4;
2023/05/15;2300 UTC;0;968,6;968,6;967,8;;18,4;15,3;18,8;18,2;15,5;15,2;83;80;82;45;4,5;2,2;
2023/05/16;0000 UTC;0;969;969;968,6;;17,3;15,1;18,4;16,9;15,5;14,6;88;82;87;73;3,8;1;
2023/05/16;0100 UTC;0;969,1;969,1;969;;15,7;14;17,6;15,7;15,5;14;90;86;90;277;2;,7;
2023/05/16;0200 UTC;0;968,9;969,1;968,9;;14,7;13,8;15,9;14,7;14,7;13,7;94;90;94;295;2;1,4;
2023/05/16;0300 UTC;0;968,9;969;968,8;;14;13,2;14,9;13,9;14,1;13,1;95;94;95;307;2,2;1,8;
2023/05/16;0400 UTC;0;968,5;968,9;968,5;;13,6;12,1;14;13,5;13,3;12,1;95;91;91;283;2,8;1,8;
2023/05/16;0500 UTC;0;968;968,5;968;;13,1;10,6;13,5;12,9;12,1;10,6;91;85;85;288;3,4;1,8;
2023/05/16;0600 UTC;0;967,6;968;967,6;;12,2;9,9;13,2;12,2;10,6;9,7;86;82;86;330;2,8;1,6;
2023/05/16;0700 UTC;0;967,2;967,6;967,2;;11,8;9,3;12,2;11,7;10,1;9,2;90;84;85;261;2,6;1,7;
2023/05/16;0800 UTC;0;967,3;967,4;967,2;;10,6;9,8;11,9;10,5;9,9;8,9;95;85;95;324;2,6;1,5;
2023/05/16;0900 UTC;0;967,8;967,8;967,3;;11,2;10,6;11,4;10,4;10,8;9,7;96;95;96;246;2,3;,4;
2023/05/16;1000 UTC;,2;968,3;968,3;967,8;33,4;11,1;10,4;11,2;10,6;10,6;9,9;96;96;96;334;1,2;,5;
2023/05/16;1100 UTC;0;968,8;968,8;968,3;624,5;13,1;10,5;13,1;11;11,7;10,4;96;85;85;234;3,1;1,7;
2023/05/16;1200 UTC;0;969;969;968,8;1451,6;16;10,5;16;13,1;11,3;9,8;85;68;70;257;3,8;1,4;
2023/05/16;1300 UTC;0;969;969,1;969;2068,4;18,9;9,3;19,1;16,1;11,1;9,3;71;53;54;272;3,6;1,9;
2023/05/16;1400 UTC;0;968,4;969;968,4;2514,6;21,6;10,3;21,6;18,9;10,9;9,6;56;48;49;231;3,6;1,7;
2023/05/16;1500 UTC;0;967,5;968,4;967,4;2733,6;24,6;4,3;24,6;21,6;10,8;3,4;50;25;27;230;8,2;4,9;
2023/05/16;1600 UTC;0;966,7;967,5;966,7;2683,9;25,2;6,6;25,9;24,5;7,2;4,7;32;27;30;224;8,2;3,1;
2023/05/16;1700 UTC;0;965,7;966,7;965,7;2402,2;26,3;3,6;26,4;25,1;7,8;3;33;22;23;250;9,2;4,3;
2023/05/16;1800 UTC;0;965,3;965,7;965,3;1913,6;26;3,9;26,8;25,9;5;2,1;25;21;24;249;9;5,4;
2023/05/16;1900 UTC;0;965,4;965,4;965,2;1262,6;25,6;4;26,5;25,6;4,9;3,5;26;23;25;263;7,9;5,2;
2023/05/16;2000 UTC;0;966;966,1;965,4;495;23,8;5,3;25,6;23,8;5,4;4;30;25;30;253;7,6;3,6;
2023/05/16;2100 UTC;0;966,9;966,9;966;11,6;21,6;7,5;23,8;21,2;7,6;5,2;41;30;40;58;5,9;,9;
2023/05/16;2200 UTC;0;967,7;967,8;966,9;;19,7;9,2;21,6;18;9,3;6,9;55;40;51;109;5,5;2;
2023/05/16;2300 UTC;0;968,7;968,7;967,7;;16,2;10,5;19,7;16,2;11,3;9,2;69;51;69;11;5,5;1,1;
2023/05/17;0000 UTC;0;969,2;969,2;968,7;;14,3;10,4;16,8;14,3;11,7;10,4;78;69;78;304;3,4;1,1;
2023/05/17;0100 UTC;0;969,6;969,6;969,2;;14,1;11;15,2;13,5;11,7;10,5;84;78;81;269;3,5;1,2;
2023/05/17;0200 UTC;0;969,5;969,6;969,4;;13,3;11;15,5;12,8;11,6;10,1;86;75;86;334;3,2;1,2;
2023/05/17;0300 UTC;0;969,2;969,5;969,2;;12,4;10,9;13,9;12,3;11,4;10,4;91;83;91;323;2,1;1,3;
2023/05/17;0400 UTC;0;969,2;969,2;969,1;;12,6;11;13,3;12;11,8;10,6;92;87;90;48;2,7;,8;
2023/05/17;0500 UTC;0;968,4;969,2;968,4;;11,5;10,5;12,7;11,4;11,4;9,8;93;90;93;343;3,9;1,8;
2023/05/17;0600 UTC;0;968,2;968,5;968,2;;14;10,6;14,1;11,5;11,2;10,3;94;80;80;276;3,2;,6;
2023/05/17;0700 UTC;0;968,2;968,3;968,1;;12,5;10,1;14;11,8;10,7;9,2;89;79;85;258;2,6;1;
2023/05/17;0800 UTC;0;968,4;968,4;968,1;;12;10,5;12,8;11,4;10,7;8,9;91;84;91;348;2,8;2;
2023/05/17;0900 UTC;0;968,9;968,9;968,4;;10,7;9,6;12;10,6;10,7;9,3;93;90;93;303;4,5;3;
2023/05/17;1000 UTC;0;969,3;969,3;968,9;36,8;11,8;9,7;11,8;10,8;10,3;9,5;93;87;87;5;5,1;,7;
2023/05/17;1100 UTC;0;969,5;969,5;969,3;606,8;14,8;11,6;14,8;11,6;11,6;9,3;87;80;81;5;3,3;1,8;
2023/05/17;1200 UTC;0;969,9;969,9;969,5;1403,9;18,7;12,8;18,7;14,8;12,9;11,5;81;68;68;235;4,6;2,4;
2023/05/17;1300 UTC;0;970,1;970,1;969,9;2023,5;20,5;11,3;20,7;18,8;12,9;11,3;68;56;56;251;8,4;5;
2023/05/17;1400 UTC;0;969,8;970,2;969,8;2448,5;22;10,5;23;20,5;11,6;9,7;56;45;48;229;8,6;2,7;
2023/05/17;1500 UTC;0;969;969,8;969;2193,9;22,9;9,5;23,3;21,3;11,4;9,1;49;41;42;253;7,7;3,6;
2023/05/17;1600 UTC;0;967,7;969;967,7;2640,6;24,1;9,6;24,2;22,8;10,5;8,9;45;39;40;268;6,7;3,2;
2023/05/17;1700 UTC;0;966,9;967,8;966,9;2332,8;24,6;9,4;24,8;23,1;10,8;8,8;42;38;38;128;6,4;,9;
2023/05/17;1800 UTC;0;966,4;966,9;966,4;1840,3;24,5;10,4;25,4;24,1;10,7;9,2;42;37;41;39;4,6;1,7;
2023/05/17;1900 UTC;0;966,4;966,5;966,4;1166,2;23,8;9,9;24,8;23,7;10,4;9,3;42;38;41;61;4,7;2;
2023/05/17;2000 UTC;0;967;967;966,4;408,4;22,4;10,6;24;22,4;10,9;9,6;47;41;47;98;4,9;3;
2023/05/17;2100 UTC;0;967,8;967,8;967;12,1;19,9;11,5;22,4;19,9;11,5;10,3;58;47;58;77;6,3;2,9;
2023/05/17;2200 UTC;0;968,8;968,8;967,8;;18,6;12,5;19,9;18,6;12,5;11,5;68;58;68;45;5,3;2,8;
2023/05/17;2300 UTC;0;969,6;969,6;968,8;;18;12,6;18,6;18;12,6;12,4;71;68;71;53;5,1;2,7;
2023/05/18;0000 UTC;0;970,2;970,2;969,6;;17,4;12,7;18;17,4;12,7;12,5;74;71;74;84;4,8;2,5;
2023/05/18;0100 UTC;0;970,3;970,4;970,2;;16,7;13;17,4;16,7;13;12,6;79;74;79;104;3,8;1,6;
2023/05/18;0200 UTC;0;970,4;970,5;970,3;;15,8;13;16,7;15,8;13,1;12,7;83;79;83;88;3;,9;
2023/05/18;0300 UTC;0;970,3;970,4;970,2;;14,7;13,2;15,8;14,1;13,2;12,2;91;83;91;285;2;,8;
2023/05/18;0400 UTC;0;970,1;970,3;970,1;;14,7;13,3;15,3;14,6;13,7;13,1;91;90;91;321;2,4;1,7;
2023/05/18;0500 UTC;0;969,8;970,1;969,8;;15,2;13,7;15,2;14,7;13,8;13,3;92;91;91;301;2,4;1,2;
2023/05/18;0600 UTC;0;969,2;969,8;969,2;;14,9;13,4;15,6;14,9;13,7;13;91;86;90;319;1,9;,9;
2023/05/18;0700 UTC;0;969,1;969,2;969,1;;14,4;13,1;15,1;14,4;13,6;13;92;89;92;95;2,1;1,2;
2023/05/18;0800 UTC;0;969,7;969,7;969,1;;13,4;12,6;14,4;13,2;13,2;12,2;95;92;95;8;1,7;1;
2023/05/18;0900 UTC;0;970,6;970,6;969,7;;13,5;12,8;14;13,3;13,3;12,5;96;95;95;293;1,7;,2;
2023/05/18;1000 UTC;0;971,3;971,3;970,6;38,8;12,7;12;13,5;12,6;12,8;11,8;95;95;95;312;1,8;1,2;
2023/05/18;1100 UTC;0;971,8;971,8;971,3;696,6;15,2;12,9;15,5;12,7;14,2;12;96;86;86;245;3,1;2,1;
2023/05/18;1200 UTC;0;972;972;971,8;1378,5;17,5;13;17,6;15,1;13,6;12,4;88;73;75;287;3,9;1,8;
2023/05/18;1300 UTC;0;971,9;972,1;971,9;2002,5;20,1;13;20,2;17,5;13,4;12,6;75;63;64;298;4,3;1,3;
2023/05/18;1400 UTC;0;971,3;971,9;971,2;2515,1;21,8;11,1;22;19,9;13,1;10,5;64;49;51;334;3,3;1,5;
2023/05/18;1500 UTC;0;970,7;971,3;970,7;2760,6;22,4;10,7;23,1;21,5;11,7;10,3;52;46;47;84;4,7;2,7;
2023/05/18;1600 UTC;0;969,8;970,7;969,8;2808,6;23;10,9;24;22;12;10,1;50;44;47;63;5;1,3;
2023/05/18;1700 UTC;0;969;969,8;969;2185,3;22,6;11,3;24,3;22,4;11,5;10,1;49;42;49;121;5,5;1,4;
2023/05/18;1800 UTC;0;968,7;969;968,7;1315;23,6;11,3;24,2;22,4;11,9;10;50;42;46;106;5,3;2,6;
2023/05/18;1900 UTC;0;968,7;968,8;968,7;868,7;22,4;13,3;23,6;21,9;13,4;11,1;58;46;56;88;6,8;2,9;
2023/05/18;2000 UTC;0;969,1;969,1;968,7;518,2;20,6;13,6;22,5;20,6;13,8;13,2;64;56;64;88;7,8;3,3;
2023/05/18;2100 UTC;0;969,5;969,5;969,1;16,7;18,5;13,5;20,6;18,5;13,6;13,5;73;64;73;76;5,6;2,3;
2023/05/18;2200 UTC;0;970,1;970,1;969,5;;17,6;13,1;18,5;17,5;13,5;13,1;76;73;75;63;4,1;1,8;
2023/05/18;2300 UTC;0;970,8;970,8;970,1;;17,1;13,3;17,6;17;13,3;13;79;75;78;101;3,2;1,5;
2023/05/19;0000 UTC;0;971,2;971,3;970,8;;16,5;13;17,2;16,5;13,3;13;80;77;80;30;2,7;,9;
2023/05/19;0100 UTC;0;971,1;971,2;971,1;;17,2;12,9;17,3;16,5;13,2;12,8;80;75;76;87;2,3;1,3;
2023/05/19;0200 UTC;0;970,9;971,2;970,9;;16,8;13,1;17,2;16,8;13,1;12,8;79;76;79;103;2,7;1,7;
2023/05/19;0300 UTC;0;970,6;970,9;970,6;;16,4;13,2;16,9;16,4;13,2;13;81;78;81;85;2,7;1,4;
2023/05/19;0400 UTC;0;970,3;970,6;970,3;;16,1;13,4;16,4;16;13,4;13,1;84;81;84;97;2,4;1,3;
2023/05/19;0500 UTC;0;969,8;970,3;969,8;;16,2;13,4;16,3;16,1;13,4;13,3;84;83;83;101;2,3;1,1;
2023/05/19;0600 UTC;0;969,4;969,8;969,4;;15,5;14;16,2;15;14;13,2;92;83;91;29;2;,6;
2023/05/19;0700 UTC;0;969,3;969,4;969,2;;15,7;13,9;15,7;15,3;14,1;13,8;91;89;89;74;1,1;,6;
2023/05/19;0800 UTC;0;969,5;969,5;969,2;;15,6;14;15,8;15,4;14;13,7;91;88;91;94;1,1;,7;
2023/05/19;0900 UTC;0;970,1;970,1;969,5;;15,4;13,9;15,6;15,4;14,1;13,9;91;90;91;85;1,3;,8;
2023/05/19;1000 UTC;0;970,7;970,7;970,1;44,9;14,9;13,9;15,4;14,6;14;13,4;94;91;94;43;1,4;,7;
2023/05/19;1100 UTC;0;971,3;971,3;970,7;596,9;17,1;13,8;17,3;14,9;14,8;13,6;94;81;81;89;1,6;,9;
2023/05/19;1200 UTC;0;971,5;971,6;971,3;1422,2;18,3;12,9;18,8;16,7;14,7;12,5;83;68;71;128;2,1;1;
2023/05/19;1300 UTC;0;971,6;971,7;971,4;1881,7;20,2;10,3;20,5;18,3;13,3;9;71;52;53;95;4,5;1,4;
2023/05/19;1400 UTC;0;970,9;971,7;970,9;1879,5;20,8;10,1;21,1;19,1;11;9,3;58;48;50;120;4,6;2,6;
2023/05/19;1500 UTC;0;969,9;970,9;969,9;2672,5;21,3;9,5;21,9;20,6;10,9;9,1;51;45;47;82;4,4;2,1;
2023/05/19;1600 UTC;0;968,8;969,9;968,8;2598,9;22;9,9;22,6;21,4;11,1;9,3;49;45;46;120;6,5;2,7;
2023/05/19;1700 UTC;0;968,1;968,8;968,1;2301,1;23;10,6;23;22;10,9;9,6;48;44;46;69;6,2;2;
2023/05/19;1800 UTC;0;968;968,1;967,9;1809,7;23,2;10,4;23,6;22,3;11,6;9,9;48;43;44;98;6,2;3;
2023/05/19;1900 UTC;0;968,1;968,1;967,9;1113,1;23;10,5;23,3;22,4;10,9;9,6;47;43;45;99;5,5;2,2;
2023/05/19;2000 UTC;0;968,6;968,6;968,1;427,4;21,2;10,5;23;21,2;10,6;9,8;50;44;50;96;5,3;2,7;
2023/05/19;2100 UTC;0;969;969;968,6;11,7;19,4;11,3;21,2;19,4;11,3;10,6;60;51;60;118;5,8;2,7;
2023/05/19;2200 UTC;0;969,8;969,8;969;;17,6;11,6;19,4;17,5;11,7;11;69;60;68;40;4,2;2;
2023/05/19;2300 UTC;0;970,2;970,2;969,8;;17;11,6;17,8;16,5;11,8;11,3;72;67;71;23;2,9;1,9;
2023/05/20;0000 UTC;0;970,4;970,4;970,2;;15,8;11,6;17,3;15,8;11,7;11,5;76;70;76;61;2,6;1,6;
2023/05/20;0100 UTC;0;970,6;970,6;970,4;;15,5;11,4;16,1;15,4;11,7;11,3;77;74;76;19;2,8;1,5;
2023/05/20;0200 UTC;0;970,5;970,7;970,5;;14,8;11,5;15,9;14,8;12;11,2;80;76;80;108;2,3;1,8;
2023/05/20;0300 UTC;0;970,2;970,5;970,2;;13,3;11,4;14,8;13,1;11,5;10,8;88;80;88;71;2,8;,9;
2023/05/20;0400 UTC;0;970;970,3;970;;13,6;11,6;13,8;13;12;11;90;85;88;92;1,9;1,4;
2023/05/20;0500 UTC;0;969,7;970;969,6;;12,1;11,1;13,6;11,5;11,6;10,3;94;87;93;61;2,8;1,3;
2023/05/20;0600 UTC;0;969,5;969,7;969,5;;12,1;11,2;12,7;11,8;11,7;10,7;94;93;94;98;2,9;1,2;
2023/05/20;0700 UTC;0;969,5;969,5;969,4;;11,3;10,5;12,1;11,2;11,2;10,3;95;94;95;92;2,2;,9;
2023/05/20;0800 UTC;0;969,7;969,7;969,5;;10,5;9,9;11,4;10,5;10,6;9,8;96;95;96;78;2,2;1,2;
2023/05/20;0900 UTC;0;970;970,1;969,7;;10,4;9,8;10,6;9,8;10;9,2;96;96;96;78;1,8;,6;
2023/05/20;1000 UTC;0;970,8;970,8;970;46,3;10,2;9,6;10,4;9,9;9,8;9,3;96;96;96;97;1,9;,7;
2023/05/20;1100 UTC;0;971,2;971,2;970,8;385,7;10,6;10;10,6;9,7;10;9;96;96;96;326;1,4;,8;
2023/05/20;1200 UTC;0;971,4;971,5;971,2;1228,9;14,4;12,1;14,5;10,6;13,4;10;96;86;86;89;2,7;1,1;
2023/05/20;1300 UTC;0;971;971,4;971;2009,3;17,7;11,4;17,7;14,4;12,2;10,7;86;67;67;89;3,8;1,7;
2023/05/20;1400 UTC;0;970;971;970;2442,2;19,8;11,9;19,8;17,5;12,7;11,3;70;60;61;71;5;2,7;
2023/05/20;1500 UTC;0;968,7;970;968,7;2658,8;21,9;11,5;22;19,6;12,4;11;62;51;52;86;5,9;2,5;
2023/05/20;1600 UTC;0;967,5;968,7;967,5;2616,6;23,6;9,8;23,6;21,7;12,1;9,3;53;41;42;123;5,3;2,7;
2023/05/20;1700 UTC;0;966,5;967,5;966,5;2318,5;23,5;9,7;24;22,9;11;8,9;45;40;42;101;6;2,8;
2023/05/20;1800 UTC;0;965,6;966,6;965,6;1788,2;24,4;10,7;24,5;23,5;11,2;9,8;44;41;42;118;5,9;2,6;
2023/05/20;1900 UTC;0;965,4;965,7;965,4;1167,4;24,2;11;24,6;23,9;11,4;10,2;44;41;43;113;4,4;1,8;
2023/05/20;2000 UTC;0;966;966;965,4;429,6;22,5;11,5;24,2;22,5;11,8;10,8;50;43;50;149;4,5;2,2;
2023/05/20;2100 UTC;0;966,7;966,7;966;10,2;19,3;12,8;22,5;19,3;12,8;11,4;66;50;66;320;3,9;,7;
2023/05/20;2200 UTC;0;967,4;967,4;966,7;;17,2;13,6;19,3;17,2;13,8;13;79;66;79;342;1,9;1;
2023/05/20;2300 UTC;0;968;968;967,4;;16,4;13,1;17,5;16;13,7;12,9;82;77;81;70;1,5;,3;
2023/05/21;0000 UTC;0;968,4;968,4;968;;15;12,7;16,4;15;13;12,7;86;81;86;314;1,8;1,4;
2023/05/21;0100 UTC;0;968,5;968,5;968,3;;14,5;12,5;15,5;14,5;13,1;12,2;88;83;88;317;1,8;,2;
2023/05/21;0200 UTC;0;968,8;968,8;968,5;;13,4;11,9;15,1;13,4;13,3;11,9;91;86;91;315;1,1;,3;
2023/05/21;0300 UTC;0;968,5;968,8;968,5;;13,6;12;14,1;13,3;12,9;12;94;90;90;135;1,4;,9;
2023/05/21;0400 UTC;0;967,9;968,5;967,8;;13,1;12,1;13,5;12,9;12,5;11,6;94;90;94;90;2,9;1,3;
2023/05/21;0500 UTC;0;967,9;968;967,9;;12,2;11,4;13,2;12,1;12,2;11;95;92;95;278;2,9;,4;
2023/05/21;0600 UTC;0;967,8;968,1;967,8;;12;11,4;12,2;11,5;11,6;10,7;96;94;96;76;1,6;,6;
2023/05/21;0700 UTC;,2;967,1;967,8;967,1;;11,4;10,7;12,1;11,1;11,4;10,4;96;95;96;109;2;1,2;
2023/05/21;0800 UTC;0;967,1;967,1;966,9;;11;10,3;11,4;10,8;10,7;10,2;96;96;96;107;2,2;1,6;
2023/05/21;0900 UTC;0;967,4;967,4;967,1;;10,2;9,6;11;9,6;10,4;9;96;96;96;62;2,1;,7;
2023/05/21;1000 UTC;0;968,3;968,3;967,4;42,3;9,6;9;10,3;9,5;9,7;9;96;96;96;8;2,2;1,1;
2023/05/21;1100 UTC;0;969,1;969,1;968,3;518,8;11,4;10,8;11,4;9,6;10,8;9;96;96;96;231;1,8;,5;
2023/05/21;1200 UTC;0;969,2;969,2;968,9;1343,8;14,9;14,3;14,9;11,4;14,3;10,8;97;96;96;118;2;,7;
2023/05/21;1300 UTC;0;968,9;969,3;968,9;1998;18,8;12,2;18,8;14,8;15;11,6;96;65;65;57;3,7;1,9;
2023/05/21;1400 UTC;0;968,2;968,9;968,2;2390,4;21,1;12,9;21,1;18,5;13,4;11,6;67;60;60;94;3,4;1,3;
2023/05/21;1500 UTC;0;967;968,3;967;2625,3;23,2;13,2;23,4;20,3;13,8;12;60;52;53;344;3,7;1,3;
2023/05/21;1600 UTC;0;965,9;967;965,9;2627,4;25;13,8;25,5;23,1;14,5;12,8;55;48;50;269;4,8;2;
2023/05/21;1700 UTC;0;965,1;965,9;965,1;2262,8;26,2;12,3;26,6;24,8;14;12,3;50;41;42;252;4;1,2;
2023/05/21;1800 UTC;0;964,7;965,1;964,7;1689,1;26,8;12,6;27,2;25,7;14,3;12,5;47;41;42;310;4,6;2;
2023/05/21;1900 UTC;0;964,8;964,8;964,6;1189,3;26,5;13,5;27,4;26,3;13,8;12,3;45;40;45;246;3,4;1,1;
2023/05/21;2000 UTC;0;965,1;965,1;964,7;442,1;25,1;13,7;27,2;25,1;13,9;11,9;50;39;49;303;2,6;,6;
2023/05/21;2100 UTC;0;965,9;965,9;965,1;13,3;21,4;16;25,1;21,3;16;12,8;72;47;72;302;2,6;,8;
2023/05/21;2200 UTC;0;966,4;966,4;965,9;;19,4;14,9;21,4;19,4;16;14,9;75;71;75;327;1,9;1,3;
2023/05/21;2300 UTC;0;967;967;966,4;;17,8;14,4;19,4;17,8;15,1;14,4;81;75;81;332;2,3;1,4;
2023/05/22;0000 UTC;0;967,5;967,5;967;;17,1;14,1;18,4;17,1;14,7;13,8;83;78;83;171;1,7;,4;
2023/05/22;0100 UTC;0;967,9;967,9;967,5;;17;14,5;17,7;16,5;14,7;13,6;87;81;85;64;1,5;,7;
2023/05/22;0200 UTC;0;968,1;968,2;967,9;;15,8;14,4;17,1;15,2;15,2;12,8;91;82;91;302;1,7;,5;
2023/05/22;0300 UTC;0;967,6;968,1;967,6;;16,5;14,9;16,5;14,4;14,9;12,3;94;85;90;72;2,8;1,7;
2023/05/22;0400 UTC;0;967,5;967,7;967,4;;14;12,4;16,6;14;14,8;11,8;93;82;90;47;2,8;1,1;
2023/05/22;0500 UTC;0;967,4;967,5;967,4;;13,2;12,1;14,8;13;13,8;11,7;94;90;93;301;2,3;1,6;
2023/05/22;0600 UTC;0;967,3;967,4;967,2;;13;11,9;14;12,9;13,1;11,7;95;92;93;300;2,7;1,4;
2023/05/22;0700 UTC;0;967,5;967,5;967,1;;12,9;12,1;14;12,3;13,1;11,1;95;91;95;333;2,4;1,6;
2023/05/22;0800 UTC;0;968;968;967,5;;12,8;12,1;13,1;12,4;12,4;11,6;95;94;95;306;2,7;1,3;
2023/05/22;0900 UTC;,2;968,6;968,6;968;;12,4;11,6;13,2;12,4;12,6;11,6;96;95;95;324;2,3;1,3;
2023/05/22;1000 UTC;0;969,6;969,7;968,6;67,6;12,4;11,7;12,6;11,9;11,9;11,2;96;95;96;314;2,5;1,5;
2023/05/22;1100 UTC;0;970,4;970,4;969,6;581,4;15,5;14,5;15,5;12,4;14,5;11,7;96;94;94;336;2,3;1;
2023/05/22;1200 UTC;0;971,2;971,2;970,4;766,1;17,7;14,8;17,7;15,5;14,9;14,2;94;82;83;254;2;,8;
2023/05/22;1300 UTC;0;971,1;971,2;971,1;1541,9;19,8;14,4;20;17,7;15,1;14;83;70;71;205;3,1;1,3;
2023/05/22;1400 UTC;0;970,3;971,1;970,3;2131,7;21,3;14,5;21,4;19,8;14,8;13,8;71;63;65;167;3;1,2;
2023/05/22;1500 UTC;0;969,4;970,3;969,4;2322,3;22,9;13,3;23,6;21,3;14,9;12,6;65;53;55;129;4;1,6;
2023/05/22;1600 UTC;0;968,4;969,4;968,4;1797,4;23,8;13,7;24;22,8;13,9;12,8;56;51;53;139;3;1;
2023/05/22;1700 UTC;0;967,6;968,4;967,6;1884,4;24,8;14,2;25,6;23,2;14,9;13,2;55;48;52;303;3,3;2,1;
2023/05/22;1800 UTC;0;967,5;967,6;967,4;1385;24,6;14,1;25,2;24,1;14,6;13,4;54;50;52;303;3,8;1,5;
2023/05/22;1900 UTC;0;967,6;967,6;967,3;803,8;24,1;14,4;24,9;23,9;14,8;14;57;52;54;309;3,3;1,5;
2023/05/22;2000 UTC;0;967,9;967,9;967,6;355,1;22,6;15,5;24,2;22,6;15,5;14,3;64;54;64;330;2,3;1,2;
2023/05/22;2100 UTC;0;968,3;968,3;967,9;14,4;20;16;22,6;20;16,2;15,3;78;64;78;320;1,8;1,3;
2023/05/22;2200 UTC;0;968,7;968,7;968,3;;19,8;16,1;20,1;19,5;16,4;15,7;82;77;79;354;1,8;,9;
2023/05/22;2300 UTC;0;969;969,1;968,7;;19,5;15,6;19,8;18,7;16;15,1;82;78;78;117;1,6;,8;
2023/05/23;0000 UTC;0;969,5;969,5;969;;17,4;15,8;19,5;17;16,5;15;92;78;90;308;1,8;,8;
2023/05/23;0100 UTC;0;969,5;969,6;969,4;;17,4;16;18,1;16,9;16,3;14,8;92;84;92;116;1,4;,7;
2023/05/23;0200 UTC;0;970,2;970,2;969,5;;16,8;15,6;17,6;16,6;16,1;14,8;93;86;93;75;1,6;,3;
2023/05/23;0300 UTC;0;970,4;970,4;970;;15,7;14,7;16,9;15,7;15,8;14,7;94;92;93;318;1,9;1,3;
2023/05/23;0400 UTC;0;970,6;970,6;970,3;;16,3;14,9;16,5;15,6;15,4;14,6;95;91;91;82;2;1,4;
2023/05/23;0500 UTC;0;970,1;970,6;970;;15,4;14,5;16,3;14,8;15,1;13,7;95;90;95;35;2,4;,6;
2023/05/23;0600 UTC;0;969,5;970,1;969,5;;15,5;14,6;15,8;15,4;14,9;14,5;95;94;95;80;2,9;2,2;
2023/05/23;0700 UTC;0;969,3;969,6;969,2;;14,8;14;15,5;14,7;14,6;13,8;95;94;95;155;2,9;,2;
2023/05/23;0800 UTC;0;969,8;969,8;969,3;;13,7;13,1;15;13,4;14,3;12,7;96;94;96;330;2,3;1,5;
2023/05/23;0900 UTC;0;970,3;970,3;969,8;;12,9;12,3;13,7;12,8;13,1;12,2;96;96;96;295;2,3;1,3;
2023/05/23;1000 UTC;0;971,1;971,1;970,3;25,4;12,8;12,3;13,4;12,7;12,8;12,1;96;96;96;90;1,8;,5;
2023/05/23;1100 UTC;0;971,8;971,8;971,1;499,8;14;13,5;14,1;12,3;13,5;11,7;96;96;96;254;2,1;1,1;
2023/05/23;1200 UTC;0;972,2;972,2;971,8;1303,5;18,5;15,1;18,5;13,8;16,9;13,3;97;81;81;92;1,9;1;
2023/05/23;1300 UTC;0;972,2;972,3;972,2;1895,1;20,3;13,9;20,4;18,4;15,1;13,6;81;67;67;95;3,2;1,4;
2023/05/23;1400 UTC;0;971,4;972,2;971,4;2336,5;22,3;13,8;22,5;20,2;14,6;13,4;67;57;59;63;3,5;1,4;
2023/05/23;1500 UTC;0;970,5;971,4;970,5;2545,9;24;13,7;24,2;22,1;14,3;13,2;60;51;52;288;3,7;1,1;
2023/05/23;1600 UTC;0;969,7;970,5;969,7;2076;24,1;12,5;24,7;23,5;14;12,5;54;48;48;135;3,8;1,6;
2023/05/23;1700 UTC;0;969;969,7;969;2038,1;24,9;12,7;26,1;24;14,1;11,9;50;43;47;126;4,7;1,3;
2023/05/23;1800 UTC;0;968,6;969;968,6;1741;26,1;13,3;26,1;24,8;13,8;12,2;48;44;45;65;3,5;1,3;
2023/05/23;1900 UTC;0;968,4;968,6;968,4;1050,8;25,5;13,3;26,1;25;14,1;12,7;48;44;47;306;3,6;1,5;
2023/05/23;2000 UTC;0;968,5;968,5;968,4;203,1;22,8;14,2;25,5;22,8;14,3;13,2;58;47;58;350;2,7;2;
2023/05/23;2100 UTC;0;968,6;968,6;968,5;11,3;21,5;13,4;22,8;21,3;14,2;13,4;64;58;60;14;3,3;2;
2023/05/23;2200 UTC;0;969,1;969,1;968,6;;21,1;14,6;21,7;21,1;14,6;13,4;66;59;66;72;3,6;1,5;
2023/05/23;2300 UTC;0;969,8;969,8;969,1;;20,3;15;21,1;20,2;15;14,6;72;66;72;89;2,5;,7;
2023/05/24;0000 UTC;0;970,2;970,2;969,8;;19,8;15,1;20,6;19,7;15,4;15;75;71;75;66;1,6;,7;
2023/05/24;0100 UTC;0;970,5;970,5;970,2;;18,9;15,5;19,7;18,1;15,8;14,7;84;75;81;360;1,6;,6;
2023/05/24;0200 UTC;0;970,4;970,5;970,4;;18,8;15,1;19,7;18,4;15,6;15;82;75;79;74;1,5;1,1;
2023/05/24;0300 UTC;0;970,2;970,5;970,2;;17,6;14,8;18,8;17,6;15,3;14,8;84;79;84;42;2,1;1,2;
2023/05/24;0400 UTC;0;970,2;970,2;970,1;;17,1;15,3;17,7;17;15,3;14,8;90;84;89;112;2,6;1,8;
2023/05/24;0500 UTC;0;969,9;970,2;969,9;;16,2;15,1;17,1;16,2;15,6;14,9;93;89;93;91;2,9;,5;
2023/05/24;0600 UTC;0;969,8;969,9;969,8;;15,9;14,7;16,6;15,9;15,5;14,7;94;92;93;258;1,1;,3;
2023/05/24;0700 UTC;0;969,7;969,8;969,6;;15,6;14,8;15,9;15,4;14,9;14,5;95;93;95;299;1,3;,8;
2023/05/24;0800 UTC;0;970;970;969,7;;16,1;14,9;16,7;15,6;15,6;14,8;95;92;93;80;3,2;2,2;
2023/05/24;0900 UTC;0;970,2;970,2;969,9;;16,7;15,4;16,7;16,1;15,4;14,9;93;92;92;129;3,4;,7;
2023/05/24;1000 UTC;0;970,8;970,8;970,2;28,3;16,7;15,4;16,7;16,6;15,4;15,3;92;92;92;86;2,5;1,2;
2023/05/24;1100 UTC;0;971,1;971,1;970,7;279,2;17,2;15,8;17,3;16,7;15,8;15,3;93;90;91;14;2;,5;
2023/05/24;1200 UTC;0;971,6;971,6;971,1;655,8;19,5;16,6;19,5;17,2;16,8;15,7;92;83;83;91;2,3;1,2;
2023/05/24;1300 UTC;0;971,6;971,8;971,6;1013;20,9;16,4;21;19,3;16,7;16,1;84;75;75;91;6,1;3,7;
2023/05/24;1400 UTC;0;971;971,7;970,9;1767,2;22,8;16,2;23,4;20,9;17;15,7;76;64;66;113;6,1;3,3;
2023/05/24;1500 UTC;0;970,1;971;970,1;2083,6;24,4;15,5;24,5;22,8;16,4;15;67;56;58;103;6,9;3,1;
2023/05/24;1600 UTC;0;968,9;970,1;968,9;2211,9;24,7;14,4;25,8;24;15,9;14;58;50;53;92;8,5;4,1;
2023/05/24;1700 UTC;0;968;968,9;968;2382,3;26;14,6;26,3;24,6;15,6;14,1;54;48;49;74;8,5;2,8;
2023/05/24;1800 UTC;0;967,5;968;967,5;1205,2;25,3;15,1;26,4;25,2;15,3;14,4;54;49;53;102;6,9;4,5;
2023/05/24;1900 UTC;0;967,5;967,5;967,3;367,3;24,6;14,9;25,3;24,6;15,2;14,4;55;52;55;101;7,5;3,5;
2023/05/24;2000 UTC;0;967,9;967,9;967,5;165,4;23,8;15,2;24,6;23,8;15,2;14,4;59;54;59;106;7,6;3,3;
2023/05/24;2100 UTC;0;968,6;968,6;967,9;10,1;22,6;15,5;23,8;22,6;15,5;15,2;64;59;64;109;5,5;3;
2023/05/24;2200 UTC;0;969,5;969,5;968,6;;21,7;15,6;22,6;21,7;15,6;15,5;68;64;68;94;4,4;2,1;
2023/05/24;2300 UTC;0;970,2;970,2;969,5;;20,9;15,7;21,7;20,9;15,7;15,5;72;68;72;99;3,8;2;
2023/05/25;0000 UTC;0;970,9;970,9;970,2;;19,8;15,6;20,9;19,8;15,8;15,5;77;72;77;94;3,3;1,5;
2023/05/25;0100 UTC;0;971,3;971,3;970,8;;19,2;15,4;19,8;19,1;15,8;15,2;79;77;79;64;2,9;1,3;
2023/05/25;0200 UTC;0;971,6;971,6;971,3;;19,1;15,6;19,3;18,5;15,7;15,4;83;79;80;73;3,4;2,1;
2023/05/25;0300 UTC;0;971,5;971,7;971,5;;18,9;15,5;19,1;18,8;15,6;15,5;81;80;80;70;3,4;2,1;
2023/05/25;0400 UTC;0;971,1;971,5;971,1;;18;15,5;18,9;18;15,6;15,4;85;80;85;108;3,4;2;
2023/05/25;0500 UTC;0;970,8;971,1;970,8;;17;16;18,1;16,6;16;14,7;94;85;93;24;3,2;1,3;
2023/05/25;0600 UTC;0;970,3;970,8;970,3;;18;16,4;18;17;16,4;15,9;93;91;91;34;2,5;1,7;
2023/05/25;0700 UTC;0;970,1;970,4;970,1;;17,5;15,7;18,1;16,7;16,6;15,1;94;86;89;46;2,5;1,2;
2023/05/25;0800 UTC;0;970,4;970,4;970,1;;17;15,4;17,5;17;15,8;15,4;91;89;90;52;2,3;1,2;
2023/05/25;0900 UTC;0;970,8;970,8;970,4;;16,7;15,4;17;16,5;15,4;15,1;92;90;92;34;2,3;1,4;
2023/05/25;1000 UTC;0;971,6;971,6;970,8;32,5;15,9;14,6;16,8;15,9;15,5;14,6;93;91;92;4;2,1;,4;
2023/05/25;1100 UTC;0;972,1;972,1;971,6;525,2;18;16,3;18;15,7;16,5;14,6;95;90;90;346;1,7;,9;
2023/05/25;1200 UTC;0;972,5;972,5;972,1;1273,7;20,1;15;20,2;18;16,6;15;91;72;72;101;3,8;2,3;
2023/05/25;1300 UTC;0;972,5;972,5;972,4;1874,3;22,1;14,9;22,4;20,1;15,6;14,5;73;63;64;78;5,3;2,4;
2023/05/25;1400 UTC;0;971,8;972,5;971,8;2312,2;24,1;14,5;24,1;22;15,3;13,5;64;55;55;100;5,4;3;
2023/05/25;1500 UTC;0;970,8;971,8;970,8;2537,8;24,9;13,5;25,4;23,5;14,5;13,2;56;48;49;88;6,4;2,6;
2023/05/25;1600 UTC;0;969,6;970,8;969,6;2494,1;25,7;13,5;25,8;24,5;14,2;12,6;52;44;47;119;6,9;3,1;
2023/05/25;1700 UTC;0;968,8;969,6;968,8;2216,5;26,1;12,7;26,6;25,6;14,1;12,1;48;42;43;101;5,7;2,3;
2023/05/25;1800 UTC;0;968,4;968,8;968,4;1743,1;26,4;13,2;26,8;25,9;13,7;12,1;46;41;44;110;6,6;3,1;
2023/05/25;1900 UTC;0;968,7;968,7;968,4;1125,1;26,1;12,7;26,5;25,9;13,8;12,4;46;42;43;105;6,3;3,3;
2023/05/25;2000 UTC;0;969;969;968,7;368,6;24,5;13,7;26,2;24,5;13,7;12,4;51;43;51;105;6,2;2,6;
2023/05/25;2100 UTC;0;969,4;969,4;969;11,3;23,6;13,8;24,6;23,6;13,9;13,6;54;51;54;114;5,6;3,6;
2023/05/25;2200 UTC;0;970;970;969,4;;22,4;14,3;23,5;22,4;14,3;13,8;60;54;60;106;5,6;3;
2023/05/25;2300 UTC;0;970,6;970,6;970;;21;14,7;22,4;21;14,7;14,3;67;60;67;82;5;1,6;
2023/05/26;0000 UTC;0;970,8;970,8;970,6;;19,5;14,5;21;19,3;14,8;14,2;74;67;73;56;3,5;1,6;
2023/05/26;0100 UTC;0;971,2;971,2;970,8;;18,6;14,7;19,7;18;14,8;13,9;80;72;78;106;2,9;1,1;
2023/05/26;0200 UTC;0;971,5;971,5;971,2;;18,1;14,2;18,6;16,8;14,9;13,8;85;77;78;68;3,6;2,4;
2023/05/26;0300 UTC;0;971,5;971,7;971,5;;17,2;14,2;18,1;17,1;14,5;14,1;83;78;83;87;4;2,7;
2023/05/26;0400 UTC;0;971,5;971,5;971,4;;16,8;14,3;17,4;16,1;14,6;13,4;87;82;85;72;3,9;1;
2023/05/26;0500 UTC;0;971,2;971,5;971,2;;16,5;13,4;17,2;15,5;14,8;13;90;82;82;37;3,6;1,5;
2023/05/26;0600 UTC;0;970,8;971,2;970,8;;16,2;14;16,8;16,1;14,3;13,7;88;82;87;67;2,8;1,5;
2023/05/26;0700 UTC;0;970,7;970,8;970,6;;15;13,2;16,2;15;14;13,2;89;87;89;81;3;,8;
2023/05/26;0800 UTC;0;970,6;970,7;970,6;;15,2;13,6;15,5;15;13,9;13,2;91;89;90;62;2,8;1,6;
2023/05/26;0900 UTC;0;970,9;970,9;970,6;;14,5;13,3;15,2;14,5;13,6;12,9;93;90;92;66;2,7;1,5;
2023/05/26;1000 UTC;0;971,2;971,3;970,9;28,2;15,3;14;15,3;14,2;14;13;94;91;92;79;2,4;1,1;
2023/05/26;1100 UTC;0;971,5;971,6;971,2;528,5;18;15,5;18;15,3;15,5;14,1;93;85;85;45;2,7;1,5;
2023/05/26;1200 UTC;0;972;972;971,5;1284,6;19,2;15,2;19,4;18;15,7;14,9;85;77;78;98;4,7;2,8;
2023/05/26;1300 UTC;0;971,6;972;971,6;1838,3;21,9;15,2;22,1;19,1;16,2;15;78;66;66;104;6,5;3,8;
2023/05/26;1400 UTC;0;970,8;971,6;970,8;2352,3;23,9;14,6;24;21,9;15,6;13,9;67;55;56;97;7;4;
2023/05/26;1500 UTC;0;969,6;970,8;969,6;2524,5;25,4;14;25,4;23,6;14,6;13,5;56;49;49;99;8,1;4,1;
2023/05/26;1600 UTC;0;968,2;969,6;968,2;2471,1;26,3;13,3;26,5;25,2;14,2;13,1;50;44;44;115;8,1;4,7;
2023/05/26;1700 UTC;0;967,4;968,2;967,4;2218,4;27;13,5;27,1;26,2;13,9;13,1;46;43;44;111;8,8;4,5;
2023/05/26;1800 UTC;0;967,4;967,4;967,3;1739,7;27,4;13,8;27,4;26,7;14,1;13,1;45;42;43;109;8,4;3,9;
2023/05/26;1900 UTC;0;967,7;967,7;967,3;1095,7;26,6;12,8;27,7;26,6;13,7;12,7;43;41;42;105;7,4;3,5;
2023/05/26;2000 UTC;0;968,3;968,3;967,7;307;25;14,6;26,9;25;14,6;12,9;53;42;53;129;7,8;2,7;
2023/05/26;2100 UTC;0;968,7;968,7;968,3;6,2;23,7;15;25;23,7;15;14,6;58;53;58;113;5,9;3,1;
2023/05/26;2200 UTC;0;969;969;968,7;;22;15,3;23,7;21,9;15,3;15;66;58;66;116;4,7;1,6;
2023/05/26;2300 UTC;0;969,3;969,3;969;;20;15,4;22;19,8;15,4;15,1;75;66;75;82;3,4;,7;
2023/05/27;0000 UTC;0;969,5;969,5;969,1;;19,2;15,5;20,3;18,2;15,7;14,6;83;74;79;77;2,8;,6;
2023/05/27;0100 UTC;0;969,6;969,6;969,4;;18,8;15,1;20;18,8;15,7;15,1;79;75;79;74;2,4;,9;
2023/05/27;0200 UTC;0;969,8;969,8;969,6;;17,9;15,1;18,8;17,3;15,9;14,4;88;79;84;76;3,9;1;
2023/05/27;0300 UTC;0;969,5;969,8;969,5;;16,4;15,1;17,9;16,4;15,9;14,4;92;84;92;335;2,3;,7;
2023/05/27;0400 UTC;0;969,3;969,5;969,2;;16,2;14,9;17,3;16,2;16,3;14,9;95;92;92;198;1,5;,6;
2023/05/27;0500 UTC;0;968,7;969,3;968,7;;15,9;15,2;16,2;15,2;15,2;14,4;96;92;95;356;1,7;,7;
2023/05/27;0600 UTC;0;968,8;968,9;968,6;;15,8;15,2;16,3;15;15,5;14,1;96;93;96;329;1,9;1,5;
2023/05/27;0700 UTC;0;968,9;968,9;968,6;;15,1;14,2;16,1;14,5;15,4;13,5;96;93;95;224;1,9;,7;
2023/05/27;0800 UTC;0;969;969;968,9;;15,6;14,8;15,9;15;15;14;95;93;95;90;1,3;,6;
2023/05/27;0900 UTC;0;969,5;969,5;969;;16,3;15,1;16,7;15,6;15,5;14,9;95;91;93;100;2,7;1,5;
2023/05/27;1000 UTC;0;970,1;970,2;969,5;28,1;16,3;15,5;16,3;15,8;15,5;14,8;95;93;95;89;2,5;,7;
2023/05/27;1100 UTC;0;970,6;970,6;970,1;354,7;16,8;15,5;16,8;16,3;15,7;15,1;95;92;92;75;2,9;1,1;
2023/05/27;1200 UTC;0;970,8;970,8;970,5;963;18,8;15,7;18,8;16,8;16,3;15,1;93;81;82;112;3,6;1,8;
2023/05/27;1300 UTC;0;970,5;970,8;970,5;796,4;18,9;15,1;19;18,4;15,5;14,8;82;78;78;329;3,2;1;
2023/05/27;1400 UTC;0;969,6;970,5;969,6;2198,5;21,7;15,3;21,8;18,9;16,1;14,8;80;67;67;143;2,8;1,1;
2023/05/27;1500 UTC;0;968,1;969,6;968,1;2434,9;23,5;15,8;24,3;21,2;16,4;14,6;68;59;62;273;3,2;1,7;
2023/05/27;1600 UTC;0;967,3;968,1;967,3;2472,7;24,8;13,9;24,9;23,4;15,9;13,4;62;49;51;336;4,6;1,2;
2023/05/27;1700 UTC;0;966,3;967,3;966,3;2158,8;26,1;14,1;26,6;24,8;15,6;13,9;55;47;48;32;3,8;1,9;
2023/05/27;1800 UTC;0;965,8;966,3;965,8;1716,2;26,9;14,1;27,5;25,8;14,8;13,4;49;43;45;87;3,8;1,2;
2023/05/27;1900 UTC;0;965,8;965,9;965,8;1093,3;26,6;14,4;27,2;26,3;15;13,8;48;44;47;351;3,3;1,7;
2023/05/27;2000 UTC;0;966;966;965,8;394,5;24,6;15,5;26,6;24,6;15,5;14,1;57;47;57;358;3,2;1,4;
2023/05/27;2100 UTC;0;966,5;966,5;966;10,7;21,5;15,8;24,6;21,4;16,1;15,6;71;57;70;331;3,3;1,7;
2023/05/27;2200 UTC;0;967,2;967,2;966,5;;20,6;15,8;21,5;20,6;16;15,7;74;70;74;184;2,5;,3;
2023/05/27;2300 UTC;0;967,6;967,6;967,2;;19,5;15,2;20,8;19,4;15,9;14,9;77;70;76;28;2,2;1,2;
2023/05/28;0000 UTC;0;967,7;967,7;967,6;;18,4;15,3;19,7;18,1;15,8;14,6;82;75;82;218;1,9;,2;
2023/05/28;0100 UTC;0;967,9;967,9;967,7;;16,6;15;18,6;16,5;15,5;14,4;90;80;90;336;1,3;1,1;
2023/05/28;0200 UTC;0;967,9;967,9;967,7;;15,9;14,5;17,4;15,9;15,4;14,4;92;85;91;290;1,6;,8;
2023/05/28;0300 UTC;0;967,4;967,9;967,4;;16,8;14,3;16,8;15,6;15;14,1;92;85;85;97;1,6;1,1;
2023/05/28;0400 UTC;0;967,2;967,5;967,2;;16,3;14,8;16,8;15,9;15,1;13,7;92;84;91;130;1,4;,9;
2023/05/28;0500 UTC;0;966,5;967,2;966,4;;16;14,6;16,3;14,4;14,8;13,3;95;90;91;80;2,3;1;
2023/05/28;0600 UTC;0;966;966,5;966;;14,3;13,4;16,1;14;14,6;12,8;94;88;94;17;2,1;1;
2023/05/28;0700 UTC;0;966,2;966,2;966;;13,6;12,8;14,5;13,6;13,7;12,8;95;94;95;320;2;1,6;
2023/05/28;0800 UTC;0;966,6;966,6;966,2;;14,6;13,9;14,6;13,5;13,9;12,8;96;95;96;12;1,9;1,1;
2023/05/28;0900 UTC;0;966,9;966,9;966,6;;14,7;13,6;14,9;14,6;14,2;13,6;96;93;93;112;2,1;1,5;
2023/05/28;1000 UTC;0;967,6;967,7;967;48,8;13,3;12,5;14,7;13,3;13,6;12,5;95;93;95;346;2;1,5;
2023/05/28;1100 UTC;0;967,8;967,8;967,6;410,9;15,9;15,2;15,9;13,3;15,2;12,5;96;95;96;86;2,1;,5;
2023/05/28;1200 UTC;0;967,6;967,8;967,6;1175;18,4;15;18,4;15,9;15,7;14,3;96;80;80;134;2,6;,9;
2023/05/28;1300 UTC;0;967,6;967,7;967,5;1814;20,6;14,7;20,7;18,5;15,9;14,6;80;69;69;287;2,7;,9;
2023/05/28;1400 UTC;0;966,6;967,6;966,6;2237,8;23,5;15,6;23,5;20,6;15,6;14;69;59;61;252;3;1;
2023/05/28;1500 UTC;0;965,6;966,6;965,6;2350,4;25,7;15,3;25,8;23;16,3;14,6;61;52;53;81;6,5;1,2;
2023/05/28;1600 UTC;0;964,4;965,6;964,4;2399,4;26,4;13,6;26,9;24,8;15,5;13,6;54;44;46;260;3,5;1,5;
2023/05/28;1700 UTC;0;963,8;964,4;963,8;2072;27,4;12,9;28,4;26,3;14,2;12,6;47;40;41;229;3;1,8;
2023/05/28;1800 UTC;0;963,5;963,8;963,5;1679,3;28,3;12,2;28,7;27,3;13,2;11,6;42;36;37;312;3,9;1,3;
2023/05/28;1900 UTC;0;963,5;963,6;963,4;1093,8;28,3;11,8;29,2;28;12,9;11,4;38;35;36;290;3,2;,8;
2023/05/28;2000 UTC;0;963,8;963,8;963,4;319,1;25,7;13,8;28,8;25,7;13,8;11,8;48;36;48;360;2,5;1,4;
2023/05/28;2100 UTC;0;964,3;964,4;963,8;11,4;23,9;15,3;25,7;23,1;15,9;13,9;64;48;59;83;5,1;2,8;
2023/05/28;2200 UTC;0;965,1;965,1;964,3;;22,5;17,4;23,9;22,5;17,4;15,2;73;59;73;86;6,7;3,7;
2023/05/28;2300 UTC;0;966,1;966,1;965,1;;21,4;17,6;22,5;21,4;17,7;17,4;79;73;79;6;7,3;1,2;
2023/05/29;0000 UTC;2,2;966,4;966,5;965,9;;20,1;18,9;21,7;20;18,9;17,5;93;77;93;29;4,5;1,6;
2023/05/29;0100 UTC;,8;966,5;966,5;966;;19,7;18,8;20,1;19,7;19;18,7;94;93;94;288;4;1,3;
2023/05/29;0200 UTC;0;966,5;966,7;966,4;;20;19,1;20;19,7;19,1;18,8;95;94;94;5;2,5;1;
2023/05/29;0300 UTC;,6;966,2;966,6;966,2;;19,8;17,6;20,3;19,7;19,1;17,4;94;85;87;256;3,1;1,1;
2023/05/29;0400 UTC;0;965,6;966,3;965,6;;19,9;16,3;20,1;19,7;17,4;16,2;87;79;80;272;8,2;5,1;
2023/05/29;0500 UTC;0;965,5;965,6;965,4;;20,3;16,2;20,4;19,9;16,4;16,2;80;77;77;250;10,6;3,7;
2023/05/29;0600 UTC;0;965,3;965,5;965;;20,2;16,3;20,3;20;16,4;16,2;80;77;79;250;9,8;5,6;
2023/05/29;0700 UTC;0;965,7;965,7;965,2;;19,2;16,4;20,2;19,2;16,4;16,1;83;78;83;263;14,2;8,6;
2023/05/29;0800 UTC;0;966,3;966,3;965,6;;19,2;16;19,3;19;16,6;16;86;82;82;229;14,2;4,4;
2023/05/29;0900 UTC;0;967,1;967,1;966,3;;18,9;15,4;19,4;18,9;16;15,2;82;77;80;241;8,8;4;
2023/05/29;1000 UTC;0;968,1;968,1;967,1;10,2;19;15,2;19;18,7;15,4;15,2;82;79;79;242;7;4,1;
2023/05/29;1100 UTC;0;969,3;969,3;968,1;190,3;19,1;15,3;19,2;18,9;15,3;15,2;79;78;79;239;7,8;3,1;
2023/05/29;1200 UTC;0;970;970;969,3;482,4;20;15,3;20;19,1;15,5;15,1;79;75;75;236;7,1;4,4;
2023/05/29;1300 UTC;0;970;970,2;970;1077,5;20,7;15,6;21,3;19,8;16,1;15,1;75;70;72;261;7,2;3,5;
2023/05/29;1400 UTC;0;969,4;970;969,3;1737,9;22,4;14,9;23,3;20,7;16,2;14,8;72;61;62;284;5,9;3,5;
2023/05/29;1500 UTC;0;968,9;969,3;968,9;1090,2;21,1;16,1;22,8;21,1;16,1;14,6;73;61;73;93;5,6;2,9;
2023/05/29;1600 UTC;0;968,3;968,9;968,3;787,2;21,3;16,4;21,3;20,6;16,9;15,6;79;72;74;67;5,2;1,5;
2023/05/29;1700 UTC;0;967,8;968,3;967,8;1664,6;22,3;15,9;22,8;21,3;16,8;15,3;74;65;67;58;4,2;1,9;
2023/05/29;1800 UTC;3,4;968,3;968,3;967,8;168,9;19;17,7;22,3;18,5;17,8;15,7;93;67;92;121;5,8;2,5;
2023/05/29;1900 UTC;,4;968,3;968,4;968,2;290,2;19;17,4;19,3;18,9;18;17,4;93;90;90;62;5,4;2,7;
2023/05/29;2000 UTC;0;968,9;968,9;968,3;187,4;18,9;17,3;19,1;18,9;17,5;17,2;91;89;91;39;4,9;1,6;
2023/05/29;2100 UTC;0;969,5;969,5;968,9;9,6;18,7;15;18,9;18,5;17,3;14,9;92;79;79;63;4,8;2,5;
2023/05/29;2200 UTC;0;970,1;970,1;969,5;;18,2;15,2;18,7;18;15,3;15;84;79;82;47;4,8;2;
2023/05/29;2300 UTC;0;970,6;970,6;970,1;;18,2;15;18,3;18,1;15,2;15;83;81;82;45;3,6;1,9;
2023/05/30;0000 UTC;0;971,2;971,2;970,6;;18;14,9;18,2;18;15;14,8;83;81;82;45;3,4;1,8;
2023/05/30;0100 UTC;0;971,5;971,5;971,2;;18,1;15;18,1;18;15;14,9;83;82;82;67;2,9;1,4;
2023/05/30;0200 UTC;0;971,6;971,6;971,5;;17,7;15,9;18,1;17,7;15,9;15;89;82;89;34;2,4;1,2;
2023/05/30;0300 UTC;0;971,6;971,7;971,6;;17,4;16;17,8;17,4;16;15,7;91;88;91;20;2,5;,8;
2023/05/30;0400 UTC;0;971,3;971,6;971,3;;17,5;16,1;17,5;17,3;16,2;15,9;92;91;91;58;2,2;1;
2023/05/30;0500 UTC;0;971,1;971,3;971,1;;17,4;15,9;17,5;17,4;16,1;15,9;91;91;91;61;3,6;1,6;
2023/05/30;0600 UTC;0;971;971,1;970,9;;17,1;15,8;17,4;17,1;15,9;15,7;92;91;92;58;3,8;1,8;
2023/05/30;0700 UTC;,2;970,9;971,1;970,9;;16,5;15,7;17,1;16,4;15,8;15,6;95;92;95;26;3,7;1,5;
2023/05/30;0800 UTC;0;971;971;970,8;;16,6;15,6;16,7;16,5;15,8;15,6;95;94;94;48;3,7;2;
2023/05/30;0900 UTC;0;971,9;971,9;971;;16,5;15,3;16,7;16,5;15,6;15,3;93;92;92;39;4;1,7;
2023/05/30;1000 UTC;0;972,7;972,7;971,9;32,6;16,7;15,2;16,7;16,5;15,3;15,1;93;91;91;47;3;1,6;
2023/05/30;1100 UTC;0;973,4;973,4;972,7;231,8;17,5;14,7;17,5;16,7;15,5;14,7;91;84;84;42;2,8;1,5;
2023/05/30;1200 UTC;0;973,8;973,9;973,4;599,5;18,1;14,1;18,2;17,5;14,8;14;84;77;78;68;5,1;3;
2023/05/30;1300 UTC;0;973,8;973,9;973,7;1097,3;18,5;14,7;19,5;18,1;15,2;14;80;73;79;102;6,2;3;
2023/05/30;1400 UTC;0;973,4;973,8;973,3;1013,2;19,4;14;20,1;18,5;15,1;14;79;71;71;90;6,4;2,7;
2023/05/30;1500 UTC;0;972,5;973,4;972,5;1849,1;20,5;13,6;21,5;19,4;14,8;13,4;72;61;65;63;6,1;3,5;
2023/05/30;1600 UTC;0;971,2;972,5;971,2;1718,6;21,1;14,1;22,2;20,4;14,5;13,1;66;59;64;107;6,6;3,8;
2023/05/30;1700 UTC;0;970,5;971,2;970,5;963,4;20,8;13,8;21,2;20,5;14,2;13,4;65;63;64;102;7;4,3;
2023/05/30;1800 UTC;0;969,9;970,5;969,9;733,4;20,6;13,8;21;20,5;14,1;13,6;66;64;65;111;8;4,5;
2023/05/30;1900 UTC;0;969,8;970,1;969,8;290,4;20,3;14,1;20,6;20,3;14,3;13,8;68;65;68;106;7,7;2,7;
2023/05/30;2000 UTC;0;970,1;970,1;969,8;108,3;20;14,3;20,4;20;14,4;14,1;70;68;70;94;5,4;2;
2023/05/30;2100 UTC;0;970,3;970,4;970,1;5,1;19,5;14,7;20;19,5;14,7;14,2;74;69;74;89;3,9;2;
2023/05/30;2200 UTC;0;970,3;970,4;970,3;;19,3;14,7;19,5;19,2;14,9;14,7;76;74;75;106;6;3,6;
2023/05/30;2300 UTC;0;970,5;970,7;970,2;;18,9;15;19,4;18,9;15;14,7;78;74;78;108;6,9;3,3;
2023/05/31;0000 UTC;0;970,7;971;970,4;;18,6;15,2;18,9;18,6;15,2;15;80;78;80;98;5,8;2,5;
2023/05/31;0100 UTC;0;970,8;971;970,5;;18,3;15,3;18,6;18,3;15,4;15,2;83;80;83;67;4,1;1,1;
2023/05/31;0200 UTC;0;970,5;970,9;970,4;;18;15,6;18,3;18;15,6;15,3;86;83;86;66;2,8;1,7;
2023/05/31;0300 UTC;0;970,3;970,5;970,3;;18;15,8;18;17,8;16,3;15,6;90;86;87;49;2,8;1,7;
2023/05/31;0400 UTC;0;969,7;970,3;969,6;;17,9;15,9;18;17,9;16;15,8;88;87;88;81;3;1,5;
2023/05/31;0500 UTC;0;969,1;969,8;969;;17,7;16;17,9;17,6;16,1;15,9;91;88;90;59;3,5;1,8;
2023/05/31;0600 UTC;0;968,6;969,1;968,6;;17,5;16,1;17,7;17,4;16,1;15,9;92;90;91;61;3,5;1,9;
2023/05/31;0700 UTC;0;968,5;968,7;968,4;;17,2;16,2;17,5;17,2;16,2;16,1;94;91;94;58;3,6;2;
2023/05/31;0800 UTC;,4;968,2;968,5;968,2;;17,1;16,2;17,2;17,1;16,3;16,2;95;94;95;63;3,3;1,3;
2023/05/31;0900 UTC;0;968,7;968,7;968,2;;17,1;16,3;17,1;17,1;16,3;16,2;95;95;95;76;3,2;1,4;
2023/05/31;1000 UTC;,4;969,4;969,4;968,5;4,2;17,1;16,4;17,2;17,1;16,4;16,3;95;95;95;74;3,1;1,2;
2023/05/31;1100 UTC;3,2;969,9;970,1;969,4;48,3;17,2;16,4;17,3;17,1;16,6;16,4;96;95;95;122;2,6;1,5;
2023/05/31;1200 UTC;1;970,3;970,4;969,9;133,4;17,3;16,6;17,3;17,1;16,6;16,4;96;95;95;99;3,4;2,3;
2023/05/31;1300 UTC;,2;970;970,3;970;226,6;17,5;16,5;17,5;17,3;16,7;16,5;96;94;94;106;5,3;3,1;
2023/05/31;1400 UTC;1,2;969,9;970,1;969,9;309;17,8;16,6;18;17,5;16,9;16,4;94;92;93;106;4,8;1,6;
2023/05/31;1500 UTC;1;969;969,9;969;353,7;18,1;16,9;18,1;17,7;17;16,5;93;92;93;132;4;1,5;
2023/05/31;1600 UTC;0;968,2;969;968,2;302,3;18,3;16,9;18,3;18;17,1;16,7;93;91;92;162;2,9;1,1;
2023/05/31;1700 UTC;,2;967,4;968,2;967,4;139,8;18,1;16,8;18,3;18,1;16,9;16,6;92;91;92;102;2,9;1,6;
2023/05/31;1800 UTC;,4;966,6;967,4;966,6;82,5;17,9;16,9;18,2;17,9;17;16,7;94;92;94;143;4,3;1,9;
2023/05/31;1900 UTC;0;967,1;967,1;966,5;63,6;18,1;16,9;18,1;17,9;17,1;16,9;94;93;93;222;2,8;1;
2023/05/31;2000 UTC;0;967,5;967,5;967,1;76,3;17,9;17,1;18,3;17,9;17,2;17;95;93;95;330;2,5;1,2;
2023/05/31;2100 UTC;0;968;968;967,5;7,5;17,9;17,1;17,9;17,8;17,2;17;95;95;95;237;2,5;1,3;
2023/05/31;2200 UTC;0;968,3;968,3;967,8;;17,6;16,9;17,9;17,6;17,1;16,9;95;95;95;348;1,9;,7;
2023/05/31;2300 UTC;0;969,2;969,2;968,3;;17,9;17,1;17,9;17,6;17,2;16,9;96;95;96;271;3,7;1,8;
2023/06/01;0000 UTC;,2;969,1;969,2;968,9;;17,6;16,9;17,9;17,6;17,1;16,9;96;96;96;15;3,2;,5;
2023/06/01;0100 UTC;0;968,9;969,1;968,9;;17,8;17;17,8;17,6;17,1;16,9;96;95;95;172;1,5;1,1;
2023/06/01;0200 UTC;0;968,9;969;968,8;;17,5;16,8;17,8;17,3;17;16,6;96;95;96;298;1,9;,9;
2023/06/01;0300 UTC;0;968,9;968,9;968,8;;17,5;16,9;17,5;17,4;16,9;16,7;96;96;96;73;2,5;,9;
2023/06/01;0400 UTC;0;968,5;968,9;968,4;;18,5;16,2;18,5;17,5;17,1;16,2;96;87;87;246;7,7;5,1;
2023/06/01;0500 UTC;0;968;968,5;967,9;;18,4;15,4;18,7;18,4;16;15,4;86;82;82;252;9,6;5,5;
2023/06/01;0600 UTC;0;967,8;968,1;967,8;;18,1;15;18,4;18;15,4;15;84;82;82;257;8,9;4,1;
2023/06/01;0700 UTC;0;967,9;968;967,7;;17,7;15,3;18,1;17,2;15,8;14,7;90;82;86;256;6,8;,7;
2023/06/01;0800 UTC;0;968,3;968,3;967,9;;17,8;14,9;17,8;17,2;15,6;14,9;89;83;83;254;7,5;4,5;
2023/06/01;0900 UTC;0;968,7;968,8;968,3;;16,9;15,9;17,8;16,5;15,9;14,9;94;83;94;8;7,5;,4;
2023/06/01;1000 UTC;0;969,3;969,3;968,7;27,8;17,2;15,5;17,3;16,5;16,1;15,1;94;89;89;224;2,1;,4;
2023/06/01;1100 UTC;0;969,6;969,6;969,3;494,5;17,7;16,5;17,7;15,8;16,7;14,7;95;87;93;14;2,2;,9;
2023/06/01;1200 UTC;0;970,1;970,1;969,6;1271,1;19,5;15,3;19,8;17,7;16,9;15,1;93;75;77;319;4,2;2,6;
2023/06/01;1300 UTC;0;970,2;970,2;970,1;1562,8;21,2;15,5;21,2;19,5;16,2;15,1;78;70;70;244;7,2;4,1;
2023/06/01;1400 UTC;0;969,8;970,2;969,8;2307,9;22;14,9;22,1;21;15,8;14,6;71;64;64;240;9,3;6;
2023/06/01;1500 UTC;0;969,1;969,8;969,1;2492,6;23,1;14,6;23,4;22;15,6;14,4;66;59;59;242;9,2;5,2;
2023/06/01;1600 UTC;0;968,3;969,1;968,3;2451,6;23,7;14,4;24,5;22,9;15,1;14;60;53;56;246;9,4;5,3;
2023/06/01;1700 UTC;,2;967,8;968,3;967,8;2105,6;24,1;13,9;25,5;23,7;14,8;13,5;56;49;53;238;7,9;4,3;
2023/06/01;1800 UTC;0;967,5;967,8;967,5;1622,1;24,8;14,2;25,5;23,8;14,5;13,8;56;48;52;242;7,8;4,2;
2023/06/01;1900 UTC;0;967,6;967,6;967,5;1149,6;24,8;14,3;25,1;24,5;14,3;13,5;52;49;52;261;6,5;3,7;
2023/06/01;2000 UTC;0;968,1;968,1;967,6;417,3;22,8;14,3;24,8;22,8;14,3;13,6;59;51;59;280;6,8;2,2;
2023/06/01;2100 UTC;0;968,4;968,5;968,1;14,8;21,8;14,2;22,8;21,8;14,7;13,9;62;59;62;95;5,7;3,2;
2023/06/01;2200 UTC;0;969,3;969,3;968,4;;19,8;14,1;21,8;19,8;14,2;13,9;70;62;70;47;6,1;1,2;
2023/06/01;2300 UTC;0;969,9;969,9;969,3;;19,1;15,1;19,8;19;15,2;14,1;78;70;78;63;2,7;1,5;
2023/06/02;0000 UTC;0;970,3;970,3;969,9;;18,2;15,4;19;18,2;15,5;15;84;78;84;92;4;2,4;
2023/06/02;0100 UTC;0;970,3;970,4;970,3;;17,4;15,6;18,2;17,4;15,7;15,2;89;83;89;95;3,9;1,7;
2023/06/02;0200 UTC;0;970,6;970,7;970,3;;17,1;15,9;17,9;16,8;16;15,4;93;87;93;24;3,3;,8;
2023/06/02;0300 UTC;0;970,4;970,6;970,4;;17,2;16;17,2;17;16,1;15,8;94;93;93;337;1,3;1;
2023/06/02;0400 UTC;0;969,9;970,4;969,9;;17,4;16;17,7;17,2;16,2;15,9;93;90;92;50;1,8;,3;
2023/06/02;0500 UTC;0;969,8;969,9;969,7;;17,1;16;17,8;17,1;16,4;16;93;91;93;332;2,5;,7;
2023/06/02;0600 UTC;0;969,7;969,8;969,6;;17,3;16,3;17,3;17;16,3;16;94;93;94;136;1;,3;
2023/06/02;0700 UTC;0;969,4;969,7;969,4;;17;16,3;17,4;16,9;16,4;16,1;96;94;96;338;1;,5;
2023/06/02;0800 UTC;,2;969,4;969,4;969,3;;16,9;16,3;17;16,9;16,4;16,2;96;95;96;3;1,2;,7;
2023/06/02;0900 UTC;0;969,7;969,7;969,4;;17;16,4;17;16,9;16,4;16,3;96;96;96;33;1,2;,3;
2023/06/02;1000 UTC;0;970,3;970,3;969,7;13,6;17,3;16,7;17,3;17;16,7;16,4;96;96;96;91;1,2;,6;
2023/06/02;1100 UTC;0;971;971;970,3;244,2;17,9;17;17,9;17,3;17;16,7;96;94;95;74;2,8;1,3;
2023/06/02;1200 UTC;0;971,2;971,2;970,9;536,9;18,4;16,5;18,5;17,9;17,1;16,1;95;86;88;106;2,7;1,4;
2023/06/02;1300 UTC;0;971,2;971,4;971,2;1640,2;20,1;15,6;20,3;18,4;16,8;15,5;89;74;75;91;3,4;1,7;
2023/06/02;1400 UTC;0;971,2;971,4;971,2;1583,1;20,5;15,3;21,1;19,9;16,5;15;77;71;72;113;3,9;2;
2023/06/02;1500 UTC;0;970,7;971,3;970,7;1112,3;21,4;15;21,7;20,4;15,7;14,7;73;66;67;50;3,3;,8;
2023/06/02;1600 UTC;0;969,7;970,7;969,7;1296,1;22;14,4;22,6;21,1;15,6;14,2;69;60;62;78;3,1;1,5;
2023/06/02;1700 UTC;0;968,8;969,7;968,8;1918,8;23,8;14,7;23,9;21,9;15,8;14,2;63;57;57;302;4,3;2,2;
2023/06/02;1800 UTC;0;968,4;968,8;968,4;1715,2;24,3;14;24,4;23,2;15,3;12,8;59;51;53;25;4,2;1,1;
2023/06/02;1900 UTC;0;968,5;968,5;968,3;1085,6;23,7;13,3;24,5;23,1;14,4;13,2;56;51;52;66;3,6;2,2;
2023/06/02;2000 UTC;0;969,2;969,2;968,5;439;22,3;14,4;23,8;22,3;14,4;12,8;61;51;61;100;5,1;2,4;
2023/06/02;2100 UTC;0;969,6;969,7;969,2;14,7;19,5;14,5;22,3;19,5;14,8;14,3;73;61;73;72;4;,9;
2023/06/02;2200 UTC;0;969,8;969,8;969,5;;18,5;14,5;19,9;18,5;14,9;14,3;78;72;77;69;3,5;2,1;
2023/06/02;2300 UTC;0;970;970;969,8;;18;14,3;18,5;17,9;14,5;14,3;80;77;79;81;4,5;2,8;
2023/06/03;0000 UTC;0;970,6;970,6;970;;17,8;14,6;18;17,6;14,6;14,2;82;79;82;99;4,6;2,6;
2023/06/03;0100 UTC;0;971,1;971,1;970,6;;17;14,4;17,8;17;14,7;14,4;85;81;85;52;4,6;1,7;
2023/06/03;0200 UTC;0;971,4;971,4;971,1;;17,2;14,9;17,3;17;14,9;14,2;86;83;86;51;4,7;2,2;
2023/06/03;0300 UTC;0;971,3;971,4;971,2;;17,5;14,9;17,6;17,2;15,1;14,9;87;85;85;68;3,6;1,6;
2023/06/03;0400 UTC;0;971;971,3;971;;17,3;15,1;17,5;16,8;15,4;14,9;90;85;87;49;3,8;2,7;
2023/06/03;0500 UTC;0;970,6;971;970,6;;16,7;15,2;17,4;16,7;15,3;15;91;86;91;106;3,8;1,5;
2023/06/03;0600 UTC;0;970,1;970,6;970,1;;16;14,7;16,9;16;15,4;14,7;93;91;92;123;2,5;1,7;
2023/06/03;0700 UTC;0;970;970,1;969,9;;15;14,2;16;15;14,8;14,2;95;92;95;85;2,5;,9;
2023/06/03;0800 UTC;0;970,2;970,3;970;;15,6;14,8;15,6;14,8;14,8;13,9;96;94;95;45;2,8;1,2;
2023/06/03;0900 UTC;0;970,7;970,7;970,2;;15;14,2;15,6;14,8;14,7;14;95;94;95;105;3,4;1,8;
2023/06/03;1000 UTC;0;971,3;971,3;970,6;18,6;15,4;14,7;15,4;15;14,7;14,2;95;95;95;119;2,8;1,1;
2023/06/03;1100 UTC;0;971,8;971,8;971,3;168,9;16;14,8;16,2;15,4;15,1;14,6;95;92;92;82;2,4;1,6;
2023/06/03;1200 UTC;0;972;972;971,8;281;16,2;14,6;16,4;16;15,1;14,6;93;90;90;70;3,3;1,6;
2023/06/03;1300 UTC;0;972;972;971,9;450;17;14,5;17,2;16,2;15,1;14,2;91;84;85;102;3,3;1,1;
2023/06/03;1400 UTC;0;971,9;972;971,9;1235,7;19;14,3;19,1;17,1;14,8;13,7;85;73;74;199;2,5;,6;
2023/06/03;1500 UTC;0;971,1;972;971,1;1742,3;20,9;13,2;21,5;18,7;14,7;13,2;74;62;62;354;5,1;2,6;
2023/06/03;1600 UTC;0;969,8;971,1;969,8;2451;22,3;14;22,4;20,7;14,5;13,1;64;58;60;14;5,4;2;
2023/06/03;1700 UTC;0;969,2;969,8;969,2;2174;22,8;13,8;23,2;21,8;14,8;13,3;61;54;57;110;4;1;
2023/06/03;1800 UTC;0;968,7;969,2;968,7;1637,9;23,3;13,8;23,8;22,7;14,5;13,5;59;55;55;9;3,7;1,5;
2023/06/03;1900 UTC;0;968,4;968,7;968,4;1099,5;23,3;14,3;24,1;23,3;15,1;13,9;59;55;57;15;3,8;1,6;
2023/06/03;2000 UTC;0;968,4;968,4;968,3;385,6;22,2;14,8;23,7;22,2;15,2;14,4;64;57;63;19;3;,8;
2023/06/03;2100 UTC;0;968,6;968,6;968,3;6,5;19;15;22,3;19;15,7;14,8;79;63;78;336;3,3;1,9;
2023/06/03;2200 UTC;0;969,1;969,1;968,6;;18;14,5;19;17,8;15;14,4;81;77;80;250;3,2;,9;
2023/06/03;2300 UTC;0;969,5;969,5;969,1;;17,7;14,6;18,3;17,5;14,7;14,2;82;78;82;53;3,1;,8;
2023/06/04;0000 UTC;0;970;970;969,5;;17,9;14,9;18;17,6;14,9;14,5;82;81;82;75;2,2;,9;
2023/06/04;0100 UTC;0;970,1;970,1;970;;17,5;15,7;17,9;17,1;15,8;14,6;90;82;89;39;2,3;,8;
2023/06/04;0200 UTC;0;970,4;970,4;970,1;;16,1;15,2;17,5;16,1;15,7;15;94;88;94;305;1,2;,8;
2023/06/04;0300 UTC;0;970,2;970,4;970,2;;15,8;14,9;16,4;15,7;15,3;14,6;95;93;94;350;1,2;,5;
2023/06/04;0400 UTC;0;969,9;970,2;969,9;;14,8;14,2;15,8;14,6;15;13,9;96;94;96;247;,6;,2;
2023/06/04;0500 UTC;0;969,6;969,9;969,6;;14,2;13,7;14,8;13,7;14,1;13,1;97;96;96;133;1,4;,9;
2023/06/04;0600 UTC;0;969,3;969,6;969,2;;14;13,5;14,5;13,9;14;13,3;97;96;97;103;1,9;1,1;
2023/06/04;0700 UTC;0;969,3;969,3;969,1;1;13,3;12,8;14;13,3;13,3;12,8;97;97;97;14;1,9;,8;
2023/06/04;0800 UTC;0;969,9;969,9;969,3;,5;12,9;12,4;13,3;12,9;12,8;12,4;97;97;97;345;1,5;1,1;
2023/06/04;0900 UTC;0;970,7;970,7;969,9;1;12,7;12,1;13;12,6;12,4;12,1;97;97;97;357;1,9;1,2;
2023/06/04;1000 UTC;0;971,3;971,3;970,7;25,1;12,7;12,1;12,8;12,3;12,2;11,8;97;97;97;3;1,6;,7;
2023/06/04;1100 UTC;0;972;972;971,3;195,6;13,4;12,8;13,4;12,7;12,8;12,1;97;97;97;346;2,1;1,4;
2023/06/04;1200 UTC;0;972,7;972,7;972;458,5;14,6;14;14,7;13,4;14,1;12,9;97;96;97;229;2,1;,9;
2023/06/04;1300 UTC;0;973,1;973,1;972,7;626,5;15,3;14,8;15,5;14,5;14,9;14;97;96;97;322;2,6;1,6;
2023/06/04;1400 UTC;0;972,6;973,2;972,6;879,9;16,5;16;16,5;15,3;16;14,8;97;97;97;317;3;1,7;
2023/06/04;1500 UTC;0;971,6;972,6;971,6;2246,7;20,6;19,4;20,6;16,6;19,4;16;97;93;93;285;2,9;1;
2023/06/04;1600 UTC;0;970,6;971,6;970,6;2466,3;23,6;14,3;23,7;20,4;19,4;13,8;93;56;56;276;2,9;1,5;
2023/06/04;1700 UTC;0;969,9;970,6;969,9;2201,2;24,5;13,2;24,5;22,9;14,2;11,8;56;48;49;264;3;1,3;
2023/06/04;1800 UTC;,2;969,5;969,9;969,5;1732,7;24,6;12,2;25,2;24;13,1;11,3;50;43;46;236;2,6;1,1;
2023/06/04;1900 UTC;0;969,3;969,5;969,3;1098,5;25,7;12,6;25,9;24,6;12,9;11,8;47;42;44;278;2,7;,8;
2023/06/04;2000 UTC;0;969,6;969,6;969,3;380,2;23,2;12,7;25,7;23,2;13,5;12,2;52;43;52;34;2;1,6;
2023/06/04;2100 UTC;0;970,1;970,1;969,6;7;19,6;14,4;23,2;19,6;14,8;12,6;73;52;72;359;2,6;2,3;
2023/06/04;2200 UTC;0;970,6;970,6;970,1;;19,2;14,4;19,6;18,7;14,4;13,8;74;71;74;131;2,7;,7;
2023/06/04;2300 UTC;0;971,1;971,1;970,6;;17;13,4;19,3;16,9;14,5;13,3;80;73;80;76;2,7;1,7;
2023/06/05;0000 UTC;0;971,4;971,4;971,1;;15,8;13,1;17,3;15,8;13,6;12,9;84;77;84;300;2,8;,5;
2023/06/05;0100 UTC;0;971,6;971,7;971,4;;15,2;13,6;15,8;14,9;13,9;13,1;92;84;90;265;1,7;1;
2023/06/05;0200 UTC;0;971,7;971,7;971,6;;14,4;12,9;15,2;13,8;13,6;12,4;92;90;91;314;2;1,5;
2023/06/05;0300 UTC;0;971,6;971,7;971,6;;13,4;12,5;14,4;13,3;12,9;12,2;94;90;94;335;2;1,7;
2023/06/05;0400 UTC;0;970,9;971,6;970,9;;13,9;12,6;14,3;13,4;13,1;12,5;94;92;92;121;2;,8;
2023/06/05;0500 UTC;0;970,5;970,9;970,5;;12,4;11,6;13,9;12,4;12,7;11,5;95;91;95;7;1,8;,8;
2023/06/05;0600 UTC;0;970;970,5;970;;12,7;12,1;12,8;12,2;12,2;11,5;96;95;96;196;1,3;,7;
2023/06/05;0700 UTC;0;969,9;970;969,8;;11,6;11;12,8;11,5;12,2;10,9;96;96;96;306;1,3;,7;
2023/06/05;0800 UTC;0;969,9;970;969,8;;11,6;11;11,9;11,4;11,4;10,8;97;96;97;357;1,6;1;
2023/06/05;0900 UTC;0;970;970;969,9;;11,5;11;11,8;11,5;11,3;11;97;97;97;339;1,6;,7;
2023/06/05;1000 UTC;0;970,5;970,5;970;23,1;11,5;11,1;11,7;11,2;11,2;10,8;97;97;97;326;,9;,5;
2023/06/05;1100 UTC;0;970,9;970,9;970,5;251,3;12,3;11,8;12,3;11,5;11,8;11,1;97;97;97;330;1,4;,8;
2023/06/05;1200 UTC;0;971,5;971,5;970,9;699,2;13,3;12,7;13,3;12,2;12,7;11,7;97;97;97;343;1,8;,4;
2023/06/05;1300 UTC;0;971,4;971,6;971,4;1669,4;16,7;16,2;16,7;13,2;16,2;12,7;97;97;97;205;2,2;1;
2023/06/05;1400 UTC;0;970,8;971,4;970,8;2263,9;20;14;20;16,6;17,5;13,9;97;68;69;247;2,4;1,4;
2023/06/05;1500 UTC;0;970,1;970,8;970,1;2483,6;22,7;12,2;22,9;20;13,8;12,2;69;51;51;85;3,1;1;
2023/06/05;1600 UTC;0;969,1;970,1;969,1;2448,8;24,9;11,4;25;22,7;13,6;11,1;53;42;43;275;3,1;1,8;
2023/06/05;1700 UTC;0;968,6;969,1;968,6;2200,1;25,4;11;25,7;24,6;12;10,4;45;39;40;279;3,5;1,4;
2023/06/05;1800 UTC;0;968,2;968,6;968,2;1719,6;25,5;9,8;26;25,1;11,7;8,9;42;35;37;245;3,3;1;
2023/06/05;1900 UTC;0;968;968,2;968;1109,7;25,6;10,3;26,6;25,4;10,4;9,2;38;34;38;349;2,5;1,5;
2023/06/05;2000 UTC;0;968,3;968,3;968;398,8;23,5;11,7;25,8;23,5;11,9;10,2;48;38;48;33;3,7;1,6;
2023/06/05;2100 UTC;0;968,7;968,7;968,3;13,2;20,9;13,6;23,5;20,9;13,7;11,7;63;47;63;83;6,1;3,1;
2023/06/05;2200 UTC;0;969,7;969,7;968,7;;19,8;13,3;20,9;19,8;13,7;13,3;66;63;66;49;4,8;2,6;
2023/06/05;2300 UTC;0;970,1;970,2;969,7;;19,1;13;19,9;18;13,5;13;74;66;67;28;4,4;2,2;
2023/06/06;0000 UTC;0;970,2;970,2;969,9;;17,8;12,6;19,1;17,8;12,9;12,5;71;67;71;68;4,7;2;
2023/06/06;0100 UTC;0;970,4;970,5;970,2;;16,7;12,7;17,8;16,5;12,8;12,5;78;71;77;65;3;1,2;
2023/06/06;0200 UTC;0;970,7;970,7;970,4;;16,2;12,7;16,7;16;12,9;12,3;80;77;80;121;2,5;1,2;
2023/06/06;0300 UTC;0;971,1;971,1;970,7;;15,6;12,5;16,6;15,6;13,2;12,4;83;80;82;77;2,1;,7;
2023/06/06;0400 UTC;0;971,2;971,3;971,1;;15,7;14;15,9;15,3;14,1;12,6;91;82;90;353;2,1;1,9;
2023/06/06;0500 UTC;0;970,9;971,2;970,9;;15,9;14,3;16,6;15,7;14,4;13,6;90;84;90;105;2,6;1,1;
2023/06/06;0600 UTC;0;970,6;970,9;970,6;;15,4;14,2;15,9;15,2;14,4;14;93;90;93;322;2,4;1,1;
2023/06/06;0700 UTC;0;970,3;970,6;970,3;;15,4;14,4;15,5;15,2;14,4;14,2;94;93;94;311;2,5;1,8;
2023/06/06;0800 UTC;0;970;970,3;969,9;;16,4;14;16,4;15,4;14,5;14;94;86;86;118;2,5;,5;
2023/06/06;0900 UTC;0;970,4;970,4;970;;15,7;14,4;16,4;15,7;14,4;13,5;92;85;92;99;2,6;1,2;
2023/06/06;1000 UTC;0;971;971;970,4;12,4;15,4;14,4;15,7;15,1;14,5;14,1;94;92;94;353;2,8;1,4;
2023/06/06;1100 UTC;0;971,4;971,4;971;252,6;16,4;14,7;16,5;15,3;15;14,4;94;89;89;82;2,8;1,5;
2023/06/06;1200 UTC;0;972,1;972,1;971,4;976;18,5;14,3;18,8;16,3;15,3;14,1;90;77;77;80;2,8;1,1;
2023/06/06;1300 UTC;0;971,7;972,1;971,7;1743,1;20,7;15,1;20,7;18,3;15,3;14,2;79;70;70;38;3,6;1;
2023/06/06;1400 UTC;0;971,3;971,7;971,3;2249,4;21,5;13,4;22;20,3;15,2;13,4;70;59;60;138;5,4;2,5;
2023/06/06;1500 UTC;0;970,6;971,3;970,6;2418,5;22,5;11,2;23,2;21,5;13,8;11,2;60;49;49;106;5,5;2,8;
2023/06/06;1600 UTC;0;969,7;970,6;969,6;2461,3;23,9;10,1;24,5;22,5;12,2;9,7;51;41;42;80;5;1,5;
2023/06/06;1700 UTC;0;969,1;969,7;969,1;2178,5;24,5;9,6;24,7;23,7;10,8;9,1;43;38;39;116;5;2,6;
2023/06/06;1800 UTC;0;968,6;969,1;968,6;1705,3;24,4;9,8;25,1;23,9;10,6;9,2;42;38;40;68;5;2,8;
2023/06/06;1900 UTC;0;968,7;968,7;968,6;859,6;23,3;9,4;24,4;23,2;10,2;8,6;42;38;41;108;5,3;2,7;
2023/06/06;2000 UTC;0;969,1;969,1;968,7;139,3;21,9;11,1;23,3;21,9;11,1;9,5;50;41;50;113;4,3;1,9;
2023/06/06;2100 UTC;0;969,4;969,4;969,1;5,6;19,4;11,1;21,9;19,4;11,2;10,9;59;50;59;68;3,4;,8;
2023/06/06;2200 UTC;0;969,8;969,8;969,4;;18,6;12;19,9;18,5;12;11,1;66;58;66;48;3,3;2,2;
2023/06/06;2300 UTC;0;970,1;970,2;969,8;;18,1;12,8;18,8;18,1;12,8;12;71;65;71;57;3,8;2,1;
2023/06/07;0000 UTC;0;970,3;970,3;970,2;;17,2;13,2;18,1;17,2;13,3;12,8;77;71;77;72;4;1,9;
2023/06/07;0100 UTC;0;970,8;970,8;970,3;;15,9;12,7;17,3;15,9;13,3;12,7;82;77;82;47;3,4;1,6;
2023/06/07;0200 UTC;0;971,1;971,1;970,8;;15,4;13,9;15,8;14,6;14,2;12,5;93;82;91;70;2,8;,6;
2023/06/07;0300 UTC;0;971,1;971,2;971,1;;13,9;12,8;15,8;13,9;14,1;12,2;93;84;93;126;1,2;,8;
2023/06/07;0400 UTC;0;971,2;971,2;971,1;;13,7;12,5;14,5;13,6;13,4;12,4;94;92;93;77;1,7;,7;
2023/06/07;0500 UTC;0;971;971,2;971;;13,4;12,2;13,8;13,4;12,7;12,2;94;93;93;89;2,1;,8;
2023/06/07;0600 UTC;0;970,6;971;970,6;;12,4;11,5;13,5;12,4;12,5;11,5;95;92;94;62;1,5;,4;
2023/06/07;0700 UTC;0;970,6;970,6;970,5;;11,5;10,8;12,9;11,5;12,2;10,8;96;94;95;326;1,7;,2;
2023/06/07;0800 UTC;0;970,7;970,7;970,6;;10,6;10,1;12,1;10,6;11,6;10;97;95;96;339;1,3;,6;
2023/06/07;0900 UTC;0;971,4;971,4;970,7;;11,3;10,9;11,8;10,6;11,3;10,1;97;96;97;65;1,8;,9;
2023/06/07;1000 UTC;0;972,2;972,2;971,4;20,7;11,4;11;11,4;11,1;11;10,6;97;97;97;202;1,4;,3;
2023/06/07;1100 UTC;0;972,7;972,7;972,2;256,2;12;11,6;12,3;11,4;11,8;11;97;97;97;75;1,7;1;
2023/06/07;1200 UTC;0;973;973;972,7;564,1;12,9;12,5;13,1;11,7;12,7;11,4;97;97;97;146;2,7;1,3;
2023/06/07;1300 UTC;0;973,2;973,3;973;712,3;14,5;14,1;14,5;12,9;14,1;12,5;97;97;97;297;2,9;1,7;
2023/06/07;1400 UTC;,2;972,7;973,2;972,7;1720,1;17,5;14,1;17,5;14,2;15,3;13,5;97;79;80;287;3,5;1,6;
2023/06/07;1500 UTC;0;971,8;972,7;971,8;2419,7;21,2;13,7;21,3;17,5;14,4;13,2;80;62;62;281;3,1;1,6;
2023/06/07;1600 UTC;0;970,7;971,8;970,7;2383,7;22,6;10,9;22,7;20,8;13,7;10,5;62;47;48;103;3;1,5;
2023/06/07;1700 UTC;0;969,7;970,7;969,7;2140,1;23,6;10;23,8;22,5;11,8;9,6;50;42;42;233;3,5;1,4;
2023/06/07;1800 UTC;0;969,2;969,7;969,2;1679,8;24,3;10;24,9;23,6;10,7;8,8;43;37;41;244;4,6;1,5;
2023/06/07;1900 UTC;0;969;969,2;968,9;1068;24,7;9,9;24,9;24,1;10,4;9,1;41;38;39;270;2,8;1,1;
2023/06/07;2000 UTC;0;969,4;969,4;969;359,3;22,3;12,1;24,8;22,3;12,2;9,7;52;39;52;359;2,1;1,6;
2023/06/07;2100 UTC;0;969,8;969,8;969,4;7;18,7;13,8;22,3;18,7;14;12;73;52;73;345;3,5;2,2;
2023/06/07;2200 UTC;0;970,2;970,2;969,8;;17,9;13,3;19,1;17,9;14;13,3;75;71;75;317;3,5;1,2;
2023/06/07;2300 UTC;0;970,6;970,6;970,2;;16,5;13,2;17,9;16,5;13,6;13,2;81;75;81;310;2,5;,6;
2023/06/08;0000 UTC;0;971,2;971,2;970,6;;15,8;13,6;16,8;15,6;13,6;12,8;87;80;87;123;1,6;,3;
2023/06/08;0100 UTC;0;971,8;971,8;971,2;;14,9;13,6;15,9;14,6;13,9;13,2;93;86;92;299;1;,7;
2023/06/08;0200 UTC;0;971,7;971,8;971,6;;14,8;13,8;15;13,8;13,8;12,6;94;91;94;122;1,3;,9;
2023/06/08;0300 UTC;0;971,6;971,7;971,6;;14;13;14,8;13,5;13,8;12,4;94;91;94;111;1,8;,9;
2023/06/08;0400 UTC;0;971,4;971,6;971,4;;12,6;11,9;13,9;12,6;12,9;11,9;95;94;95;267;1,1;,4;
2023/06/08;0500 UTC;0;971,1;971,4;971,1;;12,3;11,8;12,9;12,1;12,3;11,5;97;95;97;315;1,9;1,4;
2023/06/08;0600 UTC;0;970,6;971,1;970,6;;12,7;12,3;12,8;11,9;12,3;11,4;97;97;97;154;2;,5;
2023/06/08;0700 UTC;0;970,6;970,7;970,6;;11,9;11,4;12,7;11,8;12,2;11,3;97;97;97;49;2,1;,6;
2023/06/08;0800 UTC;0;970,6;970,7;970,6;;11,5;11;11,9;11,5;11,5;11;97;97;97;104;1,2;,8;
2023/06/08;0900 UTC;0;970,8;970,8;970,5;;11,2;10,7;11,5;11,1;11,1;10,6;97;97;97;101;2,1;,8;
2023/06/08;1000 UTC;0;971,7;971,7;970,8;19,4;11,2;10,8;11,5;11,2;11,1;10,8;97;97;97;322;1,6;1,1;
2023/06/08;1100 UTC;0;972,4;972,4;971,7;217,4;11,7;11,3;11,9;10,8;11,4;10,4;97;97;97;2;2;,6;
2023/06/08;1200 UTC;0;972,9;972,9;972,4;529,3;12,7;12,3;12,8;11,7;12,3;11,3;97;97;97;71;1,6;,5;
2023/06/08;1300 UTC;0;973,3;973,4;972,9;1209,2;14,1;13,7;14,4;12,6;13,9;12,1;97;97;97;291;2,4;1,2;
2023/06/08;1400 UTC;0;972,4;973,3;972,4;2209,3;19,7;15,3;19,7;14,1;17,3;13,7;98;75;76;149;2,7;,8;
2023/06/08;1500 UTC;0;971,4;972,4;971,4;2425,6;21,5;12,2;21,6;19,7;15,8;12,2;76;55;55;200;3,2;1,3;
2023/06/08;1600 UTC;0;970,2;971,4;970,2;2399,7;23,6;11,1;23,8;21,3;12,7;11;56;44;46;253;3,3;1,8;
2023/06/08;1700 UTC;0;969,3;970,2;969,3;2135,3;24,8;9,7;24,9;23,3;11,4;9,1;46;37;39;93;3,4;,8;
2023/06/08;1800 UTC;0;968,7;969,3;968,7;1664,2;24,8;8,9;25,2;24,2;10,2;8,1;39;35;37;180;3,9;1;
2023/06/08;1900 UTC;0;968,4;968,7;968,4;1062,6;25,3;9,5;25,4;24,5;9,7;8,3;38;35;37;290;3,9;1,1;
2023/06/08;2000 UTC;0;968,6;968,6;968,4;369,9;22,9;10,4;25,3;22,9;10,6;8,8;46;36;45;21;2,4;1,2;
2023/06/08;2100 UTC;0;969;969;968,6;6,7;18,8;13,3;22,9;18,8;13,5;9,8;71;43;71;328;2,7;1,8;
2023/06/08;2200 UTC;0;969,5;969,5;969;;18;13,3;18,8;17,9;13,6;13,3;76;71;74;330;2,7;,6;
2023/06/08;2300 UTC;0;969,9;970;969,5;;17;13;18,9;16,8;13,4;12,5;78;68;78;150;1,6;,8;
2023/06/09;0000 UTC;0;970,1;970,2;969,9;;15,1;12,4;17,1;15,1;13,1;12,4;84;77;84;103;1,5;,2;
2023/06/09;0100 UTC;0;970,4;970,4;970,1;;14,2;12,8;15,6;14,2;13,1;12,4;92;83;92;42;1,5;,2;
2023/06/09;0200 UTC;0;970,4;970,5;970,4;;13,2;12,4;14,3;13,2;13,3;12,3;95;92;95;308;1,2;,9;
2023/06/09;0300 UTC;0;970,3;970,5;970,3;;13;12,3;13,3;12,8;12,6;12,1;96;95;96;324;2;1,6;
2023/06/09;0400 UTC;0;969,8;970,3;969,8;;13,2;12,2;13,5;12,9;12,8;12,2;96;93;94;114;2;1,3;
2023/06/09;0500 UTC;0;969,4;969,8;969,4;;11,2;10,5;13,2;11,2;12,3;10,5;95;93;95;315;1,7;,7;
2023/06/09;0600 UTC;0;969,1;969,4;969,1;;11,1;10,6;11,6;11,1;11,1;10,5;97;95;97;299;1,3;1;
2023/06/09;0700 UTC;0;969;969,1;968,9;;11,3;10,8;11,5;10,7;11,1;10,1;97;96;97;252;1,4;,5;
2023/06/09;0800 UTC;0;969,1;969,1;969;;10,9;10,4;11,3;10,3;10,8;9,8;97;97;97;357;1,2;,8;
2023/06/09;0900 UTC;0;969,7;969,7;969,1;;9,7;9,3;10,9;9,7;10,4;9,2;97;97;97;337;1,7;1,2;
2023/06/09;1000 UTC;0;970,5;970,5;969,7;18,7;10,7;10,3;10,7;9,7;10,3;9,3;97;97;97;289;1,7;,3;
2023/06/09;1100 UTC;0;970,9;970,9;970,5;238,1;11;10,6;11;10,6;10,6;10,2;97;97;97;343;1,7;,8;
2023/06/09;1200 UTC;0;971;971;970,8;664,8;12,2;11,8;12,2;11;11,8;10,6;97;97;97;117;1,9;,9;
2023/06/09;1300 UTC;0;970,9;971,1;970,9;1305,2;14,4;13,9;14,5;12,2;13,9;11,8;97;97;97;324;2,9;1,6;
2023/06/09;1400 UTC;0;970,2;970,9;970,2;2224;19,9;13,8;20,4;14;16,5;13,5;98;66;68;330;2,9;1;
2023/06/09;1500 UTC;0;969,3;970,2;969,3;2429,5;22,3;12,9;22,3;19,9;14,4;12,5;69;55;56;252;3,1;1,2;
2023/06/09;1600 UTC;0;968,1;969,3;968,1;2380,7;24,6;12,7;24,6;22,3;13;11,9;56;47;48;271;2,7;1,4;
2023/06/09;1700 UTC;0;967,3;968,1;967,3;2114;25,4;11,2;26;23,9;12,5;10,8;48;39;41;9;2,9;1,2;
2023/06/09;1800 UTC;0;966,9;967,4;966,9;1659,3;25,8;9,5;26,2;24,9;11,8;9,2;42;35;36;67;3,3;1,6;
2023/06/09;1900 UTC;0;966,9;966,9;966,8;1070,1;25,8;9,7;26,4;25,6;10,7;9,5;39;36;36;12;4;1,6;
2023/06/09;2000 UTC;0;966,8;967;966,8;375,4;24,2;10,3;25,8;24,2;10,4;9,5;41;36;41;41;3;1,4;
2023/06/09;2100 UTC;0;966,9;966,9;966,7;7;20;13,2;24,2;19,8;13,2;10,3;66;42;65;4;2,2;,5;
2023/06/09;2200 UTC;0;967,5;967,5;966,9;;17,5;12,4;19,9;17,5;13,4;12,3;73;65;72;330;2,3;1,7;
2023/06/09;2300 UTC;0;968,2;968,2;967,5;;16,2;11,9;17,6;16,2;12,4;11,8;76;71;76;334;2,1;1;
2023/06/10;0000 UTC;0;968,7;968,7;968,2;;15,3;11,6;16,2;15;12;11,6;82;76;79;286;2,2;1;
2023/06/10;0100 UTC;0;969,1;969,1;968,7;;14,2;11,4;15,3;14,2;11,6;11,2;83;78;83;320;2,2;1,2;
2023/06/10;0200 UTC;0;969,1;969,2;969;;13,1;11,4;15,4;13,1;11,9;10,9;90;78;90;330;1,8;1,3;
2023/06/10;0300 UTC;0;968,8;969,1;968,8;;13,8;12,1;13,9;12,9;12,6;11,4;94;90;90;310;1,7;1,1;
2023/06/10;0400 UTC;0;968,6;968,8;968,6;;12,8;11,6;13,8;12,4;12,6;11;94;88;93;147;1,3;,2;
2023/06/10;0500 UTC;0;968,2;968,6;968,2;;12,6;11,8;12,9;12;11,8;11;96;93;95;356;1,5;1;
2023/06/10;0600 UTC;0;967,9;968,2;967,8;;11,4;10,6;13;11,4;12,2;10,6;96;94;94;220;1,5;,3;
2023/06/10;0700 UTC;0;968;968;967,9;;11,6;11;12,1;11,2;11,5;10,5;96;94;96;328;1,1;,5;
2023/06/10;0800 UTC;0;967,9;968;967,8;;10,8;10,3;11,6;10,2;11,1;9,6;97;95;97;320;1,2;,8;
2023/06/10;0900 UTC;0;968,4;968,4;967,9;;10,3;9,8;11,1;10,3;10,7;9,8;97;96;97;323;1,2;,7;
2023/06/10;1000 UTC;0;968,9;968,9;968,4;22,8;10,4;9,9;10,9;10,2;10,5;9,7;97;97;97;121;1,6;1;
2023/06/10;1100 UTC;0;969,5;969,5;968,9;321,2;11;10,6;11,1;10,1;10,7;9,7;97;97;97;249;1,6;,9;
2023/06/10;1200 UTC;0;969,9;969,9;969,5;901,1;13,1;12,7;13,1;11;12,7;10,6;97;97;97;266;1,5;,8;
2023/06/10;1300 UTC;0;969,6;969,9;969,6;1760,9;17,5;13,4;17,5;13,1;15,4;12,7;98;77;77;303;2,1;1,1;
2023/06/10;1400 UTC;0;969;969,6;969;2204,1;21,6;13,6;21,6;17,4;14,2;13;77;60;60;314;2,8;1,2;
2023/06/10;1500 UTC;0;968;969;968;2407,7;23,1;12,8;23,5;21,4;13,8;12,8;60;51;52;255;2,5;1;
2023/06/10;1600 UTC;0;966,7;968;966,7;2357,4;25,9;12,2;25,9;23,1;13,9;11,4;53;41;43;241;3;1,2;
2023/06/10;1700 UTC;0;965,8;966,7;965,8;2108,2;27,1;11,7;27,2;25,8;11,9;10,8;43;37;38;250;3,5;1;
2023/06/10;1800 UTC;0;965,1;965,8;965,1;1664,3;27,7;10,8;28,2;26,8;11,7;9,7;38;34;35;342;2,9;1,7;
2023/06/10;1900 UTC;0;965,1;965,1;965;1072,1;27,4;10,9;28;27,2;11,4;10,3;36;34;36;311;3,3;1,6;
2023/06/10;2000 UTC;0;965,3;965,3;965,1;368,5;24,4;12,7;27,5;24,4;12,7;10,9;48;35;48;342;3,2;1,8;
2023/06/10;2100 UTC;0;965,7;965,7;965,3;7,6;21,2;12,7;24,4;21,2;13,4;12,7;59;48;58;354;3,4;2,2;
2023/06/10;2200 UTC;0;966,2;966,2;965,7;;20,6;13,2;21,3;20,6;13,4;12,5;63;58;62;111;2,8;,7;
2023/06/10;2300 UTC;0;966,5;966,5;966,2;;17,3;13;20,6;17,3;13,8;13;76;62;76;291;1,3;,7;
2023/06/11;0000 UTC;0;967;967;966,5;;15,8;12,8;17,3;15,6;13,1;12,6;83;76;83;311;2,2;1,7;
2023/06/11;0100 UTC;0;967;967;966,9;;15,5;12,7;16,1;15,3;13;12,5;84;81;83;324;2,3;1;
2023/06/11;0200 UTC;0;967;967,1;967;;14;12,7;16,4;14;13,8;12,1;91;80;91;319;1,7;1,2;
2023/06/11;0300 UTC;0;967;967,1;967;;14,9;12,7;15,3;14;13,7;12,6;94;86;86;114;2;1,1;
2023/06/11;0400 UTC;0;966,8;967;966,7;;13,4;12,6;15,1;12,8;13,2;11,7;96;86;95;22;1,8;,8;
2023/06/11;0500 UTC;0;966,5;966,8;966,5;;12,7;12,1;13,5;12,7;12,7;11,9;96;94;96;304;2;1,4;
2023/06/11;0600 UTC;0;966,4;966,5;966,4;;12,9;12,4;13;12,4;12,5;11,8;97;96;97;349;1,7;1;
2023/06/11;0700 UTC;0;966,3;966,4;966,3;;12,5;11,9;13,1;12,5;12,7;11,9;97;96;96;154;1,5;1,2;
2023/06/11;0800 UTC;0;966,7;966,7;966,3;;12,1;11,6;12,7;11,9;12,2;11,2;97;95;96;59;1,7;,2;
2023/06/11;0900 UTC;0;967,4;967,4;966,7;;12;11,4;12,3;11,6;11,8;11;97;96;96;137;1,7;1,1;
2023/06/11;1000 UTC;0;967,9;967,9;967,4;21,9;10,6;10,1;12,1;10,6;11,4;10,1;97;95;97;349;1,8;,6;
2023/06/11;1100 UTC;0;968,4;968,4;967,9;398,7;13;12,6;13;10,6;12,6;10;98;97;97;151;1,8;,5;
2023/06/11;1200 UTC;0;968,6;968,7;968,4;1177,5;15,3;14,6;15,3;12,7;14,6;12,3;98;95;95;252;1,8;,8;
2023/06/11;1300 UTC;0;968,4;968,6;968,4;1749,2;18,9;13,7;18,9;15,3;14,7;13,3;95;72;72;279;2,3;,8;
2023/06/11;1400 UTC;0;967,6;968,4;967,6;2160,7;22,3;12,9;22,5;18,9;14,5;12,6;73;55;55;165;4,7;1,3;
2023/06/11;1500 UTC;0;966,4;967,6;966,4;2373,4;24,5;12,4;24,7;22,3;13,9;12,3;57;46;47;107;4,7;1,7;
2023/06/11;1600 UTC;0;965,2;966,4;965,2;2343,1;26,7;11,6;27,1;24,4;13,3;11,6;48;39;39;88;3,1;1,2;
2023/06/11;1700 UTC;0;964,4;965,2;964,4;2081,4;28;10,7;28;26,6;11,8;10,4;39;34;34;83;3;1,1;
2023/06/11;1800 UTC;0;964,1;964,4;964,1;1617,2;28,4;11,7;28,7;27,6;12;10;36;33;36;22;3,2;1,6;
2023/06/11;1900 UTC;0;964,2;964,2;964;1037,1;27,9;11,4;28,6;27,8;12,1;10,8;37;34;36;47;3,6;1,6;
2023/06/11;2000 UTC;0;964,6;964,6;964,2;340,4;24,3;14,7;28;24,3;14,7;11,1;55;35;55;338;3;1,9;
2023/06/11;2100 UTC;0;965,2;965,2;964,6;9,9;21,6;14,8;24,2;21,5;15,1;14,2;67;54;65;330;3,4;1;
2023/06/11;2200 UTC;0;965,6;965,7;965,2;;19,9;14,6;22,2;19,6;14,8;14,1;73;61;72;343;4,3;1,8;
2023/06/11;2300 UTC;0;966,2;966,2;965,5;;19,3;13,6;20,7;18,3;14,9;13,4;77;68;69;277;4,1;,7;
2023/06/12;0000 UTC;0;966,3;966,4;966,1;;18,1;13,4;19,3;16,6;14,6;13,4;83;69;74;337;2,9;1,6;
2023/06/12;0100 UTC;0;966,6;966,6;966,3;;16;12,6;18,1;15,7;13,6;12,6;85;73;80;235;2,9;1,1;
2023/06/12;0200 UTC;0;966,5;966,6;966,4;;14,7;12,6;16,9;14,7;14,6;11,9;89;80;87;325;1,9;1,1;
2023/06/12;0300 UTC;0;966,5;966,5;966,4;;15,1;13,2;16,2;14,7;14,2;12,4;90;83;89;122;2,2;,6;
2023/06/12;0400 UTC;0;966,2;966,5;966,2;;14,6;13,4;15,4;14,3;14,1;12,8;94;88;92;62;1,4;,8;
2023/06/12;0500 UTC;0;966,1;966,3;966;;14,3;13,4;14,6;13,3;13,8;12,3;96;92;95;182;1,6;1,1;
2023/06/12;0600 UTC;0;966;966,1;965,9;;13,2;12,5;14,5;12,3;13,7;11,2;96;92;95;333;1,9;1,5;
2023/06/12;0700 UTC;0;966,2;966,2;966;;13,3;12,8;13,8;12,5;13,2;11,8;97;95;97;343;1,9;,9;
2023/06/12;0800 UTC;0;966,2;966,2;966,1;;13,2;12,6;13,4;12,8;12,9;12,2;97;96;96;95;1,3;1;
2023/06/12;0900 UTC;0;966,7;966,7;966,2;;12;11,2;13,2;12;12,6;11,2;96;94;95;152;2;,8;
2023/06/12;1000 UTC;0;967,5;967,5;966,7;20,7;12,3;11,8;12,4;10,8;11,9;10,1;97;95;97;100;1,7;,9;
2023/06/12;1100 UTC;0;968,1;968,1;967,5;291,3;12,6;12,2;12,9;11,5;12,5;11;98;97;97;284;1,9;,4;
2023/06/12;1200 UTC;0;968,5;968,5;968,1;1127;16,8;14,1;16,8;12,6;15,4;12,3;98;84;84;91;1,8;1,1;
2023/06/12;1300 UTC;0;968,5;968,7;968,4;1706,7;19,7;14,9;19,7;16,8;15,2;13,9;85;73;74;264;2,2;1,2;
2023/06/12;1400 UTC;,2;967,8;968,5;967,8;2152,8;23;13,4;23;19,7;14,8;12,9;74;55;55;99;3,4;1;
2023/06/12;1500 UTC;0;966,9;967,8;966,9;2163,2;24,8;11,9;25,4;22,5;14;10,8;57;42;45;276;2,6;1,5;
2023/06/12;1600 UTC;0;966;966,9;966;2393,2;26,4;11,6;26,8;24,8;13,2;11,4;47;39;40;317;3,2;1,3;
2023/06/12;1700 UTC;0;965,5;966;965,5;1823,7;27,2;11,7;27,6;26,3;12,6;11,2;42;37;38;5;4;1,3;
2023/06/12;1800 UTC;0;965,5;965,5;965,4;1140,8;26,7;13,2;27,7;26;13,6;11,6;43;38;43;316;3,6;2;
2023/06/12;1900 UTC;0;965,5;965,5;965,3;945,9;27,2;12,7;27,7;25,8;15,3;12,4;50;39;41;332;3,4;1,8;
2023/06/12;2000 UTC;0;965,9;965,9;965,5;396,2;25,4;12,5;27,3;25,4;12,6;11,6;45;38;45;327;3,3;1,4;
2023/06/12;2100 UTC;0;966,6;966,6;965,9;11,2;23,6;13,1;25,4;23,1;13,8;12,8;54;45;52;197;2,4;,8;
2023/06/12;2200 UTC;0;967,2;967,2;966,6;;20,3;15,1;23,7;19,6;15,1;12,9;73;51;72;14;1,8;1;
2023/06/12;2300 UTC;0;968,1;968,1;967,2;;20,4;16;20,6;19,4;16;14,4;76;70;76;86;3,5;1,9;
2023/06/13;0000 UTC;0;968,6;968,6;968,1;;20;16,4;20,4;19,7;16,5;15,6;79;75;79;59;4,5;2,2;
2023/06/13;0100 UTC;0;969,1;969,1;968,6;;19,9;18,4;20,1;19,7;18,4;16,5;91;79;91;72;5;1,9;
2023/06/13;0200 UTC;0;969,3;969,4;969,1;;20;18,3;20,2;19,9;18,6;18,3;91;90;90;58;4,1;2,2;
2023/06/13;0300 UTC;0;969,2;969,3;969,2;;19,8;18,1;20;19,7;18,3;18,1;90;90;90;41;4,4;2,2;
2023/06/13;0400 UTC;0;969,6;969,6;969,2;;19,4;18;19,8;19,4;18,2;18;92;90;92;310;3,2;1,3;
2023/06/13;0500 UTC;0;969,3;969,7;969,3;;19,1;17,5;19,4;19,1;18;17,5;92;90;90;288;2,1;,8;
2023/06/13;0600 UTC;0;969,1;969,4;969,1;;18,8;17,2;19,1;18,8;17,5;17,2;91;90;91;333;1,3;,9;
2023/06/13;0700 UTC;0;968,8;969,1;968,6;;18,6;17,2;18,9;18,6;17,2;17,1;92;90;92;77;1,9;1,2;
2023/06/13;0800 UTC;0;969;969;968,7;;17,9;17;18,6;17,9;17,2;16,6;94;91;94;289;2,4;1,5;
2023/06/13;0900 UTC;0;969,7;969,7;969;;17,7;16,5;17,9;17,6;17;16,4;94;92;92;295;2,5;1,4;
2023/06/13;1000 UTC;0;970,6;970,6;969,7;9,8;17,9;16,4;17,9;17,6;16,5;16,4;93;91;91;326;2,4;1,5;
2023/06/13;1100 UTC;0;970,9;971;970,6;162,5;18,7;15,7;18,7;17,9;16,5;15,7;91;83;83;293;2,4;1,1;
2023/06/13;1200 UTC;0;971,3;971,3;970,9;916,1;21,4;16,4;21,4;18,7;16,7;15,7;83;73;73;258;5,2;2;
2023/06/13;1300 UTC;0;971,3;971,5;971,3;1657,3;23,4;16,4;23,4;21,3;16,7;16,1;73;65;65;266;6,8;3,9;
2023/06/13;1400 UTC;0;970,7;971,3;970,6;2055,1;24,4;15,3;24,6;22,9;16,8;15,2;66;57;57;254;6,3;3;
2023/06/13;1500 UTC;0;969,7;970,7;969,7;2201,5;25;15,1;25,8;24,3;16,1;14,4;58;51;54;253;6,2;2,9;
2023/06/13;1600 UTC;0;968,8;969,7;968,8;1341,8;24,5;15,5;25,4;24,1;16,1;14,8;60;54;57;258;7,2;3,2;
2023/06/13;1700 UTC;0;968,3;968,8;968,3;864,1;23,9;15,9;24,9;23,6;16;15,3;62;56;61;274;6,5;4,3;
2023/06/13;1800 UTC;0;968,1;968,3;968;607,7;23;15,7;24;23;16;15,4;64;59;64;250;6,5;3,7;
2023/06/13;1900 UTC;0;968;968,1;968;354,5;22,9;16,1;23,1;22,9;16,1;15,7;65;63;65;262;6,5;3,6;
2023/06/13;2000 UTC;0;968,4;968,4;968;225,9;22,6;15,9;23;22,6;16,1;15,8;66;64;66;250;6,5;3,9;
2023/06/13;2100 UTC;0;968,8;968,8;968,4;7,6;21,7;15,8;22,6;21,7;16;15,7;69;66;69;258;8,3;4,6;
2023/06/13;2200 UTC;0;969,3;969,3;968,8;;21,5;15,6;21,7;21,5;15,8;15,6;69;69;69;255;8,3;5,1;
2023/06/13;2300 UTC;0;969,9;969,9;969,3;;21,1;15,4;21,5;21,1;15,6;15,3;70;69;70;248;8,5;4,8;
2023/06/14;0000 UTC;0;969,9;969,9;969,8;;20,9;15;21,1;20,9;15,3;15;70;69;69;232;8,1;2,5;
2023/06/14;0100 UTC;0;970,3;970,3;969,9;;20,8;14,9;20,9;20,7;15,2;14,9;70;69;69;251;7,1;3,6;
2023/06/14;0200 UTC;0;969,9;970,3;969,9;;20,4;15;20,8;20,4;15;14,9;71;69;71;259;6,7;3,6;
2023/06/14;0300 UTC;0;969,7;969,9;969,6;;19,7;15,6;20,4;19,6;16;15;79;71;77;274;5,3;1,4;
2023/06/14;0400 UTC;0;969,5;969,7;969,5;;19,2;15,4;20;19,2;15,6;15,2;79;74;78;261;7,4;4,3;
2023/06/14;0500 UTC;0;969,2;969,5;969,2;;18,8;15,6;19,2;18,8;15,6;15,4;82;79;82;248;7,4;1,5;
2023/06/14;0600 UTC;0;968,6;969,2;968,6;;18,1;16,2;18,9;18,1;16,2;15,6;89;82;89;345;2,9;,8;
2023/06/14;0700 UTC;0;968,3;968,6;968,3;;18,3;16;18,4;18;16,5;16;90;86;86;251;3;2,1;
2023/06/14;0800 UTC;0;968,4;968,4;968,3;;17,7;16,4;18,3;17,7;16,5;16;92;86;92;288;3,2;2;
2023/06/14;0900 UTC;0;968,5;968,5;968,3;;17,7;16,5;17,8;17,3;16,7;16,2;94;92;93;3;3,1;1,2;
2023/06/14;1000 UTC;0;969;969;968,5;19,1;17,4;16,4;18;17,3;16,6;16,1;94;91;94;336;1,7;,8;
2023/06/14;1100 UTC;0;969,6;969,6;969;216,4;18,4;17;18,4;17,4;17,1;16,4;94;91;92;306;1,8;1,2;
2023/06/14;1200 UTC;0;970,1;970,1;969,6;444,9;20,2;15,6;20,2;18,4;17,1;15,6;92;75;75;267;4,8;2,6;
2023/06/14;1300 UTC;0;970,1;970,2;970,1;385,8;20;15,3;20,2;19,9;15,6;15;75;73;74;248;5,7;3,3;
2023/06/14;1400 UTC;0;969,9;970,2;969,9;622,5;20,7;15,5;20,8;20;15,7;15,2;75;72;72;260;7,2;4,3;
2023/06/14;1500 UTC;0;969,3;969,9;969,3;680,9;21,1;15,4;21,1;20,6;15,8;15,1;73;69;70;247;8,3;5,3;
2023/06/14;1600 UTC;0;968,3;969,3;968,3;742,2;21,2;15,1;21,8;21;15,5;14,8;70;66;68;246;8,7;4,9;
2023/06/14;1700 UTC;0;968;968,3;967,9;548,5;21,2;15;21,5;21,1;15,4;14,9;69;67;68;241;7,5;3,9;
2023/06/14;1800 UTC;0;967,6;968;967,6;607,8;21,8;15,2;21,9;21,2;15,4;14,9;68;65;66;233;6,1;2,8;
2023/06/14;1900 UTC;0;967,4;967,6;967,4;318,4;21,2;15,5;21,8;21,2;15,5;15,1;70;66;70;258;4,6;1,8;
2023/06/14;2000 UTC;0;967,7;967,7;967,4;136;20,7;16,1;21,2;20,7;16,3;15,6;75;70;75;286;2,6;1;
2023/06/14;2100 UTC;0;968,3;968,3;967,7;3;20;16,6;20,7;20;16,6;15,8;81;75;81;359;1,5;1,1;
2023/06/14;2200 UTC;0;968,9;968,9;968,2;;19,3;17,9;20;19,3;17,9;16,5;92;81;92;326;1,5;,6;
2023/06/14;2300 UTC;,2;969,4;969,4;968,9;;19,3;17,9;19,6;19,3;18,2;17,9;92;91;92;150;1,3;,5;
2023/06/15;0000 UTC;,4;969,7;969,7;969,3;;19;17,1;19,4;18,8;18;17,1;94;89;89;244;6,6;3,5;
2023/06/15;0100 UTC;0;969,8;969,8;969,7;0;18,9;16,2;19,1;18,9;17,1;16,1;89;83;85;243;6,6;3,9;
2023/06/15;0200 UTC;0;970;970;969,7;;18,3;17;18,9;18,3;17;16,2;92;84;92;241;6,2;3;
2023/06/15;0300 UTC;,2;969,7;970;969,7;;17,9;17,1;18,4;17,9;17,1;17;95;92;95;297;5,3;1,2;
2023/06/15;0400 UTC;0;969,6;969,7;969,6;;18;17,3;18;17,7;17,3;17,1;96;95;95;259;4,7;2,9;
2023/06/15;0500 UTC;,8;969;969,6;969;;17,9;17,1;18,1;17,9;17,3;17;95;94;95;245;5;2;
2023/06/15;0600 UTC;1,4;968,1;969;968,1;;17,7;17,1;17,9;17,5;17,1;16,9;97;95;97;108;3,3;1;
2023/06/15;0700 UTC;,6;967,5;968,1;967,4;;17,5;17;17,7;17,4;17,2;17;97;97;97;112;3,3;1,6;
2023/06/15;0800 UTC;0;967,3;967,5;967,3;;17;16,5;17,5;17;17,1;16,5;97;97;97;354;2,7;1,2;
2023/06/15;0900 UTC;0;967,5;967,5;967,3;;17;16,6;17,1;16,9;16,7;16,5;97;97;97;11;2,4;1,6;
2023/06/15;1000 UTC;0;967,8;967,9;967,5;12,3;17,5;17,1;17,5;17;17,1;16,6;97;97;97;126;2,1;,9;
2023/06/15;1100 UTC;0;968;968,1;967,8;147,3;17,8;17,3;17,8;17,5;17,3;17,1;97;97;97;250;1,7;,5;
2023/06/15;1200 UTC;0;968,3;968,3;968;418,3;18,7;18;18,7;17,7;18,2;17,3;97;96;96;281;1,8;1,1;
2023/06/15;1300 UTC;0;968,4;968,5;968,3;737,3;19,2;17,6;19,3;18,7;18,4;17,4;96;90;90;319;2,6;1,8;
2023/06/15;1400 UTC;0;968;968,4;968;875,7;20,3;17,4;20,3;19,2;18;16,8;91;82;83;311;3,3;1,9;
2023/06/15;1500 UTC;0;967,1;967,9;967,1;693,2;20,2;17,4;21,1;20,2;17,7;16,8;84;79;84;333;3,3;1,4;
2023/06/15;1600 UTC;0;966,3;967,1;966,3;246,2;20,2;18,5;20,2;19,9;18,5;17,5;90;84;89;309;2,9;1,5;
2023/06/15;1700 UTC;0;965,9;966,3;965,9;847,7;21,8;17,7;22,1;20,3;18,7;17,5;90;76;78;245;3,7;1,9;
2023/06/15;1800 UTC;0;965,7;965,9;965,6;742,4;21,9;17,5;22;21,6;17,9;17,4;79;76;76;250;3,7;1,9;
2023/06/15;1900 UTC;0;966,1;966,1;965,7;413,9;21,9;17,9;22;21,8;18,1;17,4;79;76;78;265;2,7;1,6;
2023/06/15;2000 UTC;0;966,5;966,5;966,1;112,3;21,1;18,7;21,9;21,1;18,7;17,9;87;78;87;287;3;2;
2023/06/15;2100 UTC;0;967,3;967,3;966,5;1,5;20,3;18,7;21,1;20,3;19;18,1;91;84;91;290;3;1,6;
2023/06/15;2200 UTC;0;968,1;968,1;967,3;;20,5;17,6;20,6;20,1;19;17,6;92;83;83;251;8,2;5;
2023/06/15;2300 UTC;0;968,3;968,3;968;;19,3;15,1;20,5;19,3;17,6;15;83;73;77;258;12,8;7,1;
2023/06/16;0000 UTC;3,6;968,6;968,6;968,3;;17,8;17;19,3;17,6;17,1;15,1;95;77;95;19;12,2;1,7;
2023/06/16;0100 UTC;0;968,4;968,6;968,4;;17,8;17;18,2;17,7;17,4;16,9;95;94;95;209;2,1;,7;
2023/06/16;0200 UTC;0;968,3;968,7;968,2;;17,7;17;18;17,7;17,3;16,9;96;95;96;41;3,3;1;
2023/06/16;0300 UTC;0;968;968,3;967,8;;17,8;17,3;17,8;17,5;17,3;16,9;97;96;97;107;2,1;1;
2023/06/16;0400 UTC;0;967,1;968;967,1;;17,7;17,2;17,9;17,6;17,4;17,1;97;97;97;47;2,9;1,2;
2023/06/16;0500 UTC;0;966,6;967,3;966,5;;17,3;16,9;17,7;17,3;17,3;16,8;97;97;97;319;2,6;1,3;
2023/06/16;0600 UTC;0;965,5;966,7;965,5;;17,3;16,9;17,3;17,2;16,9;16,8;98;97;98;37;2,4;,6;
2023/06/16;0700 UTC;0;965,4;965,5;965,4;;17,3;17;17,4;17,1;17;16,7;98;97;98;349;2,4;,6;
2023/06/16;0800 UTC;0;965,6;965,6;965,3;;17,4;17;17,4;17,2;17;16,8;98;98;98;263;2,6;1,5;
2023/06/16;0900 UTC;0;966;966;965,6;;17,3;16,9;17,4;17,1;17;16,7;98;98;98;335;2,8;1,2;
2023/06/16;1000 UTC;0;966,6;966,8;966;8,1;17,6;17,2;17,6;17,3;17,3;16,9;98;98;98;83;2,6;1,2;
2023/06/16;1100 UTC;0;967,7;967,7;966,6;157,2;18,1;17,7;18,1;17,5;17,7;17,1;98;98;98;316;2,4;,6;
2023/06/16;1200 UTC;0;967,9;968;967,6;309,7;18,4;18;18,4;18;18;17,6;98;97;97;155;2;1,2;
2023/06/16;1300 UTC;0;968,2;968,5;967,8;944,2;20,2;18,9;20,3;18,4;19,1;18;97;92;92;253;3,3;1,6;
2023/06/16;1400 UTC;0;967,8;968,2;967,7;1191,5;21,7;17,9;21,7;19,9;18,9;17,4;92;78;79;212;3,3;1;
2023/06/16;1500 UTC;0;967,2;967,9;967,2;1139,3;21,6;17,4;22,1;21,2;18,1;17;80;75;77;268;3,9;1,1;
2023/06/16;1600 UTC;0;966,2;967,2;966,2;523,3;21,5;17,7;22,2;21,5;17,9;17,2;79;75;79;292;3;1,4;
2023/06/16;1700 UTC;0;966;966,3;965,9;650,7;22,2;17,3;22,4;21,5;18;16,7;80;72;74;310;2,8;,8;
2023/06/16;1800 UTC;0;965,8;966;965,6;573,6;22,3;17,3;23;22,2;17,6;16,7;75;71;73;294;2,2;,8;
2023/06/16;1900 UTC;0;966;966;965,6;341,9;22;17,1;22,6;22;17,8;16,5;75;69;74;328;2,1;1,2;
2023/06/16;2000 UTC;0;966,3;966,3;966;97,2;21,2;18,1;22;21,2;18,1;17,1;82;74;82;337;1,9;1;
2023/06/16;2100 UTC;0;966,6;966,6;966,3;2,5;20,3;18,7;21,2;20,3;19;18,1;90;82;90;354;2,4;1,5;
2023/06/16;2200 UTC;0;966,9;966,9;966,6;;19,7;18,4;20,5;19,5;18,6;17,1;92;82;92;191;2,4;,9;
2023/06/16;2300 UTC;0;967,4;967,4;966,8;;18,7;18,1;19,7;18,7;18,5;17,8;96;92;96;357;2,7;1,9;
2023/06/17;0000 UTC;0;967,7;967,7;967,4;;18,4;17,8;18,7;18,3;18,3;17,8;97;96;97;335;2,7;,8;
2023/06/17;0100 UTC;0;968;968,1;967,7;;17,7;17,2;18,7;17,6;18,2;16,9;97;96;97;335;2;1,1;
2023/06/17;0200 UTC;0;967,9;968,1;967,8;;17,2;16,8;17,7;16,9;17,2;16,4;97;96;97;275;3,4;1;
2023/06/17;0300 UTC;,2;967,7;968;967,7;;16,7;16,3;17,3;16,7;16,9;16,3;98;97;98;283;3,1;1,1;
2023/06/17;0400 UTC;0;967,6;967,9;967,6;;17,5;14,7;17,8;16,6;17,3;14,7;98;84;84;242;7,4;3,9;
2023/06/17;0500 UTC;0;967,7;967,9;967,6;;16,8;13,4;17,5;16,7;14,6;13,4;84;80;80;236;7,4;3,8;
2023/06/17;0600 UTC;0;967,8;968;967,6;;16,1;13,3;16,8;16;13,7;13,1;85;80;83;228;6,4;1,9;
2023/06/17;0700 UTC;0;967,9;967,9;967,6;;15,8;12,8;16,1;15,8;13,3;12,7;83;82;82;257;5,4;3;
2023/06/17;0800 UTC;0;968;968,2;967,8;;15,7;12,2;16;15,7;12,8;12,2;82;80;80;242;7,2;4,4;
2023/06/17;0900 UTC;0;968,8;968,8;968;;15,2;11,4;15,8;15,1;12,2;11,3;80;77;78;248;9,4;3,8;
2023/06/17;1000 UTC;0;969,3;969,3;968,8;8,4;14,9;11,1;15,2;14,9;11,4;11,1;78;77;78;258;8,7;4,1;
2023/06/17;1100 UTC;0;970;970;969,3;348,1;15,5;11,8;15,5;14,7;11,9;11,1;80;78;79;250;9;4,1;
2023/06/17;1200 UTC;0;970,6;970,6;970;1146,2;16,4;11,7;16,5;15,5;12,1;11,5;79;74;74;253;11,9;7,1;
2023/06/17;1300 UTC;0;971;971;970,6;1814,7;17,5;11,4;17,9;16,4;12,3;11,4;74;67;67;253;11,3;6,3;
2023/06/17;1400 UTC;0;970,5;971,1;970,5;2178;19;11,5;19,4;17,5;12,2;11;68;61;62;260;10,5;4,9;
2023/06/17;1500 UTC;0;969,7;970,5;969,7;2393,6;19,5;11,8;19,8;18,6;12,4;11,3;65;61;61;249;8,5;3,8;
2023/06/17;1600 UTC;0;968,6;969,7;968,6;2353,1;20,6;12,5;20,9;19,5;13;11,5;62;59;60;236;5,8;3,2;
2023/06/17;1700 UTC;0;968;968,6;968;2157;22,2;13;22,2;20,4;13;11,9;60;54;56;248;6,8;3,1;
2023/06/17;1800 UTC;0;967,9;968;967,8;1089,8;21,3;12,9;22,3;20,2;13;11,6;61;53;59;288;6,2;3;
2023/06/17;1900 UTC;0;968;968;967,8;864;20,9;12,4;21,5;20,4;13,2;12,3;61;58;58;252;4,5;1,4;
2023/06/17;2000 UTC;0;968,7;968,7;968,1;120,3;18,3;14,5;20,9;18,2;15;12,5;79;58;79;99;6,4;3;
2023/06/17;2100 UTC;0;969,3;969,3;968,7;9,5;17,8;14;18,3;17,8;14,5;14;79;77;78;95;6,7;2,9;
2023/06/17;2200 UTC;0;970,2;970,2;969,3;;17,4;13,6;17,8;17,4;14,1;13,6;80;78;79;52;5,3;2,5;
2023/06/17;2300 UTC;0;970,5;970,6;970,2;;16,7;13,1;17,4;16,7;13,6;13,1;80;78;80;26;4,2;1,2;
2023/06/18;0000 UTC;0;970,6;970,6;970,4;;16,5;12,8;16,7;16,3;13,1;12,7;80;78;78;30;3,5;1,2;
2023/06/18;0100 UTC;0;970,9;970,9;970,6;;16,5;12,9;16,7;16,3;13;12,7;80;78;79;286;2,6;,3;
2023/06/18;0200 UTC;0;970,9;970,9;970,8;;15,6;13,9;16,7;15,5;13,9;12,7;89;79;89;318;2,2;,9;
2023/06/18;0300 UTC;0;970,7;970,9;970,7;;14,9;13,7;15,8;14,9;14,1;13,7;92;88;92;318;1,4;,9;
2023/06/18;0400 UTC;0;970,4;970,7;970,4;;14,3;13,5;14,9;14,3;14;13,4;95;92;95;320;1,6;,8;
2023/06/18;0500 UTC;0;970,1;970,4;970,1;;13,6;13;14,3;13,5;13,5;13;97;95;97;263;1,7;1,3;
2023/06/18;0600 UTC;0;970;970,1;970;;13,7;13;14;13,6;13,3;13;97;95;95;309;2,9;1,9;
2023/06/18;0700 UTC;0;969,9;970;969,7;;13,8;13;13,9;13,6;13,1;12,9;96;95;95;315;2,5;1,8;
2023/06/18;0800 UTC;0;970;970,1;969,9;;14;12,7;14;13,8;13;12,7;95;92;92;297;2,6;1,7;
2023/06/18;0900 UTC;0;970,7;970,8;970;;14,6;11,1;14,7;14;12,7;11;92;79;80;252;6,5;2,6;
2023/06/18;1000 UTC;0;971,4;971,4;970,7;7,4;14,6;10,9;14,6;14,5;11,2;10,8;80;78;79;240;5,5;3,5;
2023/06/18;1100 UTC;0;972,1;972,1;971,4;169,7;14,7;11;14,7;14,5;11,1;10,8;80;78;78;253;5,7;3;
2023/06/18;1200 UTC;0;972,7;972,7;972,1;525,5;15,7;11,1;15,8;14,7;11,5;10,9;79;74;74;262;5;2,7;
2023/06/18;1300 UTC;0;972,9;972,9;972,7;731,6;16,8;11,8;17;15,5;12,1;10,9;75;71;72;295;4,9;1,8;
2023/06/18;1400 UTC;0;972,4;972,9;972,4;1233;18,4;12,4;18,4;16,6;12,6;11,6;74;68;68;339;3,3;1,3;
2023/06/18;1500 UTC;0;971,5;972,4;971,5;1751,3;19,3;11,2;19,5;18;12,7;10,7;69;58;59;237;3,3;,8;
2023/06/18;1600 UTC;0;970,5;971,5;970,5;2112,2;21,3;11,9;21,3;18,8;12,4;10,9;64;55;55;182;3,3;,9;
2023/06/18;1700 UTC;0;969,8;970,5;969,8;2155,2;21,2;11,6;21,9;20,4;12,2;10,5;57;51;54;77;3,7;1,5;
2023/06/18;1800 UTC;0;969,6;969,8;969,5;1711,6;21,3;11,6;21,8;20,8;12,3;11;56;51;54;347;4,4;1,8;
2023/06/18;1900 UTC;0;969,7;969,7;969,6;1087,1;20,8;11,7;21,5;20,7;12,1;11,1;57;53;56;360;4,5;2,1;
2023/06/18;2000 UTC;0;970,1;970,1;969,7;391,1;19,4;12,1;20,9;19,4;12,2;11,5;63;55;63;4;4,5;1,5;
2023/06/18;2100 UTC;0;971;971;970,1;8,9;16,9;12,8;19,4;16,9;12,8;12,1;77;63;77;326;2,5;1,7;
2023/06/18;2200 UTC;0;971,5;971,5;971;;17,6;13,6;17,7;16,7;13,6;12,7;78;73;78;91;5,1;2,6;
2023/06/18;2300 UTC;0;972,3;972,3;971,5;;16,9;13,5;17,8;16,9;13,7;13,5;80;77;80;24;5,8;1,7;
2023/06/19;0000 UTC;0;972,8;972,8;972,3;;16,8;13,4;17,1;16,4;13,6;13,4;83;80;80;30;3,1;1,3;
2023/06/19;0100 UTC;0;973,2;973,2;972,8;;16,7;13,6;17;16,7;13,6;13,4;82;80;82;39;3,5;1,9;
2023/06/19;0200 UTC;0;973,3;973,3;973,2;;16,7;13,3;16,8;16,7;13,5;13,3;82;80;81;57;3,8;1,8;
2023/06/19;0300 UTC;0;973,3;973,4;973,3;;16,6;13,4;16,7;16,6;13,4;13,3;81;81;81;104;3,8;1,9;
2023/06/19;0400 UTC;0;973,4;973,4;973,2;;16,4;13,6;16,6;16,4;13,6;13,4;83;81;83;102;3,1;1,6;
2023/06/19;0500 UTC;0;972,8;973,4;972,8;;16;14,3;16,4;16;14,3;13,5;90;83;90;61;2,8;,7;
2023/06/19;0600 UTC;0;972,6;972,8;972,6;;15,6;14,4;16,2;15,5;14,4;14,1;93;88;93;48;1,8;,7;
2023/06/19;0700 UTC;0;972,8;972,8;972,5;;15,1;14,2;15,7;15;14,5;14;95;91;95;330;1,4;,8;
2023/06/19;0800 UTC;0;972,7;972,8;972,7;;15,2;14,1;15,8;15,1;14,5;14;95;90;93;311;1,4;,9;
2023/06/19;0900 UTC;0;973,3;973,3;972,7;;15,1;14,2;15,2;14,8;14,4;14;95;93;94;353;1,5;,9;
2023/06/19;1000 UTC;0;974,2;974,2;973,3;13,1;15,2;14,2;15,5;15,1;14,3;14,1;94;92;93;92;1,8;,9;
2023/06/19;1100 UTC;0;975,1;975,1;974,2;423;16,7;13,6;17,1;15,2;15,1;13,5;94;81;82;93;1,5;,6;
2023/06/19;1200 UTC;0;975,6;975,6;975,1;887,5;18;12,7;18,3;16,7;13,9;12,4;83;70;71;90;1,5;,6;
2023/06/19;1300 UTC;0;975,6;975,7;975,6;1710;19;12,4;19,7;18;13,3;11,9;72;63;65;8;3,3;1,7;
2023/06/19;1400 UTC;0;974,9;975,6;974,9;2072,3;20,5;10,3;20,8;18,9;12,8;9,9;66;51;52;101;3,4;1,1;
2023/06/19;1500 UTC;0;974;974,9;974;1903,8;21,7;10,1;21,8;20,2;11,3;9,5;53;47;48;297;3,4;1;
2023/06/19;1600 UTC;0;973;974;973;2047;21,7;8,9;22,5;21,1;10,4;8,9;49;43;44;144;5,2;1,5;
2023/06/19;1700 UTC;0;972,2;973;972,2;1425,9;22,5;9,7;22,6;21,2;10;8,2;47;40;44;106;5,2;2;
2023/06/19;1800 UTC;0;971,7;972,2;971,6;1592,7;22,5;8,8;23,2;22,1;10,7;8,5;47;41;42;113;5,4;2,7;
2023/06/19;1900 UTC;0;971,8;971,8;971,7;1090;22,3;9,1;23,2;22,2;9,7;8,7;44;40;43;99;5,5;3,2;
2023/06/19;2000 UTC;0;972,2;972,2;971,8;323,2;20,9;10,1;22,3;20,9;10,3;9,1;50;43;50;85;5,1;1,7;
2023/06/19;2100 UTC;0;972,8;972,8;972,2;11,4;18,7;13;20,9;18,7;13;9,9;69;50;69;102;7,2;2,7;
2023/06/19;2200 UTC;0;973,6;973,6;972,8;;17,7;13,2;18,7;17,7;13,3;13;75;69;75;66;5,1;2,8;
2023/06/19;2300 UTC;0;974,5;974,5;973,6;;17;13,1;17,7;17;13,2;13;78;75;78;59;6,2;2,7;
2023/06/20;0000 UTC;0;974,9;974,9;974,5;;16,6;13,1;17;16,6;13,1;13;79;78;79;67;5,1;2,2;
2023/06/20;0100 UTC;0;975;975;974,9;;16,4;12,8;16,6;16,4;13,1;12,8;80;79;79;60;4,2;1,7;
2023/06/20;0200 UTC;0;974,9;975,1;974,8;;15,8;12,7;16,4;15,8;12,8;12,6;82;79;82;101;4,3;2;
2023/06/20;0300 UTC;0;974,6;974,9;974,6;;15,4;12,4;15,8;15,4;12,7;12,4;83;82;83;107;4,2;2,2;
2023/06/20;0400 UTC;0;974,2;974,6;974,2;;15,2;12,9;15,4;15,1;13,2;12,3;88;83;86;92;3,5;1,9;
2023/06/20;0500 UTC;0;974,1;974,3;974,1;;15;13,3;15,4;15;13,4;13;90;86;90;75;3,1;1,7;
2023/06/20;0600 UTC;0;973,8;974,1;973,8;;15,1;13,6;15,1;15;13,7;13,4;91;90;91;105;2,7;1,9;
2023/06/20;0700 UTC;0;973,3;973,8;973,3;;15,1;13,7;15,2;15;13,7;13,5;92;90;91;108;3,5;2,1;
2023/06/20;0800 UTC;0;973,7;973,8;973,3;;15,3;13,6;15,3;15,1;13,7;13,6;91;89;89;112;4,3;1,3;
2023/06/20;0900 UTC;0;974;974;973,7;;14,9;13,7;15,4;14,8;13,7;13,6;93;89;92;26;2,5;1,6;
2023/06/20;1000 UTC;0;974,2;974,2;974;15,1;15,4;12,8;15,5;14,9;13,7;12,7;92;84;85;130;2,4;1,1;
2023/06/20;1100 UTC;0;974,5;974,5;974,2;318,8;15,7;12,8;16,1;15,4;12,9;12,2;85;78;83;75;3,6;2;
2023/06/20;1200 UTC;0;975,1;975,1;974,5;558;16,5;13,6;16,5;15,4;14;13;90;83;83;100;3,8;2,3;
2023/06/20;1300 UTC;0;974,9;975,1;974,9;1174,1;18,1;12;18,2;16,3;13,4;11,5;83;65;67;108;3,5;1,5;
2023/06/20;1400 UTC;0;974,7;974,9;974,7;933,6;18,6;10,6;18,7;17,9;12,1;10;68;58;60;171;4,6;1;
2023/06/20;1500 UTC;0;973,6;974,7;973,6;1398,1;19,5;10,5;19,5;18,6;11;10,2;60;56;56;102;3,2;1,2;
2023/06/20;1600 UTC;0;972,2;973,6;972,2;2412,2;20,6;10,7;21,3;19,5;11,4;10,3;58;51;53;150;4,6;1,6;
2023/06/20;1700 UTC;0;971,3;972,2;971,3;1384,1;20,5;10,7;21,8;20,2;11,8;10,2;55;49;53;110;4,7;1,2;
2023/06/20;1800 UTC;0;970,7;971,3;970,7;1445,4;22,4;11;22,7;20,4;11,5;10,6;55;48;48;34;3,5;1,2;
2023/06/20;1900 UTC;0;970,5;970,7;970,5;1054,3;22,2;11,1;22,6;22;11,6;10,6;51;48;50;56;4,2;1,8;
2023/06/20;2000 UTC;0;970,7;970,7;970,5;317,7;20,6;11,6;22,2;20,6;11,6;10,9;56;49;56;111;3,6;1,3;
2023/06/20;2100 UTC;0;970,8;970,8;970,6;8,7;18,2;12,9;20,6;17,6;12,9;11,6;72;56;71;359;3;1,5;
2023/06/20;2200 UTC;0;971,2;971,2;970,8;;16,9;12,7;18,2;16,9;12,8;12,4;76;71;76;29;1,9;,7;
2023/06/20;2300 UTC;0;971,4;971,4;971,2;;15,8;12,7;16,9;15,7;13,1;12,6;82;76;82;332;1,6;,7;
2023/06/21;0000 UTC;0;971,6;971,6;971,4;;14,7;13,2;16,6;14,3;13,4;11,7;91;79;90;322;1,3;,8;
2023/06/21;0100 UTC;0;971,7;971,7;971,6;;13,7;12,7;14,7;13,7;13,4;12,6;94;90;94;331;2,3;1,6;
2023/06/21;0200 UTC;0;972;972;971,7;;14;13,1;14,2;13,3;13,2;12,3;95;93;95;342;2,3;,3;
2023/06/21;0300 UTC;0;971,8;972;971,8;;13;12,3;14,4;12,6;13,4;11,5;96;91;96;71;1,6;,4;
2023/06/21;0400 UTC;0;971,9;971,9;971,8;;12,9;12,2;13,3;12,6;12,6;11,8;96;95;96;89;1,8;,8;
2023/06/21;0500 UTC;0;971,5;971,9;971,5;;11,8;11,3;13;11,7;12,3;11,1;97;94;97;358;1,5;,8;
2023/06/21;0600 UTC;0;971,1;971,5;971,1;;11,2;10,8;12,1;11,2;11,7;10,7;97;96;97;247;1,4;,5;
2023/06/21;0700 UTC;0;971,1;971,2;971,1;;11,5;11,1;11,8;10,7;11,4;10,2;98;97;98;189;,9;,4;
2023/06/21;0800 UTC;0;971,1;971,1;970,9;;10,6;10,2;11,5;10,5;11,1;10,1;98;97;98;52;,9;,3;
2023/06/21;0900 UTC;0;971,4;971,4;971;;10,6;10,2;11,3;10,6;10,9;10,2;98;98;98;79;1,8;,9;
2023/06/21;1000 UTC;0;972;972;971,4;15,9;10,4;10;10,6;9,9;10,2;9,6;98;98;98;18;1,5;,4;
2023/06/21;1100 UTC;0;972,5;972,5;972;231,4;10,4;10,1;10,6;10;10,3;9,6;98;98;98;322;1,8;,6;
2023/06/21;1200 UTC;0;972,9;972,9;972,5;672,2;11,7;11,3;11,9;10,5;11,5;10,1;98;97;98;105;1,9;1,2;
2023/06/21;1300 UTC;0;972,8;973;972,8;1161,3;13,3;12,9;13,5;11,7;13,1;11,3;98;97;98;19;2,6;1,4;
2023/06/21;1400 UTC;0;972;972,8;972;2084,4;17,4;13,5;17,5;13;15,7;12,7;98;77;78;120;3,4;1,8;
2023/06/21;1500 UTC;0;971;972;971;2399,4;20;11,4;20,3;17,4;14,1;11,3;79;58;58;101;4,4;2;
2023/06/21;1600 UTC;0;969,6;971;969,6;2355,9;21,2;10,9;22;19,8;11,8;10,5;59;50;52;102;3,5;1,6;
2023/06/21;1700 UTC;0;968,9;969,6;968,9;2089,9;22,7;11,6;22,9;21,1;12,1;10,6;53;49;50;77;4,3;1,4;
2023/06/21;1800 UTC;0;968,7;968,9;968,6;1599;23,1;11,7;23,9;22,6;12,5;11,2;50;47;48;270;3,2;2;
2023/06/21;1900 UTC;0;968,4;968,7;968,4;1024;23,1;11,7;24,4;22,9;12,5;11,4;50;46;49;360;3,2;1,8;
2023/06/21;2000 UTC;0;968,4;968,4;968,3;363,9;21,6;12,5;23,3;21,6;12,5;11,5;56;48;56;9;2,9;1,7;
2023/06/21;2100 UTC;0;968,7;968,7;968,4;10,3;18,3;12,2;21,6;18,3;12,7;12,2;69;56;67;343;3,4;2,1;
2023/06/21;2200 UTC;0;969,2;969,2;968,6;;18;12,5;18,3;17,7;12,5;11,5;70;66;70;84;3;1,1;
2023/06/21;2300 UTC;0;969,8;969,8;969,2;;15,8;12;18;15,8;12,5;11,9;78;70;78;311;2,3;,7;
2023/06/22;0000 UTC;0;969,8;969,8;969,7;;15,8;12;16,1;14,8;12,4;11,5;81;77;79;122;2,4;1,3;
2023/06/22;0100 UTC;0;970;970,1;969,8;;14,7;12;15,8;14,5;12,2;11,3;84;78;84;96;1,9;,7;
2023/06/22;0200 UTC;0;969,8;970,1;969,8;;13,1;11,9;14,8;13,1;13,4;11,3;93;83;92;220;1,6;,6;
2023/06/22;0300 UTC;0;970;970;969,8;;12,2;11,6;13,9;11,8;12,9;10,9;96;91;96;325;2,1;1,6;
2023/06/22;0400 UTC;0;970,3;970,3;970;;11,9;11,4;12,8;11,7;12,2;11,1;96;95;96;304;2,5;1,9;
2023/06/22;0500 UTC;0;969,8;970,3;969,8;;12,6;12;13,1;11,9;12,6;11,4;97;96;96;115;2,8;1,6;
2023/06/22;0600 UTC;0;969,5;969,8;969,5;;11,9;11,3;12,8;11,8;12,2;11;96;94;96;108;2,8;1,1;
2023/06/22;0700 UTC;0;969,6;969,6;969,4;;11;10,6;11,9;10,8;11,3;10,2;97;95;97;23;2,1;,5;
2023/06/22;0800 UTC;0;969,3;969,8;969,3;;11,6;11,2;11,7;10,9;11,4;10,5;98;97;97;104;2,1;1,5;
2023/06/22;0900 UTC;0;969,7;969,7;969,2;;10,5;10,1;11,7;10,3;11,2;9,9;97;97;97;123;3,5;1;
2023/06/22;1000 UTC;0;970,4;970,4;969,7;31,7;9,6;9,3;10,6;9,6;10,2;9,3;98;97;98;324;2,3;,9;
2023/06/22;1100 UTC;0;971,1;971,1;970,4;395,6;12,3;11,9;12,3;9,6;11,9;9,2;98;97;97;352;1,8;,3;
2023/06/22;1200 UTC;0;971,6;971,6;971,1;1018,6;15,2;14,9;15,2;12;14,9;11,6;98;97;98;65;2,1;1,2;
2023/06/22;1300 UTC;,2;971,5;971,7;971,5;1625,9;16,8;11,4;17,8;15,2;15,6;11,1;98;68;70;143;2,9;1,6;
2023/06/22;1400 UTC;0;971;971,5;971;2091,1;19,6;11;19,7;16,8;12,2;10,3;71;57;58;149;2,6;1,3;
2023/06/22;1500 UTC;0;970;971;970;2210,8;21,1;10,1;21,5;19,5;11,2;9,5;58;48;49;277;3,2;1;
2023/06/22;1600 UTC;0;969;970;969;2301,6;23;8,9;23,1;21,2;10,6;8,6;50;41;41;281;3;1,5;
2023/06/22;1700 UTC;0;968,3;969;968,3;2080,5;23,9;9,2;24,5;22,5;9,8;8,4;42;38;39;270;3,2;1,8;
2023/06/22;1800 UTC;0;967,8;968,3;967,8;1655,8;24,5;9,3;24,8;23,7;9,7;8,7;40;37;38;302;3,5;1,6;
2023/06/22;1900 UTC;0;967,7;967,8;967,7;1066,4;24,6;9,4;25,1;24,3;9,7;9;39;37;38;296;3,2;1,8;
2023/06/22;2000 UTC;0;967,9;967,9;967,7;383,8;23,3;9,8;24,8;23,3;9,9;9,1;43;38;43;335;3,2;,8;
2023/06/22;2100 UTC;0;968,2;968,3;967,9;8,3;18,5;13,2;23,3;18,5;13,2;9,7;71;42;71;330;2,9;1,8;
2023/06/22;2200 UTC;0;968,7;968,7;968,2;;18,7;12,8;18,8;18;13,2;12,4;73;67;69;72;2,4;,4;
2023/06/22;2300 UTC;0;969;969;968,7;;17,1;12,6;18,7;17;12,9;12,4;76;68;75;60;1,6;,5;
2023/06/23;0000 UTC;0;969,3;969,3;969;;15;12,3;17,1;15;12,8;11,9;83;75;83;343;2;1,3;
2023/06/23;0100 UTC;0;969,4;969,4;969,3;;14,4;12,2;15;14,3;13,1;12,1;91;83;86;286;2;1;
2023/06/23;0200 UTC;0;969,4;969,5;969,4;;13,1;12,1;14,6;13,1;12,6;12;94;86;94;333;1,9;1,4;
2023/06/23;0300 UTC;0;969,2;969,5;969,2;;13,4;12,7;13,4;12,6;12,7;11,7;96;93;96;320;2,2;1,2;
2023/06/23;0400 UTC;0;969,1;969,2;969,1;;12,9;12;14,1;12,7;12,9;11,3;96;90;94;72;1,9;,4;
2023/06/23;0500 UTC;0;968,9;969,1;968,8;;13;12,2;13,1;11,9;12,4;11,1;96;93;95;130;1,9;1,3;
2023/06/23;0600 UTC;0;968,8;968,9;968,8;;11,9;11,5;13,1;11,4;12,3;10,7;97;94;97;341;1,9;1,3;
2023/06/23;0700 UTC;0;968,8;968,9;968,7;;11,9;11,4;12,2;11,8;11,7;11,3;97;96;97;146;1,8;,6;
2023/06/23;0800 UTC;0;968,8;968,9;968,7;;11,3;10,9;11,9;10,7;11,4;10,1;98;96;98;353;1,9;1;
2023/06/23;0900 UTC;0;968,9;968,9;968,6;;11,2;10,8;11,5;11;11,2;10,6;98;98;98;101;1,6;1,2;
2023/06/23;1000 UTC;0;969,1;969,2;968,9;20;10,8;10,4;11,2;10,3;10,8;10;98;98;98;104;1,6;,5;
2023/06/23;1100 UTC;0;969,4;969,4;969,1;307,5;11,6;11,2;11,6;10,7;11,2;10,3;98;98;98;82;1,5;,9;
2023/06/23;1200 UTC;0;969,8;969,8;969,3;707;12,8;12,5;12,9;11,4;12,6;11,1;98;98;98;143;1,9;,8;
2023/06/23;1300 UTC;0;969,6;969,9;969,6;1299;16,5;13,8;16,6;12,8;15,1;12,5;98;84;84;57;1,8;,8;
2023/06/23;1400 UTC;0;969,2;969,7;969,2;2083,9;19,5;12,1;19,5;16,3;14;11,8;84;62;62;89;2,4;1;
2023/06/23;1500 UTC;0;968,1;969,2;968,1;2171;21,3;11,9;21,4;19,2;12,3;10,8;63;54;55;91;3,4;1,3;
2023/06/23;1600 UTC;0;966,9;968,1;966,9;1994,9;22,4;11,7;22,4;21,1;12,4;11,3;56;50;51;94;3,7;1,5;
2023/06/23;1700 UTC;0;965,8;966,9;965,7;1565,5;22,9;10,7;23,4;22,3;12,3;10,2;52;45;46;105;3,4;1,2;
2023/06/23;1800 UTC;0;965,7;965,8;965,6;1567,8;23,6;11,5;24,8;22,7;12;10,4;48;43;47;216;3;1,5;
2023/06/23;1900 UTC;0;965,8;966;965,7;880;23,7;11,6;24,3;23,4;12,7;11,2;49;44;47;334;3;1,8;
2023/06/23;2000 UTC;0;966,3;966,4;965,8;260,2;21,8;12,9;23,7;21,8;12,9;11,5;57;47;57;328;3;1,1;
2023/06/23;2100 UTC;0;966,5;966,5;966,3;7,4;18,7;15;21,8;18,7;15;12,8;79;57;79;314;2;,9;
2023/06/23;2200 UTC;0;967,4;967,4;966,5;;18,2;14,4;18,8;18,2;15;14,4;80;77;78;319;2,4;1,3;
2023/06/23;2300 UTC;0;968;968;967,4;;17,7;14;18,2;17,1;14,5;14;84;78;79;356;2,2;,8;
2023/06/24;0000 UTC;0;967,9;968,1;967,9;;16,2;13,5;17,9;16,2;13,9;13,4;84;78;84;306;1,4;,8;
2023/06/24;0100 UTC;0;968,4;968,4;967,9;;14,6;13,5;16,2;14,6;14,5;13,5;94;84;93;319;1,7;1,3;
2023/06/24;0200 UTC;0;968,3;968,5;968,3;;14,4;13,1;15,6;14,4;14,5;13,1;95;92;92;232;2,3;,8;
2023/06/24;0300 UTC;0;968,4;968,5;968,3;;14,1;13,4;14,9;14;14,1;13,1;95;92;95;329;1,8;1,4;
2023/06/24;0400 UTC;0;968,5;968,5;968,3;;14;13,4;14,4;13,4;13,8;12,7;97;95;96;131;2;1,5;
2023/06/24;0500 UTC;0;968,2;968,5;968,2;;12,9;12,3;14,1;12,8;13,4;12,1;97;95;97;322;2;,9;
2023/06/24;0600 UTC;0;968,1;968,3;968,1;;12,4;12;12,9;12,3;12,4;11,9;97;97;97;315;2;,8;
2023/06/24;0700 UTC;0;968,1;968,2;968;;12,3;12;12,9;12,1;12,5;11,7;98;97;98;344;1,8;1,4;
2023/06/24;0800 UTC;0;967,9;968,2;967,8;;12,2;11,9;12,9;12,1;12,6;11,7;98;98;98;145;3,3;2,4;
2023/06/24;0900 UTC;0;968,2;968,2;967,9;,2;12;11,7;12,4;11,8;12;11,5;98;98;98;34;3,5;1;
2023/06/24;1000 UTC;0;968,8;968,8;968,2;13,1;12,4;12,1;12,4;12;12,1;11,7;98;98;98;110;2,2;1;
2023/06/24;1100 UTC;0;969,3;969,3;968,7;191,3;13;12,6;13,1;12,4;12,7;12,1;98;98;98;245;1,8;,7;
2023/06/24;1200 UTC;0;969,7;969,8;969,3;495,9;13,8;13,4;14;12,9;13,6;12,6;98;97;98;329;2,1;1;
2023/06/24;1300 UTC;0;970,1;970,2;969,7;752,5;14,9;14,5;15;13,8;14,5;13,4;98;97;97;262;2,8;1,4;
2023/06/24;1400 UTC;0;969,6;970,1;969,6;1513,2;17,9;17,5;17,9;14,6;17,5;14,2;98;97;98;282;2,5;,8;
2023/06/24;1500 UTC;0;969,1;969,6;969,1;2039,4;21,7;14,3;21,7;17,9;18,1;14,1;98;63;63;266;3,2;1,7;
2023/06/24;1600 UTC;0;968,2;969,1;968,2;2100,4;23,5;13,3;23,9;21,2;14,2;12,5;63;52;53;289;3,5;1,5;
2023/06/24;1700 UTC;0;967,5;968,2;967,5;1938,3;24,9;12,6;25,7;22,9;13,8;12,3;55;45;46;59;3,3;1,5;
2023/06/24;1800 UTC;0;967,1;967,5;967,1;1562,4;25,5;12,7;25,8;24,6;13,8;11,9;50;42;45;27;3,7;1,5;
2023/06/24;1900 UTC;0;967,1;967,2;967,1;975,1;25,4;12,6;25,9;25,1;12,9;12,2;46;44;45;91;3;1;
2023/06/24;2000 UTC;0;967,5;967,5;967,1;371,2;24;12,6;25,7;24;13;12;49;43;49;136;2,3;1;
2023/06/24;2100 UTC;0;967,8;967,8;967,4;10;19,6;14,8;24;19,5;15;12,4;74;49;74;334;2,5;1,7;
2023/06/24;2200 UTC;0;968,2;968,2;967,7;;19,2;14,6;20;19,1;14,7;13,6;75;69;75;122;2,9;1,3;
2023/06/24;2300 UTC;0;968,5;968,5;968,1;;17,5;14,2;19,2;17,4;14,6;14;81;74;81;8;2,4;1,3;
2023/06/25;0000 UTC;0;969;969;968,5;;17;14,3;18;16,6;15,2;13,8;89;80;84;182;2;,4;
2023/06/25;0100 UTC;0;969,4;969,4;969;;15,6;14,1;17;15,5;14,5;14;91;83;91;321;1,8;,9;
2023/06/25;0200 UTC;0;969,8;969,8;969,4;;14,3;13,2;15,8;14,3;14,2;13,2;93;90;93;310;1,8;1,5;
2023/06/25;0300 UTC;0;969,7;969,8;969,7;;13,8;13;14,8;13,8;14,1;13;96;93;95;323;2,3;1,6;
2023/06/25;0400 UTC;0;969,7;969,8;969,7;;14,8;14;14,8;13,4;14;12,8;97;95;95;38;2,1;,6;
2023/06/25;0500 UTC;0;969,5;969,7;969,5;;13,2;12,6;14,8;13,2;13,9;12,4;96;92;96;225;1,6;,2;
2023/06/25;0600 UTC;0;969,6;969,6;969,3;;12,6;12,1;13,3;12,4;12,7;11,9;97;96;97;323;2,1;1,4;
2023/06/25;0700 UTC;0;969,4;969,6;969,4;;12,2;11,5;13,4;12,2;12,9;11,5;97;95;95;189;2,1;,5;
2023/06/25;0800 UTC;0;969;969,4;969;;12,6;12,2;12,6;11,9;12,2;11,3;97;95;97;352;1,8;1,6;
2023/06/25;0900 UTC;0;969,3;969,3;968,9;;11,6;11,2;12,8;11,6;12,4;11,2;98;96;97;53;2,6;,8;
2023/06/25;1000 UTC;0;970,1;970,1;969,3;19,2;11,5;11,2;11,7;11;11,3;10,6;98;97;98;345;2;,7;
2023/06/25;1100 UTC;0;970,5;970,5;970,1;255,2;12,7;12,3;12,8;11,5;12,4;11,2;98;98;98;156;2,3;,6;
2023/06/25;1200 UTC;0;971,1;971,1;970,5;398,5;13,1;12,7;13,4;12,7;13;12,5;98;98;98;331;1,9;,7;
2023/06/25;1300 UTC;0;971,1;971,3;971,1;1483,1;16,1;15,7;16,1;13,1;15,7;12,8;98;97;98;238;2,5;1,1;
2023/06/25;1400 UTC;0;970,3;971,1;970,3;1884,6;19,7;14,9;19,7;16,1;16,8;14,4;98;73;74;124;2,7;1,5;
2023/06/25;1500 UTC;0;969,8;970,3;969,8;1842,6;21,4;13,5;21,6;19,7;14,9;13,5;74;60;61;154;2,8;1,1;
2023/06/25;1600 UTC;0;969;969,8;969;1852;24,3;13,4;24,4;21,4;14,2;13,1;61;51;51;326;2,4;1,1;
2023/06/25;1700 UTC;0;968,3;969;968,2;1804,2;24,6;12,8;25,3;24,2;13,3;12,1;51;46;48;333;3,3;1,7;
2023/06/25;1800 UTC;0;967,9;968,3;967,9;1322,1;25,1;11,4;25,6;24,6;13;11,3;48;42;42;354;3,1;1,2;
2023/06/25;1900 UTC;0;967,9;967,9;967,8;761,6;24,9;12,6;25,5;24,9;12,7;11,4;47;42;46;324;2,1;,8;
2023/06/25;2000 UTC;0;968,1;968,1;967,9;306,2;22,3;14,5;25;22,3;14,6;11,9;61;45;61;354;2;1,7;
2023/06/25;2100 UTC;0;968,4;968,4;968,1;21,2;19,7;15,5;22,5;19,7;15,6;14;77;59;77;319;2,7;1,3;
2023/06/25;2200 UTC;0;969,1;969,1;968,4;;18,8;15,2;19,7;18,7;15,9;15,2;83;77;80;267;2;1,3;
2023/06/25;2300 UTC;0;969,9;969,9;969,1;;17,1;13,8;18,8;17;15,4;13,7;89;80;81;334;2,1;1,4;
2023/06/26;0000 UTC;0;970,4;970,4;969,9;;17,1;13;17,3;16,6;13,9;12,9;83;77;77;20;1,8;1;
2023/06/26;0100 UTC;0;970,7;970,7;970,4;;15,6;13;17,1;15,4;13,4;12,6;87;77;84;232;1,5;,8;
2023/06/26;0200 UTC;0;970,8;970,8;970,7;;14,3;13,3;15,8;14,3;13,4;12,9;94;84;94;327;2;1,5;
2023/06/26;0300 UTC;0;970,3;970,8;970,3;;14,5;13,7;15;14,1;14,1;13,1;95;93;95;316;2;,9;
2023/06/26;0400 UTC;0;969,8;970,3;969,8;;13,5;12,5;14,9;13,5;14,2;12,5;95;92;94;2;1,5;,6;
2023/06/26;0500 UTC;0;969;969,8;969;;13,5;13,1;13,5;12,7;13,1;12;97;94;97;319;1,9;,8;
2023/06/26;0600 UTC;,2;968,9;969;968,8;;12,6;12;13,6;12,6;13,2;12;98;96;97;120;2,4;,9;
2023/06/26;0700 UTC;0;969;969;968,8;;11,6;11,2;12,6;11,4;12;11;98;96;98;68;1,7;,2;
2023/06/26;0800 UTC;0;969,1;969,1;969;;11,8;11,4;11,8;11,5;11,5;11,1;98;97;98;309;1,6;,7;
2023/06/26;0900 UTC;0;969,7;969,7;969,1;;12;11,7;12;11,6;11,7;11,2;98;98;98;333;1,8;,9;
2023/06/26;1000 UTC;0;970,6;970,6;969,8;13,3;12;11,6;12,1;11,9;11,8;11,5;98;98;98;325;1,4;,5;
2023/06/26;1100 UTC;0;971,4;971,4;970,6;186,4;12,3;12;12,5;12;12,2;11,6;98;98;98;343;2;1,3;
2023/06/26;1200 UTC;0;971,7;971,7;971,4;638;13,3;12,9;13,5;12,3;13,2;12;98;98;98;120;2;1,1;
2023/06/26;1300 UTC;0;971,9;972;971,7;956,6;14,5;14,1;14,5;13,3;14,1;13,1;98;97;97;297;2,3;,8;
2023/06/26;1400 UTC;0;971,3;971,9;971,3;2097,9;20,6;17,7;20,8;14,5;19,4;14,5;99;83;83;48;2,8;1;
2023/06/26;1500 UTC;0;970,4;971,3;970,3;2375,4;23,1;14,2;23,2;20,2;18,4;13,8;88;56;57;125;3,9;1,6;
2023/06/26;1600 UTC;0;969,3;970,4;969,3;2362,5;24,6;11,5;24,6;22,9;14,1;11;57;43;44;93;3,9;1,2;
2023/06/26;1700 UTC;0;968,5;969,3;968,5;2139,3;26;10,6;26,1;24,6;13,1;10,6;47;38;38;74;4,1;1,8;
2023/06/26;1800 UTC;0;967,9;968,5;967,9;1713,1;26,8;9,8;27,4;26;11,1;9,8;38;34;34;123;3,9;1,4;
2023/06/26;1900 UTC;0;967,8;967,9;967,8;1103,9;27,6;12;27,8;26,6;12;9,5;38;32;38;8;3;1,2;
2023/06/26;2000 UTC;0;967,7;967,8;967,6;410,4;24,8;13,8;27,7;24,8;13,8;11,5;50;37;50;330;3,5;1,4;
2023/06/26;2100 UTC;0;968,1;968,1;967,7;8,6;21,5;14,2;24,8;21,4;15;13,9;64;51;63;322;2,5;1,5;
2023/06/26;2200 UTC;0;968,7;968,7;968,1;;19;14,2;21,5;19;14,5;13,7;73;63;73;282;2,2;1,1;
2023/06/26;2300 UTC;0;969,1;969,1;968,7;;17,5;13,6;19,5;17,5;14,3;13,2;78;67;78;5;2,7;,4;
2023/06/27;0000 UTC;0;969,6;969,6;969,1;;16,1;13,1;17,6;16,1;13,8;13;82;78;82;307;1,7;1,4;
2023/06/27;0100 UTC;0;969,9;969,9;969,6;;15,7;14;16,4;15,1;14,6;13;92;82;90;331;2,1;1,3;
2023/06/27;0200 UTC;0;969,9;969,9;969,8;;14,7;12,8;16,1;14,7;14,3;12,8;90;85;89;123;2,1;1;
2023/06/27;0300 UTC;0;969,8;969,9;969,8;;13,3;12,5;14,7;13,2;13,7;12,4;95;89;95;325;1,8;,8;
2023/06/27;0400 UTC;0;969,7;969,8;969,7;;13,1;12,7;14;12,2;13,5;11,6;98;95;97;329;1,9;1;
2023/06/27;0500 UTC;0;969,5;969,7;969,5;;12,2;11,7;13,1;12,2;12,7;11,7;97;97;97;319;1,5;1,1;
2023/06/27;0600 UTC;,2;969,3;969,6;969,3;;11,4;11;12,5;11,4;12,1;11;98;97;97;320;1,9;1;
2023/06/27;0700 UTC;0;969,1;969,3;969;;11,3;10,9;12;11,3;11,6;10,9;98;97;98;320;1,9;,6;
2023/06/27;0800 UTC;0;969,3;969,3;969,1;;10,8;10,5;11,3;10,4;11;10,1;98;97;98;317;1,8;,7;
2023/06/27;0900 UTC;0;969,9;969,9;969,3;;10,7;10,3;11,2;10,7;10,9;10,3;98;97;97;110;2,3;1,6;
2023/06/27;1000 UTC;0;970,6;970,6;969,9;18,2;9,9;9,6;10,8;9,6;10,3;9,1;98;97;98;109;2,3;,4;
2023/06/27;1100 UTC;0;971,1;971,1;970,6;262,8;11,2;10,8;11,2;9,9;10,8;9,6;98;98;98;305;1,8;1,1;
2023/06/27;1200 UTC;0;971,6;971,6;971,1;863,5;12,8;12,4;12,8;10,8;12,5;10,5;98;98;98;338;2,4;1,4;
2023/06/27;1300 UTC;0;971,2;971,6;971,2;1698,7;18;17,6;18;12,7;17,6;12,4;98;97;98;277;2,2;,9;
2023/06/27;1400 UTC;0;970,6;971,2;970,6;2184,6;21,4;12,6;21,5;17,8;17,3;12,4;97;57;57;313;2,9;1,4;
2023/06/27;1500 UTC;0;969,6;970,6;969,6;2396,4;23,6;11,6;23,9;21,4;13,1;10,9;58;46;47;246;3;1,5;
2023/06/27;1600 UTC;0;968,4;969,6;968,4;2360,8;25,5;10,7;25,7;23,5;12,5;10,7;48;39;39;255;3,3;1,3;
2023/06/27;1700 UTC;0;967,4;968,4;967,4;2123,9;27,1;8,8;27,1;25,4;11;7,7;39;29;32;270;3,4;1,9;
2023/06/27;1800 UTC;0;966,8;967,4;966,8;1688,2;27,7;8,2;28;26,9;9,4;6,5;33;27;29;284;3,5;1,9;
2023/06/27;1900 UTC;0;966,6;966,8;966,6;1103,5;27,8;7,6;28,2;27,3;8,5;6,9;30;27;28;271;3;1,4;
2023/06/27;2000 UTC;0;967;967;966,6;412,6;24,5;11,3;27,9;24,5;11,6;7,2;44;27;44;323;3,3;2,1;
2023/06/27;2100 UTC;0;967,4;967,4;967;10;20,5;11,5;24,5;20,5;12,6;11,5;56;44;56;297;3,5;1,3;
2023/06/27;2200 UTC;0;967,9;967,9;967,4;;20,1;10,8;21,1;20,1;12,3;10,7;60;52;55;337;3;1,7;
2023/06/27;2300 UTC;0;968,1;968,1;967,8;;17,6;11,6;20,1;17,5;11,8;10,8;69;55;68;298;2,2;,9;
2023/06/28;0000 UTC;0;968,5;968,5;968,1;;15,3;11,8;17,6;15,3;12;11,3;80;67;80;313;2,2;1,6;
2023/06/28;0100 UTC;0;968,9;968,9;968,5;;14,5;11,2;15,8;14,2;11,9;10,8;82;76;80;309;2,3;1,6;
2023/06/28;0200 UTC;0;969;969;968,9;;14,2;11,2;14,8;14;11,9;11,2;86;80;82;301;2,7;1,5;
2023/06/28;0300 UTC;0;969,1;969,1;969;;13,3;11,3;15;13,3;12,5;10,6;88;80;88;280;2,2;,3;
2023/06/28;0400 UTC;0;969,2;969,3;969,1;;12,4;11,5;14,3;11,9;12,5;10,4;94;83;94;312;1,6;1,4;
2023/06/28;0500 UTC;0;968,8;969,2;968,8;;12,7;12;12,7;11,6;12;10,9;96;94;95;229;2,6;1;
2023/06/28;0600 UTC;0;968,7;968,8;968,7;;11,7;11,1;12,7;11,5;12;10,9;96;94;96;297;2,1;1;
2023/06/28;0700 UTC;0;968,6;968,7;968,5;;11,5;10,8;12,5;11,4;12;10,6;96;95;96;313;1,8;,9;
2023/06/28;0800 UTC;0;968,7;968,8;968,6;;11,5;11;11,8;11,2;11,2;10,6;97;96;97;127;1,2;,5;
2023/06/28;0900 UTC;0;969,2;969,2;968,7;;11,5;11,1;11,8;11;11,3;10,4;97;96;97;62;1,1;,5;
2023/06/28;1000 UTC;0;969,9;969,9;969,1;15,7;10,9;10,5;11,5;9,9;11;9,4;98;96;98;322;,9;,6;
2023/06/28;1100 UTC;,2;970,6;970,6;969,9;403,3;11,7;11,3;11,7;10,3;11,3;9,9;98;97;98;314;1,4;,9;
2023/06/28;1200 UTC;0;971;971;970,6;1139;15,2;13;15,2;11,7;13,1;11,4;98;86;87;255;1,4;,6;
2023/06/28;1300 UTC;0;971,1;971,1;971;1736,6;19,3;13;19,3;15,2;13,6;12,5;88;65;67;281;1,9;1;
2023/06/28;1400 UTC;0;970,5;971,1;970,5;2176,2;21,6;12,6;22,1;19,2;13,2;12,4;67;56;57;263;2,4;1,3;
2023/06/28;1500 UTC;0;969,4;970,5;969,4;2409,2;24,6;12,7;24,6;21,6;13,4;12,3;58;48;48;276;2,5;1,5;
2023/06/28;1600 UTC;0;968,3;969,4;968,3;2391,1;26,2;11,1;26,2;24,4;13;10,4;48;37;39;258;3,1;1,6;
2023/06/28;1700 UTC;0;967,6;968,3;967,6;2151,2;27,3;9,3;27,5;26;11,1;8,4;39;30;32;237;2,8;1,1;
2023/06/28;1800 UTC;0;967,3;967,7;967,3;1681,3;28,5;10;28,9;27,3;10,5;8,7;33;29;32;263;2,9;1,2;
2023/06/28;1900 UTC;0;967,4;967,4;967,3;1075,2;28,1;9,9;28,8;28,1;10,5;9;33;30;32;317;3,1;1,3;
2023/06/28;2000 UTC;0;967,7;967,7;967,4;391,7;25,3;11,6;28,3;25,3;11,6;9,6;43;32;43;339;3,2;1,7;
2023/06/28;2100 UTC;0;968,2;968,2;967,7;11,3;23,3;12,3;25,3;21,9;13,4;11,9;57;43;50;67;3,1;1,8;
2023/06/28;2200 UTC;0;968,7;968,7;968,2;;21,5;11,7;23,3;21,3;12,6;11,2;54;47;54;64;3,1;,6;
2023/06/28;2300 UTC;0;969,3;969,3;968,7;;18,2;13,3;21,5;18,2;13,3;11,7;73;54;73;265;2,6;1;
2023/06/29;0000 UTC;0;969,7;969,7;969,3;;17,4;12,1;18,6;17,4;13,4;11,9;74;65;71;308;1,8;1,1;
2023/06/29;0100 UTC;0;970,2;970,2;969,7;;16,2;12,2;17,7;16;12,4;11,9;79;69;77;310;1,9;1,3;
2023/06/29;0200 UTC;0;970,3;970,3;970,2;;15;11,6;16,6;15;12,4;11,6;80;76;80;278;1,7;,6;
2023/06/29;0300 UTC;0;970,3;970,4;970,2;;14,9;12;16,3;14,4;13,2;11,3;87;78;83;193;1,5;,2;
2023/06/29;0400 UTC;0;970,1;970,4;970,1;;13,9;12,5;14,9;13,4;13,1;11,7;92;83;91;341;3,3;1,7;
2023/06/29;0500 UTC;0;969,9;970,1;969,9;;14,8;13,6;14,8;13,9;13,8;12,6;94;91;93;123;2,2;,6;
2023/06/29;0600 UTC;0;969,8;969,9;969,7;;13,4;12,6;15;13,4;13,7;12,2;95;86;95;37;1,5;,4;
2023/06/29;0700 UTC;0;969,7;969,9;969,7;;13,1;12,5;14;13,1;13,4;12,5;97;95;96;301;,8;,3;
2023/06/29;0800 UTC;0;969,9;969,9;969,7;;12,8;12,1;13,9;12,8;13,3;12,1;97;94;95;138;1,7;,4;
2023/06/29;0900 UTC;0;970,4;970,4;969,9;;12,8;12,3;12,9;12,4;12,4;11,8;97;95;97;64;1,5;,8;
2023/06/29;1000 UTC;0;971,2;971,2;970,4;18;12,9;12,4;13,1;12,3;12,6;11,8;97;96;97;98;2,1;1,4;
2023/06/29;1100 UTC;0;971,9;971,9;971,2;360,8;14;13,5;14;12,5;13,5;11,9;97;96;97;119;2,2;1,1;
2023/06/29;1200 UTC;0;972,3;972,4;971,9;1065,6;17,3;13,9;17,3;14;14,8;13,3;97;80;80;321;3,1;,6;
2023/06/29;1300 UTC;0;972,6;972,7;972,3;1514,1;19,7;13,7;19,7;17;14,2;13,1;81;68;68;291;2,4;1;
2023/06/29;1400 UTC;0;972,1;972,6;972;2100,6;23,3;13,3;23,5;19,6;14,9;12,8;69;52;53;103;5,1;2,4;
2023/06/29;1500 UTC;0;971,3;972,1;971,3;2332,5;25,1;10,7;25,1;23;13,3;10,2;53;40;41;67;5,7;2,4;
2023/06/29;1600 UTC;0;970,6;971,3;970,6;2315,1;25;10;25,8;24,8;11,1;9,8;41;37;39;98;5,6;2,4;
2023/06/29;1700 UTC;0;970,1;970,6;970,1;2048,1;26;10,5;26,5;25;11,1;10;40;37;38;43;5,6;2,2;
2023/06/29;1800 UTC;0;969,8;970,1;969,8;1693,1;25,8;10,5;26,4;25,5;10,9;9,5;39;36;38;85;6,1;2,5;
2023/06/29;1900 UTC;0;969,9;969,9;969,7;1116,4;25,6;10,6;26,3;25,5;10,8;9,9;39;36;39;110;7;4,5;
2023/06/29;2000 UTC;0;970,6;970,6;969,8;252,5;22,6;13,7;25,6;22,6;13,8;11;57;39;57;118;9,2;3,9;
2023/06/29;2100 UTC;0;971,5;971,5;970,6;8,9;20,7;14,2;22,6;20,7;14,2;13,3;66;56;66;82;7,3;2,8;
2023/06/29;2200 UTC;0;972,5;972,5;971,5;;19,5;14,4;20,7;19,5;14,5;14,2;73;66;73;63;6,9;3,4;
2023/06/29;2300 UTC;0;973,6;973,6;972,5;;18,7;14,9;19,6;18,7;15,2;14,4;79;73;79;49;6,9;2,3;
2023/06/30;0000 UTC;0;973,8;973,9;973,6;;18,2;14,5;18,7;18,1;14,9;14,4;79;78;79;36;5,1;2,4;
2023/06/30;0100 UTC;0;974,3;974,3;973,8;;17,8;14,2;18,2;17,8;14,4;14,2;80;79;80;49;3,9;2,3;
2023/06/30;0200 UTC;0;974,4;974,4;974,2;;17,2;15;18,1;17,2;15;14,1;87;79;87;111;3,6;2;
2023/06/30;0300 UTC;0;974,3;974,4;974,2;;17,5;15,6;17,5;17,1;15,6;15;89;87;88;145;2,9;,8;
2023/06/30;0400 UTC;0;974,1;974,3;974,1;;17,6;15,6;17,7;17,4;15,7;15,4;89;87;88;96;1,8;1;
2023/06/30;0500 UTC;0;973,3;974,1;973,3;;16,9;15,6;17,6;16,8;15,6;15,5;92;88;92;89;2,5;1,6;
2023/06/30;0600 UTC;0;972,9;973,3;972,9;;16,8;15,6;17;16,7;15,7;15,5;93;92;93;99;3,1;1,9;
2023/06/30;0700 UTC;0;972,7;972,9;972,7;;16,8;15,8;16,8;16,6;15,8;15,6;94;93;94;94;3,1;,9;
2023/06/30;0800 UTC;0;972,8;972,9;972,6;;16,9;15,8;16,9;16,7;15,9;15,7;94;93;93;90;1,6;1;
2023/06/30;0900 UTC;0;972,9;972,9;972,6;;16,6;16;16,9;16,5;16;15,7;96;93;96;87;2,9;1,5;
2023/06/30;1000 UTC;0;973;973;972,9;3,2;16,7;16,1;16,7;16,6;16,1;15,9;96;96;96;87;3,5;1,1;
2023/06/30;1100 UTC;,2;973,5;973,5;973;124,6;17,3;16,8;17,3;16,6;16,8;16;97;96;97;58;2,1;,6;
2023/06/30;1200 UTC;0;974,1;974,1;973,5;835,9;19,2;16,7;19,2;17,3;17,6;16,4;97;86;86;93;3,1;1,3;
2023/06/30;1300 UTC;0;974,4;974,4;974,1;1563,4;20,1;14,6;21,1;19,1;16,8;14,4;85;70;71;60;3,9;2,1;
2023/06/30;1400 UTC;0;973,8;974,4;973,8;2118,8;22,1;15,3;22,1;20,1;15,7;14,4;73;65;65;58;5;1,6;
2023/06/30;1500 UTC;0;972,9;973,8;972,9;2421;22,9;13,5;23,2;21,5;15,1;13;66;55;56;150;4,5;2,3;
2023/06/30;1600 UTC;,2;972;972,9;972;1758,8;23,2;12,7;23,9;22,6;13,9;12,4;56;51;52;123;4,6;1,6;
2023/06/30;1700 UTC;0;971,2;972;971,1;1487,3;24,7;12,4;24,7;23,1;13,2;11,8;52;46;46;90;4,2;1,9;
2023/06/30;1800 UTC;0;970,7;971,2;970,7;1090,2;24,1;13,2;24,8;23,9;13,3;11,9;51;46;51;113;4,9;2,7;
2023/06/30;1900 UTC;0;970,6;970,7;970,5;626,7;23;14;24,3;23;14;13;57;50;57;109;6,6;3,5;
2023/06/30;2000 UTC;0;970,8;970,9;970,6;153,6;21,9;14,5;23;21,9;14,5;13,9;63;57;63;113;6,5;3,2;
2023/06/30;2100 UTC;0;971,3;971,3;970,8;7,4;20,6;14,9;21,9;20,6;14,9;14,5;70;63;70;99;5,6;3,4;
2023/06/30;2200 UTC;0;971,9;971,9;971,2;;19,7;15,3;20,6;19,7;15,3;15;76;70;76;94;6;2,6;
2023/06/30;2300 UTC;0;972,3;972,3;971,9;;19;15,4;19,7;19;15,5;15,3;80;76;80;88;5;2,5;
2023/07/01;0000 UTC;0;972,7;972,7;972,2;;18,7;15,4;19;18,7;15,4;15,4;81;80;81;105;5,5;2,8;
2023/07/01;0100 UTC;0;973;973;972,7;;18,5;15,3;18,7;18,5;15,4;15,3;82;81;82;94;5,4;1,8;
2023/07/01;0200 UTC;1;973;973,1;973;;17,9;16,3;18,5;17,9;16,3;15,3;90;82;90;52;3,5;1,9;
2023/07/01;0300 UTC;0;972,7;973,1;972,7;;17,8;16,7;17,9;17,4;16,7;16,3;95;90;93;98;3,5;,7;
2023/07/01;0400 UTC;0;972,2;972,7;972,2;;17,7;16,2;17,9;17,7;16,7;16,2;93;91;91;79;2,3;,6;
2023/07/01;0500 UTC;0;971,7;972,2;971,7;;17,4;15,9;17,8;17,3;16,2;15,9;93;91;91;117;2,4;1,3;
2023/07/01;0600 UTC;0;971,3;971,7;971,3;;17,2;15,7;17,4;17,1;16;15,7;92;91;91;95;2,5;,7;
2023/07/01;0700 UTC;0;970,7;971,3;970,7;;16,8;16;17,2;16,8;16;15,7;95;91;95;21;2,6;1,4;
2023/07/01;0800 UTC;0;970,5;970,7;970,4;;16,9;16,2;17;16,8;16,2;15,9;95;95;95;96;2,4;1,4;
2023/07/01;0900 UTC;0;970,8;970,8;970,5;;16,6;15,9;17;16,6;16,2;15,9;95;95;95;81;3,1;1,1;
2023/07/01;1000 UTC;0;971,1;971,1;970,8;11,1;16,4;15,7;16,6;16,4;15,9;15,6;96;95;95;58;3,3;1,1;
2023/07/01;1100 UTC;0;971,5;971,5;971,1;185,5;16,9;16;16,9;16,4;16;15,7;96;95;95;112;2,8;1,4;
2023/07/01;1200 UTC;0;971,6;971,6;971,5;614,1;17,7;16,2;17,7;16,8;16,4;15,9;95;91;91;138;3,5;1,4;
2023/07/01;1300 UTC;0;971,3;971,6;971,3;1155,8;19,1;14,2;19,8;17,4;16,1;14,2;91;72;73;243;2,6;1,4;
2023/07/01;1400 UTC;0;970,2;971,3;970,2;1377;21,5;14,9;21,5;18,9;15,3;14,1;76;66;66;235;3,2;1,2;
2023/07/01;1500 UTC;0;969,3;970,2;969,3;2373,4;21,9;13,9;22,5;20,7;15,4;13,7;68;59;61;183;3,3;1,3;
2023/07/01;1600 UTC;0;968;969,3;968;1916,8;22,3;14,1;23,2;21,9;14,8;13,6;62;56;60;280;3,4;1,5;
2023/07/01;1700 UTC;0;967;968;967;2013,1;24,5;14,4;24,8;22,1;15;13,5;61;52;53;291;3,7;1,8;
2023/07/01;1800 UTC;0;966,6;967;966,6;1509;25,3;14,1;25,7;24,3;15;14,1;55;49;50;285;3,7;1,3;
2023/07/01;1900 UTC;0;966,4;966,6;966,4;1148;25,1;12,5;25,9;24,9;14,6;12;52;43;45;143;3;1,2;
2023/07/01;2000 UTC;0;966,6;966,6;966,4;399,3;23,4;14,6;25,4;23,4;14,6;11,8;58;44;58;356;2,8;1,5;
2023/07/01;2100 UTC;0;967,2;967,2;966,6;15,4;21,2;15,5;23,4;21,2;15,7;14,6;70;58;70;300;2,4;,7;
2023/07/01;2200 UTC;0;968,1;968,1;967,2;;21,5;14,9;22,1;21,3;15,5;14,3;70;62;66;121;4;1,9;
2023/07/01;2300 UTC;,2;968,8;968,8;968,1;;19,1;15,8;21,5;19,1;15,9;14,9;82;67;82;46;3,9;1,7;
2023/07/02;0000 UTC;0;969,2;969,2;968,8;;18,1;16,6;19;18,1;16,7;15,8;91;82;91;55;4,3;1,6;
2023/07/02;0100 UTC;0;969,3;969,3;969,1;;17,8;16,6;18,1;17,8;16,7;16,4;93;91;93;130;3,1;1,5;
2023/07/02;0200 UTC;0;969,4;969,7;969,2;;18,1;16,9;18,1;17,2;17;16,4;96;93;93;136;2,8;1,7;
2023/07/02;0300 UTC;3;969,1;969,5;969,1;;17,7;16,9;18,3;17,6;17,1;16,5;95;91;95;167;4,9;2,9;
2023/07/02;0400 UTC;0;969,1;969,2;969,1;;17;16,5;17,7;16,8;16,9;16,2;97;95;97;34;4,9;1,2;
2023/07/02;0500 UTC;0;968,2;969,1;968,2;;16,3;15,9;17,1;16,2;16,6;15,8;98;96;97;3;2,3;1,4;
2023/07/02;0600 UTC;0;967,7;968,2;967,7;;15,8;15,4;16,5;15,8;16,1;15,4;98;97;98;347;2,3;1;
2023/07/02;0700 UTC;0;967,2;967,7;967,2;;16,1;15,8;16,4;15,6;16,1;15,2;98;98;98;309;2,1;,5;
2023/07/02;0800 UTC;0;967,2;967,2;967,1;;15,2;14,9;16,1;15,2;15,7;14,9;98;98;98;110;1,3;,4;
2023/07/02;0900 UTC;0;968,2;968,2;967,2;;14,9;14,6;15,5;14,6;15,1;14,3;98;98;98;110;2,3;,6;
2023/07/02;1000 UTC;,2;968,3;968,4;968;18,2;14,4;14,1;15;13,8;14,7;13,5;98;98;98;300;3,9;1,2;
2023/07/02;1100 UTC;0;968,9;968,9;968,3;413,4;16,7;16,2;16,7;14,4;16,2;14,1;98;97;97;171;3,5;1,8;
2023/07/02;1200 UTC;0;968,9;969;968,9;1112,3;18,7;15,5;18,9;16,1;16,7;15,2;97;81;82;340;3,9;,9;
2023/07/02;1300 UTC;0;968,5;969;968,5;1730,7;20,5;13,1;20,5;18,7;16,8;12,9;88;62;63;255;9,9;6;
2023/07/02;1400 UTC;0;968,3;968,5;968,3;2181,7;22,5;12,6;22,5;20,5;13,4;12,1;63;52;54;259;9,9;4,9;
2023/07/02;1500 UTC;0;967,6;968,3;967,6;2396,9;24,4;11,6;24,4;22,5;12,7;10,5;54;43;45;221;8,4;2,5;
2023/07/02;1600 UTC;0;966,9;967,6;966,9;2360,3;24,5;9,4;25,4;24,3;11;9,1;44;37;38;171;6,4;2,3;
2023/07/02;1700 UTC;0;966,1;966,9;966,1;2039,9;25,1;9,5;25,7;24,5;10,3;9,2;40;36;37;206;5,4;2,3;
2023/07/02;1800 UTC;0;966;966,1;965,8;1187,5;23,7;10,9;25,2;23,7;11,8;8,9;45;36;44;118;7,7;4,8;
2023/07/02;1900 UTC;0;966,1;966,1;965,9;398,8;22,8;10,8;23,7;22,8;11,1;10,4;47;44;47;70;7,7;2,9;
2023/07/02;2000 UTC;0;966,3;966,3;966,1;195,1;21,6;10,9;22,8;21,6;11,2;10,7;50;46;50;62;6,6;2,6;
2023/07/02;2100 UTC;0;967,3;967,3;966,3;18,3;20,1;11,5;21,6;20,1;11,5;10,8;58;50;58;69;5;2,8;
2023/07/02;2200 UTC;0;968,1;968,1;967,3;;19,1;12,2;20,1;19;12,2;11,6;65;58;64;47;5,6;3,1;
2023/07/02;2300 UTC;0;968,7;968,7;968,1;;18;12,8;19,2;18;12,8;12,3;72;64;72;62;6,3;2,6;
2023/07/03;0000 UTC;0;969,4;969,4;968,7;;16,8;12,8;18;16,8;12,9;12,7;77;71;77;63;4,7;2;
2023/07/03;0100 UTC;0;969,9;969,9;969,4;;16,9;12,5;17,1;16,8;12,9;12,5;77;75;76;85;5;2,7;
2023/07/03;0200 UTC;0;970,1;970,1;969,8;;15,4;12,4;16,9;15,2;12,5;12,1;83;75;83;309;5;,8;
2023/07/03;0300 UTC;0;970,5;970,5;970,1;;14,8;12,9;16;14,8;12,9;12,2;88;81;88;345;2,7;1,5;
2023/07/03;0400 UTC;0;970,7;970,7;970,3;;15,4;13,8;16;14,8;14;13;90;84;90;286;2,8;,8;
2023/07/03;0500 UTC;0;970,4;970,8;970,4;;14,9;14;15,7;14,9;14,4;13,8;94;90;94;333;2,1;1,1;
2023/07/03;0600 UTC;0;970,5;970,6;970,4;;15,3;14,5;15,4;15;14,5;14;95;94;95;103;2,1;1,1;
2023/07/03;0700 UTC;0;970,7;970,7;970,4;;15,1;14,5;15,3;15,1;14,6;14,4;96;95;96;36;2,3;1,1;
2023/07/03;0800 UTC;0;970,7;970,8;970,6;;15,1;14,7;15,1;15;14,7;14,5;97;96;97;82;2,4;1,2;
2023/07/03;0900 UTC;0;971;971;970,5;;14,8;14,4;15,1;14,7;14,7;14,3;98;97;98;82;2,4;1,3;
2023/07/03;1000 UTC;0;971,8;971,8;971;10,7;14,9;14,6;14,9;14,4;14,6;14;98;98;98;124;2,8;2,2;
2023/07/03;1100 UTC;0;972,2;972,2;971,8;135,6;14,8;14,5;15;14,8;14,6;14,4;98;97;98;63;3,2;1,5;
2023/07/03;1200 UTC;0;972,8;972,9;972,2;681,3;16,5;15,3;16,5;14,7;15,5;14,4;98;93;93;80;3,4;1,4;
2023/07/03;1300 UTC;0;973,1;973,1;972,8;1029,8;17,2;13,6;17,6;16,5;15,9;13,4;93;78;79;291;3,5;1;
2023/07/03;1400 UTC;0;972,8;973,1;972,8;903,9;18,1;12,6;18,4;17,2;13,7;12,5;79;70;71;126;3,1;1,4;
2023/07/03;1500 UTC;0;972,3;972,8;972,3;951,2;19;12,4;19,3;18,1;13,2;11,8;71;64;66;142;3,9;1,7;
2023/07/03;1600 UTC;0;971,2;972,3;971,2;1791,6;20,4;11,3;20,8;18,9;12,7;10,5;66;54;56;108;4,6;1,4;
2023/07/03;1700 UTC;0;970,5;971,2;970,5;1058,9;20,1;11;21,1;19,7;11,7;10,3;59;52;56;16;3;,8;
2023/07/03;1800 UTC;0;970,3;970,5;970,2;1465,7;19,8;11,8;22,3;19,7;11,8;10,2;60;48;60;82;9,1;4,5;
2023/07/03;1900 UTC;0;970,5;970,5;970,2;1180,7;20,1;11,8;20,5;19,8;12,1;11,5;61;57;59;102;9,1;5,4;
2023/07/03;2000 UTC;0;971,4;971,4;970,5;245,8;18,3;10,7;20,2;18,3;11,9;10,6;62;58;62;105;8,9;5,2;
2023/07/03;2100 UTC;0;971,7;971,7;971,4;9,9;17,2;11;18,3;17,2;11;10,7;67;62;67;92;8,1;3,7;
2023/07/03;2200 UTC;0;972,2;972,2;971,7;;16,2;11,1;17,2;16,2;11,3;10,9;72;66;72;79;7;2,3;
2023/07/03;2300 UTC;0;972,7;972,7;972,2;;15,8;10,8;16,2;15,6;11,1;10,8;73;71;72;59;5,9;2;
2023/07/04;0000 UTC;0;973,3;973,3;972,7;;15,6;10,8;15,9;15,6;10,9;10,7;74;71;73;19;4,9;1,7;
2023/07/04;0100 UTC;0;973,5;973,5;973,2;;15,9;10,5;15,9;15,6;10,8;10,4;73;70;71;42;3,3;1,5;
2023/07/04;0200 UTC;0;973,3;973,5;973,3;;15,7;10,9;16;15,7;10,9;10,4;73;70;73;46;2,8;1,8;
2023/07/04;0300 UTC;0;972,8;973,3;972,8;;15,6;10,8;15,8;15,5;11;10,8;74;72;74;66;3,3;1,2;
2023/07/04;0400 UTC;0;972,5;972,9;972,5;;15;11,3;15,6;15;11,3;10,8;78;73;78;96;2,2;1,4;
2023/07/04;0500 UTC;0;972,3;972,6;972,3;;13,7;10,8;15;13,7;11,3;10,8;83;78;83;90;2,4;1,6;
2023/07/04;0600 UTC;0;972,1;972,3;972,1;;12,6;11,4;13,7;12,6;11,7;10,7;92;83;92;98;3,2;2;
2023/07/04;0700 UTC;0;972,2;972,2;972;;11,9;11,3;12,6;11,9;11,6;11,3;96;92;96;88;4,2;2,7;
2023/07/04;0800 UTC;0;972,5;972,5;972,2;;11,4;10,7;11,9;11,3;11,2;10,6;96;95;95;76;3,8;1,7;
2023/07/04;0900 UTC;0;972,9;973;972,5;;10,8;10,2;11,5;10,8;10,8;10;96;95;96;74;2,6;1,3;
2023/07/04;1000 UTC;0;973,4;973,4;972,9;16,8;10,5;10;10,8;10,1;10,2;9,4;97;95;97;107;1,9;1,2;
2023/07/04;1100 UTC;0;974,1;974,1;973,4;403,2;11,7;10,8;11,8;10,4;11;9,9;97;94;94;103;2,1;1,4;
2023/07/04;1200 UTC;0;974,5;974,5;974,1;1156;14,3;10,2;14,3;11,5;11,3;10;94;76;76;101;2,6;1,6;
2023/07/04;1300 UTC;0;974,4;974,6;974,4;1772,5;17,3;11;17,3;14,3;11,5;10,3;78;67;67;114;4,2;2,7;
2023/07/04;1400 UTC;0;973,9;974,4;973,9;2230;18,8;8,7;19,3;17,2;10,9;6,9;67;45;52;114;5,6;3,1;
2023/07/04;1500 UTC;0;972,7;973,9;972,7;2451,2;19,9;7,2;20,5;18,8;8,7;6,6;52;41;44;107;6,2;3,3;
2023/07/04;1600 UTC;0;971,3;972,7;971,3;2429,5;20,9;6,6;21,3;19,7;8;6,2;46;38;39;109;6,4;2,9;
2023/07/04;1700 UTC;0;970,5;971,3;970,5;2198,7;21,9;6,2;22,2;20,7;7,5;5,8;41;36;36;73;7,4;2,7;
2023/07/04;1800 UTC;0;969,9;970,5;969,9;1771,2;22,4;6,6;22,7;21,6;7,1;5;38;33;36;119;5,9;2,4;
2023/07/04;1900 UTC;0;969,8;969,9;969,8;1172,2;22,1;6,7;22,7;22,1;7,3;6;38;34;37;139;6,1;2;
2023/07/04;2000 UTC;0;970,3;970,3;969,9;458,8;20,9;8,1;22,3;20,9;8,3;6,6;44;37;44;127;5,5;2,8;
2023/07/04;2100 UTC;0;970,9;970,9;970,3;12,6;18,3;8,8;20,9;18,3;9;8,1;54;44;54;84;4,5;1,2;
2023/07/04;2200 UTC;0;971,7;971,7;970,9;;16,7;9,7;18,4;16,6;9,8;8,8;64;54;64;73;5,1;2,1;
2023/07/04;2300 UTC;0;972,3;972,3;971,7;;15,9;10,6;16,7;15,6;10,7;9,7;72;64;71;35;3,5;2,7;
2023/07/05;0000 UTC;0;972,5;972,5;972,3;;15,8;10,6;16,1;15,8;10,8;10,4;71;69;71;44;3,8;1,5;
2023/07/05;0100 UTC;0;972,7;972,7;972,5;;13,8;10,6;15,8;13,4;11;9,8;82;71;81;122;2,4;,9;
2023/07/05;0200 UTC;0;972,7;972,7;972,6;;12,2;10,6;13,8;11,9;10,6;9,6;90;80;90;30;2,3;1,5;
2023/07/05;0300 UTC;0;972,7;972,7;972,7;;12;10,2;13,1;12;11,5;10,2;91;87;89;91;2;,7;
2023/07/05;0400 UTC;0;972,6;972,7;972,6;;11,4;10,1;12;11,4;10,7;10,1;93;89;92;99;1,7;,9;
2023/07/05;0500 UTC;0;972,4;972,6;972,4;;10,6;9,5;11,4;10,6;10,1;9,4;94;92;93;81;2;1;
2023/07/05;0600 UTC;0;972,7;972,7;972,4;;10,2;9,5;10,6;10;9,6;9;95;93;95;22;1,6;,5;
2023/07/05;0700 UTC;0;973;973;972,7;;10,1;9,1;10,5;10,1;9,8;9,1;96;93;93;100;1,6;1,2;
2023/07/05;0800 UTC;,2;973,3;973,3;973;;9,3;8,5;10,1;9,1;9,1;8,1;95;92;95;95;1,7;,6;
2023/07/05;0900 UTC;0;973,4;973,5;973,3;;8,9;8,3;9,3;8,6;8,6;7,8;97;94;96;264;1,1;,1;
2023/07/05;1000 UTC;0;973,7;973,7;973,3;16,4;8,7;8,1;8,9;8,2;8,4;7,7;97;96;96;113;1,5;,7;
2023/07/05;1100 UTC;0;974,1;974,1;973,7;403;10,5;9,4;10,7;8,7;9,8;8,1;96;93;93;183;1,8;,4;
2023/07/05;1200 UTC;0;974,5;974,5;974,1;1161,6;13,7;10,6;13,7;10,5;10,6;9,1;94;77;82;275;1,6;,7;
2023/07/05;1300 UTC;0;974,4;974,6;974,4;1769,2;16,2;10,4;16,8;13,6;11,4;10,2;82;67;69;113;3,7;2,3;
2023/07/05;1400 UTC;0;973,7;974,4;973,7;2227,3;17,7;9,9;17,9;16;10,8;9,7;70;60;60;58;4,5;2,2;
2023/07/05;1500 UTC;0;972,8;973,7;972,7;2435,6;18,9;10,4;19;17,3;10,5;9,5;63;56;58;135;4,8;1,7;
2023/07/05;1600 UTC;0;971,7;972,8;971,7;2408,1;21,1;10,7;21,1;18,9;11,2;9,7;58;50;51;102;4;1,3;
2023/07/05;1700 UTC;0;970,7;971,7;970,7;2169,4;22,1;10,7;22,5;20,5;11;9,7;53;46;49;259;3,6;1,7;
2023/07/05;1800 UTC;0;969,9;970,7;969,9;1736,2;22,4;10,8;22,8;21,4;11;10;50;46;48;252;4,5;1,4;
2023/07/05;1900 UTC;0;969,2;969,9;969,2;1144,7;22,5;10,2;22,9;22,3;10,8;9,9;48;45;46;16;4,1;1,7;
2023/07/05;2000 UTC;0;968,9;969,2;968,9;447,3;21,4;10,6;22,6;21,4;10,8;10,2;50;46;50;14;3,4;1,2;
2023/07/05;2100 UTC;0;969,1;969,2;968,9;13,1;17,3;11,9;21,4;17,3;12,4;10,6;71;50;70;341;2,9;1,9;
2023/07/05;2200 UTC;0;969,4;969,4;969,1;;16,4;11,9;17,4;16,4;12;10,9;75;67;75;295;2,9;,5;
2023/07/05;2300 UTC;0;970,3;970,3;969,4;;14,2;10,9;16,4;14,2;11,8;10,7;81;70;81;308;2,2;1,7;
2023/07/06;0000 UTC;0;971,1;971,1;970,3;;13,7;11,2;15,1;13,3;11,7;10,5;88;77;85;325;2,3;1,8;
2023/07/06;0100 UTC;0;971,2;971,2;971,1;;12,5;11;14,3;12,5;12,3;10,7;91;83;90;84;2,2;,3;
2023/07/06;0200 UTC;0;971,2;971,4;971,2;;13,1;12;13,4;12,1;12,2;10,8;94;90;93;86;1,2;,7;
2023/07/06;0300 UTC;0;971;971,2;970,9;;12,4;11,3;13,1;11,9;12;10,8;95;92;94;125;1,7;,8;
2023/07/06;0400 UTC;0;970,7;971;970,7;;11,2;10,7;12,4;11;11,3;10,1;97;92;97;317;1,8;,9;
2023/07/06;0500 UTC;0;970,4;970,7;970,4;;11,4;10,9;11,7;10,7;11,3;10,1;97;96;97;131;2,2;,7;
2023/07/06;0600 UTC;0;970,1;970,4;970;;10,4;10;11,4;9,8;10,9;9,3;98;95;98;9;1,5;,6;
2023/07/06;0700 UTC;0;970,1;970,1;969,8;;9,8;9,4;10,7;9,1;10,3;8,7;98;96;98;327;1,3;,9;
2023/07/06;0800 UTC;0;970,3;970,3;970,1;;9;8,6;9,9;8,6;9,5;8,2;98;97;97;25;1,4;,4;
2023/07/06;0900 UTC;0;970,6;970,7;970,3;;8,4;8;9,3;8,1;8,9;7,7;98;97;98;155;1,7;,6;
2023/07/06;1000 UTC;0;970,8;970,9;970,7;15,1;8,2;7,9;8,8;8;8,4;7,7;98;98;98;354;1,7;1,3;
2023/07/06;1100 UTC;,2;971,4;971,4;970,8;233,3;9,2;8,9;9,2;8,2;8,9;8;98;98;98;329;1,7;,7;
2023/07/06;1200 UTC;0;971,7;971,7;971,4;608,8;11;10,7;11;9,2;10,7;9;98;98;98;132;1,5;,5;
2023/07/06;1300 UTC;0;971,5;971,7;971,5;1674,8;14,9;14,5;14,9;10,8;14,5;10,5;99;98;98;28;2,5;,7;
2023/07/06;1400 UTC;0;970,8;971,5;970,8;2186,4;18,7;11,9;18,8;14,9;15,1;11,5;98;64;65;332;3,2;1;
2023/07/06;1500 UTC;0;969,7;970,8;969,7;2415,8;20,2;9,9;20,5;18,6;12,6;9,4;66;50;52;94;3,3;1,2;
2023/07/06;1600 UTC;0;968,3;969,7;968,3;2385,2;23,3;10,2;23,3;20,2;10,8;9,5;52;43;44;306;3,9;1,2;
2023/07/06;1700 UTC;0;967,4;968,3;967,4;2138,6;23,5;7,9;24,2;22,2;10,1;7,9;45;36;37;151;4;1,2;
2023/07/06;1800 UTC;0;966,8;967,4;966,8;1704,4;24,6;8,4;24,6;23,4;9,3;7,5;39;35;36;357;3,2;1,1;
2023/07/06;1900 UTC;0;966,5;966,8;966,5;1124,1;24,3;8,6;25,2;24,2;9,1;8;37;35;37;305;4;2,6;
2023/07/06;2000 UTC;0;966,5;966,6;966,4;435,5;22,3;9,7;24,4;22,3;9,8;8,1;45;36;45;318;4,1;1,7;
2023/07/06;2100 UTC;0;966,7;966,7;966,4;14,3;18,3;11,5;22,3;18,3;11,5;9,7;65;45;65;283;3,2;1;
2023/07/06;2200 UTC;0;967;967;966,6;;16,5;10,3;18,3;16,5;11,6;10,1;67;60;67;342;2,3;1,6;
2023/07/06;2300 UTC;0;967,6;967,6;967;;15,3;10,6;17;15,2;11,2;10,3;73;66;73;301;2,5;,8;
2023/07/07;0000 UTC;0;967,8;967,8;967,6;;14,6;10,3;15,5;14,1;10,6;10,1;78;72;76;306;1,9;,4;
2023/07/07;0100 UTC;0;968,3;968,3;967,8;;12,7;10;14,6;12,6;10,6;9,8;84;76;84;315;1,8;1,2;
2023/07/07;0200 UTC;0;968,5;968,5;968,3;;12;10,7;12,7;11,7;11;10;92;84;92;328;2;1;
2023/07/07;0300 UTC;0;968,2;968,5;968,1;;12,5;10,4;12,7;11,4;11,2;10,1;93;87;87;151;1,9;1,3;
2023/07/07;0400 UTC;0;968,1;968,2;968,1;;10,6;9,4;12,4;10,6;10,8;9,4;93;86;92;29;2;,4;
2023/07/07;0500 UTC;0;967,9;968,1;967,9;;10,1;9,4;10,9;10;10,2;9,2;96;92;95;304;1,5;,8;
2023/07/07;0600 UTC;0;967,8;967,9;967,7;;10,4;9,9;10,7;9,2;10,1;8,3;97;94;97;304;1,4;,5;
2023/07/07;0700 UTC;0;967,4;967,9;967,4;;10,1;9,7;10,4;9,2;9,9;8,6;97;95;97;333;1,7;1,1;
2023/07/07;0800 UTC;0;967,8;967,8;967,3;;8,3;7,7;10,2;8,3;9,8;7,7;97;95;96;49;1,9;,6;
2023/07/07;0900 UTC;0;968,1;968,1;967,7;;8,6;8,2;9,1;8,3;8,6;7,8;97;96;97;312;1,2;,7;
2023/07/07;1000 UTC;0;968,7;968,7;968,1;16,4;8,5;8,1;9,1;8,5;8,8;8,1;98;97;97;140;1,4;1;
2023/07/07;1100 UTC;0;969,3;969,3;968,7;397,1;9,3;8,7;9,7;8,5;9,2;7,9;97;96;96;226;2,2;,4;
2023/07/07;1200 UTC;0;969,8;969,8;969,3;1145,6;12,6;11,4;12,6;9,3;11,4;8,7;96;92;92;266;1,5;,5;
2023/07/07;1300 UTC;0;969,7;969,9;969,7;1740,9;16,8;11,3;16,8;12,6;11,6;10,2;92;69;70;329;2,4;1;
2023/07/07;1400 UTC;0;968,9;969,7;968,9;2182,8;19,5;10,5;19,7;16,8;11,1;10,2;70;56;56;270;2,9;1,3;
2023/07/07;1500 UTC;0;967,9;969;967,9;2417,7;21,9;8,3;22,3;19,4;10,8;7,9;57;41;42;234;3;1,3;
2023/07/07;1600 UTC;0;966,7;967,9;966,7;2411,8;24,3;6,3;24,3;21,9;9,2;6,1;42;31;31;56;3;1;
2023/07/07;1700 UTC;0;965,7;966,7;965,7;2157,8;25,3;5,4;25,4;24,1;6,6;4,8;32;27;28;290;3,6;1,7;
2023/07/07;1800 UTC;0;965,1;965,7;965,1;1716,6;25,6;4,9;26,3;25,1;5,7;4,2;28;25;26;10;2,9;,8;
2023/07/07;1900 UTC;0;964,8;965,1;964,8;1086,7;25,5;3,2;26;25,2;5,3;3,2;27;23;24;41;2,6;1,1;
2023/07/07;2000 UTC;0;965;965;964,8;419,2;23,6;7,6;25,6;23,6;7,7;3,6;36;24;36;333;2,6;1,1;
2023/07/07;2100 UTC;0;965,4;965,4;965;15,3;19,1;10,2;23,5;19,1;10,5;7,5;56;36;56;337;3,4;2,1;
2023/07/07;2200 UTC;0;965,9;965,9;965,4;;18,3;10,2;19,1;18;10,8;9,5;61;55;59;43;3,4;1,3;
2023/07/07;2300 UTC;0;966,3;966,4;965,9;;16,8;10,4;18,3;16,8;10,5;10,1;66;59;66;93;2,2;,5;
2023/07/08;0000 UTC;0;966,4;966,4;966,2;;15;10,2;16,8;14,9;10,3;9,8;74;66;73;272;1,9;,5;
2023/07/08;0100 UTC;0;966,6;966,7;966,4;;13,4;10,2;15;13;10,3;9,9;82;73;81;318;2;1,5;
2023/07/08;0200 UTC;0;966,2;966,6;966,2;;13,4;9,8;13,9;12,8;10,3;9,7;82;77;79;135;2;1,1;
2023/07/08;0300 UTC;0;966,1;966,3;966,1;;11,3;10,1;13,4;11;10,7;8,8;92;79;92;321;1,7;1,2;
2023/07/08;0400 UTC;0;965,6;966,1;965,6;;11,3;9,9;12;10,7;10,8;9,7;94;90;91;295;2,3;,4;
2023/07/08;0500 UTC;0;965,5;965,7;965,5;;9,6;8,8;11,9;9,6;10,6;8,3;95;86;94;305;1,6;,8;
2023/07/08;0600 UTC;0;965;965,5;965;;9,6;8,7;11,1;9,6;10,4;8,7;97;94;94;46;1,4;,7;
2023/07/08;0700 UTC;0;965,2;965,2;964,9;;9;8,5;10,3;8,6;9,7;7,8;97;92;97;291;2,1;,8;
2023/07/08;0800 UTC;0;965,7;965,7;965,2;;9,4;9;9,4;8,3;9;7,7;98;96;98;14;2,4;,9;
2023/07/08;0900 UTC;0;965,8;965,8;965,7;;8,8;8;9,9;8,7;9,4;7,8;98;93;95;52;2,2;,7;
2023/07/08;1000 UTC;0;966,3;966,3;965,8;12,1;8,3;7,8;9,2;8;8,7;7,3;97;95;97;320;1,8;,6;
2023/07/08;1100 UTC;0;966,6;966,6;966,3;387,2;10,9;10,4;10,9;7,9;10,4;7,4;98;96;97;23;2,5;1;
2023/07/08;1200 UTC;0;966,7;966,9;966,6;1072,6;14,2;10,7;14,2;10,9;11,5;9,9;97;79;79;348;1,8;,5;
2023/07/08;1300 UTC;0;966;966,7;965,9;1730,7;17,1;11;17,1;14,2;11,8;10,7;82;68;68;243;3,3;1,8;
2023/07/08;1400 UTC;0;965,5;966;965,5;2170,3;21,1;9,3;21,1;17;11;8,4;68;45;47;316;3,4;1,7;
2023/07/08;1500 UTC;0;964,5;965,5;964,5;2256,2;24,6;10;24,6;21;10,6;8,5;48;40;40;294;3,7;1,6;
2023/07/08;1600 UTC;0;963,3;964,5;963,3;2360,2;25,8;8,9;26,1;23,9;9,6;8,5;40;34;34;270;3,5;1,3;
2023/07/08;1700 UTC;0;962,7;963,3;962,7;2119,1;27,3;8;27,5;25,6;8,9;6,3;34;28;30;205;3,5;1,3;
2023/07/08;1800 UTC;0;962,1;962,7;962,1;1696,6;28,2;7,2;28,6;27;8,2;6,6;30;26;27;259;3,4;,9;
2023/07/08;1900 UTC;0;962,1;962,2;961,9;1150,4;27,6;8,2;29;27,6;8,8;7,1;30;27;30;360;3,9;2,5;
2023/07/08;2000 UTC;0;962,8;962,8;962,1;441,1;25,6;9,8;27,6;25,6;10,2;8,1;37;29;37;20;3,8;1,3;
2023/07/08;2100 UTC;0;963,2;963,2;962,7;19,4;21;12,1;25,6;21;12,2;9,8;57;37;57;335;3;1,7;
2023/07/08;2200 UTC;0;963,3;963,3;963;;21,1;11,7;22,1;20,7;12,6;11;60;51;55;276;2,5;,7;
2023/07/08;2300 UTC;0;964;964;963,3;;18,7;11,6;21,1;18,1;12,9;11,4;70;55;64;279;2,4;1;
2023/07/09;0000 UTC;0;964,4;964,4;964;;17;12,1;18,9;15,9;12,3;11,2;76;62;73;327;2,3;1,1;
2023/07/09;0100 UTC;0;964,5;964,7;964,4;;17,2;11,2;17,7;15,9;12,2;11,2;78;66;68;240;2,5;,8;
2023/07/09;0200 UTC;0;964,7;964,8;964,4;;15,9;11,6;17,2;15,3;11,8;11;78;68;76;286;3,2;1,4;
2023/07/09;0300 UTC;0;964,4;964,8;964,3;;16,7;11,7;16,7;15,6;11,9;11,5;77;72;72;338;2,8;,9;
2023/07/09;0400 UTC;0;964,8;964,8;964,4;;16,1;12,1;16,8;15,5;12,1;11,7;80;72;77;275;2,3;1;
2023/07/09;0500 UTC;0;964,7;964,9;964,6;;17,1;12,1;17,1;15,8;12,4;12;79;73;73;125;2,2;1;
2023/07/09;0600 UTC;0;964,7;964,8;964,5;;15,8;12,6;17,2;15,6;12,6;12;82;72;81;10;3,4;1;
2023/07/09;0700 UTC;0;965,1;965,3;964,7;;17;12,9;17;15,8;12,9;12,5;81;76;77;49;4,8;1,9;
2023/07/09;0800 UTC;0;965,5;965,5;965;;16,9;12,9;17;16,2;13,1;12,6;81;76;78;112;4,8;2;
2023/07/09;0900 UTC;0;966,7;966,7;965,5;;15,5;13,3;16,9;15,5;13,3;12,6;87;78;87;354;3,4;2,4;
2023/07/09;1000 UTC;0;967,6;967,7;966,7;7,9;15,9;14,1;16,5;15,4;14,1;13;89;81;89;354;3,1;1,9;
2023/07/09;1100 UTC;0;969;969;967,6;99,9;16,4;14,8;17,4;15,9;14,8;13,3;90;78;90;179;3,2;1,4;
2023/07/09;1200 UTC;,6;968,9;969,1;968,7;405,5;17,1;16,1;17,1;16;16,1;14,8;95;90;94;235;4;1,3;
2023/07/09;1300 UTC;0;968,6;968,9;968,5;555,5;18,3;15;18,3;17,1;16,4;15;94;81;81;163;3,1;1;
2023/07/09;1400 UTC;0;968,5;968,8;968,3;367,9;18,2;16,6;18,6;18,2;16,6;14,7;90;78;90;23;2,3;1,4;
2023/07/09;1500 UTC;0;967,9;968,7;967,9;654,2;19,4;15,4;19,4;18,2;16,9;15;91;76;78;42;3,8;1,1;
2023/07/09;1600 UTC;0;967,1;967,9;967,1;522;19,5;14,7;19,8;19,2;15,3;14,2;78;72;74;112;2,6;1,4;
2023/07/09;1700 UTC;0;967,1;967,2;966,7;416,3;19,6;14,8;20,1;19,5;15,1;14,2;74;70;74;177;2,1;1,1;
2023/07/09;1800 UTC;0;966,9;967,2;966,9;259,1;19,5;17,1;19,7;19,4;17,1;14,9;86;74;86;37;2,5;1,2;
2023/07/09;1900 UTC;0;966,9;967;966,9;321,6;19,4;16,6;19,5;19,3;17,5;16,3;89;83;84;348;1,8;,8;
2023/07/09;2000 UTC;0;967,5;967,5;967;139,4;19;17,3;19,4;19;17,4;16,5;90;83;90;332;1,9;1,2;
2023/07/09;2100 UTC;0;968,1;968,1;967,4;6,3;18,6;17,1;19;18,6;17,3;17;92;90;91;235;1,8;,6;
2023/07/09;2200 UTC;0;968,5;968,5;968,1;;18,5;17,2;18,8;18,5;17,2;17;92;91;92;59;2,7;1,3;
2023/07/09;2300 UTC;0;969,2;969,2;968,5;;18,4;17,1;18,6;18,4;17,3;17,1;93;92;92;51;4;2;
2023/07/10;0000 UTC;0;969;969,4;969;;18,2;16,7;18,4;18,2;17;16,7;92;91;91;53;4;2,2;
2023/07/10;0100 UTC;0;969,4;969,4;969;;18,1;16,4;18,2;18;16,7;16,4;91;90;90;93;4,1;1,1;
2023/07/10;0200 UTC;0;969,2;969,4;969,1;;17,8;16,3;18,1;17,8;16,4;16,3;91;90;91;80;3,1;2;
2023/07/10;0300 UTC;0;969,1;969,3;969,1;;18;15,2;18;17,7;16,3;15,2;91;84;84;93;4,4;2,3;
2023/07/10;0400 UTC;0;969,3;969,3;969,1;;17,3;16;18;17,2;16;15,1;92;83;92;360;3,7;1,1;
2023/07/10;0500 UTC;0;969,1;969,4;969;;17,7;16;17,7;17,3;16,2;16;92;90;90;30;1,8;,8;
2023/07/10;0600 UTC;0;968,8;969,1;968,8;;17,5;16,2;17,8;17,2;16,2;15,8;92;89;92;67;1,3;,5;
2023/07/10;0700 UTC;0;968,8;968,9;968,5;;17,5;16,2;17,5;17,3;16,2;16;93;92;92;111;1,8;,9;
2023/07/10;0800 UTC;0;968,7;969;968,6;;17,5;16,2;17,5;17,4;16,3;16,2;93;92;92;107;3,2;2,1;
2023/07/10;0900 UTC;0;968,9;968,9;968,5;;17,2;16,3;17,5;17,2;16,3;16,2;94;92;94;44;3,1;,5;
2023/07/10;1000 UTC;0;969;969,1;968,8;4,9;17,3;16,4;17,3;17,2;16,5;16,3;95;94;95;35;2;1,3;
2023/07/10;1100 UTC;0;969,3;969,4;969;161,7;18;16,9;18;17,3;17;16,5;95;93;93;53;1,9;,7;
2023/07/10;1200 UTC;0;969,6;969,6;969,2;293,4;18,3;16,5;18,3;17,9;16,9;16,4;93;89;89;96;2,3;1,1;
2023/07/10;1300 UTC;0;969,3;969,7;969,3;566,4;19,4;15,9;19,4;18,2;16,8;15,6;89;80;80;62;2,9;1,4;
2023/07/10;1400 UTC;0;968,8;969,4;968,7;654,7;19,9;15,2;20,1;19,2;15,9;15,2;80;75;75;56;2,8;1,4;
2023/07/10;1500 UTC;0;967,8;968,9;967,8;1303,4;21,2;15,4;21,3;19,9;16,2;15,1;76;68;70;129;3;1;
2023/07/10;1600 UTC;0;966,8;967,8;966,8;1342,8;21,8;15,5;22;20,9;15,9;15;70;66;67;281;3,4;1,6;
2023/07/10;1700 UTC;0;966,3;966,8;966,3;603;21,3;15,6;21,8;21,1;15,9;15,1;72;67;70;250;4,1;2,3;
2023/07/10;1800 UTC;0;965,3;966,3;965,3;1163,2;22,2;15,8;22,7;21,3;16,1;15,4;71;65;67;359;3,5;1,3;
2023/07/10;1900 UTC;0;965,4;965,4;965,2;546;21,9;16,1;22,3;21,9;16,1;15,6;69;67;69;320;3;1,4;
2023/07/10;2000 UTC;0;965,5;965,7;965,4;279,8;21,4;16,4;21,9;21,4;16,5;16,1;73;69;73;5;2,7;1;
2023/07/10;2100 UTC;0;965,8;966;965,5;15,4;20,7;16,4;21,4;20,6;16,5;16,2;77;73;77;40;2,7;,9;
2023/07/10;2200 UTC;0;966,4;966,4;965,8;;20,1;16,5;20,7;19,8;16,7;16,2;82;77;80;123;2,2;,7;
2023/07/10;2300 UTC;0;966,4;966,7;966,4;;19;17,8;20,1;18,5;17,8;16,1;93;80;93;64;2,2;,7;
2023/07/11;0000 UTC;0;966,7;966,7;966,4;;17,6;16,7;19,3;17,6;17,9;16,7;95;90;95;289;2,2;1;
2023/07/11;0100 UTC;0;966,8;967,1;966,5;;17,6;17;17,6;17,2;17,1;16,5;97;95;97;338;2,5;1,1;
2023/07/11;0200 UTC;0;966,9;967,1;966,7;;17,3;16,6;17,8;16,8;17,1;15,9;97;94;96;85;1,8;,6;
2023/07/11;0300 UTC;0;966,7;966,9;966,7;;16,5;16,1;17,3;16,1;16,7;15,5;98;95;98;357;1,2;,9;
2023/07/11;0400 UTC;0;966,3;966,7;966,3;;16,4;16;17;16,4;16,6;16;98;97;97;96;2,9;1,3;
2023/07/11;0500 UTC;0;966,4;966,7;966,3;;15,7;15,4;16,4;15,2;16;14,9;98;97;98;344;2,5;1,7;
2023/07/11;0600 UTC;0;966,2;966,5;966,2;;15,1;14,7;16,2;15,1;15,9;14,6;98;97;97;14;2,4;,8;
2023/07/11;0700 UTC;0;966,2;966,3;966,1;;14,9;14,6;15,6;14,9;15,3;14,6;98;98;98;191;2,1;,8;
2023/07/11;0800 UTC;0;966,1;966,2;966,1;;14,4;14,1;15;14,3;14,7;14;98;98;98;360;1,7;1;
2023/07/11;0900 UTC;0;966,6;966,6;966,1;;14,8;14,6;14,9;14,3;14,6;14,1;98;98;98;263;1,4;,7;
2023/07/11;1000 UTC;0;966,9;967;966,5;12,4;14,7;14,4;14,8;14,5;14,5;14,2;98;98;98;343;1,7;,6;
2023/07/11;1100 UTC;0;967,3;967,3;966,9;180,6;15,4;15,1;15,5;14,7;15,1;14,4;98;98;98;96;2,3;1,4;
2023/07/11;1200 UTC;0;967,6;967,6;967,2;624,2;16;15,6;16;15,3;15,7;15;98;98;98;119;2,3;,9;
2023/07/11;1300 UTC;,2;967,8;967,8;967,6;1272,8;18,1;17,9;18,1;16;17,9;15,8;98;97;98;301;1,9;1;
2023/07/11;1400 UTC;0;966,8;967,8;966,8;2016,2;23,4;17,8;23,4;18,1;20;17,3;99;71;71;236;2,7;,6;
2023/07/11;1500 UTC;0;965,8;966,8;965,8;2135,4;24,5;15,3;24,9;23,2;17,5;15,3;71;56;57;157;3;1,7;
2023/07/11;1600 UTC;0;964,7;965,8;964,7;2300,2;26,2;14,9;27,3;24,5;16,2;14,9;58;49;50;170;3,5;1,7;
2023/07/11;1700 UTC;0;963,7;964,7;963,7;1739;27,8;14,8;27,8;25,9;15,3;14,2;50;44;45;181;3,5;1;
2023/07/11;1800 UTC;0;963;963,7;963;1264;29,1;14;29,2;27,3;14,9;13,5;45;39;40;182;4,5;1,1;
2023/07/11;1900 UTC;0;962,8;963;962,8;971,8;28,6;13,6;29,7;28,6;14;12,7;40;36;40;338;3,1;1;
2023/07/11;2000 UTC;0;962,9;962,9;962,8;271,5;25,8;15,9;28,7;25,8;16,1;13,6;54;40;54;352;2,9;1,7;
2023/07/11;2100 UTC;0;963,4;963,4;962,9;15,6;23,9;16,9;25,8;23,9;17,4;15,9;66;55;65;195;2,5;,4;
2023/07/11;2200 UTC;0;964;964;963,4;;22,4;16,6;24;21,9;17,1;16,3;72;63;70;41;4,5;2,4;
2023/07/11;2300 UTC;0;964,9;964,9;964;;22,4;16,5;23;21,6;17;16,1;72;68;69;41;4,8;3,1;
2023/07/12;0000 UTC;0;965,3;965,3;964,9;;21,6;17,1;22,4;21,6;17,1;16,5;76;69;76;48;4,6;2,7;
2023/07/12;0100 UTC;0;965,5;965,5;965,3;;20,6;17;21,6;20,6;17,2;17;80;76;80;42;4,8;2,8;
2023/07/12;0200 UTC;0;965,2;965,6;965,2;;20,3;16,8;20,6;20,1;17;16,7;81;80;81;33;3,8;2,4;
2023/07/12;0300 UTC;0;965,1;965,2;965;;18,9;17,2;20,4;18,9;17,3;16,2;90;80;90;107;3,1;1,5;
2023/07/12;0400 UTC;0;964,9;965,2;964,9;;18,3;17,2;18,9;18,1;17,3;16,8;93;90;93;33;2,3;1,8;
2023/07/12;0500 UTC;0;965;965,1;964,9;;17,8;17;18,3;17,5;17,2;16,5;95;93;95;90;2,6;1,5;
2023/07/12;0600 UTC;0;964,9;965;964,9;;17,3;16,9;17,8;16,8;17;16,2;97;94;97;74;4;2,2;
2023/07/12;0700 UTC;0;964,8;964,9;964,8;;17,9;17,5;17,9;17,3;17,5;16,9;98;97;98;47;3,5;1,4;
2023/07/12;0800 UTC;0;964,5;964,9;964,5;;18;17,6;18,1;17,9;17,7;17,5;98;97;97;10;2,5;1,3;
2023/07/12;0900 UTC;0;964,4;964,5;964,3;;17,9;17,4;18,2;17,9;17,7;17,4;97;97;97;303;1,9;,6;
2023/07/12;1000 UTC;0;964,3;964,4;964,2;5,3;17,8;17,4;17,9;17,8;17,4;17,3;97;97;97;282;1,2;,4;
2023/07/12;1100 UTC;0;964,6;964,6;964,2;120,1;18,4;17,9;18,5;17,8;18;17,3;97;97;97;318;,9;,4;
2023/07/12;1200 UTC;0;964,9;964,9;964,6;262,4;19;17,6;19,2;18,4;18,2;17,6;97;91;91;95;2,7;1,7;
2023/07/12;1300 UTC;0;964,9;965;964,9;407,2;19,4;17,8;19,5;18,9;17,9;17,4;92;90;90;74;3,2;1,4;
2023/07/12;1400 UTC;0;964,2;965;964,2;868,8;20,8;16,9;20,8;19,3;18,1;16,7;91;79;79;287;2,8;1,2;
2023/07/12;1500 UTC;0;963;964,2;963;1784,4;23,4;16,8;23,4;20,4;17,2;16,7;81;66;67;58;3;1,2;
2023/07/12;1600 UTC;0;961,5;963;961,5;2371,1;26,5;16,8;26,6;23,3;17,4;16,2;67;55;55;115;5,6;1,2;
2023/07/12;1700 UTC;0;960,3;961,5;960,3;2034,5;27,9;16,9;27,9;25,6;17,1;16;57;49;51;341;5,6;,9;
2023/07/12;1800 UTC;0;959,6;960,3;959,6;1412;27,2;16,5;28,6;26,9;17,3;16,2;54;49;52;279;3,2;1,6;
2023/07/12;1900 UTC;0;959,3;959,6;959,3;787;26,4;17,3;28,1;26,3;17,9;16,5;57;52;57;14;3,5;1,6;
2023/07/12;2000 UTC;0;959,4;959,5;959,3;349,5;25,2;17,3;27,2;25,2;17,7;16,7;62;54;62;23;2,9;1,8;
2023/07/12;2100 UTC;0;959,4;959,5;959,4;19,2;22,6;18,1;25,2;22,5;18,1;17,3;76;62;76;307;2,5;,9;
2023/07/12;2200 UTC;0;959,4;959,5;959,3;;22,4;17,2;23,1;22,1;18,1;16,3;76;68;72;74;1,7;,8;
2023/07/12;2300 UTC;0;959,4;959,6;959,4;;19,7;15,5;22,4;19,7;17,3;15,4;81;72;76;84;2,1;,8;
2023/07/13;0000 UTC;0;959,3;959,4;959,2;;19,5;17;20,4;18,8;17,6;15,3;87;76;85;8;2,1;1;
2023/07/13;0100 UTC;0;959,3;959,4;959,2;;18;14,6;20,4;18;17;14,5;85;74;80;18;2,4;,6;
2023/07/13;0200 UTC;0;959,6;959,7;959,2;;16,3;14,8;18,7;16,2;15,3;13,8;91;80;91;289;3,6;1,8;
2023/07/13;0300 UTC;0;959,3;959,7;959;;16,1;14,3;17,2;15,7;15,8;14,2;92;87;89;281;4,6;1,5;
2023/07/13;0400 UTC;0;958,9;959,4;958,8;;16,1;15,2;16,9;15,5;15,6;14;94;88;94;292;3,5;,9;
2023/07/13;0500 UTC;0;958,4;958,9;958,3;;15,7;14,7;17;15,3;15,6;13,8;95;86;94;220;3,1;1,1;
2023/07/13;0600 UTC;0;958,5;959,2;958,4;;15,6;14,9;16;15;15,3;14,1;96;93;96;13;5,6;2,4;
2023/07/13;0700 UTC;0;958,2;959,1;958,2;;16,7;13,5;17,8;15,4;16;13,5;96;80;81;321;5,6;2,9;
2023/07/13;0800 UTC;0;958,1;958,5;957,9;;16,2;15,2;17;15,9;15,2;13,7;93;81;93;112;5,5;2,6;
2023/07/13;0900 UTC;0;958,8;958,8;957,2;;17,6;13,4;18,7;15,6;15,3;13,3;94;73;76;277;11,5;4,1;
2023/07/13;1000 UTC;0;958,5;959,1;958,4;23,8;17;13,7;18,6;16,3;14,4;12,9;88;70;81;86;11,5;2,1;
2023/07/13;1100 UTC;0;958,6;958,9;958,1;411,4;18,6;14,6;18,6;17;14,6;13,4;81;76;77;347;5,4;2,2;
2023/07/13;1200 UTC;0;958,6;958,9;958,3;1136;23,3;13,6;23,3;18,6;14,9;12,8;77;54;55;119;6;2,5;
2023/07/13;1300 UTC;0;958,5;958,7;958,5;1698,2;28,8;11,6;28,8;23,3;13,9;10,8;55;33;35;180;4,6;,9;
2023/07/13;1400 UTC;0;957,8;958,5;957,7;2175,9;31,7;10,1;31,7;28,5;12,3;10,1;36;27;27;219;4,2;2,5;
2023/07/13;1500 UTC;0;956,8;957,8;956,8;2379,9;32,7;8,1;32,9;31,1;10,6;8,1;28;22;22;264;9,1;1,9;
2023/07/13;1600 UTC;0;955,9;956,8;955,8;2386,7;33,1;8,9;33,5;32,1;9,3;7,2;24;20;22;299;10,3;4;
2023/07/13;1700 UTC;0;955,4;955,9;955,3;2166,8;33,6;7,6;33,6;32,2;10,1;7,1;25;20;20;319;9,3;1,6;
2023/07/13;1800 UTC;0;955,3;955,4;955;1762,5;32,1;9,4;33,9;32;9,5;7,7;25;20;25;316;12,1;7,3;
2023/07/13;1900 UTC;0;956;956;955,2;973,3;31;8,9;32,7;30,7;9,9;7,2;27;21;25;286;11,4;4,5;
2023/07/13;2000 UTC;0;957;957;956;207,1;28,3;9,6;31,3;28,3;9,9;8,8;31;25;31;298;7,8;2,2;
2023/07/13;2100 UTC;0;957,7;957,7;957;14,2;24,5;11,1;28,4;24,5;11,1;9,6;43;31;43;296;4,3;2,5;
2023/07/13;2200 UTC;0;958,4;958,4;957,7;;25,6;10;26,4;24,5;11,4;10;44;36;37;327;4,3;1,5;
2023/07/13;2300 UTC;0;958,5;958,7;958,2;;25,9;10;26,1;22,3;11;9,9;49;37;37;265;3;1,2;
2023/07/14;0000 UTC;0;959,1;959,1;958,5;;21,5;12,3;26,3;20,1;12,6;10;62;36;56;15;3;1,1;
2023/07/14;0100 UTC;0;959,8;959,8;959,1;;20,8;13,2;21,7;19,3;13,4;12,4;69;56;62;242;3;,8;
2023/07/14;0200 UTC;0;960,6;960,6;959,8;;20,5;13,3;20,9;18,9;14;13,2;71;61;64;57;5;1,9;
2023/07/14;0300 UTC;0;961,6;961,7;960,5;;20,3;14,8;20,8;19,7;14,8;13,3;71;63;71;81;9,1;2,9;
2023/07/14;0400 UTC;,8;963,2;963,2;961,6;;18,1;16,2;20,3;18,1;16,2;14,8;89;71;89;308;8,5;2,1;
2023/07/14;0500 UTC;1,4;962,9;963,7;962,9;;18,1;12,6;18,8;18,1;16,8;11,8;91;66;70;23;4,3;1,6;
2023/07/14;0600 UTC;,4;963,3;963,4;961,8;;16,4;10,9;18,1;16,4;13,6;10,5;81;66;70;215;4,8;1,8;
2023/07/14;0700 UTC;0;962,9;963,4;962,2;;15;13,2;16,4;14,9;13,2;11;89;70;89;344;3,2;1,2;
2023/07/14;0800 UTC;0;963,6;963,6;962,4;;14,7;13,7;15,6;14,5;13,8;12,2;94;81;94;178;2,4;1,3;
2023/07/14;0900 UTC;0;964,1;964,2;962,8;;14,2;13,2;15,3;14,2;13,8;13,2;94;90;94;340;2,4;1,4;
2023/07/14;1000 UTC;0;964,8;964,8;964,1;11,9;14;13,3;14,4;13,9;13,5;13,3;96;94;96;301;2,7;1,7;
2023/07/14;1100 UTC;0;965,9;965,9;964,8;247,1;14,9;14,4;14,9;13,8;14,4;13,2;97;96;97;313;2,8;1,1;
2023/07/14;1200 UTC;0;966,9;966,9;965,9;1116,4;17,5;12,6;17,5;14,8;15,1;12,5;97;73;73;341;3;,7;
2023/07/14;1300 UTC;0;967;967,1;966,9;1738,5;18,9;10,7;18,9;17,5;12,8;10,1;73;57;59;271;12,3;8,4;
2023/07/14;1400 UTC;0;967,2;967,5;967;2220,5;19,9;10,4;20;18,8;11;9,8;59;54;54;257;13,1;7,4;
2023/07/14;1500 UTC;0;967;967,3;967;2474,7;20,9;9;20,9;19,6;10,6;8,3;55;46;47;269;12,2;6,9;
2023/07/14;1600 UTC;0;966,2;967,1;966,2;2474,5;22,1;8,3;22,6;20,7;9,4;7,5;48;39;41;259;10,7;5;
2023/07/14;1700 UTC;0;965,7;966,1;965,7;2249;22,8;7,7;22,9;21,7;8,7;7,1;42;37;38;245;9,8;5,5;
2023/07/14;1800 UTC;0;965,4;965,7;965,3;1819,4;22,6;6;23,2;22,2;7,7;5,5;38;33;34;256;10;5,5;
2023/07/14;1900 UTC;0;965,5;965,5;965,3;1189,5;22,6;6,1;23;22,2;7;5,2;36;32;34;259;8,3;3,4;
2023/07/14;2000 UTC;0;966,6;966,6;965,6;409,2;19,1;10,1;22,7;19,1;10,2;5,1;56;33;56;95;7,4;3,9;
2023/07/14;2100 UTC;0;967,7;967,7;966,6;33,2;17,1;10,1;19,1;17,1;10,3;9,8;64;56;64;73;7,2;2,3;
2023/07/14;2200 UTC;0;968,7;968,7;967,7;;15,7;10,4;17,1;15,6;10,4;9,9;71;63;71;48;6;2,4;
2023/07/14;2300 UTC;0;969,1;969,1;968,7;;15,2;10,5;15,8;15,2;10,5;10,4;73;70;73;51;6;3,4;
2023/07/15;0000 UTC;0;969,9;969,9;969,1;;14,8;10,4;15,3;14,8;10,5;10,3;75;73;75;58;5,6;2,1;
2023/07/15;0100 UTC;0;970,5;970,5;969,9;;14,4;10,4;14,8;14,3;10,5;10,3;77;75;77;69;3,7;1,6;
2023/07/15;0200 UTC;0;970,6;970,6;970,4;;14,5;10,8;14,6;14,3;10,8;10,4;78;77;78;109;3,7;2;
2023/07/15;0300 UTC;0;970,9;971;970,6;;14,6;10,9;14,7;14,4;11;10,7;80;78;78;110;3,1;2;
2023/07/15;0400 UTC;0;970,7;970,9;970,7;;14,7;11,1;14,7;14,6;11,1;10,9;79;78;79;110;3,1;1,9;
2023/07/15;0500 UTC;0;970,2;970,7;970,2;;14,6;11,3;14,7;14,6;11,3;11,1;81;79;80;111;3,6;2,2;
2023/07/15;0600 UTC;0;969,9;970,2;969,9;;14,3;11,2;14,7;14,3;11,3;11,1;82;79;82;104;3,6;1,9;
2023/07/15;0700 UTC;0;969,4;969,9;969,4;;13,3;11,5;14,3;13,3;11,6;11;89;82;89;109;3,6;2,3;
2023/07/15;0800 UTC;0;969,9;969,9;969,4;;13,1;11,8;13,3;13,1;11,8;11,5;92;89;92;81;3,4;1,7;
2023/07/15;0900 UTC;0;970,2;970,2;969,9;;13;11,6;13,1;12,8;12;11,6;94;91;92;84;3,1;1,6;
2023/07/15;1000 UTC;0;970,7;970,7;970,2;18,7;12,2;11,6;13;11,4;11,7;10,6;96;91;96;59;2,9;,9;
2023/07/15;1100 UTC;0;971,5;971,5;970,7;412,9;13,5;11,9;13,6;12,2;12,3;11,7;96;90;90;83;3,3;2,2;
2023/07/15;1200 UTC;0;972;972;971,4;1175,9;15,6;10,9;15,7;13,5;12,3;10,9;90;74;74;104;4,3;2,8;
2023/07/15;1300 UTC;0;972,1;972,3;972;1832,8;18;9,5;18;15,5;11,3;9,3;74;58;58;82;6;3,3;
2023/07/15;1400 UTC;0;971,4;972,1;971,4;2285;19,4;9;19,4;17,2;9,6;8,2;60;50;51;101;7,1;3,5;
2023/07/15;1500 UTC;0;970,2;971,4;970,2;2492,4;20,1;8,3;20,2;18,9;9,3;7,4;52;44;47;107;7,2;3,6;
2023/07/15;1600 UTC;0;969,1;970,2;969,1;2473,9;21,4;7,8;21,7;19,7;8,6;7,3;48;41;41;101;6,9;2,2;
2023/07/15;1700 UTC;0;967,6;969,1;967,6;2221;21,5;8;22,5;20,7;8,9;7,4;45;41;42;124;6,6;2,2;
2023/07/15;1800 UTC;0;966,8;967,6;966,8;1781,7;22,8;8,5;22,8;21,5;8,9;7,9;43;40;40;91;6,1;2,1;
2023/07/15;1900 UTC;0;966,8;966,9;966,7;1210,4;22,4;9,1;23,1;22,2;9,3;8,2;43;40;43;132;6,3;3,1;
2023/07/15;2000 UTC;0;967;967;966,7;514,2;21;10,4;22,6;21;10,4;8,8;51;42;51;109;6,5;3,9;
2023/07/15;2100 UTC;0;967,6;967,6;967;20,8;19;10,7;21;19;10,8;10,4;59;51;59;104;6,3;2,5;
2023/07/15;2200 UTC;0;967,9;967,9;967,6;;17,2;10,9;19;17,1;10,9;10,6;67;59;67;102;4,2;2,1;
2023/07/15;2300 UTC;0;968,5;968,5;967,9;;16,4;10,7;17,3;16,4;11;10,7;69;66;69;122;3,3;1,7;
2023/07/16;0000 UTC;0;968,9;968,9;968,5;;13,8;10,6;16,4;13,8;11,1;10,2;81;69;81;21;3,3;,5;
2023/07/16;0100 UTC;0;969,2;969,2;968,9;;13,4;10,5;14,5;13,4;11,3;10,3;83;78;83;332;1,3;,6;
2023/07/16;0200 UTC;0;969,2;969,3;969,1;;12,5;11,3;13,9;12,4;12,4;10,4;92;83;92;38;1,5;,7;
2023/07/16;0300 UTC;0;969,1;969,2;969;;12,9;11,9;13,1;11,9;12,1;10,8;95;91;93;85;1,8;,5;
2023/07/16;0400 UTC;0;968,8;969,1;968,8;;11,8;11,3;13,3;11;12;10;97;86;97;333;1,5;1;
2023/07/16;0500 UTC;0;968,9;968,9;968,7;;11,9;11,4;11,9;10,7;11,4;10,1;97;95;97;22;1,7;,9;
2023/07/16;0600 UTC;0;968,5;968,9;968,4;;12;11,1;12,2;11,1;11,7;10,3;97;94;94;133;1,9;1;
2023/07/16;0700 UTC;0;968,3;968,5;968,1;;11,2;10,5;12,1;10,9;11,2;9,8;96;93;96;80;2;,9;
2023/07/16;0800 UTC;0;968,1;968,4;968;;11,2;10,8;11,4;10,4;10,9;9,7;97;94;97;98;2;,8;
2023/07/16;0900 UTC;0;968,7;968,7;968;;11;10,6;11,2;10,6;10,7;10;97;96;97;159;2,1;1;
2023/07/16;1000 UTC;0;968,9;969;968,7;13,2;11,3;10,8;11,4;10,1;11;9,4;98;95;97;84;2,1;,9;
2023/07/16;1100 UTC;0;969,8;969,8;968,8;377,3;12,3;11,3;12,6;11,1;11,6;10,3;97;94;94;314;2,7;1,1;
2023/07/16;1200 UTC;0;969,6;970,2;969,6;1130;16;12,3;16;12,2;13,3;11,3;94;79;79;69;2,9;1,7;
2023/07/16;1300 UTC;0;968,8;969,7;968,6;1741,5;18,8;12,5;19;16;13;11,9;79;66;67;56;5,2;2,4;
2023/07/16;1400 UTC;0;968,1;968,8;968;2215;20,4;12,6;20,4;18,8;12,9;11,9;67;61;61;203;5,2;1,7;
2023/07/16;1500 UTC;0;967,1;968,1;967,1;2398,4;22,9;13;22,9;20,4;13,3;12,2;61;53;54;328;3,8;1,4;
2023/07/16;1600 UTC;0;966;967,1;966;2407,2;24,4;12,7;24,6;22,2;13,4;12,2;55;47;48;37;3,3;1;
2023/07/16;1700 UTC;0;965,2;966;965,2;2151;25,8;12,8;26,1;24,4;13,4;12,5;48;44;45;213;3,3;1,3;
2023/07/16;1800 UTC;0;964,9;965,2;964,8;1711,2;26,7;12,3;27,4;25,8;13,2;12,1;45;39;41;67;3,3;1,2;
2023/07/16;1900 UTC;0;965;965,1;964,8;1131,5;27,3;12,6;27,5;26,7;12,9;12,3;41;40;40;145;3,5;,9;
2023/07/16;2000 UTC;0;965,5;965,5;965;376,4;25,1;14,2;27,4;25,1;14,2;12,5;51;40;51;325;3,5;,9;
2023/07/16;2100 UTC;0;965,7;965,7;965,5;15,8;21,6;13,9;25,1;21,6;14,7;13,9;63;51;62;349;3,3;2,2;
2023/07/16;2200 UTC;0;966,5;966,5;965,7;;21,1;14,6;21,9;20,5;14,6;13,7;68;62;66;65;4,1;,6;
2023/07/16;2300 UTC;0;967;967;966,4;;19;14,3;21,2;18,8;14,6;13,9;75;65;74;348;2,5;,7;
2023/07/17;0000 UTC;0;967,3;967,3;967;;18;14,1;19;17,8;14,4;14;79;74;78;282;1,9;1,2;
2023/07/17;0100 UTC;0;967,5;967,6;967,3;;16,5;13,7;18;16,5;14,3;13,4;83;78;83;352;2,5;1,9;
2023/07/17;0200 UTC;0;967,8;967,9;967,5;;17,7;14,3;17,9;16,4;16,2;13,7;92;80;80;102;2,5;1,3;
2023/07/17;0300 UTC;0;968;968;967,7;;17,6;14,5;17,8;16,6;15,8;14;91;80;82;72;2,5;,7;
2023/07/17;0400 UTC;0;967,8;968;967,8;;16,4;15,1;17,7;16,3;15,9;14,4;92;82;92;29;3,1;,6;
2023/07/17;0500 UTC;0;967,7;967,9;967,6;;16,5;15,5;16,8;16;15,6;14,8;94;92;94;38;1,3;,4;
2023/07/17;0600 UTC;0;967;967,7;967;;15,8;15;16,5;15,4;15,8;14,6;97;92;95;162;2,1;,8;
2023/07/17;0700 UTC;0;966,8;967,2;966,7;;15,8;15,2;16,2;15,3;15,3;14,5;96;93;96;87;2,8;1,6;
2023/07/17;0800 UTC;0;966,5;966,8;966,5;;15,4;14,7;16,1;15;15,4;14,4;96;95;96;109;3,4;2,2;
2023/07/17;0900 UTC;0;967,6;967,6;966,5;;14,6;14,3;15,5;14,2;14,9;13,7;98;95;98;351;3,6;2,5;
2023/07/17;1000 UTC;0;968,5;968,5;967,6;23,8;15,3;15;15,3;14,5;15;14,2;98;98;98;135;3,6;2;
2023/07/17;1100 UTC;0;969,2;969,3;968,5;393,8;16,9;15,9;16,9;15,3;16;15;98;94;94;83;3,1;1,5;
2023/07/17;1200 UTC;0;970,1;970,1;969,2;839;18,6;17;18,6;16,8;17,2;15,6;94;90;90;319;2,8;1,3;
2023/07/17;1300 UTC;0;969,9;970,2;969,8;1606;20,8;15,3;21,2;18,6;17,2;15,3;90;70;71;93;4;1,6;
2023/07/17;1400 UTC;0;969,1;969,9;969,1;2114,1;23,3;15,7;23,3;20,8;16;15,1;72;62;62;149;4;1,4;
2023/07/17;1500 UTC;0;968,3;969,1;968,3;2391,4;23,9;15,3;24,4;22,6;15,8;14,7;63;58;59;98;4,7;1,6;
2023/07/17;1600 UTC;0;967,5;968,3;967,4;2204,7;25,6;15,8;25,7;23,8;16,2;15;59;54;55;102;4,6;2,3;
2023/07/17;1700 UTC;0;966,7;967,5;966,7;1242;25,1;15,9;26,3;24,4;16,2;15;57;52;57;39;4,6;1,8;
2023/07/17;1800 UTC;0;966,4;966,7;966,3;996,8;25,4;15,9;26,3;24,8;16,7;15,3;58;53;56;39;4,4;1,6;
2023/07/17;1900 UTC;0;966,5;966,6;966,2;583,8;25,1;16,1;25,8;25;16,5;15,6;58;54;57;72;3,9;1,7;
2023/07/17;2000 UTC;0;967,3;967,3;966,5;131;23,8;16,8;25,1;23,5;17,2;16;68;57;65;32;3,5;2;
2023/07/17;2100 UTC;0;967,6;967,7;967,2;14,3;22,3;17,1;23,8;22,3;17,6;16,8;73;65;73;101;7,4;4,2;
2023/07/17;2200 UTC;0;968,4;968,4;967,6;;20,4;17;22,3;20,4;17,1;16,9;81;73;81;54;7,4;2,8;
2023/07/17;2300 UTC;0;969;969,1;968,4;;19,4;17,3;20,4;19,4;17,3;16,6;88;81;88;58;5,6;2;
2023/07/18;0000 UTC;0;969,5;969,5;968,9;;18,9;17,4;19,4;18,9;17,5;17,3;91;88;91;61;4,6;2,4;
2023/07/18;0100 UTC;0;970,1;970,1;969,5;;18,9;17,3;19;18,8;17,4;17,3;91;90;90;57;5,2;2,7;
2023/07/18;0200 UTC;0;970,1;970,2;970,1;;18,8;17,3;18,9;18,8;17,3;17,2;91;90;91;48;5,2;1,9;
2023/07/18;0300 UTC;0;969,9;970,1;969,8;;18,8;17,2;18,9;18,8;17,3;17,2;91;90;90;49;4;2,1;
2023/07/18;0400 UTC;0;969,7;969,9;969,7;;18,7;17,1;18,8;18,7;17,2;17,1;90;90;90;82;4;1,2;
2023/07/18;0500 UTC;0;969,1;969,8;969,1;;18,4;17;18,7;18,4;17,1;17;92;90;92;33;2,5;1,1;
2023/07/18;0600 UTC;0;968,5;969,1;968,5;;18,5;17;18,5;18,4;17,1;17;92;91;91;100;2,3;,9;
2023/07/18;0700 UTC;0;968,4;968,5;968,3;;18,3;16,9;18,5;18,3;17;16,9;91;91;91;61;2,2;1,3;
2023/07/18;0800 UTC;0;968,4;968,5;968,3;;18,1;17;18,3;18,1;17;16,9;93;91;93;54;2,3;,7;
2023/07/18;0900 UTC;0;968,8;968,8;968,4;;18,3;17;18,3;18,1;17;17;93;92;92;88;2,4;1,5;
2023/07/18;1000 UTC;0;969,3;969,3;968,8;7,2;18,2;17;18,3;18,2;17;16,9;93;92;93;46;2,4;,6;
2023/07/18;1100 UTC;0;970,7;970,7;969,3;66,1;18,5;17,1;18,5;18,1;17,3;16,9;94;90;91;289;3,1;1,7;
2023/07/18;1200 UTC;0;971,4;971,5;970,7;252,5;19;17,2;19;18,5;17,3;17,1;92;89;89;320;3,1;1,1;
2023/07/18;1300 UTC;0;972;972;971,4;294,2;19,5;16,3;19,5;18,9;17,2;16,1;89;81;82;279;2,5;1,5;
2023/07/18;1400 UTC;0;971,7;972;971,7;501,7;20,1;16,2;20,1;19,4;16,4;15,9;82;78;78;186;3,5;,6;
2023/07/18;1500 UTC;0;971,2;971,7;971,1;563,7;20,3;16,1;20,4;19,7;16,3;15,9;79;77;77;184;2,7;1,2;
2023/07/18;1600 UTC;0;971,3;971,3;971,1;404,6;20,4;16,3;20,5;20,1;16,4;15,9;78;77;78;236;2,3;1,1;
2023/07/18;1700 UTC;0;971;971,3;970,9;427,2;21,1;16,5;21,2;20,3;16,7;16,3;78;75;75;130;4;1,3;
2023/07/18;1800 UTC;0;970,9;971;970,8;203,8;20,4;17,3;21,1;20,3;17,3;16,5;83;75;83;350;3,8;2,2;
2023/07/18;1900 UTC;0;971,2;971,2;970,9;175,6;20,3;17,1;20,6;20,2;17,6;17;84;80;81;343;4,5;,9;
2023/07/18;2000 UTC;0;971,9;971,9;971,2;63,9;20,5;16,7;20,5;20,2;17,2;16,7;83;79;79;107;3;,5;
2023/07/18;2100 UTC;0;972,7;972,8;971,9;5,4;19,9;17,8;20,6;19,9;17,8;16,5;88;78;88;352;2,5;,8;
2023/07/18;2200 UTC;,8;973,5;973,5;972,7;;19,2;17,8;19,9;19,2;18,2;17,8;92;88;91;75;3,1;2;
2023/07/18;2300 UTC;0;974;974;973,5;;18,7;17,6;19,2;18,7;18;17,6;94;91;94;98;5,8;2,5;
2023/07/19;0000 UTC;0;974,5;974,6;974;;18,4;17,7;18,7;18,4;17,8;17,6;96;94;96;83;4,6;2,5;
2023/07/19;0100 UTC;,2;975;975;974,5;;18;17,6;18,4;18;17,7;17,6;98;96;98;75;5,4;2,5;
2023/07/19;0200 UTC;0;974,7;975;974,7;;17,8;17,5;18;17,8;17,7;17,5;98;98;98;66;4,9;2,6;
2023/07/19;0300 UTC;0;974,4;974,8;974,4;;17,8;17,4;17,9;17,8;17,5;17,3;98;97;97;90;4,1;,4;
2023/07/19;0400 UTC;0;974,4;974,5;974,4;;17,8;17,4;17,9;17,8;17,4;17,3;97;97;97;41;1,5;,2;
2023/07/19;0500 UTC;0;974;974,4;974;;17,7;17,4;17,8;17,5;17,4;17,2;98;97;98;21;1,8;1,2;
2023/07/19;0600 UTC;0;973,8;974;973,7;,2;17,9;17,6;17,9;17,7;17,6;17,4;98;98;98;67;1,6;,5;
2023/07/19;0700 UTC;0;973,8;974;973,8;,1;17,7;17,4;17,9;17,7;17,6;17,4;98;98;98;337;1;,7;
2023/07/19;0800 UTC;0;973,8;974;973,8;;17,6;17,3;17,8;17,6;17,4;17,2;98;98;98;330;1,5;,6;
2023/07/19;0900 UTC;0;974,5;974,5;973,8;,1;18,1;16,4;18,1;17,6;17,5;16,4;98;90;90;250;6;3,7;
2023/07/19;1000 UTC;0;975,1;975,1;974,5;8,2;18;14,7;18,2;18;16,2;14,6;90;80;81;239;6,4;3,6;
2023/07/19;1100 UTC;0;975,5;975,6;975,1;153,3;18,2;14,8;18,2;18;15,8;14,6;87;80;81;255;7,8;4,1;
2023/07/19;1200 UTC;0;976,2;976,2;975,5;870,5;19,8;15,6;20;18,2;16;14,7;81;76;77;261;6,8;2,5;
2023/07/19;1300 UTC;0;976,6;976,6;976,2;1492,1;20,9;15,2;21,3;19,6;16;14,8;78;69;70;246;6,6;4,5;
2023/07/19;1400 UTC;0;976,6;976,7;976,5;1621,4;21,7;15,2;21,9;20,8;15,6;14,8;70;66;67;261;8,2;4,2;
2023/07/19;1500 UTC;0;976,2;976,6;976,2;1051,1;21,8;15,1;22,1;21,3;15,6;14,8;68;65;66;240;6,8;2,6;
2023/07/19;1600 UTC;0;975,3;976,2;975,3;1212,8;23,5;15,6;23,9;21,6;16;14,9;66;60;61;283;5,4;3;
2023/07/19;1700 UTC;0;974,8;975,3;974,8;1300,9;23,4;15,7;23,7;22,7;16;14,9;64;59;62;293;4,9;2,2;
2023/07/19;1800 UTC;0;974,9;974,9;974,7;530,4;23,2;15;23,9;23,1;15,8;14,6;63;58;60;258;4,7;2,7;
2023/07/19;1900 UTC;0;975,2;975,2;974,7;262,5;22,1;16;23,2;22,1;16,1;14,8;68;60;68;109;6,7;3,7;
2023/07/19;2000 UTC;0;975,9;975,9;975,2;21,4;19,7;17,8;22,1;19,7;17,8;15,9;89;68;89;89;7,4;3;
2023/07/19;2100 UTC;0;976,4;976,4;975,9;1;19,2;18,1;19,7;19,2;18,3;17,9;94;89;94;66;5,7;2,2;
2023/07/19;2200 UTC;0;977,3;977,3;976,4;;18,9;17,9;19,2;18,9;18,2;17,9;94;93;94;35;4,3;1,4;
2023/07/19;2300 UTC;0;977,7;977,7;977,3;;18,8;17,7;19;18,7;18;17,7;94;93;94;17;3;1,7;
2023/07/20;0000 UTC;0;978,4;978,4;977,7;;19;17,5;19,1;18,7;17,8;17,5;94;91;91;73;2,8;1,6;
2023/07/20;0100 UTC;0;978,5;978,6;978,4;;18,6;15,8;19;18,6;17,5;15,8;91;82;83;53;4,1;2,7;
2023/07/20;0200 UTC;0;979,3;979,3;978,5;;18,3;15,9;18,6;18,2;16,2;15,7;88;83;86;49;5;3;
2023/07/20;0300 UTC;0;979,4;979,4;979,3;;17,2;13,9;18,3;17,2;15,9;13,7;87;78;81;60;7,3;3,5;
2023/07/20;0400 UTC;0;979,4;979,6;979,4;;16,3;15,1;17,2;16;15,2;14;94;81;93;27;6,4;3,2;
2023/07/20;0500 UTC;0;979,1;979,4;979,1;;16,3;14,8;16,4;16,3;15,1;14,8;93;91;91;37;5,5;2,4;
2023/07/20;0600 UTC;0;978,6;979,1;978,5;;16,2;14,5;16,3;16,1;14,8;14,5;91;90;90;38;4,8;3;
2023/07/20;0700 UTC;0;978,4;978,5;978,4;;16;14,3;16,3;16;14,5;14,2;91;89;89;38;5,7;2,9;
2023/07/20;0800 UTC;0;978,4;978,5;978,4;;15,7;14,2;16;15,7;14,3;14,1;90;89;90;28;4,8;2,8;
2023/07/20;0900 UTC;0;978,7;978,7;978,4;;15,5;14,1;15,7;15,4;14,3;14,1;93;90;92;42;5,9;3,7;
2023/07/20;1000 UTC;0;979,2;979,2;978,7;4,5;15;14,3;15,5;15;14,3;14,1;95;92;95;56;5,9;2,9;
2023/07/20;1100 UTC;,2;979,9;979,9;979,2;67,6;15;14,6;15;14,9;14,7;14,3;98;95;97;82;4,9;2,7;
2023/07/20;1200 UTC;0;980,7;980,7;979,9;232;15,4;14,9;15,4;15;15;14,6;98;97;97;81;4,2;2,3;
2023/07/20;1300 UTC;0;980,8;980,9;980,7;593,2;16;15,4;16;15,4;15,5;14,9;98;96;96;53;5,7;2,2;
2023/07/20;1400 UTC;0;980,4;980,8;980,4;1253,3;17,7;13,8;17,7;16;15,7;13,3;96;77;78;71;5,6;3;
2023/07/20;1500 UTC;0;979,4;980,4;979,4;1630,5;18,4;13,2;18,9;17,7;14;12,9;78;70;72;76;5,9;2,9;
2023/07/20;1600 UTC;0;978,2;979,4;978,2;1429,2;19,2;13,7;19,7;18,4;14,2;13,1;73;68;71;96;6,3;3,8;
2023/07/20;1700 UTC;,2;976,9;978,2;976,9;1488,2;19,4;13,3;20,5;19;14,1;13,1;71;65;68;103;8,2;4,4;
2023/07/20;1800 UTC;0;976,3;976,9;976,3;1296,4;19,3;13,9;20,6;19,1;14;13;71;65;71;102;8,2;5,1;
2023/07/20;1900 UTC;0;976,2;976,3;976,1;665;18,6;14;20,2;18,5;14,1;13,4;75;67;75;100;8,8;4,2;
2023/07/20;2000 UTC;0;976,5;976,5;976,2;168,2;18,2;14;18,6;18,2;14;13,7;76;74;76;99;7,1;3,7;
2023/07/20;2100 UTC;0;976,7;976,7;976,4;13,7;17,7;14;18,2;17,7;14;13,9;79;76;79;98;5,9;3,1;
2023/07/20;2200 UTC;0;977,2;977,2;976,7;;17,4;14,5;17,7;17,4;14,5;14;83;79;83;93;5,1;2;
2023/07/20;2300 UTC;0;977,6;977,6;977,2;;17,1;15,1;17,4;17,1;15,2;14,6;88;83;88;87;4;2,2;
2023/07/21;0000 UTC;0;977,9;977,9;977,6;;17;15,2;17,1;17;15,2;15;89;88;89;90;4,2;2,3;
2023/07/21;0100 UTC;0;978,1;978,1;977,9;;17;15,2;17,1;17;15,2;15,1;89;89;89;93;4,6;2,4;
2023/07/21;0200 UTC;0;978;978,2;978;;16,9;15,1;17;16,9;15,3;15,1;90;89;89;103;4,9;2,9;
2023/07/21;0300 UTC;0;977,7;978;977,7;;16,7;14,8;16,9;16,7;15,1;14,8;89;88;88;125;5;2,8;
2023/07/21;0400 UTC;0;977,3;977,7;977,3;;16,6;14,8;16,7;16,6;14,8;14,8;89;88;89;118;4,3;2,2;
2023/07/21;0500 UTC;0;976,9;977,3;976,9;;16,5;14,8;16,6;16,5;14,8;14,7;90;89;90;111;3,9;2,1;
2023/07/21;0600 UTC;0;976,4;976,9;976,4;;16,4;14,7;16,5;16,4;14,9;14,7;90;90;90;110;3,2;1,6;
2023/07/21;0700 UTC;0;976,4;976,4;976,3;;16,2;15;16,4;16,2;15;14,7;92;90;92;60;2,8;1,3;
2023/07/21;0800 UTC;0;976,6;976,6;976,3;;15,8;15,1;16,2;15,8;15,1;14,9;96;92;96;90;2,4;1,4;
2023/07/21;0900 UTC;,2;977;977;976,6;;15,6;15,3;15,8;15,6;15,3;15,1;98;96;98;11;2,2;1,3;
2023/07/21;1000 UTC;0;977,3;977,3;977;3,7;15,8;15,5;15,8;15,5;15,5;15,2;98;98;98;41;1,9;,5;
2023/07/21;1100 UTC;0;977,7;977,7;977,3;71,2;16,1;15,7;16,1;15,8;15,7;15,5;98;97;97;69;1,6;,8;
2023/07/21;1200 UTC;0;978,2;978,2;977,7;330,2;17,1;15,9;17,1;16,1;16,2;15,6;97;92;92;106;3;1,7;
2023/07/21;1300 UTC;0;978,3;978,3;978,2;785,3;18,2;14,8;18,5;17,1;16,2;14,5;92;80;80;63;2,9;1,3;
2023/07/21;1400 UTC;0;977,7;978,4;977,7;1287,6;19,9;14,4;20;18,2;15,1;14,2;81;71;71;91;4,1;2,3;
2023/07/21;1500 UTC;0;976,6;977,7;976,6;1522,9;21,2;13;21,2;19,7;14,8;12,6;71;60;60;102;4,4;1,7;
2023/07/21;1600 UTC;0;975,6;976,6;975,6;1213,9;21,6;12,5;21,7;20,8;13,6;11,9;61;55;56;110;4,9;2,1;
2023/07/21;1700 UTC;0;974,9;975,6;974,9;1153,3;22,2;12,2;22,6;21,6;12,9;11,7;57;51;53;73;3,8;1,5;
2023/07/21;1800 UTC;0;974,5;974,9;974,5;922,7;22,1;12,5;23;22;12,9;12;56;51;54;99;4,6;1,9;
2023/07/21;1900 UTC;0;974,3;974,5;974,3;579,2;22,1;12,7;22,4;21,9;13;12,4;56;54;55;107;5,1;2,6;
2023/07/21;2000 UTC;0;974,2;974,3;974,2;357,7;21,4;12,8;22,1;21,4;12,9;12,4;58;55;58;97;5,1;2,5;
2023/07/21;2100 UTC;0;974,5;974,5;974,2;37,6;20,2;13,4;21,4;20;13,4;12,8;66;58;65;112;4,6;1,4;
2023/07/21;2200 UTC;0;974,8;974,8;974,5;;19,4;13,3;20,2;19,4;13,5;13,1;68;64;68;111;3,7;1,9;
2023/07/21;2300 UTC;0;975;975;974,8;;18,4;13,4;19,4;18,3;13,5;13,1;73;68;72;47;3,2;1;
2023/07/22;0000 UTC;0;975,1;975,1;975;;18,2;13,4;18,4;18;13,5;13,3;75;72;74;42;1,7;1,1;
2023/07/22;0100 UTC;0;975,4;975,4;975,1;;17,3;13,6;18,2;17,3;13,6;13,4;78;74;78;59;2,5;1,2;
2023/07/22;0200 UTC;0;975,6;975,6;975,4;;16,5;13,5;17,4;16,5;13,6;13,4;82;78;82;40;2,9;2,1;
2023/07/22;0300 UTC;0;975,5;975,6;975,5;;16,5;13,4;16,8;16,5;13,7;13,4;83;81;82;62;3,6;1,9;
2023/07/22;0400 UTC;0;975,3;975,5;975,3;;15,7;14,2;16,5;15,7;14,4;13,3;91;82;91;65;3,8;1,5;
2023/07/22;0500 UTC;0;974,9;975,3;974,9;;14,9;13,9;15,7;14,8;14,2;13,7;94;91;94;95;2,4;1,1;
2023/07/22;0600 UTC;0;974,6;974,9;974,6;;14,6;14,1;14,9;13,9;14,1;13,2;97;94;97;356;1,7;1,4;
2023/07/22;0700 UTC;0;974,4;974,6;974,4;;13,6;13,3;14,6;13,2;14,1;12,7;98;96;98;349;1,7;1,2;
2023/07/22;0800 UTC;0;974,4;974,4;974,3;;14,6;14,2;14,7;13,5;14,3;13,2;98;97;97;39;1,7;,7;
2023/07/22;0900 UTC;0;974,7;974,7;974,4;;14;13,5;14,8;14;14,5;13,5;98;96;97;85;1,6;,9;
2023/07/22;1000 UTC;0;975,1;975,1;974,7;25,8;14,3;13,9;14,3;14;13,9;13,5;98;97;98;32;1,7;1,2;
2023/07/22;1100 UTC;0;975,8;975,8;975,1;448,6;16,5;14,4;16,5;14,3;15,5;14;98;87;87;57;2,6;1,5;
2023/07/22;1200 UTC;0;976,5;976,5;975,8;1225,1;18,1;12,7;18,1;16,5;14,2;12,7;87;71;71;112;5;3,5;
2023/07/22;1300 UTC;0;976,6;976,7;976,5;1851,9;20,2;11,8;21,1;18,1;13;11,5;71;56;58;106;5,1;2,5;
2023/07/22;1400 UTC;0;976,1;976,6;976,1;2159,6;22,1;11,2;22,6;20,1;12,1;10,6;60;49;50;100;5;1,5;
2023/07/22;1500 UTC;0;975;976,1;975;2451,8;22,6;10,7;22,9;21;11,2;10,2;52;46;47;103;6,7;3,3;
2023/07/22;1600 UTC;0;973,8;975;973,8;2402,5;23,7;10,9;24;22,3;11,5;10;48;43;45;55;7;2,1;
2023/07/22;1700 UTC;0;973;973,8;973;2242;24,5;10,4;24,8;23,1;11,3;9,9;46;41;41;100;6,7;2,4;
2023/07/22;1800 UTC;0;972,3;973;972,3;1843;24,2;10,1;25;23,7;10,8;9,7;43;40;41;108;7,3;3;
2023/07/22;1900 UTC;0;971,9;972,2;971,9;1271,1;24,4;9,9;24,7;24;10,2;9,6;41;39;40;95;6,4;2,6;
2023/07/22;2000 UTC;0;971,9;971,9;971,9;535,7;23,4;9,8;24,4;23,4;10,1;9,5;42;40;42;95;5,1;2,2;
2023/07/22;2100 UTC;0;972,2;972,2;971,9;22,1;19,7;11,4;23,4;19,7;11,4;9,8;59;42;59;22;4,1;,7;
2023/07/22;2200 UTC;0;972,7;972,7;972,2;;19,4;11;20,3;18,9;12,1;10,9;65;56;58;78;2,9;,9;
2023/07/22;2300 UTC;0;973,2;973,2;972,7;;17,1;12,6;19,4;17,1;12,6;11;75;58;75;148;1,4;,3;
2023/07/23;0000 UTC;0;973,6;973,6;973,2;;15,9;12,4;17,1;15,9;12,8;12,2;80;75;80;89;1,6;,9;
2023/07/23;0100 UTC;0;973,8;973,9;973,6;;14,6;13,4;15,9;14,1;13,6;12,2;94;80;93;281;1,9;,4;
2023/07/23;0200 UTC;0;973,8;973,9;973,8;;13,6;12,4;15,2;13,6;13,8;12,1;93;87;93;65;1,1;,5;
2023/07/23;0300 UTC;0;973,9;973,9;973,8;;13,4;13;13,6;12,5;13;12;98;93;97;327;2,4;1,9;
2023/07/23;0400 UTC;0;973,9;973,9;973,8;;12,2;11,7;13,5;12;13;11,4;97;95;97;307;2,4;1,3;
2023/07/23;0500 UTC;0;973,8;973,9;973,8;;11,6;11,1;12,5;11,5;12,1;11;98;96;97;319;2,3;1,5;
2023/07/23;0600 UTC;0;973,7;973,8;973,7;;12,6;12,1;12,6;11,5;12,2;11,1;98;97;97;128;1,8;1;
2023/07/23;0700 UTC;0;973,7;973,8;973,6;;11,6;11,1;12,6;11;12,1;10,4;98;94;97;5;1,3;,2;
2023/07/23;0800 UTC;0;973,8;973,8;973,6;;11,9;11,4;12;11,1;11,7;10,7;98;97;97;130;1,2;1;
2023/07/23;0900 UTC;0;974,4;974,4;973,8;;11,3;10,8;11,9;10,9;11,2;10,3;97;96;97;165;1,3;,6;
2023/07/23;1000 UTC;0;975,2;975,2;974,4;17,4;10,2;9,8;11,3;10;10,8;9,4;97;96;97;267;1,7;,5;
2023/07/23;1100 UTC;0;975,9;975,9;975,2;435,6;13;12,8;13,1;10,2;12,8;9,9;99;97;98;341;1,4;,4;
2023/07/23;1200 UTC;0;976,4;976,4;975,9;1227,5;16,1;12,7;16,3;12,9;14;12,5;98;80;80;137;2,2;1,1;
2023/07/23;1300 UTC;,2;976,4;976,5;976,4;1856,8;18,9;13,1;18,9;16,1;13,5;12,5;81;69;69;147;3,6;1,4;
2023/07/23;1400 UTC;0;975,9;976,4;975,9;2316,4;20,4;12,3;20,7;18,6;12,9;12;69;59;60;155;3,1;1,2;
2023/07/23;1500 UTC;0;974,9;975,9;974,9;2540,1;22,8;13;22,8;20,4;13;12;60;53;54;158;4,3;1,2;
2023/07/23;1600 UTC;0;973,7;974,9;973,7;2520,9;24,4;12;24,8;22,3;13,1;11,7;54;46;46;300;3,6;2,1;
2023/07/23;1700 UTC;0;972,9;973,7;972,9;2282,6;25,2;11,9;25,7;23,9;12,7;11,3;48;42;44;217;3,6;1,8;
2023/07/23;1800 UTC;0;972,6;972,9;972,5;1845,3;26,4;11;26,9;25,1;12,3;11;44;38;38;257;3,4;1;
2023/07/23;1900 UTC;0;972,6;972,6;972,5;1117,8;26,4;11,3;27,5;26,1;11,9;10,9;40;36;39;291;2,9;,8;
2023/07/23;2000 UTC;0;973,1;973,1;972,6;340,8;24,6;12,1;26,8;24,6;12,1;11;46;37;46;348;2,3;1,5;
2023/07/23;2100 UTC;0;973,4;973,4;973,1;30,9;22,4;13,5;24,6;22,3;13,8;12,1;58;46;57;345;2,7;1,5;
2023/07/23;2200 UTC;0;973,9;973,9;973,4;;22;12,8;22,6;22;13,8;12,7;59;55;56;357;3,1;,9;
2023/07/23;2300 UTC;0;974,1;974,1;973,8;;19,3;13,6;22;19,3;14;12,8;70;56;70;2;2,2;1,2;
2023/07/24;0000 UTC;0;974,3;974,3;974,1;;19,4;13,9;19,5;18,1;14,3;13,7;77;70;70;100;2;1,2;
2023/07/24;0100 UTC;0;974,5;974,5;974,3;;18,6;13,8;19,7;18,6;14,1;13,8;74;70;74;322;2,2;,4;
2023/07/24;0200 UTC;0;974,4;974,6;974,4;;18;13,9;18,8;17,8;14,1;13,6;77;74;77;87;2,3;1,5;
2023/07/24;0300 UTC;0;974,3;974,4;974,2;;16,8;14,3;18,2;16,8;14,3;13,6;85;76;85;119;3,5;2;
2023/07/24;0400 UTC;0;974;974,3;973,9;;15,1;14,3;16,9;14,9;14,9;13,2;95;83;95;341;3;1,6;
2023/07/24;0500 UTC;0;973,8;974;973,8;;15,8;15;15,8;15,1;15;14,3;96;95;95;67;2,5;,5;
2023/07/24;0600 UTC;0;973,4;973,8;973,4;;15,3;14,3;15,8;15,3;15;14,2;95;92;94;64;1,2;,6;
2023/07/24;0700 UTC;0;973,1;973,4;973,1;;14,8;14;15,3;14,6;14,5;13,8;95;94;95;110;1,7;1,2;
2023/07/24;0800 UTC;0;973,3;973,3;973;;14,2;13,9;14,8;13,6;14;13;98;94;98;91;2;,8;
2023/07/24;0900 UTC;0;973,6;973,7;973,3;;13,8;13,6;14,2;12,8;13,9;12,3;99;97;99;188;1,3;,8;
2023/07/24;1000 UTC;0;974;974;973,6;18,8;12,6;12,4;13,8;12,6;13,5;12,4;99;98;98;354;2,1;1,6;
2023/07/24;1100 UTC;0;974,3;974,3;974;445,1;15;14,9;15;12,6;14,9;12,4;99;98;99;167;2,3;,8;
2023/07/24;1200 UTC;0;974,7;974,7;974,3;1208,8;18,5;15,1;18,5;15;16,3;14,7;99;80;80;277;1,8;1;
2023/07/24;1300 UTC;0;974,5;974,8;974,5;1826,5;21;15,2;21;18,3;15,3;14,4;80;68;69;245;2,6;1,2;
2023/07/24;1400 UTC;0;973,6;974,5;973,6;2287,4;23,3;14,5;23,7;20,9;15,3;14,5;69;57;58;266;3,3;1,5;
2023/07/24;1500 UTC;0;972,5;973,6;972,5;2514,5;25,1;13,4;26;23,3;14,8;13,4;58;48;48;216;5,3;2,2;
2023/07/24;1600 UTC;0;971,5;972,5;971,5;2340,5;26,7;11,9;27;24,9;14,1;11;50;38;40;132;5,3;1,1;
2023/07/24;1700 UTC;0;970,7;971,5;970,7;2052,3;26,9;11,6;27,6;26,4;12,5;11,4;41;37;38;142;4,2;1,7;
2023/07/24;1800 UTC;0;970,2;970,7;970,2;678,8;25,9;14,1;27,5;25,7;14,3;11,3;49;38;48;299;3,8;2,2;
2023/07/24;1900 UTC;0;969,8;970,2;969,8;793,2;27,6;13,1;27,7;25,6;15,4;12,8;52;41;41;303;3,1;1,8;
2023/07/24;2000 UTC;0;969,9;969,9;969,8;490,2;25,3;14,1;28,7;25,3;14,1;12,5;50;37;50;308;3,1;1,7;
2023/07/24;2100 UTC;0;970,1;970,1;969,9;20,3;22,7;15,1;25,3;22,7;15,4;14,1;62;50;62;346;3,2;1,8;
2023/07/24;2200 UTC;0;970,3;970,3;970,1;;22,6;15,1;22,8;22,4;15,2;14,5;63;60;63;126;2,8;1,5;
2023/07/24;2300 UTC;0;970,7;970,7;970,3;;21,2;15,7;22,7;21,1;15,7;14,9;71;62;71;42;2,4;,9;
2023/07/25;0000 UTC;0;971;971;970,7;;19,8;15,6;21,7;19,6;15,8;15,3;78;68;77;341;1,7;1;
2023/07/25;0100 UTC;0;971,2;971,2;971;;19,2;15,5;20,8;19,2;15,8;15,2;79;72;79;339;2,3;1,2;
2023/07/25;0200 UTC;0;971,3;971,3;971,2;;19,5;15,4;21,1;19,2;16;15,1;80;69;77;353;2,3;,7;
2023/07/25;0300 UTC;0;971;971,3;971;;20,2;15,8;20,4;19,4;16;15,4;78;74;76;77;1,2;,8;
2023/07/25;0400 UTC;0;970,7;971;970,7;;19,2;15,5;20,5;19,2;15,8;15,3;79;73;79;68;2,6;,5;
2023/07/25;0500 UTC;0;970,4;970,7;970,4;;19,6;15,9;19,9;18,8;16,4;15,6;85;78;79;102;2,3;1,5;
2023/07/25;0600 UTC;0;970,1;970,4;970,1;;18,3;16,4;19,6;18,3;16,4;15,6;88;78;88;305;2,3;1;
2023/07/25;0700 UTC;0;969,8;970,1;969,8;;18,7;16,6;18,8;18,1;17,1;16,4;93;87;87;30;2,1;1,5;
2023/07/25;0800 UTC;0;969,7;969,8;969,7;;17,7;16,6;18,7;17,7;16,8;16,3;93;87;93;270;2,1;,5;
2023/07/25;0900 UTC;0;969,9;969,9;969,7;;17,6;16,7;17,7;17,6;16,8;16,6;95;93;94;333;1,1;,8;
2023/07/25;1000 UTC;0;970,1;970,1;969,9;17;17,6;16,8;17,6;17,3;16,8;16,5;95;94;95;6;1,1;,9;
2023/07/25;1100 UTC;0;970,5;970,5;970,1;374,3;18,2;17,3;18,2;16,8;17,3;16;97;94;95;306;1,2;,9;
2023/07/25;1200 UTC;0;970,9;970,9;970,5;1208,1;20,9;16,1;21,1;18,2;17,5;15,9;95;74;74;272;2,2;,9;
2023/07/25;1300 UTC;0;970,9;971;970,9;1855,3;23,1;16,2;23,1;20,9;16,4;15,6;74;65;65;250;2,6;1,4;
2023/07/25;1400 UTC;0;970,2;970,9;970,2;2286,1;24,2;15,6;24,7;22,9;16,4;15,5;66;58;59;223;4,4;1,5;
2023/07/25;1500 UTC;0;969,1;970,2;969,1;2308,2;25,2;14,7;26,1;23,8;15,7;14;59;48;52;11;4,8;1,1;
2023/07/25;1600 UTC;0;967,9;969,1;967,9;2579,5;27,2;13,7;28,1;25,2;15;13,5;52;43;43;170;4,3;1,9;
2023/07/25;1700 UTC;0;966,9;967,9;966,9;2345,2;28,5;14,2;28,9;27;14,4;13,5;44;40;42;257;4,9;2,3;
2023/07/25;1800 UTC;0;966,4;966,9;966,4;1834,7;28,5;14,1;28,8;27,6;14,8;13,6;44;40;41;249;4,9;3;
2023/07/25;1900 UTC;0;966,3;966,4;966,2;964,3;28,6;14;28,6;26,9;14,5;13,6;46;41;41;272;4,4;2,6;
2023/07/25;2000 UTC;0;966,5;966,5;966,2;345,7;25,9;15,5;28,6;25,9;15,5;13;53;40;53;323;3,8;1,3;
2023/07/25;2100 UTC;0;967;967;966,5;24,6;23,3;16,6;25,8;23,3;16,9;15,5;66;53;66;335;2,6;1,5;
2023/07/25;2200 UTC;0;967,5;967,5;967;;22,7;15,9;23,5;22,7;16,7;15,9;67;64;66;89;2,3;,6;
2023/07/25;2300 UTC;0;968;968;967,5;;21,3;15,6;22,7;20,4;16;15,3;74;65;70;56;3,4;,7;
2023/07/26;0000 UTC;0;968,3;968,3;968;;19,4;15,4;21,3;18,8;15,9;15,1;82;68;78;326;2;1,1;
2023/07/26;0100 UTC;0;968,5;968,5;968,3;;18,2;14,7;19,9;18,2;15,4;14,7;80;73;80;15;1,6;,4;
2023/07/26;0200 UTC;0;968,8;968,8;968,5;;17,6;15,7;18,4;17,4;16,5;14,7;90;80;89;180;1,3;,6;
2023/07/26;0300 UTC;0;968,6;968,9;968,6;;17,2;16,3;17,9;16;16,3;15,1;96;89;94;36;1,5;,7;
2023/07/26;0400 UTC;0;968,4;968,6;968,4;;15,7;14,9;17,2;15,7;16,2;14,9;95;92;95;349;1,3;,7;
2023/07/26;0500 UTC;0;968,1;968,4;968,1;;15,6;15,1;16,5;15;16;14,3;98;94;97;150;1,7;,3;
2023/07/26;0600 UTC;0;967,9;968,1;967,8;;15,6;15;16,1;15,4;15,6;14,6;97;94;96;85;2,1;1;
2023/07/26;0700 UTC;0;967,9;967,9;967,8;;14,8;14,4;15,6;14,1;15;13,5;98;95;98;26;2;1,1;
2023/07/26;0800 UTC;0;967,9;968;967,8;;14;13,4;14,9;14;14,4;13,3;98;95;96;161;2,2;,6;
2023/07/26;0900 UTC;0;968,4;968,4;967,9;;14;13,6;14,5;13,5;14;12,8;97;95;97;75;2;,8;
2023/07/26;1000 UTC;0;969,1;969,1;968,4;16,5;13,3;13,1;14,2;12,8;13,9;12,3;99;96;98;271;1,8;,4;
2023/07/26;1100 UTC;0;969,7;969,7;969,1;311,7;14,9;14,3;15,5;13,1;15,2;12,8;99;96;97;74;1,5;,1;
2023/07/26;1200 UTC;0;970,3;970,3;969,7;826,7;17,7;15,5;17,7;14,9;15,6;14,3;97;84;87;78;2;,9;
2023/07/26;1300 UTC;0;970,6;970,7;970,3;1418,5;20,3;14,5;20,3;17,7;16,1;13,6;88;69;70;286;2,5;1,4;
2023/07/26;1400 UTC;0;970,2;970,6;970,2;1898,8;22,7;13,6;22,8;20,1;14,5;12,9;70;55;57;299;4,2;1,6;
2023/07/26;1500 UTC;0;969,2;970,2;969,2;2596,1;24,4;13,8;24,8;22,5;14,2;13,1;57;51;51;267;3,7;2,1;
2023/07/26;1600 UTC;0;968,3;969,2;968,3;2149;26,5;13,4;26,7;24,3;14,6;13,3;53;45;45;250;5;1,6;
2023/07/26;1700 UTC;0;967,3;968,3;967,3;2261,2;26,6;13,5;27,8;25,4;14,1;12,7;47;42;44;101;5;2,3;
2023/07/26;1800 UTC;0;966,8;967,3;966,7;1889,9;27,8;13,8;28,2;26,4;14,6;13,3;46;42;42;85;4;1,9;
2023/07/26;1900 UTC;0;966,7;966,8;966,7;1134;27,6;14,1;28;27,1;14,6;13,7;46;42;43;54;4,5;1,7;
2023/07/26;2000 UTC;0;966,9;967;966,7;552,7;26,6;14,2;27,8;26,6;14,5;13,9;46;43;46;8;4;1,1;
2023/07/26;2100 UTC;0;967,5;967,5;966,9;27,9;23,5;15,3;26,6;23,4;15,6;14,2;61;46;60;342;2,7;1,8;
2023/07/26;2200 UTC;0;968,4;968,4;967,5;;22,5;15,8;23,5;22,5;16,1;15,2;67;60;66;91;2,9;2,2;
2023/07/26;2300 UTC;0;969,2;969,2;968,4;;21,2;15,8;22,6;21,2;15,9;15,6;71;66;71;78;3,5;,9;
2023/07/27;0000 UTC;0;969,9;969,9;969,2;;18,6;16;21,2;18,4;16;15,2;85;71;85;308;1,7;,7;
2023/07/27;0100 UTC;0;970,3;970,3;969,9;;17,9;16,2;19;17,6;17,1;14,7;91;82;90;355;1,8;,9;
2023/07/27;0200 UTC;0;970,3;970,4;970,2;;17,2;16,3;18,9;17;17,2;14,8;94;82;94;348;1,4;,4;
2023/07/27;0300 UTC;0;970,1;970,3;970,1;;17,6;16,3;18,2;17;17,3;16;96;90;92;128;1,9;1;
2023/07/27;0400 UTC;0;970,1;970,1;970;;15,9;15,5;17,6;15,5;16,8;14,8;97;91;97;320;2,4;1,8;
2023/07/27;0500 UTC;0;969,7;970,1;969,7;;16,6;16;16,7;15,9;16,2;15,5;98;97;97;45;2,3;,7;
2023/07/27;0600 UTC;0;969,6;969,7;969,5;;15,5;15,2;16,7;14,9;16,2;14,4;98;94;98;325;1,8;1,1;
2023/07/27;0700 UTC;0;969,9;969,9;969,6;;14,7;14,5;15,6;14,6;15,4;14,3;99;98;98;105;1,6;,5;
2023/07/27;0800 UTC;0;970;970,1;969,8;;13,9;13,5;15,2;13,9;14,9;13,5;98;97;98;342;1,7;1;
2023/07/27;0900 UTC;0;970,1;970,1;970;;14,2;14;14,7;13,7;14,5;13,4;99;98;99;131;1,8;1,3;
2023/07/27;1000 UTC;0;970,4;970,4;970;23;13;12,7;14,4;12,7;14,1;12,4;99;98;99;335;2,2;1,5;
2023/07/27;1100 UTC;0;970,9;970,9;970,4;343,3;15,3;15,2;15,3;13;15,2;12,8;99;99;99;99;2;,9;
2023/07/27;1200 UTC;0;971,2;971,3;970,9;1075,7;17,8;17;17,8;15,3;17,1;15,2;99;93;95;94;2,4;1,2;
2023/07/27;1300 UTC;0;971,4;971,5;971,2;1843,2;21,2;15,7;21,2;17,8;16,9;14,8;95;70;71;119;2,9;1,2;
2023/07/27;1400 UTC;0;970,8;971,5;970,8;2293,1;23,1;15;23,1;20,9;15,7;14,4;71;59;60;146;3,2;1,5;
2023/07/27;1500 UTC;0;969,8;970,8;969,8;2515,1;25,5;14,7;26,1;23,1;15,3;13,4;60;49;51;259;3,6;1,5;
2023/07/27;1600 UTC;0;968,6;969,8;968,6;2475,3;27;13,1;27;25,3;14,8;12,6;52;42;42;230;5;2,2;
2023/07/27;1700 UTC;0;967,9;968,6;967,9;2257,2;27,6;11,7;28,4;26,5;13,7;11,7;43;37;37;148;3,9;1,3;
2023/07/27;1800 UTC;0;967,8;967,9;967,8;1789,1;28,9;11,5;29,1;27,6;12,5;11,3;38;34;34;83;4,2;1,9;
2023/07/27;1900 UTC;0;968;968;967,8;1205,5;28,8;11,6;29,3;28,7;11,9;10,9;35;33;35;114;4,5;1,7;
2023/07/27;2000 UTC;0;968,2;968,2;968;373,9;27,5;12,3;29;27,4;12,5;11,1;39;33;39;135;4,2;1,5;
2023/07/27;2100 UTC;0;968,7;968,7;968,2;19,5;24,9;14,2;27,5;24,7;14,2;12,3;51;39;51;134;3,7;1,6;
2023/07/27;2200 UTC;0;969,6;969,6;968,7;;22,9;14,5;24,9;22,9;14,5;14,2;59;51;59;40;4,9;3,4;
2023/07/27;2300 UTC;0;970,7;970,7;969,6;;22,3;14,5;23;22,3;14,6;14,5;61;59;61;53;5,1;2,7;
2023/07/28;0000 UTC;0;971,2;971,2;970,7;;21,6;14,5;22,3;21,6;14,5;14,4;64;61;64;80;4,6;1,9;
2023/07/28;0100 UTC;0;971,7;971,7;971,2;;20,6;14,8;21,6;20,6;14,8;14,5;70;64;70;104;3,8;2,2;
2023/07/28;0200 UTC;0;972;972;971,7;;19,9;14,6;20,6;19,9;14,8;14,5;71;69;71;115;4,9;2,6;
2023/07/28;0300 UTC;0;972,2;972,2;971,9;;18,5;14,4;19,9;18,5;14,6;14,3;77;71;77;79;4;,5;
2023/07/28;0400 UTC;0;972,4;972,4;972,2;;17,5;14,3;18,5;17,5;14,9;14,1;82;77;81;354;1,4;1,1;
2023/07/28;0500 UTC;0;972;972,4;972;;17,6;15,8;18;16,5;16,3;14,2;93;81;89;3;1,9;1,1;
2023/07/28;0600 UTC;0;971,6;972;971,6;,1;18,1;16,1;18,5;17,7;16,7;15,2;91;83;88;126;2;,9;
2023/07/28;0700 UTC;0;971,4;971,6;971,3;;16,8;15,9;18,1;16,5;16;15,3;95;87;94;355;1,8;1;
2023/07/28;0800 UTC;0;971,1;971,4;971,1;;15,5;15,1;16,8;15,5;15,7;15,1;98;93;97;303;2;,8;
2023/07/28;0900 UTC;0;971,2;971,3;971,1;;15,4;14,9;15,7;15,1;15,3;14,8;98;97;97;334;1,6;1;
2023/07/28;1000 UTC;0;971,6;971,6;971,2;28,5;15,3;14,9;15,5;15;15,2;14,6;98;97;97;72;2,1;,5;
2023/07/28;1100 UTC;0;971,9;971,9;971,6;409,9;17;16,1;17;15;16,2;14,6;98;94;94;79;1,9;,9;
2023/07/28;1200 UTC;0;972,4;972,4;971,9;1115,4;18,9;15,4;19,1;16,8;16,6;15,4;94;80;81;67;2,1;1;
2023/07/28;1300 UTC;0;972,1;972,5;972,1;1788,4;21,2;16;21,3;18,8;16,5;15,4;84;71;72;28;2,9;1,5;
2023/07/28;1400 UTC;0;971,4;972,1;971,4;2280,4;23,3;14,6;23,7;21,1;16,3;14,6;72;58;58;108;2,8;1;
2023/07/28;1500 UTC;0;969,9;971,4;969,9;2495,7;25;14,8;25,4;23,1;15,4;14,5;59;52;53;117;4,1;1,3;
2023/07/28;1600 UTC;0;968,8;969,9;968,8;2491,9;27,5;14,7;28,2;25,1;15,4;14,6;53;44;46;316;3,3;1,7;
2023/07/28;1700 UTC;0;967,7;968,8;967,7;2275,6;28,2;14,1;29,6;27,3;15,3;13,8;46;40;42;241;5;2,2;
2023/07/28;1800 UTC;0;967,2;967,7;967,1;1747,7;29,3;14,2;29,4;27,7;14,9;13,8;44;40;40;295;4,2;2,1;
2023/07/28;1900 UTC;0;967,1;967,2;967;1237,1;29,4;14,5;29,7;29;14,5;13,7;40;38;40;271;3,5;1,9;
2023/07/28;2000 UTC;0;967,4;967,4;967,1;540,2;26,9;16,1;29,7;26,9;16,1;14;52;39;52;324;3,7;2,3;
2023/07/28;2100 UTC;0;967,9;967,9;967,4;30,2;23,9;16,2;26,9;23,8;16,8;16,1;64;52;62;329;3,4;1,7;
2023/07/28;2200 UTC;0;968,1;968,1;967,9;;23,2;15,5;24,2;23,1;16,3;14,8;63;57;62;78;2,5;1,2;
2023/07/28;2300 UTC;0;969,5;969,5;968,1;;22,5;15,2;23,2;21,3;16,6;15,2;74;62;63;258;11;6,1;
2023/07/29;0000 UTC;9;970,5;970,5;969,4;1,1;18,6;17,3;22,7;17,9;17,7;14,9;97;62;92;195;11,8;1,4;
2023/07/29;0100 UTC;,2;970,7;970,8;970,1;0;18,2;16,9;19,3;18,2;17,7;16,5;93;84;92;48;5,5;2,8;
2023/07/29;0200 UTC;0;970,7;970,9;970,5;;18,1;17,5;18,3;17,8;17,7;16,8;96;92;96;260;4,4;,8;
2023/07/29;0300 UTC;0;970,7;970,8;970,5;;17,7;17,2;18,2;17,7;17,7;17,2;97;96;97;346;2,1;,6;
2023/07/29;0400 UTC;0;970,3;970,7;970,3;;17,7;17,1;18;17,6;17,4;17,1;97;96;96;49;2,3;1,1;
2023/07/29;0500 UTC;0;970,3;970,4;970,2;;17,6;17,4;17,7;17;17,4;16,5;99;96;99;82;2,3;,6;
2023/07/29;0600 UTC;0;969,6;970,4;969,6;;17,4;17,2;17,7;17,3;17,4;17,1;99;98;98;168;2;1,2;
2023/07/29;0700 UTC;0;969,5;969,7;969,4;;17,5;17,2;17,5;17,1;17,2;16,9;99;98;99;106;2,5;,9;
2023/07/29;0800 UTC;0;969,7;969,7;969,4;;16,9;16,8;17,5;16,9;17,2;16,7;99;98;99;45;2,2;,5;
2023/07/29;0900 UTC;0;970,3;970,4;969,7;;17,3;17,2;17,3;16,9;17,2;16,7;99;99;99;103;2,1;,8;
2023/07/29;1000 UTC;0;970,7;970,8;970,3;9;17,4;17,2;17,4;17,2;17,2;17;99;99;99;178;3,9;1,9;
2023/07/29;1100 UTC;0;971,3;971,3;970,7;209,6;18;17,9;18;17,4;17,9;17,2;99;99;99;324;3,9;,7;
2023/07/29;1200 UTC;0;972;972;971,3;477,1;18,7;18,1;18,7;17,8;18,2;17,7;99;96;96;111;2,4;1,5;
2023/07/29;1300 UTC;0;972,1;972,2;971,8;849;20,2;18,3;20,2;18,7;18,3;17,4;96;86;89;99;4,1;2,3;
2023/07/29;1400 UTC;0;971,8;972,1;971,8;1993,3;21,7;16,5;22,3;20,2;18,4;15,9;89;69;72;73;5;2,2;
2023/07/29;1500 UTC;0;971,2;971,8;971,2;1605,6;22,5;16,8;22,9;21,7;16,8;15,3;72;65;70;100;6,2;3,6;
2023/07/29;1600 UTC;0;971,1;971,3;970,7;775;19,7;15,9;23;19,7;17;15,2;79;64;79;109;7,6;4,8;
2023/07/29;1700 UTC;,4;971;971,1;970,7;335,6;18,5;16,6;19,7;18,4;17,3;16,1;92;79;89;73;8;3,1;
2023/07/29;1800 UTC;0;970,9;971;970,8;244;18,5;16,7;18,6;18,4;16,9;16,5;90;89;89;45;6;3,3;
2023/07/29;1900 UTC;0;971;971;970,9;185,7;18,9;15,3;18,9;18,5;16,8;15,3;89;80;80;57;5,6;3;
2023/07/29;2000 UTC;0;971,5;971,5;971;85,9;18,3;14,6;18,9;18,3;15,4;14,5;81;77;79;67;7;3,3;
2023/07/29;2100 UTC;0;972,4;972,4;971,5;7,4;17,6;14,6;18,3;17,6;15,2;14,5;84;79;82;69;7;3,4;
2023/07/29;2200 UTC;0;973,1;973,1;972,4;;16,9;15,1;17,6;16,9;15,2;14,6;89;82;89;60;6,6;3,4;
2023/07/29;2300 UTC;0;973,6;973,6;973,1;;16,6;14,8;16,9;16,6;15,2;14,8;91;89;89;55;6,6;2,9;
2023/07/30;0000 UTC;0;974,1;974,1;973,6;;16,2;14,7;16,7;16,2;14,9;14,5;91;88;91;36;5,6;2,3;
2023/07/30;0100 UTC;0;974,2;974,2;974;;16,1;14,7;16,2;16,1;14,8;14,7;92;91;91;39;4,5;1,7;
2023/07/30;0200 UTC;0;974,3;974,3;974,2;;15,7;14,9;16,1;15,7;14,9;14,7;95;91;95;26;2,9;1;
2023/07/30;0300 UTC;0;974;974,3;974;;15,8;15,1;15,9;15,7;15,1;14,9;96;95;96;19;1,8;1;
2023/07/30;0400 UTC;0;973,6;974;973,6;;15,9;14,9;16;15,6;15,1;14,9;96;94;94;41;2,7;1;
2023/07/30;0500 UTC;0;973,3;973,6;973,2;;16;14,4;16,1;15,9;15;14,3;94;89;90;90;4,1;2,1;
2023/07/30;0600 UTC;0;973,3;973,4;973,3;;15,4;14,2;16;15,4;14,6;14,2;92;90;92;64;4,6;2,9;
2023/07/30;0700 UTC;0;973,1;973,4;973;;15,2;13,4;15,4;15,2;14,3;13,4;93;89;89;51;5;2,4;
2023/07/30;0800 UTC;0;973,2;973,2;973;;14,7;13,3;15,2;14,6;13,4;13,2;92;89;92;353;4;1,7;
2023/07/30;0900 UTC;0;973,7;973,7;973,2;;14,8;13,3;14,8;14,6;13,5;13,3;92;91;91;337;2,7;1,3;
2023/07/30;1000 UTC;0;974,3;974,3;973,7;17,4;14,7;13,5;14,8;14,6;13,5;13,2;93;91;92;331;2,7;1,5;
2023/07/30;1100 UTC;0;974,7;974,7;974,2;299,2;15,9;13,4;15,9;14,7;13,6;12,8;92;83;85;344;3,3;1,6;
2023/07/30;1200 UTC;0;975;975;974,6;738,2;17,5;11,7;17,6;15,8;13,2;11,5;85;68;69;58;3,6;1,8;
2023/07/30;1300 UTC;0;975,3;975,4;975;1098,2;18;11,8;18,3;17,4;12,4;11,7;70;66;67;102;4,9;2,3;
2023/07/30;1400 UTC;0;975,2;975,4;975,2;1268,3;18,5;11,8;19;18;12,2;11,4;68;63;65;113;5,7;3,2;
2023/07/30;1500 UTC;0;974,3;975,2;974,3;1294,2;19,3;11,6;19,9;18,4;12,5;11,5;66;60;61;68;5,1;1,6;
2023/07/30;1600 UTC;0;973,4;974,3;973,4;1343;20,2;11,9;20,6;19,3;12,3;11,2;62;57;59;78;4,6;2,4;
2023/07/30;1700 UTC;0;972,4;973,4;972,4;1391,3;20,4;11,9;20,9;19,8;12,4;11,5;61;57;58;80;5,6;2,3;
2023/07/30;1800 UTC;0;972;972,4;972;1476,4;21,2;11,9;21,9;20,4;12,7;11,7;59;55;55;72;5,3;1,8;
2023/07/30;1900 UTC;0;971,9;972,1;971,9;973,2;20,9;12,6;21,8;20,8;12,9;12,1;59;56;59;64;5,1;1,8;
2023/07/30;2000 UTC;0;972,2;972,2;971,9;296,4;19,9;13,3;21,1;19,8;13,4;12,5;66;59;66;23;4;1,4;
2023/07/30;2100 UTC;0;972,3;972,4;972,2;22,3;19,4;13,4;19,9;19,3;13,5;13,2;69;66;68;68;2,9;,9;
2023/07/30;2200 UTC;0;972,8;972,8;972,3;;19,2;13,8;19,5;19,1;13,8;13,4;71;68;71;118;5,2;3,1;
2023/07/30;2300 UTC;0;973,1;973,1;972,8;;18,6;14;19,1;18,6;14;13,7;75;71;74;102;5,1;2,5;
2023/07/31;0000 UTC;0;973,6;973,6;973,1;;18,1;14;18,6;18,1;14;13,8;77;74;77;84;4,4;2,1;
2023/07/31;0100 UTC;0;973,9;973,9;973,6;;17,9;13,9;18,1;17,9;14;13,8;77;76;77;93;4;1,7;
2023/07/31;0200 UTC;0;973,8;973,9;973,7;;17,7;13,8;17,9;17,7;13,9;13,8;78;77;78;70;3;1,5;
2023/07/31;0300 UTC;0;973,8;973,9;973,7;;17,5;13,9;17,7;17,5;14;13,8;80;78;80;88;2,5;1,1;
2023/07/31;0400 UTC;0;973,1;973,8;973,1;;17,2;14,1;17,5;17,2;14,1;13,9;82;79;82;67;2,5;1,2;
2023/07/31;0500 UTC;0;972,7;973,1;972,6;;16,8;14,6;17,2;16,8;14,6;14;87;82;87;81;2,4;1,1;
2023/07/31;0600 UTC;0;972,3;972,7;972,3;;15,5;14,6;16,8;15,5;14,9;14,6;94;87;94;10;1,9;1,6;
2023/07/31;0700 UTC;0;972,2;972,4;972,2;;16,2;15,1;16,2;15,4;15,2;14,6;96;94;94;32;2,4;1,7;
2023/07/31;0800 UTC;0;972,6;972,6;972,2;;16,3;15,2;16,4;16,2;15,2;15;94;92;93;80;2,3;1,1;
2023/07/31;0900 UTC;0;973,4;973,4;972,6;;16;15;16,3;16;15,2;14,9;94;92;94;58;2,3;1,3;
2023/07/31;1000 UTC;0;974;974;973,5;18,3;16,1;14,8;16,1;15,9;15,2;14,8;95;92;92;79;3,3;2,2;
2023/07/31;1100 UTC;0;974,6;974,6;974;273,9;16,7;15;16,7;16;15,1;14,7;93;90;90;73;3,5;1,8;
2023/07/31;1200 UTC;0;974,8;974,8;974,6;889,5;17,8;13,6;18,1;16,7;15,3;13,4;90;76;77;144;3,4;2;
2023/07/31;1300 UTC;0;974,2;974,8;974,2;1689,3;20,3;13,8;20,3;17,8;13,9;13,1;77;66;66;350;3;,8;
2023/07/31;1400 UTC;0;973,7;974,2;973,7;2381,6;21;12,9;22,1;19,5;14,1;12,9;68;59;60;173;3,3;2,1;
2023/07/31;1500 UTC;0;972,9;973,7;972,9;2511,5;22;12,7;22,9;21;13,6;12,4;61;52;56;168;4,3;1,5;
2023/07/31;1600 UTC;0;971,5;972,9;971,5;1807,7;24;12,6;24,8;21,7;13,5;12;57;47;49;101;3,6;1,1;
2023/07/31;1700 UTC;0;970,2;971,5;970,2;2178,1;24,6;12,5;24,9;23,4;13,2;12,2;50;47;47;101;4;1,4;
2023/07/31;1800 UTC;0;969,6;970,2;969,6;1897,4;25,2;12,7;26,1;24,6;13,4;12,5;48;44;46;193;3,6;1,7;
2023/07/31;1900 UTC;0;969,4;969,6;969,4;1297,2;25,3;12,6;26,1;24,9;13,3;12,3;47;44;45;139;3,1;,8;
2023/07/31;2000 UTC;0;969,8;969,8;969,4;589,6;25,1;12,8;25,8;25,1;13,1;12,5;47;44;46;66;2,5;1;
2023/07/31;2100 UTC;0;970,3;970,3;969,8;36,5;21,1;15,3;25,2;21,1;15,4;12,7;69;46;69;352;3;1,9;
2023/07/31;2200 UTC;0;970,9;970,9;970,3;;20,1;15;21,9;20;15,4;14,8;73;66;73;321;2,8;,9;
2023/07/31;2300 UTC;0;971,5;971,5;970,9;;18,7;15;20,1;18,6;15,2;14,9;80;73;79;108;3,8;1;
2023/08/01;0000 UTC;0;972,3;972,3;971,5;;17,5;15,6;19,1;17,5;15,6;14,5;89;77;89;356;1,4;,7;
2023/08/01;0100 UTC;0;972,3;972,5;972,3;;18,7;14,9;18,7;16,6;16,2;14,9;94;79;79;32;3,5;2,2;
2023/08/01;0200 UTC;0;972,3;972,3;972;;16,7;14,9;18,7;16,7;15,3;14,6;89;78;89;136;3;1,3;
2023/08/01;0300 UTC;0;972,4;972,4;972,1;;15,9;15,4;16,8;15,4;15,5;14,2;97;89;97;315;2,4;1;
2023/08/01;0400 UTC;0;972,3;972,5;972,3;;15,5;14,8;16,3;15,5;15,7;14,8;97;95;96;97;1,4;,6;
2023/08/01;0500 UTC;0;971,9;972,3;971,9;;15,5;14,8;15,6;15,4;15;14,7;96;95;96;103;1,8;,9;
2023/08/01;0600 UTC;0;971,6;971,9;971,6;;15,7;15,1;15,8;15,2;15,3;14,6;97;96;96;85;2,5;1,5;
2023/08/01;0700 UTC;0;971,5;971,6;971,4;;15,7;15,3;15,8;15,5;15,3;14,9;97;96;97;107;2,7;1,5;
2023/08/01;0800 UTC;0;971,6;971,7;971,5;;15,7;15,1;16;15,5;15,3;14,8;97;95;97;65;2,9;1,6;
2023/08/01;0900 UTC;0;972;972;971,4;;15,9;15,2;16,3;15,7;15,7;15,2;97;95;95;128;3,4;2,1;
2023/08/01;1000 UTC;0;972,6;972,6;971,9;8,5;16,2;15,6;16,2;15,9;15,6;15,2;96;95;96;72;3,4;,7;
2023/08/01;1100 UTC;0;973,6;973,6;972,6;142,3;16,9;16,4;16,9;16,1;16,4;15,5;97;96;97;6;1,6;,6;
2023/08/01;1200 UTC;0;974,1;974,1;973,6;613,2;18,4;16,3;18,6;16,9;16,9;16,2;97;87;88;78;2,4;1,3;
2023/08/01;1300 UTC;0;974,3;974,4;974,1;1339,1;20;14,8;20,3;18,3;16,8;14,8;89;72;72;126;3,5;1,8;
2023/08/01;1400 UTC;0;973,6;974,3;973,5;1920;21,9;14,6;22,2;19,8;15,5;13,8;73;62;63;118;4,9;2,4;
2023/08/01;1500 UTC;0;972,6;973,6;972,6;1694,6;23,7;13,3;23,7;21,3;14,3;13;63;52;52;112;4,9;1,6;
2023/08/01;1600 UTC;0;971,5;972,6;971,5;2559,9;24;12,8;25,1;23;13,9;12,6;53;48;50;142;4,3;2,1;
2023/08/01;1700 UTC;0;970,7;971,5;970,7;2350,3;25;12,7;25,7;24;13,6;12,3;50;45;47;149;5;2,3;
2023/08/01;1800 UTC;0;970,5;970,7;970,5;1855;26;12,1;26,2;25;13,1;11,5;47;41;42;65;5,7;2,5;
2023/08/01;1900 UTC;0;970,3;970,5;970,3;1293,7;26,1;11,6;26,4;25,6;12,1;11;43;40;41;46;4,5;1,7;
2023/08/01;2000 UTC;0;970,6;970,6;970,3;533,2;24,5;12,3;26,3;24,5;12,3;11,3;47;40;47;89;4,2;2,2;
2023/08/01;2100 UTC;0;971,1;971,1;970,6;32;22,4;13,2;24,5;22,4;13,2;12,3;56;47;56;108;4,5;2,5;
2023/08/01;2200 UTC;0;971,9;971,9;971,1;;20,3;13,8;22,4;20,3;14,1;13,2;66;56;66;69;4;1,4;
2023/08/01;2300 UTC;0;972,2;972,2;971,9;;19,6;14,3;20,3;19,5;14,3;13,8;72;66;71;52;2,6;1,3;
2023/08/02;0000 UTC;0;972,6;972,6;972,2;;18,6;14,2;19,6;18,5;14,3;13,9;76;71;75;87;2;1,1;
2023/08/02;0100 UTC;0;972,8;972,8;972,6;;16,9;13,7;18,7;16,9;14,4;13,5;82;75;82;104;1,7;,2;
2023/08/02;0200 UTC;0;972,9;972,9;972,8;;16,6;15,7;17,2;15,6;16;13,4;96;82;95;33;1,7;1,2;
2023/08/02;0300 UTC;0;972,6;972,9;972,6;;15,8;14,7;16,7;15,8;15,7;14,4;95;91;93;80;1,7;,8;
2023/08/02;0400 UTC;0;971,9;972,6;971,9;;15,2;14,5;15,8;15,1;14,6;14,3;96;93;96;104;2,2;1,7;
2023/08/02;0500 UTC;0;971,5;971,9;971,5;;13,9;13,5;15,3;13,7;14,6;13,1;98;95;97;39;2,2;1;
2023/08/02;0600 UTC;0;971;971,5;971;;13,7;13,5;14,2;13,6;13,9;13,2;99;97;98;119;1,5;,9;
2023/08/02;0700 UTC;0;970,9;971;970,8;;13,5;13,3;13,8;13,5;13,6;13,2;99;98;98;69;2,3;,7;
2023/08/02;0800 UTC;0;970,9;971;970,9;,2;14;13,9;14;12,8;13,9;12,5;99;97;99;74;1,6;,8;
2023/08/02;0900 UTC;0;971,5;971,5;970,9;;13,9;13,8;14,4;13,9;14,2;13,7;99;99;99;76;2,4;,8;
2023/08/02;1000 UTC;0;971,9;971,9;971,5;23,7;13,6;13,5;13,9;13,5;13,8;13,3;99;99;99;73;2;1;
2023/08/02;1100 UTC;0;972,5;972,6;971,9;243,3;13,9;13,7;13,9;13,5;13,8;13,4;99;99;99;39;2,3;1,4;
2023/08/02;1200 UTC;0;973;973;972,6;640,5;14,1;14;14,3;13,6;14,2;13,5;99;99;99;57;2,7;1,1;
2023/08/02;1300 UTC;0;973,2;973,3;973;1287;15,7;15,1;15,8;13,8;15,6;13,7;99;96;96;83;3,1;1,8;
2023/08/02;1400 UTC;0;972,6;973,2;972,6;2230,1;19,9;14,3;19,9;15,5;15,6;13,5;96;70;70;283;3,1;1,3;
2023/08/02;1500 UTC;0;971,6;972,6;971,6;2698,1;22,4;13,4;22,4;19,4;14,3;13,1;70;57;57;246;3;1,3;
2023/08/02;1600 UTC;0;970,2;971,6;970,2;2696,9;25;12,1;25,1;22,1;13,4;11,6;57;44;44;229;3,6;1;
2023/08/02;1700 UTC;0;969,2;970,2;969,2;2464,8;26,3;9,9;26,6;24,2;12,3;9,4;47;35;36;203;3,2;1,1;
2023/08/02;1800 UTC;0;968,7;969,2;968,7;1998,9;26,9;8,8;27,5;26,1;10,5;7,7;37;29;32;268;3,6;1,5;
2023/08/02;1900 UTC;0;968,4;968,7;968,4;1393,9;27,8;6,3;28,4;26,7;9,1;6,3;33;26;26;89;3;1,1;
2023/08/02;2000 UTC;0;968,7;968,7;968,4;643,6;26,9;8,8;28,4;26,9;9,2;6,9;32;26;32;321;2,3;1,3;
2023/08/02;2100 UTC;0;968,8;968,8;968,7;39,3;22;12,9;26,9;22;13,1;8,9;57;32;56;349;3,2;2,3;
2023/08/02;2200 UTC;0;968,9;968,9;968,8;;19,7;13,4;22;19,7;13,4;12,7;67;56;67;268;3,3;,9;
2023/08/02;2300 UTC;0;969,2;969,2;968,9;;18,8;11,3;19,7;18,2;13,3;11,2;67;61;62;325;2,2;,6;
2023/08/03;0000 UTC;0;969,5;969,5;969,2;;16,3;12,6;19,1;16,3;12,7;11,2;79;61;79;333;2,1;1,1;
2023/08/03;0100 UTC;0;969,7;969,7;969,4;;15,6;11,2;16,4;15,4;12,5;11,1;79;74;75;306;2;1,4;
2023/08/03;0200 UTC;0;969,6;969,8;969,6;;16,5;11;16,5;15,1;11,4;11;78;70;70;37;1,9;,4;
2023/08/03;0300 UTC;0;969,3;969,6;969,2;;14,6;12,6;16,5;13,8;13,4;10,7;91;70;88;148;1,5;1;
2023/08/03;0400 UTC;0;969,5;969,5;969,2;;13,2;11,9;14,8;12,8;13,2;11,5;94;88;92;309;2,3;2;
2023/08/03;0500 UTC;0;969,2;969,5;969,2;;12,8;12;13,2;12,8;12,2;11,9;95;92;95;323;2,3;,8;
2023/08/03;0600 UTC;0;969;969,2;969;;12,3;11,4;13,4;12,2;12,8;11,3;97;94;94;318;1,9;,8;
2023/08/03;0700 UTC;0;969;969;968,9;;11,7;11,3;12,3;11,3;11,4;10,6;98;94;98;306;2,2;1,4;
2023/08/03;0800 UTC;0;968,8;969;968,8;;12,3;12;12,3;11,7;12;11,3;98;98;98;186;2;,4;
2023/08/03;0900 UTC;0;969,3;969,3;968,8;;12,1;11,7;12,5;11,6;12,2;11,3;99;98;98;113;2;1,4;
2023/08/03;1000 UTC;0;969,7;969,7;969,3;27,1;10,7;10,5;12,1;10,2;11,7;9,8;99;97;99;317;1,9;1,2;
2023/08/03;1100 UTC;0;970,2;970,2;969,7;467,6;12,5;12,3;12,5;10,7;12,3;10,6;99;98;98;293;1,6;,6;
2023/08/03;1200 UTC;0;970,7;970,7;970,2;1345,2;16,2;13,5;16,3;12,5;14,5;12,3;98;84;84;282;2,2;1,1;
2023/08/03;1300 UTC;0;970,6;970,8;970,6;1994;19,4;12,2;19,8;16,2;14;12,2;86;63;63;261;2,4;1;
2023/08/03;1400 UTC;0;969,6;970,6;969,6;2486,1;22,6;13,4;22,6;19,4;13,4;12,1;63;55;56;219;3,3;1,2;
2023/08/03;1500 UTC;0;968,4;969,6;968,4;2727,9;25,5;10,9;25,7;22,6;13,3;10,7;56;39;40;252;4,1;2,2;
2023/08/03;1600 UTC;0;967,3;968,4;967,3;2719,5;27,3;10,5;27,9;25,5;11,2;10,3;40;34;35;200;4,7;1,6;
2023/08/03;1700 UTC;0;966,2;967,3;966,2;2467,3;29,4;9,5;30,1;27,3;11;8,8;36;28;29;311;3,6;1,7;
2023/08/03;1800 UTC;0;966;966,2;965,9;1997,1;30,3;8,5;30,9;29,1;10,1;7,3;30;25;26;183;3,2;1,6;
2023/08/03;1900 UTC;0;966,1;966,1;966;1364,8;30,2;8,6;30,8;29,9;9,4;7,7;27;24;26;86;3,3;1,6;
2023/08/03;2000 UTC;0;966,3;966,3;966,1;613,3;28,7;10,3;30,3;28,7;10,4;8,5;32;26;32;34;4;1,5;
2023/08/03;2100 UTC;0;966,8;966,8;966,3;42,7;26,1;11;28,7;25,4;11,4;10;40;32;39;73;3,6;2,2;
2023/08/03;2200 UTC;0;967,4;967,4;966,8;;21,5;12,2;26,1;21,5;12,2;10,9;56;39;56;1;3,6;1,4;
2023/08/03;2300 UTC;0;968;968;967,4;;22;12;22,5;21,3;12,6;12;57;52;53;23;3,4;1,9;
2023/08/04;0000 UTC;0;968,5;968,5;968;;20;13,3;22;19,2;13,7;11,8;68;53;65;102;2,8;1,2;
2023/08/04;0100 UTC;0;968,7;968,7;968,5;;18,8;12,5;20,2;18,8;13,4;12,2;67;61;67;118;1,9;1,3;
2023/08/04;0200 UTC;0;969,2;969,2;968,7;;18;12,6;18,8;18;12,7;12,4;71;67;71;116;1,7;1;
2023/08/04;0300 UTC;0;969,4;969,4;969,2;;16,1;12,6;18;15,3;13,5;12;86;71;80;315;1,5;1,1;
2023/08/04;0400 UTC;0;969,9;969,9;969,4;;14,8;13,5;16,1;14,2;13,6;12;92;80;92;292;2;1,3;
2023/08/04;0500 UTC;0;969,2;969,9;969,2;;14,3;13;15,1;13,9;13,5;12,4;93;88;92;329;3,4;2,3;
2023/08/04;0600 UTC;0;968,7;969,2;968,7;;14,8;13,1;15,5;13,8;13,8;12,6;94;87;89;104;3,4;1,2;
2023/08/04;0700 UTC;0;968,4;968,7;968,4;;13,6;12,2;14,8;13,4;13,5;12,2;95;89;92;91;1,6;,7;
2023/08/04;0800 UTC;0;968,5;968,5;968,3;;13,5;13,3;13,6;12,5;13,3;11,8;98;92;98;332;2,3;1,2;
2023/08/04;0900 UTC;0;969,3;969,3;968,5;;12,7;12,1;13,8;12,4;13,2;11,5;98;94;97;57;3,4;,9;
2023/08/04;1000 UTC;0;969,4;969,5;969,2;17;13,5;13,2;13,5;12,1;13,2;11,6;99;96;98;72;2,8;1,3;
2023/08/04;1100 UTC;0;970;970;969,4;154,8;13,8;13,6;13,8;13;13,6;12,7;99;98;99;334;2,4;,8;
2023/08/04;1200 UTC;0;970,6;970,6;970;382,4;15,4;15,3;15,4;13,8;15,3;13,7;99;99;99;134;2,5;1,1;
2023/08/04;1300 UTC;0;970,8;970,9;970,6;566,2;16,6;16,1;16,6;15,4;16,1;15,2;99;97;97;132;2,5;1,1;
2023/08/04;1400 UTC;0;970,7;970,9;970,7;1323,9;19,3;14,5;19,4;16,4;15,9;14,3;97;74;74;90;3;1;
2023/08/04;1500 UTC;0;969,5;970,7;969,5;2629,9;21,7;14,3;22,3;19,2;15,1;13,7;75;61;63;71;4;1,9;
2023/08/04;1600 UTC;0;968,3;969,5;968,3;2577,2;23,7;13,7;23,8;21,7;14,3;12,5;63;50;53;117;4,6;1,6;
2023/08/04;1700 UTC;0;967,1;968,3;967,1;2261,9;25,1;13;25,7;23,6;14,3;13;53;46;47;56;4,5;1,6;
2023/08/04;1800 UTC;0;966,5;967,1;966,5;1809,5;25,7;12,7;26,4;24,9;14,2;12,5;49;43;45;80;4,3;1,7;
2023/08/04;1900 UTC;0;966,3;966,5;966,3;1192,8;26,1;12,4;26,6;25,7;13,2;12;45;41;43;86;3,6;2,2;
2023/08/04;2000 UTC;0;966,7;966,7;966,3;511,4;25;12,6;26,1;25;12,9;12,1;46;42;46;94;4,4;2,3;
2023/08/04;2100 UTC;0;967,6;967,6;966,8;45,9;22,6;14;25;22,6;14;12,6;59;46;59;100;6,4;3,1;
2023/08/04;2200 UTC;0;968,1;968,1;967,6;;20,7;14,2;22,6;20,7;14,2;14;66;59;66;71;5,1;2,3;
2023/08/04;2300 UTC;0;968,8;968,8;968,2;;19,7;14,1;20,7;19,7;14,2;14;70;66;70;77;3,9;2;
2023/08/05;0000 UTC;0;969,4;969,4;968,8;;18,3;14,3;19,7;18,3;14,5;14;77;70;77;58;3,3;1,4;
2023/08/05;0100 UTC;0;969,5;969,6;969,3;;17,8;14,7;18,3;17,5;14,9;14,2;83;77;82;61;2,7;1,1;
2023/08/05;0200 UTC;0;969,6;969,6;969,5;;16,8;15,5;17,8;16,8;15,5;14,5;92;82;92;72;2,5;,7;
2023/08/05;0300 UTC;0;969,3;969,6;969,3;;16,3;15,3;16,8;15,9;15,5;15;95;92;93;120;1,5;,8;
2023/08/05;0400 UTC;0;968,9;969,3;968,9;;15,2;14,8;16,4;14,9;15,4;13,9;97;93;97;118;1,7;,8;
2023/08/05;0500 UTC;0;968,8;968,9;968,7;;13,6;13,4;15,2;13,5;14,7;13,2;98;97;98;321;2;1,6;
2023/08/05;0600 UTC;0;968,7;968,8;968,6;;13,4;13,2;13,8;13,3;13,6;13,1;99;98;99;315;2;1,3;
2023/08/05;0700 UTC;0;968,7;968,7;968,6;;13,2;13,1;13,6;13,1;13,4;12,9;99;99;99;326;1,8;1,1;
2023/08/05;0800 UTC;0;968,9;968,9;968,7;0;14,2;14,1;14,2;13,2;14,1;13,1;99;99;99;29;1,6;,4;
2023/08/05;0900 UTC;0;969,6;969,6;968,9;,2;14;13,9;14,4;14;14,3;13,9;99;99;99;330;1,3;,8;
2023/08/05;1000 UTC;0;970,1;970,1;969,6;16,4;14,2;14;14,2;13,8;14;13,7;99;99;99;341;1,4;1;
2023/08/05;1100 UTC;0;970,6;970,6;970,1;145,8;14,9;14,8;15;14,1;14,8;14;99;99;99;4;1,7;,9;
2023/08/05;1200 UTC;0;971,6;971,6;970,6;287,7;14,9;14,8;15,1;14,7;14,9;14,6;99;99;99;338;2,1;1,3;
2023/08/05;1300 UTC;0;971,8;971,9;971,6;551,4;15,4;15,3;15,7;14,9;15,6;14,8;100;99;100;255;2,6;1,5;
2023/08/05;1400 UTC;0;971,2;971,8;971,2;1037,3;17,6;17;17,6;15,4;17,3;15,3;100;96;96;242;2,7;1,5;
2023/08/05;1500 UTC;0;970,2;971,2;970,2;2574,4;21,5;15;22;17,7;17,5;14,8;96;66;66;179;3,4;1;
2023/08/05;1600 UTC;0;969,3;970,2;969,3;2609,2;23,9;13,3;24,5;21,5;16,2;13,3;67;51;51;166;3,1;1,4;
2023/08/05;1700 UTC;0;968,3;969,3;968,3;2382,1;26,4;12,8;26,7;23,9;14,3;12,8;52;43;43;160;4,5;1,5;
2023/08/05;1800 UTC;0;967,8;968,3;967,8;1934,7;27,6;11,9;27,7;26;13;11,8;44;37;38;66;4,2;1,5;
2023/08/05;1900 UTC;0;968;968;967,8;1328,7;27,8;11,9;28,1;27,3;12,6;11,3;39;36;37;82;4,6;1,2;
2023/08/05;2000 UTC;0;968,4;968,4;968;572,2;26,7;11,6;28,2;26,7;12,2;11,1;39;35;39;344;3;1,2;
2023/08/05;2100 UTC;0;968,7;968,8;968,4;41,9;22,3;14,3;26,7;22,3;14,3;11,6;61;39;61;338;2,7;1,9;
2023/08/05;2200 UTC;0;969,6;969,6;968,7;;22,4;14,3;23,5;22;14,8;13,7;63;55;60;68;4,1;2;
2023/08/05;2300 UTC;0;970,2;970,2;969,6;;21,8;14,5;22,4;21,8;14,6;14,3;63;60;63;44;4,8;3,5;
2023/08/06;0000 UTC;0;970,8;970,8;970,2;;21,5;14,8;21,8;20,9;14,9;14,5;68;63;66;40;4,8;2,8;
2023/08/06;0100 UTC;0;971,2;971,2;970,8;;20,1;14,2;21,6;19,8;14,9;14,2;71;66;69;37;4,7;3,1;
2023/08/06;0200 UTC;0;971,5;971,5;971,2;;19,8;13,7;20,5;19,6;14,2;13,7;69;66;68;36;4,6;2,8;
2023/08/06;0300 UTC;0;971,4;971,6;971,4;;17,8;13,8;19,8;17,6;13,9;13,5;78;68;77;75;3,9;2,3;
2023/08/06;0400 UTC;0;971,1;971,4;971,1;;16,9;13,9;17,8;16,9;13,9;13,7;82;77;82;107;3;2;
2023/08/06;0500 UTC;0;970,7;971,1;970,7;;16,1;14,7;16,9;16,1;15,1;13,8;91;82;91;78;3;1,7;
2023/08/06;0600 UTC;0;970,4;970,7;970,4;;15,5;14,6;16,3;15,5;15;14,2;95;91;94;93;2,7;1,6;
2023/08/06;0700 UTC;0;970,1;970,4;970,1;;15,3;14,6;15,6;15,3;14,7;14,5;96;94;96;106;2,4;1,5;
2023/08/06;0800 UTC;0;970,5;970,5;970,1;;14,4;14;15,4;14,4;14,7;14;98;96;98;99;2,3;1;
2023/08/06;0900 UTC;0;971;971;970,5;;13,9;13,6;14,4;13,4;14,1;12,9;99;97;98;105;1,8;1;
2023/08/06;1000 UTC;0;971,5;971,5;971;32,8;13,8;13,6;14;12,9;13,7;12,6;99;98;99;105;1,8;1,1;
2023/08/06;1100 UTC;0;972,1;972,1;971,5;449,1;14,9;14,6;14,9;13,6;14,6;13,3;99;97;98;106;2;1,1;
2023/08/06;1200 UTC;0;972,5;972,5;972,1;1227,3;18,6;14,9;18,7;14,9;16,4;14,7;98;79;79;98;2;1,2;
2023/08/06;1300 UTC;0;972,5;972,6;972,4;1907,6;21,3;14,9;21,4;18,4;15,4;14,6;80;67;67;86;3;1,2;
2023/08/06;1400 UTC;0;971,7;972,5;971,7;2404,7;22,9;14,7;23,6;20,9;15,3;14,3;67;57;60;123;4,5;1,7;
2023/08/06;1500 UTC;0;970,6;971,7;970,6;2645,6;26,1;15,2;26,1;23;15,2;14,1;60;50;51;92;5,1;1,6;
2023/08/06;1600 UTC;0;969,2;970,6;969,2;2613,1;27,5;15,2;27,5;25;15,2;14,2;52;47;47;244;3,8;1,4;
2023/08/06;1700 UTC;0;968,1;969,2;968,1;2099,6;28;14,1;28,4;26,6;15,1;13,9;47;42;43;22;4;1,5;
2023/08/06;1800 UTC;0;967,4;968,1;967,4;1563,2;29;14;29;27,8;14,4;13,7;44;40;40;43;3,5;1;
2023/08/06;1900 UTC;0;967,1;967,4;967,1;1138,2;29,1;13,7;29,3;28,2;14,3;13,6;41;39;39;54;3,5;1,7;
2023/08/06;2000 UTC;0;967,2;967,2;967,1;548,1;28,4;13,7;29,7;28,4;14;13,3;41;38;40;68;3;1,2;
2023/08/06;2100 UTC;0;967,4;967,4;967,2;42,8;24,9;16,2;28,4;24,9;16,2;13,5;59;40;59;350;2,5;1,1;
2023/08/06;2200 UTC;0;967,7;967,8;967,4;;23,9;16,1;24,9;23,9;16,4;16;62;59;62;104;2,6;,4;
2023/08/06;2300 UTC;0;968,3;968,3;967,7;;21,2;16;23,9;21,2;16,3;16;72;62;72;5;1,2;,5;
2023/08/07;0000 UTC;0;968,9;968,9;968,3;;20,1;16,1;21,8;19,1;17,2;15,8;87;71;78;344;2;1,2;
2023/08/07;0100 UTC;0;969,6;969,6;968,9;;17,7;16,1;20,4;17,7;16,4;15,3;90;76;90;299;1,6;,9;
2023/08/07;0200 UTC;0;969,6;969,8;969,6;;16,8;15,2;19;16,8;17,1;15,2;94;86;91;288;1,5;,9;
2023/08/07;0300 UTC;0;969,7;969,7;969,4;;16,9;15,4;18,3;16,7;17;15,4;95;88;91;210;1,6;,6;
2023/08/07;0400 UTC;0;969,6;969,8;969,5;;15,8;15,2;16,9;15,5;16;14,8;97;91;97;315;2;1,2;
2023/08/07;0500 UTC;0;969,2;969,6;969,2;;16,4;15,9;16,4;15,4;15,9;14,7;98;96;97;51;1,7;,8;
2023/08/07;0600 UTC;0;969;969,2;968,9;;15,5;15;16,6;15,3;16,1;14,6;97;95;97;99;2,4;1,1;
2023/08/07;0700 UTC;0;968,9;969;968,8;;14,1;13,9;15,5;13,7;15;13,4;99;96;99;339;1,9;1,3;
2023/08/07;0800 UTC;0;968,9;968,9;968,7;;13,9;13,8;14,4;13,5;14,3;13,3;99;99;99;132;2;,6;
2023/08/07;0900 UTC;0;969;969,1;968,9;;14,1;13,8;14,3;13,4;14,1;13,1;99;98;98;111;2,2;1,4;
2023/08/07;1000 UTC;0;969,6;969,6;969;44,6;12,8;12,7;14,1;12,8;13,8;12,6;99;98;99;357;3,1;,7;
2023/08/07;1100 UTC;0;970,2;970,2;969,6;431,8;13,4;13,3;13,5;12,3;13,4;12,2;99;99;99;333;1,9;,8;
2023/08/07;1200 UTC;0;970,9;970,9;970,2;1318,5;17,6;17,4;17,6;13,4;17,4;13,5;100;99;99;321;2,1;,9;
2023/08/07;1300 UTC;0;970,9;971;970,9;1980,2;21,8;13,5;22,4;17,6;18,2;13,3;99;59;59;55;2,3;1,1;
2023/08/07;1400 UTC;0;970,3;970,9;970,3;2465,8;24,7;13,8;24,7;21,8;14,4;13,1;60;51;51;262;3,1;1,7;
2023/08/07;1500 UTC;0;969,1;970,3;969,1;2712,4;26,7;12,6;26,7;24,3;13,7;12,3;51;41;42;239;4;1,6;
2023/08/07;1600 UTC;0;968,1;969,1;968,1;2687,9;28,1;11;28,5;26,3;12,9;10,7;42;34;35;255;4;1,5;
2023/08/07;1700 UTC;0;967;968,1;967;2424,3;29,7;10,9;30;28,1;11,9;10,2;35;30;31;101;3,8;1,5;
2023/08/07;1800 UTC;0;966,5;967;966,5;1955,5;30,9;9,3;30,9;29,7;10,7;8,8;31;26;26;95;3,4;1,5;
2023/08/07;1900 UTC;0;966,2;966,5;966,2;1285,6;30,4;9,4;31,5;30,4;10,5;8,5;29;24;27;68;4,2;2,5;
2023/08/07;2000 UTC;0;966,7;966,7;966,2;579;29,6;10,9;30,7;29,6;11;9,7;31;27;31;48;3,7;2,1;
2023/08/07;2100 UTC;0;967,2;967,2;966,7;51,1;24,6;13,7;29,6;24,6;13,7;10,5;51;31;51;336;3,1;2;
2023/08/07;2200 UTC;0;967,7;967,7;967,2;;22,5;14,3;24,6;22,5;14,5;13,6;60;51;60;350;3,7;,7;
2023/08/07;2300 UTC;0;968,5;968,5;967,7;;20,4;13,6;22,6;20,4;14,3;13,4;66;59;65;307;1,9;1;
2023/08/08;0000 UTC;0;969;969;968,5;;19,1;13,6;20,5;19,1;14;12,9;70;63;70;290;1,7;,6;
2023/08/08;0100 UTC;0;969,4;969,4;969;;18,3;13,5;19,6;17,7;13,9;13,1;76;66;73;72;1,6;,5;
2023/08/08;0200 UTC;0;969,4;969,4;969,2;;17,2;12,8;18,7;17,2;13,9;12,6;76;72;75;295;1,5;,6;
2023/08/08;0300 UTC;0;969,3;969,4;969,2;;15,8;13,7;17,6;15,4;13,7;12,5;87;73;87;331;1,9;1,4;
2023/08/08;0400 UTC;0;970,1;970,2;969,2;;15,6;13,9;16,9;15;13,9;12,6;90;80;90;293;8,2;4,5;
2023/08/08;0500 UTC;0;969,7;970,2;969,7;;21,9;14,8;21,9;15,6;14,9;13;90;62;64;271;13,6;6,8;
2023/08/08;0600 UTC;0;969,9;969,9;969,6;;21,2;14,7;21,9;21,2;14,7;14,7;66;64;66;246;15,9;8,3;
2023/08/08;0700 UTC;0;970,6;970,6;969,9;;20,8;14,8;21,3;20,8;14,9;14,7;69;66;69;226;15,3;6,2;
2023/08/08;0800 UTC;0;971,1;971,1;970,6;;18;12,8;20,9;18;14,9;12,6;71;65;71;303;10,3;2,8;
2023/08/08;0900 UTC;0;971,6;971,7;971,1;;19,4;14,2;19,8;17,3;14,8;12,8;76;71;72;261;4,4;1,4;
2023/08/08;1000 UTC;0;972,4;972,4;971,6;26,8;17,4;13,6;19,4;16,7;14,3;13,3;82;72;78;264;4,3;1,1;
2023/08/08;1100 UTC;0;972,9;972,9;972,4;313,9;19;14,9;19;17,2;15;13,6;81;77;77;359;2,2;,9;
2023/08/08;1200 UTC;0;973,5;973,5;972,9;951,4;21,7;15,2;21,9;19;15,6;14,9;78;66;67;113;2,9;1,8;
2023/08/08;1300 UTC;0;973,7;973,7;973,5;678,1;22;15,1;22,3;21,4;15,5;15;68;65;65;207;4;1,2;
2023/08/08;1400 UTC;0;973,4;973,7;973,4;704,3;22,1;15,3;22,7;22;15,6;15;65;63;65;338;2,6;1,3;
2023/08/08;1500 UTC;0;972,8;973,4;972,8;567,4;22,6;15,4;22,9;22,1;15,8;15,1;66;64;64;73;5,1;2,4;
2023/08/08;1600 UTC;0;972,6;973;972,6;767,5;21,4;16,3;22,7;21,4;16,8;15,3;74;64;73;88;7,9;5,1;
2023/08/08;1700 UTC;0;972,6;972,6;972,5;982,9;21,4;16,3;22;21,1;16,7;16;74;71;73;73;8,5;3,8;
2023/08/08;1800 UTC;0;972,5;972,5;972,3;515,9;20,9;16;21,7;20,9;16,1;15,5;73;69;73;57;6,9;2,9;
2023/08/08;1900 UTC;0;972,8;972,8;972,5;244,2;21,1;14,8;21,2;20,7;16,1;14,8;74;67;68;88;6,4;3,5;
2023/08/08;2000 UTC;0;973,3;973,3;972,8;119,3;20,7;14,8;21,1;20,7;14,9;14,5;69;67;69;59;6,9;2,1;
2023/08/08;2100 UTC;0;973,7;973,7;973,3;18,7;20,1;14,8;20,7;20,1;15;14,8;72;69;72;54;4,6;1,9;
2023/08/08;2200 UTC;0;974,2;974,2;973,7;;19,9;15;20,1;19,8;15;14,8;73;72;73;57;4,1;2;
2023/08/08;2300 UTC;0;974,3;974,4;974,1;;19,5;15;19,9;19,5;15;14,8;75;73;75;52;4;1,8;
2023/08/09;0000 UTC;0;974,6;974,6;974,3;;19,3;15,1;19,5;19,2;15,2;14,9;77;75;77;51;3,4;1,6;
2023/08/09;0100 UTC;0;974,6;974,8;974,6;;19;15,1;19,2;19;15,1;15;78;77;78;66;2,5;1,6;
2023/08/09;0200 UTC;0;974,5;974,6;974,5;;18,9;15;19,1;18,9;15,1;14,9;78;77;78;48;4;2,1;
2023/08/09;0300 UTC;0;974,2;974,5;974,2;;18;16,2;18,9;18;16,2;15;89;78;89;35;5,1;2,2;
2023/08/09;0400 UTC;0;974,1;974,4;974,1;;17,3;16,9;18;17,3;16,9;16,2;98;89;98;337;3,7;1,1;
2023/08/09;0500 UTC;,4;973,3;974,1;973,3;;17,4;17,2;17,4;17,2;17,2;16,9;99;98;99;26;2,1;1,2;
2023/08/09;0600 UTC;0;972,7;973,3;972,7;;17,4;17,2;17,6;17,4;17,4;17,2;99;99;99;86;2,5;1,3;
2023/08/09;0700 UTC;,2;972,6;972,7;972,4;;17,4;17,3;17,5;17,3;17,3;17,2;99;99;99;114;3,1;1,2;
2023/08/09;0800 UTC;,2;972,7;972,8;972,6;;17,5;17,4;17,5;17,4;17,4;17,2;99;99;99;118;2,3;1,5;
2023/08/09;0900 UTC;,2;972,6;972,7;972,6;0;17,4;17,3;17,6;17,4;17,5;17,3;100;99;99;82;3,9;2,5;
2023/08/09;1000 UTC;,2;973;973;972,6;10,6;17,4;17,3;17,5;17,3;17,4;17,3;100;99;100;93;5,9;2,9;
2023/08/09;1100 UTC;0;973,4;973,4;972,9;148,8;17,6;17,4;17,6;17,3;17,4;17,3;100;99;99;101;6,5;3,7;
2023/08/09;1200 UTC;0;973,5;973,5;973,3;574,8;18,1;17,7;18,1;17,5;17,8;17,2;99;97;97;100;6,5;3,9;
2023/08/09;1300 UTC;0;973,6;973,6;973,4;1428,5;20,1;17,2;20,3;18,1;18,4;17,2;97;83;83;96;6,6;4;
2023/08/09;1400 UTC;0;972,6;973,6;972,6;1557;21,3;17;21,3;19,8;18,6;16,5;88;76;76;103;8,7;4,6;
2023/08/09;1500 UTC;0;971,7;972,6;971,7;1373,7;21,9;16,8;21,9;20,9;17,2;16,3;77;72;73;101;8,5;5;
2023/08/09;1600 UTC;0;970,7;971,7;970,7;1777,5;23,2;16,3;23,4;21,7;17;16,3;73;65;66;106;10,4;4,9;
2023/08/09;1700 UTC;0;969,4;970,7;969,3;2497,6;24,4;15,3;24,5;22,9;16,6;15,3;66;57;57;102;12,1;7,1;
2023/08/09;1800 UTC;0;968,6;969,4;968,6;1981,5;24,7;15;25;23,9;16,2;14,6;60;54;55;81;11,6;6,8;
2023/08/09;1900 UTC;0;969,2;969,2;968,6;1374,3;24,5;14,5;25;24,4;15,3;14,5;56;54;54;104;11,6;5,3;
2023/08/09;2000 UTC;0;969,4;969,4;969,2;596,7;23,4;14,6;24,7;23,4;14,7;14,2;58;53;58;102;10,3;4,4;
2023/08/09;2100 UTC;0;969,6;969,6;969,4;40,4;22;14,3;23,4;21,9;14,6;14,2;62;58;62;110;7,6;3,3;
2023/08/09;2200 UTC;0;969,8;969,8;969,5;;20,6;14,5;22;20,6;14,6;14,3;68;62;68;117;6,3;3,5;
2023/08/09;2300 UTC;0;970;970;969,7;;19,8;14,5;20,6;19,8;14,6;14,4;71;68;71;120;5,6;2,7;
2023/08/10;0000 UTC;0;970,7;970,7;970;;18,2;14,4;19,9;18,2;14,5;14;78;71;78;157;4,5;,6;
2023/08/10;0100 UTC;0;971,2;971,2;970,7;;17,9;13,6;19;17,5;14,9;13,6;81;75;76;132;2,9;1,2;
2023/08/10;0200 UTC;0;971,4;971,5;971,2;;16,3;15,1;18,2;16,1;15,6;13,2;93;76;93;11;2,4;,7;
2023/08/10;0300 UTC;0;971,5;971,7;971,4;;17,1;15,5;17,3;16,2;16;15,1;94;90;90;85;2,5;1;
2023/08/10;0400 UTC;0;970,9;971,5;970,9;;16,7;15,5;17,1;15,4;16,1;14,5;96;90;92;45;2,9;2,1;
2023/08/10;0500 UTC;0;969,7;970,9;969,7;;15,9;15,1;16,8;15,9;15,6;15,1;95;92;95;118;3,9;1,7;
2023/08/10;0600 UTC;0;969;969,7;969;;14,9;14,7;15,9;14,6;15,2;14,3;99;95;99;342;2,7;1,7;
2023/08/10;0700 UTC;0;969,1;969,1;968,9;;14,8;14,7;15,3;14,4;15,1;14,1;99;98;99;275;2,3;1;
2023/08/10;0800 UTC;0;969,2;969,3;969,1;;14,8;14,7;15,1;14,6;14,9;14,4;99;99;99;308;1,6;1,2;
2023/08/10;0900 UTC;0;969,4;969,5;969,2;;14,7;14,6;15,7;14,2;15,6;14;99;98;99;153;1,7;,9;
2023/08/10;1000 UTC;0;970;970;969,4;42,5;15;14,9;15,1;14,2;15;13,9;99;98;99;327;2,6;1,5;
2023/08/10;1100 UTC;0;970,5;970,5;970;506,7;17,6;17,1;17,6;15;17,1;15;99;97;97;332;2;1,1;
2023/08/10;1200 UTC;0;970,9;971;970,5;1301,6;20,3;15,5;20,4;17,6;17,4;15,1;97;74;74;111;3;1,3;
2023/08/10;1300 UTC;0;970,7;971;970,6;1946,2;22,3;15,5;22,7;20,3;16,1;15,1;74;64;66;82;4,4;1,3;
2023/08/10;1400 UTC;0;969,8;970,7;969,8;2418;24,1;15,1;24,2;22,2;16,1;14,9;66;57;57;124;4,3;1,4;
2023/08/10;1500 UTC;0;968,2;969,8;968,2;2657,3;26,6;14,9;26,7;24,1;15,5;13,9;57;47;49;104;5,6;2;
2023/08/10;1600 UTC;0;967,2;968,2;967,2;2426,7;26,8;13,5;28;26;15;13,2;49;42;44;96;5;2;
2023/08/10;1700 UTC;0;966,5;967,2;966,5;2281,6;28,4;13,6;28,6;26,4;14,2;13,2;46;40;40;129;5,6;1,8;
2023/08/10;1800 UTC;0;966,1;966,5;966,1;1909;28,6;13,7;29,1;28;14,2;13;41;38;40;122;5,3;3,1;
2023/08/10;1900 UTC;0;966,2;966,2;965,9;1279;28,2;13,7;29,2;28,1;14,1;13,3;41;39;41;127;6;3,5;
2023/08/10;2000 UTC;0;966,8;966,8;966,2;263,8;26,7;14,3;28,4;26,7;14,3;13,7;46;41;46;120;7,3;4,3;
2023/08/10;2100 UTC;0;967,4;967,4;966,8;34,5;25,1;14,9;26,7;25,1;14,9;14,3;53;46;53;110;7,3;2,7;
2023/08/10;2200 UTC;0;967,6;967,6;967,3;;23,6;15,4;25,1;23,6;15,4;15;60;53;60;113;4,7;2;
2023/08/10;2300 UTC;0;968,1;968,1;967,6;;22,7;15,5;23,6;22,6;15,6;15,3;64;60;64;118;3,8;2,6;
2023/08/11;0000 UTC;0;968,6;968,6;968,1;;20,5;15,6;22,7;20,4;15,6;15,1;74;64;73;46;3,8;1,1;
2023/08/11;0100 UTC;0;968,8;968,8;968,6;;20,4;15,6;20,8;20,3;15,7;15,5;74;72;74;59;2,5;1,1;
2023/08/11;0200 UTC;0;968,9;969;968,8;;19,6;15,6;20,5;18,7;15,8;14,8;81;74;78;79;2,7;1;
2023/08/11;0300 UTC;0;968,8;968,9;968,7;;17,8;14,6;19,7;17,8;15,6;14,5;82;77;82;30;2,1;,9;
2023/08/11;0400 UTC;0;968,3;968,8;968,3;;18,2;16,7;18,2;17;16,9;14,7;95;82;91;88;2,1;1,2;
2023/08/11;0500 UTC;0;967,7;968,3;967,7;;17,7;16,5;18,4;16,6;16,7;15,2;96;86;93;6;1,6;,9;
2023/08/11;0600 UTC;0;967,3;967,7;967,3;;16,5;15,9;17,7;16,3;16,4;15,5;97;92;97;17;1,3;,5;
2023/08/11;0700 UTC;0;966,6;967,3;966,5;;16;15,2;16,9;16;16,3;15,1;97;93;95;333;1,9;,3;
2023/08/11;0800 UTC;0;966,6;966,7;966,5;;16;15,8;16,2;15,1;15,8;14,7;99;95;99;49;1,2;,6;
2023/08/11;0900 UTC;0;967,4;967,4;966,5;;15,7;15,5;16,3;15,2;15,9;14,7;99;97;99;140;1,6;,3;
2023/08/11;1000 UTC;0;967,8;967,8;967,4;37,1;15,5;15,3;15,7;14,7;15,5;14,5;99;98;99;146;1,1;,7;
2023/08/11;1100 UTC;0;968,3;968,3;967,8;504,5;17;16,2;17;15,3;16,4;15;99;95;95;309;1,4;,8;
2023/08/11;1200 UTC;0;968,5;968,6;968,3;1341,6;20,9;15,9;20,9;17;17,4;15,7;95;73;73;109;1,6;,7;
2023/08/11;1300 UTC;0;968,2;968,5;968,1;1985,4;23,3;15,7;23,3;20,7;16,4;15;74;62;62;130;3,8;1,4;
2023/08/11;1400 UTC;0;968;968,2;968;2469,4;26;14,7;26,2;23,3;15,6;14,4;62;49;50;282;3,8;2,1;
2023/08/11;1500 UTC;0;967,1;968;967,1;2663,1;27,3;13,4;27,9;25,8;15;12,8;50;41;43;277;3,6;1,8;
2023/08/11;1600 UTC;0;966;967,1;966;2670,9;28,8;13,4;29,6;27,3;14,1;13,2;43;37;39;244;4,2;1,6;
2023/08/11;1700 UTC;0;964,6;966;964,6;2430,8;30,9;13,7;31,2;28,6;14,4;13,4;40;34;35;317;4,6;1,8;
2023/08/11;1800 UTC;0;963,9;964,6;963,9;1943,7;31,2;14,2;31,8;30,5;14,9;12,8;37;33;36;39;4,3;1,7;
2023/08/11;1900 UTC;0;964,1;964,2;963,9;1353,9;31,7;12,6;32,1;30,9;14,6;12,6;36;31;31;45;3,4;1,3;
2023/08/11;2000 UTC;0;964,7;964,7;964,1;652,6;30,7;14,4;32,1;30,7;14,5;12,5;37;31;37;317;3,1;1,4;
2023/08/11;2100 UTC;0;965,5;965,5;964,7;71,6;27,9;15,3;30,7;26,9;16,1;14,1;51;37;46;125;4,8;2,5;
2023/08/11;2200 UTC;0;966,5;966,5;965,5;;26;15,5;27,9;26;15,7;15,2;53;46;52;81;4,9;3,2;
2023/08/11;2300 UTC;0;968,2;968,2;966,5;;23,7;16,3;26;23,3;16,3;15,4;64;52;63;217;4,7;1,7;
2023/08/12;0000 UTC;1,2;969,3;969,3;968,2;;22,3;16,8;24,4;21,9;17,3;16;75;60;71;86;7,6;4,2;
2023/08/12;0100 UTC;0;969,7;969,7;969,2;;20,3;18,3;22,4;20,1;18,3;16,6;88;71;88;17;7,6;1,1;
2023/08/12;0200 UTC;0;969,5;970;969,5;;21,4;13,8;21,4;19,8;18,4;13,8;91;62;62;264;5,7;3,1;
2023/08/12;0300 UTC;0;968,2;969,5;968,2;;19,6;14,3;21,9;19,6;14,3;12,9;72;57;72;280;6,5;,8;
2023/08/12;0400 UTC;0;967,4;968,2;967,4;;19,6;16,7;19,8;18,4;17,9;14,3;91;72;83;2;1,7;,8;
2023/08/12;0500 UTC;0;966,8;967,4;966,8;;17,6;16,7;19,6;17,6;17,6;16,3;95;82;95;314;1,5;,7;
2023/08/12;0600 UTC;0;966,3;966,8;966,3;;17,7;17,2;18,2;17,4;17,6;16,7;97;95;96;151;1,5;1,2;
2023/08/12;0700 UTC;0;966,1;966,3;965,9;;16,1;15,8;17,7;16,1;17,2;15,8;99;96;98;303;2,5;,5;
2023/08/12;0800 UTC;0;966,5;966,5;966,1;;15,9;15,7;16,3;15,8;16,1;15,5;99;98;99;277;1,8;,5;
2023/08/12;0900 UTC;0;966,8;966,8;966,5;;15,3;15;16,4;15,2;16,1;14,8;99;97;98;320;1,5;1,1;
2023/08/12;1000 UTC;0;967,1;967,1;966,7;41,4;15,8;15,6;15,8;15,2;15,6;14,9;99;98;99;323;1,5;,8;
2023/08/12;1100 UTC;0;967,5;967,5;967,1;538,1;17,8;16,2;17,9;15,5;17,5;15,3;99;90;90;148;1,7;1;
2023/08/12;1200 UTC;0;967,8;967,9;967,5;1318,5;20,3;15,4;20,6;17,8;16,8;15,4;91;73;73;260;2;,6;
2023/08/12;1300 UTC;,2;967,9;968,1;967,8;1971;23,2;16,6;23,2;20,3;16,8;15,5;75;66;66;86;2,9;1,3;
2023/08/12;1400 UTC;0;967,6;967,9;967,6;2349,3;25,2;16,1;25,3;23,1;17,2;15,8;68;57;57;78;3,4;1,4;
2023/08/12;1500 UTC;0;966,8;967,6;966,8;2533,9;27,3;15,4;28;24,8;16,4;14,5;59;45;48;155;3,3;1,4;
2023/08/12;1600 UTC;0;965,6;966,8;965,6;2243,2;28,6;14,9;28,8;27,2;15,8;14,4;48;42;43;131;3,3;1,6;
2023/08/12;1700 UTC;0;964,8;965,6;964,8;2228,3;30,6;14,3;30,6;28,5;15,4;13,3;44;36;37;166;3,1;,8;
2023/08/12;1800 UTC;0;964,8;964,8;964,6;1882,5;30,1;15,6;31,5;30,1;15,8;13,6;42;35;41;135;8,3;5,2;
2023/08/12;1900 UTC;0;965,3;965,3;964,8;1195,8;27,8;15,3;30,2;27,7;15,7;14,6;47;41;47;115;8,3;2,9;
2023/08/12;2000 UTC;3,2;968,1;968,1;965,1;302,3;20,5;16,8;28;20,5;17,1;14,5;79;46;79;281;12,5;5,7;
2023/08/12;2100 UTC;3;969,7;969,7;968,1;11;21,1;18,8;21,3;19,3;19,3;16,7;91;79;87;81;10,1;1,9;
2023/08/12;2200 UTC;0;970,2;970,2;969,7;2,1;20,7;19,1;21,4;20,2;19,1;18,2;92;82;90;100;3,7;1,4;
2023/08/12;2300 UTC;0;970,9;971;970,2;1,2;19,8;18,7;20,8;19,7;19,2;18,6;95;90;94;39;4,1;1,1;
2023/08/13;0000 UTC;0;971;971;970,8;,5;19,9;18,5;20;19,5;18,9;18,4;94;91;92;73;3,5;1,8;
2023/08/13;0100 UTC;0;971;971,2;970,8;0;19,6;18,1;19,9;19,6;18,5;18;92;90;91;19;4,2;1,1;
2023/08/13;0200 UTC;0;967,1;971;967;;19;18,2;19,6;19;18,4;18;95;91;95;51;7,2;4,7;
2023/08/13;0300 UTC;,2;968,6;968,6;967,1;;19,1;16,7;19,4;18,8;18,2;16,7;95;86;86;114;7,2;2,5;
2023/08/13;0400 UTC;0;968,5;968,8;968,5;;18,2;17;19,1;17,9;17,1;16,4;94;85;93;11;4,3;1,9;
2023/08/13;0500 UTC;0;968,5;968,6;968,2;;18,1;17;18,5;18;17,3;16,7;93;92;93;172;3,9;1,2;
2023/08/13;0600 UTC;0;968,3;968,8;968,3;;17;16,5;18,1;17;17,1;16,4;97;93;97;322;2,8;1;
2023/08/13;0700 UTC;0;967,9;968,3;967,9;;17;16,5;17,5;17;17,1;16,4;98;96;97;304;3,4;1;
2023/08/13;0800 UTC;0;967,6;967,9;967,5;;16,4;16,3;16,9;16,2;16,3;15,9;99;97;99;213;2,8;,7;
2023/08/13;0900 UTC;0;968,8;968,8;967,6;;15,6;15,5;16,4;15,6;16,3;15,4;99;99;99;325;1,7;1;
2023/08/13;1000 UTC;0;969,7;969,7;968,8;50,2;15,4;15,3;16;15,4;16;15,3;100;99;100;338;2,3;1,7;
2023/08/13;1100 UTC;0;970,6;970,6;969,7;416,6;17,3;17;17,3;15,4;17;15,4;100;98;98;321;2,3;,4;
2023/08/13;1200 UTC;0;971,4;971,4;970,6;958;19,3;16;19,5;17,3;17,6;16;98;81;81;263;3,1;1,6;
2023/08/13;1300 UTC;0;971,7;971,8;971,4;1990,7;21,2;15,5;21,2;19,1;17;15,5;85;70;70;245;5,4;3,4;
2023/08/13;1400 UTC;0;971,4;971,7;971,4;2071,5;22,1;15,1;22,9;21,2;16,4;15,1;72;63;65;271;6,3;1,9;
2023/08/13;1500 UTC;0;970,9;971,4;970,9;2045,3;23,8;14,9;24,3;22;16,2;14,3;66;56;57;274;4,7;1,3;
2023/08/13;1600 UTC;0;969,7;970,9;969,7;1644,1;24,5;14,6;24,7;23,4;15,3;13,8;59;54;54;348;4,6;1,8;
2023/08/13;1700 UTC;0;968,8;969,7;968,8;1770,2;25;14,8;25,2;24;15,3;14,1;56;52;53;220;3,9;1,7;
2023/08/13;1800 UTC;0;968,5;968,8;968,5;815,7;22,7;15,6;25,7;22,7;15,7;13,9;65;49;65;81;8,5;3,4;
2023/08/13;1900 UTC;0;968,7;968,7;968,4;332,4;22,3;15,7;22,8;22,3;16;15,5;67;65;66;100;6,8;3,6;
2023/08/13;2000 UTC;0;969,2;969,2;968,7;196,4;21,9;15,9;22,3;21,9;15,9;15,6;69;66;69;101;6,7;3,9;
2023/08/13;2100 UTC;0;969,8;969,8;969,2;22;21,1;16,1;21,9;21,1;16,2;15,9;73;69;73;99;6,7;2,9;
2023/08/13;2200 UTC;0;970,8;970,8;969,8;;20,6;16,2;21,1;20,6;16,2;16,1;76;73;76;85;5,7;2,5;
2023/08/13;2300 UTC;0;971,1;971,3;970,8;;19,7;16,2;20,6;19,7;16,2;16,1;80;76;80;69;5,4;3,5;
2023/08/14;0000 UTC;0;971,4;971,4;971,1;;19,4;17,7;19,7;19,3;17,7;16,2;90;80;90;48;6;1,9;
2023/08/14;0100 UTC;0;971,5;971,5;971,4;;19,3;17,6;19,4;19,3;17,7;17,6;90;90;90;67;3,4;1,6;
2023/08/14;0200 UTC;0;971,6;971,7;971,4;;19,3;17,4;19,3;19,2;17,6;17,4;91;89;89;57;3;1,7;
2023/08/14;0300 UTC;0;971,7;971,7;971,6;;19,2;17;19,3;19,2;17,5;16,9;89;87;87;48;3,2;1,8;
2023/08/14;0400 UTC;0;971;971,7;971;;18,9;16,3;19,3;18,9;16,9;16,2;87;82;85;47;4,4;2,2;
2023/08/14;0500 UTC;0;970,7;971,1;970,7;;18,6;15,9;18,9;18,6;16,4;15,9;86;84;84;46;3,8;2,2;
2023/08/14;0600 UTC;0;970,5;970,7;970,4;;18,7;15,3;18,7;18,5;16;15,3;85;81;81;75;4,1;2,4;
2023/08/14;0700 UTC;0;970,6;970,6;970,5;;18,5;15,1;18,7;18,5;15,3;15,1;81;80;81;82;4,1;2,2;
2023/08/14;0800 UTC;0;970,6;970,7;970,5;;18,5;14,9;18,5;18,4;15,1;14,9;81;80;80;91;4;2,3;
2023/08/14;0900 UTC;0;970,8;970,8;970,6;;18,2;14,9;18,5;18,2;15;14,7;81;79;81;94;4,5;2;
2023/08/14;1000 UTC;0;970,9;971;970,8;39,6;18;15,3;18,2;17,9;15,6;14,9;86;81;84;112;5,6;3,6;
2023/08/14;1100 UTC;0;971,2;971,2;970,8;343,6;18,9;15,3;18,9;18;15,3;15;84;79;79;103;6,1;2,9;
2023/08/14;1200 UTC;0;971,8;971,8;971,2;737,4;19,7;15,1;19,7;18,8;15,5;14,9;79;75;75;111;6,5;4,2;
2023/08/14;1300 UTC;0;972,1;972,1;971,7;771,7;20;15;20,2;19,6;15,4;14,7;75;73;73;120;6,9;3,1;
2023/08/14;1400 UTC;0;971,5;972,2;971,5;479;20,5;15,4;20,5;19,8;15,4;15;74;72;72;94;5,9;2,9;
2023/08/14;1500 UTC;0;970,6;971,5;970,6;622,3;20,5;15,2;20,8;20,3;15,4;14,9;72;70;71;76;6,2;2;
2023/08/14;1600 UTC;0;970;970,6;970;590,6;20,8;15,6;21,3;20,5;15,7;15,1;73;69;72;352;4,5;2,1;
2023/08/14;1700 UTC;0;969,3;970;969,3;315,3;20,1;16;20,8;20,1;16;15,5;77;72;77;322;3,4;2,1;
2023/08/14;1800 UTC;0;969,1;969,3;969;334,7;19,7;16,1;20,6;19,7;16,3;15,8;79;74;79;338;3,5;2,3;
2023/08/14;1900 UTC;0;969,1;969,1;968,9;233,7;20;16,2;20,1;19,7;16,4;16;80;78;79;341;3,5;1,4;
2023/08/14;2000 UTC;0;969,5;969,5;969,1;119,3;19,9;16,4;20,1;19,9;16,5;16,2;80;79;80;346;2,1;1,2;
2023/08/14;2100 UTC;0;969,6;969,7;969,4;16,7;19,4;16,7;20;19,4;16,7;16,4;84;80;84;9;2,8;1,6;
2023/08/14;2200 UTC;0;970,1;970,1;969,6;;18,7;18;19,4;18,7;18;16,7;96;84;96;12;2,8;1,6;
2023/08/14;2300 UTC;0;970,7;970,7;970,1;;18,8;18,2;18,8;18,6;18,2;18;97;96;96;49;2,7;1,7;
2023/08/15;0000 UTC;0;970,9;971;970,6;;18,7;18;18,9;18,7;18,2;18;96;95;96;56;3;1,7;
2023/08/15;0100 UTC;0;971,3;971,3;970,9;;18,4;18,1;18,7;18,4;18,1;17,9;98;95;98;65;2,9;1,6;
2023/08/15;0200 UTC;0;971,3;971,3;971,3;;18,1;17,9;18,4;18,1;18,1;17,9;99;98;99;64;3,1;1,8;
2023/08/15;0300 UTC;,2;970,9;971,4;970,9;;17,9;17,8;18,2;17,9;18;17,8;99;99;99;87;4,2;2,4;
2023/08/15;0400 UTC;0;970,5;971;970,5;;17,9;17,8;18;17,8;17,9;17,7;99;99;99;62;4,3;2,3;
2023/08/15;0500 UTC;0;969,9;970,5;969,9;;17,9;17,8;17,9;17,9;17,9;17,8;100;99;100;98;4;1,8;
2023/08/15;0600 UTC;0;969,5;969,9;969,5;;17,9;17,8;17,9;17,8;17,9;17,7;100;100;100;106;3,2;1,8;
2023/08/15;0700 UTC;0;969,2;969,6;969,2;;18;17,8;18;17,9;17,9;17,8;100;99;99;87;3,1;1,8;
2023/08/15;0800 UTC;0;969,4;969,4;969,2;;17,9;17,8;18;17,9;17,8;17,8;99;99;99;97;3,4;1,7;
2023/08/15;0900 UTC;0;970,1;970,1;969,4;;17,9;17,9;18;17,9;17,9;17,8;99;99;99;103;3,3;1,8;
2023/08/15;1000 UTC;0;970,6;970,6;970,1;12,1;18;18;18;17,9;18;17,8;100;99;100;109;2,8;1,2;
2023/08/15;1100 UTC;0;971,3;971,4;970,6;121,9;18,6;18,5;18,6;18;18,5;17,9;100;99;99;73;2,2;,6;
2023/08/15;1200 UTC;0;971,7;971,7;971,3;305,8;19;18;19,2;18,5;18,5;18;99;94;94;47;1,4;,6;
2023/08/15;1300 UTC;0;971,6;971,7;971,6;386,6;19,5;18,2;19,5;19;18,4;18;94;92;92;114;1,9;,5;
2023/08/15;1400 UTC;0;971,5;971,7;971,5;612,3;20,3;18,3;20,4;19,5;18,7;18,1;93;88;88;331;2,6;1,6;
2023/08/15;1500 UTC;0;970,6;971,5;970,6;1454,3;22;17;22,6;20,3;18,8;16,6;90;71;73;264;2,6;1;
2023/08/15;1600 UTC;0;969,4;970,6;969,4;1934,9;23,5;16,9;23,9;22,1;17,5;16,6;73;66;66;91;4;1,7;
2023/08/15;1700 UTC;0;968,2;969,4;968,2;2026,3;25,7;17,2;26;23,2;17,7;16,8;68;59;59;353;4,2;2,1;
2023/08/15;1800 UTC;0;967,6;968,2;967,6;2008,1;25,8;16,9;27;25;18;16,7;62;56;58;149;4,5;1,6;
2023/08/15;1900 UTC;0;967,6;967,7;967,5;1320;26,3;17,6;27,2;25,7;18,1;17;60;56;59;2;3,8;1,6;
2023/08/15;2000 UTC;0;968,1;968,1;967,6;613,4;24,8;18;26,6;24,8;18,1;17,6;66;58;66;7;4;1,6;
2023/08/15;2100 UTC;0;968,6;968,6;968,1;62,6;24;17,6;24,8;23,7;18,2;17,6;71;66;67;102;3,7;2,1;
2023/08/15;2200 UTC;0;969,5;969,5;968,6;;22,6;17,5;24;22,6;17,6;17,4;73;67;73;83;5,7;2,8;
2023/08/15;2300 UTC;0;970,2;970,3;969,5;;21,2;17,5;22,6;21,2;17,7;17,5;80;73;80;80;8,2;4,2;
2023/08/16;0000 UTC;0;971,1;971,1;970,2;;20,6;17,7;21,2;20,6;17,7;17,3;84;80;84;63;7;2,2;
2023/08/16;0100 UTC;0;971,4;971,4;971,1;;20,5;18,4;20,6;20,4;18,4;17,8;88;84;88;86;4,3;2,2;
2023/08/16;0200 UTC;0;971,3;971,6;971,3;;20,3;18,5;20,5;20,3;18,5;18,2;89;87;89;64;3,8;1,4;
2023/08/16;0300 UTC;0;970,9;971,3;970,9;;20,1;18,4;20,4;20,1;18,5;18,4;90;89;90;89;3;1,8;
2023/08/16;0400 UTC;0;970,5;970,9;970,5;;19,9;18,6;20,1;19,9;18,6;18,4;92;90;92;51;3;1,7;
2023/08/16;0500 UTC;0;970;970,5;970;;19,9;18,5;19,9;19,8;18,6;18,5;92;92;92;56;2,9;1,7;
2023/08/16;0600 UTC;0;969,8;970;969,7;;19,7;18,4;19,8;19,7;18,5;18,4;92;92;92;64;2,7;1,4;
2023/08/16;0700 UTC;0;969,8;969,9;969,6;;19,6;18,3;19,7;19,6;18,4;18,3;92;92;92;79;3,5;1,8;
2023/08/16;0800 UTC;0;970,1;970,1;969,8;;19,3;18,3;19,6;19,3;18,4;18,3;94;92;94;109;4,8;3,2;
2023/08/16;0900 UTC;0;971;971;970,1;;18,8;18;19,3;18,8;18,3;18;95;94;95;103;5,5;1,3;
2023/08/16;1000 UTC;0;971,7;971,7;971;42,3;18,6;18,2;18,8;18,2;18,2;17,4;98;95;98;53;2,4;1,4;
2023/08/16;1100 UTC;0;972,2;972,2;971,7;422,7;19,9;18,3;19,9;18,6;18,7;18,2;98;91;91;88;2,7;1,8;
2023/08/16;1200 UTC;0;972,6;972,6;972,1;968;21,2;16,2;21,5;19,8;18,4;16,2;91;73;73;91;3,4;1,6;
2023/08/16;1300 UTC;0;972,5;972,8;972,5;1165,6;22,3;16,5;22,4;21;16,8;16;75;68;70;110;3,8;1,9;
2023/08/16;1400 UTC;0;972;972,5;972;1563,3;23,5;16,1;24,1;22;16,9;15,9;70;62;63;117;4,7;1,7;
2023/08/16;1500 UTC;0;971;972;971;1648,8;25;16,2;25,1;23,2;16,7;15,7;65;57;58;65;4;1,7;
2023/08/16;1600 UTC;0;970,2;971;970,2;1803,8;26,8;15,8;26,8;25;16,2;14,9;58;51;51;141;5,3;,9;
2023/08/16;1700 UTC;0;969,5;970,2;969,5;1770;27,1;14,6;27,2;25,9;15,3;14,1;51;45;46;99;4,7;2,3;
2023/08/16;1800 UTC;0;968,9;969,5;968,9;1572,7;26,9;14;28;26,7;14,9;13,8;47;44;45;105;5,6;2,1;
2023/08/16;1900 UTC;0;968,8;969;968,7;891,6;26,9;14,6;27,5;26,8;14,9;13,5;48;43;47;141;5,6;1,9;
2023/08/16;2000 UTC;0;969;969;968,8;515,1;26,3;13,6;27;26,3;15;13,4;48;44;45;104;5;2,9;
2023/08/16;2100 UTC;0;969,4;969,4;969;65,1;24,6;14,3;26,3;24,6;14,3;13,2;53;45;53;102;5,4;2,9;
2023/08/16;2200 UTC;0;969,6;969,8;969,4;;23;15,3;24,6;23;15,3;14,3;62;53;62;108;5,4;2,2;
2023/08/16;2300 UTC;0;970,1;970,1;969,6;;21,9;15,7;23;21,9;15,9;15,3;68;62;68;117;3,9;2,2;
2023/08/17;0000 UTC;0;970,7;970,7;970,1;;19,3;15,9;22;19,3;16,1;15,2;80;68;80;334;3,9;1,3;
2023/08/17;0100 UTC;0;971;971;970,7;;20;17;20;18,4;17,5;15,5;91;78;83;33;2,2;,8;
2023/08/17;0200 UTC;0;970,8;971;970,8;;19,3;17,2;20;18,2;17,6;16;92;80;88;93;1,3;,8;
2023/08/17;0300 UTC;0;970,6;970,8;970,6;;18,4;16,6;19,3;18,3;17,3;16,2;90;84;89;61;1,9;,7;
2023/08/17;0400 UTC;0;970,3;970,6;970,3;;17,5;17,1;18,4;16,6;17,3;15,9;98;89;97;34;1,6;,9;
2023/08/17;0500 UTC;0;969,9;970,3;969,9;;17;16,8;17,5;16,3;16,9;16;99;96;98;2;2,1;1,8;
2023/08/17;0600 UTC;0;969,5;969,9;969,5;;16,7;16,6;17,3;15,9;17;15,6;99;97;99;10;2,1;1;
2023/08/17;0700 UTC;0;969;969,5;969;;16,9;16,3;17,5;16,2;17,2;15,8;99;96;97;96;1,9;1,2;
2023/08/17;0800 UTC;0;969;969,1;968,9;;16,6;16;16,9;16,4;16,3;15,9;98;96;97;116;2,1;,9;
2023/08/17;0900 UTC;0;969,2;969,3;969;;16,1;15,9;16,6;15,6;16;15,2;99;96;99;352;2;1;
2023/08/17;1000 UTC;0;969,5;969,6;969,2;51,6;17,1;16,8;17,1;15,6;16,8;15,4;99;98;98;80;1,9;,8;
2023/08/17;1100 UTC;0;969,7;969,8;969,5;701,7;18,9;17,1;18,9;17,1;17,3;16,5;98;89;89;117;2,5;1,3;
2023/08/17;1200 UTC;0;969,7;969,7;969,6;1572,1;20,8;15,9;20,9;18,8;18;15,6;89;73;74;115;3,8;2,1;
2023/08/17;1300 UTC;0;969,7;969,8;969,7;1526,7;22,2;16,1;22,2;20,5;16,4;15,3;75;68;68;99;5,3;1,5;
2023/08/17;1400 UTC;0;968,8;969,7;968,8;2223;25,2;16,4;25,2;22,2;16,9;15,6;68;57;58;253;3,9;1,7;
2023/08/17;1500 UTC;0;967,7;968,8;967,7;1905,6;25,9;16,3;26,5;24;16,6;15,6;60;53;56;254;6,5;3,2;
2023/08/17;1600 UTC;0;966,6;967,7;966,6;2768;27,9;16,1;27,9;25,7;16,6;15,2;55;48;49;338;6,5;2,5;
2023/08/17;1700 UTC;0;965,5;966,6;965,5;2185,8;27,4;15,5;28,8;27;16,2;15,2;49;45;48;255;5,2;1,7;
2023/08/17;1800 UTC;0;964,6;965,5;964,6;2088,6;29,2;14,8;29,9;27,3;16,1;14,5;49;41;42;299;3,6;1,4;
2023/08/17;1900 UTC;0;964,5;964,7;964,5;1503,9;28,6;14,9;29,6;28,6;15,5;14,5;44;41;43;271;5,1;3,4;
2023/08/17;2000 UTC;0;964,8;964,8;964,5;277,5;26,2;15,3;28,6;26,2;15,7;14,7;52;43;51;339;5,1;1,2;
2023/08/17;2100 UTC;0;964,8;964,9;964,8;22,9;25,5;16,2;26,6;25,5;16,3;15,1;57;50;56;97;5,7;3,2;
2023/08/17;2200 UTC;0;965,2;965,2;964,8;;24,4;16,3;25,5;24,4;16,3;16;61;56;61;105;5,6;2,4;
2023/08/17;2300 UTC;0;965,7;965,7;965,2;;23,4;15,8;24,4;23,4;16,3;15,8;62;60;62;103;5,1;2,3;
2023/08/18;0000 UTC;0;965,9;965,9;965,7;;21,4;15,8;23,5;21,4;16;15,6;71;62;70;16;4,1;,5;
2023/08/18;0100 UTC;0;966,1;966,1;965,9;;19,9;16,8;21,4;19,3;17,6;15,9;88;70;82;62;2;,6;
2023/08/18;0200 UTC;0;966,2;966,2;966,1;;19,1;15,7;20,7;19,1;17,7;15,7;90;76;81;27;1,7;,8;
2023/08/18;0300 UTC;0;966;966,2;966;;18,6;17,5;19,3;18,4;17,8;15,7;94;81;93;350;1,5;,7;
2023/08/18;0400 UTC;0;965,6;966;965,6;;17,4;17;19,1;17,3;17,8;16,5;97;90;97;340;1,6;1,3;
2023/08/18;0500 UTC;0;965,2;965,6;965,2;;17,3;16,9;18;17,2;17,5;16,6;97;95;97;355;1,7;,6;
2023/08/18;0600 UTC;0;964,8;965,2;964,8;;16,4;16,3;17,3;16,4;16,9;16,1;99;97;99;334;1,6;,9;
2023/08/18;0700 UTC;0;964,6;964,8;964,6;;16,2;16;17;16,1;16,9;15,9;99;98;99;199;1,6;,6;
2023/08/18;0800 UTC;0;964,4;964,6;964,4;;16,4;16,2;16,4;15,8;16,2;15,6;99;98;99;33;1,1;,5;
2023/08/18;0900 UTC;0;964,7;964,7;964,4;;15,5;15,3;16,6;15,5;16,4;15,2;99;97;99;279;1,1;,5;
2023/08/18;1000 UTC;0;965;965;964,7;44,4;15,9;15,9;16,2;15,1;16,2;15;100;98;100;275;,9;,2;
2023/08/18;1100 UTC;0;965,1;965,1;964,9;526,6;17,9;17,6;18;15,8;17,7;15,8;100;98;98;323;1,1;,6;
2023/08/18;1200 UTC;0;965,1;965,1;965;1458;20,7;16,3;20,7;17,9;18,3;16,3;98;76;76;292;2,1;1;
2023/08/18;1300 UTC;0;964,8;965,1;964,8;2110,6;23,5;15,9;23,5;20,7;16,8;15,6;77;62;62;83;3;1,1;
2023/08/18;1400 UTC;0;964;964,8;964;2585,2;26,2;15,6;26,2;23;16;14,8;63;52;52;284;3,3;1,2;
2023/08/18;1500 UTC;0;962,8;964;962,8;2820,1;27,8;14,2;28,2;25,9;15,8;14;52;43;43;283;3,8;1,7;
2023/08/18;1600 UTC;0;961,6;962,8;961,6;2811,9;29;13,3;29,5;27,3;14,2;12,9;44;38;38;243;3,6;1,2;
2023/08/18;1700 UTC;0;960,5;961,6;960,5;2554,4;30;12,5;30,3;28,7;13,4;12;38;34;34;217;3,7;1,3;
2023/08/18;1800 UTC;0;959,7;960,5;959,7;2023;30,5;12,5;31,5;29,8;13,3;12;35;31;33;158;4,5;,9;
2023/08/18;1900 UTC;0;959,3;959,7;959,3;1427,4;31;12,7;31,7;30,2;12,9;12,1;34;31;33;237;3,5;1,9;
2023/08/18;2000 UTC;0;959,4;959,4;959,3;617,8;29,9;12,4;31,3;29,6;12,9;11,9;35;32;34;344;3,5;1,6;
2023/08/18;2100 UTC;0;959,5;959,5;959,3;81;25,3;15,4;29,9;25,3;15,5;12,6;54;34;54;352;3,5;2,3;
2023/08/18;2200 UTC;0;959,8;959,8;959,5;;24,2;15;25,3;23,9;15,4;14,5;56;54;56;96;3,5;1,4;
2023/08/18;2300 UTC;0;960;960,1;959,8;;23,1;15;24,8;22,9;15,4;14,8;62;54;60;74;3,8;2,6;
2023/08/19;0000 UTC;0;959,9;960,1;959,9;;22,5;14,1;23,3;22,3;14,9;13,9;60;57;59;65;4,3;1,9;
2023/08/19;0100 UTC;0;960;960;959,9;;19,1;15;22,5;18,6;15,3;14;78;59;77;39;3;1,2;
2023/08/19;0200 UTC;0;960,2;960,2;959,8;;18,7;13,8;19,8;18;15;13,8;78;71;73;294;2,7;1,1;
2023/08/19;0300 UTC;0;959,7;960,3;959,7;;17,7;13,9;18,9;17,2;14,5;13,3;80;73;79;278;2,3;1;
2023/08/19;0400 UTC;0;959,8;959,9;959,7;;16;14,3;18;16;15;13,3;90;77;90;309;2,2;1,4;
2023/08/19;0500 UTC;0;960;960,1;959,8;;15,9;14,5;16,6;15,9;15,1;14,4;93;90;91;294;2,3;1,6;
2023/08/19;0600 UTC;0;960;960,1;959,8;;16,2;14,6;16,7;15,3;15,3;14,1;94;90;90;311;3,5;1,5;
2023/08/19;0700 UTC;0;959,6;960,3;959,5;;15,5;14,4;16,6;15,5;15,3;14,1;93;90;93;359;2,9;,8;
2023/08/19;0800 UTC;0;959,5;959,7;959,3;;15,8;14,6;16,6;15,5;15,2;14,3;94;90;93;127;3,7;1,4;
2023/08/19;0900 UTC;0;959,7;959,9;959,5;;15,3;14,7;15,8;14,7;15,1;14,1;98;93;97;297;3,3;1,4;
2023/08/19;1000 UTC;0;960,1;960,2;959,4;46,8;16,5;15,5;16,5;15,3;15,6;14,4;97;92;94;140;3,7;1;
2023/08/19;1100 UTC;0;960,3;960,5;960;496,6;18,1;15,8;18,1;16,5;16,1;15,2;94;86;86;318;2,7;1;
2023/08/19;1200 UTC;0;960,9;960,9;960,2;1503,3;22,5;15,7;22,5;18,1;16,5;14,9;87;65;65;120;2,8;1,1;
2023/08/19;1300 UTC;0;961,5;962;960,9;1976,9;24,2;15;24,5;21,6;16;14,9;67;56;57;226;8,1;2,4;
2023/08/19;1400 UTC;0;960,7;961,5;960,7;2522,7;27,7;13,4;27,7;24,1;15,4;13,4;57;42;42;131;4,1;1,6;
2023/08/19;1500 UTC;0;960,4;960,7;960,2;2332,5;28,8;12,9;30,7;27,6;14,3;11,8;43;32;38;238;5,2;2,6;
2023/08/19;1600 UTC;0;959,1;960,4;959,1;2257;31,4;11,9;32;28,8;13;11,5;38;29;30;342;7,1;4;
2023/08/19;1700 UTC;0;958,5;959,2;958,4;2378,9;31,4;11;32,3;30,5;12,2;10,8;31;28;29;240;8,8;2,6;
2023/08/19;1800 UTC;0;958,2;958,5;958,2;1503,7;30,6;11,6;32,3;30,4;11,9;10,8;31;28;31;259;6,1;2,3;
2023/08/19;1900 UTC;0;958,4;958,4;958,2;677,9;29,6;11,5;31,2;29,6;12,1;10,7;33;29;33;186;3,9;1,6;
2023/08/19;2000 UTC;0;959,1;959,1;958,4;441,3;29,1;12,2;30,8;29,1;12,2;11,2;35;31;35;169;2,6;1,1;
2023/08/19;2100 UTC;0;959,6;959,6;959,1;34,1;27;13,2;29,2;27;13,3;11,5;43;34;43;227;2,4;,8;
2023/08/19;2200 UTC;0;961;961;959,6;;22,8;16,7;27;22,8;16,7;13,4;69;43;69;83;11,8;6,4;
2023/08/19;2300 UTC;0;962,7;962,7;961;;21,2;17,1;22,8;21,2;17,1;16,7;77;69;77;64;12;4,9;
2023/08/20;0000 UTC;0;963,6;963,6;962,7;;20,8;16,9;21,2;20,8;17,1;16,9;79;77;79;55;8,5;2,7;
2023/08/20;0100 UTC;0;963,6;963,8;963,4;;20,6;16,7;21;20,6;16,9;16,7;79;77;78;65;6,4;3,5;
2023/08/20;0200 UTC;0;963,5;963,8;963,4;;19,9;16,5;20,6;19,9;16,7;16,5;81;78;81;66;6,9;3,8;
2023/08/20;0300 UTC;0;963,2;963,6;963,2;;19,7;16,5;19,9;19,7;16,6;16,4;82;81;82;64;5,9;1,9;
2023/08/20;0400 UTC;0;962,8;963,2;962,8;;19,7;16,3;19,7;19,6;16,5;16,3;82;81;81;105;4,3;1,5;
2023/08/20;0500 UTC;0;962,4;962,9;962,4;;19,4;16,8;19,8;19,3;17,6;16,3;89;81;85;42;2,6;1,5;
2023/08/20;0600 UTC;0;962,2;962,5;962,1;;19,4;17,2;19,4;19,3;17,2;16,7;88;85;88;72;2,9;1,6;
2023/08/20;0700 UTC;0;962,6;962,6;962,2;;19,1;17,5;19,4;19,1;17,5;17,1;90;87;90;62;4,4;2,3;
2023/08/20;0800 UTC;0;963,1;963,1;962,5;;18,3;17,3;19,1;18,3;17,7;17,3;94;90;94;94;4,8;2,7;
2023/08/20;0900 UTC;0;963,4;963,5;963;;18,3;17,1;18,3;18,1;17,5;17,1;96;92;92;56;4,8;2;
2023/08/20;1000 UTC;0;963,9;964;963,4;31,7;18,6;17,2;18,6;18,3;17,2;17;92;91;91;54;3,5;1,6;
2023/08/20;1100 UTC;0;964,4;964,4;963,9;211,1;19,2;15,9;19,3;18,6;17,2;15,9;91;81;81;76;3,3;2;
2023/08/20;1200 UTC;0;964,7;964,8;964,4;704,7;21,1;14,9;21,2;19,2;16,1;14,9;82;68;68;64;3,7;1,8;
2023/08/20;1300 UTC;0;964,3;964,8;964;840,1;20,7;14,9;21,5;20,3;15,1;14,2;70;65;70;76;5;2,4;
2023/08/20;1400 UTC;2,6;965,4;965,6;964,2;168,4;18,2;17,5;21;18,2;17,5;14,7;95;69;95;315;3,8;1,4;
2023/08/20;1500 UTC;,6;964,5;965,4;964,2;658;19,1;17,6;19,5;18,2;18,4;17,4;96;91;91;357;2,4;,9;
2023/08/20;1600 UTC;0;964;964,6;964;443,9;19,3;18,3;19,4;19;18,4;17,7;95;91;94;317;3,1;1,7;
2023/08/20;1700 UTC;0;962,9;964;962,3;823,5;19,8;18,2;20,2;19,3;19;17,6;96;86;90;289;3,6;1,6;
2023/08/20;1800 UTC;0;962;963;961,4;240,9;19,6;17,9;19,8;19,6;18,4;17,9;92;89;90;77;5,3;1,3;
2023/08/20;1900 UTC;0;962,4;962,5;961,9;230,3;19,7;18,2;19,8;19,6;18,2;17,9;92;89;91;294;2,3;,9;
2023/08/20;2000 UTC;0;962,7;962,7;962,3;128,3;19,5;18,1;19,9;19,5;18,4;18;92;90;92;102;3,7;1,5;
2023/08/20;2100 UTC;0;962,6;963;962,5;14,4;18,9;18,3;19,5;18,8;18,3;18;97;92;97;45;3,3;1,3;
2023/08/20;2200 UTC;0;962,9;963;962,6;;18,6;18,4;18,9;18,2;18,4;18;99;96;99;161;2,7;1,7;
2023/08/20;2300 UTC;0;963,3;963,3;962,8;;17,9;17,8;18,7;17,8;18,5;17,7;99;98;99;343;2,7;1,7;
2023/08/21;0000 UTC;0;962,7;963,3;962,6;;17,7;17,7;17,9;17,3;17,7;17,2;100;99;100;42;2,7;1,2;
2023/08/21;0100 UTC;0;962,9;962,9;962,4;;17,6;17,5;17,8;17,5;17,8;17,4;100;99;100;155;2,7;1,2;
2023/08/21;0200 UTC;0;963,9;963,9;962,8;;16,9;16,8;17,7;16,9;17,6;16,8;100;100;100;334;3,5;1,8;
2023/08/21;0300 UTC;0;962,9;963,9;962,7;;17,2;17,2;17,2;16,8;17,2;16,8;100;100;100;56;3,5;,7;
2023/08/21;0400 UTC;0;962,6;963,1;962,6;;17,3;17,3;17,3;17,2;17,3;17,2;100;100;100;127;2,3;,5;
2023/08/21;0500 UTC;0;962,4;962,9;962,2;0;17;17;17,3;17;17,3;17;100;100;100;246;2,1;1,1;
2023/08/21;0600 UTC;0;962,7;962,7;962,1;,4;16,5;16,5;17;16,5;17;16,5;100;100;100;304;5,3;1,6;
2023/08/21;0700 UTC;0;962,1;962,7;962,1;;16,6;16,5;16,7;16,5;16,6;16,4;100;99;99;339;3,8;1,8;
2023/08/21;0800 UTC;0;962,1;962,5;962;,1;16,8;16,7;16,8;16,6;16,7;16,5;100;99;99;19;3,8;1,1;
2023/08/21;0900 UTC;0;962,4;962,4;962,1;;16,6;16,5;16,8;16,5;16,7;16,5;100;99;99;102;3,1;1,6;
2023/08/21;1000 UTC;0;963,1;963,2;962,2;24,6;16,6;16,5;16,7;16,4;16,6;16,3;99;99;99;170;4,2;,7;
2023/08/21;1100 UTC;0;963,4;963,4;963,1;181,9;16,4;16,2;16,7;16,3;16,6;16,2;99;99;99;335;2,8;1,4;
2023/08/21;1200 UTC;0;963,5;963,7;963,4;562;17,2;17,1;17,2;16,3;17,1;16,2;99;99;99;7;3,3;1,3;
2023/08/21;1300 UTC;,2;963,2;963,5;963,2;1367,9;19,4;19,2;19,4;17,1;19,2;17;;97;98;120;3,8;2,1;
2023/08/21;1400 UTC;0;963,7;964,1;963,2;2082,1;22;16;22;19,3;19,1;15,6;98;68;69;239;4,1;1,3;
2023/08/21;1500 UTC;0;962,9;963,7;962,9;2494,4;24,7;12,4;25,4;22;15,9;12,4;69;46;46;227;4,5;1,2;
2023/08/21;1600 UTC;0;961,6;962,9;961,6;2452,8;26,9;12,3;27,7;24,6;14;12,2;49;40;40;130;4,5;1,5;
2023/08/21;1700 UTC;0;960,6;961,6;960,6;1924,6;27,3;12,9;28;26,9;12,9;11,8;42;37;41;124;4,4;1,9;
2023/08/21;1800 UTC;0;959,7;960,6;959,7;1658,8;28,6;12,4;28,6;27,3;13,3;11,9;41;37;37;13;4,4;2;
2023/08/21;1900 UTC;0;959,7;959,7;959,5;1465,5;29,1;9,2;29,3;28,1;12,4;8,8;37;28;29;51;4,2;1;
2023/08/21;2000 UTC;0;960,1;960,1;959,7;696,6;27,8;9,9;29,1;27,8;10,2;8,3;33;28;33;21;3,8;1,6;
2023/08/21;2100 UTC;0;960,5;960,5;960,1;76,9;24;12,9;27,8;23,9;13,3;10,1;51;33;50;357;3,1;2,3;
2023/08/21;2200 UTC;0;961,4;961,4;960,5;;22;13,5;24,1;22;14,5;12,7;61;49;58;296;2,8;1,2;
2023/08/21;2300 UTC;0;962,2;962,2;961,4;;20,6;14,3;22,9;20,5;14,3;13,1;67;54;67;360;3;2,6;
2023/08/22;0000 UTC;0;962,9;962,9;962,2;;20;14,1;20,7;19,5;14,6;13,9;73;67;69;173;3;1;
2023/08/22;0100 UTC;0;963,4;963,4;962,9;;21,2;14,1;21,6;19,8;14,9;14,1;71;63;64;44;4;2,7;
2023/08/22;0200 UTC;0;963,7;963,8;963,4;;20,2;14,2;21,1;19,3;14,7;14,1;74;64;69;44;4;1,3;
2023/08/22;0300 UTC;0;963,8;963,9;963,6;;18,6;14,7;20,2;17,9;14,9;14,1;81;69;78;101;2,2;1,2;
2023/08/22;0400 UTC;0;963,7;963,8;963,7;;18;14,8;18,6;17,9;14,8;14,4;82;78;82;109;1,8;1,4;
2023/08/22;0500 UTC;0;963,8;963,9;963,7;;16,8;15,2;18,2;16,4;15,9;13,6;91;80;90;98;1,6;,6;
2023/08/22;0600 UTC;0;963,5;963,8;963,5;;16,6;15,4;17;16,4;15,7;15;93;90;93;48;2,2;,9;
2023/08/22;0700 UTC;0;963,1;963,5;963,1;;16,1;15,1;16,7;16;15,5;14,9;94;92;94;90;2,3;1,4;
2023/08/22;0800 UTC;0;964;964;963,1;;14,1;13,8;16,1;14;15,2;13,6;98;94;98;300;1,9;1,3;
2023/08/22;0900 UTC;0;964,4;964,4;964;;15,1;15,1;15,2;13,9;15,2;13,7;100;98;100;26;2,8;1,5;
2023/08/22;1000 UTC;0;964,9;964,9;964,3;55,1;14,8;14,5;15,1;14,6;15;14,4;100;98;98;27;3,3;,6;
2023/08/22;1100 UTC;0;965;965;964,8;528,1;17,5;16,6;17,5;14,1;16,7;13,8;100;94;94;116;2,9;1;
2023/08/22;1200 UTC;0;965,2;965,2;965;1546,7;19,9;15,1;20,1;17,5;16,7;15;94;73;74;307;2;,8;
2023/08/22;1300 UTC;0;965,2;965,4;965,1;2220,2;23,2;14,2;23,5;19,9;15,6;14;75;56;57;100;2,8;1,5;
2023/08/22;1400 UTC;0;964,4;965,2;964,4;2708,9;25,3;13,7;25,6;23,3;15;13,3;57;47;49;108;3,3;1,3;
2023/08/22;1500 UTC;0;963,4;964,4;963,4;2938,1;27,6;12,6;27,9;25,3;14,4;12,3;49;39;39;90;5,1;1,3;
2023/08/22;1600 UTC;0;962,1;963,4;962,1;2902,7;29,3;12,7;29,3;27,3;13,8;11,9;40;36;36;129;4,3;2,3;
2023/08/22;1700 UTC;0;960,3;962,1;960,3;2617,1;30,3;12,9;30,6;29,3;13,5;12;36;33;34;51;5,1;2,1;
2023/08/22;1800 UTC;0;959,1;960,3;959,1;2112,6;31,8;12,1;32;30,1;13,7;12;36;30;30;70;4,8;2,1;
2023/08/22;1900 UTC;0;958,8;959,1;958,8;1452,8;32,3;7,7;32,3;31,4;12,1;7,3;30;21;22;87;4,8;1,1;
2023/08/22;2000 UTC;0;958,5;958,8;958,5;720,2;31,2;7,4;32,4;31,2;8,1;6,8;23;21;23;161;3,7;1,3;
2023/08/22;2100 UTC;0;959,2;959,2;958,5;87,9;26,7;14,4;31,2;26,4;14,7;7,4;48;23;47;265;2,8;1,2;
2023/08/22;2200 UTC;0;959,5;959,5;959,2;;24,1;14;26,6;23,9;15,5;14;56;47;53;330;3,1;2,2;
2023/08/22;2300 UTC;0;960,3;960,3;959,5;;23;13,7;24,1;21,8;14,9;13,6;65;52;56;81;3,1;1;
2023/08/23;0000 UTC;0;960,7;960,8;960,3;;20,1;13,1;23;19,5;15,1;13,1;73;56;64;314;2,2;1,2;
2023/08/23;0100 UTC;0;960,9;961;960,7;;18,1;13,1;20,6;18,1;13,5;12,8;73;62;73;277;2,2;1,3;
2023/08/23;0200 UTC;0;960,7;960,9;960,7;;17,5;12,8;18,7;16,9;13,4;12,5;78;69;74;285;1,9;,8;
2023/08/23;0300 UTC;0;960,7;960,8;960,5;;16,4;12,6;17,8;16,2;13,5;12,3;81;74;78;245;1,8;,7;
2023/08/23;0400 UTC;0;960,3;960,8;960,3;;15,7;12,5;17,2;15;13,4;11,9;84;75;81;269;3,3;,7;
2023/08/23;0500 UTC;0;960,3;960,4;960,2;;14;13;16,4;13,7;13;11,8;94;79;94;340;2,9;1,6;
2023/08/23;0600 UTC;0;959,9;960,3;959,9;;14;13,2;14,9;13,4;13,8;12,2;95;90;95;294;2,9;,9;
2023/08/23;0700 UTC;0;960,1;960,2;959,9;;13,9;13,3;14,2;12,9;13,5;12;97;92;96;341;2,1;1,7;
2023/08/23;0800 UTC;0;960,6;960,6;960,1;;12,7;12;14,7;12,3;13,8;11,2;96;91;96;341;2,2;1,4;
2023/08/23;0900 UTC;0;961,3;961,3;960,6;;12,5;12,1;13,5;12,3;12,9;11,6;98;95;97;311;2,1;1,2;
2023/08/23;1000 UTC;0;962,2;962,3;961,3;55,1;14,1;13,2;14,1;12,4;13,5;11,8;98;94;94;84;2,1;1;
2023/08/23;1100 UTC;0;963;963;962,2;549,3;16,4;14,6;16,4;13,9;14,8;12,8;95;89;90;350;1,8;,7;
2023/08/23;1200 UTC;0;963,5;963,5;963;1546,9;20,9;14,4;20,9;16,3;14,8;13,4;90;64;66;66;1,7;,5;
2023/08/23;1300 UTC;0;963,4;963,5;963,3;2222,7;24;13,1;24;20,6;14,5;12,5;66;51;51;182;3;1,4;
2023/08/23;1400 UTC;0;962,3;963,4;962,3;2698,1;27,7;12;27,7;24;13,6;11,6;51;38;38;137;3,7;1,5;
2023/08/23;1500 UTC;0;961,1;962,3;961,1;2925;30,1;9,1;30,3;27,4;12,1;8,4;38;26;27;126;3,6;1,3;
2023/08/23;1600 UTC;0;959,7;961,1;959,7;2900,3;32,4;7,6;32,6;30,1;9,9;7,4;27;21;21;233;3,5;1,2;
2023/08/23;1700 UTC;0;958,5;959,7;958,5;2618,8;33,6;7,9;33,6;32,4;8,4;7,3;22;20;20;83;3,7;1,6;
2023/08/23;1800 UTC;0;957,9;958,5;957,9;2074,9;33,9;7,6;34,5;33,4;8,7;7,5;21;20;20;79;3,7;1,9;
2023/08/23;1900 UTC;0;957,9;957,9;957,8;1325,2;33,9;7,5;34,7;33,5;8,4;7,4;20;19;20;218;3,5;,8;
2023/08/23;2000 UTC;0;958,1;958,1;957,9;531,4;32,8;9,4;34,2;32,6;10,1;7,9;25;20;24;29;3;1,2;
2023/08/23;2100 UTC;0;958,4;958,4;958,1;93,3;27,7;12,4;32,8;27,6;12,8;9,4;40;24;39;349;3,2;2,2;
2023/08/23;2200 UTC;0;958,9;958,9;958,4;;26;11,5;27,9;26;12,3;11,2;41;37;40;44;3,5;1,2;
2023/08/23;2300 UTC;0;959,3;959,4;958,9;;24,5;11,9;26;24,4;13;11,5;47;40;46;98;3,6;1,9;
2023/08/24;0000 UTC;0;959,5;959,5;959,3;;21,1;13,5;24,8;21;13,6;11,9;62;45;62;323;3,2;1,3;
2023/08/24;0100 UTC;0;959,9;960,1;959,4;;21,8;11,9;22,9;19,8;13,5;11,8;64;51;53;191;2,5;,2;
2023/08/24;0200 UTC;0;959,7;960;959,7;;18,4;12,2;21,9;18,4;13,1;11,9;69;53;67;321;3,2;1;
2023/08/24;0300 UTC;0;959,7;959,8;959,6;;18,4;13,1;19,5;17,7;13,6;11,9;74;66;71;359;2;,9;
2023/08/24;0400 UTC;0;959,9;960;959,7;;17,7;12,3;18,5;16,6;13,1;12,3;78;70;71;333;2,6;1,3;
2023/08/24;0500 UTC;0;959,4;959,9;959,4;;16,4;12,4;18,3;16;13,2;11,9;80;70;77;319;2,1;,9;
2023/08/24;0600 UTC;0;959,8;959,8;959,4;;15,3;12,3;17,1;15;13,1;11,7;85;75;82;323;3,9;1,1;
2023/08/24;0700 UTC;0;959,8;959,8;959,4;;15,6;13,8;16;14,8;13,8;11,9;90;81;89;158;4,2;1,6;
2023/08/24;0800 UTC;0;960,3;960,3;959,5;;14,7;13;16,4;14,7;14,1;12,7;92;81;90;14;4,2;1,2;
2023/08/24;0900 UTC;0;961;961;960,2;;15,2;13,7;15,7;14,5;13,8;12,4;91;83;91;170;2,6;1,4;
2023/08/24;1000 UTC;0;961,6;961,8;961;58,4;14,5;13,5;15,4;13,5;13,8;12,4;95;88;94;356;2,7;1,1;
2023/08/24;1100 UTC;0;961,8;961,9;961,4;475,8;18;14,2;18;14,5;14,6;13,6;94;78;78;53;2,5;,8;
2023/08/24;1200 UTC;0;962;962,1;961,8;1473,5;21,7;13,8;21,7;18;14,9;13,4;80;61;61;317;2,5;1;
2023/08/24;1300 UTC;0;961,6;962,1;961,6;2139,1;25,6;11,8;25,6;21,7;14,2;11,3;61;42;42;211;3,3;1,5;
2023/08/24;1400 UTC;0;961;961,6;960,9;2506,8;27,8;11;28,3;25,4;11,9;11;42;35;35;225;3,3;1,9;
2023/08/24;1500 UTC;0;959,5;961;959,5;2829;30,8;11,6;31;27,8;12;11;36;30;31;275;4;1,4;
2023/08/24;1600 UTC;0;958,2;959,5;958,2;2817,7;32,6;11,9;33,1;30,6;12,7;11,3;32;28;28;138;3,6;1,8;
2023/08/24;1700 UTC;0;957;958,2;957;2048,5;34;10,3;34,2;32;12,5;10,3;30;24;24;92;3,6;1,4;
2023/08/24;1800 UTC;0;956,3;957;956,2;1295,6;34,5;11;35;33,2;11,8;9,6;27;22;24;169;3,8;1,2;
2023/08/24;1900 UTC;0;956;956,3;955,9;1406;35;8,5;36,4;34,5;11,5;8,3;24;19;20;269;10,5;5,1;
2023/08/24;2000 UTC;0;956,1;956,1;955,9;491;33,9;9,1;36,1;33,9;9,7;8,2;22;19;22;316;7,8;2,4;
2023/08/24;2100 UTC;0;956,8;956,9;956,1;25,3;30,1;9,8;33,9;30,1;10,2;9,1;28;22;28;350;16,4;4,5;
2023/08/24;2200 UTC;0;957,3;957,3;956,7;;29;10,5;30,2;29;10,7;9,8;32;28;32;341;8,1;2,6;
2023/08/24;2300 UTC;0;958,9;959;957,3;;28,2;11,3;29,1;27,1;11,3;10,3;37;31;35;257;12,8;6,5;
2023/08/25;0000 UTC;0;959,2;959,3;958,7;;28,8;12,1;29,4;28,3;12,3;11,3;36;34;36;252;13,6;4,7;
2023/08/25;0100 UTC;0;959,6;959,7;959,2;;27,7;12,4;28,8;27,7;12,4;11,9;39;35;39;224;8,7;3,1;
2023/08/25;0200 UTC;0;959,7;959,7;959,4;;26,2;13;27,8;26,2;13;12,3;44;38;44;74;6,1;1,9;
2023/08/25;0300 UTC;0;959,4;960,4;959,4;;24,6;13,6;26,2;24,5;13,7;12,9;51;44;50;89;4,7;3,2;
2023/08/25;0400 UTC;0;961;961;959;;23,3;14,6;24,7;22,7;15;13,5;62;50;58;239;8,2;3,7;
2023/08/25;0500 UTC;0;960;961,1;959,8;;21,6;15,2;23,7;21,6;15,2;14,6;67;57;67;328;8,2;1,8;
2023/08/25;0600 UTC;,6;959,6;960,8;959,3;;20,1;16,7;22,5;20,1;17;14,6;81;62;81;357;6,5;1,5;
2023/08/25;0700 UTC;0;959,8;959,9;959,3;;20,8;17;20,9;20;18,6;16,1;91;74;79;358;4,6;,9;
2023/08/25;0800 UTC;0;960,3;960,3;959,5;;19,2;18,1;20,8;19,2;18,4;17,1;93;79;93;249;4,4;1,7;
2023/08/25;0900 UTC;0;960,9;961;960;;18,6;17,8;19,7;18,3;18,5;17,2;95;91;95;254;3;1,5;
2023/08/25;1000 UTC;0;962;962;960,8;66,7;19,2;18,4;19,2;18,4;18,5;17,5;96;95;95;230;3,2;1,4;
2023/08/25;1100 UTC;0;962,9;962,9;962;414,9;20,9;18,3;20,9;19,2;18,7;18,2;95;85;85;234;6,3;3,7;
2023/08/25;1200 UTC;0;963,2;963,3;962,9;1342,4;22,6;17,1;22,6;20,9;18,2;17,1;85;71;71;243;8,5;4,1;
2023/08/25;1300 UTC;0;963;963,4;963;1999,5;24,6;17,2;24,6;22,5;17,6;16,6;72;63;63;246;8,5;4,4;
2023/08/25;1400 UTC;0;962;963;962;2444,1;25,6;16,2;26,1;24,5;17,2;15,8;63;54;56;249;8,6;2,4;
2023/08/25;1500 UTC;0;960,8;962;960,8;1936,9;26,1;16;27,6;25,4;16,7;15,2;56;49;54;25;4,5;1,6;
2023/08/25;1600 UTC;,2;959,3;960,8;959,3;2633,3;28,3;15,7;28,5;26,1;16,2;15;54;45;46;163;5,2;1;
2023/08/25;1700 UTC;0;958;959,3;958;2427,7;28,4;15,6;29,2;27,4;16,1;15,2;49;44;46;98;4,1;1,4;
2023/08/25;1800 UTC;0;957,4;958;957,4;1879,6;29;16,4;29;28,1;16,4;15,5;48;45;47;52;5,3;2,1;
2023/08/25;1900 UTC;0;957,6;957,6;957,3;1157,4;28,2;16,2;29;28,1;16,3;15,8;49;46;48;62;5,7;2,6;
2023/08/25;2000 UTC;0;958;958,1;957,4;508,8;27,5;17,2;28,3;27,5;17,4;16,1;53;48;53;99;5,7;3,7;
2023/08/25;2100 UTC;0;959,3;959,3;958;55,4;24,6;18,2;27,5;24,6;18,3;17,2;68;53;68;117;8,3;5,3;
2023/08/25;2200 UTC;0;960,4;960,4;959,3;;22,7;17,8;24,6;22,7;18,3;17,8;74;68;74;57;8,3;3;
2023/08/25;2300 UTC;0;961,1;961,1;960,4;;22,3;17,6;22,7;22,3;17,8;17,5;75;73;75;83;6,6;3,3;
2023/08/26;0000 UTC;0;961,6;961,9;961;;21,8;17,3;22,3;21,7;17,6;17,2;76;75;76;61;7;2,5;
2023/08/26;0100 UTC;0;961,9;961,9;961,5;;21,4;16,7;21,9;21,4;17,3;16,7;76;74;75;81;7;3,3;
2023/08/26;0200 UTC;0;962,4;962,5;961,9;;21,8;15,4;21,8;21,2;16,7;15,4;75;67;67;197;5,8;2,3;
2023/08/26;0300 UTC;0;962,2;962,5;962,1;;21,5;14,8;21,9;21,5;15,3;14,7;67;64;65;218;7,3;3,7;
2023/08/26;0400 UTC;0;962,1;962,2;962;;20,4;16,4;21,6;20,4;16,4;14,8;78;65;78;281;6,5;2,8;
2023/08/26;0500 UTC;0;962,2;962,3;962;;19,9;16,3;20,4;19,8;16,4;16;80;78;80;337;3,8;,7;
2023/08/26;0600 UTC;0;962,3;962,5;962,1;;20,4;14,8;20,6;19,9;16,3;14,7;80;69;70;210;5;2,3;
2023/08/26;0700 UTC;0;962,2;962,3;962;;20,3;14,7;20,4;20,3;14,8;14,6;70;70;70;217;6,8;3,1;
2023/08/26;0800 UTC;0;963,1;963,1;962,1;;20,2;14,7;20,3;20,1;14,7;14,5;71;70;71;237;5,6;2,5;
2023/08/26;0900 UTC;2,2;964;964,4;963,1;;17,6;16,8;20,2;17,6;16,8;14,6;95;71;95;256;9,4;4,4;
2023/08/26;1000 UTC;1,2;964,6;964,7;963,9;9;17,8;17,3;17,8;17,5;17,3;16,7;97;95;97;120;7,8;1,1;
2023/08/26;1100 UTC;3,6;965,2;965,6;964,6;42,5;17,2;17;17,8;17,2;17,4;17;99;97;99;77;4,8;3;
2023/08/26;1200 UTC;,6;965,7;965,7;965,1;135;17;16,6;17,2;17;16,9;16,5;99;97;97;65;5,3;2,6;
2023/08/26;1300 UTC;0;965,6;966;965,5;452;17,4;16,9;17,5;16,9;17,2;16,5;99;97;97;43;6,4;3,6;
2023/08/26;1400 UTC;,2;966;966;965,5;821;18,2;16,7;18,4;17,4;17,6;16,7;98;90;91;37;6,4;1,9;
2023/08/26;1500 UTC;0;965,3;966,1;965,3;532,8;18,3;17,2;18,3;17,7;17,4;16,4;96;90;93;50;4,9;3;
2023/08/26;1600 UTC;,4;965,5;965,7;965;341,4;17,7;17,1;18,3;17,7;17,4;16,6;96;91;96;336;4,9;1,6;
2023/08/26;1700 UTC;1,4;964,8;965,6;964,8;419,7;17,8;16,9;18,3;17,7;17,7;16,9;98;93;94;88;4,2;2,6;
2023/08/26;1800 UTC;1,4;964,9;965,2;964,4;329;17,2;16,7;17,8;17,1;16,9;16,6;97;94;97;76;6,3;3,6;
2023/08/26;1900 UTC;0;965,2;965,3;964,9;280,7;17,4;16,4;17,5;17,2;16,9;16,4;97;94;94;61;6,2;3;
2023/08/26;2000 UTC;0;965,4;965,7;965,2;115,4;16,9;15,3;17,4;16,9;16,5;15,3;94;89;90;95;6,3;3,4;
2023/08/26;2100 UTC;0;965,9;965,9;965,4;29,9;16,5;15;16,9;16,5;15,3;14,6;91;87;91;59;5,6;2,4;
2023/08/26;2200 UTC;0;966,8;966,8;965,8;;16;15;16,5;16;15;14,9;94;90;94;19;4,7;1,6;
2023/08/26;2300 UTC;0;967,5;967,5;966,5;;16;14,9;16,2;15,9;15,1;14,8;94;92;93;23;3,5;1,1;
2023/08/27;0000 UTC;,4;968,1;968,1;967,4;;15,9;14,9;16,1;15,9;15,1;14,9;94;93;94;34;2,7;,6;
2023/08/27;0100 UTC;,4;967,9;968,1;967,8;;15,8;15;16;15,8;15,2;15;96;94;95;90;2,1;1,5;
2023/08/27;0200 UTC;,4;968,6;968,7;967,8;;15,6;15,1;15,8;15,5;15,1;15;97;95;97;22;2,3;,4;
2023/08/27;0300 UTC;0;968,5;968,6;968,1;;15,4;15,3;15,6;15,2;15,3;15;99;97;99;245;1,9;,6;
2023/08/27;0400 UTC;,8;968,3;968,5;968,2;;15,4;15,2;15,4;15,2;15,3;15,1;99;99;99;309;1,4;,6;
2023/08/27;0500 UTC;,2;968,1;968,4;968;;15,2;15,2;15,4;15,2;15,2;15,1;100;99;100;4;1,5;,4;
2023/08/27;0600 UTC;,6;967,9;968,3;967,9;;15,3;15,2;15,4;15,2;15,4;15,2;100;99;99;80;2,4;1,6;
2023/08/27;0700 UTC;0;967,8;968;967,6;;15,2;15,1;15,4;15,2;15,3;15,1;99;99;99;101;3,1;2;
2023/08/27;0800 UTC;0;968,3;968,3;967,8;;15,4;15,3;15,4;15,2;15,4;15,1;100;99;99;85;3,6;1,8;
2023/08/27;0900 UTC;,4;968,6;968,6;968,3;;15,2;15,1;15,5;15,1;15,4;15;100;99;100;58;5;2,3;
2023/08/27;1000 UTC;,8;969,3;969,4;968,6;16,6;15,1;15;15,3;15,1;15,2;15;100;99;99;49;5,2;2,9;
2023/08/27;1100 UTC;0;969,8;969,9;969,3;112,9;15,3;14,4;15,3;15,1;15;14,3;99;94;94;51;5,3;2,9;
2023/08/27;1200 UTC;0;970,4;970,5;969,7;256,2;15,5;14,1;15,5;15,2;14,3;13,9;94;91;92;54;6,2;2,9;
2023/08/27;1300 UTC;,2;970,8;970,8;970,2;335,8;15,5;13,9;15,7;15,4;14,4;13,8;92;90;90;76;7,1;3,7;
2023/08/27;1400 UTC;0;971,1;971,1;970,5;531,2;15,6;13,8;15,8;15,5;14,2;13,6;91;88;89;49;7,1;2,5;
2023/08/27;1500 UTC;0;970,5;971,3;970,5;413,9;16;13,8;16;15,6;14;13,4;89;86;87;39;4,5;2,4;
2023/08/27;1600 UTC;0;969,7;970,6;969,7;486,5;15,8;13,8;16,2;15,8;14,2;12,5;89;79;88;13;4,5;2,9;
2023/08/27;1700 UTC;0;969,2;969,7;969,2;321,6;15,6;13,8;15,8;15,5;14,1;13,6;90;88;89;16;5;2,8;
2023/08/27;1800 UTC;,8;969,1;969,2;968,9;144,8;14,9;14;15,6;14,9;14,3;13,6;95;88;95;43;5,1;1,9;
2023/08/27;1900 UTC;,6;968,8;969,2;968,8;101,8;15,1;14,7;15,1;14,8;14,7;14,1;98;95;97;38;3,9;2;
2023/08/27;2000 UTC;1;969,2;969,4;968,8;54,3;14,8;14,5;15,1;14,8;14,7;14,4;98;97;98;51;4,8;2,6;
2023/08/27;2100 UTC;,4;969,8;969,8;969,2;8,5;14,8;14,5;14,9;14,7;14,6;14,4;99;98;98;76;4,8;2,6;
2023/08/27;2200 UTC;1,8;969,7;970;969,3;;14,1;13,9;14,8;14,1;14,4;13,8;98;97;98;51;6,6;2,3;
2023/08/27;2300 UTC;2,4;970,1;970,5;969,7;;14;13,8;14,1;13,9;13,9;13,7;99;98;99;44;4,4;2,2;
2023/08/28;0000 UTC;2,2;971,5;971,5;970,1;;13,9;13,7;14;13,8;13,8;13,6;99;99;99;359;4,4;,8;
2023/08/28;0100 UTC;1;971,2;971,6;971;;13,9;13,8;13,9;13,7;13,9;13,6;100;99;99;13;3,2;1,9;
2023/08/28;0200 UTC;0;971,3;971,5;971,2;;14,1;13,8;14,2;13,9;13,9;13,7;99;98;98;24;3,2;1,4;
2023/08/28;0300 UTC;0;971,2;971,3;971,1;;14,5;13,8;14,5;14,1;14;13,6;98;95;95;71;3,5;1,6;
2023/08/28;0400 UTC;0;970,4;971,2;970,3;;14,2;13,7;14,5;14,2;13,9;13,7;97;95;97;93;3,2;1,6;
2023/08/28;0500 UTC;0;969,8;970,4;969,8;;14,2;14;14,3;14,2;14,1;13,7;99;97;99;101;3,4;1,8;
2023/08/28;0600 UTC;0;969,5;969,8;969,4;;14,2;14,1;14,3;14,1;14,1;13,9;99;99;99;114;3,3;1,8;
2023/08/28;0700 UTC;0;969;969,5;968,8;;14,2;14,1;14,3;14,2;14,2;14;99;99;99;96;3,2;1,3;
2023/08/28;0800 UTC;0;969,6;969,6;969;;14,1;14;14,3;14,1;14,2;14;99;99;99;63;2,4;1,1;
2023/08/28;0900 UTC;,2;969,9;969,9;969,6;;13,9;13,9;14,2;13,9;14;13,8;100;99;100;23;2,3;1,4;
2023/08/28;1000 UTC;0;971;971;969,9;13,9;14,1;14,1;14,1;13,9;14,1;13,9;100;100;100;125;2,3;,6;
2023/08/28;1100 UTC;,2;971,9;971,9;971;73,6;14,2;14,2;14,2;14;14,2;14;100;100;100;321;2;1,4;
2023/08/28;1200 UTC;,2;972,1;972,1;971,8;298,4;15;15;15;14,1;15;14,1;100;100;100;3;3;1,7;
2023/08/28;1300 UTC;0;972,2;972,3;972,1;446,7;15,4;14,5;15,6;14,9;15,3;14,5;100;95;95;55;3,3;1,9;
2023/08/28;1400 UTC;0;971,9;972,3;971,9;434,7;15,2;14,8;15,4;15,1;14,9;14,4;98;95;97;50;3,9;1,5;
2023/08/28;1500 UTC;0;971;971,9;971;672,7;15,9;15,2;15,9;15,2;15,4;14,7;98;94;96;72;2,8;1,3;
2023/08/28;1600 UTC;0;970;971;970;1332,7;17,3;14,7;17,3;15,7;15,7;13,8;97;81;85;83;3,8;2,2;
2023/08/28;1700 UTC;0;969,4;970;969,4;1000,6;17,8;14,6;17,8;16,8;15,3;12,9;87;75;82;90;4,3;1,6;
2023/08/28;1800 UTC;0;969,1;969,4;969;973;18;13,4;18,4;17,6;14,4;12,9;81;71;75;76;4,2;1,9;
2023/08/28;1900 UTC;0;969,4;969,4;969;498;17,9;13,1;18,1;17,8;13,5;12,9;75;72;73;86;3,9;1,9;
2023/08/28;2000 UTC;0;970;970;969,4;115,4;16,3;14,9;17,9;16,3;15;12,9;91;73;91;115;5,7;3,7;
2023/08/28;2100 UTC;0;970,2;970,2;970;7,9;16,1;15,3;16,3;15,9;15,3;14,7;95;91;95;66;5,7;1,6;
2023/08/28;2200 UTC;0;971,1;971,1;970,2;;15,9;15,1;16,1;15,9;15,3;15;95;94;95;55;3,6;1,5;
2023/08/28;2300 UTC;0;971,3;971,3;971;;15,8;14,9;15,9;15,8;15,1;14,8;95;94;94;71;3;1,6;
2023/08/29;0000 UTC;0;971,4;971,5;971,3;;15,7;15,1;15,9;15,7;15,1;14,9;96;94;96;78;2,9;1,5;
2023/08/29;0100 UTC;0;971,3;971,4;971,3;;15,8;15;15,8;15,7;15,1;14,9;96;95;95;68;3,6;1,5;
2023/08/29;0200 UTC;0;971,4;971,8;971,4;;15,7;15;15,8;15,7;15,1;14,9;96;95;96;91;2,5;1,4;
2023/08/29;0300 UTC;0;971,1;971,5;971,1;;15,7;14,9;15,7;15,6;15,1;14,9;96;95;96;111;2,7;1,8;
2023/08/29;0400 UTC;0;971;971,2;971;;15,6;14,8;15,7;15,6;14,9;14,8;96;95;95;103;3,3;1,6;
2023/08/29;0500 UTC;0;970,3;971;970,3;;15,4;15;15,6;15,4;15;14,8;97;95;97;87;2,9;1,5;
2023/08/29;0600 UTC;0;970;970,3;969,9;;15,3;15;15,4;15,3;15;14,9;98;97;98;85;3;1,4;
2023/08/29;0700 UTC;0;969,8;970;969,8;;15,3;15,1;15,4;15,2;15,1;15;99;98;99;47;2,7;1,7;
2023/08/29;0800 UTC;0;969,8;969,9;969,7;;15,3;15,2;15,3;15,2;15,2;15,1;99;99;99;49;2,8;1,3;
2023/08/29;0900 UTC;0;970,3;970,4;969,8;;15,3;15,1;15,3;15,3;15,2;15,1;99;99;99;81;2,6;1,5;
2023/08/29;1000 UTC;0;970,8;970,8;970,2;37,9;15,6;15,4;15,6;15,3;15,4;15,1;99;99;99;70;3,4;1,3;
2023/08/29;1100 UTC;0;971;971,1;970,5;218;16,3;15,6;16,3;15,6;15,8;15,4;99;96;96;74;3,3;1,6;
2023/08/29;1200 UTC;0;971,3;971,6;970,9;246;16,6;15,5;16,6;16,3;15,6;15,2;96;93;93;193;3,2;,8;
2023/08/29;1300 UTC;0;971,3;971,9;971,3;270,9;16,5;16;16,6;16,2;16,2;15,3;98;92;97;330;4;1;
2023/08/29;1400 UTC;0;971;971,3;970,9;623,4;17,7;16,2;17,7;16,4;16,4;15,8;97;91;91;297;2,8;1,2;
2023/08/29;1500 UTC;0;970,1;971;970,1;1318,1;19,7;14,8;19,7;17,7;16,9;14,2;91;73;73;141;3,5;,7;
2023/08/29;1600 UTC;0;969,2;970,1;969,2;1134;20,1;14,6;20,3;18,9;15,2;13,9;75;70;71;315;3,1;1,9;
2023/08/29;1700 UTC;,2;968,3;969,2;968,2;1155,3;19,7;14,8;20,9;19,4;15,6;14,1;75;68;73;323;3,9;2;
2023/08/29;1800 UTC;0;968;968,2;967,8;470,3;19,3;14,9;19,9;19,3;15,2;14,6;77;73;76;339;3,7;2;
2023/08/29;1900 UTC;0;968;968,1;967,8;329,2;18,6;17,1;19,4;18,6;17,4;14,8;92;75;91;344;3,3;1,5;
2023/08/29;2000 UTC;0;968,3;968,3;967,8;329,3;19,1;17,1;19,3;18,6;17,5;16,9;91;87;88;349;2,5;1,2;
2023/08/29;2100 UTC;0;968,9;968,9;968,1;46,5;18,6;17,2;19,1;18,6;17,2;16,8;92;87;92;322;2,2;1,2;
2023/08/29;2200 UTC;0;968,8;968,9;968,6;;18,6;17,4;18,7;18,5;17,4;17;93;90;93;110;2,3;1,5;
2023/08/29;2300 UTC;0;969,2;969,2;968,5;;18,5;17,2;18,6;18,5;17,4;17,2;93;92;92;85;3,3;1,1;
2023/08/30;0000 UTC;0;969,1;969,2;969,1;;18,4;17,2;18,6;18,4;17,4;17,2;94;92;93;62;3,1;1,8;
2023/08/30;0100 UTC;0;969;969,1;969;;17,4;17,3;18,4;17,4;17,4;17,2;100;93;100;15;3,1;2;
2023/08/30;0200 UTC;0;968,7;969;968,7;;17,6;17,6;17,6;17,4;17,6;17,3;100;100;100;13;2,5;1,4;
2023/08/30;0300 UTC;0;968,1;968,8;968,1;;17,7;17,7;17,8;17,6;17,8;17,6;100;100;100;55;3;1,4;
2023/08/30;0400 UTC;0;967,4;968,1;967,4;;17,7;17,7;17,9;17,7;17,8;17,7;100;100;100;75;2,9;,7;
2023/08/30;0500 UTC;0;966,9;967,4;966,9;;17,5;17,5;17,7;17,5;17,6;17,5;100;100;100;141;1,5;,3;
2023/08/30;0600 UTC;,2;966,5;966,9;966,5;;17,4;17,5;17,5;17,4;17,5;17,4;100;100;100;322;2,1;,9;
2023/08/30;0700 UTC;0;966,5;966,6;966,4;;17,5;17,5;17,5;17,4;17,6;17,4;100;100;100;314;1,8;,6;
2023/08/30;0800 UTC;0;966,6;966,6;966,5;;17,6;17,7;17,6;17,4;17,7;17,5;100;100;100;65;1,7;1;
2023/08/30;0900 UTC;0;966,5;966,7;966,3;;17,6;17,6;17,7;17,5;17,8;17,6;100;100;100;263;3,5;,3;
2023/08/30;1000 UTC;0;966,9;966,9;966,5;23,6;17,7;17,7;17,8;17,5;17,8;17,6;100;100;100;11;1,2;,7;
2023/08/30;1100 UTC;0;967,3;967,3;966,9;132,3;18,1;17,9;18,1;17,7;18;17,7;100;99;99;328;1,2;,5;
2023/08/30;1200 UTC;0;967,3;967,4;967,3;308,4;18,7;17,9;18,7;18,1;18,1;17,8;99;95;95;335;1,6;,8;
2023/08/30;1300 UTC;0;966,9;967,3;966,9;927,2;20,4;17,6;20,4;18,6;18,2;16,8;95;81;84;248;2,1;1;
2023/08/30;1400 UTC;0;966;966,9;966;1940,8;21,7;15,5;22,2;20,2;17,5;15,2;84;67;68;342;3,5;1,8;
2023/08/30;1500 UTC;0;964,9;966;964,9;2901,8;24,9;16,4;24,9;21,7;16,6;15,3;69;59;59;266;3,7;1;
2023/08/30;1600 UTC;0;964;964,9;964;2947,3;26,7;15,5;26,7;24,2;16,5;14,9;59;50;50;264;4,6;1,8;
2023/08/30;1700 UTC;0;963;964;963;2683,9;27;14,7;27,4;25,6;15,5;14,2;52;46;47;127;4,1;1,7;
2023/08/30;1800 UTC;0;962,4;963;962,3;2139,7;27,6;15,5;28;26,8;16,5;14,7;51;46;48;38;4,6;2;
2023/08/30;1900 UTC;0;962,2;962,4;962,1;1482,4;27,9;15,6;28,8;27,1;16,6;15,2;50;45;47;4;3,8;1,9;
2023/08/30;2000 UTC;0;962,6;962,6;962,2;738,5;24,5;16,5;28,3;24,5;16,5;14,8;61;44;61;84;10,9;5,7;
2023/08/30;2100 UTC;0;963,9;963,9;962,6;85,5;21,4;17;24,5;21,4;17;16,5;76;61;76;78;10,9;4,2;
2023/08/30;2200 UTC;0;965,4;965,4;963,9;;20,3;16,7;21,4;20,3;17,1;16,7;80;76;80;80;9,1;5;
2023/08/30;2300 UTC;0;966,8;966,8;965,4;;19,6;17,1;20,3;19,6;17,1;16,6;85;80;85;73;8,9;4,6;
2023/08/31;0000 UTC;0;967,7;967,7;966,8;;19,3;17,1;19,6;19,3;17,7;16,8;90;84;87;63;8,1;3,9;
2023/08/31;0100 UTC;0;968,2;968,2;967,7;;19,1;17,1;19,3;19,1;17,2;16,6;89;85;89;55;6,2;1,9;
2023/08/31;0200 UTC;0;968,4;968,4;968,2;;18,8;17,2;19,1;18,8;17,3;17,1;91;89;90;64;5,4;2,4;
2023/08/31;0300 UTC;0;968,1;968,5;968,1;;18,7;16,6;18,8;18,7;17,3;16,6;91;87;88;64;4,7;2,3;
2023/08/31;0400 UTC;0;967,7;968,1;967,7;;18,5;16,9;18,7;18,5;16,9;16,6;91;88;91;88;4,7;2;
2023/08/31;0500 UTC;0;967,5;967,7;967,5;;18,1;16,7;18,5;18,1;16,9;16,7;92;91;92;84;3,8;2,2;
2023/08/31;0600 UTC;0;967,3;967,5;967,3;;17,9;16,9;18,1;17,9;16,9;16,7;94;92;94;97;3,2;1,1;
2023/08/31;0700 UTC;0;967,5;967,5;967,3;;17,3;16,8;17,9;17,3;16,9;16,7;96;94;96;321;2,5;,9;
2023/08/31;0800 UTC;0;967,6;967,6;967,4;;16,9;16,6;17,4;16,9;16,9;16,5;98;96;98;343;1,7;,8;
2023/08/31;0900 UTC;0;967,9;967,9;967,5;;16,5;16,1;17,3;16,5;16,8;16,1;98;96;98;85;1,7;,6;
2023/08/31;1000 UTC;0;968,3;968,3;967,9;112,8;16,1;16;16,7;16,1;16,6;15,9;100;98;99;28;2,2;1;
2023/08/31;1100 UTC;0;969,1;969,1;968,3;401,3;17,7;17,7;17,7;16,1;17,7;16;100;99;100;39;2,1;1,1;
2023/08/31;1200 UTC;0;969,5;969,5;969;1119,2;19,6;16,6;19,9;17,7;18,6;16,3;100;80;83;240;2;,9;
2023/08/31;1300 UTC;0;969,5;969,7;969,4;1295,5;21,1;15,8;21,1;19,5;17;15,4;85;72;72;293;2,9;,8;
2023/08/31;1400 UTC;0;969,2;969,6;969,2;1689,7;22,5;15;22,8;21;16;14,8;72;63;63;326;3,1;1,3;
2023/08/31;1500 UTC;0;968,2;969,2;968,2;2246,8;23,8;15,2;24,3;21,9;15,9;14,6;65;57;59;352;3,4;2;
2023/08/31;1600 UTC;0;967,2;968,2;967,2;2524,5;24,7;14,8;25,3;23,8;16,1;14,8;59;53;54;103;4,2;1,7;
2023/08/31;1700 UTC;0;966,3;967,3;966,3;2193,9;25,9;13,2;26,4;24,7;15,4;13,2;55;45;45;86;3,6;2,2;
2023/08/31;1800 UTC;0;965,6;966,3;965,6;1457;26,8;13,4;27,2;25,8;14,4;12,8;46;42;44;83;3,7;1,7;
2023/08/31;1900 UTC;0;965,6;965,7;965,4;1009,9;26,5;14,2;27,3;26,3;14,5;13,3;48;43;47;75;4,8;1,8;
2023/08/31;2000 UTC;0;966;966;965,4;435,6;24,8;16;26,5;24,8;16;13,8;58;46;58;108;6,9;3,8;
2023/08/31;2100 UTC;0;966,9;966,9;966;71,8;22,2;14,5;24,8;22,2;16;14,3;62;57;62;97;8,4;4,1;
2023/08/31;2200 UTC;0;967,9;967,9;966,9;;20,2;15,6;22,2;20,2;15,6;14,5;75;62;75;53;7,4;3;
2023/08/31;2300 UTC;0;968,7;968,7;967,9;;19;15,3;20,2;19;15,6;15,3;79;75;79;64;6,2;3,5;
2023/09/01;0000 UTC;0;969,5;969,5;968,7;;18,5;15,2;19;18,5;15,4;15,2;81;79;81;94;6,2;2,6;
2023/09/01;0100 UTC;0;969,8;969,8;969,5;;18,1;16,3;18,6;18;16,3;14,9;90;81;90;87;4,6;2;
2023/09/01;0200 UTC;0;970,1;970,1;969,8;;18,6;15;18,6;18;16,4;15;90;80;80;90;4,1;2,1;
2023/09/01;0300 UTC;0;970,1;970,2;970,1;;18,4;14,8;18,6;18,4;15;14,8;80;79;80;74;3,9;1,4;
2023/09/01;0400 UTC;0;969,6;970,1;969,6;;18,4;14,7;18,4;18,3;15;14,7;81;79;79;68;3,2;1,7;
2023/09/01;0500 UTC;0;969,2;969,6;969,2;;18,1;14,7;18,4;18;14,8;14,6;81;79;81;80;3,4;1,9;
2023/09/01;0600 UTC;0;968,9;969,3;968,8;;17,9;14,9;18,1;17,9;14,9;14,7;83;81;83;104;3,1;1,1;
2023/09/01;0700 UTC;0;968,7;969;968,7;;17,7;14,8;17,9;17,7;15;14,7;84;82;83;75;2,1;1;
2023/09/01;0800 UTC;0;969;969;968,6;;17,6;14,8;17,7;17,6;14,9;14,6;84;82;84;41;1,9;1,3;
2023/09/01;0900 UTC;0;969;969;968,9;;17,1;15,9;17,7;17;15,9;14,5;93;82;93;323;1,9;,8;
2023/09/01;1000 UTC;0;969,8;969,8;969;70;17,7;16;17,7;16,9;16,1;15,6;93;89;89;105;1,8;1,2;
2023/09/01;1100 UTC;0;970,2;970,2;969,8;553,3;18,9;15,1;19;17,7;16,4;14,8;90;78;79;91;2,4;1,2;
2023/09/01;1200 UTC;0;970,4;970,5;970,2;805,5;19,6;14,8;19,7;18,9;15,5;14,2;80;72;74;123;3,7;1,5;
2023/09/01;1300 UTC;0;970,3;970,5;970,3;997,1;20,8;14,8;21;19,4;15,5;14,6;74;68;69;85;4,4;1,1;
2023/09/01;1400 UTC;0;969,7;970,3;969,7;1426,4;22,5;15,6;22,5;20,8;15,8;14,6;69;64;65;132;3,8;1,6;
2023/09/01;1500 UTC;0;968,4;969,7;968,4;1962,3;25,6;16,2;25,6;22,5;16,4;15,1;65;55;56;306;4,1;1,7;
2023/09/01;1600 UTC;0;967,1;968,4;967,1;2636,5;26,2;15,1;26,9;25;16,6;14,9;57;49;50;115;5,2;2,6;
2023/09/01;1700 UTC;0;966,2;967,1;966,2;2315,8;27,8;15,3;28,4;26,1;16,2;14,8;53;45;47;81;5,8;1,4;
2023/09/01;1800 UTC;0;965,4;966,2;965,4;1761,7;27,9;15,4;29,3;27,1;16,5;14,8;48;42;47;145;5,9;1,7;
2023/09/01;1900 UTC;0;965,4;965,4;965,3;1006,2;28,8;15,3;29,1;27,9;15,9;15,1;48;43;44;119;5,2;2,4;
2023/09/01;2000 UTC;0;965,5;965,5;965,3;537,9;27,5;15,5;28,8;27,5;15,6;15,1;48;44;48;141;5,4;2,9;
2023/09/01;2100 UTC;0;965,8;965,9;965,5;66,5;25,7;16,1;27,5;25,7;16,1;15,4;56;48;56;117;7,7;4,6;
2023/09/01;2200 UTC;0;966,5;966,5;965,8;;23,8;16,2;25,7;23,8;16,4;16,1;63;56;63;124;7,7;3,2;
2023/09/01;2300 UTC;0;967,4;967,4;966,5;;22,5;16,2;23,8;22,4;16,6;16;69;63;68;63;5,4;1,1;
2023/09/02;0000 UTC;0;967,9;967,9;967,4;;21,5;16,2;22,5;21,4;16,2;16,1;72;68;72;119;3,2;1,2;
2023/09/02;0100 UTC;0;968,3;968,3;967,9;;20,7;16,3;21,5;20,3;16,4;16;77;72;76;65;2,6;1,2;
2023/09/02;0200 UTC;0;968,3;968,4;968,2;;19,8;16,2;20,7;19,8;16,3;16,1;80;76;80;61;2,6;,8;
2023/09/02;0300 UTC;0;967,9;968,3;967,9;;19,4;17,6;19,8;18,4;17,8;15,8;91;80;89;53;2,8;1,9;
2023/09/02;0400 UTC;0;967,3;967,9;967,3;;19,2;17,4;19,4;18,9;17,6;17,3;91;89;90;80;3,2;1,7;
2023/09/02;0500 UTC;0;967,2;967,3;967,2;;18,7;17,3;19,2;18,7;17,5;17,1;92;90;91;72;2,8;1,8;
2023/09/02;0600 UTC;0;967;967,3;967;;18,3;17,2;18,7;17,7;17,3;16,6;95;91;93;58;3,3;1,4;
2023/09/02;0700 UTC;0;966,9;967;966,6;;17,6;16,6;18,4;17,6;17,2;16,6;94;92;94;353;4,7;,8;
2023/09/02;0800 UTC;0;967,4;967,4;966,8;;17,1;16,7;17,9;17,1;17;16,3;97;93;97;281;2,8;1,3;
2023/09/02;0900 UTC;0;967,7;967,7;967,3;;17,1;16,8;17,4;16,8;17;16,3;98;97;98;117;2,2;,5;
2023/09/02;1000 UTC;0;967,9;968,2;967,7;136,1;18,1;17,5;18,1;16,7;17,5;16,1;99;96;96;88;2,5;1,5;
2023/09/02;1100 UTC;0;968,4;968,4;967,9;646,2;19,1;17,6;19,2;17,6;18,1;16,7;96;91;91;262;2,5;,9;
2023/09/02;1200 UTC;0;968,3;968,5;968,3;994;20,8;17,2;20,8;19;18,3;17,2;92;80;80;297;2,3;1,1;
2023/09/02;1300 UTC;0;967,9;968,3;967,9;2040,4;24,3;17,3;24,3;20,8;18,2;16,6;82;65;65;278;4,5;2,3;
2023/09/02;1400 UTC;0;966,7;967,9;966,7;2146,3;26;16,9;26,5;24,1;17,8;16,6;65;57;57;279;4,6;2,5;
2023/09/02;1500 UTC;0;965,6;966,7;965,6;2943,8;27,9;16,3;28,3;25,7;17,5;16;59;48;50;327;4,8;2;
2023/09/02;1600 UTC;0;964,6;965,6;964,6;2849,1;28,9;15,7;29,8;27,7;16,9;15,3;50;43;45;331;4,5;2,5;
2023/09/02;1700 UTC;0;963,7;964,6;963,7;2411,6;30,1;15;31;28,9;16,3;15;45;39;40;220;3,7;1,6;
2023/09/02;1800 UTC;0;963,2;963,7;963,2;1411,1;30,3;15,7;30,8;29,9;15,8;14,9;42;39;41;220;3,1;1,4;
2023/09/02;1900 UTC;0;963,1;963,2;963;1257,3;29,3;16,1;30,5;29,3;16,3;15,6;45;41;45;139;5,8;3,2;
2023/09/02;2000 UTC;0;963,3;963,3;963,1;384,2;28,3;16,7;29,5;28,3;16,8;16,1;49;45;49;136;5,8;2,3;
2023/09/02;2100 UTC;0;963,7;963,7;963,2;50,8;27;17,3;28,4;27;17,3;16,6;56;49;56;122;4,6;2,7;
2023/09/02;2200 UTC;0;964,6;964,6;963,7;;25,6;17,6;27;25,5;17,6;17,3;61;56;61;122;4,6;2,1;
2023/09/02;2300 UTC;0;965,4;965,5;964,6;;24,1;17,5;25,6;24,1;17,6;17,5;67;61;67;113;4,6;1,9;
2023/09/03;0000 UTC;0;966,1;966,2;965,4;;23,1;17,5;24,1;23;17,6;17,4;71;67;71;82;3,9;,6;
2023/09/03;0100 UTC;0;966,5;966,5;966,1;;22,8;17,4;23,3;22,8;17,7;17,4;72;70;72;114;3,5;1,9;
2023/09/03;0200 UTC;0;966,8;966,8;966,4;;21;17,6;22,8;21;18;17,2;81;71;81;294;3,1;,2;
2023/09/03;0300 UTC;0;966,6;966,8;966,4;;20,3;19,1;21,9;20,3;19,5;17,4;93;77;93;277;1,9;,3;
2023/09/03;0400 UTC;0;965,9;966,7;965,9;;20,7;19;21,4;20,1;19,6;18,2;95;86;90;75;2,1;,8;
2023/09/03;0500 UTC;0;965,9;966,2;965,8;;19,7;18,9;20,7;19,5;19,2;18,2;95;89;95;15;2;,4;
2023/09/03;0600 UTC;0;966,2;966,3;965,9;;19,4;19,1;20,1;19,2;19,5;18,7;98;95;98;312;1,4;,6;
2023/09/03;0700 UTC;0;967,9;967,9;966,2;;20,3;19,6;20,3;19;19,6;18,6;99;96;96;255;9;4,9;
2023/09/03;0800 UTC;1,8;967,7;968;967,5;;20,3;19,8;20,6;20,2;19,9;19,6;97;96;96;246;10,6;5,4;
2023/09/03;0900 UTC;3,8;967,3;967,9;966,9;;19,8;19,9;20,3;19,8;19,9;19,7;;96;;136;8,7;3,4;
2023/09/03;1000 UTC;0;966,9;967,3;966,8;62,9;19,7;19,8;20;19,6;20,1;19,7;;100;;49;5,4;1,4;
2023/09/03;1100 UTC;0;966,9;967;966,8;347,3;20,5;20,5;20,5;19,7;20,5;19,8;;100;100;219;3,1;,8;
2023/09/03;1200 UTC;0;966,7;966,9;966,7;952,5;21,8;20,8;21,8;20,4;21,1;20,4;100;94;94;278;2,4;1,4;
2023/09/03;1300 UTC;0;966,6;966,8;966,6;1850,2;24,1;19,7;24,1;21,5;21,4;18,9;95;76;77;323;2,7;,9;
2023/09/03;1400 UTC;0;965,7;966,6;965,7;2802,3;26;18,6;26,4;24,1;20,2;18;77;61;64;72;3,5;1,8;
2023/09/03;1500 UTC;,2;964,8;965,7;964,8;3004,3;28,1;18,3;28,3;25,9;19,5;17,6;65;54;55;66;4,2;1,3;
2023/09/03;1600 UTC;0;963,8;964,8;963,8;2967,4;30,9;17,7;30,9;27,9;18,8;17,1;56;45;45;285;3,9;1,4;
2023/09/03;1700 UTC;0;962,7;963,8;962,7;2785,2;31,6;17,3;32;30,4;18,1;16;47;40;42;79;4,1;1,5;
2023/09/03;1800 UTC;0;962,3;962,7;962,3;2221,5;32,3;16,4;32,6;31,2;17,3;15,9;43;38;38;86;4;1,6;
2023/09/03;1900 UTC;0;962,4;962,4;962,3;1560,3;32,8;16,1;33,2;32,2;16,8;15;38;35;37;145;3,8;,8;
2023/09/03;2000 UTC;0;962,8;962,8;962,4;974,5;30,9;18;33,6;30,9;18,7;16;48;36;46;147;4,9;1,5;
2023/09/03;2100 UTC;0;963;963,1;962,8;90,7;27,6;19;30,9;27,6;19,1;17,7;60;46;60;338;3,9;1,9;
2023/09/03;2200 UTC;0;963,9;963,9;963;;25,7;19,5;27,6;25,7;19,7;19;69;60;69;10;3;1,1;
2023/09/03;2300 UTC;0;964,8;964,8;963,9;;25,5;19,7;26,4;25,5;20,1;19,6;71;67;70;87;1,8;,6;
2023/09/04;0000 UTC;0;965,2;965,2;964,8;;23,4;18,9;25,9;23,4;20;18,9;79;69;76;329;2,2;1,1;
2023/09/04;0100 UTC;0;965,5;965,5;965,2;;22,7;19;24;22,7;19,5;18,8;80;75;80;322;2,2;,5;
2023/09/04;0200 UTC;0;965,9;965,9;965,4;;21,8;20;23,1;21,6;21,1;18,9;93;80;89;338;2,1;,7;
2023/09/04;0300 UTC;0;965,6;966;965,6;;22,6;21,1;22,6;21,5;21,1;20,1;94;89;91;109;1,6;1,1;
2023/09/04;0400 UTC;0;965,4;965,7;965,4;;20,3;20;22,6;20,3;21,1;20;98;91;98;360;1,8;,9;
2023/09/04;0500 UTC;0;964,7;965,4;964,7;;21,5;20,2;21,8;20,2;20,8;20;100;92;92;10;1,9;,5;
2023/09/04;0600 UTC;0;964,4;964,7;964,4;;21;20,3;21,5;19,7;20,7;19,2;100;91;96;120;1,5;,5;
2023/09/04;0700 UTC;0;964,3;964,4;964,2;;20,1;20;21;19,8;20,4;19,2;100;95;100;82;1,9;,6;
2023/09/04;0800 UTC;0;964,8;964,8;964,2;;19,7;19,7;20,5;19,5;20,5;19,3;100;98;100;166;1,9;,3;
2023/09/04;0900 UTC;0;965;965;964,6;;19,9;19,9;20,1;19,5;20,1;19,4;100;99;100;113;2,1;1,3;
2023/09/04;1000 UTC;0;965,6;965,6;965;157,3;19,3;19,5;19,9;19;19,9;18,9;;99;;334;1,8;,9;
2023/09/04;1100 UTC;0;966;966;965,6;643,1;22,3;21,1;22,3;19,3;21,4;19,6;;93;93;135;1,3;,5;
2023/09/04;1200 UTC;0;966;966,2;966;1392,3;23,9;18,9;24,1;22,3;21,1;18,5;93;74;74;69;3,2;1,4;
2023/09/04;1300 UTC;0;965,8;966,1;965,7;2205,9;25,9;18,6;26,2;23,9;19,8;18,5;75;64;64;113;4;2;
2023/09/04;1400 UTC;0;965;965,8;965;2804,3;27,9;18,4;28,2;25,5;19,5;17,9;66;56;56;114;4;1,7;
2023/09/04;1500 UTC;0;964;965;964;2789,6;29,3;18,5;29,6;27,6;19,4;18;59;51;52;55;4,5;1,6;
2023/09/04;1600 UTC;0;963,1;964;963,1;2693,6;30,4;18,6;31;29,3;19,3;18;52;47;50;192;3,6;1,2;
2023/09/04;1700 UTC;0;962,1;963,1;962,1;2596,6;31,9;18,8;32,1;30,3;19,7;18,3;50;46;46;20;4,1;1,3;
2023/09/04;1800 UTC;0;961,5;962,1;961,4;1847,5;32,9;19,6;33;31,6;19,7;18,4;49;43;45;73;4,1;1,4;
2023/09/04;1900 UTC;0;961,3;961,5;961,3;1331,8;33;19,2;33,9;32,7;19,7;18,4;45;42;44;58;3,7;1,9;
2023/09/04;2000 UTC;0;961,3;961,4;961,3;576,1;31,4;20,2;33,2;31,4;20,2;18,8;51;43;51;29;3,6;1,9;
2023/09/04;2100 UTC;0;961,6;961,6;961,3;52,7;29;21,1;31,4;29;21,1;20,2;62;51;62;356;3,4;1,5;
2023/09/04;2200 UTC;0;962,3;962,3;961,6;;27,5;20,8;29;27,5;21,7;20,5;70;63;67;68;2,4;1,4;
2023/09/04;2300 UTC;0;962,9;962,9;962,3;;27;21,3;28,2;27;21,3;20,3;71;62;71;134;2,3;,9;
2023/09/05;0000 UTC;0;963,9;963,9;962,9;;24,6;20,8;27,1;24,2;21,5;20,8;84;70;80;301;1,8;,9;
2023/09/05;0100 UTC;0;964,7;964,7;963,9;;24;19,7;25,6;24;20,8;19,7;80;72;77;340;2;,7;
2023/09/05;0200 UTC;0;964,7;964,7;964,6;;23;21,3;24,9;23;21,3;19,7;90;76;90;274;1,3;,6;
2023/09/05;0300 UTC;0;964,6;964,7;964,5;;22,8;21,7;23;22,4;21,8;21;93;90;93;326;2;1,6;
2023/09/05;0400 UTC;0;964;964,6;964;;21,9;21;23,5;21,9;22;20,8;95;90;95;309;2,4;1,4;
2023/09/05;0500 UTC;0;963,9;964,1;963,8;;21,8;21,4;22,2;21,6;21,5;20,9;98;95;98;1;2;,5;
2023/09/05;0600 UTC;0;964;964;963,8;;21,3;20,6;22,6;21,3;21,8;20,6;98;93;96;322;1,6;,6;
2023/09/05;0700 UTC;0;964,2;964,2;963,9;;21,3;20,9;21,6;21;21,3;20,6;99;96;98;337;1,6;,7;
2023/09/05;0800 UTC;0;964,8;964,8;964,1;;21,3;20,7;22,2;21,3;21,4;20,7;98;94;96;274;2,3;,6;
2023/09/05;0900 UTC;0;965,5;965,5;964,7;;21,2;20,8;21,6;21;21,3;20,6;99;96;98;4;2,5;1,7;
2023/09/05;1000 UTC;0;966,8;966,8;965,5;69,1;21,9;21,3;21,9;21,2;21,3;20,8;98;97;97;196;2,9;1,9;
2023/09/05;1100 UTC;0;967,4;967,4;966,7;366,6;22,4;21,5;23;21,9;21,9;21,4;97;93;94;345;3;1,5;
2023/09/05;1200 UTC;0;968;968;967,4;1270,3;25,1;18,7;25,5;22,4;22,4;18,7;95;67;68;52;3,3;1,6;
2023/09/05;1300 UTC;0;968,1;968,1;968;1695,5;26,6;18,4;26,6;25,1;19,1;18,2;69;61;61;84;4;1,9;
2023/09/05;1400 UTC;0;967,6;968,1;967,6;1802,4;28,2;19,3;28,2;26,6;19,4;18,2;63;58;59;101;4;1,3;
2023/09/05;1500 UTC;0;967,1;967,6;967,1;1662,9;28,5;19,3;28,6;27,6;19,5;18,5;60;57;58;116;4,3;1,9;
2023/09/05;1600 UTC;0;967;967,1;966,8;490,5;27,5;19,3;28,7;27,5;19,6;18,8;62;56;61;106;4,5;2,8;
2023/09/05;1700 UTC;0;966,3;967;966,3;1348,8;29,6;19,9;29,7;27,5;20,1;19,2;62;54;56;75;5,4;3,2;
2023/09/05;1800 UTC;0;966,5;966,5;966,1;1299,8;27,4;19,8;30,2;27,4;20,3;19;64;52;64;28;5,6;2,6;
2023/09/05;1900 UTC;0;967;967;966,5;245,1;24,7;21;27,4;24,7;21,1;19,8;80;64;80;43;4,6;2,6;
2023/09/05;2000 UTC;0;968,3;968,5;967;165,2;24,4;20,3;25,1;24,4;21,1;20,2;80;76;78;76;5,2;3;
2023/09/05;2100 UTC;0;969,2;969,2;968,3;26,5;22,6;18,4;24,4;22,6;20,3;18,3;80;76;77;102;7,6;4,6;
2023/09/05;2200 UTC;0;970,2;970,2;969,2;;21,9;18,3;22,6;21,9;18,6;18,2;80;77;80;94;7,6;2,9;
2023/09/05;2300 UTC;0;971,2;971,2;970,2;;20,9;19,4;21,9;20,9;19,6;18,2;91;80;91;51;6,3;4;
2023/09/06;0000 UTC;0;972;972;971,2;;20,1;19,4;20,9;20,1;19,6;19,4;96;91;96;52;6,3;2,2;
2023/09/06;0100 UTC;,6;972,5;972,5;972;;19,4;19,1;20,1;19,4;19,4;19,1;99;96;98;40;5,2;1,7;
2023/09/06;0200 UTC;,2;972,8;972,8;972,5;;19,1;18,9;19,4;19;19,1;18,8;99;98;99;13;3,1;1,2;
2023/09/06;0300 UTC;0;972,6;972,8;972,6;;18,8;18,4;19,2;18,8;18,9;18,4;99;97;98;9;3,4;1;
2023/09/06;0400 UTC;,2;972,2;972,6;972,2;;18,5;18,5;18,8;18,5;18,5;18,3;100;98;99;50;3,3;1,7;
2023/09/06;0500 UTC;,2;972,1;972,3;972,1;;18,2;18,3;18,5;18,2;18,5;18,3;;99;;19;3,4;1,1;
2023/09/06;0600 UTC;,6;971,9;972,4;971,9;;17,7;17,9;18,2;17,7;18,4;17,9;;;;24;4;1,7;
2023/09/06;0700 UTC;0;971,8;971,9;971,7;;17,8;17,8;17,9;17,6;17,9;17,8;;100;100;30;4,2;1,4;
2023/09/06;0800 UTC;0;972;972;971,7;;17,8;17,7;17,9;17,6;17,8;17,6;100;99;99;19;2,6;,7;
2023/09/06;0900 UTC;0;972,9;972,9;972;0;18;17,7;18,1;17,8;17,8;17,6;99;98;98;24;1,5;,9;
2023/09/06;1000 UTC;0;973,7;973,7;972,9;61,3;18,2;17,6;18,3;18;17,7;17,5;98;96;97;345;2,5;,7;
2023/09/06;1100 UTC;0;974,3;974,3;973,7;296,1;18,9;17,7;18,9;18,2;18,1;17,5;97;92;93;46;3,4;1,9;
2023/09/06;1200 UTC;0;975;975;974,3;513,1;19,4;17,6;19,4;18,9;18;17,2;94;88;89;60;4,1;2,3;
2023/09/06;1300 UTC;0;975,2;975,3;975;835,3;19,8;17,2;20,2;19,3;18,3;17,2;90;84;85;53;4,7;2,8;
2023/09/06;1400 UTC;0;974,8;975,2;974,8;1413,9;21;16,4;21,3;19,8;18,6;15,8;88;74;75;13;4,5;2,8;
2023/09/06;1500 UTC;0;974,1;974,8;974,1;1768,3;21,4;15,8;22,4;20,7;17,3;15,6;79;68;70;355;6,9;2,3;
2023/09/06;1600 UTC;,2;973,5;974,1;973,5;701,8;21,6;16,2;21,7;20;18,8;15,6;91;69;71;57;6,3;1,9;
2023/09/06;1700 UTC;0;972,8;973,5;972,8;1367,1;21,6;15,8;22;20,7;17,5;15,8;81;69;70;73;7,4;3,5;
2023/09/06;1800 UTC;0;972,4;972,8;972,3;1180,5;22,5;15,8;22,6;21,6;16,4;15,3;71;66;66;79;6,4;2,7;
2023/09/06;1900 UTC;0;972,4;972,4;972,3;640,5;22,1;15,5;22,5;22;16;14,9;68;63;66;65;5,5;3;
2023/09/06;2000 UTC;0;972,9;972,9;972,4;147,7;21,4;14,7;22,3;21,4;15,7;14,7;67;63;65;91;6,7;3,1;
2023/09/06;2100 UTC;0;973,5;973,5;972,9;20,9;20,4;15,1;21,4;20,4;15,1;14,5;72;65;72;66;6;3,2;
2023/09/06;2200 UTC;0;974,1;974,1;973,5;;19,6;14,9;20,4;19,6;15,1;14,8;74;71;74;88;6,4;3,6;
2023/09/06;2300 UTC;0;974,6;974,6;974,1;;19,2;15;19,6;19,2;15,1;14,8;77;74;76;75;6,1;2,3;
2023/09/07;0000 UTC;0;974,8;974,8;974,6;;18,7;14,7;19,2;18,7;15;14,6;78;76;77;72;6,4;2,9;
2023/09/07;0100 UTC;0;975;975;974,8;;18,4;14,4;18,7;18,4;14,7;14,4;78;77;77;52;5,4;2,6;
2023/09/07;0200 UTC;0;975,3;975,3;975;;18,2;14,4;18,4;18,2;14,4;14,2;79;77;79;48;5;2;
2023/09/07;0300 UTC;0;975,1;975,3;975,1;;18,1;14,4;18,2;18;14,6;14,4;80;79;79;25;3,6;1,6;
2023/09/07;0400 UTC;0;974,5;975,1;974,5;;18;14,5;18,2;18;14,5;14,3;80;78;80;30;3,5;1,4;
2023/09/07;0500 UTC;0;973,9;974,5;973,9;;17,5;16;18,1;17,5;16,1;14,5;91;80;91;44;3,6;2,1;
2023/09/07;0600 UTC;0;973,6;973,9;973,6;;17,2;16,3;17,5;17,2;16,3;16;94;91;94;35;3,6;1,7;
2023/09/07;0700 UTC;0;973,4;973,6;973,3;;17,1;16,4;17,3;17,1;16,5;16,3;96;94;96;30;3,1;1,7;
2023/09/07;0800 UTC;0;973,5;973,5;973,3;;17,1;16,6;17,2;17,1;16,7;16,4;97;96;97;38;2,8;1,3;
2023/09/07;0900 UTC;0;974,1;974,1;973,5;;17,2;16,7;17,3;17,1;16,7;16,6;97;96;96;67;3,1;1,7;
2023/09/07;1000 UTC;0;974,4;974,4;974,1;111,1;17,6;16,9;17,6;17,2;16,9;16,7;96;96;96;68;3,7;2,2;
2023/09/07;1100 UTC;0;974,6;974,6;974,4;440,4;18;16,5;18,1;17,5;17,2;16,4;96;91;91;68;5,1;3,1;
2023/09/07;1200 UTC;0;974,6;974,8;974,6;738,8;19,5;15;19,5;18;17,1;14,6;92;74;75;99;5,5;3,5;
2023/09/07;1300 UTC;0;974,3;974,6;974,3;2007,8;20,9;14,5;21,3;19,5;15,3;14,4;75;67;67;94;7,5;4,8;
2023/09/07;1400 UTC;0;973,4;974,3;973,4;2767,5;22,8;14,6;23,1;20,6;15,4;14;68;59;60;115;8,1;4,9;
2023/09/07;1500 UTC;,2;972,5;973,4;972,5;2780,6;22,5;14;24,1;22,5;14,8;13,5;60;54;59;102;9,6;4,7;
2023/09/07;1600 UTC;0;971,2;972,4;971,2;2339,2;23,4;14,6;24,9;22,3;15,3;14,1;61;54;58;100;8,4;3,1;
2023/09/07;1700 UTC;0;970;971,2;970;2102,7;25,8;14,9;26,2;23,2;15,7;14,3;59;51;51;111;6,9;2,5;
2023/09/07;1800 UTC;0;969,1;970;969,1;2094,4;26;15,7;26,4;25,1;15,9;14,4;54;50;53;111;7,2;3,9;
2023/09/07;1900 UTC;0;968,9;969,1;968,8;1226,5;25,6;15,6;26,4;25,2;15,7;14,8;55;51;54;90;7,1;3,4;
2023/09/07;2000 UTC;0;969;969,1;968,9;378,1;24,4;15,4;25,6;24,4;15,6;15,2;57;53;57;113;8,5;4,8;
2023/09/07;2100 UTC;0;969,3;969,3;968,9;60,6;22,7;16;24,4;22,7;16;15,4;66;57;66;116;8,5;3,6;
2023/09/07;2200 UTC;0;970;970;969,3;;21,3;16,1;22,7;21,3;16,1;16;72;66;72;109;6,4;3;
2023/09/07;2300 UTC;0;970,6;970,6;970;;19,9;16,1;21,3;19,9;16,2;15,9;79;72;79;80;6,1;2;
2023/09/08;0000 UTC;0;970,7;970,7;970,6;;18,8;17,4;19,9;18,8;17,4;16;91;79;91;86;5;3,8;
2023/09/08;0100 UTC;0;970,7;970,8;970,6;;18,1;17,3;18,8;18,1;17,4;17,3;95;91;95;97;5,4;2,2;
2023/09/08;0200 UTC;0;970,6;970,8;970,6;;17,6;17,2;18,1;17,6;17,4;17,2;98;95;98;63;3,5;1,3;
2023/09/08;0300 UTC;0;970,3;970,6;970,3;;17,4;17,2;17,6;17,4;17,4;17,1;99;98;99;48;2,6;1,3;
2023/09/08;0400 UTC;0;969,5;970,3;969,5;;17,5;17,5;17,6;17,4;17,5;17,2;100;99;100;87;3,3;1,9;
2023/09/08;0500 UTC;0;968,7;969,5;968,7;;17,1;17,1;17,6;17;17,5;17,1;100;100;100;116;3,3;1,5;
2023/09/08;0600 UTC;0;968,1;968,7;968,1;;16,8;16,9;17,2;16,8;17,3;16,9;;100;;34;2,3;,8;
2023/09/08;0700 UTC;0;968;968,2;968;;17;17,2;17;16,7;17,2;16,9;;;;9;1,9;1,2;
2023/09/08;0800 UTC;0;968,3;968,4;968;;17;16,9;17,1;16,8;17,3;16,8;;99;99;96;2,2;,7;
2023/09/08;0900 UTC;0;968,9;968,9;968,3;;16,6;16,4;17;16,4;16,9;16,2;99;98;99;73;1,3;,6;
2023/09/08;1000 UTC;0;969,2;969,2;968,9;171,1;16,8;16,8;16,8;15,9;16,8;15,8;100;99;100;322;1,4;,8;
2023/09/08;1100 UTC;0;969,7;969,7;969,2;780,9;18,7;16,5;18,9;16,8;17,6;16,4;100;86;87;351;1,5;,8;
2023/09/08;1200 UTC;0;970;970;969,7;1634,8;20,9;15;20,9;18,7;17,3;14,5;88;69;69;160;2,8;1,1;
2023/09/08;1300 UTC;0;969,5;970;969,5;2540,6;22,8;14,4;23,1;20,9;15,5;14,1;69;59;59;164;3,4;1,6;
2023/09/08;1400 UTC;0;968,6;969,5;968,6;3001,1;24,6;14,5;24,8;22,9;15,4;13,9;60;52;53;109;4,6;1,4;
2023/09/08;1500 UTC;0;967,6;968,6;967,6;3194,1;26,2;13,8;27,2;24,5;15,4;13,7;56;45;46;146;4;1,4;
2023/09/08;1600 UTC;0;966,2;967,6;966,2;2892,3;28,1;13,4;29,2;26,2;15,2;13,3;47;39;40;7;4,9;2,4;
2023/09/08;1700 UTC;0;964,8;966,2;964,8;2822;29,7;14,2;30,4;27,9;14,8;13,2;42;37;39;278;4,9;2,6;
2023/09/08;1800 UTC;0;964,3;964,8;964,3;2290,4;31,3;14;31,5;29,6;14,7;13,2;39;35;35;295;4,2;1,7;
2023/09/08;1900 UTC;0;964,1;964,3;964,1;1604,3;30,7;13,9;31,6;30,3;14,6;13,4;37;34;36;305;3,8;1,7;
2023/09/08;2000 UTC;0;964,3;964,3;964,1;846,9;30;14,3;31,4;30;14,7;13,6;39;35;39;276;4,3;3;
2023/09/08;2100 UTC;0;964,8;964,8;964,3;128,3;26,2;15,8;30;26,2;15,8;13,8;53;38;53;321;5,1;1,3;
2023/09/08;2200 UTC;0;965,7;965,7;964,8;;25,4;15,5;26,3;25;16,1;15,5;58;52;54;183;3,3;,6;
2023/09/08;2300 UTC;0;966,5;966,5;965,7;;25,3;15;26,3;23,5;15,8;14,9;62;50;53;125;3,4;1,8;
2023/09/09;0000 UTC;0;967,1;967,1;966,5;;21,8;15,8;25,4;21,5;16;14,6;70;51;69;333;4;1,4;
2023/09/09;0100 UTC;0;967,5;967,5;967,1;;20,6;15,6;22,3;20,6;16,1;15,6;74;67;73;47;1,9;,3;
2023/09/09;0200 UTC;0;967,7;967,7;967,4;;19,7;15,3;21,5;19,1;16,4;15,2;83;71;76;218;1,8;,8;
2023/09/09;0300 UTC;0;967,6;967,7;967,5;;20,4;15,4;20,4;19,2;15,9;15,2;79;73;73;88;2,5;1,3;
2023/09/09;0400 UTC;0;967,3;967,7;967,3;;17,7;16,7;20,6;17,7;17,2;14,8;94;71;94;328;2,5;1,3;
2023/09/09;0500 UTC;0;967;967,3;967;;17,5;16,6;18,4;17;17;16,1;96;90;94;303;2;1,4;
2023/09/09;0600 UTC;0;967;967;966,9;;16,9;16,1;17,7;16,7;16,6;16;96;92;95;292;1,9;1;
2023/09/09;0700 UTC;0;967;967;966,9;;16,9;16,4;17,3;16,1;16,5;15,3;97;93;97;330;2;1,3;
2023/09/09;0800 UTC;0;967,3;967,3;967;;16,3;15,1;17,7;16,1;16,8;15;97;92;93;163;1,8;,8;
2023/09/09;0900 UTC;0;967,8;967,8;967,3;;15,7;15,3;16,7;15,4;16,2;14,6;98;93;97;18;1,4;,8;
2023/09/09;1000 UTC;0;968,3;968,3;967,8;127;15,9;15,5;16,8;15,4;16,4;15;99;95;98;12;1,4;,8;
2023/09/09;1100 UTC;0;968,6;968,7;968,3;869,1;20;14,4;20;15,7;17,2;14,3;99;70;70;66;2,3;,9;
2023/09/09;1200 UTC;0;968,5;968,8;968,5;1595,2;22,5;13,5;22,6;20;15;13,2;72;57;57;81;2,8;1,2;
2023/09/09;1300 UTC;0;968,3;968,5;968,3;2490,5;24,1;13,5;24,1;22,2;14,7;12,7;60;50;51;148;3,7;1,3;
2023/09/09;1400 UTC;0;967,5;968,3;967,5;2958,1;26,1;13,7;26,4;23,9;14;12,5;51;44;46;61;4,1;1,5;
2023/09/09;1500 UTC;0;966,5;967,5;966,5;3146,3;28,4;14;28,6;26,1;14,5;12,9;47;39;41;109;3,9;1,4;
2023/09/09;1600 UTC;0;965,5;966,5;965,5;2857;29,6;13,5;30,1;28,2;14,7;13,1;42;37;37;195;3,7;1,3;
2023/09/09;1700 UTC;0;964,6;965,5;964,6;2522,1;30,8;13,4;31,2;29,3;15;12,9;40;34;35;335;3,6;1,3;
2023/09/09;1800 UTC;0;963,9;964,6;963,9;2206,4;31,9;12,3;32,3;30,8;14,5;12,3;36;30;30;117;4,4;1,2;
2023/09/09;1900 UTC;0;964,3;964,3;963,8;1473,3;31,8;11,6;33,1;31,7;13,2;11;32;27;29;168;5,1;1,7;
2023/09/09;2000 UTC;0;964,8;964,8;964,3;282,2;29,8;13,3;31,8;29,8;13,7;11,7;37;29;36;272;3,7;1,2;
2023/09/09;2100 UTC;0;965,5;965,5;964,8;71,8;28,8;13,5;29,9;28,8;14;12,8;39;35;39;75;3;1,6;
2023/09/09;2200 UTC;0;966,4;966,4;965,5;;26,7;15,3;28,8;26,1;15,9;13,5;54;39;50;27;2,6;,8;
2023/09/09;2300 UTC;0;967,2;967,2;966,3;;26,5;15,2;27,4;24,5;17,5;14,5;65;45;50;109;6,2;2,6;
2023/09/10;0000 UTC;0;968,2;968,2;967,2;;23,7;16,4;26,5;23,7;16,7;15;64;50;64;31;6,2;3,3;
2023/09/10;0100 UTC;0;969;969;968,2;;23,3;16;23,7;23,2;16,4;16;65;63;64;50;5,3;1,9;
2023/09/10;0200 UTC;0;968,7;969,1;968,7;;22,4;15,5;23,4;22,4;16,1;15,5;66;64;65;64;5,5;3;
2023/09/10;0300 UTC;0;968,1;968,7;968,1;;21,2;15,9;22,4;21,1;15,9;15,6;72;65;72;95;5,5;2,2;
2023/09/10;0400 UTC;0;967,5;968,1;967,5;;20,1;15,8;21,3;20;15,9;15,7;77;71;76;107;3,5;2;
2023/09/10;0500 UTC;0;967,1;967,5;967;;19,4;15,3;20,3;19,4;15,8;15,1;77;73;77;82;4,3;1,3;
2023/09/10;0600 UTC;0;967;967,1;967;;17,8;16,5;19,4;17,8;16,9;14,9;92;77;92;337;2,7;1,5;
2023/09/10;0700 UTC;0;967;967,1;967;;17,5;16,4;17,9;17,5;16,8;16,4;95;92;94;301;2;,5;
2023/09/10;0800 UTC;0;967,4;967,4;967;;17,6;16,4;18;17,2;17;16,2;96;91;93;113;2,8;1,1;
2023/09/10;0900 UTC;0;968,5;968,5;967,4;;17,1;16,1;17,6;17;16,7;16,1;95;92;94;131;2,2;,7;
2023/09/10;1000 UTC;0;969,6;969,6;968,5;111,6;17,7;16,4;18,4;16,6;17;15,8;97;90;92;273;2,6;,8;
2023/09/10;1100 UTC;0;970,4;970,4;969,6;883,2;20,8;15,8;20,8;17,6;17,5;15,8;94;73;73;102;1,6;,9;
2023/09/10;1200 UTC;0;970,8;970,8;970,4;1540,7;23,4;14,3;23,5;20,8;16,1;14,3;73;56;57;77;3,7;1,7;
2023/09/10;1300 UTC;0;970,8;970,9;970,7;2510,7;25,3;14,1;25,6;23,3;15,4;13,8;59;50;50;113;4,7;2,3;
2023/09/10;1400 UTC;0;970;970,8;970;3220,7;27,3;13,2;27,3;25;14,4;12,7;51;42;42;108;4,9;2,3;
2023/09/10;1500 UTC;0;969;970;969;3028,4;28,9;12,4;29;26,9;13,6;10,7;43;34;36;101;6,8;3,5;
2023/09/10;1600 UTC;0;968;969;967,9;3122,8;29,7;11,9;30;28,6;12,3;10,2;36;30;34;101;7;3,1;
2023/09/10;1700 UTC;0;967,2;968;967,2;2878,2;29,9;12;30,5;28,9;13,7;11,3;37;33;33;99;8,3;3,2;
2023/09/10;1800 UTC;0;966,9;967,2;966,8;2316,4;30,3;13,5;30,8;29,7;13,5;12,1;36;33;36;111;5,7;3,5;
2023/09/10;1900 UTC;0;966,8;966,9;966,6;1226,4;29,6;12,9;30,5;29,6;13,7;12,2;36;33;36;88;6;2,4;
2023/09/10;2000 UTC;0;967;967;966,8;397,8;28,4;14,9;29,7;28,3;15;12,6;44;35;44;113;6,9;4,1;
2023/09/10;2100 UTC;0;967,9;967,9;967;120,5;25,7;16,2;28,4;25,7;16,2;14,9;56;44;56;106;8,3;3,5;
2023/09/10;2200 UTC;0;968,5;968,5;967,9;;23,9;16,6;25,7;23,9;16,6;15,9;63;56;63;67;7,1;2,9;
2023/09/10;2300 UTC;0;969,3;969,3;968,5;;23,2;16,8;23,9;23,2;16,8;16,6;68;63;68;47;5,2;2,6;
2023/09/11;0000 UTC;0;969,5;969,6;969,3;;22,5;16,8;23,2;22,4;16,9;16,8;71;68;70;40;4,1;2,4;
2023/09/11;0100 UTC;0;969,8;969,8;969,5;;22;16,9;22,5;21,9;17;16,8;73;70;73;62;4,1;2,1;
2023/09/11;0200 UTC;0;969,9;970,1;969,8;;21,5;16,9;22;21,4;17;16,8;76;73;75;86;3,5;2,4;
2023/09/11;0300 UTC;0;969,7;970;969,7;;20,8;16,9;21,5;20,4;17;16,7;80;75;79;50;4,1;2,4;
2023/09/11;0400 UTC;0;969,4;969,7;969,4;;19,9;17,6;20,8;19,9;18,3;16,7;89;79;86;66;4,6;1,9;
2023/09/11;0500 UTC;0;969;969,4;969;;19;18,1;19,9;19;18,2;17,6;95;86;95;66;4,1;2,4;
2023/09/11;0600 UTC;0;968,5;969;968,5;;18,8;18;19,1;18,8;18,2;17,9;95;94;95;53;4,1;2;
2023/09/11;0700 UTC;0;968,3;968,5;968,3;;18,3;17,7;18,8;18,3;18;17,7;96;95;96;62;4,6;1,9;
2023/09/11;0800 UTC;0;968,5;968,5;968,3;;17,9;17,7;18,3;17,9;17,8;17,6;99;96;99;112;3,1;1,1;
2023/09/11;0900 UTC;0;968,8;968,8;968,4;;18;18;18;17,5;18;17,4;100;99;100;91;3,8;2,5;
2023/09/11;1000 UTC;0;969,3;969,3;968,8;72,8;18,4;18,2;18,4;18;18,2;18;100;99;99;111;5,1;3,5;
2023/09/11;1100 UTC;0;969,9;969,9;969,3;356,3;19;18,1;19,1;18,3;18,5;17,8;99;94;95;42;5,1;1,1;
2023/09/11;1200 UTC;0;970;970,1;969,9;731,2;19,9;18,2;19,9;18,9;18,8;17,7;96;89;90;81;3,2;1,4;
2023/09/11;1300 UTC;0;969,5;970;969,5;2405,5;22,6;16,8;22,7;19,9;19;16,3;91;68;70;96;4;1,8;
2023/09/11;1400 UTC;0;968,6;969,5;968,6;3021,4;25,7;15,5;26,1;22,7;17,4;15,5;70;53;53;96;4,4;2,2;
2023/09/11;1500 UTC;0;967,1;968,6;967,1;3073,7;29,1;13,6;29,2;25,5;16;12,9;55;38;39;106;6;2,3;
2023/09/11;1600 UTC;0;965,9;967,1;965,9;3133,1;30;12;30,3;28,4;14;11,8;40;33;33;114;7,6;3,8;
2023/09/11;1700 UTC;0;965;965,9;965;2886,3;30,8;11;31,1;29,6;12,5;11;34;29;29;110;8,5;3,8;
2023/09/11;1800 UTC;0;964,5;965;964,5;2338,1;31,2;10,3;31,4;30,6;11,4;10,3;31;28;28;92;8,4;3,3;
2023/09/11;1900 UTC;0;964,3;964,5;964,3;1632,4;31,2;10,1;31,9;30,9;11,5;9,7;29;26;27;100;7,2;3,7;
2023/09/11;2000 UTC;0;964,4;964,4;964,3;839;30,4;9,8;31,2;30,4;10,2;9,6;28;27;28;114;7,1;3,9;
2023/09/11;2100 UTC;0;964,6;964,6;964,4;141;28,2;9,9;30,4;28,2;10;9,6;32;28;32;106;6,5;3;
2023/09/11;2200 UTC;0;965,1;965,1;964,6;;26,3;10,5;28,2;26,3;10,5;9,9;37;32;37;104;5;3,5;
2023/09/11;2300 UTC;0;966;966;965,1;;24,2;11,2;26,4;24,2;11,4;10,5;44;37;44;64;5,1;2,5;
2023/09/12;0000 UTC;0;966,5;966,5;966;;22,7;12,2;24,2;22,7;12,2;11,3;51;44;51;84;4,3;2,7;
2023/09/12;0100 UTC;0;967,1;967,1;966,5;;20,3;11,8;22,7;20,3;12,3;11,8;58;51;58;49;4,9;2,4;
2023/09/12;0200 UTC;0;966,8;967,1;966,8;;21,7;11,3;21,8;20,3;12,1;11,3;58;51;52;53;5,8;3,6;
2023/09/12;0300 UTC;0;966,8;966,9;966,7;;21,1;11,2;22;20,6;11,6;10,9;55;50;53;87;5,8;3,6;
2023/09/12;0400 UTC;0;966,3;966,8;966,3;;20,6;11,1;21,4;20,6;11,3;11,1;55;52;55;85;6,2;3,4;
2023/09/12;0500 UTC;0;965,9;966,3;965,9;;19;12,1;20,6;18,9;12,1;11,2;64;55;64;94;7,3;3,6;
2023/09/12;0600 UTC;0;965,6;966;965,6;;18,9;11,8;19,2;18,7;12;11,8;65;63;63;95;5,9;3,4;
2023/09/12;0700 UTC;0;965,6;965,6;965,3;;17,7;11,6;19,3;17,5;11,8;11,1;68;61;68;36;5,9;1,3;
2023/09/12;0800 UTC;0;966,5;966,5;965,6;;16,2;11,8;18,1;16,2;12;11,5;75;67;75;264;3;1,5;
2023/09/12;0900 UTC;0;968;968;966,5;;16,4;11,8;16,6;15,5;12,3;11,7;79;74;74;264;3;1,6;
2023/09/12;1000 UTC;0;969,1;969,1;968;92,8;17,2;12,6;17,2;15,9;12,6;11,6;77;74;74;245;2,4;,7;
2023/09/12;1100 UTC;0;969,7;969,7;969,1;982,4;21,5;12,2;21,5;17,2;13,2;12,1;74;55;55;266;2;,4;
2023/09/12;1200 UTC;0;969,3;969,7;969,3;1610,6;23,1;11,5;23,4;21,5;12,3;11,1;55;47;48;110;2,9;1,2;
2023/09/12;1300 UTC;0;968,8;969,3;968,8;2595,9;25,4;10,2;25,4;23,1;12;10;48;38;38;151;3;1,4;
2023/09/12;1400 UTC;0;967,7;968,8;967,7;3062,4;27,4;11;28;25,3;11,8;9,9;40;35;36;59;4,2;1,8;
2023/09/12;1500 UTC;0;966,4;967,7;966,4;3075,5;28,9;11,7;29,5;27,4;12,5;10,9;38;33;35;153;5;1,6;
2023/09/12;1600 UTC;0;965,1;966,4;965,1;3151,2;31,1;11,9;31,2;28,9;12,5;11,3;35;31;31;255;5,1;3;
2023/09/12;1700 UTC;0;964;965,1;964;2815;32,3;11,6;32,4;30,4;12,8;10,9;32;28;28;227;5,1;1,9;
2023/09/12;1800 UTC;0;963,1;964;963,1;2265,1;31,9;10,8;32,5;31;12;10,5;30;27;27;251;5,4;2,1;
2023/09/12;1900 UTC;0;962,9;963,1;962,9;1596,9;32,2;10,8;32,9;31,5;11,5;10,2;28;26;27;236;4,8;2,1;
2023/09/12;2000 UTC;0;963,2;963,3;962,9;833,2;31,6;10,8;32,4;31,6;11,5;10,3;28;26;28;263;4,8;2,4;
2023/09/12;2100 UTC;0;963,6;963,6;963,2;138,8;27,3;13,3;31,7;27,3;13,3;10,7;42;28;42;336;3,7;2,2;
2023/09/12;2200 UTC;0;964,1;964,1;963,6;;25,4;12,7;27,3;25,4;13,5;12,6;46;42;45;331;3,2;1,8;
2023/09/12;2300 UTC;0;964,9;964,9;964,1;;24,4;14;25,4;23,7;14;12,6;53;45;52;51;4,5;1,3;
2023/09/13;0000 UTC;0;965,6;965,6;964,9;;21,6;14,2;24,6;21,3;14,6;13,5;65;50;63;311;2,6;1,5;
2023/09/13;0100 UTC;0;966;966;965,6;;20,6;14,3;22,6;20,6;14,3;13,9;67;58;67;263;2,4;,7;
2023/09/13;0200 UTC;0;966,2;966,2;965,9;;20,1;14,2;21,6;19,8;14,8;13,7;71;61;69;25;2,8;,8;
2023/09/13;0300 UTC;0;966,1;966,3;966;;19,1;13,8;20,8;18,7;14,8;13,8;77;67;71;304;1,7;1;
2023/09/13;0400 UTC;0;965,6;966,1;965,5;;18,6;14,3;20,1;18;14,5;13,5;77;68;76;56;1,7;,7;
2023/09/13;0500 UTC;0;965,1;965,6;965,1;;16,9;14;19,1;16,5;14,5;13;83;73;83;358;2;,7;
2023/09/13;0600 UTC;0;964,8;965,1;964,7;;16,7;14,8;17,6;16,1;15,2;13,5;91;81;89;328;2,1;1,2;
2023/09/13;0700 UTC;0;964,5;964,8;964,5;;15,7;14,2;16,7;15,7;14,8;14,2;91;88;91;338;1,7;1,1;
2023/09/13;0800 UTC;0;964,4;964,6;964,3;;16,6;15,1;17,2;15,7;15,2;14,2;94;85;91;140;2;1,4;
2023/09/13;0900 UTC;0;964,7;964,7;964,3;;15,2;14,2;17;14,9;15,5;13,9;97;87;94;355;2;,4;
2023/09/13;1000 UTC;0;965,1;965,1;964,7;131,9;16,4;14,7;16,4;14,5;14,9;13,9;97;90;90;287;2;1;
2023/09/13;1100 UTC;0;965,3;965,4;965,1;1045,1;20,1;15,5;20,1;16,4;16,1;14,8;90;74;75;336;1,8;1;
2023/09/13;1200 UTC;0;965,5;965,5;965,3;1560,1;23,7;15;23,7;20,1;15,7;14,3;75;57;58;90;4,2;1,9;
2023/09/13;1300 UTC;0;965;965,5;965;2557,6;25,7;14,2;26,1;23,4;15,2;13,7;58;48;49;88;4,5;2;
2023/09/13;1400 UTC;0;964;965;964;2994,6;27,8;14,5;27,9;25,4;15,4;14;51;44;44;120;6;1,7;
2023/09/13;1500 UTC;0;962,6;964;962,6;3038;30,5;14,6;30,5;27,7;15,1;14;45;38;38;306;5;2,3;
2023/09/13;1600 UTC;0;961,4;962,7;961,4;3132,5;32,6;14,5;32,7;30,2;15,3;14;39;33;34;206;5,1;1,3;
2023/09/13;1700 UTC;0;960,1;961,4;960,1;2823;32,6;13,4;33,5;31,6;14,7;13;35;30;31;126;4,5;1,6;
2023/09/13;1800 UTC;0;959,2;960,1;959,2;2261,7;33,6;12,4;33,9;32,4;13,8;11,5;32;26;28;107;5,3;2,4;
2023/09/13;1900 UTC;0;958,9;959,3;958,9;1547,1;34,2;11,9;34,3;33,3;12,5;11,1;28;25;26;229;4,4;,8;
2023/09/13;2000 UTC;0;958,9;958,9;958,7;798,4;33,2;11,9;34,2;33,2;12,3;11;28;25;27;51;3;1,4;
2023/09/13;2100 UTC;0;959,2;959,2;958,8;130,6;28,9;14,9;33,2;28,9;14,9;11,8;43;27;43;349;2,8;1,9;
2023/09/13;2200 UTC;0;959,6;959,6;959,2;;26,6;15;28,9;26,6;15,3;15;49;43;49;39;3,2;1,2;
2023/09/13;2300 UTC;0;960,3;960,3;959,6;;25,7;16,2;27,1;25,7;16,2;14,9;56;48;56;102;3,3;2,1;
2023/09/14;0000 UTC;0;961,2;961,2;960,3;;23,5;16,4;25,7;23,1;16,7;16,2;66;56;64;268;3,5;,9;
2023/09/14;0100 UTC;0;961,7;961,7;961,2;;21,4;15,8;23,5;21,4;16,6;15,4;70;62;70;305;2;1,3;
2023/09/14;0200 UTC;0;961,9;961,9;961,6;;21,1;15,9;22,1;20,3;16,2;15,7;76;67;72;320;2;1,6;
2023/09/14;0300 UTC;0;961,5;961,9;961,5;;20,2;15,6;22,4;19,8;16,1;14,9;76;65;75;134;2;,6;
2023/09/14;0400 UTC;0;961;961,6;961;;20,1;16,1;21;19,6;16,5;15,4;79;73;77;72;2,1;,4;
2023/09/14;0500 UTC;0;960,7;961;960,6;;18,5;15,6;20,2;18,5;16,7;14,9;86;76;83;331;1,8;1,1;
2023/09/14;0600 UTC;0;960,2;960,7;960,2;;20;16;20;18,1;17,5;15,6;91;78;78;95;2,4;,8;
2023/09/14;0700 UTC;0;960,5;960,5;960,2;;18,3;15,8;20;18;17,5;15;93;77;86;253;1,6;1,1;
2023/09/14;0800 UTC;0;961,3;961,3;960,5;;17,9;16,9;18,6;17,5;17,3;16;95;86;94;264;3;1,5;
2023/09/14;0900 UTC;0;962,4;962,4;961,2;;18,9;17,4;19;17,5;17,9;16,6;96;91;91;83;5,6;1,3;
2023/09/14;1000 UTC;0;963,1;963,1;962,4;164,9;20,1;17,9;20,1;18,1;18,2;16,8;94;87;87;331;2;,2;
2023/09/14;1100 UTC;0;963,6;963,6;963,1;1067;23;16,7;23;19,8;19;16,7;89;68;68;95;2,6;1,3;
2023/09/14;1200 UTC;0;963,9;963,9;963,5;1415,1;24,1;16,3;24,6;22,8;17,2;16;69;61;62;287;3,2;,8;
2023/09/14;1300 UTC;0;963,5;963,9;963,5;1975,7;26,6;16,4;27,1;24,1;17,5;16,3;63;53;54;118;3,1;1,3;
2023/09/14;1400 UTC;0;962,9;963,5;962,9;3187;29,9;16,4;29,9;26,4;17;14,5;54;42;44;260;3,7;2;
2023/09/14;1500 UTC;0;962;962,9;962;2457,4;30,2;16,9;31,1;28,6;17,5;15,3;46;41;45;313;4,6;2;
2023/09/14;1600 UTC;0;961,4;962;961,4;2036,4;31;15,3;31,9;29,7;17,3;15;45;37;39;281;4,7;2,1;
2023/09/14;1700 UTC;0;960,7;961,4;960,7;1575,1;31,6;15,9;32,3;30,6;16,7;14,6;41;37;39;50;5,9;1,9;
2023/09/14;1800 UTC;0;960,4;960,7;960,3;1268,2;30,5;15;32;30,4;16;15;40;36;39;118;5,9;3;
2023/09/14;1900 UTC;1,4;962,1;962,2;960,4;246,6;24;18,4;30,6;23,8;18,4;14,9;71;39;71;240;11,9;3,6;
2023/09/14;2000 UTC;0;963,5;963,6;962,1;128,9;24,3;18,3;26,1;24;19,4;16,7;73;57;69;65;8,3;2,9;
2023/09/14;2100 UTC;,2;965;965;963,5;19,8;22,5;18,9;24,4;22,4;18,9;18,2;80;69;80;65;9,1;2,9;
2023/09/14;2200 UTC;0;965,7;965,8;965;;21;19,6;22,5;21;20;18,6;92;80;92;68;7,2;4,5;
2023/09/14;2300 UTC;0;966;966,1;965,6;;20,3;18,6;21;20,2;19,5;18,6;92;90;90;63;7,9;4,2;
2023/09/15;0000 UTC;0;966,8;966,8;966;;20,2;18,8;20,3;20,1;18,9;18,6;93;90;92;85;7,4;3,6;
2023/09/15;0100 UTC;0;967,7;967,8;966,8;;19,8;18,1;20,2;19,8;18,9;18,1;93;90;90;79;7,3;4,3;
2023/09/15;0200 UTC;1,2;967,6;968,3;967,3;;18,7;18,1;19,8;18,7;18,1;17,8;96;89;96;80;8,2;4,1;
2023/09/15;0300 UTC;,2;967,7;967,8;967,5;;18,5;18,1;18,7;18,5;18,4;18,1;99;96;97;97;7,1;3,4;
2023/09/15;0400 UTC;0;967,4;967,9;967,4;;18,3;17,5;18,5;18,3;18,2;17,3;98;93;95;95;7,7;2,7;
2023/09/15;0500 UTC;0;967,3;967,7;966,5;;17,6;17,2;18,3;17,6;17,7;17,2;97;95;97;61;6,9;4,1;
2023/09/15;0600 UTC;0;967;967,3;967;;17,4;17,1;17,6;17,4;17,2;17,1;98;97;98;55;6,9;2,3;
2023/09/15;0700 UTC;,8;967,2;967,2;966,8;;17;17,1;17,4;16,9;17,1;16,9;;98;;51;5;2;
2023/09/15;0800 UTC;1;967,7;967,8;967,2;;16,8;17;17;16,8;17,1;16,9;;;;25;4,3;1,4;
2023/09/15;0900 UTC;0;968,1;968,1;967,7;,9;16,7;16,8;16,9;16,7;17,1;16,8;;;;66;5,3;2,9;
2023/09/15;1000 UTC;0;968,3;968,3;968;170,2;16,7;16,3;16,8;16,5;16,8;16,3;;97;97;76;6,7;3,9;
2023/09/15;1100 UTC;0;969,3;969,3;968,3;366,3;17,2;16;17,2;16,7;16,4;15,5;98;91;93;84;7,3;2,8;
2023/09/15;1200 UTC;0;969,4;969,7;969,3;960;18,3;15,7;18,3;17,1;16,3;15,2;93;83;85;66;6,9;4,3;
2023/09/15;1300 UTC;0;970,1;970,1;969,4;1465,8;18,9;13,7;19,2;18;15,5;13,7;85;71;72;107;8;4,4;
2023/09/15;1400 UTC;0;970,4;970,5;970,1;1038,6;19,8;13,3;19,8;18,8;14,5;12,8;73;65;66;93;7,2;3,4;
2023/09/15;1500 UTC;0;970,1;970,5;970;765,9;19,7;13,6;20;19,5;14,2;13;70;66;68;65;6;2,9;
2023/09/15;1600 UTC;0;968,9;970,1;968,9;1304,5;20,2;13,9;20,7;19,5;14,4;13,4;69;65;67;73;7,3;4,3;
2023/09/15;1700 UTC;0;967,7;968,9;967,7;1180,8;20,6;13,7;20,7;20;14,1;13;67;63;65;73;7,3;3,9;
2023/09/15;1800 UTC;0;967;967,7;967;887,3;20,3;13,6;21,2;20,1;14;13,2;67;62;65;99;7,2;3,2;
2023/09/15;1900 UTC;0;967,5;967,5;966,8;276,5;19,1;14,1;20,3;19,1;14,3;13,5;73;65;73;107;7,6;4,2;
2023/09/15;2000 UTC;0;968,2;968,2;967,5;129,1;18,8;13,8;19,1;18,7;14,2;13,7;74;72;73;99;7,6;3,5;
2023/09/15;2100 UTC;0;969,2;969,2;968,2;23,4;17,5;13,6;18,8;17,5;13,8;13,6;78;72;78;84;6,3;3,6;
2023/09/15;2200 UTC;0;970;970;969,2;;16,4;15,9;17,5;16,4;15,9;13,6;97;78;97;26;6,2;1,6;
2023/09/15;2300 UTC;0;970,6;970,6;970;;15,8;15,7;16,4;15,8;15,9;15,6;99;96;99;15;4,4;2,6;
2023/09/16;0000 UTC;0;970,7;970,8;970,6;;16;15,8;16;15,8;15,9;15,7;100;99;99;32;3,9;2,5;
2023/09/16;0100 UTC;0;971,1;971,1;970,7;;16,2;15,9;16,3;15,9;16;15,8;99;97;98;41;4,7;2,5;
2023/09/16;0200 UTC;0;971,1;971,4;971,1;;15,8;15,8;16,2;15,8;15,9;15,8;100;98;100;73;5,3;2,9;
2023/09/16;0300 UTC;0;970,3;971,1;970,3;;15,9;15,9;15,9;15,8;15,9;15,8;100;100;100;104;4,9;2,8;
2023/09/16;0400 UTC;0;969,6;970,3;969,5;;15,9;15,4;15,9;15,9;15,8;15,3;100;96;97;106;7,2;3,1;
2023/09/16;0500 UTC;0;969;969,6;969;;15,7;15,3;15,9;15,7;15,4;15,3;98;97;98;86;5,2;2,3;
2023/09/16;0600 UTC;0;968,7;969;968,6;;15,8;15,3;15,8;15,7;15,4;15,3;98;97;97;58;3,8;,8;
2023/09/16;0700 UTC;0;968,6;968,7;968,5;;15,7;15,5;15,8;15,6;15,6;15,3;99;97;98;337;1,6;,5;
2023/09/16;0800 UTC;0;968,6;968,7;968,5;;15,8;15,7;15,8;15,7;15,7;15,4;99;98;99;1;1,7;,6;
2023/09/16;0900 UTC;0;969;969;968,6;,2;15,9;15,6;16;15,8;15,7;15,5;99;98;98;10;1,4;,9;
2023/09/16;1000 UTC;0;969,1;969,2;969;59,5;16,5;15,5;16,5;15,9;15,9;15,4;99;93;94;108;2;,9;
2023/09/16;1100 UTC;0;969,5;969,5;969,1;248,7;17,4;15,7;17,4;16,5;15,7;15,2;94;89;90;325;2,6;,4;
2023/09/16;1200 UTC;0;969,3;969,5;969,2;555,2;18,1;16,3;18,3;17,1;16,6;15,6;93;89;89;294;2,6;1,6;
2023/09/16;1300 UTC;0;968,8;969,3;968,8;1821,8;20,7;15,2;21,2;18;16,9;14,9;90;71;71;279;3,8;2,1;
2023/09/16;1400 UTC;0;967,8;968,8;967,8;2988,8;23,3;15,8;23,9;20,5;16,7;15,2;72;61;63;265;4,7;2,7;
2023/09/16;1500 UTC;0;966,8;967,8;966,8;3275,5;25,5;16,4;25,6;23,2;16,7;15,6;64;56;57;275;4,5;1,7;
2023/09/16;1600 UTC;0;965,5;966,8;965,5;3200;28,2;16,7;28,2;25,4;17;15,6;57;50;50;293;4,4;1,8;
2023/09/16;1700 UTC;0;964,6;965,5;964,6;2891,6;29,2;15,7;30,1;27,6;17,4;15,7;52;44;44;285;4,3;1,8;
2023/09/16;1800 UTC;0;963,8;964,6;963,8;2335,4;30,2;16,2;31,1;28,9;17;15,9;47;41;43;260;4,1;2,3;
2023/09/16;1900 UTC;0;963,6;963,8;963,6;1635,2;30,5;16,3;31,1;29,6;17,2;15,7;45;41;42;304;4,2;1,3;
2023/09/16;2000 UTC;0;964;964;963,6;921;28,7;16,7;30,9;28,7;17,2;16;49;42;48;105;7,4;4;
2023/09/16;2100 UTC;0;964,7;964,7;964;150,6;26,8;16,7;28,6;26,8;17;16,6;54;48;54;108;6,6;3,5;
2023/09/16;2200 UTC;0;965,2;965,2;964,7;;25,5;16,7;26,8;25,5;16,8;16,7;58;54;58;94;6,4;2,9;
2023/09/16;2300 UTC;0;966,1;966,1;965,2;;24,3;16,9;25,5;24,3;16,9;16,7;63;58;63;129;5;1,6;
2023/09/17;0000 UTC;0;966,6;966,6;966,1;;23;17;24,4;23;17;16,8;69;63;69;105;3,3;1,6;
2023/09/17;0100 UTC;0;967,1;967,1;966,6;;21;17,8;23;20,5;18;16,5;85;69;82;19;2,9;,9;
2023/09/17;0200 UTC;0;967,1;967,2;967;;21,2;17,1;21,6;20,6;17,7;17;81;77;77;134;1,9;1,1;
2023/09/17;0300 UTC;0;967,1;967,3;967,1;;20,4;18,4;21,2;19,2;18,8;16,2;93;77;88;79;2,3;1,3;
2023/09/17;0400 UTC;0;966,7;967,1;966,7;;19,7;18,8;20,5;18,5;19,1;17,1;97;88;94;21;2,5;1,1;
2023/09/17;0500 UTC;0;966,5;966,7;966,5;;18,3;18;19,7;17,8;18,8;17,4;99;93;98;30;2;1;
2023/09/17;0600 UTC;0;966,2;966,5;966,2;;19;18,6;19;17,8;18,7;17,6;100;97;97;33;2,5;1,5;
2023/09/17;0700 UTC;0;966,2;966,3;966,1;;17,2;17,1;19;17,2;18,5;17,1;100;96;100;315;2;1;
2023/09/17;0800 UTC;0;966,9;966,9;966,2;;18,4;18,5;18,4;16,8;18,5;16,9;;100;;81;2;,7;
2023/09/17;0900 UTC;0;967,7;967,7;966,9;2,1;17,8;17,8;18,4;17,6;18,4;17,6;;99;100;347;1,6;,5;
2023/09/17;1000 UTC;0;968,3;968,3;967,7;82,4;19,5;18,6;19,5;17,8;19,1;17,9;100;94;94;111;1,9;1,4;
2023/09/17;1100 UTC;0;969,2;969,2;968,3;280,3;19,9;19,3;19,9;19,5;19,4;18,4;98;93;96;7;2,1;1,4;
2023/09/17;1200 UTC;0;969,4;969,5;969,2;835,2;21,8;17,3;21,9;19,9;19,8;17,3;97;75;76;24;2,9;1,4;
2023/09/17;1300 UTC;0;969,3;969,6;969,3;1413,1;23,5;17,6;23,9;21,7;18,6;17,3;80;68;69;335;4;1,3;
2023/09/17;1400 UTC;0;968,6;969,3;968,6;2993;26,1;18,3;26,1;23,3;18,5;17,2;70;61;62;358;4,5;1,4;
2023/09/17;1500 UTC;0;967,5;968,6;967,5;3258,9;28;18;28,1;25,7;18,8;17,7;63;54;55;57;4,3;,9;
2023/09/17;1600 UTC;0;966,4;967,5;966,4;3196,8;30;18;30,3;28;18,9;17,6;55;48;49;51;3,7;1,8;
2023/09/17;1700 UTC;0;965,4;966,4;965,4;2877,5;31,9;17,1;31,9;29,6;18,4;16,7;49;41;41;97;3,8;1,5;
2023/09/17;1800 UTC;0;964,6;965,4;964,6;2343,6;32,4;16,7;32,8;31,2;17,5;16,1;44;38;39;82;5,1;1,4;
2023/09/17;1900 UTC;0;964,3;964,6;964,3;1220,2;32,1;16,5;32,9;31,9;17,2;16,1;40;38;39;94;4,1;1,5;
2023/09/17;2000 UTC;0;964,3;964,3;964,2;544,2;30,6;19;33;30,6;19;16,2;50;37;50;331;3,2;1,9;
2023/09/17;2100 UTC;0;964,7;964,7;964,3;64;28,2;19,6;30,6;28,2;19,7;19,1;60;50;60;7;2,9;1,8;
2023/09/17;2200 UTC;0;965,3;965,3;964,7;;28;19;28,6;27,8;19,8;19;62;57;58;99;3,4;1,9;
2023/09/17;2300 UTC;0;965,9;965,9;965,3;;26,5;19,9;28,2;26,3;20;18,1;67;55;67;64;4,5;2,3;
2023/09/18;0000 UTC;0;966,6;966,6;965,9;;25,6;19;26,5;25,6;20;18,8;71;65;67;82;3,7;1,9;
2023/09/18;0100 UTC;0;966,7;966,7;966,5;;24;18,7;25,6;24;19,1;18,5;72;67;72;97;3,2;1,6;
2023/09/18;0200 UTC;0;966,9;966,9;966,7;;23,7;18,2;24,3;23,6;18,7;18,1;72;70;71;62;2,4;,6;
2023/09/18;0300 UTC;0;966,7;967;966,7;;23,1;18,2;23,7;22,1;19;17,9;80;71;74;52;2,1;1,5;
2023/09/18;0400 UTC;0;966,5;966,7;966,5;;21;20,2;23,2;20,4;20,2;17,4;95;73;95;120;2,3;,5;
2023/09/18;0500 UTC;0;966,2;966,5;966,2;;20,3;20;21,4;19,6;20,3;18,9;99;90;98;319;1,7;,5;
2023/09/18;0600 UTC;0;966,1;966,2;966;;19;18,8;20,6;19;20;18,7;99;95;99;322;1,6;,8;
2023/09/18;0700 UTC;0;966,3;966,3;966;;19,8;19,2;20,1;19;19,8;18,8;100;97;97;123;1,5;1;
2023/09/18;0800 UTC;0;967;967;966,3;;17,8;17,7;19,8;17,8;19,2;17,6;99;96;99;296;1,7;,9;
2023/09/18;0900 UTC;0;967,5;967,5;967;2,1;18,3;18,4;18,3;17,6;18,4;17,7;;100;;344;1,8;1,2;
2023/09/18;1000 UTC;0;968;968,1;967,5;262,8;19,9;19,5;19,9;17,8;19,5;17,3;;97;98;153;1,4;,6;
2023/09/18;1100 UTC;0;968,4;968,4;968;1168;22,2;18,5;22,3;19,9;20;18,5;97;79;79;57;2,1;1,2;
2023/09/18;1200 UTC;0;968,6;968,7;968,4;1645;24,1;17,6;24,7;22,1;19,2;17,3;83;66;67;84;4,6;1,3;
2023/09/18;1300 UTC;0;968,3;968,6;968,3;2679,6;27,5;17,5;27,6;24,1;18,4;16,7;68;52;54;357;3,6;1,4;
2023/09/18;1400 UTC;0;967,7;968,3;967,7;3053,2;29,5;15,1;29,5;27,5;17,3;15,1;55;41;42;91;4,2;2,1;
2023/09/18;1500 UTC;0;966,2;967,7;966,2;3362;31,7;14,7;31,9;29,5;15,8;13,7;42;34;36;74;4,9;2,3;
2023/09/18;1600 UTC;0;965,1;966,2;965,1;3306,9;34;12,3;34,1;31,8;14,9;12,2;36;27;27;110;5,9;2,3;
2023/09/18;1700 UTC;0;964,2;965,1;964,2;2994,5;35,3;8,7;35,5;33,5;12,2;8,2;27;19;20;102;5,5;1,7;
2023/09/18;1800 UTC;0;963,5;964,2;963,5;2419,7;35,2;6,4;35,6;34,6;8,8;5,7;20;16;17;147;6,4;2;
2023/09/18;1900 UTC;0;963,5;963,6;963,4;1723,1;35;5,1;35,7;35;6,4;4,4;17;15;16;84;5,9;3;
2023/09/18;2000 UTC;0;963,3;963,5;963,3;914;34,3;5,8;35,2;34,3;6,3;4,4;17;15;17;68;5,9;2,1;
2023/09/18;2100 UTC;0;963,9;963,9;963,3;147,2;30,7;9,6;34,3;30,7;9,6;5,7;27;17;27;90;4;1,9;
2023/09/18;2200 UTC;0;964,5;964,5;963,9;;25,7;11;30,7;25,7;11;9,5;40;27;40;356;3,4;1,1;
2023/09/18;2300 UTC;0;965,4;965,4;964,5;;24,2;11,9;26,3;24;12,3;10,4;48;37;46;152;2;,6;
2023/09/19;0000 UTC;0;965,8;965,8;965,4;;22,2;12,3;24,3;22;13,1;11,8;54;46;53;79;2;,7;
2023/09/19;0100 UTC;0;966,1;966,1;965,8;;20,7;11,4;23,5;20,7;12,7;10,7;55;46;55;15;1,9;1,4;
2023/09/19;0200 UTC;0;966,5;966,6;966,1;;18,5;12,7;22;18,2;13,4;11,5;70;54;69;329;2,8;2;
2023/09/19;0300 UTC;0;966,4;966,5;966,4;;19,3;12;20;18,5;12,8;11,9;69;60;63;80;2,8;,5;
2023/09/19;0400 UTC;0;966,1;966,4;966;;16,9;13;20,1;16,2;13,2;12,1;79;62;78;335;2;1,3;
2023/09/19;0500 UTC;0;965,9;966,1;965,9;;18,3;13,1;18,3;16,9;13,1;12;78;69;72;128;1,8;1;
2023/09/19;0600 UTC;0;965,5;965,9;965,5;;17;12,6;18,3;15,7;13,6;11,7;81;71;75;110;1,8;,9;
2023/09/19;0700 UTC;0;965,6;965,7;965,5;;15,9;12;17;14,5;13,8;11,7;91;75;78;36;2,2;,2;
2023/09/19;0800 UTC;0;965,8;965,8;965,6;;15,8;12,9;16,4;14,5;13,5;11,5;88;78;83;112;1,2;,8;
2023/09/19;0900 UTC;0;966,5;966,5;965,8;3,6;15,3;14,4;16;13,9;14,4;11,5;96;80;95;119;2;1,2;
2023/09/19;1000 UTC;0;967,4;967,4;966,5;360,9;15,3;14,6;15,4;13,5;14,6;12,8;97;91;96;341;2,7;,9;
2023/09/19;1100 UTC;0;967,6;967,6;967,4;1200;19,7;13,5;20;15,3;15,7;13,4;96;67;67;124;3;1,6;
2023/09/19;1200 UTC;0;967,5;967,7;967,5;1716,8;23,3;12,9;23,7;19,7;14;12,1;68;49;52;77;3,2;1;
2023/09/19;1300 UTC;0;967;967,5;966,9;2723,5;27,4;12,3;27,4;23,3;13,2;10,7;52;39;39;109;3,3;1,1;
2023/09/19;1400 UTC;0;966,2;967;966,2;3181,8;29,7;9,9;30;26,9;12,3;9,8;39;29;29;110;3,9;1,7;
2023/09/19;1500 UTC;0;965,2;966,2;965,2;3433,1;32,5;9,6;32,8;29,5;11,9;9,2;32;24;24;82;4,3;2,5;
2023/09/19;1600 UTC;0;964,1;965,2;964,1;3384,1;33,3;7,7;33,8;32,1;9,4;6,6;25;19;21;90;6;2,2;
2023/09/19;1700 UTC;0;963,3;964,1;963,3;3053;34,4;6,1;34,9;33,4;8,2;3,4;21;14;17;81;6,3;2,8;
2023/09/19;1800 UTC;0;962,6;963,3;962,6;2467,6;34,3;6,2;34,8;34;7,6;3,9;20;15;18;94;5,9;3,1;
2023/09/19;1900 UTC;0;962,6;962,7;962,6;1721,9;34,1;6,3;34,7;33,9;6,4;4,7;18;16;18;104;6,2;2,7;
2023/09/19;2000 UTC;0;962,8;962,8;962,5;882,9;32,9;7;34,1;32,9;7,3;5,7;20;17;20;98;5,8;3,3;
2023/09/19;2100 UTC;0;963,2;963,2;962,8;154,5;29,8;6,8;32,9;29,8;7;6,1;24;20;24;105;6,7;3,1;
2023/09/19;2200 UTC;0;964,4;964,4;963,2;;26,9;12,9;29,8;26,9;12,9;6,8;42;24;42;58;5,3;3;
2023/09/19;2300 UTC;0;964,9;964,9;964,4;;25,4;14,6;27;25,4;14,6;12,7;51;41;51;43;5,3;3,8;
2023/09/20;0000 UTC;0;965,7;965,7;964,9;;25;14,6;25,5;24,9;14,9;14,5;53;51;52;55;5,4;2,6;
2023/09/20;0100 UTC;0;966,3;966,3;965,7;;22,6;15;25;22,6;15,3;14,6;62;52;62;54;4,2;1,5;
2023/09/20;0200 UTC;0;966,6;966,6;966,3;;22,9;14,1;23,4;22,4;15,1;13,9;63;57;58;42;2,6;1,8;
2023/09/20;0300 UTC;0;966,7;966,7;966,6;;20,7;14,7;22,9;20,7;14,8;14,1;68;58;68;113;3;1,5;
2023/09/20;0400 UTC;0;966,6;966,7;966,6;;19,3;14,2;20,7;19,3;14,9;13,7;73;67;72;79;2,8;1,3;
2023/09/20;0500 UTC;0;966,3;966,6;966,3;;19,1;14,7;19,5;19;14,9;13,9;77;72;76;82;2,6;1,6;
2023/09/20;0600 UTC;0;966,1;966,3;966,1;;18,6;13,5;19,1;18;14,6;13,3;76;71;72;107;2,3;1,7;
2023/09/20;0700 UTC;0;966,3;966,4;966,1;;17,7;14;18,6;17,7;14,1;13,4;79;72;79;81;2,9;,9;
2023/09/20;0800 UTC;0;966,7;966,7;966,2;;16,8;13,8;17,7;16,8;15,6;13,8;88;79;82;110;1,7;,8;
2023/09/20;0900 UTC;0;967,7;967,7;966,7;3,4;16,9;15;16,9;15,3;15;13,8;96;82;88;11;1,5;,5;
2023/09/20;1000 UTC;0;968,5;968,5;967,7;324;18,6;14,7;18,8;16,9;15,7;13,3;89;74;78;112;2,2;1,2;
2023/09/20;1100 UTC;0;969;969;968,5;837,8;20;18,7;20;18,3;18,7;15;93;78;93;108;4,7;2,5;
2023/09/20;1200 UTC;0;968,9;969,1;968,9;1221,3;21,5;18,2;21,7;20;19;17,8;93;80;81;112;4,3;2,2;
2023/09/20;1300 UTC;0;968,6;968,9;968,5;2275,3;24,5;17,4;24,8;21,5;18,2;16,7;82;63;65;77;4,9;1,2;
2023/09/20;1400 UTC;0;967,7;968,6;967,7;3056,9;26,5;16,3;26,7;23,7;17,5;16,2;65;53;53;60;4;2;
2023/09/20;1500 UTC;0;966,7;967,7;966,7;3257,4;29;16,6;29;26,2;16,9;15,1;54;46;47;55;4,3;2;
2023/09/20;1600 UTC;0;965,5;966,7;965,5;3210,4;30,9;13,2;31,3;28,4;16,6;12,7;47;34;34;52;5,5;2,6;
2023/09/20;1700 UTC;0;964,4;965,5;964,4;2923,2;32,1;11,8;32,4;30,3;14;9,9;35;26;29;72;6,2;2,7;
2023/09/20;1800 UTC;0;963,8;964,4;963,8;2345,3;32,8;9,8;32,9;31,4;12,2;9,8;29;24;24;93;6,2;3;
2023/09/20;1900 UTC;0;963,5;963,8;963,5;1575,2;32,2;13,5;33;32,2;13,5;7,6;32;21;32;76;6,6;2,8;
2023/09/20;2000 UTC;0;963,7;963,7;963,5;770,1;29,1;16,8;32,2;29,1;16,8;13,3;48;32;48;97;8,3;5,2;
2023/09/20;2100 UTC;0;964,3;964,3;963,7;140;26,1;17,6;29;26,1;17,6;16,6;60;48;60;94;9,6;5,1;
2023/09/20;2200 UTC;0;965,1;965,1;964,3;;24,3;18,5;26,1;24,3;18,5;17,6;70;60;70;89;9,3;3,6;
2023/09/20;2300 UTC;0;965,7;965,7;965,1;;23,1;18,5;24,3;23,1;18,5;18,4;75;70;75;84;6,2;3,7;
2023/09/21;0000 UTC;0;966,4;966,4;965,7;;22,2;18,6;23,1;22,2;18,6;18,4;80;75;80;86;7,7;3,2;
2023/09/21;0100 UTC;0;966,9;966,9;966,4;;22,3;18,2;22,4;22,2;18,6;18,2;80;77;78;94;6,9;3,5;
2023/09/21;0200 UTC;0;967,2;967,3;966,9;;22,2;18,1;22,3;22,2;18,2;18;78;77;77;86;6,6;3,1;
2023/09/21;0300 UTC;0;967,2;967,3;967,1;;22;18;22,2;22;18,1;18;78;77;78;61;5,7;2,4;
2023/09/21;0400 UTC;0;966,8;967,3;966,8;;21,8;17,9;22;21,8;18;17,9;79;78;79;63;4,1;2,5;
2023/09/21;0500 UTC;0;966,3;966,8;966,3;;21,7;18;21,8;21,6;18;17,9;80;79;80;67;4,4;2;
2023/09/21;0600 UTC;0;966,1;966,3;966,1;;21,6;18,1;21,7;21,6;18,1;17,9;80;79;80;67;3,5;1,9;
2023/09/21;0700 UTC;0;966,1;966,1;966;;21,5;18;21,6;21,5;18,2;18;81;80;81;105;3,1;1,6;
2023/09/21;0800 UTC;0;966,4;966,4;966,1;;21,4;17,8;21,5;21,4;18;17,8;81;79;80;119;2,7;1,4;
2023/09/21;0900 UTC;0;966,5;966,6;966,4;2,5;21,3;17,9;21,5;21,3;17,9;17,7;81;80;81;89;2,5;1,1;
2023/09/21;1000 UTC;0;967;967;966,5;151,3;21,8;18;21,8;21,3;18;17,8;81;79;79;117;3,7;2,1;
2023/09/21;1100 UTC;0;967,5;967,5;967;635,6;22,9;18,6;22,9;21,7;18,6;17,8;79;77;77;102;4,5;2,3;
2023/09/21;1200 UTC;0;967,5;967,5;967,4;1431,4;24,5;17,7;24,5;22,7;18,5;17,4;77;66;66;119;4,2;2,2;
2023/09/21;1300 UTC;0;967;967,5;967;2527,4;26,5;16,7;26,8;23,9;18,1;16,7;67;54;55;95;5,8;2,3;
2023/09/21;1400 UTC;0;966;967;966;3019,7;28,3;16,5;28,5;26,3;17,6;16,2;56;49;49;80;5,7;2,8;
2023/09/21;1500 UTC;0;964,8;966;964,8;3174,1;29,8;14,5;30,2;27,8;16,6;14,5;50;39;39;80;6,5;2,7;
2023/09/21;1600 UTC;0;963,6;964,8;963,6;3172,1;32;14,4;32,3;29,8;15,4;14;40;34;34;103;6,2;2,1;
2023/09/21;1700 UTC;0;962,6;963,6;962,6;2876,5;32,1;14,4;32,3;30,7;14,9;13,7;37;34;34;121;8,7;2,6;
2023/09/21;1800 UTC;0;962,1;962,6;962,1;2299,4;31,9;14,3;32,9;31,6;14,9;13,9;36;33;35;108;7;3,5;
2023/09/21;1900 UTC;0;962,1;962,2;961,8;1601,7;32,1;14,3;32,6;31,7;14,8;13,8;35;33;34;103;6,6;3,1;
2023/09/21;2000 UTC;0;962,3;962,4;962,1;799,5;31;13,7;32,3;31;14,1;13,7;35;33;35;111;8;4,1;
2023/09/21;2100 UTC;0;962,9;962,9;962,3;152,3;29,2;13,7;30,9;29,2;13,9;13,5;39;35;39;106;8;4,4;
2023/09/21;2200 UTC;0;963,6;963,6;962,9;;27,6;14,4;29,2;27,6;14,4;13,7;44;39;44;118;6,7;2,4;
2023/09/21;2300 UTC;0;964,2;964,2;963,6;;25,5;15,3;27,6;25,5;15,3;14,4;53;44;53;65;4;1,6;
2023/09/22;0000 UTC;0;964,7;964,7;964,2;;22,9;16,4;25,5;22,9;16,4;15,3;67;53;67;341;2,9;1,3;
2023/09/22;0100 UTC;0;964,8;964,9;964,7;;23,7;15,8;24,2;22,9;16,4;15,8;67;60;61;63;1,8;,8;
2023/09/22;0200 UTC;0;964,9;965;964,8;;20,4;16,4;23,8;20,3;16,4;15,6;78;61;78;330;1,9;1;
2023/09/22;0300 UTC;0;964,6;964,9;964,6;;19,7;16,7;22,1;19,5;16,7;15,8;83;70;83;328;2,4;1,4;
2023/09/22;0400 UTC;0;964;964,6;964;;19,8;15,9;20,5;19,7;16,6;15,9;83;77;78;36;2,4;,4;
2023/09/22;0500 UTC;0;963,8;964;963,8;;19,2;17,4;19,8;18,6;17,4;15,9;90;78;89;327;1,7;1,3;
2023/09/22;0600 UTC;0;963,6;963,8;963,6;;18,9;16,9;20;18,8;17,8;16,5;91;84;88;5;1,6;,5;
2023/09/22;0700 UTC;0;963,6;963,7;963,6;;17,8;17;18,9;17,7;17,4;17;96;88;96;3;1,4;1,2;
2023/09/22;0800 UTC;0;963,8;963,8;963,6;;17;16,6;18,7;16,8;18;16,1;98;91;97;330;1,7;1,2;
2023/09/22;0900 UTC;0;964,2;964,2;963,8;5,4;17,3;16,4;18,3;17;17,7;16,4;98;93;94;194;1,7;,5;
2023/09/22;1000 UTC;0;964,3;964,5;964,2;334,4;20,2;17,9;20,2;17,2;18,4;16,4;97;82;87;98;1,7;,9;
2023/09/22;1100 UTC;0;964,5;964,5;964,2;1134,1;21,9;16;22,1;20;18,2;16;88;69;69;72;2,8;1,6;
2023/09/22;1200 UTC;0;964,4;964,5;964,3;1523,8;24,3;15,3;24,4;21,9;16,5;15,2;70;57;57;81;3,9;1,6;
2023/09/22;1300 UTC;0;964,1;964,4;964,1;2574,2;26,6;14,7;26,8;24,2;15,9;14,4;58;48;48;121;3,7;1,9;
2023/09/22;1400 UTC;0;963,2;964,1;963,2;3059,8;29,6;14,5;29,9;25,9;15,1;13,7;50;40;40;307;3,7;1,4;
2023/09/22;1500 UTC;0;962,3;963,2;962,3;3261,9;30,9;14,2;31,6;28,7;15,1;13,8;41;36;36;209;4;1,5;
2023/09/22;1600 UTC;0;961,3;962,3;961,3;3199,8;33,2;13,8;33,2;30,9;14,8;13,1;36;31;31;168;4,2;2,1;
2023/09/22;1700 UTC;0;960,2;961,3;960,2;2885,4;35;12,7;35,2;33,1;14;12,3;31;26;26;252;5,5;2,8;
2023/09/22;1800 UTC;0;959,5;960,2;959,4;2289,3;36,1;12,2;36,6;34,7;13,4;11,4;27;22;24;257;6,6;3,6;
2023/09/22;1900 UTC;0;959,1;959,5;959,1;1625,7;36;10,8;36,8;35,8;12,5;10,7;25;22;22;259;8,5;4,4;
2023/09/22;2000 UTC;0;959,8;959,8;959,1;789,5;34,4;13,4;36,3;34,4;13,4;9,4;28;21;28;189;7,7;2,6;
2023/09/22;2100 UTC;0;960,6;960,6;959,8;140,3;32,2;14,4;34,4;32,2;14,7;13,7;34;28;34;120;7,6;4,1;
2023/09/22;2200 UTC;0;961,7;961,7;960,6;;29,8;14,8;32,2;29,8;14,8;13,2;40;33;40;69;7,6;1,8;
2023/09/22;2300 UTC;0;962,8;962,8;961,7;;28,5;16,4;29,8;28,3;16,5;14,9;49;40;48;43;4,6;2,4;
2023/09/23;0000 UTC;0;963,5;963,5;962,8;;27,7;15,9;28,5;27,6;16,4;15,8;50;48;49;51;6;3,3;
2023/09/23;0100 UTC;0;963,8;963,8;963,5;;26;16,1;27,7;26;16,1;15,8;54;49;54;96;6,1;3,3;
2023/09/23;0200 UTC;0;963,7;963,8;963,6;;24,5;16,5;26;24,5;16,5;16,2;61;54;61;68;5,2;1,7;
2023/09/23;0300 UTC;0;963,6;963,7;963,5;;22,2;16,8;24,7;21,9;16,8;16,3;72;61;72;317;3,6;1,8;
2023/09/23;0400 UTC;0;963,4;963,7;963,3;;21,7;16,6;23,2;21,7;17;16,5;73;68;73;324;2,8;1;
2023/09/23;0500 UTC;0;963;963,4;963;;21,4;17,2;22,1;20,6;17,2;16,3;78;72;77;114;2,3;,6;
2023/09/23;0600 UTC;0;962,8;963;962,8;;20,2;17,1;21,6;19,9;17,4;16,4;83;75;82;132;1,6;,3;
2023/09/23;0700 UTC;0;962,8;962,9;962,7;;19,9;18,3;20,6;19,1;18,3;16,4;92;80;90;311;1,7;,4;
2023/09/23;0800 UTC;0;963,1;963,1;962,8;;18,7;17,5;20,1;18,7;18,3;17,3;93;87;93;36;1,6;,5;
2023/09/23;0900 UTC;0;963,5;963,5;963;6,2;19;18,2;19,2;18,4;18,4;17,4;96;93;95;88;1,6;,6;
2023/09/23;1000 UTC;0;964;964;963,5;345,4;20,3;19,2;20,3;19;19,2;18;95;90;93;47;1,8;,9;
2023/09/23;1100 UTC;0;964,7;964,7;964;1140,3;22,7;18,7;22,7;20,1;19,4;18,1;93;77;78;149;3;1,5;
2023/09/23;1200 UTC;0;964,5;964,8;964,5;1559,8;24,9;17,5;25,1;22,5;18,4;17,2;78;63;63;97;3,7;1,6;
2023/09/23;1300 UTC;0;964,1;964,6;964,1;2573,6;27,1;16,7;27,8;24,9;18,2;16,6;64;52;53;138;4;2,1;
2023/09/23;1400 UTC;0;963,1;964,1;963,1;3082,1;29,1;15,5;30,3;27,1;17,4;15,2;54;42;44;94;4,7;2,3;
2023/09/23;1500 UTC;0;961,9;963,1;961,9;3287,8;32,3;15,2;32,3;29,1;16,3;14,7;44;36;36;32;4,2;1,7;
2023/09/23;1600 UTC;0;960,8;961,9;960,7;3198,5;33,4;13,8;33,7;31,6;15,9;11,5;38;27;31;104;4,9;2,6;
2023/09/23;1700 UTC;0;960;960,8;960;2914,1;34,6;8,9;35;33,3;13,7;8,4;31;20;21;172;5,1;2;
2023/09/23;1800 UTC;0;959,4;960;959,4;2355;34,9;10,3;36;34,4;11;8;24;20;22;100;3,8;1,9;
2023/09/23;1900 UTC;0;959,8;959,8;959,4;1623,4;35,6;12,3;36;34,9;12,5;10,4;25;22;25;110;5,2;2,7;
2023/09/23;2000 UTC;0;960,3;960,3;959,8;826,1;34,2;12,4;35,6;34,2;12,4;11,1;27;24;27;97;5,5;2,5;
2023/09/23;2100 UTC;0;961,2;961,2;960,3;160;30,7;14,7;34,2;30,7;16,5;12,4;39;27;38;107;9,9;4,7;
2023/09/23;2200 UTC;0;962,1;962,1;961,2;;27,1;18,9;30,6;27,1;18,9;14,2;61;37;61;64;8,4;4,3;
2023/09/23;2300 UTC;0;962,8;962,8;962;;25,6;19,4;27,1;25,6;19,4;18,8;68;61;68;87;6,9;3,5;
2023/09/24;0000 UTC;0;963,1;963,2;962,8;;24,4;19,5;25,6;24,4;19,6;19,4;74;68;74;90;6;3,1;
2023/09/24;0100 UTC;0;963,1;963,1;962,9;;23,1;19,6;24,4;23,1;19,6;19,4;81;74;81;99;6;3;
2023/09/24;0200 UTC;0;963,2;963,2;963,1;;22,2;20,8;23,1;22,2;21;19,5;92;81;92;98;6,1;2;
2023/09/24;0300 UTC;0;963,3;963,3;963,2;;21,5;20,8;22,2;21,5;20,9;20,6;96;92;96;41;3,7;1,4;
2023/09/24;0400 UTC;0;962,8;963,3;962,8;;21,3;20,8;21,6;21,3;20,9;20,7;97;96;97;49;3,2;1,5;
2023/09/24;0500 UTC;0;962;962,8;962;;21,4;20,8;21,4;21,3;20,9;20,8;97;97;97;94;3,8;1,7;
2023/09/24;0600 UTC;0;961,8;962;961,6;;20,9;20,6;21,4;20,9;20,8;20,6;98;97;98;23;3,1;1,2;
2023/09/24;0700 UTC;0;961,6;961,8;961,5;;20,6;20,6;20,9;20,6;20,7;20,6;100;98;100;319;3,4;,8;
2023/09/24;0800 UTC;0;962,3;962,4;961,6;;20,5;20,6;20,6;20,4;20,7;20,5;;100;;52;2,4;1,4;
2023/09/24;0900 UTC;0;962,7;962,7;962,2;,7;20,2;20,5;20,5;20,2;20,5;20,3;;;;67;2,7;,6;
2023/09/24;1000 UTC;0;963,3;963,3;962,7;78,8;20,5;20,6;20,5;20,1;20,7;20,4;;;;337;2,4;,9;
2023/09/24;1100 UTC;0;963,5;963,5;963,3;311,9;21,4;20,7;21,4;20,4;20,8;20,4;;95;96;138;2,5;1,3;
2023/09/24;1200 UTC;0;963,3;963,6;963,3;908,6;23;20,1;23,1;21,4;20,9;19,9;96;84;84;84;2,9;1,4;
2023/09/24;1300 UTC;0;962,6;963,3;962,6;2696,6;25,6;18,5;25,7;23;20,5;18,4;85;65;65;237;3,5;1,6;
2023/09/24;1400 UTC;0;961,5;962,6;961,5;3128,9;29,7;17,8;29,8;25,6;19;17,7;65;49;49;227;3,3;1,5;
2023/09/24;1500 UTC;0;960,3;961,5;960,3;3347,5;32,9;16,3;33;29,3;18,1;15,7;50;37;37;243;3,6;1,9;
2023/09/24;1600 UTC;0;959;960,3;959;3294;35,3;12,9;35,5;32,2;16,1;11,6;37;25;26;359;4;1,1;
2023/09/24;1700 UTC;0;957,7;959;957,7;2958,4;36,5;13,5;36,5;35;13,5;11,5;27;23;25;169;4;2,1;
2023/09/24;1800 UTC;0;957;957,7;957;2400,5;39;10,1;39,2;36,4;13,8;10,1;25;18;18;259;7;2,5;
2023/09/24;1900 UTC;0;957,1;957,1;956,9;1721,9;38,7;8,7;39,4;38,4;10,4;7,5;18;14;16;249;7;3,3;
2023/09/24;2000 UTC;0;957,7;957,7;957,1;882,1;38,1;8,9;38,9;38;9,6;8,5;17;16;17;256;5,6;2,3;
2023/09/24;2100 UTC;0;958,6;958,6;957,7;118,3;35;11,7;38,1;35;11,9;8,3;25;17;24;70;3,5;1,5;
2023/09/24;2200 UTC;0;959,3;959,3;958,6;;28,9;13,8;35,6;28,9;13,9;11,2;40;23;40;50;2,6;,9;
2023/09/24;2300 UTC;0;960,2;960,2;959,3;;29,6;13,9;29,7;27,6;14,6;13,4;44;38;38;32;3,5;2,4;
2023/09/25;0000 UTC;0;961,2;961,2;960,2;;29,1;13,6;30;27;15,5;13,5;49;37;39;33;3,7;2,8;
2023/09/25;0100 UTC;0;961,1;961,3;961,1;;26,9;14,9;29,3;26,9;15,2;13,5;49;38;48;122;4,8;,8;
2023/09/25;0200 UTC;0;961;961,1;960,8;;26,4;15,3;27,3;26,3;15,6;14,9;51;47;51;106;3,2;2,6;
2023/09/25;0300 UTC;0;960,9;961,2;960,9;;24,8;15,9;26,6;24,8;16;15,3;58;51;58;53;3,6;1,1;
2023/09/25;0400 UTC;0;960,6;960,9;960,6;;22,8;16,4;24,8;22,8;16,4;15,5;67;58;67;271;2,4;1,3;
2023/09/25;0500 UTC;0;960,5;960,7;960,4;;21,7;16,1;23,2;21,7;16,3;15,8;71;64;71;328;2,7;1,2;
2023/09/25;0600 UTC;0;960,6;960,7;960,5;;22,6;15,9;22,8;21,4;16,2;15,5;72;65;66;360;3,3;2,6;
2023/09/25;0700 UTC;0;961;961;960,6;;22,2;16,7;23,2;22,1;16,9;15,8;72;64;71;122;3,3;1,9;
2023/09/25;0800 UTC;0;961,6;961,6;961;;21,2;16,7;22,2;20,9;16,9;16,2;76;71;75;73;2,5;,2;
2023/09/25;0900 UTC;0;962,9;962,9;961,6;6,2;19,5;16,2;22,2;19,5;16,9;16,1;81;71;81;330;2,5;,9;
2023/09/25;1000 UTC;0;963,7;963,7;962,9;355,7;23,3;17,1;23,3;19,5;17,3;16,2;82;67;68;85;2,5;1,5;
2023/09/25;1100 UTC;0;964,4;964,4;963,7;1108,9;24,6;19,1;24,9;23,4;19,1;17;72;64;71;83;6,4;3,9;
2023/09/25;1200 UTC;0;964,5;964,6;964,4;1499,2;25,8;19,2;26,2;24,6;19,8;19;72;65;67;82;6,1;3,3;
2023/09/25;1300 UTC;0;963,9;964,5;963,9;2561,1;27,5;19,3;28,2;25,8;19,7;18,7;67;59;61;88;6,5;3,4;
2023/09/25;1400 UTC;0;962,5;963,9;962,5;3021,5;29,1;19,3;29,4;27,3;19,8;18,6;62;55;56;95;6,9;2,8;
2023/09/25;1500 UTC;0;960,8;962,5;960,8;3211,7;30,6;18,8;30,6;28,6;19,6;18;56;49;49;95;6,7;2,5;
2023/09/25;1600 UTC;0;959,5;960,8;959,5;2965,3;31,5;18,2;32,7;30,2;19,4;17,6;50;42;45;49;5,8;1,9;
2023/09/25;1700 UTC;0;958,6;959,5;958,6;1390,8;32,5;17,7;33,3;31,3;18,9;17,5;46;41;41;22;4;1,6;
2023/09/25;1800 UTC;0;958,2;958,6;958,1;908,5;32,7;18,6;32,8;31,6;19,2;17,6;47;41;43;13;5,6;2,7;
2023/09/25;1900 UTC;0;958,4;958,4;958,2;947,5;32,5;19;33,3;31,9;19,1;18;46;42;45;88;6,9;3,3;
2023/09/25;2000 UTC;0;958,7;958,7;958,2;473;30,9;17,6;32,5;30,9;19,1;17,6;47;45;45;87;7,9;4,1;
2023/09/25;2100 UTC;0;960;960;958,7;91,8;27,8;19,1;30,9;27,8;19,1;17,4;59;45;59;89;8,8;4,5;
2023/09/25;2200 UTC;0;961,2;961,2;960;;25,2;19,9;27,8;25,2;20;19,2;72;59;72;75;10,5;6,3;
2023/09/25;2300 UTC;0;962,4;962,4;961,2;;24,4;19,8;25,2;24,4;20;19,8;76;72;76;69;10,5;4,6;
2023/09/26;0000 UTC;0;963;963,4;962,4;;24;19,8;24,4;24;19,9;19,8;78;76;77;49;7,8;4,2;
2023/09/26;0100 UTC;0;963,6;963,6;963;;23,9;19,6;24;23,9;19,8;19,5;78;76;77;73;6,8;3,2;
2023/09/26;0200 UTC;0;963,9;964;963,6;;23,5;19,3;23,9;23,5;19,6;19,3;77;76;77;66;6,1;3,6;
2023/09/26;0300 UTC;0;963,1;963,9;963,1;;23,3;19,2;23,5;23,3;19,4;19,1;78;77;78;70;6,6;3,3;
2023/09/26;0400 UTC;0;962,8;963,2;962,8;;23;19,1;23,3;23;19,2;19,1;79;78;79;84;6,5;3,3;
2023/09/26;0500 UTC;0;962,7;962,9;962,7;;22,7;19,2;22,9;22,7;19,2;19;81;79;81;98;7,1;2,6;
2023/09/26;0600 UTC;0;962,7;962,8;962,6;;22,3;20,2;22,8;22,3;20,2;19,2;88;80;88;62;5,4;2,5;
2023/09/26;0700 UTC;0;962,4;962,8;962,4;;21,5;21,3;22,3;21,5;21,3;20,2;99;88;99;36;4,5;2,3;
2023/09/26;0800 UTC;0;962,3;962,4;962,2;;21,8;21,2;21,8;21,5;21,4;21,2;99;97;97;59;4,1;1,7;
2023/09/26;0900 UTC;0;962,6;962,6;962,3;4,5;22;20,9;22,1;21,8;21,3;20,9;97;93;93;115;4,1;2,7;
2023/09/26;1000 UTC;0;962,4;962,6;962,4;168,5;22,4;20,8;22,4;22;20,9;20,6;93;90;91;120;4,5;2,9;
2023/09/26;1100 UTC;0;962,7;962,8;962,4;493,3;23,5;20,7;23,5;22,4;20,9;20,5;91;84;84;124;5,2;2;
2023/09/26;1200 UTC;0;962,5;962,7;962,5;1276,1;25,6;19,6;25,6;23,4;20,9;18,8;84;68;69;118;4;2;
2023/09/26;1300 UTC;0;961,8;962,5;961,8;1893,7;26,8;19,1;26,8;25,1;19,5;18,3;69;62;63;43;5,2;1,6;
2023/09/26;1400 UTC;0;960,6;961,8;960,6;2740,7;29,8;19,7;29,8;26,8;19,8;18,7;63;55;55;322;5,2;2,6;
2023/09/26;1500 UTC;0;959,1;960,6;959,1;3154,7;30,8;19,2;31,2;28,9;19,6;18,5;55;48;50;130;4,5;2,1;
2023/09/26;1600 UTC;0;957,3;959,1;957,3;3117,9;33,1;18,7;33,1;30,4;19,4;18,3;50;43;43;81;4,7;1,5;
2023/09/26;1700 UTC;0;956,1;957,3;956,1;2283,4;32,9;17,9;34;32,3;19;17,9;44;40;41;96;5,2;2,3;
2023/09/26;1800 UTC;0;955,2;956,1;955,2;1825,6;35,3;18,6;35,3;32,6;19,1;18;42;37;37;144;4,5;2,1;
2023/09/26;1900 UTC;0;954,9;955,2;954,9;1548,1;35;18,9;35,6;34,4;18,9;18;39;37;39;144;5,1;2,3;
2023/09/26;2000 UTC;0;955,2;955,2;954,9;558,1;34;19;35,2;34;19,1;18,7;41;38;41;126;5,1;2,1;
2023/09/26;2100 UTC;0;956,1;956,1;955,2;110,3;32,3;19,7;34;32,3;19,7;19;48;41;48;90;5,4;2,7;
2023/09/26;2200 UTC;0;957;957;956,1;;30,2;20;32,3;30,2;20;19,7;55;48;55;89;6,3;2,8;
2023/09/26;2300 UTC;0;957,8;957,8;957;;28,9;20,5;30,2;28,9;20,5;20,1;60;55;60;89;4,5;1,8;
2023/09/27;0000 UTC;0;958,3;958,3;957,8;;27,9;20,6;28,9;27,9;20,6;20,5;64;60;64;92;3,4;1,6;
2023/09/27;0100 UTC;0;958,4;958,5;958,3;;27,2;20,5;28;27,2;20,6;20,4;67;64;67;44;3,3;,6;
2023/09/27;0200 UTC;0;958,2;958,4;958,1;;26,9;20,5;27,2;26,8;20,7;20,5;69;67;68;101;2,3;,7;
2023/09/27;0300 UTC;0;957,7;958,2;957,7;;25,4;20,8;26,9;25,2;21;20,5;78;68;76;7;2,4;2;
2023/09/27;0400 UTC;0;957,2;957,7;957,1;;25,2;20,7;25,6;25;21;20,6;78;75;76;93;2,6;,6;
2023/09/27;0500 UTC;0;957,1;957,5;957;;24,3;22,1;25,2;24;22,1;20,5;88;76;88;2;3;2,4;
2023/09/27;0600 UTC;0;956,8;957,1;956,7;;24,7;20,9;24,8;24;22,1;20,5;88;79;80;112;3;1,9;
2023/09/27;0700 UTC;0;956,8;957;956,7;;23,6;22,4;24,7;23,6;22,5;20,7;93;79;93;61;3,3;,7;
2023/09/27;0800 UTC;0;956,9;956,9;956,6;;23,4;22,4;23,9;23,3;22,9;22,3;95;93;94;120;2,9;,7;
2023/09/27;0900 UTC;0;957;957,2;956,8;6,5;22,1;22;23,4;22;22,6;21,9;99;94;99;338;1,9;1,3;
2023/09/27;1000 UTC;0;957,3;957,3;956,7;334,9;24,2;23,1;24,2;22,1;23,3;22;100;93;93;193;3,6;,7;
2023/09/27;1100 UTC;0;957,6;957,6;957;991,3;26,1;21,6;26,4;24,2;23,2;21,3;93;75;76;279;2,6;1,1;
2023/09/27;1200 UTC;0;958,3;958,3;957,6;926,4;27,9;21,2;27,9;26,1;21,9;21;77;67;67;298;3;1,4;
2023/09/27;1300 UTC;0;958,4;959,5;958,2;484,3;26,7;23,4;28,3;26,6;23,4;21;82;65;82;103;7,7;1,7;
2023/09/27;1400 UTC;0;957,9;958,5;957,7;500,2;27,5;21,1;27,5;26,6;24,2;21,1;86;67;68;349;5;1,4;
2023/09/27;1500 UTC;0;957,4;957,9;957,4;1678,8;31;19,1;31;27,4;22,4;18,4;70;48;49;267;4;1,2;
2023/09/27;1600 UTC;0;956,6;957,5;956,6;2006,7;34,5;16,1;34,7;31;19,1;16,1;49;33;33;250;3,6;1,5;
2023/09/27;1700 UTC;0;956,1;956,6;956,1;701,6;32,8;16,8;34,5;32,7;16,9;15,8;39;33;39;248;6,4;3,1;
2023/09/27;1800 UTC;0;955,9;956,1;955,7;276,4;31,2;17,1;32,8;31,2;17,1;15,8;43;38;43;324;9,9;2,5;
2023/09/27;1900 UTC;0;956;956,4;955,9;219,5;29,8;17,7;31,2;29,7;17,7;15,9;48;40;48;158;6,1;1,5;
2023/09/27;2000 UTC;0;956,3;956,3;955,6;115,4;28,7;18,5;29,8;28,5;19,1;17,4;57;48;54;204;2,7;1;
2023/09/27;2100 UTC;0;956,8;956,9;956,1;16,4;27,1;20,6;28,7;26,5;21;18,3;72;54;68;11;3,1;2,1;
2023/09/27;2200 UTC;0;957,5;957,5;956,6;;26,7;19,6;27,6;26,1;20,9;19,5;72;61;65;190;2,8;1,9;
2023/09/27;2300 UTC;0;958,8;958,8;957,5;;26,6;18,9;26,7;25,6;20;18,9;71;63;63;242;5,3;3;
2023/09/28;0000 UTC;0;959,3;959,3;958,8;;25,9;19,3;26,7;25,9;19,3;18,7;67;62;67;78;5,3;1,6;
2023/09/28;0100 UTC;0;961,3;961,3;959,3;;25,7;19;26,5;24,8;19,7;18,5;73;62;67;241;10,7;7,7;
2023/09/28;0200 UTC;10;961,1;962,6;961,1;;21,8;21,4;25,7;20,8;21,6;18,4;98;67;98;81;12,4;2,1;
2023/09/28;0300 UTC;,8;961,7;961,7;960,2;;20,8;21;21,8;20,7;21,7;20,8;;98;;319;6;1;
2023/09/28;0400 UTC;,6;960,1;961,7;960,1;;21,2;21,3;21,2;20,8;21,3;20,9;;100;;124;4,9;3,2;
2023/09/28;0500 UTC;0;960,8;960,8;959,8;;20,6;21;21,2;20,6;21,4;20,9;;;;311;5,4;2,4;
2023/09/28;0600 UTC;0;960,3;960,7;960,2;;21;21,2;21;20,6;21,2;20,9;;;;151;3,3;,8;
2023/09/28;0700 UTC;0;960,6;960,6;960,3;;20,7;21;21;20,5;21,2;20,7;;;;85;1,6;,9;
2023/09/28;0800 UTC;0;961,4;961,4;960,6;;20,7;21,1;20,8;20,4;21,1;20,7;;;;19;2,7;,8;
2023/09/28;0900 UTC;,2;962,9;962,9;961,4;1;20,8;20,7;21,3;20,7;21,4;20,7;;99;99;269;8,2;3,9;
2023/09/28;1000 UTC;0;963,4;963,4;962,8;113,3;20,4;18,6;20,8;20,2;20,6;18,6;99;89;89;247;11,4;6,8;
2023/09/28;1100 UTC;0;964,5;964,5;963,4;360,2;20;17,7;20,5;20;18,7;17,7;91;86;86;249;12,9;8,6;
2023/09/28;1200 UTC;0;965,4;965,4;964,5;531,3;20,2;17,1;20,2;19,5;17,6;16,8;87;82;82;237;14,9;6,3;
2023/09/28;1300 UTC;0;966,4;966,4;965,4;981,3;20,4;15,1;20,5;19,9;17,1;15,1;82;71;71;231;13;6,1;
2023/09/28;1400 UTC;0;966,6;966,6;966,3;927,7;20,4;15;20,6;20,1;15,5;14,9;73;71;71;222;12,8;7;
2023/09/28;1500 UTC;0;966,9;967;966,5;779,8;20,6;15,2;20,6;19,9;16,7;14,7;82;70;71;228;10,8;4,5;
2023/09/28;1600 UTC;0;967;967;966,9;812,1;20,3;16,9;21;20,1;16,9;14,9;81;69;81;217;7,9;3,4;
2023/09/28;1700 UTC;0;966,7;967;966,7;835,5;20,8;16,9;21,1;20,1;17,5;15,7;83;72;78;205;5,7;2,1;
2023/09/28;1800 UTC;0;966,8;966,9;966,7;520;20,8;15,5;21,2;20,6;17,1;15,5;80;71;72;187;4,1;2;
2023/09/28;1900 UTC;0;967,2;967,2;966,8;317;18,4;17,8;21,2;18,3;18;15,4;97;70;96;74;8,2;4,2;
2023/09/28;2000 UTC;0;967,4;967,4;967;156,6;18,1;17;18,5;18,1;17,8;16,9;97;93;93;61;7,8;3,1;
2023/09/28;2100 UTC;0;967,8;967,8;967,4;18,2;17,3;16,9;18,1;17,2;17,1;16,8;98;93;98;17;5,7;2,4;
2023/09/28;2200 UTC;0;968,4;968,4;967,8;;17,2;16,8;17,3;17,1;17;16,8;98;97;97;23;5,4;2,2;
2023/09/28;2300 UTC;0;969,3;969,3;968,4;;17,6;16,6;17,6;17,2;16,8;16,5;97;94;94;39;4,7;1,7;
2023/09/29;0000 UTC;0;969,8;969,9;969,3;;17,6;15,7;17,7;17,6;16,6;15,7;94;89;89;45;4,3;2,2;
2023/09/29;0100 UTC;0;970,2;970,3;969,8;;17,6;15,7;17,6;17,6;15,8;15,6;89;88;89;57;4,4;2,2;
2023/09/29;0200 UTC;0;970;970,3;970;;17,4;15,8;17,6;17,4;15,8;15,7;90;89;90;65;4,4;2,6;
2023/09/29;0300 UTC;0;969,2;970;969,2;;17,1;15,5;17,4;17;15,8;15,5;92;90;90;42;4,8;2,2;
2023/09/29;0400 UTC;0;969,1;969,2;969;;17,2;15,2;17,2;17,1;15,5;15,2;90;88;89;58;4,2;2,2;
2023/09/29;0500 UTC;0;969;969,2;969;;17,1;15,3;17,2;17,1;15,3;15,1;90;88;89;55;4,5;2;
2023/09/29;0600 UTC;0;969,1;969,2;969;;17;15,2;17,1;17;15,3;15,1;89;88;89;71;3,8;2;
2023/09/29;0700 UTC;0;969,5;969,5;969,1;;16,6;15,5;17;16,6;15,5;15,2;93;89;93;65;4,8;2,2;
2023/09/29;0800 UTC;0;969,6;969,7;969,5;;16,3;16;16,6;16,1;16;15,4;99;93;98;67;4,7;1,8;
2023/09/29;0900 UTC;,2;969,9;969,9;969,5;11,1;16,6;16;16,6;16,3;16;15,8;98;96;96;103;3,1;1,9;
2023/09/29;1000 UTC;0;970,4;970,4;970;194,5;17,1;16;17,1;16,6;16,1;15,8;96;93;93;69;3,6;2;
2023/09/29;1100 UTC;0;970,7;970,8;970,3;760,6;18,1;15,6;18,5;17,1;16,6;15,6;94;86;86;110;6;3,9;
2023/09/29;1200 UTC;0;971;971,1;970,7;880,3;18,3;15,7;18,9;18;16,1;15;86;80;85;118;7,6;4,4;
2023/09/29;1300 UTC;0;970,4;971;970,4;2151;20;13,8;20,7;18,2;16,4;13,7;88;67;67;112;7,6;3,9;
2023/09/29;1400 UTC;0;969,8;970,4;969,8;1188,4;20,8;13,8;21;20;14,3;13,1;68;62;64;99;6,8;2,3;
2023/09/29;1500 UTC;0;969;969,8;969;816,6;21;13,8;21,4;20,6;14,1;13;64;60;63;118;5;2,3;
2023/09/29;1600 UTC;0;968,1;969;968,1;730,4;21,5;14,2;21,7;20,9;14,2;13,4;64;61;63;149;3,8;1,8;
2023/09/29;1700 UTC;0;968;968,1;967,9;563,7;21,7;14,2;21,7;21,1;14,3;13,7;64;61;63;83;4,5;2;
2023/09/29;1800 UTC;0;967,9;968,1;967,8;429,8;21,2;14,6;21,9;20,9;15,3;13,9;69;61;66;88;4,4;2,1;
2023/09/29;1900 UTC;0;967,9;968;967,8;257,6;20,9;14,4;21,3;20,8;14,7;14,3;67;65;67;70;5,8;3,3;
2023/09/29;2000 UTC;0;968,4;968,4;967,9;138,6;20,3;14,4;21;20,3;14,7;14,2;69;66;69;92;6,5;3,1;
2023/09/29;2100 UTC;0;968,9;968,9;968,4;36,6;19,7;14,2;20,3;19,7;14,5;14,2;71;69;70;60;5,7;2,6;
2023/09/29;2200 UTC;0;969,3;969,3;968,9;;19,1;14,4;19,7;19,1;14,4;14,2;74;70;74;31;5,2;2,3;
2023/09/29;2300 UTC;0;969,8;969,8;969,3;;18,4;14,7;19,1;18,4;14,7;14,3;79;74;79;358;4,9;1,7;
2023/09/30;0000 UTC;0;970,1;970,1;969,8;;18,5;14,9;18,5;18,2;15,1;14,7;82;79;80;13;2,7;1,3;
2023/09/30;0100 UTC;0;970;970,1;969,9;;18,6;15;18,7;18,5;15;14,7;80;78;80;75;2,9;1,8;
2023/09/30;0200 UTC;0;969,5;970;969,5;;18,4;15,2;18,6;18,4;15,5;15;83;80;82;65;2,9;1,2;
2023/09/30;0300 UTC;0;968,9;969,5;968,9;;18,6;15;18,7;18,4;15,3;15;82;79;79;105;2,7;1,5;
2023/09/30;0400 UTC;0;968,4;968,9;968,4;;18,4;17,1;18,7;18;17,2;15;94;79;92;77;2,6;1;
2023/09/30;0500 UTC;0;967,6;968,4;967,5;;18,2;17,2;18,5;18,1;17,2;16,8;94;90;94;27;3,1;1,3;
2023/09/30;0600 UTC;0;966,9;967,6;966,9;;18,2;17,1;18,3;18,2;17,3;17;94;93;93;77;3,3;1,6;
2023/09/30;0700 UTC;0;966,8;966,9;966,7;;18,2;17,4;18,2;18,1;17,4;17,1;95;93;95;55;2,6;1,1;
2023/09/30;0800 UTC;0;967,1;967,1;966,8;;18;17,5;18,2;18;17,5;17,3;97;95;97;15;2,1;,8;
2023/09/30;0900 UTC;0;967,6;967,6;967,1;2,6;17,9;17,7;18;17,9;17,7;17,5;98;97;98;12;1,6;1,2;
2023/09/30;1000 UTC;0;967,8;967,8;967,6;57,6;18,5;17,5;18,5;17,9;17,8;17,5;98;94;94;61;1,6;,7;
2023/09/30;1100 UTC;0;968,2;968,2;967,7;197,1;18,9;17,2;18,9;18,5;17,6;17,1;94;89;90;128;2,5;1,5;
2023/09/30;1200 UTC;0;968,2;968,2;968,1;395,1;19,9;17,4;19,9;18,9;17,5;17,1;90;85;86;58;2,5;1,2;
2023/09/30;1300 UTC;0;968;968,2;967,9;665,7;20,5;16,2;20,7;19,7;17,5;16,2;86;76;76;26;3,2;1,5;
2023/09/30;1400 UTC;0;967,7;968;967,7;1238,5;22,3;16,4;22,3;20,4;17,1;15,7;80;69;70;114;3,2;1,3;
2023/09/30;1500 UTC;0;966,9;967,7;966,9;1812,3;23,6;16,5;24;21,6;17,1;15,4;70;62;64;64;4,4;1,2;
2023/09/30;1600 UTC;0;965,6;966,9;965,6;1845,5;24,4;16,4;24,6;23,1;16,7;15,8;64;60;61;42;3,8;1,1;
2023/09/30;1700 UTC;0;964,2;965,6;964,2;1892,8;25,6;16,6;26,2;24,1;17;15,9;62;55;57;295;3,6;1;
2023/09/30;1800 UTC;0;963,5;964,2;963,5;2149,2;27;16,7;27,5;25,3;17,5;15,9;58;52;53;72;4;2;
2023/09/30;1900 UTC;0;963,4;963,5;963,3;1498,8;27,3;17,2;27,7;26,9;17,4;16,2;54;50;54;3;4,3;2;
2023/09/30;2000 UTC;0;963,7;963,7;963,3;636,8;25,2;17,6;27,3;25,2;17,8;16,9;63;54;63;325;4,9;2;
2023/09/30;2100 UTC;0;963,9;963,9;963,7;61,1;24,7;17,8;25,3;24,6;17,9;17,6;66;63;65;18;3,3;2;
2023/09/30;2200 UTC;0;964,4;964,4;963,9;;24,8;16,4;25,2;24,7;17,9;16,4;66;59;60;111;6,5;3,4;
2023/09/30;2300 UTC;0;965,1;965,2;964,4;;23,7;16,4;24,8;23,7;16,5;16,3;63;60;63;124;6,9;4;
2023/10/01;0000 UTC;0;965,5;965,6;965,1;;22,8;16,2;23,7;22,8;16,4;16,2;66;63;66;107;8,8;3,3;
2023/10/01;0100 UTC;0;965,5;965,8;965,3;;22,3;16,2;22,8;22,3;16,3;16,2;69;66;68;104;6,3;3,1;
2023/10/01;0200 UTC;0;965,7;966,2;965,5;;21,8;16,3;22,3;21,8;16,3;16,1;71;68;71;111;6,1;2,5;
2023/10/01;0300 UTC;0;964,7;965,9;964,7;;21,6;16,3;21,9;21,6;16,4;16,3;72;71;72;112;3,7;1,9;
2023/10/01;0400 UTC;0;964,1;964,8;964,1;;21,3;16,5;21,6;21,3;16,7;16,3;75;72;74;108;2,9;1,8;
2023/10/01;0500 UTC;0;962,8;964,1;962,8;;20,9;16,4;21,3;20,9;16,5;16,4;75;74;75;109;3,8;1,4;
2023/10/01;0600 UTC;0;962,3;962,8;962,3;;20,5;16,4;20,9;20,4;16,5;16,3;78;75;78;181;3,3;,6;
2023/10/01;0700 UTC;1,6;963,3;963,3;962,3;;19,3;18,9;20,5;19,3;19;16,4;98;77;98;269;2,5;,9;
2023/10/01;0800 UTC;1,6;963,8;963,9;963,2;;19;19,3;19,3;19;19,3;18,9;;98;;9;2,5;1,6;
2023/10/01;0900 UTC;,4;963,5;964;963,5;;19,2;19,4;19,2;19;19,5;19,3;;;;59;4,1;2,3;
2023/10/01;1000 UTC;,2;964,4;964,4;963,3;27,8;19,2;19,5;19,3;19,1;19,5;19,3;;;;358;4,7;,7;
2023/10/01;1100 UTC;17,2;966,3;967;964,4;18,6;18,6;19;19,4;18,6;19,6;19;;;;263;13,9;2,3;
2023/10/01;1200 UTC;5;966,2;966,4;966;74,7;18,9;19,2;18,9;18,6;19,3;18,9;;;;36;4,2;2;
2023/10/01;1300 UTC;1,6;964,8;966,2;964,5;411,7;19,6;20,1;19,6;18,8;20,1;19,2;;;;125;6,3;2,8;
2023/10/01;1400 UTC;0;964,1;964,8;964,1;497,3;20,2;20,6;20,4;19,6;20,7;20,1;;;;156;5,1;1,1;
2023/10/01;1500 UTC;,2;963;964,1;962,9;1275,7;21,4;19,7;21,8;20,2;21,2;19,7;;90;90;154;3;1,5;
2023/10/01;1600 UTC;0;962;963;962;2046,6;23;20,2;23,5;21,3;20,8;18,1;92;74;84;117;5,3;1,4;
2023/10/01;1700 UTC;0;962;962;961,8;611,3;22,7;19,7;23,2;22,7;20;18,8;84;78;83;97;3,5;1,4;
2023/10/01;1800 UTC;3,8;962,4;962,4;961,8;99,2;20,8;20,5;22,7;20,8;20,7;19,6;98;83;98;142;4,7;1,8;
2023/10/01;1900 UTC;15,2;962,6;963,1;962,3;76,3;20;20,4;20,8;19,9;20,5;20,2;;98;;354;4;1,5;
2023/10/01;2000 UTC;2,6;962,5;962,6;962,1;174,3;20,3;20,7;20,4;19,9;20,9;20,4;;;;54;3,2;,5;
2023/10/01;2100 UTC;0;962,1;962,5;962;125,7;20,4;20,8;20,6;20,3;21;20,8;;;;131;2,7;1,5;
2023/10/01;2200 UTC;0;961,8;962,2;961,8;;19,9;20,3;20,4;19,9;20,8;20,3;;;;50;3,1;,7;
2023/10/01;2300 UTC;0;962,5;962,5;961,8;;20;20,5;20;19,8;20,5;20,2;;;;106;1,2;,5;
2023/10/02;0000 UTC;0;963,2;963,3;962,4;;20,1;20,6;20,2;20;20,7;20,5;;;;27;1,5;1;
2023/10/02;0100 UTC;,6;963,5;963,7;963,2;;20;20,5;20,1;19,9;20,6;20,4;;;;194;1,9;,6;
2023/10/02;0200 UTC;,6;962,9;963,7;962,9;0;20;20,5;20,1;19,9;20,6;20,4;;;;81;3,1;1,8;
2023/10/02;0300 UTC;0;962,5;963,2;962,5;;19,9;20,5;20,1;19,9;20,6;20,4;;;;130;3,1;1,8;
2023/10/02;0400 UTC;0;962,2;962,8;962,2;,3;19,9;20,4;20;19,9;20,5;20,4;;;;333;2,9;,4;
2023/10/02;0500 UTC;0;961,3;962,1;961,3;1;19,9;20,3;20;19,8;20,5;20,3;;;;113;2,3;1;
2023/10/02;0600 UTC;0;960,9;961,3;960,7;,2;19,8;20,2;19,9;19,7;20,4;20,2;;;;127;2,4;1;
2023/10/02;0700 UTC;0;961;961;960,4;0;19,7;20,2;19,8;19,7;20,3;20,2;;;;134;2,6;,8;
2023/10/02;0800 UTC;0;961,5;961,5;960,9;,3;19,8;20,2;19,8;19,7;20,3;20,2;;;;100;2,2;1,1;
2023/10/02;0900 UTC;0;961,8;961,8;961,4;7;19,7;20,2;19,8;19,6;20,3;20,1;;;;27;1,6;,9;
2023/10/02;1000 UTC;0;962,3;962,3;961,6;103,8;20,1;20,5;20,1;19,6;20,5;20,2;;;;97;1,9;,7;
2023/10/02;1100 UTC;0;962,5;962,5;962,2;295,3;20,8;20,7;20,8;20;20,7;20,5;;99;99;86;1,7;,8;
2023/10/02;1200 UTC;0;963;963;962,5;578;21,5;20,8;21,5;20,8;21;20,1;100;93;95;118;3;1,8;
2023/10/02;1300 UTC;0;963;963,1;962,9;861,4;22;20,3;22,1;21,4;20,9;20;95;89;90;81;3,5;1,9;
2023/10/02;1400 UTC;0;962,7;963,1;962,7;1379;22,8;20,6;23,1;22;21;19,8;91;83;88;106;4,9;2,4;
2023/10/02;1500 UTC;0;961,9;962,7;961,9;1992,9;23,8;20,2;23,9;22,7;21,2;19,6;88;77;81;58;5,6;3,1;
2023/10/02;1600 UTC;0;961;961,9;961;1812,8;23,7;19,7;24,8;23,7;20,9;18,3;83;70;78;108;5,6;2,2;
2023/10/02;1700 UTC;0;960,2;961;960,2;1257,8;24;18,7;24,9;23,7;20,3;18,6;81;70;73;100;5,1;3,2;
2023/10/02;1800 UTC;0;959,9;960,2;959,8;774,5;23,7;19,9;24,6;23,7;20,2;18,6;80;70;79;102;6;3,1;
2023/10/02;1900 UTC;0;959,9;960;959,7;288,1;22,7;20,1;23,9;22,7;20,2;18,9;85;74;85;107;7,2;4,4;
2023/10/02;2000 UTC;0;959,9;960,2;959,6;222,1;21,5;20,5;22,7;21,5;20,8;20,1;94;85;94;89;7,2;3,6;
2023/10/02;2100 UTC;0;960,4;960,4;959,9;32,4;20,7;20,2;21,5;20,7;20,6;20,2;97;94;97;72;7,4;3,2;
2023/10/02;2200 UTC;0;961,3;961,3;960,4;,7;20,4;20;20,7;20,4;20,3;20;98;97;97;72;5,8;2,8;
2023/10/02;2300 UTC;0;961,7;961,7;961,3;;19,9;19,4;20,4;19,9;20;19,4;98;97;97;69;5,4;2,9;
2023/10/03;0000 UTC;0;962,3;962,3;961,7;;19,5;19,1;19,9;19,5;19,4;19,1;98;97;97;66;5,2;2,7;
2023/10/03;0100 UTC;0;962,5;962,5;962;;19,3;18,8;19,5;19,3;19,1;18,8;98;97;97;58;4,5;2,1;
2023/10/03;0200 UTC;0;962,3;962,7;962,3;;19,1;18,7;19,4;19,1;18,9;18,7;98;96;98;70;5,3;2,6;
2023/10/03;0300 UTC;0;962,1;962,4;961,9;;18,9;18,7;19,1;18,9;18,8;18,7;99;98;98;50;4,3;1,5;
2023/10/03;0400 UTC;0;961,8;962,2;961,8;;18,6;18,5;18,9;18,6;18,7;18,4;99;98;99;46;2,7;1,3;
2023/10/03;0500 UTC;0;961,4;961,8;961,2;;18,3;18,6;18,6;18,3;18,7;18,5;;99;;74;3,2;1,2;
2023/10/03;0600 UTC;0;961;961,6;960,9;;18,2;18,6;18,3;18,2;18,6;18,5;;;;7;2,3;,6;
2023/10/03;0700 UTC;0;961,4;961,4;960,9;;18,5;18,7;18,5;18,2;18,7;18,6;;;;89;2;,5;
2023/10/03;0800 UTC;0;961,8;961,8;961,3;;18,4;18,7;18,5;18,3;18,7;18,6;;;;42;2,2;1,3;
2023/10/03;0900 UTC;0;962,5;962,5;961,8;7,6;18,5;18,5;18,5;18,4;18,7;18,4;;100;100;108;3;1,6;
2023/10/03;1000 UTC;0;963,2;963,2;962,5;94,9;18,6;18,6;18,7;18,5;18,6;18,4;100;99;100;70;2,8;1,4;
2023/10/03;1100 UTC;0;963,9;963,9;963,1;317,4;19,2;19,3;19,2;18,5;19,3;18,7;;100;;42;3,1;1,8;
2023/10/03;1200 UTC;0;963,9;964,1;963,8;654,8;19,9;19,2;20,1;19,1;19,5;19;;95;96;64;3,2;1,6;
2023/10/03;1300 UTC;0;964,1;964,1;963,9;924;20,8;19,1;20,9;19,9;19,8;18,9;96;90;90;104;3,2;1,5;
2023/10/03;1400 UTC;0;963,6;964,2;963,6;1206,8;22,2;18;22,4;20,7;19,7;18;91;77;77;62;3;1,3;
2023/10/03;1500 UTC;0;962,7;963,6;962,7;1314,2;23,3;19,5;23,3;22,2;19,6;17,9;82;73;80;50;3,7;1,9;
2023/10/03;1600 UTC;0;961,6;962,7;961,6;1915,2;24,2;17,9;24,4;23,1;19,2;17,6;79;67;68;48;3,9;2,1;
2023/10/03;1700 UTC;0;960,8;961,6;960,8;1922,8;25,4;17,8;26;24,1;18,9;17,4;70;62;63;24;6,1;2;
2023/10/03;1800 UTC;0;960;960,8;960;1508,3;25,9;18,8;25,9;24,5;18,9;17,6;70;63;65;334;7,9;2,4;
2023/10/03;1900 UTC;0;960,1;960,1;959,9;1344,1;24,9;18,2;25,9;24,7;19,1;17,9;69;64;66;32;5;2,8;
2023/10/03;2000 UTC;0;960,2;960,2;960;371,8;24;19;24,9;24;19,4;18,2;75;66;74;82;5,3;2,5;
2023/10/03;2100 UTC;0;960,6;960,6;960,2;62,8;23,4;19,8;24;23,4;19,8;18,7;80;73;80;77;4,4;2,6;
2023/10/03;2200 UTC;0;961,4;961,4;960,6;;22,5;20,2;23,4;22,5;20,2;19,7;87;80;87;87;5,1;3,3;
2023/10/03;2300 UTC;0;962;962,1;961,4;;21,6;20,2;22,5;21,6;20,4;20,1;92;87;92;90;5,5;2,4;
2023/10/04;0000 UTC;0;962,8;962,9;962;;20,9;20,3;21,6;20,9;20,3;20,1;96;92;96;75;6,1;2,7;
2023/10/04;0100 UTC;0;963;963,1;962,8;;20,8;20,2;20,9;20,8;20,4;20,2;97;96;96;83;4,9;1,6;
2023/10/04;0200 UTC;0;963;963,2;962,9;;20,7;20,2;20,8;20,7;20,3;20,2;97;96;97;75;3,4;2;
2023/10/04;0300 UTC;0;962,4;963;962,4;;20,3;20,2;20,7;20,3;20,3;20,2;99;97;99;80;4;2;
2023/10/04;0400 UTC;0;962;962,5;962;;20,2;20,1;20,3;20,2;20,3;20,1;100;99;100;69;4;1,4;
2023/10/04;0500 UTC;0;960,8;962;960,8;;19,8;19,9;20,2;19,8;20,1;19,9;;100;;70;3,4;1,7;
2023/10/04;0600 UTC;0;960,3;960,8;960,2;;19,6;20;19,8;19,6;20,1;19,9;;;;156;3;,4;
2023/10/04;0700 UTC;0;960,5;960,5;960,1;;19,5;20;19,7;19,5;20,1;20;;;;336;2,1;1,1;
2023/10/04;0800 UTC;0;960,5;960,6;960,4;;19,7;20,2;19,7;19,5;20,2;20;;;;69;1,6;,8;
2023/10/04;0900 UTC;0;960,7;960,8;960,4;9,9;19,8;20,3;19,8;19,7;20,3;20,2;;;;64;2,1;,8;
2023/10/04;1000 UTC;0;961,4;961,5;960,7;145,8;20;20,5;20,1;19,8;20,7;20,3;;;;340;2,4;1,6;
2023/10/04;1100 UTC;0;961,4;961,6;961,4;514,3;21,2;21,4;21,2;20;21,5;20,6;;;;18;2,6;1,3;
2023/10/04;1200 UTC;0;961;961,4;960,8;692,1;22,1;20,7;22,2;21,2;21,6;20,5;;91;92;285;2,2;,8;
2023/10/04;1300 UTC;0;960,1;961;959,8;1307,9;24,1;20,8;24,1;22;21,3;20,4;93;81;82;30;2,3;,6;
2023/10/04;1400 UTC;0;960,1;960,2;959,8;2995;26,6;19,4;26,9;24;20,9;19,3;82;65;65;295;4,5;1,7;
2023/10/04;1500 UTC;0;958,9;960,1;958,9;3098,4;30,1;20,7;30,1;26,5;20,8;19,4;67;57;57;255;3,8;1,8;
2023/10/04;1600 UTC;0;957,8;958,9;957,8;2781,9;31,5;20,4;31,6;29,2;21,1;19,7;58;50;52;284;4,1;1,4;
2023/10/04;1700 UTC;0;956,5;957,8;956,5;2153,6;32,1;18,8;32,3;31,1;19,9;18,6;52;45;45;270;2,8;,9;
2023/10/04;1800 UTC;0;955,7;956,5;955,7;1879,9;32,8;18,3;33,3;32,1;19,9;18,2;47;42;42;321;3,7;1,4;
2023/10/04;1900 UTC;0;955,8;955,9;955,6;1072,7;32,7;19,7;32,9;32,4;19,7;18,1;46;42;46;317;3,2;2;
2023/10/04;2000 UTC;0;956,5;956,5;955,8;417,6;30,5;21,1;32,8;30,4;21,1;19,5;58;46;57;344;3,2;1,7;
2023/10/04;2100 UTC;0;956,8;956,8;956,4;57,2;28,9;21,6;30,5;28,9;21,7;21,1;65;57;65;338;3,2;,9;
2023/10/04;2200 UTC;0;957,8;957,8;956,8;;28,1;22;28,9;28,1;22,1;21,6;70;65;70;78;3,6;2,3;
2023/10/04;2300 UTC;0;958,6;958,6;957,8;;27,1;21,9;28,5;27;22;21,6;74;67;73;173;3,6;,9;
2023/10/05;0000 UTC;0;958,3;958,7;958,2;;26,6;22;27,3;26,4;22,1;21,7;76;72;76;99;2;,8;
2023/10/05;0100 UTC;0;959,1;959,2;958,3;;26,5;20,1;26,6;25,3;22,2;20,1;83;68;68;254;8;3,8;
2023/10/05;0200 UTC;0;958,8;959,7;958,6;;25,7;18,8;26,6;25,7;19,9;18,6;68;63;65;210;9,2;3,9;
2023/10/05;0300 UTC;0;958,8;958,8;958,4;;23,4;20,9;25,7;23,4;20,9;18,8;85;65;85;301;7,4;1,2;
2023/10/05;0400 UTC;0;958,2;958,8;957,9;;23,1;22,3;23,8;23;22,4;20,2;95;81;95;312;2,9;,9;
2023/10/05;0500 UTC;0;957,6;958,4;956,7;;22,5;22,1;23,1;22,5;22,5;22;98;95;98;324;3,9;1,7;
2023/10/05;0600 UTC;0;957;957,7;956,9;;22,6;22,3;22,6;22,4;22,3;22;98;97;98;161;2,5;1,7;
2023/10/05;0700 UTC;0;957,6;957,6;957;;22,1;22,2;22,9;21,9;22,7;21,8;;97;;13;3;1,7;
2023/10/05;0800 UTC;0;958;958;957,5;;22,6;22,6;22,7;22,1;22,8;22,2;;100;100;124;3;,9;
2023/10/05;0900 UTC;0;958,8;958,8;958;5;22,1;22,5;22,6;22,1;22,9;22,4;;100;;306;2,3;1,1;
2023/10/05;1000 UTC;0;959,7;959,7;958,8;162,5;22,6;23,1;22,6;22,1;23,1;22,5;;;;261;2,6;1,2;
2023/10/05;1100 UTC;,4;961,7;961,7;959,7;154,5;23;23,2;23,1;22,6;23,3;23;;;;290;4,3;2,5;
2023/10/05;1200 UTC;1,4;961,1;962;961,1;360,1;23,2;23;23,2;22,4;23,4;22,7;;99;99;278;11;,9;
2023/10/05;1300 UTC;0;960,2;961,1;960,2;1594,4;25,4;23,8;25,4;23,2;23,9;22,7;99;89;91;159;2,7;1,1;
2023/10/05;1400 UTC;0;959,3;960,2;959,3;2827,4;26,7;23,4;27,3;25,3;25,2;21,5;93;72;82;130;3,7;1,8;
2023/10/05;1500 UTC;0;958,2;959,3;958,2;2832,6;29,2;21,4;29,2;26,6;24,4;20,6;84;62;63;139;4,2;1,1;
2023/10/05;1600 UTC;0;958,1;958,5;958,1;3123,1;31,1;21,6;31,4;28,8;22,3;20,8;65;57;57;149;4,7;1,8;
2023/10/05;1700 UTC;0;956,8;958,1;956,8;2840;32,1;21,4;32,4;30,6;22,2;20,9;60;51;53;85;5,8;1,9;
2023/10/05;1800 UTC;0;956;956,8;956;2398,1;33,2;20,8;33,6;32;22,1;20,2;55;47;48;96;4,8;2,3;
2023/10/05;1900 UTC;0;956,2;956,3;955,9;728,9;32,2;22,9;33,2;31,6;22,9;20,3;59;47;58;24;4,8;2,2;
2023/10/05;2000 UTC;0;956,4;956,7;956,2;241,9;29,5;23,3;32,2;29,5;23,3;22;70;56;70;357;4,4;2,4;
2023/10/05;2100 UTC;0;958,2;958,2;956,1;26,3;29,1;22,5;29,5;29;23,5;22,5;72;67;67;113;6,2;3,6;
2023/10/05;2200 UTC;1;959,4;959,4;957,8;;25,7;24;29,1;25,7;24,1;22;91;67;90;91;8,3;2,6;
2023/10/05;2300 UTC;14,6;961,2;961,3;959,4;1;23,3;23,7;25,7;23,2;24,5;23,7;;90;;95;8,7;4,1;
2023/10/06;0000 UTC;,2;962,3;962,4;961;,3;21,9;22,1;23,3;21,9;23,6;22;;;;247;7,2;1,4;
2023/10/06;0100 UTC;0;962,4;962,6;962,1;;21,4;21,8;22,1;21,4;22,1;21,7;;100;;313;3,4;2;
2023/10/06;0200 UTC;0;962;962,4;961,8;,8;21,6;21,7;21,6;21,2;21,8;21,6;;;;9;3,9;,8;
2023/10/06;0300 UTC;0;961,8;962,3;961,7;;21,6;22;21,9;21,5;22;21,7;;100;;48;2,1;1,2;
2023/10/06;0400 UTC;0;962,2;962,3;961,7;;21,3;21,8;21,6;21,2;22;21,7;;;;32;2,1;,8;
2023/10/06;0500 UTC;0;961,5;962,2;961,5;;21,3;22;21,3;21;22;21,6;;;;35;2,1;1;
2023/10/06;0600 UTC;0;961,6;961,6;961,1;;21,1;21,7;21,5;21,1;22,1;21,7;;;;155;2,3;1,5;
2023/10/06;0700 UTC;0;962,5;962,5;961,5;;21,1;21,8;21,2;21;21,8;21,6;;;;137;2,4;1,1;
2023/10/06;0800 UTC;0;963,4;963,4;962,4;;21,4;22,1;21,4;21;22,1;21,7;;;;119;2,1;1,1;
2023/10/06;0900 UTC;2;964,3;964,4;963,4;2,6;21,3;22;21,5;21,3;22,1;21,9;;;;208;4,1;1,6;
2023/10/06;1000 UTC;2;965,3;965,4;964,3;132,1;21,7;22,3;21,8;21,3;22,4;22;;;;35;4;,5;
2023/10/06;1100 UTC;,2;966,1;966,1;965,3;205,3;22;22,6;22;21,5;22,7;22,2;;;;317;1,9;,6;
2023/10/06;1200 UTC;,4;965,1;966,1;965,1;514,6;22,4;23;22,5;22;23,1;22,7;;;;128;3,8;2,5;
2023/10/06;1300 UTC;0;964,9;965,2;964,9;844,2;23,4;23,3;23,5;22,4;23,6;22,9;;98;100;292;4;1,9;
2023/10/06;1400 UTC;0;964;964,9;964;2114,8;25,8;24;25,8;23,4;24,2;23,1;100;88;90;352;2,7;1,1;
2023/10/06;1500 UTC;0;963,1;964;963,1;3374,4;28,4;20,7;28,4;25,7;23,8;19,7;89;61;63;196;3,4;1,3;
2023/10/06;1600 UTC;0;962;963,1;962;3306,3;30,7;19,1;30,7;28,2;21,4;18,5;65;50;50;305;3,4;1,7;
2023/10/06;1700 UTC;0;961;962;961;2872,2;32,1;18,5;32,2;30,6;20,9;18,3;54;44;44;223;3,3;1,7;
2023/10/06;1800 UTC;0;960,2;961;960,2;2497,9;33,3;18,6;33,4;32;19;17,1;46;40;42;259;3,4;1,3;
2023/10/06;1900 UTC;0;960;960,2;959,9;1320,3;33;17,8;33,8;32,7;19,4;17,4;45;39;40;343;3;1,6;
2023/10/06;2000 UTC;0;960;960,1;959,9;869,1;32,8;19,5;34;32,8;19,7;17,5;46;38;45;333;2,6;1,6;
2023/10/06;2100 UTC;0;961;961;960;178,8;30,3;21,8;32,8;30,3;21,8;19,6;61;46;61;338;2,9;1,6;
2023/10/06;2200 UTC;0;961,8;961,8;961;;29,3;22,5;30,3;29,2;22,5;21,9;67;61;67;104;2,7;2;
2023/10/06;2300 UTC;0;962,8;962,8;961,8;;28,2;23;29,4;28,2;23;22,5;74;67;74;79;4;2,5;
2023/10/07;0000 UTC;0;963,4;963,4;962,8;;26,7;22,7;28,2;26,7;23,1;22,6;79;73;79;68;4,2;2,6;
2023/10/07;0100 UTC;0;963,9;963,9;963,4;;25,1;24,3;26,7;25,1;24,4;22,7;95;79;95;91;5,5;2,4;
2023/10/07;0200 UTC;0;963,4;963,9;963,4;;24,3;24,1;25,1;24,3;24,4;24,1;99;95;99;84;5,1;2,6;
2023/10/07;0300 UTC;0;962,5;963,4;962,4;;23,8;24;24,4;23,7;24,1;23,9;;99;;90;4,8;1,7;
2023/10/07;0400 UTC;0;962,2;962,6;962,2;;23,2;23,6;23,9;23,2;24,2;23,6;;;;1;3;1,4;
2023/10/07;0500 UTC;0;961,4;962,2;961,4;;23,3;23,9;23,4;23,1;24,1;23,6;;;;237;3;,5;
2023/10/07;0600 UTC;0;961,6;961,7;961,3;;23,3;24;23,4;23;24;23,6;;;;16;1,5;,6;
2023/10/07;0700 UTC;0;961,9;961,9;961,6;;22,5;23,2;23,4;22,5;24;23,1;;;;50;1,4;,7;
2023/10/07;0800 UTC;0;962,5;962,5;961,8;;22,3;23;23;22,3;23,6;23;;;;353;2;,7;
2023/10/07;0900 UTC;0;962,9;962,9;962,4;32,7;22;22,7;22,4;21,9;23;22,6;;;;282;1,9;,5;
2023/10/07;1000 UTC;0;963,6;963,6;962,9;484;23,7;24,4;23,7;22;24,4;22,7;;;;309;1,1;,6;
2023/10/07;1100 UTC;0;963,8;963,8;963,6;1290,3;26,6;24,9;26,6;23,7;25,4;24,4;;91;91;330;1,6;,6;
2023/10/07;1200 UTC;0;963,7;963,9;963,7;2059,8;28,2;22,4;28,6;26,5;24,9;22,4;90;70;71;330;3,6;1,5;
2023/10/07;1300 UTC;0;963,4;963,7;963,4;2603,6;31,3;21,9;31,4;28,1;23,3;21,7;74;57;58;138;3,6;1,8;
2023/10/07;1400 UTC;0;963,2;963,5;963,2;2465,2;33;20,5;33,4;30,9;22,5;19,5;58;45;48;230;4,1;1,5;
2023/10/07;1500 UTC;0;962,1;963,2;962,1;2714,9;34,3;20;34,3;32,3;21,2;19,4;50;43;43;148;4,4;1,4;
2023/10/07;1600 UTC;0;960,8;962,1;960,8;2917,1;34,3;20,1;35,2;33,7;20,8;18,9;45;41;44;123;3,8;1,2;
2023/10/07;1700 UTC;0;959,4;960,8;959,4;2651,2;36,4;19,9;36,4;34,3;20,7;18,7;44;38;38;122;7,1;1,5;
2023/10/07;1800 UTC;0;959,4;959,4;959,2;1645,4;34,9;17,7;36,6;34,9;19,8;17,7;38;35;36;257;5,4;3,2;
2023/10/07;1900 UTC;0;959,1;959,4;959,1;324,8;33;20,4;34,9;33;20,4;17,6;48;36;48;305;5,4;2;
2023/10/07;2000 UTC;0;959,7;959,7;959;324;32,3;20,9;33;32,3;21,5;20;52;46;51;151;2,9;,8;
2023/10/07;2100 UTC;0;960,1;960,1;959,7;79,5;30,4;20,2;32,4;30,4;21;19,5;55;48;55;308;3,5;1,5;
2023/10/07;2200 UTC;0;961,2;961,3;960,1;;29,8;20,3;30,5;29,7;20,9;20,3;59;54;57;256;7,2;4,2;
2023/10/07;2300 UTC;0;962,5;962,5;961,1;;29,1;19,8;29,8;29;20,4;19,8;59;57;57;258;7,2;3,6;
2023/10/08;0000 UTC;0;963,7;963,8;962,5;;28;19;29,2;28;19,9;19;58;56;58;242;13,1;7,5;
2023/10/08;0100 UTC;,8;964,8;965,1;963,7;,6;23,1;20,8;28;23,1;20,8;18,3;87;58;87;259;17,5;10,4;
2023/10/08;0200 UTC;7,2;966,1;966,1;964,8;,3;22,8;23,1;23,1;21,9;23,3;21,4;;88;;230;15,2;2,3;
2023/10/08;0300 UTC;7,2;965,8;966,8;965,4;;22,2;22,9;22,8;21,8;23,2;22,4;;;;201;7,8;1,2;
2023/10/08;0400 UTC;4,4;965,6;966,4;965,6;;21,9;22,5;22,2;21,5;22,8;22,2;;;;131;3,2;1,4;
2023/10/08;0500 UTC;2,6;966,1;966,8;965,5;;21,3;21,9;22;21,2;22,6;21,9;;;;225;4;1,3;
2023/10/08;0600 UTC;4,6;965,3;966,1;965,3;;21,5;22,1;21,5;21,3;22,2;21,9;;;;95;4,1;2,1;
2023/10/08;0700 UTC;3,6;965,6;965,6;965,3;;21,1;21,7;21,5;21,1;22,1;21,7;;;;70;5,1;3,1;
2023/10/08;0800 UTC;1;965,5;965,6;965,2;;21,2;21,8;21,2;21,1;21,9;21,7;;;;110;5,1;1,8;
2023/10/08;0900 UTC;0;965,9;965,9;965,5;5,4;21,6;22,3;21,6;21,2;22,3;21,8;;;;94;4,9;1,6;
2023/10/08;1000 UTC;0;966,4;966,4;965,8;101,7;22;22,7;22,1;21,6;22,7;22,3;;;;102;4,7;2,7;
2023/10/08;1100 UTC;0;967;967;966,4;372,5;23;23,2;23;22,1;23,3;22,7;;;;129;5,1;1,7;
2023/10/08;1200 UTC;,2;966,6;967,1;966,6;1264,3;24,6;22,6;24,6;23;23,3;22,1;;87;89;108;4,2;2,2;
2023/10/08;1300 UTC;0;965,7;966,6;965,7;1484,7;25,5;21;25,8;24,4;22,8;20,9;90;75;77;125;3,9;1,7;
2023/10/08;1400 UTC;0;964,6;965,7;964,6;2441,2;27;20,6;27,3;25,3;23;19,7;84;65;68;53;4,2;1,6;
2023/10/08;1500 UTC;0;963,7;964,6;963,7;1708,7;27,5;20;27,6;26,5;20,9;19,7;70;63;64;60;4;1,2;
2023/10/08;1600 UTC;0;962,5;963,7;962,5;2237;28,4;20,4;29,1;27,5;21,5;20,1;67;61;62;332;3,5;1,9;
2023/10/08;1700 UTC;0;961,4;962,5;961,4;2757,3;30,3;21,6;30,3;28,3;21,9;20,6;65;59;60;281;4,4;1,4;
2023/10/08;1800 UTC;0;960,7;961,4;960,6;2164,6;29,4;22,1;31,3;29,3;22,3;20,9;65;56;65;321;4,6;2,1;
2023/10/08;1900 UTC;0;960,1;960,8;960,1;799;28,9;22,4;29,5;28,7;22,5;21,6;69;63;68;306;5;1,8;
2023/10/08;2000 UTC;0;959,9;960,1;959,7;330,3;28,4;24;29,1;28,4;24,4;22;79;66;77;312;3;1,9;
2023/10/08;2100 UTC;0;959,9;960,1;959,8;136,3;28,1;22,9;28,5;27,9;24,8;22,8;81;72;73;17;2,6;1,2;
2023/10/08;2200 UTC;0;960,8;960,8;959,9;;27,2;23,1;28,1;27,2;23,4;22,9;79;73;78;89;5,1;2,8;
2023/10/08;2300 UTC;0;961,2;961,3;960,8;;25,9;22,1;27,2;25,9;23;21,6;79;74;79;83;5,7;2,5;
2023/10/09;0000 UTC;0;961,5;961,7;961,2;;25,7;22,6;25,9;25,2;24,7;22,1;96;79;83;70;5;2,9;
2023/10/09;0100 UTC;0;961,8;961,9;961,2;;25;24,6;25,7;24,9;24,7;22,6;98;83;98;97;5;1,7;
2023/10/09;0200 UTC;0;961;961,8;960,9;;24,4;24,4;25;24,4;24,6;24,3;100;97;100;69;3,8;1,3;
2023/10/09;0300 UTC;0;960,8;961;960,7;;24,2;24,3;24,6;24,1;24,5;24,2;;99;;67;3,7;1,4;
2023/10/09;0400 UTC;0;960,6;960,8;960,3;;24;24,4;24,2;23,9;24,4;24,2;;;;91;3,5;1;
2023/10/09;0500 UTC;0;961,4;961,4;960,5;;24,5;24,6;24,5;23,8;24,6;24,2;;;;254;7,7;4,9;
2023/10/09;0600 UTC;0;961,4;961,4;961,1;;24;21,6;24,9;24;24,6;21,4;;85;87;241;11,6;3,2;
2023/10/09;0700 UTC;0;961,2;961,4;961;;23,5;21,9;24;23,3;21,9;21,6;91;86;91;198;5,3;1,6;
2023/10/09;0800 UTC;0;962,3;962,3;961,1;;23,3;22;23,5;23,1;22,1;21,8;93;91;92;243;4,5;3,3;
2023/10/09;0900 UTC;3,6;963,5;963,5;962,3;1,4;22;22,6;23,9;21,9;22,6;21,7;;88;;233;9,3;2,8;
2023/10/09;1000 UTC;,8;964,5;964,5;963,5;118,7;22,4;23;22,5;21,9;23,2;22,5;;;;315;5,3;1,4;
2023/10/09;1100 UTC;1,4;964,6;964,9;964,5;147,4;22,5;22,6;22,5;22,1;23,1;22,5;;100;100;285;5,8;3,5;
2023/10/09;1200 UTC;,2;965,1;965,1;964,6;679,2;23,5;22,5;23,7;22,4;23,2;22,1;100;94;94;279;5,8;1,2;
2023/10/09;1300 UTC;0;964,9;965,4;964,9;1063,6;24,7;23,2;24,8;23,4;23,8;22,6;98;91;92;37;3,3;1,5;
2023/10/09;1400 UTC;0;964;965;964;2214,7;26,7;23,4;26,7;24,6;24,6;22,9;94;82;82;104;4,1;2,1;
2023/10/09;1500 UTC;0;963,4;964;963,3;3014,5;27,9;20,6;28,7;26,2;23,4;20,5;83;64;65;98;5,1;2,5;
2023/10/09;1600 UTC;0;962,9;963,5;962,9;2052,3;28,4;20,5;28,8;27,7;21,5;20;67;59;62;64;5;1,8;
2023/10/09;1700 UTC;0;962,4;962,9;962,4;1261,4;28,5;20,4;29,5;28,1;21,2;19,6;64;58;61;63;4,3;2,2;
2023/10/09;1800 UTC;0;962,1;962,4;962;824;28;21,2;28,9;28;21,4;19,5;67;58;67;360;4,3;1,9;
2023/10/09;1900 UTC;0;963,2;963,2;961,8;467,5;24,8;20,9;28,1;24,8;21,8;20,3;79;66;79;196;7,9;2,6;
2023/10/09;2000 UTC;3;963,7;963,8;963,1;482,7;23,4;23,4;24,9;23,4;24,5;21;100;79;100;88;7,8;5,2;
2023/10/09;2100 UTC;0;964,7;964,7;963,7;84,1;22,2;22,3;23,4;22,2;23,3;22,3;;99;;68;8;3,3;
2023/10/09;2200 UTC;0;965,4;965,4;964,7;,4;21,9;22;22,2;21,9;22,6;22;;100;;84;6,8;4;
2023/10/09;2300 UTC;0;966,3;966,3;965,4;;21,8;21,5;21,9;21,8;22;21,5;;98;98;65;7,2;2,9;
2023/10/10;0000 UTC;0;967,2;967,2;966,2;;21,7;21,3;21,9;21,7;21,7;21,2;99;97;98;71;5,8;3;
2023/10/10;0100 UTC;0;967,7;967,7;967,2;;21,4;21,3;21,7;21,4;21,5;21,3;100;97;99;70;5,7;2,6;
2023/10/10;0200 UTC;0;967,7;967,9;967,7;;21,2;21,1;21,5;21,2;21,3;21,1;100;99;99;69;4,9;2,8;
2023/10/10;0300 UTC;0;967,4;967,7;967,4;;20,9;21;21,3;20,9;21,1;20,9;;99;100;65;5,2;1,9;
2023/10/10;0400 UTC;,4;967,2;967,4;967,1;;20,1;20,7;20,9;20,1;21;20,7;;100;;21;3,8;,9;
2023/10/10;0500 UTC;3,2;966,9;967,2;966,9;;19,5;20,1;20,1;19,4;20,7;20;;;;298;4,6;1,7;
2023/10/10;0600 UTC;,8;966,6;966,9;966,4;;19,8;20,4;20,2;19,5;20,8;20,1;;;;54;4,6;,9;
2023/10/10;0700 UTC;0;966,7;966,7;966,6;;19,5;20,1;19,8;19,3;20,4;19,9;;;;257;5,2;2,7;
2023/10/10;0800 UTC;0;967,2;967,2;966,7;;19,2;19,8;19,5;19,2;20,1;19,8;;;;310;5,6;2,8;
2023/10/10;0900 UTC;0;968;968;967,2;6,7;18,9;19,5;19,2;18,8;19,8;19,5;;;;16;4,8;,7;
2023/10/10;1000 UTC;0;968,8;968,8;968;127,5;19,2;19,8;19,3;18,9;19,9;19,5;;;;355;1,5;,8;
2023/10/10;1100 UTC;0;969,5;969,5;968,8;361,3;19,8;20,5;19,8;19,2;20,5;19,8;;;;330;2;1,2;
2023/10/10;1200 UTC;0;969,6;969,6;969,4;769,3;21;20,1;21,2;19,7;20,9;19,9;;93;94;62;2,2;1;
2023/10/10;1300 UTC;0;969,7;969,7;969,5;1244,3;22,2;20,7;22,2;21;21;20;97;89;91;90;3,5;1,7;
2023/10/10;1400 UTC;0;969,3;969,7;969,3;1140,5;23,4;20,4;23,4;21,9;21,1;19,8;93;82;83;108;3,5;2;
2023/10/10;1500 UTC;0;968,6;969,3;968,6;978,9;23,2;20,7;23,4;22,7;21,2;19,6;90;80;86;15;4;1,7;
2023/10/10;1600 UTC;0;967,8;968,6;967,8;721,2;22,6;20,5;24;22,6;20,8;18,1;88;72;88;339;2,6;1,5;
2023/10/10;1700 UTC;0;967,1;967,8;967,1;449,7;23,4;20,6;23,4;22,4;21,7;20,5;92;84;84;3;2,6;1,1;
2023/10/10;1800 UTC;0;966,8;967,1;966,7;301,6;23;20,5;23,8;23;20,7;18,3;86;72;86;92;3,5;1;
2023/10/10;1900 UTC;0;966,6;966,8;966,6;112;21,6;21,9;23;21,5;21,9;20,5;;86;;307;2,2;1,7;
2023/10/10;2000 UTC;,2;967,1;967,1;966,6;87,9;21,7;20,7;22,5;21,4;22,1;20,5;;89;94;104;7,6;3,8;
2023/10/10;2100 UTC;0;967,5;967,5;967,1;44,2;21,8;20,4;22,1;21,7;20,9;20,3;95;89;92;106;7,6;2,1;
2023/10/10;2200 UTC;,2;968,5;968,5;967,5;;20,3;20,5;21,8;20,3;20,5;20,1;;91;;91;6,6;3,1;
2023/10/10;2300 UTC;,2;969;969;968,5;;20;20,6;20,3;19,9;20,6;20,5;;;;51;5,4;2,5;
2023/10/11;0000 UTC;0;969,4;969,4;969;;19,6;20,2;20;19,6;20,6;20,2;;;;51;5,5;3,3;
2023/10/11;0100 UTC;0;969,6;969,8;969,3;;19,6;20;19,6;19,5;20,2;20;;;;51;5,3;2,6;
2023/10/11;0200 UTC;0;969,3;969,6;969,3;;19,3;19,9;19,6;19,3;20;19,8;;;;42;5,6;2,5;
2023/10/11;0300 UTC;0;968,6;969,3;968,6;;19,2;19,6;19,3;19,2;19,9;19,6;;;;72;4,8;2,5;
2023/10/11;0400 UTC;0;967,8;968,6;967,8;;18,9;19,5;19,2;18,9;19,6;19,5;;;;82;4,9;2,9;
2023/10/11;0500 UTC;0;967;967,8;967;;18,9;19,6;19;18,8;19,6;19,5;;;;79;5;2,6;
2023/10/11;0600 UTC;0;966,5;967;966,5;;19,1;19,7;19,1;18,9;19,7;19,6;;;;78;4,4;1,4;
2023/10/11;0700 UTC;0;966,6;966,6;966,4;,1;19,2;19,8;19,3;19;19,9;19,7;;;;78;4,6;1,8;
2023/10/11;0800 UTC;0;967;967;966,6;;19,2;19,7;19,2;19,1;19,9;19,7;;;;80;3,8;2,1;
2023/10/11;0900 UTC;0;967,4;967,4;967;7,2;19,3;19,8;19,3;19,2;19,8;19,7;;;;69;3,4;1,4;
2023/10/11;1000 UTC;0;968;968,1;967,4;94,7;19,7;20;19,7;19,3;20;19,8;;;;79;2,2;,7;
2023/10/11;1100 UTC;0;968,1;968,2;968;283,8;20,3;20;20,3;19,7;20,2;19,8;;98;98;131;2,3;,9;
2023/10/11;1200 UTC;0;967,9;968,2;967,9;419,3;20,5;19,8;20,6;20,2;20,2;19,7;99;95;96;339;1,9;,7;
2023/10/11;1300 UTC;0;967,1;967,9;967,1;892,2;21,9;20,3;22,1;20,5;21;19,9;98;90;90;297;2,5;1,1;
2023/10/11;1400 UTC;0;965,9;967,1;965,9;1911,2;24,1;19,3;24,1;21,9;21;18,3;92;72;74;350;2,6;1,2;
2023/10/11;1500 UTC;0;964,5;965,9;964,5;3062,9;25,8;19,2;26,1;23,7;20,3;18,1;78;67;67;281;4,3;2,2;
2023/10/11;1600 UTC;,2;962,8;964,5;962,8;3497,3;27,7;19,3;28,1;25,4;20,5;18,8;70;59;60;113;3,9;1,2;
2023/10/11;1700 UTC;0;961,5;962,8;961,5;3145,8;29,3;20;29,3;27,6;20,1;19;62;55;58;183;4,8;1,1;
2023/10/11;1800 UTC;0;960,7;961,5;960,7;2463,1;30,6;20,3;30,6;29,1;20,5;19;58;52;54;29;4,1;1,6;
2023/10/11;1900 UTC;0;960,6;960,7;960,5;1745,1;30,7;19,8;31,2;30,3;21;19;55;51;52;40;4,3;1,5;
2023/10/11;2000 UTC;0;961;961;960,6;923,6;30,1;20,5;31,5;30,1;20,8;19,6;57;51;56;357;3,4;1,8;
2023/10/11;2100 UTC;0;961,4;961,4;960,9;206,2;28,3;21,1;30,1;28,3;21,3;20,3;65;56;65;9;3,1;1;
2023/10/11;2200 UTC;0;961,8;961,8;961,4;;27;21;28,4;27;21,5;21;71;65;70;70;3,2;2,2;
2023/10/11;2300 UTC;0;962,2;962,2;961,8;;25,3;20,6;26,9;25,3;21;20,5;75;70;75;62;4;1,4;
2023/10/12;0000 UTC;0;962,7;962,7;962,2;;24,6;20,2;25,4;24,6;20,6;20,2;77;74;77;66;2,9;,5;
2023/10/12;0100 UTC;0;963;963;962,6;;23;22,8;24,6;23;23;20;99;77;99;352;1,4;,6;
2023/10/12;0200 UTC;0;963;963,2;963;;23;23;23,1;22,3;23,1;22,3;;99;100;130;1,5;1;
2023/10/12;0300 UTC;0;962,4;963;962,4;;22,2;22,8;23;21,3;22,8;21,8;;99;;120;2,1;1;
2023/10/12;0400 UTC;0;961,7;962,4;961,7;;21,6;22,2;22,4;21,1;23;21,5;;;;145;1,8;1,1;
2023/10/12;0500 UTC;0;960,8;961,7;960,7;;20,4;21;21,8;20,3;22,4;20,9;;;;33;2,3;,7;
2023/10/12;0600 UTC;0;960,7;961;960,6;;20,4;21,1;20,6;19,8;21,2;20,5;;;;29;2,2;,9;
2023/10/12;0700 UTC;0;961;961;960,7;;20,5;21,1;21,4;20,2;22;20,8;;;;142;2,4;,7;
2023/10/12;0800 UTC;0;961,2;961,2;960,8;;20,7;21,3;20,9;20,4;21,5;21;;;;36;1,9;,7;
2023/10/12;0900 UTC;0;961,5;961,6;961,2;24,9;21,2;21,9;21,2;20,3;21,9;20,9;;;;111;1,6;1,1;
2023/10/12;1000 UTC;0;962,4;962,4;961,5;464,7;21,9;22,5;21,9;21,2;22,5;21,9;;;;347;1,8;1,3;
2023/10/12;1100 UTC;0;962,4;962,5;962,2;1464,9;24,7;21,9;25,3;21,9;23,7;20,6;;77;85;92;3,4;1,7;
2023/10/12;1200 UTC;0;961,7;962,4;961,7;1772,4;25,4;20,2;25,6;24;22,6;20,2;89;72;73;114;4,5;1,9;
2023/10/12;1300 UTC;0;961;961,7;961;2461,1;27,1;20,1;27,6;25,2;21,7;19,6;79;64;65;57;4,5;1,4;
2023/10/12;1400 UTC;0;960,5;961;960,5;2469,9;28,6;20,1;29;26,9;20,7;19,5;66;59;60;330;3,6;1,9;
2023/10/12;1500 UTC;0;959,7;960,5;959,7;2852,1;30,2;19,8;30,8;28,4;20,9;19,5;62;53;54;248;4;1,5;
2023/10/12;1600 UTC;0;958,3;959,7;958,3;3202,8;32,5;19,7;32,5;30,2;20,5;19,1;55;47;47;77;4;1,6;
2023/10/12;1700 UTC;0;957,3;958,3;957,3;2222,4;33,5;19,8;33,8;32,2;20,4;19;49;44;45;330;4;,9;
2023/10/12;1800 UTC;0;956,8;957,3;956,7;1590,4;33;18,6;33,9;32,9;19,9;18,2;46;41;43;203;3,2;1,4;
2023/10/12;1900 UTC;0;956,9;956,9;956,6;553,7;31,1;21,6;33;31,1;21,7;18,3;57;42;57;326;3;1,1;
2023/10/12;2000 UTC;0;957,8;957,8;956,6;143,3;29,5;22,9;31,1;29,5;22,9;21,6;68;57;68;291;2;1,4;
2023/10/12;2100 UTC;0;959;959;957,8;4,7;27,5;23,7;29,5;27,5;23,7;22,4;80;68;80;341;2,1;1,4;
2023/10/12;2200 UTC;4,6;962,1;963,2;959;4,7;21;21,7;27,5;20,1;26,8;19,4;;73;;256;35,5;10,5;
2023/10/12;2300 UTC;1,6;962,7;963;961,9;;22;21,3;22;21;22,3;21,3;;96;96;246;17,1;5;
2023/10/13;0000 UTC;,8;961,7;962,8;961,7;;21,5;21,3;22,6;21,4;21,4;20,4;99;87;99;63;8,1;3,1;
2023/10/13;0100 UTC;0;962,7;962,7;961,6;;21;21,6;21,9;21;21,8;21,3;;97;;354;8,1;1,7;
2023/10/13;0200 UTC;,2;962,5;963,3;962,2;;21;21,6;21,2;20,8;21,8;21,4;;;;43;4,9;3,1;
2023/10/13;0300 UTC;0;962,7;962,7;962,4;;20,9;21,6;21,1;20,8;21,7;21,5;;;;114;4,9;1,8;
2023/10/13;0400 UTC;0;964;964,4;962,5;;21;21,7;21;20,8;21,7;21,4;;;;267;9,8;5,7;
2023/10/13;0500 UTC;1;961,8;964;961,2;;20,5;;21,1;20,5;21,7;21,1;;;;162;9,8;,8;
2023/10/13;0600 UTC;0;961,5;961,8;961,5;;20,3;;20,6;20,3;;;;;;327;2,7;,9;
2023/10/13;0700 UTC;0;962,1;962,1;961,4;;20,3;;20,4;20,2;;;;;;287;2;,9;
2023/10/13;0800 UTC;0;962,2;962,3;961,9;;20,3;;20,5;20,2;;;;;;20;2,8;1,6;
2023/10/13;0900 UTC;0;963,4;963,4;962,2;30,6;20,8;;20,8;20,3;;;;;;137;2,3;,8;
2023/10/13;1000 UTC;0;964,3;964,3;963,4;341,7;21,3;21,9;21,3;20,8;;;;;;32;3;1,4;
2023/10/13;1100 UTC;0;964,9;964,9;964,3;718,3;22,2;22,6;22,2;21,3;22,7;21,9;;;;355;2,8;1;
2023/10/13;1200 UTC;0;965,3;965,3;964,9;1120;24,1;20,8;24,1;22,2;22,8;19,5;;77;82;258;6,3;4;
2023/10/13;1300 UTC;0;965,7;965,7;965,3;2101,7;24,3;19,7;24,4;23,6;21,5;19,4;87;74;76;240;9,5;6,1;
2023/10/13;1400 UTC;0;965,6;965,8;965,6;3267,8;26,3;19;26,3;24,2;20,3;18,5;80;64;64;245;9,5;5,5;
2023/10/13;1500 UTC;0;964,9;965,6;964,9;3320,3;26,3;18,9;27;25,4;19,6;18,5;68;62;64;257;9,3;3,9;
2023/10/13;1600 UTC;0;964,5;964,9;964,4;2493,9;26,9;19,3;27,8;26,3;19,7;18,6;65;59;63;271;7;3,5;
2023/10/13;1700 UTC;0;964,6;964,6;964,4;413,2;24,8;21,5;27;24,8;21,7;18,4;82;61;82;100;6,4;3,6;
2023/10/13;1800 UTC;0;964,7;964,7;964,5;228,3;22,7;21,2;24,8;22,7;22,1;21,1;91;81;91;99;7,3;4;
2023/10/13;1900 UTC;0;964,9;964,9;964,7;79,6;21,7;21,7;22,7;21,7;21,9;21,1;;91;100;69;7,3;2,6;
2023/10/13;2000 UTC;0;965,4;965,4;964,7;71,4;21,1;21,3;21,7;21,1;21,8;21,2;;99;;69;5,6;2,5;
2023/10/13;2100 UTC;0;966,1;966,2;965,3;34,4;20,4;21;21,1;20,4;21,5;21;;;;42;4,8;1,8;
2023/10/13;2200 UTC;0;966,9;966,9;966,1;;19,7;20,4;20,4;19,7;21;20,4;;;;62;5,7;2,8;
2023/10/13;2300 UTC;,2;968,1;968,1;966,9;;19,6;20,2;19,7;19,5;20,4;20,2;;;;60;5,5;2,1;
2023/10/14;0000 UTC;,2;968,8;968,8;968,1;;19,4;;19,6;19,4;;;;;;47;4,9;3;
2023/10/14;0100 UTC;,2;969,3;969,3;968,7;;19,4;20;19,4;19,3;;;;;;38;5,6;1,8;
2023/10/14;0200 UTC;0;969,3;969,4;969,1;;19,3;19,9;19,4;19,3;20;19,9;;;;13;3,3;1;
2023/10/14;0300 UTC;0;968,9;969,4;968,8;;19,4;20;19,5;19,1;20,1;19,7;;;;45;2,6;1,2;
2023/10/14;0400 UTC;0;968,5;968,9;968,4;;19,6;20;19,6;19,4;20,2;19,9;;;;74;2,6;,9;
2023/10/14;0500 UTC;0;967,8;968,5;967,8;;19,5;19,9;19,6;19,5;20;19,8;;;;68;3,4;1,2;
2023/10/14;0600 UTC;0;967,5;967,8;967,5;;19,5;19,8;19,6;19,5;19,8;19,6;;;;82;3,1;1,6;
2023/10/14;0700 UTC;0;968;968;967,5;;19,6;19,6;19,6;19,5;19,9;19,6;;100;100;53;4,4;1,9;
2023/10/14;0800 UTC;0;968,4;968,5;968;;19,5;19,6;19,6;19,5;19,7;19,6;;100;100;59;3,4;1,6;
2023/10/14;0900 UTC;0;969,1;969,1;968,4;16,3;19,6;19,3;19,6;19,4;19,5;19,3;;98;99;55;4,2;2,1;
2023/10/14;1000 UTC;0;970,2;970,2;969;145,7;20;19,3;20;19,6;19,6;19,2;100;96;96;70;3,7;1,7;
2023/10/14;1100 UTC;0;971,1;971,1;970,2;414;20,4;19;20,4;20;19,3;18,9;95;91;92;67;4,6;2,3;
2023/10/14;1200 UTC;0;971,3;971,4;971;803,9;20,9;18,5;21,1;20,4;19,6;18,2;92;85;86;75;4,6;2,3;
2023/10/14;1300 UTC;0;971,4;971,6;971,3;1159,9;21,8;18,8;21,8;20,9;19,3;18;88;78;83;68;5,2;2,5;
2023/10/14;1400 UTC;0;971,4;971,5;971,2;1679,8;22,5;16,8;22,9;21,8;19,5;16,7;84;69;70;67;5,5;2,8;
2023/10/14;1500 UTC;0;970,6;971,4;970,6;1231,4;23;16,8;23,4;22,2;17,7;16,6;75;67;68;43;5;2,8;
2023/10/14;1600 UTC;0;970,1;970,6;970,1;1137,6;22,8;16,6;23,3;22,7;17,4;16;72;65;68;95;6,8;3,7;
2023/10/14;1700 UTC;0;969,8;970,1;969,8;798,3;21,7;19,2;23;21,6;19,3;16,4;86;67;86;64;7;3,6;
2023/10/14;1800 UTC;0;969,9;969,9;969,7;745,7;21,7;18,6;22,1;21,6;19,4;17,9;86;78;83;61;7,5;3,3;
2023/10/14;1900 UTC;0;969,9;970,1;969,8;478,7;21,2;19,4;21,8;21;19,4;18,2;90;80;90;57;6,3;3;
2023/10/14;2000 UTC;0;970;970;969,8;264,8;20,7;19,1;21,2;20,6;19,3;19;92;88;91;74;6;3,4;
2023/10/14;2100 UTC;0;970,8;970,8;970;14,6;20;18,9;20,7;20;19;18,7;93;90;93;61;5,7;2,6;
2023/10/14;2200 UTC;0;971,5;971,5;970,8;;19,6;19;20;19,6;19,1;18,8;97;93;97;49;5,1;2,3;
2023/10/14;2300 UTC;0;972,1;972,2;971,5;;18,7;19;19,6;18,7;19,2;18,9;;96;;40;5,6;2,9;
2023/10/15;0000 UTC;0;972,9;972,9;972,1;;18,8;18,7;18,8;18,5;19;18,6;;99;100;39;6,3;2,7;
2023/10/15;0100 UTC;0;972,9;973,1;972,8;;18,7;18,6;18,9;18,7;18,7;18,5;100;98;99;26;5,3;2,2;
2023/10/15;0200 UTC;0;972,4;973;972,4;;18,6;18,6;18,7;18,6;18,7;18,6;100;99;100;40;4,4;2,3;
2023/10/15;0300 UTC;0;971,6;972,4;971,6;;18,6;18,5;18,7;18,5;18,6;18,5;100;99;100;51;4,6;2,2;
2023/10/15;0400 UTC;0;971,2;971,7;971,2;;18,2;18,7;18,6;18,2;18,8;18,3;;99;;81;4,3;2,6;
2023/10/15;0500 UTC;0;970,5;971,2;970,5;;18,1;18,7;18,3;18,1;18,8;18,6;;;;99;4,5;2,5;
2023/10/15;0600 UTC;0;970,2;970,6;970,2;;18,1;18,7;18,1;18;18,7;18,6;;;;98;4,2;2,2;
2023/10/15;0700 UTC;0;970,3;970,3;970,2;;18,1;18,7;18,2;18;18,7;18,6;;;;86;4,3;2,6;
2023/10/15;0800 UTC;0;970,6;970,6;970,3;;18,2;18,8;18,2;18,1;18,8;18,7;;;;95;5,6;2,8;
2023/10/15;0900 UTC;0;971,4;971,4;970,6;19,3;18,4;18,9;18,4;18,2;18,9;18,8;;;;94;5,7;2,2;
2023/10/15;1000 UTC;0;971,6;971,6;971,3;169,6;18,7;19,2;18,7;18,4;19,2;18,9;;;;97;6;3;
2023/10/15;1100 UTC;0;971,8;971,9;971,5;317,5;19,6;19,2;19,6;18,7;19,3;18,9;;97;97;104;5,7;2,4;
2023/10/15;1200 UTC;0;971,5;971,8;971,5;1040,4;21,2;19;21,2;19,6;19,5;18,9;97;88;88;112;5,7;3,2;
2023/10/15;1300 UTC;0;970,7;971,5;970,7;1228,9;23,4;17;23,6;21;19,5;16,8;88;66;67;97;6,1;2,5;
2023/10/15;1400 UTC;0;970,2;970,7;970,2;1431,2;24,4;17,4;24,8;23,2;18,2;16,7;70;63;65;146;5,6;1,5;
2023/10/15;1500 UTC;0;969,6;970,2;969,6;1249,6;24,6;17,8;25,1;23,9;18,6;17,3;72;63;66;263;4,2;2,7;
2023/10/15;1600 UTC;0;968,3;969,6;968,3;1956,9;26;18;26,2;24,4;18,9;17,7;68;61;61;255;4,3;1,8;
2023/10/15;1700 UTC;0;967,6;968,3;967,6;1759,4;26,8;18,5;26,8;25,9;18,9;17,8;63;60;60;257;4,2;2,2;
2023/10/15;1800 UTC;0;967,4;967,6;967,4;767,8;26,7;18,6;26,8;26,2;18,8;18;62;60;61;89;4;1,4;
2023/10/15;1900 UTC;0;967,4;967,5;967,3;536,9;26,2;19,4;26,7;26;19,6;18,4;67;61;66;34;4,6;1,2;
2023/10/15;2000 UTC;0;967,6;967,6;967,4;330,2;25,8;18,5;26,4;25,8;19,6;18,5;67;63;64;116;5,8;3,2;
2023/10/15;2100 UTC;0;967,9;968;967,6;93,7;25,1;19;25,9;25,1;19;18,5;69;64;69;122;5,4;2,9;
2023/10/15;2200 UTC;0;968,1;968,1;967,9;;24,4;19,1;25,1;24,4;19,1;18,9;72;69;72;103;4,5;2;
2023/10/15;2300 UTC;0;968,5;968,5;968;;24,1;18,9;24,5;24,1;19,2;18,9;74;72;73;106;3,8;2,2;
2023/10/16;0000 UTC;0;969,1;969,1;968,5;;23,5;18,8;24,1;23,5;19;18,7;75;72;75;100;3,8;,5;
2023/10/16;0100 UTC;0;969,6;969,6;969,1;;23,3;19,1;23,7;23,3;19,1;18,9;78;75;77;112;3,7;1,8;
2023/10/16;0200 UTC;0;969,3;969,7;969,3;;22,9;19,1;23,3;22,9;19,1;19;79;77;79;128;3,4;1,9;
2023/10/16;0300 UTC;0;968,6;969,3;968,6;;22,7;19,3;22,9;22,7;19,4;19,1;81;79;81;113;3,4;2;
2023/10/16;0400 UTC;0;967,9;968,6;967,9;;22,3;20,5;22,7;22,3;20,5;19,2;89;81;89;106;3,8;2,4;
2023/10/16;0500 UTC;0;967,2;968;967,2;;22;21,3;22,3;22;21,3;20,4;96;89;96;85;3,8;1,7;
2023/10/16;0600 UTC;0;966,9;967,2;966,9;;21,6;21,5;22;21,6;21,7;21,4;100;96;99;87;3;1,4;
2023/10/16;0700 UTC;0;967;967;966,7;;21,1;21,6;21,6;21,1;21,7;21,5;;99;;70;2,6;1,1;
2023/10/16;0800 UTC;0;967,5;967,6;967;;21,1;21,5;21,3;21,1;21,6;21,5;;;;89;1,9;,4;
2023/10/16;0900 UTC;0;967,9;967,9;967,5;58,2;21,1;21,3;21,2;21;21,7;21,3;;;;108;3,6;2,3;
2023/10/16;1000 UTC;0;968,7;968,7;967,9;552,2;22,2;21,3;22,2;21,1;21,6;21,1;;94;95;98;3,9;1,4;
2023/10/16;1100 UTC;0;969,6;969,6;968,7;1195;24,4;20,1;24,4;22,2;21,9;19,8;95;77;77;89;3,9;1,2;
2023/10/16;1200 UTC;0;969,3;969,7;969,3;2560,9;25,4;18,6;26;24;20,3;18,3;83;64;66;58;4;1,6;
2023/10/16;1300 UTC;0;968,4;969,2;968,4;2111,2;26,8;19,5;26,8;24,9;19,6;18;70;63;64;18;3,5;1,7;
2023/10/16;1400 UTC;0;967,4;968,4;967,4;3427,2;27,8;19,3;28,7;26,3;19,9;18,1;65;56;60;132;3,6;1,4;
2023/10/16;1500 UTC;0;966;967,4;966;3571,6;29,4;19,7;29,8;27,8;20,4;18,3;61;54;56;73;5,1;1,6;
2023/10/16;1600 UTC;0;964,5;966;964,5;3479,6;30,9;19,4;31,7;28,9;21;19,1;57;49;50;56;5;1,9;
2023/10/16;1700 UTC;0;963;964,5;963;3053,5;31,7;18,5;32,8;30,7;20,4;18,5;53;45;46;132;4,9;2,3;
2023/10/16;1800 UTC;0;962,4;963;962,4;2548,7;33,2;18,3;33,3;31,7;19,8;17,7;47;41;41;86;4,8;1,2;
2023/10/16;1900 UTC;0;962,2;962,4;962,2;1755,8;32,4;18,6;33,5;32,3;19,2;17,8;45;41;44;130;5,3;2,5;
2023/10/16;2000 UTC;0;962,5;962,5;962,2;833,9;31,4;19,5;33;31,4;19,7;18,4;49;42;49;116;8,5;5,3;
2023/10/16;2100 UTC;0;963,6;963,7;962,5;76,5;27,4;19,5;31,4;27,4;19,9;17,3;62;48;62;39;8,5;2,9;
2023/10/16;2200 UTC;,8;964,3;964,3;963,6;;24,1;23;27,4;24,1;23;19,6;93;62;93;310;4,9;1,1;
2023/10/16;2300 UTC;0;964,3;964,5;964,2;;23,7;23,3;24,9;23,4;24,5;22,5;;87;97;65;3,2;1,5;
2023/10/17;0000 UTC;0;964,4;964,4;964,3;;24,3;22,5;24,3;23,1;23,5;22,5;;90;90;90;2,7;,8;
2023/10/17;0100 UTC;0;964,9;964,9;964,4;;22,3;23;24,4;22,3;23,4;21,8;;86;;351;2,4;1,7;
2023/10/17;0200 UTC;0;965,1;965,3;964,9;;22,3;22,9;23,7;22,2;23,5;22,6;;94;;326;2,7;1,2;
2023/10/17;0300 UTC;0;965,5;965,5;965,1;;22,1;22,7;23,2;22,1;23,1;22,5;;99;;282;1,5;,8;
2023/10/17;0400 UTC;0;964,7;965,5;964,6;;22,1;22,6;22,6;21,6;23,1;22,3;;;;184;2,4;,9;
2023/10/17;0500 UTC;0;964,5;964,8;964,4;;21,3;;22,3;21,3;23;22;;;;314;2,6;1,7;
2023/10/17;0600 UTC;,8;966,8;966,8;964,5;;20,4;21;23,1;20,1;;;;;;251;23,2;8;
2023/10/17;0700 UTC;,2;966,7;967;966,6;;22,7;17;22,9;20,4;21;17;;69;70;244;14,8;5,7;
2023/10/17;0800 UTC;0;967,2;967,2;966,6;;22,3;16,6;23,3;22,3;17,3;16,2;74;65;70;261;12,9;8,6;
2023/10/17;0900 UTC;,6;968,2;968,3;967,1;;20,1;20,1;22,4;20;20,1;16,5;100;70;100;308;12,9;1,2;
2023/10/17;1000 UTC;1,4;968;968,5;968;63,5;20,1;20,7;20,6;19,8;20,7;20;;97;;102;4,6;2,8;
2023/10/17;1100 UTC;0;967,7;968,1;967,4;373,5;20,7;21,3;20,7;20,1;21,4;20,8;;;;121;5,5;2,5;
2023/10/17;1200 UTC;,2;966,4;967,7;966,4;1066,4;21,7;21,1;21,9;20,7;21,5;20,4;;92;96;255;4,6;1,4;
2023/10/17;1300 UTC;0;964,5;966,4;964,5;2182,3;23,8;18,7;24,4;21,7;21,7;18;98;70;73;328;2,6;,7;
2023/10/17;1400 UTC;0;963,7;964,5;963,7;1780,7;24,8;18,1;24,9;23,6;20,4;17,9;82;65;66;260;4,7;1,4;
2023/10/17;1500 UTC;,2;963,2;963,7;963,1;2162,8;26,7;18,7;26,8;24,8;20,3;18,1;73;61;61;305;3,5;1,7;
2023/10/17;1600 UTC;0;962,7;963,2;962,6;2530,4;28,9;18,2;29,2;26,4;19,6;17,2;66;50;53;246;3,6;1,1;
2023/10/17;1700 UTC;0;961,9;962,7;961,9;2279,4;32,2;19;32,2;28,8;19;16,9;53;42;46;278;4,5;2,1;
2023/10/17;1800 UTC;0;961,6;961,9;961,5;2538;32,2;18,4;32,5;31,1;19,5;17,3;49;41;44;78;4,5;2,2;
2023/10/17;1900 UTC;0;961,5;961,8;961,5;1559,7;31,4;19,3;32,3;31,2;19,4;17,9;50;44;49;45;4,6;1,3;
2023/10/17;2000 UTC;0;961,9;962;961,5;667,5;30,3;18,2;32,3;30,3;20,5;17,3;51;43;48;305;4,7;1,2;
2023/10/17;2100 UTC;0;963,3;963,3;961,9;198,1;29,2;19,9;30,5;29,2;20;17,9;57;47;57;20;2,1;1,2;
2023/10/17;2200 UTC;0;964,1;964,1;963,3;;27,5;21;29,2;27;21,5;19,9;71;57;68;103;4,8;2;
2023/10/17;2300 UTC;0;965,2;965,2;964,1;;27;18,3;27,5;26,8;21;18,3;68;59;59;89;4,6;2,3;
2023/10/18;0000 UTC;0;966;966;965,2;;25,8;19,1;27;24,9;20,2;18,4;75;59;66;22;3,2;1,2;
2023/10/18;0100 UTC;3,2;967,1;967,3;965,9;;22,6;21,5;26,2;22,5;21,7;17,5;95;59;93;46;7,9;3,2;
2023/10/18;0200 UTC;0;967,6;967,6;966,7;1;22,1;21,9;22,7;21,5;22;21,3;;92;98;85;6,4;1;
2023/10/18;0300 UTC;2,4;967,3;967,9;967,2;;20,8;21,4;22,1;20,8;22,1;21,4;;98;;312;6,2;,6;
2023/10/18;0400 UTC;0;966,3;967,4;966,3;;21;21,6;21,2;20,8;21,9;21,4;;;;108;3,6;2,2;
2023/10/18;0500 UTC;0;965,3;966,3;965,2;;20,4;21;21;20,1;21,6;20,8;;;;68;4,2;1;
2023/10/18;0600 UTC;0;964,8;965,5;964,7;;20,2;;20,4;20,1;;;;;;304;2,2;,7;
2023/10/18;0700 UTC;0;965;965,1;964,8;;19,9;;20,2;19,9;;;;;;320;3,2;1,4;
2023/10/18;0800 UTC;0;965,1;965,1;964,9;;20;;20;19,8;;;;;;323;2,3;,9;
2023/10/18;0900 UTC;0;965,9;965,9;965,1;28,2;20,3;;20,4;20;;;;;;326;2;1,1;
2023/10/18;1000 UTC;0;966,5;966,5;965,9;175,9;21,3;;21,3;20,1;;;;;;14;2;1;
2023/10/18;1100 UTC;0;967,2;967,2;966,5;365;21,5;22,1;21,6;21,2;;;;;;77;3,8;2,4;
2023/10/18;1200 UTC;0;967,3;967,4;967,2;843,2;23;23,1;23;21,5;23,2;22,1;;99;100;73;4,2;2,2;
2023/10/18;1300 UTC;0;967,1;967,3;967,1;1181,1;24,2;22,1;24,2;22,6;22,9;21,5;100;87;88;61;4,6;2,5;
2023/10/18;1400 UTC;0;966,9;967,2;966,8;2100,4;24,9;19,2;25,1;23,9;22,1;18,7;88;69;71;63;5,5;1,9;
2023/10/18;1500 UTC;0;966,3;966,9;966,3;3132,9;25,8;18,3;26,7;24,8;20,5;18;75;62;63;101;5,5;2,5;
2023/10/18;1600 UTC;,2;965,5;966,3;965,5;3284,4;27,2;18,7;27,8;25,8;19,7;18;65;57;60;71;5,8;2,6;
2023/10/18;1700 UTC;0;965;965,5;965;933,6;26,4;18,6;27,3;26,3;19,2;18;63;59;62;103;6,7;3,4;
2023/10/18;1800 UTC;0;964,8;965;964,7;862,5;25,6;18,4;26,6;25,6;18,9;18;65;60;65;99;9,3;4,3;
2023/10/18;1900 UTC;0;965,1;965,1;964,8;446,4;24,3;18,6;25,6;24,3;18,8;18,2;71;65;71;79;7,5;3,8;
2023/10/18;2000 UTC;0;965,7;965,7;965,1;177,5;23,4;18,6;24,3;23,4;18,9;18,3;75;71;74;56;7,7;3,1;
2023/10/18;2100 UTC;0;966,3;966,3;965,7;25,9;22,8;18,5;23,4;22,8;18,6;17,9;77;72;77;58;6,2;2,9;
2023/10/18;2200 UTC;0;967,1;967,1;966,3;;22,2;18,1;22,8;22,2;18,6;18,1;78;77;78;60;5,8;2,9;
2023/10/18;2300 UTC;0;967,8;967,8;967,1;;21,9;18,1;22,2;21,9;18,2;18,1;80;77;80;65;5,5;2,6;
2023/10/19;0000 UTC;0;968,6;968,6;967,8;;21,5;18;21,9;21,5;18,1;17,9;81;79;81;67;6,1;2,3;
2023/10/19;0100 UTC;0;968,8;968,8;968,5;;21,2;18,6;21,5;21,2;18,8;18;85;81;85;50;4,3;2,4;
2023/10/19;0200 UTC;0;968,6;968,9;968,6;;21,1;18;21,2;21,1;19;18;88;82;83;52;4,9;2,3;
2023/10/19;0300 UTC;0;967,8;968,6;967,8;;20,9;18;21,1;20,8;18,4;17,8;85;82;84;66;4,6;1,7;
2023/10/19;0400 UTC;0;967,4;967,8;967,4;;20,7;20,4;20,9;20,7;20,4;18;98;84;98;85;3;1,5;
2023/10/19;0500 UTC;0;966,9;967,4;966,9;;20,4;20,4;20,7;20,4;20,5;20,3;100;98;100;67;3,6;1,9;
2023/10/19;0600 UTC;0;966,5;966,9;966,4;;20,2;20,4;20,4;20,2;20,5;20,3;;100;;65;3,8;1,7;
2023/10/19;0700 UTC;0;966,5;966,6;966,4;;19,7;20,3;20,2;19,7;20,5;20,3;;;;50;3,9;2,5;
2023/10/19;0800 UTC;0;966,8;966,8;966,3;;19,6;20,2;19,7;19,6;20,3;20,2;;;;60;4,3;2;
2023/10/19;0900 UTC;0;967,4;967,4;966,8;25,2;19,6;20,1;19,6;19,5;20,2;20;;;;73;4,7;2;
2023/10/19;1000 UTC;0;968,5;968,5;967,4;152,8;19,7;19,9;19,8;19,6;20,1;19,7;;;;66;5,2;2,2;
2023/10/19;1100 UTC;0;968,8;968,8;968,5;384,9;20;20;20;19,7;20,3;19,9;;100;100;65;5,4;3,2;
2023/10/19;1200 UTC;0;969,4;969,4;968,8;935,7;21,1;20,3;21,1;20;20,3;19,7;100;93;95;71;6;2,8;
2023/10/19;1300 UTC;0;969,2;969,5;969,2;1438,1;22,3;18,8;22,5;21,1;20,2;17,2;95;74;81;55;5,3;2,8;
2023/10/19;1400 UTC;0;969;969,3;969;1798,5;23,6;16,7;23,7;22,1;19,1;16,5;84;65;65;62;5;2,4;
2023/10/19;1500 UTC;0;968,5;969;968,5;1956,9;24,1;17;24,2;22,8;17,5;16,2;69;64;65;59;5,1;2,1;
2023/10/19;1600 UTC;0;967,7;968,5;967,7;1965;24,5;16,7;24,7;23,7;17,2;16,2;66;61;62;67;6,5;3;
2023/10/19;1700 UTC;0;967;967,7;967;1232,7;23,5;17,3;24,7;23,2;17,5;16,5;69;61;68;115;7,1;4,5;
2023/10/19;1800 UTC;0;966,9;967;966,8;1024,3;22,7;17,1;23,6;22,6;17,5;16,7;71;67;71;123;8,3;4,9;
2023/10/19;1900 UTC;0;967;967;966,8;394,7;21,3;16,7;22,7;21,3;17,2;16,6;75;71;75;101;8,3;4,6;
2023/10/19;2000 UTC;0;967,6;967,6;967;116,2;19,5;19;21,3;19,5;19;16,5;97;75;97;96;8,3;4;
2023/10/19;2100 UTC;0;968;968;967,6;29,3;19,3;19,4;19,5;19,1;19,6;18,9;;97;;57;7,3;2,5;
2023/10/19;2200 UTC;0;968,5;968,5;968;;18,6;18,9;19,3;18,5;19,4;18,8;;99;;61;5,8;2,8;
2023/10/19;2300 UTC;0;969,2;969,3;968,5;;18,6;18,5;18,6;18,3;19;18,5;;99;99;48;5,6;2,1;
2023/10/20;0000 UTC;0;969,2;969,2;969;;18;18,6;18,6;18;18,7;18,3;;98;;30;4,7;2,2;
2023/10/20;0100 UTC;0;969,7;969,7;969,1;;18,4;18,4;18,4;18;18,7;18,4;;100;100;41;4;1,8;
2023/10/20;0200 UTC;0;969,3;969,8;969,3;;18,5;17,8;18,6;18,4;18,5;17,8;100;96;96;67;4,6;2,8;
2023/10/20;0300 UTC;0;969,1;969,4;969,1;;18,3;17,8;18,5;18,3;18,1;17,8;98;96;97;63;4,6;2,1;
2023/10/20;0400 UTC;0;968,4;969,1;968,4;;18,3;18,1;18,3;18,2;18,2;17,9;100;97;99;63;3,8;2,1;
2023/10/20;0500 UTC;0;967,7;968,4;967,7;;18,2;18,1;18,4;18,2;18,2;18;100;98;99;63;4;2;
2023/10/20;0600 UTC;0;967,2;967,7;967,2;;18,1;18,5;18,2;18;18,5;18,1;;99;;104;4,2;1,9;
2023/10/20;0700 UTC;0;967;967,3;967;;18,1;18,6;18,2;18;18,6;18,5;;;;115;4;2,6;
2023/10/20;0800 UTC;0;967,1;967,2;967;;18;18,6;18,1;18;18,7;18,6;;;;71;4;1,5;
2023/10/20;0900 UTC;0;967,7;967,7;967;7,9;17,9;18,5;18,2;17,9;18,8;18,5;;;;103;3,6;2,4;
2023/10/20;1000 UTC;0;968,4;968,4;967,7;55,9;18;18,6;18;17,8;18,6;18,4;;;;82;4;2;
2023/10/20;1100 UTC;0;968,8;968,9;968,4;152,8;18;;18,2;17,9;18,8;18,5;;;;108;4,6;2,6;
2023/10/20;1200 UTC;0;969,4;969,4;968,8;483,4;19;18,6;19,1;17,9;;;;;97;114;5;2,7;
2023/10/20;1300 UTC;0;969,2;969,4;969,2;800,2;19,5;18,4;19,8;19;19,2;18,3;99;93;93;78;4,5;2,3;
2023/10/20;1400 UTC;0;968,9;969,2;968,9;1054,5;20,5;18,6;20,5;19,5;18,9;18,2;94;87;89;70;4,6;2,5;
2023/10/20;1500 UTC;0;967,8;968,9;967,8;1894,1;21,6;15,8;22,1;20,4;19,1;15,7;89;68;69;73;5;2,9;
2023/10/20;1600 UTC;0;966,8;967,8;966,8;2012,6;22,6;15,8;23,5;21,4;17,3;15,4;74;65;66;70;6;3;
2023/10/20;1700 UTC;0;966,4;966,8;966,4;1789,7;22,4;15,9;23,2;22,3;16,5;15,7;69;63;67;65;6,6;3;
2023/10/20;1800 UTC;0;966,3;966,4;966,3;612,9;21,9;16,4;22,6;21,8;16,6;15,8;71;67;71;45;5,2;2,7;
2023/10/20;1900 UTC;0;966,1;966,3;966,1;245,3;21,2;16,4;22,1;21,2;16,7;16,2;74;70;74;78;5,3;3;
2023/10/20;2000 UTC;0;966,9;966,9;966,1;50,8;19,1;19,7;21,2;19,1;19,9;16,4;;74;;76;5,9;2,4;
2023/10/20;2100 UTC;0;967,4;967,4;966,9;26,1;18,9;;19,1;18,9;;;;;;46;4,6;2,4;
2023/10/20;2200 UTC;0;967,9;967,9;967,4;;18,7;;19,1;18,7;;;;;;54;5,6;3;
2023/10/20;2300 UTC;0;968,4;968,4;967,9;;18,6;;18,7;18,5;;;;;;52;5,6;2,4;
2023/10/21;0000 UTC;0;968,7;968,7;968,4;;18,6;19,2;18,6;18,5;19,3;19,2;;;;43;4,8;1,5;
2023/10/21;0100 UTC;0;969,1;969,1;968,7;;18,5;19,2;18,6;18,4;;;;;;52;3,9;1,9;
2023/10/21;0200 UTC;0;968,6;969,1;968,6;;18,5;19,1;18,6;18,5;19,2;19,1;;;;62;3,7;1,8;
2023/10/21;0300 UTC;0;967,8;968,6;967,7;;18,4;19;18,5;18,4;19,1;19;;;;98;3,6;2,1;
2023/10/21;0400 UTC;0;967,3;967,8;967,3;;18,5;19,1;18,5;18,4;19,2;19;;;;116;4,3;2,3;
2023/10/21;0500 UTC;0;967,1;967,3;967,1;0;18,4;19,1;18,5;18,4;19,1;19;;;;119;3,4;1,6;
2023/10/21;0600 UTC;0;967;967,1;966,9;;18,5;19,1;18,5;18,4;19,1;19;;;;86;2,9;1;
2023/10/21;0700 UTC;0;967,2;967,2;967;;18,3;;18,5;18,3;19,1;18,9;;;;18;1,7;,8;
2023/10/21;0800 UTC;0;967,4;967,4;967,2;;18;;18,3;17,9;;;;;;68;3,4;2;
2023/10/21;0900 UTC;0;967,7;967,7;967,4;19,4;17,9;;18,1;17,9;;;;;;72;3,6;2,1;
2023/10/21;1000 UTC;0;968,6;968,6;967,7;151,8;18,4;;18,4;17,9;;;;;;75;3,7;2;
2023/10/21;1100 UTC;0;969,1;969,1;968,6;395,2;18,9;19,5;19;18,4;19,6;19;;;;55;4,1;1,6;
2023/10/21;1200 UTC;0;969,3;969,4;969,1;662,6;19,5;19,4;19,6;18,9;19,8;19,1;;98;99;69;4,1;2,3;
2023/10/21;1300 UTC;0;969,1;969,3;969,1;833,8;20,6;19,2;20,7;19,5;19,8;18,8;100;89;91;102;4,9;2,3;
2023/10/21;1400 UTC;0;968,8;969,1;968,8;2083,3;22,5;17,2;22,7;20,5;19,6;17,2;93;71;72;77;5,5;2,4;
2023/10/21;1500 UTC;0;968,3;968,8;968,3;2393,9;23,3;17;23,6;21,9;17,8;16;75;66;68;80;5,5;2,4;
2023/10/21;1600 UTC;0;967,5;968,3;967,5;889,1;22;19,4;23,5;21,9;19,5;16,2;85;65;85;358;5;3;
2023/10/21;1700 UTC;0;967;967,5;967;783,5;22,2;17,8;22,8;21,9;19,7;17,4;86;73;76;358;4,7;2,1;
2023/10/21;1800 UTC;0;966,8;967;966,8;572,5;22,2;19,1;22,7;22,2;19,7;17,5;84;74;82;15;3,8;1,9;
2023/10/21;1900 UTC;0;967,1;967,1;966,8;220,7;22,1;17,4;22,3;22,1;19,9;17,1;87;73;75;69;5,5;3;
2023/10/21;2000 UTC;0;967,7;967,7;967,1;127,3;21,8;19;22,2;21,8;19,1;17,4;85;74;84;88;5,9;3,2;
2023/10/21;2100 UTC;0;968,2;968,2;967,7;26,7;21,1;19,2;21,8;21,1;19,3;19;89;84;89;100;6,4;3,3;
2023/10/21;2200 UTC;0;968,5;968,5;968,2;;20,6;19,3;21,1;20,6;19,3;19,1;92;88;92;85;5,9;2,6;
2023/10/21;2300 UTC;0;969,1;969,1;968,5;;19,6;19,8;20,6;19,6;19,9;19,2;;92;;75;6,5;2,6;
2023/10/22;0000 UTC;0;969,6;969,6;969,1;;19;;19,6;19;;;;;;22;4,5;2,1;
2023/10/22;0100 UTC;0;969,9;969,9;969,6;;19,1;;19,1;18,9;;;;;;16;3,1;1,4;
2023/10/22;0200 UTC;0;969,8;969,9;969,8;;19,3;19,9;19,4;19,1;20;19,8;;;;64;2,4;1,1;
2023/10/22;0300 UTC;0;969,1;969,8;969,1;;19,2;19,8;19,4;19,2;20;19,8;;;;51;3,6;2,4;
2023/10/22;0400 UTC;0;968,6;969,1;968,6;;19,1;19,7;19,2;19,1;19,8;19,7;;;;61;3,7;1,4;
2023/10/22;0500 UTC;0;967,9;968,6;967,9;;19;19,6;19,1;19;19,8;19,6;;;;68;3;2;
2023/10/22;0600 UTC;0;967,8;967,9;967,7;;18,9;19,5;19;18,9;19,7;19,5;;;;70;3,3;2;
2023/10/22;0700 UTC;0;967,7;967,8;967,7;;18,7;19,4;18,9;18,7;19,5;19,3;;;;101;4;2;
2023/10/22;0800 UTC;0;968,1;968,1;967,7;;18,5;;18,8;18,5;19,4;19,1;;;;84;3,9;1,6;
2023/10/22;0900 UTC;0;968,4;968,4;968,1;22,4;18,6;19,3;18,7;18,4;;;;;;91;4,1;2,2;
2023/10/22;1000 UTC;0;968,9;968,9;968,4;199,9;19,1;19,4;19,2;18,6;19,7;19,3;;;;89;3,9;2,3;
2023/10/22;1100 UTC;0;968,9;969;968,9;838,2;20,8;19,8;20,8;19,1;19,9;19,3;;93;94;92;5;2,3;
2023/10/22;1200 UTC;0;968,7;969;968,7;1770,1;22,1;17,1;22,9;20,4;19,7;15,6;94;66;73;77;4,9;2,4;
2023/10/22;1300 UTC;0;968,1;968,7;968;1754,4;23;16,7;23,1;21,8;17,7;15,8;74;65;68;139;5,7;1,8;
2023/10/22;1400 UTC;0;967,3;968,1;967,3;1444,4;23,7;16,1;23,9;22,4;17,2;15,8;70;62;63;107;4,3;1,8;
2023/10/22;1500 UTC;0;966,6;967,3;966,6;1568,3;24,4;16,1;24,7;23,4;17,1;15,8;65;60;60;103;3,7;1,7;
2023/10/22;1600 UTC;0;965,7;966,6;965,7;1643,8;25,5;16,8;25,7;24,2;17,8;16,1;63;58;59;54;3,8;1,6;
2023/10/22;1700 UTC;0;964,8;965,7;964,8;2307,5;27;17;27,1;25,1;18;16,5;61;54;54;61;3,9;1,7;
2023/10/22;1800 UTC;0;964;964,8;964;1820,1;27,2;17,5;27,5;25,7;18;16,6;61;54;56;93;6,5;2,9;
2023/10/22;1900 UTC;0;964,1;964,2;964;943,2;26,4;17,8;27,2;26,2;18,1;16,8;59;54;59;107;6,5;3,6;
2023/10/22;2000 UTC;0;964,7;964,7;964,1;643,9;25,8;17,6;26,6;25,8;18,1;17,3;61;58;61;100;6,6;3,8;
2023/10/22;2100 UTC;0;965,3;965,3;964,7;137,7;24,1;17,7;25,8;24,1;17,9;17,5;68;61;68;102;8,1;4,5;
2023/10/22;2200 UTC;0;966,3;966,3;965,3;;22,4;17,7;24,1;22,4;17,7;17,6;75;68;75;89;8,6;3,5;
2023/10/22;2300 UTC;0;967;967;966,3;;21,7;17,4;22,4;21,7;17,8;17,4;77;74;77;93;9,8;5,8;
2023/10/23;0000 UTC;0;967,6;967,6;967;;21,3;17,3;21,7;21,3;17,5;17,3;79;77;78;97;9,8;3,9;
2023/10/23;0100 UTC;0;967,9;968;967,6;;20,9;17,2;21,3;20,9;17,4;17,2;80;78;80;84;7,3;2,8;
2023/10/23;0200 UTC;0;967,7;968;967,7;;20,4;18,6;20,9;20,3;19,5;17,2;95;79;89;78;5,5;1,6;
2023/10/23;0300 UTC;0;967;967,7;967;;20,3;18,6;20,5;20,3;19,2;17,5;93;83;90;58;3,9;1;
2023/10/23;0400 UTC;0;966,3;967;966,3;;20,1;17,9;20,3;20,1;19,5;17,6;96;85;87;94;2,2;1,2;
2023/10/23;0500 UTC;0;965,6;966,3;965,6;;19,9;19,7;20,2;19,9;19,7;17,4;99;84;99;57;2,1;1,2;
2023/10/23;0600 UTC;0;964,8;965,6;964,8;;19,8;19,8;19,9;19,7;20;19,7;;99;100;77;2,1;1,3;
2023/10/23;0700 UTC;0;964,7;964,8;964,4;;19,8;19,7;19,8;19,7;19,9;19,6;;99;100;101;2,8;1,4;
2023/10/23;0800 UTC;0;965,2;965,2;964,7;;19,6;20,2;19,9;19,6;20,2;19,7;;99;;353;2,3;,8;
2023/10/23;0900 UTC;0;965,8;965,8;965,2;12,9;19,6;20,2;19,6;19,4;20,2;20,1;;;;15;2,3;1,1;
2023/10/23;1000 UTC;0;966;966;965,8;151,3;20,1;20,2;20,1;19,6;20,4;20;;100;;32;2,5;1,4;
2023/10/23;1100 UTC;0;966,1;966,2;966;687,2;21,2;20,1;21,4;20,1;20,6;20;;93;93;79;2,7;1,6;
2023/10/23;1200 UTC;0;965,9;966,1;965,8;1384,8;22,6;19,9;22,6;21,1;20,7;19,4;94;84;85;78;3,8;1,3;
2023/10/23;1300 UTC;0;965,5;966,1;965,4;2477,5;24,3;17,4;24,5;22,4;20,6;17;86;65;65;56;4,2;1,3;
2023/10/23;1400 UTC;0;964,7;965,5;964,7;2590,2;25,8;17,4;26,6;24;18,6;17;67;59;60;284;4,2;1,3;
2023/10/23;1500 UTC;0;963,5;964,7;963,5;3580;27,2;17,5;28;25,8;19;17,3;61;55;55;112;4,3;2,7;
2023/10/23;1600 UTC;0;962,1;963,5;962,1;3577,7;28,9;18,3;28,9;27,1;19,3;17,5;59;52;53;336;4,3;1,5;
2023/10/23;1700 UTC;0;961,4;962,1;961,4;3173,1;30,2;17,8;30,6;28,8;19,3;17,5;55;47;48;106;4,8;1,7;
2023/10/23;1800 UTC;0;960,6;961,4;960,6;2702;31,8;18,2;31,8;30,1;18,7;16,7;49;41;44;92;4,3;1,8;
2023/10/23;1900 UTC;0;960,8;960,8;960,6;1836,4;31,2;16,5;32,2;31;18,8;16,1;46;39;41;49;4,3;1,7;
2023/10/23;2000 UTC;0;961,2;961,2;960,7;958,1;31;17,4;31,6;31;18,2;16,5;46;41;44;80;5,4;2,9;
2023/10/23;2100 UTC;0;961,7;961,7;961,2;253;28,7;18,3;31;28,7;18,4;17,3;53;44;53;106;7,8;4,3;
2023/10/23;2200 UTC;0;962,4;962,4;961,7;;26,8;18,8;28,7;26,8;18,8;18,3;62;53;62;90;7;2,3;
2023/10/23;2300 UTC;0;963,4;963,4;962,4;;25,5;18,7;26,8;25,4;18,8;18,5;66;62;66;70;3,7;1,4;
2023/10/24;0000 UTC;0;963,5;963,5;963,4;;24,4;18,9;25,5;24,3;18,9;18,7;72;66;71;94;4,6;2,3;
2023/10/24;0100 UTC;0;963,5;963,5;963,3;;23,3;18,9;24,4;23,3;19;18,8;76;71;76;103;4,3;1,5;
2023/10/24;0200 UTC;0;963,2;963,5;963,2;;22,4;20,1;23,4;22;21,7;18,4;97;76;87;33;2,7;1,5;
2023/10/24;0300 UTC;0;962,5;963,2;962,5;;22,2;19;22,6;22,2;19,9;19;87;81;82;49;2,6;1,4;
2023/10/24;0400 UTC;0;961,9;962,5;961,9;;21,3;21,7;22,2;21;21,7;19;;82;;15;2,6;1,8;
2023/10/24;0500 UTC;0;961,3;961,9;961,3;;20,8;21,4;21,3;20,6;21,7;21,2;;;;146;2,2;,2;
2023/10/24;0600 UTC;0;960,9;961,3;960,9;;20;20,7;21,2;20;21,7;20,7;;;;94;1,3;,3;
2023/10/24;0700 UTC;0;960,6;960,9;960,6;;20;;20,5;19,5;;;;;;83;2,6;2;
2023/10/24;0800 UTC;0;960,8;960,9;960,6;;19,4;;20;19,3;;;;;;47;2,6;,7;
2023/10/24;0900 UTC;0;961;961;960,7;96,5;20;;20;19,4;;;;;;113;2;,7;
2023/10/24;1000 UTC;0;961,4;961,4;961;768,9;21,3;;21,4;20;;;;;;298;1,3;,7;
2023/10/24;1100 UTC;0;961;961,4;961;1235;23,1;22,2;23,1;21,3;23,2;21,9;;95;95;82;2,3;1;
2023/10/24;1200 UTC;0;960,3;961,1;960,3;2050;25,6;21,3;25,6;22,8;22,7;18,8;96;69;77;98;2,8;1,5;
2023/10/24;1300 UTC;0;959,9;960,4;959,9;2898,5;27,2;18,8;27,9;25,5;20,3;18,5;77;59;60;229;3,9;1,4;
2023/10/24;1400 UTC;0;958,9;959,9;958,9;3261,3;29,7;18,6;30,5;27,2;21,2;18,2;63;51;51;58;3,5;1,4;
2023/10/24;1500 UTC;0;957,8;958,9;957,8;3664,3;31,9;17,9;32;29,4;19,9;17,9;54;43;43;35;3,9;1,7;
2023/10/24;1600 UTC;0;956,7;957,7;956,7;3343;33,3;17,5;33,7;31,2;19,6;17,5;47;39;39;120;4,5;,9;
2023/10/24;1700 UTC;0;955,7;956,7;955,7;2981;34,3;17,4;35,4;33;18,8;16,7;42;34;37;270;3,9;1,9;
2023/10/24;1800 UTC;0;955;955,7;955;2179,2;34,8;17,3;35;33,9;19,1;16,8;40;35;35;60;3,4;1,7;
2023/10/24;1900 UTC;0;954,7;955;954,7;1773,7;35,5;17,2;35,6;34,6;18,2;16,6;38;33;34;65;3,4;1,5;
2023/10/24;2000 UTC;0;954,9;954,9;954,7;869,4;34,5;18,1;35,5;34,5;18,6;16,6;39;33;38;44;3,2;1,3;
2023/10/24;2100 UTC;0;956,4;956,4;954,9;147,2;31,2;16,7;34,5;31,2;20,8;16,4;53;37;42;276;14,9;6,3;
2023/10/24;2200 UTC;0;956,5;956,5;956,2;;28,3;16,9;31,2;28,2;17,1;14,9;51;40;50;285;14,9;,8;
2023/10/24;2300 UTC;0;957,1;957,1;956,5;;26,5;17,1;28,6;26,5;17,3;16,7;56;49;56;327;4;2,7;
2023/10/25;0000 UTC;0;958,3;958,3;957,1;;25,2;17,4;26,5;25,1;17,6;16,7;62;55;62;349;3,8;2,2;
2023/10/25;0100 UTC;0;959,2;959,2;958,2;;26,6;17,8;26,6;25,1;18;16,6;63;56;59;115;5;2,6;
2023/10/25;0200 UTC;0;959,8;959,9;959,2;;25,8;17,8;27,5;25,7;18;17;62;53;61;259;13,2;6,2;
2023/10/25;0300 UTC;0;959,1;959,8;959,1;;25,4;18;25,8;24,8;18,5;18;68;61;64;196;10;2,7;
2023/10/25;0400 UTC;0;958,4;959,1;958,4;;23,7;18,7;25,4;23,6;18,8;18;74;64;74;352;4,8;,7;
2023/10/25;0500 UTC;0;957,9;958,4;957,8;;22,8;18,8;24;22,7;18,8;18,5;78;72;78;81;2,1;,9;
2023/10/25;0600 UTC;0;958;958;957,8;;21,4;21,5;23;21,4;21,5;18,7;;78;;352;1,9;1,4;
2023/10/25;0700 UTC;0;958,1;958,2;958;;21,4;22;21,6;21,3;22,1;21,6;;;;321;1,9;1,2;
2023/10/25;0800 UTC;0;958,2;958,2;958;;21,3;21,8;21,4;21,1;22;21,7;;;;326;2;,8;
2023/10/25;0900 UTC;0;959,1;959,4;958,2;13;21,4;22;22,2;21,2;22,1;21,6;;99;;198;3,1;,5;
2023/10/25;1000 UTC;,2;959,6;959,6;959,1;78,2;21,3;;21,7;21,2;;;;;;7;3,2;1,7;
2023/10/25;1100 UTC;0;960,2;960,4;959,6;281,9;22,1;22,7;22,1;21,3;;;;;;204;2,7;,8;
2023/10/25;1200 UTC;0;959,8;960,2;959,7;733,7;23,6;23,2;23,6;22,1;23,7;22,7;;97;97;115;2,8;,8;
2023/10/25;1300 UTC;0;959,6;959,9;959,6;1738;25,5;20,3;25,6;23,6;23,6;20,2;97;73;73;95;4;1,6;
2023/10/25;1400 UTC;0;959,4;959,6;959,4;1105,4;25,5;20,4;25,8;25;21,9;19,2;82;67;73;38;3,5;2,3;
2023/10/25;1500 UTC;0;958,9;959,4;958,9;1061,4;26;22;26,2;25,4;23,2;19,4;86;68;79;54;4,9;2,3;
2023/10/25;1600 UTC;0;958,1;958,9;958,1;1251,6;26,7;20,3;26,7;25,9;21,8;19,3;79;66;68;89;5,4;3,1;
2023/10/25;1700 UTC;0;957,3;958,1;957,2;2368,6;27,9;19,8;28,4;26,2;21,1;19,8;71;61;61;84;8,1;3,5;
2023/10/25;1800 UTC;0;957,1;957,5;957,1;560,4;25,4;19,7;27,9;25,3;20,2;19,6;72;61;71;102;9,4;4,8;
2023/10/25;1900 UTC;10;957,7;958,8;957;264,8;21,9;;25,4;21,3;;;;;;142;8,4;3,2;
2023/10/25;2000 UTC;0;958,3;958,6;957,7;544,3;21,9;22,5;22,3;21,7;;;;;;56;5,5;2,8;
2023/10/25;2100 UTC;,2;958,9;959,1;958,3;113,3;21,6;22,3;22;21,6;22,6;22,1;;;;68;6,6;3,4;
2023/10/25;2200 UTC;0;959,6;959,6;958,9;3,5;21,3;22;21,6;21,3;22,3;22;;;;67;6,1;3,1;
2023/10/25;2300 UTC;0;960,2;960,2;959,6;,6;21,1;21,7;21,3;21;22;21,7;;;;70;7,3;2,6;
2023/10/26;0000 UTC;0;960,7;960,8;960,2;;20,6;;21,1;20,6;21,7;21,2;;;;77;6,1;2,7;
2023/10/26;0100 UTC;0;960,7;961;960,6;;20,3;20,9;20,6;20,3;;;;;;64;6;3,2;
2023/10/26;0200 UTC;0;960,4;960,8;960,4;;19,9;20,6;20,3;19,9;20,9;20,5;;;;106;6,2;2,6;
2023/10/26;0300 UTC;0;960,1;960,5;960,1;;20;20,4;20,1;19,9;20,7;20,1;;100;;119;5;1,9;
2023/10/26;0400 UTC;0;959,3;960,1;959,3;;19,8;20,4;20,1;19,8;20,6;20,4;;;;70;3,7;1,2;
2023/10/26;0500 UTC;0;958,4;959,3;958,4;;19,3;20;19,8;19,3;20,4;19,9;;;;72;2,2;1,5;
2023/10/26;0600 UTC;0;958,3;958,6;958,3;;19,6;20,2;19,6;19,3;20,3;20;;;;75;3;,7;
2023/10/26;0700 UTC;0;957,8;958,5;957,8;;19,5;;19,6;19,3;;;;;;58;2,1;1,5;
2023/10/26;0800 UTC;0;957,3;957,9;957,2;;19,5;;19,6;19,4;;;;;;89;2,7;1,4;
2023/10/26;0900 UTC;0;958,2;958,2;957,2;21,9;19,6;;19,6;19,5;;;;;;249;3,2;1,2;
2023/10/26;1000 UTC;0;959,5;959,5;958,1;62,5;19,6;;19,7;19,5;;;;;;294;2,4;1,5;
2023/10/26;1100 UTC;0;960,1;960,1;959,3;242,1;20,9;21,5;20,9;19,6;;;;;;337;2,4;,9;
2023/10/26;1200 UTC;0;960,2;960,3;959,8;1023,5;21,9;21,2;22,3;20,9;22,1;21;;94;96;75;4,1;1,3;
2023/10/26;1300 UTC;0;959,7;960,2;959,7;1430,7;23,3;20,3;23,5;21,9;22,1;19,9;98;81;83;91;3,7;1,7;
2023/10/26;1400 UTC;0;959;959,8;959;2085,9;24,4;20;24,9;23,1;21,9;18,9;89;71;76;130;4,5;2,3;
2023/10/26;1500 UTC;0;958,3;959,1;958,3;2626,6;26,3;19,9;26,3;24,3;21,3;18,5;83;64;68;28;4,5;1,2;
2023/10/26;1600 UTC;0;957,3;958,4;957,3;2005,5;26,3;19,1;27,1;26,1;20;18,5;68;62;65;75;3,6;1,9;
2023/10/26;1700 UTC;0;956,4;957,3;956,4;1529,8;26,8;19,3;27,1;26,2;19,9;18,8;67;62;64;327;3,5;1,4;
2023/10/26;1800 UTC;0;956;956,4;956;851;26,4;19,9;27,3;26;20,2;19;69;62;67;336;4,2;2,4;
2023/10/26;1900 UTC;0;955,8;956,2;955,7;445,3;25,9;19,9;26,7;25,7;20,1;19,3;71;65;70;6;4,3;1,2;
2023/10/26;2000 UTC;,8;956,5;956,5;955,7;213,9;23,7;20,5;26,1;23,7;23,6;19,8;98;69;82;91;7,4;4,5;
2023/10/26;2100 UTC;8,4;958,1;958,2;956,5;76,3;21,7;;23,7;21,4;;;;;;60;8,9;3,4;
2023/10/26;2200 UTC;0;958,8;958,8;958;4,4;21,4;22,1;21,7;21,4;;;;;;63;7,4;3,3;
2023/10/26;2300 UTC;0;959,8;959,8;958,7;3,7;21,2;21,9;21,4;21,2;22,1;21,9;;;;49;6,8;3,2;
2023/10/27;0000 UTC;,2;961,1;961,1;959,9;1,1;20,7;;21,3;20,7;22;21,6;;;;108;8,5;3;
2023/10/27;0100 UTC;0;961,5;961,6;961;;20,5;;20,7;20,5;;;;;;81;6,1;3,3;
2023/10/27;0200 UTC;0;961,6;961,9;961,4;,6;20,4;;20,6;20,3;;;;;;87;6,1;2,8;
2023/10/27;0300 UTC;0;961,1;961,7;961;1;20,3;;20,4;20,3;;;;;;102;5,1;2,5;
2023/10/27;0400 UTC;0;961;961,2;960,9;;20,2;;20,3;20,2;;;;;;137;4,2;1,3;
2023/10/27;0500 UTC;0;960,4;961,2;960,4;;20,1;;20,2;19,8;;;;;;67;3,2;1,2;
2023/10/27;0600 UTC;0;960,7;961;960,4;;19,9;;20,2;19,8;;;;;;350;2,5;1,4;
2023/10/27;0700 UTC;0;961;961,2;960,7;;20,2;;20,2;19,9;;;;;;52;2,4;,8;
2023/10/27;0800 UTC;0;962;962;961;0;20,3;;20,3;20,1;;;;;;69;2,3;,7;
2023/10/27;0900 UTC;0;962,8;962,8;962;16,2;20,4;;20,4;20,3;;;;;;137;1,6;,6;
2023/10/27;1000 UTC;0;963,2;963,2;962,8;101,5;20,7;;20,7;20,4;;;;;;85;3;1,7;
2023/10/27;1100 UTC;0;963,2;963,2;962,9;586,7;21,6;22,3;21,6;20,7;;;;;;97;4,2;2,6;
2023/10/27;1200 UTC;0;962,8;963,2;962,8;1984,8;23,5;22,2;23,8;21,6;23,1;21,9;;90;92;122;5,7;3,1;
2023/10/27;1300 UTC;0;962,5;962,8;962,5;2079,9;24,8;21,1;25;23,4;23,2;19,3;93;71;80;110;5,4;2,5;
2023/10/27;1400 UTC;0;962;962,5;962;2088,1;24,9;19,9;26,4;24,3;21,7;18,7;83;66;74;124;5,7;3,7;
2023/10/27;1500 UTC;0;961,5;962,1;961,5;1229,2;25,3;19;25,8;24,8;21,9;18,9;83;66;68;94;5,7;2;
2023/10/27;1600 UTC;0;961,1;961,5;961;1296,2;26,3;19,6;26,5;25,3;20,1;18,9;71;65;67;48;3,8;1,8;
2023/10/27;1700 UTC;0;960,2;961,1;960,2;2013,3;26,7;19,8;27,7;26,1;21,5;19,1;75;63;66;57;4,1;1,7;
2023/10/27;1800 UTC;0;959,3;960,2;959,3;1054,1;26,5;20,1;27;26,1;21,7;19,8;76;66;68;67;4,6;2,8;
2023/10/27;1900 UTC;0;959;959,3;958,8;443,8;25,8;21,7;26,9;25,8;21,7;19,6;78;65;78;98;6,6;3,3;
2023/10/27;2000 UTC;0;959,5;959,5;958,9;88,4;24,1;23;25,8;24,1;23,1;21,6;94;78;94;109;8,1;4,4;
2023/10/27;2100 UTC;0;960,5;960,5;959,5;21,6;22,9;22,9;24,1;22,9;23;22,8;100;94;100;99;9;4,1;
2023/10/27;2200 UTC;0;961,2;961,2;960,5;;22,2;22,4;22,9;22,2;22,9;22,3;;99;;87;8,5;3,4;
2023/10/27;2300 UTC;0;962,7;962,7;961,2;;21,6;22,2;22,2;21,6;22,4;22,2;;;;106;7,6;4,5;
2023/10/28;0000 UTC;0;963,2;963,2;962,7;;21,4;22;21,6;21,4;22,2;22;;;;92;7,6;2,9;
2023/10/28;0100 UTC;0;963,7;963,7;963,2;;21,2;;21,4;21,2;;;;;;108;5,1;2,2;
2023/10/28;0200 UTC;,2;963,5;963,8;963,4;;21;;21,2;21;;;;;;80;4,4;2;
2023/10/28;0300 UTC;0;963,6;963,7;963,4;;20,9;;21,1;20,9;;;;;;126;4,1;1,7;
2023/10/28;0400 UTC;,8;963,7;963,7;963,4;;20,8;;20,9;20,8;;;;;;357;3,5;,6;
2023/10/28;0500 UTC;2;963,4;963,7;963,2;;20,6;;20,8;20,6;;;;;;356;2,1;1,4;
2023/10/28;0600 UTC;3,2;962,6;963,4;962,6;;20,5;;20,6;20,5;;;;;;299;3,3;,7;
2023/10/28;0700 UTC;,6;961,8;962,6;961,8;;20,6;;20,6;20,5;;;;;;21;2,8;2;
2023/10/28;0800 UTC;0;961,3;961,8;961,3;0;20,7;;20,8;20,5;;;;;;48;2,8;1;
2023/10/28;0900 UTC;0;961,5;961,6;961,3;34,7;20,7;;20,8;20,7;;;;;;112;2,7;1,7;
2023/10/28;1000 UTC;0;962,1;962,1;961,5;223,4;21,5;;21,5;20,7;;;;;;77;2,7;,4;
2023/10/28;1100 UTC;0;962,1;962,2;962,1;369,3;21,7;;21,8;21,5;;;;;;297;1,8;1;
2023/10/28;1200 UTC;0;961,9;962,2;961,9;1041,1;23,2;23,8;23,5;21,7;;;;;;286;3,8;2,3;
2023/10/28;1300 UTC;0;961,4;961,9;961,4;2864,9;24,9;24,9;25,3;23,2;25,4;23,5;;93;100;271;4,2;2,9;
2023/10/28;1400 UTC;0;961,1;961,4;961,1;1199,3;24,8;25,3;25,2;24,3;25,3;24,2;;96;;298;6;2,8;
2023/10/28;1500 UTC;0;960,9;961,1;960,9;948,8;25,1;25,7;25,6;24,7;25,9;25;;98;;291;4,6;2,7;
2023/10/28;1600 UTC;,4;960,3;960,9;960,3;806,6;25,1;;25,3;24,9;;;;;;321;3,8;2,1;
2023/10/28;1700 UTC;0;959,2;960,3;959,2;853,7;25,6;26,3;25,7;25,1;;;;;;349;3,3;1,2;
2023/10/28;1800 UTC;0;958,6;959,3;958,6;1057,5;27,6;21,3;27,7;25,6;26,5;21,1;;68;68;342;2,8;1;
2023/10/28;1900 UTC;0;958;958,6;958;1733,4;28,8;21,2;29;27,6;22,3;19,9;71;58;64;103;3,2;1;
2023/10/28;2000 UTC;0;958,2;958,2;957,9;776,5;27,9;25;28,8;27,9;25;21,2;85;63;84;8;3,5;1,3;
2023/10/28;2100 UTC;0;958,2;958,2;957,8;224,3;26,2;25,7;27,9;26,2;25,8;24,3;97;81;97;30;3,1;1,9;
2023/10/28;2200 UTC;0;959;959;958,2;;25,1;25,8;26,2;24,9;25,8;25,3;;96;;297;2,9;,8;
2023/10/28;2300 UTC;0;960,4;960,4;959;;24,4;25,1;25,4;24,4;25,8;25;;100;;296;2,3;,9;
2023/10/29;0000 UTC;0;960,8;960,8;960,4;;23,9;;24,6;23,9;25,1;24,6;;;;178;2,8;,4;
2023/10/29;0100 UTC;0;960,9;961;960,8;;23,1;;24,1;23;;;;;;332;2,5;1,6;
2023/10/29;0200 UTC;0;961,3;961,4;960,9;;23,3;;23,5;23;;;;;;265;2,5;1;
2023/10/29;0300 UTC;0;961;961,3;961;;23,1;;23,4;22,8;;;;;;260;2,3;1;
2023/10/29;0400 UTC;0;960,4;961;960,4;;22,8;;23,5;22,8;;;;;;339;2,1;1,5;
2023/10/29;0500 UTC;0;959,9;960,4;959,8;;22,8;;23,2;22,6;;;;;;236;3,2;1,9;
2023/10/29;0600 UTC;,4;959,5;959,9;959,5;;22,6;;22,9;22,4;;;;;;299;3,2;1,4;
2023/10/29;0700 UTC;0;959,2;959,5;959,2;;22,8;;22,8;22,5;;;;;;127;3;2,1;
2023/10/29;0800 UTC;0;959,2;959,2;958,9;;22,5;;22,8;22,5;;;;;;354;3,3;1;
2023/10/29;0900 UTC;0;960;960;959,2;98,3;22,7;;22,7;22,1;;;;;;222;2,5;1;
2023/10/29;1000 UTC;0;960,6;960,6;960;474;23,7;;23,8;22,7;;;;;;195;1,7;,6;
2023/10/29;1100 UTC;0;961;961,1;960,6;794,4;24,9;;24,9;23,7;;;;;;226;2,5;,8;
2023/10/29;1200 UTC;0;961;961,4;961;1706,3;26,9;24,3;26,9;24,9;26,5;23,3;;79;86;288;2,9;1,3;
2023/10/29;1300 UTC;0;960,9;961;960,7;3228,6;29,1;21,6;29,5;26,8;26,1;21,6;94;63;64;279;3,8;2,2;
2023/10/29;1400 UTC;0;960,3;960,9;960,3;1678,1;30,7;22,7;30,7;28,6;24,5;21,4;80;59;62;9;4,6;,9;
2023/10/29;1500 UTC;0;959,6;960,3;959,6;2053;30,9;20,9;31,5;30,3;23,6;20,9;65;54;55;289;3,4;1,5;
2023/10/29;1600 UTC;0;958,7;959,6;958,7;1954,2;31,5;20,4;32,5;30,8;22,8;19,9;58;50;52;151;3,4;1,8;
2023/10/29;1700 UTC;,2;957,8;958,7;957,8;2010,6;31,5;21,1;32;30,9;22,8;20,6;59;52;54;124;4,9;1,6;
2023/10/29;1800 UTC;7,2;958,5;958,5;957,8;1036,8;25,3;20,9;32,1;25,1;21,9;20,3;78;53;77;241;9,4;5,1;
2023/10/29;1900 UTC;3;958,5;959;958,4;98,8;24,1;;26;24,1;;;;;;297;13,2;3,1;
2023/10/29;2000 UTC;,2;959;959,1;958,5;164,7;24,5;;24,7;24;;;;;;356;4,6;1,7;
2023/10/29;2100 UTC;0;959,6;959,6;958,7;62,4;24,7;;25;24,4;;;;;;95;2,8;2;
2023/10/29;2200 UTC;,2;960,4;960,4;959,6;;24,4;;24,8;24,3;;;;;;257;4,3;,4;
2023/10/29;2300 UTC;1;962,3;962,3;960,4;;24,2;;24,4;24,1;;;;;;189;8,7;3,9;
2023/10/30;0000 UTC;6,2;963,6;963,8;962,3;1,2;22,7;;24,2;22,7;;;;;;271;10,5;2,8;
2023/10/30;0100 UTC;1,6;963,7;963,7;963,4;;22,4;;22,7;22,3;;;;;;31;5;1,5;
2023/10/30;0200 UTC;1,2;963,1;963,7;963,1;0;22,4;;22,5;22,3;;;;;;46;3,1;,3;
2023/10/30;0300 UTC;,2;961,6;963,1;961,6;;22,3;;22,6;22,3;;;;;;116;3;1,2;
2023/10/30;0400 UTC;0;961,4;961,6;961,4;;22,1;;22,3;22,1;;;;;;340;2,7;1,6;
2023/10/30;0500 UTC;0;961,2;961,5;961,1;;21,8;;22,1;21,8;;;;;;242;2,6;,4;
2023/10/30;0600 UTC;0;961;961,2;960,9;;21,9;;21,9;21,7;;;;;;191;1,2;,3;
2023/10/30;0700 UTC;0;961,1;961,1;960,9;,3;22;;22;21,9;;;;;;294;1,2;,2;
2023/10/30;0800 UTC;0;961,2;961,3;961,1;1,1;21,7;;22;21,6;;;;;;343;2,4;1,5;
2023/10/30;0900 UTC;0;961,3;961,3;961,1;64,6;22;;22,1;21,7;;;;;;230;2,2;,9;
2023/10/30;1000 UTC;0;961,8;961,8;961,3;377,8;22,8;;22,9;22;;;;;;347;1,8;1,2;
2023/10/30;1100 UTC;0;962;962,1;961,8;706,9;23,5;;23,7;22,7;;;;;;228;2;1;
2023/10/30;1200 UTC;0;962;962,1;961,9;1547;25,4;25,3;25,4;23,5;25,7;23,9;;93;99;313;3;1,2;
2023/10/30;1300 UTC;0;961,4;962;961,4;2733,7;27,3;22;27,3;25,2;26,8;22;;73;73;244;3,1;,8;
2023/10/30;1400 UTC;0;961;961,4;961;2759,6;29,1;23,2;29,1;26,6;26,5;21,6;96;67;71;255;3,5;2;
2023/10/30;1500 UTC;0;960,3;961;960,3;3807,6;30,7;20,5;31;28,8;23,4;20,4;72;54;54;244;5;2,1;
2023/10/30;1600 UTC;0;959,7;960,3;959,7;3623,2;31,9;19,9;32,5;30,6;22,3;19,1;56;46;49;249;4,4;2,4;
2023/10/30;1700 UTC;0;958,6;959,7;958,6;3295,5;33,3;19,6;33,8;31,7;21,1;19,1;51;44;44;327;6,4;2,4;
2023/10/30;1800 UTC;0;957,8;958,6;957,8;1941,5;32,3;20,4;33,8;32,3;21;18,7;50;43;50;337;4,3;2,5;
2023/10/30;1900 UTC;0;957,7;957,8;957,6;1585,6;32,6;20,2;34;32,1;21,3;18,6;51;42;48;287;4,8;2,3;
2023/10/30;2000 UTC;0;957,5;957,8;957,4;849,4;31,9;19;33,6;31,9;20,6;18,8;50;44;46;260;4,4;2,9;
2023/10/30;2100 UTC;0;958,2;958,2;957,5;184,1;29,3;21,3;32;29,3;22;18,8;62;46;62;79;7;3,5;
2023/10/30;2200 UTC;0;959,5;959,5;958,2;,7;26,6;20,5;29,3;26,6;21,2;20,2;70;61;69;66;8;3,3;
2023/10/30;2300 UTC;0;960,8;960,8;959,5;;26,1;20,7;26,6;25,9;20,9;20,4;73;69;72;26;5,8;1,9;
2023/10/31;0000 UTC;0;961,6;961,6;960,8;;25,4;21,1;26,5;25,3;21,1;20,5;78;70;77;11;4,2;1,7;
2023/10/31;0100 UTC;0;961,8;961,8;961,6;;25,3;21,2;25,5;25;21,3;21,1;80;77;78;41;3,3;1,5;
2023/10/31;0200 UTC;0;961,7;962;961,7;;25;20,9;25,3;25;21,2;20,9;78;77;78;28;2,9;1;
2023/10/31;0300 UTC;0;961,1;961,7;961,1;;25;21,9;25;24,7;21,9;20,8;83;78;83;122;1,8;1,1;
2023/10/31;0400 UTC;0;960,1;961,1;960,1;;24,1;;25;24,1;25,3;21,9;;83;;92;2,2;1,6;
2023/10/31;0500 UTC;0;959,8;960,1;959,7;;23,8;;24,1;23,3;;;;;;99;2,2;1;
2023/10/31;0600 UTC;0;959,7;959,9;959,7;;22,7;;23,8;22,5;;;;;;336;2;1,4;
2023/10/31;0700 UTC;0;959,8;959,8;959,5;;23,4;;23,4;22,5;;;;;;107;2,1;1;
2023/10/31;0800 UTC;0;960,3;960,3;959,8;;23;;23,4;23;;;;;;75;2,3;1,4;
2023/10/31;0900 UTC;0;960,6;960,7;960,2;76,1;23,2;;23,2;22,4;;;;;;91;2,1;,6;
2023/10/31;1000 UTC;0;960,9;960,9;960,4;480,6;23,8;;23,8;22,9;;;;;;330;1,8;1;
2023/10/31;1100 UTC;0;961,3;961,3;960,9;1297,7;26,3;25,2;26,3;23,8;25,9;22,6;;81;94;114;2,5;1,3;
2023/10/31;1200 UTC;0;961;961,4;961;1872,8;27,5;22,1;28,3;26,2;26,3;22,1;95;70;72;124;4,4;1,9;
2023/10/31;1300 UTC;0;960,7;961;960,7;3080,4;29,7;21,9;30;27,3;24,3;20,9;85;60;63;92;4,4;1,5;
2023/10/31;1400 UTC;0;960,1;960,7;960;2938,7;30,7;21,4;30,9;29,1;22,6;20,7;63;56;58;344;4,4;1,2;
2023/10/31;1500 UTC;0;959;960,1;959;3233;31,3;21,7;32,1;30,4;22,5;20,8;61;53;57;44;4,4;2;
2023/10/31;1600 UTC;0;958,1;959;958,1;3334,7;31,4;21;33,6;31,4;21,9;20;58;45;54;23;5;2,3;
2023/10/31;1700 UTC;0;957,5;958,1;957,1;1702,9;29,1;19,8;31,3;27,1;22,7;19,5;73;54;57;326;9,4;3;
2023/10/31;1800 UTC;0;957,5;957,9;957;1669,1;29,1;19,6;29,8;28,7;21,2;19,3;61;55;56;149;8;2,9;
2023/10/31;1900 UTC;0;958,5;958,5;957,5;596,9;26,2;18,4;29,1;26,2;21,5;18,3;70;56;62;211;6,3;3,9;
2023/10/31;2000 UTC;,4;959,7;959,7;958,5;144;22,7;;26,2;22,7;23,8;18,5;;62;;272;8,6;3,3;
2023/10/31;2100 UTC;0;960,3;960,3;959,6;47,8;23;;23,1;22,7;;;;;;39;5,3;1,1;
2023/10/31;2200 UTC;0;961,2;961,2;960,3;;23;;23,5;23;;;;;;77;3,7;2,3;
2023/10/31;2300 UTC;7,6;962,5;963;961,2;;19,7;;23,1;19,7;;;;;;277;19,9;10,7;
2023/11/01;0000 UTC;13;963,4;963,5;962,5;1,1;20,6;;20,7;19,6;;;;;;41;19,9;1,2;
2023/11/01;0100 UTC;3;963,4;963,4;963,2;;20,6;;20,9;20,5;;;;;;72;4,6;2,6;
2023/11/01;0200 UTC;1,6;962,5;963,4;962,5;;20,6;;20,6;20,4;;;;;;88;5,3;1,6;
2023/11/01;0300 UTC;0;961;962,5;960,9;;20,7;;20,7;20,5;;;;;;108;3,8;1,9;
2023/11/01;0400 UTC;0;960,4;961;960,4;;20,4;;20,8;20,4;;;;;;275;3,2;,5;
2023/11/01;0500 UTC;0;959,9;960,5;959,9;;20,2;;20,5;20,2;;;;;;312;2,7;1,5;
2023/11/01;0600 UTC;0;959,8;959,9;959,7;;20,2;;20,3;20,1;;;;;;283;2,4;,8;
2023/11/01;0700 UTC;0;959,9;960;959,8;;20,1;;20,2;20;;;;;;344;1,2;,7;
2023/11/01;0800 UTC;,2;960,2;960,2;959,9;;20;;20,1;20;;;;;;331;1,1;,4;
2023/11/01;0900 UTC;0;961,2;961,2;960,2;39,9;20;;20,1;19,8;;;;;;311;2,1;1,3;
2023/11/01;1000 UTC;0;962,2;962,2;961,2;264,7;20,7;;20,8;20;;;;;;254;2;,9;
2023/11/01;1100 UTC;0;962,6;962,6;962,2;730,1;22,1;;22,2;20,7;;;;;;216;3,3;1,5;
2023/11/01;1200 UTC;,2;962,8;962,9;962,6;1685,9;24;23,6;24,1;22,1;;;;;98;270;5,7;3;
2023/11/01;1300 UTC;0;962,8;963;962,8;2127,7;25,1;19,8;25,2;23,7;24,2;19,8;100;72;72;248;5,1;3;
2023/11/01;1400 UTC;0;962;962,8;962;2570;26,2;18,9;27,2;25;22,1;18,4;83;61;64;257;7,1;3,4;
2023/11/01;1500 UTC;0;961,5;962,1;961,5;1946,7;27,2;18,6;27,2;26,3;20,5;18,4;69;60;60;263;7,1;1,8;
2023/11/01;1600 UTC;0;960,9;961,5;960,9;2723,1;28,5;18,7;29,2;27,2;19,8;17,6;62;51;55;258;7;3,2;
2023/11/01;1700 UTC;0;960;960,9;960;2697,8;29;17,7;29,6;28,2;20,3;17,7;58;50;51;206;5,2;2,4;
2023/11/01;1800 UTC;0;959,9;960;959,9;1710,6;27;19,3;29,2;26,6;20,3;17,3;67;50;63;131;9,5;5,5;
2023/11/01;1900 UTC;0;959,8;959,9;959,6;738,2;25,7;19,1;27,1;25,5;20;18,9;68;63;67;138;8,3;3,9;
2023/11/01;2000 UTC;0;960,3;960,3;959,8;291,6;24,9;18,6;25,8;24,9;19,9;18,5;71;66;68;74;6,7;3,5;
2023/11/01;2100 UTC;0;961,4;961,4;960,3;84,5;23,9;17,9;24,9;23,9;18,8;17,9;72;66;69;65;7;3,5;
2023/11/01;2200 UTC;2;962,3;962,3;961,4;;21,7;;23,9;21,5;22,3;17,8;;69;;67;6,7;3;
2023/11/01;2300 UTC;,2;963,6;963,6;962,4;;21,4;;21,8;21,3;;;;;;49;5,6;1,7;
2023/11/02;0000 UTC;1;964,2;964,2;963,6;;20,6;;21,4;20,5;;;;;;60;4,8;2,5;
2023/11/02;0100 UTC;,2;964,2;964,3;964,2;;20,5;;20,6;20,2;;;;;;38;4,5;1,3;
2023/11/02;0200 UTC;0;964,1;964,3;964,1;;20,8;;20,9;20,5;;;;;;80;3,4;1,4;
2023/11/02;0300 UTC;0;963,7;964,2;963,7;;20,3;;20,8;20,3;;;;;;81;4,9;2,2;
2023/11/02;0400 UTC;0;963,3;963,7;963,3;;20,3;;20,3;20,3;;;;;;92;4,3;1,7;
2023/11/02;0500 UTC;0;962,8;963,3;962,8;;20,1;;20,3;20,1;;;;;;96;4;2,1;
2023/11/02;0600 UTC;0;962,7;962,8;962,6;;19,7;;20,1;19,7;;;;;;100;4,8;2,3;
2023/11/02;0700 UTC;0;963;963;962,7;;19,6;;19,7;19,6;;;;;;73;4,8;1,6;
2023/11/02;0800 UTC;,2;963,2;963,3;963;;19,3;;19,6;19,1;;;;;;59;4,3;1,4;
2023/11/02;0900 UTC;0;964,2;964,2;963,2;71,8;19,7;;19,7;19,3;;;;;;78;3,4;1,7;
2023/11/02;1000 UTC;0;964,5;964,6;964,2;357,1;20,3;21;20,3;19,7;;;;;;105;3,6;2,3;
2023/11/02;1100 UTC;0;964,9;965;964,5;674,4;20,7;21;20,9;20,4;21,3;20,8;;100;;100;5,5;3,1;
2023/11/02;1200 UTC;0;964,6;965;964,6;1135,9;22,1;21,1;22,1;20,6;21,5;20,6;;94;94;110;5,5;3,2;
2023/11/02;1300 UTC;0;964,2;964,6;964,2;1870,2;23;19,8;23,7;22,1;21,6;17,9;96;71;82;106;5,5;2,9;
2023/11/02;1400 UTC;0;963,2;964,2;963,2;1578,8;24,3;17,6;24,3;23;21,2;16,9;90;64;66;110;6;3;
2023/11/02;1500 UTC;0;963;963,3;962,9;1103,9;24,7;16,9;24,9;24,1;18,5;16,9;70;61;62;101;6;2,4;
2023/11/02;1600 UTC;,2;962,3;963;962,3;886,1;25;17,3;25,2;24,7;17,9;17;65;62;62;113;4,6;2,1;
2023/11/02;1700 UTC;0;961,6;962,3;961,6;505,2;24,7;17,8;25,1;24,5;18;17,1;67;62;66;116;4,2;2,3;
2023/11/02;1800 UTC;0;960,9;961,6;960,9;455,2;24,2;19;24,8;24;19,1;17,6;73;64;73;338;4,1;1,4;
2023/11/02;1900 UTC;0;960,8;961,1;960,8;223,2;23,9;18,1;24,4;23,7;19,4;18;76;68;70;116;5,9;3,6;
2023/11/02;2000 UTC;0;961,2;961,2;960,8;140,6;23,5;18;23,9;23,5;18,2;17,7;71;69;71;101;6,9;3,8;
2023/11/02;2100 UTC;0;961,7;961,7;961,2;61,9;22,6;18,2;23,5;22,6;18,2;17,7;76;71;76;86;7;2,8;
2023/11/02;2200 UTC;0;962,4;962,4;961,7;2;21,6;18,3;22,6;21,6;18,4;18;81;76;81;74;6,5;3;
2023/11/02;2300 UTC;0;963,1;963,1;962,4;;20,9;21,5;21,6;20,9;21,7;18,3;;81;;54;4,8;2,4;
2023/11/03;0000 UTC;0;963;963,1;963;;20,3;;20,9;20,2;;;;;;93;4,6;2,4;
2023/11/03;0100 UTC;0;963,5;963,5;962,9;;20,4;;20,4;20,1;;;;;;98;5,1;2,4;
2023/11/03;0200 UTC;0;963,1;963,6;963,1;;20,2;;20,4;20,2;;;;;;74;5,6;1,3;
2023/11/03;0300 UTC;0;962,4;963,1;962,4;;20,1;;20,2;20,1;;;;;;95;3,8;1,4;
2023/11/03;0400 UTC;0;961,8;962,4;961,8;;20,1;;20,1;20;;;;;;81;3,7;1,9;
2023/11/03;0500 UTC;0;961,4;961,8;961,4;;20;;20,1;20;;;;;;66;3,3;1,4;
2023/11/03;0600 UTC;0;960,9;961,4;960,9;;19,8;;20;19,8;;;;;;64;2,8;1,1;
2023/11/03;0700 UTC;0;960,7;960,9;960,7;;19,6;;19,9;19,6;;;;;;68;2;1;
2023/11/03;0800 UTC;0;960,5;960,7;960,4;;19,5;;19,7;19,5;;;;;;109;2,5;1,4;
2023/11/03;0900 UTC;0;960,6;960,7;960,4;31;19,6;;19,7;19,5;;;;;;148;2,1;,7;
2023/11/03;1000 UTC;0;961;961;960,6;160,5;20;;20;19,6;;;;;;100;1,6;,6;
2023/11/03;1100 UTC;0;960,7;961;960,6;409,2;20,5;;20,6;20;;;;;;96;1,7;,8;
2023/11/03;1200 UTC;0;960,6;960,8;960,4;821,8;21,8;;22,2;20,5;;;;;;293;2;,9;
2023/11/03;1300 UTC;0;960;960,5;960;1976;24,6;21,3;24,6;21,8;23,3;19,5;;74;82;113;3,3;1,2;
2023/11/03;1400 UTC;0;958,8;960;958,8;3162;26,9;21,6;26,9;24,4;24;19,1;93;68;73;278;5,1;2,7;
2023/11/03;1500 UTC;0;957,9;958,8;957,9;3725,7;28,9;20,3;29,3;26,6;22,6;19,5;75;59;60;260;5,1;1,8;
2023/11/03;1600 UTC;0;957,3;957,9;957,3;3564,2;31,4;20,4;31,4;28,9;21,6;19,8;62;52;52;270;4,8;2,7;
2023/11/03;1700 UTC;0;956,4;957,3;956,4;3208,4;32,7;17,8;33;31,4;21,1;17,8;55;41;41;197;5;2;
2023/11/03;1800 UTC;0;955,2;956,4;955,1;1803,2;32,8;18,6;33,1;32,3;19;16,8;45;39;43;82;3,6;1,5;
2023/11/03;1900 UTC;0;954,2;955,1;954,1;1364,4;32,4;17,3;33,3;32,2;19,1;17;45;39;41;126;3,7;1,6;
2023/11/03;2000 UTC;0;955,1;955,1;954,1;241,9;29,5;22,2;32,4;29,5;22,3;17;65;40;65;12;2,8;1,4;
2023/11/03;2100 UTC;0;955,9;956,1;955,2;70,6;28,6;22,1;29,5;28,6;22,2;21,5;68;62;68;300;2,8;1,3;
2023/11/03;2200 UTC;0;958;958;955,8;;26,7;21;28,6;26,7;22,6;21;75;68;71;267;12,4;6;
2023/11/03;2300 UTC;1,8;959,8;959,8;958;;21,7;;26,6;21,7;;;;71;;255;16,9;11,2;
2023/11/04;0000 UTC;5,4;959,8;960,7;959,8;,1;20,9;;21,9;20,6;;;;;;269;18,4;2,4;
2023/11/04;0100 UTC;,4;959,3;959,8;959,2;;21,1;;21,4;20,9;;;;;;91;4,9;2,3;
2023/11/04;0200 UTC;0;958,6;959,2;958,6;;20,6;;21,2;20,6;;;;;;101;3,2;,4;
2023/11/04;0300 UTC;,2;958;958,6;958;;20,6;;21,1;20,5;;;;;;230;2,7;1;
2023/11/04;0400 UTC;0;957;958;957;;20,5;;20,8;20,5;;;;;;304;2,9;1,2;
2023/11/04;0500 UTC;0;956,5;957,2;956,3;;20,5;;20,7;20,3;;;;;;252;3,5;1,4;
2023/11/04;0600 UTC;0;956,6;956,6;956,2;;20,7;;20,7;20,5;;;;;;313;2,6;,6;
2023/11/04;0700 UTC;0;957,4;957,4;956,6;;20,7;;20,7;20,4;;;;;;26;3,1;1,8;
2023/11/04;0800 UTC;0;957,6;957,7;957,2;;20,4;;20,9;20,4;;;;;;92;3,1;,9;
2023/11/04;0900 UTC;0;958,6;958,6;957,6;84,8;20,6;;20,6;20,3;;;;;;230;2,2;,5;
2023/11/04;1000 UTC;0;959;959;958,6;596,5;22,6;;22,6;20,6;;;;;;98;3,1;1,1;
2023/11/04;1100 UTC;0;959,1;959,2;958,8;774,2;23,2;23,8;23,3;22,3;;;;;;43;4,1;,7;
2023/11/04;1200 UTC;0;959,1;959,2;959;1163,8;24,2;24,7;24,6;23,1;;;;;;306;3,3;2;
2023/11/04;1300 UTC;0;958,5;959,1;958,5;2080,2;26,3;21,9;26,3;24,2;25,8;21,3;;74;77;189;3,8;1,7;
2023/11/04;1400 UTC;,2;957,8;958,5;957,8;2512,6;27,4;20,6;27,8;26,2;23,6;19,2;84;61;67;88;4,2;1,7;
2023/11/04;1500 UTC;0;957,7;957,8;957,6;2499;28,1;22;28,7;27;23,3;19,7;82;60;69;98;6,6;3,2;
2023/11/04;1600 UTC;0;957;957,7;957;2393,7;28,1;20,9;29,2;27,3;22,5;20,3;74;62;65;96;6,1;3,5;
2023/11/04;1700 UTC;0;956,6;957;956,6;2035,4;27,4;20,2;28,5;27,4;21,4;20,1;67;63;65;80;7,4;4,3;
2023/11/04;1800 UTC;0;956,9;956,9;956,5;1244,6;26,2;19,9;27,5;26,2;20,8;19,7;70;65;68;105;9;5;
2023/11/04;1900 UTC;0;957,3;957,4;956,8;1407,1;25;20;26,8;24,9;21,7;19,3;82;65;74;90;8,7;5,4;
2023/11/04;2000 UTC;0;958,3;958,3;957,3;858,4;23,6;21,8;25,2;23,6;22,6;19,4;91;72;90;90;9,2;4,3;
2023/11/04;2100 UTC;0;959,3;959,3;958,3;183,8;21,8;21,8;23,6;21,8;22,3;21,6;100;89;100;84;9,5;3,9;
2023/11/04;2200 UTC;0;960,1;960,1;959,3;3,8;21;21,6;21,8;21;22;21,6;;100;;68;7,5;4,3;
2023/11/04;2300 UTC;0;960,9;960,9;960,1;;20,7;;21,1;20,7;21,7;21,4;;;;94;7;3,5;
2023/11/05;0000 UTC;0;961,7;961,7;960,9;;20,5;;20,7;20,5;;;;;;75;6;2,7;
2023/11/05;0100 UTC;0;962,6;962,6;961,7;;20,2;;20,6;20,2;;;;;;82;5,2;3;
2023/11/05;0200 UTC;0;963,1;963,1;962,6;;19,8;;20,3;19,8;;;;;;69;5,2;2,8;
2023/11/05;0300 UTC;0;962,8;963,1;962,8;;19,6;;19,8;19,5;;;;;;64;4,9;1,7;
2023/11/05;0400 UTC;0;962,5;962,8;962,5;;19,6;;19,6;19,6;;;;;;69;3,3;1,6;
2023/11/05;0500 UTC;0;962;962,5;962;;19,6;;19,7;19,6;;;;;;65;3,4;1,4;
2023/11/05;0600 UTC;0;962;962;961,9;;19,5;;19,7;19,5;;;;;;57;3;1,5;
2023/11/05;0700 UTC;0;962,3;962,3;962;;19,4;;19,5;19,3;;;;;;67;3;1,6;
2023/11/05;0800 UTC;0;962,9;962,9;962,3;;18,7;;19,4;18,7;;;;;;4;2,7;1,1;
2023/11/05;0900 UTC;0;963,7;963,7;962,9;74;19,4;;19,4;18,6;;;;;;49;2,9;1,4;
2023/11/05;1000 UTC;0;964,3;964,3;963,7;742,8;21;21,6;21;19,4;;;;;;84;5,2;2,6;
2023/11/05;1100 UTC;0;965;965;964,3;1338,9;21,9;20,4;22,6;20,3;21,8;17,2;;72;91;143;6,3;1,4;
2023/11/05;1200 UTC;0;965;965,1;965;2267,9;23,6;14,9;23,7;21,4;20,7;14,9;93;58;58;243;4;1,9;
2023/11/05;1300 UTC;0;964,9;965;964,9;2620,3;24,8;14,6;25;23,2;16;12,9;62;48;53;304;4,4;2,2;
2023/11/05;1400 UTC;0;964,6;964,9;964,6;3223,9;25,9;13,5;26,1;24,4;14,6;11,2;53;40;46;167;4,7;1,7;
2023/11/05;1500 UTC;0;964,2;964,6;964,2;3915,5;27,2;13,4;27,2;25,5;14,4;11;47;38;43;108;6,1;2,2;
2023/11/05;1600 UTC;0;963,6;964,3;963,6;3820,4;27,6;13,1;27,6;26,5;15,1;11,3;48;37;41;64;5;2,2;
2023/11/05;1700 UTC;0;963,2;963,6;963,2;3273,8;28,6;13,9;28,8;27,6;14,8;12,6;44;38;41;114;6,7;4;
2023/11/05;1800 UTC;0;963,1;963,2;963;2827,2;27,9;14,9;28,9;27,8;15,8;12,9;47;40;45;92;8,6;4,4;
2023/11/05;1900 UTC;0;963,4;963,4;963,1;2075,7;25,7;15,9;28;25,5;16,5;15,4;56;45;55;105;10,6;6,3;
2023/11/05;2000 UTC;0;964,3;964,3;963,4;1187,2;23,8;15,9;25,7;23,4;16;15,3;62;55;61;94;11,6;5,2;
2023/11/05;2100 UTC;0;965,5;965,5;964,3;356,2;21,2;15,4;23,8;21,2;15,8;15,3;70;61;69;103;10,5;5,6;
2023/11/05;2200 UTC;0;966,3;966,3;965,5;6,3;20;15,5;21,2;20;15,6;15,3;75;69;75;74;9,5;4,2;
2023/11/05;2300 UTC;0;967,1;967,1;966,3;;19,6;15,5;20;19,5;15,5;15,4;78;75;78;78;7,6;3,4;
2023/11/06;0000 UTC;0;967,9;967,9;967,1;;19,2;15,2;19,6;19,2;15,6;15,2;78;77;78;65;6,7;3,4;
2023/11/06;0100 UTC;0;968,4;968,4;967,9;;18,9;15,2;19,2;18,9;15,3;15,2;79;78;79;64;6,7;2,9;
2023/11/06;0200 UTC;0;968,3;968,6;968,3;;18,8;15;18,9;18,7;15,3;15;79;79;79;70;5,5;3,2;
2023/11/06;0300 UTC;0;967,9;968,3;967,9;;18,7;14,9;18,8;18,6;15,1;14,8;79;78;79;81;5,4;2,2;
2023/11/06;0400 UTC;0;967,8;968;967,8;;18,2;15,8;18,7;18,1;15,8;14,6;86;78;86;110;5,1;2,5;
2023/11/06;0500 UTC;0;967,5;967,8;967,5;;17,8;18,3;18,3;17,8;18,3;15,1;;82;;61;3,7;1,8;
2023/11/06;0600 UTC;0;967,4;967,5;967,4;;17,3;;17,8;17,2;;;;;;30;3,1;1,1;
2023/11/06;0700 UTC;0;967,5;967,5;967,3;;17;;17,3;17;;;;;;20;2,7;1,4;
2023/11/06;0800 UTC;0;967,8;967,9;967,5;;17;;17;16,8;;;;;;10;3,1;1,3;
2023/11/06;0900 UTC;0;968,6;968,6;967,8;25,6;17,7;;17,7;17;;;;;;52;2,6;1,1;
2023/11/06;1000 UTC;0;969,2;969,2;968,6;171;18,2;18,8;18,2;17,6;;;;;;42;2;1,2;
2023/11/06;1100 UTC;0;969,7;969,7;969,2;459,9;18,6;18,4;18,8;18,2;19,2;18,4;;98;98;39;2,6;1,7;
2023/11/06;1200 UTC;0;969,9;969,9;969,7;871,7;19,6;17,9;19,7;18,6;19,1;17,7;;88;90;36;3,3;1,1;
2023/11/06;1300 UTC;0;969,9;970;969,9;1609;20,8;14,1;21,1;19,6;18,7;13,6;92;63;66;92;3,6;1,1;
2023/11/06;1400 UTC;0;969,6;969,9;969,6;1926,8;22,1;13,4;22,2;20,8;14,5;12,6;66;56;58;147;3,7;,9;
2023/11/06;1500 UTC;0;968,8;969,6;968,8;3442,3;22,9;12;23,6;22;14,9;11,9;60;50;50;68;5,8;2;
2023/11/06;1600 UTC;0;967,8;968,8;967,8;3572,8;24,4;12,3;24,7;22,9;14;11,4;55;45;47;93;5,7;2,2;
2023/11/06;1700 UTC;0;966,9;967,8;966,9;3291,6;25;13;25,7;24,1;13,5;11;50;42;47;48;5,7;2,6;
2023/11/06;1800 UTC;0;966,4;966,9;966,4;2889,5;26;13,2;26,4;25;13,7;11,7;49;42;45;26;5,3;2,5;
2023/11/06;1900 UTC;0;966;966,4;966;2093,2;26,7;13,6;26,7;25,7;13,8;11,9;47;41;45;35;6;2,1;
2023/11/06;2000 UTC;0;966,4;966,4;965,9;1190;25,2;12,7;26,7;25,2;13,8;12,4;46;42;46;88;7,8;4;
2023/11/06;2100 UTC;0;967,2;967,2;966,4;360,3;22,7;14,7;25,2;22,7;14,7;12,7;61;46;61;110;10,4;5,3;
2023/11/06;2200 UTC;0;968,5;968,5;967,2;4,4;20,2;14,8;22,7;20,2;14,8;14,5;71;61;71;84;10,8;3,8;
2023/11/06;2300 UTC;0;969,6;969,7;968,5;;18,8;14,8;20,2;18,8;14,9;14,8;77;71;77;50;8,1;2,6;
2023/11/07;0000 UTC;0;970;970;969,6;;18,8;14,9;18,9;18,6;15;14,8;79;77;78;51;5,4;2,8;
2023/11/07;0100 UTC;0;970,4;970,4;970;;18,9;13,8;18,9;18,8;14,9;13,8;78;72;72;57;5,2;2,6;
2023/11/07;0200 UTC;0;970,3;970,5;970,3;;18,6;13,5;18,9;18,5;13,8;13,4;73;71;72;52;5,5;2,5;
2023/11/07;0300 UTC;0;969,6;970,3;969,6;;18,5;12,5;18,7;18,5;13,6;12,4;73;67;68;62;4,6;2,4;
2023/11/07;0400 UTC;0;969,1;969,6;969,1;;16,8;13,1;18,5;16,7;13,1;12,5;79;68;79;41;4,5;1,8;
2023/11/07;0500 UTC;0;968,8;969,1;968,7;;16,8;15,4;17;16,6;16,1;12,9;96;77;91;96;3,2;2,1;
2023/11/07;0600 UTC;0;968,7;968,8;968,6;;16,8;14,7;16,9;16,6;17;14,6;;87;88;76;3,2;1,3;
2023/11/07;0700 UTC;0;969,1;969,1;968,7;;16,6;;16,8;16,6;17,4;14,4;;86;;45;2,9;1,4;
2023/11/07;0800 UTC;0;969,2;969,2;969,1;;16,8;17,4;16,9;16,6;17,5;17,3;;;;37;2,4;,8;
2023/11/07;0900 UTC;0;970,1;970,1;969,2;51;17,3;17,4;17,3;16,8;17,5;17,1;;99;;66;2,1;1;
2023/11/07;1000 UTC;0;970,5;970,6;970,1;317,3;18;14;18;17,3;17,9;14;;77;77;62;2,8;1,6;
2023/11/07;1100 UTC;0;970,7;970,7;970,5;801,9;19,2;13,4;19,2;18;14,4;12,9;79;68;69;98;4,2;2,4;
2023/11/07;1200 UTC;0;970,8;970,8;970,6;1267,8;19,7;12,5;20;19;13,7;12,1;70;62;63;72;5;2,4;
2023/11/07;1300 UTC;0;970,7;970,8;970,6;1602,1;20,5;11,9;20,9;19,6;12,8;11,2;64;56;58;39;4,9;2,1;
2023/11/07;1400 UTC;0;970,1;970,7;970,1;2743,7;22,2;13,2;22,9;20,5;13,6;11,6;60;52;57;103;5,9;3;
2023/11/07;1500 UTC;0;969,2;970,1;969,2;3902,7;23,8;12,9;23,9;21,7;13,6;11,2;57;48;50;70;5,9;2,1;
2023/11/07;1600 UTC;0;968,1;969,2;968,1;3783,4;24,6;11,2;25,2;23,2;13,5;10,7;52;41;43;94;6,8;3,1;
2023/11/07;1700 UTC;0;967,2;968,1;967,2;3316;26,7;12,8;26,7;24,6;13;10,6;46;39;42;85;6,4;2,4;
2023/11/07;1800 UTC;0;966,5;967,2;966,5;2889,4;26,8;12,2;26,8;26;12,8;10,9;43;38;40;58;6,4;2,4;
2023/11/07;1900 UTC;0;966,3;966,5;966,2;2072,2;27,1;11,4;27,4;26,5;13,3;11,2;43;37;38;74;6;2,7;
2023/11/07;2000 UTC;0;966,2;966,3;966,2;1179,1;26,6;12,1;27,3;26,6;12,5;10,2;40;35;40;91;5,3;2,8;
2023/11/07;2100 UTC;0;966,4;966,4;966,1;354,3;24,5;13,2;26,7;24,5;13,3;12;49;40;49;106;6,7;3,2;
2023/11/07;2200 UTC;0;967,2;967,2;966,4;3,3;21,8;13,8;24,5;21,8;13,8;13,1;60;49;60;75;5,8;2,7;
2023/11/07;2300 UTC;0;968,1;968,1;967,2;;20,4;14,7;21,8;20,4;14,7;13,8;70;60;70;76;6,3;2,9;
2023/11/08;0000 UTC;0;968,8;968,8;968,1;;19,3;14,8;20,4;19,3;14,8;14,6;75;70;75;64;5,6;2,2;
2023/11/08;0100 UTC;0;969,3;969,3;968,8;;18,4;14,7;19,3;18,4;14,8;14,6;79;75;79;72;4,5;2,3;
2023/11/08;0200 UTC;0;968,9;969,3;968,9;;17,7;14,6;18,4;17,6;14,8;14,6;84;79;82;53;3,9;1,9;
2023/11/08;0300 UTC;0;968,3;968,9;968,3;;17,4;14,6;17,7;17,3;14,6;14,3;84;81;84;67;3,2;1,8;
2023/11/08;0400 UTC;0;967,8;968,3;967,8;;16,9;17,5;17,4;16,8;17,7;14,5;;84;;74;3,5;1,6;
2023/11/08;0500 UTC;0;967,2;967,8;967,2;;16,1;;16,9;15,5;;;;;;94;3,3;1,3;
2023/11/08;0600 UTC;0;967;967,3;967;;15,3;;16,1;15,3;;;;;;63;2,4;1,2;
2023/11/08;0700 UTC;0;967,3;967,3;967;;15,1;;15,4;15,1;;;;;;76;2,5;,8;
2023/11/08;0800 UTC;0;967,1;967,3;967,1;;14,7;;15,1;14,6;;;;;;106;2,3;1,3;
2023/11/08;0900 UTC;0;967,9;967,9;967,1;101,7;15,7;;15,7;14,7;;;;;;65;2,6;1;
2023/11/08;1000 UTC;0;969,1;969,1;967,9;426,8;16,9;;16,9;15,7;;;;;;47;2,6;1;
2023/11/08;1100 UTC;0;969,2;969,4;969,1;1082,7;17,9;18,1;18,1;16,7;;;;;;64;4,5;2,6;
2023/11/08;1200 UTC;0;969,2;969,3;969,1;2069;20;16,3;20;17,8;19;14,2;;72;79;53;5,7;2,3;
2023/11/08;1300 UTC;0;968,5;969,2;968,5;3126,7;21,2;16,1;21,6;19,5;19;14,7;91;67;72;72;5,8;1,5;
2023/11/08;1400 UTC;0;967,6;968,5;967,6;3186,6;23,3;15;23,9;21,3;16,3;14,7;73;59;60;140;5,4;2;
2023/11/08;1500 UTC;0;966,8;967,6;966,8;3804,1;25,8;14,2;25,9;23,3;15,9;14;62;48;49;66;5,4;1,6;
2023/11/08;1600 UTC;0;965,6;966,8;965,6;3602,6;27,6;15,9;28,1;25,5;17,1;14;54;47;49;38;4,9;2;
2023/11/08;1700 UTC;0;964,6;965,6;964,6;3362;29,1;14,2;29,4;27,3;16,7;13,7;51;38;40;73;4,3;1,8;
2023/11/08;1800 UTC;0;963,7;964,6;963,7;2891,5;30,8;13,3;30,9;29,1;14,9;10,1;42;28;34;81;4,3;2,1;
2023/11/08;1900 UTC;0;963,5;963,7;963,4;2098,4;31,1;12,5;31,4;30,4;14,1;10,6;36;29;32;75;4,1;1,7;
2023/11/08;2000 UTC;0;963,6;963,6;963,4;1190,8;30,7;13,4;31,1;30,7;13,5;12;35;31;35;60;3,9;1,9;
2023/11/08;2100 UTC;0;964;964;963,6;360,1;28,8;15,8;30,8;28,8;15,8;13,3;45;34;45;91;4,2;2,4;
2023/11/08;2200 UTC;0;964,2;964,2;964;3,5;26,1;16,9;28,8;26,1;17;15,9;57;45;57;63;4,4;2,1;
2023/11/08;2300 UTC;0;965,1;965,1;964,2;;23,7;17,5;26,1;23,2;17,5;16,9;70;57;68;65;3,8;,4;
2023/11/09;0000 UTC;0;965,8;965,8;965,1;;23,6;17,2;23,9;22,5;17,7;17,2;73;66;67;53;2,8;1,8;
2023/11/09;0100 UTC;0;966,1;966,2;965,8;;21,9;17,3;23,6;21,4;17,4;17;77;67;75;106;2,7;,6;
2023/11/09;0200 UTC;0;965,9;966,2;965,9;;20,5;;22;19,6;20,3;16;;75;;43;1,5;,9;
2023/11/09;0300 UTC;0;965,1;965,9;965,1;;20,4;21;21,2;19,6;21,5;20,3;;100;;51;1,4;,3;
2023/11/09;0400 UTC;0;964,5;965,1;964,5;;19;;20,6;18,4;;;;;;35;1,2;,6;
2023/11/09;0500 UTC;0;964,1;964,5;963,8;;18,3;;19,5;17,8;;;;;;176;1,9;,6;
2023/11/09;0600 UTC;0;963,8;964,1;963,8;;16,9;;18,5;16,8;;;;;;329;2;1,2;
2023/11/09;0700 UTC;0;963,8;963,8;963,7;;17,6;;18,1;16,7;;;;;;190;2;,6;
2023/11/09;0800 UTC;0;964,1;964,2;963,8;;16,8;;17,6;16;;;;;;53;2,1;,6;
2023/11/09;0900 UTC;0;964,5;964,6;964,1;178,9;19;;19;16,8;;;;;;103;2;,7;
2023/11/09;1000 UTC;0;964,7;964,7;964,4;958;20,9;21,1;21,1;17,7;;;;;;134;2;,7;
2023/11/09;1100 UTC;0;964,7;965;964,7;1807,8;22,4;18,8;22,9;20,4;21,6;16,8;;69;80;49;2,9;1,6;
2023/11/09;1200 UTC;0;964,5;964,7;964,5;2621,2;25,3;18,2;25,3;22,3;20,8;15,7;91;60;65;103;3,2;1,3;
2023/11/09;1300 UTC;0;964,2;964,5;964,2;3249,7;26,7;16,8;27;24,6;18,6;15,9;64;53;55;147;3,8;1,6;
2023/11/09;1400 UTC;0;963,5;964,2;963,5;3084,7;29,4;15,6;29,4;26,7;17,9;14,9;55;43;43;62;4,2;1,2;
2023/11/09;1500 UTC;0;963,3;963,5;963,3;3604,1;31,4;14,8;32;28,8;16,6;13,9;48;36;37;268;3,6;2,1;
2023/11/09;1600 UTC;0;962,1;963,3;962,1;3378,1;32,5;15,1;32,6;31,2;16,5;14,2;41;33;35;51;4,1;1,8;
2023/11/09;1700 UTC;0;961,4;962,1;961,4;3353,4;34,3;15,5;34,4;32,1;16;13,9;38;30;32;49;5,6;1,6;
2023/11/09;1800 UTC;0;960,9;961,4;960,9;2765,7;34,7;14,3;35,2;33,9;15,8;13,1;33;28;30;90;5,3;2;
2023/11/09;1900 UTC;0;960,8;960,9;960,5;2043,9;35,7;12,8;35,8;34,6;15,3;12,6;32;25;25;290;8,3;3,7;
2023/11/09;2000 UTC;0;961;961;960,8;1319,6;33,9;14,5;35,9;33,9;14,8;11,6;31;23;31;111;6;3,7;
2023/11/09;2100 UTC;0;961,5;961,5;960,9;233,8;32,1;15,3;34;32,1;15,6;14,5;36;31;36;108;6,4;2,6;
2023/11/09;2200 UTC;0;962,1;962,2;961,5;;28,1;16,8;32,1;28,1;17,6;15,2;53;36;51;338;4,1;1,7;
2023/11/09;2300 UTC;0;962,8;962,8;962,1;;27,9;16,5;29,5;26,8;17,2;15,7;56;44;50;101;3,1;,8;
2023/11/10;0000 UTC;0;963,4;963,4;962,8;;26,9;16,4;28,3;26,2;16,9;15,9;56;48;53;49;2,3;,9;
2023/11/10;0100 UTC;0;963,5;963,7;963,4;;25,6;18,2;26,9;25,6;18,4;16,3;64;53;64;102;2,6;2;
2023/11/10;0200 UTC;0;963,6;963,6;963,4;;23,6;18;25,6;23,6;18;17,6;71;63;71;313;4;,8;
2023/11/10;0300 UTC;0;963,1;963,6;963,1;;23,6;18,1;23,7;22,8;18,4;18;76;71;71;349;2,5;1,1;
2023/11/10;0400 UTC;0;963;963,1;962,9;;23,2;18;24,2;23;18,4;18;75;69;73;79;2,8;1,2;
2023/11/10;0500 UTC;0;962,6;963;962,5;;23;18,1;23,4;21,6;18,4;17,6;80;72;74;136;2,3;1,6;
2023/11/10;0600 UTC;0;962,8;962,9;962,6;;21,8;18;23,1;21,8;18,5;18;79;74;79;37;2,4;1,5;
2023/11/10;0700 UTC;0;963,7;963,7;962,8;;22;22,2;22;20,8;22,2;17,9;;79;;173;2,4;1;
2023/11/10;0800 UTC;0;964,5;964,5;963,7;;20,9;;22;20,6;;;;;;314;2,6;,9;
2023/11/10;0900 UTC;0;965,4;965,4;964,5;73,7;21,8;22,5;21,8;20,7;;;;;;101;1,5;,8;
2023/11/10;1000 UTC;0;966,3;966,3;965,4;396,6;22,4;;22,4;21,6;23;22,4;;;;16;2,1;1,1;
2023/11/10;1100 UTC;0;966,8;966,8;966,3;1655,9;25,4;18;25,5;22,4;23,9;17,7;;64;64;76;3,9;2;
2023/11/10;1200 UTC;0;966,7;966,9;966,7;2436,1;26,6;18,4;26,8;25,3;18,9;17,4;65;60;61;75;6,1;2,9;
2023/11/10;1300 UTC;0;966,2;966,7;966,2;3078,8;27,5;18,5;28,4;26,3;19,3;17,4;63;55;58;83;5,8;2,1;
2023/11/10;1400 UTC;0;965,5;966,2;965,5;3047,8;29,2;17,8;29,8;27,5;19,4;17,5;59;50;50;70;5,1;2,4;
2023/11/10;1500 UTC;0;964,7;965,5;964,7;3577,7;30,1;16,3;30,9;28,5;18,6;16,3;52;43;43;91;5,9;2,4;
2023/11/10;1600 UTC;0;963,5;964,7;963,4;3379;31,3;17;31,8;30,1;18,9;16,1;49;42;43;63;5;2,4;
2023/11/10;1700 UTC;0;962,6;963,5;962,6;3209,1;31,9;17,1;32,6;31,2;18,3;16,4;45;39;41;70;5,7;2,9;
2023/11/10;1800 UTC;0;962,1;962,6;962;1409,9;31,6;17,6;33;31,5;18,5;16,5;44;39;43;49;5,5;1,2;
2023/11/10;1900 UTC;0;961,7;962,1;961,7;523,3;27,1;16,4;31,6;27,1;20,1;16,4;57;43;52;335;8,9;5,7;
2023/11/10;2000 UTC;0;961,6;961,8;961,4;1250,4;29,1;16,4;29,2;26,8;17,1;16,1;53;46;46;343;9,3;3,5;
2023/11/10;2100 UTC;0;962;962;961,6;217,5;27,5;18,1;29,5;27,5;18,3;16,4;57;46;57;73;5,8;2,7;
2023/11/10;2200 UTC;0;962,8;962,8;962;,3;26,7;18,2;27,5;26,7;18,2;17,2;60;55;60;74;4;2,1;
2023/11/10;2300 UTC;0;963,8;963,8;962,8;;25,8;19,6;26,8;25,8;19,7;18,3;69;60;69;87;8;4,4;
2023/11/11;0000 UTC;0;965;965;963,8;;24,2;19,9;25,8;24,2;19,9;19,7;77;69;77;64;8,5;3,6;
2023/11/11;0100 UTC;0;965,4;965,5;965;;23,3;23,6;24,2;23,3;24;19,9;;77;;87;7,4;4,6;
2023/11/11;0200 UTC;0;965,5;965,5;965,4;;23,2;23,7;23,5;23,2;23,9;21,9;;92;;94;8,5;2,4;
2023/11/11;0300 UTC;0;964,8;965,5;964,8;;22,9;;23,2;22,9;;;;;;76;5;2,3;
2023/11/11;0400 UTC;0;964;964,8;964;;22,8;;23;22,7;;;;;;102;5,1;2,4;
2023/11/11;0500 UTC;0;963,4;964;963,4;;22,2;;22,8;22,2;;;;;;65;4;2,4;
2023/11/11;0600 UTC;0;963,5;963,6;963,3;;21,9;;22,3;21,9;;;;;;61;3,5;1,7;
2023/11/11;0700 UTC;0;963,9;963,9;963,4;;21,7;;22;21,7;;;;;;58;3;1,7;
2023/11/11;0800 UTC;0;964,1;964,1;963,8;;21,7;;21,7;21,5;;;;;;106;3,2;1,7;
2023/11/11;0900 UTC;0;964,7;964,7;964,1;39,7;22;;22;21,6;;;;;;110;3,6;1,1;
2023/11/11;1000 UTC;0;964,9;964,9;964,6;286,6;22,8;;22,8;22;;;;;;108;3;1,9;
2023/11/11;1100 UTC;0;964,8;964,9;964,7;853,8;23,7;22;23,9;22,8;24;21,4;;86;90;55;3,2;1,1;
2023/11/11;1200 UTC;0;964,2;964,8;964,2;1442,9;25,5;19,7;25,7;23,7;23,6;19,1;96;67;70;279;2,5;1,2;
2023/11/11;1300 UTC;0;963,4;964,2;963,4;3077,1;27,3;19,3;27,3;25,5;20,7;18,7;75;60;62;259;3,8;2,1;
2023/11/11;1400 UTC;0;962,2;963,4;962,2;3200,3;29,8;19,6;30,2;27;20,5;18,5;62;52;54;206;5,1;1,4;
2023/11/11;1500 UTC;0;961,3;962,2;961,3;3533,6;30,8;18,5;31,4;29,7;20,5;18,5;56;47;48;352;4;1,4;
2023/11/11;1600 UTC;0;960;961,3;960;3473,1;32,6;18,2;33,2;30,7;20,5;18,2;53;42;42;139;4,1;1,6;
2023/11/11;1700 UTC;0;959,2;960;959,2;3272,5;34,7;19,5;34,8;32,6;20,1;17,2;44;37;41;294;3,9;1,5;
2023/11/11;1800 UTC;0;958,5;959,2;958,5;2266,2;33,5;18,9;35,1;33,5;20,4;18,2;45;38;42;267;5,4;3;
2023/11/11;1900 UTC;0;958;958,5;957,9;2022,6;35;17,2;35,4;33,4;20;17,2;45;35;35;281;4;2,1;
2023/11/11;2000 UTC;0;958;958;957,9;895;33,6;17,5;35,4;33,4;17,7;15,8;39;32;38;309;3,4;1,6;
2023/11/11;2100 UTC;0;958,3;958,3;957,9;384,4;32;19,2;33,8;32;19,2;17,4;47;38;47;351;2,9;1,6;
2023/11/11;2200 UTC;0;959;959;958,3;2,2;30,8;19,9;32;30;20,2;18,3;56;47;52;59;2,8;1,4;
2023/11/11;2300 UTC;0;960;960;959;;29,2;20,5;30,8;29,2;20,8;19,9;60;53;60;94;2,8;1,4;
2023/11/12;0000 UTC;0;960,9;960,9;960;;26,3;19,1;29,2;26,3;21,3;19;73;59;65;321;2,3;1,7;
2023/11/12;0100 UTC;0;961,6;961,6;960,9;;25,5;18,7;26,4;25,3;19,5;18,6;70;63;66;338;2,7;1,3;
2023/11/12;0200 UTC;0;961,5;961,8;961,5;;24,3;19,5;25,6;24,3;19,7;18,6;75;65;75;345;2;,8;
2023/11/12;0300 UTC;0;961,1;961,5;961,1;;25;19,8;25,2;23,6;20,4;19,6;81;73;73;138;2;1,4;
2023/11/12;0400 UTC;0;960,5;961,1;960,5;;24,5;19;25;23;24,6;19;;72;72;356;2;1,5;
2023/11/12;0500 UTC;0;959,9;960,5;959,9;;23,7;24,3;24,6;22,6;24,3;18,9;;71;;129;1,9;1,2;
2023/11/12;0600 UTC;0;959,7;959,9;959,7;;22;;23,9;21,4;;;;;;358;1,8;1,3;
2023/11/12;0700 UTC;0;960;960;959,7;;21,9;;22,8;21,5;;;;;;110;1,7;,5;
2023/11/12;0800 UTC;0;960,2;960,2;959,9;;20,9;;22,2;20,9;;;;;;298;1,6;,6;
2023/11/12;0900 UTC;0;961,1;961,1;960,2;119;21,8;;21,8;20,4;;;;;;346;1,6;,7;
2023/11/12;1000 UTC;0;961,6;961,6;961,1;734,2;23,8;24,3;23,8;21,7;;;;;;222;1,5;,7;
2023/11/12;1100 UTC;0;961,5;961,6;961,5;1659,6;26,4;19,5;26,4;23,8;25,2;19,5;;66;66;302;2,2;1,3;
2023/11/12;1200 UTC;0;961,4;961,5;961,3;2533,2;29,6;19,5;30,2;26,4;20,8;19,3;67;54;55;295;2,9;1,3;
2023/11/12;1300 UTC;0;960,7;961,4;960,7;3217,4;31,6;18,8;32,2;29,6;20,2;18,6;56;45;47;148;4;2,5;
2023/11/12;1400 UTC;0;960;960,7;960;3447,1;33,5;18,2;33,7;31,3;20,1;17,6;48;40;40;22;4;1,1;
2023/11/12;1500 UTC;0;959,3;960;959,3;3579,4;35,4;17,3;35,4;33,2;19,2;16,9;44;34;34;267;3,1;1;
2023/11/12;1600 UTC;0;958,5;959,3;958,5;3573,8;37,9;16,8;37,9;35,4;17,7;14,9;35;27;29;76;3,2;,9;
2023/11/12;1700 UTC;0;957,8;958,5;957,8;3296,8;37,7;15,1;38,2;36,9;17,7;14,8;31;26;26;269;5,5;1,1;
2023/11/12;1800 UTC;0;957,4;957,8;957,4;2537,4;37,8;15,7;38,3;37,1;17;14;30;25;27;54;4,4;1,7;
2023/11/12;1900 UTC;0;957,2;957,4;957,2;1455,6;36,6;15,8;37,8;36,6;17,3;14,5;31;26;29;49;3,5;1,6;
2023/11/12;2000 UTC;0;958,3;958,3;957,2;419,9;32,4;16,2;36,5;32,4;17,8;15,7;38;29;38;325;9,7;4,9;
2023/11/12;2100 UTC;3,8;960,5;960,6;958,3;159,3;27,2;18,4;32,4;23,9;20,1;16,2;76;38;59;104;23;2,3;
2023/11/12;2200 UTC;2;960,2;960,5;959,9;1,6;24,3;20,8;27,4;23,9;24,2;18,6;;58;81;355;5,5;2,7;
2023/11/12;2300 UTC;0;961,7;961,7;960,2;3,1;25,9;19,8;27,3;24,3;21,5;18,7;84;60;69;279;7,5;3,3;
2023/11/13;0000 UTC;0;963;963;961,7;;25,9;19,9;26;24,6;20,5;19,9;78;69;70;37;6,5;3,7;
2023/11/13;0100 UTC;0;963,1;963,2;963;;25,5;19,7;26,3;25,4;20;19,2;71;65;70;351;7,3;1,9;
2023/11/13;0200 UTC;0;962,7;963,1;962,7;;25,5;19,8;26,6;24,9;20,1;19,1;75;64;70;128;4,6;3,2;
2023/11/13;0300 UTC;0;962,4;962,9;962,4;;24;19,9;25,5;24;20;19,7;78;70;78;342;4,6;1,4;
2023/11/13;0400 UTC;0;961,3;962,4;961,3;;24;19,9;24,6;23,7;20,1;19,6;80;74;78;348;2,6;1;
2023/11/13;0500 UTC;0;960,2;961,3;960,2;;24;20,5;24,2;23,9;20,7;19,8;82;77;81;139;2,2;1,4;
2023/11/13;0600 UTC;0;959,7;960,2;959,7;;22,7;;24;22,7;23,8;20,4;;80;;342;2,2;1,4;
2023/11/13;0700 UTC;0;959,8;959,8;959,6;;22,9;;22,9;22,5;;;;;;297;2,4;1;
2023/11/13;0800 UTC;0;959,8;959,9;959,7;;22,9;;23;22,6;;;;;;331;1,8;,7;
2023/11/13;0900 UTC;0;960,2;960,2;959,8;162;24,3;;24,3;22,8;;;;;;106;1,4;,9;
2023/11/13;1000 UTC;0;960,7;960,7;960,2;874,1;25,1;25,3;25,1;23,8;;;;;;276;1,7;1;
2023/11/13;1100 UTC;0;960,9;960,9;960,6;1726,7;27,8;20,3;27,9;25,1;25,7;20;;62;63;129;2,1;1,1;
2023/11/13;1200 UTC;0;961,1;961,1;960,9;2503,1;29,8;19,9;30;27,8;21,1;19,8;64;55;56;256;2,9;1,4;
2023/11/13;1300 UTC;0;960,8;961,1;960,8;3118;32;18;32,5;29,8;21,4;18;58;43;43;125;3,6;1,5;
2023/11/13;1400 UTC;0;960,6;960,8;960,6;3511,3;34,2;18,3;34,4;31,9;21,3;18,3;49;39;39;168;3,6;1,5;
2023/11/13;1500 UTC;0;960;960,6;960;3853,9;35,7;18,6;35,9;33,9;19,8;17,8;43;36;37;248;4,3;1,8;
2023/11/13;1600 UTC;0;959,4;960;959,4;2832,3;34,9;19,7;37;34,4;20,4;17,8;43;34;41;316;5,7;3,4;
2023/11/13;1700 UTC;0;958,8;959,4;958,8;1596,4;34;21;35,4;34;22,1;19,5;49;41;47;306;5,8;3,9;
2023/11/13;1800 UTC;0;958,1;958,8;958,1;2034,7;36,4;17,3;36,5;34;20,9;16,2;46;31;32;304;6;2,2;
2023/11/13;1900 UTC;0;957,7;958,1;957,7;1355,7;35,9;18,6;36,9;35,7;18,6;15,7;36;29;36;356;4,6;1,2;
2023/11/13;2000 UTC;0;957,4;957,8;957,4;1205,9;35,6;18,8;37;35,6;19,3;17,8;38;33;37;30;3,9;1,8;
2023/11/13;2100 UTC;0;957,8;957,8;957,4;381,7;34;19,2;35,6;34;19,4;17,5;42;35;42;52;3,5;2,1;
2023/11/13;2200 UTC;0;959,2;959,2;957,8;12,3;31,4;19,9;34;31,3;20,9;19;53;42;51;92;4,7;2,5;
2023/11/13;2300 UTC;0;960,5;960,5;959,2;;29,3;19,5;31,6;29,3;20,1;18,3;55;46;55;90;7;1,5;
2023/11/14;0000 UTC;0;961,2;961,2;960,4;;28,1;19,1;29,4;28,1;19,9;18,9;58;55;58;133;5,1;2,9;
2023/11/14;0100 UTC;0;961,8;961,8;961,2;;26,5;19,7;28,6;26,5;19,7;18,9;67;56;67;33;4,7;1,6;
2023/11/14;0200 UTC;0;961,5;961,8;961,5;;26,2;19,9;27;26,1;19,9;19,4;68;63;68;148;3,1;1,4;
2023/11/14;0300 UTC;0;960,9;961,5;960,9;;25,7;20,2;26,6;25,7;20,4;20;72;68;72;103;2,4;1;
2023/11/14;0400 UTC;0;960,4;960,9;960,4;;23,3;21,4;25,7;23,3;21,4;20;89;72;89;11;2,2;,6;
2023/11/14;0500 UTC;0;960;960,4;959,9;;24,4;20,8;24,6;23,2;24,1;20,1;;78;80;103;4,4;2,8;
2023/11/14;0600 UTC;0;960;960,3;959,9;;23,2;;24,4;22,5;23,4;20,2;;80;;307;4,4;,8;
2023/11/14;0700 UTC;0;960;960,1;959,9;;22,4;;23,6;22,4;;;;;;277;2,8;1,4;
2023/11/14;0800 UTC;0;960,2;960,2;960;;22,3;;22,6;21,8;;;;;;340;2,6;1,6;
2023/11/14;0900 UTC;0;959,9;960,4;959,9;161,3;24,1;24,7;24,1;21,8;;;;;;52;2,6;1,3;
2023/11/14;1000 UTC;0;960,4;960,4;959,7;876,4;25,8;20,5;26;23,7;25,5;20,5;;72;73;120;4;1,3;
2023/11/14;1100 UTC;0;960,4;960,5;960,3;1726,2;28,5;22,1;28,5;25,6;22,2;20,3;73;68;68;79;3,2;,9;
2023/11/14;1200 UTC;0;960,3;960,5;960,3;2529,4;29,5;21,8;29,8;27,9;22,5;21,5;70;62;63;269;3,3;1,2;
2023/11/14;1300 UTC;0;959,7;960,3;959,7;3157,1;32,1;20,5;32,3;29,5;23;20,1;64;49;51;60;3,6;1,5;
2023/11/14;1400 UTC;0;958,8;959,7;958,8;3575,8;33,8;20,9;33,9;31,9;22;19,9;54;46;47;45;4,5;1,3;
2023/11/14;1500 UTC;0;957,9;958,8;957,9;3709,8;36,2;20,7;36,2;33,7;22,8;19,9;49;40;41;248;5;2,2;
2023/11/14;1600 UTC;0;957,1;957,9;957,1;3665,9;38,1;18,9;38,2;36,2;21,9;18,7;44;33;33;269;4,4;1;
2023/11/14;1700 UTC;0;956,2;957,1;956,2;3181,3;38,7;19,5;39;37,4;20,3;18;36;31;33;246;5,1;2,9;
2023/11/14;1800 UTC;0;955,7;956,2;955,7;1581,8;36,8;17,7;38,8;36,5;20,2;17,7;36;30;33;293;7,7;2,5;
2023/11/14;1900 UTC;0;955,4;955,7;955,4;804,6;35;17,9;37;35;18,9;17,2;38;32;36;266;5,3;3;
2023/11/14;2000 UTC;0;956;956;955,1;299,8;34,4;15,8;35;33,6;18,2;15,8;38;33;33;225;4,9;,5;
2023/11/14;2100 UTC;0;957,3;957,3;956;117,3;30,5;20,3;34,5;30,5;21,3;15,9;55;33;55;62;7,9;3,5;
2023/11/14;2200 UTC;0;958,7;958,7;957,3;3,3;29,5;19,2;30,5;29,5;20,4;18,9;57;53;54;97;5,7;3,4;
2023/11/14;2300 UTC;0;959,7;959,7;958,7;;27,8;19,1;29,5;27,8;19,5;19,1;59;54;59;59;7;3,6;
2023/11/15;0000 UTC;0;960,9;960,9;959,7;;26,5;20,2;27,8;26,5;20,2;19;68;59;68;83;8,6;4,5;
2023/11/15;0100 UTC;0;962,6;962,9;960,9;;26,1;20,9;26,5;25,6;21,2;20,2;76;68;73;154;8,4;1,6;
2023/11/15;0200 UTC;0;962,8;962,9;962,3;;25,3;20,7;26,3;25,3;21,2;20,6;76;72;76;58;4,9;2,5;
2023/11/15;0300 UTC;0;962,6;963,1;962,5;;24,4;20,8;25,3;24,4;21;20,6;81;76;81;69;4,4;2,1;
2023/11/15;0400 UTC;0;962,4;962,6;962,2;;23,5;19,8;24,4;23,5;20,8;19,6;81;76;80;11;4,4;,8;
2023/11/15;0500 UTC;0;962,2;962,4;962,2;;23,8;24,5;23,8;23,3;24,5;19,7;;80;;140;2,6;,7;
2023/11/15;0600 UTC;0;962,1;962,3;962;;23,6;;24,2;23,6;;;;;;311;4,2;1,5;
2023/11/15;0700 UTC;0;962,1;962,3;962;;23,9;;23,9;23,4;;;;;;58;3,5;1,4;
2023/11/15;0800 UTC;0;962,9;963,4;962,1;;23,5;;23,9;23,4;;;;;;213;4;2,3;
2023/11/15;0900 UTC;7,2;962,5;962,9;962,2;76,7;23,1;;23,7;22,8;;;;;;88;4,8;1,6;
2023/11/15;1000 UTC;0;962,5;962,6;962,3;626,2;24,5;;24,7;23,1;;;;;;145;4,6;1,1;
2023/11/15;1100 UTC;0;962,1;962,8;962,1;1531,3;26,3;24,1;26,4;24,4;26;22,2;;78;88;66;3,4;1,1;
2023/11/15;1200 UTC;0;961,8;962,2;961,8;2441,9;27,2;25,1;27,3;26,2;26,2;21,5;97;74;88;182;2,8;1,4;
2023/11/15;1300 UTC;0;961;961,8;961;3222,7;29;22,3;29,2;26,9;25,7;21,4;91;64;67;173;3,9;2;
2023/11/15;1400 UTC;0;960,2;961;960,2;3507,2;31,2;22,5;31,2;29;22,9;21,2;67;58;60;278;3,9;2,2;
2023/11/15;1500 UTC;0;959,5;960,3;959,5;3737;32,7;22;32,9;30,8;23,5;21,4;62;53;54;310;5,1;2,3;
2023/11/15;1600 UTC;0;959;959,6;958,8;1554,7;29,2;23,9;33;29,2;24,3;21,4;73;52;73;284;6,1;4,3;
2023/11/15;1700 UTC;19,6;959,2;960,2;958,9;71;21,8;22,2;29,2;21,7;26,4;14,8;;50;;27;16,3;5,1;
2023/11/15;1800 UTC;,4;958,9;959,3;957,8;83,2;23,5;24;23,5;21,6;24;18,3;;75;;115;9;1,3;
2023/11/15;1900 UTC;0;959;959,4;958,4;78,4;22,6;;23,5;21,9;;;;;;43;4,9;2,6;
2023/11/15;2000 UTC;0;959,3;959,4;958,7;101,6;22,7;23,4;22,9;22,4;;;;;;141;6,3;1,7;
2023/11/15;2100 UTC;,2;962,4;962,4;958,8;82,3;21,3;21,9;24,9;21,3;;;;;;244;20,9;14,6;
2023/11/15;2200 UTC;,2;961,2;962,5;960,5;1,4;20,8;;21,6;20,5;;;;;;18;20,9;3,1;
2023/11/15;2300 UTC;,2;961,5;961,8;961,2;;21,9;22,5;22,7;20,7;;;;;;95;6,7;2,6;
2023/11/16;0000 UTC;,6;961,9;962;960,8;;21,5;;21,9;20,9;;;;;;122;5,9;1,5;
2023/11/16;0100 UTC;0;961,2;962;961,2;;20,9;;22;20,8;;;;;;318;3,3;1,2;
2023/11/16;0200 UTC;0;961,3;961,6;961;;21,2;;21,4;20,8;;;;;;275;5,1;2,7;
2023/11/16;0300 UTC;0;960,4;961,4;960,4;;22,6;22,6;22,8;21,2;;;;;100;237;8,5;5,1;
2023/11/16;0400 UTC;0;960,3;960,7;960,3;;21,3;;22,6;21,3;22,8;22,2;;100;;278;8,3;2,9;
2023/11/16;0500 UTC;0;959,6;960,3;959,5;;23,9;18,3;23,9;21,2;22,8;18,3;;71;71;260;11,7;6,9;
2023/11/16;0600 UTC;0;960,8;960,8;959,6;;22,7;21,8;24;22,2;22,3;17,9;100;69;95;336;11,7;2,1;
2023/11/16;0700 UTC;0;960,2;960,8;960,2;;20,9;;23,4;20,8;;;;;;263;4,2;1,7;
2023/11/16;0800 UTC;0;959,7;960,3;959,7;;20,3;;21,3;20,2;;;;;;302;3,3;1,9;
2023/11/16;0900 UTC;0;959,6;960,2;959,6;75;21,2;;21,6;20,3;;;;;;175;3,5;,8;
2023/11/16;1000 UTC;0;959,9;960;959,5;753,8;23,5;23;24,1;21,2;;;;;97;62;3,4;2;
2023/11/16;1100 UTC;0;958,9;959,9;958,8;1540,5;26,3;19,3;26,4;23,3;24,3;19,2;;65;65;98;4,4;2,4;
2023/11/16;1200 UTC;0;959;959,1;958,9;2421,1;28,5;18,9;28,6;26,1;20,1;18,5;65;56;56;241;4,3;1,1;
2023/11/16;1300 UTC;0;958,2;959;958,2;3251,4;30,6;18,8;30,7;28;19,5;17,5;59;47;50;63;3,5;1,6;
2023/11/16;1400 UTC;0;958;958,2;957,9;3328,1;31,3;19,1;31,4;30,3;19,9;17,6;52;45;48;257;3,8;1,4;
2023/11/16;1500 UTC;0;957,7;958;957,7;3537,6;33,2;20,5;33,2;31,3;20,5;17,2;51;40;47;307;5,2;2;
2023/11/16;1600 UTC;0;957,1;957,8;957,1;2976,1;34,7;19,2;34,8;33,1;19,9;16,8;47;35;40;261;5;1,6;
2023/11/16;1700 UTC;0;956,6;957,1;956,6;2981,3;35,2;18,6;35,4;34,1;19,9;17;42;35;38;190;3,5;1,8;
2023/11/16;1800 UTC;0;956;956,6;956;1578,1;35;18,8;35,4;35;19,7;17,4;40;35;39;257;4;1,8;
2023/11/16;1900 UTC;0;955,9;956;955,8;1610,4;35,5;17,5;35,8;34,9;20,2;17,3;42;34;35;270;3,9;1,8;
2023/11/16;2000 UTC;0;956,4;956,4;955,8;601,5;33,3;20;35,5;33,3;20,6;17,7;47;35;46;345;3,2;1,4;
2023/11/16;2100 UTC;0;956,9;956,9;956,4;158,5;30,5;22,1;33,3;30,5;22,5;20;62;46;61;330;2,2;1,3;
2023/11/16;2200 UTC;0;956,9;956,9;956,8;,1;29,2;20,9;30,5;29,1;22,8;20,8;67;58;61;317;2,3;1,7;
2023/11/16;2300 UTC;0;957,8;957,8;956,9;;27,8;20,9;29,2;27,8;21,9;20,4;68;60;66;342;2,1;,7;
2023/11/17;0000 UTC;0;958,8;958,8;957,8;;27,5;21,1;28,4;27,5;21,8;19,9;71;60;68;73;4;1,1;
2023/11/17;0100 UTC;0;959,4;959,4;958,8;;26;20,8;27,5;25,9;21,6;20,6;76;68;73;312;2,1;1,1;
2023/11/17;0200 UTC;0;959,3;959,4;959,3;;25;21,2;26,1;25;21,3;20,5;80;72;80;289;1,6;,7;
2023/11/17;0300 UTC;0;958,9;959,3;958,9;;25,1;19,5;25,1;23,8;25,1;19,5;;71;71;331;3,1;1,3;
2023/11/17;0400 UTC;0;958,6;958,9;958,6;;24,6;21,7;25,2;24,3;21,7;19,3;84;70;84;120;2;1,5;
2023/11/17;0500 UTC;0;958,2;958,6;958,1;;23,5;20,6;24,6;23,5;;;;;84;69;2,6;1,6;
2023/11/17;0600 UTC;0;958,2;958,4;958,1;;23,4;;23,6;23,3;;;;;;100;2,7;2;
2023/11/17;0700 UTC;0;958,4;958,5;958,2;;23,2;;23,4;23;;;;;;89;2,7;1,5;
2023/11/17;0800 UTC;0;958,8;958,8;958,3;;22;;23,2;21,6;;;;;;20;2;1;
2023/11/17;0900 UTC;0;959,5;959,5;958,8;142,2;21,3;;22,3;21,3;;;;;;331;1,5;1;
2023/11/17;1000 UTC;0;959,9;959,9;959,5;610,9;24,2;;24,3;21,3;;;;;;177;1,5;,7;
2023/11/17;1100 UTC;0;959,9;959,9;959,7;975,1;26,4;21,7;26,4;24;25,9;20,7;;71;76;54;2,2;,4;
2023/11/17;1200 UTC;0;960;960;959,8;1392,7;27,7;20,8;27,7;26,3;22,7;19,2;85;64;66;269;1,8;1;
2023/11/17;1300 UTC;0;959,6;960;959,6;2400;30,1;18,7;30,4;27,7;21,5;18,7;66;50;50;304;2,5;1,2;
2023/11/17;1400 UTC;0;959,1;959,6;959,1;3116,1;32,2;18,8;32,2;29,9;20,2;16,9;53;43;45;85;3,7;1,6;
2023/11/17;1500 UTC;0;958,3;959,1;958,3;3194,8;33,2;17,7;33,2;31,9;19,4;16,8;47;38;40;71;3,7;1,5;
2023/11/17;1600 UTC;0;957,7;958,3;957,7;2760,7;34,4;19,1;34,5;33;20;17;45;38;41;300;3,6;2;
2023/11/17;1700 UTC;0;956,9;957,7;956,9;2441,6;34,3;20,9;34,9;33,8;20,9;18,2;46;38;46;40;3,7;1,3;
2023/11/17;1800 UTC;0;956,3;956,9;956,3;2451,3;35,2;20,9;35,7;34,2;21,6;19,2;47;39;44;49;3,4;1,1;
2023/11/17;1900 UTC;0;955,9;956,3;955,9;1625,6;34,6;19,9;36;34,5;21,4;19,7;45;39;42;25;3,3;1,3;
2023/11/17;2000 UTC;0;956;956;955,8;722,7;33,9;23,1;34,6;33,9;23,1;19,9;53;42;53;339;2,2;1,4;
2023/11/17;2100 UTC;0;956,4;956,4;955,9;242,7;31,9;23;33,9;31,9;24,7;23;64;54;59;344;2,7;1,5;
2023/11/17;2200 UTC;0;956,8;956,8;956,3;10,8;31,3;19,9;32;31,2;22,7;19,9;59;50;51;15;2,5;,4;
2023/11/17;2300 UTC;0;957,6;957,6;956,8;;29,9;20;31,4;29,9;20,1;19;55;50;55;355;2,3;1,7;
2023/11/18;0000 UTC;0;958,2;958,2;957,6;;29,5;20,5;30,8;28,8;20,5;18,1;59;47;58;14;2,3;1,5;
2023/11/18;0100 UTC;0;958,9;958,9;958,2;;28,3;23,5;29,8;28,3;23,6;20,6;76;59;76;78;4,9;2,5;
2023/11/18;0200 UTC;0;958,6;959;958,6;;26,9;19,1;28,3;26,9;23,6;19;77;61;62;99;5,9;2,9;
2023/11/18;0300 UTC;0;958,2;958,7;958,2;;26,1;19,4;27;25,5;19,5;19,1;69;62;67;28;4,9;2,5;
2023/11/18;0400 UTC;0;957,4;958,2;957,4;;25,9;19,6;26,7;25,4;19,8;19,1;71;63;68;95;3,6;1,3;
2023/11/18;0500 UTC;0;957,1;957,5;956,7;;24,8;20,2;25,9;24,5;20,2;19,5;76;68;76;152;5,8;2,3;
2023/11/18;0600 UTC;0;957,6;957,6;956,9;;23,9;20,6;25,1;23,7;21,8;19,9;89;73;82;318;3,6;,8;
2023/11/18;0700 UTC;0;957,8;957,8;957,5;;24,6;20,4;24,8;23,4;23,4;20,3;99;76;78;47;3,5;1,7;
2023/11/18;0800 UTC;0;958,2;958,4;957,8;;23,2;;24,5;22,9;23,7;20,3;;78;;18;2,6;1,9;
2023/11/18;0900 UTC;0;958,4;958,5;958,1;193,9;24,7;25,4;24,7;23;;;;;;152;2,4;1,2;
2023/11/18;1000 UTC;0;958,4;958,4;958,2;904,1;27,5;22,1;27,5;24,7;26;21;;71;73;264;1,7;,4;
2023/11/18;1100 UTC;0;958,4;958,4;958,2;1620,2;29;21,6;29;27,5;22,3;20,7;73;63;64;66;3,1;1,3;
2023/11/18;1200 UTC;0;958,4;958,5;958,3;2332,5;31;22;31,3;29;22,2;21;65;55;59;75;3,4;1,5;
2023/11/18;1300 UTC;0;957,7;958,4;957,7;2989,7;32,8;21,6;32,9;30,9;22,9;21,1;60;51;52;230;3,5;1,9;
2023/11/18;1400 UTC;0;957,2;957,7;957,2;3246,2;35,1;20,9;35,3;32,8;22,3;20,9;53;43;44;277;3,9;2,3;
2023/11/18;1500 UTC;0;957,2;957,3;957,2;3142,1;36;20,2;36,5;35,1;22,5;20,1;46;39;40;247;5,7;3,9;
2023/11/18;1600 UTC;0;956,6;957,2;956,6;3033;37,7;18,9;37,9;35,9;21,5;18;42;32;34;195;5,6;1,7;
2023/11/18;1700 UTC;0;956,1;956,6;956,1;3458,6;38,4;17,4;38,9;37,7;20;17,4;34;29;29;272;5,3;1,8;
2023/11/18;1800 UTC;0;955,2;956,1;955,2;2628,4;38,7;17,1;39,3;37,9;19,7;17,1;34;28;28;318;5,4;1,2;
2023/11/18;1900 UTC;0;955;955,2;955;1572,8;37,9;19,9;39;37,7;20,4;17,1;37;28;35;11;4,6;1,1;
2023/11/18;2000 UTC;0;955,1;955,1;954,7;1039,2;36,9;18,7;38,8;36,9;19,8;16,3;36;28;35;301;3,7;1,3;
2023/11/18;2100 UTC;0;956,3;956,3;955,1;159;33,2;21,5;36,8;33,2;21,5;16,8;51;32;51;319;4,7;2,2;
2023/11/18;2200 UTC;0;957,3;957,3;956,3;2,8;30,3;19,8;33,8;30,3;22,2;18,2;54;42;53;245;13;2,7;
2023/11/18;2300 UTC;0;958,7;958,7;957,3;;29,5;20;30,5;28,8;20,3;19,5;60;52;57;346;4,9;3,1;
2023/11/19;0000 UTC;0;958,4;958,8;958,4;;30,5;19,6;32,8;29,4;19,8;17,2;57;40;52;165;6,7;1;
2023/11/19;0100 UTC;0;959,5;959,5;958,4;;27,3;21,1;30,6;27,3;21,3;19,5;70;52;69;327;3,4;1,7;
2023/11/19;0200 UTC;0;959,4;959,8;959,3;;28,6;21;28,6;26,9;21,1;20,4;71;64;64;79;3,3;1,3;
2023/11/19;0300 UTC;0;958,7;959,4;958,6;;25,7;22;28,6;25,7;22,6;20,8;80;63;80;345;3,5;1,4;
2023/11/19;0400 UTC;0;958,4;958,7;958,3;;25,8;22;26,1;25,3;22;21,6;81;78;80;259;3,8;2,3;
2023/11/19;0500 UTC;0;957,8;958,4;957,7;;26,1;21,9;26,2;25,1;22,2;21,5;84;76;78;66;3,4;1,3;
2023/11/19;0600 UTC;0;958,4;958,5;957,8;;26;22;26,6;25,9;22,2;21,7;80;75;79;87;4,2;2,1;
2023/11/19;0700 UTC;0;959,1;959,1;958,4;;26;25,4;26,2;24,9;26,2;21,9;;79;97;63;4,3;2,7;
2023/11/19;0800 UTC;0;960,5;960,5;959,1;;25,7;22;26;25,5;25,4;21,6;97;77;80;50;4,9;,8;
2023/11/19;0900 UTC;0;961,6;961,6;960,5;54,1;26;22,1;26,1;25,5;22,3;21,9;83;78;79;55;3,8;2;
2023/11/19;1000 UTC;0;962,6;962,6;961,6;274,5;26,4;22,2;26,4;25,8;22,7;22;83;78;78;48;3,8;1,3;
2023/11/19;1100 UTC;,2;963,3;963,5;962,6;299;26,6;21,2;26,6;25,5;23;21,2;86;72;72;255;7;3,3;
2023/11/19;1200 UTC;0;963,5;963,5;963,1;1323;27,7;19,6;27,7;26,3;21,4;19;73;59;61;245;13,9;5,9;
2023/11/19;1300 UTC;0;963,8;964;963,5;1547,1;27,3;18,5;27,9;26,8;19,9;18,5;65;57;59;200;10,9;3,3;
2023/11/19;1400 UTC;0;963,2;963,9;963,2;3232,7;27,9;21,3;29,8;27,3;21,6;18,7;69;54;67;77;8,3;4,3;
2023/11/19;1500 UTC;0;962,7;963,3;962,7;1494,2;27;20,9;28;26,6;22,1;20,9;73;66;69;104;8,4;5,1;
2023/11/19;1600 UTC;0;962,5;962,7;962,2;2369,1;28;20,9;28,3;26,9;21,6;20,5;71;65;65;89;8,4;4,5;
2023/11/19;1700 UTC;0;962;962,6;962;1759,3;27,6;20,4;28,3;27,3;21,3;20,3;67;64;65;112;8,3;4,4;
2023/11/19;1800 UTC;0;961,6;962;961,5;1177,1;26,6;20,8;28;26,6;21;19,9;71;63;71;139;7,1;4,3;
2023/11/19;1900 UTC;0;962,2;962,2;961,6;276,9;25,9;21,1;26,6;25,8;21,3;20,5;76;70;75;114;6,7;4,1;
2023/11/19;2000 UTC;2,8;963,8;963,8;962,2;31,6;24;;26,1;24;25,2;21;;74;;260;5,7;1,9;
2023/11/19;2100 UTC;5,2;964,4;964,8;963,8;14,6;21,8;;24;21,6;;;;;;268;11,5;3,2;
2023/11/19;2200 UTC;1;965,1;965,1;964,2;;21,6;;22,1;21,5;;;;;;67;5;1,9;
2023/11/19;2300 UTC;,2;965,6;965,6;965,1;;21,9;;21,9;21,5;;;;;;50;3,2;1;
2023/11/20;0000 UTC;,4;966,1;966,2;965,6;;21,4;;21,9;21,4;;;;;;326;1,9;,9;
2023/11/20;0100 UTC;,6;965,4;966,1;965,4;;21,4;;21,5;21,1;;;;;;32;1,9;,7;
2023/11/20;0200 UTC;,4;964;965,4;964;;21,4;;21,6;21,4;;;;;;112;3,7;2,5;
2023/11/20;0300 UTC;0;964,2;964,6;963,9;;21,3;;21,6;21,3;;;;;;283;6;3,6;
2023/11/20;0400 UTC;0;964,1;964,5;964,1;;21,1;;21,4;21,1;;;;;;339;6;,9;
2023/11/20;0500 UTC;,2;963,3;964,1;963,3;;20,9;;21,2;20,9;;;;;;177;3,1;1,1;
2023/11/20;0600 UTC;0;962,9;963,3;962,9;;20,9;;21,3;20,9;;;;;;325;3,2;1,6;
2023/11/20;0700 UTC;0;962,8;963;962,8;;20,9;;21;20,7;;;;;;1;3,2;1,2;
2023/11/20;0800 UTC;0;963,2;963,2;962,7;;21,1;;21,1;20,8;;;;;;58;2,9;,9;
2023/11/20;0900 UTC;0;963,8;963,8;963,2;45,6;21,5;;21,6;20,9;;;;;;99;2,2;,8;
2023/11/20;1000 UTC;,2;964,6;964,6;963,8;188,9;21,5;;21,8;21,4;;;;;;8;2;,8;
2023/11/20;1100 UTC;,2;964,9;964,9;964,6;305,5;21,7;;21,7;21,4;;;;;;353;2;,8;
2023/11/20;1200 UTC;,2;965,4;965,4;964,9;824,9;23,4;;23,4;21,7;;;;;;52;3,5;2,1;
2023/11/20;1300 UTC;0;964,9;965,5;964,9;1368,8;23,9;24,5;24;23,4;;;;;;34;3,7;1,9;
2023/11/20;1400 UTC;0;964,5;964,9;964,5;1005,5;23,5;;24,2;23,3;;;;98;;63;6,2;2,5;
2023/11/20;1500 UTC;0;963,8;964,5;963,8;2198,3;25,7;24,3;25,9;23,5;25,5;20,5;;76;92;104;6,4;3,5;
2023/11/20;1600 UTC;0;963,4;963,8;963,4;3419,4;27,3;20,8;27,7;25,6;25,8;19,8;100;65;68;99;7,1;3,8;
2023/11/20;1700 UTC;0;962,7;963,4;962,7;1544,1;26,4;20,8;27,3;26,2;22,7;19,8;81;65;71;110;8,5;5,2;
2023/11/20;1800 UTC;1,8;962,8;962,8;962,6;404,6;23,8;;26,4;23,8;24,6;21,1;;72;;96;8,5;4,1;
2023/11/20;1900 UTC;2,6;963,1;963,1;962,6;334,8;23,4;;23,8;23,4;;;;;;67;6,5;1,6;
2023/11/20;2000 UTC;4,2;963,7;963,7;963,1;48,2;22,6;;23,4;22,6;;;;;;56;4,1;1,1;
2023/11/20;2100 UTC;3,2;964;964;963,7;52,8;21,9;;22,6;21,9;;;;;;70;6,2;3,3;
2023/11/20;2200 UTC;0;964,6;964,6;964;4,9;21,5;;21,9;21,4;;;;;;65;6,2;2,9;
2023/11/20;2300 UTC;0;965;965;964,6;,9;20,9;;21,5;20,9;;;;;;74;5,9;2,9;
2023/11/21;0000 UTC;0;965,2;965,2;964,9;1,8;20,8;;20,9;20,7;;;;;;99;5,8;2,1;
2023/11/21;0100 UTC;0;965,6;965,6;965,2;1,9;20,8;;20,9;20,8;;;;;;116;6,3;3,3;
2023/11/21;0200 UTC;0;965,4;965,6;965,4;1,2;20,4;;20,8;20,4;;;;;;18;5,6;2,7;
2023/11/21;0300 UTC;,4;964,7;965,4;964,7;;20,5;;20,6;20,3;;;;;;54;5;1,5;
2023/11/21;0400 UTC;0;964,3;964,8;964,3;,8;20,5;;20,6;20,4;;;;;;65;5;1,7;
2023/11/21;0500 UTC;0;963,5;964,3;963,5;,3;20,4;;20,5;20,4;;;;;;53;3,5;1;
2023/11/21;0600 UTC;0;963,2;963,6;963,2;,1;20,5;;20,5;20,4;;;;;;65;2,4;,9;
2023/11/21;0700 UTC;0;963,6;963,6;963,1;1;20,5;;20,5;20,4;;;;;;116;3,9;1,4;
2023/11/21;0800 UTC;0;963,6;963,6;963,3;1,1;20,5;;20,6;20,5;;;;;;4;3;1,5;
2023/11/21;0900 UTC;0;963,7;963,7;963,5;29,9;20,6;;20,6;20,3;;;;;;35;2;,7;
2023/11/21;1000 UTC;0;964;964;963,7;127,9;20,7;;20,9;20,6;;;;;;321;1,5;1;
2023/11/21;1100 UTC;0;964;964;963,9;215,1;20,9;;20,9;20,6;;;;;;281;2,6;1,1;
2023/11/21;1200 UTC;0;964,5;964,5;964;462,9;21,6;;21,7;20,7;;;;;;309;2,3;1,6;
2023/11/21;1300 UTC;,2;964;964,5;964;1555,3;24,4;20,1;24,4;21,6;;;;;77;239;2,3;,8;
2023/11/21;1400 UTC;0;963,1;964;963,1;3300;25,8;24,4;26,4;24,3;25,3;19,6;98;70;92;351;4;1,5;
2023/11/21;1500 UTC;0;962,2;963,2;962,2;3097,8;27,5;23,3;27,5;25,5;25,2;20,3;93;69;78;33;4,1;2;
2023/11/21;1600 UTC;0;961,1;962,2;961,1;3759,9;28,6;21;28,7;27,2;25;20,2;87;61;63;74;3,8;1,8;
2023/11/21;1700 UTC;0;960;961,1;960;3308,3;30,1;21;30,1;28,6;21,9;20;65;56;58;3;4,7;1,7;
2023/11/21;1800 UTC;0;959,1;960;959,1;2351,7;31,2;19,5;31,2;29,6;21,7;18,9;60;48;50;69;3,7;1,5;
2023/11/21;1900 UTC;0;958,5;959,1;958,5;1784,6;30,8;20,6;31,6;30,4;21,5;18,3;58;46;54;73;4,4;1,6;
2023/11/21;2000 UTC;0;958,8;958,9;958,5;1285;29,1;20,4;31,8;29;21,8;20,1;60;51;60;53;8,3;3,2;
2023/11/21;2100 UTC;0;959,6;959,6;958,8;421,4;26,4;20,4;29,1;26,4;20,5;19,7;70;59;70;105;8,4;5,2;
2023/11/21;2200 UTC;0;960,5;960,5;959,5;18,3;25,2;20,8;26,4;25,2;20,9;20,2;76;70;76;63;8,9;1,5;
2023/11/21;2300 UTC;0;961,2;961,2;960,5;;24,9;21,7;25,2;24,7;22,4;20,6;88;76;82;83;3;,6;
2023/11/22;0000 UTC;0;961,6;961,7;961,2;;24,6;;25,4;24,4;25,1;21,2;;78;;34;3,4;1,2;
2023/11/22;0100 UTC;0;961,5;961,8;961,5;;25;22,9;25,1;24,4;25,3;22,5;;86;88;93;4,1;2,4;
2023/11/22;0200 UTC;0;961;961,5;961;;24,3;;25,1;24,3;;;;;;75;4,1;1,3;
2023/11/22;0300 UTC;0;960,6;961;960,6;;24;;24,3;24;;;;;;92;2,9;1,9;
2023/11/22;0400 UTC;,2;959,8;960,6;959,8;;23,4;;24;23,4;;;;;;27;3,5;1,6;
2023/11/22;0500 UTC;0;959,6;959,8;959,5;;23,1;;23,4;23,1;;;;;;47;2,7;,5;
2023/11/22;0600 UTC;0;959,4;959,6;959,4;;23,1;;23,3;23,1;;;;;;51;1,9;,5;
2023/11/22;0700 UTC;0;959,6;959,6;959,4;;23;;23,1;23;;;;;;27;1,7;,6;
2023/11/22;0800 UTC;0;960,3;960,3;959,6;;22,8;;23,2;22,8;;;;;;285;2,3;,7;
2023/11/22;0900 UTC;0;961,3;961,3;960,3;89,3;23,1;;23,1;22,8;;;;;;310;1,9;1,3;
2023/11/22;1000 UTC;0;962,1;962,1;961,3;480,4;24,1;;24,2;23,1;;;;;;332;2,5;1,4;
2023/11/22;1100 UTC;0;962;962,3;962;1621,7;26,4;24,8;26,7;24,1;;;;;91;253;3,5;1,7;
2023/11/22;1200 UTC;0;961,7;962;961,7;2469,4;28;21,1;28,5;26,3;26,1;20,7;97;65;66;234;3,5;1,2;
2023/11/22;1300 UTC;0;961,2;961,7;961,2;3176,8;29,6;20,3;30;28;21,8;19,9;68;56;57;264;4,1;1,5;
2023/11/22;1400 UTC;0;960,4;961,2;960,4;3602;31,5;21,1;31,5;29,5;21,5;19,7;59;51;54;51;4,3;,8;
2023/11/22;1500 UTC;0;959,7;960,4;959,7;3764;32,6;20,6;32,8;30,8;21,8;19,6;55;49;49;299;4,9;1,8;
2023/11/22;1600 UTC;0;958,6;959,7;958,6;3702;33,1;20,1;33,7;32,3;21,9;20;53;46;47;32;5,3;2;
2023/11/22;1700 UTC;0;957,5;958,6;957,5;3280,8;33,9;20,5;34,3;33;21,9;19,7;50;44;46;51;4,6;2;
2023/11/22;1800 UTC;0;956,8;957,5;956,8;2760,1;34,4;20,5;34,9;33,7;21,7;19,6;49;42;44;202;3,7;2,1;
2023/11/22;1900 UTC;0;956,2;956,8;956,2;1942,4;34,7;21;35,1;34,1;21;19,2;45;40;45;121;3,6;1,3;
2023/11/22;2000 UTC;0;956,5;956,5;956,1;906;33,8;19,2;35,2;33,7;20,4;19,1;45;40;42;260;3;1,2;
2023/11/22;2100 UTC;0;957,3;957,3;956,5;58;30,3;21,4;33,9;30,2;22,5;19,2;61;42;59;307;3,4;2,1;
2023/11/22;2200 UTC;8,8;958,8;958,8;957,2;9,2;25,4;24,8;30,3;23,1;;;;;97;246;16,7;4;
2023/11/22;2300 UTC;0;959,4;959,8;958,8;7,3;23,8;21,1;25,4;23,3;25;19,7;;74;85;296;7,2;2,9;
2023/11/23;0000 UTC;0;960,2;960,2;959,4;;24,5;21;24,6;23,6;24,4;21;;81;81;100;4,8;1;
2023/11/23;0100 UTC;0;961,6;961,6;960,2;;23,9;;24,5;23,2;;;;;;86;2,5;,8;
2023/11/23;0200 UTC;0;961,6;961,8;961,6;;23,6;;23,9;22,8;;;;;;72;2,2;1;
2023/11/23;0300 UTC;0;961,3;961,7;961,2;;23,2;;23,6;22,9;;;;;;221;2,4;1;
2023/11/23;0400 UTC;0;960,5;961,3;960,5;;22,4;;23,2;22,2;;;;;;281;2,9;1,6;
2023/11/23;0500 UTC;0;959,7;960,5;959,7;;22,2;;22,9;22,2;;;;;;325;2,7;1;
2023/11/23;0600 UTC;0;959,6;959,7;959,5;;22,8;;22,8;22,2;;;;;;80;1,9;1,2;
2023/11/23;0700 UTC;0;960;960;959,4;;22,2;;22,8;22,2;;;;;;316;1,9;,7;
2023/11/23;0800 UTC;0;960,7;960,7;959,9;;22;;22,3;22;;;;;;341;1,9;,8;
2023/11/23;0900 UTC;0;961,1;961,1;960,7;145;22,3;;22,3;22;;;;;;3;2,1;1,2;
2023/11/23;1000 UTC;0;962;962;961,1;261;23,1;;23,3;22,3;;;;;;8;2,4;1,3;
2023/11/23;1100 UTC;0;962,4;962,4;962;449,8;24,2;;24,2;23,1;;;;;;271;2;1;
2023/11/23;1200 UTC;0;962,9;962,9;962,4;359,7;24,2;;24,4;23,9;;;;;;9;2,1;1,2;
2023/11/23;1300 UTC;0;962,9;963;962,9;1588,1;27,2;23,5;27,3;24,2;;;;;80;275;2,7;1,2;
2023/11/23;1400 UTC;0;962,5;962,9;962,4;2276,3;29,3;22,2;29,3;27,2;24;20,8;81;63;66;67;2,7;1,4;
2023/11/23;1500 UTC;,2;961,7;962,5;961,7;2874;30,3;20,8;30,7;29,2;22,6;20,3;67;55;57;61;3,4;1,3;
2023/11/23;1600 UTC;0;961,1;961,7;961,1;3022;31;20,6;32,3;30,2;21,8;19,5;58;47;54;285;5;2,7;
2023/11/23;1700 UTC;,2;960,6;961,1;960,6;1261,1;29,9;23;31;28,9;23,4;20,5;71;54;67;255;5,5;2,6;
2023/11/23;1800 UTC;0;959,9;960,6;959,9;1364,1;30,2;21;31,5;29,9;23,3;19,8;68;50;58;290;3,8;1;
2023/11/23;1900 UTC;,2;959,9;960;959,7;978,4;31;20,5;31,1;30,1;22,2;19;60;50;53;265;2,3;1,4;
2023/11/23;2000 UTC;0;960;960;959,5;573,4;29,4;22,5;31;29,4;23,1;19,8;68;51;66;349;3,3;1,9;
2023/11/23;2100 UTC;0;960,2;960,3;960;179,1;28,4;21,5;29,4;28,4;22,7;21,5;68;64;66;85;3,8;1,7;
2023/11/23;2200 UTC;0;961,8;961,8;960,2;20,2;26,6;21,2;28,4;26,6;21,6;21,1;72;66;72;51;5,8;3,5;
2023/11/23;2300 UTC;0;964;964;961,8;;25,4;21,2;26,7;25,4;21,8;21;78;72;78;98;9,7;4,7;
2023/11/24;0000 UTC;,4;965,2;965,2;964;;23,5;;25,4;23,5;;;;;;95;9,4;3;
2023/11/24;0100 UTC;0;965,8;965,9;965,2;;23,5;;23,7;23,5;;;;;;78;5,4;2,1;
2023/11/24;0200 UTC;1,6;965,8;966;965,8;;23,2;;23,5;23,1;;;;;;86;4,4;2,3;
2023/11/24;0300 UTC;2,4;965,2;965,8;965,2;;23;;23,2;23;;;;;;66;3,8;1,7;
2023/11/24;0400 UTC;1;964,9;965,2;964,9;0;22,7;;23;22,7;;;;;;83;3,6;1,7;
2023/11/24;0500 UTC;,6;964,5;965;964,5;,2;22,9;;23;22,5;;;;;;234;5,4;2,4;
2023/11/24;0600 UTC;0;964,3;964,5;964,3;1,3;22,7;;23,1;22,6;;;;;;122;6,9;2,3;
2023/11/24;0700 UTC;1;964,5;964,6;964,3;;22,7;;22,9;22,6;;;;;;117;3,6;1,4;
2023/11/24;0800 UTC;,2;965,1;965,1;964,5;;22,8;;22,8;22,6;;;;;;141;2,6;1,3;
2023/11/24;0900 UTC;0;966;966;965,1;39,8;23;;23;22,8;;;;;;150;3,1;1,3;
2023/11/24;1000 UTC;0;966,4;966,5;966;245,7;23,5;;23,5;22,8;;;;;;153;3;1,6;
2023/11/24;1100 UTC;0;967,1;967,1;966,4;615,4;24,1;;24,1;23,5;;;;;;242;4,2;2,4;
2023/11/24;1200 UTC;0;967,5;967,5;967,1;1055,1;24,7;;24,7;24;25,2;24,6;;;;252;6,6;3,8;
2023/11/24;1300 UTC;0;967,7;967,7;967,5;1100,9;25,2;25,2;25,3;24,5;25,8;24,6;;97;100;243;5,5;2,7;
2023/11/24;1400 UTC;,2;967,7;967,8;967,7;504,8;23,3;;25,2;23;;;;;;104;4,8;1,2;
2023/11/24;1500 UTC;,6;967,4;967,7;967,4;615,2;23;;24,1;22,8;;;;;;76;5,9;2,7;
2023/11/24;1600 UTC;1;966,9;967,4;966,9;794,9;23,1;;23,2;22,8;;;;;;60;6,5;3,1;
2023/11/24;1700 UTC;3,6;966,7;966,9;966,7;628,3;22,2;;23,1;22,1;;;;;;71;7,5;4,7;
2023/11/24;1800 UTC;1,4;966,6;966,7;966,5;723,1;22,6;;22,7;22,2;;;;;;64;7,5;3,5;
2023/11/24;1900 UTC;1,4;966,5;966,6;966,4;468;22,5;;22,7;22,4;;;;;;49;6,3;3,2;
2023/11/24;2000 UTC;,2;966,7;966,7;966,4;377,7;22,3;;22,5;22,3;;;;;;48;6,7;3,5;
2023/11/24;2100 UTC;0;968,2;968,2;966,7;157,9;21,8;;22,4;21,8;;;;;;34;6,6;1,9;
2023/11/24;2200 UTC;0;969,2;969,2;968,1;12,9;21,1;21,7;21,8;21,1;;;;;;66;5,5;1,9;
2023/11/24;2300 UTC;0;970,2;970,2;969,2;;20;;21,1;20;21,7;20,8;;;;26;4,3;1,5;
2023/11/25;0000 UTC;0;970,4;970,4;970,2;;19,7;20,4;20,1;19,7;;;;;;47;5,6;3,4;
2023/11/25;0100 UTC;0;970,9;971,1;970,4;;19,4;19,9;19,7;19,3;20,4;19,8;;;;48;5,6;2,4;
2023/11/25;0200 UTC;0;971;971,3;970,9;;19,2;19,8;19,4;19,1;20;19,7;;;;48;4,3;2,1;
2023/11/25;0300 UTC;0;970,4;971;970,4;;18,8;19,4;19,2;18,8;19,8;19,2;;;;9;4;1,8;
2023/11/25;0400 UTC;0;969,8;970,4;969,8;;18,5;18,3;18,8;18,5;19,4;18,2;;97;98;15;4,6;2,9;
2023/11/25;0500 UTC;0;969;969,8;969;;17,8;18,4;18,5;17,8;18,9;18,4;;98;;334;4,6;1,6;
2023/11/25;0600 UTC;0;968,7;969;968,7;;18,1;18,7;18,1;17,8;18,7;18,3;;;;57;2,6;1,1;
2023/11/25;0700 UTC;0;968,6;968,8;968,6;;18,1;;18,2;18,1;18,8;18,7;;;;88;2,4;1,4;
2023/11/25;0800 UTC;0;969,1;969,1;968,6;;18,2;;18,3;18,1;;;;;;78;2,4;1;
2023/11/25;0900 UTC;0;969,4;969,4;969,1;109,2;18,6;;18,6;18,1;;;;;;31;2;,5;
2023/11/25;1000 UTC;0;969,7;969,7;969,4;444,9;19,7;19,9;19,7;18,5;19,9;19;;98;;72;2,2;1,1;
2023/11/25;1100 UTC;0;969,4;969,8;969,4;1214,3;21;14,7;21,3;19,7;20,4;14;;64;67;97;4,4;2,6;
2023/11/25;1200 UTC;0;969,7;969,7;969,4;1804;22,2;13,8;22,2;21;16,6;13,8;72;59;59;80;4,8;2,3;
2023/11/25;1300 UTC;0;969,7;970,1;969,7;2403,4;23,3;13,6;23,5;21,6;15,7;13,4;64;55;55;65;4,6;2,2;
2023/11/25;1400 UTC;0;969,4;969,8;969,3;2775,2;23,5;15,1;23,8;22,7;15,4;12;60;50;59;66;4,9;3;
2023/11/25;1500 UTC;0;968,6;969,4;968,6;2909;23,8;13,9;24,4;23,1;15,6;13;61;51;54;65;5,9;2,5;
2023/11/25;1600 UTC;0;968;968,6;968;2069,4;24;13,3;24,4;23,7;14,3;12,1;55;47;51;49;5,7;2,3;
2023/11/25;1700 UTC;0;967,3;968;967,3;864,6;23;14,2;24,1;23;14,7;12,9;58;49;58;79;5,6;2,7;
2023/11/25;1800 UTC;0;967;967,4;967;555,1;23,3;15,2;23,3;22,9;15,2;14;61;57;60;49;4,6;1,8;
2023/11/25;1900 UTC;0;966,8;967;966,7;621,6;22,9;15,4;23,7;22,9;15,4;13,7;63;54;63;351;3,2;1,8;
2023/11/25;2000 UTC;0;966,9;966,9;966,7;337,9;22,6;15,3;23,2;22,5;15,8;13,3;65;54;64;121;6,9;4,4;
2023/11/25;2100 UTC;0;967,5;967,5;966,8;219,5;21,2;15;22,6;21,2;15,6;15;69;64;68;112;7,5;4,5;
2023/11/25;2200 UTC;0;968,3;968,3;967,5;11,1;19,9;15,7;21,2;19,9;15,8;14,9;77;68;77;86;7,2;3,3;
2023/11/25;2300 UTC;0;969,1;969,1;968,2;;19,1;15,1;19,9;19,1;15,8;15;78;75;78;103;8,6;4,1;
2023/11/26;0000 UTC;0;969,1;969,3;969;;18,4;15;19,1;18,4;15,2;14,8;81;77;80;96;8,6;4,1;
2023/11/26;0100 UTC;0;968,9;969,1;968,9;;18;15,5;18,4;18;15,8;15;86;81;85;81;6,9;2,5;
2023/11/26;0200 UTC;0;968,3;968,9;968,3;;17,6;15,7;18;17,6;18,4;15,4;;85;88;96;6;3,5;
2023/11/26;0300 UTC;0;967,9;968,3;967,9;;17,7;15,8;17,7;17,6;17,9;15,3;;86;89;85;5,9;2;
2023/11/26;0400 UTC;0;967,8;967,9;967,7;;17,6;16,4;17,7;17,5;18,3;16,1;;89;93;86;4,4;1,7;
2023/11/26;0500 UTC;0;967,3;967,8;967,2;;17,4;14,7;17,6;17,4;16,7;14,6;95;84;84;66;3,7;1,9;
2023/11/26;0600 UTC;0;967,2;967,4;967,2;;17,4;15;17,4;17,3;15,5;14,7;89;84;86;76;3,5;2,2;
2023/11/26;0700 UTC;0;967,6;967,6;967,2;;16,4;;17,4;16,4;;;;;;78;4,1;1,9;
2023/11/26;0800 UTC;0;967,8;967,8;967,4;;15,8;;16,4;15,7;;;;;;76;5,4;2;
2023/11/26;0900 UTC;0;968,3;968,3;967,8;77,9;16,3;;16,4;15,8;;;;;;78;3,5;1,7;
2023/11/26;1000 UTC;0;968,2;968,5;968,2;311,8;17,2;;17,2;16,3;;;;;;59;2,7;1,3;
2023/11/26;1100 UTC;0;968,5;968,6;968,2;1178,5;19,6;19,2;19,6;17,1;;;;;98;109;4;1,8;
2023/11/26;1200 UTC;0;968,4;968,5;968,2;1073,3;19,7;19,3;19,7;18,9;19,5;18,5;;95;98;101;4,4;2,1;
2023/11/26;1300 UTC;0;968,1;968,5;968,1;1100,9;20,5;19,3;20,6;19,7;19,9;18,6;98;92;93;95;4,8;1,5;
2023/11/26;1400 UTC;0;967,8;968,2;967,7;894,6;21,4;18,8;21,6;20,4;20,3;18,5;95;82;86;107;3,2;1,3;
2023/11/26;1500 UTC;0;967,1;967,8;967,1;1460,6;22,1;18,2;22,8;21,4;20;16,5;91;68;79;141;3,2;1,5;
2023/11/26;1600 UTC;0;966,6;967,1;966,6;1536,7;22,9;16,8;23,5;22,1;20,7;16,5;90;67;69;324;3,3;1,8;
2023/11/26;1700 UTC;0;966,1;966,6;966,1;1369,2;23,2;17,1;24;22,7;17,9;16,9;72;66;69;329;3,9;1,7;
2023/11/26;1800 UTC;0;965,6;966,1;965,6;1118;23,6;17,3;24;23;18;17,2;71;67;68;317;4,7;2,5;
2023/11/26;1900 UTC;0;965,4;965,6;965,3;736,2;23,2;17,8;23,9;23,2;18;17,2;72;68;72;6;3,7;1,8;
2023/11/26;2000 UTC;0;965,3;965,4;965,2;193,8;23,1;17,6;23,2;22,8;18,1;17,4;74;70;71;79;4,1;2;
2023/11/26;2100 UTC;0;965,9;965,9;965,3;38,4;22,4;16,9;23,1;22,4;17,4;16,9;72;70;71;80;5;3;
2023/11/26;2200 UTC;0;966,9;966,9;965,9;4,3;22;16,5;22,4;22;16,9;16,3;72;70;71;90;7,5;2,6;
2023/11/26;2300 UTC;0;967,6;967,6;966,9;;21,6;16,7;22;21,6;16,7;16,5;74;71;73;75;5,3;1,9;
2023/11/27;0000 UTC;0;967,7;967,8;967,6;;21,3;17,1;21,6;21,3;17,2;16,6;77;73;77;70;3,8;1,3;
2023/11/27;0100 UTC;0;967,9;967,9;967,7;;20,8;18,3;21,3;20,8;18,5;17,1;87;77;86;41;2,5;1,4;
2023/11/27;0200 UTC;0;967,6;967,9;967,6;;21;17,8;21;20,8;18,9;17,8;89;82;82;101;2,9;1,6;
2023/11/27;0300 UTC;0;966,9;967,6;966,9;;20,9;17,9;21;20,8;18,2;17,8;85;82;83;119;2,9;1,5;
2023/11/27;0400 UTC;0;966,3;966,9;966,3;;20,5;;20,9;20,5;;;;;;88;3;,9;
2023/11/27;0500 UTC;0;965,7;966,3;965,7;;20,3;;20,5;20,2;;;;;;57;2,8;1,3;
2023/11/27;0600 UTC;0;965,4;965,7;965,4;;20,2;;20,3;20,1;;;;;;58;3,1;1;
2023/11/27;0700 UTC;0;965,6;965,6;965,2;;20;;20,3;20;;;;;;80;2,5;1;
2023/11/27;0800 UTC;0;966,4;966,5;965,6;;19,2;;20;19,1;;;;;;10;1,8;1,4;
2023/11/27;0900 UTC;0;966,8;966,8;966,4;92;20,2;;20,2;19,2;;;;;;73;2,7;1,6;
2023/11/27;1000 UTC;0;967,4;967,4;966,8;629,7;21,4;21,8;21,6;20,2;;;;;;128;3,8;1,5;
2023/11/27;1100 UTC;0;967,7;967,8;967,3;801,9;22,7;19,4;22,9;21,4;22,1;18,7;;76;82;101;4,4;1,9;
2023/11/27;1200 UTC;0;967,8;967,8;967,7;1248,7;23,8;18,8;23,8;22,7;21,9;17,9;92;70;74;127;3,9;1,5;
2023/11/27;1300 UTC;0;967,9;967,9;967,7;1462,5;24,1;18,7;24,7;23,6;20,8;17,2;86;64;72;244;3,7;2,3;
2023/11/27;1400 UTC;0;967,6;967,9;967,6;2329,8;26,1;18,8;26,1;24;20,8;17,9;83;62;64;257;4,8;2,6;
2023/11/27;1500 UTC;0;967,1;967,6;967,1;2210,7;27;18,1;27,3;25,2;19,2;17,7;66;58;58;263;4,5;2,1;
2023/11/27;1600 UTC;0;966,4;967,1;966,4;2579,1;27,5;18,7;28,1;26,9;19,7;17,5;61;55;59;358;4;1,4;
2023/11/27;1700 UTC;0;965,5;966,4;965,5;2592,4;28,3;18;29,1;27,5;18,9;17,5;59;50;54;88;4,4;2,2;
2023/11/27;1800 UTC;0;964,8;965,5;964,8;1857,4;28,8;18,5;29;28;19,2;17,8;57;52;54;82;4,4;1,2;
2023/11/27;1900 UTC;0;964,7;964,8;964,6;869,4;28;19;29,2;28;19,7;18,1;60;51;58;299;3,6;,9;
2023/11/27;2000 UTC;0;964,9;964,9;964,7;243,7;27,7;19,4;28,1;27,7;19,8;19;61;58;61;123;5,2;2,9;
2023/11/27;2100 UTC;0;965,2;965,2;964,9;64,5;26,7;19,5;27,7;26,7;19,6;19,2;64;60;64;121;5,2;3,1;
2023/11/27;2200 UTC;0;966,3;966,3;965,2;2,6;24,2;20,4;26,7;24,2;20,5;19,5;79;64;79;38;4,9;2,6;
2023/11/27;2300 UTC;0;967;967;966,3;;23,3;;24,5;23,3;24,4;20,5;;79;;1;4,7;2,1;
2023/11/28;0000 UTC;0;967,8;967,8;967;;23,9;;23,9;23,3;;;;;;90;3,7;1,4;
2023/11/28;0100 UTC;0;968,4;968,4;967,8;;23,8;24,4;24;23,7;;;;;;138;3,8;1,8;
2023/11/28;0200 UTC;17;968,2;968,7;968,1;,4;21,7;;23,8;21,6;;;;;;317;6,3;1,2;
2023/11/28;0300 UTC;0;967,2;968,2;967,2;;21,6;;21,7;21,5;;;;;;198;2,5;,4;
2023/11/28;0400 UTC;0;965,9;967,2;965,8;;21,9;;22;21,6;;;;;;115;3,3;1,8;
2023/11/28;0500 UTC;0;964,6;965,9;964,6;;21,5;;21,9;21,5;;;;;;47;3,4;1,4;
2023/11/28;0600 UTC;0;964,5;965;964,4;;21,4;;21,5;21,1;;;;;;114;3,8;2,6;
2023/11/28;0700 UTC;0;964,8;964,9;964,5;;21,2;;21,4;21,1;;;;;;351;3,8;1,3;
2023/11/28;0800 UTC;0;965,3;965,3;964,8;,3;21,7;;21,7;21,2;;;;;;42;2,4;1;
2023/11/28;0900 UTC;0;965,7;965,7;965,2;61,3;21,8;;21,8;21,6;;;;;;116;3;1,1;
2023/11/28;1000 UTC;0;966;966,2;965,7;208,9;22,1;;22,1;21,7;;;;;;67;2,7;1,3;
2023/11/28;1100 UTC;0;966,3;966,3;966;803,7;23,3;;23,4;22,1;;;;;;112;3,3;1,9;
2023/11/28;1200 UTC;0;966,1;966,3;966,1;914,5;24,1;23,8;24,4;23,3;24,8;23,7;;97;98;109;3,3;1,9;
2023/11/28;1300 UTC;0;965,8;966,1;965,8;1404,1;25,4;21,5;26;24,1;24,9;20,4;;73;79;85;3,3;1,4;
2023/11/28;1400 UTC;0;965,2;965,8;965,2;1909,8;26,5;20,6;27,1;25,2;25,7;20,3;95;67;70;271;3,6;1,7;
2023/11/28;1500 UTC;0;964,3;965,2;964,3;2267,9;26;25,7;28;25,9;26,5;20,9;98;68;98;293;5,5;3,5;
2023/11/28;1600 UTC;2,2;963,2;964,3;963,2;1466,7;26;;26,1;24,6;;;;;;348;5,3;2,8;
2023/11/28;1700 UTC;0;961,9;963,2;961,9;2788,1;29,6;22,5;29,6;26,1;28,6;22;;66;66;290;3,9;,8;
2023/11/28;1800 UTC;0;961,2;961,9;961,2;1845,5;28,8;22,5;29,9;28,7;27,3;21,6;90;64;69;318;3,2;1,6;
2023/11/28;1900 UTC;4,8;960,7;961,2;960,7;442,9;24,3;;28,8;23,4;;;;;;54;7,4;1,5;
2023/11/28;2000 UTC;0;961;961,5;960,3;452,5;23,7;24,3;24,9;23,5;25,5;24,2;;;;89;7,9;2,4;
2023/11/28;2100 UTC;5,8;961,1;962,2;959,7;184,1;22,8;;24,1;21,8;;;;;;100;12,2;2,9;
2023/11/28;2200 UTC;0;962,7;962,7;961,1;6,6;21,3;;22,8;21,1;;;;;;267;7,7;1;
2023/11/28;2300 UTC;0;963,2;963,3;962,7;;21,2;;21,5;20,9;;;;;;9;3,7;1,8;
2023/11/29;0000 UTC;0;963,3;963,3;963;;21,3;;21,6;21,2;;;;;;83;2,7;1,4;
2023/11/29;0100 UTC;0;963,9;964;963,3;,9;21;;21,6;21;;;;;;356;3,7;1,4;
2023/11/29;0200 UTC;0;963,2;963,9;963,2;;20,7;;21;20,7;;;;;;332;2,4;1,4;
2023/11/29;0300 UTC;0;963,8;963,8;962,7;;21,4;;21,5;20,7;;;;;;268;7,8;5,1;
2023/11/29;0400 UTC;5,4;963,6;963,9;963,6;;21,4;;22,1;21,3;;;;;;247;9,4;2,4;
2023/11/29;0500 UTC;3,2;962,6;963,6;962,6;;21,3;;21,4;21,3;;;;;;34;3,5;1,2;
2023/11/29;0600 UTC;,4;963;963;962,6;;21,1;;21,3;21,1;;;;;;202;1,9;,8;
2023/11/29;0700 UTC;1,4;962,9;963;962,8;,2;21,1;;21,2;21,1;;;;;;32;1,6;1,1;
2023/11/29;0800 UTC;;;;;;;;;;;;;;;;;;
2023/11/29;0900 UTC;,4;963,1;963,1;962,6;39,9;21;;21,1;20,9;;;;;;343;3,3;,6;
2023/11/29;1000 UTC;,6;963,2;963,3;962,9;98;21,4;;21,4;21;;;;;;329;1,3;,7;
2023/11/29;1100 UTC;,6;963,4;963,4;963,2;603,8;22,3;;22,5;21,3;;;;;;246;2,2;1,2;
2023/11/29;1200 UTC;1,2;963,4;963,5;963,3;924,1;23;;23;22,2;;;;;;250;2;,5;
2023/11/29;1300 UTC;,2;963,1;963,4;963,1;1111,6;23,7;;23,7;22,9;;;;;;248;1,9;,8;
2023/11/29;1400 UTC;0;962,7;963,1;962,7;1108,2;24,4;25;24,6;23,6;;;;;;86;2,2;1;
2023/11/29;1500 UTC;0;962,5;962,7;962,5;739,8;24,5;;24,6;24,2;;;;99;;63;3;1,4;
2023/11/29;1600 UTC;0;962;962,5;961,9;1276,1;25,9;25,4;25,9;24,5;26,1;24,7;;95;97;76;3,2;1,3;
2023/11/29;1700 UTC;0;961,5;962;961,4;1014,8;26,3;23,7;26,3;25,7;25,8;22,5;99;80;85;74;3,2;1,2;
2023/11/29;1800 UTC;0;960,9;961,5;960,9;1491,6;27;21;27,7;26,3;25,3;20,2;91;66;70;64;3,4;1,6;
2023/11/29;1900 UTC;0;960;960,9;960;1172,8;27,4;20,6;28,2;27;22,4;19,6;78;62;66;178;3,1;1,2;
2023/11/29;2000 UTC;0;959,9;960;959,7;480,3;26,1;26,2;27,7;26,1;26,4;19,4;100;61;100;344;2,9;1,1;
2023/11/29;2100 UTC;0;960,4;960,4;959,9;230,2;26,3;26,1;26,4;25,6;26,8;25,8;;97;98;19;2,1;,8;
2023/11/29;2200 UTC;0;961,3;961,3;960,4;27,3;25,2;;26,3;25,2;;;;98;;260;1,9;,3;
2023/11/29;2300 UTC;0;961,8;961,8;961,2;;23,8;;25,1;23,8;;;;;;355;2,2;1;
2023/11/30;0000 UTC;0;962,1;962,2;961,8;;23,2;;24,1;23,1;;;;;;271;2,3;1,1;
2023/11/30;0100 UTC;0;962,2;962,4;962,1;;22,8;;23,2;22,8;;;;;;329;2,8;1,3;
2023/11/30;0200 UTC;0;962,2;962,3;962,1;;22,6;;22,7;22,2;;;;;;154;3,1;1,1;
2023/11/30;0300 UTC;0;961,3;962,2;961,3;;21,6;;22,7;21,6;;;;;;339;2,1;1,5;
2023/11/30;0400 UTC;0;960,8;961,4;960,8;;22;;22;21,4;;;;;;44;2,1;1,1;
2023/11/30;0500 UTC;0;960,4;960,8;960,4;;21,8;;22,1;21,8;;;;;;86;3,5;1,5;
2023/11/30;0600 UTC;0;960;960,5;960;;21,4;;21,8;21,3;;;;;;354;3;1;
2023/11/30;0700 UTC;0;960,5;960,5;959,9;;21,8;;21,8;21,4;;;;;;74;1,8;,7;
2023/11/30;0800 UTC;0;961,3;961,3;960,5;;20,8;;21,8;20,7;;;;;;317;2,3;,9;
2023/11/30;0900 UTC;0;961,7;961,7;961,2;201,4;22,5;;22,7;20,7;;;;;;114;2;,7;
2023/11/30;1000 UTC;0;962,2;962,3;961,7;725,6;22,9;;23,1;21,9;;;;;;322;1,7;,7;
2023/11/30;1100 UTC;0;962,4;962,4;962,2;1457,7;25,2;24,9;26;22,8;;;;;98;83;2,3;1,2;
2023/11/30;1200 UTC;0;962,4;962,5;962,3;2017,3;26,8;19,8;27,4;24,9;26;19;;63;65;48;2,9;1,5;
2023/11/30;1300 UTC;,2;962,2;962,5;962,2;3537,8;29,4;19,6;29,5;26,8;20,5;18,9;66;55;56;270;3,3;1,6;
2023/11/30;1400 UTC;0;961,8;962,2;961,8;3773,5;30,3;18,9;30,4;29;20,5;18;59;49;50;248;4,1;1;
2023/11/30;1500 UTC;0;961,1;961,8;961,1;3987,4;31,1;19,1;31,5;30;21,1;18;55;47;49;67;4,7;1,3;
2023/11/30;1600 UTC;0;960,1;961,1;960,1;3507,3;32,6;18,4;32,9;30,5;21,1;17,1;55;40;43;32;4,2;1,7;
2023/11/30;1700 UTC;0;959,3;960,1;959,3;2802,1;32,4;17,3;32,8;31,3;19,4;16,9;47;40;41;154;4,7;1,4;
2023/11/30;1800 UTC;0;958,7;959,3;958,6;2367,9;32,6;19,5;33;31,8;19,9;17,1;48;40;46;21;5,4;3,3;
2023/11/30;1900 UTC;0;958,2;958,8;958,1;2158,4;32;19,4;32,9;31,3;20,3;17,6;50;42;47;25;6,9;3;
2023/11/30;2000 UTC;0;959,2;959,2;958,1;335,7;26,6;19,6;32;26,6;20;19,1;66;47;66;208;8,8;5,5;
2023/11/30;2100 UTC;14;960,2;960,2;959,2;62,2;23,7;;26,7;21,3;;;;;;325;15,8;3,1;
2023/11/30;2200 UTC;,2;961;961,1;960,1;29;23,2;;23,8;23,2;;;;;;51;5,9;1,6;
2023/11/30;2300 UTC;0;962,5;962,6;961;,1;23;;23,5;23;;;;;;89;4,9;2,8;
2023/12/01;0000 UTC;1,4;963;963,2;962,4;2,8;22,5;;23;22,5;;;;;;72;4,9;2,1;
2023/12/01;0100 UTC;,6;963,8;964;963;;22,4;;22,5;22,2;;;;;;101;3,8;1,8;
2023/12/01;0200 UTC;0;963,2;963,8;963,2;;22,2;;22,4;22,2;;;;;;120;3;1,8;
2023/12/01;0300 UTC;,2;963;963,4;963;;22;;22,2;21,9;;;;;;15;2,9;,8;
2023/12/01;0400 UTC;0;962,8;963,1;962,7;;21,7;;22,1;21,7;;;;;;70;2,9;1,6;
2023/12/01;0500 UTC;0;962,1;962,8;962;;21,7;;21,8;21,6;;;;;;80;2,6;,6;
2023/12/01;0600 UTC;0;961,9;962,1;961,9;;21,5;;21,7;21,4;;;;;;151;2;1,3;
2023/12/01;0700 UTC;0;961,7;961,9;961,6;;21,5;;21,6;21,4;;;;;;11;2;1,3;
2023/12/01;0800 UTC;0;961,7;961,8;961,6;1,4;21,4;;21,6;21,4;;;;;;14;1,8;1,3;
2023/12/01;0900 UTC;0;962,4;962,4;961,6;68,6;22,1;;22,1;21,4;;;;;;11;1,9;1,1;
2023/12/01;1000 UTC;0;963,3;963,3;962,4;254;22,7;;22,7;22;;;;;;64;2,9;1,6;
2023/12/01;1100 UTC;0;964,1;964,1;963,3;941,2;23,7;;24,1;22,7;;;;;;119;3,3;2;
2023/12/01;1200 UTC;0;964,5;964,5;964,1;955,1;24,7;25,4;24,7;23,7;;;;;;11;3,3;,8;
2023/12/01;1300 UTC;0;964,5;964,6;964,5;1487,8;25,6;25,1;26;24,7;26,1;24,7;;93;97;193;2,8;,9;
2023/12/01;1400 UTC;0;963,8;964,5;963,8;3024,7;27,8;19,6;28,7;25,4;25,4;19,6;98;60;61;79;2,6;1;
2023/12/01;1500 UTC;0;963;963,8;963;2258,4;28,9;19,2;29,2;27,2;20,9;19,1;68;55;56;202;3,2;1;
2023/12/01;1600 UTC;0;962,1;963;962,1;2699,3;30;18,5;30,1;28,6;21,3;18,5;61;50;50;165;4,6;,9;
2023/12/01;1700 UTC;0;961,2;962,1;961,2;3422,4;30,9;17,7;31,4;29,9;21,1;17,4;55;44;45;41;3,6;1,6;
2023/12/01;1800 UTC;0;960,5;961,2;960,5;3015,5;31,5;19,6;31,6;30,6;19,8;16,8;51;42;49;42;3,6;1,1;
2023/12/01;1900 UTC;0;960,1;960,5;960;2235,2;31,4;18,1;32,1;31,1;20,3;18;51;44;45;132;4,9;1;
2023/12/01;2000 UTC;0;960;960,1;960;1133,5;30,6;19,8;31,9;30,5;20,1;18,2;53;44;52;85;4,6;1,8;
2023/12/01;2100 UTC;0;961;961;960;509,5;27,7;21,3;31;27,7;21,7;19,5;68;51;68;94;8,3;4,3;
2023/12/01;2200 UTC;0;961,7;961,7;961;23,5;25,8;20,5;27,7;25,8;21,4;20,5;73;68;73;75;8,7;3,5;
2023/12/01;2300 UTC;0;962,5;962,5;961,7;;25,1;20,5;25,9;25,1;20,7;20,3;76;72;76;69;7,1;4;
2023/12/02;0000 UTC;0;963,4;963,4;962,5;;24,4;20,6;25,1;24,4;20,8;20,5;79;76;79;62;7,3;2,9;
2023/12/02;0100 UTC;0;963,2;963,4;963,2;;24;20,4;24,4;24;20,7;20,3;81;79;80;90;5,8;1,9;
2023/12/02;0200 UTC;0;963,2;963,3;963,1;;23,1;;24;23,1;;;;;;110;4,2;2,7;
2023/12/02;0300 UTC;0;962,2;963,2;962,2;;22,9;23,2;23,2;22,9;;;;;;117;5,5;3,3;
2023/12/02;0400 UTC;0;961,9;962,2;961,9;;21,5;;22,9;21,5;;;;;;10;5,2;1,6;
2023/12/02;0500 UTC;0;961,4;961,9;961,4;;22;;22,2;21,5;;;;;;146;2;,6;
2023/12/02;0600 UTC;0;961,1;961,4;961;;21,8;;22,1;21,8;;;;;;88;1,9;1;
2023/12/02;0700 UTC;0;961,3;961,3;961,1;;21,2;;21,8;20,9;;;;;;65;1,7;,8;
2023/12/02;0800 UTC;0;961,7;961,7;961,3;;20,6;;21,2;20,5;;;;;;310;1,9;,5;
2023/12/02;0900 UTC;0;962,6;962,6;961,7;194,6;20,9;;20,9;20,5;;;;;;351;1,7;1;
2023/12/02;1000 UTC;0;962,9;962,9;962,6;861,5;23,5;;24,1;20,9;;;;;;88;2;1;
2023/12/02;1100 UTC;0;963,1;963,3;962,9;1541,5;24,5;25,2;24,6;23,5;;;;;;57;2,6;1,1;
2023/12/02;1200 UTC;0;962,6;963,1;962,6;1949,2;25,4;24,9;26,4;24,2;26,1;22,1;;77;97;78;3,3;1,5;
2023/12/02;1300 UTC;0;962,4;962,6;962,4;2321,1;27,8;20,3;28,1;25,4;25,4;20,3;98;64;64;86;3,6;1,8;
2023/12/02;1400 UTC;0;961,7;962,4;961,7;3682,7;29,4;21;29,5;27,6;21,5;19,8;68;59;61;72;4,3;2,1;
2023/12/02;1500 UTC;0;960,8;961,7;960,8;3896,8;30,7;20,8;30,8;28,7;21,8;19,6;63;53;56;122;5,4;2,3;
2023/12/02;1600 UTC;0;960,1;960,8;960,1;3877,4;31,7;19,4;32;30,3;21,2;18,5;57;47;48;63;4,8;1,7;
2023/12/02;1700 UTC;0;959,5;960,1;959,5;3505,1;32,5;18,3;33,1;31,5;21;17,8;53;42;43;95;4,7;1,5;
2023/12/02;1800 UTC;0;958,7;959,5;958,7;2566,7;33,3;18,8;33,6;31,7;20;17,7;49;40;42;33;4,9;1,3;
2023/12/02;1900 UTC;0;958;958,7;958;2121,9;33;18,6;33,5;32,4;19,4;17,8;46;41;43;139;5,3;1,5;
2023/12/02;2000 UTC;0;957,8;958;957,6;1321,1;32,2;18,5;33,1;32,1;19,2;17,8;46;41;44;117;6,2;3,2;
2023/12/02;2100 UTC;0;958,4;958,4;957,8;499,2;31,4;19,1;32,4;31,4;19,3;18,4;48;44;48;94;5,3;2,9;
2023/12/02;2200 UTC;0;959,4;959,4;958,4;34,6;28,7;21,8;31,4;28,7;21,8;19,1;66;48;66;113;6,4;3,4;
2023/12/02;2300 UTC;0;960,7;960,7;959,4;;26,8;21,9;28,7;26,8;21,9;21,4;74;66;74;83;6,3;3,4;
2023/12/03;0000 UTC;0;961,4;961,4;960,7;;25,7;22,1;26,8;25,7;22,1;21,9;80;75;80;69;6,3;2,3;
2023/12/03;0100 UTC;0;962;962,1;961,4;;24,8;;25,7;24,8;;;;;;52;4,1;2,7;
2023/12/03;0200 UTC;0;961,9;962,3;961,9;;24,1;;24,8;23,9;;;;;;37;4,1;2,2;
2023/12/03;0300 UTC;0;961,6;961,9;961,6;;24;;24,3;23,9;;;;;;85;3,2;1,8;
2023/12/03;0400 UTC;0;960,6;961,6;960,6;;23,4;;24,1;23;;;;;;44;2,5;,7;
2023/12/03;0500 UTC;0;960;960,6;960;;22,5;;23,4;22,5;;;;;;291;1,5;,4;
2023/12/03;0600 UTC;0;959,6;960;959,5;;21,4;;22,6;21,4;;;;;;336;1,5;1,2;
2023/12/03;0700 UTC;0;959,6;959,7;959,6;;21,4;;21,8;21,2;;;;;;301;1,6;,3;
2023/12/03;0800 UTC;0;960;960;959,6;;20,8;;21,7;20,5;;;;;;356;2,1;1,5;
2023/12/03;0900 UTC;0;960,6;960,6;960;67,7;21,9;;21,9;20,8;;;;;;113;2;1,4;
2023/12/03;1000 UTC;0;960,9;960,9;960,6;215;22,4;;22,4;21,8;;;;;;10;2,1;1;
2023/12/03;1100 UTC;0;961,2;961,3;960,9;422,8;23,2;;23,2;22,4;;;;;;318;1,9;1;
2023/12/03;1200 UTC;0;961,3;961,3;961,2;735,2;24,8;;24,8;23,2;;;;;;126;2,2;1,1;
2023/12/03;1300 UTC;0;961;961,3;960,9;2481,5;26,7;23,9;27;24,6;26,8;23,2;;80;85;148;4,7;2,3;
2023/12/03;1400 UTC;0;960;961;960;3695,9;29,2;20,9;29,4;26,7;25,4;20,3;91;60;61;85;4,4;1,6;
2023/12/03;1500 UTC;0;959,2;960;959,2;3924;30,9;20;30,9;28,9;20,8;18,7;61;49;52;111;4;1,6;
2023/12/03;1600 UTC;0;958,4;959,2;958,4;3857,3;32,6;19,9;32,7;30,7;20,7;18,4;54;44;47;39;4,8;1,7;
2023/12/03;1700 UTC;0;957,7;958,4;957,7;3521,5;34,2;14,5;34,4;32,7;20,4;14,5;48;30;31;197;3,8;1,4;
2023/12/03;1800 UTC;0;956,9;957,7;956,9;2959,4;34,8;13,8;35,3;34,1;16,2;13,5;34;27;28;130;3,5;1,5;
2023/12/03;1900 UTC;0;956,4;956,9;956,4;2235,9;34,9;14,4;35,4;34,5;15,7;12,1;32;25;29;58;4,8;2,5;
2023/12/03;2000 UTC;0;956,5;956,5;956,4;1434,1;34,3;17,7;34,9;34,3;18;13,4;38;27;38;90;4,8;2,5;
2023/12/03;2100 UTC;0;957,1;957,1;956,4;625,1;32;20;34,3;32;20;17;49;37;49;123;8,4;5;
2023/12/03;2200 UTC;0;958,5;958,5;957,1;54,5;29,9;21,9;32;29,9;21,9;20,2;62;49;62;104;8,4;2,9;
2023/12/03;2300 UTC;0;960,1;960,1;958,5;;28;22,3;29,9;28;22,3;21,7;71;62;71;75;7,8;3,1;
2023/12/04;0000 UTC;0;961;961;960,1;;26,9;22,1;28;26,9;22,4;22;75;71;75;74;6,1;2,8;
2023/12/04;0100 UTC;0;961,9;961,9;960,9;;25,5;25,4;26,9;25,5;25,4;22,1;99;75;99;48;4,6;2,2;
2023/12/04;0200 UTC;0;961,5;961,9;961,4;;24,5;;25,6;24,5;26,2;22,7;;85;;22;4;2,1;
2023/12/04;0300 UTC;0;961,5;961,7;961,4;;24,7;;24,9;24,1;;;;;;54;3,5;1,9;
2023/12/04;0400 UTC;0;960,7;961,5;960,7;;24,7;;24,7;24,4;;;;;;115;3,9;2,5;
2023/12/04;0500 UTC;0;960,5;960,7;960,5;;23,7;;24,8;23,7;;;;;;332;3,7;1,5;
2023/12/04;0600 UTC;0;960,2;960,5;960,2;;24;;24;23,5;;;;;;49;3;,4;
2023/12/04;0700 UTC;0;960,7;960,8;960,2;;23,3;;24;23,3;;;;;;358;1,8;,6;
2023/12/04;0800 UTC;0;961,2;961,2;960,7;;23,8;;24;23,3;;;;;;61;1,9;,7;
2023/12/04;0900 UTC;0;961,9;961,9;961,2;92,4;24;;24;23,6;;;;;;48;2;1,1;
2023/12/04;1000 UTC;0;962,7;962,7;961,9;362,6;24,8;;24,8;24;;;;;;72;2,1;1,5;
2023/12/04;1100 UTC;0;963,3;963,3;962,7;910,2;26,4;26,2;26,4;24,8;27;25,7;;97;99;146;2,4;,6;
2023/12/04;1200 UTC;0;963,3;963,4;963,2;1866,1;28,7;21,7;28,9;26,2;26,6;21,7;99;66;66;271;3,1;1,5;
2023/12/04;1300 UTC;0;962,7;963,3;962,7;2396,1;29,6;21,2;30;27,7;23,1;20,2;73;58;61;288;3,4;1,4;
2023/12/04;1400 UTC;0;962,1;962,7;962,1;2871,1;31,4;20,7;31,4;29,2;21,9;19,9;63;52;53;255;3,7;1,5;
2023/12/04;1500 UTC;0;961,1;962,1;961,1;3493,1;31,7;19,4;32,2;30,7;21,2;18,8;54;46;48;58;4,1;1,7;
2023/12/04;1600 UTC;0;960,1;961,1;960,1;3195,3;33,1;20;33,4;31,2;21,2;19,4;52;46;46;212;3,7;1,8;
2023/12/04;1700 UTC;0;959,3;960,1;959,3;3054,7;34,4;21;34,5;32,1;22,2;19,5;51;45;46;305;4,8;3,3;
2023/12/04;1800 UTC;0;959,1;959,4;959,1;1788,4;32,8;21;34,6;32,7;21,5;20,2;51;45;50;321;5,5;2,9;
2023/12/04;1900 UTC;0;958,7;959,4;958,7;416,7;24,6;18,8;32,8;24,6;22,2;17,5;70;50;70;337;15,9;9,3;
2023/12/04;2000 UTC;3,2;961,4;961,4;958,6;35,7;22,6;20,9;24,9;22,6;20,9;18,2;91;69;90;66;15,9;5;
2023/12/04;2100 UTC;,2;962,9;962,9;961,3;5,5;23,4;;23,4;22,5;;;;;;83;10,8;1,8;
2023/12/04;2200 UTC;1;963,3;963,4;962,9;;22,3;;23,5;22,2;;;;;;87;5,5;2,6;
2023/12/04;2300 UTC;,6;963,5;963,5;962,8;;22,5;;22,6;22,1;;;;;;111;6;1,4;
2023/12/05;0000 UTC;0;965,3;965,4;963,5;;21,9;;22,5;21,9;;;;;;1;5,5;2,7;
2023/12/05;0100 UTC;0;965,3;965,4;965,2;;21,9;;22,4;21,9;;;;;;298;3,9;1,4;
2023/12/05;0200 UTC;,2;965,2;965,4;965,1;;22,5;;22,5;21,9;;;;;;115;2,5;1,5;
2023/12/05;0300 UTC;0;965,5;965,6;965,2;;21,9;;22,5;21,7;;;;;;47;3,3;1,2;
2023/12/05;0400 UTC;0;965,5;965,7;965,5;;21,8;;22,1;21,8;;;;;;296;2,5;,7;
2023/12/05;0500 UTC;0;965,4;965,6;965,3;;21,6;;21,9;21,6;;;;;;344;2,1;1;
2023/12/05;0600 UTC;0;965,1;965,4;965,1;;21,6;;21,6;21,4;;;;;;320;2,3;,5;
2023/12/05;0700 UTC;0;965,1;965,2;965;;21,2;;21,6;21,2;;;;;;355;2,5;1,1;
2023/12/05;0800 UTC;0;965,3;965,3;964,9;;21,8;;21,8;21,2;;;;;;29;2,1;1,5;
2023/12/05;0900 UTC;0;966;966;965,3;118,9;22,3;;22,3;21,6;;;;;;90;2,1;1,2;
2023/12/05;1000 UTC;0;966,5;966,5;966;725,4;24,1;;24,1;22,2;;;;;;13;2;,6;
2023/12/05;1100 UTC;0;967;967;966,5;1092,8;24,6;25,3;24,8;23,8;;;;;;1;2;,5;
2023/12/05;1200 UTC;0;967,2;967,2;967;1511,5;25,3;25,8;25,7;24,6;26,2;24,8;;96;;101;3;1,7;
2023/12/05;1300 UTC;0;966,8;967,2;966,8;2294,2;26,9;25,1;27,2;25,2;26,7;20,9;;70;90;113;4,6;2,3;
2023/12/05;1400 UTC;,2;966,2;966,8;966,2;3789,5;28,3;21,1;28,8;26,8;26,6;20,4;96;63;65;107;4,7;2,4;
2023/12/05;1500 UTC;0;965,4;966,3;965,4;2667,2;29,3;21,4;29,3;28,1;23,4;20,2;74;60;62;107;5,5;2,5;
2023/12/05;1600 UTC;0;964,7;965,4;964,7;2017,7;29,6;21,1;30,4;28,9;21,7;19,9;63;56;60;115;4,6;1,5;
2023/12/05;1700 UTC;0;964;964,7;964;2008,6;29,4;20,4;31,1;29,3;21,9;20,2;61;55;58;113;4,1;1,7;
2023/12/05;1800 UTC;0;963,3;964;963,3;1801,2;30,9;20,8;31,8;29,4;22,3;20,4;60;54;55;78;3,5;1,5;
2023/12/05;1900 UTC;0;963;963,3;963;847,4;29;21,9;30,9;29;21,9;20,6;65;55;65;330;4;2;
2023/12/05;2000 UTC;0;962,8;963;962,7;875;28,9;22;29,7;27,8;23;21,8;74;64;67;5;5,7;1,4;
2023/12/05;2100 UTC;17,6;963,6;963,6;962,7;66,1;23,7;;29;23,7;26,1;21,8;;65;;93;10,5;5,6;
2023/12/05;2200 UTC;21,2;965;965;963,6;3,1;23,7;;23,8;23,2;;;;;;32;10,7;2,2;
2023/12/05;2300 UTC;3,4;965,5;965,7;965;,7;22,9;;23,7;22,9;;;;;;31;4,4;1;
2023/12/06;0000 UTC;1,6;965,8;966,2;965,4;;23,4;;23,4;22,8;;;;;;86;3,1;1,1;
2023/12/06;0100 UTC;,4;966,7;966,7;965,8;1,8;23,3;;23,4;23,2;;;;;;28;4,9;1,9;
2023/12/06;0200 UTC;0;966,3;966,9;966,3;1,9;23,4;;23,4;23,1;;;;;;105;4,9;2,9;
2023/12/06;0300 UTC;0;965,4;966,4;965,4;;23,2;;23,4;22,8;;;;;;75;6,8;2;
2023/12/06;0400 UTC;0;964,8;965,4;964,8;1;22,9;;23,2;22,9;;;;;;102;6,8;4,3;
2023/12/06;0500 UTC;0;964,3;964,8;964,1;;22,4;;22,9;22,4;;;;;;4;6,8;1,3;
2023/12/06;0600 UTC;0;964,4;964,5;964,3;0;22,8;;22,8;22,4;;;;;;84;2;,8;
2023/12/06;0700 UTC;0;964,9;964,9;964,4;;22,3;;22,9;22,3;;;;;;3;3,5;,9;
2023/12/06;0800 UTC;,2;965;965,1;964,9;,9;22,2;;22,3;22,1;;;;;;56;1,8;,6;
2023/12/06;0900 UTC;0;965,5;965,5;965;122,6;22,7;;22,7;22,2;;;;;;114;3,5;2,1;
2023/12/06;1000 UTC;0;965,8;965,8;965,5;659,5;24;;24,4;22,7;;;;;;358;3,1;1,1;
2023/12/06;1100 UTC;0;966,1;966,1;965,8;652,4;24,8;25,4;24,8;23,5;;;;;;16;2,1;,9;
2023/12/06;1200 UTC;0;966,2;966,3;966,1;1502,2;25,7;25,1;25,8;24,7;26,2;25,1;;96;97;129;2,8;1,9;
2023/12/06;1300 UTC;0;965,8;966,2;965,8;2818,8;27,4;20,1;28,5;25,6;25,7;19,6;99;62;64;60;2,9;1,2;
2023/12/06;1400 UTC;0;965,2;965,8;965,1;3945,3;28,7;20,3;29,7;27,4;21,9;19,6;71;58;61;49;4,6;1,9;
2023/12/06;1500 UTC;0;964,5;965,2;964,5;2779,7;29,5;20,6;30;28,4;21,6;19,6;64;55;59;323;3,7;1,7;
2023/12/06;1600 UTC;0;963,5;964,5;963,5;2753,1;30,3;20,6;30,9;28,8;21,5;19,7;63;53;56;356;4,3;2,1;
2023/12/06;1700 UTC;0;962,6;963,5;962,6;2768,9;30,9;20,4;31,3;29,6;21,8;19,7;61;52;54;344;4,6;1,5;
2023/12/06;1800 UTC;0;961,9;962,6;961,9;1856,4;31,4;21,6;31,9;30,4;22;20,5;59;53;56;305;3,7;1,4;
2023/12/06;1900 UTC;0;961,3;961,9;961,3;1743,9;31,7;22,1;32,3;31,1;22,2;20,7;58;52;57;303;3,3;2;
2023/12/06;2000 UTC;0;961;961,3;960,9;1192,1;29,8;22,1;32,5;29,8;22,2;21;63;52;63;300;4,3;2,4;
2023/12/06;2100 UTC;0;961,4;961,4;961;138,9;28,2;23,2;29,8;28,1;23,3;22,1;75;63;74;318;4,3;2;
2023/12/06;2200 UTC;0;961,9;961,9;961,4;29,3;27,2;20,7;28,3;27,2;23,3;20,6;74;67;68;322;3,7;1,6;
2023/12/06;2300 UTC;0;962,4;962,6;961,9;;27,1;21,3;27,7;26,9;21,3;19;71;59;71;79;4,5;2,1;
2023/12/07;0000 UTC;0;963,5;963,5;962,4;;26,4;21,2;27,3;26,4;21,8;20,9;74;68;73;83;5,2;2,6;
2023/12/07;0100 UTC;0;964,3;964,4;963,5;;25,4;20,7;26,4;25,4;21,2;20,3;75;71;75;107;5,9;2,7;
2023/12/07;0200 UTC;0;963,8;964,5;963,8;;24,3;20,7;25,4;23,9;21,1;19,8;84;72;80;45;4,9;1,4;
2023/12/07;0300 UTC;0;963,3;963,9;963,3;;24,5;20,4;24,5;23,7;21,6;20,3;88;77;78;53;2,6;1,7;
2023/12/07;0400 UTC;0;962,9;963,3;962,9;;24;21,1;24,5;23,6;23,9;20,3;;78;84;127;4,6;,6;
2023/12/07;0500 UTC;0;962,4;962,9;962,3;;23,1;;24,1;23;;;;;;12;2,9;1,6;
2023/12/07;0600 UTC;0;961,9;962,4;961,9;;22,6;;23,6;22,6;;;;;;2;2,4;1,7;
2023/12/07;0700 UTC;0;962;962;961,9;;22,3;;22,6;22,2;;;;;;346;2,4;1,4;
2023/12/07;0800 UTC;0;962,7;962,7;962;;22,2;;22,5;22,2;;;;;;317;2,2;1,1;
2023/12/07;0900 UTC;0;963,3;963,3;962,7;203,6;23;;23;22,1;;;;;;348;1,6;1;
2023/12/07;1000 UTC;0;963,7;963,8;963,3;806,6;25;;25,3;23;;;;;;21;2,3;1,2;
2023/12/07;1100 UTC;0;963,7;963,9;963,7;1514,6;27,7;22,1;28,3;24,9;26,3;20,7;;66;71;127;2,9;1,3;
2023/12/07;1200 UTC;0;963,6;963,7;963,4;2574,7;29;20,8;29;27;22,5;20,4;77;61;62;173;3,5;1,4;
2023/12/07;1300 UTC;0;963;963,6;963;3227,9;30,7;20,8;31,3;29;21,7;19,9;62;52;56;44;3,5;1,5;
2023/12/07;1400 UTC;0;962,1;963;962,1;3688,1;32,6;19,7;32,9;30,7;21,3;19,2;56;45;47;187;3,7;1,3;
2023/12/07;1500 UTC;0;961,7;962,1;961,6;3547,3;33,3;18,1;34,4;32,2;20,3;17,8;47;38;41;179;3,4;,9;
2023/12/07;1600 UTC;0;961,6;961,9;961,4;372,4;27,5;19,4;33,3;27,5;20,5;17,8;62;40;61;359;8,6;5,6;
2023/12/07;1700 UTC;0;961;961,6;961;124,9;27,1;17,8;27,5;26,7;19,3;17,7;62;57;57;29;10,3;1,9;
2023/12/07;1800 UTC;0;960,9;961,1;960,7;379,1;27,7;18,8;27,7;27,1;20;17,4;64;54;59;100;4,1;2,1;
2023/12/07;1900 UTC;0;959,7;960,9;959,7;779,1;28,3;19,1;28,4;27,6;20,6;18,7;66;57;58;60;3,4;1,9;
2023/12/07;2000 UTC;0;960,1;960,2;959,7;582,2;28;20,3;28,3;27,8;20,8;19;66;57;63;275;3,4;,9;
2023/12/07;2100 UTC;0;960,4;960,6;960,1;339;26,7;21;28,9;26,7;21;19,2;71;57;71;359;2,3;1,4;
2023/12/07;2200 UTC;0;960,2;960,4;960,1;18,9;25,6;20,9;26,7;25,6;21,4;20,7;76;71;76;236;3,1;,4;
2023/12/07;2300 UTC;0;961,3;961,3;960,2;;24,7;21,8;25,9;24,5;25,4;20,8;;74;84;83;2,8;,7;
2023/12/08;0000 UTC;0;961,6;961,6;961,3;;23,4;;25,3;23,4;;;;;;294;1,9;1,4;
2023/12/08;0100 UTC;0;962,6;962,7;961,6;;23,1;;23,5;22,9;;;;;;297;3;,9;
2023/12/08;0200 UTC;0;962,9;963;962,6;;23,5;;23,8;23;;;;;;123;1,8;,4;
2023/12/08;0300 UTC;0;961,9;962,9;961,9;;22,8;;23,9;22,6;;;;;;255;2;,5;
2023/12/08;0400 UTC;0;961,8;961,9;961,7;;22,8;;23,2;22,6;;;;;;353;2;,6;
2023/12/08;0500 UTC;0;961,5;961,8;961,5;;22;;22,8;21,9;;;;;;334;2,8;1,5;
2023/12/08;0600 UTC;0;961,7;961,7;961,3;;25,2;24,4;25,2;22;;;;;95;238;7,6;4,2;
2023/12/08;0700 UTC;0;962,4;962,5;961,7;;25;24,8;25,9;24,8;24,8;21,3;99;76;99;251;11,8;8;
2023/12/08;0800 UTC;0;962,9;962,9;962,4;;23,4;;25;23,3;;;;;;240;11,8;2,9;
2023/12/08;0900 UTC;0;963,8;963,9;962,9;58,7;23,2;;23,6;23,1;;;;;;59;4,8;1,4;
2023/12/08;1000 UTC;0;964,4;964,4;963,8;226,8;23,3;;23,4;23;;;;;;9;3,5;1,4;
2023/12/08;1100 UTC;0;963,7;964,4;963,7;513,1;24,8;;24,9;23,1;;;;;;294;2,6;,8;
2023/12/08;1200 UTC;0;963,7;963,8;963,3;1745,5;26,2;25,9;26,5;24,7;;;;;98;123;3;1,1;
2023/12/08;1300 UTC;0;963,6;963,7;963,4;1645,5;26,8;25,5;27,7;26;26,8;22;;72;92;226;3,4;1,6;
2023/12/08;1400 UTC;0;963;963,6;962,9;1634,4;28,2;26,2;28,2;26,7;26,4;21,2;97;68;89;275;4,3;1,6;
2023/12/08;1500 UTC;0;962,3;963;962,3;3119,3;29,5;20,5;30,4;28,2;23,8;20,3;88;57;58;334;4,3;1,6;
2023/12/08;1600 UTC;0;961,6;962,3;961,6;3593,8;30,9;20,4;32;29,5;22,4;19,6;63;49;53;24;4,5;1,4;
2023/12/08;1700 UTC;0;960,7;961,6;960,7;2315,6;30,9;21,4;32,9;30,6;21,4;19;58;45;57;12;3,6;2,4;
2023/12/08;1800 UTC;0;960,5;960,7;960;1725,4;30,7;21;31,9;30,4;22,5;20;60;50;56;20;4,9;3,2;
2023/12/08;1900 UTC;0;960,8;960,8;960,1;958,6;27,2;19,5;31;27,2;21,8;19,2;63;55;63;149;9,3;4,1;
2023/12/08;2000 UTC;,2;962,8;962,8;960,8;318,5;24,4;25,1;27,2;24,4;25,1;19,2;;63;;46;7,8;3,6;
2023/12/08;2100 UTC;2,8;963,1;963,1;962,5;174,7;23,9;;24,5;23,7;;;;;;51;6,9;2,2;
2023/12/08;2200 UTC;0;964,2;964,2;963,1;12,7;23,8;;23,9;23,7;;;;;;83;5;1,5;
2023/12/08;2300 UTC;,8;964,5;964,5;964,1;;23,4;;23,8;23,3;;;;;;44;4,3;1,6;
2023/12/09;0000 UTC;0;965,3;965,3;964,4;1;23,5;;23,6;23,3;;;;;;107;3,8;2,3;
2023/12/09;0100 UTC;0;965,1;965,4;965,1;,3;23,2;;23,6;23,1;;;;;;30;3,8;1;
2023/12/09;0200 UTC;0;965,2;965,3;965,1;0;23,3;;23,5;23,2;;;;;;132;3,2;2;
2023/12/09;0300 UTC;,6;964,8;965,3;964,8;,4;21,7;;23,4;21,7;;;;;;182;4,8;,9;
2023/12/09;0400 UTC;1,8;963,6;964,8;963,6;;21,2;;21,7;21,2;;;;;;352;3,1;1,6;
2023/12/09;0500 UTC;0;963,3;963,7;963,2;;21,8;;21,8;21,2;;;;;;147;3,9;1,4;
2023/12/09;0600 UTC;0;963,2;963,3;963,1;;21,6;;21,9;21,6;;;;;;26;2,5;,5;
2023/12/09;0700 UTC;0;963,5;963,5;963,2;;21,9;;21,9;21,5;;;;;;90;2,3;1,3;
2023/12/09;0800 UTC;0;963,9;963,9;963,5;;21,8;;22,1;21,8;;;;;;1;2,3;,8;
2023/12/09;0900 UTC;0;964,5;964,5;963,9;84,8;22,4;;22,4;21,8;;;;;;47;2,3;1,1;
2023/12/09;1000 UTC;0;965,1;965,1;964,5;371;22,5;;22,5;22,3;;;;;;68;5,7;3,1;
2023/12/09;1100 UTC;0;965,5;965,5;965;1008,3;23,2;;23,7;22,5;;;;;;63;5,6;2,7;
2023/12/09;1200 UTC;0;965,6;965,6;965,5;1880,1;24,6;24,6;24,7;23,2;25,1;24,1;;97;100;77;5,2;3,3;
2023/12/09;1300 UTC;0;965,6;965,7;965,5;3091,2;26,1;24,1;26,7;24,6;25,7;19,4;;66;89;76;5,9;3,4;
2023/12/09;1400 UTC;0;965,5;965,7;965,5;2720,5;25,9;19,7;26,7;25,6;23,8;18,8;92;64;69;88;7,1;3,8;
2023/12/09;1500 UTC;0;965,5;965,5;965,4;1648,8;25,7;19,4;26,5;25,6;21,6;19,1;79;66;68;103;8,3;4,5;
2023/12/09;1600 UTC;0;965,3;965,5;965,3;757,6;25;22,4;25,8;25;22,7;18,7;87;65;85;100;7,6;3,9;
2023/12/09;1700 UTC;0;965,4;965,4;965,2;456,9;23,9;22,9;25;23,9;23,6;21,8;95;82;95;101;8,7;4,8;
2023/12/09;1800 UTC;0;965,4;965,5;965,4;397;22,6;23,2;23,9;22,2;;;;;;95;8,4;4,2;
2023/12/09;1900 UTC;0;965,7;965,9;965,4;517,6;21,8;;22,7;21,4;;;;;;70;8;2,9;
2023/12/09;2000 UTC;0;966,1;966,2;965,7;352,8;21,8;;22,3;21,8;22,6;21,9;;98;;50;7,7;2,6;
2023/12/09;2100 UTC;0;966,6;966,6;966;244,6;20,9;;21,8;20,9;;;;;;26;5,2;2,3;
2023/12/09;2200 UTC;0;967;967;966,6;16,7;21,3;22;21,3;20,8;;;;;;59;6,2;3,2;
2023/12/09;2300 UTC;0;968;968;967;;20,8;;21,3;20,8;;;;;;47;6,2;2,6;
2023/12/10;0000 UTC;0;968,5;968,5;968;;20,2;;20,8;20,2;;;;;;61;6,5;3,4;
2023/12/10;0100 UTC;0;968,7;968,7;968,5;;19,7;;20,2;19,6;;;;;;49;6,1;2,8;
2023/12/10;0200 UTC;0;968,7;968,8;968,6;;19,7;;19,7;19,6;;;;;;60;5,1;2,3;
2023/12/10;0300 UTC;0;968;968,7;968;;19,7;;19,7;19,4;;;;;;47;5,1;1,6;
2023/12/10;0400 UTC;0;967,2;968;967,2;;19,5;;19,7;19,5;;;;;;83;3,1;1,7;
2023/12/10;0500 UTC;0;966,6;967,2;966,6;;19,4;;19,5;19,4;;;;;;67;4,4;2,2;
2023/12/10;0600 UTC;0;966,6;966,6;966,4;;19,5;20,2;19,5;19,4;;;;;;65;4,5;1,6;
2023/12/10;0700 UTC;0;966;966,6;966;;19,3;;19,5;19,2;;;;;;66;3;1,2;
2023/12/10;0800 UTC;0;966,3;966,3;966;;19,3;;19,4;19,2;;;;;;104;3,2;1,5;
2023/12/10;0900 UTC;0;966,7;966,7;966,3;82,5;19,8;;19,8;19,3;;;;;;103;3,8;1,4;
2023/12/10;1000 UTC;0;966,5;966,7;966,3;638,4;20,7;20,9;21;19,8;;;;;;69;4,2;2,1;
2023/12/10;1100 UTC;0;966,3;966,5;966,3;862,2;20,9;21,3;21,2;20,6;21,6;20,8;;100;;102;5,8;3,3;
2023/12/10;1200 UTC;0;966,3;966,4;966,2;888,6;21,9;20,6;22;20,9;21,8;20,5;;93;93;109;6,3;3,8;
2023/12/10;1300 UTC;0;965,9;966,5;965,9;1239,7;22,3;20;22,5;21,7;21;17,1;95;73;87;99;7,4;2,9;
2023/12/10;1400 UTC;0;965,2;965,9;965,1;1419;22,7;19,2;23,5;22,2;20,5;16,7;90;67;80;108;6,5;3,4;
2023/12/10;1500 UTC;0;964,9;965,2;964,8;824,8;23,4;18,1;23,4;22,7;20,4;17,9;87;71;72;118;7;4,3;
2023/12/10;1600 UTC;0;964,3;964,9;964,3;826,8;23,7;18,7;23,7;23,2;20,3;17,3;83;68;73;133;6,8;2,6;
2023/12/10;1700 UTC;0;963,6;964,3;963,5;645,9;24,2;17,8;24,3;23,6;20,2;17,2;79;66;68;92;4,7;1,8;
2023/12/10;1800 UTC;0;962,9;963,6;962,9;699,3;24,3;22,3;24,3;23,2;23,1;17,4;98;66;89;7;4,5;,9;
2023/12/10;1900 UTC;0;962,4;962,9;962,4;645,5;23,6;22,5;24,7;23,6;23,1;17,7;95;66;94;341;3;1,5;
2023/12/10;2000 UTC;0;962;962,5;962;197,6;23,3;23,1;23,6;23,2;23,3;22,4;;94;99;24;3,1;1;
2023/12/10;2100 UTC;0;962,1;962,1;961,9;51,7;23,2;22,3;23,4;23,2;23,5;22,1;;93;94;108;5;2,5;
2023/12/10;2200 UTC;0;962,3;962,5;962,2;1,9;22,4;22,5;23,2;22,4;22,7;22,3;;94;;100;5,5;3,2;
2023/12/10;2300 UTC;0;963,3;963,3;962,3;;21,7;22,2;22,4;21,7;22,8;22,1;;;;106;6,5;3;
2023/12/11;0000 UTC;0;963,9;963,9;963,2;;21,2;21,9;21,8;21,2;22,2;21,9;;;;72;5,8;1,3;
2023/12/11;0100 UTC;0;964;964,2;963,9;;21;;21,2;20,9;;;;;;83;4,7;1,4;
2023/12/11;0200 UTC;0;963,6;964;963,5;;20,7;;21;20,7;;;;;;27;2,8;,9;
2023/12/11;0300 UTC;0;963,5;963,6;963,4;;20;;20,7;20;;;;;;277;5,4;2,4;
2023/12/11;0400 UTC;,2;962,4;963,5;962,1;;19,9;;20,1;19,8;;;;;;34;4,5;1,3;
2023/12/11;0500 UTC;0;961,8;962,5;961,8;;19,9;;20;19,8;;;;;;132;2,4;,7;
2023/12/11;0600 UTC;0;961,7;962,1;961,7;;19,9;;20,2;19,9;;;;;;284;3,3;2;
2023/12/11;0700 UTC;0;962,1;962,1;961,4;;19,9;;19,9;19,7;;;;;;314;3,3;1,4;
2023/12/11;0800 UTC;,4;961,9;962,3;961,9;;19,9;;20,1;19,9;;;;;;296;2,7;,7;
2023/12/11;0900 UTC;,8;961,7;962;961,6;21,6;20;;20;19,9;;;;;;79;2,5;1,5;
2023/12/11;1000 UTC;,2;961,8;961,9;961,5;105,9;20,2;;20,3;20;;;;;;80;3,4;1,2;
2023/12/11;1100 UTC;,2;962,2;962,2;961,7;237,4;20,7;;20,8;20,2;;;;;;111;2,7;1,1;
2023/12/11;1200 UTC;0;962,4;962,6;962,1;277,3;21,1;;21,4;20,7;;;;;;263;2,8;1,5;
2023/12/11;1300 UTC;0;962,3;962,6;962,3;472,7;22,1;;22,1;21,1;;;;;;309;2,4;1,2;
2023/12/11;1400 UTC;0;961,6;962,3;961,4;453,4;22;;22;21,6;;;;;;360;3,2;1,3;
2023/12/11;1500 UTC;0;961,4;961,6;961,3;887,9;22,8;;23,3;22;;;;;;325;3;1,4;
2023/12/11;1600 UTC;0;961,2;961,5;961,2;1705;24,5;24,6;25,6;22,8;25,9;23,9;;95;100;339;3,1;1,6;
2023/12/11;1700 UTC;0;961,2;961,4;961,1;1423,4;25,1;24,8;25,6;24,4;25,4;23,7;;91;99;39;3,5;1,6;
2023/12/11;1800 UTC;,2;961;961,2;960,9;1252,5;24,9;25,4;25,7;24,8;25,5;23,7;;90;;25;4,4;1,6;
2023/12/11;1900 UTC;,4;960,9;961,4;960,9;1151,8;25,3;25,8;25,3;23,9;;;;;;6;3,7;1,5;
2023/12/11;2000 UTC;0;961,4;961,5;960,7;902,3;25,6;25,8;26;25,3;26,5;23,8;;88;;79;3,4;1,1;
2023/12/11;2100 UTC;0;961,8;961,8;961,4;428,7;24,9;25,6;25,9;24,9;26,1;25,3;;99;;113;4,5;2,5;
2023/12/11;2200 UTC;0;962,6;962,6;961,8;12;24;;24,9;24;;;;;;102;4,9;2,5;
2023/12/11;2300 UTC;0;963,6;963,6;962,6;;23,4;;24;23,4;;;;;;82;6,6;1,7;
2023/12/12;0000 UTC;26;964,7;964,7;963,6;1,2;20,7;;23,4;20,5;;;;;;55;7,1;4,1;
2023/12/12;0100 UTC;7,4;965,5;965,5;964,7;,4;21,2;;21,2;20,7;;;;;;27;6,7;2,1;
2023/12/12;0200 UTC;,2;965,4;965,6;965,4;1,7;21,3;;21,4;21,2;;;;;;38;4,2;1;
2023/12/12;0300 UTC;0;965,1;965,5;965,1;2,2;21,3;;21,5;21,1;;;;;;68;3;1,6;
2023/12/12;0400 UTC;0;964,6;965,2;964,6;1,5;21,1;;21,3;21,1;;;;;;61;3,8;1,1;
2023/12/12;0500 UTC;0;964,4;964,6;964,4;;20,5;;21,1;20,5;;;;;;212;2,4;1;
2023/12/12;0600 UTC;0;964,4;964,4;964,3;;20,9;;20,9;20,5;;;;;;148;1,3;,8;
2023/12/12;0700 UTC;0;964,4;964,4;964,3;;20,6;;21;20,6;;;;;;336;1,4;,9;
2023/12/12;0800 UTC;,2;964,5;964,5;964,3;,5;20,6;;20,7;20,6;;;;;;308;1,9;,7;
2023/12/12;0900 UTC;0;965,2;965,2;964,5;75,2;20,8;;20,9;20,6;;;;;;319;1;,5;
2023/12/12;1000 UTC;0;966;966;965,2;361,7;21,8;;21,8;20,8;;;;;;103;2,2;,9;
2023/12/12;1100 UTC;0;966,7;966,7;966;630,2;22,4;;22,5;21,7;;;;;;92;4,8;2,1;
2023/12/12;1200 UTC;0;967,1;967,1;966,7;1166,5;23,4;24,1;23,5;22,4;;;;;;109;4,4;2,3;
2023/12/12;1300 UTC;0;967,1;967,2;967,1;2092,8;25;19,7;26;23,4;24,6;19,7;;72;72;109;5,1;3;
2023/12/12;1400 UTC;0;967,1;967,2;967,1;1162;25,3;23,9;25,7;25;23,9;18,6;93;67;92;47;5,1;1,9;
2023/12/12;1500 UTC;0;966,8;967,1;966,8;888,1;25,4;19,4;25,8;25,1;23,1;18,5;92;65;69;113;3,5;1,7;
2023/12/12;1600 UTC;0;966,4;966,8;966,4;570,8;24,7;24,9;25,5;24,3;25,1;19,7;;69;;8;3,6;1,9;
2023/12/12;1700 UTC;0;966,1;966,5;966,1;671,3;24,9;24,3;24,9;24,3;25,2;23,6;;93;97;96;4,9;3,1;
2023/12/12;1800 UTC;0;965,6;966,1;965,6;1382,8;26,1;19,3;26,1;24,8;24,7;19,3;98;66;66;99;5,5;2,9;
2023/12/12;1900 UTC;0;965,1;965,6;965;881,6;25,2;19,9;26,2;25;22,2;18,4;82;65;73;75;7;3,9;
2023/12/12;2000 UTC;0;965,3;965,3;965,1;613,6;24;22,3;25,3;24;22,8;19,6;90;71;90;102;7,7;4,6;
2023/12/12;2100 UTC;0;965,7;965,7;965,3;175,6;23,2;22,4;24;23,2;22,7;21,8;96;89;96;92;7,9;3,7;
2023/12/12;2200 UTC;0;966,4;966,4;965,7;8,4;22,2;21,9;23,2;22,2;22,5;21,9;100;95;98;88;8,3;4,1;
2023/12/12;2300 UTC;0;967,2;967,2;966,4;;21,8;21,9;22,2;21,8;22,1;21,8;;98;;78;7,2;3,4;
2023/12/13;0000 UTC;0;967,9;967,9;967,2;;21,5;;21,8;21,5;22,2;21,9;;;;62;6,8;2,3;
2023/12/13;0100 UTC;0;968,5;968,5;967,9;;21;21,6;21,5;21;;;;;;61;5,7;2,8;
2023/12/13;0200 UTC;0;968,2;968,5;968,2;;20,7;21,3;21;20,7;21,6;21,3;;;;41;5,1;1,3;
2023/12/13;0300 UTC;0;967,4;968,2;967,4;;19,9;;20,8;19,7;;;;;;47;4,5;2,2;
2023/12/13;0400 UTC;0;966,7;967,4;966,7;;19,5;;19,9;19,3;;;;;;62;3,7;1,6;
2023/12/13;0500 UTC;0;965,9;966,7;965,9;;19,7;;19,8;19,5;;;;;;74;2,8;1,6;
2023/12/13;0600 UTC;0;965,3;966;965,3;;19,1;;19,7;19;;;;;;76;4,3;1,4;
2023/12/13;0700 UTC;0;965;965,4;965;;18,5;;19,1;18,4;;;;;;42;2,9;1,7;
2023/12/13;0800 UTC;0;965,2;965,2;964,9;;18,6;;18,6;18,2;;;;;;72;2,3;1,1;
2023/12/13;0900 UTC;0;965,6;965,6;965,2;59,4;17,8;;18,6;17,7;;;;;;350;1,7;1,3;
2023/12/13;1000 UTC;0;966,1;966,1;965,6;722,8;20,9;21,5;20,9;17,8;;;;;;50;2,3;1,1;
2023/12/13;1100 UTC;0;966,2;966,2;966,1;1786,6;22,1;21;22,6;20,6;22,2;20,7;;92;94;103;3,9;2,1;
2023/12/13;1200 UTC;0;966,3;966,4;966,2;1787,5;22,2;21;22,6;21,8;22;19,3;99;78;93;84;4,2;1,3;
2023/12/13;1300 UTC;0;966;966,3;966;1429,7;23,3;21,4;23,4;22,1;22,1;20,2;100;87;89;320;3,3;1,9;
2023/12/13;1400 UTC;0;965,8;966;965,8;1529,2;23,5;21,1;24,1;23,1;22,8;18,1;96;70;87;354;3,5;2,1;
2023/12/13;1500 UTC;0;965,3;965,8;965,3;2108,4;25,3;18,8;25,3;23,5;22,9;17,9;94;67;68;4;4;2,2;
2023/12/13;1600 UTC;0;964,5;965,4;964,5;2187,8;26,1;18,5;26,4;24,4;22,6;17,9;87;63;63;45;5,3;1,3;
2023/12/13;1700 UTC;0;963,7;964,5;963,7;2287,8;25,6;20;26,3;25,2;22,4;18;83;62;71;10;4,6;2,4;
2023/12/13;1800 UTC;0;963,1;963,7;963,1;2051,3;25,5;20,5;26,6;25,4;22,5;18,8;84;64;74;352;4,6;2,5;
2023/12/13;1900 UTC;0;962,3;963,1;962,3;1276,3;25,8;22;26;25,5;22,9;19,1;84;67;79;347;4,5;2,4;
2023/12/13;2000 UTC;0;961,9;962,4;961,7;672,7;25,6;23,2;25,9;25,4;23,7;19,5;89;69;87;332;4,4;1,7;
2023/12/13;2100 UTC;0;962,2;962,3;961,8;218;25,2;24,3;25,6;25,2;24,5;22,5;96;83;94;343;2,9;,5;
2023/12/13;2200 UTC;0;962,8;962,8;962,1;25,8;24,8;24,7;25,4;24,8;24,7;24;99;93;99;30;2,3;1,5;
2023/12/13;2300 UTC;0;963,8;963,8;962,8;;24,6;25,1;25,1;24,6;25,3;24,3;;96;;98;3,5;2,1;
2023/12/14;0000 UTC;0;964,4;964,4;963,8;;24;23,9;24,6;24;25,1;23,9;;99;100;96;5,9;2,8;
2023/12/14;0100 UTC;0;965,1;965,1;964,4;;23,4;24;24;23,4;24,2;23,9;;99;;102;5,6;2,5;
2023/12/14;0200 UTC;0;965,1;965,4;965,1;;22,7;23,4;23,4;22,7;24;23,4;;;;106;4,7;2,6;
2023/12/14;0300 UTC;0;964,6;965,2;964,6;;21,9;;22,7;21,9;;;;;;92;4,3;1,5;
2023/12/14;0400 UTC;0;964,1;964,6;964,1;;21,3;;21,9;21,3;;;;;;106;3,3;1,6;
2023/12/14;0500 UTC;0;963,5;964,2;963,5;;20,3;;21,3;20,2;;;;;;41;3,1;1,7;
2023/12/14;0600 UTC;0;963,6;963,7;963,4;;20,9;;20,9;20,2;;;;;;55;2,9;1,2;
2023/12/14;0700 UTC;0;963,3;963,6;963,3;;20,9;;21,1;20,9;;;;;;1;2,3;,7;
2023/12/14;0800 UTC;0;963,4;963,4;963,2;;20,9;;21,2;20,8;;;;;;112;2,6;1,7;
2023/12/14;0900 UTC;0;963,8;963,8;963,4;69,2;20,8;;20,9;20,7;;;;;;93;2,6;1,4;
2023/12/14;1000 UTC;0;964,6;964,6;963,8;323,1;21,6;;21,6;20,8;;;;;;87;2,8;1,7;
2023/12/14;1100 UTC;0;964,5;964,8;964,5;888,1;23,6;23,5;23,6;21,6;;;;;99;80;3,1;1,6;
2023/12/14;1200 UTC;0;964,1;964,5;964,1;2018,3;25,3;22,6;25,4;23,4;24,7;21,3;;78;85;58;3,1;1,4;
2023/12/14;1300 UTC;0;963,8;964,1;963,7;3333,9;27,8;19,7;27,8;25;23,2;19,2;91;61;61;232;4,1;1,4;
2023/12/14;1400 UTC;0;962,8;963,8;962,8;3547,7;29,3;20,8;29,5;27,3;20,9;19,1;65;56;60;81;3,7;1,7;
2023/12/14;1500 UTC;0;961,8;962,8;961,8;3806,7;30,7;19,9;31,1;28,8;21,4;19;60;50;52;350;5,3;2,3;
2023/12/14;1600 UTC;0;961,2;961,8;961,2;3887,4;32,9;19,1;32,9;30,7;20,7;17,7;54;41;44;177;5,7;1,7;
2023/12/14;1700 UTC;0;960,8;961,2;960,7;3485,9;33,6;17,8;33,6;32,2;18,7;16,8;45;38;39;237;5,5;2,2;
2023/12/14;1800 UTC;0;960,3;960,8;960,3;3148,6;33,2;18;34,2;33;18,9;17,1;42;38;41;158;7,2;2,8;
2023/12/14;1900 UTC;0;959,9;960,3;959,9;1907,6;33,6;17,7;34,2;33,1;18,6;17,2;41;37;39;62;5,1;1,5;
2023/12/14;2000 UTC;0;959,7;960;959,7;1443,5;32,8;18;34,1;32,8;18,8;17,1;42;37;42;67;3,9;2,4;
2023/12/14;2100 UTC;0;960,3;960,3;959,7;407,4;31,9;19,4;32,7;31,9;19,5;17,9;48;41;48;103;5,2;2,5;
2023/12/14;2200 UTC;0;961;961;960,3;68,1;29,4;20,2;31,9;29,4;20,2;19,3;58;48;58;126;6,9;3,9;
2023/12/14;2300 UTC;0;962,3;962,3;961;;27,9;20,8;29,4;27,9;20,8;20,1;65;58;65;83;6,9;3,6;
2023/12/15;0000 UTC;0;963,1;963,1;962,3;;25,5;19,6;27,9;25,4;20,8;19,6;73;65;70;31;6,5;1,5;
2023/12/15;0100 UTC;0;963,6;963,6;963,1;;25,3;19,6;25,8;25,1;19,8;19,5;72;68;71;41;3,3;2,3;
2023/12/15;0200 UTC;0;963,4;963,7;963,4;;24,6;20,2;25,4;23,7;20,4;19,7;79;71;76;49;3,3;1,9;
2023/12/15;0300 UTC;0;963,3;963,5;963,3;;23,9;20,2;24,6;23,7;20,4;19,8;80;76;80;93;3,6;1,3;
2023/12/15;0400 UTC;0;962,5;963,3;962,5;;23;;23,9;23;;;;;;68;2,6;1,4;
2023/12/15;0500 UTC;0;962,2;962,5;962,2;;22,7;;23,1;22,3;;;;;;105;2,5;1,3;
2023/12/15;0600 UTC;0;962,1;962,2;962;;23,1;;23,2;22;;;;;;44;2,7;1,8;
2023/12/15;0700 UTC;0;962,1;962,1;961,9;;22;;23,2;21,7;;;;;;80;2,7;,9;
2023/12/15;0800 UTC;0;963,2;963,2;962,1;;21,8;;22,7;21,8;;;;;;341;1,4;,5;
2023/12/15;0900 UTC;0;964;964;963,2;152,5;22,8;;22,8;21,4;;;;;;8;1,9;,5;
2023/12/15;1000 UTC;0;964,6;964,6;964;867,3;25;25,7;25,2;22,7;;;;;;101;2,4;1,5;
2023/12/15;1100 UTC;0;964,6;964,8;964,6;1755,5;26;25,4;26,6;25;26;24,7;;90;96;82;4,3;2,7;
2023/12/15;1200 UTC;0;964,3;964,7;964,3;2568,3;28,7;21;28,9;26;26,5;20,6;;63;63;88;4,6;1,7;
2023/12/15;1300 UTC;0;964;964,3;964;3245;30,5;19,4;30,8;28,3;21,4;19,4;63;51;52;116;6,4;2,7;
2023/12/15;1400 UTC;0;963,3;964;963,3;3700,2;32,4;19,2;32,6;30,4;20,3;18,2;53;43;46;77;7;1,5;
2023/12/15;1500 UTC;0;962,5;963,3;962,5;3828,1;32,9;18;33,6;31,9;20,2;18;47;41;41;139;6,2;3,2;
2023/12/15;1600 UTC;0;961,9;962,5;961,9;3987,5;34,3;18,6;34,4;32,7;19,8;17,6;45;37;39;139;7,1;2,1;
2023/12/15;1700 UTC;0;961,4;961,9;961,4;3101;33,8;17,7;34,8;33;18,8;16,9;42;36;38;112;7,4;2,7;
2023/12/15;1800 UTC;0;961,2;961,3;961,1;2369,1;34,4;18,4;35,2;33,2;18,6;17;40;35;39;100;5,9;2,3;
2023/12/15;1900 UTC;0;961,1;961,2;960,9;812,7;33,4;17,2;34,9;33,3;18,4;17;40;37;38;91;8,7;2,5;
2023/12/15;2000 UTC;0;961,6;961,6;961,1;868,7;30,8;19;33,4;29,9;19,8;16,9;53;38;49;304;9,3;2,2;
2023/12/15;2100 UTC;0;961,7;961,8;961,6;688,7;30;19;31,5;30;19,3;18;53;45;52;352;4,9;2,1;
2023/12/15;2200 UTC;0;962,6;962,6;961,7;71,9;28,8;19,9;30,1;28,8;20,2;18,9;60;51;59;99;4,1;2,6;
2023/12/15;2300 UTC;0;963,4;963,4;962,6;;27,1;20;29,5;27,1;20,1;19,3;65;55;65;45;4,9;1,7;
2023/12/16;0000 UTC;0;964;964;963,4;;27,3;20;27,3;26,6;20,4;20;69;65;65;40;3,2;1,9;
2023/12/16;0100 UTC;0;964,4;964,5;964;;27,1;20;27,7;26,7;20,2;19,8;67;63;65;50;3,1;1,7;
2023/12/16;0200 UTC;0;964;964,4;964;;26,1;20,1;27,1;25,9;20,3;20;71;65;70;75;3,1;2,2;
2023/12/16;0300 UTC;0;964,1;964,2;963,9;;24,6;20,4;26,1;24,6;20,4;20,1;78;70;78;61;3,3;1,6;
2023/12/16;0400 UTC;0;964,3;964,3;964;;24;20,4;24,6;24;20,6;20,3;80;78;80;71;4;2,1;
2023/12/16;0500 UTC;0;963,9;964,3;963,9;;23,7;21,1;24;23,3;24,3;20,4;;80;85;72;3,6;2,1;
2023/12/16;0600 UTC;0;963,7;963,9;963,7;;22,7;;23,7;22,7;;;;;;99;3,8;2,3;
2023/12/16;0700 UTC;0;963,8;963,8;963,6;;22,6;;22,7;22,3;;;;;;105;4,2;2,7;
2023/12/16;0800 UTC;0;964,5;964,5;963,8;;21,7;19;23;21,7;23,6;18,6;;78;85;133;5,4;,4;
2023/12/16;0900 UTC;0;964,9;964,9;964,4;174,3;23,4;19,3;23,4;21,6;22,1;19;;78;78;91;3,5;1,4;
2023/12/16;1000 UTC;0;965,1;965,1;964,9;857,1;24,8;19,6;24,8;23,4;19,6;18,9;78;72;73;107;3,5;1,6;
2023/12/16;1100 UTC;0;965,6;965,6;965,1;1791,8;26,2;19;26,3;24,6;19,8;18,5;73;64;64;71;5,3;2;
2023/12/16;1200 UTC;0;965,4;965,6;965,4;2551,2;27,4;19,8;27,8;25,6;20,3;18,7;68;60;63;62;4,3;2;
2023/12/16;1300 UTC;0;965;965,4;965;3244,9;28,9;19,3;29,3;27,1;20,5;18,7;64;56;56;246;4,7;1,1;
2023/12/16;1400 UTC;0;964,3;965;964,3;3658,8;30,2;20,5;30,6;28,6;20,8;19,1;61;53;56;146;4,6;1,7;
2023/12/16;1500 UTC;0;963,8;964,3;963,8;3910,4;31,6;20,4;31,6;29,8;21,2;18,8;57;48;52;97;4,8;1,5;
2023/12/16;1600 UTC;0;962,9;963,8;962,9;3806,1;32,8;18,2;33,2;31,6;21;17,7;53;42;42;92;6,3;2,6;
2023/12/16;1700 UTC;0;962,2;962,9;962,2;3581,1;34,2;19;34,2;32,7;19,7;17,5;46;38;41;141;7,7;3,1;
2023/12/16;1800 UTC;0;961,7;962,2;961,7;2941,1;34,2;18,1;34,2;33,2;19,1;17,6;43;39;39;98;7,8;2,9;
2023/12/16;1900 UTC;0;961,4;961,8;961,4;2311,5;33,8;17,8;34,2;33,4;18,4;17,1;40;37;39;112;8,5;4,2;
2023/12/16;2000 UTC;0;961,3;961,4;961,3;1523,2;33,3;14,8;34;33,2;17,5;14,7;39;33;33;116;8,5;5,6;
2023/12/16;2100 UTC;0;961,7;961,7;961,2;579;32,1;16,2;33,3;32,1;16,5;14,7;38;33;38;119;8,4;4;
2023/12/16;2200 UTC;0;962,1;962,1;961,7;52;30,4;16,9;32,1;30,3;16,9;16;45;38;44;100;6,4;2,1;
2023/12/16;2300 UTC;0;962,9;962,9;962,1;;28,4;17,8;30,4;28,4;17,8;16,9;53;44;53;86;4,1;2;
2023/12/17;0000 UTC;0;963,6;963,6;962,9;;27,1;18,3;28,6;27,1;18,3;17,8;59;53;59;78;4,4;2,7;
2023/12/17;0100 UTC;0;964,1;964,2;963,6;;26;19;27,2;26;19;18,3;65;59;65;68;4,9;2,3;
2023/12/17;0200 UTC;0;964;964,2;964;;24,7;19,5;26;24,7;19,5;19;73;66;73;64;4;1,6;
2023/12/17;0300 UTC;0;963,6;964;963,6;;24,1;19,5;24,7;24,1;19,5;19,4;75;73;75;75;3,9;2,1;
2023/12/17;0400 UTC;0;963,4;963,6;963,3;;23;19,3;24,1;23;19,5;19,3;80;75;80;60;4,2;2;
2023/12/17;0500 UTC;0;962,8;963,4;962,8;;22,7;19,5;23,2;22,7;19,5;19,3;82;79;82;101;5;3;
2023/12/17;0600 UTC;0;962,5;962,8;962,5;;22,4;19,2;22,7;22,4;19,5;19,2;83;82;82;100;4,5;2,3;
2023/12/17;0700 UTC;0;962,7;962,7;962,4;;22,3;18,3;22,7;22,3;19,2;18,3;82;77;78;93;4,7;2,1;
2023/12/17;0800 UTC;0;963,3;963,3;962,7;;21,8;18,5;22,3;21,7;18,5;18,2;82;78;82;111;3;1,4;
2023/12/17;0900 UTC;0;963,7;963,8;963,2;192,4;22,5;22,9;22,5;19,9;;;;;;73;2,9;1,3;
2023/12/17;1000 UTC;0;964,4;964,4;963,7;953,9;24;17,2;24;22,5;23,2;17,2;;66;66;102;5,2;2,7;
2023/12/17;1100 UTC;0;964,8;964,8;964,4;1774,4;24,8;17,7;25,1;23,8;18,2;17,1;67;63;65;96;5,2;2,2;
2023/12/17;1200 UTC;0;964,6;964,8;964,6;2552,5;25,6;18,4;26,3;24,6;19,1;17,5;68;61;64;28;5,5;1,7;
2023/12/17;1300 UTC;0;964,4;964,6;964,4;3372,8;27,6;18,3;28,3;25,7;19,4;17,8;64;56;57;91;5,3;1,8;
2023/12/17;1400 UTC;0;963,6;964,4;963,6;3616,7;29,4;19;29,9;27,3;20,5;18,2;62;53;54;39;5,4;1,5;
2023/12/17;1500 UTC;0;963;963,6;963;3377,6;30,5;19,9;30,5;28,6;20,2;18,3;57;51;53;135;6,1;2,7;
2023/12/17;1600 UTC;0;962,3;963;962,3;3486,1;31,4;19,2;31,9;29,9;20,7;18,4;54;46;48;69;6;2,6;
2023/12/17;1700 UTC;0;961,7;962,3;961,7;3499,1;32,2;17,8;32,3;30,8;20,3;17,4;52;42;42;112;7,4;2,4;
2023/12/17;1800 UTC;0;960,8;961,7;960,8;3056,5;32,1;17,2;32,8;31,7;19;17,1;46;40;41;48;5,9;2,4;
2023/12/17;1900 UTC;0;960,1;960,8;959,9;2348;33,3;16,9;33,5;32,1;19,3;16,5;44;37;38;105;6,2;2,8;
2023/12/17;2000 UTC;0;959,8;960,3;959,8;1384,6;32,3;16,4;33,4;32,2;17,6;16,4;41;37;39;120;6,6;4,3;
2023/12/17;2100 UTC;0;960,3;960,3;959,8;431,4;31,2;16,5;32,4;31,1;17;16,3;42;38;41;131;7,2;2,6;
2023/12/17;2200 UTC;0;961,2;961,3;960,3;32,3;27,6;17,2;31,3;27,6;17,7;16,3;54;41;53;264;14,8;8;
2023/12/17;2300 UTC;0;961,6;961,7;961,1;;25;16,7;27,6;25;17,1;16,4;60;53;60;251;15,2;6,3;
2023/12/18;0000 UTC;0;961,5;961,6;961,4;;24;16,7;25;24;16,7;16,4;64;60;64;268;10,4;2,8;
2023/12/18;0100 UTC;0;961,9;962;961,5;;22,6;17,1;24,1;22,5;17,3;16,7;71;63;71;335;5,1;1,9;
2023/12/18;0200 UTC;0;962;962;961,9;;22,7;17,2;23,1;22,4;17,3;17;73;69;71;18;2,9;1,6;
2023/12/18;0300 UTC;0;962;962,1;961,9;;22,4;17,9;22,7;21,3;17,9;17,1;80;71;76;118;2,2;,6;
2023/12/18;0400 UTC;0;961,6;962;961,6;;21,1;21,7;22,6;21,1;21,7;17,6;;75;;307;1,7;1;
2023/12/18;0500 UTC;0;961,3;961,7;961,3;;20,7;;21,1;20,7;;;;;;334;1,8;1,1;
2023/12/18;0600 UTC;0;961,2;961,3;961,2;;20,4;;20,8;20,2;;;;;;329;2;1;
2023/12/18;0700 UTC;0;961;961,2;961;;20,1;;20,7;20;;;;;;336;1,4;,9;
2023/12/18;0800 UTC;0;961,1;961,2;961;;19,6;;20,7;19,5;;;;;;327;1,2;,8;
2023/12/18;0900 UTC;0;961,3;961,3;961,1;78,2;20,4;;20,5;19,6;;;;;;322;1,2;,8;
2023/12/18;1000 UTC;0;961,5;961,5;961,3;525,6;22,1;;22,1;20,3;;;;;;317;1,3;,4;
2023/12/18;1100 UTC;0;961,2;961,5;961,2;1679,2;25,3;22,8;25,7;22,1;24,8;21;;76;86;94;3;1,5;
2023/12/18;1200 UTC;0;960,9;961,3;960,9;2325,2;26,8;19,9;26,8;24,9;24,1;19,4;93;66;66;57;4,4;1,6;
2023/12/18;1300 UTC;0;960,2;960,9;960,2;3202,5;28;19,9;28,4;26,1;20,4;18,6;68;58;61;85;4,8;1,7;
2023/12/18;1400 UTC;0;959,6;960,2;959,6;3486,6;28,5;18,9;29,8;28;20,6;18,6;61;53;56;29;4,8;1,9;
2023/12/18;1500 UTC;0;958,5;959,6;958,5;3779,4;30,4;19,4;30,8;28,4;20,6;18,5;59;51;52;20;5;2,6;
2023/12/18;1600 UTC;0;957,8;958,5;957,8;3423,2;31,3;18,8;31,9;29,5;20,8;17,6;56;43;48;48;6;2,2;
2023/12/18;1700 UTC;0;957,2;957,9;957,2;3520,6;33,1;16,9;33,5;31,1;19,3;16,3;49;37;38;108;5,7;2,9;
2023/12/18;1800 UTC;0;956,8;957,3;956,8;3202,7;33,1;16,3;33,8;32,3;18;16,1;42;36;37;102;7;2,3;
2023/12/18;1900 UTC;0;956,5;956,8;956,4;1114,8;32;17,9;33,5;31,7;17,9;15,8;43;37;43;113;9,2;4,9;
2023/12/18;2000 UTC;0;957;957;956,5;924,3;30,4;19,2;32,3;30,4;19,7;17,9;52;42;51;117;10,1;6,4;
2023/12/18;2100 UTC;0;957,8;957,8;957;544,8;28,5;19,6;30,4;28,5;19,6;18;59;49;59;102;10,1;4,4;
2023/12/18;2200 UTC;0;958,6;958,6;957,8;48,8;26,7;19;28,5;26,7;19,5;18,5;62;56;62;75;8;2,9;
2023/12/18;2300 UTC;0;959;959,1;958,6;;26,3;18,8;26,7;26,3;19,3;18,8;65;62;63;80;5,5;3;
2023/12/19;0000 UTC;0;959,8;959,8;959;;25,4;19,1;26,3;25,4;19,3;18,8;69;63;68;51;5,1;2,9;
2023/12/19;0100 UTC;0;960,5;960,5;959,8;;24,9;18,7;25,4;24,9;19,3;18,7;70;68;69;63;5,1;3,2;
2023/12/19;0200 UTC;0;960,7;960,8;960,5;;24,2;18,3;24,9;24,2;18,8;18,2;70;69;70;47;5,7;3,4;
2023/12/19;0300 UTC;0;960,3;960,7;960,3;;23,7;18;24,2;23,7;18,3;17,9;70;69;70;51;5,9;2,9;
2023/12/19;0400 UTC;0;960,2;960,3;960,1;;23;18,5;23,7;23;18,5;17,9;76;70;76;30;4,7;1,5;
2023/12/19;0500 UTC;0;959;960,2;959;;22,7;18,6;23;22,6;18,6;18,4;77;75;77;56;4,4;2,8;
2023/12/19;0600 UTC;0;959,3;959,3;959;;22,1;19,1;22,7;22,1;19,1;18,6;83;77;83;106;4,4;2,1;
2023/12/19;0700 UTC;0;959,4;959,5;959,3;;21,5;;22,1;21,5;;;;;;107;4,2;1,7;
2023/12/19;0800 UTC;0;959,8;959,8;959,4;;20,7;;21,5;20,7;;;;;;67;3,2;1,4;
2023/12/19;0900 UTC;0;960,4;960,4;959,8;173,1;20,9;;20,9;20,5;;;;;;352;2,7;1,4;
2023/12/19;1000 UTC;0;961;961;960,4;650;22,6;23,2;22,8;20,9;;;;;;56;3,8;1,9;
2023/12/19;1100 UTC;0;960,7;961;960,7;1649,9;24,5;22,3;24,7;22,6;24,1;22,2;;83;88;88;4;2,1;
2023/12/19;1200 UTC;0;960,5;960,7;960,5;2308,7;25,5;17,9;25,8;24,3;24,1;17,9;95;63;63;139;5;2,4;
2023/12/19;1300 UTC;0;959,8;960,5;959,8;3256,8;26,9;17,6;27,9;25,4;19,1;16,7;65;53;57;99;7,1;3,4;
2023/12/19;1400 UTC;0;959,1;959,8;959,1;3737,9;28,2;17,4;29,4;26,8;18,8;16,5;60;49;52;123;7,1;1,6;
2023/12/19;1500 UTC;0;958,6;959,1;958,6;3602,2;29,6;17,8;29,8;28,2;18,7;16,3;55;46;49;79;5;2,4;
2023/12/19;1600 UTC;0;957,8;958,7;957,8;3902,4;30,8;16,1;30,8;29,2;17,9;15,5;50;41;41;26;5,2;2;
2023/12/19;1700 UTC;0;957,1;957,8;957,1;3574,5;31,5;15,1;31,9;30,2;16,8;15,1;44;37;37;127;6,2;2,6;
2023/12/19;1800 UTC;0;956,5;957,2;956,5;3068,1;32,4;14,9;32,4;31,1;16,3;14,2;40;34;35;112;6,5;3;
2023/12/19;1900 UTC;0;956,1;956,5;956,1;2393,3;32,4;12,3;32,7;31,8;14,3;11,6;35;28;30;117;7;4;
2023/12/19;2000 UTC;0;956,7;956,7;956,1;1512,5;29,4;17,4;32,5;29,4;18,3;12,3;49;29;49;111;11;6,9;
2023/12/19;2100 UTC;0;957,5;957,5;956,7;637,9;27,8;17,2;29,5;27,8;17,7;16,9;53;48;53;93;11,1;4,1;
2023/12/19;2200 UTC;0;958,8;958,8;957,5;59,3;25,7;17,2;27,8;25,7;17,4;17;59;52;59;85;7,7;4;
2023/12/19;2300 UTC;0;960;960;958,8;;23,7;18;25,7;23,7;18;17,1;70;59;70;77;8,1;3,9;
2023/12/20;0000 UTC;0;960,9;960,9;960;;22,7;17,2;23,7;22,7;18;17,2;71;70;71;54;6,9;3,2;
2023/12/20;0100 UTC;0;961,3;961,3;960,9;;22,1;17,1;22,7;21,9;17,3;17,1;74;71;73;43;5,3;2,6;
2023/12/20;0200 UTC;0;961,5;961,6;961,3;;22;16,5;22,1;21,2;17,1;16,5;75;71;71;18;4,5;1,8;
2023/12/20;0300 UTC;0;961,2;961,5;961,2;;21,3;16,2;22;21,3;16,5;16,2;73;71;73;63;3,5;2,3;
2023/12/20;0400 UTC;0;960,3;961,2;960,2;;20,7;16,3;21,5;20,7;16,4;16,2;76;72;76;66;3,8;,5;
2023/12/20;0500 UTC;0;960,3;960,3;960,1;;19,9;16,9;20,7;19,8;16,9;16,3;83;76;83;89;2,9;1,7;
2023/12/20;0600 UTC;0;960,5;960,5;960,3;;19,6;;19,9;19,5;20,2;17,1;;83;;103;2,8;1,8;
2023/12/20;0700 UTC;0;960,5;960,6;960,4;;19,3;;19,7;19,3;;;;;;82;3,3;1,6;
2023/12/20;0800 UTC;0;960,9;960,9;960,5;;19;;19,8;19;;;;;;330;3,2;,5;
2023/12/20;0900 UTC;0;961,9;961,9;960,9;88,9;20,4;;20,4;19;;;;;;93;2,6;1,5;
2023/12/20;1000 UTC;0;962,4;962,4;961,9;761,3;22,7;23,2;22,9;20,3;;;;;;87;2,6;1,1;
2023/12/20;1100 UTC;0;962,8;962,8;962,4;1690,9;23,8;17,8;23,9;22,7;23,4;17,7;;68;69;130;4,8;2,7;
2023/12/20;1200 UTC;0;962,7;962,9;962,7;2327,9;26,2;18;26,2;23,4;18,7;17,4;71;61;61;87;4,9;1,9;
2023/12/20;1300 UTC;0;962,4;962,7;962,4;3367,7;26,9;16,7;27,7;25,2;18,3;16,2;64;50;53;110;4,4;2,4;
2023/12/20;1400 UTC;0;961,6;962,4;961,6;3594,9;28;15,2;28,4;26,6;17,2;14,7;55;44;46;65;5,9;1,8;
2023/12/20;1500 UTC;0;960,9;961,6;960,9;3755,6;29,3;14,5;30;27,2;16,7;13,6;51;39;40;108;6,9;3,4;
2023/12/20;1600 UTC;0;960,2;960,9;960,2;3948,2;30,2;13,7;30,5;28,6;15,8;12,9;45;35;36;67;8;2,7;
2023/12/20;1700 UTC;0;959,8;960,2;959,8;3405,2;30,8;13,4;31,4;29,3;15,1;13,2;40;34;35;89;8;2,1;
2023/12/20;1800 UTC;0;959,4;959,8;959,3;2879;31,3;12,9;31,7;30,5;14,9;12,8;38;32;32;103;7,9;3,5;
2023/12/20;1900 UTC;0;959;959,4;958,9;1508,6;30,8;15,6;31,5;29,8;16,1;12,8;41;32;40;110;8,3;3,8;
2023/12/20;2000 UTC;0;959,2;959,2;958,9;940,3;28,4;17,3;30,8;28,4;17,4;15;51;39;51;121;10,3;5,8;
2023/12/20;2100 UTC;0;960;960;959,2;304,5;26,8;17,4;28,7;26,8;17,6;17,1;56;50;56;112;10,6;7,3;
2023/12/20;2200 UTC;0;961,3;961,3;960;38,2;25,1;17,6;26,8;25,1;17,7;17,4;63;56;63;96;10,7;5,1;
2023/12/20;2300 UTC;0;962,6;962,6;961,3;;23,7;17,2;25,1;23,7;17,7;17,2;67;63;67;67;8,8;4,3;
2023/12/21;0000 UTC;0;963,7;963,7;962,6;;23,2;16,6;23,7;23,2;17,2;16,5;68;66;66;56;7,5;2,7;
2023/12/21;0100 UTC;0;964,8;964,8;963,7;;22,7;17,1;23,2;22,7;17,1;16,5;70;66;70;38;5,5;2,6;
2023/12/21;0200 UTC;0;964,6;964,9;964,6;;22,5;17,6;22,9;22,5;17,6;17;74;70;74;19;4,8;2,1;
2023/12/21;0300 UTC;0;963,9;964,6;963,9;;22,3;17,8;22,6;22,3;17,8;17,5;76;73;76;47;4,2;2,3;
2023/12/21;0400 UTC;0;963,3;963,9;963,3;;22,4;18;22,5;22,3;18;17,8;76;74;76;70;4,2;2;
2023/12/21;0500 UTC;0;962,9;963,4;962,8;;22,2;18,2;22,5;22,1;18,2;17,9;78;76;78;86;3,5;2,2;
2023/12/21;0600 UTC;0;962,5;962,9;962,5;;21,9;18,3;22,4;21,9;18,3;18,1;80;77;80;100;3,8;1,7;
2023/12/21;0700 UTC;0;962,2;962,5;962,2;;20,5;;21,9;20,1;21,5;18,1;;80;;54;3,3;,8;
2023/12/21;0800 UTC;0;962,7;962,7;962,2;;20,5;;20,8;20,3;;;;;;89;3;1,6;
2023/12/21;0900 UTC;0;963,5;963,6;962,7;150;20,9;;20,9;20,1;;;;;;107;3,3;,6;
2023/12/21;1000 UTC;0;964,2;964,2;963,5;731,6;21,6;;21,7;20,4;;;;;;295;2,3;1,3;
2023/12/21;1100 UTC;0;964,3;964,3;964,2;1151,9;23,6;18,6;24,1;21,6;23,4;18,1;;71;74;269;3;1,4;
2023/12/21;1200 UTC;0;964,4;964,5;964,3;2069;25,9;18,2;26,6;23,5;19,1;17,8;74;60;62;296;3,3;1,3;
2023/12/21;1300 UTC;0;964,1;964,4;964,1;2947,5;27,3;18,4;27,3;25,2;18,9;17,6;65;58;58;223;4;1,7;
2023/12/21;1400 UTC;0;963,5;964,1;963,5;3648;28,6;18,7;28,9;27,1;19,1;17,4;60;53;55;270;4,7;1,8;
2023/12/21;1500 UTC;0;962,7;963,6;962,7;3854,3;29,7;18,2;30,5;28,4;19,8;17,6;56;49;50;325;5,3;2,6;
2023/12/21;1600 UTC;0;961,6;962,7;961,6;3845;32;18,6;32,2;29,7;19,8;17,6;52;43;45;284;5,3;2,2;
2023/12/21;1700 UTC;0;960,5;961,6;960,5;3391,6;32,8;17,2;32,8;31,9;19,2;17,2;46;40;40;204;8,7;2;
2023/12/21;1800 UTC;0;959,8;960,5;959,7;2701,1;32,8;17,3;33,7;32;19;16,9;44;39;40;112;5,8;1,3;
2023/12/21;1900 UTC;0;959,4;959,7;959,3;1985,5;30,1;19,9;34;30,1;20;16,1;54;37;54;38;7,1;3,3;
2023/12/21;2000 UTC;0;960,1;960,1;959,3;1098,5;30,4;20,3;31,8;29,8;20,5;18,3;55;47;55;95;9,3;4,9;
2023/12/21;2100 UTC;0;961,1;961,1;960,1;584,9;27,7;19,7;30,8;27,7;20,3;19,3;62;52;62;77;9,7;5,1;
2023/12/21;2200 UTC;0;962,2;962,2;961,1;41,4;26,7;19,9;27,8;26,7;20,5;19,8;67;62;66;99;9,9;2,9;
2023/12/21;2300 UTC;0;962,7;962,7;962,2;;25,7;20,2;26,7;25,7;20,3;19,9;72;66;72;62;5,5;2,7;
2023/12/22;0000 UTC;0;963,8;963,8;962,7;,1;24,8;19,8;25,7;24,7;20,3;19,5;74;71;74;59;5,8;2;
2023/12/22;0100 UTC;0;965;965;963,8;;23,8;19,5;24,8;23,8;19,7;19,3;77;71;77;50;5,4;1,8;
2023/12/22;0200 UTC;0;964,7;965,1;964,7;;23,5;19,6;24;23,5;19,7;19,5;78;76;78;90;3,2;2,1;
2023/12/22;0300 UTC;0;964,2;964,7;964,2;;22,9;21,6;23,6;22,4;23,1;19,1;;78;93;56;3,2;1,5;
2023/12/22;0400 UTC;0;963,7;964,2;963,7;;23;19,8;23;22,7;20,9;19,8;92;82;82;101;3,4;1,9;
2023/12/22;0500 UTC;0;963,1;963,7;963,1;;22,5;22,8;23;22,4;22,9;19,7;;82;;52;2,8;1,2;
2023/12/22;0600 UTC;0;962,6;963,1;962,6;;21,9;;22,5;21,9;;;;;;93;2,2;1,2;
2023/12/22;0700 UTC;0;962,5;962,6;962,5;;20,7;;21,9;20,5;;;;;;355;2,1;1,3;
2023/12/22;0800 UTC;0;962,7;962,8;962,5;;20,5;;20,7;20,4;;;;;;357;1,8;,8;
2023/12/22;0900 UTC;0;963,1;963,1;962,6;141,1;22;;22;20,4;;;;;;72;2;1;
2023/12/22;1000 UTC;0;963,5;963,5;963,1;808,4;23,4;;23,6;21,5;;;;;;308;1,9;,5;
2023/12/22;1100 UTC;0;963,7;963,7;963,5;1656,6;25,6;22,4;25,6;23,3;24,7;21,2;;76;82;254;2;,8;
2023/12/22;1200 UTC;0;963,8;963,9;963,7;2469;27,7;19,7;27,7;25,3;23,1;19,1;85;61;62;257;3,6;,9;
2023/12/22;1300 UTC;0;963,2;963,8;963,1;3151,8;29,5;18,7;29,7;27,4;20,4;18,5;63;52;52;243;3,7;1,1;
2023/12/22;1400 UTC;0;962,5;963,2;962,5;3627,8;31,1;18;32;29,2;19,7;17,6;55;44;46;271;4,2;1,8;
2023/12/22;1500 UTC;0;961,7;962,5;961,7;3850,4;33,2;17,3;33,2;31,1;19,3;17;49;39;39;225;3,9;1,6;
2023/12/22;1600 UTC;0;961;961,7;961;3914,2;34,6;17,8;34,8;32,9;19,1;17;43;37;37;294;4,6;1,6;
2023/12/22;1700 UTC;0;960,1;961;960,1;3574,7;34,3;17,8;35,8;34;18,6;16,8;39;33;38;163;6,8;2,8;
2023/12/22;1800 UTC;0;959,9;960,1;959,8;1836,6;34,4;17,8;34,6;33;18,5;17,2;41;36;37;102;7,2;3;
2023/12/22;1900 UTC;0;959,5;959,9;959,4;1467,3;31,9;20,8;34,7;31;21,2;18,4;54;37;52;35;6,9;2,4;
2023/12/22;2000 UTC;0;959,4;959,6;959,4;1030,4;31,7;19,8;32,7;31,5;21,4;19,5;53;48;49;72;6;3;
2023/12/22;2100 UTC;0;960,5;960,5;959,3;423,9;29,8;18,2;32;29,8;20,2;17,6;54;47;50;52;6,5;2,5;
2023/12/22;2200 UTC;0;961,9;962,1;960,2;10,4;28,3;20,5;30;28,3;20,8;18,6;63;50;63;90;9,4;3,6;
2023/12/22;2300 UTC;4,2;964,2;964,3;961,8;2,1;20,9;;28,3;20,8;22,9;18,8;;63;;283;13,3;8,1;
2023/12/23;0000 UTC;30,6;964,4;964,5;964,1;1,3;20,1;;20,9;19,3;;;;;;44;14,7;2,9;
2023/12/23;0100 UTC;2,4;964,3;964,8;964;,3;20,2;;20,8;20;;;;;;268;5,2;2,9;
2023/12/23;0200 UTC;,2;963,9;964,5;963,8;;20,4;;20,6;20,1;;;;;;165;4;1,5;
2023/12/23;0300 UTC;0;963,8;964;963,8;0;20,3;;20,6;20,2;;;;;;2;2,9;,9;
2023/12/23;0400 UTC;0;963,6;964;963,5;,2;20,6;;20,6;20,2;;;;;;237;2,5;,6;
2023/12/23;0500 UTC;0;963,3;963,8;963,3;,4;20,6;;20,6;20,5;;;;;;344;3,1;,9;
2023/12/23;0600 UTC;,2;962,9;963,3;962,7;;20,4;;20,6;20,4;;;;;;355;2;1,4;
2023/12/23;0700 UTC;0;962,4;962,9;962,3;;20,3;;20,7;20,3;;;;;;336;2,4;,8;
2023/12/23;0800 UTC;0;962,4;962,5;962,1;;20,9;;20,9;20,3;;;;;;97;2,4;1,5;
2023/12/23;0900 UTC;0;962,7;962,9;962,4;125,7;20,8;;20,9;20,5;;;;;;4;2,5;1,7;
2023/12/23;1000 UTC;0;963;963;962,7;593;22,3;;22,3;20,6;;;;;;4;2,5;,6;
2023/12/23;1100 UTC;0;963,5;963,6;963;1523,4;24,1;24,3;24,8;22,3;;;;;;216;2,5;1;
2023/12/23;1200 UTC;0;963,7;963,7;963,4;2658,3;25,9;18,6;27,2;24,1;25,6;18,5;;60;64;339;3,3;1,5;
2023/12/23;1300 UTC;0;963,6;963,8;963,5;1839,6;27;20;27,3;25,9;20,5;18,8;69;64;66;255;3,3;1,9;
2023/12/23;1400 UTC;,2;962,8;963,6;962,8;2828,9;28,7;20,1;28,8;27;20,7;19,2;67;58;60;181;3,3;1,1;
2023/12/23;1500 UTC;0;962,1;962,8;962,1;3568,4;29,6;20,3;30,3;28,2;20,8;19,1;62;54;58;259;3,6;1,6;
2023/12/23;1600 UTC;0;961,6;962,1;961,6;2569,1;27,6;21;31,2;27,6;22;19,5;68;52;67;284;7,2;4,1;
2023/12/23;1700 UTC;0;960,5;961,6;960,5;813,8;26,3;23,5;27,6;25,5;24,9;20,8;99;67;85;309;8,6;2,6;
2023/12/23;1800 UTC;0;960,3;960,7;960,2;1562,9;28,7;21,9;28,7;26,3;23,4;21,2;85;64;67;165;4,2;,8;
2023/12/23;1900 UTC;0;960,5;960,5;960;1177,9;27,1;21,5;30,4;27,1;22,5;20,3;71;58;71;107;10,9;6,5;
2023/12/23;2000 UTC;6,8;961,4;961,4;960,5;327,8;23,5;;27,1;23,1;;;;;;140;10,3;2,7;
2023/12/23;2100 UTC;0;961,3;961,6;961,2;150,7;23,2;;23,5;22,9;;;;;;137;6,1;,8;
2023/12/23;2200 UTC;0;961,6;961,6;961,2;21,8;23;;23,4;22,6;;;;;;52;3,7;,7;
2023/12/23;2300 UTC;1;962,3;962,3;961,4;;22,4;;23,3;22,4;;;;;;154;3,5;1,7;
2023/12/24;0000 UTC;3,8;963,6;963,6;962,3;;22,2;;22,4;22,1;;;;;;243;3,6;1,4;
2023/12/24;0100 UTC;1,8;964,4;964,4;963,6;,5;22,2;;22,2;22;;;;;;312;2,8;1,4;
2023/12/24;0200 UTC;0;963,6;964,4;963,6;,8;22,5;;22,5;22,1;;;;;;17;2,2;1,1;
2023/12/24;0300 UTC;,2;962,1;963,6;962,1;;22,2;;22,6;22,2;;;;;;45;3,2;,9;
2023/12/24;0400 UTC;0;961,3;962,1;961,2;;22;;22,4;22;;;;;;273;3,4;1;
2023/12/24;0500 UTC;0;960,7;961,3;960,7;;21,5;;22;21,5;;;;;;3;2,6;1,2;
2023/12/24;0600 UTC;0;960,7;960,8;960,5;;21,5;;21,6;21,3;;;;;;356;1,7;,8;
2023/12/24;0700 UTC;0;960,8;960,9;960,7;1,2;21,5;;21,6;21,3;;;;;;303;1,5;1;
2023/12/24;0800 UTC;0;961,3;961,3;960,8;;21,3;;21,5;21,3;;;;;;291;2;,9;
2023/12/24;0900 UTC;0;962,2;962,2;961,3;97,5;21,5;;21,5;21,2;;;;;;293;2,5;1,1;
2023/12/24;1000 UTC;0;962,9;962,9;962,2;529,4;22,5;;22,6;21,5;;;;;;302;2,4;,9;
2023/12/24;1100 UTC;0;963,2;963,2;962,9;1235;23,7;;24,2;22,5;;;;;;243;3,5;1,6;
2023/12/24;1200 UTC;0;963,2;963,2;963;2447,2;26;26,5;26;23,7;;;;;;266;3,4;1,8;
2023/12/24;1300 UTC;0;963;963,2;963;3219,9;28,2;20,9;28,3;26;27;20,9;;64;64;243;3,9;1,5;
2023/12/24;1400 UTC;,2;962,6;963,1;962,6;3573,9;29,6;20,6;30,2;28;24,2;19,8;80;58;59;316;3,9;1,4;
2023/12/24;1500 UTC;0;961,8;962,6;961,8;3630,8;31,2;19,3;31,3;29,6;21,9;18,9;62;49;49;232;3,3;1,2;
2023/12/24;1600 UTC;0;960,9;961,8;960,9;3785;33;19,1;33;30,8;20,5;17,5;51;41;44;284;4,4;2,4;
2023/12/24;1700 UTC;0;959,9;960,8;959,9;3642,5;32,7;17,1;33,9;32,6;19,3;17,1;44;38;39;154;5,6;1,8;
2023/12/24;1800 UTC;0;959,3;959,9;959,3;3011;34,6;18,6;34,6;32,3;20,2;16,8;45;36;39;269;4,4;1,9;
2023/12/24;1900 UTC;0;958,8;959,3;958,8;2322,5;34,4;17,3;34,7;33,2;18,2;16,4;40;36;36;302;4,8;1,5;
2023/12/24;2000 UTC;0;959;959;958,7;1370,3;33,9;17,8;34,4;33,4;18,2;16,5;40;36;39;347;3,4;1,2;
2023/12/24;2100 UTC;0;959,7;959,7;958,9;816,8;30,5;22,7;33,9;30,5;22,7;17,4;63;38;63;82;7,6;4,4;
2023/12/24;2200 UTC;0;960,7;960,7;959,7;86,1;27,8;21,3;30,5;27,8;22,7;21,3;69;62;68;108;11,6;6,5;
2023/12/24;2300 UTC;0;962,2;962,2;960,7;;26;21,3;27,8;26;21,8;21,3;76;68;75;64;10;3,2;
2023/12/25;0000 UTC;0;963,3;963,3;962,2;;25,2;20,5;26;25,2;21,3;20,5;76;74;75;47;6;3,4;
2023/12/25;0100 UTC;0;964,8;964,8;963,3;;25;20,2;25,2;24,6;20,4;20,1;77;75;75;291;5,6;2,6;
2023/12/25;0200 UTC;0;964,3;964,8;964,3;;22,7;18,5;25,1;22,7;20,3;17,7;78;68;77;312;10,9;,8;
2023/12/25;0300 UTC;0;963,6;964,5;963,6;;22,1;18,9;22,7;22,1;19,1;18,4;83;77;82;312;3,8;1,3;
2023/12/25;0400 UTC;0;963,3;963,6;963,3;;21,8;;22,1;21,8;22,6;18,8;;82;;317;3,3;1,1;
2023/12/25;0500 UTC;0;962,9;963,3;962,9;;21,8;;21,8;21,6;;;;;;316;3,2;1,2;
2023/12/25;0600 UTC;0;962,5;963;962,4;;21,9;;21,9;21,6;;;;;;99;2,5;,7;
2023/12/25;0700 UTC;0;962,8;962,8;962,5;;21,5;;22,3;21,5;;;;;;347;2,4;1,5;
2023/12/25;0800 UTC;0;963,2;963,2;962,8;;21,2;;21,6;21,2;;;;;;335;2,4;1,3;
2023/12/25;0900 UTC;0;963,6;963,6;962,9;99,8;21,6;;21,6;21,1;;;;;;283;3,5;2,2;
2023/12/25;1000 UTC;0;963,5;963,7;963,4;856,3;23,8;;23,8;21,6;;;;;;325;3,5;,8;
2023/12/25;1100 UTC;0;963,2;963,5;963,2;1732;26;25,1;26,1;23,8;;;;;95;269;2,2;,7;
2023/12/25;1200 UTC;0;962,7;963,2;962,7;2527,7;28,1;20,7;28,4;25,9;26,4;19,8;99;63;64;37;3,4;,8;
2023/12/25;1300 UTC;0;962,4;962,7;962,4;3200,5;29,6;20,9;29,7;28,1;21,6;20;65;58;60;147;3,7;1,7;
2023/12/25;1400 UTC;0;961,4;962,4;961,4;3673,8;31,9;18,2;32;29,5;21,7;17,8;61;44;44;50;3,7;1,3;
2023/12/25;1500 UTC;0;961;961,4;961;3939;32,6;17,3;33,2;31,4;19,9;17,1;50;39;40;225;3,8;1,8;
2023/12/25;1600 UTC;0;960,3;961;960,2;3294,4;33,8;18,1;33,8;32,4;19,4;16,8;45;38;40;348;4,2;1,2;
2023/12/25;1700 UTC;0;959,7;960,4;959,7;2992,3;34,1;17,9;35;33,4;18,8;15,3;41;31;38;225;3,6;1,6;
2023/12/25;1800 UTC;0;959;959,7;959;3055,6;34,6;16,9;35,3;33,7;17,6;13,8;38;29;35;204;4,6;2;
2023/12/25;1900 UTC;0;959,4;959,4;958,8;1980,5;30,9;18,5;35,7;30,6;18,8;15,1;49;30;48;254;18;8;
2023/12/25;2000 UTC;0;959,2;959,4;958,5;1490,6;30,8;17;31;29,6;18,3;16,7;49;42;44;252;13,3;4,5;
2023/12/25;2100 UTC;0;960,6;960,6;959,2;697,2;28,5;18,6;30,8;28,5;18,7;16,2;55;42;55;77;7,4;3,8;
2023/12/25;2200 UTC;0;960,9;960,9;960,3;67,6;26,4;19,4;28,5;26,4;19,4;18,5;66;55;66;92;6,1;2,8;
2023/12/25;2300 UTC;0;961,5;961,5;960,8;;26;20,9;26,4;25,4;20,9;19,5;74;66;73;85;4,5;1,5;
2023/12/26;0000 UTC;0;962,1;962,1;961,5;;25,2;20,8;26;24,3;21,7;20,5;85;73;77;100;3,8;,8;
2023/12/26;0100 UTC;0;962;962,2;961,8;;23,4;;25,2;23,3;24,3;20,5;;76;;320;1,7;,9;
2023/12/26;0200 UTC;0;961,9;962,1;961,8;;23;;23,8;22,8;;;;;;311;2,1;1,1;
2023/12/26;0300 UTC;0;961,3;962;961,2;;22,5;;23;22,2;;;;;;349;3,1;2;
2023/12/26;0400 UTC;0;961;961,3;961;;21,6;;23,3;21,6;;;;;;360;3,4;2;
2023/12/26;0500 UTC;0;960,4;961;960,4;;22,1;;22,5;21,5;;;;;;294;3,4;,7;
2023/12/26;0600 UTC;0;960,2;960,4;960,2;;21,4;;22,3;21,4;;;;;;347;1,9;,9;
2023/12/26;0700 UTC;0;960,3;960,3;960,1;;21,8;;22;21,3;;;;;;62;2,1;,7;
2023/12/26;0800 UTC;0;961;961;960,3;;21,2;;21,8;21;;;;;;298;1,8;,6;
2023/12/26;0900 UTC;0;961,6;961,6;961;118,1;21,1;;21,7;20,8;;;;;;331;1,9;1,3;
2023/12/26;1000 UTC;0;962,1;962,1;961,6;760,3;23,9;;23,9;21,2;;;;;;321;2,6;,6;
2023/12/26;1100 UTC;0;962,3;962,4;962,1;1536;25,8;;26,1;23,8;;;;;;314;2,6;1,5;
2023/12/26;1200 UTC;0;962,3;962,4;962,1;2315,2;28,2;22,2;28,4;25,8;27,2;21,2;;66;70;356;3,2;1,4;
2023/12/26;1300 UTC;0;962,2;962,3;962;2717,1;30;19,5;30,6;28;25;19,4;83;53;53;334;3,2;,7;
2023/12/26;1400 UTC;0;961,7;962,2;961,7;2182,2;31,3;20,5;31,3;29,8;21,6;19,7;59;51;53;249;3,2;,8;
2023/12/26;1500 UTC;0;961;961,7;961;2083,8;31,5;21,9;31,9;30,1;22,2;19,6;61;49;57;71;4,1;1,7;
2023/12/26;1600 UTC;,4;960,7;961;960,5;1077,5;29,1;23,3;31,7;29,1;23,3;21;71;53;71;20;4,1;2,4;
2023/12/26;1700 UTC;11,2;960,5;960,8;960,3;504;25,2;21,2;29,6;24,6;23,8;20;81;68;79;68;11,1;2,6;
2023/12/26;1800 UTC;1,8;960,7;961;960,4;681,7;25,6;22,8;26,5;25,2;;;;;84;89;6,2;1,9;
2023/12/26;1900 UTC;,4;961,2;961,2;960,5;569,9;25,3;;25,7;25,1;;;;;;99;6,4;3,5;
2023/12/26;2000 UTC;0;961,7;961,7;961,2;399,3;24,4;;25,3;24,4;;;;;;47;6,3;3;
2023/12/26;2100 UTC;,2;962;962;961,3;143,6;23,7;;24,5;23,7;;;;;;102;6,6;3,5;
2023/12/26;2200 UTC;,4;963,1;963,2;962;9,3;23;;23,7;23;;;;;;79;5,9;3,2;
2023/12/26;2300 UTC;,2;963,7;963,7;963,1;;22,3;;23;22,3;;;;;;68;6,6;3,3;
2023/12/27;0000 UTC;0;964,4;964,4;963,7;1,2;22,1;;22,4;22,1;;;;;;60;6,4;2,8;
2023/12/27;0100 UTC;1,2;965;965,1;964,4;;21,1;;22,1;21,1;;;;;;60;5,8;2,8;
2023/12/27;0200 UTC;,6;965;965,2;965;0;20,8;;21,1;20,8;;;;;;62;6,8;3,5;
2023/12/27;0300 UTC;,2;964,9;965,1;964,9;,8;20,5;;20,8;20,5;;;;;;63;7,7;3,9;
2023/12/27;0400 UTC;1,4;964,9;965;964,9;;20,1;;20,5;20,1;;;;;;52;7,1;3,2;
2023/12/27;0500 UTC;,2;964,5;964,9;964,5;;19,8;;20,1;19,8;;;;;;19;5,6;1,8;
2023/12/27;0600 UTC;,4;964,3;964,5;964,2;;19,8;;20;19,8;;;;;;55;3,9;2;
2023/12/27;0700 UTC;0;964,6;964,6;964,3;,1;19,8;;19,9;19,8;;;;;;87;4,3;2,2;
2023/12/27;0800 UTC;,4;964,9;964,9;964,6;;19,7;;19,8;19,6;;;;;;66;4,8;2,1;
2023/12/27;0900 UTC;0;965,6;965,6;964,9;28,4;19,8;;19,9;19,7;;;;;;90;4,4;1,6;
2023/12/27;1000 UTC;0;966,2;966,2;965,6;202,4;20,2;;20,3;19,8;;;;;;110;2,8;1,1;
2023/12/27;1100 UTC;0;966,6;966,6;966,2;679,6;21,1;;21,3;20,2;;;;;;82;2,7;1,1;
2023/12/27;1200 UTC;0;967,2;967,2;966,6;1117,3;22,4;;22,5;21,1;;;;;;75;3,1;1,7;
2023/12/27;1300 UTC;0;967,3;967,4;967,2;937,4;22,4;23;22,8;22,3;;;;;;75;4,8;2,6;
2023/12/27;1400 UTC;0;967;967,4;967;2343,5;24,7;17,6;24,8;22,3;24,1;17,1;;64;64;82;5,1;2,5;
2023/12/27;1500 UTC;0;966,5;967;966,5;2811,2;25,8;18,3;25,9;24,5;18,3;15,7;66;56;63;81;4,9;2,7;
2023/12/27;1600 UTC;0;966;966,5;966;2296,6;25,8;16,9;26,3;25,2;18;15,6;63;53;58;96;5,2;2,6;
2023/12/27;1700 UTC;0;965,7;966;965,7;703,4;25,1;16,5;25,8;24,8;17,2;16;62;57;59;99;6,4;3,2;
2023/12/27;1800 UTC;0;965,5;965,8;965,5;581,5;24,1;16,6;25,1;24;17,1;16,1;64;57;63;115;9;4,5;
2023/12/27;1900 UTC;0;965,3;965,5;965,3;487,4;23,9;16,3;24,1;23,8;16,6;15,8;63;60;63;113;7,5;3,8;
2023/12/27;2000 UTC;0;965,5;965,5;965,2;297,3;23,4;14,9;23,9;23,4;16,6;14,6;64;58;59;82;6,8;3;
2023/12/27;2100 UTC;0;965,7;965,8;965,3;144,5;23;14,4;23,4;23;15;14,3;60;58;59;80;5,5;2,8;
2023/12/27;2200 UTC;0;966,5;966,5;965,7;12;22,4;14,1;23;22,3;14,5;13,9;61;58;59;49;5,3;2,2;
2023/12/27;2300 UTC;0;967,2;967,2;966,5;;21,9;15;22,4;21,9;15;13,8;65;58;65;42;4,5;1,9;
2023/12/28;0000 UTC;0;967,5;967,6;967,2;;21,8;15,2;21,9;21,8;15,3;14,9;67;64;66;30;4,3;2,1;
2023/12/28;0100 UTC;0;967,8;967,8;967,5;;21,7;15,3;21,8;21,3;15,8;15,3;71;66;67;30;4;1,8;
2023/12/28;0200 UTC;0;967,6;967,8;967,6;;20,9;16,4;21,7;20,9;16,6;15,3;76;67;75;67;3,3;1,8;
2023/12/28;0300 UTC;0;966,7;967,6;966,7;;20,5;16,3;21;20,5;16,6;16,3;78;75;77;102;3,1;1,9;
2023/12/28;0400 UTC;0;965,9;966,7;965,9;;20,2;16;20,5;20,1;16,7;16;80;77;77;107;4,5;2,8;
2023/12/28;0500 UTC;0;965,3;965,9;965,3;;19,1;;20,3;18,8;;;;;;62;4,5;1,4;
2023/12/28;0600 UTC;0;965,1;965,3;965,1;;18,6;;19,1;18,5;;;;;;159;3;,7;
2023/12/28;0700 UTC;0;965;965,1;964,9;;17,7;;18,9;17,7;;;;;;345;2,5;1;
2023/12/28;0800 UTC;0;965,4;965,4;965;;18,8;;18,8;17,7;;;;;;45;2;1,4;
2023/12/28;0900 UTC;0;966;966;965,4;43,8;19,1;;19,1;18,2;;;;;;75;2;1,3;
2023/12/28;1000 UTC;0;966,4;966,5;965,9;444,7;20,2;;20,2;19,1;;;;;;16;2;1,2;
2023/12/28;1100 UTC;0;966,7;966,7;966,3;1527,5;22,9;22,7;22,9;20,2;22,7;20,8;;91;99;89;3,4;2;
2023/12/28;1200 UTC;0;966,8;966,9;966,7;1683,6;22,4;21,5;23,3;22;22,8;18,9;;77;95;133;4,3;1,6;
2023/12/28;1300 UTC;0;966,6;966,9;966,6;1074,6;23,5;20,7;23,7;22,4;23,1;20,7;99;84;84;208;3,7;1;
2023/12/28;1400 UTC;0;966,2;966,6;966,2;1293,3;24,3;19;24,7;23,4;22,4;18,4;93;68;72;110;3,5;1,4;
2023/12/28;1500 UTC;0;965,5;966,2;965,5;1314,6;25,1;18,8;25,5;24,1;22,4;18,4;89;65;68;22;3,6;1,4;
2023/12/28;1600 UTC;0;964,6;965,5;964,6;2922,3;27;18,8;27,8;25,1;22,2;17,9;84;57;61;23;4,6;2,1;
2023/12/28;1700 UTC;0;963,5;964,6;963,5;3732,3;27,7;19,1;28,4;27;20,3;18,5;64;57;59;42;4,6;1,9;
2023/12/28;1800 UTC;0;962,6;963,5;962,6;2690;29,6;19,8;29,6;27,3;20,7;18,7;62;55;56;360;4,8;1,8;
2023/12/28;1900 UTC;0;962;962,6;962;2449,3;30;19,1;30,6;29,2;20,2;18,8;57;51;52;128;4,4;1,1;
2023/12/28;2000 UTC;0;961,5;962;961,5;1388,9;29,6;19,6;31;29,2;20,6;18,9;57;50;55;60;3,3;1,2;
2023/12/28;2100 UTC;0;961,7;961,7;961,4;737,5;29,5;19,8;30,3;29,4;20,2;19,3;56;53;56;111;5,1;2,2;
2023/12/28;2200 UTC;0;962,2;962,2;961,7;78,4;27,5;20,2;29,5;27,5;20,3;19,6;65;56;64;114;3,9;,9;
2023/12/28;2300 UTC;0;962,8;962,8;962,2;;26,5;19,7;27,7;26,5;20,1;19,7;66;63;66;122;4,8;2,2;
2023/12/29;0000 UTC;0;963,4;963,4;962,8;;25,6;19,8;26,5;25,5;19,8;19,6;71;66;70;107;4,3;2,5;
2023/12/29;0100 UTC;0;964;964;963,4;;24,7;20;25,6;24,7;20;19,8;75;70;75;115;4,1;1,8;
2023/12/29;0200 UTC;0;963,8;964;963,8;;23;;24,7;22,9;;;;;;31;3,4;1,7;
2023/12/29;0300 UTC;0;963,6;963,8;963,6;;22,8;;23,2;22,8;;;;;;31;2,3;,8;
2023/12/29;0400 UTC;0;963,2;963,6;963,2;;22,4;;22,8;21,7;;;;;;54;1,9;,6;
2023/12/29;0500 UTC;0;962,4;963,2;962,4;;20,9;;22,6;20,9;;;;;;17;2;,3;
2023/12/29;0600 UTC;0;962;962,4;962;;20,9;;21,4;20,7;;;;;;5;1,9;1,3;
2023/12/29;0700 UTC;0;961,7;962;961,7;;21,3;;21,4;20,7;;;;;;34;1,9;1,1;
2023/12/29;0800 UTC;0;961,6;961,8;961,6;;20,8;;21,5;20,8;;;;;;96;2;1,3;
2023/12/29;0900 UTC;0;961,7;961,8;961,5;146,4;21,6;;22;20,8;;;;;;224;1,8;,4;
2023/12/29;1000 UTC;0;961,8;961,8;961,7;466,9;22,5;;22,6;21,6;;;;;;338;1,2;,7;
2023/12/29;1100 UTC;0;962,1;962,1;961,7;703,1;23,6;;23,6;22,4;;;;;;324;2,9;1,4;
2023/12/29;1200 UTC;0;963,1;963,1;962,1;2152,8;25,7;25;25,8;23,3;;;;;96;252;3,2;1,4;
2023/12/29;1300 UTC;0;962,2;963,1;962,2;3220,3;27,8;21,1;28;25,6;26;19,9;97;64;67;108;3,6;1,9;
2023/12/29;1400 UTC;0;962,3;962,4;962,2;3657,4;29,9;20,2;30,2;27,6;21,7;19,3;69;54;56;291;3,9;1,5;
2023/12/29;1500 UTC;0;960,8;962,3;960,8;3829,5;30,8;20;31,4;29,6;21;19,3;58;50;53;99;3,7;1,6;
2023/12/29;1600 UTC;0;959,8;960,8;959,8;3664,8;33,1;20;33,3;30,8;21,5;18,9;56;43;46;276;3,7;1,6;
2023/12/29;1700 UTC;0;958,9;959,8;958,9;3456;34,1;18,8;34,3;32,5;21,4;18,8;50;40;41;255;4;1,7;
2023/12/29;1800 UTC;0;958,4;958,9;958,4;2457,1;34,5;18,3;35;33,7;20,5;17,9;44;38;39;328;3,7;1,1;
2023/12/29;1900 UTC;0;957,9;958,4;957,8;2362;34,6;19;35,3;34,3;20,6;18,2;43;38;40;62;4,5;2,3;
2023/12/29;2000 UTC;0;958;958;957,8;1407,1;34,1;19,7;35;34;20,3;18,7;45;39;43;360;4,7;2;
2023/12/29;2100 UTC;0;958,2;958,2;957,9;558,1;32,5;21,1;34,2;32,5;21,1;19,5;51;43;51;19;3,1;1,2;
2023/12/29;2200 UTC;0;958,9;958,9;958,2;52,9;29,9;22,5;32,5;29,8;22,8;20,9;66;51;65;353;2,3;1,7;
2023/12/29;2300 UTC;0;959,8;959,8;958,9;;29,2;21,9;29,9;29;22,4;21,4;66;62;65;72;2,1;,9;
2023/12/30;0000 UTC;0;961,1;961,1;959,8;;27,2;21,6;29,3;27,2;22,2;21,5;72;64;72;359;3;1,7;
2023/12/30;0100 UTC;0;961,9;961,9;961,1;;27,4;21,5;27,6;27;21,9;21,4;73;71;71;14;3;2,3;
2023/12/30;0200 UTC;0;961,2;961,9;961,2;;26,9;21,3;28,5;26,2;21,6;21;74;65;72;355;3,3;1,7;
2023/12/30;0300 UTC;0;960,3;961,2;960,3;;26,3;22,1;27,3;26;22,3;21;79;71;78;118;2,1;1,4;
2023/12/30;0400 UTC;0;960,1;960,3;959,9;;24;;26,4;24;23;21,5;100;78;;359;2,9;1,3;
2023/12/30;0500 UTC;0;959,5;960,1;959,5;;24,4;;25;23,7;;;;;;156;2,7;1,3;
2023/12/30;0600 UTC;0;958,8;959,6;958,7;;23,6;;24,8;23,1;;;;;;14;3,4;1;
2023/12/30;0700 UTC;0;959,6;959,7;958,5;;24;;24,1;23,4;;;;;;204;4,3;1,7;
2023/12/30;0800 UTC;0;960,6;960,7;959,6;;22,9;;24;22,7;;;;;;134;4,2;1,2;
2023/12/30;0900 UTC;0;961,6;961,6;960,5;89,2;23,2;;23,5;22,6;;;;;;291;3;,5;
2023/12/30;1000 UTC;0;962,4;962,4;961,6;313,4;24,3;;24,3;23,1;;;;;;174;1,9;1,1;
2023/12/30;1100 UTC;2,2;962,6;962,8;962,4;410,1;24,4;;25,4;24,3;;;;;;137;5,3;1,8;
2023/12/30;1200 UTC;0;962,8;962,9;962,6;1821,4;28;27,6;28;24,4;;;;;98;206;4,6;2,4;
2023/12/30;1300 UTC;0;962,8;963,1;962,8;3085,6;29,8;20;29,9;28;28,1;19,8;99;56;56;194;8,5;1,5;
2023/12/30;1400 UTC;,2;962,5;962,8;962,5;3174,1;30,4;21,5;30,9;29,7;22,1;20,1;61;55;59;156;5;2;
2023/12/30;1500 UTC;0;962,4;962,5;962,2;590,5;27,4;20;30,4;27,1;21,8;19,2;65;57;64;115;8,1;5,2;
2023/12/30;1600 UTC;0;962,7;962,7;962,4;1429,8;25,9;20,8;27,8;25,9;21,8;19,9;74;63;74;42;8,1;3,3;
2023/12/30;1700 UTC;0;962,6;962,8;962,5;742,7;26,4;21;26,8;25,4;22;20,9;80;72;72;8;5;2,4;
2023/12/30;1800 UTC;2,6;962,9;962,9;962,3;539;23,5;;27;23,5;21,9;19,8;;67;;77;6,2;3,7;
2023/12/30;1900 UTC;5;963;963;962,7;107,1;22,2;;23,5;22,2;;;;;;63;6,7;3,3;
2023/12/30;2000 UTC;,2;963,4;963,4;962,9;88,1;22,1;;22,2;22;;;;;;59;6,2;2,9;
2023/12/30;2100 UTC;0;963,5;963,6;963,4;58,1;21,9;;22,1;21,9;;;;;;60;5,7;2,4;
2023/12/30;2200 UTC;,2;964,3;964,3;963,5;23;21,6;;21,9;21,6;;;;;;69;6,6;3,5;
2023/12/30;2300 UTC;0;965,4;965,4;964,3;4,1;20,8;;21,6;20,8;;;;;;54;7,3;2,5;
2023/12/31;0000 UTC;0;966;966;965,4;;19,9;;20,8;19,8;;;;;;13;5,7;2,9;
2023/12/31;0100 UTC;0;966,5;966,5;966;,6;20,4;;20,4;19,9;;;;;;45;5,4;1,5;
2023/12/31;0200 UTC;0;966,5;966,7;966,5;1,1;20,8;;20,8;20,3;;;;;;46;2,9;1,1;
2023/12/31;0300 UTC;0;965,7;966,5;965,7;;20,7;;20,8;20,5;;;;;;81;2,6;1,6;
2023/12/31;0400 UTC;0;965,2;965,7;965,2;;20,5;;20,7;20,5;;;;;;97;2,9;1,5;
2023/12/31;0500 UTC;0;964,5;965,2;964,5;;20,6;;20,6;20,5;;;;;;105;2,1;1;
2023/12/31;0600 UTC;0;964,4;964,5;964,4;;20,5;;20,7;20,5;;;;;;99;3;1,5;
2023/12/31;0700 UTC;0;964,6;964,6;964,3;;20,3;;20,5;20,3;;;;;;75;3,6;2;
2023/12/31;0800 UTC;0;964,7;964,7;964,4;;20,2;;20,3;20;;;;;;34;4;1,8;
2023/12/31;0900 UTC;0;965,5;965,5;964,7;15,8;19,9;;20,2;19,8;;;;;;5;4,1;1,4;
2023/12/31;1000 UTC;0;966,1;966,1;965,5;97;19,4;;19,9;19,4;;;;;;343;4;2,2;
2023/12/31;1100 UTC;0;966,7;966,7;966,1;420;20,5;;20,6;19,4;;;;;;360;5,4;2,4;
2023/12/31;1200 UTC;0;966,9;966,9;966,7;510,4;21,7;22;22;20,5;;;;;;13;3,3;1,7;
2023/12/31;1300 UTC;0;966,9;967,1;966,9;574,2;22,1;22,3;22,1;21,7;22,7;21,7;;98;;56;3,6;1,9;
2023/12/31;1400 UTC;0;967,1;967,2;966,9;408;20,3;;22,1;20,3;;;;;;46;4,7;2,2;
2023/12/31;1500 UTC;0;966,9;967,1;966,9;591,3;21,3;;21,3;20,2;;;;;;300;4;1,2;
2023/12/31;1600 UTC;0;966,4;966,9;966,4;960;21,7;;22,1;21,1;;;;;;68;4;2,4;
2023/12/31;1700 UTC;0;965,7;966,4;965,7;1365,3;22,3;22,9;22,9;21,7;;;;;;72;5,4;3;
2023/12/31;1800 UTC;0;965;965,8;965;1057,1;22,7;23,3;23,2;22,3;23,7;22,8;;100;;115;5;3,3;
2023/12/31;1900 UTC;0;964,4;965;964,4;416,7;22,1;;23;22,1;;;;;;110;5,7;3,3;
2023/12/31;2000 UTC;0;964,5;964,6;964,4;119,8;21;;22,1;21;;;;;;86;6,8;3,1;
2023/12/31;2100 UTC;0;964,8;964,8;964,5;122,6;21,5;;21,5;20,9;;;;;;102;5,4;2,1;
2023/12/31;2200 UTC;0;965,4;965,4;964,8;13,6;20,8;;21,5;20,7;;;;;;56;3,9;1,3;
2023/12/31;2300 UTC;0;966,1;966,1;965,3;;20,5;;20,9;20,4;;;;;;59;5;1,9;
