REGIAO:;SE
UF:;SP
ESTACAO:;SAO PAULO - INTERLAGOS
CODIGO (WMO):;A771
LATITUDE:;-23,724501
LONGITUDE:;-46,677501
ALTITUDE:;771
DATA DE FUNDACAO:;14/03/18
Data;Hora UTC;PRECIPITAO TOTAL, HORRIO (mm);PRESSAO ATMOSFERICA AO NIVEL DA ESTACAO, HORARIA (mB);PRESSO ATMOSFERICA MAX.NA HORA ANT. (AUT) (mB);PRESSO ATMOSFERICA MIN. NA HORA ANT. (AUT) (mB);RADIACAO GLOBAL (Kj/m);TEMPERATURA DO AR - BULBO SECO, HORARIA (C);TEMPERATURA DO PONTO DE ORVALHO (C);TEMPERATURA MXIMA NA HORA ANT. (AUT) (C);TEMPERATURA MNIMA NA HORA ANT. (AUT) (C);TEMPERATURA ORVALHO MAX. NA HORA ANT. (AUT) (C);TEMPERATURA ORVALHO MIN. NA HORA ANT. (AUT) (C);UMIDADE REL. MAX. NA HORA ANT. (AUT) (%);UMIDADE REL. MIN. NA HORA ANT. (AUT) (%);UMIDADE RELATIVA DO AR, HORARIA (%);VENTO, DIREO HORARIA (gr) ( (gr));VENTO, RAJADA MAXIMA (m/s);VENTO, VELOCIDADE HORARIA (m/s);
2021/01/01;0000 UTC;0;926,3;926,3;926;;20,1;19,4;20,1;19,9;19,5;19,2;97;95;96;329;5,3;2;
2021/01/01;0100 UTC;0;925,9;926,3;925,8;;19,6;19;20,1;19,6;19,4;19;96;95;96;324;5,6;1,6;
2021/01/01;0200 UTC;0;926,1;926,1;925,9;;19,6;19;19,9;19,6;19,1;19;97;95;96;306;4,3;1,2;
2021/01/01;0300 UTC;0;926,3;926,3;926;;19,3;18,8;19,7;19,3;19,1;18,8;97;96;97;339;5,1;,6;
2021/01/01;0400 UTC;0;925,9;926,4;925,9;;19,8;19,3;19,8;19,3;19,3;18,8;98;96;97;308;5,1;1,4;
2021/01/01;0500 UTC;0;925,3;925,9;925,3;;19,8;19;20;19,7;19,3;19;97;95;95;299;5,4;1,7;
2021/01/01;0600 UTC;0;924,9;925,3;924,9;;19,4;18,9;19,8;19,4;19,1;18,8;97;95;97;273;4,8;,6;
2021/01/01;0700 UTC;0;925,1;925,1;924,8;;19,2;18,7;19,5;19,1;19;18,7;98;96;97;287;2,9;,5;
2021/01/01;0800 UTC;0;925,5;925,6;925,1;;19,2;18,8;19,3;19,2;18,9;18,7;98;97;98;323;3,1;1,4;
2021/01/01;0900 UTC;0;926,3;926,3;925,5;23,3;19,8;19,1;19,8;19,2;19,1;18,8;98;96;96;316;5,1;1,8;
2021/01/01;1000 UTC;0;926,7;926,7;926,3;161,8;20,4;19,6;20,5;19,8;19,7;19;96;93;95;313;6;1,2;
2021/01/01;1100 UTC;0;927;927;926,7;781;22,3;19,5;22,4;20,4;20,1;19,1;95;83;84;305;5;1,5;
2021/01/01;1200 UTC;0;927,6;927,6;927;697,9;22,6;19,5;22,7;21,9;20;18,7;87;81;83;306;3,9;1,5;
2021/01/01;1300 UTC;0;927,8;927,8;927,5;1433,3;23,9;20;24,2;22,5;20,3;18,5;84;73;79;294;4;,9;
2021/01/01;1400 UTC;0;927,7;927,8;927,7;1253,4;24,1;18,6;24,6;23,6;19,9;18,1;79;69;71;254;2,8;1;
2021/01/01;1500 UTC;0;927,6;927,8;927,5;1741,6;25,8;20,6;25,8;23,2;20,7;18,2;79;68;73;346;3,7;1,2;
2021/01/01;1600 UTC;0;927;927,6;927;2486,6;25,8;20;26,8;24,7;20,7;18,4;75;62;70;46;3,4;1,3;
2021/01/01;1700 UTC;0;926,1;927;926,1;1812,5;26,5;19;26,8;25,8;21,1;18,5;75;62;64;112;3,9;1,5;
2021/01/01;1800 UTC;0;925,9;926,1;925,8;738,7;22,5;20,9;26,5;22,5;21;18,2;90;62;90;160;7,4;3,7;
2021/01/01;1900 UTC;0;926,3;926,3;925,7;190,8;21,6;20,2;22,5;21,6;21,2;20,2;93;90;92;160;7,4;2,8;
2021/01/01;2000 UTC;0;925,8;926,3;925,8;375,1;22,2;20,1;22,2;21,6;20,5;19,8;93;88;88;152;5,6;2,4;
2021/01/01;2100 UTC;0;926,3;926,3;925,8;257,9;21,1;20,1;22,3;21,1;20,4;19,9;94;86;94;127;6,1;2,3;
2021/01/01;2200 UTC;,4;927,2;927,2;926,3;85,4;20,7;20;21,1;20,7;20,5;19,9;97;94;96;158;5,3;2,4;
2021/01/01;2300 UTC;0;927,5;927,5;927,1;;20,5;19,9;20,8;20,5;20,1;19,7;97;95;96;160;4,9;1,9;
2021/01/02;0000 UTC;,2;927,8;928;927,5;;20,1;19,6;20,5;20;19,9;19,2;97;94;97;137;5,9;2,2;
2021/01/02;0100 UTC;,4;928,3;928,3;927,8;;19,9;19,3;20,2;19,8;19,8;19,2;98;96;96;127;5,8;2,4;
2021/01/02;0200 UTC;0;928,5;928,5;928,2;;19,8;19,4;20,1;19,8;19,6;19,3;97;96;97;122;7,1;3,3;
2021/01/02;0300 UTC;,2;928;928,5;927,9;;19,4;18,9;19,9;19,3;19,5;18,8;98;97;97;117;7;3,4;
2021/01/02;0400 UTC;0;927,5;928,1;927,4;;19,5;19,1;19,5;19,3;19,1;18,9;98;97;98;133;6,9;2,4;
2021/01/02;0500 UTC;0;926,9;927,5;926,9;;19,6;19,2;19,6;19,4;19,2;18,9;98;97;98;124;6,1;1,8;
2021/01/02;0600 UTC;0;926,7;926,9;926,7;;19,2;18,7;19,7;19,1;19,3;18,6;98;97;97;132;6,5;2,1;
2021/01/02;0700 UTC;,2;926,7;926,8;926,7;;18,7;18,3;19,2;18,7;18,8;18,3;98;96;98;111;6,2;1,8;
2021/01/02;0800 UTC;0;927,1;927,1;926,7;;18,7;18,4;18,8;18,6;18,4;18,3;98;98;98;129;5,1;2,3;
2021/01/02;0900 UTC;0;927,4;927,4;927,1;3,6;18,6;18,2;18,8;18,5;18,4;18,1;98;98;98;136;5,1;1,9;
2021/01/02;1000 UTC;0;927,3;927,4;927;160,4;18,7;18,2;18,8;18,5;18,4;18,1;98;97;97;125;6,1;1,5;
2021/01/02;1100 UTC;0;927,3;927,4;927,2;215,2;18,8;18,3;19;18,6;18,5;18,1;97;96;97;122;4,3;2,1;
2021/01/02;1200 UTC;0;927,4;927,4;927,2;623,5;19,3;18,6;19,4;18,7;18,9;18,3;98;95;96;118;4,6;2;
2021/01/02;1300 UTC;0;927,9;927,9;927,4;702,7;19,9;18,4;20,4;19,3;19,2;18,3;96;91;91;143;4,2;1,8;
2021/01/02;1400 UTC;0;928,1;928,1;927,9;592,7;19,8;19,2;20,1;19,4;19,2;18,5;97;91;96;163;4,6;1,7;
2021/01/02;1500 UTC;0;927,7;928,1;927,7;668,2;20,2;19;20,3;19,6;19,4;18,5;96;91;92;175;4,7;1,8;
2021/01/02;1600 UTC;0;926,9;927,7;926,9;1503,3;21,4;18,8;22,3;20,2;19,9;18,4;93;82;85;151;5,5;2,7;
2021/01/02;1700 UTC;0;926,5;926,9;926,5;933,6;21,3;19;21,7;20,5;19,5;18,6;90;85;87;125;7,6;2,9;
2021/01/02;1800 UTC;0;925,8;926,5;925,8;868,8;20,6;18,7;21,3;19,9;19,2;18,4;94;85;89;155;6,8;3;
2021/01/02;1900 UTC;0;925,5;925,8;925,4;594,2;19,8;18,8;20,9;19,5;19,3;18,5;96;87;94;120;6,8;2,6;
2021/01/02;2000 UTC;0;925,3;925,5;925,2;789,2;19,6;18,7;20,4;19,6;19;18,3;95;89;95;116;6,4;2,1;
2021/01/02;2100 UTC;0;924,7;925,3;924,7;308,5;19,4;18,1;19,7;19,3;19;18,1;97;92;92;139;6,3;2,5;
2021/01/02;2200 UTC;0;925,4;925,5;924,7;58,4;19,1;18,6;19,6;19;18,7;18,1;97;92;97;140;6,2;2,9;
2021/01/02;2300 UTC;0;926,2;926,2;925,3;;19;18,4;19,2;18,8;18,6;18,3;97;95;97;146;7,3;2,7;
2021/01/03;0000 UTC;0;926;926,3;926;;18,6;18;19;18,6;18,4;18;97;96;96;129;7,9;3;
2021/01/03;0100 UTC;0;926,5;926,5;926;;18,5;17,7;18,7;18,4;18;17,7;96;95;95;146;7,9;3,1;
2021/01/03;0200 UTC;0;926,6;926,6;926,4;;18,6;17,6;18,7;18,5;17,9;17,4;95;93;94;123;6,8;2,6;
2021/01/03;0300 UTC;0;925,8;926,6;925,8;;18,4;17,6;18,7;18,3;17,8;17,3;96;93;95;120;7,6;3,2;
2021/01/03;0400 UTC;0;925,4;925,8;925,4;;18,2;17,3;18,4;18,1;17,6;17;95;93;94;128;9,9;3,3;
2021/01/03;0500 UTC;,2;925,4;925,6;925,3;;17,6;16,5;18,2;17,5;17,2;16,2;97;92;93;126;8,3;2,8;
2021/01/03;0600 UTC;0;925,3;925,5;925,1;;17,7;17;17,8;17,5;17,2;16,6;97;93;96;114;7,3;2,2;
2021/01/03;0700 UTC;0;925;925,3;924,9;;17,6;17;17,7;17,5;17,1;16,9;97;96;96;114;5,2;2,1;
2021/01/03;0800 UTC;0;925,3;925,3;925;;17,5;16,8;17,7;17,5;17,1;16,5;96;94;96;107;4,8;1,9;
2021/01/03;0900 UTC;0;925,5;925,5;925,3;31,4;17,8;16,8;17,9;17,5;17;16,7;96;93;94;116;4;1,7;
2021/01/03;1000 UTC;0;925,9;925,9;925,5;379,5;18,7;17,1;18,9;17,8;17,5;16,8;94;89;91;123;4,5;1,9;
2021/01/03;1100 UTC;0;926,2;926,2;925,9;1042,5;19,1;16,6;19,9;18,7;18;16,4;92;82;86;122;6,6;2,7;
2021/01/03;1200 UTC;0;926,3;926,3;926,2;1656,5;20,2;16,6;21,2;19;18,1;16,5;88;77;80;141;7;3,2;
2021/01/03;1300 UTC;0;926,7;926,8;926,3;2145,9;21,8;16,8;22;20,2;17,8;16,4;81;72;73;122;7;3,2;
2021/01/03;1400 UTC;0;926,3;926,7;926,2;3682,5;22,7;17,2;23;21,3;18,1;16;77;68;71;126;8,4;3,8;
2021/01/03;1500 UTC;0;926,3;926,4;926,2;2475,3;22,3;17,1;23,1;21,8;18;16;75;68;72;139;7,8;3,3;
2021/01/03;1600 UTC;0;925,9;926,4;925,9;3429,5;23,4;18,2;23,6;21,9;18,6;16,4;76;68;72;139;8,2;3,9;
2021/01/03;1700 UTC;0;925,7;925,9;925,6;3917,1;23;17,5;23,8;22,7;19,2;17,1;78;68;71;135;8,9;3,7;
2021/01/03;1800 UTC;,2;925,1;925,8;925,1;2497,9;21,9;18,2;23,9;21,7;19,2;17,4;82;70;79;133;9,7;3,8;
2021/01/03;1900 UTC;0;925,1;925,3;924,8;1993,7;20,9;17,9;22;20,5;18,7;17,3;84;78;83;135;10,6;4,7;
2021/01/03;2000 UTC;0;924,8;925,3;924,7;564,3;19,5;17,7;21,6;19,1;18,5;17,3;93;80;89;134;10,6;4;
2021/01/03;2100 UTC;0;925,1;925,2;924,7;282,9;19,2;17,4;19,9;19,2;18,4;17,3;91;88;89;146;8,7;4,6;
2021/01/03;2200 UTC;0;925,7;925,7;925;70,2;18,6;17,6;19,3;18,5;17,7;17;94;89;94;129;9,7;3,3;
2021/01/03;2300 UTC;0;925,8;926,2;925,6;;18,4;17,1;18,7;18,2;17,8;16,8;95;91;92;120;9,4;3,6;
2021/01/04;0000 UTC;0;926;926,1;925,8;;18,1;16,4;18,3;18;17,1;16,4;93;90;90;118;8,8;3,9;
2021/01/04;0100 UTC;0;926,7;926,7;926;;18,2;16,5;18,3;18;17;16,4;92;90;90;116;7,7;3,9;
2021/01/04;0200 UTC;0;926,7;926,9;926,7;;18,3;17,3;18,4;18,2;17,3;16,5;94;89;94;120;8;2,4;
2021/01/04;0300 UTC;0;925,8;926,8;925,8;;18,2;17,4;18,4;17,9;17,6;17,2;96;94;95;124;5,5;2,4;
2021/01/04;0400 UTC;0;925,4;925,8;925,3;;18,5;17,4;18,5;18,1;17,6;17,3;96;93;94;125;5,4;2,4;
2021/01/04;0500 UTC;0;925,4;925,6;925,3;;18,5;17,3;18,5;18,3;17,5;17,3;95;93;93;118;4,8;2,3;
2021/01/04;0600 UTC;0;925,1;925,5;925,1;;18,1;17,5;18,5;18,1;17,6;17,3;96;93;96;111;4,8;1,7;
2021/01/04;0700 UTC;0;924,7;925,1;924,7;;17,9;17,3;18,1;17,8;17,5;17,3;97;96;96;119;4;1,8;
2021/01/04;0800 UTC;0;925;925;924,7;;17,3;16,9;17,9;17,3;17,3;16,9;98;96;98;130;3,9;1,3;
2021/01/04;0900 UTC;0;925,4;925,4;924,9;48,4;17,8;17,3;17,9;17,3;17,4;16,9;98;97;97;130;3,4;1,2;
2021/01/04;1000 UTC;0;925,8;925,8;925,4;602,8;19,4;16,8;19,6;17,8;17,6;16,8;97;85;85;123;4,6;1,5;
2021/01/04;1100 UTC;0;925,8;925,9;925,7;1080,4;20,7;18;20,7;19,3;18,3;16,7;89;83;84;136;3,6;1,2;
2021/01/04;1200 UTC;0;925,8;925,9;925,8;2051,1;22,6;16,7;23,2;20,7;18,1;16,4;84;68;70;123;4,5;2,1;
2021/01/04;1300 UTC;0;925,7;925,8;925,7;2961,6;24,3;18,3;24,3;22,5;18,3;16,5;74;65;69;115;4,3;1,9;
2021/01/04;1400 UTC;0;925,5;925,8;925,4;2771,7;24;18,3;25,1;23,6;18,8;16,7;71;63;71;108;4,6;2,3;
2021/01/04;1500 UTC;0;925,5;925,5;925,4;2846,3;24,1;18;25,2;23,2;19,4;17,7;74;67;69;114;5,6;2,7;
2021/01/04;1600 UTC;0;925,2;925,5;924,9;2119,1;22,6;18,7;25,5;22,6;20,2;17,7;79;67;79;145;8;3,5;
2021/01/04;1700 UTC;,2;925,2;925,5;925,1;1298,9;22,7;19,9;22,8;20,9;20,2;18,3;91;79;84;163;8,4;3,5;
2021/01/04;1800 UTC;,6;925;925,2;924,8;1176,5;22,5;20,6;22,7;20,9;20,6;18,9;94;83;89;153;8,2;3;
2021/01/04;1900 UTC;0;924,8;925;924,7;1340,2;21,9;19,2;22,5;21,7;20,1;19;89;83;85;140;6,6;3,2;
2021/01/04;2000 UTC;0;924,9;924,9;924,7;759,7;20,7;19;22,3;20,7;19,7;18,6;90;81;90;131;7,1;2,8;
2021/01/04;2100 UTC;0;925,4;925,4;924,8;245,2;20,2;18,8;20,8;20,1;19,2;18,6;93;89;92;145;6,1;2,4;
2021/01/04;2200 UTC;0;925,9;925,9;925,4;32,3;19,8;18,7;20,3;19,7;19,1;18,5;94;91;94;143;6,1;2,2;
2021/01/04;2300 UTC;0;926,4;926,4;925,9;;19,5;19;19,9;19,5;19,1;18,7;97;94;97;127;4,7;1,9;
2021/01/05;0000 UTC;0;926,8;926,8;926,4;;19,6;19,2;19,6;19,5;19,2;18,9;98;96;98;135;3,9;1,7;
2021/01/05;0100 UTC;0;926,9;927;926,7;;19,7;19;19,8;19,5;19,3;19;98;96;96;133;4,3;1,7;
2021/01/05;0200 UTC;0;926,8;927;926,8;;19,6;18,5;19,8;19,6;19,1;18,4;96;93;93;99;3,9;1,8;
2021/01/05;0300 UTC;0;926,3;926,9;926,3;;19,4;18,4;19,7;19,4;18,8;18,4;95;93;94;113;4;1,2;
2021/01/05;0400 UTC;0;926;926,3;926;;19,3;18,6;19,4;18,9;18,7;18,3;97;94;96;88;2,5;1;
2021/01/05;0500 UTC;0;925,6;926;925,4;;19,4;18,1;19,6;19,3;18,6;18;96;91;92;40;3,7;1;
2021/01/05;0600 UTC;0;925,3;925,6;925,3;;19,2;18;19,4;19,2;18,1;17,8;93;91;93;60;3,2;,7;
2021/01/05;0700 UTC;0;925,3;925,4;925,2;;19,2;18;19,2;19;18,1;17,9;94;93;93;47;2,4;,8;
2021/01/05;0800 UTC;0;925,7;925,7;925,3;;19,2;17,9;19,2;19;18;17,9;94;92;93;29;3,2;,9;
2021/01/05;0900 UTC;0;926,1;926,1;925,7;37;19,3;17,9;19,3;19,1;18;17,8;93;92;92;7;3,7;1,2;
2021/01/05;1000 UTC;0;926,6;926,6;926,1;526,8;20,9;18,3;21,2;19,3;18,6;17,9;92;84;85;19;4,5;1,4;
2021/01/05;1100 UTC;0;926,7;926,8;926,6;1175,2;22,8;18,5;22,8;20,8;19;18,1;86;76;77;4;3,5;1,5;
2021/01/05;1200 UTC;0;926,7;926,7;926,6;1941,7;25,2;18,6;25,7;22,8;20,4;18,3;78;67;67;330;5,5;2,3;
2021/01/05;1300 UTC;0;926,5;926,7;926,5;2130,7;25,9;19,9;26,4;25,1;19,9;18,6;70;64;69;344;5,5;2,2;
2021/01/05;1400 UTC;,2;926,3;926,6;926,2;2397,2;28,2;20,5;28,5;25,8;21,1;18,9;70;58;63;347;5,2;1,7;
2021/01/05;1500 UTC;0;925,9;926,3;925,8;3075,6;29,3;19,6;29,3;27,7;20,5;18,8;64;56;56;346;5,6;2,4;
2021/01/05;1600 UTC;0;925,5;925,9;925,5;2333,4;28,1;18,8;30,9;28,1;21;18,4;61;50;57;331;6,4;2,4;
2021/01/05;1700 UTC;0;925;925,5;925;2174,2;29,5;19,6;31,3;27,9;21,5;18,3;66;47;55;289;6,5;1,7;
2021/01/05;1800 UTC;0;924,2;925,1;924,2;2364;30,7;19,7;31,4;29,2;20,8;17,6;58;46;52;336;6;2,2;
2021/01/05;1900 UTC;0;923,2;924,2;923,2;1846,2;29,1;18,4;31,4;29,1;20,4;17,5;54;45;52;322;6,6;1,5;
2021/01/05;2000 UTC;0;923,4;923,4;922,9;280,2;26,1;18,8;29,1;26,1;19;17,5;64;50;64;205;5,7;1,7;
2021/01/05;2100 UTC;0;923,8;923,8;923,2;429,5;24,3;21;26,1;24,3;21,4;18,7;82;64;82;168;5,7;2,2;
2021/01/05;2200 UTC;0;924,3;924,3;923,8;62,7;23,3;20,1;24,3;23,3;21,1;19,7;83;78;83;143;4,1;1,3;
2021/01/05;2300 UTC;0;924,7;924,7;924,3;;22,8;21,8;23,2;22,8;21,9;20;94;83;94;143;3,8;1,5;
2021/01/06;0000 UTC;0;925,4;925,4;924,7;;22,3;21,7;22,8;22,3;21,9;21,6;96;94;96;115;3,3;1,6;
2021/01/06;0100 UTC;0;925,6;925,7;925,4;;22,1;21,7;22,3;22;21,8;21,6;98;96;98;152;2,8;1;
2021/01/06;0200 UTC;0;925,4;925,7;925,4;;22,1;21,8;22,3;22;22;21,6;98;98;98;171;1,9;,5;
2021/01/06;0300 UTC;0;925,1;925,4;925,1;;21,8;21,5;22,2;21,8;21,9;21,5;98;98;98;9;1,7;,3;
2021/01/06;0400 UTC;0;924,6;925,2;924,6;;21,9;21,7;22;21,7;21,7;21,5;99;98;99;197;,9;,4;
2021/01/06;0500 UTC;0;924,4;924,6;924,4;;21,7;21,5;21,9;21,6;21,6;21,4;99;99;99;309;1,1;,4;
2021/01/06;0600 UTC;0;924,3;924,4;924,3;;21,5;21,2;21,9;21,5;21,7;21,2;99;99;99;316;2,2;,8;
2021/01/06;0700 UTC;0;924,6;924,6;924,3;;20,8;20,5;21,5;20,8;21,2;20,5;99;98;98;134;2,1;,3;
2021/01/06;0800 UTC;0;925,1;925,1;924,6;;21,2;20,9;21,2;20,8;20,9;20,5;98;98;98;343;,8;,3;
2021/01/06;0900 UTC;0;925,6;925,6;925,1;25;21;20,8;21,2;20,9;20,9;20,7;99;98;98;344;1,3;,6;
2021/01/06;1000 UTC;0;925,9;925,9;925,6;655,9;24,4;20,9;24,4;21;21,5;20,3;98;80;81;330;2,7;1,4;
2021/01/06;1100 UTC;0;926,2;926,2;925,9;1156,4;25,8;20,3;25,9;24,3;21,2;19,7;81;69;72;335;4;1,5;
2021/01/06;1200 UTC;0;926,2;926,2;926,1;2077,6;27,5;19,2;28;25,5;21;19,2;73;61;61;327;7,6;3;
2021/01/06;1300 UTC;0;925,9;926,3;925,9;3131;29,2;20,8;30,3;27,4;21,2;19,2;65;55;60;317;7,6;2,7;
2021/01/06;1400 UTC;0;925,5;926;925,5;3062,4;30,5;19,7;31,5;29;22,7;19,7;62;52;53;302;8;2,4;
2021/01/06;1500 UTC;0;925,2;925,7;925,2;2281;31;20,4;31,2;28,9;22,2;19,6;61;53;53;312;8,1;2,5;
2021/01/06;1600 UTC;0;924,2;925,2;924,2;3839,2;31,3;20,8;31,8;30,1;22,2;19,9;59;50;53;306;9,1;2,9;
2021/01/06;1700 UTC;0;923,4;924,2;923,4;3286,9;32,4;19,7;32,6;30,6;21,6;18,9;56;44;47;306;9,1;2,3;
2021/01/06;1800 UTC;0;922,8;923,4;922,7;1920,3;30,2;19,4;32,9;30,2;20,9;18,2;56;45;52;277;8,8;1,9;
2021/01/06;1900 UTC;0;922,2;922,8;922,2;1781,4;29,7;19,8;32,1;29,4;20,6;18,7;58;47;55;318;7,7;2,5;
2021/01/06;2000 UTC;0;922,9;923,2;922,1;196,2;24,4;20,1;29,7;24,4;20,9;19;77;55;77;225;7,8;2,4;
2021/01/06;2100 UTC;0;924,2;924,2;922,9;43;23,1;20;24,4;23,1;20,2;19,3;83;75;83;126;6,1;1,2;
2021/01/06;2200 UTC;0;924,3;924,3;924,1;12,9;22,8;20,9;23,4;22,8;21,1;20;89;82;89;93;2,4;,6;
2021/01/06;2300 UTC;,2;925,3;925,3;924,3;;22,3;21,6;22,8;22,3;21,7;20,8;96;89;96;313;4,9;1,4;
2021/01/07;0000 UTC;0;925,2;925,3;925,2;;23,3;20,9;23,6;22,2;21,6;20,9;96;86;86;338;6,7;2,4;
2021/01/07;0100 UTC;,2;925,3;925,4;925,1;;23;20,1;23,4;22,8;20,9;20,1;86;84;84;343;7;2,1;
2021/01/07;0200 UTC;0;925,2;925,3;925,1;;22,9;19,9;23,1;22,7;20,2;19,9;85;82;83;340;6,5;2,1;
2021/01/07;0300 UTC;0;925,1;925,5;925,1;;22,3;20;23;22,2;20,2;19,8;88;83;87;326;5,3;1,5;
2021/01/07;0400 UTC;0;924,4;925,1;924,3;;22,3;19,8;22,4;22;20,1;19,8;89;86;86;327;5,8;2,3;
2021/01/07;0500 UTC;0;923,4;924,4;923,4;;21,9;20;22,3;21,8;20,2;19,8;90;86;89;326;6,9;2,8;
2021/01/07;0600 UTC;0;923,1;923,4;923,1;;21,5;20;21,9;21,4;20,1;20;92;89;91;335;6,9;2,7;
2021/01/07;0700 UTC;0;923,3;923,5;923;;21,5;20;21,8;21,5;20;20;91;89;91;317;5,8;1,8;
2021/01/07;0800 UTC;0;923,8;923,8;923,3;;21;20,1;21,5;20,9;20,2;20;96;91;94;316;4,9;1;
2021/01/07;0900 UTC;0;924,2;924,2;923,8;16,1;21;20;21,1;20,9;20,1;19,9;95;93;94;326;3,3;1,4;
2021/01/07;1000 UTC;0;924,6;924,6;924,2;261,2;22,7;20,4;22,7;21;20,8;20;94;86;86;327;3,4;1,2;
2021/01/07;1100 UTC;0;924,8;925;924,6;1237,3;26,2;21,3;26,2;22,8;21,3;20,2;87;73;74;311;6,2;1,9;
2021/01/07;1200 UTC;0;925,2;925,2;924,8;1832,2;26,9;20,3;27,3;25,2;21,6;19,9;76;65;67;299;8;2,1;
2021/01/07;1300 UTC;0;925,6;925,6;925,2;2647,6;28,7;20,6;29,3;26,8;21,6;19,9;69;59;62;305;9,2;2,5;
2021/01/07;1400 UTC;0;925,5;925,7;925,5;2894,8;29,6;21,2;30,4;27,8;22,3;19,3;66;56;60;297;9,5;2;
2021/01/07;1500 UTC;0;925;925,5;925;3262,8;31;21,1;31;28,8;21,8;20;64;53;56;304;9,9;3,3;
2021/01/07;1600 UTC;0;924,2;925;924,2;2924,7;30,1;20,4;31,2;29,5;21,8;19,3;59;50;56;292;9,9;2,1;
2021/01/07;1700 UTC;0;923,4;924,2;923,4;2931,9;30,3;18,9;31,8;29,9;21,3;18,7;59;48;51;283;8,5;1,6;
2021/01/07;1800 UTC;0;922,8;923,4;922,8;2809,4;31,4;19,5;32,4;29,9;21,5;18;57;45;49;278;6,1;1,5;
2021/01/07;1900 UTC;0;922,4;922,8;922,4;2003,2;31,2;19,2;32,5;29,8;21,6;18,6;54;46;49;269;5,9;1,6;
2021/01/07;2000 UTC;,2;923;923,1;922,2;356,3;23,5;20,9;31,2;23,4;21,9;18,7;90;49;85;100;12,5;1,1;
2021/01/07;2100 UTC;0;923,3;923,4;922,9;736,2;24,9;22;26,1;23,4;22,9;20,6;89;78;84;64;2,9;,8;
2021/01/07;2200 UTC;0;923,7;923,7;923,4;185,5;23,7;21;25;23,6;22,9;20,9;89;81;85;116;4,2;1,1;
2021/01/07;2300 UTC;0;924;924;923,7;;23,8;21,2;23,8;23,3;21,3;20,8;88;84;85;177;3,3;1,7;
2021/01/08;0000 UTC;36,2;925,2;925,4;924;;21,1;20,8;23,8;21,1;22,2;20,8;98;85;98;281;7,3;,9;
2021/01/08;0100 UTC;,2;925,6;925,6;924,8;;21,4;21,1;21,4;21;21,1;20,6;98;98;98;287;3,4;,8;
2021/01/08;0200 UTC;0;925,8;926;925,6;;21,1;20,8;21,4;21,1;21,1;20,8;98;98;98;317;3,4;,8;
2021/01/08;0300 UTC;0;925,2;925,8;925,2;;20,5;20,2;21,1;20,5;20,8;20,2;98;98;98;318;3,5;1,5;
2021/01/08;0400 UTC;0;924,9;925,2;924,9;;20,6;19,5;20,6;20,1;20,2;19,5;98;93;93;314;6;2,2;
2021/01/08;0500 UTC;0;924,4;924,9;924,4;;20,6;19,7;20,7;20,4;19,8;19,4;96;93;95;311;8,4;1,7;
2021/01/08;0600 UTC;0;924,3;924,4;924;;20,3;19,7;20,6;20,3;19,8;19,5;96;94;96;310;5,5;1,7;
2021/01/08;0700 UTC;0;924,5;924,5;924,3;;20;19,4;20,6;20;19,6;18,9;96;91;96;309;6,9;1,4;
2021/01/08;0800 UTC;0;924,6;924,6;924,4;;20;19,3;20,3;19,9;19,4;18,9;97;91;96;319;5;1,5;
2021/01/08;0900 UTC;0;924,3;924,6;924,3;17,5;20;19,2;20,3;19,9;19,3;18,8;96;92;95;326;5,5;1,7;
2021/01/08;1000 UTC;0;924,8;924,8;924,3;232,8;21,2;19,6;21,3;20;20,2;19,2;97;90;91;329;4,8;1,5;
2021/01/08;1100 UTC;0;925,3;925,3;924,8;510,5;22,6;19,6;22,6;21,2;20,2;19,3;91;83;83;311;5,7;1,8;
2021/01/08;1200 UTC;0;925,8;925,8;925,3;525,7;22,7;19,5;22,7;22,3;20,4;19,3;88;82;82;309;6,4;1,9;
2021/01/08;1300 UTC;0;926,1;926,1;925,8;1080,8;23,7;20;24,4;22,7;20,5;19,2;85;76;80;318;6,1;2,1;
2021/01/08;1400 UTC;0;926;926,1;926;1395,7;24,9;20;25,1;23,4;21,2;19;83;73;74;317;5,5;1,6;
2021/01/08;1500 UTC;0;925,6;926;925,6;2490;26,3;18,7;26,7;24,8;20,8;18,7;76;63;63;301;3,6;1,4;
2021/01/08;1600 UTC;0;924,7;925,6;924,7;2612,3;27;20,5;28;26;20,9;18,5;71;59;68;320;3,9;1,1;
2021/01/08;1700 UTC;0;924,1;924,8;924,1;1845,8;27,1;20,3;28;26,4;21,5;18,9;71;61;66;284;4,6;,5;
2021/01/08;1800 UTC;0;923,4;924,1;923,4;1957,5;26,9;19,7;28,4;26,4;21,4;18,7;70;58;65;214;3;1;
2021/01/08;1900 UTC;0;923,3;923,5;923,3;1071;24,4;21,8;26,9;24,4;22,7;19,6;87;64;85;134;7,5;2,4;
2021/01/08;2000 UTC;3;923,6;923,7;923,3;344,8;22,3;21,7;24,4;22,2;22,5;21,5;97;85;96;114;7,2;2,9;
2021/01/08;2100 UTC;2;923,6;923,6;923,2;264,6;22,2;21,5;22,5;22,2;21,9;21,3;97;95;96;132;6,3;2,3;
2021/01/08;2200 UTC;0;924,3;924,3;923,6;14,6;21,9;21;22,3;21,9;21,6;21;96;94;94;137;6,4;2,7;
2021/01/08;2300 UTC;,6;924,8;924,8;924,3;;21,8;21,4;22,1;21,7;21,4;20,7;97;93;97;125;5,8;1,3;
2021/01/09;0000 UTC;2;925,2;925,2;924,8;;21,6;21,2;21,8;21,5;21,3;21,2;98;97;98;111;4,2;1,9;
2021/01/09;0100 UTC;,4;926;926;925,2;;21,5;21;21,7;21,5;21,4;20,9;98;97;97;126;5,9;2,1;
2021/01/09;0200 UTC;,6;926,1;926,3;926;;21,2;20,8;21,5;21,2;21;20,8;98;97;98;129;4,4;1,7;
2021/01/09;0300 UTC;,6;925,4;926,1;925,4;;21;20,6;21,2;21;20,9;20,6;98;98;98;104;4,9;1,7;
2021/01/09;0400 UTC;0;925;925,4;925;;21,1;20,7;21,2;21;20,9;20,6;98;98;98;156;3,5;1,3;
2021/01/09;0500 UTC;0;924,2;925;924,2;,1;21,2;20,8;21,3;21,1;20,9;20,7;98;97;98;112;3,2;,9;
2021/01/09;0600 UTC;0;923,7;924,2;923,7;;21,1;20,8;21,2;21,1;20,9;20,7;98;98;98;140;3,3;1,2;
2021/01/09;0700 UTC;0;923,7;923,7;923,6;;20,8;20,4;21,1;20,8;20,8;20,3;98;96;98;127;3,1;1,1;
2021/01/09;0800 UTC;0;924,1;924,1;923,7;;20,8;20,5;20,8;20,6;20,5;20,3;98;98;98;129;2,3;,9;
2021/01/09;0900 UTC;0;924,7;924,7;924,1;9,9;21,1;20,7;21,2;20,8;20,9;20,4;98;98;98;144;3,1;1,9;
2021/01/09;1000 UTC;0;925,3;925,3;924,7;165,6;21,6;20,9;21,7;21,1;21,1;20,7;98;95;96;106;4,1;1,6;
2021/01/09;1100 UTC;0;925,8;925,8;925,3;474,5;22,3;20,9;22,4;21,6;21,1;20,6;96;91;91;124;3,8;1,9;
2021/01/09;1200 UTC;0;925,6;925,8;925,6;1368,6;23,7;21,4;23,9;22,3;21,8;20,5;92;84;87;138;5,3;2,5;
2021/01/09;1300 UTC;0;925,8;925,8;925,6;1900,7;23,6;21,1;24,4;23,2;22;20,7;89;82;86;148;6,3;2,8;
2021/01/09;1400 UTC;0;925,9;925,9;925,8;863;23,4;21,4;23,6;22,3;21,8;20,6;93;85;88;127;5,4;2,1;
2021/01/09;1500 UTC;0;925,6;925,9;925,6;1854,6;23,9;20,9;24,6;23,3;22;20,7;90;81;83;149;7,2;3,3;
2021/01/09;1600 UTC;0;925,2;925,6;925,1;3358,9;24,1;21,2;25,2;23,7;22,4;20,6;88;80;84;154;7,9;3,6;
2021/01/09;1700 UTC;,2;924,5;925,2;924,5;2310,7;24,1;20,5;25,3;23,9;22;20,2;85;77;80;139;7,8;4;
2021/01/09;1800 UTC;0;924,6;924,9;924,4;1701;23,8;20,1;24,9;23,1;21,5;19,6;85;76;80;141;8,3;3,5;
2021/01/09;1900 UTC;0;924,2;924,8;924,2;1117,7;22,6;19,4;24,5;22,5;21,2;19,2;84;77;82;148;8,2;4,4;
2021/01/09;2000 UTC;0;924;924,4;924;300,8;22,2;19,9;22,9;21,9;20,1;19,3;88;81;87;149;8,1;3,1;
2021/01/09;2100 UTC;0;924,2;924,3;924;559,2;22,1;19,1;22,8;22,1;20,2;19;87;83;83;148;7,5;3,3;
2021/01/09;2200 UTC;0;924,8;924,8;924,2;62,8;21,6;20;22,1;21,6;20,2;18,9;90;83;90;128;6,5;3;
2021/01/09;2300 UTC;0;925,3;925,3;924,8;;21,2;19,1;21,6;21,2;20;19;93;87;87;116;6,6;3,1;
2021/01/10;0000 UTC;0;925,8;925,8;925,3;;21,1;19,6;21,3;21,1;19,6;18,8;91;86;91;119;6,3;2,5;
2021/01/10;0100 UTC;0;926,2;926,2;925,8;;21,4;20,1;21,4;21,1;20,1;19,6;92;90;92;135;4,9;1,7;
2021/01/10;0200 UTC;0;926,7;926,7;926,3;;21,4;20;21,4;21,3;20,1;19,8;93;91;92;131;5,2;1,9;
2021/01/10;0300 UTC;0;926,3;926,9;926,3;;21,2;20,1;21,5;21,2;20,1;19,8;93;90;93;137;4,2;1,5;
2021/01/10;0400 UTC;0;925,9;926,3;925,8;;21,3;19,8;21,4;21,2;20,4;19,8;95;91;91;132;4,3;1,6;
2021/01/10;0500 UTC;0;925,2;925,9;925,1;;21,2;19,9;21,3;21,1;20,2;19,8;94;91;93;141;3,8;1;
2021/01/10;0600 UTC;0;924,6;925,2;924,6;;20,8;20;21,2;20,8;20,2;19,9;96;92;96;158;2;1,1;
2021/01/10;0700 UTC;0;924,4;924,7;924,4;;20,9;20,4;20,9;20,6;20,4;20;97;95;97;156;2,5;,5;
2021/01/10;0800 UTC;0;924,6;924,6;924,4;;20,8;20,3;20,9;20,6;20,4;20,3;98;97;97;151;2,8;,7;
2021/01/10;0900 UTC;0;925,4;925,4;924,6;27,2;20,7;20,2;20,8;20,4;20,3;20;98;97;97;91;2,2;,8;
2021/01/10;1000 UTC;0;926,1;926,1;925,4;451,5;23,1;20,3;23,1;20,7;20,6;20,2;97;85;85;106;1,8;,5;
2021/01/10;1100 UTC;0;925,9;926,1;925,8;689,7;22,9;19,9;23,4;22,5;21,1;19,9;89;82;83;67;3,2;1,5;
2021/01/10;1200 UTC;0;925,9;926,1;925,9;1715,7;24,9;20,5;25;22,9;20,9;19,9;84;75;76;131;3,9;1,4;
2021/01/10;1300 UTC;0;926;926,1;925,9;2861,4;25,7;21,3;26,2;24,5;22;19,8;80;71;77;122;4,4;2,2;
2021/01/10;1400 UTC;0;926,1;926,1;926;2078,7;26;21,1;26,5;25,7;22,1;20,2;79;71;75;138;4,4;1,3;
2021/01/10;1500 UTC;0;925,5;926,1;925,5;3285,1;27,1;21,7;28;26;22,9;20,7;76;68;72;110;6;3;
2021/01/10;1600 UTC;0;924,7;925,5;924,7;3381,3;27,4;21,8;28;26,8;23;20,9;76;68;72;157;6,5;3,5;
2021/01/10;1700 UTC;0;924,1;924,7;923,9;1992,5;24,9;22,1;27,4;24,8;23,1;21,3;85;70;85;143;8,6;3,7;
2021/01/10;1800 UTC;13,6;924,7;924,9;924,1;136,6;22,5;22,2;24,9;22,3;22,5;21,7;98;84;98;137;6,9;2,5;
2021/01/10;1900 UTC;1,2;924,5;924,9;924,3;96;22,2;21,9;22,5;22,1;22,2;21,8;98;98;98;157;7,5;2,2;
2021/01/10;2000 UTC;,2;924,5;924,6;924,3;85,5;21,7;21,4;22,3;21,6;22;21,4;98;98;98;152;5,9;3,1;
2021/01/10;2100 UTC;0;924,5;924,8;924,4;248,7;21,9;21,1;22,2;21,6;21,7;20,9;98;94;95;148;6,4;2,8;
2021/01/10;2200 UTC;0;925,1;925,2;924,4;53,7;21,5;21,1;22,1;21,5;21,5;21,1;98;95;97;118;6,4;2,9;
2021/01/10;2300 UTC;0;925,9;925,9;925,1;,7;21,6;21,2;21,9;21,5;21,5;21;98;96;98;119;6,4;2,4;
2021/01/11;0000 UTC;0;926,6;926,6;925,9;;21,6;21;21,8;21,5;21,4;21;98;96;96;122;5,4;2,5;
2021/01/11;0100 UTC;0;927;927,1;926,6;,3;21,7;20,9;21,8;21,6;21,2;20,9;97;95;95;128;5,4;2;
2021/01/11;0200 UTC;0;926,9;927,1;926,9;,3;21,5;20,7;21,8;21,4;21,2;20,6;97;95;95;159;4,5;1,4;
2021/01/11;0300 UTC;0;925,8;926,9;925,8;0;21,4;20,9;21,6;21,4;20,9;20,4;97;94;97;172;3,5;1,7;
2021/01/11;0400 UTC;0;924,8;925,8;924,6;;21,6;21,2;21,6;21,3;21,2;20,8;98;97;98;133;4,5;1,6;
2021/01/11;0500 UTC;0;924,8;925;924,8;;21,8;21,1;21,9;21,6;21,4;21;98;95;95;117;5;2,2;
2021/01/11;0600 UTC;0;924,5;924,9;924,5;;21,6;20,8;21,9;21,6;21,1;20,7;95;94;95;120;5,8;1,9;
2021/01/11;0700 UTC;0;924,6;924,6;924,4;;21,5;20,8;21,6;21,4;20,9;20,7;96;95;96;144;5;1,7;
2021/01/11;0800 UTC;0;924,8;924,8;924,5;;21,5;21;21,6;21,5;21,2;20,8;98;96;97;140;3,6;1,5;
2021/01/11;0900 UTC;0;925,1;925,2;924,8;11;21,5;20,9;21,6;21,4;21,2;20,9;98;96;96;113;3,5;1,6;
2021/01/11;1000 UTC;0;925,7;925,7;925,1;241,7;21,9;21;22;21,5;21,3;20,9;97;95;95;113;3;1,3;
2021/01/11;1100 UTC;0;926;926;925,7;689,9;23,2;21,2;23,2;21,9;21,5;20,9;95;89;89;145;2,9;1,7;
2021/01/11;1200 UTC;0;926,5;926,5;926;1238,6;23,6;21,5;24,1;23,2;22;21;90;84;88;144;3,5;1,5;
2021/01/11;1300 UTC;,2;926,6;926,8;926,5;1749;24,8;21,3;25,4;23,2;22,7;21,1;90;80;81;114;3,8;1,4;
2021/01/11;1400 UTC;0;926,1;926,6;926,1;1814,7;26;21,6;26,1;24,8;22,4;20,9;82;75;77;134;2,9;1,3;
2021/01/11;1500 UTC;0;925,8;926,1;925,7;1970,1;26,3;22,3;26,7;26;22,9;21,3;81;74;79;117;3,7;1,6;
2021/01/11;1600 UTC;0;925,4;925,8;925,4;2298,4;27,9;22,3;28;26,1;23;21,1;81;69;72;112;3,3;1,8;
2021/01/11;1700 UTC;0;924,7;925,4;924,7;3192;27,8;21,9;28,7;27,4;22,8;21;73;64;70;104;4,4;2;
2021/01/11;1800 UTC;0;924,1;924,8;924;2353,2;26,5;22,8;28,2;26,5;24,1;21,3;82;68;80;152;8,1;4,5;
2021/01/11;1900 UTC;0;924,6;924,8;924,1;504,2;24,4;22;26,4;24,2;22,8;22;90;80;87;160;9,5;2,7;
2021/01/11;2000 UTC;0;924,2;924,6;924,1;249,6;23,5;22,3;24,4;23,5;22,6;21,8;93;86;93;119;6,9;3,2;
2021/01/11;2100 UTC;0;924,1;924,4;924;231,7;23,4;22,2;23,7;23,3;22,5;22;93;92;93;124;7,1;2,7;
2021/01/11;2200 UTC;0;925;925;924,1;33;22,1;21,5;23,4;22,1;22,5;21,5;98;93;97;120;6,8;2,6;
2021/01/11;2300 UTC;0;925,3;925,3;924,9;;22;21,4;22,3;22;21,7;21,4;97;96;96;152;5,9;2,3;
2021/01/12;0000 UTC;0;925,6;925,6;925,2;;22,3;21,6;22,3;22;21,7;21,3;98;95;96;122;4,8;1,3;
2021/01/12;0100 UTC;0;926;926;925,6;;22,3;21,5;22,4;22,1;21,7;21,4;96;95;95;157;3;1;
2021/01/12;0200 UTC;0;925,8;926;925,5;;21,8;21,4;22,5;21,8;21,6;21,3;97;94;97;180;4,5;1,7;
2021/01/12;0300 UTC;0;925,8;926;925,7;;21,6;21,3;21,8;21,5;21,4;21,2;98;97;98;76;2,5;,4;
2021/01/12;0400 UTC;0;925,2;925,8;925,2;;21,8;21,4;22;21,6;21,6;21,3;98;97;97;180;2,2;1,4;
2021/01/12;0500 UTC;0;925,3;925,3;925,1;;21,9;21,6;22;21,8;21,6;21,4;98;97;98;172;2,2;1;
2021/01/12;0600 UTC;0;925,2;925,3;925,1;;21,7;21,3;21,9;21,7;21,6;21,3;98;98;98;176;3,5;2;
2021/01/12;0700 UTC;0;924,8;925,3;924,8;;21,4;21,1;21,7;21,4;21,4;21,1;98;98;98;168;3,5;1,3;
2021/01/12;0800 UTC;0;924,7;924,8;924,4;;21,6;21,3;21,7;21,4;21,3;21,1;98;98;98;220;2;,5;
2021/01/12;0900 UTC;0;925,1;925,3;924,7;31,5;21,9;21,6;21,9;21,6;21,6;21,2;98;98;98;117;2,1;1;
2021/01/12;1000 UTC;0;925,5;925,6;925,1;395,4;23,7;20,7;23,7;21,9;22;20,7;98;83;83;37;3,1;1,7;
2021/01/12;1100 UTC;0;925,7;925,7;925,4;1241,8;24,7;20,9;24,9;23,7;21,8;20,5;85;78;80;358;3,6;1,4;
2021/01/12;1200 UTC;0;926,3;926,3;925,7;2137,8;25,8;20,9;26,4;24,5;21,8;20,2;81;72;74;156;3,4;1,6;
2021/01/12;1300 UTC;0;926,3;926,5;926,3;2786,9;27,2;21,5;27,3;25,7;22;20,4;76;68;71;87;3,8;1,4;
2021/01/12;1400 UTC;0;925,9;926,4;925,9;3336,9;27,9;21,6;28;26,7;22,5;20,3;74;67;69;107;4,2;2;
2021/01/12;1500 UTC;0;925,6;925,9;925,6;3210,2;27,5;22,1;29;27,5;23,7;21,2;75;65;73;150;4,7;2,5;
2021/01/12;1600 UTC;0;924,9;925,6;924,9;3038;27,4;23;28,3;27;24;21,9;79;72;77;137;6,7;2,7;
2021/01/12;1700 UTC;0;924;924,9;923,9;1961,5;26,7;22,7;28,7;26,7;23,5;21,9;79;68;79;127;6,8;2,9;
2021/01/12;1800 UTC;,6;924,1;924,4;924;427,4;24;22,7;26,8;24;23;22,5;93;78;93;118;9;3,9;
2021/01/12;1900 UTC;0;924,6;924,7;924,1;313,2;23,7;22,3;24,2;23,7;22,8;22,2;93;90;92;110;8;1,5;
2021/01/12;2000 UTC;0;924,5;924,6;924,2;590;24,4;22,2;24,6;23,7;22,7;22;93;87;88;126;5;1,5;
2021/01/12;2100 UTC;0;924,1;924,5;923,8;372,8;24,1;22,3;24,6;24,1;22,5;21,9;90;87;90;131;5,2;2,7;
2021/01/12;2200 UTC;0;924,6;924,6;924;52,9;23,5;21,9;24,1;23,5;22,6;21,9;92;90;91;133;5,4;1,8;
2021/01/12;2300 UTC;0;925,4;925,5;924,5;;23,1;21,7;23,5;23,1;22;21,5;93;89;92;127;5,6;1,9;
2021/01/13;0000 UTC;0;926,1;926,1;925,4;;23,2;21,7;23,2;23;22,1;21,4;94;90;91;134;3,7;1,4;
2021/01/13;0100 UTC;0;926,5;926,5;926,1;;23;21,5;23,2;23;21,8;21,4;92;90;92;153;4,7;2,6;
2021/01/13;0200 UTC;0;926,7;926,8;926,5;;22,4;21,5;23;22,4;21,5;21,4;95;92;94;162;4,5;2,1;
2021/01/13;0300 UTC;0;926,9;926,9;926,6;;22,1;21,3;22,5;22,1;21,5;21,3;96;94;95;161;3,9;1,4;
2021/01/13;0400 UTC;0;926,4;927;926,4;;22,1;21,2;22,3;22,1;21,6;21,1;96;94;94;158;3,1;1,4;
2021/01/13;0500 UTC;0;925,6;926,4;925,6;;21,8;21;22,1;21,6;21,2;20,9;96;94;95;157;4,4;2,1;
2021/01/13;0600 UTC;0;925,6;925,6;925,5;;21,4;21;21,8;21,4;21,1;20,8;97;94;97;201;4,1;1,4;
2021/01/13;0700 UTC;0;925,5;925,6;925,4;;21,6;20,8;21,6;21,4;21,1;20,7;98;95;95;181;3,7;,6;
2021/01/13;0800 UTC;0;925,2;925,5;925,2;;21,9;21,2;21,9;21,6;21,3;20,8;96;95;96;160;2,1;,9;
2021/01/13;0900 UTC;0;925,6;925,6;925,2;15,6;21,8;21;22;21,7;21,4;21;96;95;95;146;4,6;2,3;
2021/01/13;1000 UTC;0;925,9;926;925,6;210,1;22,1;20,9;22,2;21,7;21,1;20,7;96;93;93;161;4,5;2,3;
2021/01/13;1100 UTC;0;926,4;926,4;925,8;392,7;22,8;20,9;23;21,9;21,3;20,6;93;88;89;116;5,1;1,6;
2021/01/13;1200 UTC;0;927;927;926,4;529,5;23;21,1;23;22,5;21,6;20,7;92;88;89;153;3,6;1,6;
2021/01/13;1300 UTC;0;927,4;927,4;927;1188,6;24,1;20,8;24,3;23;21,8;20,8;90;82;82;144;3,4;1,3;
2021/01/13;1400 UTC;1,8;927,2;927,4;927,2;1064,3;22,8;22,4;24,6;22,3;22,4;21;98;81;98;161;5;2,5;
2021/01/13;1500 UTC;,8;926,9;927,3;926,9;1171,5;22,4;21,6;23,2;22,4;22,6;21,5;98;93;95;162;4,6;1,8;
2021/01/13;1600 UTC;,2;926,6;926,9;926,4;2214,5;23,7;22,1;25,5;22,4;23,7;21,5;97;86;91;159;6,6;3,3;
2021/01/13;1700 UTC;0;925,9;926,8;925,9;1877,9;24,6;21,9;25,1;23,5;22,7;21,3;91;82;85;160;7,4;3,6;
2021/01/13;1800 UTC;0;925,6;925,9;925,5;1661,1;24,2;21,6;25,4;24;22,4;21,3;86;80;85;162;9,1;4,6;
2021/01/13;1900 UTC;0;925,5;925,8;925,5;1278,1;24,1;21,5;24,2;23,6;21,7;21,1;88;85;86;167;9,1;3,4;
2021/01/13;2000 UTC;0;925,1;925,5;925,1;646,4;23;20,8;24,2;23;21,8;20,7;88;85;87;166;8,9;4,1;
2021/01/13;2100 UTC;,2;925,5;925,5;925,1;139,9;22;21;23;22;21;20,5;94;87;94;163;7,6;2,3;
2021/01/13;2200 UTC;2,4;925,9;925,9;925,5;41,1;21,6;21,3;22;21,5;21,5;21;98;94;98;163;5,5;2,3;
2021/01/13;2300 UTC;,4;926;926,2;925,8;;21,6;21,2;21,8;21,5;21,4;21,1;98;97;97;151;7,6;3,6;
2021/01/14;0000 UTC;0;926,5;926,5;926;;21,4;20,9;21,6;21,4;21,2;20,8;98;96;97;148;7,3;2,9;
2021/01/14;0100 UTC;0;927,2;927,2;926,5;;21,4;20,7;21,5;21,3;21;20,5;98;95;96;148;7,7;3,3;
2021/01/14;0200 UTC;0;927,4;927,4;927,2;;21,3;20,6;21,4;21,2;20,8;20,5;97;95;96;139;7,7;3,1;
2021/01/14;0300 UTC;0;927,1;927,5;927,1;;21,5;20,8;21,5;21,3;20,8;20,4;96;94;96;143;7,1;1,6;
2021/01/14;0400 UTC;0;926,4;927,1;926,4;;21,4;20,6;21,5;21,2;20,8;20,4;96;94;95;132;5,2;2;
2021/01/14;0500 UTC;0;925,8;926,4;925,8;;21,1;20,8;21,5;21;20,8;20,5;98;95;98;145;5,1;2,2;
2021/01/14;0600 UTC;0;925,7;925,8;925,6;;21,3;20,7;21,3;21;20,9;20,7;98;97;97;133;4,7;2;
2021/01/14;0700 UTC;0;925,6;925,7;925,5;;21,3;20,9;21,5;21,2;20,9;20,7;97;96;97;139;4,5;1,2;
2021/01/14;0800 UTC;0;925,9;925,9;925,5;;21,5;20,7;21,5;21,2;20,9;20,5;98;95;95;132;4,2;1,4;
2021/01/14;0900 UTC;0;926,1;926,1;925,8;23,2;21,3;20,6;21,5;21,2;20,7;20,4;97;94;96;124;3,8;1,7;
2021/01/14;1000 UTC;0;926,6;926,6;926,1;221,5;21,6;20;21,8;21,3;20,8;20;96;90;90;108;4,5;1,9;
2021/01/14;1100 UTC;0;927;927,1;926,6;552,9;22,5;20,5;22,5;21,6;20,8;20;92;87;89;112;3,3;1,5;
2021/01/14;1200 UTC;0;927,3;927,3;927;866,2;23,3;20,5;23,6;22,5;21;20,1;89;83;84;150;4,7;2;
2021/01/14;1300 UTC;0;927,5;927,5;927,3;1483,4;24,5;21;24,5;23,1;21,1;20,2;87;80;81;148;5,7;3,3;
2021/01/14;1400 UTC;0;927,2;927,5;927,2;3436,9;25,8;21,5;25,8;24,3;21,7;20,2;82;75;77;143;6,3;2,5;
2021/01/14;1500 UTC;0;926,8;927,2;926,8;4037,7;25,8;21,2;26,6;25,5;22,5;20,3;80;71;76;124;8;3,4;
2021/01/14;1600 UTC;0;926,6;926,8;926,6;3440;25,4;22,2;26,7;24,8;22,9;20,8;84;72;82;143;8;3,4;
2021/01/14;1700 UTC;0;926,6;926,6;926,2;2069,7;23,3;20,9;25,6;23,1;22;20,6;87;79;86;152;9,3;4,1;
2021/01/14;1800 UTC;0;926,6;926,8;926,5;730,4;21,6;20,2;23,7;21,5;21,3;20,1;93;83;91;169;9,2;4,2;
2021/01/14;1900 UTC;0;926,5;926,6;926,3;621,8;21,6;19,7;21,9;21,4;20,4;19,6;92;88;88;166;8,5;3,5;
2021/01/14;2000 UTC;0;926,5;926,6;926,4;336,1;21,8;19,9;21,8;21,2;19,9;19,2;90;85;89;161;7,2;3,2;
2021/01/14;2100 UTC;0;926,6;926,6;926,2;402,6;21,3;19,3;21,9;21,1;19,7;19,1;91;86;88;173;8,1;3;
2021/01/14;2200 UTC;0;927,2;927,2;926,6;87,8;21,1;19;21,4;21;19,5;19;90;88;88;157;6,8;2,6;
2021/01/14;2300 UTC;0;927,8;927,8;927,2;;20,8;19,2;21,2;20,7;19,4;18,9;91;88;91;160;5,1;2,4;
2021/01/15;0000 UTC;0;927,7;927,9;927,7;;20,8;19,5;20,9;20,7;19,6;19;92;90;92;150;5,1;2,7;
2021/01/15;0100 UTC;0;928,1;928,1;927,6;;20,5;19,4;20,8;20,5;19,5;19,3;94;91;93;150;7,1;2,2;
2021/01/15;0200 UTC;0;928,4;928,4;928,1;;20,6;19,6;20,7;20,5;19,7;19,3;94;93;94;131;4,3;1,3;
2021/01/15;0300 UTC;0;927,6;928,4;927,6;;20,7;19,9;20,7;20,6;20;19,6;95;94;95;126;3,3;,9;
2021/01/15;0400 UTC;0;927;927,7;927;;20,1;19,4;20,7;20,1;19,8;19,4;96;94;96;155;3,4;1,8;
2021/01/15;0500 UTC;0;926,3;927;926,3;;20;19,4;20,2;20;19,6;19,4;97;95;96;113;3,8;1,6;
2021/01/15;0600 UTC;0;925,8;926,3;925,8;;19,7;19,2;20;19,6;19,5;19,2;97;96;97;114;3,6;1,3;
2021/01/15;0700 UTC;0;925,8;925,8;925,7;;19,6;19,2;19,7;19,3;19,3;18,9;98;97;98;108;3;1,2;
2021/01/15;0800 UTC;0;926;926,1;925,7;;19,4;19,1;19,6;19,3;19,2;19;98;97;98;135;3,3;1,1;
2021/01/15;0900 UTC;0;926,4;926,4;925,9;31,5;19,6;19,1;19,6;19,4;19,2;19;98;97;97;120;3;1,1;
2021/01/15;1000 UTC;0;926,8;926,8;926,4;472,9;21,3;19,2;21,6;19,6;19,7;19;97;86;87;116;3,1;1,4;
2021/01/15;1100 UTC;0;927,1;927,1;926,8;1135,1;22,4;19,3;22,4;21,2;20,1;18,8;91;83;83;139;3,1;1,1;
2021/01/15;1200 UTC;0;927,3;927,3;927,1;1447,7;23,8;19,2;23,8;22,2;20,2;18,9;86;75;76;39;3,8;1,6;
2021/01/15;1300 UTC;0;927,3;927,4;927,2;2569,8;24,6;18,5;26,2;23,6;20,6;18,4;77;66;69;93;4,8;2,4;
2021/01/15;1400 UTC;0;927,1;927,4;927,1;1009,8;24,7;19;24,8;24,4;19,5;18,3;74;68;70;131;4,7;1;
2021/01/15;1500 UTC;0;926,4;927,1;926,4;1183,9;23;19,1;25,6;23;20,5;18,7;80;67;79;77;5;2,4;
2021/01/15;1600 UTC;1,4;925,8;926,4;925,8;1018,6;22,3;21;24,2;22,2;21,4;18,8;93;77;93;2;5;1,2;
2021/01/15;1700 UTC;1,6;925,2;925,8;925;447,5;22,1;21,1;22,7;22;22;20,7;97;91;94;63;2,5;1,2;
2021/01/15;1800 UTC;9,6;925,5;925,8;925,2;41,4;20;19,6;22,3;19,8;21,6;19,3;98;93;98;77;4,8;1,3;
2021/01/15;1900 UTC;1;925,1;925,5;925,1;80,5;20,6;20,2;20,6;19,9;20,3;19,5;98;97;98;152;3,8;1,6;
2021/01/15;2000 UTC;,8;925;925,1;924,9;89,6;20,4;20,1;20,7;20,3;20,3;19,9;98;97;98;118;3,9;1,1;
2021/01/15;2100 UTC;2;925;925,2;925;44,8;20,5;20,2;20,6;20,4;20,3;20,1;98;98;98;145;2,8;,3;
2021/01/15;2200 UTC;2;925;925,2;924,8;16,9;20,1;19,9;20,5;20,1;20,2;19,9;98;98;98;351;1,8;,9;
2021/01/15;2300 UTC;1,8;925,2;925,3;924,7;;20,3;20;20,3;20;20;19,7;99;98;99;349;3,4;1,2;
2021/01/16;0000 UTC;0;925,2;925,2;925,1;;20;19,7;20,3;20;20,1;19,7;99;98;98;75;2,7;,7;
2021/01/16;0100 UTC;,2;925,9;925,9;925,2;;20;19,5;20,1;19,9;19,9;19,4;98;97;97;25;3,1;1,1;
2021/01/16;0200 UTC;,2;926;926;925,8;;19,9;19,4;20,1;19,9;19,7;19,4;98;97;97;9;4,4;1,2;
2021/01/16;0300 UTC;0;925,2;926;925,1;;19,6;19,2;19,9;19,6;19,4;19,2;98;97;97;350;2,6;1;
2021/01/16;0400 UTC;0;924,7;925,4;924,7;;19,3;18,9;19,7;19,3;19,3;18,9;98;97;98;24;2,6;,8;
2021/01/16;0500 UTC;0;924,1;924,7;924,1;;19,2;18,9;19,4;19;19,1;18,7;98;98;98;352;3;1;
2021/01/16;0600 UTC;0;924,4;924,5;924,1;;19,2;18,9;19,3;19,1;19;18,8;98;98;98;322;2,7;,5;
2021/01/16;0700 UTC;0;924,2;924,4;924,1;;19,2;18,9;19,3;19,1;19;18,8;98;98;98;355;2,8;,9;
2021/01/16;0800 UTC;0;924,4;924,4;924,1;;19;18,7;19,3;19;19;18,7;98;98;98;350;3,5;1,3;
2021/01/16;0900 UTC;0;924,8;924,8;924,2;17,4;19;18,7;19,1;18,9;18,8;18,6;98;98;98;10;5,2;1,7;
2021/01/16;1000 UTC;0;925,2;925,2;924,8;285,4;19,8;19,4;19,9;19;19,5;18,7;98;97;97;324;4,7;,5;
2021/01/16;1100 UTC;0;925,5;925,5;925,2;711,7;21,4;19,7;21,4;19,9;20,1;19,2;98;88;90;12;3;,9;
2021/01/16;1200 UTC;0;925,7;925,7;925,5;1914,7;24,3;20,3;24,5;21,4;21,1;19,2;91;76;78;59;4,2;1,8;
2021/01/16;1300 UTC;,2;925,4;925,8;925,4;2875,1;26,4;20,6;26,4;24,4;21,4;18,9;82;66;71;18;4,4;1,7;
2021/01/16;1400 UTC;0;925,2;925,4;925,2;2491,2;27,2;20;27,3;26;20,5;18,4;73;60;65;329;6,8;2,6;
2021/01/16;1500 UTC;0;924,8;925,2;924,7;2564,1;27;18,6;28,6;26,7;20,8;18,5;66;58;60;334;7,9;2,4;
2021/01/16;1600 UTC;0;924,2;924,8;924,2;2140,9;28,3;19,5;29,8;26,3;21,2;18,6;69;55;59;327;6,9;2,2;
2021/01/16;1700 UTC;0;923,6;924,2;923,6;2959,6;28,8;18,5;29,8;28,3;21,3;18,3;62;52;54;321;6,9;2,7;
2021/01/16;1800 UTC;0;922,9;923,6;922,9;3026;28,9;17,6;30;28,8;20,3;17,6;58;49;50;337;7,5;2,6;
2021/01/16;1900 UTC;0;922,4;922,9;922,4;1798,2;28,5;18,5;29,9;28,1;20,2;17,9;59;51;55;337;6;1,9;
2021/01/16;2000 UTC;0;922;922,4;921,9;452,7;27,1;19,8;28,5;26,9;19,8;17,6;64;54;64;23;6;,9;
2021/01/16;2100 UTC;0;922,4;922,4;921,8;291,2;25,7;19,8;27,1;25,3;20,7;18,4;74;59;70;5;5,3;1,5;
2021/01/16;2200 UTC;0;923,2;923,2;922,4;124,2;24,5;18,7;25,7;24,5;19,7;18,6;70;67;70;340;6;1,9;
2021/01/16;2300 UTC;0;923,3;923,3;923,2;;23,5;19,6;24,5;23,4;20;18,7;81;70;78;335;5;1,2;
2021/01/17;0000 UTC;0;923,6;923,6;923,3;;23,7;19,2;24;23,4;19,7;19;80;74;76;343;4;1,4;
2021/01/17;0100 UTC;0;924,1;924,1;923,6;;23,8;19,2;23,8;23,2;19,4;18,9;78;75;75;6;4,3;1,4;
2021/01/17;0200 UTC;0;924,3;924,4;924;;23,5;19,1;23,9;22,6;19,6;19,1;81;75;77;3;4,6;1,5;
2021/01/17;0300 UTC;0;924;924,3;924;;23,1;18,9;23,5;22,9;19,2;18,8;79;76;77;335;4,3;1,4;
2021/01/17;0400 UTC;0;923,6;924;923,6;;22,5;19,3;23,2;22,5;19,4;18,8;83;77;83;315;3,9;1,2;
2021/01/17;0500 UTC;0;923;923,6;923;;22,6;19,3;22,7;22,2;19,5;19,1;84;81;82;339;3,9;1,2;
2021/01/17;0600 UTC;0;923,2;923,2;923;;22,6;18,6;22,9;22,4;19,4;18,4;83;76;78;337;6,1;2;
2021/01/17;0700 UTC;0;923,3;923,4;923,2;;22,8;18,2;22,9;22,5;18,7;18,1;79;74;75;336;5,6;2,2;
2021/01/17;0800 UTC;0;923,8;923,8;923,3;;21,6;19;22,8;21,6;19,4;18,2;87;75;85;324;5,1;1,5;
2021/01/17;0900 UTC;0;924,2;924,3;923,8;17,3;22,1;18,6;22,1;21,6;19;18,4;85;80;81;331;6,2;1,7;
2021/01/17;1000 UTC;0;924,5;924,5;924,2;488,5;24,3;19,3;24,3;22;19,4;18,6;83;74;74;332;6;2,4;
2021/01/17;1100 UTC;0;924,8;924,8;924,5;709,1;24;19,1;24,4;23,1;19,2;18,5;78;71;74;336;8,2;2,1;
2021/01/17;1200 UTC;0;925;925;924,8;1900,3;25;18,9;26;24;19,5;18,3;74;65;69;343;7,7;2,4;
2021/01/17;1300 UTC;0;924,7;925;924,7;2005,1;26,8;18,6;26,9;24,9;19,6;18,1;70;61;61;325;9,9;3,8;
2021/01/17;1400 UTC;0;924,5;924,8;924,5;3197,8;27,1;18,9;28,3;26,7;20,3;18,1;64;57;61;326;11,8;4,2;
2021/01/17;1500 UTC;0;923,7;924,5;923,7;2812,2;28,4;19,9;28,4;27;20,5;18,4;64;57;60;323;10,8;3,4;
2021/01/17;1600 UTC;0;923,4;923,7;923,3;2712,7;29;19,3;29,3;27,6;20,4;18,1;62;54;56;337;10,4;2,6;
2021/01/17;1700 UTC;0;922,7;923,4;922,7;2618,3;28,6;18,9;29,7;27,5;21;18,4;62;53;56;344;8,3;3;
2021/01/17;1800 UTC;0;921,9;922,7;921,9;1763,1;28,1;18,4;29,4;27,5;20,4;18;62;52;56;349;7,8;2,3;
2021/01/17;1900 UTC;0;921,3;921,9;921,3;2597,2;30,4;18,6;30,9;27,8;20,4;18,3;60;48;49;325;7,6;2,9;
2021/01/17;2000 UTC;0;921,3;921,3;921,1;1694,4;29,5;19,4;31,1;29,4;21;17,9;58;47;55;331;7,6;2,3;
2021/01/17;2100 UTC;0;921,7;921,7;921,3;647,8;28;19,2;29,9;28;19,6;18,3;59;50;59;337;6,1;1,9;
2021/01/17;2200 UTC;0;922,4;922,4;921,7;104;26,1;19,3;28;26,1;20,6;18,2;67;56;66;322;6,4;1,8;
2021/01/17;2300 UTC;0;923,7;923,7;922,4;;24,8;19,2;26,3;24,8;20,4;19,1;75;66;71;307;9,3;2,2;
2021/01/18;0000 UTC;0;924,1;924,1;923,7;;22,9;19,4;24,8;22,9;19,5;18,7;81;70;81;302;8;1,6;
2021/01/18;0100 UTC;0;924,4;924,4;924;;22,5;18,9;22,9;22,4;19,6;18,8;83;79;80;320;7,4;2,3;
2021/01/18;0200 UTC;0;924,3;924,7;924,3;;22,1;19,1;22,5;22,1;19,2;18,7;83;79;83;314;5,3;1,3;
2021/01/18;0300 UTC;0;924,2;924,4;924,2;;22,1;19;22,2;21,7;19,3;19;86;82;82;314;5,9;2;
2021/01/18;0400 UTC;0;923,8;924,2;923,8;;21,9;19,4;22,3;21,6;19,4;19;87;82;86;326;5,9;2,3;
2021/01/18;0500 UTC;0;923,1;923,8;923,1;;21,5;19,7;21,9;21,5;19,7;19,3;90;85;90;329;5,8;2;
2021/01/18;0600 UTC;0;922,5;923,1;922,5;;21,4;19,7;21,6;21,4;19,9;19,7;91;90;90;330;4,8;2;
2021/01/18;0700 UTC;0;922,2;922,5;922,1;;21,6;19,8;21,6;21,4;19,8;19,6;90;89;89;338;5,9;2;
2021/01/18;0800 UTC;0;922,4;922,4;922,1;;21,5;19,8;21,7;21,3;19,9;19,7;91;89;90;355;6,5;1,6;
2021/01/18;0900 UTC;0;922,9;923;922,4;8;22,3;19,2;22,3;21,5;19,8;19;90;81;83;332;8,1;2,7;
2021/01/18;1000 UTC;0;924,2;924,2;922,9;176,6;22,6;19;22,7;22,2;19,3;18,8;83;79;80;323;8,9;3,2;
2021/01/18;1100 UTC;0;924,9;924,9;924,2;645,5;24,4;19,5;24,5;22,6;19,5;18,8;82;73;74;326;7,8;1,7;
2021/01/18;1200 UTC;0;925,2;925,3;924,9;1528,3;26,3;19,5;26,4;23,9;19,7;18,5;76;64;66;341;7,3;2,6;
2021/01/18;1300 UTC;0;925,3;925,4;925,1;2933,2;28,2;19,1;28,3;25,9;20,1;18,4;67;58;58;333;11;3,1;
2021/01/18;1400 UTC;0;925,5;925,5;925,3;3177,9;29,7;20,4;29,7;27,7;21,1;18,6;62;55;57;312;9,7;2,7;
2021/01/18;1500 UTC;0;925,3;925,5;925,3;2183,2;29,4;19,3;30,3;28,4;21,2;18,8;62;53;54;309;7,8;2,2;
2021/01/18;1600 UTC;0;924,9;925,3;924,9;1990,9;28,9;19,5;30,7;28,3;21,2;18,9;65;51;57;330;6,3;1,9;
2021/01/18;1700 UTC;0;924,4;924,9;924,4;1944,1;31,1;20,3;31,1;28,2;21;18,7;64;51;53;309;6,4;2,3;
2021/01/18;1800 UTC;0;923,8;924,4;923,8;1673,3;28,8;19,6;31,2;28,7;20,8;18,3;59;50;58;340;5,9;1,3;
2021/01/18;1900 UTC;0;923,6;923,8;923,4;2144,7;26,9;21,1;32,2;26,8;21,3;18,5;72;46;71;143;7,4;2,8;
2021/01/18;2000 UTC;0;924,1;924,1;923,5;387,6;24,5;21;26,9;24,5;21,4;20,5;82;70;81;151;9,3;4,5;
2021/01/18;2100 UTC;0;924,5;924,5;924;162,6;23,7;20,9;24,6;23,7;21,2;20,5;85;79;84;148;8,1;3,3;
2021/01/18;2200 UTC;0;924,9;924,9;924,4;34,2;23,1;20,3;23,8;23,1;21;20,2;85;82;85;147;8,3;2,3;
2021/01/18;2300 UTC;8,8;925,8;925,8;924,9;;21,4;21;23,1;21,4;21,4;20,2;98;84;98;137;6,6;2,4;
2021/01/19;0000 UTC;1;926,4;926,4;925,7;;21,7;21,4;21,9;21,4;21,5;21;98;98;98;113;5,7;1;
2021/01/19;0100 UTC;1,8;926,6;926,7;926,3;;21,3;20,9;21,7;21,3;21,4;20,9;98;98;98;132;4,3;1,9;
2021/01/19;0200 UTC;0;926,4;926,6;926,4;;21,3;20,8;21,5;21,2;21,1;20,7;98;97;97;107;4,3;1,5;
2021/01/19;0300 UTC;0;926,4;926,6;926,3;;21,3;20,7;21,5;21,2;20,9;20,5;97;94;97;115;3,9;1,2;
2021/01/19;0400 UTC;0;926,6;926,8;926,4;;21,4;20,8;21,5;21,2;21;20,6;97;96;97;180;4,5;1,6;
2021/01/19;0500 UTC;0;926,4;926,6;926,4;1,3;20,7;19,2;21,4;20,7;20,9;19,2;97;91;91;230;4,9;1,5;
2021/01/19;0600 UTC;0;926;926,4;926;1,4;20,6;19,6;20,7;20,5;19,6;19;94;90;94;163;4,6;1,2;
2021/01/19;0700 UTC;0;925,9;926,1;925,9;0;20,4;19,4;20,7;20,4;20;19,3;96;92;94;165;4;1,7;
2021/01/19;0800 UTC;0;926;926;925,8;;20,5;19,9;20,5;20,4;19,9;19,4;97;93;97;171;4;1,1;
2021/01/19;0900 UTC;0;926,4;926,4;926;8,5;20,9;20,1;20,9;20,5;20,3;20;97;95;96;151;4,3;2;
2021/01/19;1000 UTC;0;927,1;927,1;926,4;121,8;21,4;20,6;21,4;20,9;20,6;20,1;96;95;95;129;4,3;1,1;
2021/01/19;1100 UTC;0;927,4;927,4;927,1;313,9;21,7;20,4;21,9;21,3;20,8;20,2;95;92;92;120;3,6;1,8;
2021/01/19;1200 UTC;0;927,8;927,8;927,4;1016,9;22,6;20,4;22,9;21,7;21,1;20,2;92;86;88;130;3,9;1,7;
2021/01/19;1300 UTC;0;928,2;928,2;927,8;1192,3;23,8;20,9;23,9;22,5;21,5;20,2;90;83;84;152;3,7;2,3;
2021/01/19;1400 UTC;0;928;928,3;928;2041,4;25,3;21,3;25,3;23,3;21,8;20,4;88;78;78;135;4,2;2;
2021/01/19;1500 UTC;0;927,5;928;927,5;2163,5;25,1;21;25,9;25;22,3;20,6;82;75;78;117;4,8;1,9;
2021/01/19;1600 UTC;0;927,2;927,6;927,2;3324,7;26,3;21,9;27,2;25,1;22,8;20,9;81;72;76;118;5,9;2,8;
2021/01/19;1700 UTC;0;926,8;927,2;926,8;2569,2;25,6;22,1;27,2;25,2;23,2;21,4;83;74;81;141;7,6;3,7;
2021/01/19;1800 UTC;,2;926,6;926,8;926,4;2163;23,4;21,6;26,2;23,2;22,9;21,3;90;79;90;150;8,7;4,6;
2021/01/19;1900 UTC;19,2;926,6;927,5;926,6;190,5;21,3;21;23,4;20,7;21,6;20,4;98;86;98;161;8,1;2,3;
2021/01/19;2000 UTC;,2;926,6;926,9;926,5;520,1;22,1;21,4;22,4;21,2;21,9;21;98;95;95;159;6,3;3,5;
2021/01/19;2100 UTC;0;926,8;926,9;926,5;242;21,9;21;22,3;21,8;21,7;20,8;96;94;95;162;6,2;2,5;
2021/01/19;2200 UTC;0;927,3;927,3;926,6;45,1;21,3;20,9;21,9;21,3;21,1;20,8;98;95;98;166;6,9;2,4;
2021/01/19;2300 UTC;0;927,7;927,7;927,3;;21;20,7;21,3;21;20,9;20,6;98;97;98;161;6,4;2,3;
2021/01/20;0000 UTC;0;928,2;928,2;927,7;;20,8;20,3;21,1;20,7;20,8;20,3;98;97;98;153;6,7;2,8;
2021/01/20;0100 UTC;0;928,6;928,6;928,2;;20,9;20,6;21;20,8;20,6;20,3;98;97;98;121;5,4;2,3;
2021/01/20;0200 UTC;0;928,6;928,7;928,6;;21;20,7;21,1;20,9;20,8;20,5;98;98;98;118;4,7;1,9;
2021/01/20;0300 UTC;0;928;928,6;928;;20,8;20,6;21;20,7;20,8;20,5;98;98;98;123;5,2;2,4;
2021/01/20;0400 UTC;,2;927,9;928;927,9;;20,8;20,5;21;20,7;20,7;20,4;98;98;98;113;5,2;1,7;
2021/01/20;0500 UTC;0;927,3;927,9;927,3;;20,7;20,3;20,9;20,7;20,6;20,2;98;97;97;132;3,6;,9;
2021/01/20;0600 UTC;0;927;927,3;927;;20,6;20,2;20,8;20,6;20,4;20,2;98;97;98;153;3,2;1,1;
2021/01/20;0700 UTC;0;926,8;927;926,8;;20,4;20,1;20,6;20,4;20,3;20,1;98;98;98;192;2,4;,8;
2021/01/20;0800 UTC;0;927;927;926,8;;20,2;19,9;20,4;20,1;20,1;19,8;98;98;98;106;2,6;1,1;
2021/01/20;0900 UTC;0;927,4;927,4;927;23,7;20,2;19,9;20,3;19,9;19,9;19,6;98;98;98;142;2,6;,7;
2021/01/20;1000 UTC;0;927,8;927,8;927,4;451,6;22,3;20,3;22,3;20,2;20,6;19,6;98;88;89;113;2,5;1,2;
2021/01/20;1100 UTC;0;927,9;927,9;927,8;1462,3;23,6;19,9;23,8;22,2;21,1;19,3;88;78;79;112;3,5;1,7;
2021/01/20;1200 UTC;0;928;928;927,9;2289,1;25;19,6;25,2;23,6;20,7;19,5;82;71;72;116;3,8;1,8;
2021/01/20;1300 UTC;0;928,2;928,3;928;3018;26;19,9;26,3;24,9;20,9;19,3;75;67;69;120;4,2;1,9;
2021/01/20;1400 UTC;0;927,9;928,2;927,9;3446,9;27;20,3;27,3;26;22,5;19,4;76;63;67;123;4,2;2,1;
2021/01/20;1500 UTC;0;927,3;927,9;927,3;3585,9;26,7;21,1;27,6;26,1;22,8;20;78;65;71;158;5,8;3,1;
2021/01/20;1600 UTC;0;926,8;927,3;926,7;3492,2;27,1;22,8;28;26,4;23,6;20,6;81;67;77;133;6,7;3;
2021/01/20;1700 UTC;0;926,6;926,8;926,5;2176,7;25;21,9;27,8;24,9;23,5;21,4;83;73;83;150;8,4;4,1;
2021/01/20;1800 UTC;0;926,6;926,8;926,3;1157,2;23,3;21;25,2;23,3;22,2;21;88;81;87;173;8,4;3,6;
2021/01/20;1900 UTC;0;926,8;926,9;926,5;701,4;22,3;20,9;23,4;22,2;21,4;20,7;93;87;92;166;7,8;3,2;
2021/01/20;2000 UTC;0;926,5;926,8;926,5;390,3;22,4;21;22,8;22,2;21,2;20,6;92;89;92;145;7;2,7;
2021/01/20;2100 UTC;0;927;927;926,5;281;21,8;20,6;22,4;21,7;21,2;20,4;94;92;93;148;7,5;3,7;
2021/01/20;2200 UTC;0;927,6;927,6;926,9;34,1;21,3;20,4;21,9;21,1;20,8;20,3;96;93;95;149;7,5;2,7;
2021/01/20;2300 UTC;0;928;928;927,5;;21;19,5;21,4;20,9;20,3;19,4;95;91;91;149;6,9;2,9;
2021/01/21;0000 UTC;0;928,2;928,2;928;;21;19,8;21;20,9;19,9;19,2;93;90;93;152;6,7;2,9;
2021/01/21;0100 UTC;0;928,5;928,6;928,1;;20,9;20,3;21,1;20,8;20,3;19,7;97;93;97;146;6,3;2;
2021/01/21;0200 UTC;,2;928,5;928,6;928,3;;20,5;20,2;20,9;20,3;20,5;19,9;98;97;98;154;4,8;1,2;
2021/01/21;0300 UTC;0;928;928,5;928;;20,5;19,8;20,8;20,5;20,4;19,8;98;96;96;153;3,7;1,6;
2021/01/21;0400 UTC;0;927,5;928,1;927,5;;20,1;19,4;20,6;20,1;20;19,4;97;95;96;104;3;1;
2021/01/21;0500 UTC;0;927,1;927,5;927,1;;19,8;19,4;20,1;19,7;19,4;19,2;98;95;97;102;2,5;1,1;
2021/01/21;0600 UTC;0;926,8;927,1;926,8;;19,9;19,4;19,9;19,6;19,5;19,2;98;97;97;132;3,1;1,3;
2021/01/21;0700 UTC;0;927,2;927,2;926,8;;20;19,4;20,1;19,9;19,5;19,3;97;95;96;142;3,5;1,1;
2021/01/21;0800 UTC;0;927,7;927,8;927,2;;20;19,1;20,2;19,9;19,5;19,1;97;95;95;123;3,7;1,6;
2021/01/21;0900 UTC;0;928,2;928,2;927,7;14,6;19,8;19,3;20,1;19,7;19,3;19;97;94;96;110;4,1;1,4;
2021/01/21;1000 UTC;0;928,8;928,8;928,2;356,7;20,8;19,6;20,9;19,8;19,7;19,3;97;91;93;112;4,2;2;
2021/01/21;1100 UTC;0;929;929;928,8;799,9;21,7;19,7;21,8;20,7;20;19;93;87;88;124;4;1,8;
2021/01/21;1200 UTC;0;929,1;929,2;929;1793,6;23,6;20,2;23,8;21,6;20,9;19,4;91;80;81;117;4,5;2,3;
2021/01/21;1300 UTC;,2;928,9;929,1;928,9;3045,4;25,3;20,2;25,6;23,5;21,2;19,4;83;71;73;110;4,1;2;
2021/01/21;1400 UTC;0;928,6;928,9;928,6;2984,4;26,5;21;26,5;25,2;21,5;19,5;76;68;72;129;4,6;2;
2021/01/21;1500 UTC;0;928,2;928,7;928,2;3452,9;27;20,6;27,5;25,9;21,8;19,8;73;65;68;135;4,5;2,3;
2021/01/21;1600 UTC;0;927,9;928,2;927,9;3460,1;27;22,1;27,8;26,8;22,5;20,3;76;67;75;150;6,4;3,5;
2021/01/21;1700 UTC;0;927,6;928;927,6;2840,6;25,6;21,7;27,3;25,4;23,2;21,3;83;72;79;129;8,5;4,3;
2021/01/21;1800 UTC;0;928;928,3;927,5;1400,1;22,8;21;26;22,7;22,5;20,8;90;78;90;147;9,4;4;
2021/01/21;1900 UTC;0;928,2;928,5;927,9;99,7;21,5;20,8;22,8;21,5;21,3;20,6;96;90;96;181;7,5;3;
2021/01/21;2000 UTC;0;928,7;928,7;928,2;114,7;21,9;20,4;21,9;21,2;21,1;20,3;97;91;91;152;7,1;2,5;
2021/01/21;2100 UTC;0;928,7;928,7;928,5;50,6;21,7;20,3;22,1;21,6;20,6;20,1;93;90;92;158;6,8;3,2;
2021/01/21;2200 UTC;0;929,1;929,1;928,7;51,6;21,5;19,9;21,8;21,5;20,4;19,7;92;90;91;146;6,8;2;
2021/01/21;2300 UTC;0;929,2;929,3;929;;21,4;19,7;21,6;21,3;20;19,3;91;88;90;156;6,6;2,6;
2021/01/22;0000 UTC;0;929,8;929,8;929,2;;21,1;19,3;21,4;21,1;19,9;19,2;91;88;89;145;6,6;3,2;
2021/01/22;0100 UTC;0;930,4;930,4;929,8;;20,8;19,2;21,2;20,8;19,4;18,8;91;88;90;148;6,6;1,8;
2021/01/22;0200 UTC;0;930,4;930,6;930,4;;20,4;18,5;20,8;20,4;19,2;18,5;91;89;89;159;5;2,2;
2021/01/22;0300 UTC;0;929,9;930,4;929,9;;19,8;18,8;20,4;19,8;18,8;18,4;94;89;94;170;5;2;
2021/01/22;0400 UTC;0;929,5;929,9;929,5;;19,8;19;19,9;19,7;19,1;18,8;96;94;95;155;4,6;1,1;
2021/01/22;0500 UTC;0;929,2;929,5;929,2;;20,2;19,1;20,3;19,8;19,1;18,8;95;92;93;113;4,7;2,2;
2021/01/22;0600 UTC;0;928,9;929,2;928,9;;19,8;19;20,2;19,8;19,2;19;96;93;96;126;4,7;1,2;
2021/01/22;0700 UTC;0;929,3;929,3;928,9;;19,8;18,9;19,9;19,8;19,1;18,8;96;94;94;113;4,1;,9;
2021/01/22;0800 UTC;0;929,7;929,7;929,3;;19,9;18,6;20,1;19,8;19;18,4;95;91;92;133;3,4;1,4;
2021/01/22;0900 UTC;0;930,2;930,2;929,7;4;19,7;18,9;19,9;19,7;19,1;18,6;96;92;95;123;3,6;1,5;
2021/01/22;1000 UTC;0;930,7;930,7;930,2;303,7;20,6;19;20,8;19,7;19,4;18,8;95;90;91;129;4,3;1,9;
2021/01/22;1100 UTC;0;931,1;931,1;930,7;963,6;22,8;20;22,8;20,6;20;19;92;84;84;126;3,8;1,5;
2021/01/22;1200 UTC;0;931,5;931,5;931,1;1957,5;24,9;19,6;24,9;22,3;20,3;18,8;84;72;72;42;5,5;2,3;
2021/01/22;1300 UTC;0;931,5;931,6;931,5;2519,5;25,4;19;26;24,5;20,7;18,6;75;65;67;13;5,5;1,7;
2021/01/22;1400 UTC;0;931,2;931,5;931,2;2173,8;26,8;19,1;26,8;25,4;20,2;18,4;72;62;63;112;4,5;1,7;
2021/01/22;1500 UTC;0;930,6;931,2;930,6;3082,9;27,2;19,2;27,7;26,3;20,4;18,3;68;59;62;122;3,4;1,3;
2021/01/22;1600 UTC;0;930,3;930,6;930,3;3329,7;28,1;18,8;28,7;27,2;20,3;18,3;64;54;57;117;3,7;1,8;
2021/01/22;1700 UTC;0;929,8;930,3;929,8;3258,9;27,5;21,3;29,2;27,5;21,4;17,5;69;50;69;114;6,5;3,6;
2021/01/22;1800 UTC;0;929,1;929,8;929,1;1971,4;25,5;21,4;28,3;25,5;22,7;20,8;80;68;78;121;7,3;3,5;
2021/01/22;1900 UTC;0;929,6;929,6;929;319,6;22,9;20,8;25,6;22,8;22,1;20,8;89;78;88;160;9,4;4;
2021/01/22;2000 UTC;0;929,8;930,1;929,6;84,3;22,6;20,8;22,9;22,5;20,9;20,6;90;87;90;163;8,1;3,2;
2021/01/22;2100 UTC;0;930;930,2;929,8;85;22,5;20,8;22,7;22,5;21;20,4;90;88;90;125;6,2;2;
2021/01/22;2200 UTC;0;930,1;930,4;929,9;48,5;22,1;20,2;22,6;22,1;20,7;20,2;90;88;89;127;6,4;2,6;
2021/01/22;2300 UTC;0;930,4;930,4;930,1;;21,7;20,3;22,1;21,6;20,5;20,1;93;89;92;152;6,4;2,9;
2021/01/23;0000 UTC;0;931,1;931,1;930,5;;21,2;19,7;21,7;21,1;20,4;19,6;92;91;91;144;5,8;2,1;
2021/01/23;0100 UTC;0;931,3;931,4;931,1;;20,9;19,4;21,3;20,8;19,8;19,1;91;89;91;136;4,9;1,8;
2021/01/23;0200 UTC;0;931,3;931,5;931,2;;21,1;19,7;21,2;20,9;19,9;19,4;93;91;92;104;4,4;1,5;
2021/01/23;0300 UTC;0;931,3;931,5;931,2;;20,8;19,2;21,1;20,8;19,7;19,2;92;90;90;125;3,8;1,7;
2021/01/23;0400 UTC;0;930,6;931,3;930,6;;20,6;19,5;21;20,6;19,6;19,2;94;90;93;145;5,5;2,2;
2021/01/23;0500 UTC;0;929,9;930,6;929,9;;20,4;19,3;20,8;20,4;19,6;19,2;94;91;93;124;5,7;1,7;
2021/01/23;0600 UTC;0;929,6;929,9;929,6;;20,6;19,4;20,6;20,3;19,5;19,3;95;92;93;150;3,9;1,5;
2021/01/23;0700 UTC;0;929,3;929,6;929,3;;20,4;19,5;20,7;20,4;19,7;19,2;95;92;95;119;3,4;1,5;
2021/01/23;0800 UTC;0;929,5;929,6;929,2;;20;19,2;20,4;20;19,7;19,2;96;95;95;124;3,9;1,4;
2021/01/23;0900 UTC;0;929,8;929,8;929,5;12,6;20;19,4;20,1;19,9;19,4;19,2;97;95;96;115;3,3;,8;
2021/01/23;1000 UTC;0;929,9;929,9;929,7;313,8;21,5;19,2;21,5;20;19,7;19;96;86;87;82;3,1;1,1;
2021/01/23;1100 UTC;0;930,2;930,2;929,9;854,7;22,4;19,1;22,8;21,4;19,7;18,8;87;79;82;35;5,3;2,1;
2021/01/23;1200 UTC;0;930,3;930,3;930,2;1563,5;24,4;19,4;24,5;22,4;20,1;18,9;82;72;74;33;6,2;1,7;
2021/01/23;1300 UTC;0;930,2;930,4;930,2;2018,4;26;18,6;26,2;24,4;20,1;18;75;61;64;360;5,1;1,9;
2021/01/23;1400 UTC;0;929,8;930,2;929,8;3334,7;28,8;19,7;28,8;26;20;17,7;64;54;58;335;5,5;1,8;
2021/01/23;1500 UTC;0;929,3;929,8;929,3;3435,7;29,1;17,5;29,8;27,6;19,8;16,7;58;48;50;5;5,1;1,9;
2021/01/23;1600 UTC;0;928,6;929,3;928,6;2666,5;30;17,8;30,4;28,1;20,4;16,6;60;46;48;293;4,6;,8;
2021/01/23;1700 UTC;0;928,5;928,6;928,2;2614,8;24,8;21,6;30,5;24,8;22,3;16,4;83;44;83;145;9,7;5,1;
2021/01/23;1800 UTC;5,8;928,6;929,1;928,3;103,8;22,1;21,7;24,8;21,6;21,7;18;98;74;98;154;10,7;2;
2021/01/23;1900 UTC;2,8;928,2;928,9;928,2;100,2;21,9;21,5;22,1;21,8;21,8;21,4;98;97;97;185;6,3;1,4;
2021/01/23;2000 UTC;,6;928,1;928,5;928;183,5;21,5;20,5;22,1;21,5;21,6;20,5;97;94;94;134;6,5;2,9;
2021/01/23;2100 UTC;0;928,2;928,2;928;140,2;21,4;20,3;21,7;21,4;20,7;20,1;95;91;94;112;6,4;1,5;
2021/01/23;2200 UTC;0;928,5;928,5;928;43;21,4;19,2;21,6;21,3;20,6;19,2;94;87;87;164;5,3;2,4;
2021/01/23;2300 UTC;0;929,1;929,1;928,5;;20,9;20,1;21,4;20,9;20,2;19,2;95;87;95;163;4,6;1,9;
2021/01/24;0000 UTC;0;928,9;929,2;928,9;;20,6;20,1;20,9;20,5;20,2;19,9;97;95;97;163;4,1;1,8;
2021/01/24;0100 UTC;0;929,6;929,6;928,8;;20,6;20;20,6;20,5;20,1;20;97;96;97;207;4,3;1,1;
2021/01/24;0200 UTC;0;929,2;929,8;929,2;;20,3;19,7;20,7;20,3;20,2;19,7;97;96;97;127;2,4;,6;
2021/01/24;0300 UTC;0;928,2;929,2;928,2;;19,9;19,3;20,4;19,9;19,8;19,3;97;94;96;99;2,3;,7;
2021/01/24;0400 UTC;0;928;928,2;928;;19,7;19,3;20;19,7;19,6;19,3;98;96;98;150;1,7;,5;
2021/01/24;0500 UTC;0;927,6;928,2;927,6;;19,7;19,4;19,9;19,6;19,5;19,2;98;98;98;152;2;,6;
2021/01/24;0600 UTC;0;927,2;927,6;927,2;;20;19,7;20,1;19,7;19,8;19,4;98;98;98;166;1,3;,4;
2021/01/24;0700 UTC;0;927,1;927,2;926,9;;19,8;19,5;20,1;19,8;19,8;19,5;98;98;98;158;1,3;,3;
2021/01/24;0800 UTC;0;927;927,1;926,8;;19,6;19,4;19,9;19,6;19,6;19,4;98;98;98;222;1;,4;
2021/01/24;0900 UTC;0;927,4;927,4;927;6,2;19,5;19,2;19,7;19,5;19,4;19,2;98;98;98;250;,7;,3;
2021/01/24;1000 UTC;0;927,9;927,9;927,4;143,7;20,1;19,7;20,1;19,5;19,7;19,3;98;97;97;22;2,4;1;
2021/01/24;1100 UTC;0;928,1;928,2;927,9;793,2;22,1;19,8;22,1;20,1;20,1;19,5;97;86;87;41;4,3;1,9;
2021/01/24;1200 UTC;0;928,4;928,4;928;1899,9;24,8;19,4;24,8;22,1;20,5;18,9;87;71;72;319;4,3;,8;
2021/01/24;1300 UTC;0;928,4;928,4;928,3;2642,1;26,7;17,8;27,2;24,8;20,2;17,8;74;58;58;319;3,8;1,4;
2021/01/24;1400 UTC;0;928,2;928,5;928,2;2523,7;27,2;19,2;27,9;25,8;20,6;17,7;67;55;62;350;4,8;1,5;
2021/01/24;1500 UTC;0;927,8;928,2;927,8;1891,4;28,1;20;28,4;27;20,5;17,7;64;55;61;315;5,9;1,1;
2021/01/24;1600 UTC;0;927,4;927,9;927,4;2366,3;28,1;18,9;28,5;27,5;20,6;17,6;64;53;58;185;4;1,4;
2021/01/24;1700 UTC;0;927,1;927,4;926,9;1233,7;23,7;21,3;28,1;23,7;22,4;17,3;87;53;86;144;8,4;3,5;
2021/01/24;1800 UTC;4,2;927,3;927,5;927;149;21;20,5;23,8;21;21,4;20;97;86;97;171;9,2;3,2;
2021/01/24;1900 UTC;,2;926,7;927,3;926,7;238,3;21,5;20,9;21,7;21;21,2;20,3;97;96;96;151;6,4;2,9;
2021/01/24;2000 UTC;0;926,6;927,1;926,6;497,1;22,5;21;22,6;21,4;21,6;20,7;97;92;92;162;6,3;2,6;
2021/01/24;2100 UTC;0;926,1;926,7;926,1;495;22,3;20,7;22,6;22,1;21,2;20,4;93;89;91;162;5,7;2,8;
2021/01/24;2200 UTC;0;927,2;927,2;926;95,6;21,7;20,1;22,3;21,7;20,8;20;91;88;91;121;6,5;2,7;
2021/01/24;2300 UTC;0;926,9;927,2;926,9;;21,4;20,2;21,7;21,3;20,3;20,1;94;91;93;157;5,8;2;
2021/01/25;0000 UTC;0;927,5;927,8;926,9;;21;19,8;21,4;21;20,3;19,8;94;91;92;125;4,3;1,7;
2021/01/25;0100 UTC;0;927,1;927,5;927,1;;20,6;19,8;21,1;20,6;19,8;19,5;95;91;95;122;4,6;1,4;
2021/01/25;0200 UTC;0;927,4;927,5;927,1;;20,4;19,7;20,6;20,2;19,7;19,4;96;94;96;32;2,9;,7;
2021/01/25;0300 UTC;0;926,6;927,4;926,5;;20,9;19,7;20,9;20,4;19,9;19,4;96;92;93;115;3;1,2;
2021/01/25;0400 UTC;0;926,1;926,6;926,1;;20,7;19,1;20,9;20,6;19,8;19,1;94;90;91;20;3,2;,9;
2021/01/25;0500 UTC;0;925,5;926,1;925,5;;20,2;19,2;20,7;20,2;19,4;19,1;95;91;94;3;2,6;,4;
2021/01/25;0600 UTC;0;925,1;925,6;925,1;;19,4;18,9;20,2;19,4;19,3;18,9;97;94;97;72;1,5;,6;
2021/01/25;0700 UTC;0;924,8;925,2;924,8;;19,5;19;19,9;19,4;19,1;18,8;97;94;97;89;2;,9;
2021/01/25;0800 UTC;0;924,9;924,9;924,8;;19,5;18,9;19,7;19,4;19,1;18,9;97;95;96;95;1,9;,4;
2021/01/25;0900 UTC;0;925,5;925,5;924,9;12;19,7;18,8;19,7;19,4;19;18,6;96;95;95;23;2,2;,8;
2021/01/25;1000 UTC;0;925,9;925,9;925,4;293,8;20,7;19,1;20,8;19,7;19,5;18,8;95;90;90;27;3,8;1,2;
2021/01/25;1100 UTC;0;926,2;926,2;925,9;717,2;22,3;19,4;22,4;20,6;19,8;18,9;91;84;84;349;4,1;1,4;
2021/01/25;1200 UTC;0;926,5;926,5;926,2;1985,6;25;19,4;25,3;22,1;20,1;18,7;85;68;71;354;5,1;1,9;
2021/01/25;1300 UTC;0;926,5;926,6;926,4;2672,5;27,2;18,6;27,5;25;20,1;18,5;72;59;60;353;6;2,2;
2021/01/25;1400 UTC;0;926,1;926,5;926,1;3148,2;28,7;18,6;28,9;27;19,9;18,2;61;53;54;335;7;3;
2021/01/25;1500 UTC;0;925,7;926,1;925,7;3723,8;30,3;19,2;31,1;28,7;21,3;17,6;59;47;52;311;7,4;2,7;
2021/01/25;1600 UTC;0;925;925,7;925;3562,7;31,7;19,6;31,8;30,1;21,3;18;58;44;49;310;6,9;1,9;
2021/01/25;1700 UTC;0;924,4;925;924,4;3290,3;31,4;17,8;32,2;30,3;20,2;17,8;54;42;44;308;6,2;2,2;
2021/01/25;1800 UTC;0;924;924,5;923,9;1344,7;29,3;19;32,1;28,7;21,2;17,3;64;41;54;292;6,2;1,1;
2021/01/25;1900 UTC;0;923,8;924,2;923,7;553,9;24,6;21,9;29,6;24,6;22,7;17,1;89;48;85;141;6,8;2,8;
2021/01/25;2000 UTC;3,2;924,9;924,9;923,7;348,7;22,5;21,9;24,7;22,5;22,2;21,4;96;84;96;200;8,3;3,7;
2021/01/25;2100 UTC;13,8;924,3;925,1;924;110,2;21,9;21,2;22,5;18,9;21,9;17,4;98;87;96;167;8,4;2;
2021/01/25;2200 UTC;,2;925,4;925,4;924,3;44,5;21,8;20,8;22;21,7;21,5;20,7;97;94;94;165;8;3;
2021/01/25;2300 UTC;0;925,6;925,7;925,4;1,4;21,8;21,2;21,9;21,7;21,3;20,7;97;94;97;170;6,2;1,7;
2021/01/26;0000 UTC;4;926,8;926,8;925,6;0;20,2;19,7;21,8;20,2;21,3;19,7;97;92;97;346;7;2,8;
2021/01/26;0100 UTC;5,2;926,6;927;926,5;;19,8;19,3;20,2;19,3;19,7;19;98;97;97;142;7,2;2,2;
2021/01/26;0200 UTC;0;927,2;927,2;926,6;;19,6;19;20,2;19,6;19,7;19;97;96;97;236;4,8;,4;
2021/01/26;0300 UTC;6,4;927,5;928;927,2;;19,6;19,1;20,3;19,5;19,9;19,1;98;96;97;278;5,7;1,5;
2021/01/26;0400 UTC;1,8;927,1;927,7;927,1;;19,3;18,9;19,6;19,1;19,1;18,8;98;97;98;88;4,6;1,1;
2021/01/26;0500 UTC;0;925,8;927,1;925,8;;19;18,6;19,4;19;19,1;18,5;98;97;98;174;2,2;,6;
2021/01/26;0600 UTC;0;925,7;925,9;925,7;;19,1;18,8;19,3;19;19,1;18,7;98;98;98;298;2,2;,4;
2021/01/26;0700 UTC;0;925,2;925,7;925,1;;19;18,7;19,1;18,9;18,8;18,6;98;98;98;355;1,7;,6;
2021/01/26;0800 UTC;0;925,3;925,3;924,9;;19,4;19,1;19,5;18,9;19,2;18,6;98;98;98;326;2;,7;
2021/01/26;0900 UTC;0;925,4;925,4;925,2;2;19,5;19,3;19,5;19,4;19,3;19,1;98;98;98;345;2;,7;
2021/01/26;1000 UTC;0;925,8;925,8;925,4;178,9;20,5;20,2;20,5;19,5;20,2;19,2;98;98;98;10;1,9;,7;
2021/01/26;1100 UTC;0;926,4;926,4;925,8;764,2;22,3;20,1;22,3;20,5;20,9;19,9;98;88;88;351;4,6;1,3;
2021/01/26;1200 UTC;0;926,7;926,8;926,4;1626,6;24,6;20;24,8;22,3;21,2;19,8;89;76;76;2;4,6;2,1;
2021/01/26;1300 UTC;0;926,9;926,9;926,7;1285,7;24,5;19,7;25,3;24,4;21,2;19;79;71;75;8;5,3;1,4;
2021/01/26;1400 UTC;0;926,7;927;926,7;1898,9;26,9;20,7;26,9;24,5;21,2;19,3;75;66;69;27;5,2;1,6;
2021/01/26;1500 UTC;0;926,4;926,7;926,4;2345,4;28,4;19,9;28,4;26,7;20,7;18,7;69;56;60;330;6,5;2,5;
2021/01/26;1600 UTC;,2;925,8;926,4;925,8;3246,6;29,9;20,5;29,9;28,3;20,5;18,4;62;54;57;347;7,3;1,8;
2021/01/26;1700 UTC;0;925,4;925,8;925,3;2038,9;28,4;;30,5;28,4;21,4;19,1;64;52;;326;5,9;1,7;
2021/01/26;1800 UTC;1,6;925,2;925,8;925,1;1281,5;27,9;20,1;28,4;23,6;24,7;19,6;95;58;63;8;5,8;,6;
2021/01/26;1900 UTC;0;924,5;925,2;924,3;1570,6;29,1;21,1;29,6;27,2;24,6;20,2;85;57;62;268;3,6;,9;
2021/01/26;2000 UTC;0;924,5;924,8;924,5;743,8;24,2;20,1;29,5;24,2;22,5;18,6;79;56;78;149;5,6;3,1;
2021/01/26;2100 UTC;0;925,1;925,4;924,5;662,9;24;19,5;24,5;23,9;20,9;19,4;81;76;76;100;6,1;2,4;
2021/01/26;2200 UTC;0;925,3;925,3;925;236,9;22,8;19,9;24,4;22,7;20;17,5;84;65;84;168;6,1;1,7;
2021/01/26;2300 UTC;0;925,7;925,8;925,2;;21,9;20,7;22,8;21,9;20,7;20,1;93;84;93;115;3,4;,6;
2021/01/27;0000 UTC;0;925,9;926,1;925,6;;21,9;19,5;22,2;21,6;20,7;19,5;93;86;86;37;2,5;,8;
2021/01/27;0100 UTC;0;926;926,1;925,8;;22,2;19,5;22,6;21,9;19,7;18,7;86;79;85;132;2,5;,3;
2021/01/27;0200 UTC;0;926,3;926,3;926;;22,7;19,9;22,7;22,1;19,9;19,5;86;83;84;14;2,1;,7;
2021/01/27;0300 UTC;0;926,4;926,4;926,3;;22;19,5;22,8;21,9;20,1;19,5;88;84;86;321;2,1;,6;
2021/01/27;0400 UTC;0;925,7;926,4;925,7;;22,2;19,1;22,2;21,5;19,8;19,1;90;83;83;359;1,9;1,2;
2021/01/27;0500 UTC;0;925,1;925,7;925,1;;22,1;18,8;22,2;21,8;19,2;18,7;84;81;82;350;2,1;1,2;
2021/01/27;0600 UTC;0;924,9;925,1;924,9;;21,5;18,2;22,1;21,4;19;18,2;86;81;81;28;2;1;
2021/01/27;0700 UTC;0;924,5;924,9;924,5;;21,4;18,6;21,7;21,3;18,9;18,2;86;81;84;7;3,1;1,3;
2021/01/27;0800 UTC;0;924,6;924,6;924,5;;21,3;18,2;21,6;20,9;18,6;18,1;85;81;83;8;3,3;1,3;
2021/01/27;0900 UTC;0;925,2;925,2;924,6;7,8;21,5;18,1;21,5;21,2;18,2;18;83;81;81;348;3,3;1,4;
2021/01/27;1000 UTC;0;925,9;925,9;925,2;261;22,7;18,4;22,7;21,4;18,6;18,1;82;77;77;343;3,4;1,5;
2021/01/27;1100 UTC;0;926,5;926,5;925,9;1122,6;25,6;18,8;25,7;22,6;19,4;18,3;79;66;66;343;5,6;2,3;
2021/01/27;1200 UTC;0;927;927;926,5;2041,3;27;18,8;27,3;25,6;19,8;18,6;67;60;61;330;7,2;2,8;
2021/01/27;1300 UTC;0;926,6;927;926,6;2718;28,7;19,8;28,7;27;20;18,7;65;56;59;333;9;3,1;
2021/01/27;1400 UTC;0;926,7;926,8;926,6;2590,1;29,6;20,2;29,6;28;20,8;18,8;62;55;57;324;11,3;2,9;
2021/01/27;1500 UTC;0;926,2;926,7;926;3157,2;29,8;19,9;30,4;29,1;21,3;19;60;53;56;319;9,6;3,4;
2021/01/27;1600 UTC;0;925,3;926,2;925,3;2832,8;29,9;19,3;31,2;29,4;21,3;19,2;60;50;53;329;9,2;2,9;
2021/01/27;1700 UTC;0;924,4;925,3;924,4;3001,1;30,6;19,2;32;29,1;21,2;18,8;58;48;51;337;8,1;2,9;
2021/01/27;1800 UTC;0;923,6;924,5;923,6;2526,1;32,4;20,3;32,4;29,6;21;18,6;54;48;49;312;8,2;3,1;
2021/01/27;1900 UTC;0;922,9;923,6;922,8;1674,8;30,2;19;32,4;29,8;20,2;18;53;46;51;339;8,2;2,7;
2021/01/27;2000 UTC;0;922,3;922,9;922,3;1219,2;29,7;19,2;31;29,7;20,4;18,2;57;48;53;327;7,3;1,7;
2021/01/27;2100 UTC;0;922,3;922,4;922,3;621,6;28,8;18,7;30,1;28,7;19,8;18,1;55;51;55;322;5,6;1,6;
2021/01/27;2200 UTC;0;923;923;922,3;80,7;26,6;18,5;28,8;26,6;19,3;18;61;52;61;316;4,6;,5;
2021/01/27;2300 UTC;0;923,8;923,8;923;;26,4;19;26,6;25,9;19,4;18,2;66;60;64;265;3;,5;
2021/01/28;0000 UTC;0;924,5;924,6;923,8;;25,3;20,1;26,7;25,3;20,2;19;73;64;73;267;3;,6;
2021/01/28;0100 UTC;0;924,8;924,8;924,5;;24,2;19,8;25,3;24,2;20,5;19,8;79;73;76;285;2,1;,8;
2021/01/28;0200 UTC;0;925;925,1;924,7;;23,9;19,7;24,2;23,8;20,1;19,7;79;76;77;272;2,6;,7;
2021/01/28;0300 UTC;0;924,5;925;924,5;;23,1;19,5;23,9;23,1;19,8;19,3;81;76;80;66;2,6;,4;
2021/01/28;0400 UTC;0;924,3;924,5;924,3;;23,6;20,7;23,9;23,1;21,1;19,5;87;80;84;322;1,6;,6;
2021/01/28;0500 UTC;0;923,8;924,3;923,8;;22,6;20,4;23,6;22,6;20,8;20;88;81;87;102;1,4;,5;
2021/01/28;0600 UTC;0;924,8;924,8;923,8;;22,6;20,9;23,1;22,4;21,1;20,4;92;87;90;317;4,9;1,7;
2021/01/28;0700 UTC;9,4;925,3;926;924,8;;18,7;18,2;23,1;18,7;20,9;17,7;97;76;97;63;14,2;,8;
2021/01/28;0800 UTC;,6;923,2;925,3;923,1;;19;17,6;19,5;18,4;18,8;17,3;98;88;91;7;6,6;2,3;
2021/01/28;0900 UTC;0;924,4;924,4;923,2;5,2;19,5;17,6;19,5;18,8;18,1;17,1;94;86;89;344;5,9;1,4;
2021/01/28;1000 UTC;0;925,3;925,3;924,3;186,9;20,2;18,6;20,3;19,3;19;17,4;97;87;91;331;3,6;1,1;
2021/01/28;1100 UTC;0;925,7;925,7;925,2;816,4;23,5;19,2;23,5;20,2;20,3;18,4;93;75;77;316;3,2;1,3;
2021/01/28;1200 UTC;0;926,1;926,1;925,7;1561,9;24,3;19,9;24,8;23,4;20,5;18,7;80;71;77;312;6,8;2,2;
2021/01/28;1300 UTC;,2;926,1;926,2;926,1;2029,6;25,8;19,4;25,8;23,7;20;18,3;79;65;68;333;6,8;2,2;
2021/01/28;1400 UTC;0;925,7;926,1;925,7;3514,6;27,5;18,8;27,7;25,8;20,6;18,3;68;58;59;336;7,2;3,1;
2021/01/28;1500 UTC;0;925,3;925,7;925,3;3396,7;28,8;19,4;28,9;27,5;20,4;18,8;63;56;57;330;7,1;3,2;
2021/01/28;1600 UTC;0;924,9;925,3;924,9;3357;29,7;18,7;30,7;28,8;20,9;18,5;61;51;52;347;8,9;2,4;
2021/01/28;1700 UTC;0;924,5;924,9;924,5;2790,6;30,1;21;31,1;29,2;21;18,4;58;50;58;333;6,9;2,2;
2021/01/28;1800 UTC;0;923,7;924,5;923,7;2107,4;28,7;19;31,6;28,7;21,5;18,4;59;49;56;331;6,7;2,4;
2021/01/28;1900 UTC;0;922,6;923,7;922,6;2197,8;31,3;19,4;31,6;28,7;20,7;17,8;61;46;49;333;6;1,7;
2021/01/28;2000 UTC;0;922,4;922,6;922,4;941,3;29;19,3;31,4;28,8;19,7;17,8;58;47;56;322;6;2;
2021/01/28;2100 UTC;0;923,2;923,2;922,4;259,9;24,6;17,3;29;24,6;20,2;17;64;53;64;296;9,8;2,7;
2021/01/28;2200 UTC;0;923,8;923,8;922,9;50,3;22,8;17,5;24,6;22,8;17,6;16,6;73;64;72;162;7,6;,7;
2021/01/28;2300 UTC;0;924,2;924,3;923,8;;23,3;17,4;23,3;22,3;17,9;16,5;76;67;70;110;3,5;1,3;
2021/01/29;0000 UTC;0;924,7;924,7;924,1;;22,9;18,2;23,4;22,8;18,7;17,5;77;70;75;130;2,9;,4;
2021/01/29;0100 UTC;0;925,1;925,1;924,7;;23,2;19,1;23,2;22,7;19,1;18,2;78;75;78;;1;,1;
2021/01/29;0200 UTC;0;925,4;925,4;925,1;;22,9;18,8;23,3;22,9;20;18,3;83;74;78;356;1,3;,4;
2021/01/29;0300 UTC;0;925,2;925,4;925,2;;22,7;19,2;22,9;22,4;20,1;18,3;86;77;80;303;,8;,4;
2021/01/29;0400 UTC;0;924,5;925,2;924,5;;22,7;19,7;22,8;22,5;19,9;19,1;85;80;83;301;1;,4;
2021/01/29;0500 UTC;0;924,1;924,5;924,1;;22,4;20,3;22,6;22,3;20,4;19,7;89;84;88;296;1,5;,4;
2021/01/29;0600 UTC;0;924,1;924,1;924;;21,8;20,3;22,4;21,8;20,4;20,1;91;88;91;283;1,4;,5;
2021/01/29;0700 UTC;0;924;924,1;923,9;;21,4;20;21,8;21,4;20,3;20;92;90;92;278;1,3;,3;
2021/01/29;0800 UTC;0;924,1;924,1;924;;21,3;18,7;21,6;21,1;20;18,7;92;84;85;319;1,1;,6;
2021/01/29;0900 UTC;0;924,9;924,9;924,1;8;22,1;19,6;22,1;21,2;19,6;18,7;87;84;86;287;3,2;1;
2021/01/29;1000 UTC;0;925,5;925,5;924,8;258,8;23;20,3;23;21,5;20,5;19,1;89;83;85;304;3,2;,8;
2021/01/29;1100 UTC;0;926;926;925,5;685;24,1;19,7;24,3;22,8;20,5;19,2;85;76;77;290;5,4;1,1;
2021/01/29;1200 UTC;0;926,3;926,3;926;1017;25,2;19,6;25,3;23,8;20,6;19;80;71;71;304;5,4;1,1;
2021/01/29;1300 UTC;0;926;926,4;926;1826,1;26,9;20,5;26,9;24,7;20,6;18,9;76;64;68;338;4,1;1,6;
2021/01/29;1400 UTC;0;925,6;926,1;925,6;2990,6;28,8;;29,5;26,8;21,1;18,9;68;54;;324;6;2,1;
2021/01/29;1500 UTC;0;925,4;925,6;925,4;2097;28,8;19,2;29,7;28,5;21;17,6;61;48;56;308;6,6;2,1;
2021/01/29;1600 UTC;0;925,1;925,4;925,1;1916,2;29,2;19,5;29,6;28,5;20,1;18,2;60;52;56;316;6,3;1,9;
2021/01/29;1700 UTC;0;924,6;925,1;924,6;1463,7;28,9;;29,8;28,6;20,3;18,6;60;52;;331;6,5;1,6;
2021/01/29;1800 UTC;0;923,9;924,6;923,9;2973,9;32,2;19,1;32,3;28,9;21,2;15,8;60;39;46;319;8;2,1;
2021/01/29;1900 UTC;0;923,4;923,9;923,4;1514,9;29,7;18;32,3;29,2;19,1;17;52;43;50;320;6,5;1,8;
2021/01/29;2000 UTC;0;922,9;923,4;922,9;1090,7;30,5;18,7;31,8;28,5;20,2;16,9;61;42;49;297;6;1,4;
2021/01/29;2100 UTC;0;923,1;923,1;922,8;481,4;28,9;16,4;30,6;28,8;18,3;16;51;43;47;345;6,1;1,9;
2021/01/29;2200 UTC;0;923,7;923,7;923,1;79,5;26,4;16,3;28,9;26,4;16,9;15,6;54;46;54;314;5,5;1;
2021/01/29;2300 UTC;0;924,7;924,7;923,7;;25,9;17,9;26,7;25,7;17,9;16,2;62;53;62;264;4,2;,8;
2021/01/30;0000 UTC;0;925,3;925,3;924,7;;24,6;18,6;26,1;24,6;18,6;17,9;69;61;69;170;3,1;,9;
2021/01/30;0100 UTC;0;926,1;926,1;925,3;;24,2;21,2;24,6;23,8;21,2;18,5;84;69;84;195;2,3;1,3;
2021/01/30;0200 UTC;0;926,5;926,5;926,1;;23,2;22,2;24,3;23,2;22,4;21,1;95;83;94;160;2,3;1,1;
2021/01/30;0300 UTC;0;926,3;926,5;926,3;;22,8;22,4;23,2;22,8;22,4;22,1;97;94;97;113;2,4;,6;
2021/01/30;0400 UTC;0;926,2;926,3;926,2;;22,5;22;22,9;22,5;22,6;22;98;97;97;272;2,1;,5;
2021/01/30;0500 UTC;0;926;926,2;925,9;;22,2;20,9;22,5;21,9;22;20,9;97;92;92;258;2,1;,7;
2021/01/30;0600 UTC;0;925,7;926;925,7;;21,8;19,9;22,2;21,8;20,8;19,9;93;88;89;356;2,8;,5;
2021/01/30;0700 UTC;0;925,7;925,7;925,5;;21,4;19,9;21,9;21,2;20;19,9;92;88;91;243;1,7;,5;
2021/01/30;0800 UTC;0;926;926;925,7;;21;20,1;21,7;21;20,1;19,7;95;90;95;292;2,4;,3;
2021/01/30;0900 UTC;0;926,4;926,4;926;6,6;20,8;20,3;21;20,7;20,3;20;97;95;97;5;1,6;,8;
2021/01/30;1000 UTC;0;926,7;926,7;926,4;240,6;22,5;20,9;22,5;20,8;20,9;20,3;97;88;90;29;1,2;,7;
2021/01/30;1100 UTC;0;927,1;927,1;926,6;1165,9;26,1;21,3;26,1;22,5;21,7;20,1;91;74;75;324;2,1;,9;
2021/01/30;1200 UTC;0;927,4;927,4;927;1830,6;27,1;20,1;27,5;25,5;21,6;20;76;65;66;333;2,6;1;
2021/01/30;1300 UTC;0;927,1;927,4;927,1;2845,1;29,7;18,1;30;26,9;21,7;18,1;69;50;50;347;5,2;1,4;
2021/01/30;1400 UTC;0;926,7;927,1;926,6;3256,1;30,9;16,8;31;29,3;19,4;16,4;55;43;43;328;6,5;2,8;
2021/01/30;1500 UTC;0;926,2;926,7;926,2;3652;32,2;17,4;32,5;30,4;18,8;15,6;48;38;41;337;7,6;2,7;
2021/01/30;1600 UTC;0;925,8;926,2;925,8;3454,9;32,1;17,5;32,8;30,9;18,6;15,7;47;37;42;314;7,6;1,7;
2021/01/30;1700 UTC;0;925,2;925,8;925,2;2195,3;30,4;18,1;33,6;30,3;20;15,5;51;37;48;336;6,7;1,3;
2021/01/30;1800 UTC;0;924,7;925,2;924,7;1944,9;33,5;17,1;33,5;30;19,6;16;52;38;38;300;5,6;2,1;
2021/01/30;1900 UTC;0;924,4;924,7;924,4;2593,4;33,2;16;33,8;32,5;18,6;15,5;45;33;36;307;6,3;1,4;
2021/01/30;2000 UTC;0;924,6;924,7;924,4;1333,9;28;22,9;33,3;27,8;23,5;15;77;35;74;148;6,9;3,1;
2021/01/30;2100 UTC;0;925,1;925,2;924,6;538,3;26,2;22,5;28,1;26,2;23,1;22,3;80;71;80;147;7,3;2,4;
2021/01/30;2200 UTC;0;925,5;925,5;925,1;86,2;25,2;22,6;26,2;25,2;22,6;22;86;79;86;144;6,6;2,9;
2021/01/30;2300 UTC;0;925,8;925,8;925,5;;24,3;20,7;25,2;24,3;22,7;20,6;88;80;80;139;5,6;1,6;
2021/01/31;0000 UTC;0;926,5;926,5;925,8;;23,6;20,3;24,3;23,6;20,7;19,5;83;75;82;169;4,6;1,6;
2021/01/31;0100 UTC;0;927,3;927,3;926,5;;23;20,5;23,6;23;20,6;20,1;86;81;86;177;3,2;,7;
2021/01/31;0200 UTC;0;927,4;927,4;927,2;;22,5;20,8;23;22,2;20,9;20,4;91;86;91;215;1,8;,5;
2021/01/31;0300 UTC;0;927;927,5;927;;22,3;20,9;22,8;22,2;20,9;20,5;92;87;92;232;1,5;,5;
2021/01/31;0400 UTC;0;926,4;927;926,4;;22,2;20,4;22,3;21,9;20,9;20,4;93;90;90;210;1,2;,3;
2021/01/31;0500 UTC;0;925,9;926,4;925,9;;21,8;20,6;22,2;21,7;20,6;20,3;93;90;93;185;,8;,3;
2021/01/31;0600 UTC;0;925,6;925,9;925,6;;21,6;19,8;21,9;21,5;20,7;19,8;93;90;90;252;1,2;,3;
2021/01/31;0700 UTC;0;925,6;925,6;925,5;;21,3;18,9;21,8;21,1;19,8;18,8;90;84;86;155;1,8;,2;
2021/01/31;0800 UTC;0;925,7;925,7;925,6;;21,3;18,7;21,5;20,9;19,5;18,5;89;84;85;216;1,1;,5;
2021/01/31;0900 UTC;0;926,2;926,2;925,7;1,3;21,2;18,8;21,7;21,2;18,9;18,3;86;81;86;177;1,6;,3;
2021/01/31;1000 UTC;0;926,2;926,3;926,2;228,4;23,2;19,8;23,2;21;20;18,7;87;81;82;324;1,5;,7;
2021/01/31;1100 UTC;0;926,3;926,3;926,2;1359,5;25,8;19,2;26,1;23,2;20,5;18,8;82;67;67;330;2,2;1,2;
2021/01/31;1200 UTC;0;926,6;926,6;926,3;2070,7;28,4;20,3;28,7;25,8;21,3;18,7;68;58;62;321;4;1,7;
2021/01/31;1300 UTC;0;926,6;926,7;926,6;2736,7;29,4;20,3;29,6;28,2;21,2;19,5;65;57;58;334;5,3;1,9;
2021/01/31;1400 UTC;0;926,6;926,7;926,5;2924,1;30,2;18,7;30,6;28,8;21,9;18,5;61;50;51;340;5,7;2,5;
2021/01/31;1500 UTC;0;926;926,6;926;2626,1;31,2;21,3;32;30;22,5;19;60;50;56;292;5,2;1,9;
2021/01/31;1600 UTC;0;925,7;926,1;925,7;1447,4;28,9;21;31,3;28,4;21,3;20,1;63;52;62;267;5,8;1,5;
2021/01/31;1700 UTC;0;924,9;925,7;924,9;2412,1;31;21;31;28,7;22,8;20,5;67;55;55;294;6,3;1,7;
2021/01/31;1800 UTC;0;924,4;924,9;924,4;2244;30,9;20,1;32,3;30,9;22,6;19,8;57;50;53;265;5,8;1,4;
2021/01/31;1900 UTC;0;923,8;924,4;923,8;1278,8;30,5;20,3;31,3;30,4;21,3;19,2;58;49;55;272;4,8;1;
2021/01/31;2000 UTC;0;923,7;923,8;923,5;537,1;27,6;21;30,6;27,6;21,2;18,5;68;50;67;163;3,4;1,7;
2021/01/31;2100 UTC;0;923,8;923,8;923,7;183,9;26,2;20,8;27,6;26,2;21,5;20,5;73;67;72;150;4,3;1,6;
2021/01/31;2200 UTC;0;924,7;924,7;923,8;26,8;25,5;20,8;26,2;25,5;21,6;20,7;79;72;75;128;3,2;,7;
2021/01/31;2300 UTC;0;925,3;925,3;924,7;;25,7;20,5;25,7;25,3;21,6;20,4;79;73;73;205;1,9;1,1;
2021/02/01;0000 UTC;0;926,1;926,1;925,3;;25,1;21;26,9;25,1;21;19,1;78;62;78;267;5,5;1,1;
2021/02/01;0100 UTC;0;926,7;926,7;926,1;;24;20,4;25;23,5;21,8;20;89;77;80;207;4,2;,7;
2021/02/01;0200 UTC;0;927,1;927,4;926,7;;23,7;19,5;24,9;23,6;20,6;19,3;80;72;77;286;3,9;,5;
2021/02/01;0300 UTC;0;926,5;927,1;926,5;;23;19,3;24,1;23;20,6;19;86;74;80;35;3,9;1,7;
2021/02/01;0400 UTC;0;926,1;926,5;926,1;;22,4;18,9;23;22,4;19,3;18,8;82;78;81;17;4,1;1,8;
2021/02/01;0500 UTC;0;925,2;926,1;925,2;;22,1;19,6;22,4;22,1;19,6;18,8;86;81;86;39;4,7;1,5;
2021/02/01;0600 UTC;0;925,1;925,3;925;;21,9;19,3;22,2;21,9;19,8;19,2;87;84;86;33;4,4;1,7;
2021/02/01;0700 UTC;0;924,4;925,1;924,4;;21,4;18,2;21,9;21,3;19,3;18,2;87;82;82;23;4,7;2,1;
2021/02/01;0800 UTC;0;924,8;924,8;924,3;;21,7;17,8;21,8;21,3;18,6;17,6;84;78;78;28;5,6;1,6;
2021/02/01;0900 UTC;0;925,4;925,4;924,8;,7;21,4;17,5;21,7;21,2;17,8;17,5;81;77;79;4;4,6;1,7;
2021/02/01;1000 UTC;0;926;926,1;925,4;171,6;21,8;18,2;21,8;21,3;18,3;17,6;81;78;80;17;4,8;1,5;
2021/02/01;1100 UTC;0;926,5;926,5;926;668,4;23,2;18,4;23,4;21,8;19,2;17,9;80;73;75;53;3,8;1,5;
2021/02/01;1200 UTC;0;926,7;926,7;926,4;1544,1;24,5;19,1;25,4;23,2;19,3;18,1;76;67;72;36;4,9;2;
2021/02/01;1300 UTC;0;926,7;926,8;926,6;1773;26,9;19,1;26,9;24,5;20,4;18,7;74;63;63;43;4,3;1;
2021/02/01;1400 UTC;0;926,2;926,7;926,2;1971,1;28,3;19,5;28,6;26,9;20,2;18,2;65;55;59;66;3,4;1,2;
2021/02/01;1500 UTC;0;925,5;926,2;925,5;2841,3;29,9;18,3;30,4;28,2;20,1;17,3;61;47;50;4;3,4;,6;
2021/02/01;1600 UTC;,2;925,2;925,5;924,9;895,1;24,5;18,9;30;24,5;21;17,4;73;48;71;321;9,2;3,5;
2021/02/01;1700 UTC;0;924,9;925,3;924,8;1327,7;24,8;19;25;23,5;19,9;18;75;67;70;12;9,2;1,6;
2021/02/01;1800 UTC;0;924,5;924,9;924,5;1879,1;24,7;19,7;26,9;24,5;20,8;18,7;77;63;74;113;5,6;2,4;
2021/02/01;1900 UTC;0;924;924,5;924;1270,5;25,5;19,5;25,6;24,2;21;19,3;78;69;69;110;4,3;,8;
2021/02/01;2000 UTC;0;924,1;924,2;924;671,9;25,8;20,2;26;25,5;21,1;19,4;76;68;71;93;2,6;1,2;
2021/02/01;2100 UTC;0;924,3;924,3;924,1;481;26,1;19,6;26,7;25,8;21,2;19,6;73;67;67;32;2,6;1,1;
2021/02/01;2200 UTC;0;924,9;924,9;924,3;44,7;24,4;19,9;26,1;24,4;19,9;19,1;76;66;76;55;4,4;1,1;
2021/02/01;2300 UTC;0;925,1;925,1;924,8;;24,2;20,2;24,4;24,1;20,3;19,8;79;76;78;27;3,7;,9;
2021/02/02;0000 UTC;0;925,4;925,4;925,1;;23,4;19,9;24,3;23,3;20,3;19,8;81;77;80;52;3,4;,9;
2021/02/02;0100 UTC;0;926,1;926,1;925,4;;23,1;19,9;23,5;22,9;20;19,6;83;80;82;26;2,5;,8;
2021/02/02;0200 UTC;0;926,5;926,5;926,1;;22,8;19,3;23,3;22,7;20;19,2;83;79;81;339;2;,8;
2021/02/02;0300 UTC;0;926;926,5;926;;23;19,8;23,1;22,5;19,8;19,2;82;79;82;6;2;,8;
2021/02/02;0400 UTC;0;925,3;926;925,3;;22,6;19,5;23,2;22,6;20,2;19,4;85;80;83;18;2,8;,9;
2021/02/02;0500 UTC;0;925;925,4;925;;21,9;19,1;22,8;21,9;19,6;19,1;86;81;84;37;2,5;,5;
2021/02/02;0600 UTC;0;925;925,1;924,8;;21,8;19,5;21,9;21,1;19,7;19,2;90;84;87;15;1,8;,8;
2021/02/02;0700 UTC;0;925,1;925,1;924,8;;21,3;19,4;21,8;21,2;19,6;19,2;90;86;89;359;1,7;,5;
2021/02/02;0800 UTC;0;925,1;925,2;925;;21,4;19,3;21,7;21,2;19,5;19,1;89;85;88;13;1,5;,7;
2021/02/02;0900 UTC;0;925,8;925,8;925,1;,6;20,4;18,8;21,7;20,4;19,5;18,8;92;87;91;341;1,8;,5;
2021/02/02;1000 UTC;0;926,3;926,3;925,8;315;23,5;19,2;23,5;20,4;19,4;18,5;91;74;77;328;1,6;1;
2021/02/02;1100 UTC;0;926,3;926,5;926,3;1040,9;25,3;19,5;25,4;23,5;20,5;18,6;82;68;70;341;2,7;1,3;
2021/02/02;1200 UTC;0;926,4;926,5;926,2;2029,9;26,9;18,8;27;25,3;20,3;18,5;70;61;61;346;4,7;1,9;
2021/02/02;1300 UTC;0;926,4;926,5;926,3;2723,5;29;19,7;29;26,6;20,3;18,4;64;55;57;321;5,1;1,5;
2021/02/02;1400 UTC;0;925,9;926,4;925,9;2101,1;28,9;18,4;29,9;27,5;21,2;17,7;62;51;53;236;4,3;1;
2021/02/02;1500 UTC;0;925,5;925,9;925,5;2725,5;29,8;19,6;30;27,9;20,5;17,5;62;51;54;99;4,1;2;
2021/02/02;1600 UTC;0;925,3;925,5;925,3;2316,6;28,7;19,8;30,8;28,7;21;18,5;59;50;59;158;4,1;1,1;
2021/02/02;1700 UTC;0;925,3;925,3;925;976,3;26,4;22,4;28,7;25,2;23,3;18,7;85;55;79;179;8,7;2,8;
2021/02/02;1800 UTC;17;925,9;926,1;925,3;242,4;20,4;19,2;26,4;19,7;22,3;18,1;97;74;93;289;9,8;1,9;
2021/02/02;1900 UTC;7,8;925;926;925;178,3;20,6;19,9;20,6;19,9;19,9;18,9;97;93;96;167;5,9;1,5;
2021/02/02;2000 UTC;0;925;925;924,5;636,3;21,4;20;22,4;20,6;21;19,6;96;86;92;137;3,8;1,4;
2021/02/02;2100 UTC;0;926,5;926,5;925;171,6;21,2;20,7;21,5;20,9;20,7;20;97;92;97;256;2,6;,5;
2021/02/02;2200 UTC;0;926,6;926,6;926,1;57;21;19,6;21,2;20,8;20,6;19,4;97;91;92;199;2,7;1,1;
2021/02/02;2300 UTC;0;926,9;926,9;926,6;;20,5;19,1;21,1;20,5;19,6;18,2;92;86;92;228;2,9;,6;
2021/02/03;0000 UTC;0;927,8;927,8;926,9;;20,5;19,6;20,6;19,9;19,6;18,8;96;91;94;332;2,1;1,1;
2021/02/03;0100 UTC;0;928,2;928,2;927,8;;20,3;19,6;20,8;20,1;19,7;19,1;97;90;96;303;2,3;,6;
2021/02/03;0200 UTC;0;928;928,2;928;;21;19,9;21;20,2;19,9;19,5;96;92;94;32;1,7;,5;
2021/02/03;0300 UTC;0;927,4;928;927,4;;20,5;19,7;21,1;20,4;20;19,7;97;93;95;353;1,4;,8;
2021/02/03;0400 UTC;0;926,9;927,4;926,9;;21;20,2;21,1;20,5;20,3;19,6;96;93;95;61;2,1;,9;
2021/02/03;0500 UTC;0;926,7;927;926,7;;20,4;20;21;20,4;20,1;19,9;97;95;97;102;2,1;,4;
2021/02/03;0600 UTC;0;926,3;926,7;926,2;;20,2;19,9;20,6;20,2;20,2;19,8;98;97;98;135;1,6;,6;
2021/02/03;0700 UTC;0;926,2;926,3;925,9;;19,9;19,6;20,5;19,9;20,2;19,6;98;98;98;61;1,9;1,2;
2021/02/03;0800 UTC;0;926,5;926,5;926,1;;19,8;19;20;19,8;19,5;18,9;98;93;95;46;2,9;1,4;
2021/02/03;0900 UTC;0;927;927;926,5;2,5;20,1;19;20,2;19,8;19,1;18,9;95;92;93;1;2,8;1,1;
2021/02/03;1000 UTC;0;927,5;927,5;926,9;367,3;23,2;19,6;23,2;19,9;20,2;19;95;80;80;62;2,2;,6;
2021/02/03;1100 UTC;0;927,6;927,6;927,4;1210;23,7;19;24,3;22,8;20,2;18,8;82;75;75;84;3,1;1,4;
2021/02/03;1200 UTC;0;927,8;927,8;927,6;2060,9;25,2;19,4;26;23,5;21;18,8;82;67;70;45;2,7;1;
2021/02/03;1300 UTC;0;927,5;927,8;927,5;2807,9;26,8;19,7;27;25,1;20,4;18,7;73;62;65;46;3,2;1,6;
2021/02/03;1400 UTC;,2;927;927,4;927;3390,4;28,5;18,9;28,9;26,5;21,5;18;71;54;56;72;4,2;1,9;
2021/02/03;1500 UTC;0;926,8;927;926,7;3738,6;29,4;19,3;29,9;28,2;20,5;17,6;60;49;55;82;4,4;1,6;
2021/02/03;1600 UTC;0;925,8;926,8;925,8;3765,5;30,1;17,9;30,3;29,3;20;17,8;57;48;48;43;4,3;1,5;
2021/02/03;1700 UTC;0;925,6;925,8;925,5;2257,9;29;20,1;30,9;29;20,9;17,2;61;46;59;115;4,2;2,3;
2021/02/03;1800 UTC;0;925,5;925,6;925,3;2060,4;27,6;22,9;30;27,4;23,1;20;76;57;76;129;7,8;3,9;
2021/02/03;1900 UTC;0;925,6;925,7;925,3;2040,3;25,9;22,4;28,4;25,8;23,8;22,2;82;73;81;119;9,5;4,3;
2021/02/03;2000 UTC;0;925,6;925,6;925,2;834,5;25,4;22,4;26,5;25,3;23;22,1;85;79;83;135;9,5;2,8;
2021/02/03;2100 UTC;0;925,6;925,9;925,3;245,6;25;20,5;25,4;24,1;22,3;18,3;85;69;76;140;7,5;2,1;
2021/02/03;2200 UTC;0;925,4;925,7;925,1;100,3;23,8;22;25;23,8;22,4;20,4;90;75;90;136;6,8;2,8;
2021/02/03;2300 UTC;0;925,9;925,9;925,4;;23,4;22;23,8;23,4;22,2;21,8;92;89;92;126;6;2,5;
2021/02/04;0000 UTC;0;927,1;927,1;925,9;;23;21,8;23,4;23;22,2;21,7;93;92;93;90;5,5;1,2;
2021/02/04;0100 UTC;0;927,3;927,5;927,1;;22,7;21,5;23,1;22,7;21,9;21,5;94;92;93;111;2,9;1,1;
2021/02/04;0200 UTC;0;926,7;927,3;926,7;;22,5;21,7;22,7;22,4;21,7;21,5;95;93;95;151;2,7;,7;
2021/02/04;0300 UTC;0;926,3;926,8;926,3;;22,3;21,4;22,5;22;21,7;21,3;97;95;95;55;2;,7;
2021/02/04;0400 UTC;0;925,6;926,3;925,5;;22,5;21;22,8;22,1;21,4;20,9;95;90;91;342;2,5;,8;
2021/02/04;0500 UTC;0;924,8;925,6;924,8;;22,4;21;22,5;21,9;21,2;20,9;95;91;92;354;2,4;1,1;
2021/02/04;0600 UTC;0;924,5;924,8;924,4;;22,4;21,1;22,6;22,3;21,1;20,9;93;91;92;354;2,9;1,1;
2021/02/04;0700 UTC;0;924,1;924,5;924,1;;22;21,2;22,5;21,9;21,2;21;95;91;95;6;2,9;1,3;
2021/02/04;0800 UTC;0;923,7;924,2;923,7;;21,8;21;22,1;21,6;21,2;20,9;97;95;95;26;3,3;1,3;
2021/02/04;0900 UTC;0;924,3;924,3;923,7;1,1;21,7;20,9;21,9;21,6;21;20,8;96;94;95;353;3,8;1,2;
2021/02/04;1000 UTC;0;924,8;924,8;924,3;243;23;21,3;23;21,5;21,6;20,8;96;90;90;319;2,3;1,2;
2021/02/04;1100 UTC;0;925;925;924,8;1227,9;25;20,5;25,3;23;21,8;20,2;90;74;76;327;6,6;2,7;
2021/02/04;1200 UTC;0;924,8;925,1;924,8;1953,8;27;20,5;27;25;21,4;20,1;78;67;68;335;7,4;2,9;
2021/02/04;1300 UTC;0;924,4;924,9;924,4;2310,1;28;21,2;28;26,8;21,5;20,2;70;65;66;337;7,4;3,2;
2021/02/04;1400 UTC;0;924;924,5;923,9;2871,3;30,1;22,2;30,2;28,1;22,8;20,7;69;60;63;314;7,5;2,1;
2021/02/04;1500 UTC;0;923,6;924;923,6;2698,8;30,5;21;31,1;29,8;23,3;20,6;64;55;57;296;8,2;2,6;
2021/02/04;1600 UTC;0;922,9;923,6;922,9;2864,3;30,8;22;32,4;30,5;22,9;20,5;61;53;59;304;8,4;1,8;
2021/02/04;1700 UTC;0;922,1;922,9;922,1;2081,9;31,6;20,6;32,6;29,9;22,8;19,7;61;49;52;298;8,4;2,6;
2021/02/04;1800 UTC;0;921;922,1;920,9;2770,1;32,8;22;33,2;31,2;22,4;20,2;56;49;53;298;9,5;2,3;
2021/02/04;1900 UTC;0;920,1;921;920,1;2176,2;31,7;20,2;33,3;31,4;22,5;19,6;55;48;51;296;10,3;2,3;
2021/02/04;2000 UTC;0;920,5;920,6;920;1375,4;31,3;20,2;32,2;30,8;22,7;19,5;60;49;52;288;10,1;2,3;
2021/02/04;2100 UTC;0;920,6;920,6;920;532;29,2;21;31,3;29,1;21,4;19,8;63;51;62;303;7,1;1,6;
2021/02/04;2200 UTC;0;920,9;921,1;920,6;73,7;27,6;20,1;29,2;27,5;21;19,9;65;59;64;293;6;1,1;
2021/02/04;2300 UTC;0;920,5;920,9;920,5;;26,6;20,7;27,6;26,6;20,8;20;71;63;70;327;4,7;1,4;
2021/02/05;0000 UTC;0;921,4;921,6;920,5;;26,2;20,9;27,3;26,1;21,4;20,7;75;68;72;313;4,5;1,4;
2021/02/05;0100 UTC;0;921,5;921,7;921,3;;26,4;20,7;26,5;25,9;21,2;20,1;75;69;71;329;4,8;1,5;
2021/02/05;0200 UTC;0;921,3;921,6;921,1;;25,3;21,1;26,4;25,3;21,1;20,6;78;71;78;310;4,5;1,4;
2021/02/05;0300 UTC;0;921,5;921,6;921,3;0;23,1;20,9;26,4;23,1;21,3;20,7;88;71;87;177;6,4;2,6;
2021/02/05;0400 UTC;0;921,4;921,6;921,4;;21,9;20,3;23,1;21,9;20,7;20,1;90;87;90;177;6,5;2,1;
2021/02/05;0500 UTC;0;921;921,5;921;;21,7;20,2;22;21,7;20,4;20,1;91;90;91;168;5,7;2,6;
2021/02/05;0600 UTC;2,2;920,4;921;920,2;;21;20,7;21,7;21;20,7;20,2;98;91;98;174;5,7;1,8;
2021/02/05;0700 UTC;6,6;921,1;921,2;920,4;,3;19,5;19;21,1;19,3;20,7;18,8;98;96;97;87;6;,8;
2021/02/05;0800 UTC;,4;920,9;921,1;920,8;;19;18,1;19,6;19;19,1;18,1;97;94;94;176;5;2,1;
2021/02/05;0900 UTC;0;921;921;920,8;2,1;19,3;18,1;19,3;19;18,4;18;95;93;93;175;4,3;1;
2021/02/05;1000 UTC;0;921,4;921,4;921;171,7;19,8;18;19,9;19,1;19,2;17,9;97;89;89;260;3,1;,6;
2021/02/05;1100 UTC;0;921,6;921,6;921,4;488,7;21,1;18,2;21,3;19,7;18,7;17;92;80;83;133;2,4;,7;
2021/02/05;1200 UTC;0;922,1;922,1;921,6;865,6;21,9;18;21,9;20,9;18,8;17,5;86;77;79;166;3;1,4;
2021/02/05;1300 UTC;0;922,2;922,2;921,9;1250,5;23,3;18,5;23,4;21,7;19;17,6;81;72;75;168;3;1,1;
2021/02/05;1400 UTC;0;921,9;922,2;921,9;956,9;23,1;19,3;23,3;22,8;19,9;18;83;73;79;117;3,5;1,9;
2021/02/05;1500 UTC;0;921,2;921,9;921,2;1535,2;23;18,4;24;22,9;19,7;17,9;80;72;75;187;5;2,2;
2021/02/05;1600 UTC;0;920,8;921,3;920,8;1722,3;24,4;19,4;25;22,8;20,6;18;79;69;74;167;5,1;2,2;
2021/02/05;1700 UTC;0;919,8;920,8;919,8;1767,4;24,4;18,8;24,7;23,4;20,1;18,3;79;70;71;126;5,6;2,3;
2021/02/05;1800 UTC;0;919,8;919,9;919,7;1268,2;23,3;19,7;24,9;23,3;20,1;17,7;81;67;80;141;5,9;2,6;
2021/02/05;1900 UTC;,4;919,7;920;919,7;841,9;21,3;19,7;23,3;21;20,6;19,4;95;80;91;155;7,2;3,4;
2021/02/05;2000 UTC;0;920;920;919,7;623,7;20,4;18,9;21,3;20,1;19,7;18,7;93;88;91;145;7,1;3;
2021/02/05;2100 UTC;0;920,2;920,2;920;209,6;20,3;18,8;20,6;20,3;19,2;18,6;92;89;92;144;5,5;2,9;
2021/02/05;2200 UTC;0;920,8;920,8;920,2;80,4;19,2;18,5;20,4;19,2;19,3;18,4;96;91;95;151;6,3;2,9;
2021/02/05;2300 UTC;0;921,7;921,7;920,8;;19,3;18,8;19,4;19,1;18,9;18,5;98;95;97;143;6,3;1,9;
2021/02/06;0000 UTC;,2;922,5;922,5;921,7;;19,3;18,7;19,3;19;18,8;18,3;97;95;96;128;5;1,6;
2021/02/06;0100 UTC;0;922,7;922,8;922,5;;18,9;18,2;19,4;18,9;18,8;18,1;97;95;96;115;3,7;1,1;
2021/02/06;0200 UTC;0;922,5;922,8;922,5;;18,5;17,9;18,9;18,5;18,3;17,9;97;96;96;105;3,3;1,4;
2021/02/06;0300 UTC;0;922,1;922,5;922,1;;18,3;17,6;18,5;18,2;17,9;17,6;96;96;96;120;3,7;1,3;
2021/02/06;0400 UTC;0;921,9;922;921,9;;18,4;17;18,4;18,1;17,7;17;97;92;92;121;4,6;2,1;
2021/02/06;0500 UTC;0;921,5;921,9;921,5;;18,7;17,1;18,7;18,4;17,4;16,7;93;89;91;103;4,8;1,7;
2021/02/06;0600 UTC;0;921,2;921,5;921,2;;18;17,4;18,7;18;17,4;17,1;96;91;96;123;3,4;1,1;
2021/02/06;0700 UTC;0;921,1;921,2;921,1;;18,4;17,6;18,5;18;17,8;17,3;96;94;95;123;3,8;1,8;
2021/02/06;0800 UTC;0;921,2;921,2;921;;17,9;17,1;18,5;17,9;17,6;16,8;95;91;95;111;5;1,2;
2021/02/06;0900 UTC;0;921,7;921,7;921,1;,3;17,6;16,6;18;17,6;17,1;16,6;95;93;94;98;3,6;1,2;
2021/02/06;1000 UTC;0;922,5;922,5;921,7;319;19,6;16,9;19,6;17,6;17,3;16,4;94;84;85;105;4,5;1,2;
2021/02/06;1100 UTC;0;923;923;922,5;1175,2;20,5;16,9;20,5;19,4;17,6;16,6;86;80;80;120;4;2;
2021/02/06;1200 UTC;0;923,5;923,5;923;1922,4;21,8;17,1;21,9;19,9;17,6;16,2;84;72;75;133;5,1;2;
2021/02/06;1300 UTC;0;923,9;923,9;923,5;2957,7;22,2;16,5;22,7;21,2;17,5;15,8;76;66;70;150;5,9;2,7;
2021/02/06;1400 UTC;0;923,8;924,1;923,8;3354,5;23,4;15,5;23,6;21,7;16,6;13,9;70;58;61;158;6,3;3,2;
2021/02/06;1500 UTC;,2;923,6;923,9;923,6;3822,7;24,4;15,8;24,8;23;17,3;14,5;68;54;59;121;5,7;2,2;
2021/02/06;1600 UTC;0;923,1;923,6;923,1;3010,1;23,6;16,7;24,9;23,3;18,3;15,1;67;55;65;130;6,2;2,5;
2021/02/06;1700 UTC;0;922,5;923,1;922,5;2354,4;23,5;17,3;24,8;23,5;18,9;16,2;72;63;68;153;8,3;4,4;
2021/02/06;1800 UTC;0;922,5;922,6;922,3;2263,5;23,4;17,8;24,7;22,8;18,8;17,2;75;66;71;133;10,5;4,1;
2021/02/06;1900 UTC;0;922,8;922,8;922,3;1367,2;21,9;17,4;23,3;21,8;18,6;17,2;80;71;76;151;9,3;4,9;
2021/02/06;2000 UTC;0;922,9;923;922,7;1348,1;21;17,2;22,3;20,9;17,9;16,7;80;74;79;151;10;4,5;
2021/02/06;2100 UTC;0;923,7;923,7;922,9;313;19,5;17,6;21;19,5;17,6;16,8;89;78;89;155;8,3;3,5;
2021/02/06;2200 UTC;,2;924,5;924,5;923,7;57,7;18,9;17,6;19,5;18,8;18,5;17,6;96;89;92;151;8,9;4,6;
2021/02/06;2300 UTC;0;925,3;925,3;924,5;;18,7;17,4;18,9;18,7;17,9;17,4;94;92;92;151;8,9;3,9;
2021/02/07;0000 UTC;0;925,7;925,7;925,2;;18,8;17,5;18,9;18,7;17,7;17,2;93;91;92;142;8,1;2,9;
2021/02/07;0100 UTC;0;926,2;926,2;925,7;;18,8;17,5;18,9;18,7;17,7;17,4;94;91;92;150;6,8;2,9;
2021/02/07;0200 UTC;0;926,2;926,3;926,1;;18,7;17,2;18,9;18,6;17,5;17,2;93;91;91;152;7,2;3,6;
2021/02/07;0300 UTC;0;925,9;926,3;925,9;;18,3;17,2;18,7;18,2;17,9;17,1;96;90;93;158;7,2;2;
2021/02/07;0400 UTC;0;925,4;925,9;925,4;;18,1;16,9;18,4;18,1;17,2;16,8;93;92;93;160;6,4;2,9;
2021/02/07;0500 UTC;0;924,9;925,4;924,9;;17,9;16,9;18,1;17,8;17;16,7;94;92;94;145;6,4;2,6;
2021/02/07;0600 UTC;0;924,6;924,9;924,6;;18,1;16,6;18,2;17,8;16,9;16,5;94;90;91;139;6,4;2,8;
2021/02/07;0700 UTC;,2;924,6;924,6;924,5;;18;16,4;18,1;17,8;17;16,4;95;90;90;155;6,5;3;
2021/02/07;0800 UTC;0;924,8;924,8;924,6;;18,1;16,2;18,2;18;16,8;16,1;92;88;89;128;6,3;2,8;
2021/02/07;0900 UTC;0;925,2;925,2;924,7;,4;18,2;16,5;18,2;18;16,6;16,2;91;89;90;138;5,7;2;
2021/02/07;1000 UTC;0;925,9;925,9;925,2;109,3;18,4;16,9;18,4;18,1;17,1;16,6;93;90;91;116;4,4;1,3;
2021/02/07;1100 UTC;,4;926,3;926,3;925,9;154,1;17,7;17,1;18,5;17,7;17,1;16,7;96;90;96;164;4;2,1;
2021/02/07;1200 UTC;,4;926,7;926,7;926,3;1109,1;19,9;17,9;19,9;17,7;18,4;16,9;97;88;88;131;5,4;2,4;
2021/02/07;1300 UTC;0;926,8;926,8;926,7;2705,8;21,1;17,1;22,1;19,7;18,8;16,2;88;75;78;148;5,5;2,4;
2021/02/07;1400 UTC;0;926,8;927;926,8;2101,4;20,7;17,5;21,3;19,7;17,8;15,9;84;73;82;160;6,9;3,9;
2021/02/07;1500 UTC;0;926,5;926,9;926,5;3525,3;21,8;16,8;22,2;20,3;18,3;16,7;84;73;73;156;7,2;3,6;
2021/02/07;1600 UTC;0;926;926,5;926;3294,8;22,5;18;23,1;21,1;19,3;16,5;80;71;76;136;7,3;2,9;
2021/02/07;1700 UTC;0;925,5;926;925,5;2110,4;22,8;17,9;23,2;21,4;18,9;16,5;77;71;74;145;9,3;3,8;
2021/02/07;1800 UTC;0;925,1;925,5;925,1;2676;21,4;16,8;23,5;21,1;18,3;16,3;78;68;75;135;9,3;4,2;
2021/02/07;1900 UTC;0;925,2;925,3;925,1;1671,7;21,3;16,7;22,2;20,4;17,8;16,1;79;71;75;126;9,3;3,4;
2021/02/07;2000 UTC;0;925,1;925,2;925;1045;19,9;16,2;21,3;19,9;17,3;16;81;75;79;127;9,5;4,2;
2021/02/07;2100 UTC;0;925,5;925,5;925,1;404,4;19,3;16,3;19,9;19,2;16,7;15,9;84;79;83;134;9,8;3,8;
2021/02/07;2200 UTC;0;926,1;926,1;925,5;93,7;18,6;15;19,3;18,6;16;14,8;83;77;80;123;9,5;4,1;
2021/02/07;2300 UTC;0;926,5;926,5;926;;18,6;16,3;18,8;18,5;16,3;15;87;79;86;141;7,8;3,2;
2021/02/08;0000 UTC;0;926,9;926,9;926,5;;18,3;16,5;18,7;18,2;17;16,3;91;86;89;118;7,4;2,4;
2021/02/08;0100 UTC;,2;927,4;927,4;926,9;;18;16,9;18,4;17,8;17,1;16,3;95;88;94;126;6,3;2,7;
2021/02/08;0200 UTC;,2;927;927,4;927;;18,1;16;18,2;17,8;16,8;16;94;87;88;133;8,6;3,5;
2021/02/08;0300 UTC;0;926,8;927;926,8;;18,1;16,5;18,2;18;16,6;16;91;87;90;145;9,2;2,7;
2021/02/08;0400 UTC;0;926,1;926,8;926,1;;18,1;16,6;18,3;18,1;17,1;16,4;93;89;91;116;6,8;2,1;
2021/02/08;0500 UTC;0;925,5;926,1;925,5;;17,8;16,2;18,1;17,7;16,8;16,1;92;90;91;121;5,7;1,9;
2021/02/08;0600 UTC;0;925,2;925,5;925,2;;17,9;16,1;17,9;17,6;16,6;15,7;92;88;89;120;5,9;2,9;
2021/02/08;0700 UTC;0;925;925,2;925;;17,5;15,9;17,9;17,5;16,3;15,5;92;87;90;127;5,9;2,2;
2021/02/08;0800 UTC;0;925,2;925,2;924,9;;17,4;15,8;17,7;17,3;15,8;15,2;91;85;90;133;5,8;2;
2021/02/08;0900 UTC;0;925,8;925,8;925,2;;17,8;16,4;17,8;17,4;16,4;15,8;92;89;92;126;5,2;2,1;
2021/02/08;1000 UTC;0;926,4;926,4;925,8;198;18,5;16,4;18,5;17,8;16,8;16,1;92;87;87;121;6,2;2,9;
2021/02/08;1100 UTC;0;926,9;926,9;926,4;1286,4;20,3;16,6;20,7;18,5;17,5;15,9;88;78;80;134;6,3;3,2;
2021/02/08;1200 UTC;0;927,2;927,2;926,8;1953,6;21,3;15,4;21,4;19,3;16,6;15;81;69;69;119;6,9;3,1;
2021/02/08;1300 UTC;0;927,5;927,5;927,2;2857,2;22,1;15,6;22,3;20,9;16,3;14,4;71;64;66;130;8,4;3,2;
2021/02/08;1400 UTC;0;927,3;927,6;927,3;3273,7;22,7;15,3;23;21,3;17,7;14,6;73;63;63;140;7,1;3,2;
2021/02/08;1500 UTC;0;927;927,3;926,9;3834,9;22,8;16,6;23,2;21,9;17,1;14,7;69;61;68;125;9,2;3,8;
2021/02/08;1600 UTC;0;926,4;927;926,4;3971,7;22,9;16;23,3;22;17,7;15,5;72;64;65;132;9,6;3,7;
2021/02/08;1700 UTC;0;925,8;926,4;925,8;3744;23,4;15,2;23,7;22,3;16,3;14;67;56;60;135;9,1;3,4;
2021/02/08;1800 UTC;0;925,3;925,8;925,3;2677,5;22,1;14,6;23,5;21,9;16,2;14,1;67;57;62;125;9,7;4,6;
2021/02/08;1900 UTC;0;925;925,3;925;2533,6;22,4;15,3;23;21,6;16,3;14,5;68;61;64;133;9,7;3,9;
2021/02/08;2000 UTC;0;925,4;925,4;925;1280,2;20,6;15,3;22,6;20,6;16,3;14,5;72;64;72;122;9,7;4,1;
2021/02/08;2100 UTC;0;925,6;925,6;925,4;461;19,5;15,6;20,6;19,5;15,9;14,7;78;70;78;145;9,2;4,2;
2021/02/08;2200 UTC;0;926,1;926,1;925,6;85;19;15,3;19,6;19;16;15;83;76;79;138;10,1;4,4;
2021/02/08;2300 UTC;0;926,7;926,7;926,1;;18,4;15,8;19;18,4;15,9;15,2;85;79;85;146;8,5;3,9;
2021/02/09;0000 UTC;0;927,4;927,4;926,7;;18,4;16,3;18,5;18,4;16,3;15,5;87;83;87;129;7,9;3,4;
2021/02/09;0100 UTC;0;927,8;927,8;927,4;;17,9;15,8;18,4;17,9;16,2;15,8;89;86;88;127;7,8;3,2;
2021/02/09;0200 UTC;0;927,9;928;927,8;;17,7;15,6;18,1;17,7;16,1;15,6;89;86;88;128;7,1;3;
2021/02/09;0300 UTC;0;927,4;927,9;927,4;;17,8;15,4;17,9;17,7;15,8;15;89;83;86;127;7,1;2,7;
2021/02/09;0400 UTC;0;927;927,4;927;;17,2;15,5;17,8;17,2;15,7;15,4;90;86;90;122;6,5;1,9;
2021/02/09;0500 UTC;0;926,3;927;926,3;;16,9;15,5;17,4;16,9;15,6;15,4;92;88;91;116;5,1;1,8;
2021/02/09;0600 UTC;0;926;926,3;926;;16,7;15,3;17;16,7;15,5;15,3;92;90;92;116;4,1;1,8;
2021/02/09;0700 UTC;0;925,9;926,1;925,9;;16,6;15,6;16,7;16,4;15,6;15,2;94;91;94;133;4,3;1,5;
2021/02/09;0800 UTC;0;926,3;926,3;925,8;;17,2;16;17,2;16,6;16;15,4;94;91;93;123;4,5;1,7;
2021/02/09;0900 UTC;0;926,6;926,6;926,3;;17,1;16,2;17,3;17;16,3;16;95;93;94;151;3,3;,9;
2021/02/09;1000 UTC;0;927,1;927,1;926,6;359,6;18,9;16,2;18,9;17;16,5;16;95;84;84;122;4,6;2,2;
2021/02/09;1100 UTC;0;927,7;927,7;927,1;1209,2;20,3;15,5;20,3;18,8;16,8;15,5;85;74;74;121;5,7;2,4;
2021/02/09;1200 UTC;0;928;928;927,7;1970,7;21,1;16,1;21,4;20,3;16,4;14,9;77;68;73;126;6,2;2,9;
2021/02/09;1300 UTC;0;928,1;928,2;928;2027;22,2;17,3;22,2;20,6;17,3;15,3;76;69;74;138;5,5;2,9;
2021/02/09;1400 UTC;0;928,1;928,2;928,1;3191,4;22,8;16,4;23,4;21,7;17,7;15,7;74;64;67;126;6,7;3;
2021/02/09;1500 UTC;0;927,6;928,1;927,6;3067,8;22,5;15,9;23,6;21,9;17,8;15,5;72;63;66;125;7,2;3,2;
2021/02/09;1600 UTC;0;926,9;927,6;926,9;3874,7;22,9;16,8;23,7;22,1;18,6;16,1;75;65;69;161;8,1;4;
2021/02/09;1700 UTC;0;926,6;926,9;926,6;3030,4;23;17,6;23,5;22,1;18,7;16,2;76;67;71;138;9,9;4,1;
2021/02/09;1800 UTC;0;926,4;926,6;926,4;2538,2;21,4;17,2;23,4;21,4;18,3;16,5;78;66;77;142;8,7;4,5;
2021/02/09;1900 UTC;0;926,3;926,4;926,2;2243,6;21,7;18;22,7;21,1;18,7;17,1;80;75;79;145;9,5;3,5;
2021/02/09;2000 UTC;0;926,4;926,4;926,1;553,6;19,6;16,7;22,1;19,6;18,2;16,7;86;76;83;151;10;4,5;
2021/02/09;2100 UTC;0;926,5;926,6;926,3;473,7;19,6;16;20;19,5;17,2;15,9;85;78;80;144;9;3,8;
2021/02/09;2200 UTC;0;927,5;927,5;926,5;77,9;19;16,5;19,6;19;16,5;15,9;85;79;85;173;7,9;2,9;
2021/02/09;2300 UTC;0;927,9;927,9;927,5;;18,6;16,8;19,1;18,6;16,9;16,4;89;85;89;168;6,5;3,1;
2021/02/10;0000 UTC;0;928;928,1;927,9;;18,8;17,3;18,8;18,4;17,4;16,6;92;89;91;144;5,8;2,3;
2021/02/10;0100 UTC;0;928,4;928,4;928;;19,2;17,8;19,2;18,8;18;17,2;93;90;92;121;6,1;2,4;
2021/02/10;0200 UTC;0;928,6;928,8;928,4;;19,1;17,6;19,3;19,1;18;17,4;92;90;91;128;6,4;2,4;
2021/02/10;0300 UTC;0;928,2;928,6;928,2;;19,1;17,9;19,1;19;17,9;17,4;93;90;93;124;5,5;2;
2021/02/10;0400 UTC;0;927,5;928,2;927,5;;18,5;17,5;19,1;18,5;18,1;17,5;96;93;94;113;5,6;1,8;
2021/02/10;0500 UTC;0;927,1;927,5;926,9;;18,2;17,1;18,6;18,2;17,5;17,1;95;92;93;101;4,1;1,8;
2021/02/10;0600 UTC;0;926,9;927,2;926,9;;17,9;16,7;18,3;17,9;17,2;16,7;94;92;92;110;3,8;1,1;
2021/02/10;0700 UTC;0;926,6;926,9;926,5;;17,7;17;18;17,6;17;16,6;96;92;96;102;3;1,1;
2021/02/10;0800 UTC;0;926,7;926,8;926,6;;17,4;16,7;17,7;17,1;16,9;16,6;97;95;96;108;2,2;,9;
2021/02/10;0900 UTC;0;926,9;927;926,7;;17,9;16,6;17,9;17,3;16,7;16,4;96;92;92;108;3;1,3;
2021/02/10;1000 UTC;0;927,6;927,6;926,9;166,3;18,8;17,3;18,8;17,8;17,3;16,4;93;91;91;130;3,4;1;
2021/02/10;1100 UTC;0;927,7;927,8;927,6;892,1;20,7;17,5;20,7;18,7;17,6;16,5;91;81;82;113;3,2;1,2;
2021/02/10;1200 UTC;0;928,3;928,3;927,7;1792,1;21,8;17,5;22,3;20,7;18,3;16,6;83;73;77;129;4,3;2,1;
2021/02/10;1300 UTC;0;928,3;928,4;928,2;1905,8;22,6;17,4;23,3;21,7;18,4;16,9;77;69;73;123;5,4;2,6;
2021/02/10;1400 UTC;0;928,4;928,5;928,3;2604,7;23,7;18,3;23,8;22,5;18,4;16,9;75;67;72;150;6,5;3,2;
2021/02/10;1500 UTC;0;928;928,5;928;3593,4;23,9;17,3;24,8;23,1;18,8;16,9;74;65;66;148;7,2;3,5;
2021/02/10;1600 UTC;0;927,3;928;927,3;3232;24,1;17,9;24,9;23,6;18,8;16,8;70;64;68;145;8,2;2,7;
2021/02/10;1700 UTC;0;926,7;927,3;926,7;3097,1;24,7;19,1;25,2;23,7;19,8;17,5;74;66;71;146;8,4;3,4;
2021/02/10;1800 UTC;0;926,4;926,7;926,3;3148,5;24;19,1;24,8;23,3;19,8;18,2;77;69;74;137;9,9;3,6;
2021/02/10;1900 UTC;0;926,1;926,4;926,1;1896,3;22,9;18,6;24;22,4;19,2;17,8;80;71;77;134;9,5;4,3;
2021/02/10;2000 UTC;0;926,2;926,3;925,8;622,2;21,1;18,3;22,9;21,1;19,3;18,1;85;77;84;120;10,4;4,2;
2021/02/10;2100 UTC;0;926,9;927,1;926,1;172,7;20,7;18,2;21,4;20,6;18,8;17,9;86;82;86;144;10,4;2,9;
2021/02/10;2200 UTC;0;926,7;927;926,5;57,1;20,4;18,1;20,7;20,4;18,3;17,7;87;84;87;144;7,8;2,4;
2021/02/10;2300 UTC;,6;926,5;926,7;926,4;;19,6;18,5;20,4;19,5;18,8;18,1;94;87;93;162;7;3,7;
2021/02/11;0000 UTC;0;927,8;927,9;926,5;;19,6;18,8;19,8;19,4;18,9;17,7;95;89;95;126;7,3;2,9;
2021/02/11;0100 UTC;0;928,1;928,1;927,6;;19,6;18,5;19,8;19,4;19;18,5;96;93;94;107;7,5;2,8;
2021/02/11;0200 UTC;0;928;928,2;928;;19,7;18,6;19,7;19,5;18,8;18,3;95;93;94;113;7,5;2,7;
2021/02/11;0300 UTC;0;927,7;928,1;927,7;;19,5;19;19,7;19,4;19,1;18,5;97;94;97;125;4,9;1,3;
2021/02/11;0400 UTC;0;927,2;927,7;927,2;;19,5;18,8;19,5;19,2;19;18,5;97;95;96;117;4;1,8;
2021/02/11;0500 UTC;0;926,8;927,2;926,8;;19,4;18,5;19,5;19,3;18,8;18,4;96;95;95;99;4,3;1,8;
2021/02/11;0600 UTC;,2;926,5;926,9;926,5;;19;18,1;19,4;19;18,5;18,1;95;94;95;117;4,2;1,4;
2021/02/11;0700 UTC;0;926,3;926,6;926,3;;18,5;18;19,1;18,5;18,2;17,9;97;95;97;106;3,3;1,1;
2021/02/11;0800 UTC;0;926,4;926,5;926,2;;18,5;17,8;18,6;18,5;18;17,6;97;94;95;124;2,7;,9;
2021/02/11;0900 UTC;0;926,5;926,5;926,3;;18,8;17,6;18,9;18,5;18;17,6;95;93;93;122;3;1,3;
2021/02/11;1000 UTC;0;927;927;926,5;133;19,3;17,9;19,3;18,7;18,2;17,7;95;92;92;116;3,5;1,6;
2021/02/11;1100 UTC;0;927,6;927,6;927;549;20,8;17,4;21;19,3;18,7;17,4;92;81;81;95;4,5;1,7;
2021/02/11;1200 UTC;0;928,1;928,1;927,6;832,3;21,6;18,1;21,7;20,7;18,3;17,4;84;79;80;46;4,7;1,4;
2021/02/11;1300 UTC;0;928,2;928,3;928;2070,7;23,2;18,7;23,2;21,5;18,8;17,6;81;72;76;84;5,1;2;
2021/02/11;1400 UTC;0;927,8;928,2;927,8;2424,1;23,9;18,2;24,2;22,9;19,4;17,7;77;69;71;122;4,1;1,7;
2021/02/11;1500 UTC;0;927,6;927,9;927,6;2272,6;24,3;18,8;24,8;23,9;19,9;18,1;75;68;72;151;4,6;2,7;
2021/02/11;1600 UTC;0;926,7;927,6;926,7;2025,3;24,1;19,7;24,6;24,1;20,4;18,5;78;71;76;141;6,2;3,1;
2021/02/11;1700 UTC;0;926,6;926,8;926,2;1167;22,4;19,5;24,3;22,4;20,2;19,2;84;75;84;119;7,1;3,4;
2021/02/11;1800 UTC;2,4;927,4;927,8;926,6;37,8;18,4;17,3;22,4;18,4;20,1;16,5;93;81;93;102;7,6;1,2;
2021/02/11;1900 UTC;,8;927;927,4;926,6;27,8;18,4;17,7;18,6;18,2;18,1;17,3;97;93;96;204;4,6;1;
2021/02/11;2000 UTC;1,6;927,3;927,3;926,9;125,2;18,6;18;18,7;18,4;18,2;17,7;97;96;96;277;3,8;1,1;
2021/02/11;2100 UTC;1,6;927,5;927,5;927,2;176,2;18,5;18;18,8;18,1;18,3;17,4;97;95;97;155;3,8;1,2;
2021/02/11;2200 UTC;,2;927,1;927,5;927,1;57,9;17,8;17,4;18,5;17,8;17,9;17,4;97;95;97;141;2,1;,6;
2021/02/11;2300 UTC;0;926,8;927,2;926,8;;18,2;17,7;18,2;17,7;17,8;17,4;98;97;97;131;3,3;1,6;
2021/02/12;0000 UTC;0;927,8;927,8;926,7;;18,7;18,2;18,7;18,1;18,2;17,6;98;96;97;68;4,3;,7;
2021/02/12;0100 UTC;0;928,5;928,5;927,8;;18,7;18,3;18,7;18,6;18,3;18,1;98;97;98;103;2,3;1,2;
2021/02/12;0200 UTC;0;927,9;928,5;927,8;;18,6;18,3;18,8;18,5;18,4;18,1;98;97;98;101;2,9;1,3;
2021/02/12;0300 UTC;,2;927,8;928;927,8;;18,9;18,4;18,9;18,5;18,4;18,1;98;97;97;42;2,9;,9;
2021/02/12;0400 UTC;0;926,9;927,8;926,9;;18,9;18;18,9;18,9;18,4;18;97;95;95;63;3,8;1,3;
2021/02/12;0500 UTC;0;926,1;926,9;926,1;;18,8;17,5;18,9;18,7;18,1;17,5;95;92;92;62;3,9;1;
2021/02/12;0600 UTC;0;926;926,3;925,8;;18,8;17,3;18,9;18,7;17,8;17,2;94;90;91;59;4,1;1,2;
2021/02/12;0700 UTC;0;925,7;926;925,5;;18,4;17,2;18,8;18,3;17,5;17,2;94;91;93;61;4,4;,6;
2021/02/12;0800 UTC;0;926;926;925,6;;18,2;17,1;18,5;18,1;17,2;16,9;94;91;93;4;3,2;1,2;
2021/02/12;0900 UTC;0;926,4;926,5;926;;17,9;17,3;18,2;17,6;17,3;17;96;93;96;28;3,2;1,4;
2021/02/12;1000 UTC;0;927;927,1;926,4;131,9;18,8;17,5;18,8;17,9;17,6;17,2;96;92;92;38;2,8;1;
2021/02/12;1100 UTC;0;927,6;927,7;927;597,8;20,1;18,2;20,1;18,8;18,4;17,3;93;88;89;45;3,2;1,3;
2021/02/12;1200 UTC;0;927,9;927,9;927,6;1065,9;21,4;18,5;21,6;20;19;17,7;89;82;83;31;3,3;,9;
2021/02/12;1300 UTC;0;927,8;928;927,8;1434,7;23,2;19,5;23,2;21,3;19,5;17,9;84;77;80;24;2,7;1,1;
2021/02/12;1400 UTC;0;927,5;927,9;927,5;1713,4;23,9;18,7;23,9;22,9;19,4;17,9;80;72;72;58;4;1,8;
2021/02/12;1500 UTC;0;926,9;927,5;926,8;2484,9;24,8;18,4;25,9;23,8;19,9;17,6;76;64;68;22;4,5;1,5;
2021/02/12;1600 UTC;0;926,7;927;926,7;1060,5;24,2;18,1;25,2;24;19;17,6;73;64;69;349;3,7;1,3;
2021/02/12;1700 UTC;0;925,8;926,7;925,8;849,1;24,8;18,4;24,8;23,9;19,7;17,9;78;67;68;13;4,3;1,3;
2021/02/12;1800 UTC;0;925,5;925,8;925,5;1020,5;24,6;18,4;26,4;24,6;20,1;17,8;75;61;68;322;4,1;1;
2021/02/12;1900 UTC;0;924,8;925,5;924,8;496,9;24,2;20,7;25;23,6;21,2;17,9;84;66;81;154;3,2;1,4;
2021/02/12;2000 UTC;0;924,5;924,8;924,5;803,4;23,1;20,8;25,2;23;21,5;20,5;88;78;87;129;4,9;2,5;
2021/02/12;2100 UTC;0;924,5;924,6;924,5;333,5;21,8;19,7;23,4;21,8;21;19,7;89;85;88;145;6,9;3,1;
2021/02/12;2200 UTC;16,8;925,4;925,5;924,5;4,6;19,9;19,6;21,8;19,5;19,8;19,1;98;88;98;152;9;3,2;
2021/02/12;2300 UTC;0;926,1;926,1;925,3;,3;20,2;19,9;20,2;19,7;19,9;19,5;99;98;98;145;6,2;1,4;
2021/02/13;0000 UTC;,4;926,8;926,8;926,1;;19,9;19,5;20,2;19,9;19,9;19,5;98;98;98;95;3,2;1,3;
2021/02/13;0100 UTC;9,8;927,4;927,5;926,8;;19,9;19,6;20,2;19,8;19,8;19,5;98;97;98;156;5,2;1,7;
2021/02/13;0200 UTC;1,2;927,5;927,8;927,4;;19,5;19,2;20;19,3;19,7;19;98;98;98;151;4,7;1,4;
2021/02/13;0300 UTC;,4;927,2;927,6;927,2;;19,2;18,9;19,5;19,2;19,3;18,9;98;98;98;109;4,2;1,6;
2021/02/13;0400 UTC;2,2;926,5;927,2;926,5;;19,2;18,9;19,3;19,1;19;18,8;98;98;98;62;3,9;1,4;
2021/02/13;0500 UTC;,4;925,5;926,5;925,5;;19,5;19,1;19,5;19,1;19,1;18,8;98;97;98;10;3,8;1,6;
2021/02/13;0600 UTC;0;925;925,5;924,9;;19,4;19;19,5;19,4;19,2;19;98;98;98;360;5,1;1,6;
2021/02/13;0700 UTC;0;924,8;925;924,7;;19,4;19,1;19,5;19,4;19,1;19;98;97;98;356;3,9;1,3;
2021/02/13;0800 UTC;0;924,9;924,9;924,8;;19,4;19,1;19,4;19,4;19,1;19;98;98;98;336;3,5;,7;
2021/02/13;0900 UTC;0;925,4;925,4;924,8;;19,3;19;19,4;19,2;19,1;18,9;98;98;98;311;2;,4;
2021/02/13;1000 UTC;0;925,9;925,9;925,4;69,8;19,8;19,6;19,8;19,3;19,6;19;99;98;98;339;3,5;1,4;
2021/02/13;1100 UTC;,6;926,3;926,3;925,9;273,7;20,1;19,7;20,2;19,7;19,8;19,4;98;97;98;336;5,1;1,6;
2021/02/13;1200 UTC;1,4;926,6;926,6;926,3;283,3;19,8;19,4;20,2;19,6;19,8;19,3;98;97;98;345;5,5;1,6;
2021/02/13;1300 UTC;2,4;926,6;926,7;926,5;338,2;20,2;19,9;20,2;19,5;19,9;19,2;98;98;98;325;4,3;1,1;
2021/02/13;1400 UTC;,2;926,2;926,6;926,2;1160,7;22,2;20,6;22,3;20,1;21,1;19,8;98;90;91;339;4,7;1,5;
2021/02/13;1500 UTC;0;925,9;926,3;925,9;1044,4;22,8;20;23;22;21;19,7;93;84;84;305;6,2;1,3;
2021/02/13;1600 UTC;0;924,8;925,9;924,8;2637,2;26,1;20,8;26,6;22,8;22,2;19,8;86;70;73;290;5,3;1,3;
2021/02/13;1700 UTC;0;924,5;924,8;924,5;689,7;22,5;19,6;26,4;22,5;21;19,6;86;68;83;330;5,2;1,9;
2021/02/13;1800 UTC;1,8;923,9;924,6;923,9;561;22,9;21,8;23,1;21,4;22,5;19,6;97;83;94;309;5,1;1,1;
2021/02/13;1900 UTC;0;924;924,3;923,9;637,7;22,2;21,3;22,9;22,1;21,9;20,7;96;90;95;358;4,4;,9;
2021/02/13;2000 UTC;,4;924,3;924,3;924;202,9;21,8;21,4;22,4;21,7;21,7;20,8;98;92;98;157;2,8;,4;
2021/02/13;2100 UTC;1,6;923,5;924,4;923,4;95,6;20,8;20,3;21,8;20,7;21,3;20,3;98;97;97;24;2,9;1,1;
2021/02/13;2200 UTC;,4;923,4;923,8;923,4;49,7;20,8;20,5;21;20,7;20,6;20,4;98;97;98;8;3,1;1,5;
2021/02/13;2300 UTC;0;924;924;923,4;;20,6;20,2;20,9;20,6;20,5;20,2;98;97;97;342;3,3;,9;
2021/02/14;0000 UTC;0;924,4;924,4;923,9;;20,6;20;20,6;20,5;20,2;20;98;97;97;13;4,2;1,8;
2021/02/14;0100 UTC;0;925,2;925,2;924,4;;20,3;19,8;20,6;20,3;20;19,7;97;96;97;344;4,2;1;
2021/02/14;0200 UTC;0;925,1;925,4;925;;19,9;19,4;20,3;19,9;19,8;19,4;97;96;97;357;2,7;1,2;
2021/02/14;0300 UTC;0;924,8;925,2;924,7;;19,9;19,6;20;19,6;19,6;19,2;98;97;98;356;2,6;1,1;
2021/02/14;0400 UTC;0;924,2;924,8;924,2;;19,3;19;19,9;19,3;19,6;19;98;98;98;328;2,4;,4;
2021/02/14;0500 UTC;0;923,7;924,2;923,6;;18,8;18,5;19,4;18,7;19,1;18,4;98;98;98;318;2;,1;
2021/02/14;0600 UTC;0;923,3;923,7;923,3;;18,4;18,1;18,8;18,3;18,5;18,1;99;98;98;317;2,2;,5;
2021/02/14;0700 UTC;0;923,3;923,5;923,3;;17,9;17,6;18,4;17,9;18,2;17,6;99;98;98;315;1,7;,5;
2021/02/14;0800 UTC;0;923,6;923,6;923,3;;17,5;17,3;17,9;17,4;17,6;17,1;98;98;98;287;2,3;,6;
2021/02/14;0900 UTC;0;924,2;924,2;923,6;;17,3;17,1;17,6;17,3;17,4;17,1;98;98;98;297;3;,8;
2021/02/14;1000 UTC;0;924,5;924,7;924,1;257,5;18,6;18,4;18,9;17,3;18,6;17,1;99;98;99;298;3,1;1;
2021/02/14;1100 UTC;0;924,7;924,7;924,3;1095,6;21,2;18,4;21,3;18,5;19,5;18,3;99;84;84;309;4,5;1,6;
2021/02/14;1200 UTC;0;924,3;924,7;924,3;2007,1;23,2;18,7;23,3;21,2;19,8;18,5;86;75;76;331;6,6;2,9;
2021/02/14;1300 UTC;0;924,3;924,4;924,2;2782,8;26,1;20,1;26,2;23,1;20,8;18,5;78;67;69;305;8;2,2;
2021/02/14;1400 UTC;0;924,1;924,3;924;3334,2;27,5;;27,6;25,2;21,5;19,1;73;65;;305;8,3;2,5;
2021/02/14;1500 UTC;0;923,8;924,1;923,7;3738,2;27,8;19,5;28,7;26,7;21,5;19,3;70;58;60;315;8,3;2,8;
2021/02/14;1600 UTC;0;923,5;923,8;923,5;2402;28,5;19,4;28,9;27,2;21,3;18,9;66;57;58;295;7,6;2,2;
2021/02/14;1700 UTC;0;922,5;923,5;922,5;3023,8;29,7;18,4;30,3;28,5;21,2;18,2;63;49;51;296;7,5;2,1;
2021/02/14;1800 UTC;0;922;922,5;922;2503,7;29;19,4;30,4;29;20,3;18;60;49;56;304;7,4;1,9;
2021/02/14;1900 UTC;0;921,3;922;921,3;1075,4;27,3;19,7;29,1;27,2;20,7;17,8;68;52;63;290;6,5;1,7;
2021/02/14;2000 UTC;0;920,5;921,3;920,1;559,5;26;19,5;27,4;25,8;20,5;18,6;71;61;67;295;5,4;1,4;
2021/02/14;2100 UTC;0;921,2;921,2;920,4;240,8;25,4;19,8;26;25,4;20,4;18,6;73;64;71;272;4,7;,9;
2021/02/14;2200 UTC;0;921,7;921,7;921,2;61,4;23,6;19,4;25,4;23,6;20,2;19,1;78;70;77;282;4,2;,7;
2021/02/14;2300 UTC;0;922,1;922,3;921,7;;22,8;19,1;23,9;22,8;19,5;18,8;82;74;80;320;3,6;1,4;
2021/02/15;0000 UTC;0;923;923;922,1;;22,9;19,4;22,9;22,6;19,7;19;83;79;81;136;4,6;,3;
2021/02/15;0100 UTC;0;922,6;923,1;922,5;;22,7;19,7;22,9;22,3;19,9;19,4;86;81;83;257;1,5;,6;
2021/02/15;0200 UTC;0;923,3;923,3;922,6;;21,4;19,9;22,7;21,4;20;19,6;91;83;91;352;2,3;,5;
2021/02/15;0300 UTC;0;923,2;923,4;923,2;;21,7;20,1;21,8;21,4;20,2;19,9;92;90;91;324;3,7;1,5;
2021/02/15;0400 UTC;0;922,7;923,2;922,7;;21,5;20,1;21,9;21,5;20,2;20,1;92;90;92;272;3,7;,6;
2021/02/15;0500 UTC;0;922;922,7;922;;20,9;20;21,5;20,9;20,2;20;94;92;94;306;3,9;1,2;
2021/02/15;0600 UTC;0;921,5;922;921,4;;20,3;19,9;20,9;20,3;20,1;19,9;97;94;97;277;3,9;,6;
2021/02/15;0700 UTC;0;921,6;921,6;921,3;;20;19,7;20,3;19,8;19,9;19,5;98;97;98;293;3,1;,8;
2021/02/15;0800 UTC;0;921,7;921,7;921,3;;20;19,7;20,1;19,7;19,8;19,4;98;98;98;295;3,4;,5;
2021/02/15;0900 UTC;0;921,8;921,9;921,4;;19,9;19,6;20,2;19,8;19,9;19,5;98;98;98;302;3,9;1;
2021/02/15;1000 UTC;0;922,5;922,5;921,8;145,4;20,5;19,6;20,6;19,9;20;19,6;98;94;94;305;4,7;1,3;
2021/02/15;1100 UTC;0;922,8;922,9;922,5;692,8;22,5;18,2;22,6;20,5;19,6;17,9;94;76;77;311;5,3;1,7;
2021/02/15;1200 UTC;0;923,2;923,2;922,7;1739,3;24,4;18,3;24,9;22,5;19,1;17,1;77;62;69;305;7,3;2,2;
2021/02/15;1300 UTC;0;923,7;923,7;923,1;2828;25,9;17,4;26,5;24,5;18,7;17,2;69;58;59;322;9;3;
2021/02/15;1400 UTC;0;923,6;923,7;923,5;2882,7;27;18,8;28;25,9;19,4;17,8;63;56;61;299;8,2;2,1;
2021/02/15;1500 UTC;0;923,3;923,7;923,3;2834,8;28,3;17,2;29,3;26,4;19,8;16,7;64;48;51;283;8,2;1,9;
2021/02/15;1600 UTC;0;922,7;923,4;922,7;2859,3;28,4;16,8;29,7;28;19,1;16,7;58;49;50;288;7,2;2,2;
2021/02/15;1700 UTC;0;921,9;922,7;921,9;3347,8;30,1;17,2;30,2;28,3;19,1;16,7;54;46;46;294;7,6;2;
2021/02/15;1800 UTC;0;921,1;921,9;921,1;2901,6;28,7;16,5;31,2;28,3;18,8;15,9;51;42;48;298;7,2;2;
2021/02/15;1900 UTC;0;920,2;921,1;920,1;2601,4;30,2;16,1;30,7;28,8;18,3;15,5;51;41;43;275;7,1;1,5;
2021/02/15;2000 UTC;0;920,2;920,4;920,1;1069,4;25,4;18,5;30,3;25,4;19,7;15,5;70;43;66;134;6;2,6;
2021/02/15;2100 UTC;0;920,6;920,6;920,1;282,2;23,3;20,4;25,4;23,3;20,4;18,5;84;65;84;140;8,2;3,4;
2021/02/15;2200 UTC;0;920,9;921;920,6;51,1;21,7;19,9;23,3;21,7;20,7;19,9;90;84;90;120;8,2;1,4;
2021/02/15;2300 UTC;0;921,5;921,5;920,9;;21,6;20,2;21,7;21,2;20,3;19,9;94;90;92;142;3,9;1,9;
2021/02/16;0000 UTC;0;922,2;922,3;921,4;;21,6;19,2;21,9;21,3;20,2;19,1;92;85;86;148;5,8;2,6;
2021/02/16;0100 UTC;10,8;922,7;923,4;922,2;;17,6;17,2;21,8;17,4;19,9;15,9;98;81;97;132;11,1;1,1;
2021/02/16;0200 UTC;0;922,7;922,7;922,3;;18,2;17,9;18,3;17,3;17,9;17;98;97;98;325;3,8;1,6;
2021/02/16;0300 UTC;0;922,4;922,7;922,4;;18,3;18,1;18,4;18,2;18,1;17,9;98;98;98;311;3,8;,8;
2021/02/16;0400 UTC;0;922,1;922,4;922,1;;18,3;18;18,4;18;18,1;17,8;98;98;98;330;2,8;,9;
2021/02/16;0500 UTC;0;922,1;922,2;921,9;;18,6;18,3;18,7;18,3;18,4;18;98;98;98;291;2,6;,7;
2021/02/16;0600 UTC;,2;921,3;922,1;921,3;;18,8;18,1;18,8;18,3;18,3;17,7;98;95;96;347;3,4;1,5;
2021/02/16;0700 UTC;0;921;921,3;920,9;;18,1;17,6;18,8;18,1;18,2;17,6;97;95;97;319;3,4;,7;
2021/02/16;0800 UTC;0;921,1;921,1;921;;17,9;17,7;18,1;17,9;17,7;17,6;98;97;98;343;1,8;,2;
2021/02/16;0900 UTC;0;921,4;921,4;921,1;;17,8;17,6;18;17,8;17,7;17,5;98;98;98;14;1,4;,2;
2021/02/16;1000 UTC;0;921,5;921,6;921,4;286,1;19,9;18,3;19,9;17,8;18,5;17,5;98;90;90;324;2,5;1,5;
2021/02/16;1100 UTC;0;921,7;921,7;921,5;1113,9;22,6;19;22,6;19,9;19,4;17,8;92;79;80;332;4;2;
2021/02/16;1200 UTC;0;922,1;922,1;921,7;1970,7;25,3;20,5;25,3;22,6;20,6;18,8;81;71;75;310;6,4;2,2;
2021/02/16;1300 UTC;0;922,2;922,2;922,1;2453,2;26,4;20;27;24,8;20,8;18,8;75;63;68;307;6,4;2;
2021/02/16;1400 UTC;,2;922,2;922,2;922,1;2767,1;27,9;;28,1;25,9;21,2;18,8;71;59;;298;8,5;1,6;
2021/02/16;1500 UTC;0;921,7;922,2;921,6;3686,1;28,6;18,9;29,3;27,8;20,8;18,2;64;52;56;297;8;2,8;
2021/02/16;1600 UTC;0;921,4;921,7;921,4;2989,6;29,4;19,6;30,3;27,1;20,3;17,5;61;49;56;308;9,1;2,5;
2021/02/16;1700 UTC;0;920,9;921,5;920,8;3361,2;30,3;18,1;31;28,9;20;16,6;56;46;48;288;9,1;2,3;
2021/02/16;1800 UTC;0;919,8;920,9;919,8;2734,6;30,5;17,7;30,9;28,8;20,1;16,5;56;44;47;294;7,3;2,1;
2021/02/16;1900 UTC;0;919,3;919,8;919,1;1794,4;28,7;17,2;31,2;28,1;19,3;17,2;58;45;50;292;7;2,8;
2021/02/16;2000 UTC;0;919,2;919,4;919;1125,4;26,3;17,7;29,4;26,2;18,6;16,5;60;47;59;161;6,7;2,9;
2021/02/16;2100 UTC;1;920,3;920,3;919,1;170,5;21,6;19,7;26,3;21,6;20,1;17;89;58;89;306;7;2,1;
2021/02/16;2200 UTC;,2;920;920,7;920;90,7;20,4;19,2;21,6;20,2;20,7;19,1;95;89;93;125;6,1;1,1;
2021/02/16;2300 UTC;0;920,7;920,7;919,9;;20,2;19,4;20,4;20;19,5;19,2;96;93;96;118;2,6;,6;
2021/02/17;0000 UTC;0;921,5;921,5;920,7;;20,7;19,9;21,1;20;19,9;19,3;96;91;95;195;2;,5;
2021/02/17;0100 UTC;0;921,7;921,7;921,5;;21;19,9;21;20,3;20,3;19,6;97;94;94;57;2,5;,9;
2021/02/17;0200 UTC;0;922;922;921,7;;20,9;19,1;21,2;20,7;19,9;19;95;89;90;15;4,4;1,3;
2021/02/17;0300 UTC;0;921,6;922;921,6;;20,5;18,7;20,9;20,4;19,3;18,7;91;89;89;25;3,8;1,4;
2021/02/17;0400 UTC;0;921,2;921,6;921,2;;20,7;18,4;20,7;20,5;18,7;18,4;89;87;87;17;3,8;1;
2021/02/17;0500 UTC;0;920,7;921,2;920,6;;20,6;18,4;20,7;20,4;18,4;18,3;88;87;87;6;2,6;,9;
2021/02/17;0600 UTC;0;920,3;920,7;920,3;;20,6;18,2;20,7;20,5;18,5;18,2;88;86;86;7;3,8;1,3;
2021/02/17;0700 UTC;0;920,5;920,6;920,3;;20,2;18,7;20,7;20,2;18,8;18,2;91;86;91;7;4,1;1;
2021/02/17;0800 UTC;0;920,5;920,6;920,3;;20;18,8;20,2;20;18,8;18,7;93;91;93;357;4,8;1,3;
2021/02/17;0900 UTC;0;920,8;921;920,5;;20;18,9;20,1;19,9;18,9;18,8;94;92;93;16;3,3;1,1;
2021/02/17;1000 UTC;0;921,4;921,5;920,8;144,6;20,4;19;20,4;20;19,1;18,8;93;91;92;28;4,1;1,3;
2021/02/17;1100 UTC;0;921,8;921,8;921,4;574,5;21,4;19,5;21,4;20,3;19,5;18,8;92;87;89;27;4,3;1,2;
2021/02/17;1200 UTC;0;921,8;921,8;921,5;715,9;22,4;19,9;22,4;21,3;20;19,2;89;84;86;31;3,1;1,2;
2021/02/17;1300 UTC;0;922;922;921,8;1344,4;24,2;20,1;24,4;22,4;20,9;19,4;88;76;78;54;3,3;1,2;
2021/02/17;1400 UTC;0;922,1;922,1;922;1480,8;25,8;19,4;25,9;24,2;21;19,4;79;68;68;323;3,6;1,5;
2021/02/17;1500 UTC;0;921,5;922,1;921,4;2520,7;27,9;20;28,1;25,7;21,1;19;71;59;62;350;4,4;1,4;
2021/02/17;1600 UTC;0;920,5;921,5;920,5;2376,2;27,5;19,5;28,4;27,5;21,2;18,5;67;56;62;35;4,7;1,5;
2021/02/17;1700 UTC;0;919,9;920,5;919,8;1241,7;25,9;18,2;28,3;25,9;20,1;18,2;65;56;62;170;3,5;1,8;
2021/02/17;1800 UTC;0;919,5;919,9;919,4;1863,7;24,6;18,3;25,9;23,1;19,7;18;80;62;68;141;9;3,3;
2021/02/17;1900 UTC;0;919,3;919,6;919,3;1975;23,4;18,1;25,3;23,3;19,4;17,5;73;66;72;165;7,9;2,2;
2021/02/17;2000 UTC;0;919,7;919,7;919,2;947,1;22,4;20,2;24,6;22,3;20,4;17,8;89;67;88;96;6,1;2,1;
2021/02/17;2100 UTC;9,6;921,8;922;919,7;35,5;18,8;18,2;22,5;18,8;20,8;18,1;98;87;97;356;8;1,4;
2021/02/17;2200 UTC;5,2;922,5;922,6;921,7;5,7;18,9;18,5;19;18,4;18,6;18,1;98;97;98;62;4,7;1,6;
2021/02/17;2300 UTC;3,8;922,2;922,6;922,1;;19,5;18,8;19,5;18,9;18,8;18,5;98;96;96;8;5,2;1,4;
2021/02/18;0000 UTC;,2;922,9;923;922,2;;19,3;18,5;19,8;19,3;18,8;18,4;96;92;95;23;4,9;1,1;
2021/02/18;0100 UTC;0;922,5;922,9;922,3;;19,5;18,6;19,6;19,2;18,6;18,3;96;92;94;348;4,8;1,1;
2021/02/18;0200 UTC;0;922,5;922,5;922,3;;19,4;18,2;19,6;19,3;18,6;18,2;95;92;93;26;3,7;,6;
2021/02/18;0300 UTC;0;922,6;922,7;922,5;;19;17,9;19,6;18,8;18,4;17,9;96;92;93;72;2,7;,8;
2021/02/18;0400 UTC;0;921,9;922,6;921,9;;18,9;18,2;19,3;18,9;18,2;17,8;95;91;95;27;3;1,2;
2021/02/18;0500 UTC;,2;921,2;921,9;921,2;;18,7;18;19;18,7;18,3;18;96;94;96;331;4;1,1;
2021/02/18;0600 UTC;0;920,9;921,2;920,8;;18,4;17,9;18,7;18,4;18,2;17,9;97;96;97;300;2,7;,8;
2021/02/18;0700 UTC;0;920,6;920,9;920,6;;18;17,7;18,4;17,9;18;17,5;98;97;98;324;2,2;,4;
2021/02/18;0800 UTC;0;920,6;920,7;920,6;;17,8;17,5;18,2;17,7;17,9;17,4;98;98;98;302;1,6;,3;
2021/02/18;0900 UTC;,2;921,1;921,1;920,6;;18,1;17,8;18,1;17,6;17,8;17,3;98;98;98;346;2;,9;
2021/02/18;1000 UTC;0;921,9;921,9;921,1;259,2;19,2;18,9;19,2;18,1;18,9;17,8;98;98;98;312;2;,9;
2021/02/18;1100 UTC;0;922,2;922,2;921,9;1088,8;21,8;18,9;21,9;19,2;19,3;18,5;98;82;84;326;3,9;1,8;
2021/02/18;1200 UTC;0;922,4;922,4;922,1;1973,6;24,1;18,5;24,3;21,7;19,5;18;83;70;71;307;4,8;1,7;
2021/02/18;1300 UTC;0;922,2;922,5;922,2;2735,2;25,5;18,7;25,5;23,9;19,6;17,8;73;65;66;332;5,6;2,4;
2021/02/18;1400 UTC;0;922;922,2;922;3209;27,4;19,6;27,5;25,4;20;17,9;67;59;63;319;5,7;2;
2021/02/18;1500 UTC;0;921,8;922;921,7;3242;28,5;20;29;27,4;20,7;17,8;65;52;60;290;6,4;1,2;
2021/02/18;1600 UTC;0;921,3;921,8;921,3;3347,6;29,5;20,2;30,4;27,6;20,6;18;64;50;57;285;6,5;1,4;
2021/02/18;1700 UTC;0;920,7;921,3;920,7;2996,7;30,2;19,1;30,8;27,9;21,2;18,2;62;50;51;308;5,5;1,6;
2021/02/18;1800 UTC;0;919,9;920,7;919,9;2792,4;30,2;18,8;31,1;29;20,1;17,4;56;47;51;319;6,7;2;
2021/02/18;1900 UTC;0;919,8;919,9;919,5;2303,2;24,7;21,4;31,2;24,7;21,4;16,6;82;44;82;158;7,2;2,8;
2021/02/18;2000 UTC;2;921,3;921,3;919,5;643,8;21,8;20,6;24,7;21,8;21,9;20,4;93;82;93;166;10,5;4,5;
2021/02/18;2100 UTC;6,8;921;921,3;920;504,9;21;19,4;21,7;20,7;21,1;18,5;98;85;91;150;9;2,8;
2021/02/18;2200 UTC;1;921,5;921,9;920,6;56,5;20,3;19,5;21,2;20,3;20,1;19,1;96;90;95;217;7,9;1,2;
2021/02/18;2300 UTC;0;922,1;922,1;921,3;;20,4;19,8;20,5;20,1;20;19,2;97;94;97;109;3,9;1,8;
2021/02/19;0000 UTC;0;922,5;922,5;922,1;;20,3;19,6;20,4;20,1;19,9;19,5;97;96;96;105;3,9;1,4;
2021/02/19;0100 UTC;0;922,7;922,8;922,4;;19,7;19,3;20,3;19,7;19,6;19,3;98;96;98;150;3,3;,8;
2021/02/19;0200 UTC;0;923;923;922,7;;19,8;19,4;19,8;19,5;19,5;19,2;98;98;98;143;2,4;1,1;
2021/02/19;0300 UTC;0;922,8;923;922,8;;19,8;19,4;19,9;19,6;19,6;19,3;98;98;98;95;2,4;,6;
2021/02/19;0400 UTC;0;922,4;922,8;922,4;;19,5;19,2;19,8;19,3;19,4;19;98;98;98;68;1,4;,6;
2021/02/19;0500 UTC;0;922;922,4;922;;19,6;19,3;19,7;19,4;19,4;19,1;98;98;98;84;3;,7;
2021/02/19;0600 UTC;0;921,9;922;921,9;;19,1;18,8;19,6;19,1;19,2;18,8;98;98;98;138;2,1;,3;
2021/02/19;0700 UTC;0;921,9;922;921,9;;18,8;18,5;19,2;18,8;18,9;18,5;98;98;98;162;1,1;,6;
2021/02/19;0800 UTC;,2;922,1;922,2;921,9;;18,8;18,5;19,1;18,7;18,8;18,5;98;98;98;132;1,4;,3;
2021/02/19;0900 UTC;0;922,8;922,8;922,1;;18,5;18,2;19;18,4;18,7;18,2;98;98;98;128;,8;,3;
2021/02/19;1000 UTC;0;923,5;923,5;922,8;158,5;19,2;19;19,3;18,5;19;18,3;99;98;99;43;2,8;,6;
2021/02/19;1100 UTC;0;924;924;923,5;754,9;20,9;19,8;20,9;19,1;19,8;18,5;99;93;94;98;2,5;1,1;
2021/02/19;1200 UTC;0;924,4;924,5;924;1705,3;22,2;19,1;22,6;20,7;20,4;18,9;94;81;82;144;3,2;1,4;
2021/02/19;1300 UTC;0;924,6;924,6;924,4;2717;24,7;19,9;24,8;22,2;20,6;18,8;83;73;74;138;3,5;1,7;
2021/02/19;1400 UTC;,2;924,3;924,6;924,3;3294,3;25,5;18,9;25,8;24,2;21,2;18,7;77;66;67;126;4,6;2,3;
2021/02/19;1500 UTC;0;923,9;924,3;923,9;3695,3;26,8;19,2;26,8;25,4;20,3;18,2;72;62;63;141;4,9;1,9;
2021/02/19;1600 UTC;0;923,5;923,9;923,5;3806,9;27,4;20,6;27,8;26,6;21;18,2;69;58;66;129;6,7;2,4;
2021/02/19;1700 UTC;0;923;923,5;923;2311,3;26,3;20,7;27,4;25,2;21,2;19,1;75;64;71;130;7,5;3,1;
2021/02/19;1800 UTC;0;922,8;923,2;922,8;2685,6;25,5;20,4;26,5;25,2;21,4;19,8;77;69;73;131;8,6;4,3;
2021/02/19;1900 UTC;0;922,9;923;922,8;1425,7;24,1;19,9;25,7;23,6;21,3;19,7;81;72;77;131;9,5;3,4;
2021/02/19;2000 UTC;0;923,1;923,2;922,9;948,5;23,5;19,6;24,1;23;20,5;19,5;84;77;79;153;8,1;3,5;
2021/02/19;2100 UTC;0;923,6;923,6;923,1;367,4;22,8;19,9;23,5;22,6;20,3;19,5;86;79;84;137;7,3;2,5;
2021/02/19;2200 UTC;0;924,4;924,4;923,6;55,6;21,7;20;22,8;21,6;20;19,6;90;83;90;146;7,5;2,2;
2021/02/19;2300 UTC;0;925,1;925,1;924,4;;21,1;19,6;21,7;21,1;20,1;19,6;92;89;91;140;6,9;2,7;
2021/02/20;0000 UTC;0;926;926;925,1;;20,9;19,7;21,1;20,7;19,7;19,1;93;89;93;124;6,9;1,9;
2021/02/20;0100 UTC;0;926,6;926,6;926;;21,1;19,8;21,3;20,9;20;19,6;93;91;93;126;5,6;2,3;
2021/02/20;0200 UTC;0;926,7;926,9;926,6;;20,5;19;21,1;20,4;20;18,8;94;89;91;113;5,7;2,4;
2021/02/20;0300 UTC;0;926,3;926,7;926,3;;20;18,7;20,5;20;19,1;18,7;93;91;92;113;4,8;1,4;
2021/02/20;0400 UTC;0;926,2;926,3;926,1;;19,8;19;20;19,5;19;18,6;96;92;96;133;3,4;1,5;
2021/02/20;0500 UTC;0;925,7;926,2;925,7;;19,6;19;20,2;19,5;19,4;19;97;95;97;116;4,1;,8;
2021/02/20;0600 UTC;0;925,5;925,7;925,4;;19,8;19;19,8;19,4;19,3;18,9;97;95;95;91;2,6;1,2;
2021/02/20;0700 UTC;0;925,3;925,5;925,2;;19,6;18,6;19,8;19,5;19;18,5;96;94;94;104;3,2;1,4;
2021/02/20;0800 UTC;0;925,6;925,6;925,3;;18,9;18,3;19,7;18,9;18,6;18,3;96;93;96;106;3,2;,6;
2021/02/20;0900 UTC;0;926;926;925,6;;19;18,6;19,2;18,8;18,6;18,2;98;96;98;128;1,6;,7;
2021/02/20;1000 UTC;0;926,9;926,9;926;241,9;21,1;18,8;21,1;18,9;18,8;18,3;98;85;87;113;2,9;1,3;
2021/02/20;1100 UTC;0;927,5;927,5;926,9;1085,9;22,4;18,8;22,5;21;19,5;18,1;87;79;80;122;3,9;2;
2021/02/20;1200 UTC;0;927,9;928;927,5;1978,3;23,9;18,6;24,2;22,3;20,1;18,5;81;72;72;136;4,1;2,2;
2021/02/20;1300 UTC;0;928,1;928,2;927,9;2675,6;25,2;19,6;25,3;23,6;20,4;18,4;77;70;71;124;5,4;2,1;
2021/02/20;1400 UTC;0;928;928,1;928;3347,5;25,7;19,9;25,7;24,4;20,4;18,5;74;68;70;149;7;3,4;
2021/02/20;1500 UTC;0;927,8;928;927,8;3632,5;25,2;19,1;25,7;24,8;20,1;18,4;73;67;69;152;8,6;4,1;
2021/02/20;1600 UTC;0;927,3;927,8;927,2;3719,4;25,5;18,9;25,8;24,9;19,7;18,2;72;64;67;157;8,1;4,4;
2021/02/20;1700 UTC;0;926,7;927,3;926,7;3607,6;25,6;19,5;26,4;25,4;20,6;18,6;72;64;69;126;8,6;3,7;
2021/02/20;1800 UTC;0;926,5;926,7;926,4;3162,2;25,2;19,3;26;25,2;20,8;18,9;74;67;69;141;9,5;3,9;
2021/02/20;1900 UTC;0;926,2;926,5;926,1;2334,7;24,8;20,2;25,4;24,6;20,2;18,9;76;68;75;136;9,4;3,7;
2021/02/20;2000 UTC;0;926,2;926,3;926;1418,8;23,4;19,7;24,8;22,9;20,2;19,1;82;73;80;139;9,6;4;
2021/02/20;2100 UTC;0;926,6;926,6;926,2;468,8;21,9;19,8;23,5;21,8;20;19,2;88;79;88;141;9,3;3,4;
2021/02/20;2200 UTC;0;926,7;926,8;926,5;91,9;21,3;19,3;22;21,3;19,7;18,9;89;84;89;142;7,3;2,9;
2021/02/20;2300 UTC;0;927,5;927,5;926,7;;21,2;19,2;21,4;21,1;19,7;19,1;91;88;89;141;7,4;3,3;
2021/02/21;0000 UTC;0;927,8;927,8;927,5;;21;19,5;21,2;20,9;19,6;19,1;92;88;91;132;8,2;3,3;
2021/02/21;0100 UTC;0;928,1;928,1;927,8;;20,5;19,2;21;20,5;19,6;19;92;89;92;124;8,2;2,3;
2021/02/21;0200 UTC;0;928;928,3;928;;20,6;19,1;20,8;20,5;19,3;19,1;92;90;91;118;6,2;2,5;
2021/02/21;0300 UTC;0;927,7;928;927,7;;20,5;19,2;20,7;20,4;19,4;19;93;91;92;110;5,1;2,1;
2021/02/21;0400 UTC;0;927,2;927,7;927,2;;20,8;19,3;20,9;20,4;19,6;19,2;93;91;91;134;6,1;2,3;
2021/02/21;0500 UTC;0;926,8;927,2;926,8;;20,3;19,1;20,8;20,3;19,3;19;93;91;93;120;6;1,6;
2021/02/21;0600 UTC;0;926,3;926,8;926,3;;19,8;19;20,4;19,7;19,1;18,9;96;92;96;137;4,5;1,3;
2021/02/21;0700 UTC;0;926,4;926,5;926,3;;19,5;18,9;19,9;19,4;19,1;18,9;97;94;97;117;4,1;1,4;
2021/02/21;0800 UTC;0;926,5;926,5;926,3;;19,4;18,8;19,6;19,3;19;18,7;97;96;96;113;3,8;1,2;
2021/02/21;0900 UTC;0;926,9;926,9;926,5;;19,1;18,6;19,4;19,1;18,9;18,6;97;96;97;126;2,9;,8;
2021/02/21;1000 UTC;0;927,7;927,7;926,9;161,5;20,6;19,8;20,6;19,1;19,8;18,6;98;95;95;132;2,5;,9;
2021/02/21;1100 UTC;0;928,1;928,1;927,7;1104,3;22;18,4;22,4;20,6;19,8;18,4;95;80;80;130;2,7;1,3;
2021/02/21;1200 UTC;0;928,6;928,6;928,1;1975,3;23;18,5;23,3;22;20;18,3;84;75;76;159;5,7;3,4;
2021/02/21;1300 UTC;0;929,1;929,1;928,6;2761,3;23,7;18,5;24;22,9;19,9;18,3;80;73;73;152;6,8;3,7;
2021/02/21;1400 UTC;0;928,8;929,1;928,8;3288,6;24,3;18,7;24,6;23,5;20;18,4;78;69;71;127;8,1;3,5;
2021/02/21;1500 UTC;0;928,8;928,9;928,7;3566;25,2;19;25,7;24,3;20,2;18,1;75;64;68;151;8,4;3,7;
2021/02/21;1600 UTC;0;928,1;928,8;928,1;3772,1;26,3;20;26,4;25,1;20,5;18,1;72;63;69;160;8,4;2,9;
2021/02/21;1700 UTC;0;927,7;928,1;927,6;3534,6;25;20,8;26,6;24,8;21,4;18,4;78;63;77;149;10,2;4,3;
2021/02/21;1800 UTC;0;927,5;927,7;927,4;2577,9;23,5;19,1;25,3;23,4;21,2;19;81;74;77;146;10,4;4,9;
2021/02/21;1900 UTC;0;927,3;927,6;927,2;2350,3;23,2;19,1;25,1;23,2;20,4;18,4;78;71;78;119;9,5;4;
2021/02/21;2000 UTC;0;927,3;927,4;927,1;833,7;22,1;19,5;24,2;22,1;20,3;18,9;86;76;85;130;9;3,3;
2021/02/21;2100 UTC;0;927,5;927,6;927,2;297,1;21,7;19,5;22,3;21,7;20,1;19,3;88;84;87;146;8;3,5;
2021/02/21;2200 UTC;0;928,1;928,1;927,5;33,5;20,6;19,3;21,7;20,6;19,9;19,3;94;87;92;145;8,1;3,3;
2021/02/21;2300 UTC;,2;928,5;928,5;928,1;;20,4;19,6;20,6;20,2;19,9;19,4;97;92;95;137;6,7;2,3;
2021/02/22;0000 UTC;0;928,9;928,9;928,5;;20,2;18,7;20,5;20,2;19,7;18,6;95;90;91;149;6,6;3,1;
2021/02/22;0100 UTC;0;929,2;929,3;928,9;;20,1;18,8;20,3;20,1;19;18,3;92;89;92;120;7;3,1;
2021/02/22;0200 UTC;0;929;929,4;929;;20,2;18,9;20,4;20,1;19,2;18,7;93;91;92;119;6,1;2,5;
2021/02/22;0300 UTC;0;928,7;929;928,6;;20;18,6;20,3;20;19;18,6;92;91;92;127;6,4;3,3;
2021/02/22;0400 UTC;0;928,3;928,7;928,2;;20,1;18,9;20,1;19,8;19;18,4;93;91;93;135;6,4;2,1;
2021/02/22;0500 UTC;0;927,9;928,3;927,9;;20,2;18,8;20,2;20,1;19,1;18,8;93;91;92;135;6,6;2,2;
2021/02/22;0600 UTC;0;927,4;927,9;927,3;;20,3;19;20,3;20,1;19,2;18,8;93;92;92;116;4,9;2,1;
2021/02/22;0700 UTC;0;927,4;927,4;927,2;;19,8;18,8;20,3;19,7;19;18,5;94;91;94;127;5,2;1,5;
2021/02/22;0800 UTC;0;927,7;927,7;927,4;;19,8;18,9;20;19,8;19,1;18,8;95;94;95;119;4,3;1,5;
2021/02/22;0900 UTC;0;928;928,1;927,6;;19,2;18,5;19,8;19,2;18,9;18,5;96;95;96;145;3,6;,7;
2021/02/22;1000 UTC;0;928,4;928,4;928;248,4;20,8;19,2;20,8;19;19,3;18,5;97;90;90;139;4;1,8;
2021/02/22;1100 UTC;0;928,7;928,8;928,4;1055,4;22,2;18,5;22,3;20,8;19,4;18,5;90;80;80;113;4,7;2,4;
2021/02/22;1200 UTC;0;928,8;928,9;928,7;1889,2;23,4;17,9;23,8;22,2;19,6;17,9;81;71;71;114;4,7;2;
2021/02/22;1300 UTC;0;929;929,1;928,8;2782,8;24,3;18,7;24,9;23,3;19,7;17,8;74;68;71;152;6,5;3,4;
2021/02/22;1400 UTC;0;928,9;929,1;928,9;3364;24,5;19,3;25,5;24,2;20,5;18,3;77;67;73;152;7;3,8;
2021/02/22;1500 UTC;0;928,5;928,9;928,5;3670,8;24,6;19,3;25,4;24,2;20;18,7;74;69;72;155;8,2;4,5;
2021/02/22;1600 UTC;0;928,1;928,5;928,1;3766,2;25,2;20,5;25,8;24,6;21,1;19;78;70;75;141;7,9;4;
2021/02/22;1700 UTC;0;927,3;928,1;927,3;3524,6;25,7;20,7;25,8;24,5;21,5;19,1;79;70;74;152;8,2;4;
2021/02/22;1800 UTC;0;926,7;927,3;926,7;3148,7;24,7;20,1;25,7;24,3;21,2;19,1;79;71;76;150;8,8;4,2;
2021/02/22;1900 UTC;0;926,4;926,7;926,3;2510,4;23,9;19,6;25,3;23,8;20,8;19,4;80;72;77;149;9,5;4;
2021/02/22;2000 UTC;0;926,4;926,5;926,3;1460,1;22,6;19,5;23,9;22,5;20,7;19,3;84;77;82;149;9,9;4;
2021/02/22;2100 UTC;0;926,6;926,7;926,4;333;21,7;19,6;23;21,5;20;19,1;89;80;88;140;8,9;2,9;
2021/02/22;2200 UTC;0;927,1;927,1;926,6;58,5;21,3;19,6;21,7;21,3;19,6;18,9;90;86;90;131;7,1;2,7;
2021/02/22;2300 UTC;0;927,6;927,6;927,1;;21,1;19,3;21,3;21;19,6;19,2;91;89;90;123;7,1;2,7;
2021/02/23;0000 UTC;0;928,1;928,1;927,6;;20,5;19;21,1;20,5;19,4;18,8;91;89;91;120;7,1;2,8;
2021/02/23;0100 UTC;0;928,3;928,3;928,1;;20,3;18,9;20,5;20,3;19;18,6;92;89;92;118;7;2,1;
2021/02/23;0200 UTC;0;928,3;928,5;928,3;;20;18,8;20,3;19,9;18,9;18,7;93;91;93;112;5,2;1,4;
2021/02/23;0300 UTC;0;927,8;928,3;927,8;;19,9;18,1;20,1;19,8;18,8;18,1;93;89;89;64;3,5;1,2;
2021/02/23;0400 UTC;0;927;927,8;926,9;;19,9;17,2;20,1;19,7;18,1;17,2;90;84;85;45;4,7;1,2;
2021/02/23;0500 UTC;0;926,6;927;926,6;;19,5;17,2;19,9;19;17,4;17,1;89;85;87;11;3,4;1;
2021/02/23;0600 UTC;0;926,3;926,6;926,2;;19,3;17,4;19,6;19,1;17,6;17;90;87;89;29;5;1,4;
2021/02/23;0700 UTC;0;925,9;926,3;925,9;;19,2;17,4;19,4;19,2;17,6;17,3;90;88;90;53;5,2;1,1;
2021/02/23;0800 UTC;0;926,1;926,1;925,9;;18,6;17,5;19,2;18,5;17,6;17,3;94;90;93;88;4,2;1,5;
2021/02/23;0900 UTC;0;926,5;926,5;926,1;;18,2;17,5;18,7;18;17,6;17,3;96;93;95;360;3,7;1,1;
2021/02/23;1000 UTC;0;927,4;927,4;926,5;139,5;18,8;17,5;18,8;18,1;17,5;17,3;96;92;92;345;4,1;1,4;
2021/02/23;1100 UTC;0;927,6;927,6;927,4;1024,9;20,8;17,2;21,3;18,8;18,3;17,1;92;79;80;340;3,2;1,8;
2021/02/23;1200 UTC;0;928;928;927,6;1968,3;23,6;17,2;23,7;20,8;18,6;17,1;80;68;68;322;5,2;2,3;
2021/02/23;1300 UTC;0;928;928,1;928;2710;26,7;18,3;26,9;23,4;19,5;16,9;69;57;60;313;5,2;1,4;
2021/02/23;1400 UTC;0;927,5;928;927,5;3299,8;28,7;18,7;28,7;26,3;19;17;62;51;55;309;5,7;1,8;
2021/02/23;1500 UTC;0;926,9;927,5;926,9;3622,6;29,6;19,3;29,7;28,4;19,6;16,8;58;47;54;300;5,7;1;
2021/02/23;1600 UTC;0;926,2;926,9;926,2;3698,7;31,1;15,8;31,5;29,1;19,9;15,8;55;39;40;274;4,6;1,8;
2021/02/23;1700 UTC;0;925,4;926,2;925,4;3544,9;30,6;15,5;32,6;30;17,5;14,1;46;33;40;227;5,7;1,7;
2021/02/23;1800 UTC;0;924,8;925,4;924,8;2923,5;31;13,4;32,9;30,5;17,7;13,2;46;31;34;334;5,8;2,3;
2021/02/23;1900 UTC;0;924,2;924,8;924,2;2134,2;31,4;13,3;32,7;30,9;16,6;13,2;41;32;33;255;4,8;1,3;
2021/02/23;2000 UTC;0;924;924,3;924;1410,9;27,4;20,8;31,7;27,4;21,2;13,4;68;33;67;131;5,8;2,4;
2021/02/23;2100 UTC;0;924,5;924,6;924;368,8;25,9;19,5;27,4;25,8;20,7;19,3;70;66;68;141;6,9;3,2;
2021/02/23;2200 UTC;0;924,9;924,9;924,4;44,7;24,6;20,2;25,9;24,6;20,2;19,2;76;68;76;127;6,5;1,8;
2021/02/23;2300 UTC;0;925,5;925,5;924,9;;23,6;19,6;24,6;23,5;20,4;19,5;79;75;79;156;4,5;1,2;
2021/02/24;0000 UTC;0;926,3;926,3;925,5;;23,2;19,3;23,6;23;19,6;19,3;81;77;78;163;3,1;1,1;
2021/02/24;0100 UTC;0;926,7;926,7;926,3;;22,2;19,2;23,2;22,2;19,4;19,1;84;78;83;129;2;,4;
2021/02/24;0200 UTC;0;926,4;926,7;926,4;;22,5;19,6;23,1;22;19,7;19;84;81;84;17;,9;,5;
2021/02/24;0300 UTC;0;926,2;926,4;926,2;;22,6;19,2;23,1;22;19,7;19;84;78;81;41;,9;,3;
2021/02/24;0400 UTC;0;925,8;926,2;925,8;;22,3;19;23;21,7;19,5;18,8;87;78;82;359;1,8;1;
2021/02/24;0500 UTC;0;925,5;925,8;925,5;;21,2;18,9;22,6;21,1;19,5;18,5;87;82;87;173;1,8;,5;
2021/02/24;0600 UTC;0;925,4;925,6;925,3;;21,2;19,8;21,6;21,1;19,8;18,7;92;86;92;123;1,4;1;
2021/02/24;0700 UTC;0;925,1;925,4;925;;21,1;20,4;21,4;20,9;20,6;19,3;96;89;96;130;1,9;,6;
2021/02/24;0800 UTC;0;925,3;925,3;925;;22;16,3;22,1;20,9;20,4;16,3;96;70;70;5;2,4;1,1;
2021/02/24;0900 UTC;0;926,1;926,1;925,3;;21;17,1;22,1;20,8;17,3;16,3;80;70;78;187;2;1,1;
2021/02/24;1000 UTC;0;926,5;926,5;926;128,1;21,6;17,9;21,6;20,8;18,3;17;83;78;79;135;1,7;,9;
2021/02/24;1100 UTC;0;927,3;927,3;926,5;424,4;22,3;19,5;22,3;21,6;19,8;17,9;87;79;84;129;3,3;1,5;
2021/02/24;1200 UTC;0;927,6;927,7;927,3;973,5;23,5;20;23,5;22,2;20,1;18,6;85;75;81;165;3,5;2;
2021/02/24;1300 UTC;0;928,2;928,2;927,6;2114,8;24,2;19,7;25,6;23,5;20,9;18,3;82;67;76;154;4,3;1,9;
2021/02/24;1400 UTC;0;927,7;928,2;927,7;2879;26,2;19,4;26,5;24,2;21,6;19,1;79;64;66;100;5;2,1;
2021/02/24;1500 UTC;0;927,2;927,7;927,2;3504,7;27,4;19,5;27,4;26,1;19,7;18,4;67;59;62;113;4,8;2,5;
2021/02/24;1600 UTC;0;926,1;927,2;926,1;3263,1;27;21,1;28;26,6;21,6;18,6;72;58;70;136;8,6;4;
2021/02/24;1700 UTC;6;926,4;926,6;925,9;603,8;21,8;21,3;27;21,8;21,7;20,3;97;68;97;200;9,3;3,3;
2021/02/24;1800 UTC;,6;925,5;926,6;925,5;512,7;22,4;21,8;22,5;20,5;21,9;17,7;97;84;96;94;9,9;2,5;
2021/02/24;1900 UTC;0;925,8;925,9;925,4;280,1;21,6;20,4;22,5;21,6;21,8;20,4;96;93;93;150;7,3;3,7;
2021/02/24;2000 UTC;0;926;926;925,7;81;21,4;20,4;21,7;21,4;20,7;20,3;94;93;94;177;7;2,5;
2021/02/24;2100 UTC;1;926,8;926,9;926;23,1;20,2;19,2;21,4;20,2;20,3;19,1;94;92;94;212;5,7;1,6;
2021/02/24;2200 UTC;3,2;926,6;926,8;926,4;2,5;20,2;19,8;20,2;19,9;19,8;18,5;98;91;98;60;3,9;1,2;
2021/02/24;2300 UTC;,6;926,4;926,8;926,4;;20,9;20,3;21;20,2;20,5;19,8;98;96;97;108;5,5;2,8;
2021/02/25;0000 UTC;0;926,7;926,7;926,4;;20,8;20;21;20,6;20,5;20;97;95;95;132;5,4;1,6;
2021/02/25;0100 UTC;0;927,7;928;926,7;;20,7;19,2;20,9;20,3;20,2;18,9;96;90;91;102;4,5;1,6;
2021/02/25;0200 UTC;0;926,7;927,7;926,7;;20,1;18,9;20,7;20,1;19,6;18,7;95;91;93;111;4,7;1,6;
2021/02/25;0300 UTC;0;926,4;926,7;926,4;;19,9;19,2;20,2;19,9;19,5;18,7;96;92;96;65;4,1;1;
2021/02/25;0400 UTC;0;925,9;926,4;925,9;;19,8;18,2;20;19,7;19,2;18,2;96;90;91;88;3;1;
2021/02/25;0500 UTC;0;925,3;925,9;925,3;;19,9;18,8;20;19,6;18,8;18;93;88;93;21;2,7;,8;
2021/02/25;0600 UTC;0;924,8;925,3;924,8;;20,1;19,4;20,2;19,9;19,4;18,8;96;93;96;93;2,6;,7;
2021/02/25;0700 UTC;,2;925,1;925,1;924,8;;20,3;19,6;20,3;19,9;19,6;19,3;97;95;96;340;3,8;1,3;
2021/02/25;0800 UTC;0;925;925,1;924,9;;20,3;19,4;20,4;20,2;19,7;19,4;96;95;95;8;3,8;1,2;
2021/02/25;0900 UTC;0;925,2;925,2;924,7;;20,4;19,7;20,4;20,2;19,7;19,4;96;94;96;344;3,2;,9;
2021/02/25;1000 UTC;,4;925,4;925,4;925,2;36,8;20,2;19,3;20,4;20,1;19,9;19,2;97;94;95;73;3,8;1,3;
2021/02/25;1100 UTC;0;925,9;925,9;925,4;339,9;20,9;19,7;20,9;20,2;19,8;18,9;96;92;93;62;3,8;1;
2021/02/25;1200 UTC;0;926,5;926,5;925,9;742,5;21,8;19,8;21,8;20,9;20,4;19,4;93;88;88;83;3,4;1,5;
2021/02/25;1300 UTC;0;926,9;926,9;926,5;426,4;21,5;19,8;21,9;21,5;20,2;19,3;91;87;90;109;3,3;1,1;
2021/02/25;1400 UTC;0;926,3;926,9;926,3;1105;23,3;20,5;23,3;21,4;20,8;19,3;91;81;84;30;4,4;1,8;
2021/02/25;1500 UTC;0;925,7;926,3;925,7;1499;23,4;19,6;24,5;23,1;21,6;19,3;84;78;80;339;4,4;1,1;
2021/02/25;1600 UTC;0;924,5;925,7;924,5;1298,1;26,3;20,7;26,4;23,1;20,8;18,8;82;66;71;343;4,9;2;
2021/02/25;1700 UTC;0;923,9;924,5;923,9;1121,2;25,5;20;26,7;24,5;20,3;18,5;75;63;71;328;6,4;2,5;
2021/02/25;1800 UTC;,4;923,8;924,3;923,7;480,1;20,6;19,3;25,9;20,6;19,9;17,9;93;66;93;149;7,4;3,2;
2021/02/25;1900 UTC;7;923,1;924,5;923,1;349,7;19,9;19,5;20,6;19,4;19,5;17,9;98;88;97;163;9,2;3,8;
2021/02/25;2000 UTC;0;923,2;923,5;922,9;550,6;19,5;19;20,1;19,2;19,6;18,6;98;96;97;122;9,8;3,3;
2021/02/25;2100 UTC;0;923,9;924,1;923,2;282,9;19,7;18,8;19,9;19,4;19,4;18,6;97;94;94;154;7,4;3;
2021/02/25;2200 UTC;0;924,3;924,4;923,8;35,2;19,5;18,1;19,8;19,5;19;18;95;91;91;154;6,4;1,7;
2021/02/25;2300 UTC;0;924,5;924,5;924;;19,7;18,8;19,7;19,3;18,8;18,2;94;91;94;146;6,6;3;
2021/02/26;0000 UTC;0;925,9;925,9;924,5;;19,5;18,1;19,7;19,5;18,6;17,9;94;90;92;127;7,7;2,7;
2021/02/26;0100 UTC;0;926,2;926,2;925,8;;19,5;18,5;19,6;19,4;18,5;18,1;94;92;94;131;5,7;2;
2021/02/26;0200 UTC;0;925,6;926,2;925,6;;19,4;18,3;19,7;19,3;18,7;18,3;95;93;94;139;7,3;2,7;
2021/02/26;0300 UTC;0;925,5;925,6;925,3;;19,1;18,2;19,4;19;18,2;18;95;93;95;139;5,8;2,1;
2021/02/26;0400 UTC;0;924,9;925,5;924,9;;19,1;17,9;19,3;19,1;18,3;17,9;95;93;93;132;4,7;1,8;
2021/02/26;0500 UTC;0;924,5;924,9;924,5;;19,4;18,2;19,4;19,1;18,2;17,9;93;92;93;126;4,2;1,8;
2021/02/26;0600 UTC;0;923,8;924,5;923,8;;19,4;18,3;19,5;19,4;18,4;18,1;94;92;93;115;5,2;2,1;
2021/02/26;0700 UTC;0;923,8;923,9;923,8;;19,5;18,4;19,7;19,4;18,8;18,2;95;93;93;134;5,2;,9;
2021/02/26;0800 UTC;0;923,8;923,8;923,6;;18,8;18,3;19,5;18,8;18,4;18;97;93;97;112;2,3;,7;
2021/02/26;0900 UTC;0;924,4;924,4;923,7;;18,9;18,4;18,9;18,7;18,4;18,2;97;96;97;149;2,7;1,1;
2021/02/26;1000 UTC;0;924,8;924,8;924,4;70,7;19,7;18,5;19,7;18,9;18,8;18,4;97;93;93;118;2,6;1,3;
2021/02/26;1100 UTC;0;925,4;925,4;924,9;323,3;20,4;19;20,4;19,7;19;18,4;94;90;92;123;3,2;1,5;
2021/02/26;1200 UTC;0;925,8;925,8;925,4;879,8;20,9;18,9;21,3;20,3;19,5;18,5;92;87;88;133;4,1;2;
2021/02/26;1300 UTC;1,8;926,4;926,4;925,8;306,7;20,1;19,3;21,1;20,1;19,5;18,3;95;86;95;131;5,3;,7;
2021/02/26;1400 UTC;,2;926;926,4;926;741,5;21,7;20,2;21,7;19,9;20,5;19,2;97;89;91;104;3,2;1,3;
2021/02/26;1500 UTC;0;925,9;926;925,9;1067,7;21,5;20;23;21,4;20,5;19;92;81;91;76;2,7;,9;
2021/02/26;1600 UTC;4,4;925,6;926;925,6;747,8;20,7;19,2;21,5;19,8;20,1;18,9;96;90;91;61;4,2;1;
2021/02/26;1700 UTC;,6;925;925,6;925;1315,3;22,1;20,4;22,1;20,6;20,8;19,3;96;88;90;118;3,6;1,7;
2021/02/26;1800 UTC;0;924,7;925;924,7;1314,1;21,6;19,7;22,6;21,6;20,7;19,5;93;85;89;140;6,4;3;
2021/02/26;1900 UTC;0;924,4;924,7;924,4;683,5;21;19,5;21,8;20,9;20,2;19,3;93;89;91;130;7;3;
2021/02/26;2000 UTC;,6;924,8;924,8;924,2;321,8;19,9;19,2;21,1;19,9;19,8;18,6;96;88;95;133;6,7;3;
2021/02/26;2100 UTC;1,4;925,7;925,7;924,8;21,6;19,9;19,4;20;19,8;19,5;19,1;97;95;97;121;6,4;1,7;
2021/02/26;2200 UTC;3;925,3;925,8;925,3;1,7;19,2;18,9;19,9;19,2;19,5;18,8;98;97;98;103;4,1;1;
2021/02/26;2300 UTC;1;925,2;925,4;925,1;;19,5;19,1;19,5;19,1;19,2;18,8;98;98;98;111;3,8;1,2;
2021/02/27;0000 UTC;0;926,6;926,6;925,2;;19,5;19;19,6;19,4;19,2;19;98;97;97;137;4,6;2;
2021/02/27;0100 UTC;0;927,2;927,2;926,6;;19,3;18,7;19,5;19,2;19;18,7;97;97;97;126;5,4;1,9;
2021/02/27;0200 UTC;0;927,5;927,5;927,2;;19,5;19;19,5;19,3;19;18,7;97;97;97;125;4;,6;
2021/02/27;0300 UTC;0;927,2;927,5;927,2;;19,5;19;19,5;19,3;19,1;18,8;97;96;97;104;2,7;1,2;
2021/02/27;0400 UTC;0;926,6;927,2;926,6;;19,4;18,9;19,6;19,4;19,1;18,9;97;96;97;102;2,9;1,1;
2021/02/27;0500 UTC;0;926,2;926,6;926,2;;19,3;18,1;19,4;19,2;18,9;18,1;97;93;93;89;2,8;1;
2021/02/27;0600 UTC;0;925,8;926,2;925,8;;19,1;18,5;19,3;19;18,5;18,1;96;93;96;134;2,8;,8;
2021/02/27;0700 UTC;0;925,6;925,8;925,5;;19,1;18,4;19,2;19;18,6;18,4;97;96;96;144;1,6;,5;
2021/02/27;0800 UTC;0;925,9;925,9;925,6;;19,1;18,8;19,2;18,9;18,8;18,4;98;96;98;171;2,9;1,5;
2021/02/27;0900 UTC;0;926,6;926,6;925,9;;19,3;18,8;19,3;19,1;18,9;18,7;98;97;97;108;3,7;1,2;
2021/02/27;1000 UTC;0;927,3;927,3;926,6;69,8;19,6;18,9;19,6;19,2;19;18,7;97;96;96;99;2,9;,6;
2021/02/27;1100 UTC;0;927,8;927,8;927,3;501,2;20,7;18,7;20,9;19,6;19,4;18,6;96;88;89;120;2,3;1,2;
2021/02/27;1200 UTC;0;928,3;928,3;927,8;1101,7;22,1;18,5;22,4;20,6;19,2;18,2;90;79;80;99;4;1,5;
2021/02/27;1300 UTC;,2;928,4;928,4;928,3;1839,8;23,4;17,5;24,6;22;19,8;17,5;84;69;70;47;4;,9;
2021/02/27;1400 UTC;0;928,3;928,5;928,3;1218,9;24,7;18,4;24,7;23,2;19,3;17;75;66;68;23;2,9;1,5;
2021/02/27;1500 UTC;0;927,9;928,3;927,9;1145,4;23,4;19;25,4;23;20,4;17,3;82;64;76;151;3,8;1,9;
2021/02/27;1600 UTC;0;927;927,9;927;2115,9;25,5;20,1;25,5;23,4;21,3;18,7;79;72;72;138;4,7;2,2;
2021/02/27;1700 UTC;12,4;926,9;927,3;926,5;2756;19,8;17,9;25,7;19,8;21,4;17,4;90;70;89;260;7,3;2;
2021/02/27;1800 UTC;14,6;926,8;926,9;926,1;187,1;20,4;19,9;21,3;19,7;20,5;18,3;97;89;97;110;7,1;2,4;
2021/02/27;1900 UTC;3,8;926,5;926,8;926,2;267,5;20,1;19,6;20,5;20;20,1;19,6;98;97;97;131;6,7;1,4;
2021/02/27;2000 UTC;1,8;926,2;926,5;925,9;136,4;19,9;19,4;20,3;19,7;19,8;19,2;97;96;97;158;5,3;3,1;
2021/02/27;2100 UTC;,8;926,2;926,4;926,1;205,1;19,9;19,4;19,9;19,6;19,4;19;97;96;97;147;7,4;3,3;
2021/02/27;2200 UTC;0;926,2;926,2;926;35,2;20;19,5;20;19,7;19,5;19,2;98;97;97;129;6,8;3,1;
2021/02/27;2300 UTC;0;927,3;927,3;926,2;,3;20;19,4;20,1;19,9;19,6;19,2;97;96;96;69;6,9;1,3;
2021/02/28;0000 UTC;0;927,6;927,6;927,3;;20;19,5;20,2;19,9;19,5;19,1;97;94;97;126;4,8;1,7;
2021/02/28;0100 UTC;,2;928;928;927,6;;19,8;19,1;20;19,7;19,6;19;97;95;96;132;4,4;1,8;
2021/02/28;0200 UTC;0;928;928,1;927,9;;19,7;19,2;19,9;19,7;19,3;19,1;97;96;97;139;3,9;1;
2021/02/28;0300 UTC;0;927,8;928,1;927,8;;19,5;19;19,7;19,5;19,2;19;97;96;97;164;2,4;1,1;
2021/02/28;0400 UTC;0;927,4;927,8;927,3;;19,7;19,1;19,8;19,5;19,2;19;97;96;96;125;2,2;,8;
2021/02/28;0500 UTC;1,4;926,9;927,4;926,9;;19,5;19,1;19,8;19,5;19,4;19,1;98;96;97;282;2,8;,3;
2021/02/28;0600 UTC;0;926,2;926,9;926,2;;19,2;18,9;19,5;19,2;19,1;18,9;98;97;98;54;1,4;,8;
2021/02/28;0700 UTC;0;925,8;926,2;925,8;;19,5;19;19,5;19,2;19,1;18,9;98;97;97;106;2,6;,9;
2021/02/28;0800 UTC;,2;925,9;925,9;925,8;;19,4;19;19,5;19,4;19,1;18,9;98;97;98;109;2,4;,6;
2021/02/28;0900 UTC;0;926,4;926,4;925,8;;19,6;18,7;19,6;19,4;19;18,7;98;95;95;69;3,1;1,1;
2021/02/28;1000 UTC;0;927,2;927,2;926,4;101,9;20;18,8;20;19,5;18,9;18,6;96;93;93;49;3,8;1,3;
2021/02/28;1100 UTC;0;927,8;927,8;927,2;802,5;21,7;19,2;21,9;20;19,8;18,8;94;84;86;49;3,9;1,5;
2021/02/28;1200 UTC;0;928;928;927,8;1481,6;22,5;18,8;22,6;21,5;19,4;18,6;87;80;80;48;5,2;2,3;
2021/02/28;1300 UTC;0;928,2;928,2;928;2373,9;24;18,5;24,7;22,2;20,2;18,2;82;70;71;80;6,5;1,7;
2021/02/28;1400 UTC;0;928;928,2;928;3032,5;25,1;18,6;25,5;23,9;20,2;18;77;66;68;84;4,7;1,5;
2021/02/28;1500 UTC;0;927,5;928;927,5;2479,2;25,7;18,1;26,2;24,8;20,5;17,6;73;61;63;82;4,7;1,7;
2021/02/28;1600 UTC;0;926,8;927,5;926,8;2414,1;25,6;18,4;26,3;25,2;20,2;17,6;72;62;64;159;4,7;2,3;
2021/02/28;1700 UTC;0;926;926,8;926;884,6;25,2;19,7;26,1;24,4;20,2;18,6;76;64;71;155;5,8;2,3;
2021/02/28;1800 UTC;19,2;925,4;926,4;925,3;799,2;19,4;18;26,1;18,6;21,5;17,4;96;71;92;147;9,3;4,1;
2021/02/28;1900 UTC;0;925,1;925,5;925,1;271,4;20,1;18,1;20,5;19,2;18,4;16,3;92;77;88;162;9,3;,8;
2021/02/28;2000 UTC;,4;925,9;925,9;925,1;55,4;19,8;19;20,4;19,3;19,1;17,7;96;87;96;335;4;,9;
2021/02/28;2100 UTC;,2;925,5;925,9;924,9;23;20,8;20,3;20,8;19,8;20,3;19,1;97;95;97;152;6,7;2,3;
2021/02/28;2200 UTC;,2;925,9;925,9;925,4;9,3;20,4;19,9;20,8;20,4;20,4;19,9;98;97;97;162;6,3;2,3;
2021/02/28;2300 UTC;0;926,5;926,5;925,9;;20,4;19,7;20,5;20,3;20;19,6;97;96;96;156;6;2,9;
2021/03/01;0000 UTC;0;927,2;927,2;926,5;;20,5;19,9;20,6;20,4;19,9;19,7;97;95;96;170;6;1,6;
2021/03/01;0100 UTC;0;927,4;927,4;927,1;,1;20,6;20,1;20,6;20,4;20,2;19,8;97;96;97;126;3,5;1,5;
2021/03/01;0200 UTC;0;927;927,4;927;;20,5;20,1;20,8;20,5;20,2;20,1;98;96;98;164;3,5;1,4;
2021/03/01;0300 UTC;0;926,8;927;926,8;;20,6;20,1;20,7;20,5;20,4;20,1;98;97;97;120;3,9;1,9;
2021/03/01;0400 UTC;0;926,4;926,8;926,4;;20,4;20;20,6;20,4;20,1;19,9;98;97;98;118;4,6;1,5;
2021/03/01;0500 UTC;0;925,8;926,4;925,8;;20,4;20;20,5;20,3;20,1;19,9;98;97;97;116;4,5;1,3;
2021/03/01;0600 UTC;0;925,1;925,8;925,1;;20,1;19,5;20,5;20,1;20;19,5;97;96;97;102;3,6;1,1;
2021/03/01;0700 UTC;0;925;925,2;925;;19,9;19,6;20,2;19,9;19,7;19,5;98;96;98;156;2,8;,7;
2021/03/01;0800 UTC;0;925,2;925,2;925;;19,9;19,6;20;19,8;19,6;19,5;98;98;98;120;1,9;,6;
2021/03/01;0900 UTC;0;925,5;925,5;925,2;;19,6;19,3;19,9;19,5;19,6;19,2;98;98;98;100;1,9;,9;
2021/03/01;1000 UTC;0;926;926;925,5;194,6;20,7;19,2;20,7;19,5;19,3;18,9;98;91;91;71;3,3;1,4;
2021/03/01;1100 UTC;0;926,5;926,5;926;1213,9;22,5;18,9;22,7;20,7;19,5;18,7;91;80;80;52;5;2,1;
2021/03/01;1200 UTC;0;927;927;926,5;1598,2;23,8;19,7;23,8;22,2;20,1;18,5;84;78;78;70;5,6;1,8;
2021/03/01;1300 UTC;0;927,1;927,1;927;1719,3;24;18,8;24,8;22,8;20,5;18,5;81;72;73;18;5,1;1,7;
2021/03/01;1400 UTC;0;926,8;927,1;926,8;3051,7;26,2;20,1;26,2;23,9;20,4;18,4;76;65;69;67;3,6;1,2;
2021/03/01;1500 UTC;,2;926,3;926,8;926,3;3647,3;26,9;18,9;27,1;25,4;20,9;18,2;71;59;62;110;3,5;1,6;
2021/03/01;1600 UTC;0;925,6;926,3;925,6;3312,9;27,7;20,9;27,8;25,8;20,9;18,3;67;58;67;113;4,4;2;
2021/03/01;1700 UTC;0;925;925,6;925;3317,5;26,8;19,7;28,1;26,8;21,3;18,4;68;58;65;106;6,1;2,6;
2021/03/01;1800 UTC;0;924,2;925;924,2;2909,8;26,3;21,2;27,9;26,3;22;19,7;75;64;74;123;7;3,3;
2021/03/01;1900 UTC;0;923,9;924,2;923,9;1695,2;24,5;20,9;26,4;24,5;22,2;20,9;82;73;81;139;8,6;4;
2021/03/01;2000 UTC;0;923,8;924;923,3;676,5;23,2;20,5;24,7;23,1;21,7;20,4;86;80;85;153;8;3,4;
2021/03/01;2100 UTC;2,6;924,7;924,7;923,8;55,2;21,8;20,9;23,2;21,8;21,4;20,5;96;85;95;169;6,2;2,1;
2021/03/01;2200 UTC;0;924,8;924,9;924,6;4,8;21,7;20,6;22;21,6;21,1;20,5;95;93;94;140;5,5;2,2;
2021/03/01;2300 UTC;0;925,4;925,4;924,8;;21,6;20,6;21,7;21,5;20,7;20,4;95;93;94;149;4,5;2;
2021/03/02;0000 UTC;0;926,2;926,2;925,4;;21,4;20,4;21,6;21,3;20,5;20;94;92;94;158;5;2;
2021/03/02;0100 UTC;0;926,6;926,7;926,2;;21,1;20,1;21,4;21,1;20,5;20;95;93;94;149;4,5;1,6;
2021/03/02;0200 UTC;0;926,6;926,8;926,6;;20,7;20,2;21,2;20,7;20,2;19,9;97;92;97;154;3,1;1;
2021/03/02;0300 UTC;0;926,6;926,8;926,5;;20,3;19,9;20,7;20,3;20,2;19,8;97;97;97;158;3;1,5;
2021/03/02;0400 UTC;0;926,2;926,6;926,2;;20,1;19,6;20,3;20,1;19,9;19,6;97;97;97;185;2,7;1,4;
2021/03/02;0500 UTC;0;925,7;926,2;925,7;;19,9;19,5;20,2;19,9;19,6;19,5;98;96;98;174;3,1;,8;
2021/03/02;0600 UTC;0;925,4;925,7;925,4;;20,1;19,8;20,2;19,9;19,8;19,5;98;98;98;144;1,8;,6;
2021/03/02;0700 UTC;0;925,4;925,4;925,3;;19,7;19,4;20,2;19,7;19,8;19,4;98;98;98;145;1,8;,4;
2021/03/02;0800 UTC;0;925,4;925,4;925,3;;19,7;19,4;19,7;19,4;19,4;19,1;98;98;98;61;1,2;,6;
2021/03/02;0900 UTC;0;926;926;925,4;;19,5;19,3;19,7;19,3;19,5;19,1;99;98;99;53;1,5;,5;
2021/03/02;1000 UTC;0;926,6;926,6;926;207;21;19,8;21;19,4;20;19,2;99;93;93;26;3,2;1,1;
2021/03/02;1100 UTC;0;927,4;927,4;926,6;1070,9;22,3;19,5;22,7;21;20,4;19,3;93;83;85;22;4,4;1,4;
2021/03/02;1200 UTC;0;927,7;927,7;927,4;1112,1;23,5;19,1;23,6;22,3;20,7;18,8;86;76;76;359;3,3;1,3;
2021/03/02;1300 UTC;0;928;928;927,7;1908,9;25,5;19;25,5;23,2;19,9;17,9;79;65;68;360;4;1,6;
2021/03/02;1400 UTC;0;927,8;928;927,7;3188,2;28;19,2;28;25,5;20,1;18;69;57;59;351;6,2;1,8;
2021/03/02;1500 UTC;0;927,4;927,8;927,4;3669,7;29,1;18;30;27,7;20,8;17,6;59;49;51;307;5,2;1,7;
2021/03/02;1600 UTC;0;926,8;927,4;926,8;3549;30,3;18,6;30,6;28,2;20;15,7;56;42;50;279;6,5;1,4;
2021/03/02;1700 UTC;0;926;926,8;926;2985,9;29,3;17;30,9;28;20,7;16,8;62;44;47;56;5;1,4;
2021/03/02;1800 UTC;0;925,2;926;925,1;2490,1;28,1;21,7;30,5;28,1;21,9;16,1;69;43;68;130;5,6;2,6;
2021/03/02;1900 UTC;0;925,5;925,5;925,1;1457;23,9;20,9;28,1;23,9;22,7;20,9;85;67;83;129;8,2;3,9;
2021/03/02;2000 UTC;19,8;925,7;926,8;925,5;99,7;19,6;19,3;23,9;18,6;21,6;16,5;98;84;98;153;8,7;2,2;
2021/03/02;2100 UTC;0;925,9;926;925,7;66,9;21,9;21,3;21,9;19,6;21,5;19,3;98;97;97;175;4,7;1,9;
2021/03/02;2200 UTC;0;926,5;926,5;925,8;14,7;21,9;21,3;22;21,8;21,5;21,2;97;96;97;151;4,3;1,8;
2021/03/02;2300 UTC;0;927,3;927,3;926,5;;21,7;21;21,9;21,7;21,4;20,9;97;95;96;145;4,8;1,5;
2021/03/03;0000 UTC;0;927,9;927,9;927,3;;21,2;20,5;21,7;21,2;21;20,5;96;95;96;147;4,3;1,7;
2021/03/03;0100 UTC;0;928,8;928,8;927,9;;20,8;20,2;21,3;20,8;20,5;20,2;97;95;97;114;3,7;,9;
2021/03/03;0200 UTC;0;928,7;928,9;928,7;;20,3;20;20,8;20,2;20,3;19,9;98;96;98;202;2;1,1;
2021/03/03;0300 UTC;0;928,3;928,8;928,3;;20,5;20,2;20,6;20,1;20,3;19,8;98;98;98;186;2;1,4;
2021/03/03;0400 UTC;0;928,1;928,3;928,1;;20,3;20;20,6;20,3;20,3;19,9;98;98;98;196;2,3;,8;
2021/03/03;0500 UTC;0;927,6;928,1;927,6;;20;19,7;20,4;20;20,1;19,7;98;98;98;131;2,1;,4;
2021/03/03;0600 UTC;0;927,3;927,6;927,3;;20,2;19,9;20,2;19,9;19,9;19,6;98;98;98;116;1;,8;
2021/03/03;0700 UTC;0;927,1;927,3;927;;20;19,7;20,3;20;20,1;19,7;98;98;98;110;1,5;,5;
2021/03/03;0800 UTC;0;927;927,2;927;;20,5;19,6;20,6;19,9;19,8;19,5;98;94;94;22;1,2;,7;
2021/03/03;0900 UTC;0;927,5;927,5;927;;20,2;19,8;20,7;20,2;19,8;19,5;97;93;97;332;1,6;,5;
2021/03/03;1000 UTC;,2;928;928;927,5;86,6;20,7;20,4;20,7;20,2;20,4;19,8;98;97;98;322;1,7;,5;
2021/03/03;1100 UTC;0;928,9;928,9;928;698,1;23,7;20,2;23,7;20,7;20,8;19,7;98;80;81;346;2,8;1,1;
2021/03/03;1200 UTC;0;929,3;929,3;928,9;1843,1;25,5;18,3;25,6;23,6;20,2;17,7;81;62;65;341;5,9;2,2;
2021/03/03;1300 UTC;0;929,4;929,5;929,3;2592,2;27;17,3;27;25,2;18,6;16,7;66;55;55;321;8,3;3,1;
2021/03/03;1400 UTC;0;929,3;929,5;929,3;3206,9;28;17,4;28;26,4;18,5;16,2;57;51;53;346;9,9;2,9;
2021/03/03;1500 UTC;0;928,9;929,3;928,9;3483,3;29,4;17,5;29,7;28;19;16,5;58;46;49;323;7,4;2,5;
2021/03/03;1600 UTC;0;928,4;928,9;928,4;3449,5;30;17,1;30,3;29,2;19,3;16;52;44;46;320;7,8;2,6;
2021/03/03;1700 UTC;0;927,6;928,4;927,6;2119,5;29,8;16,2;30,5;28,5;18,7;16,2;53;43;44;338;6,6;2,3;
2021/03/03;1800 UTC;0;926,9;927,6;926,9;2671;31,5;18,2;31,8;29,1;18,9;16,1;51;41;45;304;6,7;1,9;
2021/03/03;1900 UTC;0;926,8;927;926,6;1766,7;25,7;22,4;31,6;25,7;22,6;16,8;82;42;82;126;6,1;3,2;
2021/03/03;2000 UTC;0;927,2;927,2;926,8;260,6;23,8;21,7;25,7;23,8;22,6;21,6;89;82;88;146;8,2;3,6;
2021/03/03;2100 UTC;0;927,4;927,4;926,6;107,9;21,9;17,3;23,8;21,9;22;16,5;90;70;75;189;8,1;2,9;
2021/03/03;2200 UTC;23,6;927,6;927,7;927,2;4,4;19,3;19;21,9;19,3;19,9;17,5;98;75;98;153;8,2;1,5;
2021/03/03;2300 UTC;0;927,8;928;927,4;;19,3;19;19,3;18,9;19;18,4;98;97;98;174;5,1;1,2;
2021/03/04;0000 UTC;0;928,5;928,5;927,8;;20;19,5;20,2;19,3;19,6;19;98;96;97;128;5,6;1,1;
2021/03/04;0100 UTC;0;928,4;928,6;928,4;;20,4;19;20,5;20;19,7;18,7;97;90;92;131;3,2;,9;
2021/03/04;0200 UTC;0;928,5;928,6;928,4;;20;19,4;20,5;20;19,5;18,9;96;92;96;121;2;,9;
2021/03/04;0300 UTC;0;928,3;928,5;928,2;;20,3;19,8;20,3;20;19,8;19,4;97;96;97;212;1,8;1;
2021/03/04;0400 UTC;0;928;928,4;928;;20,2;19,7;20,5;20,1;20;19,5;97;95;97;360;1,6;,4;
2021/03/04;0500 UTC;0;927,3;928;927,3;;20;19,7;20,3;19,9;19,9;19,5;98;97;98;301;1,1;,4;
2021/03/04;0600 UTC;0;926,8;927,4;926,8;;19,9;19,6;20,1;19,9;19,7;19,6;98;98;98;49;1,3;,2;
2021/03/04;0700 UTC;0;926,6;926,9;926,6;;20,3;19,7;20,4;19,9;19,9;19,6;98;96;96;356;1,6;,6;
2021/03/04;0800 UTC;0;926,5;926,7;926,5;;20,8;19,5;20,8;20,2;19,7;19,3;96;92;93;340;1,5;,9;
2021/03/04;0900 UTC;0;926,5;926,6;926,4;;20,1;19,8;20,8;20;19,8;19,6;98;93;98;10;1,7;,5;
2021/03/04;1000 UTC;0;926,8;926,8;926,5;116,3;20,7;20,2;20,7;20;20,2;19,7;98;97;97;302;1,8;,7;
2021/03/04;1100 UTC;0;927;927;926,8;828,8;23;19,8;23,1;20,7;20,9;19,4;97;81;82;336;3,5;1,9;
2021/03/04;1200 UTC;0;927,3;927,3;927;1716,8;25,3;19,6;25,3;22,9;20,3;18,9;82;70;71;331;5;2;
2021/03/04;1300 UTC;0;927;927,4;927;2580,2;27;18,6;27;25,3;20,3;17,7;71;58;60;328;8,4;2,7;
2021/03/04;1400 UTC;0;926,7;927;926,7;2759,9;27,7;18,5;28,5;27;19,7;17,8;63;54;58;323;8,4;3,3;
2021/03/04;1500 UTC;0;926,2;926,7;926,2;2915,8;29,7;18,6;29,8;26,9;19,9;17,4;62;51;51;316;9,9;3,4;
2021/03/04;1600 UTC;0;925,8;926,3;925,8;2399,7;28,9;18,4;30,4;27,9;20;17,8;59;49;53;315;10,3;3,6;
2021/03/04;1700 UTC;0;925;925,8;925;2556,2;27,2;18,4;30,9;27,2;20,8;17,7;59;49;59;321;10,3;3,2;
2021/03/04;1800 UTC;0;924,5;925,1;924,5;877,1;24,3;21,2;27,7;24,3;21,3;18;83;55;83;336;9,8;3,6;
2021/03/04;1900 UTC;,2;924,9;924,9;924,3;633,6;24,2;20,8;25,6;24,2;21,4;19,1;84;67;82;318;8,3;1,8;
2021/03/04;2000 UTC;3,2;925,2;925,7;924,9;26,1;20,5;20;24,6;20,5;20,1;17,5;97;66;97;296;10,5;1,7;
2021/03/04;2100 UTC;1,2;924,6;925,2;924,6;23,8;20,3;19,9;20,7;20,2;20,2;19,8;98;97;98;298;5,7;,5;
2021/03/04;2200 UTC;,2;924,7;924,7;924,5;4,7;20,3;20;20,3;20,1;20;19,8;98;98;98;304;3,8;1;
2021/03/04;2300 UTC;0;924,8;924,8;924,7;;20,4;19,5;20,4;20,2;20;19,5;98;95;95;312;6;1,9;
2021/03/05;0000 UTC;0;925,4;925,4;924,8;;20,7;19,3;20,8;20,4;19,6;19,2;95;90;92;314;6,8;2,4;
2021/03/05;0100 UTC;0;925,3;925,5;925,3;;20,9;19,2;20,9;20,5;19,4;19,1;92;89;90;318;7,5;2,6;
2021/03/05;0200 UTC;0;924,8;925,3;924,8;;20,9;19,4;21,1;20,7;19,6;19,2;93;89;91;324;9,3;2,6;
2021/03/05;0300 UTC;0;924,5;924,9;924,5;;20,6;18,9;21,1;20,5;19,5;18,8;92;88;90;322;7,9;1,9;
2021/03/05;0400 UTC;0;923,7;924,6;923,7;;20,2;18,8;20,6;20,2;19;18,5;92;88;92;313;6,8;1,4;
2021/03/05;0500 UTC;0;922,8;923,7;922,8;;20,3;18,5;20,5;20,1;18,9;18,3;92;87;90;317;8;2,4;
2021/03/05;0600 UTC;0;922,4;922,8;922,4;;20,1;18,6;20,4;19,7;18,7;18,3;94;88;91;321;8;2;
2021/03/05;0700 UTC;0;922,2;922,4;922,1;;19,8;18,4;20,3;19,8;18,6;18,2;92;88;92;318;7,6;1,3;
2021/03/05;0800 UTC;0;921,8;922,2;921,8;;19,9;18,2;19,9;19,7;18,5;18,2;93;90;90;328;5,1;2,3;
2021/03/05;0900 UTC;0;922;922;921,7;;19,7;18,8;20,1;19,7;18,8;18,2;94;89;94;322;5,4;1,7;
2021/03/05;1000 UTC;0;922,3;922,3;922;29,9;20,1;18,9;20,1;19,7;18,9;18,6;94;92;92;325;6,6;1,7;
2021/03/05;1100 UTC;0;922,6;922,6;922,3;181,8;21,1;18,9;21,1;20,1;19,2;18,8;94;87;87;325;6,8;2,4;
2021/03/05;1200 UTC;0;922,8;922,8;922,6;402,6;22;18,9;22,1;21,1;19,3;18,7;88;81;83;312;11;3,3;
2021/03/05;1300 UTC;0;922,8;922,8;922,5;954,2;22,5;19,5;23,2;22;19,8;18,8;83;78;83;316;11;3,1;
2021/03/05;1400 UTC;0;922,1;922,9;922,1;1412,1;22,8;20,2;23;21,8;21;19,8;93;84;85;327;10,4;2,9;
2021/03/05;1500 UTC;0;921,6;922,1;921,6;772,2;23;19,8;23,3;22,4;20,8;19,6;87;81;82;318;9,2;2,9;
2021/03/05;1600 UTC;0;921;921,6;921;687,8;23,6;19,7;23,6;23;20,2;19,4;83;78;79;319;13;3,1;
2021/03/05;1700 UTC;0;920,4;921;920,3;2224,3;26;19,8;27,1;23,6;21,1;19,1;80;65;69;317;11,9;4,3;
2021/03/05;1800 UTC;0;920,1;920,5;920,1;1445,7;26;19,3;26,2;24,7;20,4;19;73;66;67;300;11,9;2,9;
2021/03/05;1900 UTC;0;919,9;920,2;919,9;1461,9;25,9;18,9;26,2;24,1;19,8;18,6;74;63;65;314;11,5;3,2;
2021/03/05;2000 UTC;0;920,2;920,2;919,9;852,4;24,6;18,7;25,9;24,6;19,3;18;71;63;69;304;9,6;2,3;
2021/03/05;2100 UTC;0;920,5;920,6;920,1;314,5;23,6;18;24,7;23,5;18,7;17,7;74;66;71;313;8,3;2,3;
2021/03/05;2200 UTC;,2;920,8;920,8;920,2;12,2;21,7;19,5;23,7;21,7;19,5;17,7;87;69;87;309;8,8;2,4;
2021/03/05;2300 UTC;1;921,3;921,3;920,8;;20,9;19,8;21,7;20,9;20,1;19,4;94;87;93;319;7;1,9;
2021/03/06;0000 UTC;0;921,9;922;921,3;;21,5;19,6;21,5;20,9;20;19,6;95;89;89;323;7,4;2,6;
2021/03/06;0100 UTC;,2;922,3;922,3;921,9;;21;20;21,6;21;20;19,6;94;89;94;309;6,9;1,6;
2021/03/06;0200 UTC;1,4;922,1;922,4;922,1;;20,5;20,1;21;20,5;20,3;20;97;94;97;326;6,5;2,3;
2021/03/06;0300 UTC;,2;922,1;922,2;922,1;;20,3;19,7;20,5;20,3;20,1;19,7;97;96;96;312;6,5;1,6;
2021/03/06;0400 UTC;0;921,8;922,2;921,8;;20,4;20;20,5;20,3;20;19,7;97;96;97;322;4,9;1,2;
2021/03/06;0500 UTC;0;921,3;921,8;921,3;;20,6;19,5;20,6;20,1;19,9;19,5;98;94;94;306;5,1;1,5;
2021/03/06;0600 UTC;19;921,1;921,5;921,1;;19,7;19,4;20,6;19,7;19,9;19,4;98;94;98;326;5;1,5;
2021/03/06;0700 UTC;5;921;921,3;921;0;19,4;19,1;19,7;19,3;19,4;19;98;98;98;307;6,2;1,2;
2021/03/06;0800 UTC;0;920,9;921,3;920,9;;19,8;19,5;19,9;19,4;19,7;19,1;98;98;98;317;4,2;1,3;
2021/03/06;0900 UTC;,2;921,6;921,6;920,9;;19,8;19,6;19,8;19,6;19,6;19,4;98;98;98;326;6,2;2,4;
2021/03/06;1000 UTC;,2;922,4;922,4;921,6;28,5;19,8;19,5;20;19,8;19,7;19,5;98;98;98;323;6,2;1,9;
2021/03/06;1100 UTC;0;923,1;923,1;922,4;193;20,2;19,9;20,2;19,7;19,9;19,4;98;98;98;319;4,9;,9;
2021/03/06;1200 UTC;,2;923,6;923,6;923,1;349,5;20,8;20,3;20,8;19,9;20,4;19,6;98;97;97;320;5,2;1,4;
2021/03/06;1300 UTC;0;923,9;923,9;923,6;701;21,4;20,3;21,6;20,7;20,8;20;97;92;94;322;5,2;2;
2021/03/06;1400 UTC;0;923,7;923,9;923,7;1833,7;23,6;20,9;24;21,4;21,7;20,1;95;81;85;321;7;2,7;
2021/03/06;1500 UTC;0;923,4;923,7;923,4;1947,8;24,5;20,5;24,9;22,8;21,8;20;87;78;78;313;7;2,5;
2021/03/06;1600 UTC;1,2;922,8;923,4;922,8;1684,8;24,2;20,7;24,8;22,3;22,5;20;95;77;81;304;7;1,9;
2021/03/06;1700 UTC;0;922,4;922,8;922,4;2461,5;25,1;20,7;26,3;23,9;22,7;20,1;86;72;77;317;6,9;2,6;
2021/03/06;1800 UTC;,2;922;922,4;922;1380,7;24,5;21,2;25,2;23,8;21,4;19,9;84;76;82;286;6,9;1,3;
2021/03/06;1900 UTC;0;922;922;921,9;1143,3;21,9;19,5;25;21,9;21,3;18,9;87;71;86;166;6;2;
2021/03/06;2000 UTC;0;922,3;922,4;922;603,9;20,7;19,3;21,9;20,7;19,9;18,9;93;86;92;152;7;3,5;
2021/03/06;2100 UTC;3,8;923;923,1;922,2;107,1;19,8;19,3;20,8;19,8;19,7;19,1;97;92;97;167;6,9;1,9;
2021/03/06;2200 UTC;5,2;923,4;923,4;923;2,8;19,6;19,3;19,9;19,5;19,4;19,1;98;97;98;125;4,9;1,5;
2021/03/06;2300 UTC;0;924;924,1;923,4;;19,7;19,3;19,7;19,5;19,5;19,2;98;98;98;147;3,6;1,8;
2021/03/07;0000 UTC;0;924,8;924,8;923,8;;19,7;19,3;19,8;19,5;19,5;19,2;98;98;98;148;3,3;,8;
2021/03/07;0100 UTC;0;925,2;925,2;924,8;;19,4;19,1;19,9;19,3;19,5;19;98;98;98;44;2,5;,6;
2021/03/07;0200 UTC;0;925,4;925,4;925,2;;19,5;19,1;19,7;19,3;19,4;19;98;98;98;66;2,4;,5;
2021/03/07;0300 UTC;0;925,1;925,4;925,1;;19,6;18,9;19,8;19,5;19,4;18,8;98;95;96;128;2,9;1,1;
2021/03/07;0400 UTC;0;924,5;925,2;924,4;,2;19,7;18,9;19,7;19,5;19,1;18,7;96;95;95;98;2,5;1,1;
2021/03/07;0500 UTC;0;924;924,5;924;,1;19,8;19;19,8;19,6;19,2;18,8;97;95;95;60;2,7;1;
2021/03/07;0600 UTC;0;923,5;924;923,5;,1;19,9;19,2;19,9;19,7;19,2;18,8;96;94;96;141;2,9;,8;
2021/03/07;0700 UTC;0;923,6;923,6;923,5;;19,6;19,1;19,9;19,5;19,3;19;97;96;97;153;1,7;,6;
2021/03/07;0800 UTC;0;924;924;923,6;;19,5;19,1;19,7;19,5;19,3;19,1;98;97;98;28;1,3;,2;
2021/03/07;0900 UTC;0;924,4;924,4;924;;19,7;19,2;19,7;19,4;19,2;18,9;98;97;97;120;1,4;,5;
2021/03/07;1000 UTC;0;925;925;924,4;53,6;19,9;19;19,9;19,6;19,4;18,8;97;94;94;106;2,1;1;
2021/03/07;1100 UTC;0;925,6;925,6;925;223,6;20,5;19,6;20,5;19,9;19,7;19;95;94;95;23;2,6;,5;
2021/03/07;1200 UTC;0;926,3;926,3;925,6;922,4;22,3;19,3;22,6;20,5;20;19;95;81;83;47;2,3;,7;
2021/03/07;1300 UTC;0;926,4;926,4;926,2;1980,2;23;19,1;23,7;22;20,7;18,7;87;77;79;42;4,1;1,7;
2021/03/07;1400 UTC;,2;926,4;926,6;926,3;1041,6;23,1;19,3;23,7;22,6;20,2;18,5;83;74;79;105;3,6;,9;
2021/03/07;1500 UTC;1;925,6;926,4;925,6;421,9;20,4;19,5;23;20,3;20,5;19;96;78;95;159;7;2,4;
2021/03/07;1600 UTC;0;925,4;925,9;925,4;1424,3;22,4;20;22,5;20,4;20,4;18,8;96;86;86;158;5,9;3;
2021/03/07;1700 UTC;0;924,6;925,5;924,5;2854,6;22,9;19,4;23,2;22;20,5;18,9;87;79;81;138;6,2;2,7;
2021/03/07;1800 UTC;0;923,9;924,6;923,9;2685,9;22,5;19,6;23,9;22,3;20,5;19,1;85;77;84;150;7,5;3,7;
2021/03/07;1900 UTC;0;923,5;924,2;923,5;310,2;20,6;19,3;22,5;20,5;19,9;18,6;93;80;93;135;7,5;2,7;
2021/03/07;2000 UTC;0;924,8;924,8;923,5;272,1;20,7;19,5;20,7;20,3;19,7;19;95;92;93;114;5,6;2,4;
2021/03/07;2100 UTC;0;924,6;924,9;924,6;133,1;20,2;19,3;20,7;20,2;19,6;19;95;91;95;116;5,4;1,7;
2021/03/07;2200 UTC;,2;925,2;925,2;924,6;22,7;19,9;19,5;20,4;19,9;19,8;19,2;97;95;97;145;4,7;1,9;
2021/03/07;2300 UTC;0;925,8;925,8;925,2;;19,7;19,1;19,9;19,6;19,6;19;98;96;96;129;5;2,6;
2021/03/08;0000 UTC;0;926,1;926,1;925,7;;19,6;18,7;19,8;19,5;19;18,5;96;94;94;123;6,9;1,5;
2021/03/08;0100 UTC;0;926,1;926,2;926;;19,7;18,6;19,7;19,4;18,7;18,5;95;93;93;169;3,8;1,3;
2021/03/08;0200 UTC;0;926,2;926,2;926,1;;19,6;18,7;19,7;19,5;18,7;18,3;94;93;94;156;4,6;2,2;
2021/03/08;0300 UTC;0;925,9;926,3;925,9;;19,5;18,7;19,7;19,5;18,8;18,4;95;93;95;103;4,6;1,3;
2021/03/08;0400 UTC;0;925,3;925,9;925,3;;19,4;18,7;19,5;19,4;18,8;18,6;96;95;96;116;2,9;1,2;
2021/03/08;0500 UTC;0;924,8;925,3;924,8;;19,6;18,5;19,7;19,4;18,8;18,3;96;93;93;128;3,6;1,7;
2021/03/08;0600 UTC;0;924,6;924,9;924,5;;19,2;18,3;19,6;19,2;18,5;18,2;95;93;94;85;3,6;1,3;
2021/03/08;0700 UTC;0;924,6;924,6;924,4;;19,3;18,5;19,3;19,1;18,7;18,2;96;94;95;80;2,5;,5;
2021/03/08;0800 UTC;0;924,8;924,8;924,5;;19,4;18,2;19,5;19,3;18,5;18,2;95;92;92;61;1,8;,3;
2021/03/08;0900 UTC;0;925,1;925,1;924,8;;19,3;18,1;19,7;19,3;18,5;18;93;90;93;110;2,3;,9;
2021/03/08;1000 UTC;0;925,7;925,7;925,1;51,7;19;18,3;19,3;18,8;18,3;17,9;96;93;96;172;2,3;,2;
2021/03/08;1100 UTC;0;926,5;926,6;925,7;722,3;21,2;18,7;21,8;19;19;18;96;81;86;32;3,2;1,1;
2021/03/08;1200 UTC;0;926,6;926,7;926,5;1709,3;23,3;18,8;23,4;20,9;19,5;18;87;76;76;74;3,4;,9;
2021/03/08;1300 UTC;0;926,9;926,9;926,6;2356,4;23,9;18,4;23,9;22,6;20,1;18;82;70;71;154;3,7;1;
2021/03/08;1400 UTC;0;926,8;926,9;926,8;2295,3;24,5;18,2;25;23,1;19,3;17,8;76;67;68;171;2,7;1,1;
2021/03/08;1500 UTC;0;926,2;926,9;926,2;2580,7;25,6;18,7;26,1;24,2;19;17,5;71;62;65;122;4,3;2,4;
2021/03/08;1600 UTC;0;925,8;926,3;925,8;1540,3;24,8;19,9;26,1;23,5;20,5;18;81;62;74;133;6,1;2,4;
2021/03/08;1700 UTC;0;925,1;925,8;925,1;2262,8;23,9;19,7;26;23,8;21,3;19,2;78;71;77;148;7,6;3,4;
2021/03/08;1800 UTC;0;924,5;925,1;924,5;2049,5;23,2;19,7;25,4;23,2;20,7;18,4;82;69;81;146;8,2;3,4;
2021/03/08;1900 UTC;0;924,4;924,5;924;1715,1;22,9;19,3;24,3;22,7;20,5;18,8;82;76;80;156;8,9;4,3;
2021/03/08;2000 UTC;0;924,6;924,6;924,1;1048;22;19;23,2;22;19,7;18,8;85;77;83;122;7,5;3,4;
2021/03/08;2100 UTC;0;924,7;924,8;924,6;252,4;21,4;19,4;22,1;21,3;19,6;18,7;89;83;88;145;7,3;1,8;
2021/03/08;2200 UTC;0;925,1;925,2;924,7;28,7;20,8;19,1;21,4;20,8;19,2;18,8;90;87;90;134;6,3;2,4;
2021/03/08;2300 UTC;0;925,7;925,7;925;;20,1;18,8;20,8;20,1;19,3;18,7;93;90;92;127;5,5;2,1;
2021/03/09;0000 UTC;0;926,7;926,7;925,7;;19,6;18,6;20,2;19,6;19,2;18,5;94;92;94;131;4,4;1,2;
2021/03/09;0100 UTC;0;926,6;926,7;926,5;;19,3;18,5;19,7;19,2;18,6;18,4;96;93;95;99;3,6;1,3;
2021/03/09;0200 UTC;0;926;926,6;926;;18,9;18,5;19,3;18,9;18,6;18,4;97;95;97;140;2,6;,6;
2021/03/09;0300 UTC;0;925,7;926;925,7;;18,5;18,2;18,9;18,5;18,6;18,1;98;97;98;148;1,6;,5;
2021/03/09;0400 UTC;0;925,1;925,7;925,1;;19;18,7;19;18,3;18,7;18,1;98;98;98;128;1,6;,7;
2021/03/09;0500 UTC;0;924,6;925,1;924,5;;18,2;17,9;19;18,2;18,7;17,9;98;98;98;176;1,6;,4;
2021/03/09;0600 UTC;0;923,8;924,6;923,8;;18,3;18,1;18,3;18,1;18,1;17,8;98;98;98;29;1,7;,9;
2021/03/09;0700 UTC;0;923,6;923,8;923,5;;18;17,7;18,5;18;18,2;17,7;99;98;98;335;2,6;,7;
2021/03/09;0800 UTC;0;923,6;923,6;923,4;;18,2;17,8;18,4;18;18;17,7;98;97;98;21;2,6;,6;
2021/03/09;0900 UTC;0;924;924;923,6;;18,3;17,7;18,4;18,2;18;17,7;98;96;96;20;3;1;
2021/03/09;1000 UTC;0;924,6;924,6;924;83,4;18,9;18,1;18,9;18,3;18,1;17,8;97;95;95;17;3,2;1;
2021/03/09;1100 UTC;0;925,1;925,2;924,6;492,5;20,1;18,2;20,1;18,8;18,4;17,7;95;88;89;53;3,9;1,4;
2021/03/09;1200 UTC;0;925,3;925,4;925,1;1524,6;22,1;18,1;22,5;19,9;19,2;17,6;91;78;78;27;3,7;1,1;
2021/03/09;1300 UTC;0;925,3;925,4;925,2;2560,3;24,6;19;24,9;21,7;20,4;17,6;81;68;71;318;3,4;1,1;
2021/03/09;1400 UTC;0;925;925,3;925;3048,9;26,6;18,8;27;23,8;19,4;17,2;72;57;62;264;3,5;1;
2021/03/09;1500 UTC;0;924,4;925,1;924,4;3493,5;27,7;17,1;27,7;26,4;18,9;14,3;62;45;52;229;3,2;1,2;
2021/03/09;1600 UTC;0;923,5;924,4;923,5;2925,5;27;15;28,7;26,4;18;14,2;55;44;48;115;3,6;1,5;
2021/03/09;1700 UTC;0;922,5;923,5;922,5;3020,4;27,7;16,5;28,2;26,6;18,6;15,2;58;45;51;113;3,9;2,2;
2021/03/09;1800 UTC;0;921,3;922,5;921,3;2145,6;25,6;20,3;28,2;25,5;20,6;16,1;74;48;73;128;5,9;2,4;
2021/03/09;1900 UTC;0;921,3;921,7;921;805;20,6;14,6;26,3;20,5;21;14,5;79;65;68;170;10,5;5;
2021/03/09;2000 UTC;0;921,3;921,5;921,1;773,7;21,8;20;22;19,6;20,1;13,5;90;67;90;165;12,9;3;
2021/03/09;2100 UTC;,8;923,4;923,4;921,4;84,7;18,4;17,2;21,8;18,4;20,3;14,5;92;71;92;264;11,6;1,9;
2021/03/09;2200 UTC;2,8;923,5;923,7;923,3;;18,9;16,2;19;17,7;17,8;14,4;96;77;84;275;6,3;1,6;
2021/03/09;2300 UTC;0;922,8;923,5;922,8;;17,9;16,5;19,3;17,6;17,1;15,1;95;76;92;58;6,6;,9;
2021/03/10;0000 UTC;,2;924,9;925,1;922,7;;17,4;15,9;19,2;17,4;17,4;15,6;93;79;91;172;12,3;2;
2021/03/10;0100 UTC;0;924,6;925,1;924,5;;17,4;16,5;17,7;17,3;16,6;15,8;94;90;94;101;4,6;,7;
2021/03/10;0200 UTC;0;924,4;924,6;924,3;;17,4;16,9;17,7;17,3;17,2;16,4;97;94;96;88;2,4;,3;
2021/03/10;0300 UTC;0;924,5;924,7;924,3;;17,6;16,6;17,6;17,1;17;16,6;97;94;94;177;5,1;2,4;
2021/03/10;0400 UTC;0;924,3;924,6;924,3;;16,7;15;17,6;16,7;16,5;14,8;94;88;90;171;5,7;1,9;
2021/03/10;0500 UTC;0;923,9;924,3;923,7;;16,4;15,4;16,7;16,4;15,5;15;94;90;94;131;3,7;,5;
2021/03/10;0600 UTC;0;923,3;924;923,3;;16,4;15,1;16,4;16;15,5;15;95;92;92;182;2,9;1;
2021/03/10;0700 UTC;0;923,1;923,3;923;;15,3;14,8;16,5;15,3;15,2;14,7;97;92;97;237;3;,3;
2021/03/10;0800 UTC;0;923,4;923,4;923,1;;15;14,6;15,3;15;14,8;14,6;98;97;98;231;1,4;,3;
2021/03/10;0900 UTC;0;923,7;923,7;923,4;;15;14,7;15,3;15;14,9;14,6;98;97;98;221;1,2;,2;
2021/03/10;1000 UTC;0;924;924;923,7;175,4;16,5;16;16,6;14,7;16,2;14,4;98;97;97;263;1,4;,3;
2021/03/10;1100 UTC;0;924,3;924,3;924;991,8;19;14,9;19,1;16,5;16,4;14,5;97;76;77;179;2,6;1,2;
2021/03/10;1200 UTC;0;924,5;924,5;924,3;1856,8;20,4;15,1;20,6;19;15,6;14,1;77;69;72;166;3,4;1,6;
2021/03/10;1300 UTC;0;924,7;924,8;924,5;2612,5;22,5;16,6;22,5;20;16,6;14,1;72;63;69;78;3,5;,9;
2021/03/10;1400 UTC;,2;924,5;924,7;924,5;3174,1;22,9;15,9;23,4;21,7;17,4;14,5;72;62;65;98;4,2;2;
2021/03/10;1500 UTC;0;923,9;924,5;923,9;3467,4;24,8;16,5;25,1;22,8;17,7;14,3;68;53;60;177;4;1,2;
2021/03/10;1600 UTC;0;923;923,9;923;3555,1;26,6;17;27,4;24,8;17,7;15,4;61;50;56;248;4,6;1,6;
2021/03/10;1700 UTC;0;922,6;923;922,5;3546,1;25,7;18;28,1;25,7;18,2;15,7;63;48;63;174;6,8;2;
2021/03/10;1800 UTC;0;922,2;922,6;922,1;2553;23,5;18,7;25,6;23,2;20;17,6;78;63;75;155;7,5;3,6;
2021/03/10;1900 UTC;0;922;922,2;921,9;2061,7;22,3;19,1;24,3;22,3;20,2;18,4;83;72;82;123;7,9;3,8;
2021/03/10;2000 UTC;0;922,4;922,4;922;858;20,8;19,1;22,9;20,6;19,9;18,8;91;81;90;119;7,8;3,2;
2021/03/10;2100 UTC;0;922,9;922,9;922,3;119,3;19,8;18,4;20,8;19,8;19,1;18,3;93;89;91;148;7,5;2,3;
2021/03/10;2200 UTC;0;923;923,1;922,8;10,5;19,6;18,4;19,9;19,6;18,8;18,3;94;91;93;129;5,4;2;
2021/03/10;2300 UTC;0;923,7;923,7;923;;19,4;18,4;19,7;19,4;18,5;18,2;94;92;94;136;5,4;2,2;
2021/03/11;0000 UTC;0;924,3;924,3;923,7;;19,4;18,4;19,4;19,2;18,7;18,2;96;93;94;114;4,7;1,9;
2021/03/11;0100 UTC;0;924,6;924,6;924,3;;19,5;18,6;19,5;19;18,6;18,3;96;94;95;126;3,3;1,1;
2021/03/11;0200 UTC;0;924,3;924,6;924,3;;19,7;18,5;19,7;19,4;18,6;18,3;95;92;93;124;3,3;1,1;
2021/03/11;0300 UTC;0;924,2;924,3;924,2;;19,7;18,1;19,8;19,6;18,6;18;93;90;90;119;3;1,4;
2021/03/11;0400 UTC;0;923,8;924,2;923,8;;20;17,6;20,1;19,6;18,2;17,4;91;85;86;103;3,7;1,4;
2021/03/11;0500 UTC;0;923,6;923,8;923,5;;19,8;17,4;20,1;19,8;17,6;17,2;86;83;86;89;3,7;1;
2021/03/11;0600 UTC;0;923,1;923,6;923;;19,4;17,8;19,9;19,4;17,9;17,4;91;86;91;109;2,3;1;
2021/03/11;0700 UTC;0;922,9;923,1;922,7;;19,3;17,1;19,5;19,3;18,1;17;92;85;87;49;3;1,1;
2021/03/11;0800 UTC;0;923,3;923,3;922,9;;19,1;16,7;19,5;19,1;17,3;16,7;88;85;86;42;3,7;1,5;
2021/03/11;0900 UTC;0;923,6;923,6;923,3;;19,1;17,3;19,2;19;17,3;16,7;90;86;89;16;4,4;,8;
2021/03/11;1000 UTC;0;924,1;924,1;923,6;117,1;19,9;17,6;19,9;19,1;17,8;17,3;89;86;86;25;4,2;1,5;
2021/03/11;1100 UTC;0;924,7;924,8;924,1;853,1;22;18,5;22;19,9;18,5;17,5;86;80;81;32;4,5;1,6;
2021/03/11;1200 UTC;0;925,4;925,4;924,7;1067,7;22,8;18,3;22,8;21,5;18,7;17,8;82;75;76;10;3,8;1,3;
2021/03/11;1300 UTC;0;925,4;925,5;925,4;2501,5;25,7;17,7;25,8;22,8;18,9;17,7;76;61;61;341;4,7;2;
2021/03/11;1400 UTC;0;925,5;925,5;925,4;2564,3;27,6;19;27,6;25,2;19;17,3;67;55;59;347;5,3;1,9;
2021/03/11;1500 UTC;0;925,2;925,5;925,2;1937;28,6;17,7;28,9;26,1;19,6;17,2;66;52;52;330;7;2,1;
2021/03/11;1600 UTC;0;924,4;925,2;924,4;2221,4;30;18,3;30,2;26,8;19,5;16,7;61;47;49;307;7;2,4;
2021/03/11;1700 UTC;0;924,1;924,4;924;2536,4;28,1;18,4;30,7;28,1;19,4;17,2;56;47;56;303;7;1,9;
2021/03/11;1800 UTC;0;923,9;924,1;923,3;244;26,1;17,5;28,1;25,2;20,2;17,4;70;55;59;267;5,1;1;
2021/03/11;1900 UTC;2,8;924,1;924,7;923,9;905,1;23,5;18,6;26,4;19,6;19,7;14,3;94;54;74;235;12,9;1,2;
2021/03/11;2000 UTC;0;925;925,2;923,9;980;22,5;18,8;23,7;21,6;19,6;17,6;86;70;80;69;5,3;1,8;
2021/03/11;2100 UTC;0;924,6;925,1;924,4;139,7;21,9;18,9;22,8;21,9;18,9;17,8;83;74;83;141;5,3;,9;
2021/03/11;2200 UTC;0;925;925;924,6;1,5;21,6;18,7;22;21,6;19,6;18,5;88;81;83;119;2,4;,5;
2021/03/11;2300 UTC;0;925,2;925,2;924,8;;21,4;20,3;21,8;21;20,3;18,6;93;83;93;109;1,9;,6;
2021/03/12;0000 UTC;0;926,1;926,1;925,2;;21,1;20,2;21,5;20,9;20,5;20,2;96;93;94;219;1,3;,4;
2021/03/12;0100 UTC;0;926,6;926,6;926,1;;21,2;20,2;21,2;20,7;20,4;19,8;96;94;94;247;3,2;,7;
2021/03/12;0200 UTC;0;926,9;926,9;926,4;;20,9;19,8;21,1;20,7;20,2;19,7;94;93;93;280;2,5;,7;
2021/03/12;0300 UTC;0;926,9;927;926,7;;20;19,6;20,9;20;20,2;19,5;98;93;98;150;8;2,7;
2021/03/12;0400 UTC;0;926,6;926,9;926,5;;20,1;19,6;20,2;20;19,7;19,5;98;96;97;159;6,4;1;
2021/03/12;0500 UTC;0;926,1;926,6;926,1;;20,4;19,7;20,4;20;19,8;19,5;97;96;96;105;4,5;1,7;
2021/03/12;0600 UTC;0;925,9;926,1;925,8;;20,1;19,4;20,4;20,1;19,8;19,4;96;95;96;99;3,9;,8;
2021/03/12;0700 UTC;0;925,8;925,9;925,8;;20,1;19,5;20,2;20;19,6;19,4;97;96;97;83;1,8;,5;
2021/03/12;0800 UTC;0;925,3;925,8;925,3;;20,1;19,4;20,3;20;19,7;19,4;97;96;96;107;3,2;1,7;
2021/03/12;0900 UTC;0;925,9;925,9;925,3;;19,8;19,3;20,3;19,8;19,4;19,2;97;94;97;148;3,2;,8;
2021/03/12;1000 UTC;0;926,7;926,7;925,9;98,3;20,4;19,6;20,4;19,6;19,6;19,1;98;96;96;111;2;,8;
2021/03/12;1100 UTC;0;927,2;927,2;926,7;842,7;22,2;19,6;22,3;20,4;20,2;19,3;95;85;85;109;2,9;1,5;
2021/03/12;1200 UTC;0;927,7;927,7;927,2;1542,8;23,2;19,4;23,2;22,2;20,4;19,4;87;79;79;154;2,9;1,2;
2021/03/12;1300 UTC;0;928;928;927,7;2580,7;25,5;19,8;26,1;23,2;20,8;19,1;82;69;71;101;2,9;1;
2021/03/12;1400 UTC;0;927,9;928;927,9;2341,1;26,2;20,4;26,8;25,4;22,4;19,2;78;66;70;17;2,7;1,1;
2021/03/12;1500 UTC;0;927,3;927,9;927,3;2075,3;26,5;20,7;27,3;25,5;21,8;19,2;75;65;70;113;4,1;2,2;
2021/03/12;1600 UTC;0;926,7;927,3;926,7;3233;26,2;20,5;27,4;26,2;21,8;20,1;74;67;71;115;6,6;2,9;
2021/03/12;1700 UTC;0;926,3;926,8;926,3;2100,5;26,2;21,9;26,2;24,9;22;20,5;81;71;77;142;7;3,2;
2021/03/12;1800 UTC;0;926;926,3;925,9;1219,4;25;21,6;26,3;24;22;20,6;84;75;81;154;7,7;3,4;
2021/03/12;1900 UTC;0;925,8;926,1;925,7;1776,4;23,1;21;25,1;23,1;21,9;20,6;89;79;88;138;8,2;3,1;
2021/03/12;2000 UTC;0;925,7;925,9;925,7;707,6;23,1;20,6;23,6;23;21,3;20,5;89;85;86;153;7,3;3,8;
2021/03/12;2100 UTC;0;926,1;926,2;925,7;234,7;22,1;20,6;23,4;22;21,1;20,5;92;85;92;142;7,3;3;
2021/03/12;2200 UTC;0;926,5;926,6;926,1;12;21,9;21;22,1;21,8;21;20,4;95;91;95;135;6,5;2,1;
2021/03/12;2300 UTC;0;926,9;926,9;926,5;;21,4;20,5;21,9;21,4;20,8;20,5;95;92;94;116;5,7;2,9;
2021/03/13;0000 UTC;0;927,8;927,8;926,9;;21,5;20,2;21,6;21,4;20,6;20;95;92;93;130;5,7;1,9;
2021/03/13;0100 UTC;0;928,2;928,2;927,8;;20,5;19,5;21,5;20,5;20,2;19,3;94;89;94;121;5,4;1,1;
2021/03/13;0200 UTC;0;928,3;928,3;928,2;;20,1;19,5;20,5;20;19,5;19,3;97;94;96;106;3,4;1;
2021/03/13;0300 UTC;0;928,4;928,4;928,1;;20;19,6;20,3;19,8;19,7;19,3;98;96;98;123;3,8;,7;
2021/03/13;0400 UTC;0;927,9;928,4;927,9;;20;19,6;20,1;19,7;19,7;19,4;98;98;98;121;2,4;,7;
2021/03/13;0500 UTC;0;927,2;927,9;927,2;;19,6;19,2;20;19,6;19,6;19,2;98;98;98;144;2,1;,7;
2021/03/13;0600 UTC;0;926,9;927,3;926,9;;19,6;19,3;19,7;19,4;19,4;19,2;98;98;98;135;1,8;,5;
2021/03/13;0700 UTC;0;927;927,1;926,9;;19,4;19,2;19,6;19,3;19,3;19;98;98;98;114;1,9;,8;
2021/03/13;0800 UTC;0;927,1;927,1;927;;18,8;18,5;19,5;18,8;19,2;18,5;98;98;98;171;1,7;,8;
2021/03/13;0900 UTC;0;927,4;927,4;927;;19,2;19;19,3;18,8;19;18,5;98;98;98;82;1,5;,5;
2021/03/13;1000 UTC;0;927,9;928;927,4;121,5;19,7;19,4;19,8;19,1;19,6;18,8;99;98;98;104;2,2;,4;
2021/03/13;1100 UTC;,2;928,4;928,4;927,9;876,1;21,9;19,2;22;19,7;20;19;98;85;85;112;2,3;1,1;
2021/03/13;1200 UTC;0;929;929;928,4;1521,7;22,5;20,1;23;21,9;20,3;19,2;87;81;86;121;3,4;1,3;
2021/03/13;1300 UTC;0;929,3;929,3;929;2258,8;24;19,9;24,1;22,5;21,1;19,5;87;77;78;136;4,4;1,7;
2021/03/13;1400 UTC;0;929,1;929,3;929,1;3069;24,1;19,6;24,3;23,5;20,7;19,1;81;74;76;157;5,9;3,3;
2021/03/13;1500 UTC;0;928,9;929,2;928,9;3445,7;25,3;19,6;25,6;24;20,5;19;77;70;71;156;6,2;3,4;
2021/03/13;1600 UTC;0;928,4;928,9;928,4;3484,9;26;19,1;26,4;25,2;20,4;18,5;73;63;66;149;6,8;3,2;
2021/03/13;1700 UTC;0;927,6;928,4;927,6;3262,1;26,3;18,9;26,5;25,6;20;18,3;68;62;64;158;6,7;3,9;
2021/03/13;1800 UTC;0;926,8;927,6;926,8;2795,9;26,1;19,8;27,1;26,1;20,6;19,1;69;63;68;147;7;3,8;
2021/03/13;1900 UTC;0;926,6;926,9;926,6;2105,3;25,3;20;26,5;25,3;20,8;19,5;76;68;73;126;8,1;3,7;
2021/03/13;2000 UTC;0;926,5;926,7;926,5;939;24,1;19,9;25,5;24;21,1;19,6;79;73;78;132;8,2;3,6;
2021/03/13;2100 UTC;0;926,9;926,9;926,5;259,1;22,6;20;24,3;22,6;20,5;19,8;85;77;85;144;8,5;3,6;
2021/03/13;2200 UTC;0;927,2;927,3;926,9;20,5;21,8;20;22,6;21,8;20,2;19,8;90;85;89;122;7,8;3;
2021/03/13;2300 UTC;0;927,8;927,8;927,2;;21,5;19,7;21,8;21,5;20,2;19,7;92;89;90;107;6;2,5;
2021/03/14;0000 UTC;0;928,6;928,6;927,8;;21;19,6;21,5;20,9;19,8;19,6;93;90;92;104;5,5;1,6;
2021/03/14;0100 UTC;0;929,1;929,1;928,6;;21;19,5;21,2;20,9;19,8;19,5;93;91;91;102;3,9;1,1;
2021/03/14;0200 UTC;0;928,8;929,1;928,8;;20,7;19,5;21,1;20,5;19,6;19,4;94;91;93;105;2,5;,9;
2021/03/14;0300 UTC;0;929;929;928,7;;20,3;19,5;20,7;20,3;19,6;19,3;95;93;95;121;2,2;,7;
2021/03/14;0400 UTC;0;928,7;929;928,7;;20,7;18,4;20,8;20,2;19,7;18,4;96;87;87;56;3,3;1,5;
2021/03/14;0500 UTC;0;928,3;928,7;928,3;;20,6;18,3;21;20,5;18,4;18,1;88;85;87;36;3,9;,7;
2021/03/14;0600 UTC;0;927,9;928,3;927,8;;20,1;18,7;20,6;20;18,7;18,2;92;87;92;10;2;,7;
2021/03/14;0700 UTC;0;927,7;927,9;927,6;;20,1;18,9;20,4;20;19;18,7;93;91;93;21;3;,9;
2021/03/14;0800 UTC;0;927,8;927,9;927,7;;19,6;18,9;20,1;19,6;19,1;18,8;96;93;96;54;3,3;,7;
2021/03/14;0900 UTC;0;928,1;928,1;927,7;;19,6;19,1;19,7;19,4;19,1;18,8;97;95;97;28;2,6;,7;
2021/03/14;1000 UTC;0;928,5;928,6;928,1;127,9;20,7;19,1;20,7;19,4;19,4;18,9;97;91;91;52;2,4;1;
2021/03/14;1100 UTC;0;929,1;929,2;928,5;853;22,5;19,5;22,5;20,7;19,6;19,1;91;83;83;37;4,8;1,9;
2021/03/14;1200 UTC;0;929,1;929,1;929;1753,5;24,5;19,9;24,5;22,5;20,4;19,2;85;73;75;55;4,8;1,5;
2021/03/14;1300 UTC;0;929;929,1;929;2485,7;26,8;19,2;27,2;24,5;20,1;18,3;75;59;63;53;2,7;1;
2021/03/14;1400 UTC;0;928,9;929;928,9;3061;27,3;19,3;27,6;26,2;20,5;18,4;68;60;62;126;3,6;1,9;
2021/03/14;1500 UTC;0;928,4;928,9;928,4;3554;28,8;18;29,1;27,3;20,5;18;64;52;52;124;3,6;1,1;
2021/03/14;1600 UTC;0;927,8;928,4;927,8;2521,7;26,4;19,8;28,9;26,4;22,3;17,9;73;52;67;126;6,5;2,9;
2021/03/14;1700 UTC;0;927,3;927,8;927,2;3315,1;26,7;21,4;27,9;26,4;22,5;20;75;65;73;142;8,7;4;
2021/03/14;1800 UTC;0;926,8;927,4;926,8;2519,6;25;21,1;27;25;22,3;21;79;71;79;128;8,7;3,6;
2021/03/14;1900 UTC;0;926,4;926,9;926,4;384,1;24,4;20,7;25;24,3;21,2;20,2;82;77;80;129;7,6;3,2;
2021/03/14;2000 UTC;0;926,5;926,5;926,1;567;23,6;20,3;24,8;23,6;21,6;20,2;84;80;82;122;8,3;3,3;
2021/03/14;2100 UTC;0;927;927;926,5;209,9;22,9;19,8;23,7;22,9;20,8;19,8;85;82;83;127;8,3;2,7;
2021/03/14;2200 UTC;0;927,6;927,6;927;18;22,4;20;22,9;22,4;20,3;19,6;87;82;86;106;5,9;1,6;
2021/03/14;2300 UTC;0;928,1;928,1;927,6;;22,1;20,1;22,5;22;20,1;19,8;89;86;89;112;3,9;1,8;
2021/03/15;0000 UTC;0;928,6;928,6;928,1;;22,2;18,2;22,2;21,9;20,4;18,2;90;78;78;50;5,1;1,5;
2021/03/15;0100 UTC;0;928,5;928,7;928,5;;21,8;18,1;22,2;21,7;18,2;17,9;80;78;80;31;3,8;1,2;
2021/03/15;0200 UTC;0;928,4;928,5;928,4;;21;17,7;21,8;21;18,3;17,6;82;79;82;40;2,9;1,2;
2021/03/15;0300 UTC;0;928,3;928,5;928,3;;20,5;17,9;21,2;20,4;17,9;17,5;85;81;85;43;3,2;1,1;
2021/03/15;0400 UTC;0;928,3;928,4;928,2;;20,3;18,1;20,9;20,3;18,2;17,6;87;84;87;273;2,2;,6;
2021/03/15;0500 UTC;0;927,6;928,3;927,6;;20,4;18,4;20,6;19,8;18,5;17,9;90;87;88;342;2,6;1,1;
2021/03/15;0600 UTC;0;927,1;927,7;927,1;;19,4;18,1;20,4;19;18,4;18;94;88;92;356;2,6;,8;
2021/03/15;0700 UTC;0;927;927,1;927;;18,7;18;19,5;18,6;18,2;17,8;96;92;96;281;1,8;,3;
2021/03/15;0800 UTC;0;927,3;927,4;927;;18,9;17,7;19;18,6;18,3;17,7;97;93;93;231;2,9;,9;
2021/03/15;0900 UTC;0;927;927,3;927;;18,3;17,4;18,9;18,3;17,6;17,2;94;91;94;111;3,3;,4;
2021/03/15;1000 UTC;0;927,4;927,4;927;97,5;18,9;18;18,9;18,1;18,1;17,4;97;94;95;303;1,8;,8;
2021/03/15;1100 UTC;0;928;928;927,4;873,1;21,4;17,9;21,4;18,8;18,3;17,7;95;80;81;328;1,8;,8;
2021/03/15;1200 UTC;0;928,5;928,6;928;1734,2;23,8;18,5;24,2;21,4;19,3;17,6;81;70;72;113;2,9;1,4;
2021/03/15;1300 UTC;0;928,6;928,7;928,5;2433,2;24,5;19,1;24,6;23,2;19,7;18;77;70;72;124;4,9;1,8;
2021/03/15;1400 UTC;0;928,2;928,7;928,2;3074,6;25,1;17;25,4;24,3;20,1;17;76;60;61;152;5,3;2,2;
2021/03/15;1500 UTC;0;927,6;928,2;927,6;3436,7;25,9;18,2;26,5;25,1;19,1;16,6;66;58;62;147;4,7;2,1;
2021/03/15;1600 UTC;0;927;927,6;927;3387;27,4;19;27,4;25,4;19,9;17,7;66;57;60;79;4,5;1,9;
2021/03/15;1700 UTC;0;926,2;927;926,2;3329,5;27,5;17,2;27,9;26,9;19,9;16,6;64;51;53;114;4;1,6;
2021/03/15;1800 UTC;0;925,4;926,2;925,4;2789,7;27,9;17,4;28,5;27,5;19,2;16,8;59;50;53;114;5;2,1;
2021/03/15;1900 UTC;0;925,1;925,4;925;2002,2;26;21,3;28,1;26;21,6;17,1;75;51;75;136;6,7;3,4;
2021/03/15;2000 UTC;0;925,7;925,7;925,1;580,7;24,4;20,6;26;24,4;21,5;20,5;81;75;79;129;8;3,4;
2021/03/15;2100 UTC;0;925,7;925,8;925,6;162,8;22,9;19,6;24,4;22,9;20,8;19,6;83;78;82;151;9;4,3;
2021/03/15;2200 UTC;0;926,3;926,3;925,7;15,2;21,8;20,1;22,9;21,8;20,1;19,4;90;81;90;158;9;2,8;
2021/03/15;2300 UTC;0;927,3;927,3;926,3;;21,5;20,1;21,8;21,4;20,3;19,8;92;90;92;125;6,4;1,8;
2021/03/16;0000 UTC;0;928;928;927,3;;21;19,7;21,5;21;20,1;19,7;93;91;92;113;4,4;2;
2021/03/16;0100 UTC;0;928,2;928,4;927,9;;20,9;19,5;21;20,8;19,8;19,5;93;91;92;112;4;1,7;
2021/03/16;0200 UTC;0;927,8;928,2;927,8;;20,5;19,6;21;20,5;19,7;19,4;94;92;94;148;3,1;1,3;
2021/03/16;0300 UTC;0;927,5;928;927,5;;20,2;19,7;20,7;20;19,8;19,4;97;94;97;171;3,1;1,4;
2021/03/16;0400 UTC;0;927,4;927,7;927,4;;19,7;19,3;20,2;19,7;19,6;19,3;98;97;98;180;2,1;,3;
2021/03/16;0500 UTC;0;927,2;927,7;927,2;;20,2;19,9;20,2;19,5;19,9;19,2;98;98;98;133;3,7;1,3;
2021/03/16;0600 UTC;0;926,6;927,2;926,6;;19,9;19,6;20,2;19,8;19,9;19,4;98;97;98;112;3,7;,8;
2021/03/16;0700 UTC;0;926,3;926,6;926,3;;19,4;19;20;19,3;19,6;19;98;98;98;138;2,1;,3;
2021/03/16;0800 UTC;0;926,3;926,3;926,1;;19,3;19;19,5;19;19,2;18,7;98;98;98;24;1,2;,6;
2021/03/16;0900 UTC;0;926,4;926,4;926,3;;18,8;18,5;19,3;18,7;19;18,4;98;98;98;297;1;,2;
2021/03/16;1000 UTC;0;926,8;926,8;926,3;132,8;20,2;19,6;20,2;18,6;19,6;18,3;98;96;96;50;1,7;,7;
2021/03/16;1100 UTC;0;926,9;927,1;926,8;878,1;22,7;18,9;22,7;20,2;19,7;18,3;96;78;79;78;3;,8;
2021/03/16;1200 UTC;0;927;927,1;926,9;1707,9;23,6;19;23,7;22,2;19,6;18,3;82;74;75;75;4,1;1,6;
2021/03/16;1300 UTC;0;927,1;927,1;926,9;2412,8;25;19,8;25,7;23,6;20,1;18,4;77;68;73;99;4,2;1,7;
2021/03/16;1400 UTC;0;926,8;927,1;926,7;3015,9;25,8;18,4;26,2;24,8;19,8;18,1;73;64;64;130;3,5;1,6;
2021/03/16;1500 UTC;0;926,6;926,8;926,6;3353,1;27,2;18,9;27,6;25,6;20,5;18,2;67;59;60;104;4;1,8;
2021/03/16;1600 UTC;0;925,9;926,6;925,9;3426,9;28;20,6;28;26,8;20,8;18,7;67;60;64;114;6,1;2,1;
2021/03/16;1700 UTC;0;925,2;925,9;925,2;3114,3;27,1;20,2;28;26,8;21,2;19,7;69;63;66;121;7;3,1;
2021/03/16;1800 UTC;0;924,7;925,3;924,7;2654;25,8;20,6;27,1;25,7;21,7;20,4;75;66;73;147;8,5;4;
2021/03/16;1900 UTC;0;924,6;924,7;924,6;1976,8;24,7;21;26,3;24,5;21,5;20,2;80;71;80;127;8;3,6;
2021/03/16;2000 UTC;0;924,7;924,7;924,4;808,2;23,7;20,6;25;23,6;21,2;20;83;77;83;137;8,6;3,6;
2021/03/16;2100 UTC;0;925;925;924,7;220,3;22,8;19,9;23,7;22,7;20,4;19,3;84;81;84;144;8,6;2,5;
2021/03/16;2200 UTC;0;925,1;925,1;924,9;7,7;22,1;19,7;22,8;22,1;19,9;19,1;86;83;86;132;6,2;2,3;
2021/03/16;2300 UTC;0;925,7;925,7;925,1;;21,8;19,1;22,1;21,8;20;19,1;88;84;84;118;6,6;2,8;
2021/03/17;0000 UTC;0;926,6;926,6;925,7;;21,2;19,7;21,8;21,2;19,7;19,2;91;84;91;118;6,6;1,6;
2021/03/17;0100 UTC;0;926,6;926,8;926,6;;20,9;19,6;21,3;20,9;19,8;19,6;92;91;92;121;3,2;1,4;
2021/03/17;0200 UTC;0;926,4;926,7;926,4;;20,8;19,5;21;20,7;19,7;19,4;93;91;92;103;2,4;,9;
2021/03/17;0300 UTC;0;926,1;926,4;926,1;;20,8;19,1;20,9;20,6;19,5;19,1;92;90;90;28;2,5;1;
2021/03/17;0400 UTC;0;925,5;926,1;925,5;;21,1;19,2;21,1;20,7;19,3;19;91;89;89;11;3,8;1,6;
2021/03/17;0500 UTC;0;925;925,5;925;;21;18,3;21,2;20,8;19,3;18,3;89;84;84;4;4,2;2;
2021/03/17;0600 UTC;0;924,4;925;924,4;;20,4;18,1;21;20,3;18,2;17,9;87;84;86;30;4,2;1,1;
2021/03/17;0700 UTC;0;924,2;924,5;924;;20,3;18,3;20,5;20,1;18,5;18,1;90;86;88;352;3,2;1,2;
2021/03/17;0800 UTC;0;924,4;924,4;924,1;;19,9;18,5;20,4;19,8;18,5;18,3;92;88;92;11;3,1;1,4;
2021/03/17;0900 UTC;0;924,7;924,7;924,3;;19,8;18,4;20;19,5;18,5;18,2;93;91;92;360;3,1;,8;
2021/03/17;1000 UTC;0;924,8;924,8;924,6;159,2;20,9;18,8;20,9;19,4;18,9;18,2;94;88;88;22;2,8;,9;
2021/03/17;1100 UTC;0;925,5;925,5;924,7;759,5;22,5;18,6;22,9;20,9;19,6;18,4;88;78;79;57;2,7;,8;
2021/03/17;1200 UTC;0;926;926;925,5;1609;24,9;18,9;24,9;22,5;19,8;18,4;82;69;69;325;4,1;1,7;
2021/03/17;1300 UTC;0;926,2;926,2;926;2300,6;27,2;19,1;27,4;24,8;19,7;18,3;70;59;61;336;5,2;1,8;
2021/03/17;1400 UTC;0;925,8;926,2;925,8;2416,9;27,9;17,8;28,9;27,1;20;17,4;62;51;54;334;6,9;2,9;
2021/03/17;1500 UTC;0;925;925,8;925;2626,1;30,1;19,5;30,4;27,6;20,2;17,5;61;49;53;323;6,6;1,6;
2021/03/17;1600 UTC;0;924,5;925;924,5;2191,5;31,5;19,7;31,5;28,3;20,5;18;59;49;50;300;6,5;2;
2021/03/17;1700 UTC;0;923,5;924,5;923,5;2766,6;30;18,3;32,1;30;19,9;17,6;54;43;50;307;6,2;1,8;
2021/03/17;1800 UTC;0;922,5;923,5;922,5;2121,2;29,7;19,8;32,1;29,1;20,4;17,8;57;44;55;327;5,9;2,1;
2021/03/17;1900 UTC;0;922,3;922,5;922,1;1091,8;29;17,9;30,3;29;20,4;16,7;59;46;51;221;5,3;1;
2021/03/17;2000 UTC;0;922,4;922,4;922,2;534,9;25,1;22,1;29;25,1;22,9;18,1;84;51;84;148;6,3;2;
2021/03/17;2100 UTC;0;923,1;923,1;922,4;205;24,9;21,6;25,4;24,9;22,2;21,3;84;79;82;119;3,8;1,4;
2021/03/17;2200 UTC;0;923,3;923,4;923;6,9;23,8;22,1;24,9;23,8;22,1;21,7;90;82;90;119;2,8;1;
2021/03/17;2300 UTC;,2;924,5;924,5;923,2;;21,6;18,4;24,6;21,6;22,2;17;90;65;82;251;6,2;1,9;
2021/03/18;0000 UTC;0;925;925;924,5;;21,6;17,8;21,7;20,9;18,9;16,4;86;72;79;221;4,8;,8;
2021/03/18;0100 UTC;0;925,2;925,2;925;;21;18,8;21,7;20,8;19,2;17,8;89;79;87;112;2,4;,4;
2021/03/18;0200 UTC;0;924,5;925,3;924,5;;21,5;19,2;21,5;20,8;19,4;18,3;91;83;86;131;3,9;1,7;
2021/03/18;0300 UTC;0;924,7;924,8;924,4;;21,4;20,2;21,6;21,1;20,2;19,3;94;87;93;116;3,3;1,1;
2021/03/18;0400 UTC;0;924,9;924,9;924,6;;21,7;20,2;21,9;21,3;20,4;20;94;89;91;322;2,3;,9;
2021/03/18;0500 UTC;0;924,4;925;924,4;;21,8;19,4;22;21,7;20,2;19,4;91;86;86;44;3,4;1,7;
2021/03/18;0600 UTC;0;923,8;924,4;923,8;;21,6;19,9;21,8;21,3;19,9;19,4;92;86;90;28;3,4;1,1;
2021/03/18;0700 UTC;0;923,6;923,8;923,5;;21,8;19,8;21,8;21,5;19,9;19,7;90;88;89;360;4;1,5;
2021/03/18;0800 UTC;1,4;924,3;924,3;923,6;;20,9;20,5;21,8;20,9;20,5;19,6;97;88;97;22;4,4;1;
2021/03/18;0900 UTC;,2;924,3;924,3;924,1;;20,8;20,3;20,9;20,6;20,4;20,1;97;96;97;14;3,9;1,2;
2021/03/18;1000 UTC;0;924,9;924,9;924,2;44,9;20,7;20;20,9;20,6;20,4;20;97;96;96;18;5,6;1,7;
2021/03/18;1100 UTC;0;925,5;925,5;924,9;344,6;21,1;19,8;21,2;20,6;20,1;19,6;96;92;92;359;5,2;1,2;
2021/03/18;1200 UTC;0;926;926;925,5;1003,1;22,9;20,2;23,1;21,1;20,5;19,5;92;84;85;322;4,3;1,8;
2021/03/18;1300 UTC;0;926,4;926,4;926;1759,6;25,3;20,6;25,3;22,9;21,2;19,4;85;73;75;333;6,6;2,3;
2021/03/18;1400 UTC;0;926,5;926,5;926,4;1602,5;25,6;19,7;25,9;24,6;21,4;19,4;80;69;70;322;6,6;2;
2021/03/18;1500 UTC;0;925,8;926,5;925,8;3351,4;27,7;20;27,8;25,6;20,9;19;71;61;63;338;8;3;
2021/03/18;1600 UTC;,2;925,2;925,8;924,8;1879,4;25,6;19;27,7;25,6;20,4;18,6;70;61;67;350;7,4;2,1;
2021/03/18;1700 UTC;0;924,6;925,2;924,5;433,3;24,7;18,9;25,6;24,6;19,7;18,5;72;66;70;351;5,9;1,5;
2021/03/18;1800 UTC;0;924,3;924,7;924,2;156,6;23,6;19,8;25,2;23,6;19,9;18,4;79;66;79;207;3,9;1,6;
2021/03/18;1900 UTC;0;924,3;924,6;924,3;79,8;22,3;20,2;23,6;22,2;20,3;19,7;88;79;88;167;4,9;1,8;
2021/03/18;2000 UTC;0;924,4;924,5;924,1;72,3;22,2;21;22,4;22,2;21,2;20;93;87;93;113;4,3;1,3;
2021/03/18;2100 UTC;,4;925,5;925,5;924,3;19,4;21,6;21,2;22,2;21,6;21,3;20,9;97;93;97;184;3,7;1,3;
2021/03/18;2200 UTC;,4;926,3;926,3;925,4;;20,4;19,8;21,6;20,4;21,1;19,6;98;94;96;313;4,1;,8;
2021/03/18;2300 UTC;,6;926,2;926,4;926,1;;19,8;19,5;20,4;19,8;19,9;19,4;98;96;98;121;3,2;,3;
2021/03/19;0000 UTC;0;926,9;926,9;926,1;;19,6;19,2;20;19,5;19,7;19,1;98;97;98;88;2;,9;
2021/03/19;0100 UTC;0;927,6;927,7;926,9;;19,8;19;20;19,5;19,3;18,8;98;93;95;147;3,4;,7;
2021/03/19;0200 UTC;0;927,5;927,6;927,5;;19,6;19,1;19,8;19,4;19,3;19;98;95;97;184;1,5;,4;
2021/03/19;0300 UTC;0;927,2;927,6;927,2;;19,6;19,1;19,7;19,4;19,2;18,9;97;96;97;130;1,4;,5;
2021/03/19;0400 UTC;0;926,9;927,2;926,9;;19,9;19;20;19,5;19,1;18,8;97;94;95;111;2,5;,5;
2021/03/19;0500 UTC;0;926,7;927;926,5;;19,7;19,2;20;19,7;19,3;18,9;97;94;97;312;1,3;,2;
2021/03/19;0600 UTC;0;926;926,7;926;;19,5;19,1;19,9;19,5;19,4;19,1;98;97;97;247;1,3;,4;
2021/03/19;0700 UTC;0;926,1;926,2;925,9;;19,1;18,8;19,6;19;19,1;18,7;98;97;98;176;1,2;,6;
2021/03/19;0800 UTC;0;926,3;926,4;926,1;;19,2;18,9;19,3;18,8;19;18,5;98;98;98;177;3,3;1,4;
2021/03/19;0900 UTC;0;926,8;926,8;926,3;;19;18,8;19,2;19;19;18,7;98;98;98;33;3,2;,4;
2021/03/19;1000 UTC;0;927,7;927,7;926,8;103,2;19,6;19,4;19,6;18,8;19,4;18,5;99;98;99;165;2,2;1;
2021/03/19;1100 UTC;0;928,3;928,3;927,7;1155,2;22,3;20;22,4;19,5;20,4;19,3;99;84;87;169;3,5;1,6;
2021/03/19;1200 UTC;0;928,5;928,5;928,3;814,9;22,1;19,7;22,5;21,8;20,4;19,1;89;85;86;146;3,1;1,2;
2021/03/19;1300 UTC;0;929;929;928,5;978;22,5;20,1;22,7;21,9;20,3;19,2;87;83;86;171;3,2;2;
2021/03/19;1400 UTC;0;928,9;929;928,9;2010,5;24,4;20,1;24,7;22,5;20,7;19,6;86;76;77;203;3,9;1,8;
2021/03/19;1500 UTC;0;928,2;928,9;928,2;2759,9;26,4;20,5;26,4;24,1;21,6;19,6;79;69;70;143;3,8;1,4;
2021/03/19;1600 UTC;,2;927,6;928,2;927,6;2752,4;26,8;20,8;27;25,1;21,8;19,4;75;66;70;110;4,5;2,1;
2021/03/19;1700 UTC;0;926,9;927,6;926,9;2129,6;24,8;20,7;26,8;24,8;21,6;19,2;79;65;78;136;6,7;2,9;
2021/03/19;1800 UTC;0;926,3;926,9;926,2;953,8;24,7;21,4;25,1;23,9;21,5;20,3;82;76;82;150;7,8;3,1;
2021/03/19;1900 UTC;0;926,6;926,7;926,3;768,5;24,1;20,8;24,8;23,6;21,2;20,2;85;79;82;150;8,6;3,6;
2021/03/19;2000 UTC;0;926,9;926,9;926,4;896,9;23,4;20,2;24,5;23,2;21,2;20,2;85;79;83;137;8,6;2,3;
2021/03/19;2100 UTC;0;927,3;927,3;926,8;248,5;22,6;20,1;23,3;22,6;20,5;19,9;86;82;86;150;6,1;3,1;
2021/03/19;2200 UTC;0;927,7;927,8;927,3;7,7;21,6;20,2;22,6;21,6;20,3;19,9;92;86;92;138;7,2;2,2;
2021/03/19;2300 UTC;0;928,2;928,2;927,7;;21,2;20;21,6;21,2;20,4;20;93;91;93;128;6;2;
2021/03/20;0000 UTC;0;928,9;928,9;928,2;;21,4;20,1;21,4;21,2;20,3;20;94;92;92;149;4,8;1,9;
2021/03/20;0100 UTC;0;929,1;929,1;928,8;;21,3;20,3;21,5;21,2;20,3;20;94;92;94;163;3,9;1,3;
2021/03/20;0200 UTC;0;929;929,3;928,9;;21,3;20,3;21,3;21,2;20,4;20,2;95;94;94;112;3,6;1,5;
2021/03/20;0300 UTC;0;928,9;929,1;928,9;;21;20,1;21,3;21;20,4;20;95;93;95;124;3,2;,8;
2021/03/20;0400 UTC;0;929,1;929,1;928,8;;21,1;20;21,1;20,8;20,2;19,9;96;93;93;115;3,9;1,5;
2021/03/20;0500 UTC;0;928,7;929,1;928,6;;20,5;19,6;21,1;20,5;20;19,6;95;93;95;127;2,9;,7;
2021/03/20;0600 UTC;0;928,6;928,7;928,6;;20,1;19,5;20,5;20,1;19,8;19,3;97;94;97;128;2;,6;
2021/03/20;0700 UTC;0;928,3;928,7;928,3;;20,3;19,6;20,5;20,1;19,7;19,4;97;94;96;104;2,3;,9;
2021/03/20;0800 UTC;0;928,9;928,9;928,3;;20,1;19,5;20,3;20;19,6;19,4;97;95;97;114;2,6;,5;
2021/03/20;0900 UTC;0;929,3;929,3;928,9;;20,1;19,1;20,3;20,1;19,7;19,1;97;93;94;85;2,8;,9;
2021/03/20;1000 UTC;0;930,2;930,2;929,3;145,5;21,1;19,1;21,1;19,9;19,5;19,1;95;88;88;55;2,7;1,5;
2021/03/20;1100 UTC;0;931;931;930,2;560,5;22;19,6;22;21,1;19,9;19,2;91;85;86;64;4,1;1,6;
2021/03/20;1200 UTC;0;931,6;931,6;931;844,9;22,9;19,6;22,9;21,9;20,1;19;87;82;82;61;4,6;1,4;
2021/03/20;1300 UTC;0;931,8;931,8;931,6;1614,9;24,4;19,6;24,9;22,7;20,5;19;83;73;75;76;4,7;1,5;
2021/03/20;1400 UTC;0;931,6;931,8;931,5;2722,8;26,3;19,4;26,4;24,4;20,7;19;76;66;66;76;4,9;1,8;
2021/03/20;1500 UTC;0;931;931,6;931;3163,3;27,2;19,5;27,6;26;21;18,6;69;61;63;145;4,4;1,7;
2021/03/20;1600 UTC;0;930,2;931;930,2;2994,4;27,2;21,2;28,3;27;21,2;18,7;70;59;70;120;4,7;2;
2021/03/20;1700 UTC;0;929,7;930,2;929,7;2635,9;27,1;22,5;27,8;26,8;22,5;20,8;76;68;76;123;6,5;2,8;
2021/03/20;1800 UTC;0;929,5;929,7;929,4;2589,2;25,4;22,1;27,3;25;22,9;21,1;82;73;82;152;9;4,1;
2021/03/20;1900 UTC;0;929,2;929,5;929,1;1831;25;21,1;25,7;24,7;21,8;20,9;82;77;79;147;9;3,2;
2021/03/20;2000 UTC;0;929,5;929,6;929,2;924,4;23,5;20,5;25,2;23,5;21,5;20,4;85;78;83;149;8;3,6;
2021/03/20;2100 UTC;0;929,7;929,9;929,5;218,4;23,1;20,5;23,6;23,1;21;20,3;86;83;85;152;7,7;3,8;
2021/03/20;2200 UTC;0;930;930;929,7;9,6;22,6;20,6;23,1;22,6;20,9;20,3;89;85;88;150;7,7;3;
2021/03/20;2300 UTC;0;930,4;930,5;930;;22;20,3;22,6;22;20,7;20,2;90;87;90;147;5,7;2,1;
2021/03/21;0000 UTC;0;930,5;930,5;930,3;;21,2;20;22;21,2;20,4;19,8;93;89;93;104;4,8;1,6;
2021/03/21;0100 UTC;0;930,5;930,6;930,4;;20,7;19,7;21,3;20,7;20;19,7;95;92;94;108;4,1;1,5;
2021/03/21;0200 UTC;0;930,5;930,6;930,5;;20;19,5;20,7;19,9;19,8;19,4;97;94;97;142;2,9;,8;
2021/03/21;0300 UTC;0;930,3;930,5;930,3;;20,1;19,6;20,1;19,9;19,7;19,4;98;96;97;134;3,2;1,2;
2021/03/21;0400 UTC;0;929,8;930,3;929,8;;19,6;19,2;20,1;19,6;19,7;19,2;98;96;98;100;2,8;,7;
2021/03/21;0500 UTC;0;929,8;929,8;929,7;;19,5;19,2;19,8;19,4;19,4;19,1;98;98;98;134;1,4;,7;
2021/03/21;0600 UTC;0;929,7;929,9;929,7;;19,2;18,9;19,6;19,2;19,3;18,9;98;98;98;134;1,4;,7;
2021/03/21;0700 UTC;0;929,7;929,7;929,6;;19;18,8;19,4;18,7;19,2;18,4;98;98;98;214;1,4;,7;
2021/03/21;0800 UTC;0;929,9;929,9;929,7;;19,2;18,9;19,4;19;19,1;18,8;98;98;98;93;1,6;,3;
2021/03/21;0900 UTC;0;930,2;930,2;929,9;;19,1;18,8;19,2;18,9;18,9;18,6;99;98;98;26;2,2;,8;
2021/03/21;1000 UTC;0;930,9;930,9;930,2;118,7;20,3;19,2;20,3;19,1;19,2;18,8;98;93;93;8;3,3;1,1;
2021/03/21;1100 UTC;0;931,3;931,3;930,9;844,7;22,2;19,5;22,2;20,3;19,7;19;93;84;85;32;4,5;1,6;
2021/03/21;1200 UTC;0;931,6;931,6;931,3;1685,9;23,8;19,5;24;22,2;20,3;19,1;86;76;77;40;5,3;1,7;
2021/03/21;1300 UTC;0;931,5;931,7;931,5;2427;26;17,5;26,2;23,8;19,9;17,3;78;59;59;339;5,6;2,7;
2021/03/21;1400 UTC;0;931,2;931,5;931,2;3015,7;27,7;17,3;27,9;25,8;19,5;16,7;63;52;53;343;6;2,2;
2021/03/21;1500 UTC;0;930,7;931,2;930,7;3333,3;29,3;17,2;29,8;27,7;19,1;16,5;58;46;48;347;6,1;2,2;
2021/03/21;1600 UTC;0;929,9;930,7;929,9;2953,2;30,6;18,5;31,2;28,9;20,7;16,8;54;45;49;272;5,4;1,4;
2021/03/21;1700 UTC;0;929,2;929,9;929,2;2954,6;31,9;20,1;31,9;28,8;20,1;16,1;52;41;50;323;5,1;1,3;
2021/03/21;1800 UTC;0;928,6;929,2;928,6;2495,7;30,1;17,3;32;29,9;18,9;15,8;50;41;46;292;4,9;1,2;
2021/03/21;1900 UTC;0;928,2;928,6;928,2;2002,5;30,3;16,2;31,7;30,1;19,3;15,8;51;40;43;199;4,2;1,1;
2021/03/21;2000 UTC;0;928,3;928,3;928,2;842;27,1;21,7;30,3;26,9;22,5;15,9;76;42;72;137;5,9;1,7;
2021/03/21;2100 UTC;0;928,7;928,7;928,3;202,5;25,8;22,3;27,1;25,8;22,3;20,9;81;70;81;142;4,8;2,4;
2021/03/21;2200 UTC;0;929,1;929,1;928,7;14,9;24,8;21,8;25,8;24,8;22,4;20,8;83;76;83;147;4,9;2,5;
2021/03/21;2300 UTC;0;929,6;929,6;929,1;;23,9;22,4;24,8;23,8;22,4;21,8;92;83;91;147;4,7;1,4;
2021/03/22;0000 UTC;0;930,1;930,1;929,6;;23,1;21,9;23,9;23,1;22,5;21,9;94;91;93;122;2,6;,6;
2021/03/22;0100 UTC;0;930,2;930,3;930,1;;22,6;21,9;23,1;22,6;22;21,6;96;92;95;143;1,3;,3;
2021/03/22;0200 UTC;0;929,9;930,2;929,9;;24;20,1;24;22,5;21,8;20;95;78;79;22;1,2;,7;
2021/03/22;0300 UTC;0;929,5;929,9;929,5;;22,8;20,9;24,1;22,7;21,1;20,2;89;79;89;312;1,9;,4;
2021/03/22;0400 UTC;0;929,1;929,5;929,1;;21,8;20,9;22,8;21,7;20,9;20,3;94;89;94;149;1,4;,4;
2021/03/22;0500 UTC;0;928,6;929,1;928,6;;21,5;20,9;21,9;21,5;21,1;20,7;96;94;96;327;1,5;,8;
2021/03/22;0600 UTC;0;928,1;928,6;928,1;;21;20,5;21,6;21;20,9;20,5;97;95;97;142;1,7;,2;
2021/03/22;0700 UTC;0;927,9;928,1;927,9;;20,9;20,6;21;20,8;20,7;20,3;98;97;98;148;,9;,4;
2021/03/22;0800 UTC;0;928;928,1;927,9;;20,8;20,5;20,9;20,5;20,7;20,3;98;98;98;98;1;,5;
2021/03/22;0900 UTC;0;928,4;928,4;928;;20,8;20,5;21,2;20,7;21;20,5;99;98;98;360;1,2;,1;
2021/03/22;1000 UTC;0;929,1;929,1;928,4;115,2;21,7;21,4;21,9;20,4;21,6;20,2;99;98;99;174;,9;,4;
2021/03/22;1100 UTC;0;929,8;929,8;929,1;815,3;24,6;19,5;24,6;21,3;21,4;18,7;99;71;73;45;2,3;,8;
2021/03/22;1200 UTC;0;930,2;930,2;929,8;1645,2;25,7;19,4;26,1;24,3;20;18,8;76;67;68;67;2,8;,8;
2021/03/22;1300 UTC;0;930,4;930,4;930,2;2412,8;27,6;20,1;27,6;25,7;20,8;18,2;70;59;64;125;3,9;2;
2021/03/22;1400 UTC;0;930;930,4;930;3178,8;28;19,9;28,2;27,1;20,5;18,3;67;57;61;114;4,3;2,4;
2021/03/22;1500 UTC;0;929,6;930;929,6;3459,8;27,7;20,4;28,8;27,3;20,4;17,7;64;53;64;113;6,4;3,2;
2021/03/22;1600 UTC;0;929,2;929,7;929,2;3140,6;27;20,9;28,1;26,4;22,4;20,3;74;64;69;121;6,7;3,3;
2021/03/22;1700 UTC;0;928,5;929,2;928,5;2688,6;26,7;21;28;26,7;21,7;20;71;65;71;119;6,9;3,3;
2021/03/22;1800 UTC;0;927,8;928,5;927,8;2464,1;27,3;21,6;27,6;26,3;22,4;20,6;76;68;71;135;7,7;3,3;
2021/03/22;1900 UTC;0;927,9;927,9;927,7;2008,9;26,6;21,8;27,3;25,8;22;20,7;77;69;75;141;8,1;3,2;
2021/03/22;2000 UTC;0;928,1;928,1;927,9;1038,9;24,5;21,5;26,6;24,5;21,7;21,1;83;74;83;120;7,9;2,9;
2021/03/22;2100 UTC;0;928,5;928,5;928,1;172,3;23,4;20,5;24,5;23,3;21,6;20,5;85;83;84;147;7,5;3,2;
2021/03/22;2200 UTC;0;929;929;928,5;3,5;22,7;20,4;23,4;22,7;20,7;20,2;87;83;87;154;6,4;3,3;
2021/03/22;2300 UTC;0;929,5;929,5;928,9;;22;20,5;22,7;22;20,7;20,4;91;87;91;147;6,4;2,6;
2021/03/23;0000 UTC;0;930;930;929,5;;22,1;20,5;22,1;21,9;20,7;20,4;92;90;91;147;5,6;2,4;
2021/03/23;0100 UTC;0;930,3;930,3;930;;21,8;20,1;22,1;21,8;20,7;20,1;92;90;90;165;5,1;2,8;
2021/03/23;0200 UTC;0;930,4;930,4;930,2;;21,2;19;21,8;21,2;20,1;18,5;90;82;87;147;5,8;1,7;
2021/03/23;0300 UTC;0;930,4;930,6;930,4;;20,6;18,2;21,4;20,4;19,4;18,2;90;86;86;123;4;1,7;
2021/03/23;0400 UTC;0;930,1;930,4;930,1;;19,9;18,8;20,7;19,9;18,9;18,1;93;85;93;107;4;,9;
2021/03/23;0500 UTC;0;929,5;930,1;929,5;;19,6;19,2;20;19,4;19,2;18,9;97;93;97;115;2;,5;
2021/03/23;0600 UTC;0;929;929,5;929;;19,3;19;19,6;19,1;19,2;18,8;98;97;98;129;1,8;,5;
2021/03/23;0700 UTC;0;928,5;929;928,5;;19,3;19;19,4;19;19;18,7;98;98;98;87;1,1;,4;
2021/03/23;0800 UTC;0;928,7;928,7;928,4;;19;18,6;19,5;18,9;19;18,4;98;96;97;142;1,1;,2;
2021/03/23;0900 UTC;0;929,2;929,2;928,7;;18,9;18,5;19,1;18,9;18,7;18,4;98;97;97;281;,9;,2;
2021/03/23;1000 UTC;0;929,4;929,4;929,2;118,5;20,1;19,2;20,1;18,7;19,3;18,3;98;94;94;337;,9;,6;
2021/03/23;1100 UTC;0;929,7;929,7;929,4;833,6;23;19,2;23,4;20,1;19,9;18,4;95;78;79;62;2,4;1;
2021/03/23;1200 UTC;0;929,9;929,9;929,7;1664,1;24,7;18,9;24,8;23;20;18,5;79;69;70;39;3,1;1,3;
2021/03/23;1300 UTC;0;930;930;929,9;2443,9;26,5;19,2;26,5;24,7;19,8;18,4;71;61;64;117;3,1;,9;
2021/03/23;1400 UTC;0;929,8;930;929,8;2972,4;28;18,2;28;26;19,4;17,3;66;53;55;39;3;1,3;
2021/03/23;1500 UTC;0;929,1;929,8;929,1;3256,7;27,6;18,2;28,1;27,1;19,6;17,3;62;54;57;119;4,6;2;
2021/03/23;1600 UTC;0;928,4;929,1;928,4;3141;28,1;17,5;28,7;27,4;19,5;17,5;60;52;52;121;4,7;2,1;
2021/03/23;1700 UTC;0;927,6;928,4;927,6;2639,5;28,1;18,3;29;27,7;19,7;16,7;60;50;55;161;5,3;2;
2021/03/23;1800 UTC;0;927;927,6;927;2300,4;28,8;;29,5;27,9;19,7;17,4;59;49;;159;4,4;2;
2021/03/23;1900 UTC;0;926,8;927;926,7;1958,9;26,8;21,4;29;26,8;22,4;18,6;74;54;73;148;6,6;3,5;
2021/03/23;2000 UTC;0;927,1;927,1;926,7;826,4;24,8;21,9;26,9;24,8;22,3;21,4;85;72;84;131;7,5;3,1;
2021/03/23;2100 UTC;0;927,6;927,6;927,1;186,5;23,5;21,4;24,8;23,5;22,1;21,4;89;84;88;129;7,5;3,4;
2021/03/23;2200 UTC;0;928,2;928,2;927,6;4,7;23;21,1;23,5;23;21,5;21,1;90;88;89;154;7,5;2,2;
2021/03/23;2300 UTC;0;928,8;928,8;928,2;;22,3;20,4;23;22,3;21,1;20,4;90;89;89;146;5,6;2,7;
2021/03/24;0000 UTC;0;929,6;929,6;928,8;;22,1;19,8;22,4;22,1;20,5;19,6;89;86;87;128;5,5;1,8;
2021/03/24;0100 UTC;0;929,5;929,8;929,5;;21,6;19,8;22,1;21,6;20;19,4;89;86;89;124;4,5;1,8;
2021/03/24;0200 UTC;0;929,6;929,7;929,5;;21,6;20;21,7;21,5;20,2;19,8;92;89;91;107;3,6;1,2;
2021/03/24;0300 UTC;0;929,2;929,6;929,1;;20,8;19,6;21,6;20,8;20;19,5;93;89;93;155;3,2;,6;
2021/03/24;0400 UTC;0;928,9;929,2;928,9;;20,8;19,8;20,9;20,7;19,9;19,6;94;93;93;147;1,7;,7;
2021/03/24;0500 UTC;0;928,7;928,9;928,7;;20,6;20;20,8;20,3;20;19,6;97;93;96;145;1,8;,8;
2021/03/24;0600 UTC;0;929,2;929,3;928,7;;20,6;20,1;20,9;20,5;20,2;19,8;97;96;97;140;5,4;1,6;
2021/03/24;0700 UTC;0;929,1;929,2;929;;20,7;19,9;20,8;20,6;20;19,7;97;94;95;156;4,6;1,9;
2021/03/24;0800 UTC;0;928,8;929,1;928,8;;20,6;19,7;20,8;20,6;20;19,7;95;94;95;154;3,8;1;
2021/03/24;0900 UTC;0;928,4;928,8;928,4;;20,6;20;20,9;20,5;20;19,7;96;95;96;6;3,2;1;
2021/03/24;1000 UTC;0;928,7;928,8;928,4;76;21,2;19,4;21,2;20,4;20;19,4;97;90;90;12;3,6;1,5;
2021/03/24;1100 UTC;0;929,3;929,3;928,7;764,6;23,3;19,5;23,3;21,2;19,8;19,1;90;78;79;341;3,6;1,8;
2021/03/24;1200 UTC;0;929,9;929,9;929,3;1622,7;25,8;19,3;26;23,1;20,3;19;79;67;67;45;3,5;1,5;
2021/03/24;1300 UTC;0;930,1;930,1;929,9;2370,1;28,1;19,4;28,1;25,7;20,6;18,6;73;58;60;354;3,5;,9;
2021/03/24;1400 UTC;0;930;930,1;930;2599;28,3;18;28,3;26,7;19,5;17,7;65;54;54;116;2,8;1,3;
2021/03/24;1500 UTC;0;929,4;930;929,4;2792,9;27,6;18,9;28,7;27,6;20,5;17,4;62;52;59;127;6,1;2;
2021/03/24;1600 UTC;0;928,9;929,4;928,9;1386,8;26,8;20,8;28,2;26,8;21,5;18,4;71;56;70;120;7,3;3,6;
2021/03/24;1700 UTC;0;928,3;928,9;928,3;2762,1;27,5;20,9;28;26,7;21,9;19,9;72;62;67;128;8;3,5;
2021/03/24;1800 UTC;0;927,8;928,3;927,8;2589,9;27,1;20,8;27,5;26,4;21,6;20,4;72;67;69;117;8,7;3,2;
2021/03/24;1900 UTC;0;927,8;927,9;927,8;2048,8;27,1;17,3;27,7;26,8;21,2;17,3;70;55;55;163;7;3,7;
2021/03/24;2000 UTC;0;928,1;928,1;927,8;811,4;25,4;18,5;27,2;25,4;18,5;16,8;66;54;66;164;8,4;4,2;
2021/03/24;2100 UTC;0;928,5;928,6;928,1;119,7;23,2;19,4;25,5;23,2;20;18,1;80;66;79;129;6,8;3,2;
2021/03/24;2200 UTC;0;929;929,1;928,5;,4;21,9;19,5;23,2;21,9;20;19,1;86;79;86;153;7,4;3,8;
2021/03/24;2300 UTC;0;929,8;929,9;929;;21,3;19,3;21,9;21,2;19,6;19,2;89;86;88;147;7,4;3,3;
2021/03/25;0000 UTC;0;929,9;929,9;929,6;;21,2;19,8;21,3;20,9;19,8;19,2;92;88;92;133;6,3;1,7;
2021/03/25;0100 UTC;0;930,3;930,3;929,9;;21,2;19,7;21,2;20,8;19,8;19,5;94;92;92;112;3,6;1,8;
2021/03/25;0200 UTC;0;930,6;930,6;930,2;;20,7;19,2;21,2;20,7;19,7;19,1;92;91;91;162;3,3;,7;
2021/03/25;0300 UTC;0;930,4;930,8;930,4;;20,1;18,9;20,7;20,1;19,4;18,9;93;91;93;169;4,4;2,3;
2021/03/25;0400 UTC;0;930;930,5;929,9;;19,5;18,6;20,1;19,5;18,9;18,5;94;92;94;182;4,1;,9;
2021/03/25;0500 UTC;0;929,5;930;929,5;;19,8;18,8;20,2;19,5;19,2;18,6;95;93;94;175;3,2;1,1;
2021/03/25;0600 UTC;0;929,1;929,5;929;;19,5;18,5;19,8;19,5;18,9;18,5;95;93;94;177;3,2;,8;
2021/03/25;0700 UTC;0;929,1;929,1;928,9;;19;18,5;19,5;19;18,7;18,2;97;94;97;201;1,8;,6;
2021/03/25;0800 UTC;0;929;929,1;928,9;;19;18,6;19,2;18,9;18,7;18,4;97;97;97;190;1,4;,5;
2021/03/25;0900 UTC;0;929,5;929,5;929;;19;18,5;19,2;18,8;18,7;18,4;98;97;97;207;1,5;,8;
2021/03/25;1000 UTC;0;929,9;929,9;929,5;105,8;20,1;18,8;20,1;18,8;19;18,3;97;92;92;150;2,1;,4;
2021/03/25;1100 UTC;0;930,4;930,4;929,9;639,2;22,3;19,5;22,3;20;19,8;18,5;93;84;85;146;2,4;,9;
2021/03/25;1200 UTC;0;930,8;930,9;930,4;1821,7;23,3;19,2;23,5;21,9;20,2;18,5;86;76;78;148;3,2;1;
2021/03/25;1300 UTC;0;930,8;931;930,8;2355,7;25,2;19,5;25,3;23,2;19,9;18,4;79;68;71;63;3,1;1,3;
2021/03/25;1400 UTC;0;930,6;930,9;930,6;3108;25,7;18,4;26,2;24,2;20,2;18,4;74;62;64;132;4,8;2;
2021/03/25;1500 UTC;0;930;930,6;930;3303,9;26,5;18,6;26,8;25,4;20,3;18,1;70;62;62;133;5,1;2,2;
2021/03/25;1600 UTC;0;929,1;930;929,1;3200,4;26,8;18,3;27,5;26;19,6;18;65;59;60;155;5,1;2,3;
2021/03/25;1700 UTC;0;928,5;929,1;928,5;3089,3;27,4;19,1;27,7;26,5;19,9;18,1;64;58;61;120;6;2,9;
2021/03/25;1800 UTC;0;928,2;928,6;928,2;2104,5;26,4;20,3;27,4;25,9;20,7;18,6;70;59;69;143;7,3;3,2;
2021/03/25;1900 UTC;0;928,3;928,3;928,1;1819,2;25,1;20,5;26,8;24,9;21,1;20,1;78;68;76;144;7,9;3,8;
2021/03/25;2000 UTC;0;928,4;928,4;928,2;767,5;24;20,5;25,4;24;20,9;20,2;81;73;81;159;8,2;3,4;
2021/03/25;2100 UTC;0;928,7;928,7;928,3;171,7;23,1;20,4;24;23;20,5;20,1;85;80;85;161;7,5;2,7;
2021/03/25;2200 UTC;0;929,2;929,2;928,7;9,7;22,4;19,9;23,1;22,4;20,7;19,9;88;85;86;156;6,7;2,8;
2021/03/25;2300 UTC;0;930;930;929,2;;22,2;19,8;22,4;22,1;20;19,6;87;85;86;135;6,4;1,7;
2021/03/26;0000 UTC;0;930,7;930,7;930;;21,9;20,1;22,2;21,9;20,2;19,8;90;86;90;157;5,2;2,5;
2021/03/26;0100 UTC;0;930,5;930,7;930,4;;21,4;20;21,9;21,4;20,3;19,8;92;90;91;166;5,2;2,2;
2021/03/26;0200 UTC;0;930,4;930,7;930,4;;21,5;20;21,6;21,4;20,1;19,9;92;90;91;137;4;1,7;
2021/03/26;0300 UTC;0;929,8;930,5;929,8;;21;19,8;21,5;20,9;20,1;19,7;94;90;93;115;3,5;,7;
2021/03/26;0400 UTC;0;929,2;929,8;929,2;;20,7;19,1;21;20,4;19,8;18,8;94;89;91;129;2,5;,9;
2021/03/26;0500 UTC;0;928,9;929,2;928,9;;21,1;19,1;21,2;20,7;19,4;18,8;91;88;88;134;2,3;,7;
2021/03/26;0600 UTC;0;928,3;928,9;928,3;;20,8;18,9;21,2;20,8;19,3;18,9;90;87;89;119;2,7;,9;
2021/03/26;0700 UTC;0;928,3;928,3;928,1;;20,7;19,6;20,8;20,6;19,8;18,9;94;89;94;201;2;,6;
2021/03/26;0800 UTC;0;927,9;928,3;927,8;;20,5;19;20,9;20,5;19,6;19;94;91;91;94;1,9;,8;
2021/03/26;0900 UTC;0;928;928;927,8;;21;18,8;21;20,3;19,3;18,8;93;87;87;67;3,2;1,2;
2021/03/26;1000 UTC;0;928,7;928,7;928;46,9;21,5;19,2;21,5;21;19,2;18,7;88;85;87;108;3,3;,6;
2021/03/26;1100 UTC;0;929,1;929,1;928,7;397,1;22,3;19,3;22,3;21,4;19,4;18,7;88;83;83;124;3;1,3;
2021/03/26;1200 UTC;0;929,5;929,5;929,1;1466;23,4;19,6;23,8;22,3;20,6;19;84;76;79;151;3,7;1,6;
2021/03/26;1300 UTC;0;929,2;929,5;929,2;2368,8;24,7;19;25,1;23,3;20,2;19;80;71;71;120;3,7;1,6;
2021/03/26;1400 UTC;0;928,5;929,2;928,5;2887,6;26,9;19,8;27,1;24,5;20,5;18,5;74;61;65;112;3,4;1,6;
2021/03/26;1500 UTC;0;927,8;928,5;927,8;3218,6;27,9;18,2;28,2;26,6;20,2;18,2;65;55;56;115;4,2;2,1;
2021/03/26;1600 UTC;0;926,9;927,8;926,9;3211,7;29,3;18,1;29,6;27,9;19,7;17,7;60;49;51;123;4,2;1,7;
2021/03/26;1700 UTC;0;926,1;926,9;926,1;2926,1;30,8;17,5;31;29,4;19,6;17,1;54;45;45;267;3,3;1;
2021/03/26;1800 UTC;0;925,5;926,1;925,5;2568,2;29,2;22,3;31,6;29,2;22,3;16,6;66;41;66;128;5,3;2,4;
2021/03/26;1900 UTC;0;925,6;925,6;925,5;1503,9;25,2;22,5;29,2;25,1;23;21,4;85;66;85;135;8,4;3,1;
2021/03/26;2000 UTC;0;926,3;926,3;925,5;547,1;24,2;22,1;25,4;23,5;22,9;21,8;91;84;88;148;8;2,5;
2021/03/26;2100 UTC;0;926,7;926,8;926,3;208,1;22,9;21,4;24,2;22,9;22;21,4;92;88;91;123;6,1;2,5;
2021/03/26;2200 UTC;0;927,1;927,1;926,7;2,3;22,4;21,3;23;22,4;21,6;21,2;94;91;93;116;5,8;1,7;
2021/03/26;2300 UTC;0;927,8;927,8;927,1;;21,9;21,1;22,4;21,9;21,3;21;95;93;95;111;3,5;1,1;
2021/03/27;0000 UTC;0;928,2;928,2;927,8;;21,5;21,1;22;21,3;21,2;20,7;97;94;97;126;2,3;,8;
2021/03/27;0100 UTC;0;928,4;928,5;928,2;;21,3;21;21,5;21;21;20,6;98;97;98;202;1,6;,9;
2021/03/27;0200 UTC;0;928,8;928,8;928,4;;21,1;20,6;21,5;21,1;21,1;20,5;98;96;97;166;1,5;,7;
2021/03/27;0300 UTC;0;929,2;929,3;928,8;;21;20,4;21,6;21;21,1;20,3;97;96;96;173;8,9;1,7;
2021/03/27;0400 UTC;0;928,6;929,2;928,6;;21;20,4;21,1;20,8;20,4;20,2;96;96;96;136;4,4;,9;
2021/03/27;0500 UTC;0;927,5;928,6;927,5;;20,4;20;21,1;20,4;20,6;20;97;95;97;165;3;,5;
2021/03/27;0600 UTC;0;926,5;927,5;926,5;;20,4;20;20,7;20,3;20,3;19,8;98;97;97;7;1,6;,6;
2021/03/27;0700 UTC;0;926;926,5;926;;19,9;19,5;20,4;19,9;20;19,5;98;97;98;324;2;,7;
2021/03/27;0800 UTC;0;925,9;926,1;925,9;;20;19,5;20,2;19,8;19,8;19,4;98;97;97;332;2;,7;
2021/03/27;0900 UTC;0;926,2;926,2;925,8;;19,8;19,4;20,3;19,7;19,7;19,3;98;96;98;326;1,4;,6;
2021/03/27;1000 UTC;0;926,5;926,5;926;102,6;20,8;19,5;20,8;19,8;19,6;19,3;98;93;93;312;1,9;1;
2021/03/27;1100 UTC;0;927;927;926,4;801,3;22,8;19,8;22,8;20,8;20;19,5;93;83;83;335;3,1;1,6;
2021/03/27;1200 UTC;0;927,5;927,6;927;1573,5;25,6;20,4;25,6;22,8;21,1;19,4;84;73;73;353;3,1;1,1;
2021/03/27;1300 UTC;0;927,9;927,9;927,5;2321,3;27,4;19;27,9;25,4;20,8;18,5;73;58;60;311;5,4;1,9;
2021/03/27;1400 UTC;0;927,6;927,9;927,6;2881,6;29,4;17,2;29,6;27,4;20,4;17,2;61;48;48;311;5,8;2,1;
2021/03/27;1500 UTC;0;927,2;927,6;927,2;3155,9;31,4;18;31,4;29,3;20,1;16,8;56;42;45;270;5,8;1,2;
2021/03/27;1600 UTC;0;926,5;927,2;926,5;3216;32,1;16,6;32,4;31;18,4;14,6;47;36;39;261;4;1;
2021/03/27;1700 UTC;0;925,7;926,5;925,7;3017,3;31,8;16,1;32,9;31,6;18;14,1;43;33;39;202;4,6;1,6;
2021/03/27;1800 UTC;0;925,1;925,7;925,1;2633,5;31,4;14,9;32,8;31,2;16,5;12,7;41;30;37;165;4,7;2,5;
2021/03/27;1900 UTC;0;924,9;925,1;924,9;1447,3;28,6;21,7;31,6;28,6;21,7;15,5;66;37;66;124;7,9;3,6;
2021/03/27;2000 UTC;0;925,2;925,3;924,7;788,7;26,7;20,1;28,6;26,7;21,9;19,7;70;65;67;117;8,5;3;
2021/03/27;2100 UTC;0;925,4;925,4;925,1;140,9;25,3;21,2;26,9;25,3;21,3;19,8;78;66;78;117;5,7;2;
2021/03/27;2200 UTC;0;926,1;926,1;925,4;;23,9;21,8;25,3;23,9;21,8;21,2;88;78;88;117;4,7;1,2;
2021/03/27;2300 UTC;0;927,2;927,2;926,1;;23,7;21,8;23,9;23,6;22;21,6;90;87;89;162;2,7;1;
2021/03/28;0000 UTC;0;927,3;927,3;927,1;;23,3;21;23,7;23,2;21,9;20,9;90;85;87;110;2,3;,9;
2021/03/28;0100 UTC;0;928;928;927,3;;23,2;21,4;23,3;22,8;21,5;21;92;87;90;206;1,9;,8;
2021/03/28;0200 UTC;0;929,5;929,5;928;;22,8;20,7;23,8;22,7;21,5;20,7;90;85;88;248;7;2,6;
2021/03/28;0300 UTC;1,4;929,5;929,8;929,5;;20,9;19,9;22,9;20,8;20,9;18,8;94;80;94;257;6,9;1,7;
2021/03/28;0400 UTC;1,2;928,7;929,5;928,7;;20;19,1;21;19,9;20,2;19,1;97;93;95;274;5,1;1;
2021/03/28;0500 UTC;,2;926,7;928,7;926,7;;19,9;19,1;20;19,4;19,3;18,9;97;94;95;132;3,5;1,8;
2021/03/28;0600 UTC;0;926,8;926,8;926,6;;20,1;19,6;20,2;19,8;19,6;18,6;97;91;96;352;4,1;,3;
2021/03/28;0700 UTC;0;926,1;926,8;926,1;;20;19,4;20,3;20;19,7;19,2;97;94;96;118;2,4;,6;
2021/03/28;0800 UTC;0;926;926,1;925,9;;20,2;19,4;20,9;19,9;19,4;18,6;96;88;95;59;2,8;,6;
2021/03/28;0900 UTC;0;926,4;926,5;926;;20,4;19,2;20,4;20;19,6;19,1;97;93;93;315;1,4;,4;
2021/03/28;1000 UTC;0;926,6;926,6;926,3;42,7;20,5;19,6;20,8;20,3;19,8;18,9;95;91;94;69;1,7;,9;
2021/03/28;1100 UTC;0;927;927;926,6;425,9;23,2;18,9;23,2;20,5;19,5;18,8;94;77;77;53;3,9;1,7;
2021/03/28;1200 UTC;0;927,5;927,5;927;1480,9;24,2;19,3;24,6;23,2;20,1;18,6;80;71;74;60;4,1;1,5;
2021/03/28;1300 UTC;0;927,6;927,7;927,5;1879,7;25,5;19;26;24,2;20,2;18,4;75;65;67;49;3,7;1,6;
2021/03/28;1400 UTC;,2;927,2;927,6;927,2;2504,6;27,1;19,3;27,2;25,5;20,2;18,4;72;60;62;18;4;1,5;
2021/03/28;1500 UTC;0;926,6;927,2;926,6;3122,1;30,1;17,8;30,2;27,1;21;17,8;64;48;48;310;4;1,3;
2021/03/28;1600 UTC;0;925,7;926,7;925,7;3152,6;31;18,3;31,1;29,5;20;16,7;55;45;47;353;5,3;1,5;
2021/03/28;1700 UTC;0;924,8;925,7;924,8;2875,3;31,1;19,7;32,8;30,2;20,6;17;54;41;51;310;6,6;1,4;
2021/03/28;1800 UTC;0;924;924,8;924;895,1;30,3;19,9;31,8;28,2;21,2;16,9;66;43;54;315;5,8;1;
2021/03/28;1900 UTC;0;923,7;924;923,6;1161,8;31,4;18,6;31,9;29,5;20,6;17,2;57;43;47;263;5,8;1,6;
2021/03/28;2000 UTC;1,4;923,9;923,9;923,5;859,1;25,5;23,1;31,4;23,8;23,1;18,6;86;47;86;149;8,9;1,8;
2021/03/28;2100 UTC;0;925;925;923,9;271;24,1;19,8;25,5;24;23,6;19,6;90;76;77;100;4,8;1,8;
2021/03/28;2200 UTC;0;925,7;925,7;925;7,6;22,5;18,3;24;22,4;19,6;18,2;80;71;77;345;6,5;,6;
2021/03/28;2300 UTC;0;926;926,1;925,7;;22,6;17,5;23;22,1;18,3;17,5;80;72;73;350;3,8;1,1;
2021/03/29;0000 UTC;0;926,1;926,1;925,9;;21,7;17,4;23,2;21,7;17,6;16,4;77;66;77;99;3;,6;
2021/03/29;0100 UTC;0;926,1;926,3;926,1;;21,2;18;21,8;21,2;18,4;17;83;74;82;17;1,5;,3;
2021/03/29;0200 UTC;0;926,2;926,2;925,9;;21,2;19,7;21,7;20,9;20;17,6;92;79;91;198;1,6;,3;
2021/03/29;0300 UTC;0;926,1;926,2;926;;21;19,4;21,2;20,7;19,7;18,6;93;86;91;81;1,7;,4;
2021/03/29;0400 UTC;0;926;926,3;926;;21,2;19,1;21,6;20,8;20,1;18,6;93;86;88;32;1,5;,5;
2021/03/29;0500 UTC;0;925,4;926;925,4;;21,2;19,5;21,2;20,5;20;18,9;96;88;90;6;1,3;1;
2021/03/29;0600 UTC;0;925;925,4;925;;20,1;18,7;21,4;20;19,5;18,7;93;88;91;311;1,5;,4;
2021/03/29;0700 UTC;0;924,8;925;924,8;;19,8;18,3;20,1;19,8;18,7;18,3;93;91;91;301;2,5;1;
2021/03/29;0800 UTC;0;925,2;925,2;924,8;;19,7;18,1;20,1;19,6;18,4;17,9;91;88;90;303;2,8;,8;
2021/03/29;0900 UTC;0;925,7;925,7;925,2;;19,7;18,1;20;19,7;18,1;17,8;90;88;90;315;3,5;,6;
2021/03/29;1000 UTC;0;926,3;926,3;925,7;56,1;20,7;18,5;20,7;19,7;18,5;18,1;91;87;88;310;1,9;,6;
2021/03/29;1100 UTC;0;927;927;926,3;543,1;23,4;18,7;23,4;20,7;19,7;18,1;90;75;75;320;2;,9;
2021/03/29;1200 UTC;0;927,4;927,4;927;1277,8;24,9;18,3;25,1;23,4;19,3;17,9;76;66;67;334;3;1,7;
2021/03/29;1300 UTC;0;927,6;927,6;927,4;2200,1;27,4;19,1;27,8;24,9;20,4;17,8;70;57;61;151;3,4;1,2;
2021/03/29;1400 UTC;0;927,3;927,6;927,2;2633,5;27,9;19;28,4;27,3;20,8;17,8;64;55;58;115;3,4;1,6;
2021/03/29;1500 UTC;0;926,6;927,3;926,6;3077,9;27,8;18,9;29;27,6;21,2;18,9;65;56;58;124;4,1;1,6;
2021/03/29;1600 UTC;0;925,4;926,6;925,4;2992,9;28,9;18,9;30,2;27,8;20,7;17,6;61;48;55;99;4;1,7;
2021/03/29;1700 UTC;0;924,8;925,4;924,5;1128,8;26;19,6;30,4;26;20,7;17,8;68;49;68;267;8,6;2,1;
2021/03/29;1800 UTC;,6;924,2;924,8;924,2;1868;25,3;18,7;26,2;22,6;20,1;17,6;81;60;67;120;13,4;2,6;
2021/03/29;1900 UTC;0;923,7;924,2;923,7;1955,4;27,8;18,3;28,3;25,3;19,1;17,5;67;54;56;147;5;2,2;
2021/03/29;2000 UTC;0;924;924;923,5;831;25,8;19,9;28,1;25,7;20,3;17;72;52;70;130;6,1;2,2;
2021/03/29;2100 UTC;0;923,9;924,3;923,9;132,2;24;22,4;25,8;24;22,7;19,9;91;70;91;140;6,1;2,5;
2021/03/29;2200 UTC;0;924,1;924,4;923,9;;23,2;21,5;24;23,2;22,6;21,4;93;89;90;119;6,4;3,1;
2021/03/29;2300 UTC;10,6;925,1;925,1;923,8;;21,8;21,4;23,3;21,6;22,1;21,2;98;90;98;181;6,2;1,4;
2021/03/30;0000 UTC;0;925,8;925,9;924,9;1,7;19,7;18,2;21,8;19,7;21,3;18,1;98;89;91;228;9,2;1;
2021/03/30;0100 UTC;,2;926,9;927,1;925,8;,6;18,8;18,2;20,1;18,8;18,6;17,8;96;87;96;183;10,5;3;
2021/03/30;0200 UTC;0;926,6;927,1;926,6;;19,1;18,6;19,1;18,7;18,6;18;97;96;97;165;8,5;2,8;
2021/03/30;0300 UTC;0;926,4;926,6;926,4;;19,2;18,7;19,2;19;18,8;18,5;97;96;97;157;5,2;1,5;
2021/03/30;0400 UTC;0;925,8;926,4;925,8;;18,9;18,5;19,2;18,9;18,6;18,4;97;96;97;41;3,6;,6;
2021/03/30;0500 UTC;0;924,6;925,8;924,6;;18,9;18,3;19,3;18,9;18,7;17,9;97;92;96;330;3;,9;
2021/03/30;0600 UTC;0;924,1;924,7;924,1;;18,7;17,6;19,1;18,6;18,3;17,6;96;93;93;321;2,4;,5;
2021/03/30;0700 UTC;0;923,6;924,1;923,6;;18,6;17,6;18,8;18,5;17,9;17,5;95;93;94;323;1,8;,6;
2021/03/30;0800 UTC;,2;923,7;923,7;923,4;;18,6;17,6;18,9;18,5;17,7;17,4;95;92;94;17;1,3;,1;
2021/03/30;0900 UTC;0;923,7;923,7;923,5;;19;17,7;19,4;18,6;17,9;17,4;94;88;92;330;1,7;,6;
2021/03/30;1000 UTC;0;924,1;924,1;923,7;89,8;19,7;18,1;19,7;18,6;18,1;17,6;95;90;90;291;2,1;,7;
2021/03/30;1100 UTC;0;924,4;924,4;924,1;821,3;22,6;17,7;22,6;19,7;18,8;17,4;90;74;74;322;3,4;1,3;
2021/03/30;1200 UTC;0;924,5;924,6;924,4;1556,5;25,1;18,9;25,2;22,6;19,3;17,5;76;66;69;297;5;1,2;
2021/03/30;1300 UTC;0;924,6;924,7;924,4;2322,7;27;19,4;27;24,8;19,4;18;69;60;63;284;4,6;1,2;
2021/03/30;1400 UTC;0;924,5;924,6;924,5;2885,8;28,3;19,2;28,4;27;20,1;17,9;65;54;58;256;4,4;1,4;
2021/03/30;1500 UTC;0;924;924,5;924;2290,5;26,4;17,9;28,6;26,4;19,8;17,6;63;53;60;220;5,3;1,3;
2021/03/30;1600 UTC;0;923,4;924,1;923,4;1760,5;27,7;19,8;28,4;26,1;20,1;17,9;66;56;62;212;6,1;1,9;
2021/03/30;1700 UTC;0;922,4;923,4;922,4;2482,4;26;20,8;28,8;26;21,2;18,3;75;55;73;132;5,5;2;
2021/03/30;1800 UTC;0;921,7;922,4;921,7;804,8;23,8;21,1;27,1;23,6;21,3;19,6;86;68;85;143;7,8;3,4;
2021/03/30;1900 UTC;6;923,8;923,8;921,3;147,5;19;17,1;23,9;19;21,3;17,1;96;83;89;205;12;3,4;
2021/03/30;2000 UTC;0;922,7;923,8;922,6;612,3;20,1;18,8;20,3;18,9;19;17,1;94;89;93;159;12;2,4;
2021/03/30;2100 UTC;4,2;923,8;924,9;922,7;106,9;19,3;18,2;20,5;19,3;19,6;18,2;94;92;93;260;8,7;2,9;
2021/03/30;2200 UTC;,8;923,2;923,8;923,2;;19,1;18,3;19,3;19;18,4;17,8;95;92;95;177;8,7;1,2;
2021/03/30;2300 UTC;0;924,2;924,3;923,1;;18,5;18,1;19,1;18,5;18,5;18,1;98;95;98;72;2,3;,7;
2021/03/31;0000 UTC;,2;924,1;924,6;924;;18,5;17,9;18,6;18,3;18,2;17,9;98;96;96;172;2,8;1,4;
2021/03/31;0100 UTC;0;924,5;924,7;924,1;;18;17,6;18,6;18;18;17,6;98;96;98;241;2,8;,2;
2021/03/31;0200 UTC;0;924,1;924,5;924,1;;18,2;17,9;18,3;17,8;18;17,4;98;98;98;294;1,1;,3;
2021/03/31;0300 UTC;0;923,7;924,2;923,7;;18,2;17,8;18,3;18;17,9;17,7;98;97;97;324;,9;,4;
2021/03/31;0400 UTC;0;923,1;923,7;923,1;;18,2;17,8;18,3;18,1;17,9;17,7;98;97;98;232;1;,6;
2021/03/31;0500 UTC;0;922,7;923,1;922,6;;18,1;17,8;18,6;18,1;18,2;17,8;98;98;98;248;2,3;,9;
2021/03/31;0600 UTC;0;922,7;922,7;922,6;;17,6;16,3;18,2;17,4;17,9;16,3;98;93;93;180;8,4;2,8;
2021/03/31;0700 UTC;0;922,6;922,7;922,5;4,8;17,5;15,9;17,6;17,4;16,3;15,5;92;88;91;182;6,1;1,8;
2021/03/31;0800 UTC;0;922,8;922,8;922,6;1,8;17,4;16,4;17,5;17,3;16,4;16;94;91;94;177;4,5;1,4;
2021/03/31;0900 UTC;0;923,2;923,2;922,8;1,2;17,7;16,5;17,7;17,3;16,7;16,3;94;92;93;194;3,1;,9;
2021/03/31;1000 UTC;,2;923,7;923,7;923,1;44,4;17,8;16,5;17,8;17,6;16,7;16,4;93;92;92;201;2,3;1;
2021/03/31;1100 UTC;0;924,3;924,3;923,7;435,4;18,5;16;18,9;17,8;16,9;15,9;92;84;86;176;3,4;1,2;
2021/03/31;1200 UTC;0;924,6;924,6;924,3;916,5;19,8;16,4;19,9;18,5;16,9;15,5;88;80;81;201;4,5;1,8;
2021/03/31;1300 UTC;0;924,9;924,9;924,6;1452,3;20,2;16,3;20,7;19,3;16,9;15,6;83;75;78;191;4,5;1,6;
2021/03/31;1400 UTC;0;924,8;925;924,8;1686;21,7;16,2;22,4;20;17,9;15,1;80;66;71;197;5,2;1,5;
2021/03/31;1500 UTC;0;924,2;924,8;924,2;2326,2;22,3;15,1;22,4;20,8;17,5;15,1;76;64;64;170;6,3;1,6;
2021/03/31;1600 UTC;0;923,7;924,2;923,7;2456,5;23;14,3;24,1;21,3;16,1;13,7;69;53;58;210;6,3;2,1;
2021/03/31;1700 UTC;0;923,1;923,7;923,1;2518,2;23,1;16;23,2;21,8;17,2;13,9;72;57;64;193;6,9;1,7;
2021/03/31;1800 UTC;0;922,6;923,1;922,6;1907,4;21,3;16,3;24;21,2;16,9;14,3;73;59;73;158;9;4,2;
2021/03/31;1900 UTC;0;922,6;922,6;922,5;1628,6;20,8;16,4;22,4;20,8;16,8;15,7;77;68;76;150;8,6;3,9;
2021/03/31;2000 UTC;0;922,7;922,7;922,5;902,5;19,4;15,9;21,1;19,4;16,9;15,3;80;72;80;156;8;4,3;
2021/03/31;2100 UTC;0;923,1;923,1;922,7;180,4;18,5;16;19,6;18,5;16,4;15,8;85;80;85;160;7,6;3,6;
2021/03/31;2200 UTC;0;923,6;923,6;923,1;2,2;17,5;15,8;18,5;17,5;16,1;15,5;90;85;90;155;8,5;2,8;
2021/03/31;2300 UTC;0;924,3;924,3;923,6;;17,1;15,8;17,5;17;15,9;15,6;93;90;93;156;6,3;2,3;
2021/04/01;0000 UTC;0;924,5;924,7;924,3;;16,7;15,6;17,1;16,7;15,9;15,6;93;92;93;163;5,2;2,7;
2021/04/01;0100 UTC;0;924,7;924,7;924,5;;16,6;15,3;16,8;16,5;15,6;15,3;93;92;92;162;5,4;2,2;
2021/04/01;0200 UTC;0;924,4;924,7;924,4;;16,2;15,2;16,6;16,2;15,5;15,2;94;92;94;163;5;1,6;
2021/04/01;0300 UTC;0;924,2;924,4;924,1;;16,2;15,1;16,3;16;15,2;15;94;93;93;166;4;1,8;
2021/04/01;0400 UTC;0;924;924,2;924;;15,9;15,2;16,2;15,8;15,2;15;96;93;96;185;4;1,4;
2021/04/01;0500 UTC;0;923,8;924;923,8;;15,4;14,9;15,9;15,4;15,2;14,9;97;95;96;190;2,6;,8;
2021/04/01;0600 UTC;0;923,3;923,8;923,3;;14,8;14,4;15,5;14,8;15;14,3;97;96;97;297;2,1;,7;
2021/04/01;0700 UTC;0;923,7;923,7;923,3;;15,3;15;15,3;14,7;15;14,3;98;97;98;230;2,1;,4;
2021/04/01;0800 UTC;0;923,9;923,9;923,6;;15,4;15;15,5;15,2;15,2;14,9;98;97;97;226;2,1;,5;
2021/04/01;0900 UTC;0;924,2;924,3;923,9;;14,8;14,3;15,5;14,8;15;14,2;97;95;97;196;1,8;,4;
2021/04/01;1000 UTC;0;924,9;924,9;924,2;102,2;15,5;14,7;15,5;14,6;14,7;14,1;97;95;95;252;1,6;,6;
2021/04/01;1100 UTC;0;925,6;925,6;924,9;736,2;17,9;14,5;17,9;15,4;14,7;14,1;95;80;80;211;3,9;1;
2021/04/01;1200 UTC;0;926,2;926,2;925,6;1653,4;19;14,6;19,3;17,9;15,8;14,2;82;74;76;216;4,6;1,9;
2021/04/01;1300 UTC;0;926,2;926,3;926;2236;21,2;15,2;21,2;18,8;15,5;13,8;78;67;69;201;5,9;1,3;
2021/04/01;1400 UTC;0;926,1;926,3;926,1;2668,7;21,8;14,1;22,4;20,5;16,5;13,9;71;61;61;246;5,5;1,7;
2021/04/01;1500 UTC;0;925,9;926,3;925,9;2643,4;23,4;13,1;23,7;20,7;15,4;12,4;67;50;53;252;5,2;1,9;
2021/04/01;1600 UTC;0;925,3;925,9;925,2;2581,3;23,1;12,2;24,2;21,9;14,8;11,5;58;47;50;147;5,2;1,5;
2021/04/01;1700 UTC;0;924,8;925,3;924,7;2049,3;22,8;15,1;24,8;22,1;15,2;12;62;49;62;156;5,9;1,8;
2021/04/01;1800 UTC;0;924,5;924,8;924,5;1311,8;21,8;15,7;23,8;21,6;16,8;14,3;72;56;68;141;6,3;3,3;
2021/04/01;1900 UTC;0;924,9;924,9;924,5;1732,5;21;16,2;22,8;20,8;17,1;15,3;76;65;74;163;8,9;4,1;
2021/04/01;2000 UTC;0;925,3;925,3;924,9;808;19,5;16,1;21;19,4;16,7;15,9;81;74;81;151;8;3,4;
2021/04/01;2100 UTC;0;926;926,1;925,3;148;18,4;15,9;19,5;18,4;16,4;15,8;85;80;85;159;7,3;3;
2021/04/01;2200 UTC;0;926,5;926,5;926;;18;16,3;18,4;17,8;16,3;15,8;90;85;90;159;7,5;2,9;
2021/04/01;2300 UTC;,8;927,1;927,1;926,5;;17,4;16,8;18;17,3;16,8;16,2;97;90;96;164;6,9;2,8;
2021/04/02;0000 UTC;,4;927,4;927,4;927,1;;17,3;16,5;17,5;17,3;16,8;16,5;96;94;95;160;6,9;2,2;
2021/04/02;0100 UTC;0;927,7;927,7;927,3;;17,2;16,6;17,4;17,1;16,8;16,3;96;95;96;159;6,6;3,2;
2021/04/02;0200 UTC;,2;927,6;927,7;927,5;;17,2;16,2;17,3;17;16,6;16,1;97;93;94;145;7,6;3;
2021/04/02;0300 UTC;0;927,6;927,6;927,4;;17,3;16,5;17,4;17,2;16,6;16,2;95;94;95;168;6,3;2,3;
2021/04/02;0400 UTC;,6;927,5;927,7;927,5;;16,7;16,3;17,3;16,6;16,6;16;97;95;97;168;5,5;1,6;
2021/04/02;0500 UTC;0;927,1;927,6;927,1;;17;16,3;17;16,6;16,4;15,7;98;94;96;161;5,2;1,8;
2021/04/02;0600 UTC;0;927;927,1;927;;17;16,3;17,1;16,9;16,5;16,3;97;95;95;165;3,9;2;
2021/04/02;0700 UTC;0;927,2;927,3;927;;16,8;16,2;17,1;16,8;16,4;16,2;97;95;96;161;4;,8;
2021/04/02;0800 UTC;0;927,5;927,5;927;;16,5;15,9;16,8;16,5;16,3;15,8;96;96;96;173;2,8;,8;
2021/04/02;0900 UTC;0;928;928;927,5;;16,5;15,9;16,7;16,5;16,1;15,8;97;95;96;187;3,2;1,1;
2021/04/02;1000 UTC;,4;928,5;928,5;928;79,1;16;14,9;16,8;15,8;16,1;14,4;96;90;93;175;6,6;1,7;
2021/04/02;1100 UTC;0;929,2;929,2;928,5;456,6;17,7;14,2;17,8;16;15,3;13,8;93;79;80;166;5,2;1,7;
2021/04/02;1200 UTC;0;929,7;929,7;929,2;1499;19,5;15;19,5;17,7;16,4;14,2;83;75;75;176;4,9;2;
2021/04/02;1300 UTC;0;929,9;930;929,7;2238,3;21;15,1;21,3;19,3;16,2;14,1;78;69;69;134;5,9;2,7;
2021/04/02;1400 UTC;0;929,9;930;929,8;2449,1;20,9;15,2;21,8;19,7;16,2;13,6;73;62;70;106;6;2,4;
2021/04/02;1500 UTC;0;929,7;930;929,7;2356;21,5;15,1;22,1;20,7;16,3;14;72;62;67;141;5,5;2,3;
2021/04/02;1600 UTC;0;928,9;929,7;928,9;3422,7;22,1;14,9;22,7;21,4;16,2;14;69;61;64;111;5,3;2,9;
2021/04/02;1700 UTC;0;928,5;928,9;928,5;2502,4;21,9;14,8;23,3;21,7;16,2;14,1;67;60;64;117;6,3;2,8;
2021/04/02;1800 UTC;0;928,2;928,5;928,2;1467;22,1;16,1;22,8;21,3;17;15,1;74;64;69;141;6,2;2,7;
2021/04/02;1900 UTC;0;928,3;928,3;928,2;1286,2;21,4;16;22,3;21;17,2;15,7;74;67;71;146;6,8;3,2;
2021/04/02;2000 UTC;0;928,3;928,3;928,2;809;20,2;16,5;21,8;20,1;17,1;15,5;80;69;79;124;6,8;3;
2021/04/02;2100 UTC;0;928,8;928,8;928,3;177,8;18,9;16,3;20,3;18,9;17;15,9;85;78;85;169;6,5;3,6;
2021/04/02;2200 UTC;0;928,9;928,9;928,8;;18,2;16,4;18,9;18,1;16,5;16,2;90;85;90;162;6,5;3,3;
2021/04/02;2300 UTC;0;929,4;929,4;928,9;;18,2;16,7;18,2;17,9;16,7;16,2;91;89;91;155;6;2,4;
2021/04/03;0000 UTC;0;929,9;929,9;929,4;;17,8;16,6;18,2;17,8;16,9;16,4;93;90;92;167;6;2,3;
2021/04/03;0100 UTC;0;930;930;929,8;;17,4;16,5;17,8;17,3;16,6;16,3;95;91;95;163;6,2;1,4;
2021/04/03;0200 UTC;0;929,9;930;929,9;;17,4;16,4;17,4;17;16,5;16;95;94;94;188;4,2;1,7;
2021/04/03;0300 UTC;0;930,1;930,2;929,9;;17,4;16,5;17,5;17,4;16,6;16,3;95;93;94;160;3,8;1,1;
2021/04/03;0400 UTC;0;929,4;930,1;929,4;;16,9;16,4;17,5;16,9;16,7;16,4;97;94;97;191;2,6;1,3;
2021/04/03;0500 UTC;0;928,6;929,4;928,6;;16,2;15,9;17;16,2;16,4;15,9;98;97;98;158;2,1;,5;
2021/04/03;0600 UTC;0;928,5;928,6;928,5;;16,2;16;16,4;16,1;16,1;15,8;98;98;98;199;1,5;,4;
2021/04/03;0700 UTC;0;928,3;928,6;928,3;;15,9;15,6;16,3;15,8;16;15,5;98;98;98;151;1,3;,3;
2021/04/03;0800 UTC;0;928,4;928,4;928,3;;16,2;15,9;16,2;15,9;16;15,6;98;98;98;154;1,6;,6;
2021/04/03;0900 UTC;0;928,8;928,8;928,3;;16,6;16,2;16,6;16,1;16,2;15,9;98;98;98;115;1,8;,7;
2021/04/03;1000 UTC;0;929,3;929,3;928,8;81,8;17,2;16,8;17,2;16,5;16,8;16;98;96;98;188;2,3;,5;
2021/04/03;1100 UTC;0;929,8;929,8;929,3;629,3;18,8;16;18,8;17,1;17,2;15,3;98;83;84;49;2,4;,7;
2021/04/03;1200 UTC;,2;930,3;930,3;929,8;1134,4;19,7;15,8;20,1;18,7;17;15,7;86;78;78;68;4,6;1,6;
2021/04/03;1300 UTC;0;930,5;930,5;930,2;1842;21,6;16,4;22;19,5;17,4;15,3;80;69;72;90;3,6;1,3;
2021/04/03;1400 UTC;0;930,3;930,5;930,3;2369,8;22,3;16,5;22,7;21,4;17,1;15,7;74;67;70;119;4,3;1,8;
2021/04/03;1500 UTC;0;929,9;930,3;929,9;2490,7;23,2;16,7;23,6;22,1;17,8;15,9;73;66;67;128;4,7;2,4;
2021/04/03;1600 UTC;0;929,2;929,9;929,2;2556,2;23,5;17,8;24;22,4;18,9;16,1;76;65;71;126;5;2,2;
2021/04/03;1700 UTC;0;928,8;929,2;928,7;2790,5;22,9;17,8;23,7;22,4;18,7;17,1;77;68;73;155;6,9;3,5;
2021/04/03;1800 UTC;0;928,6;928,8;928,5;2392,1;22,5;18;23,5;21,8;18,8;17,3;79;71;76;131;6,9;3,2;
2021/04/03;1900 UTC;0;928,8;928,8;928,5;1207,8;21;17,7;22,7;20,6;18,9;17,7;86;76;81;151;8,6;3,9;
2021/04/03;2000 UTC;0;929,2;929,2;928,7;495,6;20,1;17,8;21,5;20,1;18,7;17,5;87;81;87;134;9,1;2,9;
2021/04/03;2100 UTC;0;929,5;929,5;929,2;105,4;19,6;17,8;20,2;19,6;17,9;17,3;89;85;89;148;8,4;3,6;
2021/04/03;2200 UTC;0;929,7;929,7;929,5;;19,2;17,6;19,6;19,2;17,9;17,6;91;89;91;147;7,3;3;
2021/04/03;2300 UTC;0;930,2;930,2;929,7;;19,2;17,4;19,3;18,9;17,8;17,4;92;90;90;142;6,9;2,7;
2021/04/04;0000 UTC;0;930,3;930,3;930,2;;19;17,5;19,2;18,9;17,8;17,3;93;90;91;129;6,4;2,8;
2021/04/04;0100 UTC;0;930,6;930,6;930,3;;18,6;17,3;19;18,4;17,6;17;93;91;93;128;6,6;2,6;
2021/04/04;0200 UTC;0;930,4;930,6;930,4;;18,2;16,9;18,7;18,2;17,4;16,6;93;90;92;116;6,3;1,5;
2021/04/04;0300 UTC;0;930,3;930,4;930,2;;17,5;16;18,2;17,5;16,8;15,9;92;89;91;117;4,2;,9;
2021/04/04;0400 UTC;0;930,3;930,4;930,2;;17,7;16,2;17,7;17,2;16,2;15,9;93;90;91;128;2,6;1,1;
2021/04/04;0500 UTC;0;929,9;930,3;929,9;;17,7;16,3;17,8;17,5;16,5;16,1;93;90;92;125;3,6;1,2;
2021/04/04;0600 UTC;0;929,4;929,9;929,4;;17,1;15,8;17,8;17;16,3;15,8;94;90;92;99;2,8;,7;
2021/04/04;0700 UTC;0;929,3;929,4;929,2;;16,7;15,6;17,2;16,7;15,8;15,5;93;91;93;111;2,6;,9;
2021/04/04;0800 UTC;0;929,3;929,4;929,3;;17,3;15,8;17,4;16,6;16;15,5;94;91;91;111;3,7;1,6;
2021/04/04;0900 UTC;0;929,8;929,8;929,2;;17;15,9;17,3;16,9;16;15,7;94;91;94;122;3,4;1,1;
2021/04/04;1000 UTC;0;930,3;930,3;929,8;59,6;17,7;16,8;17,7;16,7;16,8;15,9;96;94;94;113;4;1,5;
2021/04/04;1100 UTC;0;930,9;930,9;930,3;362,5;18,7;16,9;18,8;17,7;17,3;16,5;95;89;89;119;5,3;2,3;
2021/04/04;1200 UTC;0;931,4;931,5;930,9;656,7;19,9;17,1;19,9;18,7;17,6;16,7;91;84;84;111;4,7;1,8;
2021/04/04;1300 UTC;0;931,7;931,8;931,4;1238,8;20,2;16,7;20,6;19,9;17,5;16,5;84;79;81;149;4,9;2,5;
2021/04/04;1400 UTC;0;931,6;931,8;931,5;2021,3;22,3;16,5;22,3;20,2;17,5;15,5;83;68;70;140;6,5;3,2;
2021/04/04;1500 UTC;0;930,8;931,6;930,8;3188,9;22;16,6;22,8;21,6;17,4;15,8;74;67;71;155;7,9;4;
2021/04/04;1600 UTC;0;930,3;930,8;930,3;3254,2;22,2;17,2;23;21,6;18,4;16,3;78;70;73;131;8,5;3,6;
2021/04/04;1700 UTC;0;929,8;930,3;929,8;3012,5;22,1;15,9;22,7;21,7;17,6;15,3;75;65;68;149;8,9;4,8;
2021/04/04;1800 UTC;0;929,4;929,8;929,4;2495,9;22;16,1;22,5;21,9;17,1;15,7;73;67;70;135;8,9;3,6;
2021/04/04;1900 UTC;0;929,3;929,5;929,1;1789,2;21;16,7;22,2;20,8;17,5;16;79;70;76;127;8,6;3,7;
2021/04/04;2000 UTC;0;929,2;929,5;929,2;954,8;20,4;16,5;21,2;20,3;16,9;15,7;78;74;78;140;8,6;3,9;
2021/04/04;2100 UTC;0;929,8;929,8;929,2;140,4;18,4;17;20,4;18,4;17;16,1;91;78;91;135;10,2;3,4;
2021/04/04;2200 UTC;0;930;930;929,6;2,4;18,7;16,8;18,9;18,4;17,4;16,8;92;89;89;137;8,6;3,2;
2021/04/04;2300 UTC;0;930,2;930,3;929,9;;18,6;16,7;18,9;18,6;17,4;16,5;91;87;89;116;7,7;3,2;
2021/04/05;0000 UTC;0;930,6;930,6;930,2;;18,7;17;18,8;18,4;17;16,7;90;89;90;118;7,7;2,8;
2021/04/05;0100 UTC;0;930,5;930,7;930,4;;18,4;17,3;18,8;18,3;17,4;16,7;94;89;94;127;8,5;3,5;
2021/04/05;0200 UTC;0;930,3;930,5;930,1;;18,3;17,2;18,5;18,2;17,3;17;94;91;93;116;7,6;3,4;
2021/04/05;0300 UTC;0;930;930,3;930;;18,1;17,1;18,4;18,1;17,2;16,9;94;91;94;111;7,6;2,8;
2021/04/05;0400 UTC;0;929,7;930,1;929,7;;18;16,7;18,2;18;17,1;16,7;94;92;92;118;6,2;2,5;
2021/04/05;0500 UTC;0;929,7;929,8;929,7;;18,1;16,8;18,2;17,9;16,9;16,7;93;92;92;124;5,1;1,9;
2021/04/05;0600 UTC;0;929,3;929,7;929,3;;17,8;16,9;18,1;17,7;16,9;16,5;94;91;94;127;4,2;2,1;
2021/04/05;0700 UTC;0;929,4;929,4;929,3;;17,6;16,4;17,9;17,6;16,8;16,4;95;93;93;127;4;1,3;
2021/04/05;0800 UTC;0;929,4;929,6;929,3;;17,8;16,3;17,9;17,5;16,5;16,1;93;90;91;119;3,4;1,7;
2021/04/05;0900 UTC;0;929,4;929,5;929,3;;17,3;16,5;17,8;17,1;16,6;16,1;96;90;95;115;4;1,9;
2021/04/05;1000 UTC;0;930,1;930,1;929,3;82,3;17,8;16,4;17,8;17,2;16,6;16,3;95;92;92;121;4,8;1,7;
2021/04/05;1100 UTC;0;931,1;931,1;930,1;797,2;19,6;16,1;19,6;17,8;16,8;16;92;81;81;120;4,9;2,2;
2021/04/05;1200 UTC;0;931,8;931,8;931,1;1440,7;20,7;15,7;21,1;19,5;16,9;15,6;82;73;73;120;4,7;2;
2021/04/05;1300 UTC;0;931,6;931,9;931,5;2019,2;21,9;16,3;21,9;20,7;16,9;15,4;75;69;70;124;5,5;2,9;
2021/04/05;1400 UTC;0;931,1;931,8;931,1;2606,7;22,5;16,9;22,7;21,4;17,4;14,8;73;65;71;138;6,1;3;
2021/04/05;1500 UTC;0;930,6;931,1;930,6;2699,6;22,6;16,2;23;21,8;17,6;15,6;74;65;67;150;6,8;3,7;
2021/04/05;1600 UTC;0;929,8;930,6;929,8;2552;22,2;16;22,6;21,8;16,6;15,6;72;66;68;154;8,8;4,7;
2021/04/05;1700 UTC;0;929,4;929,8;929,4;2460,9;23;16,8;23;21,9;17,6;15,3;73;66;68;151;8,6;3,3;
2021/04/05;1800 UTC;0;929;929,4;929;2100,5;22,5;16,7;23;21,9;17,1;16;72;66;70;145;8,6;3,7;
2021/04/05;1900 UTC;0;928,8;929,1;928,8;1677,6;22;17,3;22,9;21,7;17,6;16,2;76;68;75;133;8,2;3,7;
2021/04/05;2000 UTC;0;928,8;928,9;928,7;795,9;20,7;17,4;21,9;20,7;17,9;16,8;82;75;81;155;8,2;4,2;
2021/04/05;2100 UTC;0;928,9;929;928,7;125,2;19,3;17,5;20,8;19,3;18,3;17,2;89;82;89;132;8,2;3,7;
2021/04/05;2200 UTC;0;929,1;929,2;928,8;;19;17,3;19,4;18,9;17,7;17,2;91;88;90;138;8,1;2,7;
2021/04/05;2300 UTC;0;929,5;929,6;929,1;;19,3;17,8;19,3;18,9;17,9;17,2;92;90;91;118;6;2,2;
2021/04/06;0000 UTC;0;929,9;929,9;929,5;;19;17,2;19,3;19;17,8;17,2;91;89;90;114;6,4;2,8;
2021/04/06;0100 UTC;0;929,8;929,9;929,8;;18,6;17,4;19;18,6;17,4;17,1;92;89;92;115;5,4;1,8;
2021/04/06;0200 UTC;0;929,6;929,9;929,6;;18;17;18,6;17,9;17,3;16,9;94;92;94;107;4,8;1,6;
2021/04/06;0300 UTC;0;929,4;929,6;929,3;;17,7;17,1;18;17,6;17,2;17;97;94;96;115;3,4;1,4;
2021/04/06;0400 UTC;0;929;929,4;929;;17,5;17;17,8;17,4;17,2;16,8;97;96;97;118;3,1;1,3;
2021/04/06;0500 UTC;0;928,4;929;928,3;;17,4;16,7;17,6;17,3;17;16,6;97;95;96;121;3,7;1,5;
2021/04/06;0600 UTC;0;928,6;928,7;928,3;;17,4;16;17,6;17,3;16,7;15,9;96;90;91;114;4,5;1,4;
2021/04/06;0700 UTC;0;928,6;928,7;928,3;;17,4;15,8;17,5;17,3;16;15,8;92;90;90;127;4,4;1,2;
2021/04/06;0800 UTC;0;928,7;928,7;928,4;;17,6;15,9;17,7;17,3;15,9;15,5;91;87;89;122;4,5;1,2;
2021/04/06;0900 UTC;0;929,2;929,2;928,7;;17,5;15,8;17,7;17,5;16;15,7;91;88;90;82;3,4;1,2;
2021/04/06;1000 UTC;0;929,6;929,6;929,1;59,6;17,9;16,1;17,9;17,5;16,2;15,8;91;89;89;126;4,4;1,3;
2021/04/06;1100 UTC;0;930,3;930,3;929,4;420,5;18,7;16,1;18,7;17,9;16,3;15,7;89;84;85;119;4,2;1,6;
2021/04/06;1200 UTC;0;930,3;930,4;930,1;1014,4;21;16;21,1;18,7;16,5;15,6;85;73;73;77;6,7;2,3;
2021/04/06;1300 UTC;0;930,3;930,4;930,2;1660,3;21;15,6;22,1;20,9;16,7;15,4;74;69;71;117;6,7;1,7;
2021/04/06;1400 UTC;0;929,9;930,6;929,9;687,2;21,1;17;21,1;20,3;17,2;15,4;80;70;78;152;4,8;1,4;
2021/04/06;1500 UTC;0;929,5;930,3;929,5;754,4;21,2;17;21,5;20,9;17,7;16,1;79;74;77;29;4,2;1,5;
2021/04/06;1600 UTC;0;928,6;929,5;928,6;1520,2;22;16,9;23,1;21;18,2;16,7;79;71;73;16;4,7;1,8;
2021/04/06;1700 UTC;0;927,9;928,6;927,9;1033,9;22,3;16,6;22,7;21,6;17,8;16,3;77;70;70;50;4;,9;
2021/04/06;1800 UTC;0;927,5;927,9;927,5;1207,4;22,3;17,9;23,6;22,1;18,2;16;77;66;76;121;3,6;1,7;
2021/04/06;1900 UTC;0;927,1;927,5;927,1;553,2;21,1;18,4;22,3;21,1;19,1;18;85;76;85;126;4,6;2,1;
2021/04/06;2000 UTC;0;927,3;927,6;927;201,9;20,3;18,4;21,2;20,3;18,6;18,2;89;84;89;128;4,5;2,2;
2021/04/06;2100 UTC;13,4;928,8;928,8;927,3;15,2;16,9;16,5;20,3;16,9;18,6;16,4;98;88;98;199;12,8;3,1;
2021/04/06;2200 UTC;7,2;929,1;929,2;928,8;;17,4;17;17,4;16,5;17;16,2;98;98;98;;;;
2021/04/06;2300 UTC;,4;929,3;929,3;929;;18;17,6;18;17,4;17,6;17;98;98;98;;;;
2021/04/07;0000 UTC;0;929,6;929,6;929,3;;18,1;17,3;18,2;17,9;17,7;17,3;98;95;95;;;;
2021/04/07;0100 UTC;0;929,8;929,8;929,5;;18,1;17,6;18,2;18,1;17,7;17,2;97;95;97;;;;
2021/04/07;0200 UTC;0;930,1;930,1;929,8;,3;18,2;17,6;18,3;18,1;17,8;17,6;97;96;97;;;;
2021/04/07;0300 UTC;0;929,9;930,2;929,9;;18,1;17,5;18,3;18,1;17,7;17,5;97;96;97;;;;
2021/04/07;0400 UTC;0;929,6;929,9;929,6;;18;17,4;18,2;18;17,6;17,4;97;96;97;;;;
2021/04/07;0500 UTC;0;929,2;929,6;929,2;;17,7;17;18,1;17,7;17,4;17;97;94;95;;;;
2021/04/07;0600 UTC;0;929,2;929,2;929;;17,7;16,8;17,8;17,5;17;16,7;96;94;95;;;;
2021/04/07;0700 UTC;0;928,8;929,3;928,8;;17,8;17;17,9;17,6;17,1;16,8;96;94;95;;;;
2021/04/07;0800 UTC;0;929;929;928,8;;17,9;17,1;18;17,8;17,3;17;96;95;95;;;;
2021/04/07;0900 UTC;0;929,4;929,4;928,9;;17,7;16,9;18;17,7;17,3;16,9;97;95;95;;;;
2021/04/07;1000 UTC;0;929,9;929,9;929,4;68,2;18,1;16,9;18,1;17,4;17;16,6;96;93;93;;;;
2021/04/07;1100 UTC;0;930,5;930,5;929,9;766,8;19,5;17,1;19,5;18,1;17,3;16,7;93;86;86;;;;
2021/04/07;1200 UTC;0;931,2;931,2;930,5;1467,6;20,4;16,8;20,9;19,5;17,6;16,6;87;78;80;;;;
2021/04/07;1300 UTC;0;931,6;931,6;931,2;2067,3;20,8;16,5;21,8;20,2;18,1;16,3;83;74;76;;;;
2021/04/07;1400 UTC;0;931,6;931,7;931,6;2131,7;22;17,2;22,3;20,6;17,9;16,1;80;72;74;;;;
2021/04/07;1500 UTC;0;931,4;931,8;931,4;2374,2;22,5;17,7;22,8;21,4;17,9;16;77;71;74;;;;
2021/04/07;1600 UTC;0;930,8;931,4;930,8;2707,3;22,6;17;23,2;21,4;18;16,4;78;68;71;;;;
2021/04/07;1700 UTC;0;930,3;930,8;930,3;2987,9;22,6;16,7;23,3;22,3;18;16;74;66;69;;;;
2021/04/07;1800 UTC;0;930,3;930,4;930,2;2501,4;22,1;17,8;22,8;22;18;16,4;76;68;76;;;;
2021/04/07;1900 UTC;0;930,4;930,4;930,2;1598,5;21,5;17,3;22,6;21,3;18,6;16,9;79;73;77;;;;
2021/04/07;2000 UTC;0;930,6;930,6;930,3;577,9;20,3;17,8;21,5;20,2;17,9;17,1;86;77;86;;;;
2021/04/07;2100 UTC;0;930,9;930,9;930,6;128,3;19,5;17,5;20,3;19,5;17,9;17,1;88;84;88;;;;
2021/04/07;2200 UTC;0;931,3;931,3;930,9;;19,3;17,3;19,6;19,3;17,7;17,3;89;87;88;;;;
2021/04/07;2300 UTC;0;931,8;931,8;931,3;;19,1;17,2;19,3;19;17,3;16,9;89;87;89;;;;
2021/04/08;0000 UTC;0;932,2;932,2;931,8;;18,7;16,7;19,1;18,7;17,5;16,6;91;86;88;;;;
2021/04/08;0100 UTC;0;932,5;932,5;932,2;;18,5;16,9;18,7;18,4;17,1;16,8;91;89;91;;;;
2021/04/08;0200 UTC;0;932,4;932,5;932,3;;18,1;16,9;18,5;18,1;17;16,8;93;90;93;;;;
2021/04/08;0300 UTC;0;932,4;932,5;932,3;;18;16,8;18,2;18;17;16,7;93;91;93;;;;
2021/04/08;0400 UTC;0;932,1;932,4;932,1;;18,3;16,8;18,3;18;17;16,7;93;91;91;;;;
2021/04/08;0500 UTC;0;931,7;932,2;931,7;;17,9;16,2;18,4;17,9;16,9;16,2;91;89;90;;;;
2021/04/08;0600 UTC;0;931,7;931,7;931,6;;17,8;15,6;17,9;17,7;16,2;15,5;90;86;87;;;;
2021/04/08;0700 UTC;0;931,6;931,7;931,6;;17,7;15,3;17,9;17,7;15,6;15,3;87;85;86;;;;
2021/04/08;0800 UTC;0;932;932;931,5;;17,6;15,7;17,8;17,6;15,7;15,3;89;85;88;;;;
2021/04/08;0900 UTC;0;932,6;932,6;932;;17,4;15,4;17,6;17,3;15,7;15,4;89;88;88;;;;
2021/04/08;1000 UTC;0;933,3;933,3;932,6;67,6;17,6;15,3;17,6;17,1;15,6;15,2;90;86;86;;;;
2021/04/08;1100 UTC;0;933,8;933,8;933,3;755,4;18,9;15;19,1;17,6;15,7;15;86;78;78;;;;
2021/04/08;1200 UTC;0;934,4;934,4;933,8;1550,5;20,4;15;20,7;18,9;15,6;14,4;80;69;71;;;;
2021/04/08;1300 UTC;0;934,6;934,6;934,4;2306,2;21,9;13,2;21,9;20,2;16;12,5;74;56;58;;;;
2021/04/08;1400 UTC;0;934,3;934,6;934,3;2856,6;22,6;12,8;23,2;21,8;13,7;11,8;58;51;54;;;;
2021/04/08;1500 UTC;0;933,3;934,3;933,3;3146;23,6;14,5;23,9;22,6;14,6;12,1;57;51;57;;;;
2021/04/08;1600 UTC;0;932,6;933,4;932,5;3158,1;23,2;15,1;23,7;22,4;16,3;14,1;65;55;60;;;;
2021/04/08;1700 UTC;0;931,8;932,6;931,8;2908,5;22,3;15,4;23,5;22,1;16,8;14,8;68;60;65;;;;
2021/04/08;1800 UTC;0;931,5;931,8;931,5;2483,4;21,8;16,6;22,9;21,7;16,9;14,9;73;64;72;;;;
2021/04/08;1900 UTC;0;931,5;931,6;931,5;1725,9;21,1;16,2;22,1;21,1;17,2;16,2;75;71;73;;;;
2021/04/08;2000 UTC;0;931,5;931,5;931,4;947,9;20,6;16,9;21,5;20,4;16,9;15,9;80;72;80;;;;
2021/04/08;2100 UTC;0;931,8;931,8;931,5;124,7;19,2;16,8;20,7;19,2;17,4;16,7;86;78;86;;;;
2021/04/08;2200 UTC;0;932,2;932,2;931,8;;19;17,4;19,2;18,9;17,5;16,8;91;86;91;;;;
2021/04/08;2300 UTC;0;932,9;932,9;932,2;;19;17,4;19,1;18,9;17,6;17,2;91;90;91;;;;
2021/04/09;0000 UTC;0;933,3;933,3;932,9;;18,7;17,3;19;18,6;17,4;17,2;92;90;92;;;;
2021/04/09;0100 UTC;0;933,4;933,4;933,3;;18,4;17,2;18,7;18,4;17,3;17;93;90;93;;;;
2021/04/09;0200 UTC;0;933,4;933,5;933,4;;18,1;17,3;18,4;18;17,3;17,1;95;93;95;;;;
2021/04/09;0300 UTC;0;933,4;933,5;933,3;;17,9;17,3;18,2;17,9;17,4;17,1;96;94;96;;;;
2021/04/09;0400 UTC;0;933,1;933,4;933,1;;17,4;17;18;17,4;17,4;17;97;96;97;;;;
2021/04/09;0500 UTC;0;932,7;933,1;932,7;;17,2;16,8;17,6;17,2;17,2;16,7;97;97;97;;;;
2021/04/09;0600 UTC;0;932,3;932,7;932,3;;16,8;16,2;17,2;16,8;16,8;16,2;97;96;96;;;;
2021/04/09;0700 UTC;0;932;932,3;932;;16,4;15,6;16,8;16,4;16,3;15,6;97;95;95;;;;
2021/04/09;0800 UTC;0;932,5;932,5;932;;16,6;15,5;16,6;16,3;15,8;15,5;96;93;93;;;;
2021/04/09;0900 UTC;0;932,9;932,9;932,5;;16,3;15,6;16,6;16,2;15,7;15,3;96;93;96;;;;
2021/04/09;1000 UTC;,2;933,5;933,5;932,9;35,9;17;15,6;17;16,2;15,7;15,3;96;91;91;;;;
2021/04/09;1100 UTC;0;934,2;934,2;933,5;276,2;17,6;15,6;17,6;16,9;15,9;15,2;91;88;88;;;;
2021/04/09;1200 UTC;0;934,6;934,6;934,2;688,2;18,6;15,9;18,7;17,6;16,4;15,4;89;84;84;;;;
2021/04/09;1300 UTC;0;934,5;934,7;934,5;2262,2;21;15,3;21,5;18,6;17,3;15,3;85;70;70;;;;
2021/04/09;1400 UTC;0;934,1;934,5;934,1;2771,5;23,2;16,1;23,8;20,9;17,5;15,5;74;63;64;;;;
2021/04/09;1500 UTC;0;933,3;934,1;933,3;3056,7;24,1;15,8;24,6;23,2;17,2;14,9;68;58;60;;;;
2021/04/09;1600 UTC;0;932,3;933,3;932,3;3156,5;25,1;14,5;25,7;24,1;16,4;13,3;61;48;52;;;;
2021/04/09;1700 UTC;0;931,4;932,3;931,4;3035,6;26,5;12,4;26,5;25,2;15,2;11;53;38;42;;;;
2021/04/09;1800 UTC;0;930,9;931,4;930,9;2461,7;25,9;13,8;26,6;25,9;13,8;6,6;47;28;47;;;;
2021/04/09;1900 UTC;0;930,8;930,9;930,7;1729,6;23,7;17,2;25,9;23,7;18;13,1;69;44;67;;;;
2021/04/09;2000 UTC;0;930,6;930,8;930,6;859,1;22;18,4;23,8;22;18,4;17,5;80;67;80;;;;
2021/04/09;2100 UTC;0;930,7;930,7;930,6;101,8;20,8;18,3;22;20,8;18,8;18,3;86;80;86;;;;
2021/04/09;2200 UTC;0;931;931;930,6;;19,5;18,6;20,8;19,5;18,7;18,4;94;86;94;;;;
2021/04/09;2300 UTC;0;931,4;931,4;931;;19,2;18,3;19,6;19,1;18,7;18,3;97;94;95;;;;
2021/04/10;0000 UTC;0;931,7;931,7;931,4;;18,9;17,9;19,2;18,7;18,5;17,9;96;94;94;;;;
2021/04/10;0100 UTC;0;931,7;931,8;931,6;;18,7;18,2;19;18,7;18,4;17,9;97;94;97;;;;
2021/04/10;0200 UTC;0;931,7;931,8;931,7;;18,1;17,7;18,7;18,1;18,2;17,7;98;97;98;;;;
2021/04/10;0300 UTC;0;931,4;931,7;931,4;;17,9;17,5;18,3;17,9;18;17,5;98;98;98;;;;
2021/04/10;0400 UTC;0;931;931,4;931;;17,7;17,4;18,1;17,5;17,8;17;98;96;98;;;;
2021/04/10;0500 UTC;0;930,7;931,1;930,6;;18,8;16,1;18,9;17,7;17,5;16,1;98;84;85;;;;
2021/04/10;0600 UTC;0;930,2;930,7;930,2;;18,9;15,9;19;18,7;16,1;15,9;85;83;83;;;;
2021/04/10;0700 UTC;0;929,9;930,2;929,9;;18,3;15,8;19;18,3;16;15,8;85;83;85;;;;
2021/04/10;0800 UTC;0;929,7;929,9;929,7;;17,8;15,6;18,3;17,8;15,8;15,6;87;85;87;;;;
2021/04/10;0900 UTC;0;929,8;929,9;929,7;;17,4;15,6;17,8;17,3;15,7;15,5;90;87;89;;;;
2021/04/10;1000 UTC;0;930,2;930,3;929,8;62,7;18;15,5;18;17,3;15,7;15,5;89;85;86;;;;
2021/04/10;1100 UTC;0;930,6;930,6;930,2;742,8;20,2;16,3;20,2;18;16,3;15,4;86;76;78;;;;
2021/04/10;1200 UTC;0;930,9;930,9;930,6;1532,3;22,1;16,6;22,2;19,7;17;15,3;79;69;71;;;;
2021/04/10;1300 UTC;0;930,6;931;930,6;2285,9;24,8;15,3;24,9;22,1;17,1;14,9;72;56;56;;;;
2021/04/10;1400 UTC;0;930,2;930,6;930,1;2828,1;25,6;12,6;26,5;24,2;15,8;11,9;57;41;45;;;;
2021/04/10;1500 UTC;0;929,3;930,2;929,3;3102;26,8;13,1;27,1;25,4;14,9;12;48;41;43;;;;
2021/04/10;1600 UTC;0;928,4;929,3;928,4;3095,9;27,2;13,5;27,6;26,4;15,4;11,3;50;38;43;;;;
2021/04/10;1700 UTC;0;927,4;928,4;927,4;2856;28,1;13,5;28,6;26,7;15,7;11,7;48;37;41;;;;
2021/04/10;1800 UTC;0;927;927,5;927;2380,6;28,6;14,4;28,8;27,5;15,6;11,9;46;38;42;;;;
2021/04/10;1900 UTC;0;926,7;927;926,7;1711,2;27;13,8;28,6;27;16,1;13,4;50;41;44;;;;
2021/04/10;2000 UTC;0;926,8;926,8;926,7;674,5;22,9;17,9;27,1;22,9;19;13,6;76;43;74;;;;
2021/04/10;2100 UTC;0;927,3;927,3;926,8;91,5;21,7;16,8;22,9;21,7;18;16,8;76;72;74;;;;
2021/04/10;2200 UTC;0;927,8;927,8;927,3;;20,8;18;21,7;20,8;18;16,9;84;74;84;;;;
2021/04/10;2300 UTC;0;928,3;928,3;927,8;;20,1;18,4;20,7;20,1;18,4;17,5;90;83;90;;;;
2021/04/11;0000 UTC;0;928,7;928,7;928,3;;19,4;18;20,2;19,3;18,7;18;94;90;92;;;;
2021/04/11;0100 UTC;0;928,8;928,8;928,7;;18,4;17,1;19,4;18,2;18;16,9;93;91;92;;;;
2021/04/11;0200 UTC;0;928,8;928,9;928,8;;18,5;16,8;18,6;18,3;17,1;16,6;92;89;90;;;;
2021/04/11;0300 UTC;0;928,4;928,8;928,4;;19,6;16,3;19,7;18,3;17,1;16;91;80;82;;;;
2021/04/11;0400 UTC;0;927,8;928,4;927,8;;19,2;15;19,6;18,8;16,3;14,9;82;76;77;;;;
2021/04/11;0500 UTC;0;927,5;927,8;927,5;;18,2;14,7;19,4;18,2;15,3;14,2;81;72;80;;;;
2021/04/11;0600 UTC;0;927,2;927,6;927,2;;18,5;14,6;19,1;18;14,7;14,2;81;74;78;;;;
2021/04/11;0700 UTC;0;927,1;927,2;927;;17,2;14,9;18,8;17,2;15,2;14,3;87;75;87;;;;
2021/04/11;0800 UTC;0;927,3;927,3;927,1;;17,2;16,2;17,4;16,8;16,3;15;94;87;94;;;;
2021/04/11;0900 UTC;0;927,8;927,8;927,3;;17,2;15,5;17,5;17;16,5;15;95;86;89;;;;
2021/04/11;1000 UTC;0;928;928,1;927,7;64,7;18,4;14,5;18,4;17,2;15,4;14,4;89;78;78;;;;
2021/04/11;1100 UTC;0;928,6;928,6;928;719,5;19,9;14,8;20;18,4;15,1;14,5;79;72;72;;;;
2021/04/11;1200 UTC;0;929,1;929,1;928,6;1507,2;22,5;15,7;22,5;19,9;15,7;14,7;73;65;66;;;;
2021/04/11;1300 UTC;0;929;929,2;929;2258,6;25,1;15,5;25,1;22,2;16,2;14,4;65;54;55;;;;
2021/04/11;1400 UTC;0;928,5;929;928,5;2783,8;26,4;13,3;27,2;25,1;16;12,5;57;41;44;;;;
2021/04/11;1500 UTC;0;927,9;928,5;927,9;3075,2;28;14,1;28;26,4;15,5;12,7;49;42;43;;;;
2021/04/11;1600 UTC;0;927,2;927,9;927,2;3088,8;28,2;14,7;28,7;27,6;15,5;13;46;39;44;;;;
2021/04/11;1700 UTC;0;926,3;927,2;926,3;2835,3;28,6;14,9;29,2;28;16,6;13,5;47;40;43;;;;
2021/04/11;1800 UTC;0;925,9;926,3;925,8;2376,3;29,2;14,3;29,5;28,5;15,9;13,7;46;38;40;;;;
2021/04/11;1900 UTC;0;925,8;925,9;925,7;1694,2;28,4;14,7;29,2;28,3;15,6;13,1;46;38;43;;;;
2021/04/11;2000 UTC;0;925,9;925,9;925,8;876,7;25,5;13,9;28,6;25,5;15,4;13,2;51;40;49;;;;
2021/04/11;2100 UTC;0;926;926;925,8;81,2;23,9;13,2;26;23,4;14,5;12,9;58;45;51;;;;
2021/04/11;2200 UTC;0;926,5;926,5;926;;22,9;14;23,9;22,9;14,2;13;58;51;57;;;;
2021/04/11;2300 UTC;0;927;927;926,5;;21,8;13,6;23;21,8;14,6;13,5;62;57;60;;;;
2021/04/12;0000 UTC;0;927,5;927,5;927;;22;14;22,4;21,8;14;13,2;61;57;61;;;;
2021/04/12;0100 UTC;0;927,4;927,6;927,4;;20,6;15,7;22;20,6;16;14,1;74;61;74;;;;
2021/04/12;0200 UTC;0;927,4;927,5;927,4;;19,9;15,6;20,7;19,7;15,9;15,2;77;73;77;;;;
2021/04/12;0300 UTC;0;927,2;927,4;927,2;;18,9;15,8;19,9;18,9;16,2;15,5;83;77;83;;;;
2021/04/12;0400 UTC;0;926,5;927,2;926,5;;18,4;15,9;18,9;18,4;16,2;15,9;86;83;85;;;;
2021/04/12;0500 UTC;0;926,1;926,5;926,1;;18,1;13,5;18,7;18,1;15,8;13,5;85;72;75;;;;
2021/04/12;0600 UTC;0;925,6;926,1;925,6;;17,9;13,2;18,2;17,7;13,7;13;76;72;74;;;;
2021/04/12;0700 UTC;0;925,7;925,7;925,6;;17,6;13,2;18;17,3;13,2;12,8;76;73;75;;;;
2021/04/12;0800 UTC;0;925,6;925,8;925,6;;17,2;13,2;17,6;17,1;13,3;12,9;77;75;77;;;;
2021/04/12;0900 UTC;0;926,3;926,3;925,6;;17,2;13,3;17,3;16,8;13,3;12,7;78;75;78;;;;
2021/04/12;1000 UTC;0;926,9;926,9;926,3;67,4;17,5;13,8;17,5;16,6;14;13,3;83;77;79;;;;
2021/04/12;1100 UTC;0;927,5;927,5;926,9;712,9;21,3;13,7;21,5;17,6;14,9;13,1;79;61;62;;;;
2021/04/12;1200 UTC;0;928;928;927,5;1527,9;25,2;15,2;25,2;21,3;15,2;13,3;64;51;54;;;;
2021/04/12;1300 UTC;0;928,1;928,2;928;2301,3;27,5;14,9;27,5;24,9;16,2;13,6;54;45;46;;;;
2021/04/12;1400 UTC;0;928,4;928,5;928,1;2535;27,9;15,7;28,2;27;16,3;14,2;51;43;47;;;;
2021/04/12;1500 UTC;0;928,1;928,4;928,1;2342,7;26;15,4;28,4;26;16,9;14,7;53;45;52;;;;
2021/04/12;1600 UTC;0;927,9;928,1;927,8;1884,7;25,4;18,8;28,5;25,1;19;15,6;68;48;67;;;;
2021/04/12;1700 UTC;0;927,6;927,9;927,5;2580,5;26;19,4;26,2;24,9;19,7;18,4;70;63;67;;;;
2021/04/12;1800 UTC;0;927,5;927,6;927,4;1616,2;24,1;19,7;26;23,8;20,2;18,9;78;65;77;;;;
2021/04/12;1900 UTC;0;927,7;927,8;927,4;1002,9;22,2;19,5;24;22,1;20,1;19,1;85;76;85;;;;
2021/04/12;2000 UTC;0;928;928;927,7;407,3;21,3;19,5;22,2;21,3;19,8;19,3;91;84;90;;;;
2021/04/12;2100 UTC;0;928,2;928,2;928;68,8;20,3;19,2;21,3;20,2;19,6;19,2;94;90;94;;;;
2021/04/12;2200 UTC;0;928,7;928,7;928,2;;20,1;19;20,3;20;19,3;18,9;94;93;94;;;;
2021/04/12;2300 UTC;0;929,4;929,4;928,7;;19,7;19,2;20,1;19,6;19,2;18,8;97;94;97;;;;
2021/04/13;0000 UTC;0;930;930;929,4;;18,8;18,1;19,7;18,7;19,2;18,1;98;96;96;;;;
2021/04/13;0100 UTC;0;930,3;930,3;930;;18,8;18,1;18,9;18,6;18,2;17,9;96;95;96;;;;
2021/04/13;0200 UTC;0;930,2;930,4;930,2;;18,9;18,3;18,9;18,7;18,4;18,1;97;96;97;;;;
2021/04/13;0300 UTC;0;930,2;930,2;930;;18,7;18,1;18,9;18,6;18,5;18,1;98;96;96;;;;
2021/04/13;0400 UTC;0;930,1;930,3;930;;18,3;17,9;18,8;18,3;18,2;17,8;98;95;97;;;;
2021/04/13;0500 UTC;0;929,9;930,1;929,5;;18,3;17,6;18,5;18,3;18;17,6;97;95;95;;;;
2021/04/13;0600 UTC;0;929,5;929,9;929,5;;18,3;17,5;18,3;18,2;17,6;17,5;96;95;96;;;;
2021/04/13;0700 UTC;0;929,4;929,6;929,4;;17,9;17,5;18,3;17,9;17,7;17,5;98;96;98;;;;
2021/04/13;0800 UTC;0;929,6;929,6;929,3;;17,8;17,4;18;17,8;17,6;17,4;98;97;97;;;;
2021/04/13;0900 UTC;0;930,3;930,3;929,6;;17,7;16,6;17,8;17,6;17,3;16,6;97;94;94;;;;
2021/04/13;1000 UTC;0;931,1;931,1;930,3;19;17,6;16,4;17,8;17,4;16,8;16,4;96;92;93;;;;
2021/04/13;1100 UTC;0;931,6;931,6;931,1;555,8;19,3;16;19,3;17,6;16,6;15,5;93;81;81;;;;
2021/04/13;1200 UTC;0;932,1;932,1;931,6;1234;20;16,3;20,2;18,7;16,9;15,2;84;76;79;;;;
2021/04/13;1300 UTC;0;932,5;932,5;932,1;1473,8;19;17,4;21;18,5;17,8;16,1;93;79;90;;;;
2021/04/13;1400 UTC;0;932,6;932,7;932,5;764,1;18,8;16,4;19,3;17,9;17,4;16,2;91;84;86;;;;
2021/04/13;1500 UTC;0;932,2;932,6;932,2;981,1;19,6;15,2;19,9;18,6;16,6;14,6;87;73;76;;;;
2021/04/13;1600 UTC;0;931,8;932,2;931,8;878,9;19,8;15,3;20;19,3;15,7;14,5;77;72;76;;;;
2021/04/13;1700 UTC;0;931,4;931,8;931,4;707,2;19,4;14,8;19,9;18,8;15,6;14,3;78;74;75;;;;
2021/04/13;1800 UTC;0;931,1;931,4;931;469,1;18,8;14,3;19,6;18,8;15;14,3;76;74;75;;;;
2021/04/13;1900 UTC;0;931,1;931,1;930,9;387,2;18,6;15,1;19;18,5;15,3;14,2;81;74;80;;;;
2021/04/13;2000 UTC;0;931,1;931,1;930,9;333,9;18,4;15,3;18,9;18,3;15,9;14,9;84;80;82;;;;
2021/04/13;2100 UTC;0;931,4;931,4;931,1;85,5;18,1;15,2;18,5;18,1;15,4;14,5;84;78;83;;;;
2021/04/13;2200 UTC;0;931,6;931,6;931,3;;17,6;15,1;18,2;17,6;15,6;14,9;87;81;85;;;;
2021/04/13;2300 UTC;0;932;932;931,6;;17,1;15,5;17,7;17,1;15,6;14,9;91;84;91;;;;
2021/04/14;0000 UTC;,6;932,2;932,2;932;;16,6;16,1;17,1;16,4;16,1;15,2;97;90;97;;;;
2021/04/14;0100 UTC;,6;932,1;932,2;932,1;;16,9;16,5;16,9;16,3;16,5;15,4;97;94;97;;;;
2021/04/14;0200 UTC;,6;931,8;932,1;931,8;;16,7;16,2;17,1;16,7;16,5;15,9;97;95;97;;;;
2021/04/14;0300 UTC;0;931,5;931,8;931,5;;16,6;16;16,7;16,5;16,2;15,8;97;95;96;;;;
2021/04/14;0400 UTC;0;930,9;931,5;930,9;;16,2;15,5;16,9;16,2;16,2;15,5;96;94;95;;;;
2021/04/14;0500 UTC;0;930,4;931;930,4;;16,2;15,4;16,4;16,2;15,6;15,1;96;93;95;;;;
2021/04/14;0600 UTC;0;930;930,4;930;;16,2;15;16,3;16,1;15,5;15;95;92;93;;;;
2021/04/14;0700 UTC;0;929,7;930,1;929,7;;16;14,8;16,2;15,8;15,1;14,6;94;92;93;;;;
2021/04/14;0800 UTC;0;929,9;930;929,7;;15,7;14,6;16;15,6;14,9;14,6;94;92;93;;;;
2021/04/14;0900 UTC;0;930,2;930,2;929,9;;15,3;14,3;15,7;15,3;14,6;14,3;94;93;94;;;;
2021/04/14;1000 UTC;0;930,9;930,9;930,2;82,1;16,2;14,4;16,2;15,1;14,5;13,9;94;89;89;;;;
2021/04/14;1100 UTC;0;931,4;931,4;930,9;764,5;17,9;15,1;17,9;16,2;15,1;14;90;82;84;;;;
2021/04/14;1200 UTC;0;931,9;931,9;931,4;1200,2;18,5;14,3;18,5;17,5;15,1;13,7;85;76;77;;;;
2021/04/14;1300 UTC;0;932,2;932,2;931,9;2064,3;19,3;13,5;20,3;18,2;14,9;13,2;79;66;69;;;;
2021/04/14;1400 UTC;0;931,9;932,2;931,9;2541,2;20,3;13,6;20,9;19;14,5;12,8;71;63;65;;;;
2021/04/14;1500 UTC;0;931,4;932;931,4;2266,3;19,9;13,5;21,1;19,6;15,2;13,2;71;63;67;;;;
2021/04/14;1600 UTC;0;930,7;931,4;930,7;2154,5;20,7;14,5;21,6;19,9;15,8;13,5;71;64;68;;;;
2021/04/14;1700 UTC;0;930;930,7;930;2293,6;20,4;15,7;21,9;20,3;16;13,7;74;62;74;;;;
2021/04/14;1800 UTC;0;929,7;930;929,7;1655,7;19,9;15,3;20,9;19,7;16;14,7;77;69;75;;;;
2021/04/14;1900 UTC;0;929,9;929,9;929,6;919,1;19,1;15,7;20,2;19;16,2;15,4;82;75;81;;;;
2021/04/14;2000 UTC;0;930;930,1;929,9;184,1;18,6;15,9;19,1;18,5;16;15,5;85;80;84;;;;
2021/04/14;2100 UTC;0;930,1;930,2;930;70,9;17,9;15,7;18,6;17,9;16,1;15,7;88;84;87;;;;
2021/04/14;2200 UTC;0;930,3;930,4;930,1;;17,4;15,6;17,9;17,4;16;15,4;90;87;89;;;;
2021/04/14;2300 UTC;0;930,9;930,9;930,3;;17,5;15,8;17,5;17,3;15,8;15,4;90;88;90;;;;
2021/04/15;0000 UTC;0;931;931,1;930,9;;17,4;15,3;17,6;17,4;16,1;15,3;91;87;88;;;;
2021/04/15;0100 UTC;0;930,9;931,1;930,9;;17,5;15,6;17,5;17,4;15,6;15,1;89;86;89;;;;
2021/04/15;0200 UTC;0;931;931,1;930,9;;16,8;14,7;17,5;16,8;15,5;14,7;89;87;88;;;;
2021/04/15;0300 UTC;0;930,8;931;930,8;;16,6;15,2;16,9;16,5;15,2;14,8;92;88;91;;;;
2021/04/15;0400 UTC;0;930,5;930,8;930,5;;16,6;14,8;16,9;16,6;15,4;14,7;92;88;89;;;;
2021/04/15;0500 UTC;0;930,1;930,5;930,1;;17;15,3;17;16,6;15,3;14,9;90;89;90;;;;
2021/04/15;0600 UTC;0;929,9;930,1;929,9;;17;15,4;17,1;16,7;15,5;15;91;90;90;;;;
2021/04/15;0700 UTC;0;929,8;929,9;929,8;;17,1;15,7;17,2;17;15,7;15,3;91;90;91;;;;
2021/04/15;0800 UTC;0;930;930;929,7;;17,2;15,3;17,2;17;15,7;15,3;92;89;89;;;;
2021/04/15;0900 UTC;0;930;930;929,8;;17;15,3;17,3;16,9;15,5;15,2;91;88;90;;;;
2021/04/15;1000 UTC;0;930,4;930,4;930;55,2;17,2;14,4;17,2;16,6;15,2;14,3;91;83;84;;;;
2021/04/15;1100 UTC;0;930,8;930,8;930,4;632,4;18,6;14;18,7;17,1;14,5;13,6;84;73;75;;;;
2021/04/15;1200 UTC;0;931,1;931,1;930,8;1096,7;19,9;14,6;19,9;18,5;14,7;13,7;76;71;72;;;;
2021/04/15;1300 UTC;0;931,6;931,6;931,1;2053,7;21;14,6;21,2;19,4;15,2;13,6;73;65;67;;;;
2021/04/15;1400 UTC;0;931;931,6;931;2641,4;21,6;14,1;22,2;20,7;15,4;14;69;62;62;;;;
2021/04/15;1500 UTC;0;930,4;931;930,4;1968;21,7;15,3;21,8;20,9;15,4;14,1;68;62;67;;;;
2021/04/15;1600 UTC;0;929,4;930,4;929,4;2781,9;22,8;15,4;23,2;21,5;16,6;14,3;69;62;63;;;;
2021/04/15;1700 UTC;0;928,6;929,4;928,6;2633,9;21,9;16,1;23,1;21,8;16,7;15,3;72;63;69;;;;
2021/04/15;1800 UTC;0;928,4;928,7;928,4;2216,7;21,5;16,2;22,4;21,3;16,9;15,9;74;69;72;;;;
2021/04/15;1900 UTC;0;928,4;928,5;928,4;1436,9;20,3;16,4;22,2;20,2;17,2;15,9;81;72;79;;;;
2021/04/15;2000 UTC;0;928,6;928,6;928,4;529,7;19,1;16,7;20,4;19,1;17;16,3;86;79;86;;;;
2021/04/15;2100 UTC;0;928,8;928,8;928,6;50,5;18,7;16,7;19,1;18,7;16,9;16,4;88;86;88;;;;
2021/04/15;2200 UTC;0;929,1;929,1;928,8;;18,6;16,7;18,8;18,5;16,8;16,4;89;87;89;;;;
2021/04/15;2300 UTC;0;929,3;929,4;929,1;;17,7;15,8;18,6;17,7;16,7;15,6;89;88;89;;;;
2021/04/16;0000 UTC;0;929,8;929,8;929,3;;17,6;16;17,7;17,5;16,1;15,8;91;89;91;;;;
2021/04/16;0100 UTC;0;929,7;929,8;929,6;;17,2;15,8;17,7;17,2;16,5;15,8;92;90;92;;;;
2021/04/16;0200 UTC;0;929,3;929,7;929,3;;17;16,2;17,3;16,9;16,2;15,7;95;91;95;;;;
2021/04/16;0300 UTC;0;929,2;929,4;929,2;;16,8;16,2;17;16,7;16,4;16,1;96;95;96;;;;
2021/04/16;0400 UTC;0;929;929,2;928,9;;16,4;15,8;16,8;16,3;16,2;15,7;97;96;96;;;;
2021/04/16;0500 UTC;0;928,5;929;928,5;;16,1;15,4;16,5;16;15,8;15,3;96;96;96;;;;
2021/04/16;0600 UTC;0;928;928,5;927,8;;15,8;15;16,5;15,8;15,5;14,9;96;93;95;;;;
2021/04/16;0700 UTC;0;927,6;928;927,5;;16,5;14,3;16,6;15,7;15;14,2;95;87;87;;;;
2021/04/16;0800 UTC;0;927,5;927,8;927,5;;16,6;14,5;16,7;16,5;14,6;14,2;88;86;88;;;;
2021/04/16;0900 UTC;0;927,7;927,7;927,5;;16,7;14,8;16,8;16,4;14,8;14,5;89;87;88;;;;
2021/04/16;1000 UTC;0;928,2;928,2;927,6;42,6;16,9;14,8;16,9;16,7;14,9;14,7;88;87;87;;;;
2021/04/16;1100 UTC;0;929;929;928,2;272,4;17,2;14,7;17,4;16,9;15,1;14,7;88;85;85;;;;
2021/04/16;1200 UTC;0;929,4;929,5;929;1029,7;19,2;15;19,3;17;15,6;14,7;87;77;77;;;;
2021/04/16;1300 UTC;0;929,5;929,6;929,4;2044,6;20,4;15,5;21,1;19;16,1;14,9;81;71;73;;;;
2021/04/16;1400 UTC;0;929,3;929,5;929,3;1628,5;21,3;15,7;21,8;20,1;16,3;14,9;75;67;70;;;;
2021/04/16;1500 UTC;0;928,5;929,3;928,5;1909,3;22,3;15,3;22,9;20,9;17,2;14,6;73;62;65;;;;
2021/04/16;1600 UTC;0;927,7;928,5;927,7;2372,6;23,8;15,1;23,8;21,9;16,5;14,5;67;58;59;;;;
2021/04/16;1700 UTC;0;926,8;927,7;926,8;2422,3;24,5;15,6;24,5;23,5;16,1;14,7;61;56;58;;;;
2021/04/16;1800 UTC;0;926,4;926,9;926,4;883,3;23,7;16,9;24,4;23,2;17;15,2;67;58;66;;;;
2021/04/16;1900 UTC;0;926;926,4;926;932,9;22,8;17,4;24,2;22,8;17,8;16;72;62;72;;;;
2021/04/16;2000 UTC;0;926,1;926,1;926;260,7;21,1;17,7;22,8;21,1;17,9;17,4;81;72;81;;;;
2021/04/16;2100 UTC;0;926,4;926,4;926,1;80,6;19,9;17,4;21,1;19,9;17,9;17,4;86;81;85;;;;
2021/04/16;2200 UTC;0;926,8;926,8;926,4;;19,1;17,5;19,9;19,1;17,6;17,4;90;85;90;;;;
2021/04/16;2300 UTC;0;927,1;927,1;926,8;;18,7;17,3;19,1;18,7;17,6;17,2;92;90;91;;;;
2021/04/17;0000 UTC;0;927,5;927,5;927,1;;18,2;17,4;18,7;18,2;17,6;17,2;95;91;95;;;;
2021/04/17;0100 UTC;0;927,4;927,7;927,4;;17,4;17;18,2;17,3;17,4;16,9;97;95;97;;;;
2021/04/17;0200 UTC;0;927,3;927,4;927,3;;17,6;17,2;17,7;17,4;17,4;17;98;97;98;;;;
2021/04/17;0300 UTC;0;926,9;927,3;926,9;;17,6;17,3;17,6;17,3;17,3;17;98;98;98;;;;
2021/04/17;0400 UTC;0;926,8;927;926,8;;17,5;17,1;17,7;17,3;17,3;17;98;98;98;;;;
2021/04/17;0500 UTC;0;926,5;926,8;926,5;;18,4;15,8;18,6;17,3;17,1;15,7;98;84;84;;;;
2021/04/17;0600 UTC;0;926,1;926,5;926,1;;18,7;15;18,7;18,3;15,8;15;85;79;79;;;;
2021/04/17;0700 UTC;0;925,8;926,2;925,8;;18,4;15;18,7;18,4;15,2;15;81;79;81;;;;
2021/04/17;0800 UTC;0;925,9;926,1;925,8;;18,5;14,9;18,6;18,2;15,1;14,9;82;79;80;;;;
2021/04/17;0900 UTC;0;926,5;926,5;925,9;;18,4;14,9;18,5;18,3;15;14,8;81;79;80;;;;
2021/04/17;1000 UTC;0;927,1;927,1;926,5;37,7;18,4;15,1;18,5;18,3;15,1;14,9;82;80;81;;;;
2021/04/17;1100 UTC;0;927,7;927,7;927,1;354,7;18,9;15,3;18,9;18,3;15,4;14,8;82;79;80;;;;
2021/04/17;1200 UTC;0;928;928;927,7;1042,9;21,2;16,1;21,4;18,9;16,4;15,2;80;70;73;;;;
2021/04/17;1300 UTC;0;928,3;928,3;927,9;1348,7;21,9;15,1;22,6;21,3;16,7;15,1;73;65;65;;;;
2021/04/17;1400 UTC;0;928;928,4;928;1056,6;22,7;15,2;22,8;21,9;16,3;14,8;69;61;62;;;;
2021/04/17;1500 UTC;0;927,2;928;927,2;1628,2;24,2;14,8;24,4;22,8;16,1;13,8;64;52;56;;;;
2021/04/17;1600 UTC;0;926,4;927,2;926,4;1821,9;24,9;14,5;25,6;24,3;16,3;14,1;59;50;52;;;;
2021/04/17;1700 UTC;0;925,8;926,4;925,8;1601,7;24,2;14,8;26,3;24,2;16,2;14,1;58;49;56;;;;
2021/04/17;1800 UTC;0;925,4;925,8;925,4;631,1;23,8;15,2;24,3;23,8;16,1;14,3;62;55;59;;;;
2021/04/17;1900 UTC;0;925,5;925,5;925,4;639,1;23,5;14,9;24,6;23,4;16,6;14,4;63;54;58;;;;
2021/04/17;2000 UTC;0;925,6;925,6;925,4;183,1;22,6;15,3;23,6;22,6;16,9;14,2;69;57;63;;;;
2021/04/17;2100 UTC;0;925,8;925,8;925,5;13,4;19,9;16,7;22,6;19,9;17,1;15,2;83;63;81;;;;
2021/04/17;2200 UTC;1,2;926,3;926,3;925,8;;19,1;18,6;20;19,1;18,8;16,8;97;81;97;;;;
2021/04/17;2300 UTC;4,4;925,8;926,5;925,8;;18,3;17,8;19,1;18,1;18,6;17,6;98;96;97;;;;
2021/04/18;0000 UTC;1,4;926,2;926,3;925,8;;18,4;18;18,8;18,2;18,4;17,7;98;97;97;;;;
2021/04/18;0100 UTC;3,6;926,4;926,4;926,1;;18,4;18,1;18,5;18,3;18,1;17,9;98;97;98;;;;
2021/04/18;0200 UTC;,4;927;927;926,4;;18,1;17,6;18,4;18;18,1;17,5;98;97;97;;;;
2021/04/18;0300 UTC;13,6;926,9;927,2;926,8;;17,6;17,3;18,1;17,6;17,7;17,3;98;97;98;;;;
2021/04/18;0400 UTC;2;926,6;926,9;926,5;;17,1;16,8;17,6;17,1;17,3;16,8;98;98;98;;;;
2021/04/18;0500 UTC;2,6;926,1;926,7;926;;16,9;16,6;17,1;16,8;16,7;16,5;98;98;98;;;;
2021/04/18;0600 UTC;,4;925,1;926,1;925;;17,4;17,1;17,4;16,9;17,1;16,6;98;98;98;;;;
2021/04/18;0700 UTC;0;924,9;925,1;924,8;;16,9;16,6;17,4;16,9;17,1;16,6;98;98;98;;;;
2021/04/18;0800 UTC;0;925;925;924,8;;17,1;16,8;17,1;16,7;16,8;16,4;98;98;98;;;;
2021/04/18;0900 UTC;0;925,3;925,4;925;;16,9;16,6;17,2;16,9;16,9;16,6;98;98;98;;;;
2021/04/18;1000 UTC;0;926,3;926,3;925,3;13,1;16,9;16,6;17;16,8;16,7;16,5;98;98;98;;;;
2021/04/18;1100 UTC;0;927;927;926,3;252,1;17,2;16,9;17,3;16,8;17;16,5;98;98;98;;;;
2021/04/18;1200 UTC;0;927,2;927,2;926,9;931,8;19,1;17;19,6;17,2;18;16,5;98;85;88;;;;
2021/04/18;1300 UTC;0;927,3;927,3;927,2;1136,2;20,4;17,8;20,4;18,7;17,8;16,6;89;83;85;;;;
2021/04/18;1400 UTC;0;927,1;927,3;927,1;1631,7;21,3;17,2;21,9;20;18,7;16,9;85;75;77;;;;
2021/04/18;1500 UTC;0;926,5;927,1;926,4;850,5;21,2;17,6;22;20,8;18,4;16,9;83;74;80;;;;
2021/04/18;1600 UTC;2,8;925,9;926,5;925,9;893,6;21,2;19,2;21,4;19,2;20,1;17,7;94;80;88;;;;
2021/04/18;1700 UTC;0;925,1;925,9;925,1;2850,3;23;17,9;23,7;21,2;20,2;16,9;90;68;73;;;;
2021/04/18;1800 UTC;0;924,9;925,1;924,9;1949,7;22,5;17;24,6;22;18,7;16,1;77;61;71;;;;
2021/04/18;1900 UTC;0;925,1;925,1;924,9;1425,9;22,1;16,9;22,7;21,6;17,4;16,4;75;69;72;;;;
2021/04/18;2000 UTC;0;925,4;925,4;925,1;861,2;19,7;17,2;22,5;19,7;17,4;16,7;85;71;85;;;;
2021/04/18;2100 UTC;0;925,8;925,8;925,3;105,3;18,6;16,8;19,7;18,5;17,1;16,6;90;85;90;;;;
2021/04/18;2200 UTC;0;926,4;926,4;925,8;;17,9;16,5;18,6;17,9;17,4;16,4;95;90;91;;;;
2021/04/18;2300 UTC;0;926,7;926,7;926,4;;17,5;17,1;17,9;17,5;17,2;16,5;97;92;97;;;;
2021/04/19;0000 UTC;,2;927,2;927,2;926,7;;17,5;16,7;17,7;17,4;17,3;16,7;98;95;95;;;;
2021/04/19;0100 UTC;0;927,4;927,5;927,2;;17,2;16,2;17,5;17,1;16,8;16,2;96;94;94;;;;
2021/04/19;0200 UTC;0;927,1;927,4;927;;16,9;16,4;17,2;16,9;16,5;16,2;97;94;97;;;;
2021/04/19;0300 UTC;,2;927,1;927,2;927,1;;17;16,5;17,1;16,8;16,6;16,4;98;96;97;;;;
2021/04/19;0400 UTC;0;926,9;927,1;926,8;;16,8;16,2;17;16,7;16,6;16,1;98;96;97;;;;
2021/04/19;0500 UTC;0;926,6;926,9;926,6;;16,6;16,1;16,8;16,5;16,3;16;97;97;97;;;;
2021/04/19;0600 UTC;0;926,1;926,6;926,1;;16,3;15,6;16,6;16,1;16;15,5;97;95;96;;;;
2021/04/19;0700 UTC;,2;926,1;926,1;926;;16,3;15,9;16,4;16,3;16;15,6;97;96;97;;;;
2021/04/19;0800 UTC;0;926,3;926,3;926,1;;16,3;15,6;16,4;16,3;15,9;15,5;97;95;95;;;;
2021/04/19;0900 UTC;0;926,7;926,7;926,3;;16,3;15,7;16,4;16,3;15,9;15,6;97;95;96;;;;
2021/04/19;1000 UTC;0;927,4;927,4;926,7;24,1;16,5;16;16,5;16,3;16;15,7;98;96;97;;;;
2021/04/19;1100 UTC;,2;928,1;928,1;927,4;460,8;17,4;15,9;17,6;16,4;16,1;15,4;97;89;91;;;;
2021/04/19;1200 UTC;0;928,5;928,5;928,1;784,2;18,7;16,4;18,7;17,2;16,5;15,6;92;85;86;;;;
2021/04/19;1300 UTC;0;928,8;928,9;928,5;1157,4;18,2;16,6;19,5;17,3;17;15,4;94;79;90;;;;
2021/04/19;1400 UTC;0;928,7;928,9;928,7;1945,7;19;15,8;20;18,2;17,1;15,2;91;77;82;;;;
2021/04/19;1500 UTC;0;928,2;928,7;928,2;2228,4;20,3;15,6;21,1;19,1;16,6;15,1;82;72;75;;;;
2021/04/19;1600 UTC;0;927,7;928,2;927,6;2138,6;20,6;15,5;21,4;19,4;17,3;15,4;85;72;72;;;;
2021/04/19;1700 UTC;0;927,4;927,7;927,3;2603,2;21,2;15,4;22,4;20,6;16,8;15;73;65;70;;;;
2021/04/19;1800 UTC;0;927,4;927,6;927,4;2102,7;21;16,6;21,8;20,5;16,6;14,9;77;68;76;;;;
2021/04/19;1900 UTC;0;927,6;927,7;927,4;941,7;19,3;16,6;20,9;18,5;17,3;15,8;90;74;84;;;;
2021/04/19;2000 UTC;1,6;928,2;928,3;927,6;398,3;17,2;15,8;19,3;17,2;17,1;15,5;96;82;92;;;;
2021/04/19;2100 UTC;0;928,3;928,3;928,1;60,1;17,1;16,1;17,2;16,9;16,1;15,8;95;92;94;;;;
2021/04/19;2200 UTC;0;928,3;928,5;928,2;;17,1;16,3;17,3;17,1;16,4;16;95;93;95;;;;
2021/04/19;2300 UTC;0;928,7;928,7;928,3;;16,8;15,9;17,1;16,8;16,3;15,7;96;93;94;;;;
2021/04/20;0000 UTC;,4;928,9;928,9;928,5;;16,6;15,8;16,9;16,5;16,2;15,6;96;94;95;;;;
2021/04/20;0100 UTC;0;929;929,1;928,9;;16,8;15,9;16,8;16,5;16,2;15,9;97;94;95;;;;
2021/04/20;0200 UTC;,4;928,9;929,1;928,7;;16,4;15,9;16,8;16,4;16;15,8;97;94;96;;;;
2021/04/20;0300 UTC;,2;928,9;929,1;928,9;;16,4;15,9;16,5;16,3;16;15,8;97;96;96;;;;
2021/04/20;0400 UTC;,2;928,4;928,9;928,4;;16,6;16;16,6;16,4;16;15,9;97;96;96;;;;
2021/04/20;0500 UTC;0;927,9;928,4;927,8;;16;15,5;16,7;15,9;16;15,5;97;96;97;;;;
2021/04/20;0600 UTC;0;927,5;927,9;927,4;;16,3;15,7;16,3;16;15,7;15,6;98;96;96;;;;
2021/04/20;0700 UTC;,8;927,2;927,5;927,2;;16,1;15,8;16,4;16,1;16;15,7;98;96;98;;;;
2021/04/20;0800 UTC;,2;927,3;927,3;927,1;;16,3;15,9;16,3;16,1;15,9;15,7;98;98;98;;;;
2021/04/20;0900 UTC;1,6;927,6;927,6;927,2;;16,4;16;16,4;16,2;16,1;15,9;98;98;98;;;;
2021/04/20;1000 UTC;,4;928,2;928,2;927,6;26,3;16,4;16;16,5;16,3;16,1;16;98;98;98;;;;
2021/04/20;1100 UTC;,6;928,8;928,8;928,2;321,4;16,8;16,4;17;16,4;16,6;16;98;97;97;;;;
2021/04/20;1200 UTC;0;929,4;929,4;928,8;882,3;18,2;16,8;18,5;16,8;17,4;16,3;98;91;91;;;;
2021/04/20;1300 UTC;,4;929,9;929,9;929,4;1467;17,9;17;19,6;17,6;17,7;15,8;95;82;95;;;;
2021/04/20;1400 UTC;0;929,9;930,1;929,8;2364,9;19,4;15,9;20,4;17,7;17,4;15,6;95;78;80;;;;
2021/04/20;1500 UTC;0;929,3;929,9;929,3;2313,8;20,3;16,5;21;18,2;17,2;15,4;92;73;79;;;;
2021/04/20;1600 UTC;,6;929;929,3;929;1854,9;19,5;16,8;21,1;17,9;18;15,2;94;73;84;;;;
2021/04/20;1700 UTC;,4;928,7;929;928,6;1745,4;19,1;16,6;19,8;18;17,4;16,4;94;83;86;;;;
2021/04/20;1800 UTC;0;928,5;928,7;928,4;1933,6;19,8;16;20,6;19;17,4;15,3;87;77;79;;;;
2021/04/20;1900 UTC;0;928,3;928,5;928,3;1584,3;19,3;15,8;20,5;18,6;16,7;15,1;83;76;80;;;;
2021/04/20;2000 UTC;0;928,4;928,4;928,3;714,5;18,5;15,7;19,4;18,5;16;15;84;78;84;;;;
2021/04/20;2100 UTC;0;928,7;928,7;928,3;111,2;17,5;15,6;18,6;17,5;15,7;14,9;89;80;89;;;;
2021/04/20;2200 UTC;0;929;929;928,7;;16,6;15,2;17,5;16,6;15,7;15,2;92;89;92;;;;
2021/04/20;2300 UTC;0;929,5;929,5;929;;16,2;15,4;16,6;16,2;15,4;15,2;95;92;95;;;;
2021/04/21;0000 UTC;0;929,8;929,8;929,5;;16,3;15,2;16,5;16,1;15,7;14,9;96;91;93;;;;
2021/04/21;0100 UTC;,4;929,3;929,8;929,3;;16;15,5;16,3;16;15,7;15,3;97;93;97;;;;
2021/04/21;0200 UTC;,2;929,6;929,7;929,3;;15,7;14,6;16,2;15,6;15,9;14,6;98;93;93;;;;
2021/04/21;0300 UTC;0;929,5;929,6;929,4;;15,8;15,3;16;15,7;15,4;14,5;97;92;97;;;;
2021/04/21;0400 UTC;0;929;929,5;929;;16,1;15,5;16,1;15,8;15,6;15,3;97;97;97;;;;
2021/04/21;0500 UTC;0;928,4;929;928,4;;15,6;15;16,1;15,6;15,6;15;97;94;96;;;;
2021/04/21;0600 UTC;0;928,2;928,4;928;;14,9;14,5;15,7;14,9;15,1;14,5;98;96;98;;;;
2021/04/21;0700 UTC;0;927,8;928,2;927,8;;15,2;14,9;15,2;14,8;14,9;14,5;98;98;98;;;;
2021/04/21;0800 UTC;,4;927,8;927,8;927,7;;15,2;14,8;15,4;15,1;15,1;14,7;98;98;98;;;;
2021/04/21;0900 UTC;0;928,1;928,1;927,8;;15,2;14,9;15,3;15;15;14,6;98;97;98;;;;
2021/04/21;1000 UTC;0;928,4;928,5;928,1;30,1;15,3;15;15,3;15,1;15;14,8;98;98;98;;;;
2021/04/21;1100 UTC;0;928,8;928,8;928,4;417;16,5;15,6;16,5;15,3;15,7;15;98;95;95;;;;
2021/04/21;1200 UTC;0;929,3;929,3;928,8;1208,2;18,2;15,8;18,7;16,5;16,6;15,4;95;84;86;;;;
2021/04/21;1300 UTC;0;929,5;929,5;929,3;1187,7;18,3;15,2;19,4;17,8;16,6;15,2;87;79;82;;;;
2021/04/21;1400 UTC;0;929,4;929,6;929,4;1384,1;18,7;15,9;19,9;17,8;16,8;15,4;90;78;84;;;;
2021/04/21;1500 UTC;,4;929;929,4;929;1415;18,8;16,5;19,6;17,6;17,5;15,6;95;79;86;;;;
2021/04/21;1600 UTC;0;928,3;929;928,3;2219,5;20,7;15,8;21,6;18,6;17,8;15,5;90;71;74;;;;
2021/04/21;1700 UTC;0;927,6;928,3;927,6;2153;21,8;15,4;22;19,9;17,2;15,4;78;67;67;;;;
2021/04/21;1800 UTC;0;927,5;927,6;927,4;1191,3;20,4;17,1;22,3;19,3;17,5;15,3;85;67;81;;;;
2021/04/21;1900 UTC;0;927,4;927,5;927,2;820,5;19,3;16;20,6;19,3;17,2;15,8;82;77;81;;;;
2021/04/21;2000 UTC;0;927,6;927,7;927,4;388,4;18,3;15,7;19,4;18,3;16,4;15,4;85;80;85;;;;
2021/04/21;2100 UTC;0;928,1;928,1;927,6;66,3;17,6;15,8;18,3;17,6;16;15,7;90;85;89;;;;
2021/04/21;2200 UTC;0;928,6;928,7;928;;16,8;15,7;17,6;16,8;15,8;15,6;93;89;93;;;;
2021/04/21;2300 UTC;0;928,9;928,9;928,5;;16,8;15,8;16,9;16,6;15,8;15,3;94;91;94;;;;
2021/04/22;0000 UTC;0;929;929;928,8;;16,8;15,9;16,9;16,6;16,3;15,8;97;94;94;;;;
2021/04/22;0100 UTC;,2;929,5;929,5;929;;16,6;15,9;16,9;16,4;16;15,4;96;93;96;;;;
2021/04/22;0200 UTC;,4;929,8;929,8;929,4;;16,6;16;16,6;16,3;16,1;15,7;97;96;96;;;;
2021/04/22;0300 UTC;1,8;929,7;930;929,7;;15,6;15,2;16,6;15,5;16;15;97;94;97;;;;
2021/04/22;0400 UTC;,4;928,4;929,7;928,4;;15,7;15,4;15,8;15,4;15,5;15;98;97;98;;;;
2021/04/22;0500 UTC;0;928,4;928,4;928,2;;16;15,3;16,1;15,7;15,5;15,2;98;95;95;;;;
2021/04/22;0600 UTC;0;928;928,4;927,9;;15,6;14,8;16;15,5;15,3;14,6;95;93;95;;;;
2021/04/22;0700 UTC;0;928,3;928,3;927,9;;15,6;15;15,7;15,3;15;14,8;97;95;96;;;;
2021/04/22;0800 UTC;,4;928,3;928,4;928,2;;14,7;13,4;15,7;14,7;15,2;13,3;97;91;92;;;;
2021/04/22;0900 UTC;0;928,5;928,5;928,3;;15,2;14,4;15,2;14,5;14,4;13,4;95;92;95;;;;
2021/04/22;1000 UTC;,2;929,3;929,3;928,5;19,2;15,5;15,1;15,5;15;15,1;14,3;98;95;98;;;;
2021/04/22;1100 UTC;0;929,7;929,8;929,3;329,4;16,2;15,6;16,3;15,5;15,8;15,1;98;96;96;;;;
2021/04/22;1200 UTC;0;930,3;930,3;929,7;765,1;16,5;15,2;16,8;16,1;16;15,2;97;92;92;;;;
2021/04/22;1300 UTC;,2;930,7;930,7;930,3;694,9;16,2;15;17,2;15,8;15,7;14,5;94;87;93;;;;
2021/04/22;1400 UTC;0;930,2;930,7;930,2;1332,7;18,1;14,7;18,1;16,2;15,5;14,1;93;78;81;;;;
2021/04/22;1500 UTC;0;929,6;930,2;929,6;1479,7;17,7;13,9;19;17,7;15,4;13,8;84;76;79;;;;
2021/04/22;1600 UTC;0;929,1;929,6;929,1;1114,8;18,2;14;18,6;17,4;15,7;12,9;84;72;76;;;;
2021/04/22;1700 UTC;0;928,5;929,1;928,4;1127,5;18,5;14,5;18,5;16,5;15,3;13,8;89;76;78;;;;
2021/04/22;1800 UTC;0;928,5;928,6;928,4;1847,2;18,7;13,5;19,4;17,7;15,4;11,7;81;64;72;;;;
2021/04/22;1900 UTC;0;928,4;928,5;928,2;1551,4;18;14,2;19,1;17,9;15,1;13,6;81;72;79;;;;
2021/04/22;2000 UTC;0;928,5;928,5;928,4;509,7;17,1;13,7;18;17,1;14,7;13,7;83;78;81;;;;
2021/04/22;2100 UTC;0;928,7;928,8;928,5;55,9;16;14,2;17,1;16;14,4;12,6;89;77;89;;;;
2021/04/22;2200 UTC;0;928,9;928,9;928,6;;15,5;14,4;16,1;15,4;14,5;14,2;93;89;93;;;;
2021/04/22;2300 UTC;0;929,3;929,3;928,9;;15,3;14,3;15,5;15,2;14,4;14,1;94;93;94;;;;
2021/04/23;0000 UTC;0;929,6;929,7;929,3;;15,4;14,6;15,6;15,3;14,7;14,3;96;93;95;;;;
2021/04/23;0100 UTC;0;929,5;929,7;929,5;;15,1;14,5;15,4;15;14,6;14,4;97;95;96;;;;
2021/04/23;0200 UTC;0;929,4;929,6;929,4;;14,9;14,3;15,2;14,9;14,5;14,3;96;95;96;;;;
2021/04/23;0300 UTC;0;929,2;929,4;929,1;;14,8;14,3;15;14,7;14,5;14,2;97;96;97;;;;
2021/04/23;0400 UTC;0;929;929,2;929;;14,6;14,1;14,8;14,5;14,4;14,1;98;97;97;;;;
2021/04/23;0500 UTC;0;929;929;928,6;;14,4;14,1;14,6;14,1;14,2;13,7;98;97;98;;;;
2021/04/23;0600 UTC;0;928,7;929;928,6;;14,7;14,4;14,9;14,4;14,5;14,1;98;98;98;;;;
2021/04/23;0700 UTC;,2;928,3;928,7;928,2;;14,3;14;14,7;14,1;14,4;13,8;98;98;98;;;;
2021/04/23;0800 UTC;,2;928,2;928,4;928,1;;14,2;13,9;14,3;13,5;14;13,2;98;98;98;;;;
2021/04/23;0900 UTC;,2;928,5;928,5;928,1;;14,3;14;14,3;13,8;14;13,6;98;98;98;;;;
2021/04/23;1000 UTC;0;929,2;929,2;928,5;30,9;13,8;13,6;14,4;13,6;14,1;13,3;98;98;98;;;;
2021/04/23;1100 UTC;0;930,1;930,1;929,2;489;16,2;15;16,2;13,8;15,1;13,6;98;93;93;;;;
2021/04/23;1200 UTC;0;930,5;930,5;930,1;1160,6;16,9;14,3;17,1;16,1;14,8;13,5;92;82;85;;;;
2021/04/23;1300 UTC;0;930,2;930,5;930,2;2114,5;18,6;13,5;18,9;16,7;14,8;13,3;85;72;73;;;;
2021/04/23;1400 UTC;0;929,8;930,3;929,8;2332,2;19,5;13,4;20,3;17,8;15,2;12,8;75;66;68;;;;
2021/04/23;1500 UTC;0;928,8;929,8;928,8;2477,7;20,3;13,9;21,1;19,4;15;13,2;72;64;67;;;;
2021/04/23;1600 UTC;0;927,9;928,8;927,9;2916,4;21,4;15,8;21,4;20,2;15,8;13,8;71;64;70;;;;
2021/04/23;1700 UTC;0;927,3;927,9;927,3;2558,3;21,4;14,7;21,9;20,5;15,6;14,1;71;63;66;;;;
2021/04/23;1800 UTC;0;926,7;927,3;926,7;1612;21;15,2;21,9;20,5;16,2;13,9;72;63;69;;;;
2021/04/23;1900 UTC;0;926,9;927;926,7;1289,6;20,2;15,6;21,4;20,2;16,6;14,9;75;69;75;;;;
2021/04/23;2000 UTC;0;927;927;926,6;382,3;19;16,1;20,2;19;16,3;15,7;84;75;83;;;;
2021/04/23;2100 UTC;0;927,6;927,6;927;118,2;17,5;15,7;19;17,5;16,4;15,6;89;82;89;;;;
2021/04/23;2200 UTC;0;927,8;927,8;927,5;;16,8;15,5;17,5;16,8;15,7;15,4;92;89;92;;;;
2021/04/23;2300 UTC;0;928,3;928,3;927,8;;16,5;15,6;16,8;16,5;15,8;15,5;94;92;94;;;;
2021/04/24;0000 UTC;0;928,6;928,7;928,3;;15,6;15,2;16,5;15,6;15,7;15,1;97;94;97;;;;
2021/04/24;0100 UTC;0;928,9;929;928,6;;16;15,4;16,1;15,7;15,7;15,2;97;97;97;;;;
2021/04/24;0200 UTC;0;928,7;929;928,6;;16,5;15,2;16,5;16;15,5;15;97;91;92;;;;
2021/04/24;0300 UTC;0;928,5;928,7;928,5;;16,6;15,3;16,7;16,5;15,5;15;93;90;92;;;;
2021/04/24;0400 UTC;0;928,2;928,5;928,2;;16,6;14,8;16,7;16,6;15,3;14,7;92;89;89;;;;
2021/04/24;0500 UTC;0;927,6;928,2;927,6;;16,6;14,8;16,7;16,6;14,9;14,4;89;86;89;;;;
2021/04/24;0600 UTC;0;927,3;927,7;927,3;;16,3;14,6;16,6;16,3;14,9;14,5;90;89;90;;;;
2021/04/24;0700 UTC;0;927,1;927,3;927,1;;16;14,7;16,3;16;14,9;14,3;92;88;92;;;;
2021/04/24;0800 UTC;0;927,1;927,1;926,9;;16;14,8;16,2;16;14,9;14,5;92;90;92;;;;
2021/04/24;0900 UTC;0;927,6;927,6;927,1;;15,7;15,1;16;15,6;15,1;14,8;96;92;96;;;;
2021/04/24;1000 UTC;0;928;928;927,6;26,6;15,9;15,5;15,9;15,6;15,5;15;97;96;97;;;;
2021/04/24;1100 UTC;0;928,3;928,3;928;375,4;17,1;15,4;17,1;15,6;16,2;15,1;97;89;89;;;;
2021/04/24;1200 UTC;0;928,3;928,4;928,2;1018,8;19,2;15,3;19,2;16,8;16;14,8;90;77;78;;;;
2021/04/24;1300 UTC;0;928,6;928,7;928,3;2036,7;21;16,8;21;18,8;16,8;14,7;80;73;77;;;;
2021/04/24;1400 UTC;0;928,2;928,6;928,2;1253,4;19,8;15,7;21,2;19,3;16,8;14,9;79;72;77;;;;
2021/04/24;1500 UTC;0;927,1;928,2;927,1;2149,7;21,8;16,6;22;19,8;17,2;15,3;78;70;72;;;;
2021/04/24;1600 UTC;0;926,4;927,1;926,4;1695;22;16,3;22,1;21,2;16,8;15,1;73;68;70;;;;
2021/04/24;1700 UTC;0;925,5;926,4;925,5;2740,6;23,9;14,5;24,2;22;17,3;13,9;72;53;56;;;;
2021/04/24;1800 UTC;0;924,8;925,5;924,8;2203,3;24,1;14,9;24,5;23,3;16,7;14,1;64;54;57;;;;
2021/04/24;1900 UTC;0;924,8;924,8;924,5;1459,3;22,3;17,8;24,1;22,3;17,8;14,5;76;56;76;;;;
2021/04/24;2000 UTC;0;925,2;925,2;924,7;666;20,1;17,9;22,3;20,1;18,3;17,6;87;76;87;;;;
2021/04/24;2100 UTC;0;925,5;925,5;925,2;59;18,8;17,6;20,1;18,8;18;17,5;93;87;93;;;;
2021/04/24;2200 UTC;0;925,9;925,9;925,5;;18,2;17,6;18,8;18,2;18;17,6;97;93;96;;;;
2021/04/24;2300 UTC;0;926,7;926,8;925,9;;18,4;17,6;18,4;18,2;17,8;17,4;97;95;95;;;;
2021/04/25;0000 UTC;0;927,1;927,1;926,7;;18,2;17,3;18,4;18,2;17,6;17,2;95;94;94;;;;
2021/04/25;0100 UTC;0;927,3;927,3;927;;17,9;17,2;18,2;17,9;17,4;17,2;95;94;95;;;;
2021/04/25;0200 UTC;0;927;927,3;927;;17,6;17;17,9;17,6;17,2;16,9;96;95;96;;;;
2021/04/25;0300 UTC;0;926,4;927;926,3;;17;16,7;17,6;16,8;17;16,4;98;96;98;;;;
2021/04/25;0400 UTC;0;926;926,4;926;;16,9;16,6;17,3;16,8;16,9;16,4;98;98;98;;;;
2021/04/25;0500 UTC;0;926,1;926,1;925,8;;16,3;15,9;17,1;16,2;16,7;15,9;98;97;98;;;;
2021/04/25;0600 UTC;0;925,6;926,1;925,6;;16,2;15,9;16,3;15,9;16;15,6;98;98;98;;;;
2021/04/25;0700 UTC;0;925,3;925,6;925,1;;16,1;15,8;16,3;15,9;16;15,6;98;98;98;;;;
2021/04/25;0800 UTC;0;925,3;925,4;925;;15,5;15,2;16,1;15,5;15,8;15,2;98;98;98;;;;
2021/04/25;0900 UTC;0;925,5;925,5;925,2;;15,7;15,4;15,8;15,4;15,5;15,1;98;98;98;;;;
2021/04/25;1000 UTC;0;926;926,1;925,5;37,3;15,9;15,6;16;15,6;15,7;15,4;98;98;98;;;;
2021/04/25;1100 UTC;0;926,2;926,4;926;497,7;17,4;17;17,4;15,9;17,1;15,7;98;98;98;;;;
2021/04/25;1200 UTC;0;926,5;926,6;926,2;1203,1;19,9;16,5;19,9;17,3;17,7;16;97;80;81;;;;
2021/04/25;1300 UTC;0;926,5;926,6;926,5;1932,7;22,2;15,8;22,4;19,8;17,1;15,5;81;67;67;;;;
2021/04/25;1400 UTC;0;926,1;926,6;926,1;2486,6;24,5;15,8;24,5;22,1;16,9;14,8;69;58;58;;;;
2021/04/25;1500 UTC;0;925,2;926,2;925,2;2715,8;24,9;14,1;25,6;24,4;17;13,8;61;48;51;;;;
2021/04/25;1600 UTC;0;924,5;925,2;924,5;2799,3;26,2;14;26,7;24,7;16,1;12,6;56;43;47;;;;
2021/04/25;1700 UTC;0;923,9;924,5;923,9;2652,4;26,6;13,7;27,6;26,2;16;12,8;52;42;45;;;;
2021/04/25;1800 UTC;0;923,5;923,9;923,4;2094,8;23,9;19,4;27,9;23,9;19,5;12;76;38;76;;;;
2021/04/25;1900 UTC;0;924,1;924,1;923,4;1270,2;23;18,4;24;22,9;19,7;18,4;80;72;75;;;;
2021/04/25;2000 UTC;0;924,8;924,8;924,1;469,2;21,8;17;23;21,8;18,2;16,7;76;70;74;;;;
2021/04/25;2100 UTC;0;925;925,1;924,6;77,3;21;16,9;21,9;21;17,2;16,7;79;73;78;;;;
2021/04/25;2200 UTC;0;925,2;925,4;924,9;;19,9;17,3;21;19,9;17,5;16,8;85;77;85;;;;
2021/04/25;2300 UTC;0;925,7;925,7;925,2;;19,6;17,4;20,2;19,5;17,7;17,2;88;85;87;;;;
2021/04/26;0000 UTC;0;925,6;925,7;925,5;;19,3;17,3;20,2;19,2;17,4;17,1;89;84;88;;;;
2021/04/26;0100 UTC;0;925,9;926;925,6;;19,2;17,1;19,9;19,1;17,7;17,1;89;85;88;;;;
2021/04/26;0200 UTC;0;926,2;926,3;925,9;;18,7;16,7;19,4;18,7;17,1;16,7;89;87;89;;;;
2021/04/26;0300 UTC;0;926,4;926,4;926,2;;18,9;18,1;19,2;18,5;18,3;16,7;96;88;96;;;;
2021/04/26;0400 UTC;0;926,3;926,4;926,3;;18,7;16,3;18,9;18,5;18,1;16,3;96;86;86;;;;
2021/04/26;0500 UTC;0;925,9;926,4;925,9;;17,9;15,9;18,7;17,7;16,2;15,4;89;81;88;;;;
2021/04/26;0600 UTC;0;925,7;926;925,7;;17,6;16,6;17,9;17,4;16,6;15,9;94;88;94;;;;
2021/04/26;0700 UTC;0;925,6;925,8;925,5;;17,7;17,3;17,7;17,5;17,3;16,6;97;94;97;;;;
2021/04/26;0800 UTC;0;925,3;925,6;925,1;;17,8;17,5;17,9;17,6;17,5;17,2;98;97;98;;;;
2021/04/26;0900 UTC;0;925,8;925,8;925,3;;17,6;17,3;17,9;17,6;17,5;17,3;98;98;98;;;;
2021/04/26;1000 UTC;0;926,5;926,5;925,8;35,5;17,5;15,7;17,7;17,3;17,3;15,7;98;89;89;;;;
2021/04/26;1100 UTC;0;926,8;926,8;926,5;365,5;18,7;16,4;18,7;17,5;16,4;14,9;89;82;86;;;;
2021/04/26;1200 UTC;0;927,3;927,3;926,8;673,3;18,8;16,6;19,2;18,5;17;15,6;89;82;87;;;;
2021/04/26;1300 UTC;0;927,5;927,6;927,3;1857;20,8;16,8;21,3;18,7;18,1;16,5;88;77;78;;;;
2021/04/26;1400 UTC;0;927,1;927,5;927,1;2415,3;22,4;16;22,8;20,7;18;15,8;80;67;67;;;;
2021/04/26;1500 UTC;,2;926,5;927,1;926,5;2936;22,7;16,9;23,3;21,9;17,9;15,9;75;67;70;;;;
2021/04/26;1600 UTC;0;925,9;926,5;925,9;2317,2;23,7;17,6;23,7;21,8;17,9;15,9;73;65;69;;;;
2021/04/26;1700 UTC;0;925,4;925,9;925,4;1705,6;21,6;17,6;23,7;21,5;18,3;16,6;80;66;78;;;;
2021/04/26;1800 UTC;0;925,1;925,4;925,1;940,1;20,9;17,3;22,2;20,5;18,5;17,3;83;77;80;;;;
2021/04/26;1900 UTC;0;925,1;925,2;924,9;606,2;20,7;17,6;21,2;20,6;17,9;16,9;84;78;83;;;;
2021/04/26;2000 UTC;0;925,8;925,8;925,1;234,5;19,7;17,2;20,7;19,7;17,8;17;87;81;85;;;;
2021/04/26;2100 UTC;0;926,2;926,2;925,7;46,3;19,3;17,3;19,7;19,2;17,6;17,1;89;85;88;;;;
2021/04/26;2200 UTC;0;926,5;926,5;926,1;;18,9;17,4;19,3;18,8;17,5;17,1;91;88;91;;;;
2021/04/26;2300 UTC;0;926,9;926,9;926,5;;18,8;17,6;18,9;18,8;17,6;17,4;93;91;93;;;;
2021/04/27;0000 UTC;0;927,3;927,3;926,7;;18,7;17,5;18,8;18,5;17,6;17,4;94;92;93;;;;
2021/04/27;0100 UTC;0;927,4;927,5;927,1;;18,6;17,6;18,7;18,5;17,8;17,5;95;93;94;;;;
2021/04/27;0200 UTC;0;927,3;927,5;927,3;;18,6;17,4;18,7;18,6;17,6;17,2;94;92;93;;;;
2021/04/27;0300 UTC;0;927;927,3;927;;18,2;17,4;18,6;18,2;17,5;17,3;95;92;95;;;;
2021/04/27;0400 UTC;0;926,7;927,1;926,7;;18,3;17;18,5;18,2;17,5;17;95;92;92;;;;
2021/04/27;0500 UTC;0;926,4;926,8;926,4;;18,4;17,3;18,5;18,3;17,4;16,8;94;90;94;;;;
2021/04/27;0600 UTC;0;926;926,4;925,9;;18,1;17,1;18,4;18,1;17,4;17,1;94;93;94;;;;
2021/04/27;0700 UTC;0;925,6;926;925,6;;17,7;17,2;18,2;17,7;17,5;17,1;97;94;97;;;;
2021/04/27;0800 UTC;0;925,6;925,6;925,5;;17,3;16,9;17,7;17,3;17,2;16,9;98;97;98;;;;
2021/04/27;0900 UTC;0;926,4;926,4;925,6;;17,7;17,1;17,7;17,3;17,2;16,9;98;96;96;;;;
2021/04/27;1000 UTC;0;927,1;927,1;926,4;12,4;17,8;17;17,9;17,6;17,1;16,9;96;95;95;;;;
2021/04/27;1100 UTC;0;927,6;927,6;927,1;181,5;18,1;17,2;18,2;17,8;17,4;17;97;94;95;;;;
2021/04/27;1200 UTC;0;928,2;928,2;927,6;399,9;18,2;17,8;18,4;17,9;18;17,2;98;95;98;;;;
2021/04/27;1300 UTC;1,8;928,7;928,7;928,2;526,2;18,2;17,8;18,4;17,8;18;17,5;98;98;98;;;;
2021/04/27;1400 UTC;0;928,5;928,7;928,4;950,3;18,2;17,8;19,5;18,2;19,2;17,7;98;95;97;;;;
2021/04/27;1500 UTC;,6;928;928,5;928;641,2;18,2;17,7;18,9;18,1;18,4;17,5;97;96;97;;;;
2021/04/27;1600 UTC;0;927,5;928;927,5;1283,4;18,7;17,2;19,2;18,2;18,7;17,1;98;90;91;;;;
2021/04/27;1700 UTC;0;927,1;927,5;927,1;974,5;19;17,2;19;17,9;17,8;16,8;97;89;90;;;;
2021/04/27;1800 UTC;0;926,6;927,1;926,6;1118,5;19,3;17,2;20,2;18,8;17,7;16,6;90;82;88;;;;
2021/04/27;1900 UTC;0;926,7;926,7;926,5;893,3;18,9;17,1;19,7;18,7;18;16,7;91;85;89;;;;
2021/04/27;2000 UTC;0;926,8;926,8;926,7;399,8;17,9;16,8;18,9;17,9;17,3;16,6;93;89;93;;;;
2021/04/27;2100 UTC;0;927,2;927,2;926,8;55;17,4;16,7;18;17,3;17;16,3;96;92;96;;;;
2021/04/27;2200 UTC;0;927,5;927,5;927,1;;16,9;16,4;17,4;16,9;16,7;16,3;97;95;97;;;;
2021/04/27;2300 UTC;0;928,2;928,2;927,5;;16,6;16,2;16,9;16,5;16,4;16;97;96;97;;;;
2021/04/28;0000 UTC;0;928,4;928,5;928,2;;16,7;16,1;16,8;16,5;16,3;16;98;96;96;;;;
2021/04/28;0100 UTC;0;928,6;928,6;928,4;;16,3;15;16,8;16,3;16,1;15;96;91;92;;;;
2021/04/28;0200 UTC;0;928,6;928,7;928,6;;15,8;15,1;16,4;15,7;15,2;14,7;96;91;96;;;;
2021/04/28;0300 UTC;0;928,6;928,6;928,5;;15,8;15,2;15,9;15,5;15,3;14,8;97;95;96;;;;
2021/04/28;0400 UTC;0;928,2;928,6;928,2;;15,7;14,9;16,1;15,7;15,2;14,9;96;94;95;;;;
2021/04/28;0500 UTC;0;927,8;928,2;927,7;;15,5;15,1;15,7;15,3;15,2;14,8;97;95;97;;;;
2021/04/28;0600 UTC;0;927,2;927,9;927,2;;15,4;14,6;15,9;15,3;15,3;14,6;97;94;95;;;;
2021/04/28;0700 UTC;0;927,2;927,3;927,2;;15,1;14,3;15,4;14,9;14,5;14,1;96;94;95;;;;
2021/04/28;0800 UTC;0;927,3;927,3;926,9;;14,8;14,4;15,1;14,5;14,5;14;98;95;97;;;;
2021/04/28;0900 UTC;0;927,6;927,6;927,3;;15;14,4;15,3;14,5;14,9;14,1;98;96;96;;;;
2021/04/28;1000 UTC;0;928,2;928,3;927,6;18,2;15,8;14,7;15,8;15;14,7;14,2;96;91;94;;;;
2021/04/28;1100 UTC;0;928,8;928,8;928,2;227,5;16,5;14,3;16,5;15,7;14,9;13,9;94;86;87;;;;
2021/04/28;1200 UTC;0;929,4;929,4;928,8;824;18,2;14,3;18,3;16,5;14,9;14;88;77;78;;;;
2021/04/28;1300 UTC;0;929,7;929,8;929,3;1766,8;18,9;14,6;19,2;18,3;15,1;13,9;79;74;76;;;;
2021/04/28;1400 UTC;0;929,5;929,7;929,4;2378,2;20,6;15;20,6;18,6;16;14,2;78;70;70;;;;
2021/04/28;1500 UTC;0;929;929,5;929;2831,8;21,3;14,1;21,5;20;15,8;13,7;72;63;64;;;;
2021/04/28;1600 UTC;,2;928,5;929;928,5;2753,2;22,1;13,8;22,6;21;15,7;12,5;67;55;59;;;;
2021/04/28;1700 UTC;0;928,4;928,6;928,2;1397,4;20,9;15,5;22,1;20,1;16,2;13,9;76;60;71;;;;
2021/04/28;1800 UTC;0;928,2;928,4;928,1;1874,2;21;15,9;21,4;20,2;16,3;14,8;75;67;73;;;;
2021/04/28;1900 UTC;0;928,6;928,6;928,2;1232,7;20;15,1;21;19,5;16,4;14,6;79;72;73;;;;
2021/04/28;2000 UTC;0;929,1;929,1;928,6;693,9;18,5;15,2;20;18,5;16;14,6;82;72;81;;;;
2021/04/28;2100 UTC;0;929,6;929,6;929,1;57,7;17,3;15,3;18,5;17,3;15,4;15;88;81;88;;;;
2021/04/28;2200 UTC;0;930,2;930,2;929,6;;16,4;15,1;17,3;16,4;15,3;14,7;92;87;92;;;;
2021/04/28;2300 UTC;0;931;931;930,2;;16,2;15;16,4;16,1;15,2;14,9;93;92;93;;;;
2021/04/29;0000 UTC;0;931;931,2;930,9;;15,9;15;16,3;15,8;15,2;14,9;95;93;95;;;;
2021/04/29;0100 UTC;0;931,2;931,3;931;;15,9;14,1;16,1;15,8;15,1;14,1;95;89;89;;;;
2021/04/29;0200 UTC;0;931,5;931,5;931,2;;16,1;14,8;16,1;15,8;14,8;13,9;92;88;92;;;;
2021/04/29;0300 UTC;0;931,7;931,7;931,2;;15,8;14,1;16,1;15,8;14,8;14,1;92;90;90;;;;
2021/04/29;0400 UTC;0;931,3;931,7;931,3;;15,7;14,2;15,9;15,7;14,3;14,1;91;89;91;;;;
2021/04/29;0500 UTC;0;931,3;931,3;931,2;;14,8;13,9;15,7;14,8;14,1;13,9;94;91;94;;;;
2021/04/29;0600 UTC;0;931;931,3;931;;14,3;13,4;14,8;14,2;13,9;13,3;95;94;95;;;;
2021/04/29;0700 UTC;0;930,9;931,1;930,9;;13,8;13,2;14,3;13,7;13,4;13,1;97;94;97;;;;
2021/04/29;0800 UTC;0;930,8;930,9;930,8;;13,4;13;13,8;13,2;13,2;12,7;97;96;97;;;;
2021/04/29;0900 UTC;0;931,4;931,4;930,8;;13,4;13;13,7;13,4;13,4;13;98;97;98;;;;
2021/04/29;1000 UTC;0;932;932;931,4;22,5;13,5;13,2;13,5;13,3;13,2;13;98;98;98;;;;
2021/04/29;1100 UTC;0;932,4;932,5;932;328,9;14,7;13,8;14,7;13,5;14,2;13,3;98;94;94;;;;
2021/04/29;1200 UTC;0;933,2;933,2;932,4;1244,5;16,2;13,8;16,7;14,7;14,5;13,3;95;83;86;;;;
2021/04/29;1300 UTC;0;933,7;933,8;933,1;2288;18,8;13,2;18,9;16,2;14,7;12,7;87;70;70;;;;
2021/04/29;1400 UTC;0;933,8;934;933,7;2091,7;18,3;12,7;19,4;18;13,8;12;73;65;70;;;;
2021/04/29;1500 UTC;0;933,2;933,8;933,2;1344;18,5;12,7;18,8;17,9;13,6;12,1;75;67;69;;;;
2021/04/29;1600 UTC;0;932,9;933,3;932,9;2825,3;20;13,8;20,4;18,5;14,7;11;71;59;68;;;;
2021/04/29;1700 UTC;0;932,4;932,9;932,4;2624,1;19,8;13,4;20,4;19,4;14,6;11,8;71;60;67;;;;
2021/04/29;1800 UTC;0;932,2;932,4;932,2;2110,5;19,5;13,5;20,6;19,3;13,8;11,8;69;60;68;;;;
2021/04/29;1900 UTC;0;932,4;932,5;932,2;1315,4;18,8;14,5;19,8;18,1;14,7;12,8;79;65;76;;;;
2021/04/29;2000 UTC;0;932,7;932,7;932,4;530,7;17,3;13,8;18,9;17,2;14,4;13,4;82;72;80;;;;
2021/04/29;2100 UTC;0;932,8;932,8;932,6;109,2;16,4;14,4;17,4;16,3;14,9;13,8;91;80;88;;;;
2021/04/29;2200 UTC;0;933,2;933,2;932,7;;15,8;14,9;16,6;15,7;15,2;14,4;94;88;94;;;;
2021/04/29;2300 UTC;0;933,6;933,6;933,2;;15,8;14,9;16;15,7;15,1;14,6;95;92;95;;;;
2021/04/30;0000 UTC;,2;934,1;934,2;933,6;;15,3;14,4;15,8;15,2;15,2;14,4;97;94;95;;;;
2021/04/30;0100 UTC;,2;934,4;934,4;934;;15,6;14,8;15,6;15,1;14,9;14,3;97;94;95;;;;
2021/04/30;0200 UTC;0;934,4;934,4;934,2;;15,8;14,2;15,8;15,6;14,7;14,2;95;90;90;;;;
2021/04/30;0300 UTC;0;934,4;934,4;934,3;;15,6;14,1;15,8;15,6;14,4;13,9;91;89;90;;;;
2021/04/30;0400 UTC;0;934,4;934,5;934,3;;15,6;14,4;15,8;15,5;14,5;13,9;93;89;92;;;;
2021/04/30;0500 UTC;0;934,1;934,4;934,1;;15,5;13,9;15,7;15,2;14,4;13,7;93;90;90;;;;
2021/04/30;0600 UTC;0;933,7;934,1;933,7;;15,4;14,1;15,6;15,3;14,1;13,7;92;89;92;;;;
2021/04/30;0700 UTC;0;933,5;933,7;933,5;;15,4;14;15,4;15,2;14,1;13,9;93;91;92;;;;
2021/04/30;0800 UTC;0;933,6;933,6;933,4;;15,5;14;15,5;15,3;14,2;13,9;92;90;91;;;;
2021/04/30;0900 UTC;0;934;934;933,5;;14,9;13,5;15,5;14,9;14;13,5;93;91;92;;;;
2021/04/30;1000 UTC;0;934,7;934,7;934;44,4;15,2;13,7;15,2;14,8;13,8;13,5;93;91;91;;;;
2021/04/30;1100 UTC;0;934,9;935,1;934,7;304,9;15,3;13,2;15,6;15,2;14;13,1;91;86;87;;;;
2021/04/30;1200 UTC;0;935,5;935,5;934,9;789,1;16,1;13,7;16,5;15,3;13,9;12,7;88;82;86;;;;
2021/04/30;1300 UTC;0;936;936,1;935,5;1158,9;17;13,3;17,1;15,9;14,2;13,1;86;79;79;;;;
2021/04/30;1400 UTC;0;935,3;936,1;935,3;2013,8;18,7;13,6;18,7;15,8;14,4;12,9;87;72;72;;;;
2021/04/30;1500 UTC;0;934,7;935,4;934,7;2278,7;18,9;14;19,4;18,3;14,5;12,9;76;69;74;;;;
2021/04/30;1600 UTC;0;933,8;934,7;933,8;2181,2;19,1;13;19,5;18,4;14,6;13;76;67;68;;;;
2021/04/30;1700 UTC;0;933;933,9;933;2317,8;19,2;14,1;20,1;18,7;15,1;12,8;75;67;72;;;;
2021/04/30;1800 UTC;,2;932,8;933;932,7;1965,1;18,8;13,6;19,4;18,6;14,6;13,4;75;70;72;;;;
2021/04/30;1900 UTC;0;932,6;932,9;932,5;1456,2;18,6;13,4;19,2;18,6;14,1;13,1;74;70;72;;;;
2021/04/30;2000 UTC;0;932,6;932,7;932,5;581,9;17,3;14;18,7;17,3;14,4;13,3;82;72;81;;;;
2021/04/30;2100 UTC;0;933,1;933,1;932,6;65,3;16,4;14,6;17,3;16,4;14,7;14;89;81;89;;;;
2021/04/30;2200 UTC;0;933,5;933,5;933;;16,2;14,8;16,4;16,1;14,9;14,5;92;89;92;;;;
2021/04/30;2300 UTC;0;933,7;933,7;933,5;;16,2;14,9;16,3;16,1;15;14,6;92;91;91;;;;
2021/05/01;0000 UTC;0;933,9;933,9;933,7;;16,3;15;16,3;16,1;15,1;14,8;93;91;92;;;;
2021/05/01;0100 UTC;0;933,9;933,9;933,7;;16;14,4;16,3;16;15,1;14,4;92;90;90;;;;
2021/05/01;0200 UTC;0;934,1;934,1;933,9;;15,3;13,7;16;15,3;14,3;13,2;90;84;90;;;;
2021/05/01;0300 UTC;0;934;934,2;933,9;;15,2;14,1;15,4;15,1;14,1;13,7;94;90;93;;;;
2021/05/01;0400 UTC;0;933,4;934;933,4;;15,4;14,3;15,4;15,2;14,3;14,1;94;93;93;;;;
2021/05/01;0500 UTC;0;933;933,4;933;;15,4;14,2;15,4;15,3;14,4;14,2;94;93;93;;;;
2021/05/01;0600 UTC;0;932,6;933;932,6;;15,5;13,9;15,5;15,2;14,3;13,9;93;90;90;;;;
2021/05/01;0700 UTC;0;932,3;932,6;932,3;;15;13,3;15,5;14,9;13,8;13,3;91;89;90;;;;
2021/05/01;0800 UTC;0;932,3;932,3;932,2;;14,6;12,5;15;14,5;13,3;12,5;90;87;87;;;;
2021/05/01;0900 UTC;0;932,9;932,9;932,3;;14,4;11,9;14,6;14,2;12,5;11,8;89;84;85;;;;
2021/05/01;1000 UTC;0;933,6;933,6;932,9;24,1;14,3;12;14,4;13,8;12;11,8;88;85;86;;;;
2021/05/01;1100 UTC;0;934,3;934,3;933,6;521,7;16,2;12,2;16,3;14,3;12,8;11,9;86;77;78;;;;
2021/05/01;1200 UTC;0;934,8;934,8;934,3;1331,6;17,8;12,7;17,8;16,1;13,1;12,3;80;72;72;;;;
2021/05/01;1300 UTC;0;934,9;935;934,8;2010,4;19;11,5;19,2;17,6;13,3;11,5;75;62;62;;;;
2021/05/01;1400 UTC;0;934,5;935;934,5;2481;20,3;12,2;20,5;18,8;13,3;11,5;65;59;60;;;;
2021/05/01;1500 UTC;0;933,8;934,5;933,8;2778,3;21,4;12,6;21,9;20,2;13,3;11,6;62;54;57;;;;
2021/05/01;1600 UTC;0;933;933,8;933;2728;21,7;13,6;22;20,8;14,2;12,1;63;56;60;;;;
2021/05/01;1700 UTC;0;932,3;933;932,3;2268,5;21,2;14,1;21,7;21;14,6;12,6;65;58;64;;;;
2021/05/01;1800 UTC;0;932;932,3;932;1762,2;20,4;14,7;21,5;20,3;15;13,1;71;61;70;;;;
2021/05/01;1900 UTC;0;931,9;932;931,8;1012,5;19;14,9;20,4;19;15,5;14,4;77;69;77;;;;
2021/05/01;2000 UTC;0;932;932,1;931,9;526,5;17,9;14,6;19,1;17,9;15,3;14,5;82;76;81;;;;
2021/05/01;2100 UTC;0;932,2;932,2;932;77,5;17,1;15,2;18;17,1;15,4;14,7;88;81;88;;;;
2021/05/01;2200 UTC;0;932,2;932,2;932;;16,9;15,4;17,1;16,9;15,6;15,1;91;88;91;;;;
2021/05/01;2300 UTC;0;932,8;932,8;932,1;;16,7;15,4;16,9;16,6;15,4;15,1;92;91;92;;;;
2021/05/02;0000 UTC;0;933;933,1;932,8;;16,4;15,2;16,7;16,4;15,4;15,2;93;91;93;;;;
2021/05/02;0100 UTC;0;933;933,2;932,9;;16,1;15,2;16,6;16,1;15,4;15,2;94;92;94;;;;
2021/05/02;0200 UTC;0;932,8;933;932,8;;16;14,9;16,1;15,9;15,2;14,9;95;93;93;;;;
2021/05/02;0300 UTC;0;932,5;932,9;932,5;;16;15,1;16;15,7;15,3;14,7;96;93;95;;;;
2021/05/02;0400 UTC;0;932,3;932,5;932,3;;15,3;14,6;16;15,3;15,1;14,6;96;94;96;;;;
2021/05/02;0500 UTC;0;932;932,3;932;;15,3;14,8;15,4;15,2;14,8;14,5;97;96;96;;;;
2021/05/02;0600 UTC;0;931,9;932;931,8;;15,3;14,8;15,4;15,3;15;14,8;97;96;97;;;;
2021/05/02;0700 UTC;0;931,7;931,9;931,6;;14,9;14,6;15,3;14,5;14,8;14;98;97;98;;;;
2021/05/02;0800 UTC;0;931,6;931,7;931,6;;15,7;13,8;15,7;14,9;14,7;13,7;98;88;89;;;;
2021/05/02;0900 UTC;0;932,1;932,1;931,6;;15,5;13,3;15,7;15,5;13,9;13,3;89;86;87;;;;
2021/05/02;1000 UTC;0;932,4;932,4;932,1;18,6;15,6;13,1;15,6;15,4;13,4;13;88;85;85;;;;
2021/05/02;1100 UTC;0;933;933;932,4;302,5;16,3;13,4;16,4;15,5;13,6;13,1;86;83;83;;;;
2021/05/02;1200 UTC;0;933,5;933,5;933;896,5;17,3;13,7;17,7;16,3;14,4;13,2;84;77;79;;;;
2021/05/02;1300 UTC;0;933,7;933,8;933,5;1560,8;19;14;19;17,2;14,4;13,1;81;70;73;;;;
2021/05/02;1400 UTC;0;933,1;933,7;933,1;2136,1;20,5;13,4;20,6;19;14,7;12,9;73;64;64;;;;
2021/05/02;1500 UTC;0;932,4;933,1;932,4;2588,3;22,2;11,9;22,4;20,5;14,8;11,9;67;52;52;;;;
2021/05/02;1600 UTC;0;931,9;932,4;931,9;2685,9;23,5;12;24,1;22;13,9;11;56;45;48;;;;
2021/05/02;1700 UTC;0;931,2;931,9;931,2;2393,1;23,2;12,8;24;22,8;14,2;11,8;55;47;52;;;;
2021/05/02;1800 UTC;0;930,8;931,2;930,8;2133,5;23,3;11,8;24,5;23,1;13,8;11,7;54;47;48;;;;
2021/05/02;1900 UTC;0;930,9;930,9;930,7;1442,5;20,9;16;23,8;20,9;16,2;11,5;74;47;74;;;;
2021/05/02;2000 UTC;0;931,1;931,1;930,9;433,7;18,6;16,2;20,9;18,6;16,5;16,1;86;74;86;;;;
2021/05/02;2100 UTC;0;931,1;931,2;931,1;48,5;17,4;15,6;18,6;17,4;16,2;15,6;90;86;89;;;;
2021/05/02;2200 UTC;0;931,4;931,4;931,1;;16,8;15,6;17,4;16,8;15,7;15,5;92;89;92;;;;
2021/05/02;2300 UTC;0;931,8;931,8;931,4;;16,3;15,2;16,8;16,3;15,6;15;93;90;93;;;;
2021/05/03;0000 UTC;0;932,1;932,2;931,8;;15,7;15,2;16,3;15,6;15,3;14,9;97;93;97;;;;
2021/05/03;0100 UTC;0;931,8;932,2;931,8;;15,4;15;15,8;15,2;15,3;14,8;98;97;98;;;;
2021/05/03;0200 UTC;0;931,7;931,8;931,5;;15,1;14,8;15,4;14,9;15;14,5;98;97;98;;;;
2021/05/03;0300 UTC;0;931,3;931,7;931,3;;15;14,8;15,2;14,9;14,9;14,5;98;98;98;;;;
2021/05/03;0400 UTC;0;930,8;931,4;930,8;;15;14,8;15,4;14,9;15,1;14,6;98;98;98;;;;
2021/05/03;0500 UTC;0;930,6;930,8;930,6;;14,7;14,4;15,3;14,7;15;14,4;98;98;98;;;;
2021/05/03;0600 UTC;0;930,3;930,7;930,3;;14,6;14,3;14,9;14,6;14,6;14,3;98;98;98;;;;
2021/05/03;0700 UTC;0;930,4;930,4;930,3;;14,1;13,8;14,7;14;14,4;13,7;98;98;98;;;;
2021/05/03;0800 UTC;0;930,2;930,4;930,1;;13,9;13,6;14,3;13,8;14;13,5;98;98;98;;;;
2021/05/03;0900 UTC;,2;930,6;930,6;930,2;;13,1;12,8;13,9;12,8;13,6;12,6;98;98;98;;;;
2021/05/03;1000 UTC;0;931,4;931,4;930,6;15,1;14,6;14,4;14,6;13;14,4;12,8;98;98;98;;;;
2021/05/03;1100 UTC;0;932;932;931,4;151,1;15;14,7;15,2;14,6;15;14,4;98;98;98;;;;
2021/05/03;1200 UTC;0;932,5;932,5;932;1000,7;17,4;15,3;17,4;15;15,8;14,7;98;87;88;;;;
2021/05/03;1300 UTC;0;932,3;932,6;932,3;2016;19,1;14,7;19,1;17,2;15,5;14;88;76;76;;;;
2021/05/03;1400 UTC;0;931,7;932,3;931,7;2425,1;21,3;14,5;21,7;18,9;15,6;14,1;79;64;65;;;;
2021/05/03;1500 UTC;0;931;931,7;931;2658,4;23,4;14,4;23,4;21,3;15,4;13;67;53;57;;;;
2021/05/03;1600 UTC;0;930,1;931;930,1;2691,5;24,9;13,8;25,1;23,1;15,3;11,9;58;46;50;;;;
2021/05/03;1700 UTC;0;929,3;930,1;929,3;2421,8;24,6;12,3;25,5;24,1;14,4;11,5;53;44;46;;;;
2021/05/03;1800 UTC;0;929;929,3;929;1939,1;21,6;17,1;25,2;21,6;18;11,6;76;44;76;;;;
2021/05/03;1900 UTC;0;929,1;929,2;929;1280,1;19,8;17,1;21,9;19,8;18;16,9;85;76;84;;;;
2021/05/03;2000 UTC;0;929,4;929,4;929,1;557,1;18,8;16,6;19,9;18,8;17,3;16,5;87;84;87;;;;
2021/05/03;2100 UTC;0;929,9;929,9;929,4;70,9;18,5;16,3;19;18,5;16,8;16,3;88;87;87;;;;
2021/05/03;2200 UTC;0;930,2;930,2;929,8;;18,2;16,1;18,5;18,2;16,5;16;88;87;87;;;;
2021/05/03;2300 UTC;0;930,5;930,5;930,2;;17,7;16,1;18,3;17,7;16,4;16;90;87;90;;;;
2021/05/04;0000 UTC;0;930,9;930,9;930,6;;17,1;16,1;17,7;17;16,2;15,8;94;90;94;;;;
2021/05/04;0100 UTC;0;930,7;931;930,6;;16,3;15,9;17,1;16,3;16,1;15,8;97;93;97;;;;
2021/05/04;0200 UTC;0;930,6;930,8;930,6;;16,1;15,8;16,5;16;16,1;15,7;98;97;98;;;;
2021/05/04;0300 UTC;0;930,4;930,7;930,4;;15,9;15,7;16,1;15,6;15,8;15,3;98;98;98;;;;
2021/05/04;0400 UTC;0;930,2;930,4;930,2;;15,8;15,6;16;15,6;15,8;15,4;98;98;98;;;;
2021/05/04;0500 UTC;0;929,7;930,2;929,7;;15,8;15,5;15,9;15,5;15,7;15,2;98;98;98;;;;
2021/05/04;0600 UTC;0;929,1;929,7;929;;15,7;15,1;15,9;15,4;15,5;15,1;99;96;96;;;;
2021/05/04;0700 UTC;0;928,6;929,1;928,6;;15,9;14,4;16;15,6;15,1;14,4;96;91;91;;;;
2021/05/04;0800 UTC;0;928,7;928,7;928,6;;15,7;14,4;16;15,5;14,5;14,3;93;91;92;;;;
2021/05/04;0900 UTC;0;929,4;929,4;928,7;;15,6;14,2;15,8;15,5;14,4;14,2;92;91;91;;;;
2021/05/04;1000 UTC;,2;930,6;930,6;929,4;31,6;15,8;14,5;15,8;15,4;14,5;14,1;93;91;92;;;;
2021/05/04;1100 UTC;0;931;931,1;930,6;558,1;17,6;14,6;17,8;15,8;15,1;14,5;92;82;82;;;;
2021/05/04;1200 UTC;0;931,4;931,5;931;1297,3;19,3;14,7;19,6;17,6;15,8;14,5;83;74;74;;;;
2021/05/04;1300 UTC;0;931,6;931,8;931,4;1939,2;22,4;14,9;22,7;19,4;16;14,4;78;60;63;;;;
2021/05/04;1400 UTC;0;931;931,6;931;2396,2;24,1;13,9;24,1;22,4;15,4;13,4;64;52;53;;;;
2021/05/04;1500 UTC;0;930,3;931;930,3;2683,7;25,4;14,7;25,4;24,1;15;13,1;55;48;52;;;;
2021/05/04;1600 UTC;0;929,4;930,3;929,4;2653,4;26,8;13,4;27,2;25,4;15,3;13;52;42;44;;;;
2021/05/04;1700 UTC;0;928,5;929,4;928,5;2410,7;27,6;14,7;27,6;26,2;15,4;12,8;48;40;45;;;;
2021/05/04;1800 UTC;0;928,4;928,5;928,3;1908,8;27,1;11,8;27,8;27;14,3;11,6;45;37;39;;;;
2021/05/04;1900 UTC;0;928,5;928,5;928,3;1342;27,2;12,3;27,8;27;13,8;11,4;44;37;40;;;;
2021/05/04;2000 UTC;0;928,8;928,8;928,5;562,9;24,7;12,6;27,2;24,6;14,2;11,7;48;39;47;;;;
2021/05/04;2100 UTC;0;929,5;929,5;928,8;46,8;22;13,1;24,7;22;13,2;12,6;57;47;57;;;;
2021/05/04;2200 UTC;0;929,9;929,9;929,5;;20,5;13,1;22;20,5;13,2;12,9;63;57;63;;;;
2021/05/04;2300 UTC;0;930,2;930,2;929,9;;19,4;13,3;20,5;19,4;13,3;13;68;63;68;;;;
2021/05/05;0000 UTC;0;930,4;930,4;930,2;;18,6;13,4;19,5;18,6;13,7;13,2;73;68;72;;;;
2021/05/05;0100 UTC;0;930,5;930,5;930,4;;17,4;15,9;18,6;17,4;15,9;13,4;91;72;91;;;;
2021/05/05;0200 UTC;0;930,3;930,5;930,3;;17,7;14,7;18;17,4;16,1;14,6;91;82;83;;;;
2021/05/05;0300 UTC;0;930,2;930,3;930,2;;17,8;15,1;17,8;17,3;15,1;14,5;85;82;84;;;;
2021/05/05;0400 UTC;0;929,7;930,2;929,7;;17;15,3;17,9;17;15,3;15;89;84;89;;;;
2021/05/05;0500 UTC;0;929,4;929,8;929,4;;16,5;15,4;17,2;16,5;15,4;15,2;93;89;93;;;;
2021/05/05;0600 UTC;0;929,1;929,4;929,1;;15,8;15,2;16,5;15,8;15,6;15,2;96;93;96;;;;
2021/05/05;0700 UTC;0;929,1;929,1;929;;15,3;14,9;15,8;15,3;15,3;14,9;98;96;98;;;;
2021/05/05;0800 UTC;0;929,2;929,2;929,1;;15;14,7;15,3;14,9;14,9;14,6;98;98;98;;;;
2021/05/05;0900 UTC;0;929,6;929,6;929,2;;14,7;14,4;15,1;14,7;14,8;14,4;98;98;98;;;;
2021/05/05;1000 UTC;0;930,3;930,3;929,6;22;15;14,5;15;14,7;14,6;14,3;98;97;97;;;;
2021/05/05;1100 UTC;0;930,6;930,6;930,3;496;17,6;13,6;17,6;15;14,6;13,5;97;77;77;;;;
2021/05/05;1200 UTC;0;931;931;930,6;1233,1;20,4;14,7;20,4;17,6;14,8;13,6;77;69;70;;;;
2021/05/05;1300 UTC;0;931,1;931,2;931;1854,5;22,8;13,6;23,3;20,4;15,5;13,6;70;56;56;;;;
2021/05/05;1400 UTC;0;930,4;931,1;930,4;2320,7;24,8;14,3;24,9;22,6;16;13,1;60;50;52;;;;
2021/05/05;1500 UTC;0;929,6;930,4;929,6;2650,4;25,3;12,4;25,9;24,5;15;10,8;55;40;45;124;;1,4;
2021/05/05;1600 UTC;0;928,7;929,6;928,7;2537,9;25,9;11,6;25,9;25,3;13,5;11,1;47;40;41;106;3,7;1,4;
2021/05/05;1700 UTC;0;927,8;928,7;927,8;2067,6;25,7;12,7;26,2;25,6;13,9;10,9;47;40;44;108;3,5;1,8;
2021/05/05;1800 UTC;0;927,5;927,8;927,5;1803,5;23,6;17,1;25,8;23,5;17,2;12,3;68;43;67;133;7,2;2,9;
2021/05/05;1900 UTC;0;927,5;927,5;927,4;1195,1;22,3;18,4;23,6;22,1;18,4;17;79;67;79;133;6,8;2,5;
2021/05/05;2000 UTC;0;928;928;927,5;485,7;20,3;17,6;22,3;20,3;18,4;17,5;85;78;85;123;6,4;2,9;
2021/05/05;2100 UTC;0;928,3;928,4;928;45,8;19,5;17,4;20,2;19,5;17,6;17,3;88;85;88;135;6,4;2,2;
2021/05/05;2200 UTC;0;928,6;928,6;928,2;;18,6;16,9;19,5;18,6;17,4;16,8;90;87;89;144;4,9;1,6;
2021/05/05;2300 UTC;0;928,9;928,9;928,6;;17,5;16,7;18,7;17,5;17;16,7;95;89;95;125;3,1;,7;
2021/05/06;0000 UTC;0;929,3;929,3;928,8;;17,3;16,8;17,6;17,2;16,9;16,6;97;95;97;42;2;,4;
2021/05/06;0100 UTC;0;929,3;929,4;929,3;;17,6;17;17,6;17,2;17,2;16,8;98;96;96;94;2,7;1,3;
2021/05/06;0200 UTC;0;929,3;929,4;929,3;;17,2;16,6;17,7;17,2;17;16,5;96;95;96;141;3,5;,6;
2021/05/06;0300 UTC;0;929,1;929,3;929,1;;16,8;16,3;17,2;16,7;16,6;16,1;97;96;97;177;2,2;,7;
2021/05/06;0400 UTC;0;928,6;929,1;928,5;;16,5;16,2;16,8;16;16,3;15,7;98;97;98;28;1,8;,6;
2021/05/06;0500 UTC;0;927,9;928,6;927,9;;16;15,7;16,5;15,8;16,2;15,5;98;98;98;215;1,6;,4;
2021/05/06;0600 UTC;0;927,6;928;927,6;;16,2;16;16,3;15,6;16;15,4;98;98;98;214;2;,8;
2021/05/06;0700 UTC;0;927,6;927,7;927,5;;16,3;16,1;16,4;16,2;16,1;15,9;98;98;98;200;2;,6;
2021/05/06;0800 UTC;0;927,6;927,6;927,4;;16,4;16,1;16,4;16,3;16,1;16;98;98;98;346;1,5;,3;
2021/05/06;0900 UTC;0;928,2;928,2;927,6;;16,2;15,9;16,5;16,2;16,1;15,9;98;98;98;344;1,8;,6;
2021/05/06;1000 UTC;0;928,5;928,6;928,1;21,5;15,9;15,6;16,2;15,8;15,9;15,5;98;98;98;325;2,2;,7;
2021/05/06;1100 UTC;0;928,9;928,9;928,5;409,3;17,8;16,6;17,8;15,9;16,6;15,6;98;93;93;336;3,3;1,6;
2021/05/06;1200 UTC;0;929,1;929,1;928,9;1138,9;19,9;16,5;20;17,8;16,8;16;93;81;81;340;3,6;1,9;
2021/05/06;1300 UTC;0;929,4;929,4;929,1;1788,6;23;16,3;23;19,9;17,4;16,1;81;66;66;358;4;1,3;
2021/05/06;1400 UTC;0;928,5;929,4;928,5;2333;25,6;13,9;25,6;23;16,7;12,9;66;46;48;341;5,4;2,4;
2021/05/06;1500 UTC;0;927,5;928,5;927,5;2573;27,1;11,2;27,3;25,5;14,6;11,2;49;37;37;317;7,5;2,3;
2021/05/06;1600 UTC;0;926,2;927,5;926,2;2571,6;28,5;12,6;28,5;27;13,5;11;42;36;37;301;7,6;1,9;
2021/05/06;1700 UTC;0;925,6;926,2;925,6;2330,8;28,2;11,8;28,7;27,7;13,9;10,8;41;35;36;312;7,9;2,1;
2021/05/06;1800 UTC;0;925,2;925,6;925,1;1871,5;27,6;12,8;28,8;27,5;14,3;11,8;42;35;40;305;7,4;1,9;
2021/05/06;1900 UTC;0;925,2;925,3;925,2;1211,6;27,5;12,5;28,7;27,5;13,7;10,9;41;34;39;293;7,2;1,8;
2021/05/06;2000 UTC;0;925,5;925,5;925,2;485,5;24,9;11,2;27,4;24,9;13,6;11;44;37;42;287;7,3;1,1;
2021/05/06;2100 UTC;0;925,8;925,8;925,5;39,5;23,9;11,3;25;23,3;11,6;10,9;48;42;45;267;4,2;,6;
2021/05/06;2200 UTC;0;926,2;926,2;925,8;;20;18;24;20;18,3;11,3;88;45;88;155;2,9;1,2;
2021/05/06;2300 UTC;0;927,3;927,3;926,2;;18,9;18,1;20;18,9;18,3;18;95;88;95;157;5,9;3,1;
2021/05/07;0000 UTC;0;928,4;928,4;927,3;;18,9;17,5;18,9;18,6;18,1;17,5;95;92;92;169;5,9;1,8;
2021/05/07;0100 UTC;0;928,7;928,7;928,4;;19;17,8;19,1;18,9;17,8;17,3;93;90;93;171;5,4;2,2;
2021/05/07;0200 UTC;0;929,1;929,2;928,6;;18;16,7;19;18;18;16,6;95;91;92;168;8,4;3;
2021/05/07;0300 UTC;0;929,8;929,8;929,1;;17;15,5;18;17;16,6;15,5;94;90;91;172;12,5;3,8;
2021/05/07;0400 UTC;0;929,9;930;929,8;;15,9;14,3;17;15,9;15,4;14,3;92;89;90;174;12,1;3,9;
2021/05/07;0500 UTC;0;929,5;929,9;929,5;;15,6;13,9;16;15,6;14,4;13,9;90;89;90;172;10;3,3;
2021/05/07;0600 UTC;0;929,1;929,6;929,1;;14,9;14,4;15,6;14,9;14,5;13,9;97;90;97;161;7,6;2,4;
2021/05/07;0700 UTC;,2;928,9;929,2;928,9;;14,9;14,6;14,9;14,8;14,6;14,4;98;97;98;170;4,9;1,7;
2021/05/07;0800 UTC;0;928,8;928,9;928,6;;14,8;14,5;15;14,8;14,6;14,4;98;98;98;161;5;2,2;
2021/05/07;0900 UTC;0;929,4;929,4;928,7;;14,9;14,5;15;14,8;14,6;14,4;98;97;97;171;5;2,1;
2021/05/07;1000 UTC;0;930,4;930,4;929,4;5,5;14,9;14,5;15;14,8;14,6;14,4;98;97;97;166;4,9;1,7;
2021/05/07;1100 UTC;0;930,8;930,9;930,4;58,4;14,9;14,3;15;14,7;14,5;14;97;95;96;169;5;1,5;
2021/05/07;1200 UTC;0;931,6;931,6;930,8;342,6;15,5;14,9;15,5;14,8;14,9;14,2;97;95;96;161;4,9;2,2;
2021/05/07;1300 UTC;0;932;932,1;931,5;603;16;14,9;16,2;15,3;15,1;14,3;97;91;93;171;5,8;1,9;
2021/05/07;1400 UTC;,2;932;932,3;931,9;568,7;15,8;15;16,2;15,5;15,4;14,5;97;92;95;182;6,1;1,3;
2021/05/07;1500 UTC;0;931,7;932;931,7;609,2;16;14,4;16,4;15,7;15,2;14,4;95;90;90;174;6,3;2,3;
2021/05/07;1600 UTC;0;931,6;931,7;931,5;849,8;16,2;14,2;16,6;16;15,4;14,1;93;86;88;172;6,6;2,7;
2021/05/07;1700 UTC;,2;931,3;931,6;931,2;692,1;15,9;14,2;16,8;15,8;14,9;13,8;90;85;90;167;6,8;3,3;
2021/05/07;1800 UTC;0;931,2;931,4;931,2;680,2;16,1;14,7;16,2;15,6;14,9;14,2;93;90;91;183;6,5;1,8;
2021/05/07;1900 UTC;0;931,6;931,7;931,2;255;15,7;14,4;16,1;15,5;14,9;14,3;94;91;92;174;5,9;1,8;
2021/05/07;2000 UTC;0;932,3;932,3;931,6;125,5;15,2;14,2;15,8;15,2;14,5;14,1;95;92;94;152;6,3;2,7;
2021/05/07;2100 UTC;0;933;933;932,3;15;14,8;14,4;15,2;14,7;14,5;14,2;97;94;97;168;5,6;2,2;
2021/05/07;2200 UTC;0;933,5;933,5;933;;14,7;14,3;14,8;14,6;14,3;14,2;97;97;97;169;5,6;2,5;
2021/05/07;2300 UTC;,2;934,1;934,1;933,4;;14,7;14,4;14,7;14,6;14,4;14,3;98;97;98;168;5,3;2;
2021/05/08;0000 UTC;0;934,4;934,4;934,1;;14,5;13,9;14,7;14,4;14,4;13,9;98;96;96;166;5,7;2,4;
2021/05/08;0100 UTC;0;934,4;934,4;934,3;;14,4;14;14,8;14,4;14,5;13,9;98;96;98;124;6,5;3,4;
2021/05/08;0200 UTC;,4;934,9;934,9;934,4;;14,4;14,1;14,6;14,3;14,2;13,9;98;97;98;130;6,5;2,3;
2021/05/08;0300 UTC;0;934,7;934,9;934,7;;14;13,6;14,4;14;14,1;13,6;98;98;98;110;5,7;2,4;
2021/05/08;0400 UTC;0;934,5;934,7;934,4;;13,8;13,5;14;13,8;13,7;13,5;98;98;98;113;5,1;1,8;
2021/05/08;0500 UTC;0;934,1;934,5;934,1;;13,9;13,7;14;13,6;13,7;13,3;98;98;98;117;4,9;2,3;
2021/05/08;0600 UTC;,2;933,7;934,2;933,7;;14,1;13,6;14,2;13,9;13,8;13,6;98;97;97;119;5,6;2,6;
2021/05/08;0700 UTC;0;933,5;933,8;933,5;;14,5;13,6;14,5;14,1;13,8;13,5;97;95;95;121;5,6;2,3;
2021/05/08;0800 UTC;0;933,5;933,6;933,4;;14,6;13,9;14,6;14,4;13,9;13,4;96;94;96;114;6,3;2,7;
2021/05/08;0900 UTC;0;934,2;934,2;933,5;;14,4;13,8;14,6;14,3;14,1;13,7;97;96;97;128;6,8;3,3;
2021/05/08;1000 UTC;0;935;935;934,2;17,6;14,4;14,1;14,6;14,3;14,1;13,8;98;96;98;116;7;2,2;
2021/05/08;1100 UTC;0;935,5;935,5;935;545;15,7;13,1;15,7;14,4;14,4;13,1;98;85;85;129;4,9;2,4;
2021/05/08;1200 UTC;0;936,3;936,3;935,5;938;16,1;13,4;16,5;15,7;13,8;12,8;86;80;84;112;6,6;2,9;
2021/05/08;1300 UTC;0;936,9;936,9;936,3;1061,6;16,7;13,4;17,8;16;14,9;13,2;88;78;81;99;5,6;1,8;
2021/05/08;1400 UTC;0;936,4;937;936,4;1287,2;17,9;13,2;18,2;16,7;14,2;12,9;82;73;74;94;6,5;2,2;
2021/05/08;1500 UTC;0;936;936,5;936;1300,5;18,1;14,8;18,9;17,7;15;13;82;70;81;134;5,7;2,6;
2021/05/08;1600 UTC;0;935,3;936;935,3;1098,7;18,3;14,4;18,4;17,6;15;14;82;77;78;132;6,2;2,5;
2021/05/08;1700 UTC;0;934,7;935,3;934,7;791,5;17,8;14,2;18,4;17,6;15;13,9;82;77;79;130;5,8;3,3;
2021/05/08;1800 UTC;0;934,4;934,7;934,4;984,8;17,3;14,5;18,4;17,3;15,1;14;84;77;84;152;6,7;3,8;
2021/05/08;1900 UTC;0;934,5;934,5;934,4;674,5;17;14,8;17,7;17;15,2;14,4;88;83;87;145;9,4;2,8;
2021/05/08;2000 UTC;0;934,5;934,6;934,4;250,8;16,1;14,9;17;16,1;15,2;14,6;93;87;92;138;8;2,9;
2021/05/08;2100 UTC;0;934,6;934,7;934,5;47,5;16;15,2;16,3;16;15,2;14,8;95;92;95;150;8,1;3,8;
2021/05/08;2200 UTC;0;935;935;934,6;;15,2;14,1;16;15,2;15,3;14;97;92;93;130;8,9;2,6;
2021/05/08;2300 UTC;0;935,6;935,6;935;;15;14;15,2;15;14,3;14;95;93;94;127;4,9;1,9;
2021/05/09;0000 UTC;0;935,9;935,9;935,6;;15,4;14,4;15,4;15;14,4;14;94;93;94;112;4,9;2;
2021/05/09;0100 UTC;0;935,8;936;935,8;;15,3;14;15,4;15,2;14,4;13,9;94;92;92;128;5,9;1,9;
2021/05/09;0200 UTC;0;935,8;935,8;935,7;;14,8;13,7;15,3;14,7;14;13,6;94;92;93;115;4,8;2;
2021/05/09;0300 UTC;0;935,6;935,8;935,6;;15,4;14,1;15,4;14,7;14,1;13,7;94;92;92;128;5,7;2,5;
2021/05/09;0400 UTC;0;935,3;935,6;935,3;;15;14,1;15,7;15;14,4;14,1;94;91;94;117;7,3;1,6;
2021/05/09;0500 UTC;0;934,8;935,4;934,8;;14,5;13,9;15;14,4;14,2;13,8;97;94;97;117;3,9;1,4;
2021/05/09;0600 UTC;0;934,1;934,8;934,1;;14,4;13,8;14,6;14,2;14,1;13,8;97;96;96;111;3,5;1,6;
2021/05/09;0700 UTC;0;933,9;934,1;933,8;;13,9;13,4;14,4;13,9;13,8;13,4;97;96;97;123;3,5;1;
2021/05/09;0800 UTC;0;933,8;933,9;933,8;;14,6;13,4;14,6;13,7;13,8;13,2;97;93;93;121;4,1;2;
2021/05/09;0900 UTC;0;934,4;934,4;933,8;;14,9;13,2;14,9;14,6;13,5;13,2;93;90;90;130;4,6;1,7;
2021/05/09;1000 UTC;0;935;935;934,4;11,5;15,4;13,2;15,4;15;13,3;13;90;86;87;106;4,9;1,9;
2021/05/09;1100 UTC;0;935,4;935,4;935;141,8;15,7;13,1;15,7;15,4;13,3;12,9;87;84;84;106;5,9;2,1;
2021/05/09;1200 UTC;0;935,8;935,8;935,4;733,9;17,4;13,6;17,4;15,7;13,6;12,8;85;76;78;79;5,6;2,4;
2021/05/09;1300 UTC;0;935,9;936;935,8;1952,8;18,8;13,1;19;17,3;14;12,7;78;69;69;88;5,3;2,3;
2021/05/09;1400 UTC;0;935,5;935,9;935,5;2095,1;20;13,6;20,1;18,8;14,3;13;71;65;67;102;5;2,3;
2021/05/09;1500 UTC;0;934,8;935,5;934,8;2438,5;20;15,3;22;19,4;16,4;12,9;79;60;75;147;6;3,3;
2021/05/09;1600 UTC;0;934;934,8;934;2609,7;20,1;15,1;20,4;19,3;15,9;14,4;77;71;73;152;8;3,8;
2021/05/09;1700 UTC;0;933,3;934;933,3;2398,9;20,4;15,1;20,5;19,4;15,8;14,2;75;70;72;142;7,7;3,3;
2021/05/09;1800 UTC;0;933,1;933,3;933;1953,1;20,1;15,5;20,3;19,3;15,7;14,5;77;71;75;131;8;2,6;
2021/05/09;1900 UTC;0;933,2;933,2;933;1298,5;18,9;15,3;20,2;18,8;15,8;14,8;81;73;79;143;6,9;2,9;
2021/05/09;2000 UTC;0;933,4;933,4;933,2;600,3;17,4;14,9;18,9;17,4;15,4;14,6;85;79;85;130;8;2,9;
2021/05/09;2100 UTC;0;933,8;933,8;933,4;45,1;16,7;15,2;17,5;16,7;15,3;14,9;90;85;90;137;8;2,8;
2021/05/09;2200 UTC;0;934;934;933,7;;16,6;15,4;16,8;16,4;15,5;15;93;91;93;131;5,7;2;
2021/05/09;2300 UTC;0;934,5;934,5;934;;16,5;15,3;16,7;16,5;15,6;15;93;90;92;111;5,6;1,7;
2021/05/10;0000 UTC;0;934,5;934,6;934,5;;16,6;15,3;16,6;16,5;15,4;15,1;92;91;92;117;4,6;2,3;
2021/05/10;0100 UTC;0;934,6;934,6;934,5;;16,2;15,1;16,6;16,1;15,4;15;94;91;93;127;4,7;1,9;
2021/05/10;0200 UTC;0;934,6;934,7;934,6;;15,9;14,8;16,3;15,9;15,1;14,7;93;91;93;115;6;1,8;
2021/05/10;0300 UTC;0;934,3;934,6;934,3;;15,6;14,5;15,9;15,6;14,8;14,5;94;92;94;130;3,9;1,3;
2021/05/10;0400 UTC;0;933,9;934,3;933,9;;15,2;14,3;15,6;14,9;14,6;14,2;97;93;94;102;4,4;1,8;
2021/05/10;0500 UTC;0;933,4;933,9;933,4;;14,6;13,9;15,3;14,6;14,3;13,9;95;93;95;119;4,1;,7;
2021/05/10;0600 UTC;0;932,9;933,4;932,9;;14,5;13,8;14,7;14,4;14;13,7;96;95;96;115;3;,9;
2021/05/10;0700 UTC;0;932,7;932,9;932,6;;15,7;13,8;15,7;14,5;14;13,6;96;88;88;107;4,5;2;
2021/05/10;0800 UTC;0;932,7;932,7;932,6;;15,2;13,6;15,7;15,2;13,8;13,5;90;87;90;94;3,8;1,3;
2021/05/10;0900 UTC;0;933,1;933,1;932,7;;14,6;13,5;15,2;14,5;13,6;13,3;93;90;93;106;3,6;,7;
2021/05/10;1000 UTC;0;933,7;933,7;933,1;15,3;14,3;13,4;14,6;14;13,6;13,2;96;93;94;121;3;,9;
2021/05/10;1100 UTC;0;934,2;934,2;933,7;482;16,8;13,5;16,8;14,3;13,7;13,2;94;81;81;47;3,8;1,8;
2021/05/10;1200 UTC;0;934,4;934,4;934,2;1190,1;18,3;14,1;18,4;16,8;14,5;13,5;82;76;77;39;4,4;1,7;
2021/05/10;1300 UTC;0;934,7;934,7;934,4;1823,1;19;14;19,5;18,1;14,9;13,8;79;71;73;35;5,8;2,3;
2021/05/10;1400 UTC;0;934;934,7;934;1857,2;20,2;14,5;20,5;18,6;14,9;13,6;76;67;70;56;5,8;1,3;
2021/05/10;1500 UTC;0;933;934;933;2446,3;20,9;13,5;21,3;20,2;14,9;13,1;70;62;63;23;5,8;2,2;
2021/05/10;1600 UTC;0;932;933;932;2453,6;21,8;13,5;22,2;20,8;14,3;12,8;65;56;59;53;5;1,3;
2021/05/10;1700 UTC;0;931;932;931;2202,2;22,7;12,5;23,1;21,6;14,1;12,2;61;51;53;161;3,9;1,2;
2021/05/10;1800 UTC;0;930,3;931;930,3;1701,7;22,6;13;23,2;21,9;14,4;12;58;51;55;110;3,5;1,8;
2021/05/10;1900 UTC;0;930,2;930,3;930,1;911,5;20,4;16,1;22,6;20,4;16,3;12,3;77;54;77;123;6,5;2,3;
2021/05/10;2000 UTC;0;930,2;930,3;930,1;419,8;18,7;16;20,7;18,7;16,6;16;84;77;84;150;7;3,1;
2021/05/10;2100 UTC;0;930,3;930,3;930,2;36,4;17,2;15,8;18,7;17,2;16,1;15,8;91;84;91;132;6,1;1,8;
2021/05/10;2200 UTC;0;930,9;930,9;930,3;;16,8;15,6;17,2;16,7;15,9;15,5;93;91;93;173;5,1;1,6;
2021/05/10;2300 UTC;0;930,8;930,9;930,7;;16,3;15,4;16,8;16,3;15,6;15,3;94;92;94;150;3,8;1,5;
2021/05/11;0000 UTC;0;931,3;931,3;930,8;;15,9;15,2;16,4;15,9;15,5;15,2;95;94;95;194;3,1;,9;
2021/05/11;0100 UTC;0;930,9;931,4;930,9;;15,3;14,8;15,9;15,3;15,2;14,8;97;95;97;158;1,9;,4;
2021/05/11;0200 UTC;0;930,9;931,1;930,9;;15,2;14,8;15,5;15,1;15,1;14,6;98;97;98;266;,9;,2;
2021/05/11;0300 UTC;0;930,6;930,9;930,6;;14,9;14,5;15,2;14,8;14,9;14,4;98;98;98;306;1;,3;
2021/05/11;0400 UTC;0;930,1;930,7;930,1;;14,6;14,3;14,9;14,4;14,5;14,1;98;98;98;307;1,6;,8;
2021/05/11;0500 UTC;0;929,2;930,1;929,2;;14,2;13,9;14,6;13,9;14,3;13,7;98;98;98;280;1,4;,4;
2021/05/11;0600 UTC;0;928,8;929,2;928,8;;13,8;13,6;14,3;13,8;14;13,5;98;98;98;;1,2;,1;
2021/05/11;0700 UTC;0;928,3;928,8;928,3;;14,2;13,9;14,3;13,8;14;13,5;98;98;98;122;,8;,2;
2021/05/11;0800 UTC;0;927,9;928,3;927,7;;14,2;13,9;14,2;14;13,9;13,8;98;98;98;302;1,2;,7;
2021/05/11;0900 UTC;0;928,4;928,4;927,9;;13,9;13,6;14,2;13,7;13,9;13,4;98;98;98;293;1,2;,4;
2021/05/11;1000 UTC;0;928,8;928,8;928,4;23,3;13,8;13,5;14;13,8;13,7;13,5;98;98;98;303;1,2;,5;
2021/05/11;1100 UTC;0;929,4;929,4;928,8;240,8;14,9;14,6;14,9;13,8;14,6;13,5;98;98;98;358;1,7;,6;
2021/05/11;1200 UTC;0;929,8;929,8;929,4;874,2;16,5;16,2;16,6;14,9;16,2;14,6;98;98;98;4;2,7;,8;
2021/05/11;1300 UTC;0;930,1;930,1;929,8;1633;20,4;15,7;20,4;16,5;16,3;14,5;98;74;75;336;3,2;1,2;
2021/05/11;1400 UTC;0;929,2;930,1;929,2;2187,2;22,7;14,5;23,5;20;16;14,2;75;58;60;312;3,9;1,4;
2021/05/11;1500 UTC;0;928,5;929,2;928,5;2503,5;24,7;14,1;24,8;22,6;15,6;13,3;62;51;52;278;5,4;1,6;
2021/05/11;1600 UTC;0;927,5;928,5;927,5;2498,3;25,9;13,3;26,3;24,7;15,2;12,3;55;43;46;289;5,6;1,6;
2021/05/11;1700 UTC;0;926,8;927,5;926,7;2297;26,3;12,3;26,8;25,5;14,6;11,8;50;40;42;277;5,8;1,5;
2021/05/11;1800 UTC;0;926,6;926,8;926,5;1816,7;25,7;11,1;26,4;25;12,2;10,2;42;37;40;251;5,3;1,4;
2021/05/11;1900 UTC;0;926,6;926,7;926,4;1222,8;23,9;13;26;23,9;13;9,9;51;37;51;206;5;2;
2021/05/11;2000 UTC;0;927,1;927,1;926,6;487,9;22;10,4;23,8;22;12,3;9,7;50;45;48;232;5,7;1,9;
2021/05/11;2100 UTC;0;927,7;927,7;927,1;32,7;19,8;15,5;22;19,8;15,5;10,4;76;48;76;149;5,7;1,8;
2021/05/11;2200 UTC;0;927,9;927,9;927,6;;18,1;16,3;19,8;18,1;16,4;15,6;89;77;89;148;4,1;1,7;
2021/05/11;2300 UTC;0;928,5;928,5;927,9;;17,2;16,2;18,1;17,2;16,7;16,1;95;89;94;163;5,1;2,3;
2021/05/12;0000 UTC;0;928,9;928,9;928,5;;16,9;15,9;17,2;16,5;16,2;15,6;95;94;94;149;5,1;2,2;
2021/05/12;0100 UTC;0;928,7;929;928,7;;16,6;15,4;16,9;16,6;15,9;15,4;94;92;93;75;4,2;,7;
2021/05/12;0200 UTC;0;929;929,1;928,7;;16,8;14,9;16,9;16,5;15,5;14,9;94;88;88;187;5;1,9;
2021/05/12;0300 UTC;0;928,8;929;928,8;;16,9;14,5;16,9;16,8;15,2;14,5;89;86;86;162;4,8;1,9;
2021/05/12;0400 UTC;0;928,3;928,8;928,1;;16,7;14,2;16,9;16,6;14,6;14,2;87;85;85;184;3,5;1,2;
2021/05/12;0500 UTC;0;927,6;928,3;927,6;;16,8;14,1;16,8;16,4;14,6;13,9;89;83;84;94;2,4;1;
2021/05/12;0600 UTC;0;927,5;927,6;927,4;;16;13,9;16,8;15,9;14,1;13,7;88;84;87;134;2,2;,4;
2021/05/12;0700 UTC;0;927,3;927,5;927,3;;15,8;14,2;16;15,7;14,2;13,8;90;87;90;182;1,1;,4;
2021/05/12;0800 UTC;0;927;927,3;926,9;;16;13,8;16,1;15,7;14,1;13,8;90;87;87;185;2,6;,9;
2021/05/12;0900 UTC;0;927,5;927,5;927;;15,2;13,9;16;15,1;13,9;13,6;92;87;92;223;2,6;,6;
2021/05/12;1000 UTC;0;928,1;928,1;927,4;13,2;15,3;14;15,4;14,9;14,1;13,7;94;91;92;226;2,5;,5;
2021/05/12;1100 UTC;0;928,5;928,5;928;203,1;16,5;14,1;16,5;15,3;14,5;14;92;86;86;172;2,3;,2;
2021/05/12;1200 UTC;0;928,7;928,7;928,4;582,8;17,7;14;17,8;16,5;14,8;13,9;87;79;79;233;2,1;,8;
2021/05/12;1300 UTC;0;928,8;928,8;928,6;1241,3;19,2;14,5;20;17,7;15,3;13,8;80;71;74;204;3;1,1;
2021/05/12;1400 UTC;0;928,4;928,9;928,4;758,7;18,9;15,1;19,4;18,8;15,6;14,4;80;74;78;228;3,4;,9;
2021/05/12;1500 UTC;0;928,2;928,4;928,1;814,2;19,4;15,2;19,8;18,5;15,8;14,8;82;75;77;247;3,7;1,4;
2021/05/12;1600 UTC;0;927,6;928,2;927,6;759,1;18,3;15,5;19,5;18,2;15,7;15;84;76;84;258;4,1;1,7;
2021/05/12;1700 UTC;0;927,6;927,6;927,4;312,1;17,7;15,5;18,7;17,7;16,1;15,2;89;81;87;224;4,5;1,6;
2021/05/12;1800 UTC;,4;927,9;928;927,4;158,7;16,7;15,7;17,7;16,7;16;15,3;94;87;94;221;4,9;1,6;
2021/05/12;1900 UTC;1;928,4;928,4;927,9;80,1;15,9;15;16,7;15,9;15,9;14,9;96;94;95;204;7,1;2,8;
2021/05/12;2000 UTC;,4;928,7;928,7;928,3;16;15,6;14,9;15,9;15,6;15,1;14,8;96;94;96;163;7,1;2,5;
2021/05/12;2100 UTC;2,8;928,9;929,3;928,6;1,1;14,9;14,6;15,6;14,9;15;14,6;98;96;98;168;8,1;2,6;
2021/05/12;2200 UTC;4,6;929,6;929,6;928,9;;14,8;14,4;15;14,8;14,6;14,4;98;98;98;180;6,8;2;
2021/05/12;2300 UTC;5;929,8;930;929,5;;14,5;14,2;14,8;14,5;14,4;14,2;98;98;98;157;6,9;3;
2021/05/13;0000 UTC;3,8;930,4;930,7;929,8;;14,6;14,3;14,6;14,4;14,3;14,1;98;98;98;174;6,5;2,2;
2021/05/13;0100 UTC;3,8;930,6;931;930,2;;14,2;13,9;14,6;14,2;14,3;13,9;98;98;98;165;6,5;2,4;
2021/05/13;0200 UTC;2,8;930,3;931,1;930,3;;14,5;14,2;14,5;14,2;14,2;13,9;98;98;98;150;6,2;3,2;
2021/05/13;0300 UTC;1,8;930,7;931;930,3;;14,6;14,3;14,7;14,5;14,4;14,2;98;98;98;154;6,2;1,2;
2021/05/13;0400 UTC;1,8;930,7;931,2;930,4;;14,3;14;14,7;14,2;14,4;13,9;98;98;98;159;4,7;2,4;
2021/05/13;0500 UTC;,6;930,7;931,1;930,3;;13,5;13;14,3;13,5;14;13;98;97;97;159;6,6;3,5;
2021/05/13;0600 UTC;0;930,4;931;930,3;;13,1;12,7;13,5;13;13,1;12,7;98;97;98;149;6,7;3,2;
2021/05/13;0700 UTC;0;930,2;930,6;930,2;;13,1;12,8;13,2;12,8;12,9;12,4;98;97;98;147;7,7;2,6;
2021/05/13;0800 UTC;0;930,2;930,2;930;;13,6;13,1;13,6;13,1;13,1;12,7;98;96;97;157;5,9;2,4;
2021/05/13;0900 UTC;,2;930,8;930,8;930,2;;13,1;12,7;13,6;13,1;13,1;12,7;98;97;97;151;7,5;2,8;
2021/05/13;1000 UTC;0;931,4;931,4;930,8;17,7;13,2;12,5;13,2;12,9;12,7;12,1;97;95;96;138;6,5;1,9;
2021/05/13;1100 UTC;0;932,1;932,1;931,4;375;14,6;13,2;14,6;13,2;13,2;12,5;96;90;91;119;5,6;2,3;
2021/05/13;1200 UTC;0;932,8;932,8;932,1;476,5;15,3;12,6;15,4;14,3;13,4;12,3;93;83;84;127;9,4;3;
2021/05/13;1300 UTC;0;933,4;933,4;932,8;1219,3;16,3;13,2;16,4;14,4;13,6;12,2;93;78;82;123;6,9;2,4;
2021/05/13;1400 UTC;0;933,1;933,4;933,1;1741,7;16,3;12,6;17,6;16,1;14,5;12,1;84;73;79;117;7,1;2,8;
2021/05/13;1500 UTC;0;932,8;933,2;932,8;1305,6;17,2;13,4;17,3;15,1;14,1;12,7;93;76;78;132;7,1;2,3;
2021/05/13;1600 UTC;0;932,5;932,8;932,5;1697,5;16,1;13,7;18,4;16,1;14,4;12,8;86;73;86;155;9,3;4,4;
2021/05/13;1700 UTC;0;931,8;932,5;931,8;1302,4;17,1;14,2;17,4;15,5;14,9;13,3;92;79;83;164;9,3;3,4;
2021/05/13;1800 UTC;0;931,6;931,9;931,6;751,7;15,7;13,5;17,2;15;14,5;13,3;95;81;87;130;7,5;4;
2021/05/13;1900 UTC;0;931,7;931,7;931,5;623,8;15,5;12,9;16;15,3;13,9;12,6;89;83;85;140;7,5;3;
2021/05/13;2000 UTC;0;932;932;931,7;219,7;15,1;13,2;15,7;14,9;13,9;13;92;85;89;130;6,8;3,3;
2021/05/13;2100 UTC;0;932,3;932,3;931,9;29,6;14,3;12,8;15,1;14,3;13,3;12,7;91;89;90;147;7,3;3,4;
2021/05/13;2200 UTC;0;932,6;932,6;932,2;;14,2;12,8;14,4;14,1;12,8;12,4;92;88;91;149;9,5;2,9;
2021/05/13;2300 UTC;0;933;933;932,6;;14,6;13,1;14,7;14,2;13,2;12,7;91;90;90;133;6,6;3;
2021/05/14;0000 UTC;0;933;933;932,8;;14,6;13;14,7;14,5;13,3;13;91;90;91;115;7;3,2;
2021/05/14;0100 UTC;0;933,2;933,3;933;;14,4;13;14,6;14,3;13;12,8;92;90;91;120;7,8;2,5;
2021/05/14;0200 UTC;0;933,1;933,2;933;;14;12,7;14,4;14;13;12,7;93;91;92;109;6;2,2;
2021/05/14;0300 UTC;0;932,8;933,2;932,8;;13,7;12,8;14;13,6;12,8;12,5;95;91;94;105;5,2;1,7;
2021/05/14;0400 UTC;0;932,8;933;932,8;;13,5;12,6;13,7;13,4;12,8;12,5;95;94;94;108;4,7;1,8;
2021/05/14;0500 UTC;0;932,4;932,8;932,4;;13,2;12,7;13,5;13,1;12,8;12,4;97;94;97;114;4,4;1,8;
2021/05/14;0600 UTC;0;932;932,4;932;;13,8;13,1;13,8;13;13,1;12,5;97;96;96;115;4,7;2,1;
2021/05/14;0700 UTC;0;931,6;932;931,6;;14,3;13,2;14,3;13,8;13,4;13;96;93;93;118;4,7;1,8;
2021/05/14;0800 UTC;0;931,4;931,6;931,4;;14,3;13,1;14,4;14,3;13,4;13;94;91;92;110;5,4;2,3;
2021/05/14;0900 UTC;0;931,7;931,7;931,4;;14,4;13,6;14,5;14,3;13,6;13,1;95;92;95;114;5,1;1,8;
2021/05/14;1000 UTC;0;932,2;932,2;931,7;9;14,4;13,6;14,5;14,1;13,7;13,5;97;94;95;110;5;1,8;
2021/05/14;1100 UTC;0;932,8;932,8;932,2;349,2;15,7;12,6;15,8;14,3;13,6;12,6;95;81;82;100;4,8;1,8;
2021/05/14;1200 UTC;0;933;933;932,8;1210,3;17,3;13,5;17,3;15,7;13,5;12,6;83;76;79;125;4,3;1,7;
2021/05/14;1300 UTC;0;933,3;933,4;933;1716,3;17,9;12,5;18,5;16,6;13,7;12,3;78;69;71;97;4,6;2,1;
2021/05/14;1400 UTC;0;932,6;933,3;932,6;1606,4;18,1;13,7;18,7;17;14,9;12,3;81;71;75;142;5,7;2,7;
2021/05/14;1500 UTC;,2;931,9;932,6;931,9;1537,3;18,2;14,5;18,8;17,7;14,7;13,1;80;70;79;133;5,7;2,4;
2021/05/14;1600 UTC;0;931,2;931,9;931,1;1951,6;18,8;14,2;19,5;17,9;15,3;13,7;79;73;74;135;6,7;3,2;
2021/05/14;1700 UTC;0;930,6;931,1;930,6;1987,3;18,5;13,9;19,4;18,1;15,1;13,9;78;74;75;150;6,8;3,4;
2021/05/14;1800 UTC;0;929,9;930,6;929,9;1420,9;17,9;14,4;19,3;17,8;15,2;13,7;80;73;80;146;7,5;4;
2021/05/14;1900 UTC;0;930,4;930,4;929,9;975,1;17,3;14,2;18,3;17,3;14,9;14,2;82;79;82;138;7,5;3;
2021/05/14;2000 UTC;0;930,7;930,9;930,3;214,3;16,2;14,4;17,3;16,2;14,8;14;89;81;89;139;6,4;3,3;
2021/05/14;2100 UTC;0;931,1;931,1;930,7;26,4;15,8;14,6;16,3;15,8;14,7;14,4;93;89;93;134;6,9;2,8;
2021/05/14;2200 UTC;0;931,4;931,4;931;;15,8;14,4;15,8;15,6;14,7;14,2;94;91;91;129;6,4;2,8;
2021/05/14;2300 UTC;0;931,5;931,7;931,4;;15,6;14,6;15,8;15,6;14,7;14,4;94;91;94;118;6;2,8;
2021/05/15;0000 UTC;0;931,5;931,6;931,4;;15,4;14,4;15,7;15,3;14,6;14,3;95;93;94;127;6,4;2,7;
2021/05/15;0100 UTC;0;932,1;932,1;931,5;;15,3;14,7;15,4;15,3;14,7;14,3;96;94;96;132;6,2;1,6;
2021/05/15;0200 UTC;0;931,3;932,1;931,2;;15,3;14,8;15,5;15,2;14,8;14,6;97;96;97;114;6;2,4;
2021/05/15;0300 UTC;0;931,1;931,5;931,1;;15,2;14,5;15,4;15,1;14,9;14,5;97;95;95;104;4,9;1,3;
2021/05/15;0400 UTC;0;930,8;931,1;930,8;;15;14;15,2;14,8;14,4;14;96;94;94;122;3,1;,9;
2021/05/15;0500 UTC;0;930,2;930,8;930,2;;15;13,8;15,1;15;14;13,7;94;92;93;126;3,1;1;
2021/05/15;0600 UTC;0;929,7;930,2;929,7;;15,2;14,2;15,2;14,7;14,2;13,7;95;92;94;141;3,5;1,6;
2021/05/15;0700 UTC;0;929,3;929,7;929,3;;14,7;14;15,2;14,6;14,2;13,9;96;94;96;127;3,6;1,1;
2021/05/15;0800 UTC;0;929,5;929,5;929,3;;15;14,4;15;14,5;14,4;13,8;96;95;96;136;4;1,7;
2021/05/15;0900 UTC;0;929,9;929,9;929,5;;14,6;14,1;15;14,4;14,4;14;97;96;97;131;3,7;1,5;
2021/05/15;1000 UTC;0;930,5;930,5;929,9;7,7;15;14,5;15;14,5;14,5;14,1;98;97;97;111;3,1;1;
2021/05/15;1100 UTC;0;930,9;930,9;930,5;127,3;15,6;14,2;15,6;14,9;14,5;14,1;97;91;91;99;3;1;
2021/05/15;1200 UTC;0;931,5;931,5;930,9;538,7;16,6;13,6;16,6;15,6;14,7;13,3;91;82;83;65;4,1;1,4;
2021/05/15;1300 UTC;0;931,6;931,9;931,5;1103,2;17,8;13,8;18,5;16,5;14,4;13,5;84;75;78;112;4,7;1,9;
2021/05/15;1400 UTC;0;931,3;931,8;931,3;1256;18,8;14,3;18,8;17,6;14,4;13,5;80;72;75;89;4,1;1,8;
2021/05/15;1500 UTC;0;930,7;931,3;930,7;1939,3;20,2;14,5;20,5;18,8;15;13,6;75;66;70;104;4,3;1,4;
2021/05/15;1600 UTC;0;930,2;930,7;930,2;1148;19,4;14,6;20,2;19,2;15,2;13,9;76;69;74;135;4,8;2,3;
2021/05/15;1700 UTC;0;929,7;930,2;929,7;1392,8;19,8;15,3;20;19,2;15,9;14,8;79;74;75;126;5,3;2,4;
2021/05/15;1800 UTC;0;929,5;929,7;929,4;1441,1;19,5;15,8;20,5;19,2;16,6;14,9;81;74;79;132;5,4;2,2;
2021/05/15;1900 UTC;0;929,5;929,7;929,5;669,1;18,7;15,9;19,5;18,3;16,1;15,4;85;79;84;139;6,4;2,7;
2021/05/15;2000 UTC;0;929,7;929,7;929,5;312;17,5;15,6;18,6;17,5;16;15,3;89;83;88;133;6,1;2,1;
2021/05/15;2100 UTC;0;930;930;929,6;25,9;17;14,9;17,5;17;15,6;14,9;90;88;88;155;6,5;3,6;
2021/05/15;2200 UTC;0;930,5;930,5;930;;16,7;15,2;17;16,7;15,2;14,8;91;87;91;148;5,8;2,6;
2021/05/15;2300 UTC;0;931;931;930,5;;16,6;15,5;16,7;16,6;15,6;15,2;93;91;93;123;5,3;1,6;
2021/05/16;0000 UTC;0;931,1;931,2;930,9;;16,6;15,3;16,6;16,5;15,5;15,3;93;92;92;128;3,9;1,9;
2021/05/16;0100 UTC;0;931,1;931,2;931;;16,4;15,5;16,7;16,4;15,5;15;94;90;94;133;3,9;,8;
2021/05/16;0200 UTC;0;931,2;931,3;931,1;;16,2;14,7;16,4;16;15,5;14,6;95;90;91;121;3,5;1,1;
2021/05/16;0300 UTC;0;931,1;931,5;931,1;;15,9;14,7;16,2;15,9;14,9;14,7;92;91;92;119;2,8;,8;
2021/05/16;0400 UTC;0;930,7;931,1;930,7;;16,1;15;16,1;15,8;15;14,6;94;92;93;108;3,2;1,4;
2021/05/16;0500 UTC;0;930,2;930,7;930,2;;15,8;15,1;16,1;15,8;15,2;15,1;96;93;95;98;3,2;,9;
2021/05/16;0600 UTC;0;929,8;930,2;929,8;;14,8;14,4;15,8;14,8;15,1;14,3;97;95;97;147;2,5;,3;
2021/05/16;0700 UTC;0;929,6;929,8;929,5;;15,1;14,8;15,1;14,5;14,8;14,2;98;97;98;138;1,1;,6;
2021/05/16;0800 UTC;0;929,6;929,6;929,4;;15,7;14,7;15,7;15,1;15;14,7;98;94;94;73;2,5;,9;
2021/05/16;0900 UTC;0;929,9;929,9;929,6;;16;14,5;16,1;15,7;14,8;14,4;94;90;91;57;4,1;1,5;
2021/05/16;1000 UTC;0;930,5;930,5;929,9;4,2;16,2;14,6;16,3;15,9;14,7;14,2;91;89;90;76;4,1;,7;
2021/05/16;1100 UTC;0;931;931;930,5;113,5;16,7;14;16,7;16,1;14,6;13,9;90;84;84;65;3,7;1;
2021/05/16;1200 UTC;0;931,3;931,3;931;581,8;17,8;14;17,8;16,7;14,7;13,6;85;77;78;66;4,1;1,8;
2021/05/16;1300 UTC;0;931,8;931,8;931,3;800,4;18;13,9;18,5;17,7;14,8;13,5;82;76;77;63;4,1;1,3;
2021/05/16;1400 UTC;0;931,6;931,8;931,6;1032,8;18,9;14,7;19;18;14,9;13,9;79;74;76;35;3,6;1,5;
2021/05/16;1500 UTC;0;931,2;931,6;931,2;1754,8;20,3;15,6;20,3;18,6;15,6;13,9;78;69;75;63;4,1;,9;
2021/05/16;1600 UTC;0;930,5;931,2;930,5;2534,1;20,4;14,5;20,9;19,5;15,5;14;75;68;69;171;3,7;,8;
2021/05/16;1700 UTC;0;929,6;930,5;929,6;2252,1;21,2;15,3;21,5;20,3;15,5;14;73;64;69;125;3,2;1,6;
2021/05/16;1800 UTC;0;929,2;929,6;929,1;1657,9;20,7;14,3;21,5;20,6;15,4;14,2;70;65;67;129;4,3;1,8;
2021/05/16;1900 UTC;0;929,3;929,3;929,1;707,6;19,5;15,6;21;19,5;15,6;14,1;78;66;78;148;5,6;2,7;
2021/05/16;2000 UTC;0;929,7;929,7;929,2;275,4;18;15,6;19,5;18;16;15,5;86;78;86;146;6,6;3,4;
2021/05/16;2100 UTC;0;930;930,1;929,6;36,4;17,4;15,8;18;17,4;15,8;15,3;90;85;90;157;6,1;2,2;
2021/05/16;2200 UTC;0;930,7;930,7;930;;17;15,7;17,4;16,9;15,8;15,5;92;89;92;147;5,1;2,3;
2021/05/16;2300 UTC;0;930,9;930,9;930,6;;16,5;15,5;17;16,5;15,6;15,4;94;92;94;153;5,3;2;
2021/05/17;0000 UTC;0;931;931,1;930,8;;16,2;15,3;16,6;16,2;15,8;15,3;95;94;94;114;4,6;,9;
2021/05/17;0100 UTC;0;931,1;931,2;931;;16;15;16,2;16;15,3;14,9;94;93;94;108;3,3;,5;
2021/05/17;0200 UTC;0;931,4;931,4;931,1;;16;15,2;16;15,4;15,2;14,6;96;94;95;199;1,6;,4;
2021/05/17;0300 UTC;0;930,9;931,5;930,9;;15,4;14,9;16;15,3;15,2;14,7;97;94;97;62;1,6;,4;
2021/05/17;0400 UTC;0;930,5;931;930,5;;14,7;14,2;15,6;14,7;15,1;14,2;97;96;97;89;,8;,4;
2021/05/17;0500 UTC;0;930;930,5;930;;14,5;14,2;14,9;14,4;14,6;14,1;98;97;98;127;,9;,4;
2021/05/17;0600 UTC;0;929,3;930;929,3;;14,5;14,2;14,7;14,3;14,4;14,1;98;98;98;137;,9;,2;
2021/05/17;0700 UTC;0;928,7;929,3;928,7;;14,1;13,9;14,6;13,9;14,3;13,7;98;98;98;323;1,1;,7;
2021/05/17;0800 UTC;0;928,7;928,7;928,5;;13,9;13,6;14,1;13,5;13,8;13,2;98;98;98;306;1,6;,8;
2021/05/17;0900 UTC;0;929,2;929,2;928,7;;13,4;13,1;13,9;13,2;13,6;13;98;98;98;296;1,6;,4;
2021/05/17;1000 UTC;0;929,5;929,5;929,2;10,5;12,9;12,6;13,5;12,8;13,2;12,5;98;98;98;178;,8;,2;
2021/05/17;1100 UTC;0;930;930;929,5;160;14,6;14,3;14,7;12,9;14,4;12,7;98;98;98;24;2,5;,8;
2021/05/17;1200 UTC;0;930,7;930,7;930;382,3;14,9;14,6;15,1;14,4;14,8;14,1;98;98;98;346;3;1,1;
2021/05/17;1300 UTC;0;930,6;930,7;930,6;1213,4;17,3;14,8;17,4;14,9;16,3;14,7;98;85;85;359;3,3;1,4;
2021/05/17;1400 UTC;0;930,1;930,6;930,1;2193;21,7;14,5;21,7;17,3;15,6;14,4;85;64;64;307;3,8;1,6;
2021/05/17;1500 UTC;0;929;930,1;929;2196,1;22,6;12,8;23,6;21,5;15,1;12,8;65;53;54;280;5,1;1,2;
2021/05/17;1600 UTC;0;928;929;928;1818,9;23,1;12,4;23,7;21,7;14,6;11,9;60;50;51;249;4,8;1,5;
2021/05/17;1700 UTC;0;927,3;928;927,3;2119,2;22,5;12,5;24,5;22,4;14,2;12,1;55;48;53;230;5,3;1,9;
2021/05/17;1800 UTC;0;926,8;927,3;926,8;1593,5;24,7;11,2;25;22,5;13,7;11,2;55;43;43;287;5,4;1,4;
2021/05/17;1900 UTC;0;926,6;926,8;926,6;1046,3;23,9;13,1;24,7;23;13,1;10,4;52;43;51;285;5,4;1,4;
2021/05/17;2000 UTC;0;926,7;926,7;926,6;337,1;21,1;12,1;24;20,9;13;11,2;58;48;57;275;5,1;1;
2021/05/17;2100 UTC;0;927,3;927,3;926,7;32,3;18,9;12,2;21,1;18,9;12,5;11,9;66;56;65;268;3,9;,6;
2021/05/17;2200 UTC;0;927,9;927,9;927,3;;19,4;12,6;19,7;18,8;12,9;12,2;66;63;65;254;2,2;,6;
2021/05/17;2300 UTC;0;928,6;928,6;927,9;;18,3;12,7;19,5;18,3;12,7;12,5;70;64;70;231;2;,7;
2021/05/18;0000 UTC;0;928,9;929;928,6;;17,3;13,5;18,3;17,3;13,6;12,6;79;70;79;350;1,9;,3;
2021/05/18;0100 UTC;0;928,8;928,9;928,8;;16,9;14,5;17,7;16,9;15;13,3;86;77;86;316;1,5;,9;
2021/05/18;0200 UTC;0;928,8;928,8;928,7;;15,6;13,8;16,9;15,5;14,5;13,7;89;86;89;221;1,5;,4;
2021/05/18;0300 UTC;0;929,3;929,4;928,8;;15,3;14,8;16,1;15,2;14,8;13,7;97;86;97;160;3,9;1,5;
2021/05/18;0400 UTC;0;928,8;929,3;928,8;;15,4;15,1;15,7;15,3;15,4;14,8;98;97;98;163;3,5;1;
2021/05/18;0500 UTC;0;928,7;928,8;928,6;;14,8;14,4;15,4;14,6;15,1;14,3;98;98;98;180;2,5;1,5;
2021/05/18;0600 UTC;0;928,4;928,7;928,4;;15,3;13,9;15,5;14,8;14,5;13,8;98;90;91;178;3,4;1,2;
2021/05/18;0700 UTC;0;928,2;928,4;928,2;;15;14,3;15,4;15;14,3;13,8;95;91;95;194;2,9;,8;
2021/05/18;0800 UTC;0;928,1;928,3;928;;15,1;14,4;15,3;15;14,5;14,3;95;94;95;169;4;2,1;
2021/05/18;0900 UTC;0;928,6;928,6;928,1;;15,4;14,3;15,4;15,1;14,4;14,3;95;94;94;169;4,3;1,6;
2021/05/18;1000 UTC;0;929;929;928,6;3,6;15,3;14,4;15,4;15,1;14,4;14,2;95;94;94;150;4,5;1,7;
2021/05/18;1100 UTC;0;929,7;929,7;928,9;131,9;15,6;14,6;15,6;15,3;14,6;14,2;94;93;94;170;4,5;1,4;
2021/05/18;1200 UTC;0;930,1;930,1;929,7;427,4;16,3;14,6;16,4;15,6;15,1;14,6;94;90;90;162;4;2,1;
2021/05/18;1300 UTC;0;930,3;930,3;930,1;947,7;17,3;14,5;17,9;16,3;15,1;14,2;91;81;84;151;4,1;2,3;
2021/05/18;1400 UTC;0;930;930,3;930;2063,5;18,3;14,6;18,9;17,2;16;14,3;87;79;79;129;5,7;2,8;
2021/05/18;1500 UTC;0;929,4;930;929,4;2586,6;18,5;14,5;19,2;18;15,5;14,1;83;73;78;134;6,2;2,5;
2021/05/18;1600 UTC;0;928,6;929,4;928,6;1793,4;19,2;15;19,5;18;15,6;13,8;82;74;76;126;7,3;2,2;
2021/05/18;1700 UTC;0;928,2;928,7;928,1;2248,9;18,9;14,6;19,5;18,4;15,4;14;78;72;76;150;6,1;3,1;
2021/05/18;1800 UTC;0;927,9;928,3;927,9;1524,6;17,8;14,4;19,1;17,5;15,1;13,9;82;75;81;131;7,4;2,7;
2021/05/18;1900 UTC;0;927,8;927,9;927,7;861,4;17;13,7;17,9;17;14,9;13,7;84;79;81;156;6,9;3,7;
2021/05/18;2000 UTC;0;928,4;928,4;927,8;347,1;15,7;14;17,4;15,7;14,2;13,6;89;80;89;162;6,9;3,9;
2021/05/18;2100 UTC;0;929,1;929,1;928,4;7,7;15,2;14;15,8;15,2;14,3;13,9;93;89;93;150;7;2,8;
2021/05/18;2200 UTC;0;929,7;929,7;929,1;;15;14;15,2;15;14,1;13,8;94;92;94;148;6,5;2,9;
2021/05/18;2300 UTC;0;929,9;930;929,7;;14,8;13,8;15;14,7;14,1;13,8;94;94;94;153;5,4;2,3;
2021/05/19;0000 UTC;0;929,8;930;929,7;;14,6;13,6;14,9;14,5;13,8;13,4;94;92;94;117;4,4;1,7;
2021/05/19;0100 UTC;0;930,1;930,2;929,8;;14,6;13,2;14,8;14,5;13,8;13;94;91;91;125;3,3;1,3;
2021/05/19;0200 UTC;0;929,8;930,1;929,8;;14,7;13,3;14,8;14,6;13,3;13,1;92;90;91;141;3;,7;
2021/05/19;0300 UTC;0;929,7;929,9;929,7;;14,1;12,9;14,9;14,1;13,3;12,7;93;89;93;131;1,5;,5;
2021/05/19;0400 UTC;0;929,5;929,7;929,5;;13,7;12,9;14,2;13,5;13,2;12,8;96;93;95;141;1,1;,7;
2021/05/19;0500 UTC;0;929;929,5;929;;13,8;13,4;13,8;13;13,4;12,4;97;95;97;175;2,4;1,4;
2021/05/19;0600 UTC;0;928,6;929;928,6;;14,2;13,6;14,2;13,8;13,7;13,3;97;96;96;168;3,1;1,1;
2021/05/19;0700 UTC;0;928,3;928,6;928,3;;13,1;12,6;14,2;13,1;13,6;12,6;97;96;97;140;2;,5;
2021/05/19;0800 UTC;0;928,3;928,3;928,1;;13;11,8;13,3;12,9;12,6;11,8;97;92;92;103;2,9;1,2;
2021/05/19;0900 UTC;0;928,3;928,3;928,2;;12,5;11,3;13;12,4;11,8;11,3;94;92;93;39;2,4;1;
2021/05/19;1000 UTC;0;928,7;928,7;928,3;9,9;12,9;11,1;13,1;12,4;11,4;11;93;88;89;20;2,9;,9;
2021/05/19;1100 UTC;0;929,4;929,4;928,7;381,3;15,6;11,5;15,6;12,9;11,6;10,9;90;76;77;38;2;,8;
2021/05/19;1200 UTC;0;929,8;929,8;929,4;1110,1;16,8;11,9;17,2;15,3;12,4;11,1;79;70;73;38;2,8;1,1;
2021/05/19;1300 UTC;0;929,5;929,9;929,5;1757,1;18;12;18,4;16,6;12,6;11,2;74;65;68;343;3,5;1,1;
2021/05/19;1400 UTC;0;928,5;929,5;928,5;2202,4;20,3;11;20,8;18;12,5;10,7;69;54;55;343;4,3;1,6;
2021/05/19;1500 UTC;0;927,9;928,5;927,9;2456,5;22,1;9,9;22,8;20,2;12,2;9,9;56;45;46;292;5,2;1,5;
2021/05/19;1600 UTC;0;927,5;927,9;927,5;2475,5;23,4;10,1;23,6;22;11,5;8,6;48;40;43;295;4,5;1;
2021/05/19;1700 UTC;0;926,9;927,5;926,9;2229,1;24,2;9,2;24,6;23,1;11,3;9,2;46;38;39;289;4,3;1,3;
2021/05/19;1800 UTC;0;926,5;926,9;926,5;1809,4;24,7;11,6;25,3;23,9;11,6;8,3;45;35;44;286;4,1;,9;
2021/05/19;1900 UTC;0;926,7;926,7;926,5;1185,3;23,1;12,2;24,9;23,1;12,2;8,5;50;35;50;194;4,4;,9;
2021/05/19;2000 UTC;0;927;927;926,7;405,3;19,1;15,8;23,1;19,1;15,8;13,8;81;51;81;145;4,1;2,2;
2021/05/19;2100 UTC;0;927,3;927,3;927;24,5;17,1;15,6;19,1;17,1;15,9;15,5;91;81;91;132;4,6;1,2;
2021/05/19;2200 UTC;0;927,7;927,7;927,3;;16,4;15,7;17,1;16,2;15,8;15,5;96;91;96;154;2,7;1,4;
2021/05/19;2300 UTC;0;928,3;928,3;927,7;;15,6;15,3;16,5;15,5;15,7;15,1;98;94;98;142;3;,6;
2021/05/20;0000 UTC;0;928,6;928,6;928,3;;14,9;14,6;15,7;14,9;15,4;14,6;98;98;98;107;2,8;1;
2021/05/20;0100 UTC;0;928,4;928,6;928,4;;14,5;14,2;14,9;14,5;14,6;14,2;98;98;98;138;2,1;1,2;
2021/05/20;0200 UTC;0;928,6;928,6;928,3;;14,8;14,5;14,9;14,5;14,6;14,3;98;98;98;3;2,1;,3;
2021/05/20;0300 UTC;0;928,2;928,6;928,2;;14,7;14,3;14,8;14,5;14,5;14,2;98;98;98;37;1,1;,2;
2021/05/20;0400 UTC;0;927,9;928,2;927,9;;14,1;13,7;14,7;14;14,3;13,7;98;98;98;314;1,9;,3;
2021/05/20;0500 UTC;0;927,5;927,9;927,5;;13,9;13,6;14,1;13,8;13,8;13,5;98;98;98;94;1,4;,3;
2021/05/20;0600 UTC;0;926,9;927,5;926,9;;13,7;13,4;14;13,7;13,7;13,4;98;98;98;349;1,7;,7;
2021/05/20;0700 UTC;0;926,6;926,9;926,6;;13,6;;13,7;13,6;;;;;;301;1,7;,5;
2021/05/20;0800 UTC;0;926,7;926,8;926,6;;13,9;;13,9;13,6;;;;;;323;3;1,3;
2021/05/20;0900 UTC;0;927,2;927,2;926,7;;12,6;;13,9;12,6;;;;;;17;2,5;,2;
2021/05/20;1000 UTC;0;927,8;927,8;927,2;8,7;12,6;;12,7;12,3;;;;;;291;1;,3;
2021/05/20;1100 UTC;,2;928,5;928,5;927,8;374,6;13,6;;13,6;12,6;;;;;;320;2,1;1,2;
2021/05/20;1200 UTC;0;928,8;928,8;928,5;1112,1;17,6;13,2;17,6;13,6;;;;;76;329;2,5;1,3;
2021/05/20;1300 UTC;0;928,7;928,9;928,7;1740,8;20,6;13;20,6;17,6;13,3;12,2;75;62;62;340;2,7;1;
2021/05/20;1400 UTC;0;928,5;928,8;928,5;2189,2;23,2;11,7;23,7;20,6;13,4;11,1;62;46;48;286;3,9;1;
2021/05/20;1500 UTC;0;927,7;928,5;927,7;2424,4;23,8;11,4;24;22,5;13,1;11;53;44;46;327;4,6;2,1;
2021/05/20;1600 UTC;0;927,2;927,8;927,2;2458,6;26;11,5;26,1;23,8;13;10;48;38;40;289;6,3;1,8;
2021/05/20;1700 UTC;0;926,6;927,2;926,6;2214,9;24,9;11,4;26;24,5;12,1;9,8;45;37;43;313;5,2;1,5;
2021/05/20;1800 UTC;0;926,2;926,6;926,1;1705,6;20,6;16,6;25,1;20,5;16,9;9,9;78;39;78;136;6,8;2,5;
2021/05/20;1900 UTC;0;926,3;926,3;926,1;1107,6;19,1;16,1;20,6;19;16,7;15,8;84;77;83;139;5,6;2,5;
2021/05/20;2000 UTC;0;926,3;926,4;926,2;379,4;18,3;16,3;19,2;18,3;16,5;16,1;88;83;88;127;5,3;1,4;
2021/05/20;2100 UTC;0;926,5;926,6;926,3;23,6;17,1;16,6;18,4;17,1;16,7;16,1;97;87;97;138;4,6;2;
2021/05/20;2200 UTC;0;926,9;926,9;926,5;;16,2;16,2;17,1;16,1;16,8;16,1;100;97;100;142;4,9;2,2;
2021/05/20;2300 UTC;0;927,6;927,6;926,9;;16,1;16;16,3;16;16,3;16;100;100;100;165;6,2;2,4;
2021/05/21;0000 UTC;0;927,9;928;927,6;;16,3;15,9;16,3;16,1;16,1;15,6;100;97;97;140;4,8;1,1;
2021/05/21;0100 UTC;0;927,8;927,9;927,7;;15,6;15,4;16,3;15,6;15,8;15,3;99;96;99;202;2,9;,5;
2021/05/21;0200 UTC;0;927,8;927,9;927,8;;15,8;15,6;15,8;15,6;15,7;15,4;100;98;99;357;1,9;,6;
2021/05/21;0300 UTC;0;927,5;927,8;927,5;;14,8;14,8;15,8;14,8;15,6;14,8;100;99;100;323;1,9;,3;
2021/05/21;0400 UTC;0;926,9;927,5;926,9;;14,4;14,3;14,9;14,3;14,8;14,3;100;100;100;317;1,6;,4;
2021/05/21;0500 UTC;0;926,5;926,9;926,5;;14,4;14,4;14,7;14,3;14,7;14,3;100;100;100;320;1,5;,7;
2021/05/21;0600 UTC;0;926,3;926,6;926,3;;14,1;14,1;14,5;14;14,5;14;100;100;100;342;1,9;,6;
2021/05/21;0700 UTC;0;926,1;926,3;926,1;;13,4;13,4;14,1;13,4;14;13,4;100;100;100;310;1,3;,4;
2021/05/21;0800 UTC;0;926,2;926,2;926;;13,5;;13,6;12,9;13,6;12,9;100;100;;310;1,5;1;
2021/05/21;0900 UTC;0;926,8;926,8;926,2;;13,5;;13,5;13,1;;;;;;322;2,3;1;
2021/05/21;1000 UTC;0;927,3;927,3;926,8;7,5;12,8;;13,5;12,8;;;;;;318;2,1;,9;
2021/05/21;1100 UTC;0;927,7;927,7;927,3;267,1;14,1;;14,1;12,8;;;;;;331;2,4;1,1;
2021/05/21;1200 UTC;0;927,9;927,9;927,7;1010,2;16,5;16,1;16,5;14;;;;;97;332;2,9;1,4;
2021/05/21;1300 UTC;0;927,6;927,9;927,5;1669,2;20,3;14,3;20,3;16,6;16,3;13,6;97;68;68;331;3,4;1,8;
2021/05/21;1400 UTC;0;926,8;927,6;926,8;2103,9;23,3;13,5;23,4;20,3;15,2;13;69;53;54;14;3,9;1,8;
2021/05/21;1500 UTC;0;926;926,8;926;2376,9;25,5;11,8;25,5;23,3;14,5;11,2;56;42;42;344;4,3;1,9;
2021/05/21;1600 UTC;0;925,2;926;925,2;2397,8;27;11;27,7;25,5;12,7;9,8;44;33;37;321;5,2;2,2;
2021/05/21;1700 UTC;0;924,5;925,2;924,5;2141,1;27,7;10,5;28;26,9;11,9;9,5;39;32;34;315;8;2,6;
2021/05/21;1800 UTC;0;924,3;924,5;924,3;1741,7;28,1;8,8;28,1;27;12,1;8,8;39;30;30;292;8;1,9;
2021/05/21;1900 UTC;0;924,1;924,3;924;1143;26,5;9,9;28,2;26,3;10,9;8,4;39;29;35;315;6,9;2;
2021/05/21;2000 UTC;0;924,4;924,4;924;394,1;23,4;9,4;26,5;23,4;10,9;8,7;41;35;41;327;5,4;1,5;
2021/05/21;2100 UTC;0;924,9;924,9;924,4;23,1;21,7;9,1;23,5;21,7;10;8,8;46;40;45;333;5,4;,8;
2021/05/21;2200 UTC;0;925,6;925,6;924,9;;20,8;9,4;21,7;20,8;9,4;9;48;45;48;351;2;,5;
2021/05/21;2300 UTC;0;926;926;925,6;;20,4;9,5;20,8;19,9;10;9,4;53;48;49;346;1,7;,7;
2021/05/22;0000 UTC;0;926;926,1;925,9;;21;10;21;19,5;10,3;9,4;53;49;49;360;2,1;1,3;
2021/05/22;0100 UTC;0;926,3;926,3;926;;19,2;10,2;21;19,2;10,9;9,7;58;49;56;313;2,1;,4;
2021/05/22;0200 UTC;0;926;926,4;925,9;;18,5;10,5;19,7;18,3;11,1;9,4;62;52;60;29;2,9;,6;
2021/05/22;0300 UTC;0;925,5;926;925,5;;18,4;9,8;19,5;18,2;11,2;9,7;62;54;57;23;2;,8;
2021/05/22;0400 UTC;0;925;925,5;925;;18,5;10,7;19;17,4;11,4;9,8;68;57;60;333;2,5;1,2;
2021/05/22;0500 UTC;0;924,3;925;924,2;;17,6;11,1;18,7;17,5;11,2;10,5;66;59;66;333;3,4;1,8;
2021/05/22;0600 UTC;0;923,9;924,3;923,8;;17,9;11,3;18;17,3;11,4;11;67;65;66;352;4;1,3;
2021/05/22;0700 UTC;0;923,5;923,9;923,5;;17,1;12,1;18,1;17;12,1;11,2;73;65;73;358;3;1,4;
2021/05/22;0800 UTC;0;923,6;923,7;923,2;;16,7;12,3;17,2;16,5;12,4;12;76;72;75;22;3,3;1;
2021/05/22;0900 UTC;0;924,1;924,1;923,6;;16,8;10,7;16,9;15,6;12,4;10,6;81;67;67;1;2,1;1,1;
2021/05/22;1000 UTC;0;924,8;924,8;924,1;4;17,1;9,9;17,4;16,6;10,9;9,6;69;60;63;352;2,2;,6;
2021/05/22;1100 UTC;0;927,5;927,5;924,7;34;17,9;12;19,4;16,9;12;9,6;68;53;68;239;9;2,3;
2021/05/22;1200 UTC;0;928,1;928,1;927,3;114;17,3;13,4;17,9;17,3;13,4;12;78;68;78;274;6,5;1;
2021/05/22;1300 UTC;,8;928,2;928,3;927,6;320,3;17,1;16,4;17,3;16,2;17,1;13,5;100;78;96;286;3,6;1;
2021/05/22;1400 UTC;,8;928;928,6;928;463,8;16,6;16,6;17,3;16,5;17,1;16,3;100;95;100;250;4,6;1,5;
2021/05/22;1500 UTC;1,6;928;928,1;927,7;224,7;15,9;15,9;16,6;15,8;16,6;15,8;100;100;100;279;5,5;1,1;
2021/05/22;1600 UTC;2,4;926,1;928,4;926,1;300,9;16,3;16,3;16,3;15,7;16,3;15,7;100;100;100;349;6,6;2,2;
2021/05/22;1700 UTC;,4;924,6;926,1;924,6;645,4;17,4;17,4;17,4;16,3;17,4;16,4;100;100;100;342;6,4;2,7;
2021/05/22;1800 UTC;0;923,8;924,7;923,8;639,9;18,2;16,8;18,2;17,4;18,2;16,8;100;91;91;331;6,9;2;
2021/05/22;1900 UTC;0;924,4;924,4;923,8;602,8;18,6;16,2;18,9;18,2;18;15,8;98;83;86;324;5,7;2;
2021/05/22;2000 UTC;0;924,4;924,5;924,2;282,1;17,4;17,3;18,6;17,4;17,8;15,6;100;83;100;322;8,1;2,2;
2021/05/22;2100 UTC;0;924,7;924,7;924,3;26,4;16,5;16,5;17,5;16,5;17,4;16,1;100;94;100;328;9,5;2;
2021/05/22;2200 UTC;0;925,3;925,3;924,7;;16,6;16,6;16,7;16,4;16,7;16,4;100;100;100;317;5,6;2,1;
2021/05/22;2300 UTC;0;925,3;925,6;925,2;;16,3;16,3;16,7;16,2;16,7;16,2;100;100;100;321;6,2;1,9;
2021/05/23;0000 UTC;0;925,2;925,4;925,2;;16,3;16,3;16,4;16;16,4;16;100;100;100;330;6,4;2,3;
2021/05/23;0100 UTC;0;925,5;925,5;925,2;;16,4;16,4;16,7;16,3;16,6;16,3;100;100;100;319;5,7;2,1;
2021/05/23;0200 UTC;0;925,6;925,9;925,5;;16;16;16,6;15,9;16,6;15,9;100;100;100;331;6,4;2;
2021/05/23;0300 UTC;0;925,5;925,7;925,5;;15,1;15,1;16;15,1;16;15,1;100;100;100;318;4,2;1,4;
2021/05/23;0400 UTC;0;925,2;925,5;925,2;;14,9;14,9;15,3;14,8;15,2;14,8;100;100;100;310;3,7;,6;
2021/05/23;0500 UTC;0;924,4;925,2;924,4;;15,5;15,5;15,7;14,9;;;;;100;322;5,3;2;
2021/05/23;0600 UTC;0;924,4;924,5;924,3;;15,5;;15,7;15,3;;;100;74;;230;5,3;,3;
2021/05/23;0700 UTC;0;923,8;924,4;923,8;;16,4;16,4;16,4;15,4;16,4;13,8;100;90;100;319;5,8;2,3;
2021/05/23;0800 UTC;0;924,2;924,2;923,7;;16,2;16,2;16,4;15,7;16,4;15,7;100;100;100;318;6,9;2,5;
2021/05/23;0900 UTC;0;924,2;924,5;924,2;;15,8;15,8;16,3;15,8;16,3;15,8;100;100;100;321;6,9;2,4;
2021/05/23;1000 UTC;0;924,6;924,6;924,2;7;16,1;16,1;16,3;15,8;16,3;15,8;100;100;100;319;7,3;1,5;
2021/05/23;1100 UTC;0;924,9;925,1;924,6;192,9;17,2;15,9;17,2;16,1;16,7;15,9;100;92;92;324;7;2,6;
2021/05/23;1200 UTC;0;925,6;925,6;924,8;973,2;19;15,5;19,7;17,2;16,3;15,2;94;76;80;312;7,3;2,5;
2021/05/23;1300 UTC;0;926;926,1;925,5;1539,7;21,1;16,1;21,1;19;16,4;15,3;82;73;73;315;10,1;3,2;
2021/05/23;1400 UTC;0;925,9;926;925,8;2001,9;22,6;16;22,8;21;16,6;15,4;74;66;66;317;10,4;3,3;
2021/05/23;1500 UTC;0;925,4;926;925,4;1203,9;22,2;16;22,9;21,6;16,9;15,8;75;65;68;305;8,5;1,5;
2021/05/23;1600 UTC;0;924,4;925,4;924,4;1323,3;22,5;16,5;23,5;22,2;17,7;16,2;72;65;69;306;7,3;2,1;
2021/05/23;1700 UTC;0;923,8;924,5;923,8;350,7;20,5;16,7;22,5;20,4;17;16,1;80;69;79;320;7,2;2,2;
2021/05/23;1800 UTC;0;924;924;923,8;244,3;19,7;17,5;20,5;19,7;17,5;16,5;87;78;87;315;10,1;3;
2021/05/23;1900 UTC;0;923,8;924;923,7;182,1;19,5;17,3;19,8;19,4;17,7;17,2;89;86;87;313;8,4;2,6;
2021/05/23;2000 UTC;0;924,1;924,2;923,3;139,5;19,3;17,6;19,6;19,3;17,6;17,3;90;87;90;320;8;2,8;
2021/05/23;2100 UTC;0;924,6;924,7;924,1;10,8;18,7;18,7;19,3;18,6;18,8;17,4;100;89;100;315;8,9;2,4;
2021/05/23;2200 UTC;0;925,4;925,4;924,6;;18,8;18,3;18,8;18,4;18,7;18,3;100;97;97;310;7,5;2,2;
2021/05/23;2300 UTC;0;925,8;925,9;925,3;;18,4;18,1;18,8;18,1;18,5;18,1;100;96;98;289;6,8;1,8;
2021/05/24;0000 UTC;0;926,6;926,6;925,8;;17,9;17,9;18,4;17,8;18,1;17,5;100;97;100;307;6,1;1,6;
2021/05/24;0100 UTC;0;926,5;926,7;926,5;;17,3;17,3;17,9;17;17,8;17;100;100;100;287;5;,6;
2021/05/24;0200 UTC;0;926,6;926,7;926,4;;16,8;16,8;17,3;16,6;17,3;16,6;100;100;100;318;4,5;,8;
2021/05/24;0300 UTC;0;926,3;926,6;926,3;;16,7;16,7;17,1;16,5;17;16,5;100;99;100;291;4,5;1,3;
2021/05/24;0400 UTC;0;926,3;926,3;926,2;;16,1;13,7;16,9;16,1;16,8;13,6;100;81;86;291;6,8;1,5;
2021/05/24;0500 UTC;0;926,4;926,5;926,2;;14,9;12,4;16,1;14,9;13,8;12,4;87;82;85;287;6,7;1,4;
2021/05/24;0600 UTC;0;926,4;926,5;926,3;;13,7;11,1;15,1;13,7;12,4;11,1;88;83;84;288;4,8;1,3;
2021/05/24;0700 UTC;0;926,4;926,4;926,1;;12,4;9,3;13,8;12,4;11;8,8;84;74;81;299;5,4;1,6;
2021/05/24;0800 UTC;0;926,2;926,4;926,1;;11,6;7,1;12,9;11,4;9,2;7,1;83;73;73;307;5,9;2,1;
2021/05/24;0900 UTC;0;926,7;926,7;926,2;;10,8;7,3;11,8;10,8;7,7;6,6;79;71;79;310;6;1,9;
2021/05/24;1000 UTC;0;927,7;927,7;926,7;7,3;10,5;6,9;10,9;10,3;7,5;6,4;80;75;79;305;6,4;1,5;
2021/05/24;1100 UTC;0;928,2;928,3;927,7;334,7;12,5;6,7;12,6;10,4;7,9;6,5;81;66;68;306;6,9;2,1;
2021/05/24;1200 UTC;0;928,3;928,4;928,2;1082,1;14,6;7,4;14,6;12,4;8;6;74;58;62;307;7,4;2,1;
2021/05/24;1300 UTC;0;928,6;928,7;928,3;1689;15,9;6,2;16,2;14,2;8,2;5,7;62;51;53;307;6,5;2,2;
2021/05/24;1400 UTC;0;928,6;928,7;928,4;2009,5;17,5;5,3;17,9;15,6;7,6;5,1;57;44;45;304;7,3;1,6;
2021/05/24;1500 UTC;0;928,1;928,7;928,1;2348,5;19,4;6,6;19,7;17,4;8,5;5,2;51;43;43;305;6,1;2;
2021/05/24;1600 UTC;0;927,6;928,1;927,6;2266,2;20;7,4;20,7;18,4;8,2;5,9;49;43;44;306;6;1,7;
2021/05/24;1700 UTC;0;927,2;927,6;927,1;2302,4;21,2;5,4;21,6;19,7;8,3;4,6;47;33;36;287;5,8;1,5;
2021/05/24;1800 UTC;0;927;927,2;926,8;1816;21,3;6,1;21,9;20,7;8,4;5,2;45;34;37;301;5,8;1,9;
2021/05/24;1900 UTC;0;927,3;927,3;927;1245;20,6;4,4;21,6;20,5;7,8;4,4;43;34;35;289;6,4;2;
2021/05/24;2000 UTC;0;927,9;927,9;927,2;417,3;17;5;20,6;16,8;7,3;4,5;49;34;45;299;6,2;1,8;
2021/05/24;2100 UTC;0;928,6;928,6;927,9;15,5;15;5,5;17,6;15;6,1;4,6;54;42;53;272;5,8;,8;
2021/05/24;2200 UTC;0;929,4;929,4;928,6;;14,3;5,6;15;14,1;5,9;4,7;56;51;56;275;2,8;,5;
2021/05/24;2300 UTC;0;930;930;929,3;;13,1;6,7;14,3;12,9;6,9;5,5;66;56;65;243;1,6;,3;
2021/05/25;0000 UTC;0;930,2;930,2;930;;12,4;6,2;13,3;12,3;7;5,9;67;63;66;359;,9;,3;
2021/05/25;0100 UTC;0;930,5;930,5;930,2;;12,3;7,7;12,8;11,9;8,3;5,7;76;63;74;315;1,1;,7;
2021/05/25;0200 UTC;0;930,5;930,8;930,4;;11,2;8,8;12,3;10,9;9,1;7,5;88;73;85;156;1,4;,5;
2021/05/25;0300 UTC;0;930,7;930,8;930,5;;11,6;9,2;11,7;11;9,3;8,6;87;82;85;77;1,2;,2;
2021/05/25;0400 UTC;0;930,6;930,8;930,5;;11,1;9,2;11,7;11,1;9,3;8,9;88;84;88;304;1,1;,5;
2021/05/25;0500 UTC;0;930,5;930,6;930,5;;10,5;10,5;11,2;10,5;10,9;9,1;100;88;100;277;1,1;,1;
2021/05/25;0600 UTC;0;930,3;930,5;930,2;;10,4;10,4;10,5;10;10,5;10;100;100;100;308;,8;,4;
2021/05/25;0700 UTC;0;930;930,3;930;;10,4;10,4;10,6;10,1;10,6;10;100;100;100;318;1,2;,5;
2021/05/25;0800 UTC;0;929,7;930,1;929,7;;10,2;10;10,4;9,9;10,4;9,9;100;98;98;319;1,2;,3;
2021/05/25;0900 UTC;0;930,1;930,1;929,7;;9,6;8,3;10,2;9,6;9,9;7,9;98;89;91;162;1,1;,4;
2021/05/25;1000 UTC;0;930,9;930,9;930,1;7,2;10,1;9,3;10,3;9,4;9,7;8,3;100;91;95;229;1,3;,6;
2021/05/25;1100 UTC;0;931,8;931,8;930,9;218,2;11,3;10;11,3;9,9;10,2;9,2;100;88;92;322;1,8;1;
2021/05/25;1200 UTC;0;932,5;932,5;931,8;1005,6;14;9,1;14;11,3;10;8,3;92;72;72;319;2,1;1,1;
2021/05/25;1300 UTC;0;933,2;933,2;932,5;1759,5;17,4;8,5;17,4;14;9,5;6,9;73;52;56;320;2,1;1;
2021/05/25;1400 UTC;0;932,3;933,2;932,3;2169,7;19;6,4;19,1;16,9;8,7;4,4;56;41;44;348;2,6;1;
2021/05/25;1500 UTC;0;931,5;932,3;931,5;2414,4;20,9;6;20,9;18,7;8;4,9;47;37;38;43;3,3;1;
2021/05/25;1600 UTC;0;930,5;931,5;930,5;2408,3;21,5;6,1;22;20,7;7,9;5,1;41;34;37;86;3,5;1,4;
2021/05/25;1700 UTC;0;929,8;930,5;929,8;2186,1;23,3;6,2;23,5;21,5;7,9;4,3;41;30;33;47;3;,8;
2021/05/25;1800 UTC;0;929,4;929,8;929,4;1671,6;22,8;4,2;23,6;22,6;7,3;3,8;36;29;30;168;2,6;1,4;
2021/05/25;1900 UTC;0;929,4;929,4;929,3;1058,3;20,1;11,4;23,5;20,1;12;3,3;59;28;58;131;4,8;2;
2021/05/25;2000 UTC;0;929,7;929,7;929,4;361,5;17,2;12,1;20,1;17,2;12,6;11,7;72;58;72;121;4,9;2,2;
2021/05/25;2100 UTC;0;930;930;929,7;25,5;15,2;12,2;17,2;15,1;12,5;12,1;83;72;82;141;5,4;1,8;
2021/05/25;2200 UTC;0;930,7;930,7;930;;14,5;12,5;15,2;14,3;12,7;11,9;88;82;88;157;3,9;1,7;
2021/05/25;2300 UTC;0;931,3;931,3;930,7;;13,5;13;14,6;13,3;13,2;12;99;88;97;147;4,2;1;
2021/05/26;0000 UTC;0;931,8;931,8;931,3;;12,9;12,9;13,5;12,9;13,3;12,9;100;97;100;171;2,9;1,3;
2021/05/26;0100 UTC;0;931,8;931,9;931,8;;11,7;11,7;12,9;11,7;12,8;11,7;100;100;100;191;2,5;,9;
2021/05/26;0200 UTC;0;931,9;931,9;931,8;;12,1;12,1;12,2;11,7;12,1;11,7;100;100;100;238;1,5;,5;
2021/05/26;0300 UTC;0;931,5;931,9;931,5;;11,5;11,5;12,1;11,5;12,1;11,5;100;100;100;306;1,2;,4;
2021/05/26;0400 UTC;0;931,2;931,5;931,2;;11,3;11,3;11,5;11,1;11,5;11,1;100;100;100;236;1,1;,5;
2021/05/26;0500 UTC;0;930,6;931,2;930,6;;10,9;10,9;11,3;10,7;11,3;10,7;100;100;100;310;1,1;,4;
2021/05/26;0600 UTC;,2;930,2;930,6;930,2;;10,8;10,8;11,2;10,5;11,2;10,5;100;100;100;302;1,1;,4;
2021/05/26;0700 UTC;0;929,7;930,2;929,7;;10,1;10,1;10,8;9,9;10,8;9,9;100;100;100;301;,9;,5;
2021/05/26;0800 UTC;0;929,4;929,7;929,3;;10,5;10,5;10,6;10,1;10,6;10,1;100;100;100;315;,9;,7;
2021/05/26;0900 UTC;0;929,8;929,8;929,4;;10,2;10,2;10,6;10,1;10,6;10,1;100;100;100;301;1,1;,7;
2021/05/26;1000 UTC;0;930,1;930,1;929,8;6,8;9,7;9,7;10,2;9,6;10,2;9,6;100;100;100;318;1,4;,6;
2021/05/26;1100 UTC;,2;930,6;930,6;930,1;311,9;11,7;;12,6;9,3;;;;;;342;1,3;,3;
2021/05/26;1200 UTC;0;931,1;931,1;930,6;1046,3;15,3;12,5;15,3;11,7;14,1;11,7;100;81;83;322;2,8;1;
2021/05/26;1300 UTC;0;931,3;931,4;931,1;1676,8;17,9;12,8;18;15;12,9;11,5;83;71;72;47;2,6;,9;
2021/05/26;1400 UTC;0;930,8;931,3;930,8;2105,3;19,4;11,6;19,5;17,6;13;11,2;72;59;61;121;2,8;1,2;
2021/05/26;1500 UTC;0;930,2;930,8;930,2;2319,8;21,9;9,7;22,4;19,3;12,5;9;63;43;46;25;3;,8;
2021/05/26;1600 UTC;0;929,5;930,2;929,5;2308,6;22,9;5,6;23,6;21,8;11;,2;48;21;33;239;3,1;1;
2021/05/26;1700 UTC;0;928,6;929,5;928,6;1495,9;22,4;8;24;22,2;9,6;4,9;45;30;40;106;3,3;1;
2021/05/26;1800 UTC;0;928,3;928,7;928,3;1669,4;24,6;8;25,2;22,4;9,5;6,5;41;31;35;294;2,9;,7;
2021/05/26;1900 UTC;0;928,9;928,9;928,3;1008,4;20,3;15,5;25;20,3;15,5;6,9;74;32;74;143;6,3;2,5;
2021/05/26;2000 UTC;0;929;929,1;928,8;278,4;17,7;16,1;20,3;17,7;16,5;15,4;90;74;90;146;6,5;2,5;
2021/05/26;2100 UTC;0;929,7;929,7;929;22,3;16;16;17,7;16;17,2;14,7;100;86;100;150;6;2,4;
2021/05/26;2200 UTC;0;930;930,2;929,7;;15;15;16;15;16;15;100;100;100;144;5,5;2,3;
2021/05/26;2300 UTC;0;929,7;930;929,7;;14,5;14,5;15,1;14,5;15;14,5;100;100;100;139;4,5;1,2;
2021/05/27;0000 UTC;0;930;930,1;929,7;;13,9;13,9;14,6;13,9;14,6;13,9;100;100;100;123;2,8;,6;
2021/05/27;0100 UTC;0;930,4;930,4;930;;14,1;;14,2;13,7;;;;;;191;1,1;,4;
2021/05/27;0200 UTC;0;930,2;930,4;930,1;;13,7;;14,1;13,6;;;;;;189;,8;,5;
2021/05/27;0300 UTC;0;930;930,3;930;;13,5;;14;13,5;;;;;;319;1,2;,5;
2021/05/27;0400 UTC;0;929,6;930;929,5;;13,5;;13,8;13,4;;;;;;288;1,1;,4;
2021/05/27;0500 UTC;0;929;929,6;928,9;;13,3;;13,7;13,3;;;;;;269;1,4;,2;
2021/05/27;0600 UTC;0;928,4;929;928,4;;13,1;;13,6;13,1;;;;;;243;1,1;,2;
2021/05/27;0700 UTC;0;928,4;928,5;928,2;;13,8;;13,9;13,1;;;;;;259;1,2;,4;
2021/05/27;0800 UTC;0;928,5;928,5;928,3;;14;;14;13,8;;;;;;278;1,8;,5;
2021/05/27;0900 UTC;0;928,8;928,8;928,5;;13,4;;14;13,4;;;;;;9;1,4;,3;
2021/05/27;1000 UTC;0;929,4;929,4;928,8;13,5;13,4;;13,7;13,1;;;;;;230;1;,2;
2021/05/27;1100 UTC;0;929,5;929,5;929,2;296;15;;15,1;13,4;;;;;;324;1,5;,8;
2021/05/27;1200 UTC;0;929,9;929,9;929,4;819,8;17,5;14;17,5;15;15,6;13,8;100;80;80;326;2,3;1,2;
2021/05/27;1300 UTC;0;930,3;930,4;929,8;1594,3;20,7;12,2;20,7;17,4;14;11,8;80;58;58;331;2,4;1,2;
2021/05/27;1400 UTC;0;929,5;930,3;929,5;2045,2;23;9,9;23;20,6;12,7;8,9;59;42;44;288;3,4;1,1;
2021/05/27;1500 UTC;0;928,6;929,5;928,6;2312;24,7;11;25;23;12,3;10;49;41;42;305;3,5;1,1;
2021/05/27;1600 UTC;0;927,7;928,6;927,7;2321,5;25;11,8;26;24,5;13,2;10,8;47;41;44;263;4,1;1,3;
2021/05/27;1700 UTC;0;926,8;927,7;926,8;2060,9;26,5;13,7;26,8;24,5;14,1;12;51;42;45;246;4,9;1,4;
2021/05/27;1800 UTC;0;926,2;926,8;926,2;1490,3;26,4;13,1;26,8;25,3;14,2;11,9;48;42;44;280;4,9;1,3;
2021/05/27;1900 UTC;0;926,2;926,3;926;955,6;24,8;13;26,6;24,8;13,9;12,5;50;42;48;267;4,4;1,5;
2021/05/27;2000 UTC;0;926,4;926,5;926,1;278,9;22,7;13;24,9;22,7;13,6;12,8;54;47;54;228;5,1;1,2;
2021/05/27;2100 UTC;0;926,9;926,9;926,4;16,7;21;12,9;22,7;21;13;12,8;60;54;60;199;3,9;,9;
2021/05/27;2200 UTC;0;927,2;927,2;926,9;;19,3;13,5;21;19,1;13,6;13;71;60;69;;2;,1;
2021/05/27;2300 UTC;0;927,5;927,6;927,2;;17,9;15,9;19,4;17,9;15,9;13,5;88;69;88;118;1,1;,5;
2021/05/28;0000 UTC;0;927,7;927,7;927,4;;17;17;18,1;16,9;17,1;15,2;100;85;100;113;1,2;,7;
2021/05/28;0100 UTC;0;927,7;927,7;927,5;;16,7;16,7;17;16,6;17;16,6;100;100;100;131;1,2;,5;
2021/05/28;0200 UTC;0;927,6;927,7;927,5;;16,8;16,8;16,9;16,4;;;;;100;303;1,3;,9;
2021/05/28;0300 UTC;0;927,4;927,7;927,4;;15,8;;16,8;15,8;;;;;;144;1;,3;
2021/05/28;0400 UTC;0;927,2;927,4;927,2;;15,8;;16,4;15,7;;;;;;297;1,2;,6;
2021/05/28;0500 UTC;0;927;927,3;926,9;;15,8;;16;15,2;;;;;;140;1,2;,3;
2021/05/28;0600 UTC;0;926,4;927;926,4;;15,1;;15,9;15,1;;;;;;60;,8;,1;
2021/05/28;0700 UTC;0;926,1;926,4;926,1;;16,2;16,2;16,2;15;;;;;100;3;2;1;
2021/05/28;0800 UTC;0;926,1;926,2;926,1;;15,6;15,6;16,4;15,6;16,2;14,9;100;91;100;332;2;,8;
2021/05/28;0900 UTC;0;926,6;926,6;926,1;;15,7;15,7;16,3;15,3;16,1;14,8;100;91;100;339;2,5;1;
2021/05/28;1000 UTC;0;926,8;926,8;926,6;12,2;16,3;16,3;16,3;15,1;16,3;15,1;100;100;100;354;2,3;1,2;
2021/05/28;1100 UTC;0;927,2;927,3;926,8;287,8;17,6;15,1;17,6;15,9;16,4;14,9;100;86;86;345;3;1,1;
2021/05/28;1200 UTC;0;927,6;927,6;927,2;909;19,8;15,3;19,8;17,5;15,6;14,8;86;75;75;24;4;1,4;
2021/05/28;1300 UTC;0;927,7;927,8;927,6;1347,2;22,2;15,4;22,2;19,9;16,2;14,8;77;66;66;5;4,3;1,3;
2021/05/28;1400 UTC;0;927;927,7;927;2152,7;24;14,9;24,2;22,2;16,5;14,6;66;56;57;1;4,3;1,6;
2021/05/28;1500 UTC;0;926;927;926;2198,8;25,7;15,4;25,9;24;16,3;14,7;59;52;53;341;5,3;2,5;
2021/05/28;1600 UTC;0;924,7;926;924,7;2043;26,6;15,2;27,3;25,7;16,5;14,6;54;48;49;345;6,1;2,1;
2021/05/28;1700 UTC;0;923,6;924,7;923,6;2166,5;28,3;14,4;28,4;26,6;15,9;14,2;50;43;43;326;7,7;2,3;
2021/05/28;1800 UTC;0;922,8;923,6;922,8;1654,5;27,6;14,8;28,4;27,4;15,4;14;46;42;46;334;7,7;2,5;
2021/05/28;1900 UTC;0;922,2;922,8;922,2;1087,5;26,7;14,1;28;26,7;14,8;13,6;46;42;46;324;8,2;3;
2021/05/28;2000 UTC;0;921,7;922,2;921,7;363,7;25,5;13,7;26,9;25,5;14,3;13,7;49;44;48;337;8,8;2;
2021/05/28;2100 UTC;0;921,7;921,8;921,7;20,6;24;14;25,5;23,9;14;13,6;54;48;54;332;5,1;1,9;
2021/05/28;2200 UTC;0;921,7;921,7;921,4;;23,9;14,2;24,2;23,6;14,3;13,8;56;52;55;331;5,6;2,1;
2021/05/28;2300 UTC;0;922,1;922,1;921,7;;23,3;14,5;24;22,9;14,6;14,2;59;54;57;335;6,3;1,7;
2021/05/29;0000 UTC;0;922;922,1;921,9;;23,9;14,9;24,1;23,4;14,9;14,4;58;56;57;336;7;2,8;
2021/05/29;0100 UTC;0;922,3;922,4;921,9;;23,5;15,1;24,2;23,4;15,2;14,8;60;56;59;326;8,3;2,7;
2021/05/29;0200 UTC;0;922,2;922,4;922,1;;23,3;15,5;23,8;22,5;15,7;15;65;58;62;334;7,6;3,4;
2021/05/29;0300 UTC;0;922,6;922,7;922,2;;23,6;15,3;24;23,2;15,5;15,2;62;58;60;330;10,5;3;
2021/05/29;0400 UTC;0;922,4;922,6;922;;23;15,4;23,6;22,9;15,5;15,3;63;60;62;334;10,5;2,8;
2021/05/29;0500 UTC;0;922,7;922,8;922,4;;22,1;15,6;23,1;22,1;15,7;15,3;67;62;67;329;10;2;
2021/05/29;0600 UTC;0;922,6;922,9;922,4;;21,9;15,8;22,1;21,2;16;15,6;72;67;68;359;5,3;1,8;
2021/05/29;0700 UTC;0;923;923;922,5;;20,9;16,4;22;20,9;16,4;15,8;75;68;75;327;6,3;1,6;
2021/05/29;0800 UTC;0;923,4;923,5;923;;21,4;16,6;21,7;20,9;16,6;16,4;75;72;74;329;5,1;1,7;
2021/05/29;0900 UTC;0;923,5;923,9;923,3;;21,2;17,5;21,9;21,2;17,5;16,5;79;72;79;336;5,3;1,9;
2021/05/29;1000 UTC;3,2;924,4;925,5;923,5;3,1;18,9;18,9;21,2;18,9;19,6;17,6;100;79;100;166;6,2;,5;
2021/05/29;1100 UTC;,2;925,1;925,1;924,4;304,4;20,3;;20,3;18,9;;;;;;234;1,5;,3;
2021/05/29;1200 UTC;0;925,9;925,9;925,1;810,1;22,9;18,7;22,9;20,3;21,2;18,7;100;77;77;296;3,9;1,5;
2021/05/29;1300 UTC;0;926;926,2;925,9;1598,4;25,4;19;25,4;22,8;20,4;18,2;78;66;68;298;8,8;2,4;
2021/05/29;1400 UTC;0;925,9;926,2;925,8;1974,4;26,8;19,1;26,8;25,2;19,4;18;71;60;63;299;11,5;2,7;
2021/05/29;1500 UTC;0;925,2;925,9;925,1;2013,9;27,2;17,6;27,6;26,3;19,4;17,1;64;55;56;299;10,9;3,4;
2021/05/29;1600 UTC;0;924,2;925,2;924,2;1488,2;27,7;17;27,9;26,4;19,1;15,8;60;50;52;298;11,8;2,8;
2021/05/29;1700 UTC;0;924,2;924,3;923,9;887,6;26;16,3;27,7;26;17,1;15,4;58;49;55;293;9,6;2,4;
2021/05/29;1800 UTC;0;924,4;924,8;924;283,3;24,7;15,9;26;24,6;17;15,7;62;54;58;272;9,9;1,4;
2021/05/29;1900 UTC;0;925;925,2;924,4;629,4;24,4;17,7;25,9;24,2;18,2;15,8;68;57;66;324;5,8;1,9;
2021/05/29;2000 UTC;0;925,3;925,3;924,9;472,9;23,5;17,6;25,2;23,5;18,4;16,6;69;62;69;304;5,4;1,7;
2021/05/29;2100 UTC;0;926,1;926,1;925,3;25,9;22;16,6;23,5;22;17,2;16,5;72;67;71;223;4,7;,4;
2021/05/29;2200 UTC;0;926,4;926,4;926,1;;20,9;17,1;22;20,9;17,1;16,5;79;71;79;345;3,6;,4;
2021/05/29;2300 UTC;0;926,8;926,8;926,4;;20,4;17,5;21,1;20,4;17,7;17,1;84;78;84;313;3,6;1,4;
2021/05/30;0000 UTC;0;927,1;927,2;926,8;;20;17,4;20,4;20;17,9;17,4;87;84;85;308;3,5;,9;
2021/05/30;0100 UTC;0;927,3;927,3;927,1;;20;17,4;20,1;19,6;17,5;17,3;87;85;85;325;2,3;,6;
2021/05/30;0200 UTC;0;927,5;927,6;927,3;;19,2;17,4;20;19,2;17,6;17,2;89;85;89;89;2,3;,3;
2021/05/30;0300 UTC;0;927,8;927,9;927,5;;19;19;19,9;18,8;19,3;17,4;100;87;100;161;1,3;,4;
2021/05/30;0400 UTC;0;928,3;928,3;927,8;;18,1;18,1;19,3;18;19,1;17;100;87;100;135;3,7;1,4;
2021/05/30;0500 UTC;0;928,3;928,4;928,1;;18,6;18,6;18,7;18,1;;;;;100;121;3,7;,6;
2021/05/30;0600 UTC;0;928,1;928,3;928,1;;18,5;;18,6;18,3;;;;;;122;2;,4;
2021/05/30;0700 UTC;0;928;928,2;928;;18,5;;18,5;18,2;;;;;;162;2;,9;
2021/05/30;0800 UTC;0;928,1;928,2;927,9;;18,5;;18,7;18,5;;;;;;144;3,8;1,6;
2021/05/30;0900 UTC;0;928,4;928,5;928,1;;18,3;;18,6;18,2;;;;;;156;5;1,5;
2021/05/30;1000 UTC;0;928,7;928,8;928,4;,9;18,2;;18,5;18,2;;;;;;123;3,3;1,1;
2021/05/30;1100 UTC;0;929,3;929,4;928,7;118,2;18,7;;18,7;18,2;;;;;;114;3;,8;
2021/05/30;1200 UTC;0;930;930;929,2;357,8;19,6;19,6;19,7;18,7;19,7;18,9;100;100;100;137;2,8;1,3;
2021/05/30;1300 UTC;0;930,6;930,6;929,9;574,4;19,9;19;20,3;19,5;20,3;18,5;100;91;94;144;3;1,4;
2021/05/30;1400 UTC;0;930,5;930,6;930,3;913,8;20,7;18,7;20,8;19,9;19,6;18,7;96;88;88;123;3,7;1,8;
2021/05/30;1500 UTC;0;930,6;931;930,4;610;20,2;18,4;20,7;19,8;19,3;18,3;96;88;89;150;5,2;2,6;
2021/05/30;1600 UTC;0;931;931,1;930,6;300,2;16,8;16,8;20,2;16,8;18,6;16,3;100;89;100;176;7,2;2,8;
2021/05/30;1700 UTC;0;930,2;931,1;930,2;227,8;16,6;16,6;16,8;16,4;16,8;16,4;100;100;100;156;6,9;2,4;
2021/05/30;1800 UTC;,4;930;930,7;929,3;245,7;16,7;;16,8;16,5;16,8;16,5;100;100;;186;5,8;1,5;
2021/05/30;1900 UTC;0;929,2;930,3;929,1;476,8;17,7;16,4;17,8;16,5;17,6;16,4;100;92;92;89;5,7;1,5;
2021/05/30;2000 UTC;0;929,8;929,8;929,2;195,7;17,9;15,5;18,2;17,4;17,2;14,9;95;81;86;6;2,8;1,1;
2021/05/30;2100 UTC;,2;930,4;930,5;929,3;7,4;17,3;17,3;18,2;17,3;17,8;15,4;100;84;100;273;2,4;,6;
2021/05/30;2200 UTC;1,6;930;932,4;929,8;;16,9;;17,6;16,8;;;;;;130;6,1;2;
2021/05/30;2300 UTC;0;930,6;930,9;929,8;;16,8;;17;16,7;;;;;;219;4,5;,7;
2021/05/31;0000 UTC;,6;931,1;931,7;930,5;;16,1;;16,8;16,1;;;;;;144;3,4;1;
2021/05/31;0100 UTC;0;931,1;931,3;930,9;;16,2;;16,2;15,9;;;;;;65;2,5;,6;
2021/05/31;0200 UTC;0;931,3;931,4;931,1;;16,1;;16,3;15,8;;;;;;220;1,4;,4;
2021/05/31;0300 UTC;,2;930,9;931,3;930,9;;16,4;;16,4;16;;;;;;6;1,6;,7;
2021/05/31;0400 UTC;0;930,8;931;930,6;;16,3;;16,4;16,2;;;;;;14;2,3;,9;
2021/05/31;0500 UTC;0;930,7;930,8;930,4;;16,1;;16,3;16,1;;;;;;206;3;,6;
2021/05/31;0600 UTC;,6;930,1;930,7;930,1;;16;;16,2;16;;;;;;39;1,8;,7;
2021/05/31;0700 UTC;,4;929,5;930,1;929,3;;16,1;;16,3;16;;;;;;67;2,8;,8;
2021/05/31;0800 UTC;,4;930;930,2;929,5;;16,1;;16,3;16;;;;;;306;1,6;,4;
2021/05/31;0900 UTC;,4;930,2;930,4;929,9;;16,1;;16,3;16,1;;;;;;124;2,3;,4;
2021/05/31;1000 UTC;,2;930,7;930,7;930,2;;16,1;;16,1;15,8;;;;;;351;2,5;1;
2021/05/31;1100 UTC;1,8;931,4;931,4;930,5;55,2;16,4;;16,4;16,1;;;;;;9;2,7;,7;
2021/05/31;1200 UTC;,2;931,9;932;931,2;249,9;17;;17;16,4;;;;;;3;3;1,2;
2021/05/31;1300 UTC;0;931,9;932,5;931,9;523,9;17,8;17,8;17,9;17;;;;;100;331;4,9;1,7;
2021/05/31;1400 UTC;0;931,2;931,9;931,2;870,2;18,9;16,9;19,1;17,8;18,3;16,5;100;86;88;326;5,2;1,5;
2021/05/31;1500 UTC;0;930,7;931,4;930,7;830,5;20,3;16,9;20,3;18,8;18,1;16,1;94;79;81;300;3,8;1;
2021/05/31;1600 UTC;0;930,6;931,1;930,5;791,2;19,5;16;20,3;19,5;16,9;15,8;82;78;80;233;5,8;1,3;
2021/05/31;1700 UTC;0;929,9;930,6;929,6;834,9;20,1;15,9;20,6;19,2;16,9;15,4;85;73;77;247;3,7;1,2;
2021/05/31;1800 UTC;0;929,3;930;929,3;683,1;18,9;15,9;20,1;18,9;16,5;15,6;83;77;83;202;3,9;1,3;
2021/05/31;1900 UTC;0;928,9;929,3;928,6;383,7;18;17,8;19;18;18,2;15,8;100;82;98;132;4;2,1;
2021/05/31;2000 UTC;0;929,6;929,7;928,9;372;17,3;17,2;18,3;17,3;17,7;16,3;99;92;99;145;5,9;1,4;
2021/05/31;2100 UTC;0;930,2;930,2;929,6;21,9;15,8;15,8;17,5;15,8;17,4;15,8;100;95;100;139;6,1;1;
2021/05/31;2200 UTC;0;930,6;930,6;930,2;;15,4;15,4;16;15,3;16;15,3;100;100;100;164;4,6;1,3;
2021/05/31;2300 UTC;0;930,6;930,8;930,6;;14,9;14,9;15,5;14,9;15,5;14,9;100;100;100;189;5,4;1,7;
2021/06/01;0000 UTC;0;930,4;930,7;930,4;;13,9;;14,9;13,9;;;;;;98;4,1;,6;
2021/06/01;0100 UTC;0;930,5;930,5;930,4;;14,3;;14,3;13,8;;;;;;214;1,1;,3;
2021/06/01;0200 UTC;0;930,4;930,5;930,3;;14,5;;14,6;14,3;;;;;;191;1,9;,9;
2021/06/01;0300 UTC;0;930,6;930,6;930,3;;14,1;;14,6;13,9;;;;;;153;2,6;,8;
2021/06/01;0400 UTC;0;930,4;930,6;930,2;;13,7;;14,1;13,7;;;;;;269;2,4;,4;
2021/06/01;0500 UTC;0;929,9;930,4;929,9;;13,8;;14,1;13,7;;;;;;231;2,1;,9;
2021/06/01;0600 UTC;0;929,4;929,9;929,4;;13,8;;13,8;13,6;;;;;;55;2;,4;
2021/06/01;0700 UTC;0;929;929,4;928,9;;13,8;;13,9;13,7;;;;;;115;1,4;,4;
2021/06/01;0800 UTC;0;928,5;929;928,5;;13,9;;14;13,8;;;;;;125;1,1;,3;
2021/06/01;0900 UTC;0;928,5;928,6;928,5;;13,9;;14;13,9;;;;;;101;1,8;,9;
2021/06/01;1000 UTC;0;928,6;928,8;928,5;2,3;13,3;;13,9;13,3;;;;;;150;1,4;,5;
2021/06/01;1100 UTC;0;929,4;929,4;928,6;201,6;14,6;;14,6;13,3;;;;;;157;1,3;,7;
2021/06/01;1200 UTC;0;930,1;930,1;929,4;481,9;16,1;15,4;16,1;14,6;;;;;96;113;2,1;,6;
2021/06/01;1300 UTC;0;930,4;930,5;930,1;1190,6;17,2;13,9;17,5;16,1;16;13,9;96;81;81;127;3,1;1,6;
2021/06/01;1400 UTC;0;930;930,4;930;1096,3;17,9;14,1;18,1;17;14,6;13,7;85;77;79;157;3,1;1,2;
2021/06/01;1500 UTC;0;929,4;930;929,4;2176,3;19,3;13,6;19,8;17,9;14,7;13,1;80;69;69;111;3,5;2;
2021/06/01;1600 UTC;0;928,4;929,4;928,4;2314,7;20,4;14,1;20,5;19,2;14,6;13,2;72;66;67;83;3,2;1,4;
2021/06/01;1700 UTC;0;927,7;928,4;927,7;2003,1;21,2;15,2;21,3;20,1;15,4;13,4;70;64;69;93;3,5;1,4;
2021/06/01;1800 UTC;0;927,2;927,7;927,2;1292,5;21,2;14,1;21,5;20,6;15,3;13,6;70;63;64;137;3,4;1,7;
2021/06/01;1900 UTC;0;927,2;927,2;927,1;985,6;19,3;16,3;21,4;19,3;16,4;14;83;63;83;124;4,6;2;
2021/06/01;2000 UTC;0;927,3;927,4;927,2;355,3;17,1;17;19,3;17,1;17,4;16;100;83;100;126;4,7;2,4;
2021/06/01;2100 UTC;0;927,5;927,5;927,3;25,9;16,3;16,3;17,1;16,2;17;16,2;100;100;100;141;5,3;1,6;
2021/06/01;2200 UTC;0;928;928;927,5;;15,9;;16,3;15,9;;;;;;131;3,8;1,1;
2021/06/01;2300 UTC;0;927,6;928;927,6;;15,8;;16;15,8;;;;;;110;2,7;,5;
2021/06/02;0000 UTC;0;928;928;927,6;;15,6;;15,9;15,5;;;;;;53;2,1;,3;
2021/06/02;0100 UTC;0;928,1;928,1;927,9;;15,3;;15,6;15,1;;;;;;176;1,6;,8;
2021/06/02;0200 UTC;0;928,1;928,1;928;;15,3;;15,4;15,2;;;;;;85;1,9;,6;
2021/06/02;0300 UTC;0;928,4;928,4;928,1;;15,1;;15,4;15,1;;;;;;11;2;,8;
2021/06/02;0400 UTC;0;928,2;928,4;928,2;;15,1;;15,3;15,1;;;;;;57;1,9;,4;
2021/06/02;0500 UTC;0;927,7;928,2;927,7;;15,2;;15,3;15;;;;;;355;2,4;1;
2021/06/02;0600 UTC;0;927,3;927,7;927,3;;15,2;;15,2;15;;;;;;344;3,3;1,3;
2021/06/02;0700 UTC;0;927,4;927,5;927,1;;14,9;;15,2;14,9;;;;;;343;2,6;,6;
2021/06/02;0800 UTC;0;927,4;927,4;927,3;;14,7;;15;14,6;;;;;;354;2,8;1;
2021/06/02;0900 UTC;0;927,9;927,9;927,4;;14,5;;14,7;14,1;;;;;;348;2,4;,8;
2021/06/02;1000 UTC;0;928,3;928,3;927,9;3,8;14,5;;14,6;14,4;;;;;;334;2,9;1;
2021/06/02;1100 UTC;0;928,8;928,8;928,3;231,8;15;15;15;14,5;;;;;100;336;3,3;1,5;
2021/06/02;1200 UTC;0;929,3;929,3;928,8;838,4;16,9;14,2;17;15;15,9;13,9;100;83;84;343;3,7;1,8;
2021/06/02;1300 UTC;0;929,7;929,7;929,3;1592,2;19,8;13,8;20,2;16,9;15;13,8;84;67;68;332;4;2;
2021/06/02;1400 UTC;0;929,5;929,8;929,5;2080;22,3;13,9;22,7;19,8;14,6;13,5;70;58;59;330;5,5;1,8;
2021/06/02;1500 UTC;0;928,8;929,5;928,8;2302,1;23,9;13,5;24,8;22,1;14,9;13,1;61;49;52;321;6,4;2,3;
2021/06/02;1600 UTC;0;927,7;928,8;927,7;2319,3;25,4;13,7;25,9;23,8;14,9;12,7;53;46;48;324;7,4;2;
2021/06/02;1700 UTC;0;927,1;927,7;927;2108;26,9;12,2;26,9;25,3;14,7;12;51;40;40;294;6,5;1,5;
2021/06/02;1800 UTC;0;926,9;927,1;926,9;1702,6;26,8;12,7;27,1;25,9;14;12,1;48;39;42;289;5,7;1,3;
2021/06/02;1900 UTC;0;927,2;927,2;926,9;962,7;24,4;14,4;26,8;24,3;14,8;11,9;54;41;54;287;5,1;1,2;
2021/06/02;2000 UTC;0;927,8;927,8;927,2;341,1;22,9;13;25,7;22,9;14,4;12,7;54;46;54;280;4,5;,9;
2021/06/02;2100 UTC;0;928,5;928,5;927,8;23,3;20,6;13,1;23;20,6;13,2;12,7;63;52;62;275;3,3;,3;
2021/06/02;2200 UTC;0;928,9;928,9;928,5;;20,5;13,2;20,6;20,2;13,3;13,1;64;62;63;236;1,4;,1;
2021/06/02;2300 UTC;0;929,6;929,6;928,9;;19,2;14;20,6;19,2;14,1;13,3;72;63;72;288;1;,2;
2021/06/03;0000 UTC;0;929,8;929,8;929,6;;18,2;13,7;19,4;18,2;14,2;13,7;77;70;75;135;,9;,1;
2021/06/03;0100 UTC;0;930,1;930,1;929,8;;18,1;14,7;18,3;17,3;14,7;13,6;80;75;80;312;1,1;,5;
2021/06/03;0200 UTC;0;930,3;930,4;930,1;;16,9;14,4;18,1;16,9;15,3;14,4;90;80;85;355;1,6;,4;
2021/06/03;0300 UTC;0;930;930,3;930;;16;16;16,9;16;16;14,4;100;85;100;198;1,6;,7;
2021/06/03;0400 UTC;0;929,5;930;929,4;;16,2;16,2;16,5;16;16,4;15,8;100;96;100;310;2,1;1;
2021/06/03;0500 UTC;0;929,3;929,6;929,3;;16;16;16,6;16;16,5;16;100;99;100;307;2,2;,7;
2021/06/03;0600 UTC;0;929,1;929,3;929,1;;15,6;15,6;16,5;15,6;16,3;15,6;100;96;100;301;1,7;,7;
2021/06/03;0700 UTC;0;929;929,1;928,9;;15,2;15,2;15,7;15,1;15,7;15,1;100;100;100;315;1,7;,7;
2021/06/03;0800 UTC;0;929,4;929,4;929;;15;15;15,3;14,9;15,3;14,9;100;100;100;307;1,7;,5;
2021/06/03;0900 UTC;0;930,1;930,1;929,4;;15;15;15,1;14,8;15,1;14,8;100;100;100;309;1,5;,5;
2021/06/03;1000 UTC;0;930,8;930,8;930,1;3,6;14,8;14,7;15,1;14,7;15,1;14,7;100;100;100;87;1,1;,3;
2021/06/03;1100 UTC;0;931,5;931,5;930,8;225,9;16,9;14,4;16,9;14,7;16;14,4;100;85;85;337;2,1;1,1;
2021/06/03;1200 UTC;0;932,1;932,2;931,5;933,2;19,7;14,2;19,9;16,9;14,8;13,9;85;70;71;334;2,5;1,1;
2021/06/03;1300 UTC;0;932,4;932,4;932,1;1520,5;22,3;14,6;22,3;19,6;15,3;14;71;61;62;338;2,9;1,4;
2021/06/03;1400 UTC;0;932,1;932,4;932,1;1964,7;24,2;15,8;24,4;22,2;16,3;14,1;63;56;59;43;3,4;1,4;
2021/06/03;1500 UTC;0;931,5;932,1;931,5;2211;25,1;15,6;25,1;23,8;16,9;14,7;63;54;55;284;3,5;1,1;
2021/06/03;1600 UTC;0;930,8;931,5;930,8;2177;25,9;14,2;26,2;24,9;16,1;13,9;57;47;48;241;3;1,2;
2021/06/03;1700 UTC;0;930,4;930,8;930,4;1604,5;23,9;17,3;26,9;23,6;17,6;13,7;68;46;67;163;5,1;2,3;
2021/06/03;1800 UTC;0;930,4;930,4;930,4;1545,5;21,9;19,1;24,2;21,7;19,3;17,8;84;67;84;123;6,3;2,7;
2021/06/03;1900 UTC;0;930,5;930,6;930,3;874,2;20;18,9;22,2;20;19,2;18,4;94;81;94;129;6,4;3,1;
2021/06/03;2000 UTC;0;931,1;931,1;930,5;165,7;18,9;18,9;20;18,9;19,7;18,7;100;93;100;132;6,9;2,4;
2021/06/03;2100 UTC;0;931,7;931,7;931,1;18,4;18,3;18,3;19;18,3;18,9;18,3;100;100;100;124;6,5;2,9;
2021/06/03;2200 UTC;0;932,3;932,3;931,7;;17,6;17,6;18,3;17,6;18,3;17,6;100;100;100;122;6,5;2,1;
2021/06/03;2300 UTC;0;932,7;932,7;932,3;;17;17;17,7;17;17,6;17;100;99;100;116;4,6;1,8;
2021/06/04;0000 UTC;0;933,1;933,1;932,7;;16,5;16,5;17,1;16,4;17,1;16,4;100;100;100;104;4,4;,9;
2021/06/04;0100 UTC;0;933,5;933,5;933,1;;16,6;16,6;16,8;16,4;16,8;16,4;100;100;100;166;4;1,9;
2021/06/04;0200 UTC;0;933,5;933,6;933,5;;16,3;;16,6;15,9;16,6;15,9;100;100;;118;5,3;2,3;
2021/06/04;0300 UTC;0;933,5;933,6;933,5;;16,6;;16,7;16,3;;;;;;139;5,3;2;
2021/06/04;0400 UTC;0;933,4;933,5;933,3;;16,5;;16,6;16,3;;;;;;123;4,9;1,4;
2021/06/04;0500 UTC;0;933;933,4;933;;16,8;16,8;16,8;16,5;16,8;16,5;100;100;100;110;4,2;1,9;
2021/06/04;0600 UTC;0;932,6;933;932,6;;16,9;16,9;16,9;16,8;16,9;16,8;100;100;100;116;3,7;1,8;
2021/06/04;0700 UTC;0;932,5;932,6;932,5;;17,1;17,1;17,1;16,9;17,1;16,9;100;100;100;109;4;1,4;
2021/06/04;0800 UTC;0;932,7;932,7;932,5;;17,2;17,2;17,2;17;17,2;17;100;100;100;109;2,9;1,3;
2021/06/04;0900 UTC;0;933,1;933,1;932,7;;17,1;17,1;17,3;17,1;17,3;17,1;100;100;100;116;3,4;1,1;
2021/06/04;1000 UTC;0;933,7;933,7;933,1;2,3;16,6;16,6;17,2;16,5;17,2;16,5;100;100;100;87;3,6;1;
2021/06/04;1100 UTC;0;934,3;934,3;933,7;201,6;17,8;17,8;17,8;16,5;17,8;16,5;100;100;100;82;2,4;1,2;
2021/06/04;1200 UTC;0;934,7;934,7;934,3;858,1;19,2;16,2;19,3;17,8;17,8;15,8;100;81;83;69;4,9;1,6;
2021/06/04;1300 UTC;0;935;935;934,7;1490,5;20,6;16,4;20,9;19,2;16,7;15,8;83;74;77;89;3,4;1,8;
2021/06/04;1400 UTC;0;934,5;935;934,5;1996,6;21,3;15,9;21,6;20,5;16,5;15,4;77;70;71;87;6,6;2,3;
2021/06/04;1500 UTC;0;933,8;934,5;933,7;2256,3;22,9;16,2;23,1;21,3;16,8;15,6;73;65;66;88;5;1,9;
2021/06/04;1600 UTC;0;932,9;933,7;932,9;2273,6;23,9;15,8;24,4;22,9;16,8;15,7;67;59;60;102;4,4;1,7;
2021/06/04;1700 UTC;0;932,2;932,9;932,2;2027;24,8;15,2;25,4;23,9;16,8;15,2;62;55;55;119;3,6;1,2;
2021/06/04;1800 UTC;0;931,8;932,2;931,8;1434;24,3;17,1;26;24,3;17,3;14,9;64;53;64;132;2,9;1,4;
2021/06/04;1900 UTC;0;931,5;931,8;931,4;1015,7;22,6;18,3;24,4;22,6;18,5;16,9;76;63;76;159;5;2,7;
2021/06/04;2000 UTC;0;931,6;931,6;931,5;353,4;21,1;18,8;22,7;21,1;18,8;18,3;86;76;86;166;5,1;2;
2021/06/04;2100 UTC;0;931,7;931,7;931,5;19,4;19,6;19,6;21,1;19,6;19,9;18,5;100;86;100;162;4;2,6;
2021/06/04;2200 UTC;0;932,2;932,2;931,7;;18,2;;19,7;18,2;;;;;;151;4,2;2,2;
2021/06/04;2300 UTC;0;932,4;932,4;932,1;;18;;18,2;17,9;;;;;;142;4,4;2,7;
2021/06/05;0000 UTC;0;932,7;932,7;932,4;;17,8;;18;17,7;;;;;;157;4,7;2,6;
2021/06/05;0100 UTC;0;932,7;932,7;932,5;;17,6;;17,8;17,4;;;;;;152;4,5;1,5;
2021/06/05;0200 UTC;0;932,7;932,8;932,6;;17,2;;17,6;17,1;;;;;;149;2,5;,9;
2021/06/05;0300 UTC;0;932,3;932,7;932,3;;16,7;;17,3;16,7;;;;;;168;1,5;,6;
2021/06/05;0400 UTC;0;932,1;932,4;932,1;;17,4;;17,4;16,6;;;;;;19;1,7;,9;
2021/06/05;0500 UTC;0;931,8;932,1;931,8;;18,1;16,7;18,1;17,4;18,1;16,7;100;92;92;13;4;,8;
2021/06/05;0600 UTC;0;931,6;931,8;931,6;;18,1;16,7;18,2;17,8;17;16,5;95;90;91;2;3,7;1,4;
2021/06/05;0700 UTC;0;931,3;931,6;931,2;;17,9;16,9;18,2;17,8;17;16,5;94;91;94;8;3,7;1,4;
2021/06/05;0800 UTC;0;931,3;931,3;931,2;;17,3;17,3;18;17,2;17,4;16,6;100;93;100;17;3;1,1;
2021/06/05;0900 UTC;0;931,6;931,6;931,3;;16,7;16,7;17,3;16,7;17,3;16,7;100;100;100;9;3,6;1,4;
2021/06/05;1000 UTC;0;932,2;932,2;931,6;2,4;16,5;16,5;17;16,5;17;16,5;100;100;100;31;3,8;1,2;
2021/06/05;1100 UTC;0;932,9;932,9;932,2;228,1;17,9;16,2;17,9;16,3;17,4;16;100;90;90;20;2,8;,7;
2021/06/05;1200 UTC;0;933,6;933,6;932,9;978;19,6;15,9;19,6;17,9;16,4;15,5;90;79;79;18;3,7;1,1;
2021/06/05;1300 UTC;0;933,6;933,7;933,6;1599,6;20,9;14,8;21,2;19,5;16,6;14,8;82;68;68;15;4,6;1,8;
2021/06/05;1400 UTC;0;933,1;933,6;933,1;2054,4;22,4;14,5;22,6;20,7;15,8;14,4;70;61;61;28;5,3;2,1;
2021/06/05;1500 UTC;0;932;933,1;932;2309,8;23,7;14,5;23,8;22,4;15,5;13,7;63;54;56;36;5,6;2,3;
2021/06/05;1600 UTC;0;930,6;932;930,6;2318,6;25,4;13,9;25,6;23,7;15,2;13,6;58;48;49;31;6,1;1;
2021/06/05;1700 UTC;0;929,8;930,6;929,8;2085,9;25,8;12,5;26,4;25,1;14,7;12,3;51;42;44;335;5;2;
2021/06/05;1800 UTC;0;929,5;929,8;929,4;1693,8;25,9;10,4;26,9;25,2;13,6;10,4;47;38;38;331;5;1,4;
2021/06/05;1900 UTC;0;929,4;929,5;929,4;1083,3;25,9;12,5;26,4;25,5;13,6;10,8;47;38;44;344;5;,9;
2021/06/05;2000 UTC;0;929,7;929,7;929,4;349,4;22,8;11,8;25,9;22,8;13,8;11,1;50;43;50;309;3,6;,8;
2021/06/05;2100 UTC;0;929,9;929,9;929,7;22,7;22,1;12,7;23;21,8;12,7;11,5;56;49;55;246;3;,6;
2021/06/05;2200 UTC;0;930,2;930,2;929,9;;19,7;13,6;22,2;19,6;13,6;12,7;68;55;68;105;1,4;,4;
2021/06/05;2300 UTC;0;930,5;930,5;930,2;;18,6;15,4;19,7;18,4;15,4;13,7;82;68;82;145;1,4;,5;
2021/06/06;0000 UTC;0;930,6;930,7;930,5;;17,6;17,6;18,6;17,6;17,7;15,5;100;82;100;194;1,9;,6;
2021/06/06;0100 UTC;0;930,8;930,8;930,6;;18,2;15,8;18,3;17,4;17,8;15,6;100;85;86;260;1;,3;
2021/06/06;0200 UTC;0;931;931;930,8;;17,4;15,4;18,5;17,4;16;15,2;88;83;88;311;1,1;,4;
2021/06/06;0300 UTC;0;930,6;931;930,6;;16,9;16,9;17,5;16,9;17,3;15,5;100;88;100;30;1,5;,8;
2021/06/06;0400 UTC;0;930,6;930,7;930,2;;17,4;16,4;18,4;16,8;17,8;15,1;100;81;94;250;2,8;,6;
2021/06/06;0500 UTC;0;930,4;930,6;930,4;;16,7;16,7;17,3;16,5;16,8;16,2;100;94;100;324;1,4;,9;
2021/06/06;0600 UTC;0;929,9;930,4;929,9;;16,4;16,4;16,8;16,4;16,8;16,4;100;100;100;201;1,3;,3;
2021/06/06;0700 UTC;0;929,1;929,9;929,1;;16;16;16,4;15,9;16,4;15,9;100;100;100;116;1;,3;
2021/06/06;0800 UTC;0;928,8;929,1;928,8;;16;;16,1;15,6;;;;;;60;,8;,4;
2021/06/06;0900 UTC;0;929,3;929,3;928,8;;17;16,4;17,2;15,9;16,8;15,7;100;91;97;318;1,5;,8;
2021/06/06;1000 UTC;0;929,8;929,8;929,3;5,1;17,5;14;17,5;16,9;16,9;14;100;80;80;4;2,3;1,1;
2021/06/06;1100 UTC;0;930,5;930,5;929,8;139,6;17,4;14,2;17,7;17,3;14,2;13,9;82;79;82;13;2,8;1,3;
2021/06/06;1200 UTC;0;930,9;930,9;930,4;414,6;18,5;14,6;18,5;17,4;14,8;14,1;82;77;78;5;2,9;1,2;
2021/06/06;1300 UTC;0;931;931,1;930,9;755,8;19,9;14,2;20,4;18,5;15,5;14,1;79;68;70;356;3,1;1,4;
2021/06/06;1400 UTC;0;930,8;931;930,8;840,3;21;14,5;21;19,9;15,4;14;73;65;67;359;2,9;1;
2021/06/06;1500 UTC;0;930,3;930,8;930,3;989,5;22,7;16,5;22,7;21;16,6;14,3;70;62;68;5;2,9;,9;
2021/06/06;1600 UTC;0;929,3;930,3;929,3;2139,9;26,5;15,5;26,5;22,5;16,9;14,8;68;50;51;339;4,6;1,8;
2021/06/06;1700 UTC;0;928,5;929,3;928,5;1892,1;24,9;14,7;27,4;24,9;15,8;13,5;54;44;53;339;5;1,8;
2021/06/06;1800 UTC;0;928,2;928,5;928,2;529,6;25,8;14,2;25,8;24;16,3;13,5;63;49;49;263;4,8;1,1;
2021/06/06;1900 UTC;0;928;928,3;928;1098,5;24,5;15,7;27;24,4;15,9;12,5;59;42;58;108;4,8;1,2;
2021/06/06;2000 UTC;0;928,2;928,2;927,8;327,9;20,4;19,3;24,8;20,4;19,8;14,8;93;55;93;140;6,3;2,8;
2021/06/06;2100 UTC;0;928,9;928,9;928,2;14,9;18,8;18,8;20,3;18,8;20;18,8;100;94;100;122;6,3;2,7;
2021/06/06;2200 UTC;0;929,1;929,3;928,9;;18,6;18,6;18,8;18,6;18,8;18,6;100;100;100;122;6;2;
2021/06/06;2300 UTC;0;929,6;929,6;929,1;;18,4;18,3;18,6;18,3;18,6;18,3;100;100;100;117;4,8;2;
2021/06/07;0000 UTC;0;929,7;929,8;929,5;;18,1;18,1;18,4;18,1;18,4;18,1;100;100;100;130;4,7;2;
2021/06/07;0100 UTC;0;930;930,1;929,6;;18,2;18,2;18,2;18;18,2;18;100;100;100;159;4,7;1,7;
2021/06/07;0200 UTC;0;930,1;930,2;929,9;;17,4;;18,3;17,4;;;;;;174;4,5;1,8;
2021/06/07;0300 UTC;0;929,7;930,1;929,7;;17,3;;17,4;17,2;;;;;;154;4,5;2,2;
2021/06/07;0400 UTC;0;929,7;929,8;929,7;;17,3;;17,4;17,2;;;;;;136;4,5;1,8;
2021/06/07;0500 UTC;0;929,6;929,9;929,6;;17,3;;17,3;17,3;;;;;;162;4;1,5;
2021/06/07;0600 UTC;0;929,1;929,6;928,8;;17,1;;17,3;17;;;;;;159;4,7;2,6;
2021/06/07;0700 UTC;0;929,1;929,2;928,9;;17,2;;17,2;17,1;;;;;;160;4,7;1,9;
2021/06/07;0800 UTC;0;928,9;929,2;928,9;;17,3;;17,3;17,1;;;;;;156;3,7;1,2;
2021/06/07;0900 UTC;0;929,2;929,2;928,7;;17,3;;17,4;17,2;;;;;;178;3,4;1,2;
2021/06/07;1000 UTC;0;929,7;929,7;929,2;1,9;17,5;;17,5;17,3;;;;;;142;2,6;1,3;
2021/06/07;1100 UTC;0;930;930;929,7;131,3;18;;18;17,5;;;;;;118;3,7;1,8;
2021/06/07;1200 UTC;0;930,7;930,7;930;305,8;18,5;18,5;18,6;17,8;;;;;100;135;3,7;1,4;
2021/06/07;1300 UTC;0;931,2;931,2;930,7;480,8;18,9;18,9;18,9;18,5;18,9;18,2;100;97;100;148;4,3;2;
2021/06/07;1400 UTC;0;930,8;931,2;930,8;677,1;19,5;17,4;19,7;18,8;18,8;17,3;100;88;88;135;4,3;1,9;
2021/06/07;1500 UTC;0;930,2;930,8;930,2;881,4;19,5;16,6;20,1;19,3;17,7;16,6;90;83;83;146;5;2;
2021/06/07;1600 UTC;0;929,4;930,2;929,4;651,7;19;18;19,6;18,9;18,3;16,7;94;83;94;145;4,8;2,4;
2021/06/07;1700 UTC;0;928,9;929,4;928,9;376,3;18,8;18,1;19,2;18,8;18,7;17,2;97;89;96;159;4,5;1,9;
2021/06/07;1800 UTC;1,6;928,9;929;928,7;154,9;17,8;;18,8;17,7;;;;;;172;4,4;1,9;
2021/06/07;1900 UTC;,4;928,8;929,1;928,7;128,3;17,2;;17,8;17,2;;;;;;162;4,9;2,9;
2021/06/07;2000 UTC;0;929,4;929,4;928,7;74,8;17,1;;17,3;17;;;;;;164;6,6;2,8;
2021/06/07;2100 UTC;0;929,7;930;929,2;10,3;16,7;;17,1;16,7;;;;;;177;5,8;1,6;
2021/06/07;2200 UTC;0;930;930;929,3;;16,7;;16,7;16,6;;;;;;182;4,1;1,1;
2021/06/07;2300 UTC;0;930,4;930,4;929,7;;16,6;;16,7;16,5;;;;;;195;3,5;,9;
2021/06/08;0000 UTC;0;930,6;930,6;930,3;;16,6;;16,7;16,5;;;;;;194;3,6;,7;
2021/06/08;0100 UTC;0;930,4;930,6;930,3;;16,6;;16,8;16,6;;;;;;177;3,3;,9;
2021/06/08;0200 UTC;0;930,4;930,6;930,4;;16,3;;16,7;16,3;;;;;;194;3,1;1,4;
2021/06/08;0300 UTC;0;930,4;930,4;930,2;;16,3;;16,3;16,2;;;;;;187;3,5;,7;
2021/06/08;0400 UTC;0;930,1;930,5;930,1;;16,1;;16,4;16;;;;;;173;4,3;1,1;
2021/06/08;0500 UTC;0;929,7;930,1;929,7;;16,2;;16,2;16,1;;;;;;201;2,9;,6;
2021/06/08;0600 UTC;0;929,4;929,7;929,4;;15,9;;16,2;15,9;;;;;;186;2,9;1;
2021/06/08;0700 UTC;0;928,9;929,4;928,9;;15,9;;16;15,8;;;;;;250;2,9;,4;
2021/06/08;0800 UTC;,2;928,6;929;928,6;;15,9;;16;15,8;;;;;;253;2,5;,5;
2021/06/08;0900 UTC;,2;928,9;929,1;928,6;;16,1;;16,1;15,8;;;;;;171;3,7;1,6;
2021/06/08;1000 UTC;,2;929,6;929,6;928,9;4;16,1;;16,2;16;;;;;;172;3,7;2;
2021/06/08;1100 UTC;0;930,2;930,2;929,5;91,8;16,4;;16,4;16,1;;;;;;169;3,7;1,4;
2021/06/08;1200 UTC;0;930,7;930,8;930,2;264,6;17,1;;17,1;16,4;;;;;;171;4,3;1,8;
2021/06/08;1300 UTC;,8;930,7;930,8;930,5;597,1;17,3;;17,5;17;;;;;;131;5,9;2,6;
2021/06/08;1400 UTC;,4;930,6;931;930,6;891,9;17,8;17,8;18;17,2;;;;;100;146;5,4;2,3;
2021/06/08;1500 UTC;,4;930,4;930,7;930,4;1128,5;17,9;;18,4;17,4;;;;;;165;6,4;2,2;
2021/06/08;1600 UTC;0;929,3;930,4;929,3;963,2;18,2;18,2;19;17,9;18,9;17,6;100;94;100;163;5,8;3,1;
2021/06/08;1700 UTC;,2;929,2;929,3;928,9;527;17,4;;18,3;17,2;;;;;;156;5,8;2,4;
2021/06/08;1800 UTC;,4;929;929,3;928,9;397,5;17,1;;17,8;17,1;;;;;;167;6,5;3,2;
2021/06/08;1900 UTC;,2;929,4;929,4;928,7;264,1;17,4;;17,5;17;;;;;;168;6,5;1,7;
2021/06/08;2000 UTC;0;929;929,5;928,4;95,6;17;;17,5;17;;;;;;139;4,5;1,6;
2021/06/08;2100 UTC;0;928,9;929,1;928,6;9,4;16,8;;17,1;16,7;;;;;;111;3,7;1,5;
2021/06/08;2200 UTC;0;929,5;929,9;928,7;;16,7;;16,9;16,7;;;;;;158;4,5;2,1;
2021/06/08;2300 UTC;0;930,1;930,3;929,5;;16,4;;16,7;16,3;;;;;;151;4,6;1,7;
2021/06/09;0000 UTC;0;930,7;930,7;930,1;;16,2;;16,4;16,1;;;;;;164;4,4;1,6;
2021/06/09;0100 UTC;0;930,8;930,8;930,4;;16,3;;16,4;16,1;;;;;;118;4,8;,8;
2021/06/09;0200 UTC;0;930,7;930,9;930,6;;16,4;;16,5;16,3;;;;;;152;3;1,6;
2021/06/09;0300 UTC;0;930,6;930,8;930,5;;16,5;;16,5;16,4;;;;;;149;3,1;1,2;
2021/06/09;0400 UTC;0;930,5;930,7;930,4;;16,4;;16,6;16,4;;;;;;231;2,3;,1;
2021/06/09;0500 UTC;0;930;930,6;930;;16,6;;16,6;16,4;;;;;;137;2,3;,8;
2021/06/09;0600 UTC;0;929,7;930;929,7;;16,3;;16,6;16,3;;;;;;163;2,3;1;
2021/06/09;0700 UTC;0;929,5;929,7;929,5;;16,3;;16,4;16,3;;;;;;161;2,6;1,2;
2021/06/09;0800 UTC;0;929,2;929,5;929,1;;16,4;;16,5;16,3;;;;;;127;2,4;1,1;
2021/06/09;0900 UTC;0;929,8;929,8;929,2;;16,5;;16,5;16,3;;;;;;121;2,4;,7;
2021/06/09;1000 UTC;0;930,3;930,3;929,8;1,4;16,9;16,9;16,9;16,5;;;;;100;155;2,6;,9;
2021/06/09;1100 UTC;0;931;931;930,3;108,8;17,4;17,1;17,4;16,8;17,3;16,8;100;99;99;103;2,3;,6;
2021/06/09;1200 UTC;0;931,5;931,5;931;408,2;18,2;16,9;18,2;17,4;17,5;16,1;100;89;92;99;2,6;1,2;
2021/06/09;1300 UTC;0;931,8;931,8;931,5;629,2;19,1;16,4;19,1;18,2;16,9;15,7;92;83;84;89;3,3;1,5;
2021/06/09;1400 UTC;0;931,4;932;931,4;954,8;19,8;15,8;20;19,1;16,8;15,3;85;77;78;92;3,9;1,7;
2021/06/09;1500 UTC;0;931;931,5;931;1017,4;20,2;15,9;20,4;19,6;16,8;15,3;81;74;76;82;3,5;1,2;
2021/06/09;1600 UTC;0;930,1;931;930,1;1575,1;22,2;16,4;22,3;20,1;16,8;15,5;78;67;70;57;3,6;1,5;
2021/06/09;1700 UTC;0;929,2;930,1;929,2;1599,7;20,8;15,6;22,5;20,5;16,7;15,1;74;67;72;79;4,5;1,7;
2021/06/09;1800 UTC;0;928,7;929,2;928,7;1305,4;21,1;15,7;21,4;20,3;16,5;15,3;76;70;71;104;4,3;1,8;
2021/06/09;1900 UTC;,2;928,6;928,8;928,6;1068,4;21,1;15,9;21,5;21;16,3;15,5;73;70;72;113;3,9;1,5;
2021/06/09;2000 UTC;0;928,8;928,9;928,6;355,2;19,7;16,7;21,1;19,7;16,7;15,4;83;71;83;126;3,4;1,5;
2021/06/09;2100 UTC;0;929,7;929,7;928,8;22;17,9;17,9;19,7;17,9;19;16,8;100;83;100;126;5,5;1,9;
2021/06/09;2200 UTC;0;930,3;930,3;929,7;;17,3;;17,9;17,1;17,9;17,3;100;100;;134;5,2;1,7;
2021/06/09;2300 UTC;0;930,4;930,5;930,3;;16,8;;17,3;16,8;;;;;;136;4,9;,9;
2021/06/10;0000 UTC;0;930,8;930,8;930,4;;17,1;;17,1;16,8;;;;;;129;4,3;2,5;
2021/06/10;0100 UTC;0;930,9;931;930,8;;17,4;;17,4;17;;;;;;106;4,3;1,3;
2021/06/10;0200 UTC;0;930,6;930,9;930,6;;17,6;;17,6;17,4;;;;;;132;3,2;1,6;
2021/06/10;0300 UTC;0;930,4;930,7;930,4;;17,1;;17,6;17;;;;;;137;3,1;1,6;
2021/06/10;0400 UTC;0;930,3;930,5;930,3;;17,1;;17,3;17;;;;;;127;4,7;1,1;
2021/06/10;0500 UTC;0;930;930,5;930;;17,2;;17,3;17,1;;;;;;135;2,2;1;
2021/06/10;0600 UTC;0;929,4;930,2;929,4;;17,1;;17,2;17,1;;;;;;113;2,3;,9;
2021/06/10;0700 UTC;0;929,2;929,4;929;;17,7;17,7;17,7;17,1;;;;;100;50;3,5;1,4;
2021/06/10;0800 UTC;0;929,1;929,2;929;;18,1;17,2;18,1;17,7;18;17,1;100;94;95;53;4,8;1,8;
2021/06/10;0900 UTC;0;929,3;929,4;928,9;;17,9;17,8;18,1;17,9;17,9;17;100;93;99;39;5,7;1,9;
2021/06/10;1000 UTC;0;929,4;929,4;929,3;5,1;17,4;17,4;18;17,4;17,7;16,9;100;95;100;44;5,4;1,3;
2021/06/10;1100 UTC;0;929,7;929,8;929,3;155,7;18;17;18;17,4;17,5;16,9;100;94;94;58;5,2;1,5;
2021/06/10;1200 UTC;0;930,4;930,5;929,7;315,6;18,1;16,9;18,3;18;17,1;16,6;95;90;93;11;5,4;1,8;
2021/06/10;1300 UTC;0;930,5;930,5;930,4;486,5;18,8;16,8;18,8;18,1;17,1;16,4;93;87;88;52;5,7;1,8;
2021/06/10;1400 UTC;0;930,1;930,6;930,1;754,3;19,4;16,7;19,5;18,7;17,1;16,3;89;83;84;42;4,5;1,5;
2021/06/10;1500 UTC;0;929,7;930,1;929,7;645,1;19,6;16,5;19,9;19,4;17,1;16,4;85;81;83;64;4,6;,9;
2021/06/10;1600 UTC;0;929,2;929,7;929,2;377,8;19,9;16,7;20;19,6;17,2;16,5;85;81;82;31;2,4;,7;
2021/06/10;1700 UTC;0;928,9;929,2;928,9;364,6;20,3;17,3;20,4;19,9;17,9;16,5;86;80;83;276;1,6;,5;
2021/06/10;1800 UTC;0;928,5;928,9;928,5;332,3;20,2;18,6;20,5;20;18,8;17,1;92;81;91;278;3,1;,6;
2021/06/10;1900 UTC;0;928,4;928,5;928,3;198,4;19;19;20,2;19;19,2;17,5;100;86;100;310;4,5;1,2;
2021/06/10;2000 UTC;0;928,5;928,6;928,4;75,5;18,2;18,2;19;18,2;19;18,2;100;99;100;309;4,6;1,1;
2021/06/10;2100 UTC;,2;928,5;928,6;928,4;2,8;17,4;;18,2;17,4;;;;;;325;4,7;1,4;
2021/06/10;2200 UTC;,2;928,4;928,6;928,4;;17,4;;17,4;17,2;;;;;;355;3,6;1,5;
2021/06/10;2300 UTC;,2;928,3;928,5;928,1;;17,2;;17,4;17,2;;;;;;341;3;,8;
2021/06/11;0000 UTC;0;928,2;928,3;927,8;;17,3;;17,4;17,2;;;;;;295;2,9;,8;
2021/06/11;0100 UTC;,4;928,5;928,6;928,2;;17,3;;17,4;17,2;;;;;;332;4,6;1,9;
2021/06/11;0200 UTC;,4;927,8;928,6;927,8;;17,2;;17,3;17,2;;;;;;7;4,7;2,1;
2021/06/11;0300 UTC;,2;928,5;928,8;927,6;;17,1;;17,4;17;;;;;;290;5,8;1,1;
2021/06/11;0400 UTC;0;928,2;928,5;927,8;;16,6;;17,1;16,5;;;;;;295;3,7;,9;
2021/06/11;0500 UTC;0;927,5;928,2;927,5;;16,4;;16,7;16,4;;;;;;279;4,8;,5;
2021/06/11;0600 UTC;0;926,9;927,5;926,8;;16,5;;16,6;16,2;;;;;;278;3,9;,8;
2021/06/11;0700 UTC;0;926,9;926,9;926,6;;16;;16,5;16;;;;;;297;3,8;1,4;
2021/06/11;0800 UTC;0;926,9;927,1;926,6;;15,9;;16,1;15,9;;;;;;250;5,6;,5;
2021/06/11;0900 UTC;0;927,3;927,3;926,6;;15,6;;16;15,5;;;;;;275;2,4;,5;
2021/06/11;1000 UTC;,2;928,1;928,2;927,3;1,7;16,3;;16,3;15,5;;;;;;288;3,3;1;
2021/06/11;1100 UTC;0;928,7;928,7;927,7;178,3;17;;17,1;16,1;;;;;;277;3,3;,6;
2021/06/11;1200 UTC;0;929,8;929,8;928,7;246,5;17,8;17,8;17,9;17;17,9;17;100;100;100;272;2,6;,3;
2021/06/11;1300 UTC;0;930,2;930,3;929,8;366,2;17,6;16,4;18,3;17,6;18;16,2;100;90;93;238;4,5;1,7;
2021/06/11;1400 UTC;0;930,2;930,4;930,2;458,3;17,3;16,6;17,6;16,4;17,3;16,4;100;93;96;156;5,5;1,8;
2021/06/11;1500 UTC;0;930,1;930,3;930;646,4;16,3;16,3;18;16,3;17,1;15,9;100;89;100;185;5,6;2,4;
2021/06/11;1600 UTC;0;929,6;930,1;929,5;693,2;17,3;15,8;17,3;16,3;17,1;15,6;100;91;91;158;6,3;3;
2021/06/11;1700 UTC;0;929,1;929,6;929,1;759,1;16,8;15,2;17,4;15,7;16,5;15,2;100;89;90;153;6,6;2,8;
2021/06/11;1800 UTC;0;929;929,2;929;462,7;16,5;15,5;17,1;16,3;15,9;14,8;96;88;94;174;5,4;1,9;
2021/06/11;1900 UTC;0;928,8;929;928,7;395,7;16,5;15,4;16,9;16,4;16,4;14,9;98;89;93;162;3,8;1,7;
2021/06/11;2000 UTC;0;928,7;928,9;928,5;153,4;15,8;15,8;16,6;15,8;16,4;15,4;100;93;100;145;4,1;2;
2021/06/11;2100 UTC;0;929,2;929,2;928,6;5,7;15;;15,8;15;;;;;;139;4,5;1,9;
2021/06/11;2200 UTC;0;929,5;929,5;929,2;;14,9;14,9;15;14,6;;;;;100;155;4,6;1,9;
2021/06/11;2300 UTC;0;930;930,1;929,4;;15,1;15,1;15,2;14,9;15,2;14,3;100;95;100;146;4,3;1,5;
2021/06/12;0000 UTC;0;930,4;930,4;930;;15,1;15,1;15,2;14,9;15,2;14,9;100;100;100;146;3;1,2;
2021/06/12;0100 UTC;0;930,6;930,6;930,3;;13,9;;15,2;13,9;15,2;13,6;100;94;;139;2,4;,5;
2021/06/12;0200 UTC;0;930,6;930,6;930,5;;13,5;;14;13,4;;;;;;165;1,1;,5;
2021/06/12;0300 UTC;0;930,5;930,7;930,3;;13,4;;13,8;13,2;;;;;;153;1,2;,6;
2021/06/12;0400 UTC;0;930,3;930,6;930,2;;13,4;;13,7;13,2;;;;;;145;1,7;,7;
2021/06/12;0500 UTC;0;929,8;930,3;929,8;;12,9;;13,5;12,9;;;;;;94;1,5;,2;
2021/06/12;0600 UTC;0;929,2;929,8;929,2;;12,9;;13,2;12,7;;;;;;292;1,3;,2;
2021/06/12;0700 UTC;0;928,9;929,2;928,9;;12,8;;13,1;12,5;;;;;;273;1,6;,6;
2021/06/12;0800 UTC;0;928,9;929;928,7;;12,2;;12,9;12,1;;;;;;319;1,6;,9;
2021/06/12;0900 UTC;0;929,4;929,5;928,9;;12,2;;12,2;11,5;;;;;;287;2,8;,7;
2021/06/12;1000 UTC;0;930;930;929,3;2,4;12,6;;12,6;12;;;;;;108;2,1;,4;
2021/06/12;1100 UTC;0;931,1;931,2;930;149,8;12,6;;13;12,6;;;;;;228;1,8;,7;
2021/06/12;1200 UTC;0;931,4;931,4;931,1;546,5;13,3;;13,6;12,6;;;;;;325;2,1;,6;
2021/06/12;1300 UTC;0;931,9;931,9;931,3;846,8;14,2;;14,2;13;;;;;;320;2,3;,8;
2021/06/12;1400 UTC;0;931,5;931,9;931,5;1665,6;17,9;13,8;18,2;13,9;;;;;77;7;2,2;,9;
2021/06/12;1500 UTC;0;930,9;931,5;930,9;1384,7;18;12,2;18;16,6;13,9;11,5;80;68;69;163;3;,7;
2021/06/12;1600 UTC;0;930,1;930,9;930,1;1931,1;18,8;11,5;19,4;17,6;13,8;11;74;60;63;153;4;2;
2021/06/12;1700 UTC;0;929,6;930,1;929,6;1104,4;17,8;11,9;19,2;17,8;12,6;11;71;62;68;126;4,3;2,1;
2021/06/12;1800 UTC;0;929,4;929,6;929,4;1100,9;18,5;11,3;19,4;17,9;12,5;9,9;68;57;63;146;4,9;1,4;
2021/06/12;1900 UTC;,2;929,6;929,6;929,3;396,2;17,4;12,4;18,5;17,4;13,3;10,5;77;61;73;145;6;2,8;
2021/06/12;2000 UTC;0;930,1;930,1;929,6;246;16,3;14;17,5;16,3;14,1;12,4;86;73;86;154;5,9;3,2;
2021/06/12;2100 UTC;0;930,7;930,7;930,1;30,8;14,8;13,5;16,3;14,8;14;13,2;92;84;92;161;7,5;3,2;
2021/06/12;2200 UTC;0;931,1;931,1;930,7;;14,4;14,4;14,8;14,2;14,7;13,6;100;92;100;155;5,8;3,1;
2021/06/12;2300 UTC;0;931,6;931,6;931,1;;13,2;13,1;14,4;13,2;14,3;13,1;100;100;100;153;5,8;1,6;
2021/06/13;0000 UTC;0;931,8;931,8;931,6;;12,7;;13,2;12,6;;;;;;171;5,4;2,2;
2021/06/13;0100 UTC;0;932,2;932,2;931,8;;13,3;13,3;13,3;12,6;13,3;12,7;100;100;100;171;5,4;1,9;
2021/06/13;0200 UTC;0;932,4;932,4;932,2;;13,2;13,2;13,4;13,2;13,4;13,2;100;100;100;164;4,4;1,6;
2021/06/13;0300 UTC;0;932,5;932,6;932,4;;12,9;12,9;13,3;12,9;13,2;12,9;100;100;100;169;4,4;1,8;
2021/06/13;0400 UTC;0;932,2;932,5;932,2;;12,8;12,8;12,9;12,5;12,9;12,4;100;100;100;161;4,6;2,3;
2021/06/13;0500 UTC;0;932;932,3;932;;12,8;12,8;12,9;12,7;12,8;12,7;100;100;100;183;5,1;1,8;
2021/06/13;0600 UTC;0;931,7;932;931,6;;13,2;12,1;13,2;12,8;13,1;12;100;92;93;162;5,6;2,6;
2021/06/13;0700 UTC;0;931,7;931,7;931,6;;12,8;12,3;13,2;12,8;12,8;11,5;99;91;97;154;5,2;2;
2021/06/13;0800 UTC;0;931,7;931,8;931,7;;12,2;12,2;12,8;12,1;12,7;11,7;100;93;100;174;4,8;1,9;
2021/06/13;0900 UTC;0;932;932;931,6;;12,3;12,3;12,4;12,1;12,4;11,8;100;96;100;161;4,6;2,2;
2021/06/13;1000 UTC;0;932,5;932,5;932;,3;11,8;11,8;12,3;11,7;12,3;11,7;100;100;100;163;4,7;2,3;
2021/06/13;1100 UTC;0;933,2;933,3;932,5;216,2;13,1;12,3;13,2;11,7;13,1;11,7;100;95;95;158;5,1;2,9;
2021/06/13;1200 UTC;0;933,8;933,8;933,2;1093;14,6;11,1;14,6;13,1;12,6;11;96;80;80;138;6,3;2,6;
2021/06/13;1300 UTC;0;934,3;934,4;933,8;1624,5;15,4;10;15,9;14,5;11,2;9,9;80;70;70;141;7,5;3,2;
2021/06/13;1400 UTC;0;934,4;934,5;934,3;2074,7;16,5;9,6;16,6;15,4;11;9,2;73;63;64;126;7,7;2,8;
2021/06/13;1500 UTC;0;934,3;934,5;934,3;2322,4;16,6;9;17;16,1;10,2;8,4;65;59;61;125;6,6;3,2;
2021/06/13;1600 UTC;0;933,6;934,3;933,6;2433,9;16,4;10,4;17;16,2;11,4;8,5;71;59;68;132;6,4;2,9;
2021/06/13;1700 UTC;0;932,7;933,6;932,7;2152;16,4;11;17,2;16,1;11,8;10,3;72;65;71;157;7;4;
2021/06/13;1800 UTC;0;932,6;932,8;932,6;1787,8;16,3;10,3;16,9;16;11,6;10,1;72;67;68;132;6,4;2,8;
2021/06/13;1900 UTC;0;932,3;932,6;932,3;1183,2;15,1;10,6;16,3;15,1;11,4;9,8;75;66;75;146;7,2;3,7;
2021/06/13;2000 UTC;0;932,5;932,5;932,3;440,1;13,9;10,3;15,2;13,9;10,9;10,2;81;74;79;119;7,3;3,3;
2021/06/13;2100 UTC;0;932,9;932,9;932,5;24,1;13,1;10,5;13,9;13,1;11;10,1;84;78;84;149;7,3;3,3;
2021/06/13;2200 UTC;0;933,1;933,1;932,9;;12,6;10,5;13,1;12,6;10,8;10,5;88;84;87;154;7;3,6;
2021/06/13;2300 UTC;0;933,6;933,6;933,1;;12,4;10,6;12,7;12,4;10,8;10,4;89;87;89;128;6,5;3;
2021/06/14;0000 UTC;0;933,8;933,8;933,6;;12,6;10,4;12,6;12,1;11,6;10,4;96;87;87;123;5,8;2,7;
2021/06/14;0100 UTC;0;934;934;933,8;;12,5;10,6;12,7;12,5;10,8;10,3;88;86;88;127;6,7;2,9;
2021/06/14;0200 UTC;0;934,2;934,2;934;;12,2;10,5;12,5;12,2;10,6;10,3;90;87;90;134;6,3;2;
2021/06/14;0300 UTC;0;934,2;934,2;934,2;;12,2;12,2;12,3;12;12,3;10,6;100;90;100;128;4,4;1,7;
2021/06/14;0400 UTC;0;933,8;934,2;933,7;;12,8;12,7;12,8;12,1;12,7;12,1;100;100;100;115;6,3;2,5;
2021/06/14;0500 UTC;0;933,3;933,8;933,3;;13,4;12,3;13,4;12,7;13,2;12,2;100;93;93;127;6,3;2,3;
2021/06/14;0600 UTC;0;932,8;933,3;932,8;;13,1;13,1;13,4;13,1;13,4;12,3;100;93;100;100;5,2;1,5;
2021/06/14;0700 UTC;0;932,6;932,8;932,6;;12,6;12,6;13,1;12,6;13,1;12,6;100;100;100;123;3,6;1,5;
2021/06/14;0800 UTC;0;932,4;932,6;932,3;;12,1;12,1;12,6;12;12,6;12;100;100;100;105;3,7;1,5;
2021/06/14;0900 UTC;0;932,5;932,5;932,3;;12;12;12,2;12;12,2;12;100;100;100;112;3,8;1,1;
2021/06/14;1000 UTC;0;933,1;933,1;932,5;1;12,1;12;12,2;11,8;12,1;11,8;100;100;100;105;2,6;1,3;
2021/06/14;1100 UTC;0;933,2;933,2;933;170,5;13;12,2;13;12,1;12,8;11,7;100;92;95;114;3,1;1,6;
2021/06/14;1200 UTC;0;933,6;933,6;933,2;714,6;14,5;11,2;14,5;13;12,6;11,2;96;80;80;96;4,2;1,9;
2021/06/14;1300 UTC;0;933,7;933,7;933,5;1448,6;16,2;11,5;16,6;14,5;12,1;11,1;81;71;73;76;4,9;2;
2021/06/14;1400 UTC;0;933,4;933,7;933,4;1913,2;17,2;11,8;18;15,9;12,7;11,2;75;66;70;72;5;1,8;
2021/06/14;1500 UTC;0;932,6;933,4;932,6;2234,4;18,9;12;19;17,3;12,9;11,1;70;64;64;69;4,8;1,8;
2021/06/14;1600 UTC;0;931,7;932,6;931,7;2260,2;18,8;12,1;19,4;18,4;12,9;11,7;68;62;65;107;4,4;2,3;
2021/06/14;1700 UTC;0;930,8;931,7;930,8;2039;19;13,3;19,8;18,7;13,4;12;70;62;69;159;4,8;2,8;
2021/06/14;1800 UTC;0;930,6;930,8;930,5;1672,8;18;13,4;19,1;17,9;13,6;12,9;74;68;74;158;6,6;4;
2021/06/14;1900 UTC;0;930,6;930,6;930,5;1082,6;16,8;14;18,2;16,7;14;13,1;83;74;83;154;7;3,5;
2021/06/14;2000 UTC;0;931;931;930,6;401;15,2;13,6;16,9;15,2;14,2;13,6;90;83;90;138;7,8;3,3;
2021/06/14;2100 UTC;0;931,2;931,2;930,9;27,1;15;15;15,3;14,9;15,1;13,6;100;90;100;145;8,3;2,6;
2021/06/14;2200 UTC;0;931,5;931,5;931,2;;14,9;14,8;15;14,8;15;14,8;100;100;100;128;6;2;
2021/06/14;2300 UTC;0;931,6;931,7;931,4;;14,5;14,5;14,9;14,4;14,9;14,4;100;100;100;147;5,1;2;
2021/06/15;0000 UTC;0;931,6;931,7;931,5;;14,5;14,5;14,6;14,4;14,6;14,4;100;100;100;110;3,8;1,1;
2021/06/15;0100 UTC;0;932;932,1;931,6;;14,6;14,5;14,6;14,4;14,6;14,4;100;100;100;94;3,2;1,3;
2021/06/15;0200 UTC;0;932;932,1;932;;14,7;14,7;14,8;14,6;14,7;14,5;100;100;100;113;3;1;
2021/06/15;0300 UTC;0;931,8;932,1;931,8;;14,7;14,7;14,8;14,6;14,8;14,6;100;100;100;119;2,2;1,1;
2021/06/15;0400 UTC;0;931,7;931,8;931,6;;13,8;13,8;14,7;13,8;14,7;13,8;100;100;100;44;2,8;,5;
2021/06/15;0500 UTC;0;931,2;931,7;931,2;;13,1;;13,8;13,1;;;;;;119;1,6;,8;
2021/06/15;0600 UTC;0;930,9;931,2;930,8;;12,8;;13,2;12,6;;;;;;140;1,6;,7;
2021/06/15;0700 UTC;0;930,6;930,9;930,6;;13;;13,1;12,8;;;;;;82;2,1;1,1;
2021/06/15;0800 UTC;0;930,2;930,6;930,2;;12,8;;13,1;12,8;;;;;;66;3,6;1,2;
2021/06/15;0900 UTC;0;930,4;930,4;930,1;;13;;13,1;12,8;;;;;;17;2,9;,9;
2021/06/15;1000 UTC;0;930,9;930,9;930,4;,8;12,9;;13,2;12,9;;;;;;348;3,1;1,3;
2021/06/15;1100 UTC;0;931,1;931,1;930,9;95;12,8;12,8;13,1;12,8;;;;;100;357;3,4;1,4;
2021/06/15;1200 UTC;0;931,4;931,4;931,1;346,5;13,7;13,7;13,7;12,7;;;;;100;29;3,7;1,9;
2021/06/15;1300 UTC;0;931,3;931,6;931,3;1029,2;16;12,8;16;13,7;14,7;12;100;80;81;344;3,7;1,5;
2021/06/15;1400 UTC;0;931,1;931,4;931,1;1935,2;18,2;13,2;18,2;16;13,6;12,3;81;71;72;10;3,9;1,4;
2021/06/15;1500 UTC;0;930,2;931,1;930,2;2172,7;20,5;13,8;20,5;18,3;14,3;12,5;73;63;66;53;3,5;1,1;
2021/06/15;1600 UTC;0;928,9;930,2;928,9;2179,3;22;13,5;22,3;20,5;14,3;12,2;66;55;59;42;4,2;1,2;
2021/06/15;1700 UTC;0;928,1;928,9;928,1;1896,1;23,2;13,5;23,9;22;14,7;12,3;61;51;55;288;5,3;1,3;
2021/06/15;1800 UTC;0;927,9;928,1;927,9;973,5;22,3;12,7;23,8;21,8;14,7;12,3;64;51;54;292;4,7;1,4;
2021/06/15;1900 UTC;0;928,1;928,1;927,8;634,4;19,1;15,5;23,6;18,9;15,5;12,1;79;49;79;155;5,5;2,2;
2021/06/15;2000 UTC;0;928,6;928,6;928;350,1;16,4;16,4;19,2;16,4;16,8;15,1;100;78;100;128;5,8;2,5;
2021/06/15;2100 UTC;0;928,8;928,8;928,5;25,3;15,5;;16,5;15,5;;;;;;138;5;1,7;
2021/06/15;2200 UTC;0;929,4;929,4;928,8;;15;;15,5;15;;;;;;167;4,7;2,5;
2021/06/15;2300 UTC;0;929,5;929,5;929,3;;14,9;;15,1;14,8;;;;;;159;4,3;1,4;
2021/06/16;0000 UTC;0;929,8;929,8;929,5;;14,9;;15,1;14,9;;;;;;143;4,1;1,7;
2021/06/16;0100 UTC;0;930,1;930,1;929,8;;15,2;15,2;15,2;14,8;;;;;100;165;4;1,6;
2021/06/16;0200 UTC;0;930;930,1;929,9;;14,8;14,8;15,2;14,8;15,2;13,2;100;63;100;164;4,6;2,1;
2021/06/16;0300 UTC;0;930,1;930,3;930;;14,6;14,6;14,8;14,4;14,8;14,4;100;100;100;165;5,2;1,2;
2021/06/16;0400 UTC;0;930;930,1;929,9;;13,3;;14,6;13,3;;;;;;152;6,1;,6;
2021/06/16;0500 UTC;0;929,6;930;929,6;;12,8;;13,5;12,8;;;;;;169;3,3;,6;
2021/06/16;0600 UTC;0;929,2;929,6;929,2;;12,9;;13,2;12,6;;;;;;150;3;1,1;
2021/06/16;0700 UTC;0;929,1;929,3;929,1;;12,5;;13;12,1;;;;;;117;2,1;,9;
2021/06/16;0800 UTC;0;929,1;929,1;929;;12,9;;13;12,2;;;;;;188;1,9;,8;
2021/06/16;0900 UTC;0;929,4;929,4;929;;13,4;;13,4;12,9;;;;;;201;2,4;1,1;
2021/06/16;1000 UTC;0;929,7;929,7;929,4;,3;13,6;;13,6;13,2;;;;;;159;4,3;2,1;
2021/06/16;1100 UTC;0;930,2;930,2;929,7;107,7;13,3;13,3;13,7;13,1;13,5;13,1;100;100;100;181;4,8;1,5;
2021/06/16;1200 UTC;0;930,6;930,6;930,2;480,5;14,1;13,7;14,3;13,3;14,2;13,3;100;96;98;154;4,4;2;
2021/06/16;1300 UTC;0;930,9;930,9;930,6;1468,6;15,2;11,9;16,7;14,1;13,8;11,6;98;75;81;163;5,4;2,8;
2021/06/16;1400 UTC;0;930,5;930,9;930,4;1716,9;17,1;12,4;17,2;15,1;12,7;11,2;83;70;74;148;5,9;2,3;
2021/06/16;1500 UTC;0;930,1;930,5;930,1;2306,8;17,3;10,3;18,6;16,4;13;10,3;77;63;64;127;6;2,8;
2021/06/16;1600 UTC;0;929,3;930,1;929,3;1685,4;18;11,4;18,5;16,8;11,9;9,7;69;60;65;123;5,9;2,3;
2021/06/16;1700 UTC;0;929,1;929,4;929,1;1056,6;17;12,4;18,5;16,9;12,7;10,3;75;63;74;160;5,8;2,4;
2021/06/16;1800 UTC;0;929,2;929,3;929,1;1124,3;16,9;12,1;17,4;16,3;13,1;11,9;78;73;74;155;6,6;2,9;
2021/06/16;1900 UTC;0;929,3;929,3;928,9;782,7;15,7;11,9;17,2;15,7;13,1;11,7;81;73;78;162;7,2;3,6;
2021/06/16;2000 UTC;0;929,9;929,9;929,3;277,6;14,7;12,8;15,8;14,7;13,1;11,9;90;78;88;169;7,4;2,7;
2021/06/16;2100 UTC;0;930,4;930,5;929,9;20,6;14,1;12,5;14,7;14,1;12,9;12,4;91;88;90;163;6,6;2,3;
2021/06/16;2200 UTC;0;930,7;930,8;930,4;;13,9;13,9;14,1;13,6;13,9;12,6;100;90;100;162;4,8;1,8;
2021/06/16;2300 UTC;0;930,8;930,9;930,7;;13,9;13,9;14;13,6;14;13,6;100;100;100;153;5,1;2;
2021/06/17;0000 UTC;0;931,1;931,1;930,8;;13,8;13,8;13,9;13,7;13,9;13,7;100;100;100;164;5,3;2,1;
2021/06/17;0100 UTC;0;931,2;931,2;931;;13,7;;13,8;13,6;13,8;13,6;100;100;;158;4,4;1,6;
2021/06/17;0200 UTC;0;931,3;931,3;931,1;;13,6;;13,7;13,4;;;;;;179;4,8;1,6;
2021/06/17;0300 UTC;0;931,3;931,4;931,3;;13,3;;13,6;13,3;;;;;;172;3,9;1,5;
2021/06/17;0400 UTC;0;931,4;931,4;931,3;;13,2;;13,3;13,1;;;;;;179;4,6;1,6;
2021/06/17;0500 UTC;,4;931,3;931,4;931,3;;13,2;;13,3;13,2;;;;;;171;3,8;1,7;
2021/06/17;0600 UTC;,8;931,1;931,3;931,1;;13,2;;13,3;13;;;;;;148;3,9;1,1;
2021/06/17;0700 UTC;,2;931;931,1;930,9;;12,9;;13,2;12,9;;;;;;177;3,3;1,7;
2021/06/17;0800 UTC;0;931,1;931,1;931;;12,8;;13;12,8;;;;;;161;4,2;2,2;
2021/06/17;0900 UTC;,4;931,5;931,5;931,1;;12,6;;12,9;12,5;;;;;;162;4,5;2,2;
2021/06/17;1000 UTC;,2;932;932;931,5;,6;12,4;;12,7;12,4;;;;;;166;4,7;2,6;
2021/06/17;1100 UTC;,2;932,3;932,3;931,9;65,2;12,5;;12,8;12,3;;;;;;156;4,7;2;
2021/06/17;1200 UTC;0;932,8;932,8;932,2;427,9;13,3;;13,6;12,4;;;;;;149;4,4;,9;
2021/06/17;1300 UTC;0;933,2;933,2;932,8;575,9;14,4;13,6;14,6;13;;;;;95;119;3,3;1;
2021/06/17;1400 UTC;0;933,1;933,3;933,1;829,9;15,2;12,7;15,4;14,2;14,5;11,9;100;83;85;137;3;1,1;
2021/06/17;1500 UTC;0;932,4;933,1;932,4;809,9;15,1;13,1;15,3;14,6;14,5;11,9;99;82;88;154;3,9;1,4;
2021/06/17;1600 UTC;0;931,8;932,4;931,8;1713,4;16,6;12,4;16,6;14,8;14,8;12,1;99;76;76;152;3,7;1,8;
2021/06/17;1700 UTC;0;931,2;931,8;931,2;1453,9;17,2;11,3;17,2;15,9;12,8;11,1;81;68;68;157;4,5;2,2;
2021/06/17;1800 UTC;0;931,1;931,2;931,1;1021,5;16,7;12,4;18,1;15,6;13;11,6;83;68;76;166;5,7;2,2;
2021/06/17;1900 UTC;0;931,3;931,3;931,1;784,9;15,4;12,6;17,1;15,4;13,5;11,9;86;73;83;154;6,1;3,1;
2021/06/17;2000 UTC;0;931,6;931,6;931,3;381,4;14,8;14,2;16;14,7;14,2;12,4;96;82;96;162;6;2,6;
2021/06/17;2100 UTC;0;932,1;932,2;931,6;41,9;13,8;13,8;14,8;13,8;14,5;13,8;100;95;100;155;5,3;2,8;
2021/06/17;2200 UTC;0;932,4;932,4;932,1;;13,1;13,1;13,8;13,1;;;;;100;164;5,3;2,5;
2021/06/17;2300 UTC;0;932,8;932,9;932,4;;12,8;12,8;13,2;12,6;13,2;11,5;100;89;100;167;5,8;2,1;
2021/06/18;0000 UTC;0;932,9;933;932,9;;13,2;13,2;13,2;12,8;;;;;100;146;4,9;1,9;
2021/06/18;0100 UTC;0;933,2;933,2;932,4;;13,1;;13,4;13;;;;;;173;4,3;1,7;
2021/06/18;0200 UTC;0;933,1;933,2;933;;12,9;12,9;13,1;12,9;;;;;100;185;4,1;1,3;
2021/06/18;0300 UTC;0;932,8;933,1;932,8;;12,3;;12,9;12,3;12,9;12,6;100;94;;109;3,3;,4;
2021/06/18;0400 UTC;0;933,2;933,2;932,8;;12,7;;12,7;12,2;;;;;;137;1,5;,5;
2021/06/18;0500 UTC;0;932,8;933,2;932,6;;12,7;;12,7;12,5;;;;;;168;2,5;1,2;
2021/06/18;0600 UTC;0;932,5;932,9;932,5;;12,7;;12,8;12,6;;;;;;179;3,2;1,5;
2021/06/18;0700 UTC;0;932,4;932,6;932,4;;12,9;;12,9;12,7;;;;;;175;3,1;1,1;
2021/06/18;0800 UTC;0;932,7;932,7;932,4;;12,8;;12,9;12,8;;;;;;189;2,8;1;
2021/06/18;0900 UTC;0;933;933;932,7;;12,4;;12,8;12,4;;;;;;214;2,2;1;
2021/06/18;1000 UTC;0;933,4;933,4;933;,3;12;;12,4;12;;;;;;185;2,6;,8;
2021/06/18;1100 UTC;0;934;934;933,4;247,9;14,3;13,7;14,3;11,9;;;;;96;110;2,1;1,1;
2021/06/18;1200 UTC;0;934,7;934,7;934;572,4;14;14;14,9;14;14,7;12,6;100;88;100;105;2,1;1,3;
2021/06/18;1300 UTC;0;934,6;934,8;934,6;1566,5;16,3;12,7;16,3;14;14,7;11,9;100;79;79;115;3,4;1,1;
2021/06/18;1400 UTC;0;934,5;934,7;934,4;1911;17,2;12;17,5;15,7;12,9;11,6;80;70;71;138;4;1,8;
2021/06/18;1500 UTC;0;933,9;934,5;933,9;1807,8;17,3;12,1;18,2;16,7;12,5;11,1;75;65;71;160;4,6;1,8;
2021/06/18;1600 UTC;0;933,1;933,9;933,1;1765,2;18,2;12,3;18,8;17,2;13,2;11,3;72;65;69;154;5,6;2,9;
2021/06/18;1700 UTC;0;932,5;933,1;932,5;1834,8;18,1;13,5;18,7;17,5;13,5;11,8;76;66;74;126;6,2;2,9;
2021/06/18;1800 UTC;0;932,4;932,5;932,3;1589,6;17,7;12,9;18,3;17,6;13,8;12,7;76;71;73;133;6,4;2,7;
2021/06/18;1900 UTC;0;932,4;932,5;932,2;1039,8;16,7;13,1;17,9;16,6;13,6;12,6;81;72;79;127;7,2;2,8;
2021/06/18;2000 UTC;,2;932,6;932,6;932,3;363,5;15,3;13,3;16,8;15,3;13,5;12,7;89;78;88;134;7,1;2,5;
2021/06/18;2100 UTC;0;932,7;932,7;932,5;27,8;14,2;14,2;15,3;14,2;14,8;13,1;100;87;100;135;5,6;2,6;
2021/06/18;2200 UTC;0;933,7;933,7;932,7;;14,3;14,3;14,3;14;14,3;14;100;100;100;129;5,5;1,8;
2021/06/18;2300 UTC;0;933,7;933,9;933,7;;14,3;14,3;14,5;14,3;14,5;14,3;100;100;100;146;4,9;2,3;
2021/06/19;0000 UTC;0;933,9;934,3;933,7;;14,2;14,2;14,3;14,1;14,3;14;100;100;100;134;4,9;2,1;
2021/06/19;0100 UTC;0;933,9;934,1;933,6;;14,3;14,3;14,4;14,2;14,4;14,2;100;100;100;127;6,4;2,4;
2021/06/19;0200 UTC;0;933,7;934,1;933,7;;14,2;14,2;14,5;14,2;14,5;14,2;100;100;100;110;5,3;2,2;
2021/06/19;0300 UTC;0;933,1;933,7;933;;14,2;14,2;14,3;13,9;14,2;12,6;100;89;100;131;6,3;2,2;
2021/06/19;0400 UTC;0;932,8;933,2;932,3;;14,4;14,3;14,4;14,2;;;;;100;109;5,8;1,9;
2021/06/19;0500 UTC;0;932,2;933;932,2;;14,3;;14,4;14,3;14,4;14,3;100;94;;109;3,7;1,5;
2021/06/19;0600 UTC;0;932;932,2;931,8;;14,3;;14,3;14,1;;;;;;131;3,8;1,4;
2021/06/19;0700 UTC;0;932,1;932,2;931,8;;14,6;14,6;14,7;14,2;14,6;14,3;100;90;100;137;3,8;1,4;
2021/06/19;0800 UTC;,8;932,2;932,8;932,1;;14,2;;14,6;14,2;;;;;;130;4,2;2;
2021/06/19;0900 UTC;,2;932,2;932,7;932,1;;14;;14,3;14;;;;;;122;4,8;2,1;
2021/06/19;1000 UTC;0;932,9;933;932,2;;14,1;;14,1;14;;;;;;115;4,4;1,8;
2021/06/19;1100 UTC;,2;933,1;933,1;932,8;38,4;14,1;;14,2;14;;;;;;132;3,6;,8;
2021/06/19;1200 UTC;0;933,2;933,5;933;98,3;14,6;;14,6;14,1;;;;;;73;2,8;,8;
2021/06/19;1300 UTC;0;932,9;933,4;932,8;315,9;15,8;14,4;15,8;14,6;15,4;14,2;100;90;91;59;4,9;1,4;
2021/06/19;1400 UTC;0;932,2;932,9;932,2;500,1;16,3;13,9;16,3;15,7;14,5;13,5;93;84;86;62;5,9;1,9;
2021/06/19;1500 UTC;0;931,3;932,2;931,2;553,6;16,7;13,2;17;16,3;14,2;13,1;86;79;80;28;5,3;1,9;
2021/06/19;1600 UTC;0;930,2;931,3;930,2;1095,4;17,7;13,4;18;16,7;13,8;13;82;74;76;48;7,2;2;
2021/06/19;1700 UTC;0;929,7;930,4;929,7;1143,4;17,9;13,4;18,7;17,5;14,1;13;77;72;75;62;6;1,9;
2021/06/19;1800 UTC;0;929,3;929,7;929,2;820,9;18,4;13,9;18,4;17,7;14,3;13,2;78;73;75;113;4,3;1,3;
2021/06/19;1900 UTC;0;929,1;929,3;928,9;672,7;17;16,2;18,7;17;16,2;13,4;95;73;95;153;5,6;3,2;
2021/06/19;2000 UTC;0;929,3;929,5;929,1;178,6;15,9;;17;15,8;16,8;15,8;100;96;;140;5,8;2,5;
2021/06/19;2100 UTC;0;929,8;929,9;929,3;25,3;15,6;;15,9;15,6;;;;;;145;5,4;2,1;
2021/06/19;2200 UTC;0;929,5;929,9;929,5;;15,3;;15,6;15,3;;;;;;114;4,3;1,7;
2021/06/19;2300 UTC;0;929,8;929,8;929,4;;15,3;;15,3;15,2;;;;;;206;3,4;,4;
2021/06/20;0000 UTC;,4;929,8;930,1;929,7;;15,2;;15,4;15,2;;;;;;81;1,4;,5;
2021/06/20;0100 UTC;,2;929,4;929,9;929,2;;15,2;;15,3;15,1;;;;;;235;2,4;,2;
2021/06/20;0200 UTC;0;928,9;929,7;928,9;;14,8;;15,4;14,7;;;;;;158;2,2;,6;
2021/06/20;0300 UTC;0;928,6;929;928,5;;15,1;;15,2;14,7;;;;;;235;1,7;,8;
2021/06/20;0400 UTC;0;929;929;928,5;;15,1;;15,1;15;;;;;;257;2,2;,5;
2021/06/20;0500 UTC;,4;928,2;929,5;928,1;;15,1;;15,2;14,9;;;;;;349;2,3;,8;
2021/06/20;0600 UTC;0;928,3;928,3;927,6;;15,1;;15,1;14,8;;;;;;265;2,5;,7;
2021/06/20;0700 UTC;,2;927,9;928,6;927,4;;15,1;;15,3;14,9;;;;;;272;2,8;,5;
2021/06/20;0800 UTC;0;927,7;928;927,6;;14,9;;15,2;14,9;;;;;;317;1,9;,3;
2021/06/20;0900 UTC;0;927,9;927,9;927,6;;14,6;;14,9;14,6;;;;;;251;2,8;,4;
2021/06/20;1000 UTC;0;927,8;927,9;927,7;,5;14,7;;14,7;14,2;;;;;;321;5,3;1,8;
2021/06/20;1100 UTC;0;928;928,1;927,8;131,6;15,5;;15,5;14,7;;;;;;320;5,3;1,5;
2021/06/20;1200 UTC;0;929;929;928;592,9;18,5;15,5;18,5;15,5;;;;;83;283;5,7;1,2;
2021/06/20;1300 UTC;0;929,2;929,2;929;1340,8;20;14,6;20,6;18;16,2;14,3;83;71;71;291;7,5;1,8;
2021/06/20;1400 UTC;0;928,8;929,2;928,8;1039,1;19,2;13,8;20,2;19,1;15,3;13,8;78;69;71;279;6,1;1,6;
2021/06/20;1500 UTC;0;928,2;928,8;928,2;1276,4;21,7;15,4;21,7;18,7;15,5;13,5;75;65;67;294;6,3;2;
2021/06/20;1600 UTC;0;927,7;928,2;927,7;1620,9;21,3;13,9;21,9;19,9;15,2;13,4;69;63;63;285;8,1;1,9;
2021/06/20;1700 UTC;0;927,7;927,7;927,5;1912,4;19,8;13,5;22,4;19,7;14,5;12,6;67;57;67;261;8,3;1,7;
2021/06/20;1800 UTC;,2;927,8;927,8;927,6;1425,1;20;12,9;20,1;19,1;14,4;12,9;72;64;64;263;6,5;2,4;
2021/06/20;1900 UTC;0;928,5;928,6;927,8;789,1;18,4;11,9;20,4;18,4;13;11,8;66;60;66;243;8,4;2,1;
2021/06/20;2000 UTC;0;929,1;929,1;928,5;329,6;16,8;12,1;18,9;16,8;12,3;11,8;74;64;74;223;6,3;2,4;
2021/06/20;2100 UTC;0;929,8;929,8;929,1;16,8;15,6;11,9;16,8;15,6;12,2;11,9;79;74;79;187;5,9;1,2;
2021/06/20;2200 UTC;0;930,6;930,6;929,8;;14,5;14,5;15,6;14,4;14,7;11,9;100;79;100;174;5,8;1,9;
2021/06/20;2300 UTC;0;931,1;931,1;930,6;;14,3;14,3;14,6;13,8;14,6;13,8;100;100;100;167;5,2;1,7;
2021/06/21;0000 UTC;0;931,4;931,5;931,1;;13,6;;14,4;13,6;;;;;;182;5;2,1;
2021/06/21;0100 UTC;0;931,8;931,8;931,4;;13,8;13,8;13,9;13,5;13,9;13,5;100;100;100;193;5,7;1,4;
2021/06/21;0200 UTC;0;931,9;932;931,8;;13,7;;13,8;13,6;;;;;;216;3,4;,7;
2021/06/21;0300 UTC;0;931,8;931,9;931,7;;13,7;13,6;13,8;13,5;13,8;13,5;100;100;100;193;2,7;1;
2021/06/21;0400 UTC;0;931,6;931,8;931,6;;13,5;;13,8;13,5;13,8;13,6;100;85;;206;2,4;1,1;
2021/06/21;0500 UTC;0;931,6;931,8;931,6;;13,4;13,4;13,6;13,4;;;;;100;177;2,4;,5;
2021/06/21;0600 UTC;,6;931,3;931,6;931,3;;13,2;;13,5;13,2;;;;;;193;2,2;,8;
2021/06/21;0700 UTC;0;931,1;931,4;931,1;;13,1;;13,3;13,1;;;;;;183;2,9;1,1;
2021/06/21;0800 UTC;0;931,3;931,4;931,1;;12,9;;13,1;12,9;;;;;;162;2,8;,8;
2021/06/21;0900 UTC;,4;931,8;931,8;931,3;;13;;13,1;12,9;;;;;;129;2,6;1;
2021/06/21;1000 UTC;0;932,1;932,2;931,8;1,3;12,9;;13;12,8;;;;;;181;2,8;,8;
2021/06/21;1100 UTC;,4;932,8;932,8;932,1;88,9;13;;13;12,8;;;;;;149;3,6;1,2;
2021/06/21;1200 UTC;,2;933,1;933,2;932,7;432,8;13,7;;13,7;12,8;;;;;;175;2,7;1,4;
2021/06/21;1300 UTC;0;932,7;933,2;932,4;1435,3;15,4;12,9;15,5;13,5;14,9;12,1;100;82;85;128;5,6;2,9;
2021/06/21;1400 UTC;0;932,9;933;932,3;1608,9;16;12,7;16,5;15;13,8;11,4;89;74;81;137;5,7;1,7;
2021/06/21;1500 UTC;0;932,4;932,9;932,4;1236,1;16,3;12,4;17;15,9;13;11,4;82;74;78;113;4;1,9;
2021/06/21;1600 UTC;0;931,4;932,4;931,4;2162,6;17,6;12,2;17,6;16,3;13,1;11,6;79;69;70;100;4,3;1,9;
2021/06/21;1700 UTC;0;930,8;931,4;930,8;1644,2;17,6;12;18;17,2;13;11,1;73;67;70;109;4,6;1,7;
2021/06/21;1800 UTC;0;930,5;930,8;930,4;993,1;17,6;11,8;18;17,3;12,6;11,1;72;66;69;124;3,6;1,5;
2021/06/21;1900 UTC;0;930,6;930,7;930,3;321,5;16,4;12,9;17,5;16,4;13;11,3;80;68;80;153;4,6;2,4;
2021/06/21;2000 UTC;0;930,6;930,7;930,2;144,6;15,2;15,1;16,4;15,1;15,2;12,8;100;80;100;142;5,6;2,4;
2021/06/21;2100 UTC;0;931;931,4;930,6;11,3;14,7;14,6;15,2;14,6;15,2;14,6;100;100;100;141;5;2,4;
2021/06/21;2200 UTC;0;930,8;931;930,7;;14,3;;14,7;14,3;;;;;;138;5;2;
2021/06/21;2300 UTC;0;931,5;931,7;930,8;;14,1;;14,4;14;;;;;;99;4,2;1,4;
2021/06/22;0000 UTC;0;931,7;932;931,4;;13,9;;14,1;13,8;;;;;;129;3;1,4;
2021/06/22;0100 UTC;,4;931,6;931,7;931;;13,8;;13,9;13,7;;;;;;137;3,8;1,7;
2021/06/22;0200 UTC;,8;932,6;932,6;931,6;;13,7;;14;13,7;;;;;;183;5,4;2,3;
2021/06/22;0300 UTC;1,8;932;932,6;931,6;;13,6;;13,7;13,4;;;;;;158;5,4;1,7;
2021/06/22;0400 UTC;1,6;931,7;932,3;931,6;;13,7;;13,7;13,5;;;;;;121;4;1,3;
2021/06/22;0500 UTC;,4;930,9;931,9;930,8;;13,7;;13,7;13,6;;;;;;9;4,2;1,5;
2021/06/22;0600 UTC;0;930,5;930,9;930,4;;13,9;;14;13,7;;;;;;356;4,2;1,5;
2021/06/22;0700 UTC;1,2;930,7;930,9;930,4;;13,9;;14,1;13,9;;;;;;63;3,8;,8;
2021/06/22;0800 UTC;0;930,3;930,7;930;;14,1;;14,2;13,9;;;;;;50;3;,8;
2021/06/22;0900 UTC;0;930,8;930,8;930,2;;14,4;;14,4;14,1;;;;;;121;3;,9;
2021/06/22;1000 UTC;0;931,2;931,2;930,8;,5;13,8;;14,4;13,8;;;;;;160;3,3;1,6;
2021/06/22;1100 UTC;0;932;932;931,1;29,9;14;;14;13,8;;;;;;192;3,7;1,1;
2021/06/22;1200 UTC;0;932,3;932,6;932;147,5;14,4;;14,4;13,9;;;;;;129;2,4;1;
2021/06/22;1300 UTC;0;932,6;932,9;932,3;417,4;15,6;15,6;15,8;14,3;;;;;100;350;2;,6;
2021/06/22;1400 UTC;0;932,5;932,7;932,4;730;16,5;15,1;16,8;15,5;16,3;14,9;100;91;92;93;1,7;,9;
2021/06/22;1500 UTC;0;932,1;932,5;932,1;489,9;16,7;15,8;16,7;16,4;16,1;14,8;97;89;94;161;2,3;,5;
2021/06/22;1600 UTC;0;931,6;932,1;931,6;403,8;16,5;15,9;16,9;16,4;16,7;14,6;100;87;97;121;2,5;1,5;
2021/06/22;1700 UTC;0;931,4;931,7;931,4;461,8;16,6;15,3;16,8;16,2;16,6;15,2;100;91;92;168;3,1;1,3;
2021/06/22;1800 UTC;0;931,3;931,5;931,3;312;16,5;15,3;16,8;16,3;16,1;14,7;97;90;92;157;4;1,9;
2021/06/22;1900 UTC;0;931,4;931,4;931,1;198,2;16,2;14,9;16,5;15,9;16,1;14,6;100;90;92;165;5,2;1,9;
2021/06/22;2000 UTC;0;932;932,1;931,4;100,9;15,5;15,5;16,2;15,5;16,2;14,8;100;92;100;151;5,4;2,9;
2021/06/22;2100 UTC;0;932,9;932,9;931,8;20,7;14,8;;15,6;14,8;15,6;14,9;100;100;;175;5,4;2,3;
2021/06/22;2200 UTC;0;933;933,1;932,4;;14,6;;14,8;14,6;;;;;;163;5,9;2,8;
2021/06/22;2300 UTC;0;933,5;933,6;933;;14,3;;14,6;14,3;;;;;;170;5,3;2,5;
2021/06/23;0000 UTC;0;933,6;933,8;933,5;;14,1;;14,4;14,1;;;;;;159;4,7;2,5;
2021/06/23;0100 UTC;0;934,1;934,1;933,6;;13,9;;14,1;13,8;;;;;;167;5,9;2,5;
2021/06/23;0200 UTC;0;933,9;934,4;933,9;;13,8;;14;13,8;;;;;;155;4,8;2,4;
2021/06/23;0300 UTC;0;933,8;934;933,6;;13,9;;13,9;13,6;;;;;;163;6,6;1,4;
2021/06/23;0400 UTC;0;934;934;933,8;;13,8;;14;13,8;;;;;;182;3,3;1,4;
2021/06/23;0500 UTC;,8;933,9;934;933,7;;13,7;;13,8;13,7;;;;;;156;2,8;1,3;
2021/06/23;0600 UTC;0;933,5;933,9;933,4;;13,4;;13,9;13,4;;;;;;135;5,3;2,3;
2021/06/23;0700 UTC;0;933,4;933,6;933,4;;13,5;;13,6;13,4;;;;;;131;5,2;1,7;
2021/06/23;0800 UTC;0;933,4;933,5;933,2;;13,5;;13,6;13,3;;;;;;127;5,4;1,5;
2021/06/23;0900 UTC;0;933,7;933,7;933,3;;13,5;;13,5;13,4;;;;;;119;5;2,1;
2021/06/23;1000 UTC;0;934,2;934,3;933,7;,4;13,5;;13,5;13,2;;;;;;114;4,1;1,5;
2021/06/23;1100 UTC;0;934,4;934,4;934,2;208,5;14,4;14,3;14,9;13,5;;;;;100;128;5,7;2,9;
2021/06/23;1200 UTC;0;935;935;934,4;677,6;15;13,5;15,5;14,3;15,2;13,1;100;87;91;111;6,3;3,3;
2021/06/23;1300 UTC;0;935,3;935,3;935;1119,6;16,7;13,4;16,7;15;13,9;12,1;91;81;81;120;6,7;2,9;
2021/06/23;1400 UTC;0;935;935,3;935;1915;17;12,5;17,4;16;13,8;12,5;85;74;75;108;6,2;2,7;
2021/06/23;1500 UTC;0;934,5;935,1;934,5;1960,6;16;13,7;18,2;16;13,7;12;86;69;86;142;9,6;4,1;
2021/06/23;1600 UTC;0;933,8;934,5;933,8;1271,6;15,8;14,3;17,5;15,6;14,5;13,2;91;78;91;139;9,6;3,3;
2021/06/23;1700 UTC;0;933,1;933,9;933,1;1965,7;17,4;12,7;17,9;15,6;14,8;12,7;93;74;74;128;7,3;3;
2021/06/23;1800 UTC;0;932,9;933,1;932,9;1253,5;16,5;13,1;17,9;16,4;13,3;11,8;82;69;80;123;7,7;3,3;
2021/06/23;1900 UTC;0;932,7;932,9;932,6;806,6;16;12,9;16,9;15,9;13,7;12,7;83;79;82;138;6,5;3;
2021/06/23;2000 UTC;0;932,7;932,8;932,6;402,6;15,6;13,5;16,4;15,4;13,7;12,7;89;80;88;126;6,3;2,3;
2021/06/23;2100 UTC;0;933,1;933,2;932,7;42,6;14,7;14,7;15,6;14,7;15;13,4;100;87;100;136;6,3;2,7;
2021/06/23;2200 UTC;0;933,3;933,4;933,1;;14,2;14,2;14,7;14,2;14,7;14,2;100;100;100;117;5,6;2,6;
2021/06/23;2300 UTC;0;933,5;933,5;933,3;;13,8;13,8;14,2;13,8;14,2;13,8;100;100;100;131;5,8;2,4;
2021/06/24;0000 UTC;0;933,5;933,5;933,3;;13,6;;13,9;13,6;13,9;13,7;100;78;;126;5,6;1,8;
2021/06/24;0100 UTC;0;933,7;934;933,5;;13;;13,6;13;;;;;;123;3,8;1,3;
2021/06/24;0200 UTC;0;933,8;933,9;933,6;;13,3;;13,3;12,8;;;;;;109;4,1;2;
2021/06/24;0300 UTC;0;933,2;933,8;933,1;;13;;13,4;12,9;;;;;;112;5;1,6;
2021/06/24;0400 UTC;0;932,8;933,3;932,8;;13,2;;13,2;12,9;;;;;;129;3,8;1,4;
2021/06/24;0500 UTC;0;931,7;932,8;931,7;;13;;13,2;12,8;;;;;;90;3,7;1,4;
2021/06/24;0600 UTC;0;930,8;931,8;930,8;;13,6;12,9;13,6;13;13,6;12,7;100;92;95;48;7;2,6;
2021/06/24;0700 UTC;0;930,1;930,8;930,1;;13,5;12,9;13,6;13,5;13,2;12,6;98;94;96;35;7;2,5;
2021/06/24;0800 UTC;0;928,8;930,1;928,8;;13,1;13;13,5;13,1;13,3;12,9;100;96;100;46;7,3;1,9;
2021/06/24;0900 UTC;0;928,9;928,9;928,6;;12,8;12,8;13,1;12,7;13;12,7;100;100;100;21;7,1;1,6;
2021/06/24;1000 UTC;0;929,5;929,5;928,8;;12,9;12,9;12,9;12,7;12,9;12,7;100;100;100;50;6,5;1,6;
2021/06/24;1100 UTC;0;929,8;929,8;929,5;175,1;13,3;12,8;13,3;12,7;13,2;12,7;100;97;97;358;4,5;1,9;
2021/06/24;1200 UTC;0;931,6;931,6;929,8;938,2;15,3;12,1;15,4;13,3;12,8;11,6;97;80;81;72;4,7;1,3;
2021/06/24;1300 UTC;0;931,6;931,7;931,5;1574;17,3;12,4;17,3;15,1;12,8;11,6;83;72;73;41;4,5;1,6;
2021/06/24;1400 UTC;0;930,8;931,6;930,8;1905,6;18;11,9;18,3;16,4;12,8;11,3;75;66;68;32;5,4;2,3;
2021/06/24;1500 UTC;0;930,2;930,8;930,2;2206,7;19,8;12,6;19,8;18;12,9;11,6;69;62;63;46;5,4;1,8;
2021/06/24;1600 UTC;0;928,8;930,2;928,8;2250,6;22;12,5;22,4;19,8;13,4;12,2;63;55;55;332;5,4;2,1;
2021/06/24;1700 UTC;0;928,2;928,8;928,2;1974,6;23,2;12,2;23,5;21,7;13,6;12;57;49;50;334;7,2;2,5;
2021/06/24;1800 UTC;0;928,1;928,2;928,1;1581,9;23,3;13,4;23,9;22,9;13,4;11,8;54;48;54;321;6,7;2,2;
2021/06/24;1900 UTC;0;927,9;928,1;927,8;1047,9;23,2;13,1;23,8;22,7;13,3;11,9;56;49;53;330;6,2;2,1;
2021/06/24;2000 UTC;0;928;928;927,8;407,2;21,2;12,1;23,2;21,1;13,2;11,9;57;51;56;325;5,6;1,2;
2021/06/24;2100 UTC;0;928,1;928,1;927,9;28,1;19,4;11,9;21,2;19,4;12,4;11,6;62;54;62;326;3,9;1;
2021/06/24;2200 UTC;0;928,3;928,4;928,1;;18;12,3;19,4;18;12,3;11,9;69;62;69;323;2,8;,9;
2021/06/24;2300 UTC;0;928,5;928,5;928,2;;18;12,5;18,5;17,9;12,7;12,2;71;67;70;332;3,2;,6;
2021/06/25;0000 UTC;0;928,7;928,7;928,5;;17,9;12,5;18,4;17,2;12,7;12,4;75;68;71;332;2;,9;
2021/06/25;0100 UTC;0;928,7;928,7;928,6;;18;12,7;18,1;17,5;12,8;12,2;72;70;71;11;2,4;,9;
2021/06/25;0200 UTC;0;929;929;928,7;;16,8;13,1;18,1;16,8;13,2;12,6;79;71;79;330;1,9;1;
2021/06/25;0300 UTC;0;928,7;929;928,7;;16,1;13,4;16,8;15,9;14,6;13,1;91;79;84;358;2,4;1;
2021/06/25;0400 UTC;0;928,6;928,7;928,6;;15,6;13,1;16,5;15,6;13,5;13;86;82;85;304;2,2;,4;
2021/06/25;0500 UTC;0;928,1;928,6;928,1;;16;12,9;16,2;15,5;13,1;12,7;85;80;82;12;2,3;1,1;
2021/06/25;0600 UTC;0;928;928,1;927,9;;15,3;12,9;16,5;15,3;13;12,7;86;79;86;325;2,8;,5;
2021/06/25;0700 UTC;0;927,7;928;927,7;;15,2;13;15,8;15,2;13,3;12,8;87;83;87;328;2,6;,8;
2021/06/25;0800 UTC;0;927,7;927,9;927,7;;14,6;12,9;15,4;14,5;13,2;12,7;90;85;90;319;2,2;,9;
2021/06/25;0900 UTC;0;928;928;927,7;;14,8;12,7;14,9;14,5;13;12,6;90;87;87;309;2,3;,4;
2021/06/25;1000 UTC;0;928,9;928,9;928;;14,2;12,7;14,8;14,2;12,8;12,4;90;86;90;321;1,7;1,1;
2021/06/25;1100 UTC;0;929,5;929,5;928,9;155,4;15,8;13;15,8;14,2;14,2;12,7;99;84;84;345;2,9;1,2;
2021/06/25;1200 UTC;0;930,2;930,2;929,5;504,6;17,6;13,2;17,7;15,8;13,7;13;84;76;76;11;3,2;,7;
2021/06/25;1300 UTC;0;930,5;930,5;930,2;662,7;18,9;14;18,9;17,5;14,6;13,2;79;72;73;39;3,1;,8;
2021/06/25;1400 UTC;0;930,4;930,6;930,4;1205,9;21,4;14,3;21,4;18,9;14,7;13,2;75;62;64;1;3;1;
2021/06/25;1500 UTC;0;930,1;930,4;930,1;1528,6;23,2;15,1;23,5;21,4;15,6;13,9;67;57;60;44;3,3;1,1;
2021/06/25;1600 UTC;0;929,5;930,1;929,5;1275;22,2;14,7;24,8;22,2;16,3;14,1;63;52;62;148;4,1;2,1;
2021/06/25;1700 UTC;0;929,1;929,5;929;1224,3;21,7;15,2;23;21,4;16,4;14,5;71;62;67;156;6,6;3,6;
2021/06/25;1800 UTC;0;929,1;929,1;928,9;1278,4;21,5;14,8;22,2;21,3;15,8;14,8;69;64;66;128;7,2;3;
2021/06/25;1900 UTC;0;929,3;929,3;929;867,8;20,6;14,6;22,1;20,6;15,7;14,4;69;64;69;128;5,8;2,6;
2021/06/25;2000 UTC;0;929,5;929,5;929,3;301,7;19,4;15,6;20,6;19,4;15,6;14,4;78;68;78;135;5,3;1,5;
2021/06/25;2100 UTC;0;929,7;929,7;929,5;20,3;17,8;15,4;19,4;17,8;15,7;15,4;86;78;86;112;3,4;1,2;
2021/06/25;2200 UTC;0;930,1;930,1;929,7;;17,4;15,2;17,9;17,4;15,5;15,1;87;84;87;146;2,5;1,5;
2021/06/25;2300 UTC;0;930,6;930,6;930,1;;16,5;16,5;17,9;16,5;17,1;15,1;100;84;100;169;2,9;,9;
2021/06/26;0000 UTC;0;930,7;930,7;930,6;;16;;16,5;15,9;;;;;;183;1,6;,9;
2021/06/26;0100 UTC;0;930,7;930,7;930,6;;15,5;;16;15,3;;;;;;146;1,8;,8;
2021/06/26;0200 UTC;0;930,8;930,9;930,7;;15,4;;15,6;15;;;;;;154;3,8;1,9;
2021/06/26;0300 UTC;0;930,7;930,8;930,7;;15,7;;15,7;15,3;;;;;;133;4,8;1,2;
2021/06/26;0400 UTC;0;930,8;930,8;930,5;;15,6;;15,8;15,4;;;;;;128;3,6;1,7;
2021/06/26;0500 UTC;0;930,6;930,8;930,6;;15,8;;15,8;15,6;;;;;;154;4,1;1,7;
2021/06/26;0600 UTC;0;930,2;930,6;930,1;;15,6;;15,8;15,6;;;;;;154;3;1,1;
2021/06/26;0700 UTC;0;930;930,2;930;;15,5;;15,7;15,5;;;;;;129;2,9;1,5;
2021/06/26;0800 UTC;0;929,9;930;929,9;;15,5;;15,6;15,5;;;;;;94;3;,8;
2021/06/26;0900 UTC;0;929,8;929,9;929,8;;15;;15,5;15;;;;;;99;2,7;,5;
2021/06/26;1000 UTC;0;930,1;930,1;929,8;,9;14,8;;15,1;14,7;;;;;;109;1,4;,6;
2021/06/26;1100 UTC;0;930,7;930,7;930,1;159,2;15,6;;15,6;14,6;;;;;;108;1,7;,4;
2021/06/26;1200 UTC;0;931,1;931,1;930,7;740,4;18;15;18,2;15,4;;;;;82;30;2,9;1;
2021/06/26;1300 UTC;0;931,2;931,3;931,1;1401,4;21;14,9;21;18;15,5;14,2;83;67;68;16;4,5;1,4;
2021/06/26;1400 UTC;0;931;931,3;931;1857,6;22,8;14,4;22,9;21;15,5;14,2;68;58;59;36;5,3;1,8;
2021/06/26;1500 UTC;0;930,4;931;930,4;2122,3;24,7;15;24,7;22,8;15,7;14,2;60;53;55;50;5,1;1,3;
2021/06/26;1600 UTC;0;929,6;930,4;929,6;2160,3;25,5;14,8;26;24,5;15,8;14,4;56;51;52;66;4,7;1,3;
2021/06/26;1700 UTC;0;928,8;929,6;928,8;1924,4;25,8;15,3;26,2;25,2;16,1;14,4;56;49;52;68;3,4;1,5;
2021/06/26;1800 UTC;0;928,2;928,8;928,2;1413;25,5;15,2;26,3;25,2;16,3;14,1;55;49;53;74;4;1,1;
2021/06/26;1900 UTC;0;927,8;928,2;927,8;807,2;25,1;14,2;25,8;25,1;15,3;13,5;54;48;51;81;3,6;1,1;
2021/06/26;2000 UTC;0;927,9;927,9;927,8;316,3;23,5;13,8;25,3;23,5;14,7;13;54;48;54;93;3;,9;
2021/06/26;2100 UTC;0;928,3;928,3;927,9;22,8;21,7;14;23,7;21,7;14;13,6;62;53;62;141;3;,7;
2021/06/26;2200 UTC;0;928,6;928,6;928,3;;20,2;14;21,8;20,1;14,1;13,9;68;61;68;181;1,5;,7;
2021/06/26;2300 UTC;0;928,8;928,8;928,6;;20;14,4;20,2;19,6;14,4;13,8;70;68;70;144;1,3;,5;
2021/06/27;0000 UTC;0;929,1;929,1;928,8;;20,7;14,1;21,1;19,8;14,6;14,1;71;64;66;69;2,1;,5;
2021/06/27;0100 UTC;0;929,1;929,1;929,1;;21,2;13,9;21,5;20,4;14,1;13,8;67;62;63;7;2,8;1,1;
2021/06/27;0200 UTC;0;929,1;929,1;928,9;;20,1;14,1;21,2;20,1;14,2;13,9;68;63;68;20;2,7;,8;
2021/06/27;0300 UTC;0;929,1;929,1;929,1;;19,7;14,4;20,3;19,3;14,5;14;73;68;72;340;3,2;,9;
2021/06/27;0400 UTC;0;929,2;929,3;929,1;;19,2;14,3;19,7;19,1;14,5;14,3;74;72;73;2;3,2;1,1;
2021/06/27;0500 UTC;0;929;929,2;929;;18,5;14,3;19,2;18,5;14,5;14,3;77;73;77;6;4,4;1,4;
2021/06/27;0600 UTC;0;928,6;929;928,6;;17,9;14,4;18,6;17,8;14,6;14,3;81;77;80;357;4,1;1,2;
2021/06/27;0700 UTC;0;928,1;928,6;928,1;;17,3;14,3;17,9;16,8;15,3;14,3;91;80;83;349;2,6;1,4;
2021/06/27;0800 UTC;0;928,1;928,1;928;;16,7;13,7;17,3;16,6;14,3;13,5;83;80;82;345;3,2;1;
2021/06/27;0900 UTC;0;928,4;928,4;928,1;;16,5;13,1;16,8;16,5;13,7;13,1;83;80;81;351;2,7;1,2;
2021/06/27;1000 UTC;0;929,1;929,1;928,4;,5;16,3;12,9;16,5;15,7;13,5;12,9;86;80;80;9;2,3;,8;
2021/06/27;1100 UTC;0;929,6;929,6;929,1;158,5;17,2;12,9;17,2;15,9;13,1;12,8;83;76;76;339;2,3;1,1;
2021/06/27;1200 UTC;0;930,2;930,2;929,6;844,6;19,6;13,1;19,6;17,2;13,5;12,7;76;66;66;6;3,3;1,4;
2021/06/27;1300 UTC;0;930,1;930,3;930,1;1413,5;21,6;13,7;21,6;19,5;13,8;12,7;67;59;61;25;5,1;1,3;
2021/06/27;1400 UTC;0;929,6;930,1;929,6;1942,1;22,9;12,4;23,2;21,4;14;12,4;60;51;52;358;6,1;2,6;
2021/06/27;1500 UTC;0;928,9;929,6;928,9;2213,3;24,7;13,1;24,7;22,8;13,3;12,3;53;48;49;334;7,5;3;
2021/06/27;1600 UTC;0;927,9;928,9;927,9;2259,7;25,7;13,9;25,7;24,4;13,9;12,2;50;46;48;329;7,5;2,4;
2021/06/27;1700 UTC;0;927,3;927,9;927,2;2024,7;26,3;13,3;26,3;25,4;14,3;13;50;45;45;325;7,6;2,7;
2021/06/27;1800 UTC;0;926,9;927,3;926,9;1666;26,3;12;26,8;25,8;14,6;12;49;41;41;317;7,6;2,4;
2021/06/27;1900 UTC;0;926,9;926,9;926,8;1119,5;25,1;12,2;26,5;25;12,9;11,5;46;41;44;328;7,9;2,3;
2021/06/27;2000 UTC;0;927,4;927,4;926,9;407,2;22,9;11,5;25,2;22,9;13;11;49;43;49;327;6,2;1,9;
2021/06/27;2100 UTC;0;928;928;927,4;27,9;20,7;10,7;22,9;20,7;11,7;10,1;53;45;53;341;4,8;,4;
2021/06/27;2200 UTC;0;928,5;928,5;928;;19,9;11,7;20,7;19,9;11,7;10,7;59;53;59;325;1,3;,3;
2021/06/27;2300 UTC;0;928,9;928,9;928,5;;19,3;12;19,9;19,3;12;11,7;63;59;63;3;,9;,2;
2021/06/28;0000 UTC;0;929,2;929,2;928,9;;17,5;12,9;19,3;17,5;12,9;11,7;75;63;75;110;,7;,4;
2021/06/28;0100 UTC;0;929,3;929,3;929,1;;18,4;12,3;18,4;16,2;13,8;12,2;85;67;67;2;1,5;,8;
2021/06/28;0200 UTC;0;929,5;929,5;929,3;;17,4;12,4;18,6;17,4;12,9;12;74;66;73;295;1,5;,7;
2021/06/28;0300 UTC;0;929,7;929,7;929,5;;16,2;12,7;17,4;16,2;12,8;12,2;80;73;80;328;1,2;,5;
2021/06/28;0400 UTC;0;929,9;929,9;929,7;;14,9;14,9;16,2;14,9;15,5;12,5;100;80;100;318;1;,2;
2021/06/28;0500 UTC;0;930;930,1;929,9;;15;15;15,4;14,8;15,4;14,8;100;100;100;302;1,2;,6;
2021/06/28;0600 UTC;0;929,7;930;929,5;;14,4;14,3;15;14,3;15;14,3;100;100;100;309;1,2;,5;
2021/06/28;0700 UTC;0;929,6;929,8;929,6;;14,1;14,1;14,5;14;14,5;14;100;100;100;312;1,9;,9;
2021/06/28;0800 UTC;0;929,6;929,7;929,5;;13,8;13,8;14,2;13,8;14,1;13,8;100;100;100;144;2,8;,2;
2021/06/28;0900 UTC;0;929,6;929,6;929,4;;14,5;13,1;14,6;13,8;14,3;12,9;100;90;91;346;1,3;,5;
2021/06/28;1000 UTC;0;930,1;930,1;929,5;,6;14,8;12,4;15;14,3;15;12,1;100;85;86;347;1,9;1;
2021/06/28;1100 UTC;0;931,3;931,3;930,1;137,1;15,8;11,4;15,8;14,3;13,5;11,4;95;75;75;183;3,4;1,4;
2021/06/28;1200 UTC;0;932,2;932,2;931,3;913,5;15,2;13,2;16,1;14,8;13,5;11,2;88;73;88;209;5,8;2;
2021/06/28;1300 UTC;0;932,7;932,7;932,2;1233,8;16,8;14,6;17;14,6;16,1;13,2;100;84;87;163;5,4;2,3;
2021/06/28;1400 UTC;0;932,6;932,7;932,6;1407;18,2;13,4;18,3;16,6;14,7;13,3;87;74;74;185;4,9;2,3;
2021/06/28;1500 UTC;0;931,8;932,6;931,8;2194,4;19,1;13,6;19,6;18,1;14,6;12,8;74;70;70;108;5,2;2,9;
2021/06/28;1600 UTC;0;930,8;931,8;930,8;2222,4;20;13,6;20,4;19,1;14,5;13;73;66;67;139;5,3;2,4;
2021/06/28;1700 UTC;0;930,3;930,8;930,3;1995,5;20,2;15,1;21;19,9;15,2;13,8;72;66;72;129;6,4;2,8;
2021/06/28;1800 UTC;0;930,3;930,3;930,1;1640,6;19,3;14,9;20,2;19,2;15,6;14,6;77;72;76;139;6,8;2,9;
2021/06/28;1900 UTC;0;930,6;930,6;930,3;689,1;17;14,8;19,3;16,9;15,1;14,4;87;76;87;161;7,4;4;
2021/06/28;2000 UTC;0;931;931,1;930,6;239,8;16,3;16,2;17;16,2;16,6;14,5;100;86;100;161;8,1;3,4;
2021/06/28;2100 UTC;0;931,6;931,6;931;26,1;15,4;;16,3;15,3;16,3;15,6;100;100;;168;8;2,3;
2021/06/28;2200 UTC;0;932,2;932,2;931,6;;14,7;;15,4;14,7;;;;;;178;6,6;2,4;
2021/06/28;2300 UTC;0;932,2;932,3;932,1;;14,5;;14,7;14,5;;;;;;153;5,4;2,2;
2021/06/29;0000 UTC;0;932,3;932,3;932,1;;14,4;;14,6;14,4;;;;;;162;5,4;2,7;
2021/06/29;0100 UTC;0;932;932,3;932;;14,5;;14,5;14,3;;;;;;128;5;1,8;
2021/06/29;0200 UTC;0;932,1;932,2;931,9;;14,5;;14,8;14,5;;;;;;161;4,5;1,6;
2021/06/29;0300 UTC;0;932,1;932,1;931,8;;13,3;;14,5;13,3;;;;;;186;5,4;2,9;
2021/06/29;0400 UTC;0;931,8;932,1;931,7;;12,8;;13,3;12,8;;;;;;161;6,3;2,9;
2021/06/29;0500 UTC;0;932,1;932,2;931,8;;12,3;;12,8;12,2;;;;;;166;6,3;2,5;
2021/06/29;0600 UTC;0;931,8;932,1;931,7;;11,9;;12,3;11,9;;;;;;173;6,6;2,2;
2021/06/29;0700 UTC;0;931,8;931,9;931,7;;11,1;;11,9;11,1;;;;;;172;6,6;3;
2021/06/29;0800 UTC;0;931,9;932;931,8;;11,1;;11,3;11,1;;;;;;156;6;2;
2021/06/29;0900 UTC;0;932,1;932,1;931,7;;11,2;;11,3;11;;;;;;164;4;1;
2021/06/29;1000 UTC;0;932,5;932,5;932;,1;11,1;;11,4;11,1;;;;;;158;3,5;1,3;
2021/06/29;1100 UTC;0;932,9;933;932,3;27,5;10,7;;11,2;10,6;;;;;;163;4,1;2;
2021/06/29;1200 UTC;0;932,3;933;932,3;157,9;11,1;;11,1;10,5;;;;;;117;4,8;1,8;
2021/06/29;1300 UTC;0;933,1;933,2;931,9;283,8;10,5;;11,5;10,4;;;;;;174;5,8;2,8;
2021/06/29;1400 UTC;0;932,9;933,4;932,9;199,2;10,6;;10,7;10,3;;;;;;171;5,3;1,4;
2021/06/29;1500 UTC;0;932,3;932,9;932,3;295,5;10,3;;10,8;9,9;;;;;;132;3,5;1,2;
2021/06/29;1600 UTC;,2;931,7;932,3;931,7;297,6;10,7;;10,9;10,3;;;;;;142;2,1;,7;
2021/06/29;1700 UTC;0;931,1;931,7;931;244;11,1;;11,1;10,6;;;;;;98;1,9;,7;
2021/06/29;1800 UTC;0;930,9;931,2;930,8;262,5;12,5;;12,5;10,9;;;;;;319;2,4;,6;
2021/06/29;1900 UTC;0;931;931;930,6;577,6;14,4;10,2;15,1;12,5;;;;;76;298;5,9;1,7;
2021/06/29;2000 UTC;0;931,5;931,6;930,9;267,3;13,6;9,9;14,7;13,6;11,7;9,1;85;72;78;292;6;1,8;
2021/06/29;2100 UTC;0;931,9;932,1;931,5;30,1;12,1;9,1;13,6;12,1;10,3;8,1;83;73;82;299;6,7;2,3;
2021/06/29;2200 UTC;0;932;932,1;931,7;;11,7;7,8;12,3;11,2;9,8;7,7;91;74;77;297;6,2;1,6;
2021/06/29;2300 UTC;0;932,6;932,6;932;;11,3;6,9;11,8;11,2;8,6;6,4;83;71;74;280;7;1,3;
2021/06/30;0000 UTC;0;932,8;932,8;932,5;;9,9;6;11,3;9,9;7,3;5,8;81;73;77;293;4,9;1,2;
2021/06/30;0100 UTC;0;933;933,2;932,7;;9,3;5,3;10;9,2;6,5;5,2;83;73;76;276;4,6;,9;
2021/06/30;0200 UTC;0;932,9;933,1;932,8;;9,1;4;9,7;8,8;5,5;4;78;69;71;283;4,2;1,3;
2021/06/30;0300 UTC;0;932,8;933;932,8;;7,2;4,2;9,3;7,1;6,5;3,5;95;68;82;303;5,3;1,6;
2021/06/30;0400 UTC;0;933,1;933,2;932,8;;6,7;4,7;7,3;6,6;5,4;3,3;93;76;87;298;4,4;,8;
2021/06/30;0500 UTC;0;932,7;933,1;932,7;;5,6;5,6;6,7;5,6;5,7;4,3;100;84;100;297;3,2;,9;
2021/06/30;0600 UTC;0;932,6;932,8;932,5;;5,1;5,1;5,6;5,1;5,6;5;100;97;100;304;3,1;1,1;
2021/06/30;0700 UTC;0;932,5;932,7;932,5;;5;5;5,3;4,9;5,2;4,9;100;100;100;289;3,4;,5;
2021/06/30;0800 UTC;0;932,5;932,6;932,3;;5,2;4,5;5,3;4,9;5,3;4,5;100;94;95;275;2,1;,5;
2021/06/30;0900 UTC;0;932,8;932,9;932,5;;5,4;4,6;5,4;5,1;5,1;4,4;100;93;95;344;1,8;,8;
2021/06/30;1000 UTC;0;933,2;933,2;932,8;;4,7;4,7;5,4;4,7;5,1;4,4;100;93;100;325;1,7;,6;
2021/06/30;1100 UTC;0;933,9;933,9;933,2;129,2;6,3;3,4;6,3;4,6;4,7;3;100;82;82;313;1,3;,6;
2021/06/30;1200 UTC;0;934,7;934,7;933,9;609,8;8,5;1,3;8,5;6,3;3;,5;82;58;61;168;1,6;,7;
2021/06/30;1300 UTC;0;935,1;935,2;934,7;1269,3;9,4;1,9;9,4;8,5;2,2;0;63;54;59;165;4,3;2,3;
2021/06/30;1400 UTC;0;935,3;935,3;935,1;1938,1;11,2;2,8;11,2;9,3;3,3;1;61;53;56;143;5,3;1,7;
2021/06/30;1500 UTC;0;935,1;935,4;935,1;2154,9;11,2;3,6;11,8;10,6;4,5;2;62;53;60;144;6,3;2,3;
2021/06/30;1600 UTC;0;934,3;935,1;934,3;2312,6;12,1;3,8;12,3;11,1;4,9;2,7;62;55;57;142;5,4;2,2;
2021/06/30;1700 UTC;0;933,9;934,3;933,9;2209,4;12,3;4,9;13,1;12;5,4;3,6;62;54;60;108;5,3;2,9;
2021/06/30;1800 UTC;0;933,8;934;933,8;1795,8;12,7;5,8;12,9;12,2;6,1;4,6;65;57;63;114;6,1;2;
2021/06/30;1900 UTC;0;933,7;933,9;933,7;1247,4;11,4;6,1;12,7;11,3;7;5,6;72;63;70;123;6;3,2;
2021/06/30;2000 UTC;0;934,2;934,2;933,7;450,6;10,1;5,8;11,6;10;6,6;5,7;77;69;75;157;6,3;2,3;
2021/06/30;2100 UTC;0;934,8;934,8;934,2;32,7;8,5;6,5;10,1;8,5;6,5;5,5;87;75;87;154;5,6;1,9;
2021/06/30;2200 UTC;0;935,2;935,2;934,8;;7,9;4,8;8,6;7,8;6,9;4,5;92;79;81;119;3,9;1,8;
2021/06/30;2300 UTC;0;935,8;935,8;935,2;;7,8;5,2;8,1;7,7;5,4;4,8;85;81;84;133;5,2;1,7;
2021/07/01;0000 UTC;0;936,4;936,4;935,8;;7,7;5,8;8;7,5;5,9;5,2;90;84;87;149;4,6;,8;
2021/07/01;0100 UTC;0;936,7;936,7;936,3;;8,8;6,1;8,9;7,7;6,2;5,5;88;81;84;161;4,4;2,1;
2021/07/01;0200 UTC;0;936,7;936,8;936,6;;8,2;8,2;8,8;8,2;8,4;6;100;83;100;167;5,9;2,5;
2021/07/01;0300 UTC;0;936,7;936,8;936,6;;7,3;7,3;8,2;7,2;8,2;7,2;100;100;100;169;5,2;1,1;
2021/07/01;0400 UTC;0;936,5;936,8;936,5;;6,7;6,7;7,4;6,7;7,4;6,7;100;100;100;189;2,7;,8;
2021/07/01;0500 UTC;0;936,5;936,7;936,5;;6,9;;7,2;6,5;;;;;;156;4;,9;
2021/07/01;0600 UTC;0;936,2;936,5;936,2;;7,5;;7,5;6,9;;;;;;181;2,5;1,1;
2021/07/01;0700 UTC;0;936,1;936,2;936;;8,4;;8,4;7,4;;;;;;134;2,2;,9;
2021/07/01;0800 UTC;0;935,9;936,1;935,8;;9,1;9;9,1;8,4;;;;;100;114;2,6;1,1;
2021/07/01;0900 UTC;0;936,5;936,5;935,8;;9,2;9,2;9,4;9;9,3;0;100;53;100;152;2,5;,9;
2021/07/01;1000 UTC;0;936,9;936,9;936,5;;9,7;9,7;9,7;9,2;;;;;100;117;3,4;1;
2021/07/01;1100 UTC;0;937,4;937,4;936,8;102,2;10,3;10,2;10,3;9,7;10,2;9,7;100;100;100;57;3,4;1,1;
2021/07/01;1200 UTC;0;937,9;937,9;937,4;313,5;10,6;9,7;10,7;10;10,7;9,7;100;94;94;72;3,1;1,1;
2021/07/01;1300 UTC;0;938,2;938,2;937,9;929,6;12,2;8,8;12,6;10,5;10,5;8,4;97;78;80;59;3,8;2,1;
2021/07/01;1400 UTC;0;938;938,3;938;1320,4;13,4;9,1;13,5;12,2;10;8,8;83;74;75;109;5,2;1,9;
2021/07/01;1500 UTC;0;937,3;938;937,3;1840,1;15,7;10,2;15,7;13,3;10,3;8,8;77;68;70;128;5,7;2,8;
2021/07/01;1600 UTC;0;936,2;937,3;936,2;2301,7;16,6;10,5;16,6;14,7;10,5;8,6;71;62;67;125;5,7;2,4;
2021/07/01;1700 UTC;0;935,5;936,2;935,4;1647,8;15,4;10,2;16,8;15,3;10,4;9,2;71;63;71;150;6,6;3,4;
2021/07/01;1800 UTC;0;935;935,5;935;1456,9;16,3;10,5;16,8;15,3;11;9,9;72;67;69;135;7,4;3,1;
2021/07/01;1900 UTC;0;934,8;935,1;934,7;1198,6;14,9;10,5;16,5;14,9;11;10,2;76;68;75;155;7,1;3,9;
2021/07/01;2000 UTC;0;935,2;935,2;934,8;478;13,6;11,2;15,2;13,6;11,4;10,6;85;75;85;149;7,8;3,5;
2021/07/01;2100 UTC;0;935,5;935,5;935,2;37,8;12,7;12,6;13,7;12,6;12,9;11,4;100;85;100;137;7,9;2,8;
2021/07/01;2200 UTC;0;935,9;935,9;935,5;;12,5;12,5;12,7;12,4;12,6;12,4;100;100;100;138;6,9;3,4;
2021/07/01;2300 UTC;0;936,3;936,3;935,8;;12,6;12,6;12,7;12,5;12,7;12,5;100;100;100;134;7,6;2,9;
2021/07/02;0000 UTC;0;936,5;936,5;936,2;;12,5;12,5;12,7;12,5;12,7;12,5;100;100;100;122;7,2;2,9;
2021/07/02;0100 UTC;0;936,6;936,7;936,5;;12,5;12,5;12,6;12,4;12,6;12,4;100;100;100;123;6,3;2,5;
2021/07/02;0200 UTC;0;936,7;936,8;936,6;;12,4;12,4;12,6;12,4;12,5;12,4;100;100;100;120;5,2;2;
2021/07/02;0300 UTC;0;936,7;936,8;936,6;;12,4;12,4;12,5;12,3;12,5;12,3;100;100;100;116;4,6;1,9;
2021/07/02;0400 UTC;0;936,3;936,6;936,2;;11,4;11,4;12,4;11,4;12,3;11,4;100;100;100;117;4,6;1,3;
2021/07/02;0500 UTC;0;935,9;936,3;935,9;;10,9;;11,4;10,6;;;;;;109;3,5;1,1;
2021/07/02;0600 UTC;0;935,5;935,9;935,5;;10,2;;11;10,1;;;;;;119;3;,5;
2021/07/02;0700 UTC;0;935,5;935,6;935,4;;10,2;;10,3;10;;;;;;86;1,9;,7;
2021/07/02;0800 UTC;0;935,4;935,5;935,3;;10,6;10,6;10,7;10,1;;;;;100;56;3,8;1;
2021/07/02;0900 UTC;0;935,6;935,6;935,3;;10,5;10,5;10,7;10,4;10,7;10,4;100;100;100;34;4,7;1,2;
2021/07/02;1000 UTC;0;936;936;935,6;;9,8;;10,5;9,8;;;;;;39;3,8;1,4;
2021/07/02;1100 UTC;0;936,1;936,1;935,9;148,9;11,6;11,6;11,6;9,6;;;;;100;43;4,2;1,6;
2021/07/02;1200 UTC;0;936,5;936,5;936,1;915,9;13,4;10,4;13,4;11,6;12,5;10,1;100;82;82;39;5;1,8;
2021/07/02;1300 UTC;0;936,8;936,8;936,5;1558,5;15,6;9,4;15,6;13,4;10,9;9,3;84;66;67;20;5,3;1,6;
2021/07/02;1400 UTC;0;936,3;936,8;936,3;2035,4;17,6;8,9;17,6;15,6;9,7;8,3;68;57;57;28;5,7;1,8;
2021/07/02;1500 UTC;0;935,6;936,3;935,6;2294,3;19;9,2;19,1;17,5;10;8,4;59;52;53;42;5,1;1,8;
2021/07/02;1600 UTC;0;934,6;935,6;934,6;2310,6;20,5;10,7;20,5;19;10,7;8,8;55;49;53;38;4,1;1,8;
2021/07/02;1700 UTC;0;933,7;934,6;933,7;2097,4;21,5;8,9;22,2;20,6;10,6;8,9;53;44;44;55;4,5;1,6;
2021/07/02;1800 UTC;0;933,2;933,7;933,2;1657,4;23,9;9,7;23,9;21,5;10;8,2;46;38;41;253;4,7;,6;
2021/07/02;1900 UTC;0;933,2;933,2;933,2;1121;22,1;8,2;23,8;22,1;9,9;6,9;44;34;41;328;4;1,8;
2021/07/02;2000 UTC;0;933,4;933,4;933,1;418,7;20,4;7,5;23,1;20,4;9,2;7,4;44;39;43;270;3,8;,6;
2021/07/02;2100 UTC;0;933,5;933,5;933,3;24,6;17,4;13,5;20,4;17,4;13,5;7,6;78;43;78;158;3,5;1,9;
2021/07/02;2200 UTC;0;933,8;933,8;933,4;;15,2;15,2;17,4;15,2;15,6;13,6;100;78;100;166;3,5;1,3;
2021/07/02;2300 UTC;0;934,5;934,6;933,8;;14,3;;15,2;14,2;;;;;;192;2,3;1;
2021/07/03;0000 UTC;0;934,9;935;934,5;;13,9;;14,4;13,7;;;;;;105;1,7;,5;
2021/07/03;0100 UTC;0;934,7;934,9;934,7;;13,8;;14,2;13,7;;;;;;285;,9;,4;
2021/07/03;0200 UTC;0;934,7;934,7;934,5;;13,4;;13,8;13;;;;;;286;1,4;,5;
2021/07/03;0300 UTC;0;934,5;934,7;934,5;;12,6;;13,4;12,6;;;;;;108;1,3;,4;
2021/07/03;0400 UTC;0;934,1;934,5;934,1;;12,6;;12,9;12,3;;;;;;333;1,7;1;
2021/07/03;0500 UTC;,2;933,7;934,2;933,7;;13,8;10,7;14,1;12,6;;;;;82;30;3,5;1,4;
2021/07/03;0600 UTC;0;933,4;933,7;933,4;;13,5;9,8;14,1;13;11,4;9,8;90;76;78;337;3,5;1,2;
2021/07/03;0700 UTC;0;933,3;933,5;933,3;;12,4;10,6;13,6;12,2;11,6;9,6;96;76;89;299;3,3;,7;
2021/07/03;0800 UTC;0;933,3;933,3;933,1;;12,1;10,8;12,9;12;11,1;10;93;84;92;338;2,7;1,2;
2021/07/03;0900 UTC;0;933,5;933,6;933,2;;11,7;11,4;12,2;11,7;12;10,7;100;92;98;334;2,7;1,2;
2021/07/03;1000 UTC;0;934,1;934,1;933,5;,7;11;11;11,9;11;11,8;11;100;98;100;319;2;,9;
2021/07/03;1100 UTC;0;934,3;934,4;934,1;199;13,2;10,2;13,2;11;12;10,2;100;82;82;330;2,9;1,5;
2021/07/03;1200 UTC;0;934,7;934,7;934,3;789,5;15,4;10,1;15,4;13,2;10,6;9,6;83;70;70;353;3,7;1,2;
2021/07/03;1300 UTC;0;934,9;935;934,7;1393;17,9;10,6;18;15,5;11,4;9,8;71;61;62;17;3,2;1;
2021/07/03;1400 UTC;0;934,8;935;934,8;1880,1;19,8;10,6;20,1;17,9;11,7;9,9;63;54;55;56;3,2;1;
2021/07/03;1500 UTC;0;934,1;934,8;934;2103,1;22;10,3;22;19,8;11,8;9,4;57;45;48;20;3,3;1,5;
2021/07/03;1600 UTC;0;933,3;934,1;933,3;2156,9;23,8;8,9;24,2;21,7;11,5;8,6;51;39;39;264;3,6;,7;
2021/07/03;1700 UTC;0;932,5;933,3;932,5;1883,4;23,2;10,1;24,1;22,5;11,1;8,9;47;39;44;200;3,4;1,2;
2021/07/03;1800 UTC;0;932,2;932,5;932,2;1432,7;21,3;13,9;23,3;21,3;13,9;9,4;63;43;63;140;5,6;2,5;
2021/07/03;1900 UTC;0;932,7;932,7;932,2;980;17,6;15,3;21,3;17,6;16,2;13,5;89;62;86;129;7,6;3,2;
2021/07/03;2000 UTC;0;933,3;933,3;932,6;397;15,4;15,4;17,6;15,4;15,8;13,9;100;86;100;142;8,2;2,9;
2021/07/03;2100 UTC;0;934;934;933,3;24,5;14,1;14,1;15,4;14,1;15,4;14,1;100;100;100;151;6,8;3,6;
2021/07/03;2200 UTC;0;934,8;934,8;934;;14,2;14,2;14,4;14;14,3;14;100;100;100;167;7,8;3,2;
2021/07/03;2300 UTC;0;935,4;935,4;934,9;;14;14;14,3;13,9;14,3;13,9;100;100;100;166;7,3;2,5;
2021/07/04;0000 UTC;0;935,3;935,4;935,1;;13,8;13,8;14;13,7;14;13,7;100;100;100;166;5,6;1,9;
2021/07/04;0100 UTC;0;935,2;935,3;935;;14;14;14;13,8;14;12,8;100;85;100;145;4,3;2;
2021/07/04;0200 UTC;0;935,2;935,4;935,1;;13,9;;14,1;13,8;14,1;13,8;100;100;;154;5,8;2,8;
2021/07/04;0300 UTC;0;934,9;935,2;934,9;;13,7;;13,9;13,6;;;;;;152;5,1;1,4;
2021/07/04;0400 UTC;0;934,6;934,9;934,5;;13,6;;13,8;13,5;;;;;;110;4,3;,9;
2021/07/04;0500 UTC;0;934,5;934,8;934,5;;13,9;;14;13,6;;;;;;150;3,9;1,8;
2021/07/04;0600 UTC;0;934,1;934,5;934;;13,7;;13,9;13,6;;;;;;152;5;1,4;
2021/07/04;0700 UTC;0;934,1;934,3;934,1;;13,7;13,7;13,8;13,5;;;;;100;136;5,1;1,6;
2021/07/04;0800 UTC;0;934,2;934,3;934,1;;13,6;;13,9;13,6;;;;;;174;3,5;1,2;
2021/07/04;0900 UTC;0;934,4;934,4;934,1;;13,7;;13,8;13,6;;;;;;169;4;1,9;
2021/07/04;1000 UTC;0;935,1;935,1;934,4;,1;13,8;;13,9;13,6;;;;;;156;5,1;2;
2021/07/04;1100 UTC;0;935,7;935,7;935;109,9;14;14;14;13,5;;;;;100;151;5,1;2,3;
2021/07/04;1200 UTC;0;936,3;936,3;935,6;316,4;14,5;14,5;14,6;14;14,6;14;100;100;100;159;4,8;1,9;
2021/07/04;1300 UTC;0;936,7;936,7;936,3;871,3;16;13,9;16,1;14,5;16,1;12,7;100;82;88;127;4,6;2,3;
2021/07/04;1400 UTC;0;936,4;936,7;936,4;2073,3;16,9;12,7;17,4;15,6;14,6;12,2;92;73;76;128;6;2,7;
2021/07/04;1500 UTC;0;936;936,4;936;2094,9;17,1;12,2;17,8;16,3;13,3;12,2;80;72;73;144;6;3,2;
2021/07/04;1600 UTC;0;935,3;936;935,3;2305,4;17,4;12,3;18,3;16,9;13,7;11,5;77;66;72;145;6,6;3,7;
2021/07/04;1700 UTC;0;934,7;935,3;934,7;2102,9;17;12,8;17,9;16,5;13,6;12,4;80;72;77;146;7,6;3,5;
2021/07/04;1800 UTC;0;934,5;934,7;934,5;1541,7;16,2;12,6;17;16,1;13,4;12,2;82;75;79;136;7,8;3,6;
2021/07/04;1900 UTC;0;934,6;934,6;934,5;908,6;15,3;12,4;16,3;15,3;13,1;12;85;77;83;118;7,1;3,3;
2021/07/04;2000 UTC;0;934,9;934,9;934,5;362,5;14,7;13,5;15,6;14,5;13,5;12,4;93;82;93;148;7;2,9;
2021/07/04;2100 UTC;0;935,3;935,3;934,9;25,3;14,1;13,3;14,7;14,1;13,3;12,8;95;90;95;152;7,5;3,3;
2021/07/04;2200 UTC;0;935,8;935,8;935,3;;14;14;14,2;14;14,1;13,3;100;95;100;124;6,1;1,9;
2021/07/04;2300 UTC;0;935,8;936;935,7;;13,9;13,9;14;13,9;14;13,9;100;100;100;135;5,3;2,1;
2021/07/05;0000 UTC;0;936,1;936,1;935,8;;13,9;13,8;14;13,8;14;13,8;100;100;100;121;5,5;2,4;
2021/07/05;0100 UTC;0;936,2;936,3;935,9;;13,8;13,8;13,9;13,8;13,9;13,8;100;100;100;121;5,3;2,2;
2021/07/05;0200 UTC;0;936,1;936,2;936,1;;13,8;;13,9;13,7;13,9;13,7;100;100;;129;4,4;1,8;
2021/07/05;0300 UTC;0;935,9;936,2;935,9;;13,9;;14;13,8;13,9;13,8;100;100;;122;5,1;2,3;
2021/07/05;0400 UTC;0;935,5;935,9;935,5;;13,5;13,5;13,9;13,5;;;;;100;114;5,1;1,3;
2021/07/05;0500 UTC;0;935,4;935,6;935,3;;13,6;;13,6;13;;;;;;117;4,5;1,9;
2021/07/05;0600 UTC;0;935,2;935,4;935,1;;13,7;13,7;13,7;13,5;13,7;13,5;100;100;100;113;5,1;2;
2021/07/05;0700 UTC;0;935;935,2;935;;13,8;13,7;13,8;13,6;13,8;13,5;100;100;100;106;3,7;1,4;
2021/07/05;0800 UTC;0;934,9;935;934,7;;13,7;13,7;13,9;13,7;13,9;13,7;100;100;100;118;4;1,5;
2021/07/05;0900 UTC;0;935,4;935,4;934,9;;13,8;;13,8;13,3;;;;;;121;4;1,6;
2021/07/05;1000 UTC;0;936,1;936,1;935,4;,2;13,8;;13,9;13,8;;;;;;125;3,6;1,6;
2021/07/05;1100 UTC;0;936,5;936,5;936,1;149;14,3;14,2;14,3;13,8;;;;;100;128;4,1;1,6;
2021/07/05;1200 UTC;0;936,9;936,9;936,5;612,5;15,3;13,2;15,7;14,2;15,2;13,1;100;86;87;136;5,1;2,1;
2021/07/05;1300 UTC;0;937,4;937,4;936,9;709,3;15,2;13,3;15,7;15;14,7;13;96;85;89;124;4,7;1,9;
2021/07/05;1400 UTC;0;937;937,4;937;1002,7;16,3;13,1;16,7;15,2;14,1;12,6;92;80;81;140;4,9;2,3;
2021/07/05;1500 UTC;0;936,3;936,9;936,3;1632,9;17,3;13,1;18;16,3;14;12,8;83;74;76;153;5;2,7;
2021/07/05;1600 UTC;0;935,3;936,3;935,3;2201,4;17,9;13,2;18,1;17,2;13,6;12,6;77;72;74;162;6,5;3,4;
2021/07/05;1700 UTC;0;934,8;935,3;934,8;1989,1;17,8;13;18,5;17,1;13,8;12,7;77;72;74;139;7,7;3,2;
2021/07/05;1800 UTC;0;934,4;934,8;934,4;1622,9;17,8;13,7;18,4;17,1;13,8;12,9;78;73;77;154;7;3;
2021/07/05;1900 UTC;0;934,4;934,4;934,3;1083,6;16,4;13,4;17,8;16,1;13,9;12,9;83;76;83;154;8,1;3,5;
2021/07/05;2000 UTC;0;934,7;934,7;934,4;391,3;15,5;13,3;16,5;15,5;13,7;13;87;82;87;149;7,2;3,6;
2021/07/05;2100 UTC;0;935;935;934,7;35;14,6;14,6;15,5;14,6;15,2;13,3;100;87;100;124;7,2;2,9;
2021/07/05;2200 UTC;0;935,4;935,5;935;;14,5;14,5;14,8;14,5;14,8;14,5;100;100;100;151;6,3;2,2;
2021/07/05;2300 UTC;0;935,8;935,8;935,4;;14,6;14,6;14,7;14,5;14,7;14,5;100;100;100;132;4,6;2,1;
2021/07/06;0000 UTC;0;936;936,1;935,8;;14,5;14,5;14,7;14,5;14,7;14,5;100;100;100;126;5,1;2,1;
2021/07/06;0100 UTC;0;936,1;936,1;935,9;;14,3;14,3;14,5;14,3;14,5;14,3;100;100;100;120;4,9;1,6;
2021/07/06;0200 UTC;0;936,1;936,3;936,1;;14,4;14,4;14,4;14,2;14,4;14,2;100;100;100;126;4,2;1,8;
2021/07/06;0300 UTC;0;935,5;936,1;935,5;;13,4;;14,4;13,3;14,4;13,3;100;100;;123;4,5;1,2;
2021/07/06;0400 UTC;0;935,4;935,6;935,4;;12,7;;13,4;12,6;;;;;;144;3,9;1;
2021/07/06;0500 UTC;0;934,9;935,4;934,9;;12,7;;12,9;12,3;;;;;;134;2;,7;
2021/07/06;0600 UTC;0;934,4;934,9;934,4;;12,3;;12,8;12,2;;;;;;136;1,9;,9;
2021/07/06;0700 UTC;0;934,2;934,4;934,1;;12,2;;12,4;11,7;;;;;;111;1,8;,9;
2021/07/06;0800 UTC;0;933,9;934,2;933,9;;12,5;;12,5;12,1;;;;;;111;2,6;1,2;
2021/07/06;0900 UTC;0;934,3;934,3;933,9;,2;13,5;13,5;13,5;12,5;;;;;100;101;4,3;2,1;
2021/07/06;1000 UTC;0;934,5;934,5;934,3;2,4;13;13;13,8;13;13,7;12,3;100;91;100;123;4,3;,9;
2021/07/06;1100 UTC;0;934,7;934,7;934,5;163,8;14,2;12,6;14,2;12,6;;;;;90;94;2;,8;
2021/07/06;1200 UTC;0;935,3;935,3;934,7;762,4;15,2;11,8;15,2;14,2;12,7;11,5;91;80;80;128;3,7;1,6;
2021/07/06;1300 UTC;0;935,7;935,7;935,3;1181,3;15,4;12,6;16,1;15,2;13,2;11,5;86;77;84;126;5,8;2,7;
2021/07/06;1400 UTC;0;935,2;935,7;935,2;1645,8;16,5;8;17,4;15,3;12,5;5,2;84;45;57;117;5,8;2,4;
2021/07/06;1500 UTC;,8;934,3;935,2;934,3;2067,8;17,5;8;18,3;16,5;9,8;6,8;67;50;54;133;6,2;2,8;
2021/07/06;1600 UTC;0;933,6;934,3;933,6;2283,3;17,6;9;18,4;17;9,3;7,8;58;52;57;157;6,6;3,6;
2021/07/06;1700 UTC;0;933;933,6;933;1727,4;17,1;8,6;17,6;16,8;9,2;8;61;55;58;133;8,1;2,5;
2021/07/06;1800 UTC;0;932,5;933;932,5;720,4;17,2;8,4;17,3;16,6;8,8;7;59;52;57;154;6,8;3,7;
2021/07/06;1900 UTC;0;932,6;932,6;932,4;954,3;16,1;9,2;17,4;15,8;9,8;8,5;65;56;64;124;8,4;3,5;
2021/07/06;2000 UTC;0;932,9;932,9;932,6;456;14,5;8,9;16;14,5;9,3;8,4;70;62;69;148;8,8;4;
2021/07/06;2100 UTC;0;933,4;933,4;932,9;32,7;13,7;9,3;14,5;13,6;9,4;8,7;75;68;75;137;8,8;3,3;
2021/07/06;2200 UTC;0;933,8;933,8;933,4;;13,6;9,9;13,7;13,6;9,9;9,4;78;75;78;123;6,9;2,3;
2021/07/06;2300 UTC;0;934,2;934,2;933,8;;13,7;9,7;13,8;13,6;10,3;9,7;79;77;77;120;5,7;2,5;
2021/07/07;0000 UTC;0;934,2;934,2;934,1;;13,3;9,3;13,7;13,3;9,7;9,2;77;75;77;116;6,3;3;
2021/07/07;0100 UTC;0;934,2;934,2;934,1;;12,7;9,5;13,3;12,7;9,8;9,4;81;77;81;128;6;1,6;
2021/07/07;0200 UTC;0;934;934,2;934;;12,9;9,6;13;12,4;9,7;9,2;82;79;80;134;4,6;2;
2021/07/07;0300 UTC;0;933,9;934;933,8;;12,2;9,7;12,9;12;10;9,4;86;80;85;120;4,3;1,6;
2021/07/07;0400 UTC;0;933,6;933,9;933,6;;11,8;10,5;12,3;11,7;10,8;9,2;93;83;91;123;4,3;1,2;
2021/07/07;0500 UTC;0;933,2;933,6;933,2;;11,7;11,7;11,9;11,5;11,8;10,4;100;91;100;115;2,9;1,1;
2021/07/07;0600 UTC;0;932,9;933,2;932,9;;11,3;11,3;11,8;11,2;11,8;11,2;100;100;100;139;2,9;1,2;
2021/07/07;0700 UTC;0;932,7;932,9;932,7;;11,1;11,1;11,5;11,1;11,5;11,1;100;100;100;133;3,8;1,1;
2021/07/07;0800 UTC;0;932,7;932,7;932,5;;11,1;11,1;11,3;10,9;11,3;10,9;100;100;100;116;3,2;,7;
2021/07/07;0900 UTC;0;932,9;932,9;932,7;;10,9;10,9;11,3;10,9;11,2;10,9;100;100;100;121;2,3;,7;
2021/07/07;1000 UTC;0;933,5;933,5;932,9;;11;11;11,3;10,7;11,3;10,7;100;100;100;113;2,5;,6;
2021/07/07;1100 UTC;,2;934,1;934,1;933,5;165,6;12,3;12,3;12,3;10,6;12,3;10,6;100;100;100;141;1,5;,6;
2021/07/07;1200 UTC;0;934,7;934,7;934,1;638,4;14;10,1;14,1;12,3;12,4;9,4;100;77;77;114;2,5;1,2;
2021/07/07;1300 UTC;0;934,6;934,8;934,6;1367,2;15,6;9,3;15,8;14;10,6;9,3;79;66;66;107;3,7;1,9;
2021/07/07;1400 UTC;0;934,3;934,6;934,2;1983,9;17,3;10;17,3;15,6;10,3;9;68;61;62;138;5,6;2,7;
2021/07/07;1500 UTC;0;933,8;934,3;933,8;2498,8;18,2;9,6;18,4;16,8;10,4;9;63;57;57;137;6,1;2,6;
2021/07/07;1600 UTC;0;932,8;933,8;932,8;1467,9;18,3;10,1;18,3;16,8;10,2;8,8;64;56;59;146;5,8;2,7;
2021/07/07;1700 UTC;0;932,2;932,8;932,2;1861,6;18,6;9,4;18,7;17,2;10,3;8,8;60;54;55;154;6,4;2,7;
2021/07/07;1800 UTC;0;931,8;932,2;931,8;1836,7;18,2;9,4;18,9;18,1;9,8;8,5;57;51;57;113;6,7;3,1;
2021/07/07;1900 UTC;0;931,5;931,8;931,4;1205,1;17,5;10,5;18,7;17,5;10,8;9,3;64;55;64;142;6,7;3,2;
2021/07/07;2000 UTC;0;931,6;931,7;931,4;487,8;15,7;11,2;17,7;15,7;11,4;10,4;74;63;74;143;6,9;3,1;
2021/07/07;2100 UTC;0;931,8;931,8;931,6;31,6;15,2;10,9;15,7;14,9;11,6;10,8;79;74;76;143;6,5;2,4;
2021/07/07;2200 UTC;0;932,2;932,2;931,8;;14,5;11,8;15,2;14,4;11,9;10,9;84;76;84;153;5,8;2,5;
2021/07/07;2300 UTC;0;932,7;932,7;932,2;;14,5;11,5;14,6;14,5;11,8;11,5;84;82;82;155;5,8;2,3;
2021/07/08;0000 UTC;0;932,8;932,8;932,7;;14,4;11,6;14,6;14,3;11,7;11,5;84;82;84;161;5;2,1;
2021/07/08;0100 UTC;0;932,8;932,8;932,7;;14,2;11,2;14,4;14,1;11,7;11;84;81;83;149;4,3;1,8;
2021/07/08;0200 UTC;0;932,5;932,8;932,4;;14,1;11,6;14,2;14,1;11,6;11;85;82;85;113;3,8;1;
2021/07/08;0300 UTC;0;931,8;932,5;931,8;;13,6;11,3;14,1;13,6;11,6;11,2;86;83;86;141;2,1;,3;
2021/07/08;0400 UTC;0;931,4;931,8;931,3;;13,9;10,6;13,9;13,1;11,6;10,5;89;80;80;104;3,6;1,9;
2021/07/08;0500 UTC;0;930,9;931,5;930,9;;13,9;10,1;14,2;13,9;11;10;81;76;77;69;4,4;1,5;
2021/07/08;0600 UTC;0;930,7;930,8;930,7;;13,3;9,6;13,9;13,3;10;9,4;79;76;78;49;4,4;1,3;
2021/07/08;0700 UTC;0;930,6;930,8;930,6;;12,7;9,6;13,3;12,7;9,9;9,4;82;78;82;26;3,3;,9;
2021/07/08;0800 UTC;0;930,3;930,6;930,2;;12,2;9,8;12,8;12,2;9,9;9,6;86;82;85;60;2,3;,8;
2021/07/08;0900 UTC;0;930,9;930,9;930,3;;12;11,6;12,3;11,6;11,6;9,6;98;85;98;217;1,6;,6;
2021/07/08;1000 UTC;0;931,3;931,3;930,9;,7;12,5;10;12,5;12;11,9;10;99;85;85;42;2;,8;
2021/07/08;1100 UTC;0;931,9;931,9;931,3;88,7;13,1;9,8;13,1;12,5;10,3;9,7;85;80;80;12;3,2;1,3;
2021/07/08;1200 UTC;0;932,7;932,7;931,9;634,9;14,9;9,7;14,9;13,1;10,1;9,4;81;71;71;50;3,8;1,6;
2021/07/08;1300 UTC;0;932,8;932,9;932,7;1530,4;16,4;9,3;16,4;14,5;10,1;9,1;72;62;63;354;4,1;1,2;
2021/07/08;1400 UTC;0;932,3;932,8;932,3;1997,9;18,2;8,9;18,2;16,1;10,3;8,7;63;55;55;97;3,4;,9;
2021/07/08;1500 UTC;0;931,9;932,3;931,9;2256,5;19,2;6,9;19,3;17,9;9,8;6,9;58;45;45;64;3,4;1,1;
2021/07/08;1600 UTC;0;930,5;931,9;930,5;2256,7;21,2;7,8;21,2;19,2;9,1;6,3;50;40;42;16;4;1,1;
2021/07/08;1700 UTC;0;929,8;930,5;929,8;1964;21,7;4,6;22,6;21,1;8,3;4,3;43;31;33;294;5,8;1,5;
2021/07/08;1800 UTC;0;929,3;929,8;929,3;1491,3;22;2;23,2;20,8;5,8;1,6;36;25;27;344;5,8;1,9;
2021/07/08;1900 UTC;0;929,6;929,6;929,3;898,7;16,6;11,8;22,4;16,6;11,9;1,8;73;26;73;153;7,1;3,6;
2021/07/08;2000 UTC;0;930,1;930,1;929,6;454,4;15,3;12,1;16,7;15,2;12,2;11,8;82;73;81;141;7,2;2,7;
2021/07/08;2100 UTC;0;930,8;930,8;930,1;35,8;14;11,2;15,3;14;12;11,2;84;80;83;131;7,3;2,7;
2021/07/08;2200 UTC;0;931,5;931,5;930,7;;13,9;10,4;14;13,9;11,2;10,4;83;79;80;150;5,9;2,5;
2021/07/08;2300 UTC;0;932,1;932,1;931,5;;13,6;10;13,9;13,6;10,4;9,9;80;78;78;144;5,6;2,2;
2021/07/09;0000 UTC;0;932,6;932,6;932,1;;13,8;10,3;13,9;13,5;10,3;10;80;78;79;156;5,6;2,5;
2021/07/09;0100 UTC;0;932,9;932,9;932,6;;13,3;10,8;13,8;13,3;10,9;10,3;85;79;85;125;5;1,7;
2021/07/09;0200 UTC;0;933,1;933,1;932,9;;13,4;11,5;13,4;13;12,7;10,7;96;85;89;119;3,7;1,4;
2021/07/09;0300 UTC;0;932,7;933,1;932,7;;12,9;11,6;13,5;12,8;12,8;10,8;98;87;92;110;2,7;1,1;
2021/07/09;0400 UTC;0;932,4;932,7;932,4;;12,3;12,3;13,1;12,3;12,9;11,3;100;90;100;120;3,5;,9;
2021/07/09;0500 UTC;0;932;932,5;932;;12,2;12,2;12,6;12;12,6;12;100;100;100;152;2,2;,5;
2021/07/09;0600 UTC;0;931,5;932;931,4;;12,1;12,1;12,2;11,6;12,2;11,6;100;100;100;90;1,5;,7;
2021/07/09;0700 UTC;0;931,1;931,5;931,1;;11,7;11,7;12,3;11,4;12,3;11,4;100;100;100;256;1,3;,4;
2021/07/09;0800 UTC;0;931;931,1;931;;11,7;11,7;11,8;11;11,7;11;100;100;100;136;1,5;,9;
2021/07/09;0900 UTC;0;931,4;931,4;931;;12;12;12;11,2;12;11,2;100;100;100;92;2,5;1,2;
2021/07/09;1000 UTC;0;932;932;931,4;;11,9;11,8;12;11,7;12;11,6;100;100;100;119;4,3;1,2;
2021/07/09;1100 UTC;0;932,8;932,8;932;67,9;12,4;12,4;12,4;11,9;12,4;11,8;100;100;100;119;3,7;1,5;
2021/07/09;1200 UTC;0;933,7;933,7;932,8;244,6;13,3;10,9;13,4;12,4;12,7;10,9;100;85;85;118;3,7;2;
2021/07/09;1300 UTC;0;934,3;934,3;933,7;683,3;14,2;10,1;14,5;13,3;11,2;9,7;86;75;77;96;5,9;2,7;
2021/07/09;1400 UTC;0;934,3;934,4;934,3;1410,4;15,9;9,8;16,1;14,2;10,9;9,8;77;66;67;113;5,8;2,7;
2021/07/09;1500 UTC;0;933,8;934,3;933,7;2267,2;17,5;10,6;17,7;15,9;10,8;9,8;69;61;64;120;5,1;2,3;
2021/07/09;1600 UTC;0;932,8;933,8;932,8;2295,8;19,7;9,4;19,8;17,4;10,7;9,2;64;51;51;103;4,8;2,2;
2021/07/09;1700 UTC;0;931,9;932,8;931,9;2111,2;19,8;11,2;20,8;19,5;11,2;8;58;45;58;144;5,3;2,8;
2021/07/09;1800 UTC;0;931,5;931,9;931,5;1701,9;18,6;11,6;19,8;18,4;11,9;10,7;65;56;64;151;7,6;3,6;
2021/07/09;1900 UTC;0;931,5;931,5;931,4;1148,5;17,6;12,3;19,1;17,5;12,7;11,6;72;63;71;124;7,4;3,3;
2021/07/09;2000 UTC;0;931,6;931,6;931,5;475,1;15,9;12,4;17,6;15,9;12,6;12,1;80;71;80;137;7,4;3;
2021/07/09;2100 UTC;0;931,8;931,8;931,5;36,4;15,3;12,6;15,9;15,3;12,7;12,3;84;80;84;124;7,1;2,6;
2021/07/09;2200 UTC;0;931,9;931,9;931,7;;15,2;12,5;15,3;15,1;12,6;12,2;84;83;84;136;6,4;2,3;
2021/07/09;2300 UTC;0;932,4;932,4;931,9;;14,5;11,4;15,1;14,5;12,5;11,4;84;81;81;139;5,4;2,5;
2021/07/10;0000 UTC;0;932,5;932,5;932,3;;14;11,4;14,5;14;11,6;11,3;85;81;84;126;5,1;2,3;
2021/07/10;0100 UTC;0;932,7;932,7;932,5;;13,6;11,7;14;13,6;11,9;11,4;89;84;88;119;4,9;1,7;
2021/07/10;0200 UTC;0;932,9;933;932,6;;13,1;13;13,6;13;13,4;11,6;100;88;100;136;3,5;1;
2021/07/10;0300 UTC;0;932,7;933;932,6;;12,5;12,4;13,1;12,4;13,1;12,4;100;100;100;141;2,1;1;
2021/07/10;0400 UTC;0;932,5;932,7;932,5;;12,6;12,6;12,8;12,3;12,8;12,3;100;100;100;131;1,9;1;
2021/07/10;0500 UTC;0;932,4;932,6;932,4;;12,1;12,1;12,6;12;12,6;12;100;100;100;134;1,6;,8;
2021/07/10;0600 UTC;,2;931,9;932,4;931,9;;11,9;11,9;12,2;11,8;12,2;11,8;100;100;100;81;2,4;,6;
2021/07/10;0700 UTC;0;931,7;931,9;931,6;;11,7;11,6;11,9;11,5;11,9;11,5;100;100;100;57;2,4;,6;
2021/07/10;0800 UTC;0;931,3;931,7;931,2;;12,2;10,2;12,3;11,6;11,9;10;100;87;87;34;3,4;1,3;
2021/07/10;0900 UTC;0;931,5;931,5;931,3;;12,4;10,2;12,5;12,1;10,4;9,9;88;86;86;10;3,1;1,4;
2021/07/10;1000 UTC;0;932,2;932,2;931,5;;11,8;10,2;12,5;11,7;10,7;9,8;93;85;90;23;3,8;1,5;
2021/07/10;1100 UTC;,2;932,9;932,9;932,2;162,9;11,8;11,2;11,9;11,5;11,9;10,3;100;90;97;17;4,6;2;
2021/07/10;1200 UTC;0;933,7;933,7;932,9;717,1;13,9;10,8;13,9;11,7;11,9;10,4;99;81;81;42;4,8;1,4;
2021/07/10;1300 UTC;0;933,9;934;933,7;1557,5;16,3;9,8;16,4;13,9;11,1;9,8;82;65;65;44;4,4;1,1;
2021/07/10;1400 UTC;0;933,8;934;933,8;2076,4;18,4;8,8;18,4;16,3;10,7;8,8;68;53;54;26;3,6;1,6;
2021/07/10;1500 UTC;0;933,1;933,8;933,1;2345,8;21;8,3;21;18,4;9,8;7,3;56;43;44;10;3,8;1,5;
2021/07/10;1600 UTC;0;932,2;933,1;932,2;2394,6;21,7;6,8;22,4;20,8;8,6;5,6;45;35;38;103;3,3;1,4;
2021/07/10;1700 UTC;0;931,1;932,2;931,1;2186,4;22,5;3,7;22,9;21,6;7,5;3,2;39;28;29;180;3,5;1,3;
2021/07/10;1800 UTC;0;930,7;931,1;930,7;1739,5;23,3;3,9;23,5;22,3;5,5;3,3;34;27;28;214;4,5;1,2;
2021/07/10;1900 UTC;0;930,3;930,7;930,3;1126,5;22,1;5,3;23,3;22,1;5,8;3,4;35;27;33;118;3,7;1,6;
2021/07/10;2000 UTC;0;930,5;930,5;930,3;428,6;20,1;6,3;22,1;20;7,5;4,6;44;32;41;129;4,6;1,8;
2021/07/10;2100 UTC;0;930,7;930,7;930,4;36;18,2;4,8;20,1;18,1;6,7;4,8;42;39;41;135;4,6;1;
2021/07/10;2200 UTC;0;930,8;930,8;930,7;;17;6,4;18,3;16,7;6,4;4,8;50;41;50;162;2,2;1,3;
2021/07/10;2300 UTC;0;931,1;931,1;930,8;;15,1;8,2;17;15,1;8,2;6,4;63;50;63;95;1,9;,7;
2021/07/11;0000 UTC;0;931,6;931,6;931,1;;14,6;9,1;15,6;14,4;10,6;8,2;75;63;70;210;1,4;,3;
2021/07/11;0100 UTC;0;931,7;931,7;931,5;;13,8;10,9;15,3;13,6;11;8,9;83;67;83;109;1,3;,3;
2021/07/11;0200 UTC;0;931,9;932;931,7;;13,9;9,3;14,1;13,3;11,1;9,2;84;73;74;173;,8;,3;
2021/07/11;0300 UTC;0;931,8;931,9;931,8;;13,6;9;13,9;13,1;10,8;9;83;74;74;300;1,4;,8;
2021/07/11;0400 UTC;0;931,7;931,8;931,7;;12,9;8,8;13,6;12,6;9;8,6;78;73;76;320;1,4;,7;
2021/07/11;0500 UTC;0;931,2;931,7;931,1;;13,5;9,3;13,6;12,8;9,5;8,4;78;74;76;324;1,8;1,4;
2021/07/11;0600 UTC;0;930,8;931,2;930,8;;13,4;8,9;13,4;13;9,7;8,8;80;74;74;330;2,1;1,3;
2021/07/11;0700 UTC;0;930,7;930,8;930,7;;14,3;7,7;14,5;13,3;8,9;7,5;74;63;65;360;2,9;1,2;
2021/07/11;0800 UTC;0;930,6;930,7;930,5;;13,7;7,7;14,3;13,3;7,9;7,5;69;65;67;4;2,9;1,4;
2021/07/11;0900 UTC;0;930,8;930,8;930,6;;12,4;7,9;13,9;12,4;7,9;7,5;74;66;74;334;2,9;1,3;
2021/07/11;1000 UTC;0;931,3;931,3;930,8;;13;7,9;13,2;12,3;8,3;7,8;76;70;71;340;2,6;1,3;
2021/07/11;1100 UTC;0;932;932;931,3;195,7;14;7,9;14;12,8;8,1;7,8;72;67;67;327;2,3;1,2;
2021/07/11;1200 UTC;0;932,6;932,6;931,9;858,9;17,1;8,3;17,1;14;8,7;7,9;67;56;56;36;3;1;
2021/07/11;1300 UTC;0;932,9;933;932,6;1511,8;19,4;8,9;19,4;16,9;9,4;7,8;58;48;51;51;3,7;1,5;
2021/07/11;1400 UTC;0;932,7;932,9;932,7;2017,6;21,3;8;21,4;19;9,5;7,6;51;41;43;72;3,3;1,6;
2021/07/11;1500 UTC;0;932;932,7;932;2292,6;22,6;5,3;23,2;20,9;7,6;4,3;42;30;33;105;3,7;1,6;
2021/07/11;1600 UTC;0;931,2;932;931,2;2320,8;23,4;4,3;23,7;22,2;6,4;1,6;34;24;29;106;3,9;1,6;
2021/07/11;1700 UTC;0;930,3;931,2;930,3;2133,3;23,3;5,2;23,4;22,5;5,2;3;32;27;31;117;4,2;2;
2021/07/11;1800 UTC;0;930;930,3;929,9;1707,2;21;6,1;23,3;21;7;4,3;40;29;38;130;5,9;3,2;
2021/07/11;1900 UTC;0;929,9;930;929,8;1123;19,7;6,8;21;19,6;7,6;6,3;44;38;43;130;5,9;2,6;
2021/07/11;2000 UTC;0;930,2;930,2;929,8;433,7;17,1;9,1;19,7;17,1;9,1;6,2;59;42;59;151;6;2,8;
2021/07/11;2100 UTC;0;930,7;930,7;930,2;41,5;15,2;11,3;17,1;15,2;11,4;9,1;77;59;77;146;5,8;2,5;
2021/07/11;2200 UTC;0;931,1;931,1;930,7;;14,2;11,7;15,2;14,2;11,7;11,3;85;77;85;136;5,5;1,5;
2021/07/11;2300 UTC;0;931,4;931,4;931,1;;13,6;12,8;14,1;13,4;13;11,4;96;85;95;146;4,3;1,4;
2021/07/12;0000 UTC;0;932,1;932,1;931,4;;13;13;13,6;13;13,3;11,9;100;90;100;179;2,5;1,1;
2021/07/12;0100 UTC;0;932,7;932,7;932,1;;13;13;13,2;12,8;13,2;12,8;100;100;100;152;3,9;1,7;
2021/07/12;0200 UTC;0;932,8;932,8;932,7;;13;13;13,1;12,8;13,1;12,8;100;99;100;137;3,8;1,1;
2021/07/12;0300 UTC;0;932,6;932,8;932,6;;12,3;12,3;13;12,3;13;12,3;100;100;100;138;3,5;,5;
2021/07/12;0400 UTC;0;932,4;932,6;932,4;;12,1;12,1;12,4;11,6;12,4;11,6;100;100;100;203;1,1;,6;
2021/07/12;0500 UTC;0;932;932,4;932;;11,8;11,8;12,2;11,6;12,2;11,6;100;100;100;151;,9;,5;
2021/07/12;0600 UTC;0;931,5;932;931,5;;12;12;12,3;11,6;12,3;11,6;100;100;100;174;,9;,3;
2021/07/12;0700 UTC;0;931,5;931,5;931,4;;11,3;11,3;12;11,1;12;11,1;100;100;100;166;1;,3;
2021/07/12;0800 UTC;,2;931,4;931,5;931,3;;11;11;11,6;11;11,5;11;100;100;100;178;,7;,2;
2021/07/12;0900 UTC;0;932;932;931,3;;10,6;10,6;11,1;10,6;11,1;10,6;100;100;100;243;1,2;,5;
2021/07/12;1000 UTC;0;932,5;932,5;932;;10,6;10,6;10,9;10,5;10,9;10,5;100;100;100;193;1,2;,6;
2021/07/12;1100 UTC;0;933,3;933,3;932,5;202,6;12,3;12,2;12,3;10,5;12,3;10,5;100;100;100;134;1,6;,8;
2021/07/12;1200 UTC;0;934,1;934,1;933,3;872,2;16;10,6;16;12,3;13;10,1;100;71;71;137;1,7;,7;
2021/07/12;1300 UTC;0;934,7;934,7;934,1;1521,5;19;9,8;19,4;16;11,1;9,1;71;52;55;54;3,2;1,6;
2021/07/12;1400 UTC;0;934,5;934,7;934,5;2016,8;20,6;8;20,9;19;10,3;7,7;57;43;44;103;4,3;1,9;
2021/07/12;1500 UTC;0;934;934,5;934;2316,7;22,6;6,3;22,6;20,6;8,5;5,8;45;34;35;27;4,7;2,1;
2021/07/12;1600 UTC;0;932,9;934;932,9;2384,4;23,4;3,5;23,7;22,4;7,5;3,5;37;27;27;32;4,9;1,8;
2021/07/12;1700 UTC;0;932,1;932,9;932,1;2166,8;23,9;5,2;24;22,8;5,4;2,4;32;25;30;15;5,3;1,2;
2021/07/12;1800 UTC;0;931,8;932,1;931,8;1708,5;22,1;9,8;24,1;21,9;10,4;2;48;24;46;127;6,5;2,8;
2021/07/12;1900 UTC;0;931,6;931,8;931,6;1091,2;19,9;11,8;22,1;19,9;12,6;10,2;60;46;59;131;5,8;2,5;
2021/07/12;2000 UTC;0;931,8;931,8;931,6;456,6;17,2;12,7;20;17,2;13;11,8;75;59;75;144;6,8;3;
2021/07/12;2100 UTC;0;932,1;932,1;931,8;46,4;15,7;13,4;17,2;15,7;13,6;12,8;86;75;86;136;6;2,1;
2021/07/12;2200 UTC;0;932,4;932,4;932,1;;15,1;12,9;15,7;15,1;13,5;12,9;90;85;86;142;5;2,2;
2021/07/12;2300 UTC;0;932,9;932,9;932,4;;14,5;14,4;15,1;14,5;14,4;12,7;99;86;99;139;4,3;1;
2021/07/13;0000 UTC;0;933,3;933,3;932,9;;14;14;14,6;14;14,6;14;100;99;100;126;3,1;,6;
2021/07/13;0100 UTC;0;933,5;933,6;933,3;;13,5;13,5;14,2;13,5;14,2;13,5;100;100;100;157;1,7;,4;
2021/07/13;0200 UTC;0;933,5;933,6;933,5;;13,3;13,3;13,6;13,2;13,6;13,2;100;100;100;168;1,4;,4;
2021/07/13;0300 UTC;0;933,4;933,6;933,4;;13;13;13,5;13;13,5;13;100;100;100;193;1;,5;
2021/07/13;0400 UTC;0;933,4;933,5;933,3;;12,8;12,8;13,1;12,6;13;12,6;100;100;100;87;,9;,3;
2021/07/13;0500 UTC;,2;933,1;933,4;933,1;;12,3;12,3;12,9;12,3;12,9;12,3;100;100;100;50;1;,4;
2021/07/13;0600 UTC;0;932,8;933,2;932,8;;13,2;9,8;13,2;12;12,4;9,6;100;80;80;6;2,9;1,1;
2021/07/13;0700 UTC;0;932,8;932,8;932,8;;13,6;8,9;13,9;13,2;9,7;8,7;80;71;73;43;3,9;1,3;
2021/07/13;0800 UTC;0;932,9;932,9;932,8;;13,8;8,8;14,2;13,5;9;8,8;74;71;72;356;4,7;1,3;
2021/07/13;0900 UTC;0;933,4;933,4;932,9;;13;9,1;13,9;13;9,1;8,7;77;71;77;27;3,1;1,2;
2021/07/13;1000 UTC;0;934;934;933,4;;12,3;9,2;13,4;12,2;9,2;8,8;81;75;81;332;3,1;1,4;
2021/07/13;1100 UTC;0;934,4;934,4;934;214,8;14,2;9,5;14,2;12,2;9,6;9,1;81;73;73;357;2,5;1,1;
2021/07/13;1200 UTC;0;934,9;934,9;934,4;907,8;16,5;9,5;16,8;14,2;10,2;9,2;73;62;63;19;3,1;1,3;
2021/07/13;1300 UTC;0;935,3;935,3;934,9;1572,2;19,8;9,2;19,8;16,5;10,2;8,7;65;49;51;50;4,7;1,5;
2021/07/13;1400 UTC;0;934,8;935,3;934,8;2058,6;21,8;6,5;22,1;19,8;9,6;6,5;51;37;37;360;5,7;1,8;
2021/07/13;1500 UTC;0;933,9;934,8;933,9;2309,7;23,4;5,8;23,4;21,7;8,2;5,2;41;31;32;15;5,4;1,6;
2021/07/13;1600 UTC;0;932,9;933,9;932,9;2399,3;24,7;3,7;24,7;23,1;7,1;2,5;35;24;26;2;6,2;2,2;
2021/07/13;1700 UTC;0;932;932,9;932;2234;25;2,9;25,5;24;4,3;,7;27;21;24;325;5,3;1,8;
2021/07/13;1800 UTC;0;931,5;932;931,5;1780,4;24,9;2,6;25,5;24,3;4,3;1,2;27;21;23;301;5,6;1,4;
2021/07/13;1900 UTC;0;931,1;931,5;931,1;1201,4;24,1;1,9;25,2;24;3,8;1;26;21;23;5;4,7;1,7;
2021/07/13;2000 UTC;0;931,1;931,2;931,1;479,4;22,4;2,2;24,6;22,4;4,2;,9;27;21;27;351;3,7;,4;
2021/07/13;2100 UTC;0;931,6;931,6;931,1;37,7;19,4;8,9;22,4;19,2;9,1;2,1;51;26;51;149;3,4;1,5;
2021/07/13;2200 UTC;0;931,8;931,9;931,6;;17,7;10,4;19,6;17,7;10,4;9,1;62;51;62;140;3,4;1,3;
2021/07/13;2300 UTC;0;932,1;932,2;931,8;;16,6;12,2;18;16,6;12,2;10,4;75;62;75;165;2,2;1,2;
2021/07/14;0000 UTC;0;932,7;932,7;932,1;;15,6;12,9;16,6;15,6;13,1;12,2;85;75;84;155;1,7;,9;
2021/07/14;0100 UTC;0;932,9;932,9;932,6;;15,2;14,6;15,7;15,1;14,6;12,9;96;84;96;193;1,5;,9;
2021/07/14;0200 UTC;0;932,7;933;932,7;;14,8;14,6;15,3;14,7;15;14,2;100;94;99;250;1,5;,3;
2021/07/14;0300 UTC;0;932,9;932,9;932,7;;14;11,8;14,9;13,9;14,7;11,7;100;86;87;7;1;,2;
2021/07/14;0400 UTC;0;932,5;932,9;932,5;;14;14;14,5;13,4;14,4;11,6;100;87;100;160;,9;,4;
2021/07/14;0500 UTC;0;932,3;932,6;932,3;;14,3;11,4;14,3;13,5;13,9;10,9;100;83;83;308;1,1;,8;
2021/07/14;0600 UTC;0;932;932,3;931,9;;14,1;11;14,3;13,6;11,3;10,6;84;81;82;309;1,2;,8;
2021/07/14;0700 UTC;0;931,9;932,1;931,9;;12,9;10,7;14,1;12,9;11,1;10,6;86;81;86;177;1,5;,6;
2021/07/14;0800 UTC;0;931,9;932;931,8;;13,2;10,8;13,4;12,9;11,2;10,5;88;83;85;332;1,2;,6;
2021/07/14;0900 UTC;0;932;932;931,8;;13,3;10,6;13,8;13,1;13,1;10,5;96;83;84;323;1,5;,9;
2021/07/14;1000 UTC;,2;932,2;932,2;932;;12,3;10,2;13,3;12,3;10,6;10;88;83;87;313;1,8;,9;
2021/07/14;1100 UTC;0;932,5;932,5;932,1;221,2;15;9,3;15;12,3;10,8;9,1;89;69;69;336;2;1,2;
2021/07/14;1200 UTC;0;932,5;932,6;932,4;899,4;17,4;8,4;17,4;14,9;9;7,6;69;55;55;2;2,9;,8;
2021/07/14;1300 UTC;0;932,7;932,7;932,5;1492,9;19,7;7,4;19,7;17,4;9;7,4;56;45;45;333;3,4;1,7;
2021/07/14;1400 UTC;0;932,2;932,7;932,2;1920,2;22;7,7;22,1;19,7;8,4;7,2;47;38;40;319;5;2,2;
2021/07/14;1500 UTC;0;931,2;932,2;931,2;2193;22,9;5,8;23,3;22;7,8;5,5;40;32;33;332;7,5;3,4;
2021/07/14;1600 UTC;0;930,4;931,2;930,4;2232,8;24,7;4,9;24,9;22,8;6,9;4,6;35;28;28;322;7,5;2,7;
2021/07/14;1700 UTC;0;929,4;930,4;929,4;2161,3;25,1;5,6;25,4;24,2;7;5;33;27;29;324;8,7;2,7;
2021/07/14;1800 UTC;0;928,6;929,4;928,6;1479,6;23,4;4;25,6;23,4;6,6;3,7;31;26;28;331;6,3;2,7;
2021/07/14;1900 UTC;0;928,1;928,6;928,1;908,3;24;4,1;24,2;22,9;6,4;4;33;28;28;341;7,1;2;
2021/07/14;2000 UTC;0;928,2;928,3;928;433,1;21,6;5;24,6;21,6;6;4,2;35;27;34;312;6,8;1,7;
2021/07/14;2100 UTC;0;928,4;928,5;928,2;36,2;19,6;4,4;21,8;19,6;5,2;4,2;37;32;37;56;4,1;,2;
2021/07/14;2200 UTC;0;928,7;928,7;928,4;;18,9;5;19,8;18,9;5,1;4,5;40;37;40;98;,7;,2;
2021/07/14;2300 UTC;0;928,9;928,9;928,6;;17;7,9;19,1;16,7;8,2;4,8;57;39;55;156;1,4;1;
2021/07/15;0000 UTC;0;929,2;929,2;928,9;;16;9,9;17,3;15,9;9,9;7,9;67;55;67;180;1,9;,8;
2021/07/15;0100 UTC;0;929,1;929,4;929;;15;12,1;16;14,7;12,1;9,8;83;67;83;165;1,4;,5;
2021/07/15;0200 UTC;0;929,3;929,4;929;;15,5;9,5;15,8;15;12,1;9,5;83;67;67;207;1,3;,6;
2021/07/15;0300 UTC;0;929,3;929,3;929,1;;14,1;9,7;15,6;14,1;9,9;9,4;75;67;75;255;2;,3;
2021/07/15;0400 UTC;0;929,2;929,3;929,1;;14,2;10;14,3;13,9;10,1;9,7;77;75;76;297;1;,7;
2021/07/15;0500 UTC;0;929,1;929,3;929,1;;13;10;14,4;13;10,1;9,8;82;74;82;311;1,6;,6;
2021/07/15;0600 UTC;0;928,9;929,1;928,7;;12,8;9,8;13,1;12,8;10,2;9,8;83;81;82;307;1,4;,4;
2021/07/15;0700 UTC;0;928,9;929,1;928,8;;13;9,6;13,2;12,8;9,9;9,4;82;78;80;329;1,6;,5;
2021/07/15;0800 UTC;0;928,8;929;928,8;;13;8,8;13,3;12,9;9,6;8,6;80;74;75;312;1,2;,6;
2021/07/15;0900 UTC;0;928,8;928,8;928,7;;12,8;8,7;13,1;12,5;9,1;8,7;79;75;76;311;1,4;,8;
2021/07/15;1000 UTC;0;929;929,1;928,8;1,2;12,5;8,9;12,8;12,4;8,9;8,5;79;76;79;314;1,7;,7;
2021/07/15;1100 UTC;0;929,5;929,6;929;240,8;15,5;7,6;15,5;12,4;8,8;7,5;79;59;60;330;2;1,1;
2021/07/15;1200 UTC;0;930,3;930,3;929,5;786;18,2;7,7;18,2;15,4;8,1;7,2;61;49;50;330;4,1;1,7;
2021/07/15;1300 UTC;0;930,2;930,3;930,1;1551,3;21,4;7,5;21,4;18,2;8,4;6,7;52;40;41;331;7,6;2,6;
2021/07/15;1400 UTC;0;929,5;930,2;929,5;1912,8;23,7;6,3;23,7;20,9;7,5;5,9;41;33;33;336;7,6;3,2;
2021/07/15;1500 UTC;0;928,5;929,5;928,5;2089,2;25,5;5,6;25,6;23,6;7,2;5,4;34;28;28;330;8,5;2,4;
2021/07/15;1600 UTC;0;927,3;928,5;927,3;2292,3;26,9;5,2;26,9;25;6,8;4,7;30;25;25;315;9;2,8;
2021/07/15;1700 UTC;0;926,5;927,3;926,5;2192,9;26,7;5,1;27,4;26,2;5,7;3,6;26;22;25;334;9,5;3,6;
2021/07/15;1800 UTC;0;926,1;926,5;926;1774,5;26,9;5,9;27,4;26,5;6;3,9;26;22;26;323;7,9;2,7;
2021/07/15;1900 UTC;0;926;926,1;926;1127,2;26,1;5,7;27,5;25,5;6,3;4;29;22;27;318;8,6;2,1;
2021/07/15;2000 UTC;0;926,2;926,2;925,9;450,1;23,9;5,1;26,3;23,9;6,2;4,1;30;25;30;295;6,6;1,3;
2021/07/15;2100 UTC;0;926,5;926,6;926,2;53,2;22;4,5;24;22;5;4;32;27;32;288;4,5;,7;
2021/07/15;2200 UTC;0;927,3;927,3;926,5;;20,8;5,3;22,1;20,8;5,5;4,5;36;32;36;143;1,8;,3;
2021/07/15;2300 UTC;0;927,5;927,5;927,3;;20,2;6,3;21,3;19,9;6,4;5,4;41;36;40;256;1,3;,4;
2021/07/16;0000 UTC;0;927,5;927,6;927,5;;19,2;6,5;20,2;18;7,3;6,2;49;40;44;48;,9;,5;
2021/07/16;0100 UTC;0;927,5;927,6;927,4;;17,9;7,1;19,8;17,7;7,1;5,9;49;41;49;24;1;,3;
2021/07/16;0200 UTC;0;927,3;927,5;927,3;;17,8;8,6;18,9;17,7;8,7;7,1;55;48;55;311;2,4;,8;
2021/07/16;0300 UTC;0;927,7;927,7;927,3;;17,1;7,8;18,2;16,6;8,7;7,8;59;52;54;170;2,7;1;
2021/07/16;0400 UTC;0;928;928;927,6;;16,4;8,7;17,2;16,3;8,7;7,7;61;54;60;167;4,4;1,3;
2021/07/16;0500 UTC;0;927,9;928;927,7;;15;9,5;16,4;14,7;9,8;8,7;72;60;69;195;2,3;,6;
2021/07/16;0600 UTC;0;928;928;927,7;;14,6;9,4;15,1;14,4;9,6;9,3;72;69;71;167;2,4;1,2;
2021/07/16;0700 UTC;0;927,9;928,1;927,9;;15;9,1;15,2;14,6;9,3;9,1;71;67;68;160;3,2;1,4;
2021/07/16;0800 UTC;0;927,6;927,9;927,6;;14,2;10;15,1;14,2;10;9,1;76;67;76;127;2,4;1;
2021/07/16;0900 UTC;0;928,2;928,2;927,6;;14,4;9,4;14,9;14;10,3;9,3;78;70;72;154;3,6;1,3;
2021/07/16;1000 UTC;0;928,5;928,6;928,2;,6;15,1;10,7;15,1;14,4;10,7;9,6;75;71;75;163;3,5;2;
2021/07/16;1100 UTC;0;929,2;929,2;928,4;148;15,7;12,7;15,7;15;12,7;10,7;82;75;82;141;4,4;1,4;
2021/07/16;1200 UTC;0;929,7;929,7;929,2;274,6;16,2;13;16,2;15,6;13,1;12,5;83;81;81;116;3,4;1,3;
2021/07/16;1300 UTC;0;930;930;929,7;514,4;17;12,6;17,2;16,2;13,2;12,6;81;75;75;118;4,3;2,2;
2021/07/16;1400 UTC;0;929,6;930;929,6;887,5;18,1;12,2;18,2;17;13;12,2;76;68;69;129;4,2;1,8;
2021/07/16;1500 UTC;0;928,9;929,6;928,9;1748,1;18,3;12,2;19,5;18;13,4;12,2;72;65;68;146;6,2;3,2;
2021/07/16;1600 UTC;0;928,2;928,9;928,2;1545,8;18,7;12,5;19,3;18,2;13;12,2;71;65;67;158;6,2;2,9;
2021/07/16;1700 UTC;0;927,5;928,2;927,5;1952,9;18,2;13,1;19,4;18,2;13,6;12,5;73;65;72;138;6,6;3,4;
2021/07/16;1800 UTC;0;927,8;927,8;927,5;913,5;17,3;13;18,9;17,3;14;12,9;76;71;76;161;6,5;3,5;
2021/07/16;1900 UTC;0;927,8;927,9;927,6;458,1;16,7;13,5;17,9;16,7;13,6;12,6;82;73;82;146;6,5;3,2;
2021/07/16;2000 UTC;0;928,5;928,5;927,8;132,4;15,5;14,8;16,8;15,5;15,2;13,6;97;82;95;159;7,1;2,7;
2021/07/16;2100 UTC;0;928,7;928,7;928,5;14,1;15;14,9;15,6;15;15,1;14,1;99;92;99;143;7,7;2,8;
2021/07/16;2200 UTC;0;929;929;928,5;;15,1;15,1;15,1;14,9;15,1;14,9;100;99;100;133;5,6;1,6;
2021/07/16;2300 UTC;0;929,2;929,2;928,9;;14,9;14,9;15,1;14,9;15,1;14,9;100;100;100;152;4,2;1,8;
2021/07/17;0000 UTC;0;929,1;929,3;929;;15;15;15,1;14,9;15,1;14,9;100;100;100;144;3,8;1,3;
2021/07/17;0100 UTC;0;929,9;929,9;929,1;;15;15;15,1;15;15,1;14,9;100;100;100;135;4,9;1,9;
2021/07/17;0200 UTC;,2;929,7;929,9;929,2;;15,1;15;15,1;14,9;15,1;14,9;100;100;100;144;5,6;1,6;
2021/07/17;0300 UTC;0;929,4;929,7;929,3;0;15,1;15,1;15,1;15;15,1;15;100;100;100;143;4,8;1,9;
2021/07/17;0400 UTC;0;930,2;930,3;929,4;;15,1;15,1;15,1;15;15,1;15;100;100;100;180;5,2;1,8;
2021/07/17;0500 UTC;0;929,6;930,2;929,6;;15;15;15,1;14,9;15,1;14,9;100;100;100;161;4,9;1;
2021/07/17;0600 UTC;,8;930,2;930,3;929,5;;14,8;14,8;15,1;14,8;15,1;14,8;100;100;100;197;6,4;2,7;
2021/07/17;0700 UTC;4;929;930,7;929;;14;14;14,8;13,9;14,8;13,9;100;100;100;144;6,5;1,3;
2021/07/17;0800 UTC;0;928,9;929,3;928,8;;13,7;13,7;14;13,6;14;13,6;100;100;100;136;3;,8;
2021/07/17;0900 UTC;,2;929,2;929,6;928,7;;13,7;13,6;13,9;13,5;13,8;13,5;100;100;100;66;1,8;,7;
2021/07/17;1000 UTC;,2;929,3;929,7;929;;13,5;13,5;13,8;13,4;13,7;13,4;100;100;100;54;1,5;,7;
2021/07/17;1100 UTC;,6;928,7;930,1;928,6;39,8;13,4;13,4;13,8;13,4;13,8;13,4;100;100;100;71;3,3;1,3;
2021/07/17;1200 UTC;,4;929,5;930;928,7;80;14,2;14,2;14,2;13,4;14,2;13,5;100;100;100;4;4,1;1,5;
2021/07/17;1300 UTC;0;929,3;929,6;929,1;229,4;15;15;15,1;14,2;15;13,8;100;96;100;358;3,9;1,4;
2021/07/17;1400 UTC;0;928,7;929,4;928,7;1280,1;18,4;13,9;18,4;15;15,3;13;100;73;75;14;4,9;1,5;
2021/07/17;1500 UTC;0;928,2;928,7;928,2;1505,2;19,1;11,9;20,3;17,9;14,1;11,8;77;59;63;24;4,9;1,7;
2021/07/17;1600 UTC;1,6;928,3;930;928;896,1;18,4;15,1;19,4;16,8;15,4;11,2;90;61;81;133;8,3;1;
2021/07/17;1700 UTC;0;927,6;928,3;927,6;1728,4;19,2;14,3;20,3;18;15,5;14;83;69;73;115;2,7;1,6;
2021/07/17;1800 UTC;0;927,1;927,6;927,1;1445,5;20,7;13,9;21,4;19,2;15,5;13,4;78;64;65;129;2,3;1,3;
2021/07/17;1900 UTC;0;927;927,1;926,9;911,4;21,4;13,9;21,8;20,3;14,5;13;66;59;62;101;2,4;,7;
2021/07/17;2000 UTC;0;927,5;927,5;926,9;261,5;19,7;15,3;21,4;19,7;16,6;13,8;77;62;76;134;1,8;,6;
2021/07/17;2100 UTC;0;928,1;928,1;927,5;45,7;18,3;16;19,7;18,3;16;15,3;87;76;87;171;1,5;,6;
2021/07/17;2200 UTC;0;928,5;928,5;928,1;;18,1;17,3;18,3;18;17,4;16;96;87;96;159;1,2;,6;
2021/07/17;2300 UTC;0;929,2;929,3;928,5;;18,6;14,4;18,6;17,9;17,4;14,4;96;76;77;259;2;,8;
2021/07/18;0000 UTC;0;929,5;929,6;929,3;;17;17;18,6;16,9;17,3;14,2;100;77;100;335;2;,7;
2021/07/18;0100 UTC;0;929,6;929,6;929,4;;16,3;16,3;17;16,3;17;16,2;100;100;100;341;1,4;,5;
2021/07/18;0200 UTC;0;929,8;929,8;929,6;;15,8;14,3;16,3;15,5;16,3;14,3;100;91;91;275;3,1;,7;
2021/07/18;0300 UTC;0;929,6;929,8;929,6;;15,3;13,7;16;15,3;14,1;13;92;83;90;285;2;,5;
2021/07/18;0400 UTC;0;929,4;929,6;929,3;;14,7;14,7;15,5;14,7;14,9;13,3;100;88;100;296;1,6;,5;
2021/07/18;0500 UTC;0;929;929,4;929;;14,5;13,9;14,8;14,5;14,8;13,9;100;96;96;316;1,5;,4;
2021/07/18;0600 UTC;0;928,8;929;928,7;;14,5;14,4;14,6;14,3;14,5;13,7;100;95;100;305;1,1;,5;
2021/07/18;0700 UTC;0;928,9;929;928,7;;14;14;14,5;13,9;14,5;13,9;100;100;100;301;1,6;,5;
2021/07/18;0800 UTC;0;929;929;928,8;;13,8;13,8;14,1;13,4;14,1;13,4;100;100;100;5;1,5;,3;
2021/07/18;0900 UTC;0;929,2;929,2;928,8;;13,7;13,6;13,9;13,6;13,9;13,6;100;100;100;308;1,2;,5;
2021/07/18;1000 UTC;0;929,9;929,9;929,2;,2;13,2;13,2;13,7;13,1;13,7;13,1;100;100;100;287;1,8;,7;
2021/07/18;1100 UTC;0;930,3;930,3;929,9;240,9;14,2;14,1;14,2;13;14,1;13;100;99;99;305;2,2;1,1;
2021/07/18;1200 UTC;0;931;931;930,3;1003;17,1;10,8;17,1;14,2;14,1;10,3;100;65;66;284;3,3;1;
2021/07/18;1300 UTC;0;931,2;931,3;931;1682,5;18,3;9,4;18,3;16,8;11,3;9;67;55;56;260;5,1;1,5;
2021/07/18;1400 UTC;,2;930,8;931,2;930,8;2218,4;20;9;20;17,7;10,4;8,3;60;48;49;284;5,1;1,4;
2021/07/18;1500 UTC;0;930,1;930,8;930,1;2487,3;21,2;7,1;21,7;19,8;10;6,1;52;36;40;301;5,1;1,8;
2021/07/18;1600 UTC;0;929,2;930,1;929,2;2539,4;22,9;5,6;23,4;21,2;8;5,1;41;31;33;308;6;1,9;
2021/07/18;1700 UTC;0;928,4;929,2;928,4;2381,2;23,9;-4;24,3;22,9;6,5;-5,3;35;14;15;288;5,9;1,6;
2021/07/18;1800 UTC;0;928;928,4;928;1965,2;23,8;-1,7;24,6;23,6;-1,7;;18;8;18;294;6,3;1,5;
2021/07/18;1900 UTC;0;928;928;927,9;1378,4;23;-6,1;24,1;22,8;-1,2;-9,6;21;9;14;297;8,8;2;
2021/07/18;2000 UTC;0;928,7;928,7;928;578,8;16,5;11,1;23,1;16,4;11,2;-5,8;71;13;70;154;6,5;1,8;
2021/07/18;2100 UTC;0;929,1;929,1;928,6;37,9;13,8;11,5;16,5;13,8;12;11;86;70;86;154;6,2;3,1;
2021/07/18;2200 UTC;0;929,9;929,9;929,1;;13,1;10,6;13,8;13;11,5;10,4;86;84;85;142;7,1;2,6;
2021/07/18;2300 UTC;0;930,7;930,8;929,9;;12,2;9,6;13,2;12,2;10,8;9,6;85;81;84;157;6,2;3,3;
2021/07/19;0000 UTC;0;931,3;931,3;930,6;;12,1;9;12,3;12;9,7;8,6;84;80;81;176;6,4;1,2;
2021/07/19;0100 UTC;0;931,5;931,6;931,3;;11,9;9,3;12,2;11,9;9,5;8,8;84;80;84;160;4,1;1,8;
2021/07/19;0200 UTC;0;931,3;931,5;931,3;;11,3;8,9;11,9;11,3;9,6;8,9;87;84;85;166;3,6;1,6;
2021/07/19;0300 UTC;0;931,2;931,4;931,2;;11;8,1;11,3;11;9;8,1;86;82;82;170;3,1;1,5;
2021/07/19;0400 UTC;0;931;931,2;931;;10,1;7,6;11;10,1;8;7,5;84;82;84;181;2,7;,6;
2021/07/19;0500 UTC;0;930,5;931,1;930,5;;9,5;7,4;10,1;9,4;7,6;7,1;87;84;87;85;1,4;,2;
2021/07/19;0600 UTC;0;930,4;930,6;930,4;;10,5;5,7;10,8;9,2;7,9;5,7;89;72;72;265;5,1;1,5;
2021/07/19;0700 UTC;0;929,8;930,5;929,8;;8,1;3,7;10,5;8;5,9;2,9;75;64;74;273;5,1;,8;
2021/07/19;0800 UTC;0;930,1;930,1;929,8;;7,4;2,4;8,5;7,4;4,1;2,4;77;70;70;272;2,8;,9;
2021/07/19;0900 UTC;0;930,3;930,3;929,8;;6,1;,3;7,8;5,8;2,4;,3;74;66;67;286;3;,5;
2021/07/19;1000 UTC;0;930,8;930,8;930,3;;5,6;-1,2;6,1;5,5;,8;-1,2;70;61;61;349;3,1;,8;
2021/07/19;1100 UTC;0;932;932;930,8;238,4;8,3;-2,2;8,3;5,4;-,5;-3,9;64;43;48;285;2,9;1;
2021/07/19;1200 UTC;0;932,4;932,4;932;1079,9;10,2;-5;10,3;8,3;-2,1;-7,3;48;30;34;317;4,7;1,4;
2021/07/19;1300 UTC;0;932,4;932,4;932,2;1755,5;12,8;-4,7;12,8;10;-1,8;-5,2;41;29;29;324;5,7;2,1;
2021/07/19;1400 UTC;0;932,6;932,6;932,4;2259;14,3;-6,2;14,5;12,6;-3;-7,2;34;22;24;316;5,3;1,6;
2021/07/19;1500 UTC;0;932,6;932,6;932,4;2497,4;15,9;-4,9;16,5;14,3;-3,2;-6,6;28;21;24;285;5,3;1,6;
2021/07/19;1600 UTC;0;932,2;932,6;932,2;2455,5;17,9;-5;17,9;15,9;-2,7;-6,7;28;18;21;304;4,5;1,5;
2021/07/19;1700 UTC;0;931,9;932,2;931,9;2384,2;18,8;;19;17,8;-3,4;;25;9;9;249;7,1;2,5;
2021/07/19;1800 UTC;0;931,8;931,9;931,6;2041,4;18;;19,7;17,9;;;13;7;8;228;8,6;3,2;
2021/07/19;1900 UTC;0;931,8;932;931,8;1440,8;18;;19,1;17,9;-9,8;;15;7;10;254;8,3;1,7;
2021/07/19;2000 UTC;0;932,4;932,4;931,6;614,8;16,1;;18,4;16,1;-8,2;;17;8;9;251;5,3;2;
2021/07/19;2100 UTC;0;932,8;932,8;932,3;33,2;14,2;;16,1;14,1;;;14;9;14;193;5,5;1,5;
2021/07/19;2200 UTC;0;933,6;933,6;932,8;;12;-6,3;14,2;11,6;-6,1;;28;14;27;164;4,3;1,7;
2021/07/19;2300 UTC;0;934,1;934,1;933,6;;10,1;-2,2;12,1;9,9;-2;-6,1;43;27;42;150;5,3;2;
2021/07/20;0000 UTC;0;934,3;934,3;934;;9,1;-1,8;10,3;8,6;-1,1;-2,7;49;41;47;154;3,5;,6;
2021/07/20;0100 UTC;0;934,5;934,5;934,3;;9;-1,6;9,6;8,5;-1,6;-3;47;42;47;315;1;,6;
2021/07/20;0200 UTC;0;934,3;934,6;934,3;;8,1;,4;9;7,9;,6;-1,5;59;47;58;24;1,2;,3;
2021/07/20;0300 UTC;0;933,8;934,3;933,8;;7,8;2,8;8,4;7,8;3,2;,1;71;56;71;313;1,3;,8;
2021/07/20;0400 UTC;0;933,4;933,8;933,4;;7,2;5;7,8;7;5,5;2,4;87;71;86;142;1,1;,4;
2021/07/20;0500 UTC;0;933,3;933,6;933,3;;6,8;5,3;7,4;6,8;6,8;4,7;96;85;90;131;,9;,4;
2021/07/20;0600 UTC;0;933;933,4;933;;6,4;4,7;7,3;6;7,2;3,7;100;84;89;164;1;,4;
2021/07/20;0700 UTC;0;932,9;933,1;932,9;;6;4,1;6,5;5,9;5,5;3,9;94;86;88;143;,7;,4;
2021/07/20;0800 UTC;0;932,8;933;932,6;;5,3;3,1;6;5,3;4,9;3,1;95;86;86;175;,8;,5;
2021/07/20;0900 UTC;0;933;933;932,6;;4,8;3,1;5,3;4,7;4;2,7;93;86;89;169;1,5;,9;
2021/07/20;1000 UTC;0;933,7;933,7;932,9;1,1;5,1;5,1;5,3;4,7;5,2;2,8;100;87;100;167;1,5;,6;
2021/07/20;1100 UTC;0;934,4;934,4;933,7;240,6;7;7;7;5,1;7;5,1;100;100;100;156;1,6;1;
2021/07/20;1200 UTC;0;935,3;935,3;934,4;1072,9;11,2;3,7;11,2;7;7,7;3;100;58;60;109;2,3;1,3;
2021/07/20;1300 UTC;0;935,9;935,9;935,3;1755,8;13;4,6;13,2;11,2;5,5;2,6;64;53;57;135;8;3;
2021/07/20;1400 UTC;0;936,1;936,1;935,8;1180,2;12,4;4,1;13,1;11,9;5,4;3,9;64;56;57;132;8,7;3,7;
2021/07/20;1500 UTC;0;935,5;936,2;935,5;1842,4;13,5;4;14,3;12,4;5,2;3,6;58;50;53;140;7,4;3,6;
2021/07/20;1600 UTC;0;934,8;935,6;934,8;2214;14,3;4,6;14,4;13;5;3,7;57;51;52;142;8,4;3,9;
2021/07/20;1700 UTC;0;934,1;934,8;934,1;2260,3;14;4,3;14,8;13,6;5;3,5;55;49;52;139;7,6;3,1;
2021/07/20;1800 UTC;0;933,7;934,1;933,6;2029;13,9;4,4;15,2;13,9;5,2;4,1;54;49;53;158;7,4;3,9;
2021/07/20;1900 UTC;0;933,6;933,8;933,6;1366,3;13,6;5,3;14,3;13,6;5,5;4,6;57;52;57;148;7,3;3,2;
2021/07/20;2000 UTC;0;933,9;934;933,6;554,6;12,4;5,7;13,8;12,4;6,1;5;64;57;64;147;6,8;2,3;
2021/07/20;2100 UTC;0;934,1;934,1;933,7;45,9;11,5;6,6;12,4;11,5;7;5,7;74;64;72;128;5,6;2,8;
2021/07/20;2200 UTC;0;934,5;934,5;934;;11,2;7,6;11,5;11;7,6;6,2;79;70;79;141;6,4;2,7;
2021/07/20;2300 UTC;0;935,3;935,3;934,5;;11,1;8,1;11,2;11;8,1;7,4;82;78;82;146;6,2;2,3;
2021/07/21;0000 UTC;0;935,3;935,4;935,2;;11,1;7,5;11,2;11;8,1;7,5;82;78;78;121;6;2,3;
2021/07/21;0100 UTC;0;935,4;935,6;935,2;;10,4;7,5;11,1;10,4;7,6;7,1;83;77;82;110;4,9;1,4;
2021/07/21;0200 UTC;0;935,1;935,4;935,1;;9,6;8,9;10,4;9,5;8,9;7,3;95;82;95;94;3,5;1,1;
2021/07/21;0300 UTC;0;934,9;935,1;934,9;;9,5;9,5;9,8;9,3;9,5;8,8;100;95;100;110;4,7;1,3;
2021/07/21;0400 UTC;0;934,4;934,9;934,3;;9,3;9,3;9,7;9,3;9,7;9,3;100;100;100;102;3;1,3;
2021/07/21;0500 UTC;0;933,8;934,4;933,8;;8,9;8,8;9,4;8,9;9,4;8,7;100;97;99;126;3;1;
2021/07/21;0600 UTC;0;933,3;933,8;933,3;;9,1;7,6;9,4;8,9;9;7,4;100;87;91;115;3,9;1,2;
2021/07/21;0700 UTC;0;933,4;933,4;933;;9;7,8;9,2;8,9;7,9;7,2;93;88;92;137;2,4;,7;
2021/07/21;0800 UTC;0;933,8;933,8;933,4;;9,1;6,9;9,2;9;7,9;6,8;93;85;86;127;2,8;1;
2021/07/21;0900 UTC;0;934,3;934,3;933,6;;9;6,5;9,4;8,9;7,3;6,3;89;82;84;138;3,8;1,2;
2021/07/21;1000 UTC;0;934,7;934,8;934,3;;8,9;5,8;9,1;8,5;6,5;5,8;84;81;81;95;3,1;1,3;
2021/07/21;1100 UTC;0;935,2;935,2;934,7;203,8;9,9;5,5;9,9;8,8;6;5,1;82;73;74;33;3,1;,9;
2021/07/21;1200 UTC;0;935,5;935,6;935,2;711,7;12;4,9;12,4;9,9;5,8;4,7;75;62;62;58;3,1;1,3;
2021/07/21;1300 UTC;0;936;936,1;935,5;1650,6;14,6;5,2;14,7;12;5,9;4,2;64;51;53;83;4,2;1,8;
2021/07/21;1400 UTC;0;936;936,2;936;2107,4;15,7;4,1;15,7;14;5;3,6;54;45;46;118;4,2;1,2;
2021/07/21;1500 UTC;0;935,4;936;935,4;2120,2;17,3;2,8;17,6;15,6;5,3;2,5;49;37;38;121;3,1;1,6;
2021/07/21;1600 UTC;0;934,8;935,5;934,8;2539,9;18,6;3,9;18,8;17,1;5,2;2,2;41;35;38;128;3,1;1,4;
2021/07/21;1700 UTC;0;934;934,9;934;1483,6;19,2;4,2;19,6;17,6;5,7;3,6;45;37;37;132;3,1;1;
2021/07/21;1800 UTC;0;933,5;934;933,5;1839,5;21;-1,5;21;19,2;5;-2,9;39;20;22;68;2,7;1,1;
2021/07/21;1900 UTC;0;933,6;933,7;933,5;1380,1;20,8;-1,4;21,1;20,3;2,4;-3,4;30;19;23;130;2,8;1,1;
2021/07/21;2000 UTC;0;933,8;933,8;933,6;594,5;19,2;-,2;20,8;19,2;1,5;-4,7;29;18;27;129;2;,7;
2021/07/21;2100 UTC;0;934,4;934,4;933,8;37,5;16,5;1,5;19,2;16,5;1,5;-1,2;36;27;36;140;2,2;1,1;
2021/07/21;2200 UTC;0;934,9;934,9;934,4;;14,5;9,8;16,7;14,5;10,1;2,1;74;37;73;158;3,8;1,7;
2021/07/21;2300 UTC;0;935,4;935,4;934,9;;12,4;10,1;14,5;12,4;10,4;9,8;86;73;86;168;3,1;1;
2021/07/22;0000 UTC;0;935,9;935,9;935,4;;12,1;12;12,6;11,8;12,2;9,9;100;85;100;125;1,6;,4;
2021/07/22;0100 UTC;0;936,2;936,3;935,9;;11,3;11,2;12,1;11,2;12,1;11,2;100;99;100;153;1,5;,7;
2021/07/22;0200 UTC;0;936,8;936,8;936,2;;10,6;10,6;11,6;10,6;11,6;10,6;100;100;100;164;3,7;2,1;
2021/07/22;0300 UTC;0;936,9;937;936,8;;10,4;10,4;10,6;10,1;10,5;10,1;100;100;100;139;4,8;2,1;
2021/07/22;0400 UTC;0;936,8;937;936,8;;10;10;10,4;10;10,4;10;100;100;100;173;4,1;1,4;
2021/07/22;0500 UTC;0;936,4;936,8;936,4;;10,2;10,2;10,4;10;10,3;10;100;100;100;124;2,8;1,2;
2021/07/22;0600 UTC;0;936,1;936,4;936,1;;9,9;9,9;10,2;9,8;10,2;9,8;100;100;100;124;2,2;,8;
2021/07/22;0700 UTC;0;936,2;936,4;936,1;;10,2;10,1;10,2;9,7;10,2;9,7;100;100;100;154;3;1,7;
2021/07/22;0800 UTC;0;936,3;936,3;936,2;;10;10;10,2;9,5;10,2;9,5;100;100;100;130;4,3;2,5;
2021/07/22;0900 UTC;0;936,8;936,8;936,3;;10,7;10,7;10,7;9,9;10,7;9,9;100;100;100;130;4,3;1,7;
2021/07/22;1000 UTC;0;937,6;937,6;936,8;2,8;10,8;10,8;10,8;10,5;10,8;10,5;100;100;100;132;4,7;2,1;
2021/07/22;1100 UTC;0;938,4;938,4;937,6;142,6;11,6;9;11,7;10,8;11,3;9;100;84;84;149;5,1;2,1;
2021/07/22;1200 UTC;0;938,9;939;938,4;970,8;13,3;8,8;13,3;11,6;9,2;8,4;84;73;74;129;5,9;2,7;
2021/07/22;1300 UTC;0;939,1;939,2;938,9;1697,1;14,3;8,3;14,8;12,9;9,1;8;74;65;67;146;5,6;2,1;
2021/07/22;1400 UTC;0;939,1;939,1;939;2199,5;15,9;8,3;16,4;14,3;9,6;7,9;68;59;61;148;6;3;
2021/07/22;1500 UTC;0;938,3;939,1;938,3;2505,4;17,4;8;17,4;15,9;8,9;7,6;61;53;54;160;6,2;3,3;
2021/07/22;1600 UTC;0;937,7;938,3;937,7;2554,6;17,9;8,3;18,2;17,1;8,9;7,7;56;52;53;156;7,4;3,9;
2021/07/22;1700 UTC;0;937;937,7;937;2370,6;18,7;9;18,7;17,7;9,3;7,8;56;51;53;136;7,4;2,9;
2021/07/22;1800 UTC;0;936,5;937;936,5;1957,4;17,8;9,7;18,7;17,3;9,8;8,3;60;52;59;140;6,7;3,1;
2021/07/22;1900 UTC;0;936,3;936,6;936,3;1371,4;16,3;10,1;18,1;16,3;10,4;9,4;67;58;67;161;7,3;3,7;
2021/07/22;2000 UTC;0;936,3;936,4;936,2;598,9;14,8;10,6;16,3;14,7;10,6;9,8;76;67;76;148;7,6;3,9;
2021/07/22;2100 UTC;0;936,3;936,4;936,3;43,6;13;10,3;14,8;13;10,5;10,2;84;76;84;133;8,4;2,9;
2021/07/22;2200 UTC;0;936,6;936,6;936,2;;13;10,6;13;12,6;10,8;10,2;87;84;86;151;6,6;3,6;
2021/07/22;2300 UTC;0;937;937,1;936,6;;12,9;10,6;13,1;12,8;10,8;10,4;87;85;86;134;7,8;3,5;
2021/07/23;0000 UTC;0;937,5;937,5;937;;12,4;9,2;12,9;12,3;10,6;9,2;86;81;81;139;7,4;3;
2021/07/23;0100 UTC;0;937,7;937,7;937,4;;12,6;9,7;12,7;12,3;9,7;9,1;83;81;83;143;7,9;2,9;
2021/07/23;0200 UTC;0;937,8;938;937,7;;12,8;10,9;12,8;12,3;10,9;9,8;88;83;88;119;7,7;2,3;
2021/07/23;0300 UTC;0;937,6;937,8;937,6;;13,1;11,2;13,2;12,8;11,7;10,9;92;88;88;117;7;2,5;
2021/07/23;0400 UTC;0;937,6;937,8;937,6;;12,9;10,8;13,1;12,7;11,2;10,5;88;86;87;108;7,2;2,2;
2021/07/23;0500 UTC;0;937,3;937,6;937,3;;12,6;10,2;13;12,5;11,2;10;89;85;85;106;5,3;1,9;
2021/07/23;0600 UTC;0;936,4;937,3;936,4;;12,5;9,5;12,6;12,5;10,2;9,5;85;82;82;101;5,2;1,9;
2021/07/23;0700 UTC;0;936,1;936,5;936,1;;11,8;9,5;12,6;11,8;9,6;9,3;86;81;86;77;4,9;1,1;
2021/07/23;0800 UTC;0;935,9;936,1;935,9;;12,2;9,3;12,2;11,4;11,1;9,3;97;82;82;60;5,8;2,4;
2021/07/23;0900 UTC;0;936,3;936,3;935,9;;12,2;9;12,3;12,1;9,4;9;83;81;81;80;5,9;2;
2021/07/23;1000 UTC;0;936,7;936,7;936,3;;12;8,8;12,3;12;9,1;8,8;81;80;81;37;7,5;2,3;
2021/07/23;1100 UTC;0;937,3;937,3;936,7;222,9;12,6;8,4;12,6;11,9;8,9;8,4;81;76;76;50;5,4;1,6;
2021/07/23;1200 UTC;0;937,4;937,4;937,2;987,6;15,1;8,3;15,1;12,6;8,9;8,2;76;64;64;56;6,6;1,9;
2021/07/23;1300 UTC;0;937,6;937,7;937,3;1689,2;17;8,2;17,2;15,1;8,8;7,9;65;55;56;60;6,5;1,8;
2021/07/23;1400 UTC;0;937,3;937,7;937,3;2219,2;17,5;7,5;18,4;16,8;8,6;7,2;57;49;52;101;5,4;1,8;
2021/07/23;1500 UTC;0;936,7;937,3;936,7;2510,9;19,6;7;20;17,4;8,6;6,1;55;41;44;48;4,6;1,7;
2021/07/23;1600 UTC;0;935,6;936,7;935,6;2582,7;20,9;5,5;21,1;19,5;7,7;4,5;45;34;37;70;3,4;1,5;
2021/07/23;1700 UTC;0;934,6;935,6;934,6;2391,2;22,6;3,8;23;20,9;7,2;3,2;39;28;29;100;3,1;1;
2021/07/23;1800 UTC;0;933,9;934,6;933,9;1946;23;1,8;23,4;22,6;4,3;,3;30;21;25;106;3,4;1,7;
2021/07/23;1900 UTC;0;933,7;933,9;933,6;1325,9;19,9;11;23;19,9;11;1,6;56;25;56;161;5,4;2,6;
2021/07/23;2000 UTC;0;933,5;933,7;933,5;572,1;17,9;12,1;19,9;17,9;12,1;10,8;69;56;69;132;5,5;2,2;
2021/07/23;2100 UTC;0;933,6;933,6;933,5;44,2;15,7;12,5;17,9;15,7;12,6;11,9;82;69;81;134;4,8;2,2;
2021/07/23;2200 UTC;0;933,9;933,9;933,6;;14;14;15,7;14;14,2;12,5;100;81;100;136;5,1;2,3;
2021/07/23;2300 UTC;0;934,3;934,3;933,8;;13,6;13,6;14,1;13,6;14,1;13,6;100;100;100;136;5;1,6;
2021/07/24;0000 UTC;0;934,7;934,7;934,3;;13,5;13,5;13,7;13,5;13,7;13,5;100;100;100;171;3,9;1,4;
2021/07/24;0100 UTC;0;934,9;934,9;934,6;;13,6;13,6;13,6;13,5;13,6;13,5;100;100;100;155;2,4;1,2;
2021/07/24;0200 UTC;0;935;935;934,9;;13,3;13,3;13,6;13,3;13,6;13,3;100;100;100;121;2;,6;
2021/07/24;0300 UTC;0;934,7;935;934,7;;13;13;13,3;12,9;13,3;12,9;100;100;100;303;1,4;,4;
2021/07/24;0400 UTC;0;934,4;934,7;934,4;;11,5;11,4;13;11,5;13;11,4;100;100;100;105;,8;,2;
2021/07/24;0500 UTC;0;934;934,4;934;;12;12;12;11,4;12;11,4;100;100;100;356;1,4;,8;
2021/07/24;0600 UTC;0;933,6;934;933,6;;12,9;10;13,1;11,8;12,3;10;100;82;83;350;2,3;1,1;
2021/07/24;0700 UTC;,2;933,6;933,6;933,5;;13;9;13,2;12,1;10,1;9;87;77;77;9;2,4;1,1;
2021/07/24;0800 UTC;0;933,6;933,6;933,5;;13,1;8,9;13,2;12,6;9,2;8,8;79;76;76;356;2,4;1,1;
2021/07/24;0900 UTC;0;933,9;933,9;933,6;;12,5;9,1;13,1;12,4;9,3;8,8;81;76;80;10;2,7;1,4;
2021/07/24;1000 UTC;0;934,3;934,3;933,9;,7;12,2;9,5;12,6;12,1;9,5;9,1;84;80;83;35;3,3;1,2;
2021/07/24;1100 UTC;0;935;935;934,3;269,1;14;9,5;14;12;10;9,3;86;74;74;29;4,2;1,4;
2021/07/24;1200 UTC;0;935,6;935,6;935;1034,9;16,5;9,7;16,5;14;9,9;8,9;75;64;64;7;4,2;1,2;
2021/07/24;1300 UTC;0;935,9;935,9;935,6;1743,3;18,1;8,6;18,3;16,4;10;7,9;64;52;54;20;4,3;1,3;
2021/07/24;1400 UTC;0;935,6;935,9;935,6;2257,1;20,4;7,8;20,5;18,1;9,2;7;56;42;44;40;4,1;1,6;
2021/07/24;1500 UTC;0;934,9;935,6;934,9;2561,1;22,7;6,6;22,7;20,4;8,1;5,6;45;35;35;46;4,3;1,7;
2021/07/24;1600 UTC;0;933,8;934,9;933,8;2613,2;22,5;3,9;23,5;21,5;7,1;3,9;37;30;30;107;3,9;2;
2021/07/24;1700 UTC;0;932,9;933,8;932,9;2386,9;24,5;3,3;24,9;22,4;5,3;1,6;32;23;25;86;3,5;1,4;
2021/07/24;1800 UTC;0;932;932,9;932;1944,7;24,6;,3;25,3;24,3;3,2;,3;25;20;20;106;3;1,6;
2021/07/24;1900 UTC;0;931,6;932;931,6;1335,4;24,4;3,3;25,2;24,3;3,4;0;26;19;25;116;3;1,3;
2021/07/24;2000 UTC;0;931,5;931,6;931,4;572,8;22,1;5,2;24,5;22,1;5,2;,2;33;20;33;144;3,4;1,3;
2021/07/24;2100 UTC;0;931,8;931,9;931,5;42,1;19,2;11,1;22,1;19,2;11,7;5,2;61;33;59;164;4,8;2,2;
2021/07/24;2200 UTC;0;932,1;932,1;931,8;;17,6;9,3;19,2;17,6;11;9,3;59;56;58;165;4,8;1,7;
2021/07/24;2300 UTC;0;932,3;932,3;932,1;;16,2;9,1;17,6;16,1;9,3;9;63;58;63;146;3,3;1,2;
2021/07/25;0000 UTC;0;932,4;932,4;932,3;;14,9;9,2;16,2;14,9;9,2;8,7;69;63;69;150;2;,6;
2021/07/25;0100 UTC;0;932;932,4;932;;14,3;10,2;14,9;14;10,8;9,3;79;69;76;193;1,2;,3;
2021/07/25;0200 UTC;0;932,2;932,2;932;;14,1;10,3;14,4;13,6;11,1;10,1;83;76;78;242;,9;,2;
2021/07/25;0300 UTC;0;932,3;932,3;932,1;;13,5;9,4;14,2;13,2;10,3;8,9;78;73;77;306;1,6;,9;
2021/07/25;0400 UTC;0;932,3;932,4;932,3;;13,2;8,7;13,9;13,1;9,7;8,4;78;71;74;359;1,5;,5;
2021/07/25;0500 UTC;0;931,9;932,3;931,9;;13,5;9,5;13,5;12,9;9,9;8,7;80;73;77;323;1,9;1,2;
2021/07/25;0600 UTC;0;931,7;931,9;931,6;;12,8;8,3;14,1;12,7;9,9;7,4;79;64;74;314;2,2;1,1;
2021/07/25;0700 UTC;0;930,8;931,7;930,8;;11,8;8,5;12,9;11,8;9,5;8,3;84;74;80;62;2;1,2;
2021/07/25;0800 UTC;0;930,7;930,9;930,7;;13;7,4;13,4;11,8;8,7;7,4;81;67;69;336;2,9;1,5;
2021/07/25;0900 UTC;0;931;931;930,7;;12,2;7,1;13;11,2;7,8;7,1;78;69;71;9;2,9;1;
2021/07/25;1000 UTC;0;931,7;931,9;931;,7;10,9;8,6;12,7;10,9;8,9;6,6;87;67;86;318;2,1;,9;
2021/07/25;1100 UTC;0;932;932;931,7;290,4;14,2;6,9;14,2;10,9;8,7;6,8;86;61;61;335;2,4;1,6;
2021/07/25;1200 UTC;0;932,8;932,8;932;1040,6;17,4;7,8;17,4;14,2;7,8;6,4;61;49;53;29;3,8;1,6;
2021/07/25;1300 UTC;0;933,2;933,3;932,8;1736,6;20,2;6,7;20,2;17,3;7,4;5,6;54;40;42;18;4;1,4;
2021/07/25;1400 UTC;0;933,2;933,5;933,2;2238,4;21,7;3,9;21,7;20,2;6,4;3,3;42;30;31;334;6,4;3,1;
2021/07/25;1500 UTC;0;932,3;933,2;932,2;2539,3;24,4;2,1;24,4;21,7;5,2;2,1;32;23;23;325;5,8;2,4;
2021/07/25;1600 UTC;0;931,1;932,3;931,1;2600,3;25,9;1,7;25,9;23,8;4,2;1,6;26;21;21;314;7,3;1,9;
2021/07/25;1700 UTC;0;930,3;931,1;930,3;2399,5;25,7;-,5;26,2;25;2,8;-,5;23;17;18;335;6,9;3,1;
2021/07/25;1800 UTC;0;929,6;930,3;929,6;1941,6;25,8;-,7;26,9;25,7;2,4;-1,4;21;16;18;341;6,6;2,2;
2021/07/25;1900 UTC;0;929,4;929,6;929,4;1368;26;-1,8;26,6;25,5;1,2;-3,8;20;14;16;320;6,7;2,1;
2021/07/25;2000 UTC;0;929,3;929,4;929,3;601,7;23;-1;26;22,9;-,2;-3,7;21;14;20;322;5,1;1,5;
2021/07/25;2100 UTC;0;929,6;929,6;929,3;39,3;20,5;-,7;23,1;20,4;-,5;-1,2;24;20;24;276;3,9;,3;
2021/07/25;2200 UTC;0;930,1;930,1;929,6;;19,5;0;20,5;19,4;,4;-,7;27;24;27;76;1,3;,5;
2021/07/25;2300 UTC;0;930,6;930,6;930,1;;17;6,8;19,5;16,9;6,9;-,3;52;27;51;157;1,4;1;
2021/07/26;0000 UTC;0;930,9;930,9;930,6;;16,1;9,5;17;15,7;9,7;6,8;66;51;65;124;1,3;,4;
2021/07/26;0100 UTC;0;930,8;930,9;930,7;;15,2;8,9;16,2;14,9;9,9;8,9;70;65;66;54;1,2;,2;
2021/07/26;0200 UTC;0;930,7;930,9;930,7;;14,3;8,3;15,5;14,3;9;8,2;69;64;67;308;1,6;,7;
2021/07/26;0300 UTC;0;930,6;930,7;930,6;;13,4;8,4;14,4;13,4;8,8;8,3;72;67;72;55;1,6;,2;
2021/07/26;0400 UTC;0;930,6;930,7;930,5;;13,8;8,5;14,1;13,4;8,8;8,4;73;69;70;306;1,6;,7;
2021/07/26;0500 UTC;0;930,2;930,6;930,2;;14,1;7,6;14,1;13,3;8,8;7,6;72;65;65;347;2,2;1,2;
2021/07/26;0600 UTC;0;929,8;930,2;929,8;;14,7;5,5;15,1;14,1;7,7;5,5;65;53;54;343;2,9;1,3;
2021/07/26;0700 UTC;0;929,4;929,8;929,4;;14,9;5,3;15,3;14,7;5,6;4,9;54;50;53;357;3,1;1,3;
2021/07/26;0800 UTC;0;929,4;929,4;929,3;;13,2;5,4;15;12,9;5,5;5,1;60;52;59;330;4;1,2;
2021/07/26;0900 UTC;0;929,5;929,5;929,4;;12,9;5,2;13,8;12,6;5,7;5;62;56;60;335;3;1,1;
2021/07/26;1000 UTC;0;930,2;930,2;929,5;1,4;12,1;5,6;12,9;11,8;5,7;5,2;66;60;64;321;2,1;,7;
2021/07/26;1100 UTC;0;931;931;930,2;276,6;14,5;4,6;14,5;12;5,6;4,6;64;51;51;315;1,8;1,3;
2021/07/26;1200 UTC;0;931,6;931,6;931;1013,8;17,6;3,9;17,7;14,6;4,7;3,7;51;40;40;339;2,7;1,4;
2021/07/26;1300 UTC;0;931,3;931,6;931,3;1683,1;20,7;3,9;20,7;17,6;4,7;3,8;41;33;33;339;3,9;2,1;
2021/07/26;1400 UTC;0;930,8;931,3;930,8;2180,3;23,3;3;23,5;20,7;4,8;2,8;35;26;27;336;6,5;2,2;
2021/07/26;1500 UTC;0;929,9;930,8;929,9;2496,2;25;2,5;25,2;23,1;4,2;2,1;28;23;23;336;7,3;2,8;
2021/07/26;1600 UTC;0;928,7;929,9;928,7;2540,1;26,1;2,9;26,7;25;4,3;1,9;25;21;22;337;7,6;2,8;
2021/07/26;1700 UTC;0;927,7;928,7;927,7;2355,2;27,5;1,6;27,7;26;4;,2;24;17;19;310;7;2,5;
2021/07/26;1800 UTC;0;926,9;927,7;926,9;1911,3;27,2;1,4;27,8;27;2,6;0;21;17;19;313;8,8;2,3;
2021/07/26;1900 UTC;0;926,5;926,9;926,5;1282,3;26;1,5;27,6;26;3,4;,7;23;17;20;333;6,4;2;
2021/07/26;2000 UTC;0;926,4;926,5;926,4;550;24,2;,6;26,3;24,2;1,7;,3;22;19;21;342;7;2,1;
2021/07/26;2100 UTC;0;926,5;926,5;926,4;44,8;21,5;1,7;24,3;21,4;2;,6;28;21;27;328;4,7;1,4;
2021/07/26;2200 UTC;0;926,8;926,8;926,5;;20,5;2;21,5;20,5;2,1;1,6;30;27;29;321;3,9;,5;
2021/07/26;2300 UTC;0;927;927;926,8;;19,3;2,4;20,5;19,2;2,4;1,6;32;29;32;358;1,2;,6;
2021/07/27;0000 UTC;0;927,4;927,4;927;;18,6;3,9;20,2;18,6;3,9;2,3;38;32;38;325;1,1;,3;
2021/07/27;0100 UTC;0;927,6;927,6;927,4;;17;6,2;18,6;17;6,2;4;49;38;49;319;1,2;,8;
2021/07/27;0200 UTC;0;927,7;927,8;927,5;;16,3;6,8;17,1;16,2;6,8;6;54;48;53;315;1,4;,9;
2021/07/27;0300 UTC;0;928;928,1;927,7;;15,1;7,4;16,5;15,1;7,9;6,8;61;53;60;327;1,4;,4;
2021/07/27;0400 UTC;0;927,8;928;927,7;;14,5;7,4;15,3;14,2;7,9;7,4;64;60;63;311;1,5;,6;
2021/07/27;0500 UTC;0;927,5;928;927,5;;14,4;7,5;15,1;14,4;7,6;6,6;64;57;63;307;1,9;,6;
2021/07/27;0600 UTC;0;927;927,5;927;;14,6;4,3;14,8;14,3;7,5;4,3;64;50;50;324;3,8;1,7;
2021/07/27;0700 UTC;0;926,6;927;926,6;;15,1;3,5;15,4;14,1;4,9;3,5;54;46;46;324;5,2;1,9;
2021/07/27;0800 UTC;0;926,6;926,6;926,4;;14,2;3,5;15,2;14,2;3,7;3,1;49;44;49;335;4,6;,6;
2021/07/27;0900 UTC;0;926,6;926,6;926,4;;14,3;3,4;14,4;13,9;3,7;3,3;50;47;48;320;2,9;1,1;
2021/07/27;1000 UTC;0;926,6;926,7;926,5;1,3;14,9;3,2;14,9;13,9;3,5;3,1;49;45;46;331;5;1,6;
2021/07/27;1100 UTC;0;927;927;926,5;270,6;17,5;3,1;17,5;14,6;4,2;3,1;47;38;38;323;4,8;2,1;
2021/07/27;1200 UTC;0;927,5;927,5;926,9;989,5;20,2;2,4;20,2;17,5;4,2;2,4;41;31;31;336;5,5;2,1;
2021/07/27;1300 UTC;0;927,4;927,6;927,4;1644,4;22,7;2,9;22,7;20,2;3,4;2,1;32;27;27;335;8,4;3,4;
2021/07/27;1400 UTC;0;926,9;927,4;926,9;2134;24,7;4;25,1;22,6;4,5;2,4;28;24;26;332;8,4;2,7;
2021/07/27;1500 UTC;0;926;926,9;926;2492,8;26,6;3,4;26,8;24,5;5;3,1;26;22;22;332;8,4;2,6;
2021/07/27;1600 UTC;0;925,3;926;925,3;2348,2;28,1;3,8;28,3;25,9;5,3;3;25;20;21;312;9,2;2,5;
2021/07/27;1700 UTC;0;924,8;925,3;924,8;1943,3;27,9;3,4;28,1;26,5;5,3;2,5;24;20;21;323;10,5;3,2;
2021/07/27;1800 UTC;0;924,2;924,8;924,1;1719,2;27,4;3,8;28,2;27,1;4,5;2,6;23;20;22;320;9,3;3,3;
2021/07/27;1900 UTC;0;923,4;924,3;923,4;1277,3;26,9;3,9;28;26,8;5,2;3,2;25;21;23;336;10,6;3,8;
2021/07/27;2000 UTC;0;923,7;923,8;923,3;404,7;25,2;5;27,1;25,2;5,2;3,5;27;22;27;299;7,7;1,2;
2021/07/27;2100 UTC;0;923,8;923,8;923,4;55,8;23,5;3,8;25,2;23,5;6,1;3,5;30;26;28;14;5,3;,3;
2021/07/27;2200 UTC;0;924,8;924,8;923,7;;16,7;13,9;23,6;16,7;13,9;3,8;84;28;83;155;10,8;4,6;
2021/07/27;2300 UTC;0;925,7;925,8;924,8;;15,5;15,5;16,7;15,5;16;13,8;100;83;100;172;10,8;3,9;
2021/07/28;0000 UTC;0;927;927,1;925,5;;15,2;15,1;15,5;15,1;15,5;15,1;100;100;100;196;8,5;2,2;
2021/07/28;0100 UTC;,2;926;927;925,8;;15;15;15,2;15;15,2;15;100;100;100;109;5,5;2,1;
2021/07/28;0200 UTC;1,6;927,4;927,4;926;;15;15;15,2;15;15,2;15;100;100;100;168;6,3;1,9;
2021/07/28;0300 UTC;7,2;926,5;927,5;925,7;;15,1;15,1;15,2;15;15,2;15;100;100;100;149;4,4;2;
2021/07/28;0400 UTC;4,8;927,1;927,5;926,5;;14,7;14,7;15,1;14,7;15,1;14,7;100;100;100;162;4,7;1,2;
2021/07/28;0500 UTC;1,8;927,1;927,8;926,7;;14,6;14,6;15;14,6;15;14,5;100;100;100;165;5,6;2,4;
2021/07/28;0600 UTC;0;926,9;927,2;926,7;;13,4;13,4;14,6;13,4;14,6;13,4;100;99;100;160;9,1;3,7;
2021/07/28;0700 UTC;,4;926,8;927,3;926,8;;12,6;12,6;13,4;12,5;13,4;12,5;100;100;100;163;9,1;2,5;
2021/07/28;0800 UTC;3,6;927,4;927,6;926,8;;11,9;11,9;12,6;11,9;12,6;11,8;100;100;100;160;7,8;3,6;
2021/07/28;0900 UTC;1,8;927,5;927,6;927;;11,6;11,5;11,9;11,5;11,9;11,5;100;100;100;161;7,2;2,4;
2021/07/28;1000 UTC;,8;927,4;927,9;927,4;,6;11,2;11,2;11,6;11,2;11,6;11,2;100;100;100;160;7,1;3,3;
2021/07/28;1100 UTC;,2;928,6;928,6;927,4;21;11;11;11,3;11;11,2;10,9;100;100;100;176;5,7;2,2;
2021/07/28;1200 UTC;0;928,6;928,6;928,2;217,6;11;10,6;11,2;10,9;11,2;10,6;100;97;97;163;5,9;3;
2021/07/28;1300 UTC;,6;929,2;929,4;928,5;144,9;10,9;10,9;11,2;10,9;11,2;9,9;100;93;100;170;6,1;2,4;
2021/07/28;1400 UTC;1;928,9;929,2;928,7;214,2;10,4;10,4;11,1;10,3;11;10,2;100;100;100;168;6;3;
2021/07/28;1500 UTC;1,4;928,7;929,1;928,3;261,4;9,9;9,9;10,4;9,8;10,4;9,8;100;99;100;185;6,5;2;
2021/07/28;1600 UTC;1,4;928,6;928,8;928;301,9;8,8;8;10;8,8;10;7,5;100;90;95;181;7,4;2,6;
2021/07/28;1700 UTC;1,2;927,4;928,6;927,3;310,4;8,3;8,3;8,9;8,1;8,7;7,2;100;94;100;171;6,5;1,9;
2021/07/28;1800 UTC;,6;927,1;927,9;927,1;187,2;8,1;8;8,4;7,9;8,4;7,6;100;97;99;178;4;,7;
2021/07/28;1900 UTC;0;927,5;927,6;927,1;231,7;8,8;8,7;9,2;8,1;9,2;6,8;100;90;100;25;2;,8;
2021/07/28;2000 UTC;0;927,7;927,7;927,2;215,6;9,7;9,3;9,7;8,7;9,4;7,9;100;91;97;302;2,1;,8;
2021/07/28;2100 UTC;0;928,2;928,2;927,6;47,9;9,8;9,8;9,9;9,6;9,8;8,7;100;94;100;341;1,9;,7;
2021/07/28;2200 UTC;0;928,4;928,4;928;;10,3;10,3;10,3;9,8;10,3;9,8;100;100;100;282;2,5;,5;
2021/07/28;2300 UTC;0;929,1;929,1;928,4;;9,4;9,4;10,4;9,3;10,4;9,2;100;97;100;298;5,1;1;
2021/07/29;0000 UTC;0;930,1;930,1;929,1;;9,7;7,7;9,8;9,3;9,6;7,5;100;87;87;298;6,7;2,3;
2021/07/29;0100 UTC;0;930,5;930,5;930,1;;9,1;7,3;9,8;9;8,6;7,3;96;85;88;294;6,7;1,7;
2021/07/29;0200 UTC;0;930,8;930,8;930,5;;8,7;6,3;9,1;8,6;8,4;6,3;98;84;85;284;5,9;1,5;
2021/07/29;0300 UTC;0;931,1;931,1;930,7;;8,4;3,6;8,8;8,2;6,5;3,6;86;72;72;286;7,4;1,8;
2021/07/29;0400 UTC;0;931,2;931,3;931,1;;7,4;2,1;8,4;7,4;4;1,8;76;66;70;289;5,8;2;
2021/07/29;0500 UTC;0;931,2;931,4;931,2;;6,8;1,5;7,5;6,7;2,2;1,5;72;67;69;277;6,4;1,1;
2021/07/29;0600 UTC;0;931,3;931,4;931,2;;6,2;-,1;6,8;6,1;1,8;-,1;72;64;64;272;4,5;1,2;
2021/07/29;0700 UTC;0;931,2;931,4;931,2;;5,9;-,1;6,3;5,8;,1;-,2;66;64;65;268;4,8;1,5;
2021/07/29;0800 UTC;0;931,1;931,2;931;;5,4;-,3;5,9;5,4;-,1;-,7;66;62;66;272;6;1,2;
2021/07/29;0900 UTC;0;931,5;931,5;931,1;;4,7;-1,1;5,5;4,7;-,4;-1,3;67;64;66;267;6;1,3;
2021/07/29;1000 UTC;0;931,9;931,9;931,5;,6;4,2;-2,5;4,7;4,2;-1;-2,5;67;62;62;262;6,6;2,4;
2021/07/29;1100 UTC;0;932,5;932,5;931,9;323,4;5,1;-3,1;5,1;4,1;-2,5;-3,4;62;55;56;247;6,6;2,1;
2021/07/29;1200 UTC;0;932,8;933;932,4;1125;6,2;-1,5;6,6;5;-,7;-3,1;62;55;58;250;6,1;1,6;
2021/07/29;1300 UTC;0;933,5;933,5;932,8;1846,4;7,7;-1,3;7,8;6,2;-,3;-2,8;60;50;53;225;5,2;1,5;
2021/07/29;1400 UTC;0;933,6;933,9;933,4;2375,4;8,6;-1,8;8,6;7,1;-,4;-2,9;56;46;48;193;5,4;1,5;
2021/07/29;1500 UTC;0;933,2;933,7;933,1;2668,4;9,3;-2,9;9,7;7,5;-,8;-3,1;53;42;42;252;5,1;1,2;
2021/07/29;1600 UTC;0;932,6;933,2;932,6;2736,3;10,6;-1,9;10,6;8,8;-1;-3;48;39;42;269;5,3;1,2;
2021/07/29;1700 UTC;0;932;932,6;932;2511,9;11,3;-2,2;12,2;10,2;-,7;-4,2;43;34;39;20;3,5;1,1;
2021/07/29;1800 UTC;0;931,8;932;931,7;2054,5;11,1;-2,1;12,4;10,7;-1,5;-3,2;41;36;40;167;4,2;2,2;
2021/07/29;1900 UTC;0;931,8;931,9;931,6;1423,6;11,6;-2,4;11,9;11;-1;-3,1;42;37;38;150;4,2;1,5;
2021/07/29;2000 UTC;0;932,5;932,5;931,8;637,9;8,5;1;11,8;8,5;1,4;-2,5;59;37;59;137;6,6;3,1;
2021/07/29;2100 UTC;0;933,5;933,5;932,5;51,4;6,6;0;8,6;6,6;1,4;-,1;64;59;63;146;7,4;3,5;
2021/07/29;2200 UTC;0;934;934;933,5;;5,4;,2;6,6;5,4;,2;-,2;69;62;69;165;6,8;2,3;
2021/07/29;2300 UTC;0;934,4;934,4;934;;4,9;,9;5,5;4,9;1;,2;76;69;75;167;5,1;1,2;
2021/07/30;0000 UTC;0;935;935,1;934,4;;5,1;1;5,2;4,9;1,2;,9;76;74;75;172;4,2;1,7;
2021/07/30;0100 UTC;0;935,3;935,4;935;;4,8;1,6;5,1;4,5;1,6;1;81;75;80;179;3,5;1,2;
2021/07/30;0200 UTC;0;935,2;935,4;935,2;;4,7;1,8;4,9;4,7;1,9;1,6;82;79;82;131;2,6;,9;
2021/07/30;0300 UTC;0;935,3;935,4;935,2;;4,1;2;4,9;4,1;2,1;1,4;86;79;86;184;2,6;,8;
2021/07/30;0400 UTC;0;935;935,3;935;;3,8;3,6;4,3;3,7;4,2;2,1;100;86;99;138;2,1;,9;
2021/07/30;0500 UTC;0;934,7;935;934,6;;3,8;3,8;4,2;3,7;4,2;3,7;100;99;100;116;2,2;,6;
2021/07/30;0600 UTC;0;934,6;934,7;934,5;;4,4;4,4;4,5;3,6;4,5;3,6;100;100;100;162;2,6;1,3;
2021/07/30;0700 UTC;0;934,7;934,8;934,5;;4;4;4,4;3,8;4,4;3,8;100;100;100;167;2,4;1,2;
2021/07/30;0800 UTC;0;934,8;934,8;934,7;;3,7;3,7;4,5;3,6;4,5;3,6;100;100;100;166;3,1;,8;
2021/07/30;0900 UTC;,2;935,4;935,4;934,8;;4,1;4,1;4,5;3,7;4,5;3,9;100;100;100;126;2,3;,8;
2021/07/30;1000 UTC;0;936;936;935,4;2,2;4,4;4,4;4,5;4,1;4,5;4;100;100;100;105;3,1;1,4;
2021/07/30;1100 UTC;0;936,6;936,6;936;306,3;6,1;2,8;6,2;4,1;4,7;2,8;100;80;80;112;3,8;1,8;
2021/07/30;1200 UTC;0;937,1;937,1;936,5;1155,2;8;1,3;8,4;6,1;3,3;1,3;80;63;63;127;5,8;2,7;
2021/07/30;1300 UTC;0;937,7;937,8;937,1;1266,4;8,9;,7;9,1;7,3;2,6;,7;68;57;57;103;7,1;3,1;
2021/07/30;1400 UTC;0;938;938,1;937,7;1471,5;10;1,3;10;8,7;2,3;,4;61;54;55;136;7;3,1;
2021/07/30;1500 UTC;0;937,5;938;937,5;2577,6;10,9;1,5;10,9;9,8;2,2;,4;57;50;53;147;8;3,5;
2021/07/30;1600 UTC;0;937,1;937,4;937,1;2363,9;10,1;1,4;11;9,6;2,1;,7;56;51;55;150;8,3;4,2;
2021/07/30;1700 UTC;0;936,6;937,2;936,6;2036;10;1,6;11;9,8;2,5;1;58;52;56;132;8,3;3,1;
2021/07/30;1800 UTC;0;936,3;936,6;936,2;1505,9;10,4;,8;10,8;9,5;2,2;,7;58;51;52;151;8,2;3,6;
2021/07/30;1900 UTC;0;936,3;936,4;936,2;1541,4;10,5;1,9;11;10;1,9;,8;56;51;55;128;8,2;2,9;
2021/07/30;2000 UTC;0;936,7;936,7;936,3;500;9;2;10,5;8,9;2,3;1,4;62;54;61;125;8,4;3,4;
2021/07/30;2100 UTC;0;937;937;936,7;58;8,4;2,4;9,1;8,4;2,4;1,6;66;61;66;123;8,2;3,3;
2021/07/30;2200 UTC;0;937,2;937,2;936,9;;8;4;8,4;7,8;4,2;2,4;78;66;76;152;7,2;3,5;
2021/07/30;2300 UTC;0;937,8;937,8;937,2;;8,6;4,9;8,6;8;4,9;3,9;78;75;77;149;7,8;3,7;
2021/07/31;0000 UTC;0;938;938;937,7;;8,7;5,5;8,8;8,5;5,7;4,9;82;77;80;132;7,9;3;
2021/07/31;0100 UTC;0;938,4;938,4;937,9;;9;5,3;9;8,6;5,8;4,9;81;76;77;138;7,5;3;
2021/07/31;0200 UTC;0;938,6;938,6;938,3;;9;5,9;9,1;8,9;6;4,8;81;75;81;134;7;2,8;
2021/07/31;0300 UTC;0;938,5;938,6;938,3;;8,8;5,2;9;8,6;5,6;4,3;81;74;78;135;7;2,8;
2021/07/31;0400 UTC;0;938,2;938,6;938,1;;8,7;5,7;8,8;8,6;5,8;5,3;82;78;82;136;6,6;3,1;
2021/07/31;0500 UTC;0;937,9;938,3;937,8;;8,7;5,5;8,9;8,6;6,1;5,4;83;79;80;111;7,5;2,9;
2021/07/31;0600 UTC;0;937,6;938;937,5;;8,4;5,5;8,8;8,3;5,6;5;82;78;82;122;7;2,7;
2021/07/31;0700 UTC;0;937,9;937,9;937,5;;7,9;5,9;8,4;7,9;6,1;5,4;88;82;88;117;5,9;2;
2021/07/31;0800 UTC;0;937,9;938;937,8;;7,6;7,6;8,1;7,5;7,7;5,9;100;88;100;126;5,3;1,5;
2021/07/31;0900 UTC;0;938,2;938,3;937,7;;7,4;6,7;7,8;7,3;7,6;6,1;100;92;95;115;4,7;1,8;
2021/07/31;1000 UTC;0;938,8;938,9;938,2;2,7;7,4;5;7,6;7,2;6,4;4,6;95;82;85;115;5,1;1,7;
2021/07/31;1100 UTC;0;938,6;938,9;938,5;295,7;8,8;3,7;8,8;7,3;5;3,6;85;70;71;116;5;2,6;
2021/07/31;1200 UTC;0;939,3;939,5;938,6;968,9;10,6;3;10,7;8,8;4,4;3;71;59;59;116;5,2;2,1;
2021/07/31;1300 UTC;0;939,9;939,9;939,3;1610,9;12,4;2,8;12,6;10,4;4;2,2;64;50;52;108;6,1;2,7;
2021/07/31;1400 UTC;0;939,6;940;939,6;2086,6;13,5;2,1;13,8;11,8;3,1;2;52;45;46;110;8,2;3,1;
2021/07/31;1500 UTC;0;938,6;939,7;938,6;2608,7;15,4;2,8;15,5;13,5;3,2;1,9;48;42;43;117;7,7;2,8;
2021/07/31;1600 UTC;0;937,9;938,6;937,9;2357,2;14,1;4,4;16;14,1;5,4;2,1;53;40;52;123;7,3;3,6;
2021/07/31;1700 UTC;0;937;937,9;937;2128,7;14,9;6,2;15,4;14;6,2;4,5;58;50;56;151;7,4;3,8;
2021/07/31;1800 UTC;0;936,7;937;936,7;1747,6;13,9;6,7;15,3;13,4;7,3;5,4;64;53;62;138;8,6;3,2;
2021/07/31;1900 UTC;0;937;937;936,6;1285,7;12,4;6,9;14;12,4;7,7;6,6;71;62;69;128;8,8;3,9;
2021/07/31;2000 UTC;0;937,4;937,5;936,9;371,6;11,7;7,8;12,4;11,5;7,8;6,9;77;69;77;140;9,3;3,6;
2021/07/31;2100 UTC;0;937,7;937,8;937,4;42,6;11,1;7,5;11,7;11,1;8;7,5;80;76;79;127;8;3,8;
2021/07/31;2200 UTC;0;938,3;938,3;937,6;;11,3;8,6;11,3;11,1;8,7;7,6;85;79;84;138;7,7;2,3;
2021/07/31;2300 UTC;0;938,9;939;938,3;;11,3;8,7;11,3;11,1;9;8,3;86;82;84;128;7,8;3,1;
2021/08/01;0000 UTC;0;939,5;939,5;938,9;;11,4;8,7;11,4;11,2;9,1;8,5;86;83;84;128;6,6;2,9;
2021/08/01;0100 UTC;0;939,8;940;939,5;;11,6;9,3;11,6;11,4;9,3;8,6;86;83;86;120;6,6;2,3;
2021/08/01;0200 UTC;0;938,5;939,8;938,5;;11,1;8,3;11,6;11,1;9,4;8,2;86;81;83;111;8,3;3,7;
2021/08/01;0300 UTC;0;938,4;939,3;938,3;;11;8,3;11,2;11;8,5;7,9;84;81;83;115;8,3;1,6;
2021/08/01;0400 UTC;0;938,5;938,8;938,4;;10,5;8,4;11,1;10,5;8,6;8,2;87;83;87;118;3,9;1,2;
2021/08/01;0500 UTC;0;937,9;938,6;937,9;;10,4;10,3;10,5;10,1;10,5;8,4;100;87;99;112;3,7;2;
2021/08/01;0600 UTC;0;937,8;938,1;937,8;;9,9;9,9;10,4;9,8;10,4;9,8;100;99;100;111;3,7;1,3;
2021/08/01;0700 UTC;0;937,5;937,9;937,5;;10,1;7,7;10,1;9,7;10;7,7;100;85;85;88;3,3;1,4;
2021/08/01;0800 UTC;0;938,1;938,1;937,3;;9,6;7,6;10,1;9,5;7,8;7,4;88;84;88;149;3,3;1,6;
2021/08/01;0900 UTC;0;938,5;938,5;937,9;;9,7;7,4;9,9;9,5;8,1;7,3;90;85;86;117;4,6;1,3;
2021/08/01;1000 UTC;0;939,2;939,2;938,5;3,9;9,6;7;9,9;9,4;7,5;6,8;86;82;84;127;3,6;1,3;
2021/08/01;1100 UTC;0;939,4;939,6;939,2;389,4;12,3;7;12,3;9,6;7,7;6,8;85;70;70;79;4,5;1,2;
2021/08/01;1200 UTC;0;940;940;939,4;1071,1;13,8;7,4;13,8;11,8;7,6;6,9;74;65;65;50;6,1;2,2;
2021/08/01;1300 UTC;0;940,2;940,2;940;1738,8;14,7;7,3;14,8;13,7;7,7;6,5;67;59;61;65;5,6;1,6;
2021/08/01;1400 UTC;0;939,3;940,2;939,3;2137,6;15,7;5,7;17,2;14,3;7,3;5,5;62;48;52;78;5,7;2,5;
2021/08/01;1500 UTC;0;938,1;939,3;938,1;1859,7;16,9;6;17,4;15,6;7;5,7;54;47;49;97;5,7;2,3;
2021/08/01;1600 UTC;0;937,5;938,2;937,5;1578,2;18,4;5,4;18,7;16,9;6,8;5,2;51;42;43;80;5,2;1,2;
2021/08/01;1700 UTC;0;937,3;937,5;937,1;1118;16,5;8,3;18,4;16,5;8,8;4,3;60;41;59;128;7;3,3;
2021/08/01;1800 UTC;0;937;937,3;936,9;1743,5;15,6;9,7;17,2;15,1;9,9;8,6;69;57;68;146;7,5;3,4;
2021/08/01;1900 UTC;0;937,1;937,1;936,9;1005,4;14,7;9,7;15,8;14,6;10,4;9,3;74;67;72;154;7,8;3,4;
2021/08/01;2000 UTC;0;937,1;937,1;936,8;764,5;13,8;9,4;15,1;13,8;9,9;9,1;75;69;75;138;6,6;2,9;
2021/08/01;2100 UTC;0;937,5;937,5;937,1;59,1;13,3;9,5;13,8;13,2;9,9;8,9;79;75;78;135;7,3;2,6;
2021/08/01;2200 UTC;0;937,6;937,6;937,4;;13,1;9,8;13,4;13,1;9,8;9,1;80;77;80;152;6;1,7;
2021/08/01;2300 UTC;0;937,8;937,9;937,6;;12,7;10,3;13,1;12,7;10,3;9,7;85;80;85;150;4,4;1,7;
2021/08/02;0000 UTC;0;937,8;937,9;937,8;;12;11,8;12,8;11,9;11,9;10,1;99;85;99;114;3,6;1,2;
2021/08/02;0100 UTC;0;937,8;937,9;937,7;;11,3;11,3;12;11,2;11,9;11,2;100;99;100;132;2,6;,8;
2021/08/02;0200 UTC;0;937,5;937,9;937,4;;11,2;11,2;11,4;11,1;11,4;11;100;100;100;120;2;,8;
2021/08/02;0300 UTC;0;937,1;937,5;937,1;;10,8;10,8;11,3;10,7;11,2;10,7;100;100;100;136;2,2;,7;
2021/08/02;0400 UTC;0;936,6;937,1;936,6;;10,2;10,2;10,8;10;10,8;10;100;100;100;181;2,4;1,4;
2021/08/02;0500 UTC;0;936,3;936,6;936,3;;10,5;10,5;10,6;10,2;10,6;10,2;100;100;100;174;2,9;1,7;
2021/08/02;0600 UTC;0;935,8;936,3;935,8;;10,5;10,5;10,5;10,4;10,5;10,4;100;100;100;191;3,1;1;
2021/08/02;0700 UTC;0;935,2;935,8;935,2;;10,8;10,8;10,8;10,4;10,8;10,4;100;100;100;124;2,3;,7;
2021/08/02;0800 UTC;0;935,2;935,2;935;;10,7;10,7;10,8;10,6;10,8;10,6;100;100;100;116;2,4;1;
2021/08/02;0900 UTC;0;935,5;935,5;935,1;;10,2;10,2;10,8;10,2;10,7;10,2;100;100;100;110;3;1,1;
2021/08/02;1000 UTC;0;936;936;935,5;4,8;10,3;10,3;10,4;10,2;10,4;10,2;100;100;100;109;1,8;,6;
2021/08/02;1100 UTC;0;936,5;936,5;935,9;111,2;10,5;10,5;10,6;10,2;10,6;10,2;100;100;100;95;1,5;,6;
2021/08/02;1200 UTC;0;936,9;936,9;936,5;419,2;11,6;10,4;11,6;10,5;11;9,5;100;89;92;88;4,6;1,6;
2021/08/02;1300 UTC;0;937,1;937,3;936,9;818,5;13,1;8,8;13,1;11,4;9,9;8,7;92;75;75;63;4,3;1,4;
2021/08/02;1400 UTC;0;936,9;937,2;936,9;2100,4;14,8;8;15,4;12,8;9,4;8;78;63;64;337;3,7;1,7;
2021/08/02;1500 UTC;0;935,9;936,9;935,9;2463,3;16,8;9;16,8;14,5;9,6;7,7;67;58;60;108;3,7;,6;
2021/08/02;1600 UTC;0;934,9;935,9;934,9;2513,5;19,6;8,1;19,6;16,5;9,4;7,5;60;48;48;326;3,4;1,3;
2021/08/02;1700 UTC;0;933,9;934,9;933,9;2369,5;20,2;5,9;20,7;18,4;8,9;5,3;51;38;39;316;3,9;1,3;
2021/08/02;1800 UTC;0;933,3;933,9;933,3;1925,3;19,3;5,9;20,6;19,2;6,6;3,6;43;33;41;111;3,7;1,9;
2021/08/02;1900 UTC;0;933,2;933,3;933;1255;17,2;11;19,7;17,2;11,2;5,9;67;41;67;144;6,9;3,3;
2021/08/02;2000 UTC;0;933,5;933,5;933,2;586,9;15,5;11,7;17,3;15,5;11,8;11;78;67;78;129;8,1;3,1;
2021/08/02;2100 UTC;0;933,9;933,9;933,5;75,4;15;11,4;15,5;14,9;11,8;11,3;81;78;79;165;7,3;2,2;
2021/08/02;2200 UTC;0;934,5;934,5;933,9;;14,4;10,8;15;14,3;11,4;10,8;80;78;79;161;6,4;2,5;
2021/08/02;2300 UTC;0;935;935,1;934,5;;14;11,2;14,4;13,9;11,3;10,8;84;79;84;141;6,4;2,1;
2021/08/03;0000 UTC;0;935,3;935,3;935;;13,6;11,3;14;13,6;11,5;11,2;87;83;86;161;5,1;2,3;
2021/08/03;0100 UTC;0;935,3;935,5;935,3;;13,4;10,9;13,7;13,3;11,4;10,9;88;85;85;159;5,1;1,6;
2021/08/03;0200 UTC;0;935,2;935,3;935,2;;13;10,9;13,4;12,8;11,3;10,6;90;84;87;180;3,1;1,4;
2021/08/03;0300 UTC;0;935,3;935,3;935,2;;12,3;12;13;12,3;12;10,8;98;87;98;137;3,3;,8;
2021/08/03;0400 UTC;0;935,1;935,3;935;;11,5;11,5;12,3;11,5;12,2;11,5;100;98;100;125;3,3;,6;
2021/08/03;0500 UTC;0;934,6;935,1;934,6;;11,4;11,3;11,7;11,4;11,7;11,3;100;100;100;125;2,3;,9;
2021/08/03;0600 UTC;0;934;934,6;934;;11,4;11,4;11,4;11,2;11,4;11,2;100;100;100;150;2,1;,6;
2021/08/03;0700 UTC;0;933,9;934,1;933,9;;11,4;11,4;11,5;11,4;11,5;11,3;100;100;100;186;2,1;,9;
2021/08/03;0800 UTC;0;934;934,1;933,9;;11,5;11,5;11,5;11,4;11,5;11,4;100;100;100;127;2,7;,7;
2021/08/03;0900 UTC;0;934,6;934,6;934;;11,7;11,7;11,7;11,4;11,7;11,4;100;100;100;177;2;,8;
2021/08/03;1000 UTC;,2;935,2;935,2;934,6;2,1;12;12;12;11,7;12;11,7;100;100;100;161;3,5;2,1;
2021/08/03;1100 UTC;,4;935,7;935,7;935,2;202,3;12,3;12,3;12,5;12;12,5;12;100;100;100;177;3,7;1,7;
2021/08/03;1200 UTC;,2;936,4;936,4;935,7;373,8;12,6;11;13;12,1;12,6;11;100;90;90;155;6,6;2,6;
2021/08/03;1300 UTC;,2;936,8;936,8;936,4;490,4;12,7;10,1;13,2;12,5;11,3;10,1;90;84;84;162;7,3;3,9;
2021/08/03;1400 UTC;0;936,7;937;936,7;640,2;13,5;10,1;13,5;12,2;10,7;9,7;90;80;80;172;8,4;1,8;
2021/08/03;1500 UTC;0;936,3;936,7;936,1;1494,7;14,1;8,7;15,1;13,2;10,7;8,2;81;68;70;171;6,6;3,4;
2021/08/03;1600 UTC;0;935,6;936,3;935,6;1745,8;14,6;8;15,7;13,8;9,2;7,3;73;62;65;176;7,3;3,2;
2021/08/03;1700 UTC;0;935,1;935,6;935,1;1570,5;15;6,9;15,8;13,8;8,6;6,5;70;57;59;161;9,1;3,8;
2021/08/03;1800 UTC;0;934,7;935,1;934,7;1635,7;15,5;6,9;16,8;14,7;7,7;6,3;61;53;57;158;7,6;3,5;
2021/08/03;1900 UTC;0;935;935;934,7;1569,7;14,8;7,1;15,5;14,3;7,6;5,8;62;53;60;143;8,5;3,1;
2021/08/03;2000 UTC;0;935,7;935,7;935;629,4;13,4;7,3;15,1;13,4;7,4;6;67;56;67;154;8,4;3,1;
2021/08/03;2100 UTC;0;936,2;936,2;935,7;68,9;11,8;8;13,4;11,8;8;7,1;77;66;77;161;7,3;3,7;
2021/08/03;2200 UTC;0;936,5;936,5;936,1;;11,4;8,8;11,8;11,3;8,8;8;84;77;84;155;7;2,4;
2021/08/03;2300 UTC;0;936,8;936,8;936,4;;11,2;9;11,4;11,2;9,1;8,7;87;84;86;167;7,1;4,1;
2021/08/04;0000 UTC;0;936,9;936,9;936,7;;11;8,8;11,3;11;9,1;8,8;87;85;86;162;8,3;3,4;
2021/08/04;0100 UTC;0;937,3;937,3;936,9;;10,8;10,2;11,1;10,6;10,2;8,7;97;86;96;144;5,9;2,4;
2021/08/04;0200 UTC;0;937,2;937,4;937,2;;11;9,4;11;10,8;10,7;9,4;99;90;90;155;5,9;2,6;
2021/08/04;0300 UTC;0;936,9;937,2;936,9;;10,8;9,2;11,1;10,7;9,4;8,8;91;87;90;132;5,9;1,6;
2021/08/04;0400 UTC;0;936,6;936,9;936,5;;10,9;10,4;11,2;10,7;10,7;9;98;87;97;151;7,3;2,5;
2021/08/04;0500 UTC;0;936,4;936,6;936,3;;11,1;9,3;11,3;10,6;10,9;9,1;99;87;89;145;6,4;3,1;
2021/08/04;0600 UTC;0;936,2;936,4;936,1;;11,3;11;11,3;11;11,2;9,5;99;89;98;149;6,2;3;
2021/08/04;0700 UTC;0;936,2;936,4;936,1;;11,3;8,5;11,4;11,2;11;8,5;99;83;83;144;6;3;
2021/08/04;0800 UTC;0;936,4;936,4;936,2;;11,3;8,4;11,3;11,1;8,6;7,8;84;79;83;135;6,5;2,5;
2021/08/04;0900 UTC;0;936,8;936,8;936,4;;11,2;8,4;11,3;11,2;8,7;8,1;84;81;83;135;5;2;
2021/08/04;1000 UTC;0;937,4;937,4;936,8;4,8;10,9;8,5;11,3;10,9;8,7;8,3;85;82;85;162;6,4;3,4;
2021/08/04;1100 UTC;0;938;938;937,4;342,9;11,8;8,3;11,8;10,9;8,6;8;86;78;79;162;6,4;3;
2021/08/04;1200 UTC;0;938,5;938,5;938;1171,3;13,3;8,4;13,4;11,8;8,8;7,7;79;70;72;119;7;3;
2021/08/04;1300 UTC;0;938,9;938,9;938,5;1688,5;13,8;7,6;13,9;12,7;9;7,6;75;66;66;153;7;3,5;
2021/08/04;1400 UTC;0;938,9;939;938,8;2435,3;14,5;7,1;15;13,7;8,5;6,8;68;59;61;140;8,5;3,4;
2021/08/04;1500 UTC;0;938,3;938,9;938,3;2616;15;6,7;15,8;14,5;7,6;6,3;62;55;57;133;7,4;3,5;
2021/08/04;1600 UTC;0;937,6;938,3;937,5;2749,5;15,6;5,8;16,1;14,9;7,7;5,8;59;52;52;145;7,1;3,5;
2021/08/04;1700 UTC;0;937,2;937,6;937,2;2576,3;16,1;5,9;16,6;15,5;6,9;5,3;55;48;51;147;7,2;3,5;
2021/08/04;1800 UTC;0;936,6;937,2;936,6;2147,3;15,9;6,1;16,6;15,6;6,6;4,8;54;47;52;150;8,8;4;
2021/08/04;1900 UTC;0;936,6;936,7;936,5;1533,9;15,3;6;16,4;15,3;6,7;4,7;55;49;54;142;8,3;3,3;
2021/08/04;2000 UTC;0;937;937;936,6;750,4;14,1;7,1;15,4;14,1;7,1;5,1;63;51;63;141;7,2;3,3;
2021/08/04;2100 UTC;0;937,4;937,4;937;68,2;12,7;7,6;14,1;12,7;7,8;6,7;71;62;71;127;7,1;2,4;
2021/08/04;2200 UTC;0;937,8;937,8;937,4;;12;9;12,8;11,9;9;7,6;82;71;82;158;6,4;2,7;
2021/08/04;2300 UTC;0;938,2;938,2;937,8;;11,4;10,9;12;11,4;10,9;9;97;82;97;144;6,5;2,3;
2021/08/05;0000 UTC;0;938,8;938,9;938,2;;11,5;11,2;11,7;11,3;11,4;10,3;99;91;99;133;5,1;2,2;
2021/08/05;0100 UTC;0;939;939;938,8;;11,2;10,8;11,5;11,1;11,2;9,8;99;91;98;144;5,7;2;
2021/08/05;0200 UTC;0;939;939,1;938,9;;11,4;11,4;11,4;11,1;11,4;10,2;100;93;100;125;4,2;1;
2021/08/05;0300 UTC;0;938,9;939,2;938,9;;11,7;11,7;11,7;11,4;11,7;11,4;100;99;100;133;3,7;1,2;
2021/08/05;0400 UTC;0;938,4;938,9;938,4;;12,2;10,1;12,2;11,7;11,8;10,1;100;87;87;130;3,5;1,8;
2021/08/05;0500 UTC;0;938;938,4;938;;11,5;9,4;12,2;11,5;10,2;9,2;87;84;87;128;4,3;1,4;
2021/08/05;0600 UTC;0;937,8;938,1;937,8;;11,1;10,6;11,5;11;10,9;9,2;97;86;97;120;3,9;1,3;
2021/08/05;0700 UTC;0;937,6;937,8;937,4;;11,6;11;11,6;10,8;11,3;10,6;100;96;96;139;3,5;1,5;
2021/08/05;0800 UTC;0;937,4;937,6;937,2;;11,5;11,5;11,6;11,4;11,5;10,8;100;95;100;123;4,3;1,3;
2021/08/05;0900 UTC;0;937,8;937,8;937,4;;11,4;11,3;11,5;11,4;11,5;11,3;100;99;99;119;3,8;1,7;
2021/08/05;1000 UTC;0;938,4;938,4;937,8;9,1;10,7;10,7;11,4;10,6;11,3;10,6;100;99;100;122;3,8;1;
2021/08/05;1100 UTC;0;939,1;939,1;938,4;235,7;11,5;10,2;11,6;10,6;11,3;10,2;100;92;92;112;4,1;2,2;
2021/08/05;1200 UTC;0;939,6;939,6;939,1;585;13;10;13;11,5;11,3;9,6;96;82;82;128;4,1;1,8;
2021/08/05;1300 UTC;0;940;940;939,5;1176;14,8;8,7;15;13;10;8,3;82;65;67;114;4,7;2,3;
2021/08/05;1400 UTC;0;939,5;940;939,5;1617,7;16,1;8,3;16,4;14,8;9,3;8,1;68;59;60;111;4;1,8;
2021/08/05;1500 UTC;0;938,7;939,5;938,7;2091;17,9;8,4;18;16;9,2;7,6;61;53;54;134;5,8;2,5;
2021/08/05;1600 UTC;0;937,7;938,7;937,7;2611;16,8;9,7;18,9;16,8;10,2;7,9;64;51;63;159;7,4;4,1;
2021/08/05;1700 UTC;0;937,1;937,7;937;2071,1;16,9;10,2;17,8;16,7;10,8;9,5;66;60;65;142;9,1;3,9;
2021/08/05;1800 UTC;0;937;937,1;936,9;1656;15,5;10,7;18,2;15,5;11,4;10;73;62;73;133;8,4;3,6;
2021/08/05;1900 UTC;0;937,2;937,2;937;1319,3;15,2;10,8;16,2;15,2;11,4;10,6;75;71;75;153;8,5;4,4;
2021/08/05;2000 UTC;0;937,2;937,3;937;445,8;14,7;11,7;15,4;14,7;11,7;10,7;82;74;82;136;8;3;
2021/08/05;2100 UTC;0;938;938;937,2;27,1;14,2;11,7;14,7;14,1;12;11,4;85;81;85;128;7,6;3,4;
2021/08/05;2200 UTC;0;938,3;938,3;937,8;;14,1;13,5;14,3;14;13,6;11,7;98;85;96;132;7,6;3,3;
2021/08/05;2300 UTC;0;938,8;938,8;938,3;;14;14;14,2;13,9;14,1;13,5;100;96;100;118;7,5;3,1;
2021/08/06;0000 UTC;0;938,7;938,9;938,6;;14,2;13,6;14,3;14;14,1;13,6;100;96;96;117;7,5;2,6;
2021/08/06;0100 UTC;0;938,9;938,9;938,6;;14,3;13,7;14,3;14,2;13,9;13,4;98;95;96;124;5,4;1,9;
2021/08/06;0200 UTC;0;939,3;939,4;938,9;;14,2;12,6;14,3;14,2;13,7;12,6;96;90;90;114;4,4;1,6;
2021/08/06;0300 UTC;0;939,1;939,4;939,1;;13,5;13,5;14,2;13,4;13,6;12,4;100;90;100;135;3,4;1,6;
2021/08/06;0400 UTC;0;938,8;939,1;938,8;;13,5;13,4;13,5;13,3;13,5;13,3;100;100;100;128;5;2,2;
2021/08/06;0500 UTC;0;938,4;938,8;938,4;;13,4;13,4;13,5;13,4;13,5;13,4;100;100;100;121;5;1,4;
2021/08/06;0600 UTC;0;938;938,4;938;;13,1;13,1;13,5;13,1;13,4;13,1;100;100;100;137;3,6;1,2;
2021/08/06;0700 UTC;0;937,7;938;937,7;;13;13;13,2;12,8;13,2;12,8;100;100;100;131;3,1;1,8;
2021/08/06;0800 UTC;0;937,6;937,8;937,5;;13,1;13,1;13,2;12,8;13,1;12,8;100;100;100;124;3,7;1,7;
2021/08/06;0900 UTC;0;938,2;938,2;937,5;;13,1;13,1;13,2;13,1;13,2;13,1;100;100;100;106;3,6;1,3;
2021/08/06;1000 UTC;0;938,6;938,6;938,1;4,2;13,3;12,9;13,3;13;13,1;12,6;100;96;97;115;2,5;,9;
2021/08/06;1100 UTC;0;939,1;939,1;938,6;146,5;14,1;11;14,1;13,3;12,8;10,9;97;81;81;60;4;1,6;
2021/08/06;1200 UTC;0;939,4;939,4;939,1;251,7;14,7;10,6;14,7;14;10,9;10,5;81;76;76;102;6,5;1,7;
2021/08/06;1300 UTC;0;939,8;940;939,4;907,8;16,7;11,1;16,7;14,7;11,3;10,6;77;69;69;107;5,1;2,2;
2021/08/06;1400 UTC;0;939,3;939,9;939,3;2193,1;18,7;10,3;19,2;16,7;11,5;10,1;69;57;58;86;5,5;2,6;
2021/08/06;1500 UTC;0;938,7;939,3;938,7;2582,7;19,8;10,1;20,9;18,7;11,2;9,7;59;50;54;85;5,9;2,7;
2021/08/06;1600 UTC;0;937,6;938,7;937,6;2267,8;20,5;10;21,1;19,8;11,3;10;56;50;51;130;5,5;1,4;
2021/08/06;1700 UTC;0;936,9;937,6;936,9;2318,4;19,8;11,9;22;19,8;12,5;9,8;61;47;60;161;7,6;4,1;
2021/08/06;1800 UTC;0;936,6;936,9;936,5;1401;18,5;12,2;20,3;18,5;13;11,9;69;59;67;154;8,4;4;
2021/08/06;1900 UTC;0;936,3;936,6;936,3;1329,9;16,2;13,5;18,5;16,2;13,6;12,3;84;67;84;160;8,5;4,8;
2021/08/06;2000 UTC;0;936,4;936,4;936,1;491,5;15,5;13,3;17;15,5;14;12,9;88;77;86;138;7,9;3,7;
2021/08/06;2100 UTC;0;936,4;936,5;936,2;32,2;15,6;12,9;15,6;15,2;14,7;12,9;96;84;84;152;7;2,9;
2021/08/06;2200 UTC;0;936,5;936,5;936,3;;15,5;13,7;15,7;15,4;13,7;12,8;89;84;89;147;6,5;2,5;
2021/08/06;2300 UTC;0;937,1;937,1;936,5;0;15,2;15,2;15,5;15,1;15,2;13,8;100;89;100;116;6,3;2,8;
2021/08/07;0000 UTC;0;937,2;937,4;937,1;;15,3;14,6;15,3;15,1;15,2;14,6;100;96;96;121;4,7;1,4;
2021/08/07;0100 UTC;0;937;937,2;937;;15,4;13,2;15,4;15,3;14,5;13,2;96;87;87;126;3,4;1,3;
2021/08/07;0200 UTC;0;936,9;937,2;936,9;;14,4;14,4;15,4;14,3;14,4;13,1;100;86;100;129;3,4;,7;
2021/08/07;0300 UTC;0;936,8;936,9;936,8;;13,9;13,9;14,4;13,9;14,4;13,9;100;100;100;118;2;1,1;
2021/08/07;0400 UTC;0;936,2;936,8;936,2;;13,7;13,7;14;13,5;14;13,5;100;100;100;156;2;,6;
2021/08/07;0500 UTC;0;935,6;936,2;935,6;;13,2;13,2;13,7;13;13,6;13;100;100;100;109;1,5;,6;
2021/08/07;0600 UTC;0;935,2;935,6;935,2;;13,5;13,5;13,5;13;13,5;13;100;100;100;103;2,7;,9;
2021/08/07;0700 UTC;0;934,8;935,2;934,8;;13,3;13,2;13,7;13,3;13,6;12,7;100;95;99;138;2,8;,5;
2021/08/07;0800 UTC;0;934,8;934,8;934,7;;13,5;12,8;13,6;13,1;13,5;12,7;100;95;96;42;3,3;1,4;
2021/08/07;0900 UTC;0;935;935;934,8;;13,8;12;13,8;13,5;13,2;11,9;97;88;89;55;5,6;1,3;
2021/08/07;1000 UTC;0;935,6;935,6;934,9;6,8;13,9;11,5;13,9;13,6;12;11,5;89;86;86;37;4,9;2;
2021/08/07;1100 UTC;0;936;936;935,5;246,1;14,4;11;14,4;13,9;11,6;11;86;80;80;55;5,3;2,1;
2021/08/07;1200 UTC;0;936,5;936,5;936;1060,7;15,7;10,9;15,9;14,4;11,6;10,7;81;72;73;56;5,5;2,4;
2021/08/07;1300 UTC;0;936,8;936,9;936,5;1645,7;16,5;10,6;17,4;15,6;11,8;10,3;74;65;68;49;6,1;2,8;
2021/08/07;1400 UTC;0;936,5;936,9;936,5;2165,1;18,5;10,7;18,5;16,3;11;9,9;69;59;60;46;6,4;2,1;
2021/08/07;1500 UTC;0;935,7;936,5;935,7;2057,4;19,1;10,1;19,7;17,8;11,3;9,5;62;54;56;116;5,9;1,3;
2021/08/07;1600 UTC;0;934,8;935,7;934,7;1876,4;19,8;9,8;20,1;19;11,1;9,2;58;51;52;125;3,1;1,4;
2021/08/07;1700 UTC;0;933,9;934,8;933,8;1554,6;20,1;9,7;20,6;19,3;10,5;8,9;54;48;51;154;3,5;1,9;
2021/08/07;1800 UTC;0;933;933,9;933;1473,9;20,1;9,7;21;20;10,6;9,4;53;49;51;153;4,1;2;
2021/08/07;1900 UTC;0;933;933,1;932,9;780,5;17,9;12,7;20,4;17,8;13,2;9,7;72;51;71;152;5,7;2,7;
2021/08/07;2000 UTC;0;933,1;933,1;932,8;447,5;17,2;13,2;17,9;17,2;13,2;12,6;77;71;77;139;5,4;2,4;
2021/08/07;2100 UTC;0;933,1;933,1;933;138,7;16,2;13,3;17,2;16,2;13,3;12,6;83;75;83;143;5,7;2,3;
2021/08/07;2200 UTC;0;933,5;933,5;933,1;;15,5;13,4;16,2;15,5;13,4;13,1;87;83;87;154;4,8;2;
2021/08/07;2300 UTC;0;933,7;933,7;933,5;;15;13,5;15,6;14,9;14,3;13,3;95;87;91;159;4;2;
2021/08/08;0000 UTC;0;934,3;934,3;933,7;;14,9;13,9;15,1;14,7;14,1;13,4;96;90;94;175;4,3;,8;
2021/08/08;0100 UTC;0;934,1;934,3;934;;14,4;14,4;14,9;14,1;14,4;13,1;100;89;100;143;3;,8;
2021/08/08;0200 UTC;0;934;934,2;934;;13,7;13,7;14,5;13,6;14,5;13,6;100;100;100;193;1,9;,6;
2021/08/08;0300 UTC;0;933,6;934;933,6;;13,2;13,2;13,7;12,9;13,7;12,9;100;100;100;106;1,3;,6;
2021/08/08;0400 UTC;0;933,7;933,7;933,6;;12,9;12,9;13,3;12,8;13,3;12,8;100;100;100;139;1,3;,7;
2021/08/08;0500 UTC;0;933,4;933,7;933,4;;12,9;12,9;13,3;12,6;13,3;12,6;100;100;100;34;1,9;,7;
2021/08/08;0600 UTC;0;933,1;933,4;933,1;;13,8;10,7;13,8;12,9;13,2;10,7;100;82;82;9;3,3;1,1;
2021/08/08;0700 UTC;0;932,9;933,1;932,9;;14,2;9,7;14,2;13,7;10,8;9,7;82;74;74;12;3,5;1,4;
2021/08/08;0800 UTC;0;932,9;933;932,9;;14;9,6;14,2;14;9,8;9,5;75;73;75;1;3,8;1,1;
2021/08/08;0900 UTC;0;933,4;933,4;932,9;;13,8;9,4;14,1;13,8;9,6;9,3;75;73;75;342;2,4;,7;
2021/08/08;1000 UTC;0;933,8;933,8;933,4;9,8;13,8;9,4;13,9;13,6;9,7;9,2;77;74;75;330;2;,6;
2021/08/08;1100 UTC;0;934,4;934,4;933,8;246,3;14,7;9,2;14,7;13,7;9,8;9,1;77;69;69;55;2,5;1,2;
2021/08/08;1200 UTC;0;934,9;934,9;934,4;922,7;17,3;9,4;17,4;14,7;10;8,5;72;59;60;29;3,2;1,2;
2021/08/08;1300 UTC;0;935,2;935,3;934,9;1797,4;18,8;8,5;19,3;17;9,6;8,4;61;50;51;50;4,3;1,5;
2021/08/08;1400 UTC;0;934,9;935,2;934,9;2324,8;21,5;8,7;21,5;18,6;8,8;7,2;52;40;44;44;3,5;1,1;
2021/08/08;1500 UTC;0;934;934,9;934;2579;22,3;7,1;22,4;20,6;9;6,7;45;37;38;37;3,9;1,9;
2021/08/08;1600 UTC;0;933;934;933;2681,4;23;6;24,4;22;8,6;5,5;41;32;33;28;4,7;1,4;
2021/08/08;1700 UTC;0;932;933;932;2474,8;24;4,2;24,2;23;7,2;4,1;35;27;28;50;4,7;1,1;
2021/08/08;1800 UTC;0;931,3;932;931,3;1867;24,1;5,2;24,8;23,1;8,5;3,9;38;27;29;68;4,5;1,2;
2021/08/08;1900 UTC;0;931,2;931,3;931,1;1325,5;22,1;10,4;24,4;22,1;10,9;3,7;48;27;48;136;5;2,7;
2021/08/08;2000 UTC;0;931,7;931,7;931,2;565,3;19,3;10,2;22,2;19,3;11,1;9,5;56;48;56;146;7,1;3;
2021/08/08;2100 UTC;0;931,8;931,9;931,7;72,6;17,1;12,7;19,3;17,1;12,7;10,3;76;56;76;163;5,9;3,2;
2021/08/08;2200 UTC;0;932,2;932,2;931,8;;15,4;13,6;17,1;15,4;13,7;12,7;89;76;89;137;5,9;2,4;
2021/08/08;2300 UTC;0;932,3;932,4;932,1;;14,8;14,8;15,4;14,8;15,1;13,8;100;89;100;127;4,3;1;
2021/08/09;0000 UTC;0;932,8;932,8;932,3;;14,4;14,4;14,9;14,2;14,8;14,2;100;100;100;179;2,1;,5;
2021/08/09;0100 UTC;0;933,1;933,2;932,8;;14,3;14,3;14,5;14,1;14,5;14,1;100;100;100;39;1,3;,3;
2021/08/09;0200 UTC;0;933,3;933,3;933,1;;13,9;13,9;14,5;13,9;14,5;13,9;100;100;100;84;,7;,3;
2021/08/09;0300 UTC;0;933,1;933,4;933;;14,1;11,9;14,1;13,7;14;11,9;100;87;87;95;2;,7;
2021/08/09;0400 UTC;0;932,9;933,1;932,8;;14,9;9,8;15;13,9;11,9;9,8;87;71;71;81;1,9;,6;
2021/08/09;0500 UTC;0;932,6;932,9;932,6;;14,4;9;15,4;14,4;9,9;9;71;67;70;318;2,6;1,1;
2021/08/09;0600 UTC;0;932;932,6;932;;14,8;8,6;15,4;14,4;9;8,3;70;63;66;14;2,2;,8;
2021/08/09;0700 UTC;0;932;932,1;931,9;;14,4;8,7;15,3;14,4;9,1;8,6;70;66;69;308;2,8;,7;
2021/08/09;0800 UTC;0;932,1;932,1;931,8;;14,6;8,8;14,7;14;8,9;8,6;71;67;68;333;2,6;1,4;
2021/08/09;0900 UTC;0;932,5;932,6;932;;14,1;8,9;14,7;13,9;8,9;8,7;71;68;71;339;3,9;1,3;
2021/08/09;1000 UTC;0;933,4;933,4;932,5;7,8;14,1;8,7;14,4;14;8,9;8,6;71;68;70;340;2,8;1,2;
2021/08/09;1100 UTC;0;934,1;934,1;933,4;374,1;15,7;9;15,7;13,8;9;8,7;72;64;64;345;3;1,6;
2021/08/09;1200 UTC;0;934,3;934,4;934,1;1124;18,2;9,5;18,2;15,7;9,9;8,9;64;56;57;340;3,8;1,5;
2021/08/09;1300 UTC;0;934,6;934,7;934,3;1811,5;20,9;7,7;21,1;18,2;9,6;7,7;57;43;43;349;4,5;1,6;
2021/08/09;1400 UTC;0;934,2;934,6;934,2;2317,9;23,7;7,7;23,7;20,9;8,3;6,6;43;34;36;351;4,9;1,8;
2021/08/09;1500 UTC;0;933,4;934,2;933,3;2619,4;24,9;5,3;25,5;23,1;7,6;4,8;36;27;28;335;5,3;1,8;
2021/08/09;1600 UTC;0;932,4;933,4;932,4;2268;26,3;4;26,4;24,5;5,8;,2;29;20;24;325;5,4;1,3;
2021/08/09;1700 UTC;0;931,4;932,4;931,4;2460,9;25,2;-2,6;26,8;25,1;3,4;-4,5;23;13;16;163;5;1,9;
2021/08/09;1800 UTC;0;930,9;931,5;930,9;2077;26,4;,2;26,8;25,2;1,1;-3,1;20;15;18;338;4,5;1;
2021/08/09;1900 UTC;0;930,8;930,9;930,7;1362,5;25,4;,5;26,8;25,3;3,2;-,7;24;17;20;277;3,8;1;
2021/08/09;2000 UTC;0;930,7;930,8;930,7;655,1;23,8;1,3;26;23,8;3,6;-,1;25;19;23;45;2,8;,8;
2021/08/09;2100 UTC;0;930,8;930,9;930,7;69,4;21,5;1,6;24;21,4;1,7;-,3;27;20;27;101;2,4;,4;
2021/08/09;2200 UTC;0;931,2;931,2;930,8;;20;5,2;21,5;19,9;5,3;1,5;38;27;38;138;2,2;,9;
2021/08/09;2300 UTC;0;931,5;931,5;931,2;;18,6;6,8;20;18,5;7,1;5,2;46;38;46;115;1,5;,5;
2021/08/10;0000 UTC;0;931,7;931,7;931,5;;18,8;6,5;20,2;18,6;6,8;4,4;46;36;45;309;1,8;,6;
2021/08/10;0100 UTC;0;931,7;931,8;931,7;;17,7;4,3;19,1;17,3;6,4;4,3;45;38;41;28;1,5;,4;
2021/08/10;0200 UTC;0;931,7;931,8;931,7;;18,2;5,8;18,9;17,6;6,3;4,1;47;38;44;337;2,3;1,1;
2021/08/10;0300 UTC;0;931,5;931,8;931,5;;17,5;6,5;18,6;17,3;6,7;5,4;50;42;48;325;2,3;1,2;
2021/08/10;0400 UTC;0;931,1;931,5;931,1;;17,1;6,3;18;16,5;6,6;5,9;51;45;49;337;3,2;1,3;
2021/08/10;0500 UTC;0;930,7;931,1;930,7;;16,4;6,8;17,6;16,3;6,9;6,1;53;47;53;330;3,3;1,3;
2021/08/10;0600 UTC;0;930,3;930,7;930,3;;15,8;6,9;16,9;15,8;6,9;6,6;55;51;55;331;2,8;1,2;
2021/08/10;0700 UTC;0;930;930,3;930;;14,5;8,3;16,5;14,4;8,3;6,7;67;53;67;314;3,3;1;
2021/08/10;0800 UTC;0;930;930,1;929,9;;14,1;8,6;15;13,9;8,8;8,2;70;64;69;312;2,5;,8;
2021/08/10;0900 UTC;0;930,6;930,6;930;;13,5;9,3;14,5;13,3;9,3;8,3;76;66;76;310;2,3;,7;
2021/08/10;1000 UTC;0;931;931;930,6;8,4;12,9;10,1;13,5;12,8;10,1;9,3;83;76;83;309;1,4;,8;
2021/08/10;1100 UTC;0;931,5;931,5;931;375,7;15,7;9;15,7;12,9;10,2;9;83;65;65;332;1,8;1,3;
2021/08/10;1200 UTC;0;932;932;931,5;1116,8;18,6;9,3;18,6;15,7;9,3;8,5;65;54;55;349;3,1;1,5;
2021/08/10;1300 UTC;0;931,9;932;931,8;1826,4;22,1;6,6;22,1;18,6;9,4;6,1;55;36;37;339;4,6;2;
2021/08/10;1400 UTC;0;931,3;931,9;931,3;2361;24,6;5,7;24,6;22,1;6,9;4,9;37;28;30;338;5;2,1;
2021/08/10;1500 UTC;0;930,6;931,3;930,6;2613,8;26,8;3,9;27,3;24,4;6,2;3,1;30;22;23;325;6,6;2,1;
2021/08/10;1600 UTC;0;929,6;930,6;929,6;2677;28,3;,4;28,3;26,4;4,4;,4;24;16;16;313;6,3;2;
2021/08/10;1700 UTC;0;928,9;929,7;928,9;2488,9;28,2;-2,8;28,8;27,3;1,1;-3,2;18;12;13;336;7,6;2,9;
2021/08/10;1800 UTC;0;928,4;928,9;928,4;2070,8;27,9;-1,3;28,8;27,7;1,7;-4,8;18;11;15;323;6,8;2,5;
2021/08/10;1900 UTC;0;928,3;928,4;928,1;1483;27,5;,4;29,2;27,3;,4;-3,5;18;12;17;310;5,5;1,6;
2021/08/10;2000 UTC;0;928,3;928,3;928,2;703,3;25,1;-2,8;28,1;25,1;,1;-3,7;18;13;16;286;4,6;,8;
2021/08/10;2100 UTC;0;928,6;928,6;928,3;76,2;22,2;-1,3;25,1;22,2;-1,2;-2,9;21;15;21;36;2,7;,4;
2021/08/10;2200 UTC;0;928,8;928,8;928,6;;21,5;-,8;22,2;21,5;-,2;-1,1;23;21;23;55;1,4;,1;
2021/08/10;2300 UTC;0;929,3;929,3;928,8;;19,2;-,6;21,7;19,2;-,1;-1,1;26;22;26;153;2,3;,4;
2021/08/11;0000 UTC;0;929,6;929,6;929,3;;18,5;2,2;19,3;18,4;2,2;-,6;34;26;34;208;,8;,1;
2021/08/11;0100 UTC;0;929,6;929,6;929,5;;18;4,8;18,6;17,5;4,8;2;41;33;41;304;1,2;,9;
2021/08/11;0200 UTC;0;929,8;929,8;929,6;;16,9;7,2;18,1;16,7;7,2;4,8;53;41;53;321;1,2;,6;
2021/08/11;0300 UTC;0;929,6;929,9;929,6;;14,7;9;16,9;14,7;9,7;7;70;53;69;142;1,1;,7;
2021/08/11;0400 UTC;0;929,8;929,8;929,6;;14,2;10,4;14,7;14,1;10,7;9,6;79;69;78;144;2,7;1,6;
2021/08/11;0500 UTC;0;929,7;929,8;929,6;;12,4;12,4;14,6;12,4;12,5;8,8;100;68;100;170;4,4;2;
2021/08/11;0600 UTC;0;929,7;929,7;929,6;;12,8;12,8;13;12,4;13;12,5;100;100;100;157;4,4;2,3;
2021/08/11;0700 UTC;0;929,8;929,8;929,7;;13,1;13;13,1;12,8;13,1;12,9;100;100;100;166;5,2;2,5;
2021/08/11;0800 UTC;0;930,1;930,1;929,8;;13,2;13,2;13,3;13,1;13,3;13,1;100;100;100;172;5,2;1,7;
2021/08/11;0900 UTC;0;930,9;930,9;930,1;;13,6;13,5;13,6;13,1;13,5;13,1;100;99;99;165;4,7;2;
2021/08/11;1000 UTC;0;931,3;931,4;930,9;3,3;14;11,5;14;13,6;13,6;11,5;99;85;85;182;4,1;1,7;
2021/08/11;1100 UTC;0;931,7;931,7;931,3;95,8;14,2;11,7;14,3;14;11,9;11,3;86;83;85;147;4,1;2;
2021/08/11;1200 UTC;0;932,1;932,1;931,7;334,8;14,7;10,9;14,8;14,2;12;10,5;85;76;78;173;4,3;2,2;
2021/08/11;1300 UTC;0;932,6;932,7;932,1;563,1;15,5;11,2;15,7;14,6;11,5;11;81;75;75;157;5,1;2,4;
2021/08/11;1400 UTC;0;932,9;933;932,6;815,4;15,6;10,7;16;15,1;11,6;10,7;78;72;72;156;6,4;2,7;
2021/08/11;1500 UTC;0;932,9;933;932,8;948,6;15,3;11,6;16,2;15,1;11,7;10,3;79;71;79;170;6,4;3,5;
2021/08/11;1600 UTC;0;932,6;932,9;932,6;797,9;15,1;11,6;15,7;14,7;12;11;82;75;79;168;7;4;
2021/08/11;1700 UTC;0;931,9;932,6;931,9;1584,5;16;11;16,4;15,1;12,2;10,7;79;71;72;144;8,4;3,1;
2021/08/11;1800 UTC;0;931,8;932;931,8;860,5;14,7;12,1;16;14,4;12,2;10,8;86;72;84;162;6,9;3,1;
2021/08/11;1900 UTC;0;932,1;932,1;931,8;813,5;14,6;11,3;15,1;14,3;12;10,8;84;77;81;165;7,8;3,5;
2021/08/11;2000 UTC;0;932,5;932,5;932,1;371,8;13,9;12;14,6;13,8;13,1;11,1;95;80;88;159;7,6;3,1;
2021/08/11;2100 UTC;0;932,7;932,7;932,5;88;13,4;11,2;14;13,4;11,9;11,2;88;85;86;157;8;3;
2021/08/11;2200 UTC;0;932,8;932,8;932,6;;13,1;11,7;13,4;13,1;11,7;11,1;91;86;91;154;6,3;2,8;
2021/08/11;2300 UTC;0;933,3;933,3;932,8;;13,1;12,6;13,2;13;12,6;11,6;97;91;97;158;6,5;2,7;
2021/08/12;0000 UTC;0;933,9;933,9;933,3;;13;11,7;13,1;13;12,8;11,5;98;90;92;164;6,4;3,1;
2021/08/12;0100 UTC;0;933,8;934,1;933,8;;12,8;12,6;13;12,8;12,6;11,5;99;91;99;158;6,4;2;
2021/08/12;0200 UTC;,2;934,3;934,4;933,7;;12,4;12,4;12,8;12,4;12,7;12,4;100;99;100;192;6,4;1,7;
2021/08/12;0300 UTC;0;934;934,3;934;;12,2;12,2;12,4;12,2;12,4;12,2;100;100;100;158;5,1;2,2;
2021/08/12;0400 UTC;0;933,6;934,1;933,6;;12,3;12,3;12,3;12,2;12,3;12,2;100;100;100;160;4,8;2,4;
2021/08/12;0500 UTC;0;933,5;933,6;933,4;;12,4;12,4;12,5;12,2;12,4;12,2;100;100;100;174;4,8;2;
2021/08/12;0600 UTC;0;932,9;933,5;932,9;;12,3;12,3;12,5;12,3;12,4;12,3;100;100;100;155;5,2;2,2;
2021/08/12;0700 UTC;,4;932,8;932,9;932,6;;12,3;12,3;12,3;12,2;12,3;12,2;100;100;100;171;8,4;2,4;
2021/08/12;0800 UTC;0;932,4;932,8;932,2;;12,1;12,1;12,3;12,1;12,3;12,1;100;100;100;166;6,1;2,9;
2021/08/12;0900 UTC;0;932,9;932,9;932,4;;12,1;12,1;12,2;12,1;12,2;12,1;100;100;100;167;5,1;2,7;
2021/08/12;1000 UTC;0;933,4;933,4;932,8;6,2;11,9;11,9;12,1;11,9;12,1;11,9;100;100;100;168;6,4;2,4;
2021/08/12;1100 UTC;0;934,1;934,1;933,4;142,4;12,1;12,1;12,3;11,9;12,2;11,9;100;100;100;158;5;2,9;
2021/08/12;1200 UTC;0;934,6;934,6;934,1;373,5;12,8;11,9;12,9;12,1;12,6;11,9;100;94;94;166;6,2;3,4;
2021/08/12;1300 UTC;0;935;935;934,6;707;13,5;10,8;13,8;12,8;12,5;10,6;96;82;84;161;7,4;3,7;
2021/08/12;1400 UTC;0;934,9;935,1;934,9;877,7;13,7;10,4;14,1;13,5;11,2;10,3;84;79;80;172;7,5;4;
2021/08/12;1500 UTC;0;934,7;935;934,7;1346,8;14,8;10,2;15,2;13,7;11,1;9,9;80;73;74;148;7,5;2,6;
2021/08/12;1600 UTC;0;934;934,8;934;994;14,7;10,8;14,8;14;10,8;9,7;78;73;77;158;6,9;3,2;
2021/08/12;1700 UTC;0;933,4;934;933,4;947,8;14,4;10,1;14,8;14,1;10,7;9,8;79;73;75;168;7;3,6;
2021/08/12;1800 UTC;0;933,3;933,4;933,3;632,2;14,4;10,2;14,5;13,9;10,5;9,8;78;74;76;165;7,9;2,4;
2021/08/12;1900 UTC;0;933,3;933,3;933,2;628;13,7;10,2;14,4;13,7;10,6;9,9;79;76;79;166;8,5;3,7;
2021/08/12;2000 UTC;0;933,6;933,6;933,3;255,6;13,2;10,4;13,8;13,2;10,8;10,2;84;79;83;161;7,1;3;
2021/08/12;2100 UTC;0;933,6;933,7;933,6;39,3;12,4;10;13,3;12,4;10,5;10;86;83;85;161;8;3,3;
2021/08/12;2200 UTC;0;933,6;933,6;933,5;;12,1;11,1;12,4;12,1;11,2;10;94;85;94;159;8;3;
2021/08/12;2300 UTC;0;933,8;933,8;933,5;;12;12;12,1;12;12;11,1;100;94;100;161;6,5;2,6;
2021/08/13;0000 UTC;0;933,7;933,8;933,5;;12,1;12,1;12,1;11,9;12,1;11,9;100;100;100;162;5,8;2,2;
2021/08/13;0100 UTC;0;933,9;933,9;933,5;;12,3;12,3;12,3;12,1;12,3;12,1;100;100;100;170;4,3;1,6;
2021/08/13;0200 UTC;0;933,9;934;933,9;;12,7;12,7;12,7;12,3;12,7;12,3;100;100;100;158;4,1;2;
2021/08/13;0300 UTC;0;933,8;933,9;933,5;;13,7;13,7;13,7;12,7;13,7;12,7;100;100;100;151;5,3;2,4;
2021/08/13;0400 UTC;0;933,8;934,1;933,8;,3;12,9;12,9;13,7;12,9;13,7;12,9;100;100;100;166;5,3;2,4;
2021/08/13;0500 UTC;0;933,3;933,8;933,3;;12,7;12,7;12,9;12,7;12,9;12,7;100;100;100;156;5,9;2,7;
2021/08/13;0600 UTC;,2;932,9;933,3;932,9;;12,8;12,8;12,8;12,7;12,8;12,7;100;100;100;162;5,4;2,5;
2021/08/13;0700 UTC;0;932,8;932,9;932,7;;12,9;12,9;12,9;12,8;12,9;12,8;100;100;100;168;5,8;2,4;
2021/08/13;0800 UTC;0;932,7;932,8;932,5;;12,8;12,8;12,9;12,8;12,9;12,8;100;100;100;165;5,3;2,2;
2021/08/13;0900 UTC;0;932,9;932,9;932,7;;12,8;12,8;12,9;12,7;12,8;12,7;100;100;100;171;5,3;2;
2021/08/13;1000 UTC;0;933,4;933,4;932,8;2;13,1;13,1;13,1;12,8;13,1;12,8;100;100;100;159;5;1,4;
2021/08/13;1100 UTC;0;933,6;933,7;933,4;56,4;13,4;13,4;13,4;13,1;13,4;13,1;100;100;100;157;4;1,9;
2021/08/13;1200 UTC;,2;934,2;934,2;933,6;132,1;13,7;13,7;13,7;13,3;13,7;13,3;100;100;100;162;3,9;2,2;
2021/08/13;1300 UTC;0;934,5;934,5;934,2;201;14,2;14,2;14,3;13,7;14,3;13,7;100;100;100;127;6,2;2,4;
2021/08/13;1400 UTC;0;934,9;934,9;934,5;136;14;14;14,4;13,9;14,4;13,9;100;100;100;156;7,4;2,6;
2021/08/13;1500 UTC;0;934,4;934,9;934,4;186;13,8;13,8;14,1;13,6;14,1;13,6;100;100;100;142;8,3;3,1;
2021/08/13;1600 UTC;0;933,9;934,4;933,9;214;13,7;13,7;13,8;13,4;13,8;13,4;100;100;100;138;9,3;3,2;
2021/08/13;1700 UTC;0;933,1;933,9;933,1;288,7;14;14;14,1;13,7;14,1;13,7;100;100;100;126;8,6;3,7;
2021/08/13;1800 UTC;0;933,1;933,2;932,9;281;14;13,4;14,3;13,9;14,3;13;100;94;96;128;8,6;3,6;
2021/08/13;1900 UTC;0;933,2;933,3;933;135,7;13,1;13,1;14;13,1;14;13,1;100;96;100;132;8,1;4;
2021/08/13;2000 UTC;0;933,2;933,3;933,1;123,3;13,3;13,3;13,3;13,1;13,3;13;100;100;100;122;8,1;4;
2021/08/13;2100 UTC;,2;933,3;933,4;933,1;29,6;12,8;12,8;13,3;12,7;13,3;12,7;100;100;100;133;8,5;3,3;
2021/08/13;2200 UTC;0;933,7;933,8;933,4;;12,5;12,5;12,8;12,5;12,8;12,5;100;100;100;122;9,7;3,6;
2021/08/13;2300 UTC;0;934,3;934,3;933,7;;12,4;12,3;12,5;12,3;12,5;12,3;100;100;100;126;8,7;3,3;
2021/08/14;0000 UTC;0;934,4;934,6;934,3;;12,7;12,7;12,7;12,3;12,7;12,3;100;100;100;110;7,5;3,2;
2021/08/14;0100 UTC;0;934,2;934,4;934,2;;13,1;13,1;13,1;12,7;13,1;12,7;100;100;100;122;6,6;3,1;
2021/08/14;0200 UTC;0;934,2;934,2;933,9;;13;13;13,2;13;13,1;13;100;100;100;134;7,9;2,7;
2021/08/14;0300 UTC;0;933,6;934,2;933,6;;13;13;13;12,9;13;12,9;100;100;100;119;6,8;2,4;
2021/08/14;0400 UTC;0;933,5;933,8;933,5;;13;13;13,1;13;13,1;13;100;100;100;135;5,5;2,9;
2021/08/14;0500 UTC;0;933,4;933,5;933;;13,1;13,1;13,1;12,9;13,1;12,9;100;100;100;135;5,7;2,6;
2021/08/14;0600 UTC;0;932,7;933,4;932,6;;12,9;12,9;13,1;12,8;13,1;12,8;100;100;100;117;7,7;2,3;
2021/08/14;0700 UTC;0;932,3;932,7;932,3;;12,8;12,8;12,9;12,7;12,9;12,7;100;100;100;113;5;1,8;
2021/08/14;0800 UTC;0;932,5;932,6;932,3;;13,1;13,1;13,1;12,8;13,1;12,8;100;100;100;128;5;2,1;
2021/08/14;0900 UTC;0;932,9;932,9;932,5;;13;13;13,1;13;13,1;13;100;100;100;130;6,3;2,7;
2021/08/14;1000 UTC;0;933;933,2;932,9;5,2;13,2;13,2;13,2;13;13,2;13;100;100;100;116;5,6;2,7;
2021/08/14;1100 UTC;0;933,1;933,4;932,9;119,8;13,7;13,7;13,7;13,2;13,7;13,2;100;100;100;119;5,9;2,4;
2021/08/14;1200 UTC;0;933,4;933,6;933,1;400;14,4;12,7;14,6;13,6;14,2;12,7;100;89;90;123;5,9;1,9;
2021/08/14;1300 UTC;0;934,2;934,2;933,3;538;15,3;12,7;15,3;14,4;13,3;12;90;82;85;162;3,9;1,4;
2021/08/14;1400 UTC;0;933,8;934,2;933,8;454,9;15;12,7;15,5;15;13,4;12,2;89;83;86;136;4,4;2,3;
2021/08/14;1500 UTC;0;933,2;933,8;933,1;660,2;15;13,1;15,6;14,7;14,2;12,8;95;86;88;131;5,4;2,3;
2021/08/14;1600 UTC;0;932,4;933,4;932,4;558,6;15,2;12,8;15,4;14,7;14;12,7;95;85;86;131;5,1;2,3;
2021/08/14;1700 UTC;0;931,5;932,4;931,5;1569,1;16,5;13;17,2;15,3;13,8;12,6;86;76;80;107;4,6;1,5;
2021/08/14;1800 UTC;0;931,3;931,6;931,2;1642,3;17,8;12,7;18,2;16,5;13,8;12,5;81;71;72;165;4,1;1,9;
2021/08/14;1900 UTC;0;931,1;931,3;931,1;1308,5;18,2;12,7;18,4;17,6;13,4;12,4;74;69;70;156;4,5;2,4;
2021/08/14;2000 UTC;0;931,7;931,7;931,2;547,3;16,5;12,7;18,2;16,3;13,5;12,2;82;69;78;164;6,3;3,1;
2021/08/14;2100 UTC;0;931,9;931,9;931,7;102;14,8;12,8;16,5;14,8;12,8;11,7;88;77;88;129;6,4;2,6;
2021/08/14;2200 UTC;0;932;932;931,8;;14,6;14,6;14,8;14,6;14,7;12,8;100;88;100;121;4,6;1,8;
2021/08/14;2300 UTC;0;932,3;932,3;932;;14,4;14,4;14,7;14,4;14,7;14,4;100;100;100;134;4,9;2,1;
2021/08/15;0000 UTC;0;932,4;932,4;932,3;;14,2;14,2;14,4;14,2;14,4;14,2;100;100;100;121;5,1;1,7;
2021/08/15;0100 UTC;0;932,5;932,5;932,3;;14,1;14,1;14,3;14,1;14,2;14,1;100;100;100;127;4,3;1,1;
2021/08/15;0200 UTC;0;932,6;932,7;932,4;;13,9;13,9;14,2;13,8;14,2;13,8;100;100;100;131;3,8;1,5;
2021/08/15;0300 UTC;0;932,2;932,6;932,1;;14;14;14;13,9;14;13,9;100;100;100;150;3,1;,8;
2021/08/15;0400 UTC;0;931,8;932,2;931,8;;14;14;14,1;13,9;14,1;13,9;100;100;100;133;2,4;1,2;
2021/08/15;0500 UTC;0;931,1;931,8;931,1;;14;14;14,1;13,9;14,1;13,9;100;100;100;116;2,3;1,1;
2021/08/15;0600 UTC;0;930,8;931,1;930,8;;14,1;14,1;14,2;14;14,1;14;100;100;100;119;2,6;1,1;
2021/08/15;0700 UTC;0;930,5;930,9;930,5;;14,2;14,1;14,2;14,1;14,2;14,1;100;100;100;122;2,8;,9;
2021/08/15;0800 UTC;0;930;930,6;930;;14,2;14,2;14,2;14,1;14,2;14,1;100;100;100;103;2,5;1,2;
2021/08/15;0900 UTC;0;930,3;930,3;930;;14,3;14,1;14,3;14,2;14,2;14,1;100;99;99;79;2,8;1;
2021/08/15;1000 UTC;0;930,5;930,6;930,2;7,2;14,2;14,1;14,3;14,1;14,1;13,9;100;97;99;66;3,7;1,1;
2021/08/15;1100 UTC;0;931;931;930,5;129,1;15;13,3;15;14,2;14,3;13,1;99;89;89;64;3,7;1,1;
2021/08/15;1200 UTC;0;931,2;931,2;930,9;563,1;16,2;13,2;16,2;15;13,4;13;89;82;82;52;5;1,7;
2021/08/15;1300 UTC;0;931,1;931,2;930,9;1216,7;17,7;13;17,8;16,2;13,5;12,8;83;74;74;80;5,1;1,5;
2021/08/15;1400 UTC;0;930,5;931,1;930,5;1856,7;19,7;13;19,7;17,5;13,5;12,5;76;64;65;67;4,5;1,4;
2021/08/15;1500 UTC;0;929,7;930,5;929,7;2368,4;20,8;12,2;21,1;19,4;13,5;12;67;57;58;103;3,9;1,5;
2021/08/15;1600 UTC;0;928,7;929,7;928,7;2645,5;22,9;12,4;23;20,8;13,2;11,4;60;49;52;79;3,7;1,2;
2021/08/15;1700 UTC;0;927,7;928,7;927,7;2472;24;10,5;24,2;22,7;12,4;9,9;52;40;43;136;3,4;1,4;
2021/08/15;1800 UTC;0;927,4;927,7;927,4;2041,2;24,4;11,1;24,9;23,9;11,7;9,1;45;38;43;138;3,8;2,1;
2021/08/15;1900 UTC;0;927,4;927,4;927,2;1397,7;19,2;15;24,6;19,2;15,6;11,3;77;43;77;157;7,3;4,2;
2021/08/15;2000 UTC;0;927,8;927,8;927,4;719,7;17,3;15,1;19,3;17,1;15,6;14,7;90;77;87;153;7,7;2,9;
2021/08/15;2100 UTC;0;928,3;928,3;927,8;83,5;16,4;16,4;17,3;16,4;16,7;14,9;100;87;100;182;5,9;2,1;
2021/08/15;2200 UTC;0;928,6;928,6;928,3;;15,8;15,8;16,4;15,8;16,4;15,8;100;100;100;155;4;1,8;
2021/08/15;2300 UTC;0;929,1;929,1;928,6;;15,5;15,5;15,9;15,4;15,9;15,4;100;100;100;138;4;1,6;
2021/08/16;0000 UTC;0;929,3;929,3;929,1;;15,1;15,1;15,5;15,1;15,5;15,1;100;100;100;102;3,3;1,4;
2021/08/16;0100 UTC;0;929,3;929,4;929,3;;14,9;14,9;15,1;14,8;15,1;14,8;100;100;100;62;2,7;,4;
2021/08/16;0200 UTC;0;929,6;929,6;929,3;;14,9;14,9;15,1;14,8;15,1;14,8;100;100;100;133;1,4;,7;
2021/08/16;0300 UTC;0;929,4;929,7;929,4;;15;15;15,1;14,9;15,1;14,9;100;100;100;159;2,8;1,4;
2021/08/16;0400 UTC;0;928,8;929,4;928,8;;14,7;14,7;15;14,7;15;14,7;100;100;100;92;2,9;,7;
2021/08/16;0500 UTC;0;928,3;928,8;928,3;;14,6;14,6;14,7;14,6;14,7;14,6;100;100;100;46;1,3;,3;
2021/08/16;0600 UTC;0;927,8;928,3;927,8;;14,1;14;14,6;13,9;14,6;13,9;100;100;100;265;1,2;,3;
2021/08/16;0700 UTC;0;927,5;927,8;927,5;;14,9;14,9;15;14,1;14,9;14,1;100;100;100;13;2,9;,9;
2021/08/16;0800 UTC;0;927,8;927,9;927,5;;14,9;14,9;15,2;14,9;15,1;14,9;100;100;100;124;3,7;,7;
2021/08/16;0900 UTC;0;928,1;928,2;927,8;;14,6;14,6;14,9;14,6;14,9;14,6;100;100;100;119;1,3;,5;
2021/08/16;1000 UTC;0;928,3;928,4;928,1;13,5;14,7;14,6;15,2;14,6;15,1;14,6;100;100;100;78;3,3;,7;
2021/08/16;1100 UTC;0;928,8;928,8;928,2;328,1;16;16;16;14,7;16;14,7;100;100;100;89;4,1;1,5;
2021/08/16;1200 UTC;0;929,1;929,1;928,7;714,9;17,9;14,8;18,2;16;16,5;14,7;100;81;82;49;3,5;1,5;
2021/08/16;1300 UTC;0;929,2;929,2;929,1;997,5;19,5;14,6;19,6;17,7;15,2;14,2;84;72;73;64;4;2;
2021/08/16;1400 UTC;0;930;930,2;929,2;948,5;20,6;14,3;20,6;19,4;14,9;13,8;75;66;67;56;4;,4;
2021/08/16;1500 UTC;0;930,2;930,2;929,3;821,1;15,3;15,3;20,8;15,3;16;14,3;100;66;100;163;10,1;5,3;
2021/08/16;1600 UTC;0;930,1;930,7;929,8;451,4;16,8;13,7;17,1;15,2;16;13,6;100;81;82;149;9,5;2,3;
2021/08/16;1700 UTC;1,6;930,5;931;929,8;559,3;16,3;13,8;17,9;16,3;14,2;12,1;86;70;85;198;8,1;2,2;
2021/08/16;1800 UTC;1,6;929,9;931;929,5;477,9;16;12,8;16,4;15,6;14;12,6;88;80;81;169;9,2;3,7;
2021/08/16;1900 UTC;,2;929,5;930,4;929,3;664,2;15,8;12,7;17;15,8;13,4;11,6;84;73;82;50;7,4;1,1;
2021/08/16;2000 UTC;0;929,3;929,9;928,9;261,8;16,3;12,6;16,3;15,8;13,2;12,1;84;76;79;135;6;2;
2021/08/16;2100 UTC;0;929,8;929,8;929,1;153,2;15,8;11,9;16,3;15,7;13,1;11,6;82;75;78;26;4,5;1,2;
2021/08/16;2200 UTC;0;929,9;930;929,7;;15,7;11,2;15,9;15,4;12,3;11,2;80;74;75;38;4,7;1,7;
2021/08/16;2300 UTC;0;930;930,1;929,9;;15,9;11;16,3;15,7;11,3;10,9;75;70;73;36;4,7;1,7;
2021/08/17;0000 UTC;0;930,2;930,3;930;;15,7;11,5;16,2;15,6;11,6;11,1;77;72;76;14;4,2;1,5;
2021/08/17;0100 UTC;0;930,3;930,3;930,2;;15,6;11,1;15,9;15,3;11,5;11,1;77;74;75;24;5,4;1,8;
2021/08/17;0200 UTC;0;930,3;930,4;930,2;;15,6;10,3;15,6;15,1;11,2;10,3;76;71;71;26;5,2;1,5;
2021/08/17;0300 UTC;0;930;930,3;930;;15,4;10,1;15,8;15,3;10,5;10,1;73;69;70;56;4,4;1;
2021/08/17;0400 UTC;0;929,6;930,1;929,6;;14,9;10,3;15,6;14,9;10,4;10;74;70;74;10;4,1;1;
2021/08/17;0500 UTC;0;929,4;929,7;929,4;;14,7;10,5;15;14,5;10,6;10,2;76;73;76;2;3,5;1,1;
2021/08/17;0600 UTC;0;928,9;929,5;928,9;;14,2;11,1;14,7;14,1;11,2;10,4;82;76;82;33;4;1,1;
2021/08/17;0700 UTC;0;928,9;928,9;928,8;;14;11,4;14,5;13,8;11,5;11,1;85;81;84;349;3,2;1,5;
2021/08/17;0800 UTC;0;928,9;929;928,7;;13,9;11,5;14,2;13,8;11,7;11,4;86;84;85;358;3,7;1,4;
2021/08/17;0900 UTC;0;929,6;929,6;928,9;;13,7;11,5;14,1;13,7;11,6;11,4;86;84;86;339;2,9;1,5;
2021/08/17;1000 UTC;0;930,1;930,1;929,6;16,2;14;11,6;14;13,6;11,8;11,5;88;85;86;347;3,4;1,3;
2021/08/17;1100 UTC;0;930,9;930,9;930,1;389,4;15,6;11;15,7;13,9;11,8;10,9;87;74;74;338;3,3;1,4;
2021/08/17;1200 UTC;0;931,6;931,6;930,9;1177,1;18,1;10,6;18,4;15,6;11,6;10,5;74;61;62;21;4,4;1,6;
2021/08/17;1300 UTC;0;931,9;931,9;931,6;1829,8;20,3;10,7;20,4;17,9;12,7;10;65;53;54;346;4,4;1,4;
2021/08/17;1400 UTC;0;931,5;931,9;931,5;2325,1;23;10,4;23,2;20,3;11,7;10,2;56;45;45;35;4;1,8;
2021/08/17;1500 UTC;0;931;931,5;931;2606,2;25,6;10,1;26;23;11,7;9,7;47;36;38;40;4,8;1,8;
2021/08/17;1600 UTC;0;930,5;931,1;930,5;2639,7;27,4;9,3;27,5;25,4;10,8;8,7;39;32;32;40;5,1;1,9;
2021/08/17;1700 UTC;0;929,8;930,4;929,8;2438,9;28,8;7,8;29,2;27,3;10,1;6,9;34;25;27;337;4,3;2,2;
2021/08/17;1800 UTC;0;929,5;929,8;929,5;1997,4;29;8;29,9;28,7;9,7;6,3;30;24;27;10;4,5;1,5;
2021/08/17;1900 UTC;0;929,3;929,5;929,3;1397,7;28,5;8,7;29,6;28,4;10,7;7,2;32;25;29;94;3,3;1,1;
2021/08/17;2000 UTC;0;929,5;929,5;929,3;668,6;27,3;9;28,5;27,3;9,8;7,4;33;27;32;115;2,6;,9;
2021/08/17;2100 UTC;0;930;930;929,5;73,5;24,5;9,9;27,3;24,5;9,9;8,6;40;31;40;146;2;,8;
2021/08/17;2200 UTC;0;930,4;930,4;930;;22;13,2;24,5;22;13,2;9,9;58;40;58;156;2,8;1,3;
2021/08/17;2300 UTC;0;931;931;930,4;;20,3;13,3;22;20,3;13,4;13,2;64;58;64;158;2,6;,9;
2021/08/18;0000 UTC;0;931,4;931,4;931;;19,2;13,4;20,4;19,1;13,5;13,1;69;64;69;188;1,6;,6;
2021/08/18;0100 UTC;0;931,7;931,7;931,4;;19,3;13,9;19,3;18,7;14;13,3;74;69;71;292;1,1;,5;
2021/08/18;0200 UTC;0;932;932;931,7;;18,8;14,2;19,5;18,5;14,3;13,8;76;70;75;300;1,8;,7;
2021/08/18;0300 UTC;0;931,9;932,1;931,8;;17,7;14;18,8;17,6;14,3;13,6;79;74;79;168;1,4;,3;
2021/08/18;0400 UTC;0;931,8;931,9;931,8;;19,4;12,9;20,3;17,7;14;12,5;79;61;66;330;2,1;,9;
2021/08/18;0500 UTC;0;931,6;931,8;931,6;;19,2;12,8;19,7;19;13,1;12,7;68;64;66;2;2,3;1;
2021/08/18;0600 UTC;0;931,2;931,6;931,2;;18,5;12,5;19,3;18,4;12,9;12,5;70;66;68;348;2,7;1,3;
2021/08/18;0700 UTC;0;931,3;931,3;931,1;;17,8;12,6;18,5;17,7;12,8;12,5;72;68;71;342;2,7;1,4;
2021/08/18;0800 UTC;0;931,3;931,3;931,3;;17,9;12,7;17,9;17,2;12,8;12,6;75;71;71;1;2,9;1,2;
2021/08/18;0900 UTC;0;931,8;931,8;931,3;;16,4;12,9;18;16,4;12,9;12,5;80;71;80;305;2,2;1,1;
2021/08/18;1000 UTC;0;932,3;932,3;931,8;17,4;16,3;13,6;16,4;15,8;13,6;12,9;85;80;84;327;2,1;1,1;
2021/08/18;1100 UTC;0;932,9;932,9;932,3;416,1;18,7;13,4;18,7;16,3;13,6;13,3;84;71;71;339;2,8;1,6;
2021/08/18;1200 UTC;0;933,5;933,5;932,8;1186,1;21,9;13,5;22,1;18,7;14,1;13,1;71;58;59;51;3,4;1;
2021/08/18;1300 UTC;0;933,4;933,6;933,4;1875,5;24,4;12,6;24,5;22;14,1;12,6;61;48;48;39;3,3;1,5;
2021/08/18;1400 UTC;0;932,9;933,4;932,9;2383,2;26,8;11,5;26,8;24,2;13,4;10,7;51;37;39;22;3,5;1,3;
2021/08/18;1500 UTC;0;932,2;932,9;932,2;2678;29,3;8,9;29,4;26,7;11,8;8,4;38;27;28;358;3,5;1,2;
2021/08/18;1600 UTC;0;931,5;932,2;931,5;2753,3;29,2;6,3;29,4;28,7;10,1;4,9;30;22;24;141;3,6;1,7;
2021/08/18;1700 UTC;0;930,6;931,5;930,6;2556,5;29,8;4,4;29,8;29;7,3;3,3;26;19;20;104;3,6;1,8;
2021/08/18;1800 UTC;0;930;930,6;930;2097,7;29,5;5;30;29,3;6,2;3,6;23;19;21;112;4,1;1,8;
2021/08/18;1900 UTC;0;930,2;930,2;930;1424,7;29,3;5,9;29,7;29,3;6,7;3,4;24;19;23;108;3,5;1,4;
2021/08/18;2000 UTC;0;930,5;930,5;930,1;663,4;26,9;9,9;29,4;26,9;9,9;4,3;34;21;34;133;6;1,8;
2021/08/18;2100 UTC;0;930,7;930,7;930,5;80,5;24,8;10;26,9;24,8;10,7;9,8;39;34;39;152;4,6;1,1;
2021/08/18;2200 UTC;0;930,9;930,9;930,7;;22,6;11;24,8;22,6;11;10;48;39;48;139;2,5;,9;
2021/08/18;2300 UTC;0;930,9;930,9;930,8;;21,8;10,1;23,3;21,8;12,1;9,8;53;43;47;189;2,1;,3;
2021/08/19;0000 UTC;0;931,2;931,2;930,9;;20,9;11,5;22;20,5;11,7;9,2;55;45;55;159;1,1;,5;
2021/08/19;0100 UTC;0;931,4;931,4;931,1;;19,8;11,8;21;19,8;12,2;10,8;60;54;60;71;1,1;,3;
2021/08/19;0200 UTC;0;931,6;931,6;931,4;;18,1;13,6;20,2;18,1;13,8;10,7;75;55;75;148;2;,7;
2021/08/19;0300 UTC;0;931,3;931,6;931,2;;17,7;13,2;18,1;17,6;14;13,2;79;75;75;185;1,8;,6;
2021/08/19;0400 UTC;0;931;931,3;931;;17,3;13,3;17,7;16,8;14;12,9;83;75;77;170;1,1;,6;
2021/08/19;0500 UTC;0;930,5;931;930,5;;18,4;12,1;18,5;17,1;13,2;11,9;78;66;67;54;2,9;,7;
2021/08/19;0600 UTC;0;930,2;930,5;930,2;;17,8;13,1;18,5;17,4;13,2;12,3;76;67;74;37;1,8;,6;
2021/08/19;0700 UTC;0;930,2;930,3;930,1;;17,3;12,9;18,4;17,3;13,1;12,7;75;70;75;322;1,5;1;
2021/08/19;0800 UTC;0;930,1;930,2;929,9;;16,5;13;17,6;16,5;13,9;12,8;82;75;80;317;2,4;1,3;
2021/08/19;0900 UTC;0;930,4;930,4;930,1;;16,2;13,2;17,5;16,2;14;13;82;79;82;307;2,6;1,1;
2021/08/19;1000 UTC;0;931;931;930,4;18,3;15,9;13,3;16,2;15,7;13,6;13,2;87;82;85;300;2,1;,9;
2021/08/19;1100 UTC;0;931,2;931,2;931;440,7;18,1;13,2;18,1;15,8;13,5;13;86;73;73;335;2,5;1,8;
2021/08/19;1200 UTC;0;931,6;931,6;931,2;1226,5;21,2;11,9;21,2;18,1;14,1;11,7;73;55;56;329;4,5;2,3;
2021/08/19;1300 UTC;0;931,7;931,8;931,6;1924,7;24,1;10,5;24,1;21;11,7;10,1;56;41;42;344;5,7;1,9;
2021/08/19;1400 UTC;0;931,1;931,7;931,1;2446,6;26,7;8,2;26,9;23,6;10,2;7,9;42;31;31;335;5;2,1;
2021/08/19;1500 UTC;0;930,1;931,1;930,1;2783,1;28,5;5,3;28,7;26,4;9,5;5,3;33;23;23;324;4,5;1,8;
2021/08/19;1600 UTC;0;929;930,1;929;2872,8;29,8;2;29,9;28,3;6,6;-,3;26;15;17;301;4,5;1,5;
2021/08/19;1700 UTC;0;928;929;928;2655,4;30,3;-1;30,5;29,2;4;-2,1;20;12;13;289;4,5;1,2;
2021/08/19;1800 UTC;0;927,1;928;927,1;2185,1;29,7;-1,7;31;29,5;1,6;-2,9;17;12;13;197;2,5;1;
2021/08/19;1900 UTC;0;926,7;927,1;926,7;1502,6;30,2;,2;30,8;29,6;2;-1,8;17;12;15;67;3,3;,9;
2021/08/19;2000 UTC;0;926,7;926,7;926,5;724,2;27,2;6,4;30,6;27,2;6,4;-2,7;27;12;27;121;3,7;1,3;
2021/08/19;2100 UTC;0;927;927;926,7;71,2;24,3;9,6;27,2;24,3;9,6;6,7;39;27;39;173;3,7;1,5;
2021/08/19;2200 UTC;0;927,3;927,3;927;;22,1;8,6;24,3;22,1;10;8,5;44;39;42;146;2,6;1,2;
2021/08/19;2300 UTC;0;927,7;927,7;927,3;;20,2;8,2;22,4;20,2;8,6;7,4;46;39;46;178;1,8;,9;
2021/08/20;0000 UTC;0;928,1;928,1;927,7;;19,2;7,5;21,3;19,2;9;7,1;47;44;47;142;1,6;,6;
2021/08/20;0100 UTC;0;928,3;928,4;928,1;;18,7;10,2;19,3;18,4;11,3;7,5;63;47;58;246;1,8;,5;
2021/08/20;0200 UTC;0;928,6;928,6;928,3;;18;10,5;19,5;17,8;11,1;10;64;56;62;142;1,8;,2;
2021/08/20;0300 UTC;0;928,5;928,6;928,5;;20,8;8,7;21,1;17,6;10,7;8,5;64;45;46;359;2,4;1,1;
2021/08/20;0400 UTC;0;928,4;928,5;928,4;;19,8;10;20,8;19,6;10;8,8;54;46;53;341;3;1,4;
2021/08/20;0500 UTC;0;928,2;928,4;928,2;;19,6;10,4;20;19,3;10,4;9,9;55;52;55;1;3,9;1,4;
2021/08/20;0600 UTC;0;928,1;928,3;928,1;;18,6;11,2;19,6;18,2;11,2;10,4;62;55;62;18;3,6;1,3;
2021/08/20;0700 UTC;0;928,1;928,1;928;;17,7;11,6;18,6;17,6;11,7;11,2;68;62;68;331;3,3;1,1;
2021/08/20;0800 UTC;0;928;928,1;927,9;;16,2;11,7;17,9;16,2;11,7;11,4;75;66;75;319;2,3;1,3;
2021/08/20;0900 UTC;0;928,5;928,5;928;;15,7;11,8;16,3;15,7;12;11,7;78;75;77;316;2,2;,8;
2021/08/20;1000 UTC;0;929,1;929,1;928,5;18,1;15,6;11,1;15,9;15,6;11,9;10,8;78;72;75;313;2;,8;
2021/08/20;1100 UTC;0;929,7;929,7;929,1;445,9;18,9;8,7;18,9;15,6;11,2;8,6;75;52;52;321;3,1;1,5;
2021/08/20;1200 UTC;0;930,3;930,3;929,7;1250,9;22,8;8,7;22,8;18,9;9,9;8,5;52;40;40;321;4,3;1,8;
2021/08/20;1300 UTC;0;930,6;930,6;930,3;1976,1;25,1;6,9;25,4;22,6;8,4;6,9;40;31;31;321;8;2,9;
2021/08/20;1400 UTC;0;930,3;930,6;930,3;2470,3;26,6;5,9;27,1;24,8;8,2;5,3;33;26;27;332;7,7;3,6;
2021/08/20;1500 UTC;0;929,6;930,3;929,6;2759,7;28,8;6;29,2;26,5;7,7;4,4;28;22;24;310;7,6;1,9;
2021/08/20;1600 UTC;0;928,7;929,6;928,7;2797,2;30,1;4,6;30,2;28,4;7,2;4;25;20;20;293;6,6;2,1;
2021/08/20;1700 UTC;0;927,7;928,7;927,7;2595,5;29,9;2,2;30,3;29,5;6,1;2,2;22;17;17;289;6,6;1,7;
2021/08/20;1800 UTC;0;927,1;927,7;927,1;2147,8;29,3;,1;30,2;28,5;3,8;0;19;15;15;290;5,1;1,4;
2021/08/20;1900 UTC;0;926,7;927,1;926,7;1499,1;28,6;,4;29,8;28,4;3;-,7;21;15;16;224;4,3;1,4;
2021/08/20;2000 UTC;0;927;927;926,7;694,2;27,2;2,4;29,3;27,2;2,8;-,5;21;15;20;246;3,5;,9;
2021/08/20;2100 UTC;0;927,3;927,3;926,9;83,4;24;2,5;27,2;24;2,9;,9;24;18;24;164;2,3;,7;
2021/08/20;2200 UTC;0;928,1;928,1;927,3;;22,4;9,5;24,2;22,4;9,5;2,8;44;24;44;143;3,2;1,3;
2021/08/20;2300 UTC;0;928,7;928,7;928,1;;21;10,1;22,5;21;10,1;9,5;50;44;50;145;2,1;1,1;
2021/08/21;0000 UTC;0;929,4;929,4;928,7;;20,3;10,5;21,6;20,3;10,7;10,1;53;49;53;172;1,4;,7;
2021/08/21;0100 UTC;0;929,8;929,8;929,4;;20,1;11;20,3;19,6;11;10,5;57;53;56;305;1,2;,4;
2021/08/21;0200 UTC;0;930,3;930,3;929,8;;18,3;11,3;20,2;18,3;11,7;11;64;56;64;142;1,1;,4;
2021/08/21;0300 UTC;0;930,3;930,4;930,3;;17,4;14,3;18,3;17,4;14,7;11,2;83;64;82;328;2,5;,5;
2021/08/21;0400 UTC;0;929,9;930,4;929,9;;17;12,5;18;17;14,5;12,5;83;73;75;72;1;,3;
2021/08/21;0500 UTC;0;929,6;929,9;929,5;;16,2;13,4;17,6;16,2;13,6;12,1;84;72;83;155;1,9;1,1;
2021/08/21;0600 UTC;0;929,4;929,6;929,4;;15,6;14,7;16,4;15,5;15,4;12,8;97;80;94;129;2,5;1;
2021/08/21;0700 UTC;0;929;929,4;929;;16;12,6;16,3;15,5;15,6;12,6;99;79;80;294;1,4;,6;
2021/08/21;0800 UTC;0;929,4;929,4;929;;15,1;12;16;15,1;12,6;11,8;82;78;82;136;1,4;,6;
2021/08/21;0900 UTC;0;930,2;930,2;929,4;;14,3;11,6;15,3;14,1;12,1;11,4;85;79;83;133;1,6;,9;
2021/08/21;1000 UTC;0;931,3;931,3;930,2;20,5;15,1;11;15,1;13,9;11,7;10,9;85;77;77;164;2,5;1,5;
2021/08/21;1100 UTC;0;931,8;931,9;931,3;397,6;17,2;12,6;17,2;15,1;12,6;11;77;72;74;103;2,5;,9;
2021/08/21;1200 UTC;0;932,2;932,2;931,8;1154,7;19,4;12,3;19,4;17,1;12,9;11,7;74;63;64;217;2,6;1,2;
2021/08/21;1300 UTC;0;932,3;932,5;932,2;1837,4;21,5;11,8;21,5;19,4;12,5;11,2;64;54;54;128;2,9;1,6;
2021/08/21;1400 UTC;0;931,9;932,4;931,9;2347,1;22,3;12,7;22,7;21,3;13,1;10,9;58;49;54;98;3,5;2,2;
2021/08/21;1500 UTC;0;931;931,9;931;2651,3;24;11,6;24,3;22,3;12,7;10,9;54;44;46;166;3,5;1,4;
2021/08/21;1600 UTC;0;929,9;931;929,9;2723,7;26,2;10,1;26,4;24,1;11,8;9,4;45;35;36;159;2,9;1,2;
2021/08/21;1700 UTC;0;929;929,9;929;2464,9;27,5;7,3;27,5;26,2;11,2;6;39;25;28;103;4,2;2,1;
2021/08/21;1800 UTC;0;928,3;929;928,3;1902,2;27,1;-1,3;27,6;26,8;7,3;-4,3;28;12;16;153;6,1;3,7;
2021/08/21;1900 UTC;0;928,1;928,3;928;1376,4;25,4;7,3;27,5;25,4;11;-3,9;40;13;32;120;6,8;2,9;
2021/08/21;2000 UTC;0;928,2;928,3;928;635,1;23,3;8,9;25,4;23,3;10,4;6,8;42;30;40;151;6,8;2,3;
2021/08/21;2100 UTC;0;928,1;928,3;928;84,1;21;9,2;23,3;21;9,8;9,1;47;40;47;149;4,1;1,2;
2021/08/21;2200 UTC;0;928,3;928,3;928,1;;20;8,2;21,2;20;9,3;8,2;50;45;46;158;2,6;1,1;
2021/08/21;2300 UTC;0;928,8;928,8;928,3;;20,1;6,5;20,6;19,4;8,1;5,2;46;37;41;130;2,1;,9;
2021/08/22;0000 UTC;0;929,3;929,4;928,8;;18,1;8,7;20,1;18;8,7;6,4;54;41;54;177;2;,9;
2021/08/22;0100 UTC;0;929,4;929,4;929,2;;17,2;10,7;18,2;17,1;10,7;8,7;66;54;66;151;2,9;1,5;
2021/08/22;0200 UTC;0;929,6;929,7;929,4;;16,4;11,6;17,3;16,4;11,7;10,6;73;65;73;150;2,2;,8;
2021/08/22;0300 UTC;0;929,4;929,7;929,3;;15,7;13,2;16,4;15,5;13,2;11,5;85;73;85;121;1,7;,6;
2021/08/22;0400 UTC;0;928,8;929,4;928,8;;15,2;13,1;15,8;15;13,3;12,5;88;83;87;147;1,3;,6;
2021/08/22;0500 UTC;0;928,2;928,8;928,2;;17,3;5,7;17,5;15,2;13,3;5,7;87;47;47;62;2,2;,8;
2021/08/22;0600 UTC;0;927,8;928,2;927,8;;17,8;3,5;18,8;17,3;5,9;3,5;47;37;39;333;3,5;1,5;
2021/08/22;0700 UTC;0;927,4;927,8;927,4;;18,5;2,4;18,8;17,6;4;2,3;41;34;34;12;3,1;1,4;
2021/08/22;0800 UTC;0;927,5;927,5;927,2;;17,9;3;18,7;17,6;3;2,1;38;33;37;17;4,1;1,5;
2021/08/22;0900 UTC;0;927,8;927,8;927,5;;17,4;3,3;18;17;3,7;3;40;37;39;24;4,1;1,3;
2021/08/22;1000 UTC;0;928,1;928,1;927,8;22,3;16,6;4,4;17,4;16,2;4,5;3,3;46;39;44;335;2,7;1,4;
2021/08/22;1100 UTC;0;928,3;928,3;928,1;482;19;5,1;19,2;16,6;5,6;4,2;44;40;40;17;3,6;1,5;
2021/08/22;1200 UTC;0;928,8;928,8;928,3;1301,1;22;6,2;22;19;6,8;5;42;35;36;32;4,9;1,7;
2021/08/22;1300 UTC;0;929,1;929,1;928,8;2012,1;24,5;5,1;24,7;22;6,8;4,9;37;28;29;30;4,9;1,6;
2021/08/22;1400 UTC;0;928,7;929,1;928,7;2514,6;26,3;4,5;26,3;24,5;5,8;3,8;30;24;25;7;6,6;2,7;
2021/08/22;1500 UTC;0;928,1;928,7;928;2802,1;28,6;2,2;28,6;26,1;5,3;,9;25;17;18;321;8,5;3,2;
2021/08/22;1600 UTC;0;927,3;928,1;927,3;2843;28,6;2;29,9;27,8;5,7;1;22;17;18;333;7,1;2,4;
2021/08/22;1700 UTC;0;926,4;927,3;926,4;2437,3;29,1;2,5;29,6;28,4;3,7;1,2;20;17;18;334;7,4;2,9;
2021/08/22;1800 UTC;0;925,5;926,4;925,4;2170,7;29,8;3,5;30,5;28,9;3,5;,6;19;15;19;315;7,1;1,8;
2021/08/22;1900 UTC;0;925,3;925,5;925,2;1516,6;28,7;1,5;30;28,6;3,6;,2;20;15;17;326;7,6;2,3;
2021/08/22;2000 UTC;0;925,3;925,3;925,2;678,7;26,4;2;28,9;26,3;3;-,1;22;15;20;320;6,3;2;
2021/08/22;2100 UTC;0;925,6;925,6;925,3;84,1;24,3;1,1;26,4;24,3;2,3;1;22;19;22;281;5,1;,7;
2021/08/22;2200 UTC;0;925,9;925,9;925,6;;22;7;24,3;22;7,1;1,2;38;22;38;153;2,9;1,6;
2021/08/22;2300 UTC;0;926,4;926,4;925,9;;20,7;6,8;22,2;20,7;7,5;6,7;42;37;41;149;2,7;1,2;
2021/08/23;0000 UTC;0;926,6;926,6;926,4;;19,4;7,4;20,6;19,2;7,7;6,8;47;41;46;138;2,4;,8;
2021/08/23;0100 UTC;0;926,5;926,7;926,5;;18,1;9,4;19,6;18;10,7;7,4;61;45;57;181;2,3;,7;
2021/08/23;0200 UTC;0;926,6;926,6;926,5;;17;11,3;18,1;17;11,4;9,1;69;56;69;107;1,9;1;
2021/08/23;0300 UTC;0;926,5;926,7;926,5;;18,2;9,9;18,2;16,7;12,6;9,9;74;58;58;193;1,8;,3;
2021/08/23;0400 UTC;0;926,3;926,6;926,3;;18;9,4;18,6;17,1;10,4;9;64;54;57;336;3;,8;
2021/08/23;0500 UTC;0;925,7;926,3;925,7;;17,4;10,2;18,1;16,9;10,3;8,3;64;53;63;329;2,8;1,1;
2021/08/23;0600 UTC;0;925,5;925,8;925,5;;16,7;10,9;17,7;16,6;11;9,9;69;61;69;310;2,1;1,3;
2021/08/23;0700 UTC;0;925,2;925,5;925,1;;16,6;10,5;16,8;16,3;10,9;10,1;70;65;67;316;1,9;1,1;
2021/08/23;0800 UTC;0;925,3;925,3;925,1;;17,2;8,7;17,7;16,1;10,5;7;69;50;57;335;2,3;1,4;
2021/08/23;0900 UTC;0;925,8;925,8;925,3;;15,6;9;17,6;15,4;9,9;6,8;69;49;65;20;2,8;,4;
2021/08/23;1000 UTC;0;926,4;926,4;925,8;21,8;16,4;8,8;16,8;15,4;9;7,7;64;58;61;357;1,8;,9;
2021/08/23;1100 UTC;0;926,9;926,9;926,3;393;18,7;7,5;18,7;16,4;8,9;7,2;60;47;48;6;3;1,1;
2021/08/23;1200 UTC;0;927,6;927,6;926,8;1080,6;20,9;7,1;20,9;18,7;8;6,5;48;40;41;19;4,5;1,5;
2021/08/23;1300 UTC;0;927,8;927,9;927,6;1805,6;23,6;6,9;23,6;20,9;7,8;5,9;42;33;34;30;4,4;1,4;
2021/08/23;1400 UTC;0;927,3;927,8;927,3;2294,4;26,2;5,2;26,4;23,5;7,1;5,1;35;26;26;354;4,3;1,6;
2021/08/23;1500 UTC;0;926,7;927,3;926,7;2596,1;27,7;3,9;28,1;26,2;5,9;3,9;27;21;22;326;5,1;2;
2021/08/23;1600 UTC;0;925,8;926,7;925,8;2579,8;29,2;3,6;29,4;27,6;6,5;3,3;25;20;20;284;5,4;1,6;
2021/08/23;1700 UTC;0;924,8;925,8;924,8;2443,3;30,1;2,4;30,7;29,2;4,3;1,5;20;16;17;313;7;2,1;
2021/08/23;1800 UTC;0;924;924,8;924;2038,3;30,8;3;31,5;29,7;5,1;1,4;21;15;17;301;7,1;1,8;
2021/08/23;1900 UTC;0;923,7;924;923,7;1453,2;30,2;1,9;31;29,5;4;1,3;20;15;16;297;6;1,6;
2021/08/23;2000 UTC;0;923,7;923,7;923,6;685,7;28,4;,6;30,3;28,4;3,2;,3;19;15;17;249;4,7;1;
2021/08/23;2100 UTC;0;924;924;923,7;91,6;25,5;6,1;28,4;25,3;6,1;,6;29;16;29;153;3,1;1,4;
2021/08/23;2200 UTC;0;924,3;924,3;924;;23;7;25,5;23;7,6;6,3;36;29;36;160;3;1,2;
2021/08/23;2300 UTC;0;924,8;924,8;924,3;;21,4;7,8;23,1;21,4;7,8;6,9;42;35;42;141;2,4;1,1;
2021/08/24;0000 UTC;0;925,4;925,4;924,8;;19,9;11;21,4;19,9;11;7,9;56;42;56;163;1,9;,6;
2021/08/24;0100 UTC;0;925,7;925,7;925,3;;19,2;10,4;20;19;11,1;10;57;53;57;163;1,3;,5;
2021/08/24;0200 UTC;0;926;926;925,7;;19,3;11;20;18,5;11,8;10,4;64;55;59;310;1,5;,3;
2021/08/24;0300 UTC;0;926;926;926;;18,6;11,5;19,5;18,4;11,5;11;64;59;63;271;1;,3;
2021/08/24;0400 UTC;0;925,7;926;925,7;;17,4;13,2;18,6;17,2;14,2;11,1;80;63;76;40;1,7;,7;
2021/08/24;0500 UTC;0;925,3;925,7;925,3;;17,9;11,6;18,6;17,4;13,3;11;77;63;67;270;1,7;,2;
2021/08/24;0600 UTC;0;925,1;925,3;925,1;;19;10,3;19;17,7;11,8;9,9;67;57;57;305;2,3;,9;
2021/08/24;0700 UTC;0;924,9;925,1;924,8;;20,1;8,2;20,2;18,5;10,5;8,1;58;46;46;348;2,8;1,3;
2021/08/24;0800 UTC;0;924,8;924,9;924,7;;19,7;7,8;20,2;19,1;8,2;7,6;49;44;46;16;3,8;1,4;
2021/08/24;0900 UTC;0;925,4;925,4;924,8;;19,3;7,6;20;19,1;8;7,5;48;45;46;352;3,4;1,2;
2021/08/24;1000 UTC;0;925,9;925,9;925,4;23,3;18,9;7,7;19,5;18,8;7,7;7,5;48;46;48;342;2,7;1;
2021/08/24;1100 UTC;0;926,4;926,4;925,9;357,7;20,2;8,2;20,2;18,8;8,2;7,7;49;45;46;1;3,9;1,5;
2021/08/24;1200 UTC;0;926,7;926,7;926,3;1035,7;22,5;8,4;22,5;20,2;9,1;7,9;46;39;41;27;4,4;1,5;
2021/08/24;1300 UTC;0;926,6;926,7;926,6;1671,6;25,1;7,4;25,1;22,5;8,8;7,3;41;32;32;43;5,2;2,3;
2021/08/24;1400 UTC;0;926,1;926,6;926,1;2038,8;26,8;7,5;26,9;25;8,3;6,8;34;29;29;42;5,2;1,7;
2021/08/24;1500 UTC;0;925,3;926,1;925,3;2314,3;28,8;6,7;28,9;26,7;8,2;6,2;31;24;25;28;4,7;1,9;
2021/08/24;1600 UTC;0;924,1;925,3;924,1;2340,1;29,7;5;30,1;28,6;7,9;3,9;27;19;21;40;5,4;2,7;
2021/08/24;1700 UTC;0;923,3;924,1;923,3;2098,4;30,9;,4;31,1;29,6;4,8;,4;21;14;14;1;5,7;1,4;
2021/08/24;1800 UTC;0;922,7;923,3;922,7;1595,9;30,7;3,9;31,2;30,5;4,5;,2;19;14;18;47;3,7;1,2;
2021/08/24;1900 UTC;0;922,5;922,7;922,5;1048,8;30,5;2,7;31,1;30,3;5,1;,8;20;15;17;72;3,2;,8;
2021/08/24;2000 UTC;0;922,7;922,7;922,5;522,1;28,2;4,5;30,5;28,2;6,4;,2;23;14;22;137;2,4;1,1;
2021/08/24;2100 UTC;0;923,3;923,3;922,7;91,7;25,9;6,4;28,3;25,8;6,5;4;29;21;29;170;3,2;1,1;
2021/08/24;2200 UTC;0;923,8;923,8;923,3;;24,2;8,2;25,8;23,6;8,2;6,4;36;29;36;141;1,8;,9;
2021/08/24;2300 UTC;0;924,3;924,3;923,8;;23,7;7,8;24,3;22,8;8,4;6,8;38;35;36;169;1,3;,3;
2021/08/25;0000 UTC;0;924,6;924,7;924,3;;20,8;10,3;23,7;20,8;10,4;7,5;51;36;51;126;1;,6;
2021/08/25;0100 UTC;0;924,5;924,6;924,5;;20,6;11,5;21,8;20,1;11,8;10;57;48;56;153;,9;,4;
2021/08/25;0200 UTC;0;924,6;924,7;924,5;;21,7;8,5;21,8;20,3;11,4;8,5;56;43;43;141;1,2;,4;
2021/08/25;0300 UTC;0;924,7;924,8;924,6;;21,8;7,9;22,1;21,5;8,8;7,6;44;40;41;341;2;1;
2021/08/25;0400 UTC;0;924,6;924,8;924,6;;21,3;6;21,8;21,1;8,8;5,9;45;36;37;19;2,1;,8;
2021/08/25;0500 UTC;0;924;924,6;924;;21,5;6,6;21,8;21,1;7,9;6,2;43;36;38;347;2,7;1,3;
2021/08/25;0600 UTC;0;923,6;924;923,6;;19,6;7,4;21,6;19,5;7,4;6,2;45;37;45;315;2,8;,9;
2021/08/25;0700 UTC;0;923,6;923,6;923,5;;18,9;10,1;19,7;18,6;10,1;7,5;57;45;57;315;2;,5;
2021/08/25;0800 UTC;0;923,4;923,6;923,4;;19,9;7,6;19,9;18,9;10,2;7,6;57;45;45;355;2,7;1,5;
2021/08/25;0900 UTC;0;923,6;923,6;923,3;;18,4;8,2;20,1;18,4;8,4;7,3;52;44;51;330;2,8;1,1;
2021/08/25;1000 UTC;0;924;924;923,6;24,4;17,8;8,9;18,5;17,8;8,9;8,3;56;51;56;325;2,8;,9;
2021/08/25;1100 UTC;0;924,6;924,6;924;334,1;20,4;8,5;20,4;17,8;9,1;8,1;56;46;46;332;2,9;,9;
2021/08/25;1200 UTC;0;924,8;924,9;924,6;943,9;22,5;8,2;22,5;20,4;9,3;7,8;48;40;40;350;4,1;1,7;
2021/08/25;1300 UTC;0;924,8;925;924,7;1581;25,4;7,7;25,4;22,5;9,1;7,3;41;32;32;25;4,1;1,4;
2021/08/25;1400 UTC;0;924,5;924,9;924,5;2051,8;27,4;6,1;27,5;25,4;8,2;5,8;34;25;26;336;5,9;2,5;
2021/08/25;1500 UTC;0;924;924,5;924;2385;29,7;5,6;29,9;27,4;7;4,6;27;21;22;330;7,1;2,9;
2021/08/25;1600 UTC;0;923,1;924;923,1;2415,9;31,2;4,9;31,2;29,7;7,1;4,6;23;19;19;316;6,2;2,6;
2021/08/25;1700 UTC;0;922,1;923,1;922;2253,3;31,6;5,3;32,2;31;6,4;4,2;21;18;19;330;7,3;2,7;
2021/08/25;1800 UTC;0;921,3;922,1;921,3;1834,4;32,3;3,5;32,5;31,6;6,2;3,2;20;16;16;318;7;2,6;
2021/08/25;1900 UTC;0;921,2;921,3;921,2;1241,7;30,9;3,9;32,4;30,9;6,4;2,3;21;15;18;321;7,2;2,4;
2021/08/25;2000 UTC;0;921,3;921,3;921,2;610,7;29,4;2,9;31,2;29,2;4,5;2,6;20;16;18;332;5,8;2;
2021/08/25;2100 UTC;0;921,8;921,8;921,3;113,5;27,3;4,4;29,4;27,3;4,4;3;23;18;23;333;4,5;1;
2021/08/25;2200 UTC;0;922;922;921,8;;27,4;4;27,9;27,1;4,3;3,7;23;21;22;360;2,6;1,2;
2021/08/25;2300 UTC;0;922,6;922,6;922;;26,3;4,2;27,5;26,3;4,7;4;25;22;24;28;2;1;
2021/08/26;0000 UTC;0;922,9;923;922,6;;25,1;5,8;26,5;24,9;5,8;4,2;29;24;29;7;1,9;,8;
2021/08/26;0100 UTC;0;923,3;923,3;922,9;;23,1;8,5;25,1;23,1;8,6;5,8;39;29;39;328;2,5;,7;
2021/08/26;0200 UTC;0;923,3;923,4;923,3;;23,1;7,7;23,6;22,9;9;7,6;41;37;37;18;1,9;,8;
2021/08/26;0300 UTC;0;923,3;923,5;923,3;;22,7;8;23,4;22,2;9;7,5;43;36;39;6;2,5;1;
2021/08/26;0400 UTC;0;923,2;923,3;923,2;;22,1;7,6;22,9;21,6;8,5;7,6;43;38;39;341;2;1;
2021/08/26;0500 UTC;0;922,7;923,2;922,7;;21,8;6,7;22,2;21,1;7,8;6,7;42;38;38;340;4,1;1,3;
2021/08/26;0600 UTC;0;922,6;922,8;922,6;;20,8;7;22,1;20,8;7;6,5;41;36;41;306;3,2;,8;
2021/08/26;0700 UTC;0;922,2;922,6;922,2;;21;7,1;21;19,7;7,3;7;44;41;41;334;1,7;,8;
2021/08/26;0800 UTC;0;921,9;922,2;921,9;;20,9;6,9;21;20,1;7,3;6,9;43;40;40;1;2,7;1,2;
2021/08/26;0900 UTC;0;922,1;922,1;921,9;;20,5;6,9;21;20,2;7,3;6,7;43;40;41;358;3,1;1,3;
2021/08/26;1000 UTC;0;923;923;922,1;25,8;20,7;7,1;21,1;20,5;7,1;6,8;42;40;41;346;4,5;1,1;
2021/08/26;1100 UTC;0;923,2;923,2;923;458,2;22,6;8,4;22,7;20,5;8,9;7,1;45;40;40;31;3,6;1,1;
2021/08/26;1200 UTC;0;924,1;924,2;923,2;1146;24,6;7,4;24,6;22,6;8,5;7,2;40;33;33;342;4,5;1,9;
2021/08/26;1300 UTC;0;925,1;925,1;924,1;1850,1;27,4;4,8;28,2;24,6;8,1;4,7;34;23;24;318;8,9;4;
2021/08/26;1400 UTC;0;925,1;925,3;925;2344,7;28,9;4,9;29,3;27,4;6,5;4,2;25;20;22;312;8,9;3,3;
2021/08/26;1500 UTC;0;924,7;925,1;924,6;2636;29,3;4,1;30,3;28,8;6,2;3,7;23;19;20;329;9,7;4,2;
2021/08/26;1600 UTC;0;924,3;924,7;924,3;2658,9;31,6;3,9;31,7;29,3;6,3;3,5;22;17;17;306;9;2,4;
2021/08/26;1700 UTC;0;923,6;924,3;923,6;2210,6;31,4;3,9;32,3;31,1;5,1;2,7;19;16;18;288;7,3;1,8;
2021/08/26;1800 UTC;0;923,9;923,9;923,6;1634;23,8;11,4;32,2;23,8;12,1;2,4;47;16;46;160;10,3;5,1;
2021/08/26;1900 UTC;0;924,3;924,3;923,8;1175,2;23,4;12,3;24;23,3;12,3;11,4;50;46;50;163;10,3;4,3;
2021/08/26;2000 UTC;0;925,4;925,4;924,2;632,4;21,5;11,3;23,5;21,5;12;10,8;52;48;52;162;10,1;3,2;
2021/08/26;2100 UTC;0;925,9;925,9;925,4;108,9;20,2;11;21,5;20,2;11,5;10,7;56;52;55;145;8;2,8;
2021/08/26;2200 UTC;0;926,3;926,3;925,9;;19,1;12,2;20,3;19,1;12,3;10,8;64;55;64;117;6,4;2,3;
2021/08/26;2300 UTC;0;927,3;927,3;926,3;;18,2;13,1;19,1;18,2;13,1;12,2;72;64;72;149;6,6;2,6;
2021/08/27;0000 UTC;0;928;928;927,3;;17,6;12,9;18,2;17,6;13,2;12,8;74;72;74;145;6;2,3;
2021/08/27;0100 UTC;0;928,6;928,6;928;;16,9;13,7;17,6;16,9;13,7;12,8;82;74;82;160;6,6;2,7;
2021/08/27;0200 UTC;0;928,9;928,9;928,6;;17;14;17;16,7;14,1;13,7;84;82;83;144;5,6;2,4;
2021/08/27;0300 UTC;0;929,2;929,2;928,8;;16,9;14;17;16,8;14,2;13,9;84;82;83;143;6,2;2,3;
2021/08/27;0400 UTC;0;929,3;929,5;929,2;;16,1;14,7;16,9;16,1;14,7;13,9;91;83;91;168;6;2,9;
2021/08/27;0500 UTC;0;928,9;929,3;928,7;;15,3;15,3;16,1;15,3;15,7;15;100;91;100;171;6;1,9;
2021/08/27;0600 UTC;0;928,6;928,9;928,6;;15,4;15,3;15,4;15;15,3;15;100;99;100;146;5,9;1,8;
2021/08/27;0700 UTC;0;928,9;929,1;928,4;;15,1;15,1;15,8;15,1;15,8;15,1;100;99;100;177;5,7;2,9;
2021/08/27;0800 UTC;,8;928,6;929,2;928,4;;14,9;14,9;15,1;14,8;15,1;14,8;100;100;100;158;5,8;2,5;
2021/08/27;0900 UTC;0;929,2;929,4;928,4;;14,4;14,4;14,9;14,4;14,9;14,4;100;100;100;151;7;3,1;
2021/08/27;1000 UTC;0;929,9;930;929,2;9,9;14,4;14,4;14,6;14,3;14,6;14,3;100;100;100;148;6,1;2,3;
2021/08/27;1100 UTC;0;931,1;931,1;929,8;79,2;14,4;14,3;14,4;14,1;14,4;14,1;100;100;100;166;7;2,7;
2021/08/27;1200 UTC;,2;931,8;931,8;931,1;287;14,9;14,5;14,9;14,3;14,8;14,3;100;97;98;165;6,3;3,3;
2021/08/27;1300 UTC;0;932,3;932,3;931,5;600,3;15,7;13,8;15,7;14,9;14,7;13,3;98;87;88;139;6,6;2,7;
2021/08/27;1400 UTC;0;932,3;932,4;932,3;426,2;15,7;13,3;16;15,5;14,1;13,3;90;85;86;146;6,2;2,5;
2021/08/27;1500 UTC;0;931,6;932,3;931,6;673,1;16,1;14,1;16,5;15,5;15,6;13,4;100;84;88;158;7,9;3,6;
2021/08/27;1600 UTC;0;931,3;931,6;931,2;616,9;16,2;13,9;16,7;15,9;14,2;13,2;89;82;86;156;7,9;3,6;
2021/08/27;1700 UTC;0;930,8;931,3;930,7;920,9;17,1;13,5;17,2;16,1;14;13,1;86;78;80;153;8,3;3,5;
2021/08/27;1800 UTC;0;931,4;931,4;930,6;494,9;16;13,2;17,1;15,9;13,7;12,9;87;78;83;173;7,7;3,8;
2021/08/27;1900 UTC;0;931,7;931,7;931,1;340,8;15,8;13,5;16,1;15,8;13,7;13,1;87;83;86;166;8,7;4,3;
2021/08/27;2000 UTC;0;932;932,3;931,6;108,5;15,3;15,2;15,8;15,2;15,3;13,5;100;86;100;159;8,7;3,4;
2021/08/27;2100 UTC;0;932,4;932,4;932;46,3;15;15;15,2;15;15,2;15;100;100;100;164;7,4;3,9;
2021/08/27;2200 UTC;0;932,4;932,6;932,3;;14,9;14,9;15;14,8;15;14,8;100;100;100;149;8,3;3,1;
2021/08/27;2300 UTC;0;932,5;932,8;932,4;;14,9;14,9;15;14,8;15;14,8;100;100;100;145;7,7;3,6;
2021/08/28;0000 UTC;0;933,7;933,7;932,5;;14,6;14,6;14,9;14,5;14,9;14,6;100;100;100;156;10;2,8;
2021/08/28;0100 UTC;0;933,7;934,1;933,6;;14,2;14,2;14,6;14,1;14,6;14,1;100;100;100;145;8;2,6;
2021/08/28;0200 UTC;0;934;934;933,7;;13,9;13,9;14,3;13,9;14,3;13,9;100;100;100;165;7,7;3,7;
2021/08/28;0300 UTC;0;933,6;934;933,6;;14;14;14;13,8;14;13,8;100;100;100;150;7,7;2,9;
2021/08/28;0400 UTC;,2;933,2;933,6;933,1;;14,6;14,6;14,6;14;14,6;14;100;100;100;126;7,8;2,3;
2021/08/28;0500 UTC;,8;932,6;933,3;932,3;;13,9;13,9;14,7;13,8;14,6;13,8;100;100;100;137;7,5;2,9;
2021/08/28;0600 UTC;0;931,9;932,6;931,9;;14,2;14,2;14,2;13,8;14,2;13,8;100;100;100;136;8,1;2,4;
2021/08/28;0700 UTC;0;932,3;932,3;931,6;;14,7;14,7;14,7;14,2;14,7;14,2;100;100;100;146;6,6;2,4;
2021/08/28;0800 UTC;3,4;932,9;933,2;932,3;;14,2;14,2;14,8;14,2;14,8;14,2;100;100;100;170;6;3,1;
2021/08/28;0900 UTC;4;933,7;933,7;932,9;;14,3;14,3;14,3;14,1;14,3;14,1;100;100;100;163;7;2,7;
2021/08/28;1000 UTC;,4;934,6;934,6;933,4;1,2;14,2;14,2;14,4;14;14,4;14;100;100;100;152;8,2;3,2;
2021/08/28;1100 UTC;7;934,7;934,8;934,3;48,6;14,5;14,5;14,5;14,2;14,5;14,2;100;100;100;140;7,2;3,2;
2021/08/28;1200 UTC;4,4;936;936;934,7;65,3;14,5;14,5;14,6;14,4;14,6;14,4;100;100;100;119;7,4;2,7;
2021/08/28;1300 UTC;2,8;936,2;936,4;935,9;128,1;14,8;14,8;14,8;14,5;14,8;14,5;100;100;100;118;5,1;1,9;
2021/08/28;1400 UTC;2,6;936,4;936,4;936;275,9;15,3;15,3;15,3;14,7;15,3;14,7;100;100;100;108;5,2;1,3;
2021/08/28;1500 UTC;,4;936,3;936,5;936,2;399,8;14,9;14,9;15,3;14,6;15,3;14,5;100;99;100;99;5,1;,9;
2021/08/28;1600 UTC;,8;935,1;936,3;935,1;505,3;15,6;15,6;15,6;14,9;15,6;14,9;100;99;100;29;3,5;1,1;
2021/08/28;1700 UTC;,4;933,4;935,1;933,4;585,9;16;16;16,1;15,5;16,1;15,5;100;100;100;82;6,5;2,2;
2021/08/28;1800 UTC;,2;933,7;934,3;932,7;569,4;16,5;13,7;16,8;15,8;16;13,5;100;83;84;172;7,3;,8;
2021/08/28;1900 UTC;0;932,9;933,8;932,7;772,5;16,9;13,7;17,1;16,5;15,4;13,4;91;80;81;99;5,2;2,3;
2021/08/28;2000 UTC;0;933,7;933,7;932,8;456;16,5;13,2;17,1;16,5;14,2;12,9;85;78;81;116;6,4;1,8;
2021/08/28;2100 UTC;0;934,2;934,2;933,6;102,4;15,6;14,4;16,6;15,6;15;13,2;95;81;93;153;6;2,5;
2021/08/28;2200 UTC;0;934,2;934,3;933,9;;15,3;14,9;15,5;15,2;14,9;13,9;97;91;97;131;5,7;2,3;
2021/08/28;2300 UTC;0;934,2;934,4;934;;15;14,9;15,3;15;15,2;14,8;100;97;100;122;5,9;2,4;
2021/08/29;0000 UTC;0;935;935;934,1;;15,1;15,1;15,2;14,9;15,2;14,9;100;100;100;121;6;2,1;
2021/08/29;0100 UTC;0;935;935,1;934,8;;14,9;14,9;15,2;14,9;15,2;14,9;100;100;100;130;5,4;2,3;
2021/08/29;0200 UTC;0;934,9;935,1;934,7;;15;15;15;14,8;15;14,8;100;100;100;130;5,6;1,8;
2021/08/29;0300 UTC;0;935,1;935,1;934,7;;15,3;15,1;15,3;15;15,2;15;100;99;99;119;4,1;1,8;
2021/08/29;0400 UTC;0;935;935,2;934,9;;15,3;15,3;15,4;15,2;15,4;15;100;98;100;133;3,9;2,1;
2021/08/29;0500 UTC;0;934,6;935,2;934,5;;15,3;15,3;15,4;15,3;15,4;15,3;100;100;100;118;5;2,2;
2021/08/29;0600 UTC;0;934,2;934,6;934,2;;15,2;15,2;15,4;15,2;15,3;15,2;100;100;100;125;4,9;2,1;
2021/08/29;0700 UTC;0;934;934,4;934;;15,4;15,4;15,4;15,2;15,4;15,2;100;100;100;118;4,9;2,3;
2021/08/29;0800 UTC;0;933,9;934,1;933,8;;15,3;15,2;15,5;15,3;15,4;15,2;100;100;100;112;4,7;2,1;
2021/08/29;0900 UTC;0;934,3;934,3;933,9;;15,2;15,2;15,3;15,2;15,3;15,2;100;100;100;129;4,7;1,7;
2021/08/29;1000 UTC;0;934,6;934,6;934,2;11,6;15,4;15,4;15,4;15,2;15,4;15,2;100;100;100;136;4,6;2;
2021/08/29;1100 UTC;0;935;935;934,6;94,4;15,5;15,5;15,6;15,4;15,6;15,4;100;100;100;136;5,3;2,7;
2021/08/29;1200 UTC;0;935,7;935,7;935;218,8;15,7;15,7;15,8;15,5;15,8;15,5;100;100;100;113;6,3;2,6;
2021/08/29;1300 UTC;0;936,1;936,1;935,7;347,2;15,8;15,8;16,1;15,6;16;15,6;100;99;100;125;5,6;2,7;
2021/08/29;1400 UTC;0;935,6;936,1;935,6;580,8;16,7;14,8;16,8;15,8;16,3;14,6;100;88;89;129;5,3;2,4;
2021/08/29;1500 UTC;0;935,2;935,6;935,2;471,8;16,6;14,6;16,7;16;16,4;14,6;100;88;88;126;6,4;3,3;
2021/08/29;1600 UTC;0;934,6;935,2;934,6;1338,9;17,8;14,1;18,1;16,5;15,1;13,9;89;79;79;127;7,7;2,5;
2021/08/29;1700 UTC;0;934,1;934,6;934,1;926,7;16,6;16,5;17,9;16,5;17;13,7;100;78;99;140;5,8;2,8;
2021/08/29;1800 UTC;0;933,6;934,1;933,6;1356,8;17,3;14,2;18;16,2;16,9;14;100;80;82;141;6,3;3,4;
2021/08/29;1900 UTC;0;933,7;933,8;933,5;830,3;17,4;13,9;17,6;16,8;14,7;13,7;86;79;80;153;6,7;2,8;
2021/08/29;2000 UTC;,4;933,8;933,8;933,6;284,4;15,8;15,8;17,4;15,8;16,2;13,6;100;79;100;158;8,2;3,1;
2021/08/29;2100 UTC;,2;934;934;933,8;48,2;15,5;15,5;15,9;15,4;15,9;15,4;100;100;100;148;6,6;2,5;
2021/08/29;2200 UTC;0;934,3;934,3;934;;15,3;15,2;15,5;15,3;15,5;15,2;100;100;100;143;6,7;2,1;
2021/08/29;2300 UTC;0;934,4;934,5;934,3;;15,3;15;15,4;15,2;15,4;14,8;100;97;98;152;6,3;2,5;
2021/08/30;0000 UTC;0;934,6;934,6;934,4;;15,1;15,1;15,4;15,1;15,3;15;100;98;100;148;5,3;2,6;
2021/08/30;0100 UTC;0;934,5;934,6;934,5;;15,2;15,2;15,3;15,1;15,3;15,1;100;100;100;167;6,1;2;
2021/08/30;0200 UTC;0;934,6;934,6;934,5;;15,3;15,3;15,3;15,2;15,3;15,2;100;100;100;160;4,7;2,1;
2021/08/30;0300 UTC;0;934,5;934,6;934,5;;15,4;15,4;15,4;15,3;15,4;15,3;100;100;100;161;6,6;2,1;
2021/08/30;0400 UTC;0;933,6;934,5;933,6;;15,1;15,1;15,4;15,1;15,4;15,1;100;100;100;167;6,5;3,1;
2021/08/30;0500 UTC;0;933,1;933,6;933,1;;15,1;15,1;15,1;15;15,1;15;100;100;100;169;6,1;2,6;
2021/08/30;0600 UTC;0;932,6;933,1;932,6;;15,3;15,2;15,3;15;15,2;15;100;100;100;160;6,5;3;
2021/08/30;0700 UTC;0;932,5;932,7;932,5;;15,3;15,3;15,3;15,3;15,3;15,3;100;100;100;187;5,9;1,4;
2021/08/30;0800 UTC;2,4;932,8;932,8;932,5;;15,3;15,3;15,3;15,2;15,3;15,2;100;100;100;158;6;2,6;
2021/08/30;0900 UTC;,2;933,1;933,1;932,8;;15,6;15,6;15,6;15,3;15,6;15,3;100;100;100;133;8;3,4;
2021/08/30;1000 UTC;,2;933,6;933,6;933,1;53,9;15,8;15,8;15,9;15,5;15,9;15,5;100;100;100;126;7,5;2,6;
2021/08/30;1100 UTC;0;934,3;934,3;933,6;394,2;16,4;15,5;16,4;15,8;16;15,1;100;94;94;122;6,5;2,6;
2021/08/30;1200 UTC;0;934,9;934,9;934,3;1353,6;17,2;12,9;17,6;16,3;15,4;12,9;94;76;76;116;6,4;2,9;
2021/08/30;1300 UTC;0;935;935,1;934,9;1631,7;17,9;13,7;18,1;16,9;14;12,5;79;71;76;121;7,4;3,5;
2021/08/30;1400 UTC;0;934,9;935,1;934,9;1160;17,4;14;18,2;17,2;14,1;12,4;82;72;80;129;7,7;3,1;
2021/08/30;1500 UTC;0;934,4;934,9;934,4;1405,8;17,8;13,6;19;17,1;14,8;13,5;83;72;76;129;8,3;3,7;
2021/08/30;1600 UTC;0;933,8;934,4;933,8;1689,4;17,9;13,9;18,2;17,5;14,8;13,5;83;76;77;127;8,8;3,7;
2021/08/30;1700 UTC;0;933;933,8;933;1787,4;17,5;14,4;19,3;17,3;14,9;13,6;85;72;82;134;8,7;4;
2021/08/30;1800 UTC;0;932,6;933;932,6;1857,1;17,4;13,9;18,7;17,1;15,3;13,7;84;75;80;137;9,5;4,5;
2021/08/30;1900 UTC;0;932,7;932,8;932,6;1196,5;16,9;14,2;18;16,9;14,5;13,7;85;78;84;132;9,9;3,4;
2021/08/30;2000 UTC;0;933;933;932,7;272,3;16;14,8;16,9;15,9;15,2;13,7;95;83;93;137;8,4;3,5;
2021/08/30;2100 UTC;0;933,2;933,2;933;64,9;15,8;15,5;16;15,7;15,7;13,7;99;87;99;130;9,5;3,4;
2021/08/30;2200 UTC;0;933,5;933,5;933,1;;15,7;15,7;15,9;15,6;15,8;15,5;100;99;100;128;8,5;3,5;
2021/08/30;2300 UTC;0;933,8;933,8;933,5;;15,5;15,5;15,7;15,4;15,6;15,4;100;100;100;135;9,2;3,6;
2021/08/31;0000 UTC;0;934,2;934,3;933,8;;15,5;15,5;15,5;15,3;15,5;15,3;100;99;100;122;7,9;2,9;
2021/08/31;0100 UTC;0;934,6;934,6;934,2;;15,6;14,9;15,6;15,5;15,5;14,6;100;94;96;113;8,2;2,5;
2021/08/31;0200 UTC;0;934,7;934,7;934,6;;15,2;13,4;15,7;15,2;15,3;13,4;98;88;89;126;6,8;2,5;
2021/08/31;0300 UTC;0;934,4;934,7;934,4;;15,3;13;15,5;15,1;13,8;12,9;92;85;86;126;5,9;2,6;
2021/08/31;0400 UTC;0;934,5;934,7;934,4;;14,7;14,2;15,3;14,6;14,3;13;97;86;96;144;5,5;2,3;
2021/08/31;0500 UTC;0;934;934,5;934;;14,5;14,5;14,7;14,4;14,6;14,1;100;96;100;140;5,3;2,1;
2021/08/31;0600 UTC;0;933,8;934;933,8;;14,7;14,6;14,7;14,3;14,6;14,2;100;99;99;130;5,7;1,9;
2021/08/31;0700 UTC;0;933,6;933,9;933,6;;15,2;15,2;15,2;14,7;15,2;14,6;100;98;100;126;6;3;
2021/08/31;0800 UTC;0;933,4;933,6;933,4;;14,8;14,8;15,3;14,8;15,3;14,7;100;99;100;135;6;2,3;
2021/08/31;0900 UTC;0;934;934;933,4;;15,2;14,9;15,2;14,8;15,1;14,8;100;98;98;116;5,9;2,7;
2021/08/31;1000 UTC;0;934,8;934,8;934;43,6;15;14,9;15,2;14,8;15;14,4;100;96;100;125;5,7;2,5;
2021/08/31;1100 UTC;0;935,4;935,4;934,8;515,3;16,1;13,4;16,3;15;14,9;13,1;100;83;84;112;6,2;2,8;
2021/08/31;1200 UTC;0;935,8;935,8;935,4;934,4;16,9;13,6;16,9;15,9;14,4;13,2;87;80;81;117;6,8;3;
2021/08/31;1300 UTC;0;935,9;936;935,8;1152,1;17,6;13,5;18,1;16,7;13,8;12,5;82;72;77;119;7,3;2,9;
2021/08/31;1400 UTC;0;935,8;936;935,8;1684,8;18,4;12,9;18,8;17,6;14,2;12,6;77;70;70;134;7,1;3,5;
2021/08/31;1500 UTC;0;935,2;935,8;935,2;2042;19,5;13,4;19,5;18;14;12,6;75;67;68;127;7,3;3,4;
2021/08/31;1600 UTC;0;934,5;935,2;934,5;2961,7;20,1;12,6;20,5;19,1;13,8;12,4;69;62;62;133;8,5;3,9;
2021/08/31;1700 UTC;0;933,8;934,6;933,8;2913,2;20;12,3;20,7;19,5;13,7;12,1;67;60;61;129;8,5;4,1;
2021/08/31;1800 UTC;0;933,5;933,8;933,4;2400,7;18,9;13,5;20,4;18,8;14;12,6;71;61;71;150;10,6;5,1;
2021/08/31;1900 UTC;0;933,5;933,6;933,4;1622,6;18;13,2;19,5;18;14,1;13,1;76;68;74;132;10,7;4,4;
2021/08/31;2000 UTC;0;933,5;933,6;933,4;630,3;16,9;13,7;18,1;16,9;14;13,1;82;74;81;133;9,3;4,4;
2021/08/31;2100 UTC;0;933,5;933,5;933,4;123,3;16,2;14,3;17;16,2;14,3;13,7;89;81;89;135;9,3;4,4;
2021/08/31;2200 UTC;0;933,7;933,7;933,4;;16,1;14,6;16,2;16;15;14,4;93;89;91;132;9;3,1;
2021/08/31;2300 UTC;0;934;934,1;933,6;;16;15;16,1;15,9;15,2;14,2;95;89;94;121;7,4;3,6;
2021/09/01;0000 UTC;0;934,4;934,5;934;;15,8;15,3;16;15,7;15,3;14,8;97;93;97;128;9,3;2,7;
2021/09/01;0100 UTC;0;934,6;934,6;934,4;;15,6;15,3;15,8;15,6;15,4;15,1;98;96;98;119;6;2,9;
2021/09/01;0200 UTC;0;934,8;934,8;934,6;;15,4;15,2;15,6;15,4;15,5;15;100;97;99;123;5,9;2,3;
2021/09/01;0300 UTC;0;934,6;934,8;934,6;;15,1;14,8;15,5;15,1;15,2;14,7;99;96;98;115;5,7;2,3;
2021/09/01;0400 UTC;0;934,3;934,7;934,3;;15;14,6;15,2;14,9;15,1;14,6;99;97;97;122;4,7;1,8;
2021/09/01;0500 UTC;0;934,1;934,3;934;;14;14;15;14;14,5;13,1;100;89;100;139;3,6;1,3;
2021/09/01;0600 UTC;0;933,8;934,1;933,8;;13,7;13,7;14,1;13,7;14,1;13,7;100;100;100;135;3,4;1,3;
2021/09/01;0700 UTC;0;933,6;933,8;933,6;;13,3;13,3;13,7;13,2;13,7;13,2;100;100;100;128;3,4;1,5;
2021/09/01;0800 UTC;0;933,9;933,9;933,6;;13,4;13,4;13,8;13,2;13,7;13,2;100;100;100;139;3,7;1,8;
2021/09/01;0900 UTC;0;934,4;934,4;933,9;;13,2;13,2;13,6;13;13,6;13;100;100;100;132;3,3;1,4;
2021/09/01;1000 UTC;0;935;935;934,4;42,5;13,7;13,7;13,7;13,1;13,7;13,1;100;100;100;103;3,9;2,1;
2021/09/01;1100 UTC;0;934,9;935,1;934,9;620,1;16,1;13,2;16,1;13,7;14,4;12,7;100;82;83;103;4;1,9;
2021/09/01;1200 UTC;0;934,8;935;934,8;1540;18,7;12,1;18,7;16;13,4;11,7;84;65;65;79;5,9;2,2;
2021/09/01;1300 UTC;0;934,9;935;934,7;2293,3;20;11;20,1;18,2;12;10,9;67;56;56;79;8,1;2,4;
2021/09/01;1400 UTC;0;934,4;935;934,4;2396,2;21,1;10;21,1;19,2;11,5;9,6;59;49;49;65;6;2,6;
2021/09/01;1500 UTC;0;933,5;934,4;933,5;3020,5;22,5;9,2;23;20,7;10,9;8,7;52;42;43;50;6,1;2,6;
2021/09/01;1600 UTC;0;932,8;933,5;932,8;3136,9;21,8;12,9;22,9;21,5;13,2;8,1;58;39;57;136;6,1;2,8;
2021/09/01;1700 UTC;0;932;932,8;932;2887,6;21;13,5;21,9;20,6;13,9;12,1;63;56;62;115;8,5;3,5;
2021/09/01;1800 UTC;0;931,3;932;931,3;2416;19,9;14,2;21,5;19,5;14,5;13;71;60;70;156;8,5;3,9;
2021/09/01;1900 UTC;0;931,2;931,3;931,1;1760,4;19;14,2;20,1;18,5;14,6;13,5;75;67;74;150;8,2;3,6;
2021/09/01;2000 UTC;0;931,3;931,3;931,1;919,9;17,2;14,4;19;17,1;14,5;13,7;84;72;84;150;9;4,1;
2021/09/01;2100 UTC;0;931,3;931,4;931,2;137,4;16,4;14,1;17,3;16,4;14,8;14;88;84;86;144;7,7;3,7;
2021/09/01;2200 UTC;0;931,4;931,5;931,2;,8;16,2;13,9;16,4;16;14,3;13,6;88;85;87;135;7,2;2,3;
2021/09/01;2300 UTC;0;932,1;932,1;931,4;;15,9;13,4;16,3;15,9;14,1;13,4;87;85;85;163;5,6;2,1;
2021/09/02;0000 UTC;0;932,3;932,4;932,1;;16,2;14,1;16,3;15,8;14,1;13,4;87;85;87;143;5,1;2,2;
2021/09/02;0100 UTC;0;932,5;932,5;932,3;;16,1;13,7;16,3;16,1;15,4;13,7;95;86;86;134;6;2,4;
2021/09/02;0200 UTC;0;932,7;932,8;932,5;;16,1;13,9;16,2;16,1;14;13,6;87;85;87;132;5,5;1,6;
2021/09/02;0300 UTC;0;932,1;932,7;932,1;;15,5;15,1;16,2;15,5;15,1;13,7;98;86;98;115;3,4;,9;
2021/09/02;0400 UTC;0;931,3;932,1;931,1;;15;15;15,5;14,9;15,2;14,8;100;98;100;75;2,1;,7;
2021/09/02;0500 UTC;0;930,9;931,3;930,9;;15,1;12,8;15,1;14,7;15;12,8;100;86;86;48;3,9;1,4;
2021/09/02;0600 UTC;0;930,6;930,9;930,4;;15;12,6;15,3;14,9;12,8;12,4;86;83;86;54;6,3;1,4;
2021/09/02;0700 UTC;0;930,4;930,6;930,4;;14,8;13;15,1;14,5;13,5;12,4;93;85;89;40;4,4;1,8;
2021/09/02;0800 UTC;0;930,6;930,6;930,2;;14,5;13,1;14,9;14,5;13,1;12,7;91;88;91;42;6,1;1;
2021/09/02;0900 UTC;0;930,9;930,9;930,6;;14,3;13,6;14,6;14,2;14;13,1;98;91;96;10;4,5;2;
2021/09/02;1000 UTC;0;931,3;931,3;930,8;78,8;14,8;12,7;14,8;14,2;13,8;12,7;97;87;87;48;5,5;1;
2021/09/02;1100 UTC;0;931,7;931,9;931,3;664,8;16,8;12,7;16,9;14,8;13,1;12,3;88;77;77;16;4;1,4;
2021/09/02;1200 UTC;0;932,4;932,4;931,7;1520,3;18,6;12,4;18,8;16,7;13,3;12;79;65;67;47;3,8;1,7;
2021/09/02;1300 UTC;0;932,6;932,6;932,4;2321;20,8;11,7;20,8;18,6;13,1;11,4;69;56;56;25;4,3;1,6;
2021/09/02;1400 UTC;0;932,1;932,6;932,1;2842,7;23,3;11;23,3;20,8;12,5;10,2;57;45;46;51;4;1,7;
2021/09/02;1500 UTC;0;931,3;932,1;931,3;3093,6;24,9;9,9;24,9;23,1;11,3;8,4;47;35;39;60;4,5;1,6;
2021/09/02;1600 UTC;0;930,3;931,3;930,3;3064;25,2;7,3;25,9;24,6;9,7;6,4;39;30;32;100;4,6;1,3;
2021/09/02;1700 UTC;0;929,4;930,3;929,4;2257,4;25,3;3,6;26;24,8;6,7;3,1;32;24;24;120;3,3;1;
2021/09/02;1800 UTC;0;928,6;929,4;928,6;2017,6;25,5;5,3;26;24,9;7,3;3,5;32;24;27;109;3,7;2,2;
2021/09/02;1900 UTC;0;928,3;928,6;928,3;1910,6;24,7;9,3;26,2;24,7;11;4,9;41;26;38;117;6,4;3;
2021/09/02;2000 UTC;0;928,5;928,5;928,3;976,8;21,1;13,7;24,7;21,1;13,7;9,7;63;37;63;120;6,5;3,1;
2021/09/02;2100 UTC;0;928,6;928,6;928,4;100,6;19,5;14,8;21,1;19,5;14,8;13,7;74;63;74;156;6,5;2;
2021/09/02;2200 UTC;0;929,3;929,3;928,6;;18,2;14,7;19,5;18,2;15,3;14,4;81;74;80;158;5,7;2,7;
2021/09/02;2300 UTC;0;929,5;929,6;929,3;;17,2;14,8;18,3;17,1;14,9;14,5;86;79;86;140;4,5;,9;
2021/09/03;0000 UTC;0;929,7;929,7;929,4;;16,7;14,5;17,2;16,4;15,5;14,5;94;86;87;240;2,3;,7;
2021/09/03;0100 UTC;0;929,6;929,8;929,6;;16,3;13,6;16,8;16,3;14,4;13,5;87;83;84;91;1,2;,7;
2021/09/03;0200 UTC;0;929,4;929,6;929,4;;15,8;15,8;16,5;15,8;16,5;13,4;100;83;100;71;1,1;,7;
2021/09/03;0300 UTC;0;929,4;929,4;929,3;;15,7;15,7;16,1;15,6;16,1;15,5;100;99;100;130;1,8;,6;
2021/09/03;0400 UTC;0;929;929,4;929;;15,7;15,7;16,1;15,5;16,1;15,5;100;99;100;127;1,3;,3;
2021/09/03;0500 UTC;0;928,7;929;928,7;;15,4;15,4;15,8;15,4;15,8;15,4;100;100;100;333;,7;,2;
2021/09/03;0600 UTC;0;928,4;928,7;928,3;;16,7;13,5;16,8;15,2;15,5;13,5;100;81;81;356;2,6;1,1;
2021/09/03;0700 UTC;0;928;928,4;927,9;;16,7;12,9;17,2;16,5;13,5;12,8;81;76;79;5;3,1;1;
2021/09/03;0800 UTC;0;928;928,1;927,9;;15,9;12,9;17;15,9;13,1;12,8;82;77;82;235;2,3;,8;
2021/09/03;0900 UTC;0;928,5;928,6;928;;16,1;13,1;16,4;15,6;13,5;12,8;85;81;83;341;2,8;1,3;
2021/09/03;1000 UTC;0;928,9;928,9;928,2;74,9;16,8;13,4;16,8;16;13,4;13,1;84;80;80;334;4;1,2;
2021/09/03;1100 UTC;0;929,3;929,4;928,8;597,1;18,8;13,5;18,9;16,8;13,7;12,6;80;68;71;16;3,4;1,1;
2021/09/03;1200 UTC;0;929,7;929,7;929,3;1380,3;21,5;13,8;21,5;18,8;14,1;12,2;72;57;61;29;3,9;1,1;
2021/09/03;1300 UTC;0;929,6;929,8;929,6;2100,1;23,7;10,9;23,9;21,1;13,4;10,9;61;44;44;352;4,8;1,7;
2021/09/03;1400 UTC;0;929;929,6;929;2640,3;26,3;10,8;26,5;23,4;12,3;9,9;47;36;38;327;4,8;2;
2021/09/03;1500 UTC;0;928,3;929;928,3;2928,7;27,2;9,3;27,9;26,1;11,6;8,2;40;29;32;281;5,8;1,7;
2021/09/03;1600 UTC;0;927,3;928,3;927,3;2940,7;29;8;29,1;27,2;10,9;7,6;35;26;27;301;5,8;2,4;
2021/09/03;1700 UTC;0;926,4;927,3;926,4;2496,7;28,4;5,9;29,9;28;10;5,2;32;22;24;269;5,8;2,3;
2021/09/03;1800 UTC;0;925,8;926,4;925,8;2307,5;29,3;6,3;30,1;28,2;8;4,9;27;21;23;286;6,8;1,8;
2021/09/03;1900 UTC;0;925,6;925,8;925,5;1604,7;28,7;7,7;29,8;28,7;7,8;4;28;20;27;319;5,8;1,9;
2021/09/03;2000 UTC;0;925,9;926;925,6;814,1;25,5;11,4;29,2;25,5;11,4;3,8;41;21;41;153;5,6;2;
2021/09/03;2100 UTC;0;926,4;926,4;925,9;104,7;22,9;11,7;25,5;22,9;12,3;11,5;50;41;49;141;5,6;2;
2021/09/03;2200 UTC;0;926,5;926,5;926,3;;20,8;12,7;23;20,8;12,7;10,3;60;45;60;128;5,2;1;
2021/09/03;2300 UTC;0;927;927;926,5;;20;9,8;20,8;20;12,7;9,4;61;50;52;119;1,8;,7;
2021/09/04;0000 UTC;0;927,5;927,5;927;;19,6;11,3;20;19,3;11,3;9,4;59;51;59;105;1,3;,3;
2021/09/04;0100 UTC;0;927,5;927,6;927,5;;19,9;10,8;20,5;19,5;11,5;10;59;51;56;318;1,4;,9;
2021/09/04;0200 UTC;0;927,2;927,5;927,2;;19,9;9,6;20,1;19,1;10,8;9,2;56;51;52;349;2,1;1,3;
2021/09/04;0300 UTC;0;927,3;927,4;927,2;;18;10,5;19,9;18;10,9;9,4;62;51;62;126;2,1;,2;
2021/09/04;0400 UTC;0;926,9;927,3;926,9;;17,4;11,6;18,2;17,1;11,9;10,2;71;60;69;169;,6;,3;
2021/09/04;0500 UTC;0;926,3;926,9;926,3;;17,2;13,4;17,6;16,6;13,4;11,6;78;69;78;326;2;1,3;
2021/09/04;0600 UTC;0;926,9;926,9;926,3;;16;12;17,6;16;13,6;10,8;80;67;77;157;5,5;2,5;
2021/09/04;0700 UTC;0;926,7;926,9;926,7;;14,8;14,8;16;14,7;14,8;12;100;77;100;158;4,5;2,3;
2021/09/04;0800 UTC;0;926,9;927;926,6;;15,2;15,1;15,3;14,8;15,3;14,8;100;100;100;116;4,3;1,9;
2021/09/04;0900 UTC;0;927,5;927,5;926,9;;15,4;15,4;15,4;15,2;15,4;15,2;100;100;100;175;5,6;1,7;
2021/09/04;1000 UTC;0;928;928;927,5;26,6;15,8;15,8;15,8;15,4;15,8;15,4;100;100;100;117;3,6;1,2;
2021/09/04;1100 UTC;0;928,7;928,7;927,8;356,8;17,1;15,1;17,1;15,7;16,3;15;100;88;88;134;3,7;1,5;
2021/09/04;1200 UTC;0;928,9;928,9;928,6;1067,4;18,3;14,5;18,5;16,8;15,3;14,3;89;78;78;150;3,7;2;
2021/09/04;1300 UTC;0;929,1;929,1;928,8;2103;19,6;14,7;19,7;18,2;15,4;14,1;81;71;73;135;4,4;1,8;
2021/09/04;1400 UTC;0;928,7;929,1;928,7;2627,7;21,5;14,1;22,1;19,4;15,5;14,1;73;63;63;137;4;1,5;
2021/09/04;1500 UTC;0;928;928,7;928;2856,7;24,5;15,5;24,5;21,5;15,5;13,2;66;52;57;123;3,6;1,9;
2021/09/04;1600 UTC;0;927,2;928;927,2;2955,3;24,7;14,1;25,2;23,4;15,2;13,3;59;49;52;135;4,8;2,5;
2021/09/04;1700 UTC;0;926,8;927,2;926,7;2699,1;21,5;15,5;25,7;21,5;16,7;13,8;69;50;69;153;8,3;4;
2021/09/04;1800 UTC;0;926,5;926,8;926,4;2309,7;19,1;15,9;21,5;18,9;16,7;15,5;83;69;82;157;8,5;4,7;
2021/09/04;1900 UTC;0;926,7;926,7;926,4;1071,4;17,3;17,3;19,3;17,1;17,3;15,6;100;81;100;144;8,5;3,9;
2021/09/04;2000 UTC;0;927,1;927,2;926,7;265,6;16,3;16,3;17,4;16,2;17,4;16,1;100;99;100;147;8;3,5;
2021/09/04;2100 UTC;0;927,4;927,4;927,1;47,5;15,7;15,7;16,3;15,7;16,3;15,7;100;100;100;143;7,3;3,1;
2021/09/04;2200 UTC;0;927,8;927,8;927,4;;15,5;15,5;15,8;15,5;15,7;15,5;100;100;100;154;6,5;3,3;
2021/09/04;2300 UTC;0;928,1;928,1;927,8;;15,5;15,5;15,7;15,5;15,7;15,5;100;100;100;144;5,7;2,2;
2021/09/05;0000 UTC;0;928,7;928,7;928,1;;15,7;15,7;15,7;15,5;15,7;15,4;100;100;100;125;4,9;1,8;
2021/09/05;0100 UTC;0;928,9;928,9;928,7;;15,4;15,4;15,7;15,4;15,7;15,4;100;100;100;115;4,3;2,3;
2021/09/05;0200 UTC;0;928,6;928,9;928,6;;15,8;15,8;15,8;15,4;15,8;15,4;100;100;100;108;5,2;1,9;
2021/09/05;0300 UTC;0;928,2;928,6;928,2;;16;16;16;15,7;16;15,7;100;100;100;111;4,4;2;
2021/09/05;0400 UTC;0;927,1;928,2;927,1;;16,2;15,7;16,2;16;16,2;15,6;100;96;97;107;4,4;1,8;
2021/09/05;0500 UTC;0;926,5;927,1;926,5;;15,7;15,5;16,2;15,7;15,8;15,4;99;96;99;81;3,9;,4;
2021/09/05;0600 UTC;0;926;926,5;926;;15;15;15,7;14,9;15,6;14,9;100;99;100;112;2;,3;
2021/09/05;0700 UTC;0;925,6;926;925,6;;15,2;15,2;15,3;14,9;15,3;14,9;100;100;100;26;3,4;,9;
2021/09/05;0800 UTC;0;926,2;926,2;925,5;;15,2;15,2;15,3;14,6;15,3;14,6;100;100;100;157;2,6;1,1;
2021/09/05;0900 UTC;0;927,7;927,7;926,2;;15,3;15,2;15,3;15,1;15,3;15,1;100;100;100;179;4,4;1,9;
2021/09/05;1000 UTC;0;929,1;929,1;927,7;39,6;15,7;15,7;15,7;15,3;15,7;15,3;100;100;100;157;5,1;1,7;
2021/09/05;1100 UTC;0;929,2;929,4;929;204,8;16,3;16,2;16,4;15,6;16,4;15,7;100;99;99;143;5;2,3;
2021/09/05;1200 UTC;0;929,5;929,5;929,1;533,7;17,1;16,2;17,3;16,3;17;15,6;100;92;94;112;4,6;2,3;
2021/09/05;1300 UTC;0;929,1;929,5;929,1;1078,6;18,6;14,9;18,7;17,1;16,6;14,9;96;78;79;138;5,5;2,2;
2021/09/05;1400 UTC;0;928,6;929,1;928,6;1440;19;14,3;19,4;18,2;15,5;14,1;82;74;74;113;5;2,4;
2021/09/05;1500 UTC;0;927,3;928,6;927,3;2469,1;20,4;14,7;20,8;18,9;16,1;14,1;76;68;70;112;4,6;1,8;
2021/09/05;1600 UTC;0;926;927,3;926;2944,1;24;13,8;24,2;20,5;15,8;13,8;71;53;53;33;4;1,5;
2021/09/05;1700 UTC;0;924,8;926;924,8;2720;27,5;12,8;27,5;23,7;14,8;12,2;56;39;40;338;5,5;2,1;
2021/09/05;1800 UTC;0;924;924,8;924;2275,7;29,7;10,4;29,7;27,5;13,1;10,4;41;30;30;312;7,4;2;
2021/09/05;1900 UTC;0;923,4;924;923,4;1610,5;30,4;7,8;30,7;29,3;10,9;6,7;31;23;24;291;7,3;2,3;
2021/09/05;2000 UTC;0;923,5;923,5;923,3;830,6;28,7;5,2;30,6;28,7;8,5;4,3;26;20;22;294;7,3;2,5;
2021/09/05;2100 UTC;0;924,2;924,2;923,5;103;25,9;6,3;28,7;25,9;6,6;5,1;29;22;29;255;6,9;,8;
2021/09/05;2200 UTC;0;924,7;924,7;924,2;;23,2;9,2;25,8;23;9,2;6,2;41;29;41;134;2,2;1,1;
2021/09/05;2300 UTC;0;925,6;925,6;924,7;;21;14,5;23,2;20,9;14,5;8,8;67;40;67;147;2,6;1,5;
2021/09/06;0000 UTC;0;926;926;925,6;;19,9;15,9;21,1;19,9;15,9;14,5;78;66;78;132;2,1;,8;
2021/09/06;0100 UTC;0;926,6;926,6;926;;19;16;20;19;16,3;15,7;83;78;83;155;1,4;,8;
2021/09/06;0200 UTC;0;927,2;927,2;926,6;;18,8;15,3;19,3;18,4;16,2;15,3;86;79;80;172;2,5;1,2;
2021/09/06;0300 UTC;0;927,4;927,4;927,2;;19,2;14,1;19,2;18,7;15,2;14;80;72;72;192;2,7;1,2;
2021/09/06;0400 UTC;0;927,3;927,5;927,3;;18,6;13,8;19,2;18,5;14;13,7;74;71;73;180;3;1,4;
2021/09/06;0500 UTC;0;927,3;927,4;927,2;;18,4;14,6;18,7;18;14,6;13,7;79;73;79;184;4,3;1,8;
2021/09/06;0600 UTC;0;927,5;927,5;927,3;;17,7;17,5;18,4;17,6;17,6;14,6;99;79;99;187;4,4;1,6;
2021/09/06;0700 UTC;0;927,6;927,6;927,3;;16,8;16,8;17,7;16,8;17,6;16,7;100;98;100;176;5,7;2,3;
2021/09/06;0800 UTC;0;928,1;928,1;927,5;;16,8;16,4;16,8;16,5;16,8;16,4;100;97;98;163;6;2,5;
2021/09/06;0900 UTC;0;928,9;928,9;928,1;;16,8;15,6;16,9;16,8;16,4;15,5;98;92;92;169;5,3;2,1;
2021/09/06;1000 UTC;0;929,5;929,5;928,9;23,6;17;15,3;17,1;16,8;16;15,3;93;90;90;145;3,9;1,2;
2021/09/06;1100 UTC;0;930;930,1;929,5;147,6;17,2;16,3;17,5;17;16,5;15;96;86;94;125;5;2,1;
2021/09/06;1200 UTC;0;930,5;930,5;930;480,2;17,6;16,3;17,7;17,2;17,3;16,2;99;92;92;116;4,3;2,1;
2021/09/06;1300 UTC;0;930,7;930,8;930,5;808,5;18,4;15,8;18,6;17,6;17;15,5;94;84;85;137;4,4;2;
2021/09/06;1400 UTC;0;930,3;930,8;930,3;899,4;18,8;16;18,8;18;16,3;15,7;89;83;84;115;4,2;1,9;
2021/09/06;1500 UTC;0;929,8;930,3;929,8;1527,2;20;15,7;20,1;18,8;16,9;15,3;86;75;76;160;5,3;2,8;
2021/09/06;1600 UTC;0;929,1;929,8;929,1;2774,1;21,4;16,2;21,7;20;16,2;14,2;76;64;73;119;5,8;2,7;
2021/09/06;1700 UTC;0;928,6;929,2;928,6;1951,2;20,4;16;21,6;19,8;16,7;14,7;78;66;76;127;6,6;3,3;
2021/09/06;1800 UTC;0;928,6;928,6;928,5;1321,9;20,2;16;20,9;19,6;16,6;15,5;80;72;77;137;7,4;2,7;
2021/09/06;1900 UTC;0;928,5;928,6;928,4;546,8;18,3;16,6;20,2;18,1;16,6;15,8;90;77;90;132;7,2;3,3;
2021/09/06;2000 UTC;0;928,7;928,7;928,4;255,5;17,7;17;18,3;17,7;17,2;16,1;96;88;95;135;7,2;2,9;
2021/09/06;2100 UTC;0;929,1;929,1;928,7;67,3;17,4;16,7;17,8;17,4;17,2;16,2;98;91;95;134;6,6;3;
2021/09/06;2200 UTC;0;929,7;929,7;929,1;;17,1;17,1;17,5;17,1;17,2;16,3;100;93;100;136;6,6;2,4;
2021/09/06;2300 UTC;0;930,3;930,3;929,7;;17;17;17,1;16,9;17,1;16,8;100;99;100;137;6,7;2,5;
2021/09/07;0000 UTC;0;930,9;930,9;930,3;;16,5;16,5;17,1;16,5;17,1;16,5;100;100;100;132;7;2,6;
2021/09/07;0100 UTC;0;930,9;930,9;930,8;;16,5;16,5;16,6;16,4;16,6;16,4;100;100;100;125;7,3;3;
2021/09/07;0200 UTC;0;930,9;931;930,8;;16,4;16,3;16,5;16,4;16,5;16,2;100;99;99;127;6,5;2,7;
2021/09/07;0300 UTC;0;930,8;930,9;930,7;;16,3;16,1;16,4;16,2;16,4;16;100;98;99;126;6,5;2,4;
2021/09/07;0400 UTC;0;930,2;930,8;930,2;;16;15,8;16,3;15,9;16,2;15,5;99;97;99;135;5,4;2,6;
2021/09/07;0500 UTC;0;929,7;930,2;929,7;;16,3;16,1;16,4;16;16,2;15,9;100;99;99;138;6,5;2,8;
2021/09/07;0600 UTC;0;929,3;929,7;929,3;;16,3;16,3;16,4;16,1;16,3;15,8;100;97;100;123;5,4;2,2;
2021/09/07;0700 UTC;0;928,7;929,3;928,7;;16,3;16,2;16,4;16,2;16,4;16,1;100;99;100;130;7,1;2,9;
2021/09/07;0800 UTC;0;928,5;928,8;928,5;;16,6;16,6;16,6;16,3;16,6;16,2;100;99;100;114;7,1;2,8;
2021/09/07;0900 UTC;0;928,5;928,6;928,4;;16,4;16;16,7;16,4;16,6;16;100;97;98;122;6,3;2,3;
2021/09/07;1000 UTC;0;929;929;928,5;75,8;16,7;15,7;16,7;16,4;16,1;15,3;98;92;94;119;6,2;2,7;
2021/09/07;1100 UTC;0;929,8;929,9;929;288,5;17,4;15,4;17,5;16,7;16;15,3;94;88;88;131;6,5;3;
2021/09/07;1200 UTC;0;930,3;930,3;929,9;794,9;18,5;15,2;18,5;17,4;15,7;14,9;89;81;81;126;6,5;3,2;
2021/09/07;1300 UTC;0;930,3;930,5;930,2;1472,2;19,4;14;19,7;18,5;15,4;14;81;71;71;117;7;2,8;
2021/09/07;1400 UTC;0;929,8;930,3;929,8;1982,4;21,4;14,1;21,6;19,4;14,6;13;72;60;63;108;6,6;2,5;
2021/09/07;1500 UTC;0;928,7;929,8;928,7;2837,3;21,6;15;22,9;21;15,5;12,5;69;53;66;142;6;3,1;
2021/09/07;1600 UTC;0;927,8;928,7;927,8;2932;21,5;15,3;22,7;21,3;15,6;14,4;68;60;68;161;8,3;3,9;
2021/09/07;1700 UTC;0;927;927,8;927;2865,9;20,7;15,7;22,1;20,7;16,6;15,1;74;66;73;157;8,9;4,7;
2021/09/07;1800 UTC;0;926,6;927,1;926,6;1892,5;18,4;17,7;20,8;18,3;18,1;15,7;97;73;96;145;9;4,1;
2021/09/07;1900 UTC;0;926,4;926,6;926,4;495;17,5;17,5;18,4;17,4;18,3;17,1;100;95;100;149;8,2;4,1;
2021/09/07;2000 UTC;0;926,3;926,4;926,2;205,1;17,1;17,1;17,6;17;17,6;17;100;100;100;137;7,2;3,3;
2021/09/07;2100 UTC;0;926,8;926,8;926,3;59,8;17;17;17,1;16,9;17,1;16,9;100;100;100;149;7,6;2,9;
2021/09/07;2200 UTC;0;927,6;927,6;926,8;,9;16,7;16,7;17;16,6;17;16,6;100;100;100;153;7,6;3,5;
2021/09/07;2300 UTC;0;928,3;928,3;927,6;;16,7;16,7;16,7;16,6;16,7;16,6;100;100;100;130;7,6;2,4;
2021/09/08;0000 UTC;0;928,6;928,6;928,3;;16,4;16,4;16,7;16,4;16,7;16,4;100;100;100;137;5,8;2,5;
2021/09/08;0100 UTC;0;928,7;928,8;928,6;;16,6;16,6;16,7;16,4;16,7;16,4;100;100;100;136;6;2,5;
2021/09/08;0200 UTC;0;928,4;928,7;928,3;;16,8;16,8;16,8;16,6;16,8;16,6;100;100;100;120;5,3;1,7;
2021/09/08;0300 UTC;0;928,2;928,4;928,1;;16,8;16,8;16,8;16,7;16,8;16,7;100;100;100;134;4,4;1,6;
2021/09/08;0400 UTC;0;927,5;928,2;927,5;;16,9;16,9;16,9;16,8;16,9;16,8;100;100;100;120;3,8;2;
2021/09/08;0500 UTC;0;926,8;927,5;926,8;;17,1;17,1;17,1;16,9;17,1;16,9;100;100;100;120;3,8;1,3;
2021/09/08;0600 UTC;0;926,1;926,8;926,1;;17,8;15,6;17,9;17,1;17,3;15,6;100;87;87;76;6,2;1,9;
2021/09/08;0700 UTC;0;925,4;926,1;925,4;;17,7;15,4;17,8;17,7;15,6;15,3;87;86;86;74;6;2,7;
2021/09/08;0800 UTC;0;924,8;925,4;924,8;;17,6;15,3;17,7;17,6;15,5;15,3;87;86;87;77;8,1;2,3;
2021/09/08;0900 UTC;0;925;925;924,8;;17,4;15,2;17,6;17,4;15,4;15,2;87;86;87;50;7,5;2,7;
2021/09/08;1000 UTC;0;925,4;925,5;924,9;77,2;17,6;15,4;17,6;17,2;15,5;15,2;89;87;87;32;7,5;1,4;
2021/09/08;1100 UTC;0;925,7;925,8;925,4;574;18,9;15,4;18,9;17,6;15,5;15,1;87;80;80;34;5,7;2,4;
2021/09/08;1200 UTC;0;926,2;926,2;925,6;1098,1;20,8;15,2;21,5;18,9;15,9;15;80;68;70;27;5,6;2,2;
2021/09/08;1300 UTC;0;926;926,2;925,8;2010,2;24;15,2;24,4;20,8;16,3;14,7;71;56;58;28;6;1,8;
2021/09/08;1400 UTC;0;925,1;926;925;2525,6;26;15,1;26,1;23,8;15,9;14,5;60;50;51;37;6,1;2;
2021/09/08;1500 UTC;0;924,7;925,4;924,7;2907,5;29,6;13,8;29,7;26;15,2;13,3;51;37;38;348;6,7;2,7;
2021/09/08;1600 UTC;0;923,4;924,7;923,4;2876,8;32,7;12;32,7;29,6;14,4;11,1;39;27;28;333;7,3;3;
2021/09/08;1700 UTC;0;922,4;923,4;922,4;2458,7;34,1;8,3;34,1;32,2;12;8,2;29;20;20;321;8,8;3,5;
2021/09/08;1800 UTC;0;921,8;922,4;921,8;2005,9;33,4;8,8;34,1;33,3;9,3;6,7;22;19;22;316;9,6;3,6;
2021/09/08;1900 UTC;0;921,8;921,8;921,7;1486,5;33;8,9;33,9;33;10,3;8;25;21;23;309;9,6;3,2;
2021/09/08;2000 UTC;0;922,1;922,1;921,8;635,1;31,4;9,3;33,1;31,4;10,2;8,2;26;22;25;277;8,2;1,2;
2021/09/08;2100 UTC;0;922,4;922,4;922,1;197,7;29,7;9,9;31,6;29,7;10;9,2;29;25;29;259;4,1;1,4;
2021/09/08;2200 UTC;0;922,8;922,8;922,4;;28;10,7;29,7;27,8;10,8;9,9;35;29;34;257;3,7;,7;
2021/09/08;2300 UTC;0;923,5;923,5;922,8;;26;11,9;28,2;26;11,9;10,4;41;33;41;34;2,8;,2;
2021/09/09;0000 UTC;0;923,7;924,1;923,5;;24;13,7;26;24;13,7;11,8;53;41;53;102;2,5;,8;
2021/09/09;0100 UTC;0;924,8;924,8;923,7;;21,1;17,2;24;21,1;17,2;13,7;78;53;78;172;9;4,8;
2021/09/09;0200 UTC;0;926,8;926,8;924,8;;18,8;18,8;21,1;18,8;19,7;17,3;100;78;100;166;9;4,2;
2021/09/09;0300 UTC;0;926,9;927;926,4;;18,6;18,6;18,8;18,4;18,8;18,4;100;100;100;171;8;2,8;
2021/09/09;0400 UTC;0;926,7;926,9;926,7;;18,4;18,4;18,6;18,3;18,6;18,3;100;100;100;165;7,2;2;
2021/09/09;0500 UTC;0;926,2;929;926,2;;18,9;17,7;19,1;18,4;18,6;17,6;100;92;92;156;7,3;2,7;
2021/09/09;0600 UTC;0;924,7;926,2;924,7;;18,4;18,4;18,9;18,4;18,6;17,6;100;92;100;85;5,5;1,6;
2021/09/09;0700 UTC;0;924,3;924,7;924,3;;19,4;16,4;19,4;18,4;18,4;16,3;100;83;83;5;3,3;1,5;
2021/09/09;0800 UTC;0;924,8;924,9;924,3;;19,3;16,2;19,6;19,1;16,4;16,1;84;81;82;13;4,2;1,2;
2021/09/09;0900 UTC;0;924,8;924,9;924,3;;19,2;16,6;19,7;19;17;16,1;88;81;85;353;3,3;,8;
2021/09/09;1000 UTC;0;925,2;925,3;924,8;49,2;20,1;16,3;20,1;19,2;17;16,2;87;78;79;360;3;1,2;
2021/09/09;1100 UTC;0;925,2;925,3;925,1;477;21,9;15,6;21,9;20,1;16,5;15,6;80;68;68;35;3,9;1,4;
2021/09/09;1200 UTC;0;925,3;925,5;925,2;1254,1;24,6;15,9;24,6;21,9;16,4;15;69;57;58;26;4,8;1,4;
2021/09/09;1300 UTC;0;925,1;925,3;925,1;1901;26,4;14;26,5;24,5;15,7;13,4;58;45;46;339;4,6;2;
2021/09/09;1400 UTC;0;925,2;925,2;925;1591,8;27,1;14,1;27,6;26,2;14,7;13;48;41;45;274;4,6;1;
2021/09/09;1500 UTC;0;926,6;926,7;925,2;920,4;21,4;16,8;27,2;20,2;18,1;13;87;42;75;194;10,9;4,3;
2021/09/09;1600 UTC;0;925,4;926,6;925,4;2285,1;23,8;15,3;24;21,5;17,5;15,1;75;59;59;155;9,6;2,9;
2021/09/09;1700 UTC;0;924,5;925,4;924,5;2253,3;23,9;16;25,1;23,4;16,9;15,5;63;56;61;108;6,3;2,9;
2021/09/09;1800 UTC;0;925;925,1;924,4;896,2;24,1;15,4;24,8;23,9;16,2;15,3;62;57;58;160;6,3;2,4;
2021/09/09;1900 UTC;4;925,5;925,6;924,9;56,5;20,2;20,2;24,1;20,2;20,2;15,4;100;58;100;151;7;1,8;
2021/09/09;2000 UTC;0;926;926,5;925,5;141,1;19,8;19,8;20,3;19,8;20,2;18,8;100;93;100;106;3,8;1;
2021/09/09;2100 UTC;0;925,4;926;925,3;28,4;19,7;19,7;19,9;19,4;19,9;19,4;100;100;100;112;2,5;,5;
2021/09/09;2200 UTC;,8;926,2;926,2;925,4;;19,9;19,9;19,9;19,5;19,9;19,5;100;100;100;359;2,9;1,4;
2021/09/09;2300 UTC;,2;926;926,6;926;;19,9;19,7;20;19,7;20;19,6;100;98;98;1;4,4;1,1;
2021/09/10;0000 UTC;0;927;927,1;926;;19,9;19,1;20;19,7;19,8;18,7;100;92;95;18;4,1;1,6;
2021/09/10;0100 UTC;0;927,2;927,2;926,9;;20,3;18,2;20,4;19,7;19,7;18;100;86;87;351;4;1,2;
2021/09/10;0200 UTC;0;927,3;927,3;927;;19,7;18,7;20,3;19,7;18,9;17,7;95;86;94;317;3,5;,7;
2021/09/10;0300 UTC;0;927,3;927,4;926,9;;19,7;18,3;19,9;19,4;19,6;18,3;100;91;91;335;3,7;1,7;
2021/09/10;0400 UTC;1,8;927,1;927,3;926,8;;19,1;19,1;19,9;19;19,3;17,7;100;87;100;324;3,7;1,4;
2021/09/10;0500 UTC;,4;927;927,6;927;;19;19;19,1;18,9;19,1;18,9;100;100;100;291;3,6;,5;
2021/09/10;0600 UTC;1;927;927,2;926,8;;18,8;18,8;19;18,8;19;18,8;100;100;100;301;2,8;,9;
2021/09/10;0700 UTC;0;926,8;927;926,6;;18,9;18,8;18,9;18,6;18,9;18,6;100;100;100;292;2,9;,6;
2021/09/10;0800 UTC;,2;926,6;926,8;926,2;;18,6;18,6;18,9;18,6;18,9;18,6;100;100;100;277;3;,5;
2021/09/10;0900 UTC;,2;927,5;927,5;926,6;;18,6;18,6;18,8;18,5;18,8;18,5;100;100;100;296;2,7;,9;
2021/09/10;1000 UTC;0;927,9;927,9;927,4;35,7;18,3;18,3;18,6;18,2;18,6;18,2;100;100;100;252;3,1;1,1;
2021/09/10;1100 UTC;0;928,7;928,7;927,9;272,6;19;15;19,1;18,2;18,6;15;100;78;78;226;3;1,2;
2021/09/10;1200 UTC;0;928,8;929;928,6;616,2;19,6;13,3;19,6;19;15,3;12,7;79;65;67;190;3,5;1,3;
2021/09/10;1300 UTC;0;929,5;929,5;928,7;1019,6;19,7;14,9;20,6;19,6;15,7;13;75;64;74;171;3,9;2,1;
2021/09/10;1400 UTC;0;929,6;929,7;929,4;1340;19,8;14,4;20,1;19,3;16,7;14,1;82;70;71;142;5,1;2,5;
2021/09/10;1500 UTC;0;929,4;930;929,4;1786,2;19,7;13,9;20,1;18,6;14,7;12,4;72;65;69;161;5,1;1,2;
2021/09/10;1600 UTC;0;928,6;929,4;928,6;977,7;19,9;14,4;20,1;19,4;15,1;13,7;75;67;71;119;3,4;1,5;
2021/09/10;1700 UTC;0;927,9;928,7;927,9;1669,6;21,1;15;21,4;19,7;15,5;14,1;73;65;68;158;4,4;1,8;
2021/09/10;1800 UTC;0;927,6;927,9;927,5;1589,5;20,9;14,6;21,5;20,6;15;13,7;68;63;67;115;5,2;2,1;
2021/09/10;1900 UTC;0;927,4;927,7;927,2;639;20;15,3;20,9;19,6;15,3;14,1;76;67;74;154;4,3;2,3;
2021/09/10;2000 UTC;0;927,9;928;927,4;481,3;20,1;15,4;20,4;19,9;15,4;14,4;74;69;74;58;4,3;,6;
2021/09/10;2100 UTC;0;928,1;928,1;927,9;112,6;19,9;15,3;20,1;19,6;16,8;15,3;83;75;75;332;4,3;1,3;
2021/09/10;2200 UTC;0;928,2;928,3;927,8;;20,1;12,7;20,4;19,8;15,3;12,7;75;62;63;300;3,5;1;
2021/09/10;2300 UTC;0;928,4;928,5;928,2;;20;12;20,2;19,9;12,8;11,8;64;59;60;317;3,9;1,3;
2021/09/11;0000 UTC;0;928,9;929;928,4;;19,7;13,6;20;19,6;13,6;11,8;68;59;68;301;3,4;,9;
2021/09/11;0100 UTC;0;929,2;929,2;928,9;;20,2;13,6;20,4;19,7;14,2;13,5;69;65;66;280;4;,7;
2021/09/11;0200 UTC;0;929,3;929,4;929;;19,6;13;20,2;19,6;13,8;13;69;64;66;323;3;,8;
2021/09/11;0300 UTC;0;929,8;929,8;929,3;;19,8;13;20;19,6;13,2;12,3;66;61;65;236;2,6;,7;
2021/09/11;0400 UTC;;;;;;;;;;;;;;;;;;
2021/09/11;0500 UTC;0;928,7;929,1;928,5;;19;12,2;19,4;18,7;13,6;12,1;72;63;65;246;3;,5;
2021/09/11;0600 UTC;0;927,5;928,8;927,5;;17,3;15,3;19;17,3;15,3;12,2;88;65;88;22;3;1,3;
2021/09/11;0700 UTC;,4;928,1;928,6;927,2;;17,3;17,3;17,9;17,2;17,5;15,1;100;86;100;254;3,3;,9;
2021/09/11;0800 UTC;0;928,5;928,5;927,8;;17,4;17,2;17,4;17,1;17,4;17,1;100;99;99;271;3,3;,7;
2021/09/11;0900 UTC;0;929,2;929,2;928,3;;17,3;17,3;17,4;17,1;17,3;17,1;100;99;100;269;2,1;,9;
2021/09/11;1000 UTC;0;930,6;930,7;929,2;12,8;17,2;17;17,4;17,2;17,4;17;100;99;99;254;2,5;1;
2021/09/11;1100 UTC;,4;930,5;930,9;930,4;101,4;17,1;17,1;17,4;17;17,4;16,7;100;97;100;160;3;1,5;
2021/09/11;1200 UTC;0;931,9;931,9;930,3;313,2;17,8;16,3;17,8;17;17,6;15,6;100;88;91;182;3,4;1,4;
2021/09/11;1300 UTC;0;932,2;932,2;931,7;1097,2;19;15,3;19,2;17,6;17;15,3;95;79;79;148;3;1,2;
2021/09/11;1400 UTC;0;931,8;932,2;931,8;2523,8;21,9;15;22;19;16,5;14,8;82;65;65;140;3;1,3;
2021/09/11;1500 UTC;0;931,7;931,9;931,5;1706,8;22,3;12,6;23;21,6;15;9,8;65;44;55;193;3,4;1,6;
2021/09/11;1600 UTC;0;930,8;931,8;930,8;866,7;22;13,4;22,4;21,6;14,3;9,2;62;44;58;156;3,6;1,8;
2021/09/11;1700 UTC;0;930,6;930,8;930,5;2527,3;23,4;11,4;23,4;21,7;16,3;11;69;47;47;166;5,2;2,7;
2021/09/11;1800 UTC;0;929,8;930,6;929,8;2018,8;23,9;10,6;24,8;23,2;13,3;9,7;53;40;43;191;5,2;2,1;
2021/09/11;1900 UTC;0;930;930,1;929,7;1188,5;20,3;15,4;24,2;20,3;15,7;10,4;74;43;74;155;7;3,6;
2021/09/11;2000 UTC;0;929,7;930;929,6;518;19,3;15,2;20,3;19,3;15,9;15,2;79;74;77;127;7;2;
2021/09/11;2100 UTC;0;929,6;929,8;929,5;161,2;18,5;15;19,4;18,5;15,7;15;81;76;80;98;3,4;,7;
2021/09/11;2200 UTC;0;929,6;929,6;929,3;;19;14,4;19,1;18,2;15,2;14,2;82;74;74;326;2,2;1,2;
2021/09/11;2300 UTC;0;930,4;930,4;929,4;;18,5;15,1;19,2;18,5;15,7;14;83;73;81;131;2,2;,5;
2021/09/12;0000 UTC;0;930,7;930,9;930,4;;18;15,1;18,5;17,9;15,7;15,1;85;81;83;142;4,2;1,5;
2021/09/12;0100 UTC;0;931,1;931,1;930,7;;17,9;15,3;18,1;17,7;15,6;14,7;87;81;85;148;3;1,6;
2021/09/12;0200 UTC;0;931,8;931,8;931,1;;17,6;15,4;17,9;17,5;15,9;15,3;90;85;87;157;2,8;1;
2021/09/12;0300 UTC;0;931,6;932;931,6;;17,1;16;17,6;17;16,2;15,1;95;87;93;163;2,9;1,5;
2021/09/12;0400 UTC;0;931;931,7;931;;16,2;16,2;17,1;16,2;16,6;15,6;100;91;100;152;2,8;,8;
2021/09/12;0500 UTC;0;930,3;931;930,3;;16,1;16,1;16,4;15,8;16,4;15,8;100;100;100;132;2,3;1,3;
2021/09/12;0600 UTC;0;930,4;930,4;930,3;;15,8;15,8;16,2;15,8;16,2;15,8;100;100;100;162;4;2,1;
2021/09/12;0700 UTC;0;930,4;930,4;930,1;;15,1;15,1;15,8;15;15,8;15;100;100;100;123;4,8;1,9;
2021/09/12;0800 UTC;0;930,1;930,4;930,1;;15,2;15,2;15,3;14,9;15,3;14,9;100;100;100;146;3,7;1,1;
2021/09/12;0900 UTC;0;930,5;930,5;930,1;;15,1;15,1;15,3;14,7;15,3;14,7;100;100;100;152;2,5;1,3;
2021/09/12;1000 UTC;0;931,1;931,1;930,5;58,1;15,6;15,6;15,7;15;15,7;15;100;100;100;118;3,4;1,3;
2021/09/12;1100 UTC;0;931,8;931,8;931,1;382,5;15,9;15,9;16,1;15,5;16;15,4;100;100;100;144;2,5;,9;
2021/09/12;1200 UTC;0;932,1;932,1;931,8;1449,7;19,5;16,2;19,5;15,9;17,8;15,7;100;80;81;125;2,7;1,4;
2021/09/12;1300 UTC;0;931,6;932,1;931,6;2238,7;22,8;15,3;22,8;19,4;16,8;14,9;82;62;63;96;3,5;1,7;
2021/09/12;1400 UTC;0;931,3;931,6;931,3;2749,9;24,7;14,4;25;22,7;15,8;13,7;63;51;53;139;3,5;1,7;
2021/09/12;1500 UTC;0;930,7;931,3;930,7;3019;25,7;14,6;26,3;24,7;15,5;13,5;55;47;50;150;3,9;2,1;
2021/09/12;1600 UTC;0;929,9;930,7;929,9;3014;26,4;15,6;27;25,6;16,1;14,3;53;48;52;167;4,8;2,9;
2021/09/12;1700 UTC;0;929,2;929,9;929,2;2790;25,4;16,7;27,3;25,4;17,9;15;60;49;59;127;5,3;2,8;
2021/09/12;1800 UTC;0;928,8;929,2;928,8;2312,5;22,4;17,5;25,9;22,3;17,9;16,6;74;59;74;147;6,9;3,5;
2021/09/12;1900 UTC;0;929;929;928,7;1562,3;19;18,5;22,6;18,9;18,5;16,9;97;72;97;141;9,6;4,6;
2021/09/12;2000 UTC;0;929,1;929,1;928,9;495,4;17,9;17,9;19,1;17,9;18,7;17,7;100;92;100;143;9,6;4;
2021/09/12;2100 UTC;0;929,3;929,4;929,1;80,8;17,5;17,5;18;17,5;18;17,5;100;100;100;136;8,3;2,8;
2021/09/12;2200 UTC;0;929,7;929,7;929,3;0;17,3;17,3;17,6;17,2;17,5;17,2;100;100;100;144;6,2;2,3;
2021/09/12;2300 UTC;0;930;930;929,6;;17,2;17,2;17,4;17,2;17,4;17,2;100;100;100;122;6,2;2,3;
2021/09/13;0000 UTC;0;930,2;930,3;930;;17;16,9;17,3;16,8;17,2;16,8;100;100;100;127;4,3;1,4;
2021/09/13;0100 UTC;0;930,3;930,4;930,2;;16,9;16,8;17;16,8;17;16,8;100;100;100;147;2,6;,8;
2021/09/13;0200 UTC;0;930,4;930,5;930,2;;16,5;16,5;16,9;16,4;16,8;16,4;100;100;100;195;1,5;,5;
2021/09/13;0300 UTC;0;930,3;930,5;930,3;;16,5;16,5;16,5;16,3;16,5;16,3;100;100;100;156;1,1;,6;
2021/09/13;0400 UTC;0;930;930,3;929,9;;16,5;16,5;16,7;16,3;16,7;16,3;100;100;100;149;1,2;,5;
2021/09/13;0500 UTC;0;929,2;930;929,2;;16,4;16,4;16,7;16,3;16,7;16,3;100;100;100;178;1,2;,6;
2021/09/13;0600 UTC;0;928,5;929,2;928,5;;17;17;17,1;16,3;17,1;16,3;100;100;100;358;1,7;,8;
2021/09/13;0700 UTC;0;928,1;928,5;928,1;;17,8;17,8;18;17;18;17;100;100;100;34;2,7;1,3;
2021/09/13;0800 UTC;0;927,9;928,1;927,9;;18,8;18,7;18,8;17,8;18,7;17,8;100;100;100;2;5,4;1,2;
2021/09/13;0900 UTC;0;928,1;928,1;927,8;;18,5;17,8;18,8;18,4;18,7;17,8;100;95;96;5;3,2;1,1;
2021/09/13;1000 UTC;0;928,4;928,4;928;146,6;19;17,2;19;18,3;18,3;17,2;99;90;90;356;4;1,8;
2021/09/13;1100 UTC;0;928,5;928,5;928,3;728,9;21,5;17,1;21,5;19;17,5;16,8;90;75;76;35;4,9;1,3;
2021/09/13;1200 UTC;,2;928,5;928,5;928,4;1479,5;23,6;15,7;23,7;21,5;17,6;15,7;77;61;61;32;4,6;1,3;
2021/09/13;1300 UTC;0;927,9;928,5;927,9;1865,3;26,5;15,6;26,5;23,6;16,6;15,4;63;50;51;40;4,2;1,5;
2021/09/13;1400 UTC;0;927,3;927,9;927,3;2329,9;29,4;14,1;29,4;26,2;16,8;13,5;54;38;39;335;5,6;2,6;
2021/09/13;1500 UTC;0;926,4;927,3;926,4;2607,8;31,4;13,3;31,4;29,4;14,4;12,8;40;32;33;341;6,9;2,4;
2021/09/13;1600 UTC;0;925,4;926,4;925,4;2632,4;32,6;12,3;33;31,3;14,9;11,5;36;28;29;329;7,6;2,4;
2021/09/13;1700 UTC;0;924,3;925,4;924,3;2231,6;32,7;10,4;34,2;32,5;13,4;9;30;23;26;331;6,9;3;
2021/09/13;1800 UTC;0;923,4;924,3;923,3;1739,9;33,4;9,6;33,8;32,7;11,9;8;29;20;23;322;9;2,3;
2021/09/13;1900 UTC;0;923;923,4;923;1349,4;33,4;7,7;33,5;32,9;10,2;6,5;25;18;21;343;7,5;2;
2021/09/13;2000 UTC;0;923,3;923,3;923;646,4;31,5;7;33,4;31,5;9,9;6,8;26;20;22;328;6,7;1,4;
2021/09/13;2100 UTC;0;923,5;923,6;923,3;135,5;29;7,6;31,5;29;8,7;7,1;26;22;26;308;5,8;,6;
2021/09/13;2200 UTC;0;924;924;923,5;;28,2;7,3;29;28,1;7,8;7,1;27;26;27;28;1,9;1;
2021/09/13;2300 UTC;0;924,6;924,6;924;;27,7;12,6;29,2;27,6;12,6;7,4;39;27;39;341;2,8;1,1;
2021/09/14;0000 UTC;0;924,8;924,9;924,6;;27,4;13,9;28;27;14;12,5;44;39;44;341;2,7;1,1;
2021/09/14;0100 UTC;0;924,9;925;924,8;;26,2;13;27,4;26,2;13,9;13;47;43;44;350;2,6;1;
2021/09/14;0200 UTC;0;924,5;924,9;924,5;;26,6;10,9;26,8;26,2;13,2;10,9;44;37;37;353;3,3;1,3;
2021/09/14;0300 UTC;0;924,2;924,5;924,2;;26,3;9,7;26,7;26;10,9;9,6;38;35;35;360;4,6;1,5;
2021/09/14;0400 UTC;0;924;924,3;924;;25,2;10,5;26,5;25;10,7;9,5;40;34;40;359;4,6;1;
2021/09/14;0500 UTC;0;923,2;924;923,2;;24,7;10;25,3;24,4;11;9,9;43;38;40;335;3,1;1,3;
2021/09/14;0600 UTC;0;923,4;923,4;923,1;;24,5;9,6;24,8;24,4;10,1;9,5;40;38;39;347;3,3;,9;
2021/09/14;0700 UTC;0;923,4;923,6;923,4;;23,4;10,6;24,7;23,3;10,6;9,6;44;39;44;335;2,2;1,1;
2021/09/14;0800 UTC;0;924;924;923,4;;22,6;11,1;23,6;22,5;11,1;10,6;48;44;48;356;2,5;,9;
2021/09/14;0900 UTC;0;924,3;924,3;924;;22,5;11,1;23,2;21,9;11,4;10,6;50;45;49;354;2,6;1,1;
2021/09/14;1000 UTC;0;925;925;924,3;82,2;21,8;11,7;22,5;21;12,2;11;57;49;53;322;2,7;,8;
2021/09/14;1100 UTC;0;925,7;925,7;925;448,3;24,5;9,9;24,5;21,8;12,2;9,8;54;39;40;327;4,5;1,7;
2021/09/14;1200 UTC;0;926;926,1;925,7;1058,4;27,5;7;27,5;24,5;12;5,8;44;25;27;343;7,4;3,2;
2021/09/14;1300 UTC;0;925,9;926,2;925,9;1806,8;29,4;4,4;29,6;27,5;7,5;4,4;29;20;20;342;9,3;4;
2021/09/14;1400 UTC;0;925,6;925,9;925,6;2290,8;31;7;31,2;29,4;7,7;4,5;24;20;22;331;12,9;3,6;
2021/09/14;1500 UTC;0;925,1;925,6;925,1;2440,9;31,3;7,5;32,1;30,9;8,5;6;24;20;23;330;9,9;3,8;
2021/09/14;1600 UTC;0;924,3;925,1;924,3;2027,7;32,5;5,4;33;31;9,5;5,4;27;18;18;325;10,1;4,2;
2021/09/14;1700 UTC;0;923,5;924,3;923,5;2108,7;32,4;5,3;33,2;31,9;7,1;4,7;21;18;18;327;10,8;4,3;
2021/09/14;1800 UTC;0;923;923,5;922,9;1117,2;31,8;7,7;32,4;31,5;8,6;5,3;24;18;22;330;12,4;2,4;
2021/09/14;1900 UTC;0;923,5;923,5;923;641,7;31,1;8,4;32,1;31,1;9,6;6,1;27;20;24;306;8,8;1,5;
2021/09/14;2000 UTC;0;925,5;925,5;923,5;259,7;21,2;17,9;31,7;21;18,1;4,5;83;18;82;145;15,5;3;
2021/09/14;2100 UTC;0;926,7;926,7;925,5;99,4;20,8;17,9;21,4;20,7;18,2;17,5;85;79;84;149;6,2;2,6;
2021/09/14;2200 UTC;0;927,9;927,9;926,7;;20,4;17,4;21;20,4;17,8;16,8;84;77;83;158;5,7;2,4;
2021/09/14;2300 UTC;0;928,4;928,7;927,9;;20,6;16,8;20,7;20,4;17,6;16,7;84;78;79;198;5,3;1,3;
2021/09/15;0000 UTC;0;928,7;928,7;928,2;;20,5;16,3;20,7;20,2;17;16,2;81;76;77;264;4;,7;
2021/09/15;0100 UTC;0;927,8;928,7;927,8;;20,1;17;20,6;19,9;17,3;16,3;85;76;82;44;2,6;1,1;
2021/09/15;0200 UTC;0;929;929,1;927,8;;20,7;16,6;21,5;20,2;16,9;16,1;82;72;77;309;3,9;1,3;
2021/09/15;0300 UTC;0;928,3;929;928,3;;20,9;15,6;20,9;20,5;16,7;15,5;79;71;72;330;3,8;1,4;
2021/09/15;0400 UTC;0;927,4;928,3;927,3;;20,4;15,8;21,5;20,4;15,8;14,5;75;65;75;318;3,6;1,3;
2021/09/15;0500 UTC;0;926,7;927,5;926,7;;21;15,1;21,1;19,9;16,9;15,1;82;69;69;323;4,5;1,6;
2021/09/15;0600 UTC;0;926,4;927;926,4;;20,9;14,9;21,1;20,6;15,6;14,8;73;68;68;329;5,1;1,7;
2021/09/15;0700 UTC;0;926,5;926,6;926,3;;20,1;16,3;21,1;20,1;16,5;14,6;80;67;78;318;4,2;1,1;
2021/09/15;0800 UTC;0;928;928;926,5;;20,5;15,9;20,6;19,7;16,7;15,7;83;73;75;289;5,4;1,9;
2021/09/15;0900 UTC;0;929;929,1;928;;20,3;14,7;20,8;20,2;16;14,5;75;67;70;245;4,5;,6;
2021/09/15;1000 UTC;0;929,4;929,4;929;55,3;19,9;16,4;20,4;19,9;16,4;14,4;80;69;80;134;2,8;,7;
2021/09/15;1100 UTC;0;930,6;930,6;929,4;183,3;19,2;16,1;20,1;19,2;16,2;15,5;82;76;82;163;6,5;3,5;
2021/09/15;1200 UTC;0;931,5;931,5;930,6;335;19,1;16,7;19,4;19;16,7;16,2;86;82;86;162;6,7;2,9;
2021/09/15;1300 UTC;0;931,8;931,8;931,3;385,9;19,4;17;19,4;19;17,6;16,5;91;85;86;142;7,1;2,2;
2021/09/15;1400 UTC;0;931,7;931,9;931,6;280,5;18,9;18,3;19,5;18,9;18,5;16,8;97;85;97;161;6;2,5;
2021/09/15;1500 UTC;0;931,8;932;931,6;257;18,7;18,7;19;18,5;18,7;18,3;100;96;100;172;6,6;2,5;
2021/09/15;1600 UTC;0;931,5;931,8;931,4;319,8;19;17;19,1;18,6;18,9;16,8;100;87;88;159;5,9;2,4;
2021/09/15;1700 UTC;0;931,2;931,5;931,1;666,7;19,2;16,7;19,9;18,9;17,5;16,5;90;82;85;147;6,3;2,5;
2021/09/15;1800 UTC;0;931,5;931,5;931,2;330,1;18;17,9;19,3;18;18,8;16,9;100;85;100;158;6,3;2,1;
2021/09/15;1900 UTC;,2;931,8;931,9;931,4;258;18,1;18;18,4;17,9;18,4;17,8;100;99;99;168;4,8;2,1;
2021/09/15;2000 UTC;0;932;932;931,8;72,5;17,5;17,5;18,2;17,4;18,1;17,5;100;98;100;143;5,9;2,8;
2021/09/15;2100 UTC;0;932,6;932,6;932;33,8;17,4;17,4;17,6;17,4;17,5;17,4;100;100;100;160;7,7;2,9;
2021/09/15;2200 UTC;0;933,4;933,4;932,5;;17,1;17,1;17,5;17;17,4;17;100;100;100;170;7,4;1,9;
2021/09/15;2300 UTC;,4;933,8;934;933,4;;16,7;16,7;17,1;16,6;17,1;16,6;100;100;100;122;6,3;2,7;
2021/09/16;0000 UTC;0;934;934;933,6;;16,8;16,7;16,8;16,5;16,7;16,5;100;100;100;126;7;2,4;
2021/09/16;0100 UTC;,4;934,3;934,4;934;;16,8;16,8;16,9;16,7;16,9;16,7;100;100;100;154;6,2;2,4;
2021/09/16;0200 UTC;,2;934,7;934,7;934,3;;16,8;16,8;16,8;16,7;16,8;16,7;100;100;100;148;6,9;3,2;
2021/09/16;0300 UTC;,2;934,3;934,9;934,3;;16,3;16,3;16,8;16,3;16,7;16,3;100;100;100;123;8,3;2,7;
2021/09/16;0400 UTC;,2;933,8;934,3;933,8;;16,6;16,6;16,6;16,3;16,6;16,3;100;100;100;127;6,6;2,2;
2021/09/16;0500 UTC;0;933,2;933,8;933,2;;16,6;16,6;16,6;16,5;16,6;16,5;100;100;100;133;7,2;2,8;
2021/09/16;0600 UTC;0;933;933,3;933;;16,4;16,4;16,7;16,3;16,7;16,3;100;100;100;131;8,1;3,3;
2021/09/16;0700 UTC;0;933,1;933,2;932,8;;16,3;16,3;16,5;16,3;16,5;16,3;100;100;100;152;8,1;3,5;
2021/09/16;0800 UTC;0;933,4;933,5;933,1;;16,2;16,2;16,5;16,2;16,5;16,2;100;100;100;127;7,5;3,2;
2021/09/16;0900 UTC;0;934,4;934,4;933,4;;16,1;16;16,3;16;16,2;16;100;100;100;132;8,3;3,2;
2021/09/16;1000 UTC;0;935,3;935,3;934,4;20,4;16;16;16,2;16;16,2;16;100;100;100;152;6,8;3,5;
2021/09/16;1100 UTC;0;935,9;935,9;935,3;85,5;16,3;16,3;16,3;16;16,3;16;100;100;100;147;8,1;3,3;
2021/09/16;1200 UTC;0;936,2;936,2;935,9;419,1;17,1;16,9;17,2;16,3;17,1;16,3;100;98;99;125;7,3;3,3;
2021/09/16;1300 UTC;0;936,1;936,2;936;562,4;17,1;16,5;17,5;17;17,3;16,5;99;96;96;143;7,6;3,5;
2021/09/16;1400 UTC;0;935,9;936,1;935,8;717,9;17,8;16,7;17,8;17,1;17,2;16;98;92;93;128;7,4;2,8;
2021/09/16;1500 UTC;0;935,4;935,9;935,4;716,3;17,4;16,7;18;17,4;17,4;15,8;99;89;95;133;7,7;3,3;
2021/09/16;1600 UTC;0;935;935,4;935;641,8;17,5;16,3;17,7;17,3;17,7;16,3;100;93;93;145;8,4;4;
2021/09/16;1700 UTC;0;934,7;935;934,7;703,2;17,3;15,4;18,1;17,2;17,2;15,3;98;86;89;152;9,1;4,4;
2021/09/16;1800 UTC;0;934,3;934,7;934,3;531,3;17;15,3;17,6;16,8;16,4;15;96;86;89;135;10,6;4,1;
2021/09/16;1900 UTC;0;934,6;934,7;934,3;427,9;16,4;16,4;17;16,4;16,7;15,1;100;89;100;156;9,4;4,5;
2021/09/16;2000 UTC;0;934,7;934,9;934,5;149,8;15,8;15,8;16,4;15,7;16,4;15,6;100;100;100;145;9,5;3,9;
2021/09/16;2100 UTC;0;935,7;935,8;934,7;19,3;15,5;15,5;15,9;15,4;15,9;15,4;100;99;100;159;9,3;3,7;
2021/09/16;2200 UTC;0;936;936;935,6;;15,3;15,3;15,5;15,3;15,5;15,3;100;100;100;152;11,6;4,4;
2021/09/16;2300 UTC;2;935,8;936,1;935,5;;15,5;15,4;15,5;15,3;15,5;15,3;100;100;100;117;10,1;3,7;
2021/09/17;0000 UTC;,6;935,8;935,9;935,5;;14,8;14,8;15,5;14,8;15,5;14,8;100;100;100;127;9,1;4,5;
2021/09/17;0100 UTC;0;936,2;936,3;935,8;;14,5;14,5;14,9;14,5;14,9;14,5;100;100;100;137;9;2,7;
2021/09/17;0200 UTC;0;935,8;936,3;935,6;;14,5;14,5;14,6;14,3;14,5;14,3;100;100;100;139;6,3;2,3;
2021/09/17;0300 UTC;0;935,7;935,9;935,6;;14,8;14,8;14,8;14,4;14,8;14,4;100;100;100;129;6,6;2,8;
2021/09/17;0400 UTC;0;935;935,7;935;;14,7;14,7;14,9;14,7;14,9;14,6;100;100;100;133;6,9;3;
2021/09/17;0500 UTC;0;934,3;934,9;934,3;;14,6;14,5;14,7;14,4;14,7;14,4;100;100;100;132;7,7;3;
2021/09/17;0600 UTC;0;933,6;934,3;933,6;;14,8;14,8;14,8;14,5;14,8;14,5;100;100;100;128;6,2;2,9;
2021/09/17;0700 UTC;,2;933,6;933,8;933,6;;14,6;14,6;14,9;14,5;14,9;14,5;100;100;100;127;6,8;2,7;
2021/09/17;0800 UTC;0;933,7;934;933,6;;14,6;14,6;14,8;14,4;14,8;14,4;100;100;100;123;8;2,8;
2021/09/17;0900 UTC;0;934;934,2;933,7;;14,5;14,5;14,7;14,5;14,7;14,5;100;100;100;130;8,1;3,3;
2021/09/17;1000 UTC;0;934,4;934,4;933,9;43,8;14,6;14,6;14,6;14,4;14,6;14,4;100;100;100;120;8,2;2,7;
2021/09/17;1100 UTC;0;934,9;935;934,3;167,2;14,9;14,9;15;14,6;15;14,6;100;100;100;127;6,3;2,6;
2021/09/17;1200 UTC;0;934,6;934,9;934,4;339,8;15,3;15,3;15,4;15;15,4;14,9;100;100;100;110;7,4;2,4;
2021/09/17;1300 UTC;0;934,3;934,7;934,3;705,4;16,5;16,4;16,5;15,3;16,4;15,3;100;99;99;117;5,3;2,8;
2021/09/17;1400 UTC;0;933,6;934,3;933,6;819,1;16,5;16,2;16,8;16,3;16,8;15,9;100;95;98;141;5,5;2,5;
2021/09/17;1500 UTC;0;932,2;933,5;932,2;912,1;17,1;17,1;17,2;16,4;17,1;16,3;100;98;100;135;5,9;2,5;
2021/09/17;1600 UTC;0;931,4;932,2;931,4;1239,9;16,7;16,7;17,6;16,6;17,5;16,6;100;97;100;150;7,3;3,9;
2021/09/17;1700 UTC;0;930,5;931,4;930,5;996;16,6;16,6;17,6;16,2;17,5;16,2;100;96;100;139;7,2;3,2;
2021/09/17;1800 UTC;0;929,7;930,5;929,7;589,4;15,9;15,9;16,7;15,9;16,7;15,9;100;100;100;155;6,5;4,1;
2021/09/17;1900 UTC;0;929,6;929,7;929,4;277,4;15,7;15,7;16,1;15,5;16,1;15,5;100;100;100;152;7;3,2;
2021/09/17;2000 UTC;0;930,2;930,2;929,5;134,7;15,5;15,4;15,7;15,3;15,7;15,3;100;100;100;151;8;2,9;
2021/09/17;2100 UTC;0;930,9;930,9;930,2;30,2;15,2;15,2;15,5;15,1;15,4;15,1;100;100;100;144;7,6;2,5;
2021/09/17;2200 UTC;0;931,1;931,1;930,8;0;15,2;15,2;15,3;15;15,3;15;100;100;100;128;6,8;2,6;
2021/09/17;2300 UTC;0;931,2;931,4;931,1;;15,2;15,2;15,3;15;15,3;15;100;100;100;133;6,8;2,6;
2021/09/18;0000 UTC;0;931,1;931,2;930,9;;15,4;15,4;15,5;15,2;15,5;15,2;100;100;100;112;4,9;1,4;
2021/09/18;0100 UTC;0;930,5;931,2;930,5;;15,6;15,6;15,6;15,4;15,6;15,4;100;100;100;61;3,4;,9;
2021/09/18;0200 UTC;0;930,9;931;930,4;;15,8;15,8;15,8;15,6;15,8;15,6;100;100;100;174;2,9;1,6;
2021/09/18;0300 UTC;0;930,3;930,9;930,3;;16;16;16;15,7;16;15,7;100;100;100;151;2,9;1,4;
2021/09/18;0400 UTC;0;929,6;930,4;929,6;;16;15,9;16,1;15,9;16;15,9;100;100;100;174;3;1,2;
2021/09/18;0500 UTC;0;928,6;929,6;928,6;;16,2;16,2;16,2;15,9;16,2;15,9;100;100;100;159;2,5;,4;
2021/09/18;0600 UTC;0;928,1;928,7;928,1;;16,4;16,4;16,4;16,1;16,4;16,1;100;100;100;153;2,3;,8;
2021/09/18;0700 UTC;0;927,9;928,1;927,9;;16,7;16,7;16,7;16,4;16,7;16,4;100;100;100;125;3,3;,7;
2021/09/18;0800 UTC;0;927,9;927,9;927,7;,2;17;17;17;16,7;17;16,7;100;100;100;105;3,3;,9;
2021/09/18;0900 UTC;0;928;928,1;927,8;,1;17,2;17,2;17,2;17;17,2;17;100;100;100;50;3,3;,9;
2021/09/18;1000 UTC;0;928,3;928,3;927,9;75;17,5;16,9;17,6;17,2;17,4;16,9;100;96;96;7;4,3;1,5;
2021/09/18;1100 UTC;0;928,8;928,8;928,2;540,7;19,1;16,6;19,1;17,5;17,2;16,2;96;84;86;7;3,7;1,1;
2021/09/18;1200 UTC;0;928,5;928,8;928,5;1357,2;21,2;16,2;21,2;19;17,2;15,8;86;73;73;339;4,4;1,7;
2021/09/18;1300 UTC;0;928,3;928,5;928,2;2004,3;24;16,1;24;21,2;16,8;15,5;75;60;61;333;5,8;2,2;
2021/09/18;1400 UTC;,2;927,9;928,4;927,9;2557;27,1;16,1;27,1;24,1;16,4;14,5;61;48;51;333;5;1,9;
2021/09/18;1500 UTC;0;927,2;927,9;927,2;2874,8;29,9;15,2;29,9;26,8;16,1;14,1;51;39;41;292;6,3;1,7;
2021/09/18;1600 UTC;0;926,4;927,2;926,4;2830,5;31,1;14;31,2;29,7;15,4;12,4;42;32;35;287;8,1;1,8;
2021/09/18;1700 UTC;0;926,1;926,4;926,1;2433,3;22,9;18,2;31,5;22;18,7;12,8;78;33;75;145;6,6;3,2;
2021/09/18;1800 UTC;0;925,7;926,1;925,6;2228;21,1;17,8;22,9;21;18,3;17,2;82;73;81;125;7,1;3,4;
2021/09/18;1900 UTC;0;926;926;925,7;1189,6;18,4;18,2;21,3;18,4;18,3;17,2;99;80;99;143;7,7;3,6;
2021/09/18;2000 UTC;0;926,3;926,4;926;190;17,5;17,5;18,4;17,5;18,4;17,5;100;99;100;141;7,7;3;
2021/09/18;2100 UTC;0;926,6;926,6;926,3;82,9;17,1;17,1;17,7;17,1;17,7;17,1;100;100;100;114;5,8;2;
2021/09/18;2200 UTC;0;926,9;927;926,5;1;17;17;17,3;17;17,3;17;100;100;100;85;3,6;1,1;
2021/09/18;2300 UTC;0;927,3;927,3;926,9;;17;17;17,1;16,9;17,1;16,9;100;100;100;121;2,5;,9;
2021/09/19;0000 UTC;0;927,9;927,9;927,3;;16,8;16,8;17,1;16,8;17,1;16,8;100;100;100;144;2;,8;
2021/09/19;0100 UTC;0;928,2;928,2;927,9;;16,7;16,7;16,9;16,6;16,9;16,6;100;100;100;116;1,5;,3;
2021/09/19;0200 UTC;0;928,1;928,3;928;;16,7;16,7;16,8;16,4;16,7;16,3;100;100;100;152;1;,2;
2021/09/19;0300 UTC;0;927,9;928,1;927,8;;16,5;16,5;16,8;16,5;16,8;16,5;100;100;100;192;1,1;,4;
2021/09/19;0400 UTC;0;927,3;927,9;927,3;;16,8;16,8;17;16,4;17;16,4;100;100;100;76;,8;,3;
2021/09/19;0500 UTC;0;926,7;927,3;926,7;;16,5;16,5;16,8;16,4;16,8;16,4;100;100;100;128;,9;,7;
2021/09/19;0600 UTC;0;926,3;926,7;926,3;;16,5;16,4;16,7;16,4;16,7;16,4;100;100;100;233;,9;,3;
2021/09/19;0700 UTC;0;926;926,3;926;;16,3;16,3;16,6;16,2;16,6;16,2;100;100;100;232;1,1;,6;
2021/09/19;0800 UTC;0;926,2;926,2;926;;16,2;16,2;16,3;16;16,3;16;100;100;100;159;1,4;,8;
2021/09/19;0900 UTC;0;926,9;926,9;926,2;;16,7;16,7;16,7;16,1;16,7;16,1;100;100;100;153;2,6;1,5;
2021/09/19;1000 UTC;0;927,7;927,7;926,9;148,2;16,7;16,7;16,9;16,5;16,9;16,5;100;100;100;148;3,3;1,5;
2021/09/19;1100 UTC;0;928,4;928,4;927,7;551,4;17,4;17,4;17,6;16,6;17,6;16,6;100;100;100;113;3,2;1,2;
2021/09/19;1200 UTC;0;929,1;929,1;928,4;1502,6;20;17,9;20;17,2;19,1;17,2;100;87;88;148;3;1,9;
2021/09/19;1300 UTC;0;929,3;929,3;929,1;2279,4;21,5;18,2;21,6;19,7;18,5;17,4;89;80;81;149;5,2;2,4;
2021/09/19;1400 UTC;0;929,2;929,3;929,2;2815,7;20,9;17,5;22,4;20,9;18,9;17,3;84;76;81;152;6,1;3;
2021/09/19;1500 UTC;0;928,7;929,2;928,7;3020,2;22,2;18,1;22,6;20,9;18,9;17,5;83;75;77;158;5,9;3,2;
2021/09/19;1600 UTC;0;928,1;928,8;928,1;3068,6;23,8;18,1;24,2;22,3;18,8;17,7;78;69;71;158;5,5;3,2;
2021/09/19;1700 UTC;0;927,4;928,1;927,4;2871,6;23,1;18,6;24,4;22,8;19,2;17,7;76;69;76;158;6,8;3,1;
2021/09/19;1800 UTC;0;927;927,4;926,9;2371,7;20,9;18,1;23,5;20,9;18,9;17,8;85;72;84;136;7,2;3,6;
2021/09/19;1900 UTC;0;926,8;927;926,8;1168,5;19,2;19,2;20,9;19,2;19,9;18;100;84;100;134;7,7;4,1;
2021/09/19;2000 UTC;0;927;927,1;926,7;502,5;18,4;18,4;19,4;18,4;19,4;18,4;100;98;100;141;8,5;4;
2021/09/19;2100 UTC;0;927,6;927,6;927;59,7;17,9;17,9;18,5;17,9;18,4;17,9;100;100;100;145;7,3;3;
2021/09/19;2200 UTC;0;928,1;928,1;927,6;,2;17,8;17,8;18;17,7;18;17,7;100;100;100;151;6,5;3,3;
2021/09/19;2300 UTC;0;928,5;928,5;928,1;;17,7;17,7;17,9;17,6;17,9;17,6;100;100;100;125;5,9;2;
2021/09/20;0000 UTC;0;928,9;928,9;928,5;;17,6;17,6;17,7;17,5;17,7;17,5;100;100;100;126;5;2,1;
2021/09/20;0100 UTC;0;929,3;929,3;928,9;;17,4;17,4;17,8;17,4;17,8;17,4;100;100;100;109;5;1,6;
2021/09/20;0200 UTC;0;929,2;929,3;929,1;;17,4;17,4;17,5;17,3;17,5;17,3;100;100;100;128;3,2;1,5;
2021/09/20;0300 UTC;0;928,9;929,2;928,8;;17,5;17,5;17,5;17,4;17,5;17,3;100;100;100;126;3,7;1,6;
2021/09/20;0400 UTC;0;928,1;928,9;928,1;;17,4;17,4;17,6;17,4;17,5;17,4;100;100;100;99;4,1;1,5;
2021/09/20;0500 UTC;0;927,8;928,1;927,7;;17,2;17,2;17,5;17,1;17,5;17,1;100;100;100;146;2,9;1,3;
2021/09/20;0600 UTC;0;927,5;927,8;927,3;;17;17;17,3;16,8;17,3;16,8;100;100;100;136;1,9;,8;
2021/09/20;0700 UTC;0;928,1;928,1;927,5;;17,7;17,7;17,7;17;17,7;17;100;100;100;144;3;1,3;
2021/09/20;0800 UTC;0;928,2;928,2;927,9;;17,9;17,9;17,9;17,6;17,9;17,6;100;100;100;116;3;1,4;
2021/09/20;0900 UTC;0;928,2;928,3;928;;18;18;18;17,8;18;17,8;100;100;100;63;4,4;1,4;
2021/09/20;1000 UTC;0;928,6;928,6;928,2;72,7;18,6;18,6;18,6;18;18,6;18;100;99;100;76;3,4;1;
2021/09/20;1100 UTC;0;928,7;928,7;928,6;353,3;19,2;17,2;19,3;18,5;18,5;17,1;100;88;88;59;6;2,4;
2021/09/20;1200 UTC;0;928,4;928,7;928,4;1361;21,6;16,9;21,6;19,2;17,4;16,5;88;75;75;28;6,7;2,4;
2021/09/20;1300 UTC;0;927,6;928,4;927,6;2321;24,2;16;24,3;21,6;17,1;16;75;60;60;32;6,4;2,1;
2021/09/20;1400 UTC;0;927,7;927,8;927,5;2812,2;27,1;15,6;27,2;24,1;17,2;15;62;48;50;26;5,3;2;
2021/09/20;1500 UTC;0;926,9;927,7;926,9;3074;29,1;13,4;29,8;26,6;16,6;13,1;52;37;38;38;5,5;1,8;
2021/09/20;1600 UTC;0;925,9;926,9;925,9;3082,6;32,1;12,2;32,2;29,1;14,6;11,2;39;29;30;62;4,3;1,3;
2021/09/20;1700 UTC;0;925,1;925,9;925,1;2789,2;33,5;10,6;33,6;31,5;13,8;9,8;34;25;25;339;3,8;1,3;
2021/09/20;1800 UTC;0;924,4;925,1;924,4;2148,5;33,6;12,6;33,9;32,8;14;10,1;31;24;28;285;4;1,4;
2021/09/20;1900 UTC;0;924;924,4;924;1489,6;33,6;11,6;34,6;33;13,1;9,6;30;22;26;183;3,3;,9;
2021/09/20;2000 UTC;0;924,1;924,1;924;537,4;32,4;10,3;33,6;32,3;14,3;9,2;33;23;26;203;2,2;,9;
2021/09/20;2100 UTC;0;924,4;924,4;924,1;187,7;29;14;32,4;29;14,2;11,5;40;26;40;156;2,4;,6;
2021/09/20;2200 UTC;0;924,7;924,7;924,3;2,2;27,3;14,6;29;27,3;14,6;13,9;46;40;46;98;1,6;,3;
2021/09/20;2300 UTC;0;925,1;925,1;924,7;;24,3;18,4;27,3;24,3;18,4;14,6;69;46;69;134;2,3;1,1;
2021/09/21;0000 UTC;0;926,4;926,4;925,1;;20,4;20,4;24,5;20,4;20,8;18,4;100;69;100;146;10,3;3,7;
2021/09/21;0100 UTC;0;926,6;926,6;926,4;;19,6;19,6;20,4;19,6;20,3;19,6;100;100;100;119;6,8;1;
2021/09/21;0200 UTC;0;926,2;926,6;926,1;;19;19;19,6;19;19,6;19;100;100;100;24;2,2;,5;
2021/09/21;0300 UTC;0;925,8;926,1;925,8;;19,6;19,5;19,6;19;19,5;19;100;100;100;305;2,2;1,1;
2021/09/21;0400 UTC;0;925,3;925,8;925,3;;19,8;19,8;19,9;19,5;19,8;19,5;100;100;100;305;2,5;,5;
2021/09/21;0500 UTC;0;925,1;925,3;925,1;;20,3;20,3;20,4;19,8;20,4;19,8;100;100;100;311;2;1,1;
2021/09/21;0600 UTC;0;924,7;925,1;924,7;;20,6;20,2;20,8;20,3;20,5;20,1;100;96;97;314;2,2;1,2;
2021/09/21;0700 UTC;0;924,2;924,7;924,2;;20,4;19,9;20,6;20,3;20,2;19,8;99;96;97;319;1,8;,9;
2021/09/21;0800 UTC;0;923,9;924,2;923,9;;20,1;19,2;20,4;20,1;20,1;19,2;99;95;95;326;2,1;1,1;
2021/09/21;0900 UTC;0;924,5;924,5;923,9;;19,9;18,2;20,9;19,7;19,1;17,2;94;80;90;144;2,3;1;
2021/09/21;1000 UTC;0;924,8;924,8;924,5;153,8;20,7;17,8;20,7;19,7;18,2;17,5;90;83;83;188;2,3;,9;
2021/09/21;1100 UTC;0;925,4;925,4;924,8;860,3;24,1;16,5;24,6;20,7;18,5;16,4;83;62;63;1;3,3;1,2;
2021/09/21;1200 UTC;0;925,6;925,7;925,4;1195,2;26;16;26,1;23,4;17,4;15,9;69;54;54;345;3,3;1,5;
2021/09/21;1300 UTC;0;925,5;925,7;925,5;2205,4;29,8;15,7;29,8;25,9;16,9;14,8;56;40;43;328;3,6;1,7;
2021/09/21;1400 UTC;0;925,7;925,7;925,4;2628,7;32;13,8;32,2;29,8;15,6;13;42;32;33;288;4;1,5;
2021/09/21;1500 UTC;0;925;925,7;925;2787,4;33,5;;33,9;31,8;14,8;12,6;35;29;;169;3,8;1,1;
2021/09/21;1600 UTC;0;926,3;926,3;924,8;2382,2;20,3;20,2;33,5;20,2;20,3;12,4;100;29;100;158;12,3;6,4;
2021/09/21;1700 UTC;0;926,2;926,5;926;521,7;19,1;19,1;20,2;19,1;20,2;19,1;100;100;100;165;12,3;4,7;
2021/09/21;1800 UTC;0;926,5;926,5;925,9;318,1;17,9;17,9;19;17,9;19;17,9;100;100;100;162;10,3;4,7;
2021/09/21;1900 UTC;0;926,9;926,9;926,3;192,3;17,6;17,6;18,2;17,6;18,2;17,3;100;97;100;162;9,5;4,6;
2021/09/21;2000 UTC;0;927,7;927,7;926,9;215,7;17,2;16,1;17,6;17,2;17,6;15,8;100;91;93;165;11;4,8;
2021/09/21;2100 UTC;0;928,6;928,6;927,7;24,2;16,1;16,1;17,2;16,1;17;16;100;93;100;159;9,5;4,3;
2021/09/21;2200 UTC;0;929,1;929,1;928,6;;15,8;15,8;16,1;15,8;16,1;15,8;100;100;100;161;10,9;4,7;
2021/09/21;2300 UTC;0;929,9;929,9;929,1;;15,6;15,6;15,9;15,6;15,9;15,6;100;100;100;163;8,5;4,7;
2021/09/22;0000 UTC;,4;930,7;930,7;929,8;;15,1;15,1;15,6;15;15,6;15;100;100;100;160;8,8;4,3;
2021/09/22;0100 UTC;0;931,5;931,5;930,7;;13,7;13,7;15,1;13,7;15,1;13,7;100;100;100;162;11,1;5,3;
2021/09/22;0200 UTC;,2;931,5;931,7;931,3;;13,6;13,6;13,8;13,6;13,7;13,5;100;100;100;150;11,1;2,7;
2021/09/22;0300 UTC;,4;931,1;931,6;931;;13,7;13,7;13,7;13,5;13,7;13,5;100;100;100;158;8,5;2,8;
2021/09/22;0400 UTC;0;931;931,3;931;;13,4;13,4;13,8;13,4;13,8;13,4;100;100;100;160;10,3;4;
2021/09/22;0500 UTC;,2;930,8;931;930,7;;12,1;12,1;13,5;12,1;13,5;12,1;100;100;100;167;10,4;4,9;
2021/09/22;0600 UTC;,2;930,4;930,8;930,2;;12;12;12,3;12;12,3;12;100;100;100;159;10,4;4,6;
2021/09/22;0700 UTC;0;930,1;930,4;930,1;;12;12;12,1;11,9;12,1;11,9;100;100;100;160;10,3;3,9;
2021/09/22;0800 UTC;0;930,4;930,4;930;;12,2;12,2;12,3;11,9;12,3;12;100;100;100;149;8,2;4,1;
2021/09/22;0900 UTC;0;931,1;931,1;930,3;;12;11,1;12,4;11,8;12,4;11;100;94;95;151;10,2;4,9;
2021/09/22;1000 UTC;0;931,5;931,5;931,1;38,8;12,4;10,7;12,5;12;11,5;10,5;96;88;90;150;9,2;3,8;
2021/09/22;1100 UTC;0;931,8;931,9;931,5;238,5;12,8;11;12,9;12,3;12,5;10,8;100;89;89;153;7,9;3,6;
2021/09/22;1200 UTC;0;932,1;932,1;931,8;628,2;13,6;10,5;13,8;12,8;11,5;10,3;90;81;82;156;8,4;4,1;
2021/09/22;1300 UTC;0;932,2;932,3;932;790,1;14;9,6;14,6;13,4;11,2;9,5;83;74;75;151;8,8;4;
2021/09/22;1400 UTC;,2;932,2;932,3;932;818,5;13,6;13,2;14,3;13,3;13,9;9,6;98;75;97;138;8,8;3,2;
2021/09/22;1500 UTC;,4;932;932,2;931,8;1301,5;13,9;13,8;15;13,4;14,1;12;100;85;100;145;10;4,6;
2021/09/22;1600 UTC;,4;931,4;932;931,4;1443,6;14,1;14,1;15,4;13,6;14,4;11,7;100;81;100;131;10;3,8;
2021/09/22;1700 UTC;,2;930,9;931,4;930,9;1633,4;14,1;12,2;15,2;13,9;15,1;11,8;100;86;89;145;10;4,9;
2021/09/22;1800 UTC;0;930,7;931;930,7;1645,8;15,5;11,2;15,5;14;12,3;9,8;89;72;76;123;10,7;3,7;
2021/09/22;1900 UTC;0;930,9;930,9;930,6;699,1;14,2;10,5;15,4;13,8;11,5;10,2;84;73;79;128;8,9;3,9;
2021/09/22;2000 UTC;0;931,1;931,1;930,9;446,9;13,3;11,5;14,5;13,3;11,5;9,2;89;73;89;129;8,1;3,2;
2021/09/22;2100 UTC;0;931,3;931,4;931,1;127,2;13,1;11,6;13,6;13,1;13,3;11,5;99;88;91;119;8;3,3;
2021/09/22;2200 UTC;0;931,6;931,6;931,3;,7;13,2;11,3;13,3;13,1;12;10,9;92;86;88;110;7,7;3;
2021/09/22;2300 UTC;0;932;932,1;931,6;;13;10,6;13,2;12,9;11,4;10,4;90;84;86;128;7,2;2,7;
2021/09/23;0000 UTC;0;932,3;932,3;932;;13;10,7;13,4;13;11,2;10,4;87;84;86;128;8,8;4,1;
2021/09/23;0100 UTC;0;932,5;932,6;932,3;;13,2;10,8;13,2;12,9;11,1;10,3;88;84;85;126;8,5;3,9;
2021/09/23;0200 UTC;0;932,5;932,6;932,4;;13;10,6;13,2;13;11,1;10,2;87;84;85;131;8,5;3,7;
2021/09/23;0300 UTC;0;932,2;932,5;932,2;;12,9;10,6;13,1;12,8;10,9;10,2;87;84;86;132;8,1;3,6;
2021/09/23;0400 UTC;0;931,8;932,2;931,8;;12,4;9,9;12,9;12,4;10,7;9,5;87;82;85;122;8,6;3,6;
2021/09/23;0500 UTC;0;931,3;931,8;931,3;;12,3;10,1;12,5;12,2;10,2;9,7;87;84;86;120;8,8;3,4;
2021/09/23;0600 UTC;0;930,9;931,4;930,9;;12,3;9,6;12,4;12,1;10,6;9,3;89;82;84;117;8;3,6;
2021/09/23;0700 UTC;0;930,8;930,9;930,8;;11,7;8,1;12,3;11,7;9,6;8,1;84;78;78;129;7,6;3;
2021/09/23;0800 UTC;0;931,1;931,2;930,8;;11,7;7,3;11,9;11,5;8;7,3;78;75;75;110;7,6;2,7;
2021/09/23;0900 UTC;0;931,7;931,7;931,1;;11,2;7,7;11,7;11,1;7,8;7,3;80;75;79;116;6;2,3;
2021/09/23;1000 UTC;0;932,2;932,2;931,7;173,4;12;8,2;12,2;11,2;8,8;7,7;80;76;78;117;6,5;2,3;
2021/09/23;1100 UTC;0;933,1;933,1;932,2;495;13,3;8,2;13,5;12;9;7,9;79;71;71;107;8;3,2;
2021/09/23;1200 UTC;0;933,4;933,5;933;911,8;14,1;8;14,2;13,2;9;7,6;72;66;67;123;8,5;3,2;
2021/09/23;1300 UTC;0;933;933,4;933;1202,4;14,3;8,2;15,1;13,9;9;7,5;68;64;67;113;7,5;3,4;
2021/09/23;1400 UTC;0;933;933,1;932,9;1777,4;15,9;8,5;16,3;14,3;9;7,6;69;58;61;117;7,5;3,4;
2021/09/23;1500 UTC;0;932,6;933;932,6;2322,3;15,8;8,1;16,4;15,4;9,4;8,1;64;60;60;161;10,2;4,9;
2021/09/23;1600 UTC;0;932;932,6;931,9;3037,7;16,5;8,1;17,2;15,6;9,6;7,8;63;56;58;158;10,2;4,8;
2021/09/23;1700 UTC;0;931,5;932;931,5;3095,4;16,7;8,3;17,7;15,9;9,4;7,6;61;54;58;129;10,8;3,9;
2021/09/23;1800 UTC;0;931;931,5;930,9;2673,2;16,2;8,1;17,1;16,1;9;7,7;61;56;59;134;10;4,1;
2021/09/23;1900 UTC;0;930,6;931;930,5;1948,5;15,4;8,7;16,7;15,4;9,5;7,7;66;58;64;140;8,3;4,1;
2021/09/23;2000 UTC;0;930,7;930,7;930,5;802,4;14,6;9,8;15,5;14,6;10;8,8;73;64;73;136;10;3,9;
2021/09/23;2100 UTC;0;930,8;930,8;930,6;158,5;14,2;10,8;14,7;14,1;10,8;9,8;80;73;80;131;9,4;3,4;
2021/09/23;2200 UTC;0;930,8;930,9;930,7;1,2;13,8;11;14,2;13,7;11,1;10,4;83;79;83;140;8,9;3,5;
2021/09/23;2300 UTC;0;931,2;931,2;930,8;;13,8;10,9;13,9;13,7;11,4;10,9;85;83;83;132;8,7;3,6;
2021/09/24;0000 UTC;0;931,4;931,4;931,1;;13,5;10,7;13,8;13,5;11,1;10,5;84;81;83;136;8,3;3,3;
2021/09/24;0100 UTC;0;931,5;931,5;931,3;;13,4;10,8;13,5;13,2;10,9;10,3;85;82;84;128;7,8;2,6;
2021/09/24;0200 UTC;0;931,3;931,5;931,3;;13,3;11;13,5;13,2;11,2;10,8;87;84;86;110;6,3;3,1;
2021/09/24;0300 UTC;0;930,6;931,3;930,6;;13,2;10,9;13,4;13,1;11,2;10,8;87;85;86;124;6,2;2,4;
2021/09/24;0400 UTC;0;930,2;930,6;930,2;;12,7;10,9;13,2;12,7;11,3;10,9;90;86;89;123;4,9;1,9;
2021/09/24;0500 UTC;0;929,5;930,2;929,5;;12,2;12;12,7;12,2;12,3;10,9;100;89;99;126;4,7;1,7;
2021/09/24;0600 UTC;0;929;929,6;929;;11,9;11,9;12,2;11,8;12,2;11,5;100;97;100;111;3,7;1,3;
2021/09/24;0700 UTC;0;929,1;929,1;928,8;;12;11,5;12;11,6;11,9;11,5;100;97;97;95;3,1;1,2;
2021/09/24;0800 UTC;0;929,3;929,3;929;;12,2;10,2;12,3;11,8;11,9;10,2;100;87;87;88;5,2;2,3;
2021/09/24;0900 UTC;0;929,6;929,6;929,3;;12,2;9,9;12,6;12,2;10,3;9,8;87;84;86;69;7,4;2,1;
2021/09/24;1000 UTC;0;930;930;929,6;158,8;12,8;9,8;12,8;12,2;10,1;9,8;87;82;82;66;5,9;2,1;
2021/09/24;1100 UTC;0;930,2;930,3;930;887,2;14,8;9,8;14,8;12,8;10,2;9,6;82;72;72;50;5,5;2,4;
2021/09/24;1200 UTC;0;930,4;930,4;930,2;1687,9;16,8;10,1;16,9;14,7;10,8;9,5;74;63;65;53;5;1,7;
2021/09/24;1300 UTC;0;930,1;930,4;930;2413;18,9;10;19,5;16,9;10,8;9;66;52;56;57;4,1;1,4;
2021/09/24;1400 UTC;0;929,7;930,1;929,7;2918,9;21,5;8,9;21,9;18,9;10,8;8,7;56;43;45;51;3,7;1,5;
2021/09/24;1500 UTC;0;929,3;929,8;929,3;3122,1;23,4;10;23,4;21,4;10,8;8,4;48;40;43;129;3,3;1,4;
2021/09/24;1600 UTC;0;928,4;929,3;928,4;2803,6;24,9;9,5;25;23;10,7;8,9;44;36;38;143;4;1,5;
2021/09/24;1700 UTC;0;928;928,4;927,9;2627,5;21,5;13,8;26,3;21,4;13,8;9,3;62;35;62;139;7,9;3,9;
2021/09/24;1800 UTC;0;928,4;928,5;927,9;2242,5;18;13,2;22,1;17,9;14,3;12,7;74;59;74;155;8,7;5,1;
2021/09/24;1900 UTC;0;928,6;928,6;928,2;1178,9;16,4;13,6;18,1;16,4;13,7;13;84;73;83;159;8,7;3,8;
2021/09/24;2000 UTC;0;928,9;928,9;928,6;343,3;15,7;13,7;16,6;15,7;13,9;13,3;88;82;88;144;7,1;3;
2021/09/24;2100 UTC;0;929,4;929,4;928,9;49,1;14,9;13,6;15,8;14,9;14,1;13,4;94;87;92;139;6,7;2,3;
2021/09/24;2200 UTC;0;929,7;929,9;929,3;;14,7;13;15;14,5;14,7;13;100;89;89;171;6,3;3,1;
2021/09/24;2300 UTC;0;930,3;930,4;929,7;;14,7;12,3;14,9;14,6;13;12;90;84;85;170;6,3;2,2;
2021/09/25;0000 UTC;0;930,5;930,5;930,3;;14,8;12,4;14,9;14,7;12,8;12,3;88;85;86;167;4,6;1,5;
2021/09/25;0100 UTC;0;930,9;930,9;930,5;;14,3;13;14,9;14,3;13,1;12,4;92;86;92;198;3,1;,7;
2021/09/25;0200 UTC;0;930,7;931;930,7;;14;12,5;14,3;14;13,1;12,4;93;89;90;179;1,8;,7;
2021/09/25;0300 UTC;0;930,6;930,9;930,6;;13,9;13,6;14,2;13,8;13,6;12,2;99;89;99;245;2,5;,5;
2021/09/25;0400 UTC;0;930;930,6;930;;13,8;13,8;13,9;13,5;13,9;13,5;100;99;100;182;2,7;1,3;
2021/09/25;0500 UTC;0;929,6;930;929,6;;13,5;13,5;13,9;13,4;13,8;13,4;100;100;100;160;4,1;2,2;
2021/09/25;0600 UTC;0;929;929,6;928,9;;13,6;13,5;13,6;13,2;13,5;13,2;100;100;100;148;4,3;1,9;
2021/09/25;0700 UTC;0;928,9;929;928,8;;13,8;13,3;13,9;13,5;13,7;13,3;100;97;97;169;5;2,4;
2021/09/25;0800 UTC;0;929,3;929,3;928,8;;14,1;13,9;14,1;13,8;13,9;13,2;99;96;99;161;4,7;1,8;
2021/09/25;0900 UTC;0;929,9;929,9;929,3;;13,7;13,1;14,1;13,6;14,1;13,1;100;96;96;172;3,8;1,7;
2021/09/25;1000 UTC;0;930,2;930,2;929,8;83,6;14,3;13,5;14,4;13,7;13,9;13;98;95;95;159;4,6;1,6;
2021/09/25;1100 UTC;0;930,5;930,6;930,2;394,3;15,3;12,8;15,3;14,3;13,7;12,4;95;84;85;161;5,3;1,8;
2021/09/25;1200 UTC;0;930,7;930,8;930,4;649,4;15,9;13,6;16,2;15,3;13,7;12,8;87;83;86;129;4,8;1,7;
2021/09/25;1300 UTC;,8;930,3;931;930,2;1205,1;17;14,8;17,3;15,8;16,8;13,2;100;78;87;152;4,6;2,5;
2021/09/25;1400 UTC;,4;930,3;930,7;930,1;434,3;16,5;15,1;17;16,2;15,8;13,8;96;84;91;159;4,3;1,9;
2021/09/25;1500 UTC;0;929,7;930,3;929,7;1280,2;18;14,9;18,2;16,4;15,8;14,1;92;79;82;148;4,4;1,9;
2021/09/25;1600 UTC;0;928,7;929,7;928,7;2406,6;19,6;14,7;19,9;17,7;15,8;14,2;85;72;73;97;4;2,2;
2021/09/25;1700 UTC;0;928,5;928,8;928,4;1294,8;19,7;14,5;20,1;19,1;15,2;13,2;75;67;72;96;4;1,5;
2021/09/25;1800 UTC;0;928,2;928,6;928,1;850,5;18,5;15,4;19,8;18,4;15,9;14,4;83;72;82;131;6,3;2,6;
2021/09/25;1900 UTC;0;927,8;928,2;927,6;666,5;17,6;16;18,6;17,6;16,6;15,2;93;81;90;114;5,9;2,8;
2021/09/25;2000 UTC;0;927,9;927,9;927,6;279,9;17,3;16;17,8;17,3;16,2;15,5;92;88;92;133;5,1;2,4;
2021/09/25;2100 UTC;0;928,3;928,3;927,9;58,9;16,5;15,9;17,5;16,4;16,8;15,7;100;90;96;145;5,5;1,9;
2021/09/25;2200 UTC;0;928,7;928,7;928,3;,3;16,5;15,7;16,7;16,4;15,9;14,9;96;91;95;161;5,2;2,7;
2021/09/25;2300 UTC;0;929,1;929,1;928,7;;16,6;14,6;16,6;16,4;15,9;14,5;96;88;88;150;4,5;1,4;
2021/09/26;0000 UTC;0;929,4;929,4;929,1;;16,4;14,8;16,6;16,3;14,9;14,3;91;87;90;156;3,6;,9;
2021/09/26;0100 UTC;0;929,8;929,8;929,4;;16,2;14,1;16,4;16,2;14,9;14;90;87;87;121;3,4;1,4;
2021/09/26;0200 UTC;0;929,9;930,1;929,8;;16;14,2;16,2;15,9;14,2;13,8;89;86;89;111;3,6;1,5;
2021/09/26;0300 UTC;0;929,7;930;929,7;;15,9;14,9;16;15,8;14,9;14,2;94;89;94;117;3,9;1,7;
2021/09/26;0400 UTC;0;929,2;929,7;929,2;;15,6;15,5;15,9;15,5;15,5;14,8;99;94;99;107;3,7;1;
2021/09/26;0500 UTC;0;928,5;929,2;928,5;;15,1;15,1;15,6;15;15,5;15;100;98;100;32;3,3;,5;
2021/09/26;0600 UTC;0;928;928,5;928;;15,1;15,1;15,1;14,7;15,1;14,7;100;100;100;26;2,9;1,1;
2021/09/26;0700 UTC;0;927,8;928;927,7;;15,2;15,2;15,3;15,1;15,3;15,1;100;100;100;24;3,2;,7;
2021/09/26;0800 UTC;0;927,9;928;927,8;;15,1;15,1;15,3;15;15,3;15;100;100;100;30;3;,7;
2021/09/26;0900 UTC;0;928,5;928,5;927,9;;14,7;14,7;15,1;14,5;15,1;14,5;100;100;100;105;2;,3;
2021/09/26;1000 UTC;0;929,1;929,1;928,5;222,9;15,9;15,9;15,9;14,7;15,9;14,7;100;100;100;25;1,5;,5;
2021/09/26;1100 UTC;0;929,7;929,7;929,1;924,5;18,5;14,4;18,7;15,9;16,2;14,4;100;77;77;310;1,8;,6;
2021/09/26;1200 UTC;0;930;930,1;929,7;1766;21,5;15,5;21,5;18,2;15,9;14;80;67;69;77;2,4;1;
2021/09/26;1300 UTC;0;930,1;930,1;930;2467,1;23,2;14,7;23,2;21,2;15,8;14,2;69;58;59;101;2,6;1,2;
2021/09/26;1400 UTC;0;930;930,1;930;2999,4;25,2;14,1;25,2;23,2;15,8;13,7;61;50;50;132;3,5;1,9;
2021/09/26;1500 UTC;0;929,9;930;929,9;3267,9;26,1;14,2;26,9;25,1;14,7;10,8;52;39;48;108;4,3;2,3;
2021/09/26;1600 UTC;0;929,2;929,9;929,2;3247,9;25,5;15,6;26,9;25,2;15,7;12,9;54;42;54;156;5,8;3,4;
2021/09/26;1700 UTC;0;928,8;929,2;928,8;2961,4;24,7;16,8;26,1;23,7;16,9;15;63;51;61;142;8,6;3,2;
2021/09/26;1800 UTC;0;928,4;928,8;928,3;1335,2;22,6;15,4;24,7;22,5;16,5;14,6;64;59;64;143;6,4;2,6;
2021/09/26;1900 UTC;0;928,2;928,5;928,2;384;20,7;15,8;22,6;20,6;15,9;14,9;74;64;73;152;6,4;2,8;
2021/09/26;2000 UTC;0;928,1;928,2;928;587,9;20,8;13,6;21,7;20,1;16,3;13,6;74;63;63;142;6,7;2,7;
2021/09/26;2100 UTC;0;928,7;928,7;928,1;145,6;19,7;13,1;20,9;19,7;13,9;12,2;66;59;66;124;5,6;1,5;
2021/09/26;2200 UTC;0;929,5;929,5;928,7;0;18,1;13,8;19,7;18,1;13,9;12,8;76;65;76;139;4;1,7;
2021/09/26;2300 UTC;0;930,1;930,1;929,5;;17,4;14,4;18,1;17,2;14,6;13,9;85;76;82;141;3;1;
2021/09/27;0000 UTC;0;930,7;930,7;930,1;;17;13,7;17,4;16,9;14,4;13,6;83;80;81;173;1,6;,8;
2021/09/27;0100 UTC;0;931,2;931,2;930,7;;16,9;13,5;17,2;16,8;13,8;13,3;82;78;80;167;1,2;,6;
2021/09/27;0200 UTC;0;931,3;931,3;931,1;;16,8;14,3;16,9;16,5;14,3;13,4;85;80;85;125;1,3;,6;
2021/09/27;0300 UTC;0;931,3;931,4;931,3;;16,6;16;16,8;16,3;16,4;14,2;98;85;96;253;1,2;,4;
2021/09/27;0400 UTC;0;931,2;931,3;931,1;;16,4;14,2;16,7;16,4;16;14,2;96;86;87;289;1,8;,7;
2021/09/27;0500 UTC;0;930,7;931,2;930,7;;16,2;15,3;16,4;15,7;16;14,3;100;87;94;238;1,6;,5;
2021/09/27;0600 UTC;0;930,6;930,8;930,6;;15,7;14,9;16,2;15,7;15,2;14,1;95;88;95;150;1;,4;
2021/09/27;0700 UTC;0;930,5;930,6;930,4;;15,6;15,6;16;15,5;16;15,2;100;95;100;107;1;,7;
2021/09/27;0800 UTC;0;930,6;930,6;930,4;;15,5;15,5;15,7;15,3;15,7;15,3;100;100;100;156;2,3;,5;
2021/09/27;0900 UTC;0;931,1;931,1;930,6;;15,1;15,1;15,7;14,9;15,7;14,9;100;100;100;105;1,4;,6;
2021/09/27;1000 UTC;0;931,8;931,8;931,1;264,3;16,3;16,3;16,3;15,1;16,3;15,1;100;100;100;159;2,2;,8;
2021/09/27;1100 UTC;0;932,3;932,3;931,8;1008;18,8;14,9;19,1;16,2;16,3;14,5;100;78;78;143;2,4;1,2;
2021/09/27;1200 UTC;0;932,7;932,7;932,3;1770;22,9;13,3;22,9;18,8;15,5;12,8;78;53;55;78;2,1;,7;
2021/09/27;1300 UTC;0;932,6;932,7;932,5;2299,6;24,3;12,2;24,6;21,7;13,9;12,2;58;45;47;124;4,1;2;
2021/09/27;1400 UTC;0;932,2;932,6;932,2;3046,4;24,9;7,9;25,2;23,6;12,4;7,1;48;32;34;160;6,5;4,1;
2021/09/27;1500 UTC;0;931,5;932,2;931,5;3282,1;26;8,2;26,4;24,8;10;7,6;39;31;32;159;6,6;3,2;
2021/09/27;1600 UTC;0;930,8;931,5;930,8;3308,7;25,9;10,5;27;25,5;10,6;6;39;28;38;154;7,7;3,9;
2021/09/27;1700 UTC;0;930,2;930,8;930,2;3047,3;24,9;11,5;26,1;24,3;12,1;8,8;46;35;43;152;9,2;4,4;
2021/09/27;1800 UTC;0;929,7;930,3;929,7;2535,3;24,4;13,4;25,3;24;13,6;11,2;51;43;50;127;8,5;3;
2021/09/27;1900 UTC;0;929,8;929,8;929,7;1823,7;22,5;13,3;24,4;22,5;14,3;13,2;57;50;56;151;7,5;4;
2021/09/27;2000 UTC;0;929,7;929,8;929,7;592,1;21,2;13,9;22,5;21,2;14,1;13;63;56;63;159;7,4;3,3;
2021/09/27;2100 UTC;0;929,7;929,8;929,6;147,8;19,7;13,5;21,2;19,6;14,8;13,1;69;63;68;141;6,4;2;
2021/09/27;2200 UTC;0;930;930;929,7;,3;18,7;14,7;19,7;18,6;14,9;13,6;79;68;78;141;5,1;2;
2021/09/27;2300 UTC;0;930,3;930,3;930;;17,8;15,7;18,7;17,8;15,8;14,7;87;77;87;159;4,5;2,5;
2021/09/28;0000 UTC;0;930,6;930,6;930,3;;17,1;16,8;17,8;17,1;16,8;15,7;98;87;98;126;4,5;1;
2021/09/28;0100 UTC;0;930,8;930,9;930,6;;16,3;16,2;17,1;16,2;16,9;16;100;98;99;158;1,6;,8;
2021/09/28;0200 UTC;0;930,7;930,8;930,6;;17,1;14;17,1;16,2;16,1;13,9;99;82;82;179;1,5;,4;
2021/09/28;0300 UTC;0;930,5;930,7;930,5;;17,7;11,9;17,7;16,6;14,8;11,9;87;69;69;66;1,4;,5;
2021/09/28;0400 UTC;0;930;930,5;930;;17,4;11,4;18,9;17,4;12;11;69;61;68;108;2,1;,6;
2021/09/28;0500 UTC;0;929,5;930;929,5;;16,7;10,9;17,4;16,4;12,2;10,8;73;67;68;167;1,7;,4;
2021/09/28;0600 UTC;0;928,8;929,5;928,8;;15,7;11,9;16,7;15,7;12,1;10,9;78;68;78;105;1,4;,8;
2021/09/28;0700 UTC;0;928,8;928,9;928,7;;15,4;11,8;16,4;15,4;14,8;11,5;90;76;79;109;1,9;,3;
2021/09/28;0800 UTC;0;928,8;928,9;928,7;;16,5;12,7;16,5;15,1;15,7;11,7;98;78;78;357;2;1,1;
2021/09/28;0900 UTC;0;929,1;929,2;928,8;;15;12,8;16,5;15;13,2;12,2;87;79;87;127;2,2;1;
2021/09/28;1000 UTC;0;929,5;929,5;929,1;269,5;18,3;12,4;18,3;15;13,2;12,1;88;67;69;347;2,2;1;
2021/09/28;1100 UTC;0;930,3;930,3;929,5;1063,1;21,7;12,7;21,7;18,3;13,2;11,4;71;53;57;99;2,2;,7;
2021/09/28;1200 UTC;0;930,3;930,5;930,3;1910,7;24,1;11,2;24,3;21,7;13,1;10,8;59;43;44;51;3,3;1;
2021/09/28;1300 UTC;0;930;930,3;930;2608,2;27,1;9,9;27,3;24;11,9;8,8;45;32;34;50;3,2;1,5;
2021/09/28;1400 UTC;0;929,3;930;929,3;3118,2;28,4;8,1;29;27;11;6,6;37;25;28;60;3,9;1,6;
2021/09/28;1500 UTC;0;928,3;929,3;928,3;3360;29,2;7,4;30,1;28,4;9,5;4,9;29;22;25;105;4,5;2,3;
2021/09/28;1600 UTC;0;927,3;928,3;927,3;3337,2;29,9;6,3;30,3;29,1;8,9;5,2;28;21;23;106;5,3;2,9;
2021/09/28;1700 UTC;0;926,4;927,3;926,4;2924,6;29,9;7,2;30,6;29,5;8,1;5;26;20;24;127;5,7;3,1;
2021/09/28;1800 UTC;0;925,9;926,4;925,9;2370,1;27,9;9,7;30,2;27,6;11,8;7,7;36;24;32;141;8,1;3,4;
2021/09/28;1900 UTC;0;925,8;925,9;925,7;1740,1;26,4;6,2;27,9;26,4;10,1;5,7;33;26;28;150;9,7;3,7;
2021/09/28;2000 UTC;0;925,8;925,8;925,6;586,4;24,9;9;26,4;24,9;9;6,3;37;28;36;138;8,1;2;
2021/09/28;2100 UTC;0;925,8;925,9;925,8;154;23,1;9;24,9;23,1;9,1;8,3;41;35;41;149;4,7;1,9;
2021/09/28;2200 UTC;0;926;926;925,8;0;21,2;8,3;23,1;21,2;9;7,2;43;36;43;140;3,8;1,1;
2021/09/28;2300 UTC;0;926,4;926,4;926;;20,9;9,9;21,9;20,8;10,1;8,1;50;41;50;155;3;1,1;
2021/09/29;0000 UTC;0;926,6;926,7;926,4;;19,7;10,5;20,8;19,7;11,3;10;58;50;55;179;1,8;,7;
2021/09/29;0100 UTC;0;926,7;926,8;926,6;;19,6;10,7;20,1;19,6;11,2;9,6;57;52;56;109;1,1;,2;
2021/09/29;0200 UTC;0;926,5;926,8;926,5;;19,7;11;20;19,4;11;9,6;57;51;57;124;1,1;,4;
2021/09/29;0300 UTC;0;926,4;926,6;926,4;;19,5;10,3;20,5;19,3;11,2;9;58;48;55;139;1,3;,4;
2021/09/29;0400 UTC;0;925,6;926,4;925,6;;21,3;7,7;21,4;19,4;10,6;7,7;56;42;42;5;2,2;,7;
2021/09/29;0500 UTC;0;924,7;925,6;924,7;;20,6;8,6;21,3;19,7;8,6;7,8;47;42;46;335;2,3;1;
2021/09/29;0600 UTC;0;924,8;924,8;924,5;;18,3;9;20,7;18,3;9;7,6;55;43;55;178;2,3;,7;
2021/09/29;0700 UTC;0;925,7;926;924,8;;16,7;13,9;19;16,7;13,9;9;84;55;84;181;8,9;3;
2021/09/29;0800 UTC;0;926,6;926,6;925,7;;17,6;15,7;17,6;16,7;15,7;14,1;91;84;89;158;7,9;2,6;
2021/09/29;0900 UTC;0;926,9;926,9;926,4;,1;17,5;17,2;17,6;17,5;17,2;15,7;98;89;98;163;7,6;3;
2021/09/29;1000 UTC;0;927,2;927,2;926,6;44,8;17,4;17,4;17,5;17,3;17,4;17,2;100;98;100;136;7,2;1,8;
2021/09/29;1100 UTC;0;927,5;927,8;927;325,5;18,1;16,1;18,1;17,1;17,5;16;100;88;88;128;5,9;2,2;
2021/09/29;1200 UTC;0;927,9;927,9;927,4;694,6;18,5;15,2;18,6;17,9;16,5;15;89;80;81;147;5,3;2,8;
2021/09/29;1300 UTC;0;928,3;928,5;927,9;806,1;19,7;14,3;19,7;18,4;15,5;14,2;81;71;71;125;6,5;2,1;
2021/09/29;1400 UTC;0;927,5;928,3;927,5;2945,3;21,5;13,6;22,2;19,7;14,9;13,4;71;58;61;138;6,6;2,8;
2021/09/29;1500 UTC;0;926,8;927,5;926,8;3206,6;23,3;14,8;23,3;21,4;15,2;13,4;63;56;59;145;6,6;2,4;
2021/09/29;1600 UTC;0;925,8;926,8;925,8;3068;24,1;14;24,4;22,7;14,9;13;59;51;53;120;5,2;1,6;
2021/09/29;1700 UTC;0;925;925,9;925;2250;25;13,6;25;24,1;14,5;12,9;54;48;49;115;4,4;1,3;
2021/09/29;1800 UTC;0;924,6;925,1;924,6;1415,2;23,3;17;25,3;23,3;17,3;12,8;68;48;68;142;8,2;4;
2021/09/29;1900 UTC;0;925,2;925,3;924,6;1544;20,3;17,4;23,5;20,3;17,5;16,3;83;67;83;141;9,5;4,1;
2021/09/29;2000 UTC;0;925,8;925,8;925,2;452,6;19,1;16,3;20,8;19;17,6;15,9;84;74;84;169;8,4;3,6;
2021/09/29;2100 UTC;0;926,3;926,4;925,8;112,9;17,6;16,4;19,1;17,6;16,7;15,9;94;83;93;160;8,2;3,8;
2021/09/29;2200 UTC;0;927,2;927,2;926,3;;17;17;17,7;17;17,4;16,3;100;91;100;160;7,4;3,5;
2021/09/29;2300 UTC;0;928;928;927,2;;16,5;16,5;17,1;16,5;17,1;16,5;100;100;100;149;7,6;2,7;
2021/09/30;0000 UTC;0;928,5;928,8;928;;16,2;16,2;16,6;16,1;16,6;15,8;100;97;100;124;8,3;2;
2021/09/30;0100 UTC;,4;929,1;929,2;928,5;;16;16;16,4;15,9;16,4;15,9;100;100;100;152;6,8;2,8;
2021/09/30;0200 UTC;0;929,1;929,3;929;;15,8;15,8;16,1;15,7;16;15,7;100;100;100;141;5,9;2,4;
2021/09/30;0300 UTC;0;928,9;929,1;928,9;;15,7;15,7;16;15,7;16;15,7;100;100;100;165;6,5;2,7;
2021/09/30;0400 UTC;0;928,2;928,9;928,2;;15,8;14,7;16;15,5;15,6;13,8;100;88;93;134;5,8;1,3;
2021/09/30;0500 UTC;0;927,6;928,2;927,6;;15,9;14,9;16;15,7;14,9;14;94;88;94;161;5,3;2,3;
2021/09/30;0600 UTC;0;927,5;927,6;927,4;;15,4;15;16;15,4;15,5;13,6;97;86;97;136;5,3;2;
2021/09/30;0700 UTC;,4;927,2;927,5;927,2;;15,4;15,4;15,5;15,3;15,5;15,1;100;97;100;161;4,4;1,4;
2021/09/30;0800 UTC;0;927,5;927,6;927,2;;15,6;15,6;15,6;15,4;15,6;15,4;100;100;100;167;3,8;1,8;
2021/09/30;0900 UTC;0;928;928;927,5;,8;15,9;15,8;16;15,6;16;15,6;100;100;100;119;3,9;2,1;
2021/09/30;1000 UTC;0;928,7;928,7;928;80,9;16,3;15,9;16,3;15,9;16;15,4;100;96;97;121;5,6;1,7;
2021/09/30;1100 UTC;0;929,6;929,6;928,7;275,9;17;15,2;17;16,2;16,2;14,9;98;89;89;145;4,3;1,9;
2021/09/30;1200 UTC;0;929,6;929,8;929,6;1088,7;18,2;14,5;18,8;17;15,8;13,9;90;75;79;125;4,5;2;
2021/09/30;1300 UTC;0;929,6;929,6;929,5;1285,8;18,9;14,8;19,3;18,1;15;13,6;79;71;77;111;4,2;1,8;
2021/09/30;1400 UTC;0;929,4;929,8;929,4;1612,2;18,9;15;19,6;18,4;15,6;14,4;81;74;78;139;5,4;2,7;
2021/09/30;1500 UTC;0;928,7;929,4;928,7;3315,9;19,7;14,5;20,5;18,9;16,3;14,1;80;68;72;119;6;3,2;
2021/09/30;1600 UTC;0;927,8;928,7;927,8;2986;20,4;15;20,7;19,4;15,7;14,5;76;69;71;120;7,8;3,1;
2021/09/30;1700 UTC;0;927,1;927,8;927,1;3042,5;19,5;14,8;20,9;18,9;16;14,6;78;70;74;147;8,6;4,1;
2021/09/30;1800 UTC;0;926,7;927,2;926,7;2253,6;18,1;14,7;19,6;18;15,4;14,4;82;74;81;152;9,5;4,7;
2021/09/30;1900 UTC;0;926,9;927;926,7;750,2;17,5;15,1;18,1;17,3;15,4;14,4;86;81;86;157;9,6;3,4;
2021/09/30;2000 UTC;0;927,4;927,4;926,8;199,6;17,1;15,1;17,5;16,8;15,4;14,7;89;85;88;157;6,9;3,2;
2021/09/30;2100 UTC;0;927,3;927,7;927,2;82,4;16,8;15,8;17,1;16,7;15,8;14,6;94;86;94;125;6,6;3,1;
2021/09/30;2200 UTC;0;927,5;927,5;926,9;1,8;16,6;16,5;16,8;16,5;16,6;15,9;100;94;100;118;7,7;2,8;
2021/09/30;2300 UTC;0;926,5;927,9;926,5;;16,1;16,1;16,7;16,1;16,7;16,1;100;100;100;108;5,8;3,1;
2021/10/01;0000 UTC;0;927,7;927,7;926,4;;16,4;16,2;16,4;16;16,3;16;100;98;99;141;7,3;3;
2021/10/01;0100 UTC;0;927,4;927,7;927,1;;16,2;16,2;16,5;16,2;16,4;16,2;100;99;100;98;5,6;2;
2021/10/01;0200 UTC;0;926,7;927,4;926,5;;16,6;14,4;16,6;16;16,2;14,3;100;87;87;90;5,6;1,3;
2021/10/01;0300 UTC;0;926,4;926,7;926,4;;17;14,4;17,1;16,6;14,5;14,2;87;84;85;89;4,2;1,3;
2021/10/01;0400 UTC;0;924,9;926,4;924,9;;17;14,6;17,2;16,8;14,7;14,4;87;85;86;62;4,4;1,7;
2021/10/01;0500 UTC;0;924,3;924,9;924,3;;16,6;14,8;17;16,6;14,8;14,4;89;85;89;25;3,8;,9;
2021/10/01;0600 UTC;0;923,5;924,3;923,5;;16,8;14,9;16,8;16,4;15;14,6;90;88;89;35;4,8;1,6;
2021/10/01;0700 UTC;0;922,9;923,5;922,4;;16,9;15;17;16,7;15;14,9;90;87;88;43;5,6;1,5;
2021/10/01;0800 UTC;0;923;923,1;922,9;;17,1;15,5;17,1;16,8;15,6;14,9;92;88;90;102;3,5;1,6;
2021/10/01;0900 UTC;0;923,8;923,8;923;;17,2;15,5;17,2;17,1;15,6;15,4;91;89;90;76;4,3;1,6;
2021/10/01;1000 UTC;0;924,8;924,8;923,8;135,5;17,8;15,8;17,8;17,2;15,9;15,5;91;87;88;74;4;1,2;
2021/10/01;1100 UTC;0;925,3;925,3;924,8;519,9;18,6;15,8;18,7;17,7;16;15,5;88;83;83;25;3,9;1,3;
2021/10/01;1200 UTC;0;925,3;925,5;925,2;1417,6;21;15,7;21;18,6;16,2;15,3;84;71;72;43;4,2;1,5;
2021/10/01;1300 UTC;0;926,8;927;925,1;1596,7;21,3;16,1;21,6;20,9;16,3;15,1;73;68;72;177;7,4;3,3;
2021/10/01;1400 UTC;0;927,4;927,6;926,8;378,5;17;17;21,4;17;17,2;15,5;100;72;100;162;10,4;4,3;
2021/10/01;1500 UTC;0;926,9;927,5;926,9;765,2;18,3;16;18,4;17;17,4;15,7;100;86;87;157;9,7;3,7;
2021/10/01;1600 UTC;1,2;926,4;927,6;926,4;561;17,4;17,4;18,5;17,4;18;16,1;100;87;100;133;8,9;3,5;
2021/10/01;1700 UTC;1,6;924,8;927,2;924,8;744,7;17,9;17,9;18,2;17,1;18,2;17,1;100;100;100;132;7,4;2,3;
2021/10/01;1800 UTC;0;925;925,1;924,2;568,4;18,4;17,7;18,4;17,7;18,4;17,5;100;95;95;187;5,7;,9;
2021/10/01;1900 UTC;0;924,7;925,2;924,3;490,3;19,5;19,1;19,6;18,4;19,2;17,4;100;90;97;7;1,7;,7;
2021/10/01;2000 UTC;0;925,9;926;924,6;257,3;19,1;16,7;19,5;19;19,3;16,7;99;86;86;284;3,4;,9;
2021/10/01;2100 UTC;0;925,5;926,1;925,5;37,4;19,1;14,9;19,5;19,1;17;14,8;87;75;77;266;4,9;,9;
2021/10/01;2200 UTC;0;925,4;925,7;925,1;,8;18,1;15,1;19,1;18;16;14,7;86;76;83;26;2,8;1,1;
2021/10/01;2300 UTC;0;924,2;925,4;924,1;;18,8;15;18,9;18;15,4;14,6;85;77;78;345;3,5;1,2;
2021/10/02;0000 UTC;0;923,9;924,2;923,2;;18,9;15,5;19,1;18,8;15,9;15;82;78;81;337;4,5;1,2;
2021/10/02;0100 UTC;0;925;925;923,9;;18,6;15,2;18,9;18,2;16;15,2;87;80;81;352;3,6;,4;
2021/10/02;0200 UTC;0;924,8;925,1;924,6;;17,6;15,1;18,6;17,6;15,5;14,7;85;81;85;326;2,6;1;
2021/10/02;0300 UTC;0;925,1;925,3;924,7;;17,1;15,7;17,6;16,9;15,9;15,1;93;85;91;328;2;1,1;
2021/10/02;0400 UTC;0;924,8;925,2;924,8;;16,9;16;17,1;16,6;16,6;15,4;99;90;95;336;1,9;,7;
2021/10/02;0500 UTC;0;923,4;925;923,3;;16,7;16,2;16,9;16,3;16,7;16;100;95;97;319;4,6;1,7;
2021/10/02;0600 UTC;0;923,8;923,9;923,1;;16,6;16,2;16,8;16,3;16,5;16,2;100;97;97;294;4;,7;
2021/10/02;0700 UTC;0;924,1;924,4;923,8;;16,3;16,3;16,6;16,3;16,6;16,1;100;97;100;300;2,6;,7;
2021/10/02;0800 UTC;0;924,4;924,4;923,8;;15,7;15,7;16,3;15,6;16,3;15,6;100;100;100;280;2,5;,7;
2021/10/02;0900 UTC;0;924,9;925,1;923,8;,1;16;16;16,1;15,6;16,1;15,6;100;100;100;304;3,2;,6;
2021/10/02;1000 UTC;0;924,9;925,2;924,5;178,7;17,1;17,1;17,2;16;17,2;16;100;96;100;327;3,7;1,5;
2021/10/02;1100 UTC;0;925,1;925,1;924,6;489,5;19,3;16,1;19,3;17,1;17,4;15,9;100;82;82;291;3,7;,8;
2021/10/02;1200 UTC;0;925,1;925,6;924,9;981,4;21,1;16,6;21,1;19,3;16,6;15,3;82;73;75;97;3,1;,8;
2021/10/02;1300 UTC;0;925,4;925,4;925;1206;22;15,3;22,1;20,8;16,8;15,2;75;66;66;324;2,9;1,1;
2021/10/02;1400 UTC;0;925,9;926;925,2;906,6;23,1;15,5;23,1;21,7;16,1;14,7;69;62;62;285;3,6;,9;
2021/10/02;1500 UTC;0;925,5;925,9;925,5;2616,3;25,5;15,6;25,7;22,3;16,7;14,2;65;53;54;288;4,9;1,8;
2021/10/02;1600 UTC;0;924,5;925,6;924,5;1811,4;24,9;14,6;25,5;24,3;15,9;14,1;58;51;53;230;6,4;1,7;
2021/10/02;1700 UTC;0;924,3;924,6;924,3;1911,3;23,8;17,3;25,8;23,8;17,3;14,1;67;50;67;155;5,2;1,5;
2021/10/02;1800 UTC;0;924;924,3;923,9;1281,9;23;17,9;23,8;22,3;18,4;17,4;77;67;73;110;4,6;2,3;
2021/10/02;1900 UTC;0;924,1;924,1;923,8;607,3;23;17,5;23,5;22,8;18,2;17,2;74;69;71;150;4,3;1,9;
2021/10/02;2000 UTC;0;924,5;924,5;924,1;146,7;21,8;18,2;23;21,8;18,3;17,5;80;71;80;132;5,9;1,8;
2021/10/02;2100 UTC;0;924,7;924,7;924,4;73,1;21,4;16,7;21,9;21,4;18,4;16,7;81;73;75;175;4,8;1,8;
2021/10/02;2200 UTC;0;925,1;925,1;924,5;;20;18,1;21,4;20;18,1;16,7;89;75;89;48;4,8;,5;
2021/10/02;2300 UTC;0;925,2;925,3;925;;19,6;19,4;20;19,5;19,6;18;100;89;99;120;1,9;,9;
2021/10/03;0000 UTC;0;925,8;925,9;925,2;;19,1;19,1;19,7;19,1;19,4;18,9;100;95;100;114;1,9;,9;
2021/10/03;0100 UTC;0;925,4;925,8;925,4;;18,7;18,7;19,1;18,7;19,1;18,7;100;100;100;124;2,1;,4;
2021/10/03;0200 UTC;0;925,2;925,6;925,2;;18,3;18,3;18,7;18,2;18,7;18,2;100;100;100;148;1,5;,9;
2021/10/03;0300 UTC;0;925,5;925,8;925,2;;18,8;18,8;18,9;18,3;18,9;18,3;100;100;100;163;2,6;1,1;
2021/10/03;0400 UTC;0;925,2;925,9;925,2;;18,4;18,4;18,8;18,4;18,8;18,4;100;100;100;106;2;,6;
2021/10/03;0500 UTC;0;924,2;925,2;924,2;;18,5;18,5;18,6;18,3;18,6;18,3;100;100;100;10;2,5;1,2;
2021/10/03;0600 UTC;0;923;924,2;923;;19,1;18,8;19,1;18,2;19;18,2;100;98;98;5;4;1,5;
2021/10/03;0700 UTC;0;923,4;923,4;922,8;;19,3;17,2;19,4;19,1;18,8;17;98;86;88;348;4;1;
2021/10/03;0800 UTC;0;924,1;924,1;923,2;;19,2;17,8;19,5;19,1;17,9;17,2;91;88;91;335;3;,5;
2021/10/03;0900 UTC;0;924,5;924,6;924;;19,3;18,7;19,3;19;18,8;17,8;97;92;97;290;2,1;,6;
2021/10/03;1000 UTC;0;923,9;924,5;923,9;203,3;20,2;18,2;20,2;19,2;18,9;17,9;98;87;88;346;2,9;,7;
2021/10/03;1100 UTC;0;924,7;924,7;923,7;470,1;21,7;18;21,7;20,1;18,3;17,6;89;79;80;351;3,4;,6;
2021/10/03;1200 UTC;0;924,9;924,9;924,4;1461;23,6;15,8;24;21,6;18,3;15,6;80;60;62;333;3,5;1,8;
2021/10/03;1300 UTC;0;924,6;924,9;924,6;2234,3;26,9;14,2;27,1;23,6;17,6;14,2;64;46;46;322;4,5;1,1;
2021/10/03;1400 UTC;0;923,7;924,6;923,7;1986,8;27;11,4;27,5;26,2;15,2;11,4;51;37;38;121;4,5;1,5;
2021/10/03;1500 UTC;0;923,5;923,8;923,4;1978,1;26,5;12;27,9;26,4;13,2;10,9;42;35;40;161;4,5;2,1;
2021/10/03;1600 UTC;,8;923,6;923,7;923,3;617,5;20,6;16,9;26,6;20,6;16,9;11,7;80;40;80;199;11,1;3,3;
2021/10/03;1700 UTC;0;922,3;923,6;922,2;1305,4;21,4;16,5;21,6;20,3;17;15,4;80;71;74;166;9,7;3;
2021/10/03;1800 UTC;,2;923,1;923,2;922,3;851,8;21,1;15,7;22,3;20,5;16,6;14,4;75;63;71;164;8,7;2,9;
2021/10/03;1900 UTC;,2;923,2;923,2;922,3;896,2;20,8;14,9;21,1;20,3;15,4;13,9;72;66;69;159;9,9;3,2;
2021/10/03;2000 UTC;0;924,5;924,5;923,1;168,8;19,8;15,8;20,8;19,8;15,8;14,5;78;68;78;162;7,6;3,4;
2021/10/03;2100 UTC;3,8;925,3;925,9;924,5;11,6;17,5;17,5;19,8;17,4;17,7;15,2;100;75;100;196;7;1;
2021/10/03;2200 UTC;,6;925;925,5;924,2;;17,1;17,1;17,5;17;17,5;17;100;100;100;301;4,1;,8;
2021/10/03;2300 UTC;0;924,5;925,3;924,5;;17,5;17,5;17,5;17,1;17,5;17,1;100;100;100;26;5;1,6;
2021/10/04;0000 UTC;,2;925,1;925,2;924,2;;17,8;17,8;17,9;17,5;17,9;17,5;100;100;100;7;4,1;1,5;
2021/10/04;0100 UTC;0;925,3;925,7;925,1;;17,7;17,2;17,9;17,7;17,9;16,4;100;92;97;20;4,5;1,3;
2021/10/04;0200 UTC;0;926;926,7;925,3;;17,7;16,5;18;17,5;17,4;15,8;99;87;93;358;5,3;1,4;
2021/10/04;0300 UTC;0;926,1;926,5;925,9;;17,5;17,5;17,9;17,5;17,6;16,3;100;90;100;317;5,3;1,1;
2021/10/04;0400 UTC;,8;924,5;926,2;924,5;;17,5;17,5;17,7;17,3;17,7;17,3;100;100;100;357;3,3;1,3;
2021/10/04;0500 UTC;0;923,7;924,5;923,4;;17,7;17,7;17,7;17,5;17,7;17,5;100;100;100;289;4,2;,8;
2021/10/04;0600 UTC;1,4;924,2;924,2;922,9;;17,7;17,7;17,8;17,5;17,8;17,5;100;100;100;316;5;1,6;
2021/10/04;0700 UTC;2,2;922,2;924,2;922,1;;17,8;17,8;17,8;17,6;17,8;17,6;100;100;100;9;3,7;1,3;
2021/10/04;0800 UTC;,6;923;924,6;922,2;;18;18;18;17,8;18;17,8;100;100;100;344;9,2;1,5;
2021/10/04;0900 UTC;0;925,8;925,9;922,8;;18;18;18,1;18;18,1;18;100;100;100;258;6,5;1,6;
2021/10/04;1000 UTC;,4;925,4;925,8;923,8;36;18,2;18,2;18,3;17,9;18,3;17,9;100;100;100;251;5;,9;
2021/10/04;1100 UTC;,6;925,6;926,1;924,8;52;18,1;18,1;18,3;18;18,2;18;100;100;100;173;2,9;1,1;
2021/10/04;1200 UTC;0;925,7;926,1;925,6;247,7;18,9;18,9;19,2;18,1;19,2;18,1;100;100;100;126;1,8;,7;
2021/10/04;1300 UTC;0;925,7;926,3;925,6;661,4;20,5;19,4;20,5;18,8;19,9;18,7;100;91;93;26;3;1;
2021/10/04;1400 UTC;0;925,8;925,9;925,6;1487,2;21,8;17,7;22,3;20,4;20,7;17,7;95;77;77;106;3,2;1,3;
2021/10/04;1500 UTC;0;925,9;926,2;925,7;1737,4;22,2;18,2;22,7;21,8;19,1;17,7;83;74;78;163;5,1;2,6;
2021/10/04;1600 UTC;0;925,5;926;925,5;1308,7;20,3;17,8;22,7;19,9;18,8;17,3;89;73;86;167;7,1;2,7;
2021/10/04;1700 UTC;0;925,4;925,6;925,2;688,8;19,6;18,2;21,1;19,5;18,5;17,5;92;83;92;178;5,3;2,4;
2021/10/04;1800 UTC;2;925,1;925,4;924,8;245,3;18,8;18,8;19,6;18,7;19;17,9;100;91;100;240;5,6;,5;
2021/10/04;1900 UTC;,4;924,9;925,4;924,2;815,5;19,7;19,7;20,1;18,7;20,1;18,7;100;99;100;130;4;1,5;
2021/10/04;2000 UTC;0;925,4;925,4;924,8;172,9;18,9;18,9;19,7;18,9;19,7;18,9;100;100;100;167;3,5;1,1;
2021/10/04;2100 UTC;0;925,7;925,9;925,3;22,7;17,5;17,5;19;17,5;19;17,5;100;100;100;169;6;3;
2021/10/04;2200 UTC;0;925,8;925,8;925,5;,1;17,1;17,1;17,5;17,1;17,5;17,1;100;100;100;140;6,3;2,6;
2021/10/04;2300 UTC;0;927,2;927,2;925,8;;16,9;16,9;17,2;16,9;17,2;16,9;100;100;100;158;5,8;2,6;
2021/10/05;0000 UTC;0;928;928,2;927,2;;16,8;16,8;17;16,8;16,9;16,8;100;100;100;167;5,3;2;
2021/10/05;0100 UTC;0;928,5;928,6;928;;16,8;16,8;16,9;16,8;16,9;16,8;100;100;100;167;5,4;2;
2021/10/05;0200 UTC;0;928,6;928,7;928,5;;16,7;16,7;16,9;16,7;16,9;16,7;100;100;100;160;5,7;2,7;
2021/10/05;0300 UTC;0;928,6;928,8;928,6;;16,9;16,9;16,9;16,7;16,9;16,7;100;100;100;156;4,5;1,2;
2021/10/05;0400 UTC;,4;928,5;928,6;928,4;;16,5;16,5;16,9;16,4;16,9;16,4;100;100;100;157;6,1;3,4;
2021/10/05;0500 UTC;0;927,7;928,5;927,7;;15,8;15,8;16,5;15,8;16,5;15,8;100;100;100;140;6,6;2,8;
2021/10/05;0600 UTC;0;928;928;927,6;;15,4;15,4;15,8;15,2;15,8;15,2;100;100;100;141;7,2;2;
2021/10/05;0700 UTC;0;928,2;928,3;928;;15,2;15,2;15,4;15;15,3;15;100;100;100;151;6,3;2,5;
2021/10/05;0800 UTC;0;928,5;928,5;928,2;;15,2;15,2;15,3;15,1;15,3;15,1;100;100;100;149;6,5;3;
2021/10/05;0900 UTC;0;928,9;928,9;928,5;,7;15;15;15,3;15;15,3;15;100;100;100;150;5,7;2,4;
2021/10/05;1000 UTC;0;929,4;929,4;928,9;91,5;15,2;15,2;15,4;15;15,4;15;100;100;100;160;5,9;2,1;
2021/10/05;1100 UTC;0;930;930,1;929,4;227,1;15;15;15,4;15;15,4;15;100;100;100;145;5,8;2,7;
2021/10/05;1200 UTC;0;930,5;930,5;930;327,8;15,3;15,3;15,4;14,8;15,4;14,8;100;99;100;146;5,9;2,6;
2021/10/05;1300 UTC;0;930,6;930,6;930,4;453,5;15,8;15,6;16;15,3;15,9;15;100;97;99;127;5,4;2,4;
2021/10/05;1400 UTC;0;930,6;930,7;930,5;518,7;16,1;16;16,2;15,7;16,2;15,6;100;98;100;140;6;1,9;
2021/10/05;1500 UTC;0;930,1;930,6;930,1;549,9;16,3;14,8;16,6;15,9;16,4;14,8;100;91;91;147;5,5;2,6;
2021/10/05;1600 UTC;0;929,5;930,2;929,5;1097,1;16,9;14,5;17,7;16,2;15,4;14,2;93;82;86;147;5,9;3;
2021/10/05;1700 UTC;0;929;929,6;929;916,1;17,5;15,2;17,5;16,8;15,6;14,3;91;83;87;143;5,8;2,1;
2021/10/05;1800 UTC;0;928,8;929;928,8;734,5;17,1;15,3;17,7;16,2;16,3;14,4;98;83;90;142;7,2;2,7;
2021/10/05;1900 UTC;0;928,8;928,9;928,7;579,3;16,2;15,1;17,1;16,2;15,3;14,3;94;86;93;136;6,2;2,7;
2021/10/05;2000 UTC;0;928,9;928,9;928,8;200;16;16;16,2;15,6;16;14,9;100;93;100;126;6,5;2,6;
2021/10/05;2100 UTC;0;929,2;929,3;928,9;84,2;15,6;15,6;16,2;15,6;16,1;15,6;100;99;100;123;7,1;2,9;
2021/10/05;2200 UTC;0;929,6;929,6;929,2;,7;15,2;15,1;15,7;15,1;15,6;15,1;100;100;100;135;6,8;2,9;
2021/10/05;2300 UTC;0;929,9;929,9;929,6;;15,2;15,2;15,3;15,1;15,3;15,1;100;100;100;122;7,7;3,1;
2021/10/06;0000 UTC;0;930,4;930,4;929,9;;15,4;15,4;15,5;15,2;15,5;15,2;100;100;100;123;7,7;3,4;
2021/10/06;0100 UTC;0;930,7;930,7;930,4;;15,7;15,7;15,7;15,4;15,7;15,4;100;100;100;125;8,1;3,5;
2021/10/06;0200 UTC;0;930,4;930,8;930,4;;15,6;15,6;15,7;15,6;15,7;15,6;100;100;100;130;7;3,1;
2021/10/06;0300 UTC;0;929,9;930,4;929,9;;15,4;15,4;15,6;15,4;15,6;15,4;100;100;100;122;6,9;2,7;
2021/10/06;0400 UTC;0;929,5;929,9;929,5;;15,6;15,6;15,6;15,4;15,6;15,4;100;100;100;131;6,9;2,2;
2021/10/06;0500 UTC;0;928,7;929,5;928,7;;15,4;15,4;15,7;15,3;15,7;15,3;100;100;100;121;5,3;2,6;
2021/10/06;0600 UTC;0;928,6;928,8;928,6;;15,3;15,3;15,5;15,3;15,5;15,3;100;100;100;116;5,8;2,8;
2021/10/06;0700 UTC;0;928,5;928,6;928,4;;15,4;15,4;15,5;15,3;15,5;15,3;100;100;100;116;5,7;2;
2021/10/06;0800 UTC;0;928,6;928,6;928,5;;15,6;15,6;15,6;15,4;15,6;15,4;100;100;100;106;3,8;1,9;
2021/10/06;0900 UTC;0;929,1;929,1;928,5;1,9;15,9;15,9;15,9;15,6;15,9;15,6;100;100;100;113;3,8;1,7;
2021/10/06;1000 UTC;0;929,7;929,7;929,1;102,5;16,5;16,1;16,5;15,9;16,2;15,9;100;97;97;103;3,8;1,2;
2021/10/06;1100 UTC;0;930,1;930,2;929,7;395,9;17,6;15,2;17,7;16,5;16,2;15,2;97;86;86;103;4,2;1,8;
2021/10/06;1200 UTC;0;930,1;930,3;930,1;1325,4;21;15,7;21;17,6;16,1;14,9;88;72;72;72;5,3;1,5;
2021/10/06;1300 UTC;0;929,6;930,1;929,6;2579,1;22,8;15,4;22,8;20,6;16,6;14,8;72;63;63;41;7,4;2,6;
2021/10/06;1400 UTC;0;928,7;929,6;928,7;3078,6;24,6;15,9;24,6;22,8;16,8;14,9;67;58;58;50;7,4;2;
2021/10/06;1500 UTC;0;927,7;928,7;927,7;3369,3;26,2;15,7;26,3;24,4;17,6;15,4;63;53;53;26;5,1;2;
2021/10/06;1600 UTC;0;926,4;927,7;926,4;3364,8;28,4;17,1;28,5;26;17,6;15,5;56;48;50;45;5,4;1,6;
2021/10/06;1700 UTC;0;925,4;926,4;925,4;3055;28,6;16,8;29,4;28;17,7;15,5;52;44;49;120;4;1,4;
2021/10/06;1800 UTC;0;925,3;925,4;925,2;2512,9;21,8;18;29,1;21,8;18,7;16,5;79;47;79;152;8,1;4,6;
2021/10/06;1900 UTC;0;925,6;925,6;925,2;972;19;18,4;21,9;19;19;17,6;97;79;96;159;8,1;3;
2021/10/06;2000 UTC;0;925,7;925,9;925,4;295,6;18,3;18,2;19;18,2;18,9;18,2;100;96;100;156;7,6;3,2;
2021/10/06;2100 UTC;0;926,4;926,4;925,7;72,4;17,3;17,3;18,2;17,2;18,2;17,2;100;100;100;173;8,1;3,7;
2021/10/06;2200 UTC;0;927,2;927,2;926,4;,1;17,1;17,1;17,3;17,1;17,3;17,1;100;100;100;160;8,2;3,2;
2021/10/06;2300 UTC;0;928;928;927,2;;17;17;17,2;17;17,2;16,9;100;100;100;163;7,7;2,9;
2021/10/07;0000 UTC;0;928,4;928,5;928;;17;17;17,2;16,9;17,2;16,9;100;100;100;151;5,6;2,2;
2021/10/07;0100 UTC;0;928,3;928,5;928,3;;17;17;17,2;17;17,2;17;100;100;100;129;4,3;1,1;
2021/10/07;0200 UTC;0;927,5;928,4;927,5;;16,8;16,8;17,2;16,8;17,2;16,8;100;100;100;52;2,2;,8;
2021/10/07;0300 UTC;0;926,6;927,6;926,6;;17,2;17;17,4;16,8;17,2;16,8;100;98;99;32;3,7;1;
2021/10/07;0400 UTC;0;925,9;926,6;925,9;;17,6;16,3;17,9;17,1;17,4;16,2;100;91;92;331;4;,9;
2021/10/07;0500 UTC;0;925,6;925,9;925,5;;17,5;17;17,6;17,3;17,3;16,3;99;92;97;209;2,2;,9;
2021/10/07;0600 UTC;0;925,4;925,7;925,2;;17,7;17,5;17,8;17,5;17,6;16,9;99;95;99;153;2,1;,7;
2021/10/07;0700 UTC;0;925,6;925,6;925,2;;17,9;17,8;17,9;17,5;17,8;17,3;100;98;99;301;2,3;,6;
2021/10/07;0800 UTC;0;925,7;925,9;925,5;;17,7;17,6;17,9;17,6;17,8;17,5;100;99;99;270;1,8;,4;
2021/10/07;0900 UTC;0;925,5;926;925,4;;17,9;17,9;17,9;17,5;17,9;17,5;100;98;100;333;3,2;1,5;
2021/10/07;1000 UTC;0;925,5;925,6;924,9;76,4;18,9;16,9;18,9;17,9;17,9;16,7;100;88;88;317;3,5;1;
2021/10/07;1100 UTC;0;927,3;927,3;925,5;231,7;18,7;15,6;19,4;18,6;17,2;15,6;90;82;82;171;6;2,9;
2021/10/07;1200 UTC;0;928,7;928,8;927,2;691,6;19,5;15,4;20,1;18,4;16,3;15,4;84;76;78;223;5,9;2,1;
2021/10/07;1300 UTC;0;928,4;928,7;928,4;548,7;19;15,9;19,5;18,9;16;15,4;82;78;82;221;4,9;1,5;
2021/10/07;1400 UTC;0;928,7;928,8;928,3;501,7;17;16,6;19,4;17;16,6;15,6;97;80;97;164;7,8;4,1;
2021/10/07;1500 UTC;0;928,5;928,7;928,3;526,3;16,1;14,6;17,1;16;16,9;14,5;100;90;91;157;7,8;3,7;
2021/10/07;1600 UTC;0;928,4;928,6;928,4;356,3;15,5;15,2;16,1;15,2;15,7;14,6;100;91;98;158;7,8;3;
2021/10/07;1700 UTC;0;928,4;928,6;928,3;310;16;14,1;16;15,5;15,2;14;98;88;88;154;6;2,3;
2021/10/07;1800 UTC;0;928,3;928,4;928,1;370,6;15,9;14,6;16,5;15,8;15,3;13,9;96;87;92;160;5,6;2,6;
2021/10/07;1900 UTC;0;928,2;928,5;928,2;302,7;15,5;15,5;16;15,4;15,5;14,2;100;89;100;161;6,3;3,3;
2021/10/07;2000 UTC;0;928,7;928,8;928,2;177,3;15,5;15;15,6;15,4;15,6;14,3;100;92;97;162;6,3;3;
2021/10/07;2100 UTC;0;929,2;929,2;928,6;86;14,9;14,9;15,6;14,9;15,1;14,1;100;92;100;165;6,5;3,4;
2021/10/07;2200 UTC;0;929,4;929,4;929,1;1,3;15;15;15,1;14,9;15;14,9;100;100;100;167;6,6;2,7;
2021/10/07;2300 UTC;0;930;930;929,4;;15;15;15;14,9;15;14,8;100;100;100;149;6,3;2,9;
2021/10/08;0000 UTC;0;930,4;930,4;930;;14,6;14,5;15;14,5;15;14,5;100;100;100;164;6,2;2,5;
2021/10/08;0100 UTC;0;930,4;930,6;930,4;;14,5;14,5;14,6;14,5;14,6;14,5;100;100;100;159;4,8;2,1;
2021/10/08;0200 UTC;,2;929,9;930,4;929,9;;14,8;14,8;14,9;14,5;14,9;14,5;100;100;100;135;6,1;2,7;
2021/10/08;0300 UTC;0;929,3;929,9;929,3;;14,4;14,4;14,9;14,4;14,8;14,4;100;100;100;128;7,9;3;
2021/10/08;0400 UTC;0;929;929,4;928,9;;13,9;13,8;14,4;13,9;14,4;13,8;100;100;100;133;8,5;3,8;
2021/10/08;0500 UTC;,2;928,3;929;928,3;;13,7;13,7;13,9;13,7;13,9;13,7;100;100;100;127;8,5;3,4;
2021/10/08;0600 UTC;0;927,8;928,3;927,8;;13,5;13,5;13,9;13,5;13,9;13,5;100;100;100;122;8,3;3,7;
2021/10/08;0700 UTC;0;927,6;927,8;927,6;;13,6;13,6;13,7;13,4;13,7;13,4;100;100;100;119;8,4;3,5;
2021/10/08;0800 UTC;0;927,4;927,6;927,2;;13,3;13,3;13,7;13,3;13,7;13,3;100;100;100;123;9,5;3,8;
2021/10/08;0900 UTC;0;928,1;928,1;927,4;3,7;13,3;13,3;13,4;13,2;13,4;13,2;100;100;100;118;9,4;3,3;
2021/10/08;1000 UTC;0;928,8;928,8;928,1;90,4;13,9;13,9;13,9;13,3;13,9;13,3;100;100;100;129;7,2;2,9;
2021/10/08;1100 UTC;0;929,2;929,2;928,8;262,1;14,2;14,2;14,3;13,8;14,2;13,8;100;100;100;133;6,1;2,7;
2021/10/08;1200 UTC;0;929,6;929,6;929,2;850,5;14,8;14;14,9;14,1;14,6;13,5;100;92;95;125;6,1;2,6;
2021/10/08;1300 UTC;0;929,5;929,6;929,5;1089,8;15,1;13,4;15,5;14,5;14,3;12,6;97;85;89;126;5,9;3,2;
2021/10/08;1400 UTC;0;929,2;929,5;929,2;950,6;15,7;13,3;15,9;14,7;14,4;12,8;94;83;86;147;7,2;3,2;
2021/10/08;1500 UTC;0;928,7;929,2;928,7;1205,7;16;13,8;16,3;15,5;14;12,8;88;84;87;131;6,5;3,1;
2021/10/08;1600 UTC;0;927,7;928,7;927,6;2828;18,3;14,4;18,3;16,1;14,6;13,1;87;75;78;153;6,8;4;
2021/10/08;1700 UTC;0;926,8;927,7;926,8;3260,1;18,7;13,6;18,9;17,5;14,9;13,1;79;72;72;151;7,8;4,1;
2021/10/08;1800 UTC;0;926,5;926,8;926,4;2691,8;16,9;13,5;18,7;16,9;14,8;13,2;82;72;80;139;7,9;3,8;
2021/10/08;1900 UTC;0;926,6;926,6;926,4;903,7;15,6;15;17,2;15,4;15,2;13,5;98;81;96;139;8,1;3,7;
2021/10/08;2000 UTC;0;927;927;926,5;264,8;15,1;15,1;15,8;15;15,3;14,2;100;93;100;135;8,7;3,5;
2021/10/08;2100 UTC;0;927,3;927,3;927;59,6;15;15;15,2;14,9;15,2;14,9;100;100;100;147;7,7;3,7;
2021/10/08;2200 UTC;0;927,8;927,9;927,3;2,1;15;14,9;15,3;15;15,2;14,7;100;98;99;143;9,1;3,9;
2021/10/08;2300 UTC;0;928,1;928,3;927,8;;14,8;14,8;15,1;14,7;15;14,7;100;99;100;123;9,1;3,1;
2021/10/09;0000 UTC;0;928,6;928,6;928,1;;14,7;14,7;15;14,7;15;14,7;100;100;100;114;7,8;4;
2021/10/09;0100 UTC;0;928,8;929;928,6;;14,8;14,7;14,9;14,7;14,9;14,6;100;99;100;113;7,5;3,1;
2021/10/09;0200 UTC;0;929;929;928,8;;14,9;14,8;15;14,7;15;14,7;100;100;100;130;6,1;2,2;
2021/10/09;0300 UTC;0;929,2;929,4;929;;14,8;14,8;15;14,8;15;14,8;100;100;100;138;7,2;3,7;
2021/10/09;0400 UTC;0;929;929,2;928,9;;14,9;14,9;15;14,7;15;14,7;100;100;100;130;8,5;3,2;
2021/10/09;0500 UTC;0;928,7;929;928,7;;14,9;14,9;15,1;14,8;15,1;14,8;100;100;100;136;8,9;4,4;
2021/10/09;0600 UTC;0;928,3;928,9;928,2;;14,5;14,5;14,9;14,5;14,9;14,5;100;100;100;123;9,3;3,8;
2021/10/09;0700 UTC;0;928,5;928,6;927,9;;14,2;14,2;14,5;14,2;14,4;14,2;100;100;100;113;7,6;3,7;
2021/10/09;0800 UTC;0;928,7;928,8;928,2;;14,4;14,4;14,4;14,2;14,4;14,2;100;100;100;122;7,1;2,6;
2021/10/09;0900 UTC;0;928,6;928,7;928,5;2,2;14,6;14,6;14,6;14,3;14,6;14,3;100;100;100;119;6;2,7;
2021/10/09;1000 UTC;0;929,7;929,7;928,6;117;15,3;14,9;15,3;14,6;15,1;14,5;100;97;97;127;5,5;2,1;
2021/10/09;1100 UTC;0;929,8;929,8;929,5;113,6;15,6;13,4;15,7;15,2;15,1;13,4;99;86;86;84;4;1;
2021/10/09;1200 UTC;0;929,2;929,8;929;458,8;16,9;13,1;17,1;15,6;13,8;12,8;88;77;78;51;7,2;1,4;
2021/10/09;1300 UTC;1,2;928,9;929,4;928,7;182,3;15,9;15,1;16,9;15,9;15,1;12,9;95;77;95;23;5,3;1,6;
2021/10/09;1400 UTC;1,4;928,6;928,9;928,3;743,4;17,2;17,1;17,2;15,9;17,1;15,1;100;92;99;132;5,4;2,6;
2021/10/09;1500 UTC;1,2;928,4;928,7;928,3;616;16,2;16,2;17,2;15,9;17;15,9;100;96;100;138;6,3;2,5;
2021/10/09;1600 UTC;0;927,4;928,6;927,4;511,5;16,5;16,5;16,7;15,9;16,7;15,9;100;100;100;115;5,4;1,9;
2021/10/09;1700 UTC;0;927,3;927,4;927,1;523,8;16,5;16,5;16,9;16,4;16,9;16,4;100;100;100;172;4;1,4;
2021/10/09;1800 UTC;1;926,3;927,3;926,3;448,1;17;17;17,1;16,4;17,1;16,4;100;100;100;159;3,1;1,5;
2021/10/09;1900 UTC;,6;926,8;927;926,3;422,8;16,9;16,9;17,5;16,9;17,5;16,9;100;100;100;165;5,9;2,9;
2021/10/09;2000 UTC;,2;927,2;927,3;926,5;83,9;15,1;15,1;17;15;17;15;100;100;100;141;8,3;3,6;
2021/10/09;2100 UTC;,2;927,3;927,3;926,9;39,7;15,1;15,1;15,2;14,9;15,2;14,9;100;100;100;130;8,9;3;
2021/10/09;2200 UTC;,2;927,9;928,2;927,3;,5;15,3;15,3;15,3;15;15,3;15;100;100;100;140;7,2;3,5;
2021/10/09;2300 UTC;1,4;928,4;928,9;927,9;;15,1;15,1;15,3;14,9;15,2;14,9;100;100;100;140;7,9;2,5;
2021/10/10;0000 UTC;,4;929;929;928,3;;14,9;14,9;15,3;14,9;15,3;14,9;100;100;100;135;7,5;3,2;
2021/10/10;0100 UTC;,8;928,6;929,5;928,3;;15;15;15,2;14,9;15,2;14,9;100;100;100;123;7,2;2,6;
2021/10/10;0200 UTC;,4;929,2;929,7;928,5;;15;15;15,2;15;15,1;15;100;100;100;108;5,9;2,5;
2021/10/10;0300 UTC;,4;928,8;929,2;928,7;;15,2;15,2;15,2;15;15,2;15;100;100;100;129;4,4;1,9;
2021/10/10;0400 UTC;,6;928,9;929,5;928,7;;15;15;15,3;15;15,3;15;100;100;100;155;4,9;2,3;
2021/10/10;0500 UTC;,6;928;928,9;928;;15;15;15,1;14,9;15,1;14,9;100;100;100;149;4,9;1,5;
2021/10/10;0600 UTC;0;926,9;928;926,9;;15,1;15,1;15,1;14,9;15,1;14,9;100;100;100;102;5,4;1,9;
2021/10/10;0700 UTC;0;926,1;926,9;926;;15,1;15;15,1;15;15,1;15;100;100;100;118;5,4;1,8;
2021/10/10;0800 UTC;,4;926,2;926,5;926,1;;15,1;15,1;15,2;15;15,2;15;100;100;100;63;5,3;2,1;
2021/10/10;0900 UTC;0;926,6;926,6;926;1,2;15,4;15,4;15,5;15,1;15,4;15,1;100;100;100;24;6,9;,9;
2021/10/10;1000 UTC;0;927,5;927,5;926,5;94,8;15,9;15,7;15,9;15,4;15,8;15,4;100;99;99;149;5;2,2;
2021/10/10;1100 UTC;0;927,8;927,8;927,4;191,9;15,6;15,6;16,1;15,6;16,1;15,6;100;98;100;150;6,8;3,1;
2021/10/10;1200 UTC;0;928,2;928,4;927,8;283,4;16;16;16;15,3;16;15,3;100;100;100;149;7,1;2,6;
2021/10/10;1300 UTC;0;928,2;928,2;928,1;604;17,1;17;17,1;16;17;16;100;100;100;133;7,2;3,1;
2021/10/10;1400 UTC;,2;928,9;929;928,2;569,1;16,3;16,3;17;16,1;16,9;16,1;100;97;100;134;7,9;3;
2021/10/10;1500 UTC;0;928,4;928,8;928,4;683,9;17;16,6;17,1;16,2;16,8;16,1;100;96;97;127;6,3;2,6;
2021/10/10;1600 UTC;0;927,7;928,4;927,7;892,3;17,5;15,4;17,9;16,8;17,1;15,3;100;87;87;119;7;3,5;
2021/10/10;1700 UTC;0;927,3;927,7;927,3;548,7;17,2;15,6;17,8;17,1;16,3;15,3;93;87;90;112;7,5;2,7;
2021/10/10;1800 UTC;0;926,9;927,3;926,9;416;17,3;16,4;17,4;17;16,9;15,3;97;89;95;127;6,2;2,1;
2021/10/10;1900 UTC;,8;927,1;927,1;926,9;217,8;16,3;16,3;17,4;16,3;17,2;15,9;100;93;100;148;6,6;2,8;
2021/10/10;2000 UTC;,8;927,6;927,6;927,1;137,4;16,1;16,1;16,4;16;16,4;16;100;100;100;136;6,7;2,7;
2021/10/10;2100 UTC;0;927,3;927,7;927,2;34;16;16;16,2;16;16,2;16;100;100;100;124;6,9;3,2;
2021/10/10;2200 UTC;0;927,4;927,4;927;0;16;16;16,2;16;16,2;16;100;100;100;138;6,9;3,4;
2021/10/10;2300 UTC;,2;927,8;927,9;927,4;;15,9;15,9;16,1;15,9;16;15,9;100;100;100;129;8,1;3,3;
2021/10/11;0000 UTC;,2;928,7;928,7;927,8;;15,9;15,9;16;15,8;16;15,8;100;100;100;131;8,2;3,6;
2021/10/11;0100 UTC;,4;929;929;928,6;;15,7;15,7;15,9;15,6;15,9;15,6;100;100;100;134;6,9;2,8;
2021/10/11;0200 UTC;2;929,2;929,2;929;;15,7;15,7;15,8;15,6;15,8;15,6;100;100;100;130;7,8;2,9;
2021/10/11;0300 UTC;,8;928,8;929,2;928,8;;15,6;15,6;15,7;15,6;15,7;15,6;100;100;100;133;7,2;3,3;
2021/10/11;0400 UTC;,4;928,7;928,9;928,7;;15,8;15,8;15,8;15,6;15,8;15,6;100;100;100;126;7,5;2,6;
2021/10/11;0500 UTC;,8;927,8;928,7;927,8;;15,7;15,7;15,8;15,6;15,8;15,6;100;100;100;115;6,8;3,2;
2021/10/11;0600 UTC;0;927,6;927,8;927,6;;15,6;15,6;15,7;15,5;15,7;15,5;100;100;100;120;7,9;2,5;
2021/10/11;0700 UTC;,2;927,4;927,6;927,4;;15,6;15,6;15,7;15,6;15,7;15,5;100;100;100;122;6,3;2,9;
2021/10/11;0800 UTC;0;928;928;927,4;;15,7;15,7;15,7;15,6;15,7;15,6;100;100;100;121;7,4;1,8;
2021/10/11;0900 UTC;0;928;928,1;927,8;7,1;15,5;15,5;15,7;15,5;15,7;15,5;100;100;100;124;5,9;2,4;
2021/10/11;1000 UTC;0;928,4;928,5;928;242,5;16,2;16,2;16,3;15,5;16,3;15,5;100;100;100;119;5,3;2,6;
2021/10/11;1100 UTC;0;928,9;928,9;928,4;565,5;17,2;15,6;17,2;16,2;16,8;15,5;100;90;90;120;5,6;2,3;
2021/10/11;1200 UTC;0;929,3;929,3;928,9;587,4;17,4;15,9;17,6;17;16,5;15,2;95;89;91;134;4,7;2,2;
2021/10/11;1300 UTC;0;929,2;929,4;929,2;663,6;17,7;16,1;17,7;17;17,2;15,5;100;89;90;118;6,1;2,7;
2021/10/11;1400 UTC;0;929,1;929,2;929;1012;17,8;16,5;18,4;17,6;16,8;15,8;94;86;92;119;6,5;2,8;
2021/10/11;1500 UTC;0;928,4;929,1;928,4;1501,6;18,7;16,1;19,1;17,8;17,1;15,9;94;83;85;130;6,8;3,6;
2021/10/11;1600 UTC;0;928;928,4;928;1127,6;18,3;16,6;19,5;18,2;17,1;15,6;90;81;90;122;6,6;2,7;
2021/10/11;1700 UTC;0;927,6;928;927,6;490,8;18,1;17,1;18,5;18;17,3;16,3;95;89;94;136;6,1;2,9;
2021/10/11;1800 UTC;0;927,2;927,6;927,2;200,6;17,6;17,6;18,2;17,5;17,8;17;100;94;100;140;6,5;2,2;
2021/10/11;1900 UTC;,6;927,2;927,2;927,1;96,5;17;17;17,7;17;17,7;17;100;99;100;147;6,2;2,5;
2021/10/11;2000 UTC;4,4;927,4;927,4;927,2;120;16,8;16,8;17,1;16,8;17,1;16,8;100;100;100;127;5,5;2,8;
2021/10/11;2100 UTC;,8;927,6;927,6;927,4;65,6;16,7;16,7;16,9;16,6;16,9;16,6;100;100;100;137;5,1;1,8;
2021/10/11;2200 UTC;0;927,9;927,9;927,6;1,3;16,5;16,5;16,7;16,5;16,7;16,5;100;100;100;137;5,5;2,1;
2021/10/11;2300 UTC;0;928;928,1;927,9;;16,4;16,4;16,6;16,4;16,6;16,4;100;100;100;121;4,6;2;
2021/10/12;0000 UTC;0;928;928,2;928;;16,4;16,4;16,5;16,4;16,5;16,4;100;100;100;119;4,6;2,2;
2021/10/12;0100 UTC;0;928,1;928,2;927,9;;16,4;16,4;16,4;16,3;16,4;16,3;100;100;100;116;4,4;1,7;
2021/10/12;0200 UTC;0;928,1;928,1;928;;16,7;16,2;16,7;16,3;16,5;16,1;100;97;97;109;5,3;1,7;
2021/10/12;0300 UTC;0;927,6;928,1;927,6;;16,5;16,3;16,7;16,5;16,5;15,9;100;95;99;89;4;1,1;
2021/10/12;0400 UTC;0;927;927,6;927;;16,5;15,5;16,7;16,5;16,3;15,2;99;91;94;77;4,3;1,3;
2021/10/12;0500 UTC;0;926,9;927;926,9;;16,5;14,9;16,6;16,5;15,8;14,9;95;90;90;73;4,6;1,6;
2021/10/12;0600 UTC;0;926,5;926,9;926,5;;16,6;14,9;16,6;16,5;15,1;14,6;91;88;90;79;4,6;1,4;
2021/10/12;0700 UTC;0;926,7;926,7;926,5;;16,5;15;16,6;16,4;15,2;14,6;92;88;91;62;3,5;,9;
2021/10/12;0800 UTC;0;926,9;926,9;926,7;;16,1;14,6;16,5;16,1;15;14,5;91;89;91;28;3,3;,7;
2021/10/12;0900 UTC;0;927,3;927,3;926,9;4,6;15,9;14;16,1;15,7;14,7;14;92;88;88;68;3,5;1,4;
2021/10/12;1000 UTC;0;927,7;927,7;927,3;145,6;16,3;14,1;16,3;15,9;14,3;13,7;90;86;87;62;5,8;1,6;
2021/10/12;1100 UTC;0;928,2;928,3;927,7;610,9;16,7;13,9;16,8;16,3;14,4;13,6;88;82;83;54;5,9;2,4;
2021/10/12;1200 UTC;0;928;928,2;927,9;1777,4;17,8;14,2;18,9;16,7;14,9;13,4;85;73;79;81;5,2;2,4;
2021/10/12;1300 UTC;0;928,1;928,2;928;2218,5;18,9;14,2;19,4;17,6;15,5;13,5;81;71;74;88;5,2;2,1;
2021/10/12;1400 UTC;0;927,6;928,2;927,6;2412,2;20,6;14;21,3;18,9;15,9;13,7;78;64;66;103;4,8;1,8;
2021/10/12;1500 UTC;0;927,2;927,6;927,2;3459,5;21,7;14,6;22,4;20,6;16,5;13,7;71;61;64;126;4,6;1,8;
2021/10/12;1600 UTC;,2;926,6;927,2;926,6;1929,7;22;14,4;23,3;21,4;16;13,5;69;57;62;115;3,8;1,6;
2021/10/12;1700 UTC;0;926;926,6;925,9;3440,1;22,8;15,3;23,7;22;15,9;14;65;57;63;116;5,7;2,7;
2021/10/12;1800 UTC;0;925,1;926;925,1;1861;21,8;16,1;23,4;21,8;16,3;13,6;70;55;70;133;6,1;3;
2021/10/12;1900 UTC;4,6;925,5;925,7;925,1;391,9;18,7;18,7;21,8;18,4;18,9;16,2;100;70;100;141;7;2,5;
2021/10/12;2000 UTC;0;925,6;925,7;925,4;481,8;19;16,8;19,4;18,6;19,4;16,7;100;87;88;156;6,5;3,1;
2021/10/12;2100 UTC;0;925,9;925,9;925,5;145,6;18,1;15,9;19;18;17,2;15,8;90;86;87;169;6,9;2,8;
2021/10/12;2200 UTC;0;926,2;926,2;925,9;5,6;18;15,8;18,1;17,9;16;15,5;88;85;87;157;5,7;2;
2021/10/12;2300 UTC;0;926,9;927;926,2;;17,8;15,6;18;17,7;15,9;15,3;88;85;87;163;4,5;2,1;
2021/10/13;0000 UTC;0;927,1;927,3;926,9;;17,4;15,8;17,8;17,4;16,4;15,2;93;85;90;114;4,3;2,1;
2021/10/13;0100 UTC;0;927,2;927,3;927,1;;17,3;16,1;17,6;17,1;16,1;14,7;93;85;93;103;3,9;,9;
2021/10/13;0200 UTC;0;926,7;927,2;926,7;;16;16;17,2;15,9;16;15,2;100;92;100;184;1,5;,7;
2021/10/13;0300 UTC;0;926,2;926,7;926,2;;16;16;16;15,6;16;15,6;100;100;100;133;1,1;,4;
2021/10/13;0400 UTC;0;925,5;926,2;925,5;;16,6;16,6;16,7;16;16,7;16;100;100;100;161;1,1;,6;
2021/10/13;0500 UTC;0;925;925,5;925;;16,8;16,8;16,8;16,6;16,8;16,6;100;100;100;86;1,7;,8;
2021/10/13;0600 UTC;0;924,8;925;924,8;;17,5;15,3;17,5;16,7;16,8;14,9;100;85;87;24;4,5;1;
2021/10/13;0700 UTC;0;925,1;925,1;924,8;;17,1;15;17,5;17,1;15,4;14,8;88;86;87;99;4,2;1,1;
2021/10/13;0800 UTC;0;925,6;925,6;924,9;;17;14,9;17,2;16,9;15,2;14,5;88;85;88;58;4,2;1,1;
2021/10/13;0900 UTC;0;925,8;925,8;925,5;4;17;14,6;17,1;16,9;15,2;14,5;89;85;86;42;3,9;1,2;
2021/10/13;1000 UTC;0;926,4;926,4;925,8;111,7;17,4;14,7;17,4;17;15;14,5;87;84;84;67;4,5;1,6;
2021/10/13;1100 UTC;0;926,8;926,8;926,4;435,2;18;14,6;18,1;17,3;14,8;14,3;84;80;80;42;5,3;1,5;
2021/10/13;1200 UTC;0;926,7;926,9;926,7;917,5;19,4;15,5;19,4;18;15,5;14,4;82;74;78;74;4,8;1,3;
2021/10/13;1300 UTC;0;926,6;926,8;926,6;1835,3;20,8;15,2;21;19,4;15,8;14,2;79;68;70;46;4,6;1,5;
2021/10/13;1400 UTC;0;926,2;926,6;926,2;3463;21,8;14,9;22,7;20,5;16,7;14,4;73;62;65;118;3,8;2;
2021/10/13;1500 UTC;0;925,7;926,2;925,7;3408,9;23,9;15,9;24;21,8;16,7;14,5;67;58;61;106;4,5;2,1;
2021/10/13;1600 UTC;0;924,7;925,7;924,7;3665,5;24,3;14,9;24,7;23,5;16,6;14,3;63;54;56;110;4,7;2,5;
2021/10/13;1700 UTC;0;924,1;924,7;924,1;3266,4;24,4;17,2;25,4;24,3;17,4;13,9;64;50;64;127;6,2;3;
2021/10/13;1800 UTC;0;924,3;924,3;924;2276,1;19,6;17,4;24,4;19,6;17,7;16,5;87;63;87;133;10,1;4,2;
2021/10/13;1900 UTC;0;924,4;924,4;924,2;409;17,9;17,9;19,6;17,8;18,4;17,2;100;86;100;154;8,4;3,5;
2021/10/13;2000 UTC;0;924,7;924,8;924,4;441,8;18,6;16,7;18,8;17,9;18,1;16,6;100;88;89;147;6,6;3;
2021/10/13;2100 UTC;0;925;925;924,7;113,8;18,2;16,2;18,7;18,2;16,6;16,1;89;86;88;133;6,2;2;
2021/10/13;2200 UTC;0;925,3;925,4;925;3,9;17,4;16;18,3;17,4;16,4;15,7;92;87;91;143;5,8;3,2;
2021/10/13;2300 UTC;0;925,9;925,9;925,2;;17,3;15,7;17,4;17,1;16;15,3;93;89;91;138;6;2,5;
2021/10/14;0000 UTC;0;925,9;926;925,7;;17,6;16,1;17,7;17,3;16,2;15,5;91;89;91;123;5;2,1;
2021/10/14;0100 UTC;0;925,9;925,9;925,7;;16,7;16,7;17,6;16,7;17;16;100;91;100;91;3,7;,7;
2021/10/14;0200 UTC;0;925,3;925,9;925,3;;16,4;16,4;16,8;16,4;16,8;16,4;100;100;100;152;2,1;1;
2021/10/14;0300 UTC;0;924,5;925,4;924,5;;16,3;16,3;16,5;16,2;16,5;16,2;100;100;100;106;2;,9;
2021/10/14;0400 UTC;0;923,7;924,6;923,7;;16,6;16,6;16,6;16,2;16,6;16,2;100;100;100;62;3,3;1,5;
2021/10/14;0500 UTC;0;923,3;923,7;923,3;;16,9;16,9;17;16,6;17;16,6;100;100;100;14;3,3;,7;
2021/10/14;0600 UTC;0;922,9;923,3;922,7;;17,4;16,8;17,5;16,8;17,1;16,4;100;95;96;30;5,5;1,6;
2021/10/14;0700 UTC;0;923;923,1;922,9;;17,5;17;17,5;17,3;17,1;16,7;98;96;97;34;5,5;2,1;
2021/10/14;0800 UTC;0;923,5;923,5;923;;17,5;16,8;17,5;17,4;17,3;16,8;99;95;96;43;6,5;2,3;
2021/10/14;0900 UTC;0;923,8;923,9;923,4;16,8;17,4;17,2;17,5;17,3;17,2;16,6;99;95;98;31;6,8;1,7;
2021/10/14;1000 UTC;0;923,8;923,8;923,7;286,9;18,3;16,4;18,3;17,4;17,1;16,4;98;89;89;18;5,4;2;
2021/10/14;1100 UTC;0;923,7;924;923,7;1033,1;20,7;16,5;20,7;18,3;17,1;16,1;89;76;77;50;5,5;1,7;
2021/10/14;1200 UTC;0;924;924;923,5;1783,4;22,7;16;22,7;20,5;16,5;15,5;77;65;66;33;5,5;1,6;
2021/10/14;1300 UTC;0;924,5;924,6;924;2207,5;24,2;15,7;24,2;22,3;16,6;15,1;67;59;59;42;5,5;1,9;
2021/10/14;1400 UTC;0;924,1;924,6;924,1;1986,7;26,1;15,4;26,1;24,1;16,3;14,5;61;51;52;338;4,3;1,6;
2021/10/14;1500 UTC;0;923,4;924,2;923,4;1811,1;26,6;15,4;27,2;25,7;16,8;14,9;55;47;50;333;5,2;2;
2021/10/14;1600 UTC;0;922,2;923,4;922,2;2877,5;29,8;14,9;30,2;26,6;17,9;14,7;54;40;41;350;4,9;1,7;
2021/10/14;1700 UTC;0;921,3;922,2;921,3;2595,7;30,2;14,3;30,6;29,4;16,2;13;44;35;38;336;7,5;2,9;
2021/10/14;1800 UTC;0;920,6;921,3;920,6;1879,3;29,3;13,9;31,3;29,3;15,3;13,1;41;33;39;311;7,5;2,2;
2021/10/14;1900 UTC;0;920,3;920,7;920,1;571;27,1;15,5;29,3;27,1;16,8;13,4;51;38;49;321;7,5;1,9;
2021/10/14;2000 UTC;0;921,5;921,5;920,3;126,9;26,6;14,4;27,2;26,6;15,8;13,9;51;44;47;330;4,4;1,2;
2021/10/14;2100 UTC;0;922,1;922,1;921,5;30,2;25,9;15,7;26,8;25,9;15,7;14,2;53;46;53;293;3,6;1,4;
2021/10/14;2200 UTC;,6;923,5;923,6;922;,7;21,3;19,3;25,9;21,3;19,4;15,9;88;53;88;341;10,5;4,1;
2021/10/14;2300 UTC;0;923,9;923,9;923,5;;20;16,1;21,3;20;19,4;16,1;91;78;78;330;10,2;2,7;
2021/10/15;0000 UTC;0;924,6;924,6;923,9;;19,2;16,2;20;19,2;16,3;15,9;83;78;83;324;7,2;1,7;
2021/10/15;0100 UTC;0;924,8;924,8;924,5;;19,3;15,8;19,6;19,1;16,2;15,7;83;78;80;312;5,2;1,6;
2021/10/15;0200 UTC;0;924,7;924,9;924,7;;18,6;15,9;19,4;18,5;16,3;15,8;86;80;85;323;4,6;1,4;
2021/10/15;0300 UTC;0;924,6;924,7;924,4;;17,9;16,1;18,7;17,9;16,1;15,8;89;83;89;302;3,1;,9;
2021/10/15;0400 UTC;0;924,2;924,7;924,2;;17,7;16,2;18,2;17,7;16,4;15,8;92;86;91;315;3,6;1,4;
2021/10/15;0500 UTC;0;923,9;924,3;923,9;;17,3;15,9;17,7;17,3;16,9;15,7;97;90;92;301;3,8;,7;
2021/10/15;0600 UTC;0;923,5;923,9;923,5;;17,2;15,2;17,3;17,1;16,3;15;95;87;88;307;4,4;1,1;
2021/10/15;0700 UTC;0;923,5;923,5;923,3;;18,1;14,5;18,2;17,1;15,3;14,4;89;79;79;305;5,4;2,1;
2021/10/15;0800 UTC;0;923,9;923,9;923,5;;17,6;14,7;18,4;17,6;14,7;14,4;83;78;83;305;5,1;,8;
2021/10/15;0900 UTC;0;924,5;924,6;923,9;12,7;17,4;15;17,6;17,2;15;14,6;86;82;86;15;2,5;,5;
2021/10/15;1000 UTC;0;924,7;924,7;924,5;461,9;20,6;14,8;20,7;17,4;15,2;14,7;86;69;69;349;3,5;1,5;
2021/10/15;1100 UTC;0;925,1;925,2;924,6;1201,9;22,3;15,1;22,4;20,6;15,8;14,9;71;63;64;338;5,8;2,3;
2021/10/15;1200 UTC;0;925,7;925,7;925,1;1836,6;24;15,1;24,2;22,3;15,9;14,7;65;57;57;334;7,9;3,3;
2021/10/15;1300 UTC;0;925,5;925,9;925,5;2690,6;26;15,3;26,3;24;16,2;14,8;58;50;52;341;7;2,6;
2021/10/15;1400 UTC;0;925;925,5;924,9;2844,9;27,1;15,6;27,5;26;16,5;14,8;53;47;49;335;7;3,3;
2021/10/15;1500 UTC;0;924,4;925;924,4;3304,5;29,2;15,5;29,4;26,9;16,6;14,9;50;42;43;327;9,6;3,9;
2021/10/15;1600 UTC;0;923,6;924,4;923,6;3058;29,7;15,6;30,7;29,1;17;14,8;45;39;43;323;9,6;2,4;
2021/10/15;1700 UTC;0;922,8;923,6;922,8;1918,9;29,7;15,7;30,9;28,9;16,7;14,6;45;38;43;327;7,6;2,6;
2021/10/15;1800 UTC;0;922,2;922,8;922,2;1668,5;29,3;15,9;31,9;29,2;17,2;14,9;46;37;44;311;6,5;2,3;
2021/10/15;1900 UTC;0;922,1;922,3;921,9;632,3;28,5;16,6;29,5;28,2;17,1;15,6;51;43;49;329;6,1;1,9;
2021/10/15;2000 UTC;,6;923,2;923,3;922,1;174,3;21,4;17,8;28,7;21,4;17,8;15,3;80;44;80;160;7,8;3,5;
2021/10/15;2100 UTC;,2;924,5;924,5;923,2;32;20,6;17,3;21,4;20,6;18;15,8;81;72;81;164;7,2;2,9;
2021/10/15;2200 UTC;2,4;925;925;923,8;,8;18,9;18,8;20,6;18,9;19,3;17,3;100;81;100;101;9,7;3,1;
2021/10/15;2300 UTC;1,8;925,6;925,6;924,9;;18,5;18,5;18,9;18,4;18,9;18,1;100;97;100;147;8;3;
2021/10/16;0000 UTC;,4;926;926,3;925,6;;18,2;18,2;18,6;18,2;18,6;18,2;100;100;100;114;6;2,1;
2021/10/16;0100 UTC;,8;926,3;926,4;926;;18,1;18,1;18,3;18;18,3;18;100;100;100;92;5;1,8;
2021/10/16;0200 UTC;,2;925,6;926,3;925,5;;18,3;18,3;18,3;18;18,3;18;100;100;100;53;4,4;1,7;
2021/10/16;0300 UTC;11;926,5;927,9;925,6;;17,9;17,9;18,7;17,6;18,7;17,6;100;100;100;326;10,9;1,6;
2021/10/16;0400 UTC;2,6;925;926,6;925;;18,1;18,1;18,1;17,9;18,1;17,9;100;100;100;346;5,2;2;
2021/10/16;0500 UTC;,6;923,3;925;922,9;;18,3;18,3;18,3;18,1;18,3;18,1;100;100;100;343;9,8;2,4;
2021/10/16;0600 UTC;0;923,2;923,7;922,9;;18,1;18,1;18,3;18,1;18,3;18,1;100;100;100;318;7,1;2,1;
2021/10/16;0700 UTC;0;923,7;923,7;923,2;;17,6;17,6;18,1;17,6;18,1;17,6;100;100;100;310;5;2;
2021/10/16;0800 UTC;0;924,8;924,8;923,7;;17,7;17,7;17,8;17,5;17,8;17,5;100;100;100;319;5,2;1,7;
2021/10/16;0900 UTC;0;925,4;925,4;924,8;5,8;17,4;17,4;17,7;17,3;17,7;17,3;100;100;100;313;4,3;1,3;
2021/10/16;1000 UTC;0;926,1;926,1;925,3;348,2;19,6;19,4;19,6;17,3;19,4;17,3;100;96;98;308;5,6;1,3;
2021/10/16;1100 UTC;0;926,9;926,9;926,1;910,4;20,9;18,3;21,8;19,6;19,4;17,5;98;79;85;312;4,1;1,9;
2021/10/16;1200 UTC;0;927,6;927,6;926,9;1392,6;22,8;18,1;23,3;20,9;19,2;17,8;86;73;75;303;5,7;2,1;
2021/10/16;1300 UTC;0;927,6;927,6;927,4;2535,3;25,3;18;25,4;22,7;19,3;16,8;76;63;64;311;6,9;1,8;
2021/10/16;1400 UTC;0;927,7;927,7;927,6;3095,6;26,3;16;28;25,1;19,1;15,8;67;51;53;285;6,6;1,8;
2021/10/16;1500 UTC;0;927,7;927,8;927,7;2317,6;27,6;17,4;28,2;26,1;18,1;15,2;57;48;54;287;6,4;1,9;
2021/10/16;1600 UTC;,2;927,4;927,7;927,4;2913,1;28,1;15,4;28,6;27,1;17,6;14,3;54;43;46;289;6,5;1,7;
2021/10/16;1700 UTC;0;927,7;927,7;927,4;843,1;20,3;19,9;28,1;20,3;20;15,1;98;46;98;130;8,6;3,2;
2021/10/16;1800 UTC;0;927,7;927,7;927,5;268,5;17,9;17,9;20,3;17,9;19,8;17,9;100;98;100;169;7,9;3,6;
2021/10/16;1900 UTC;0;927,8;927,8;927,4;434,5;17,2;17,2;18;17,1;18;17,1;100;100;100;163;8,9;4;
2021/10/16;2000 UTC;0;928,1;928,2;927,7;134;16,7;16,6;17,2;16,6;17,2;16,6;100;100;100;156;8,6;3,5;
2021/10/16;2100 UTC;0;928,4;928,4;928;60,8;16,4;16,4;16,8;16,3;16,8;16,3;100;100;100;162;7,5;3,9;
2021/10/16;2200 UTC;0;929;929;928,3;5;16,7;16,7;16,7;16,4;16,7;16,4;100;100;100;158;7,5;3,3;
2021/10/16;2300 UTC;0;929,6;929,6;929;;16,6;16,6;16,7;16,5;16,7;16,5;100;100;100;154;6,8;2,9;
2021/10/17;0000 UTC;0;930,1;930,1;929,6;;16,5;16,5;16,7;16,4;16,7;16,4;100;100;100;162;7;2,7;
2021/10/17;0100 UTC;0;930,2;930,2;930;;16,3;16,2;16,5;16,2;16,4;16,2;100;100;100;147;6,8;2,3;
2021/10/17;0200 UTC;0;930,3;930,4;930,2;;16;16;16,3;16;16,3;16;100;100;100;163;5,5;2,5;
2021/10/17;0300 UTC;0;930,1;930,2;930;;15,9;15,9;16;15,8;16;15,8;100;100;100;160;6,3;2,6;
2021/10/17;0400 UTC;0;929,7;930,1;929,7;;15,9;15,9;15,9;15,8;15,9;15,8;100;100;100;162;4,8;2,4;
2021/10/17;0500 UTC;,2;929,1;929,7;929,1;;15,7;15,7;16;15,7;15,9;15,7;100;100;100;170;4,5;1,7;
2021/10/17;0600 UTC;0;928,7;929,1;928,6;;15,6;15,6;15,9;15,6;15,8;15,6;100;100;100;156;6,4;2,9;
2021/10/17;0700 UTC;0;928,6;928,8;928,6;;15,9;15,9;15,9;15,6;15,9;15,6;100;100;100;127;5,6;1,5;
2021/10/17;0800 UTC;0;928,9;928,9;928,6;;16;16;16;15,8;16;15,7;100;100;100;145;3,3;1,4;
2021/10/17;0900 UTC;0;929,4;929,4;928,8;7,8;15,9;15,9;16;15,9;16;15,8;100;100;100;162;3,7;2;
2021/10/17;1000 UTC;0;929,9;929,9;929,4;142,2;16,4;16,4;16,5;15,9;16,5;15,9;100;100;100;111;5,2;2,1;
2021/10/17;1100 UTC;0;930;930,4;929,9;281,7;16,9;16,9;17;16,4;17;16,4;100;100;100;133;4,3;1,9;
2021/10/17;1200 UTC;0;930,4;930,4;930;734,4;17,4;15,9;17,7;16,8;17,3;15,8;100;91;91;115;5,3;2,6;
2021/10/17;1300 UTC;0;931;931;930,4;654,9;17,3;15,5;17,7;16,9;17,3;15,5;100;89;89;139;6;3,1;
2021/10/17;1400 UTC;0;931,2;931,3;931;377,6;16,7;16,5;17,5;16,7;16,5;15,2;99;88;99;155;6,3;3,1;
2021/10/17;1500 UTC;,2;930,3;931,2;930,3;442,4;16,5;16,5;16,9;16,4;16,8;16;100;96;100;143;6,5;2,8;
2021/10/17;1600 UTC;0;929,6;930,3;929,6;907,2;17,2;16,9;17,3;16,3;17,2;16,4;100;97;98;136;8;2,9;
2021/10/17;1700 UTC;0;928,9;929,6;928,9;611,8;16,7;15,8;17,4;16,5;17,1;15,5;99;91;95;139;7,2;3,2;
2021/10/17;1800 UTC;,4;928,1;928,9;928;437,6;15,8;15,8;16,9;15,8;16,6;15,3;100;92;100;137;7,2;3,3;
2021/10/17;1900 UTC;0;928;928,3;927,9;304,1;15,8;15,8;15,9;15,5;15,9;15,4;100;99;100;145;8;2,9;
2021/10/17;2000 UTC;,2;928;928,4;928;143,2;15,7;15,7;15,8;15,5;15,8;15,5;100;100;100;128;6,7;2,8;
2021/10/17;2100 UTC;0;928,2;928,2;927,7;90,8;15,5;15,5;15,7;15,4;15,7;15,4;100;100;100;121;6,6;2,3;
2021/10/17;2200 UTC;0;928,2;928,3;927,8;1,6;15,5;15,5;15,6;15,4;15,6;15,4;100;100;100;127;7,1;2,5;
2021/10/17;2300 UTC;0;928,5;928,6;928,1;;15,1;15,1;15,5;15;15,5;15;100;100;100;126;6,5;3;
2021/10/18;0000 UTC;0;929;929,1;928,5;;14,8;14,8;15,1;14,8;15,1;14,8;100;100;100;133;6;3,2;
2021/10/18;0100 UTC;0;929;929,4;928,9;;14,9;14,9;15;14,7;15;14,7;100;100;100;129;6,6;2,4;
2021/10/18;0200 UTC;0;928,8;929,1;928,7;;15,2;15,2;15,3;14,9;15,3;14,9;100;100;100;130;5,8;2,6;
2021/10/18;0300 UTC;0;928,3;928,9;928,3;;15,5;15,5;15,5;15,2;15,5;15,2;100;100;100;138;5,8;2,9;
2021/10/18;0400 UTC;0;928;928,7;927,9;;15,4;15,4;15,5;15,4;15,5;15,4;100;100;100;154;6,5;2,8;
2021/10/18;0500 UTC;1,6;927,2;928;927,2;;15,5;15,5;15,6;15,4;15,6;15,4;100;100;100;167;5,2;2,3;
2021/10/18;0600 UTC;,2;926,5;927,3;926,5;;15,5;15,5;15,6;15,4;15,6;15,4;100;100;100;145;5,5;2,2;
2021/10/18;0700 UTC;1;926,9;927,5;926,5;;15,3;15,3;15,6;15,2;15,6;15,2;100;100;100;161;5,9;2,1;
2021/10/18;0800 UTC;1,4;927,7;927,7;926,7;;15,6;15,6;15,7;15,3;15,7;15,3;100;100;100;164;6;2,4;
2021/10/18;0900 UTC;1;928,1;928,1;927,2;,5;15,8;15,8;15,8;15,5;15,8;15,5;100;100;100;142;7,2;2,6;
2021/10/18;1000 UTC;,2;928,6;928,7;928;59;15,6;15,6;15,9;15,5;15,9;15,5;100;100;100;118;7,2;3,2;
2021/10/18;1100 UTC;0;929,2;929,2;928,6;124,4;15,4;15,4;15,9;15,4;15,8;15,4;100;100;100;131;7,8;2,9;
2021/10/18;1200 UTC;,6;929,6;930,2;928,8;275,1;15,6;15,6;15,7;15,3;15,7;15,3;100;100;100;137;8,1;3;
2021/10/18;1300 UTC;,6;929,7;930;929,2;768,8;16,1;16,1;16,3;15,4;16,3;15,4;100;100;100;127;7,2;3,3;
2021/10/18;1400 UTC;0;929,6;929,8;929,6;760,9;16,1;15,8;16,2;15,2;16,1;15,3;100;98;99;124;6,8;2,9;
2021/10/18;1500 UTC;0;929,1;929,6;929;952,4;16,4;15,3;16,6;16;16,3;15,1;100;92;93;130;7,3;3,3;
2021/10/18;1600 UTC;,6;928,7;929,1;928,6;505,9;16;15,7;16,7;15,9;16,2;14,9;99;91;99;143;7,3;2,6;
2021/10/18;1700 UTC;4,6;928,1;929;928,1;356;15,7;15,7;16,1;15,5;16;15,5;100;99;100;147;5,4;2,8;
2021/10/18;1800 UTC;1;927,2;928,1;927,2;1304,7;16,2;15,8;16,9;15,6;16,9;15,6;100;97;97;130;8;4;
2021/10/18;1900 UTC;0;926,7;927,2;926,7;865,1;16;15,8;16,9;16;16,7;15,2;100;93;99;133;8,3;4,4;
2021/10/18;2000 UTC;0;927,4;927,7;926,8;237,5;15,8;15,8;16,3;15,6;16,2;15,6;100;96;100;139;8,2;2,5;
2021/10/18;2100 UTC;0;928,3;928,3;927,3;116,8;15,5;15,5;15,9;15,5;15,8;15,5;100;100;100;145;6,8;2,8;
2021/10/18;2200 UTC;0;928,9;928,9;928,3;1,8;15,2;15,2;15,6;15,2;15,6;15,2;100;100;100;154;6,6;3;
2021/10/18;2300 UTC;0;929,3;929,3;928,9;;15,2;15,1;15,3;15,1;15,2;15,1;100;100;100;130;7,8;2,7;
2021/10/19;0000 UTC;0;929,7;929,9;929,3;;15,3;15,3;15,3;15;15,3;15;100;100;100;133;6,5;2,7;
2021/10/19;0100 UTC;,2;929,7;929,9;929,7;;15,1;15,1;15,3;15;15,3;15;100;100;100;125;6,8;3,1;
2021/10/19;0200 UTC;0;930,2;930,2;929,6;;15,3;15,3;15,4;15;15,4;15,1;100;100;100;133;6,8;1,9;
2021/10/19;0300 UTC;0;929,7;930,2;929,6;;15,4;15,4;15,4;15,2;15,4;15,2;100;100;100;134;5,2;2,6;
2021/10/19;0400 UTC;0;929,1;929,7;929,1;;15,3;15,3;15,4;15,2;15,4;15,2;100;100;100;146;6,9;3,4;
2021/10/19;0500 UTC;0;928,4;929,1;928,4;;15,3;15,3;15,5;15,3;15,5;15,3;100;100;100;152;7,9;3,2;
2021/10/19;0600 UTC;,2;927,7;928,3;927,7;;15,3;15,3;15,5;15,3;15,5;15,3;100;100;100;133;7,9;3,3;
2021/10/19;0700 UTC;,2;927,4;927,7;927,3;;15,2;15,2;15,4;15,2;15,4;15,2;100;100;100;137;7,8;3,2;
2021/10/19;0800 UTC;0;928,3;928,3;927,4;;15,2;15,2;15,3;15;15,3;15;100;100;100;133;7,9;2,7;
2021/10/19;0900 UTC;0;929,1;929,1;928,2;8,6;14,6;14,6;15,2;14,6;15,2;14,6;100;100;100;152;9,3;3,7;
2021/10/19;1000 UTC;0;929,9;930;929;124,1;14,4;14,4;14,7;14,3;14,7;14,3;100;100;100;150;8,5;3,7;
2021/10/19;1100 UTC;0;930,8;930,8;929,9;421,7;14,8;14,7;15;14,4;15;14,4;100;99;99;152;8,1;3,6;
2021/10/19;1200 UTC;0;931,6;931,6;930,8;447,3;14,7;14,7;15,1;14,6;15,1;14,5;100;98;100;151;8,7;3,4;
2021/10/19;1300 UTC;0;932;932;931,5;725,2;15,3;15,2;15,3;14,7;15,2;14,7;100;100;100;151;7,5;2,9;
2021/10/19;1400 UTC;0;931,5;932;931,5;1072;15,9;14,4;16;15,2;16;14,4;100;91;91;142;7,1;3,5;
2021/10/19;1500 UTC;0;931,3;931,6;931,3;640,6;14,9;14,9;16,4;14,8;15,6;14;100;88;100;146;7,1;2,9;
2021/10/19;1600 UTC;0;930,6;931,3;930,6;890,7;15;14,3;15,5;14,9;15,5;13,7;100;92;95;148;7,8;3,5;
2021/10/19;1700 UTC;0;930;930,6;930;595,1;15,1;14,5;15,4;14,8;15,2;13,8;100;92;96;153;8;3,4;
2021/10/19;1800 UTC;0;929,8;930;929,7;391,6;14,5;14,5;15,1;14,3;14,9;13,7;100;93;100;145;8,1;3,5;
2021/10/19;1900 UTC;,2;929,2;929,8;929,1;448,4;13,8;13,5;14,5;13,7;14,5;13,5;100;98;99;149;9,2;4,4;
2021/10/19;2000 UTC;,2;929,8;929,9;929,2;180,7;12,3;12,3;13,9;12,3;13,9;12,3;100;99;100;170;8,9;3,5;
2021/10/19;2100 UTC;,4;930,3;930,3;929,5;89,7;12,4;12,4;12,6;12,2;12,6;12,2;100;100;100;149;7,6;3;
2021/10/19;2200 UTC;0;930,7;930,8;930,3;1,2;11,1;11;12,4;11;12,4;11;100;100;100;158;8,3;4;
2021/10/19;2300 UTC;,2;931,9;931,9;930,5;;11,1;11,1;11,1;10,9;11,1;10,9;100;100;100;169;7,5;2,9;
2021/10/20;0000 UTC;0;932,3;932,3;931,6;;11,7;11,7;11,7;11;11,7;11;100;100;100;161;6,4;2,6;
2021/10/20;0100 UTC;,4;932;932,5;932;;10,9;10,9;11,7;10,8;11,7;10,8;100;100;100;159;8,3;4,4;
2021/10/20;0200 UTC;,2;932,2;932,3;932;;11,2;11,2;11,2;10,9;11,2;10,9;100;100;100;164;8,3;2,4;
2021/10/20;0300 UTC;0;931,7;932,3;931,6;;11,3;11,3;11,4;11,1;11,4;11,1;100;100;100;154;6,4;2,7;
2021/10/20;0400 UTC;,2;930,6;931,8;930,3;;11,5;11,5;11,7;11,3;11,6;11,3;100;100;100;133;8,6;4;
2021/10/20;0500 UTC;,4;929,6;930,8;929,5;;11,9;11,9;11,9;11,4;11,9;11,4;100;100;100;134;8,7;3,4;
2021/10/20;0600 UTC;0;929,2;929,8;929;;11,9;11,9;12,2;11,7;12,2;11,7;100;100;100;151;8,2;4;
2021/10/20;0700 UTC;,2;929,3;929,7;929,2;;12;12;12,3;11,9;12,2;11,9;100;100;100;129;9,6;4,2;
2021/10/20;0800 UTC;0;929;929,4;928,9;;11,9;11,9;12,1;11,7;12;11,7;100;100;100;135;9,6;4,2;
2021/10/20;0900 UTC;0;929,5;929,6;928,9;9,2;11,7;11,7;12,2;11,7;12,1;11,7;100;100;100;139;8,3;3,9;
2021/10/20;1000 UTC;0;930,3;930,3;929,4;204,8;12,2;11,5;12,2;11,5;11,9;11,1;100;94;96;123;9,3;3;
2021/10/20;1100 UTC;0;930,5;930,5;930,3;957,5;13,5;10,9;13,9;12,1;12;10,5;96;84;84;127;8,2;3,4;
2021/10/20;1200 UTC;0;930,7;930,8;930,5;1360,1;14,6;11,4;14,6;13,5;12;10,5;88;80;81;123;8,3;3,6;
2021/10/20;1300 UTC;0;930,7;930,9;930,7;1511,5;15,1;11;15,5;14,1;11,8;10,9;83;75;77;132;8,3;3,5;
2021/10/20;1400 UTC;0;930,8;930,8;930,7;1816,2;15,2;11,4;15,8;14,9;12,2;10,7;81;75;78;127;7,9;3,4;
2021/10/20;1500 UTC;0;930,6;930,9;930,6;1104,6;14,6;10,1;15,1;13,9;11,2;9,6;82;72;74;149;9,5;4,5;
2021/10/20;1600 UTC;0;930;930,6;930;1885;15,8;9,6;16,7;14,6;11;9,1;75;64;66;138;10,1;3,8;
2021/10/20;1700 UTC;0;929,6;930;929,6;1200,9;14,7;10,9;16,2;14,6;11,2;9,1;78;66;78;140;9,3;4,2;
2021/10/20;1800 UTC;0;929,4;929,6;929,4;502,1;14,4;8,7;14,9;14,4;11,2;8,7;79;68;68;143;9,2;3,4;
2021/10/20;1900 UTC;0;929,3;929,4;929,2;397,8;13,9;8,5;14,4;13,8;9,6;8,1;73;67;70;152;8,3;4,7;
2021/10/20;2000 UTC;0;929,2;929,3;929,1;275,6;13,7;8,7;14,2;13,7;9,3;8,1;74;68;72;141;8,3;3,2;
2021/10/20;2100 UTC;0;929,4;929,4;929,1;69,9;13,5;11;13,8;13,5;11;8,7;85;72;85;123;8,7;3;
2021/10/20;2200 UTC;0;929,7;929,8;929,3;;13,2;13,1;13,5;13,2;13,1;11;99;85;99;121;7;3,1;
2021/10/20;2300 UTC;0;930,1;930,1;929,7;;12,8;12,8;13,3;12,7;13,3;12,7;100;99;100;131;7,4;3,3;
2021/10/21;0000 UTC;0;930,3;930,3;930;;12,7;12,7;13;12,7;13;12,6;100;100;100;126;8,6;3,2;
2021/10/21;0100 UTC;0;930,6;930,6;930,3;;12,6;12,6;12,9;12,4;12,8;12,4;100;100;100;133;7,3;2,3;
2021/10/21;0200 UTC;,2;930,5;930,8;930,4;;12,8;12,8;12,9;12,6;12,9;12,6;100;100;100;132;6,8;2,8;
2021/10/21;0300 UTC;0;930,1;930,5;930,1;;12,8;12,8;12,9;12,7;12,8;12,7;100;100;100;131;8,7;3,4;
2021/10/21;0400 UTC;0;929,5;930,1;929,5;;12,9;12,8;13;12,7;12,9;12,7;100;100;100;130;8,2;2,5;
2021/10/21;0500 UTC;0;928,8;929,5;928,8;;13,1;13;13,1;12,8;13;12,8;100;100;100;123;6,3;2,1;
2021/10/21;0600 UTC;0;928,3;928,8;928,3;;12,9;12,9;13,1;12,8;13,1;12,8;100;100;100;118;8,5;1,9;
2021/10/21;0700 UTC;,2;928,1;928,3;928,1;;12,8;12,8;12,9;12,8;12,9;12,8;100;100;100;131;4,2;1,8;
2021/10/21;0800 UTC;0;928;928,1;927,9;;12,7;12,7;12,9;12,7;12,9;12,7;100;100;100;119;4,5;1,1;
2021/10/21;0900 UTC;0;928,4;928,4;928;17;12,2;12,2;12,7;12,2;12,6;12,2;100;100;100;110;3,1;1,2;
2021/10/21;1000 UTC;0;929;929;928,4;587,3;14,7;12,3;14,8;12,2;13,1;11,7;100;86;86;116;4,6;1,7;
2021/10/21;1100 UTC;0;929,9;929,9;929;932,4;14,5;11,1;15,4;14,2;12,5;10,9;86;78;80;73;4,4;1,6;
2021/10/21;1200 UTC;0;930,3;930,3;929,9;1289,7;15,5;10,9;16,1;14,5;11,7;10,3;81;72;74;102;3,7;1,7;
2021/10/21;1300 UTC;0;930,2;930,4;930,2;1396,1;15,9;9,9;16,6;15,3;11,5;9,9;76;67;67;119;3,9;2,1;
2021/10/21;1400 UTC;0;929,5;930,2;929,5;2641,9;17,5;10,5;18,2;15,9;11,6;9,9;72;61;64;153;5,6;2,8;
2021/10/21;1500 UTC;0;929;929,6;929;2299;17,9;10,8;18,1;17;11,8;10;69;61;63;153;5,9;3,2;
2021/10/21;1600 UTC;0;928,7;929,1;928,6;3501,8;18,4;10,6;19,3;17,5;12,2;9,7;66;56;60;149;7;3,2;
2021/10/21;1700 UTC;0;928;928,7;928;2512,7;17,7;12,8;19,4;17,2;13;9,9;74;59;73;142;7,7;3,3;
2021/10/21;1800 UTC;0;927,4;928;927,4;2601,2;17;12,8;18;16,5;13,6;12;79;70;76;134;11,6;4,2;
2021/10/21;1900 UTC;0;927,2;927,4;927,2;1716,3;15,7;12,1;17,7;15,5;13,5;12,1;83;73;79;145;11,6;3,9;
2021/10/21;2000 UTC;0;927,1;927,2;927;303,3;14,9;12,3;15,8;14,8;13;11,9;88;79;85;138;7,4;3,1;
2021/10/21;2100 UTC;0;927,1;927,2;927;121,4;14,7;12,6;15,1;14,6;12,8;11,9;88;82;87;155;7,1;3,2;
2021/10/21;2200 UTC;0;927,5;927,5;927,1;7,7;14,3;13,3;14,8;14,2;13,5;12,6;95;87;94;152;6,1;2,5;
2021/10/21;2300 UTC;0;928;928;927,5;;13,9;13,9;14,5;13,7;14,2;13,1;100;92;100;130;6,2;2,5;
2021/10/22;0000 UTC;0;928,2;928,2;928;;14,1;14,1;14,1;13,6;14,1;13,6;100;100;100;127;5,4;1,7;
2021/10/22;0100 UTC;0;928,3;928,4;928,1;;14;14;14,1;13,8;14,1;13,8;100;100;100;166;4,9;1,8;
2021/10/22;0200 UTC;0;928,2;928,5;928,2;;14,1;14,1;14,2;13,8;14,2;13,8;100;100;100;160;4,4;1,5;
2021/10/22;0300 UTC;,6;927,9;928,3;927,9;;13,9;13,9;14,3;13,9;14,3;13,9;100;100;100;138;3,4;,8;
2021/10/22;0400 UTC;0;927,3;927,9;927,3;;13,6;13,6;14;13,6;14;13,6;100;100;100;94;2,5;1,3;
2021/10/22;0500 UTC;0;926,7;927,3;926,7;;13,1;13,1;13,7;13,1;13,7;13,1;100;100;100;110;2,5;,7;
2021/10/22;0600 UTC;0;926;926,7;926;;13;13;13,2;12,7;13,1;12,7;100;100;100;36;1,7;,7;
2021/10/22;0700 UTC;0;926,1;926,1;926;;12,6;12,6;13,1;12,5;13,1;12,5;100;100;100;54;1,8;1;
2021/10/22;0800 UTC;0;926,3;926,3;926,1;;12,1;12,1;12,8;12,1;12,8;12,1;100;100;100;316;1,8;,4;
2021/10/22;0900 UTC;0;926,6;926,6;926,3;30,1;13,3;13,2;13,3;12;13,2;12;100;100;100;7;2,3;1,1;
2021/10/22;1000 UTC;0;927;927;926,6;612;15,9;13,5;15,9;13,3;14,5;13,3;100;86;86;67;2,5;,8;
2021/10/22;1100 UTC;0;927,6;927,6;927;1505,4;17,8;12,9;18;15,9;14,5;12,9;86;72;73;31;3,3;1,3;
2021/10/22;1200 UTC;0;927,8;927,9;927,6;2293,9;19,3;13,9;19,3;17,9;13,9;12,3;76;65;71;136;4,1;1,1;
2021/10/22;1300 UTC;,2;927,8;928;927,8;3108,9;20,6;11,2;21,2;19,1;14,1;11;73;55;55;160;3,7;1,3;
2021/10/22;1400 UTC;0;926,9;927,8;926,9;3497;21,6;9,4;21,6;20,3;12,5;5,8;59;36;46;132;3,7;1,9;
2021/10/22;1500 UTC;0;926,6;926,9;926,6;3490,6;23;10,8;23;21,5;10,9;7,8;48;39;46;125;4,2;1,3;
2021/10/22;1600 UTC;0;926;926,6;926;3395,9;23,3;8;23,8;22,2;10,6;7,9;46;37;37;103;5;2;
2021/10/22;1700 UTC;0;925,2;926;925,2;3382,1;23,3;14,3;24,3;22,9;14,3;7,7;57;37;57;121;6,9;3,3;
2021/10/22;1800 UTC;0;924,7;925,2;924,7;2874,7;21,9;14,4;23,6;21,5;14,9;13,3;64;55;63;120;8,5;4,1;
2021/10/22;1900 UTC;0;924,6;924,7;924,5;2138,7;20,5;13,3;22,2;20,5;15,4;12,9;66;61;63;124;8,5;3,8;
2021/10/22;2000 UTC;0;924,9;924,9;924,6;1176,7;18,6;13,7;20,5;18,6;14,2;12,9;73;63;73;121;8,5;3,3;
2021/10/22;2100 UTC;0;925,1;925,2;924,8;130;16,9;12,8;18,7;16,9;13,9;12,5;77;72;77;131;8;3;
2021/10/22;2200 UTC;0;925,3;925,3;925,1;9,3;15,8;13,6;16,9;15,8;13,7;12,5;87;76;87;125;6,5;2,6;
2021/10/22;2300 UTC;0;925,5;925,5;925,3;;15,1;13,1;15,8;15,1;13,6;13;88;85;87;128;6,5;2,9;
2021/10/23;0000 UTC;0;925,9;925,9;925,5;;14,7;13,8;15,1;14,7;13,8;13;94;87;94;112;5,2;1,3;
2021/10/23;0100 UTC;0;926,3;926,3;925,9;;14,3;14,2;14,7;14,2;14,4;13,9;100;94;100;122;3,7;,8;
2021/10/23;0200 UTC;0;926,1;926,4;926,1;;13,8;13,8;14,3;13,8;14,3;13,8;100;100;100;142;2,1;,4;
2021/10/23;0300 UTC;0;925,6;926,1;925,6;;13,5;13,5;13,9;13,4;13,8;13,4;100;100;100;178;1,5;,4;
2021/10/23;0400 UTC;0;925,1;925,6;925,1;;13,6;13,6;13,7;13,4;13,7;13,4;100;100;100;145;,7;,3;
2021/10/23;0500 UTC;0;924,4;925,1;924,4;;13,6;13,6;13,8;13,2;13,8;13,2;100;100;100;117;1;,3;
2021/10/23;0600 UTC;0;923,9;924,4;923,9;;13,8;13,8;14;13,6;14;13,6;100;100;100;25;2,8;1,2;
2021/10/23;0700 UTC;0;924,1;924,1;923,9;;14,2;14,2;14,2;13,7;14,2;13,7;100;100;100;34;4,7;1,8;
2021/10/23;0800 UTC;0;924,7;924,7;924,1;;14,6;14,6;14,6;14,1;14,6;14;100;98;100;10;4,7;,7;
2021/10/23;0900 UTC;,2;925,1;925,1;924,7;34,7;14,7;14,7;14,7;14,5;14,7;14,4;100;99;100;53;3,7;,9;
2021/10/23;1000 UTC;0;925,4;925,4;925,1;520,1;16,7;15;16,7;14,7;15,3;14,3;100;88;89;63;4,1;1,4;
2021/10/23;1100 UTC;0;925,5;925,6;925,4;1378,2;18,6;14,3;18,6;16,6;15,1;13,7;89;76;76;40;5,2;1,8;
2021/10/23;1200 UTC;0;925,1;925,5;925,1;2269,5;20,3;13,7;20,9;18,5;15;12,9;77;63;66;13;4,8;1,5;
2021/10/23;1300 UTC;0;923,9;925,1;923,9;2938,9;22,7;13,8;22,8;20,3;14,8;13,4;69;56;58;43;4,5;1,5;
2021/10/23;1400 UTC;0;923,1;923,9;923,1;3327,3;25,1;13,5;25,4;22,6;14,5;13,1;58;47;49;46;5,8;1,8;
2021/10/23;1500 UTC;0;922,1;923,1;922,1;3589,2;28,4;14,2;28,5;25,1;14,9;12,4;52;40;42;338;6,5;2,1;
2021/10/23;1600 UTC;0;920,9;922,1;920,9;3634,4;30,1;11,8;30,6;28,3;14,5;10,9;43;31;32;348;8,5;2,8;
2021/10/23;1700 UTC;0;919,5;920,9;919,4;3345,2;31,7;9,7;31,9;30,1;12,3;8,3;34;23;26;330;8,7;3,2;
2021/10/23;1800 UTC;0;919;919,5;919;2733,3;31,7;7,8;32,3;30,7;10,3;7,3;28;22;23;334;9,3;2,7;
2021/10/23;1900 UTC;0;918,5;919;918,3;1726,1;30,8;8,1;32;30,6;9,3;4,8;25;19;24;321;9,8;3,4;
2021/10/23;2000 UTC;0;918,2;918,5;918;910;29,4;7,1;30,8;29,4;9,2;6,5;27;23;25;329;9,3;3,2;
2021/10/23;2100 UTC;0;918,6;918,6;918,1;186,9;27,9;6,3;29,4;27,8;9,3;5,8;30;23;26;332;8;1,7;
2021/10/23;2200 UTC;0;918,8;918,9;918,6;5,4;27,2;6,2;27,9;26,1;6,9;6,2;29;26;26;357;4,6;1,1;
2021/10/23;2300 UTC;0;918,8;918,8;918,6;;26,2;7,5;27,3;25,7;7,6;6,1;31;26;31;13;2,2;1;
2021/10/24;0000 UTC;0;919;919,1;918,8;;23,1;11,2;26,3;23,1;11,2;7,5;47;30;47;162;1,5;,6;
2021/10/24;0100 UTC;0;920,3;920,3;919;;22,9;13,4;23,2;22,3;14,7;11,2;62;47;55;254;1,3;,3;
2021/10/24;0200 UTC;0;920,7;921,2;920,3;;20,7;16,5;23,1;20,7;16,5;12,3;77;52;77;191;7,1;2,9;
2021/10/24;0300 UTC;0;921;921,2;920,7;;19,6;17,3;20,7;19,6;17,3;16,6;87;77;87;223;7,1;2,1;
2021/10/24;0400 UTC;0;921,1;921,6;920,9;;18,9;15,7;19,6;18,9;17,3;15,7;88;82;82;229;8,2;3,1;
2021/10/24;0500 UTC;0;921,9;921,9;920,7;;17,9;16,8;18,9;17,9;16,8;15,7;93;82;93;162;9,5;1,7;
2021/10/24;0600 UTC;6,6;921,4;921,9;920,8;;17,1;17,1;18;17,1;17,8;16,8;100;93;100;187;9,1;2,6;
2021/10/24;0700 UTC;9,2;921,9;922,4;921,4;;16,9;16,9;17,3;16,8;17,3;16,8;100;100;100;70;6,8;1,1;
2021/10/24;0800 UTC;7;921,9;922,3;921,6;;16,7;16,7;16,9;16,6;16,9;16,6;100;100;100;31;5,2;1,8;
2021/10/24;0900 UTC;2;922,7;922,8;921,8;3,6;17;17;17,2;16,7;17,2;16,7;100;100;100;300;5,2;,6;
2021/10/24;1000 UTC;,6;923,3;923,6;922,5;69,8;17,3;17,3;17,3;17;17,3;17;100;100;100;298;3,5;1,1;
2021/10/24;1100 UTC;,4;923,6;923,6;923,2;252,9;17,9;17,9;17,9;17,3;17,9;17,3;100;100;100;311;5,1;1,7;
2021/10/24;1200 UTC;,2;923,5;923,9;923,3;449,2;18,5;18,5;18,6;17,9;18,6;17,9;100;100;100;316;5,2;1,7;
2021/10/24;1300 UTC;0;922,5;923,5;922,2;1078,2;20;17,8;20;18,5;19,6;17,5;100;86;87;328;7,7;3;
2021/10/24;1400 UTC;0;921,5;922,6;921,5;2109,5;22,7;17,7;22,7;19,9;18,1;16,2;87;68;74;333;9,3;3,8;
2021/10/24;1500 UTC;0;923,4;923,4;921,4;2152,1;24,9;16,8;25,4;22,4;18,1;16,1;74;58;61;300;9,2;1,8;
2021/10/24;1600 UTC;0;924,3;924,3;923,4;1044,5;23,5;16,9;24,9;23;17,4;15,7;70;60;66;274;5,5;1,8;
2021/10/24;1700 UTC;2,2;925;925,1;924,3;738,1;19,8;17,5;23,9;19,6;18,5;17,3;92;66;86;255;7,2;2;
2021/10/24;1800 UTC;,2;925,5;925,5;925;337,5;19,7;17,7;20,4;19,3;19,2;16,9;96;83;88;266;6,1;,8;
2021/10/24;1900 UTC;,2;926,1;926,1;925,3;143,2;17;17;19,8;17;19,3;16,4;100;82;100;159;7,2;3,9;
2021/10/24;2000 UTC;,4;927,3;927,3;926,1;84,9;15,7;15,7;17;15,7;17;15,7;100;100;100;162;7,6;4,1;
2021/10/24;2100 UTC;,6;928,2;928,2;927,3;37,2;14,8;14,8;15,9;14,8;15,9;14,7;100;100;100;152;7,9;3,8;
2021/10/24;2200 UTC;0;928,7;928,7;928,2;1,2;15,2;15,1;15,3;14,8;15,3;14,8;100;100;100;137;7,1;2,5;
2021/10/24;2300 UTC;0;929,7;929,7;928,7;;14,9;14,9;15,2;14,9;15,2;14,9;100;100;100;155;8,3;3,7;
2021/10/25;0000 UTC;0;930,7;930,7;929,7;,2;13,9;12,5;14,9;13,3;14,9;12,2;100;90;91;148;10,5;4,2;
2021/10/25;0100 UTC;0;931,1;931,2;930,7;,1;14,5;13,6;14,6;13,9;14;12,4;98;91;95;126;8,3;2,9;
2021/10/25;0200 UTC;0;931,2;931,6;931;,4;14,4;14,1;14,5;14,3;14,2;13;98;91;98;130;7,1;3,4;
2021/10/25;0300 UTC;0;930,8;931,4;930,7;;14,4;14,4;14,5;14,1;14,4;13,8;100;98;100;122;7,1;2,9;
2021/10/25;0400 UTC;0;930,6;930,8;930,5;;14,6;14,6;14,8;14,3;14,8;14,3;100;99;100;122;6,5;2,9;
2021/10/25;0500 UTC;0;930,3;930,6;930,2;;14,6;12,4;14,7;14,5;14,7;11,7;100;83;86;133;6,5;2,9;
2021/10/25;0600 UTC;0;930,1;930,4;930;;14,5;13,8;14,7;14,4;14;12,4;97;86;96;130;7,5;2,5;
2021/10/25;0700 UTC;0;930,3;930,4;929,7;;14,7;13,6;14,7;14,5;13,9;13,1;96;91;93;124;6,5;2,2;
2021/10/25;0800 UTC;0;930,5;930,6;930,3;;14,9;13,4;14,9;14,7;13,9;13,3;95;91;91;118;5,9;2,3;
2021/10/25;0900 UTC;0;930,9;931;930,4;22,4;14,9;13,2;15;14,8;14;12,9;94;88;90;115;6,3;2,8;
2021/10/25;1000 UTC;0;931,4;931,4;930,9;430,8;16,2;13,2;16,2;14,8;13,7;12,9;92;82;82;122;7,4;3,1;
2021/10/25;1100 UTC;0;931,9;931,9;931,4;1066,1;16,7;12,7;16,7;15,9;13,6;12,4;84;77;78;126;7,9;3,1;
2021/10/25;1200 UTC;0;932,2;932,3;931,9;1420,9;17,6;13,1;17,6;16,4;13,4;12,1;79;73;75;117;7,4;3;
2021/10/25;1300 UTC;0;932,3;932,4;932,2;1802;18,4;13,2;18,8;17,5;14,3;12,8;78;71;72;137;6,4;3,3;
2021/10/25;1400 UTC;0;932,2;932,3;932,1;1731;17,8;13;18,9;17,6;14,4;12,7;77;70;74;142;8,7;3,8;
2021/10/25;1500 UTC;0;932,2;932,4;932,2;1905;17,7;14,5;19;17,6;14,9;12,6;83;72;82;153;8,7;3,9;
2021/10/25;1600 UTC;0;931,4;932,2;931,4;1832,3;18,4;15,2;19;17,2;15,6;14,1;85;77;82;127;7,6;3,3;
2021/10/25;1700 UTC;0;930,9;931,5;930,9;801,9;17,8;16;18,4;16,9;17,3;14,6;98;81;89;121;7,3;2,6;
2021/10/25;1800 UTC;0;930,5;930,9;930,4;507;17;16,5;17,8;16,8;16,7;15,3;97;88;97;126;6,9;2,9;
2021/10/25;1900 UTC;0;930,4;930,5;930,3;278,1;16,5;16,5;17,1;16,3;16,8;16;100;95;100;129;5,6;1,8;
2021/10/25;2000 UTC;0;930;930,4;930;261,5;16,9;16,7;17,3;16,4;16,8;16,1;100;94;98;125;5,3;2,4;
2021/10/25;2100 UTC;0;930,1;930,2;929,9;82,8;16,7;16,3;17;16,6;16,8;16,3;100;98;98;123;4,9;2,3;
2021/10/25;2200 UTC;0;930,2;930,2;930;6,5;16,7;16,6;16,8;16,5;16,7;16,3;100;98;100;122;4,8;1,9;
2021/10/25;2300 UTC;0;930,4;930,4;930,2;;16,4;16,2;16,7;16,4;16,7;16,1;100;97;99;137;4,5;1;
2021/10/26;0000 UTC;0;930,6;930,8;930,4;;16,4;16,4;16,6;16,4;16,6;16,3;100;99;100;96;3,3;1,5;
2021/10/26;0100 UTC;0;931,3;931,4;930,6;;15,9;15,9;16,4;15,8;16,4;15,8;100;100;100;152;2,8;,7;
2021/10/26;0200 UTC;0;931,4;931,5;931,3;;15,7;15,7;16;15,6;16;15,6;100;100;100;176;2,6;,4;
2021/10/26;0300 UTC;0;930,8;931,4;930,8;;15,4;15,3;15,7;15,3;15,7;15,3;100;100;100;146;1,2;,6;
2021/10/26;0400 UTC;0;930,4;930,9;930,4;;15;15;15,5;15;15,4;15;100;100;100;132;1,1;,4;
2021/10/26;0500 UTC;0;930,2;930,4;930,2;;15,6;15,6;15,6;15;15,6;15;100;100;100;143;1,9;,6;
2021/10/26;0600 UTC;0;929,9;930,3;929,9;0;15,6;15,6;15,6;15,5;15,6;15,5;100;100;100;170;3;1,5;
2021/10/26;0700 UTC;0;929,9;930;929,8;;15,9;15,9;15,9;15,5;15,9;15,5;100;100;100;138;3,2;,9;
2021/10/26;0800 UTC;0;930,3;930,3;929,8;,2;16,2;16,2;16,2;15,9;16,2;15,9;100;100;100;163;2,1;,7;
2021/10/26;0900 UTC;0;930,9;930,9;930,3;10,6;16,5;16,5;16,6;16,2;16,5;16,2;100;100;100;150;3;1,1;
2021/10/26;1000 UTC;0;931,5;931,5;930,9;133,4;16,6;16,6;16,7;16,5;16,7;16,5;100;100;100;117;2,9;1,4;
2021/10/26;1100 UTC;0;931,9;931,9;931,4;408,3;17,5;17,5;17,6;16,6;17,5;16,6;100;100;100;106;4,1;1;
2021/10/26;1200 UTC;0;932,3;932,4;931,9;527,9;18,3;17;18,3;17,3;17,7;16,8;100;91;92;138;2,9;1,4;
2021/10/26;1300 UTC;0;932;932,3;931,9;1812,6;20,4;17,4;20,5;18,2;17,6;16,4;92;80;83;121;3,8;2,1;
2021/10/26;1400 UTC;0;931,8;932;931,8;3247,1;21,3;17,2;22;20,1;17,9;16,3;83;74;78;149;5,2;2,7;
2021/10/26;1500 UTC;0;931,7;931,9;931,7;2297,6;20,9;16,4;21,8;20,4;17,8;16,4;81;74;76;144;5,8;2,9;
2021/10/26;1600 UTC;0;931,3;931,7;931,3;1573,2;19,3;17,3;21;19,1;18;16,5;90;76;88;137;6,8;3,6;
2021/10/26;1700 UTC;0;930,8;931,3;930,7;1211,1;19,1;17,8;20,5;18,9;18,3;16,8;95;81;92;128;6,5;3,2;
2021/10/26;1800 UTC;0;930,6;930,9;930,4;720,1;18,4;17,5;19,4;18,1;18,7;17;98;89;94;167;7,7;2,8;
2021/10/26;1900 UTC;0;929,8;930,6;929,8;453,6;18,6;16,2;18,7;18,1;17,4;16,2;95;86;86;139;6,7;2,5;
2021/10/26;2000 UTC;0;930,5;930,5;929,8;425,5;18;16,2;18,8;17,8;16,4;15,7;90;84;90;133;7,1;3,2;
2021/10/26;2100 UTC;0;930,7;930,7;930,4;105,1;17;17;18;17;17,1;15,4;100;87;100;144;7,5;3,3;
2021/10/26;2200 UTC;0;931;931,1;930,7;2,1;16,8;16,8;17,1;16,7;17,1;16,3;100;96;100;139;7;2,3;
2021/10/26;2300 UTC;0;931,2;931,4;930,9;;16,5;16,5;16,8;16,4;16,8;16,4;100;100;100;135;6,9;2,1;
2021/10/27;0000 UTC;0;931,9;931,9;931,2;;16,7;16,7;16,7;16,5;16,7;16,5;100;100;100;113;5,8;2,7;
2021/10/27;0100 UTC;0;932,1;932,2;931,9;;16,8;16,8;16,9;16,7;16,9;16,7;100;100;100;132;5,3;2,4;
2021/10/27;0200 UTC;0;932,1;932,4;932,1;0;16,7;16,7;16,9;16,6;16,9;16,6;100;100;100;124;5,2;1,6;
2021/10/27;0300 UTC;0;931,5;932,1;931,4;,1;17;17;17;16,7;17;16,7;100;100;100;124;4,3;2;
2021/10/27;0400 UTC;0;931,1;931,6;931,1;;17;17;17,2;17;17,2;17;100;100;100;123;5;1,9;
2021/10/27;0500 UTC;0;930,7;931,1;930,7;;17;16,9;17,1;16,9;17,1;16,9;100;100;100;131;4,6;1,7;
2021/10/27;0600 UTC;0;930,5;930,7;930,3;;17;17;17,1;16,9;17;16,9;100;100;100;140;5,7;1,8;
2021/10/27;0700 UTC;0;930,4;930,5;930,1;;17,2;17,1;17,2;17;17,2;17;100;100;100;137;4,8;2,2;
2021/10/27;0800 UTC;0;930,8;930,8;930,4;;17,1;17,1;17,2;17;17,2;17;100;100;100;151;5;1,9;
2021/10/27;0900 UTC;0;931,4;931,4;930,8;10,9;17,2;17,2;17,3;17,1;17,2;17,1;100;100;100;130;4,1;1,9;
2021/10/27;1000 UTC;0;932,3;932,3;931,4;145;17,4;17,4;17,5;17,2;17,5;17,2;100;100;100;144;4,5;1,8;
2021/10/27;1100 UTC;0;932,7;932,7;932,3;416,4;17,8;17,8;18;17,4;17,9;17,4;100;100;100;135;4,9;2,3;
2021/10/27;1200 UTC;0;933,1;933,1;932,7;648,8;19,2;19,2;19,2;17,8;19,2;17,9;100;100;100;143;4,5;1,9;
2021/10/27;1300 UTC;0;933,2;933,3;933;1051,4;20,4;19,4;20,4;19;19,6;18,4;100;91;94;153;4,1;2,1;
2021/10/27;1400 UTC;0;933,2;933,2;933,1;1349,7;20,8;18,5;21,6;20,3;19,4;18,1;94;83;87;150;4,9;2,4;
2021/10/27;1500 UTC;0;933;933,2;933;975,2;20,5;18,8;20,9;20,4;19;18,2;90;86;90;148;5,8;3,1;
2021/10/27;1600 UTC;0;932,4;933;932,4;936,8;19,9;19,5;20,8;19,7;19,9;18,4;100;87;98;154;7;3,3;
2021/10/27;1700 UTC;0;931,9;932,4;931,8;1609,3;21,4;18,8;21,5;19,8;19,7;18,3;99;83;85;147;7;3,6;
2021/10/27;1800 UTC;0;932,1;932,2;931,9;628,5;19,9;19,1;21,7;19,9;19,5;18,2;95;83;95;127;8,5;2,9;
2021/10/27;1900 UTC;0;931,8;932,1;931,7;425,8;19,7;19;20,4;19,7;19,8;18,4;97;90;96;122;6,8;2,8;
2021/10/27;2000 UTC;,8;932,4;932,4;931,8;70,8;19;19;19,8;19;19,6;19;100;96;100;133;6,5;2,8;
2021/10/27;2100 UTC;1,8;932,5;932,6;932,4;26,6;18,9;18,9;19;18,9;19;18,9;100;100;100;129;6,1;2,8;
2021/10/27;2200 UTC;1,2;933,1;933,1;932,5;1,1;18,9;18,9;18,9;18,8;18,9;18,8;100;100;100;130;7,1;2,4;
2021/10/27;2300 UTC;,2;933,8;933,8;933,1;;19;19;19;18,9;19;18,9;100;100;100;137;4,6;1,5;
2021/10/28;0000 UTC;,8;934,1;934,2;933,8;;18,9;18,9;19;18,9;19;18,9;100;100;100;132;4,2;1,6;
2021/10/28;0100 UTC;,8;934,2;934,3;934,1;;18,9;18,9;19;18,8;19;18,8;100;100;100;140;4,1;2,1;
2021/10/28;0200 UTC;,8;934,3;934,4;934,2;;18,9;18,9;19;18,9;19;18,9;100;100;100;159;4,2;1,2;
2021/10/28;0300 UTC;,4;933,7;934,3;933,7;;18,9;18,9;19;18,8;19;18,8;100;100;100;132;3,1;1,2;
2021/10/28;0400 UTC;,4;932,9;933,7;932,9;;18,9;18,9;19;18,9;18,9;18,9;100;100;100;137;3;1;
2021/10/28;0500 UTC;,6;932,2;932,9;932,2;;18,8;18,8;18,9;18,8;18,9;18,8;100;100;100;133;3,8;1,5;
2021/10/28;0600 UTC;,4;931,6;932,2;931,5;;18,6;18,6;18,8;18,6;18,8;18,6;100;100;100;121;4,1;1,8;
2021/10/28;0700 UTC;,4;931,9;931,9;931,5;;18,6;18,6;18,7;18,6;18,7;18,6;100;100;100;135;4,1;1,2;
2021/10/28;0800 UTC;0;932,2;932,2;931,8;;18,6;18,6;18,6;18,6;18,6;18,6;100;100;100;187;2,7;1,1;
2021/10/28;0900 UTC;0;932,6;932,6;932,2;12,7;18,7;18,7;18,7;18,6;18,7;18,6;100;100;100;151;2,2;1,2;
2021/10/28;1000 UTC;,2;933,6;933,6;932,6;124,4;18,9;18,9;18,9;18,7;18,9;18,7;100;100;100;172;2,5;1,5;
2021/10/28;1100 UTC;0;934,1;934,1;933,6;378;19,3;19,3;19,4;18,8;19,3;18,8;100;100;100;151;3,4;1,5;
2021/10/28;1200 UTC;0;934,2;934,2;934,1;508,3;20,2;20,2;20,2;19,1;20,2;19,1;100;100;100;139;3,7;1,3;
2021/10/28;1300 UTC;,2;934;934,2;934;996;21,4;19,8;21,4;20,2;20,8;19,4;100;89;91;171;3;1,6;
2021/10/28;1400 UTC;0;933,9;934,1;933,9;1117,1;22,1;19,1;22,6;21,4;20;18,9;91;81;83;157;2,9;1,3;
2021/10/28;1500 UTC;0;933,5;933,9;933,5;987,8;22,5;19,1;22,6;22;20,1;18,7;86;80;81;146;4,3;1,7;
2021/10/28;1600 UTC;0;932,7;933,5;932,7;1716;22,1;19,8;23;22;20,4;18,9;87;80;87;129;6,9;3;
2021/10/28;1700 UTC;0;932,4;932,7;932,3;1668,9;22,2;19,2;22,5;21,8;19,9;18,8;87;81;83;131;6,3;2,7;
2021/10/28;1800 UTC;0;932,2;932,4;932,2;953,6;20,8;19,2;22,2;20,6;19,7;18,8;94;83;91;124;7;3;
2021/10/28;1900 UTC;0;932;932,2;931,9;764,2;20,4;19,7;21,2;20,2;20,3;18,9;97;88;96;134;7,1;2,9;
2021/10/28;2000 UTC;0;932,4;932,4;931,9;198,4;18,6;18,6;20,3;18,6;19,8;18,6;100;93;100;145;6,9;3,2;
2021/10/28;2100 UTC;0;932,6;932,7;932,4;58,4;17,9;17,9;18,8;17,9;18,8;17,9;100;100;100;128;6,6;3,2;
2021/10/28;2200 UTC;0;933,1;933,1;932,6;2,6;17,9;17,9;18;17,8;18;17,8;100;100;100;132;6,9;2,5;
2021/10/28;2300 UTC;,2;933,6;933,7;933,1;;18,1;18,1;18,2;17,9;18,2;17,9;100;100;100;125;5,5;1;
2021/10/29;0000 UTC;0;933,9;933,9;933,6;;18,2;18,2;18,3;18,1;18,2;18,1;100;100;100;128;4,6;1,6;
2021/10/29;0100 UTC;0;934;934;933,8;;17,9;17,9;18,2;17,9;18,2;17,9;100;100;100;119;3,8;1,2;
2021/10/29;0200 UTC;0;933,7;934;933,5;;17;15;17,9;16,8;17,9;14,9;100;86;88;122;3,4;,9;
2021/10/29;0300 UTC;0;933;933,7;933;;16,3;14,7;17;16,2;15,2;14,4;91;86;90;130;2,1;,8;
2021/10/29;0400 UTC;0;931,6;933;931,6;;16,1;15,7;16,6;16,1;16,1;14,7;98;90;98;112;2;,8;
2021/10/29;0500 UTC;0;930,8;931,6;930,8;;15,7;15,4;16,1;15,7;15,9;15,2;100;97;98;133;1,8;,6;
2021/10/29;0600 UTC;0;930,6;930,9;930,5;;15,6;15,5;16,1;15,5;15,6;14,5;100;91;100;153;2,4;,6;
2021/10/29;0700 UTC;0;930,7;930,7;930,5;;15,7;15,7;15,8;15,5;15,8;15,5;100;100;100;137;2,1;,8;
2021/10/29;0800 UTC;0;931;931;930,7;;16;16;16;15,6;16;15,6;100;100;100;173;1,9;,8;
2021/10/29;0900 UTC;0;931,3;931,3;931;30,9;16,2;16,2;16,2;16;16,2;16;100;100;100;82;2;,4;
2021/10/29;1000 UTC;0;931,7;931,7;931,3;225,9;16,9;16,7;17;16,2;17;16,2;100;99;99;118;2,5;1,3;
2021/10/29;1100 UTC;0;932,2;932,2;931,7;304,5;18;16,4;18,1;16,9;17,3;16,3;99;91;91;130;2,9;,9;
2021/10/29;1200 UTC;0;932,3;932,3;932,1;958,1;19,8;16,9;19,8;18;17,7;16,3;96;82;84;119;3,3;1,5;
2021/10/29;1300 UTC;0;932,5;932,5;932,3;1404,1;20,5;17,3;20,5;19,2;17,8;16,3;87;81;82;155;4,7;2,7;
2021/10/29;1400 UTC;0;932,1;932,5;932,1;2076,2;21,3;17;21,3;19,9;17,6;16,2;85;75;77;153;7,7;3,4;
2021/10/29;1500 UTC;,2;931,6;932,1;931,5;2912,9;21,1;17,3;22,2;20,8;18,4;16,3;81;72;79;154;7,8;4,1;
2021/10/29;1600 UTC;0;930,9;931,6;930,9;3105;22;17,3;22,8;21;18,6;16,5;81;70;75;137;7,7;3,3;
2021/10/29;1700 UTC;0;930,3;930,9;930,3;2646,6;21,1;17,6;22,7;20,6;18,2;16,4;82;72;81;141;8,5;4;
2021/10/29;1800 UTC;0;930;930,3;930;2061,2;20,3;17,4;21,7;20,2;18,2;16,9;84;76;83;141;7,7;3,5;
2021/10/29;1900 UTC;0;929,5;930;929,5;697,6;19;17,7;20,5;18,8;19,1;17,2;99;82;92;143;7,2;2,8;
2021/10/29;2000 UTC;0;929,4;929,5;929,4;429,2;18,8;18,2;19,4;18,7;18,5;17,3;97;89;96;140;6,4;2,9;
2021/10/29;2100 UTC;0;929,5;929,6;929,4;112,8;18,4;18,4;18,9;18,3;18,8;18,1;100;96;100;135;6,8;2,5;
2021/10/29;2200 UTC;0;929,9;929,9;929,4;4;17,9;17,9;18,4;17,8;18,4;17,8;100;100;100;124;6,9;2,8;
2021/10/29;2300 UTC;0;930,2;930,2;929,9;;17,7;17,7;17,9;17,7;17,9;17,7;100;100;100;127;7,6;3,2;
2021/10/30;0000 UTC;,2;930,3;930,5;930,2;;17,5;17,5;17,7;17,5;17,7;17,5;100;100;100;133;7,3;3,2;
2021/10/30;0100 UTC;0;930,6;930,7;930,3;;17,3;17,3;17,6;17,3;17,6;17,3;100;100;100;122;7,7;3,3;
2021/10/30;0200 UTC;0;930,4;930,6;930,3;;17,5;17,5;17,5;17,2;17,5;17,2;100;100;100;135;7,7;1,6;
2021/10/30;0300 UTC;0;929,8;930,4;929,8;;17,4;17,4;17,5;17,4;17,5;17,4;100;100;100;128;4;1,9;
2021/10/30;0400 UTC;0;929;929,7;928,9;;17,4;17,4;17,5;17,3;17,5;17,3;100;100;100;115;5,1;2,3;
2021/10/30;0500 UTC;0;927,9;929;927,9;;17,3;17,1;17,5;17,2;17,5;16,9;100;98;99;120;4,6;2;
2021/10/30;0600 UTC;0;927,7;927,9;927,6;;17,1;17,1;17,4;17;17,4;17;100;99;100;121;4,3;1,8;
2021/10/30;0700 UTC;0;927,3;927,7;927,2;;17;17;17,2;17;17,1;17;100;100;100;127;4,9;1,8;
2021/10/30;0800 UTC;0;927,5;927,5;927;;17;17;17;16,8;17;16,8;100;100;100;125;4,4;1,7;
2021/10/30;0900 UTC;0;928,4;928,4;927,5;11,3;17,1;17,1;17,2;16,9;17,2;16,9;100;100;100;135;4,1;2,1;
2021/10/30;1000 UTC;0;929,3;929,4;928,4;134,9;17,2;17,2;17,4;17,1;17,4;17,1;100;100;100;144;4,9;2,4;
2021/10/30;1100 UTC;0;929,7;929,7;929,3;390,8;17,8;17,6;17,8;17,2;17,8;17,2;100;99;99;141;4,3;2,1;
2021/10/30;1200 UTC;0;930,2;930,2;929,7;688,2;18,8;17,1;18,9;17,8;18;16,8;99;90;90;129;5,1;2,4;
2021/10/30;1300 UTC;0;930,3;930,4;930,1;1173,9;19,1;16,7;20,1;18,8;18;16,4;91;83;86;145;5,2;2,3;
2021/10/30;1400 UTC;0;930;930,3;929,9;2052,3;22,1;17,6;22,1;19,1;18,2;16,4;87;71;75;142;5,2;2,1;
2021/10/30;1500 UTC;0;929,7;930;929,7;2128,5;22,2;17,7;22,7;21,2;17,7;15,7;76;68;76;141;5,5;2,8;
2021/10/30;1600 UTC;,2;929,2;929,7;929,2;3470,5;22,5;17,8;22,9;21,1;18,1;16;77;70;75;125;8,4;3,2;
2021/10/30;1700 UTC;0;928,5;929,2;928,5;3380,3;21,5;17,4;23,1;21,1;18,3;16,6;80;70;77;135;8,3;4,1;
2021/10/30;1800 UTC;0;928;928,6;928;1906,4;19,7;17,3;21,5;19,4;18,1;16,7;89;76;86;150;9,1;3,9;
2021/10/30;1900 UTC;0;927,7;928,1;927,7;757,6;18,5;18,5;19,7;18,5;18,6;17,1;100;86;100;141;8,2;3,3;
2021/10/30;2000 UTC;0;928,1;928,2;927,7;223,7;17,9;17,9;18,7;17,7;18,6;17,7;100;95;100;148;7,9;3;
2021/10/30;2100 UTC;0;928,1;928,3;928;47,9;17,1;17,1;17,9;17,1;17,9;17,1;100;100;100;150;8,1;4,1;
2021/10/30;2200 UTC;0;928,4;928,4;928;2,7;17;17;17,2;16,9;17,2;16,9;100;100;100;136;8,8;3,6;
2021/10/30;2300 UTC;0;929,1;929,1;928,4;;17,1;17,1;17,1;16,8;17,1;16,8;100;100;100;129;8;2,9;
2021/10/31;0000 UTC;0;929,6;929,6;929,1;;17,1;17,1;17,2;16,9;17,2;16,9;100;100;100;123;7;3;
2021/10/31;0100 UTC;0;929,8;929,8;929,6;;16,9;16,9;17,2;16,9;17,2;16,9;100;100;100;111;5,8;2,6;
2021/10/31;0200 UTC;0;929,4;929,8;929,4;;17,1;17,1;17,2;16,9;17,2;16,9;100;100;100;126;5,6;1,8;
2021/10/31;0300 UTC;0;928,8;929,5;928,8;;17,2;17,2;17,2;17;17,2;17;100;100;100;123;4,1;2;
2021/10/31;0400 UTC;0;928;928,8;928;;17,2;17;17,3;17,1;17,3;17;100;99;99;118;4,1;1,8;
2021/10/31;0500 UTC;0;927,6;928,1;927,6;;16,9;16,8;17,3;16,9;17;16,6;99;96;99;132;3,4;1,4;
2021/10/31;0600 UTC;0;927,5;927,6;927,4;;16,7;16,7;16,9;16,6;16,8;16,6;100;99;100;131;3,6;1,6;
2021/10/31;0700 UTC;0;927,7;927,8;927,5;;16,7;16,7;16,9;16,7;16,9;16,7;100;100;100;127;4,5;1,7;
2021/10/31;0800 UTC;0;928,4;928,4;927,7;;17,1;17,1;17,1;16,7;17,1;16,7;100;100;100;132;3,8;1,4;
2021/10/31;0900 UTC;0;928,6;928,6;928,3;5,2;17,2;17,2;17,2;17;17,2;17;100;100;100;121;4,1;1,6;
2021/10/31;1000 UTC;0;928,9;929;928,6;131,8;17,5;17,3;17,6;17,2;17,5;17,2;100;99;99;129;5,3;2,2;
2021/10/31;1100 UTC;0;929,4;929,4;928,9;470,2;18,1;17,2;18,2;17,5;17,9;17,2;100;95;95;115;5,3;2,2;
2021/10/31;1200 UTC;0;929,5;929,5;929,4;535,1;19,1;17;19,1;18,1;17,4;16,4;95;86;88;105;5;1,7;
2021/10/31;1300 UTC;0;929,5;929,6;929,5;578,6;19,5;16,2;19,7;18,9;17,3;16;89;80;82;121;4,9;2,3;
2021/10/31;1400 UTC;0;929,3;929,5;929,2;463,5;18,8;16,8;19,6;18,8;16,9;15,8;89;80;88;129;4,9;2,2;
2021/10/31;1500 UTC;0;928,8;929,3;928,8;501,1;19;17;19,3;18,6;17,5;16,7;90;86;88;129;4,4;1,8;
2021/10/31;1600 UTC;,2;928,6;928,8;928,6;253,7;18,6;18,6;19;18,5;18,7;16,7;100;87;100;157;4;,8;
2021/10/31;1700 UTC;,8;928;928,6;928;454,7;18,8;18,8;19,1;18,3;19,1;18,4;100;100;100;111;2,2;1,2;
2021/10/31;1800 UTC;,8;927,4;928;927,4;532,6;18,9;18,9;19,4;18,6;19,4;18,6;100;100;100;135;2,8;1,4;
2021/10/31;1900 UTC;1,4;927,1;927,4;927,1;243,5;18,5;18,5;18,9;18,4;18,9;18,4;100;100;100;150;4,3;2,5;
2021/10/31;2000 UTC;,2;927,1;927,1;927;157,5;18,1;18,1;18,6;18,1;18,5;18,1;100;100;100;137;4,6;2;
2021/10/31;2100 UTC;,6;927,2;927,2;927,1;79,7;17,8;17,8;18,1;17,7;18,1;17,7;100;100;100;128;6,8;2,2;
2021/10/31;2200 UTC;,4;927,4;927,4;927,2;11,4;17,7;17,7;17,9;17,5;17,8;17,5;100;100;100;135;6,3;1,8;
2021/10/31;2300 UTC;0;927,7;927,8;927,4;;17,6;17,6;17,7;17,5;17,7;17,5;100;100;100;140;4,7;2;
2021/11/01;0000 UTC;0;928,1;928,1;927,7;;17,6;17,6;17,7;17,5;17,7;17,5;100;100;100;116;5,8;2,5;
2021/11/01;0100 UTC;0;928,2;928,4;928,1;;17,6;17,6;17,7;17,5;17,7;17,5;100;100;100;127;5;2,1;
2021/11/01;0200 UTC;0;927,9;928,2;927,9;;17,3;17,3;17,6;17,3;17,6;17,3;100;100;100;114;5,2;1,5;
2021/11/01;0300 UTC;,2;927,5;927,9;927,5;;17,2;17,2;17,4;17,1;17,4;17,1;100;100;100;162;3,8;,5;
2021/11/01;0400 UTC;0;926,9;927,5;926,9;;17;17;17,2;17;17,2;17;100;100;100;127;2,5;,6;
2021/11/01;0500 UTC;0;926,2;926,9;926,2;;17,3;17,3;17,3;17;17,3;17;100;100;100;142;2,8;1,2;
2021/11/01;0600 UTC;0;925,8;926,2;925,7;;17;17;17,3;17;17,2;17;100;100;100;167;2,6;,9;
2021/11/01;0700 UTC;1;925,7;925,8;925,6;;17;17;17,1;16,9;17,1;16,9;100;100;100;152;2;1;
2021/11/01;0800 UTC;,4;925,7;925,7;925,4;;17;17;17,2;17;17,1;17;100;100;100;136;3,6;1,8;
2021/11/01;0900 UTC;1,2;926,1;926,1;925,6;9,1;17;17;17,2;17;17,2;17;100;100;100;119;5,4;2,2;
2021/11/01;1000 UTC;2;926,1;926,5;926,1;27;16,9;16,9;17,2;16,9;17,2;16,9;100;100;100;122;6,2;2,7;
2021/11/01;1100 UTC;2,6;926,6;926,8;925,8;122,6;17;17;17,1;16,7;17;16,7;100;100;100;176;7,9;,8;
2021/11/01;1200 UTC;0;926,6;926,7;926,5;1303,5;18,9;16,3;19,4;16,9;17,8;15,6;100;82;85;113;3,9;1,9;
2021/11/01;1300 UTC;0;927;927,1;926,6;642,1;18,4;18,3;19;18,1;18,5;16,1;100;85;99;151;3,7;2;
2021/11/01;1400 UTC;0;926,8;927;926,6;1717,5;19;17,2;20;18,2;19,6;16,9;100;88;89;152;5,8;2;
2021/11/01;1500 UTC;0;925,9;926,8;925,9;2714,6;20,9;17,5;21,5;19;18,2;16,5;90;76;81;150;6,3;3,2;
2021/11/01;1600 UTC;0;925,4;925,9;925,3;3880,4;21,7;17;22,9;20,9;18,2;16,2;82;69;75;153;7,3;4,2;
2021/11/01;1700 UTC;,2;924,7;925,4;924,7;3538,8;21,7;17,6;22,3;21,2;18,5;16,8;82;73;78;110;8,3;3;
2021/11/01;1800 UTC;0;924,2;924,8;924,2;2249,9;21,3;16,6;22,3;20,7;18,1;15,8;79;67;75;153;6;3,2;
2021/11/01;1900 UTC;0;924;924,2;923,9;1926,2;21,5;17;22,1;20,8;17,8;16,3;79;72;76;142;7,3;3;
2021/11/01;2000 UTC;0;924,1;924,2;924;1131,1;20,1;16,5;21,7;20,1;17,8;16,3;81;73;80;165;7,3;4,1;
2021/11/01;2100 UTC;0;925,1;925,1;924,1;281;18,7;16,3;20,1;18,7;16,9;16,1;87;80;86;160;7,5;2,9;
2021/11/01;2200 UTC;0;925,5;925,5;925,1;13,1;17,6;16,8;18,7;17,6;16,9;15,8;95;85;95;165;6,1;2,5;
2021/11/01;2300 UTC;0;926,1;926,1;925,5;;17,4;17,4;17,6;17,3;17,5;16,3;100;92;100;157;6,5;1,8;
2021/11/02;0000 UTC;0;926,5;926,5;926,1;;17,5;17,4;17,5;17,3;17,5;17,3;100;100;100;155;6;3;
2021/11/02;0100 UTC;0;927,1;927,1;926,5;;17,4;17,4;17,5;17,3;17,5;17,3;100;100;100;147;7,1;2,8;
2021/11/02;0200 UTC;0;926,6;927,1;926,6;;17,2;17,2;17,5;17,2;17,5;17,2;100;100;100;155;6,8;2,7;
2021/11/02;0300 UTC;0;925,7;926,6;925,7;;17,1;17,1;17,3;17,1;17,3;17,1;100;100;100;149;6,7;2,6;
2021/11/02;0400 UTC;0;925,1;925,7;925,1;;17,1;17,1;17,3;17;17,3;17;100;100;100;130;6,7;2,7;
2021/11/02;0500 UTC;,2;924,8;925,1;924,8;;16,9;16,9;17,2;16,8;17,2;16,9;100;100;100;165;4,9;2,1;
2021/11/02;0600 UTC;0;924,8;924,9;924,7;;16,9;16,9;17;16,8;16,9;16,8;100;100;100;157;4,8;2,2;
2021/11/02;0700 UTC;0;925,1;925,1;924,8;;16,8;16,8;17;16,7;17;16,7;100;100;100;162;4,5;1,8;
2021/11/02;0800 UTC;0;925,7;925,7;925,1;;16,9;16,8;17;16,8;17;16,8;100;100;100;156;4,1;1,6;
2021/11/02;0900 UTC;,2;926,1;926,1;925,7;26,3;16,9;16,9;17;16,8;17;16,8;100;100;100;144;4,9;1,9;
2021/11/02;1000 UTC;0;926,6;926,6;926,1;190,7;17,6;17,6;17,6;16,9;17,6;16,9;100;100;100;151;5;1,4;
2021/11/02;1100 UTC;,2;926,9;926,9;926,6;911,9;19;18,7;19,1;17,3;18,7;17,3;100;98;98;119;6,3;2,7;
2021/11/02;1200 UTC;0;927,2;927,2;926,9;1391,1;18,2;18,1;19,4;18,2;18,6;16,7;100;88;100;154;6,9;3,9;
2021/11/02;1300 UTC;0;927,1;927,3;927;2572,7;19,9;16,6;20,6;18,1;18,9;16,5;100;80;82;118;6,9;3,4;
2021/11/02;1400 UTC;0;927,4;927,5;927,1;2089,9;19,6;17,5;20,6;19,3;17,8;16,4;89;80;88;124;6,9;2,8;
2021/11/02;1500 UTC;0;926,8;927,4;926,8;1913,8;20,8;17,3;20,8;19,4;17,9;16;89;78;81;147;5,9;3,1;
2021/11/02;1600 UTC;0;926,2;926,8;926,2;3801,8;21,8;16,3;22,1;20,8;18;15,5;82;69;71;141;7,3;3,4;
2021/11/02;1700 UTC;0;925,7;926,2;925,7;3271,1;21,5;17,1;22,8;20,2;18,1;15,7;82;68;76;116;7,9;3,1;
2021/11/02;1800 UTC;,2;925,3;925,7;925,3;2560,1;20,6;16,1;22;20,6;17,9;15,7;79;72;76;124;8,6;3,6;
2021/11/02;1900 UTC;0;925,1;925,3;925;1944,9;20,3;16,7;21,3;19,9;17,9;16,2;83;75;80;144;8,2;3,7;
2021/11/02;2000 UTC;0;925,4;925,4;925,1;461,4;19,2;17,2;20,5;19;17,3;15,9;88;79;88;127;7,3;2,9;
2021/11/02;2100 UTC;0;925,7;925,7;925,4;165,7;18,2;18,2;19,3;18,1;18,3;17;100;88;100;149;7,9;3,6;
2021/11/02;2200 UTC;0;926,1;926,1;925,7;9,4;17,6;17,6;18,2;17,5;18,2;17,5;100;98;100;119;7,9;2,6;
2021/11/02;2300 UTC;0;926,6;926,6;926,1;;17,4;17,4;17,7;17,2;17,7;17,2;100;100;100;124;5,9;2,3;
2021/11/03;0000 UTC;0;927;927;926,6;;17,4;17,3;17,5;17,3;17,5;17,2;100;100;100;135;7,7;3,3;
2021/11/03;0100 UTC;,2;927,1;927,2;927;;17,3;17,3;17,4;17,2;17,4;17,2;100;100;100;150;6,6;2,7;
2021/11/03;0200 UTC;0;926,9;927,2;926,8;;17,2;17,2;17,4;17;17,4;17;100;100;100;128;6,2;2,8;
2021/11/03;0300 UTC;0;926,1;926,9;926,1;;17,2;17,2;17,4;17;17,4;17;100;100;100;130;6,6;2,1;
2021/11/03;0400 UTC;,2;925,5;926,1;925,5;;16,9;16,9;17,2;16,9;17,2;16,9;100;100;100;119;6,7;3;
2021/11/03;0500 UTC;0;924,9;925,5;924,9;;16,9;16,9;17,1;16,8;17,1;16,8;100;100;100;119;6,4;2;
2021/11/03;0600 UTC;,2;924,4;924,9;924,4;;16,9;16,9;17;16,8;17;16,8;100;100;100;116;5,9;2;
2021/11/03;0700 UTC;0;924,5;924,5;924,3;;17;17;17,2;16,9;17,1;16,9;100;100;100;131;6,3;2,9;
2021/11/03;0800 UTC;,2;924,5;924,5;924,3;;16,8;16,8;17,1;16,7;17,1;16,7;100;100;100;119;6,3;2,9;
2021/11/03;0900 UTC;0;925,1;925,1;924,5;34,8;16,9;16,9;17;16,7;17;16,7;100;100;100;113;5,5;1,7;
2021/11/03;1000 UTC;,2;925,6;925,6;925,1;275,4;17,4;17,4;17,4;16,9;17,4;16,9;100;100;100;131;6;2,5;
2021/11/03;1100 UTC;0;925,8;925,9;925,6;499,6;18;18;18;17,2;18;17,2;100;100;100;131;6;2,3;
2021/11/03;1200 UTC;0;926,4;926,4;925,8;1197,4;19;17,4;19,3;17,9;18,3;16,7;100;87;90;121;5,3;2,4;
2021/11/03;1300 UTC;0;926,3;926,5;926,3;2229;20,4;17,4;20,7;18,7;17,9;16,5;91;80;83;153;6;3,3;
2021/11/03;1400 UTC;0;925,9;926,3;925,9;3016,7;21,4;17,4;21,4;19,8;18,3;16,4;86;76;78;126;7,1;3,2;
2021/11/03;1500 UTC;0;925,7;925,9;925,7;3709,2;21;16,4;22,2;20,7;18,1;16,1;81;71;75;154;8,3;4,4;
2021/11/03;1600 UTC;0;925,3;925,7;925,3;3604;22,1;16,1;22,3;20,7;17,3;15,6;79;69;69;129;8,3;3,3;
2021/11/03;1700 UTC;0;924,3;925,3;924,3;3479,3;22,2;16,6;22,6;21,2;17,3;15,3;75;66;71;130;7,4;3,3;
2021/11/03;1800 UTC;0;923,7;924,3;923,7;2968;21;16,7;22,4;20,6;17,4;15,8;78;68;77;156;8;4,6;
2021/11/03;1900 UTC;0;923,1;923,7;923,1;2277;19,7;16,5;21,8;19,7;17,6;16,2;82;74;82;129;9,2;4,2;
2021/11/03;2000 UTC;0;923,2;923,2;923,1;642,6;18,5;17;19,9;18,5;17,4;16,5;91;81;91;152;8,5;4;
2021/11/03;2100 UTC;0;923,4;923,4;923,1;104;18;17,5;18,5;18;18,1;16,9;99;91;96;123;7,9;3;
2021/11/03;2200 UTC;0;923,9;923,9;923,3;4;17,6;17,6;18,1;17,6;17,8;17,3;100;96;100;126;6,4;2,9;
2021/11/03;2300 UTC;0;924,5;924,5;923,9;;17,8;16,5;17,9;17,4;17,7;16,1;100;90;92;130;6,3;2,9;
2021/11/04;0000 UTC;0;925,1;925,1;924,5;;17,7;16,1;17,8;17,6;16,7;16;93;90;90;125;6,6;3;
2021/11/04;0100 UTC;0;925,2;925,3;925,1;;17,6;16,9;17,8;17,6;17;15,7;96;89;96;114;6,6;2,3;
2021/11/04;0200 UTC;0;925,1;925,4;924,9;;17,5;17,2;17,7;17,3;17,5;16,8;100;95;98;97;5,1;1,9;
2021/11/04;0300 UTC;0;924,8;925,1;924,8;;17,6;16,7;17,7;17,5;17,5;16,7;99;95;95;125;3,7;1,2;
2021/11/04;0400 UTC;0;923,8;924,8;923,8;;17,4;15,9;17,7;17,2;16,8;15,3;95;88;91;108;4;1,1;
2021/11/04;0500 UTC;0;923,3;923,8;923,3;;17,1;15,2;17,5;17,1;16,5;15,2;96;89;89;102;2,9;1,6;
2021/11/04;0600 UTC;0;922,6;923,3;922,5;;16,2;15,3;17,1;16,2;15,5;14,9;94;88;94;59;4,2;,6;
2021/11/04;0700 UTC;0;922,8;922,9;922,6;;16,8;15,5;16,8;15,9;16;15,2;100;91;92;86;3;1,2;
2021/11/04;0800 UTC;0;923,2;923,2;922,7;;17;15,2;17;16,7;15,9;15,1;94;89;89;54;3,1;1,1;
2021/11/04;0900 UTC;0;923,7;923,7;923;21,9;17,1;15,4;17,1;17;15,5;15,1;90;89;90;29;5,1;1,3;
2021/11/04;1000 UTC;0;924,6;924,6;923,7;168,4;17,5;15,6;17,6;17,1;15,9;15,3;91;88;88;56;3,7;1,2;
2021/11/04;1100 UTC;0;924,8;924,8;924,6;452,9;18,6;15,8;18,6;17,4;16,1;15,4;89;84;84;13;4,1;1,2;
2021/11/04;1200 UTC;0;925,3;925,4;924,8;1060,5;19,6;15,6;19,8;18,6;16,4;15,3;85;76;78;111;3,3;1,2;
2021/11/04;1300 UTC;0;925,3;925,4;925,2;2984,6;21,8;16,5;21,8;19,6;16,9;15,4;80;70;72;135;3,6;1,7;
2021/11/04;1400 UTC;0;925,2;925,4;925,2;3408;23,1;16,2;23,7;21,6;17,8;15,4;73;63;65;142;4,4;1,8;
2021/11/04;1500 UTC;0;924,8;925,2;924,8;3696;24,1;15,1;24,5;22,5;17,5;15;70;57;57;109;4,1;1,8;
2021/11/04;1600 UTC;0;924,2;924,8;924,2;3768;26,1;11,1;26,1;24,1;16,5;11,1;60;39;39;110;4,5;2,4;
2021/11/04;1700 UTC;0;923,9;924,2;923,9;3418;25;18,4;27;24,6;18,8;6,7;70;28;67;127;9,4;4,4;
2021/11/04;1800 UTC;0;923,6;924;923,6;2946,1;22,1;16,5;25;22,1;18,7;16,4;75;66;70;163;9,4;5,1;
2021/11/04;1900 UTC;0;923,3;923,6;923,2;2216,3;21,1;16,5;22,7;21,1;17,5;16,2;76;69;75;130;9,4;3,9;
2021/11/04;2000 UTC;0;923,2;923,4;923,2;1207,1;19,7;16,2;21,2;19,7;17;15,9;82;74;80;119;7,6;2,5;
2021/11/04;2100 UTC;0;923,4;923,4;923,1;208,2;19,7;16,5;20,2;19,5;16,8;16,1;84;79;82;192;4,3;,9;
2021/11/04;2200 UTC;0;923,9;923,9;923,4;25,5;18,8;16,9;19,9;18,8;17,1;16,4;88;80;88;128;4,5;1,5;
2021/11/04;2300 UTC;0;924,4;924,4;923,9;;17,6;17,6;18,8;17,6;18;16,8;100;88;100;125;4,7;2,1;
2021/11/05;0000 UTC;0;924,8;924,8;924,4;;17,5;17,4;17,6;17,4;17,6;17,4;100;100;100;126;4,3;1,6;
2021/11/05;0100 UTC;0;925,4;925,4;924,7;;17,4;17,4;17,6;17,3;17,6;17,3;100;99;100;143;5,1;1,3;
2021/11/05;0200 UTC;0;925;925,6;925;;16,7;16,7;17,4;16,6;17,3;16,6;100;100;100;119;2,5;,9;
2021/11/05;0300 UTC;0;924,5;925;924,5;;16,6;16,6;16,8;16,3;16,8;16,3;100;100;100;164;2,2;1;
2021/11/05;0400 UTC;0;923,9;924,5;923,9;;16,8;16,8;16,9;16,5;16,9;16,5;100;100;100;122;2,5;1,3;
2021/11/05;0500 UTC;0;923,5;923,9;923,5;;16,7;16,7;16,8;16,6;16,8;16,6;100;100;100;140;3,4;1,7;
2021/11/05;0600 UTC;0;923,3;923,5;923,3;;16,2;16,2;16,7;16,2;16,7;16,1;100;100;100;115;3,5;1,3;
2021/11/05;0700 UTC;0;923,2;923,4;923,2;;16,4;16,4;16,4;16,2;16,4;16,2;100;100;100;127;3,5;1,4;
2021/11/05;0800 UTC;0;923,7;923,7;923,1;;16,5;16,5;16,5;16,3;16,5;16,3;100;100;100;125;3,1;,8;
2021/11/05;0900 UTC;0;924,3;924,3;923,7;43,3;16,7;16,5;16,8;16,4;16,7;16,4;100;99;99;158;3,4;1,8;
2021/11/05;1000 UTC;0;924,8;924,8;924,3;357,2;17,6;16,1;17,6;16,7;16,9;15,7;99;90;91;131;4,1;1,9;
2021/11/05;1100 UTC;0;925,2;925,2;924,8;652,2;17,9;15,6;18,3;17,4;16,5;15,4;93;86;87;145;4,5;2,2;
2021/11/05;1200 UTC;0;926;926;925,1;1374,2;19,6;15,3;19,7;17,8;16,4;14,8;89;75;76;136;4,4;2;
2021/11/05;1300 UTC;0;926;926;925,8;3031,2;21,7;14,4;21,7;19,3;16,7;14,4;78;63;63;142;5,4;2,3;
2021/11/05;1400 UTC;0;925,6;926,1;925,5;3477,7;22,6;15,5;22,8;21,4;16,7;13,9;70;62;64;109;5,7;2,9;
2021/11/05;1500 UTC;0;925,6;925,7;925,6;3752;23;15,4;23,8;22,2;16,9;14,9;68;61;62;114;6,8;3,4;
2021/11/05;1600 UTC;0;925,3;925,7;925,3;3798,3;23,5;15,7;23,8;22,6;17,2;15,3;68;62;62;145;8,5;3;
2021/11/05;1700 UTC;0;925,2;925,3;925,1;3508,5;23,1;17,1;23,8;22,8;17,4;15,6;70;61;69;132;8,6;2,9;
2021/11/05;1800 UTC;0;924,7;925,2;924,7;2977,9;21,8;16,1;23,3;21,8;17,5;15,6;71;65;70;109;8,5;4,1;
2021/11/05;1900 UTC;0;924,3;924,7;924,3;2244;21,4;16,7;22,4;21;17,2;15,9;75;69;75;131;8;3,4;
2021/11/05;2000 UTC;0;924,1;924,3;924;1346,3;19,8;16,1;21,5;19,7;16,7;15,7;80;72;79;129;7,3;3,1;
2021/11/05;2100 UTC;0;924,4;924,4;924,1;265,3;18,5;16,3;19,8;18,5;16,9;16;88;79;87;127;7,4;2,7;
2021/11/05;2200 UTC;0;924,8;924,8;924,4;10,7;17,9;17,5;18,6;17,9;17,7;16,3;98;87;98;146;7,1;3;
2021/11/05;2300 UTC;0;925,4;925,4;924,8;;17,3;16,6;18;17,3;17,7;16,2;99;93;95;135;7,6;2,4;
2021/11/06;0000 UTC;0;925,7;925,8;925,4;;16,5;14,7;17,3;16,5;16,9;14,6;98;88;89;118;5,8;2,3;
2021/11/06;0100 UTC;0;926,3;926,3;925,7;;16,3;14,8;16,5;16,2;15,2;14,5;93;88;91;109;5;1,5;
2021/11/06;0200 UTC;0;926,3;926,4;926,2;;16,1;14,6;16,4;16,1;15;14,6;91;90;91;91;3,5;1;
2021/11/06;0300 UTC;0;925,8;926,3;925,8;;15,6;15,5;16,1;15,4;15,7;14,5;100;91;100;123;2,2;1;
2021/11/06;0400 UTC;0;925,6;925,9;925,6;;16;15,5;16;15,5;15,9;15,3;100;96;96;118;3,7;1,7;
2021/11/06;0500 UTC;0;924,9;925,6;924,9;;15,3;15,1;16,2;15,3;15,5;14,2;99;90;99;122;3,8;1;
2021/11/06;0600 UTC;0;924,6;924,9;924,5;;14,9;14,9;15,3;14,9;15,3;14,8;100;98;100;102;2,7;1;
2021/11/06;0700 UTC;0;924,5;924,9;924,5;;14,5;14,5;14,9;14,2;14,8;14,2;100;100;100;91;2,6;,7;
2021/11/06;0800 UTC;0;924,5;924,5;924,3;;14,4;14,4;14,8;14,2;14,8;14,2;100;100;100;109;1,9;,7;
2021/11/06;0900 UTC;0;925,3;925,3;924,5;62;15,3;15,3;15,3;14,1;15,3;14,1;100;100;100;157;1,5;,6;
2021/11/06;1000 UTC;0;925,9;925,9;925,3;425,8;15,7;15,3;16,2;15,3;15,8;14,3;100;89;97;108;5,1;2,7;
2021/11/06;1100 UTC;0;926;926,3;925,8;1287,7;18,1;14,6;18,2;15,7;16,3;14,1;99;80;80;125;5,1;2;
2021/11/06;1200 UTC;0;926,5;926,6;926;2395,8;19,8;13,5;20,2;18;14,9;12,6;81;64;67;106;4,4;2,2;
2021/11/06;1300 UTC;0;926,6;926,8;926,5;3144,1;21,4;14,2;21,6;19,3;14,7;10,4;70;52;63;117;5,1;2,4;
2021/11/06;1400 UTC;0;926;926,6;926;3485,3;23,1;13,7;23,1;21,1;14,9;12,7;67;54;55;130;6,1;2,6;
2021/11/06;1500 UTC;0;925,5;926;925,5;3783,8;23,5;14,1;24;22,4;14,8;12,8;59;50;55;111;6;2,7;
2021/11/06;1600 UTC;0;924,7;925,5;924,7;3754,4;24,4;13,6;24,9;23,1;14,5;12,6;58;48;51;112;5,4;2,6;
2021/11/06;1700 UTC;0;924;924,8;924;3434,6;24,9;13,4;25,3;24,1;14,6;12,2;53;44;49;110;5,3;2,8;
2021/11/06;1800 UTC;0;923,7;924;923,6;2899,2;24,5;15,7;25,7;24,4;16,4;12,9;60;46;58;124;7,3;3,2;
2021/11/06;1900 UTC;0;923,9;924;923,7;2175,9;22,6;16,5;24,7;22,3;17,1;15,4;69;56;69;124;8,4;4,1;
2021/11/06;2000 UTC;0;924,2;924,2;923,8;1201,3;20,6;16,6;22,5;20,6;17,2;16,2;79;68;78;142;8;3,6;
2021/11/06;2100 UTC;0;924,6;924,6;924;268,4;18,1;15,7;20,6;18;17,1;15,7;88;78;86;142;8,1;3,2;
2021/11/06;2200 UTC;0;924,9;924,9;924,4;16,9;17,2;14,5;18,1;17,2;15,8;14,2;87;82;84;148;7,3;3,6;
2021/11/06;2300 UTC;0;925,4;925,4;924,9;;16,7;14,2;17,2;16,7;15;14;88;84;85;126;7,3;2,9;
2021/11/07;0000 UTC;0;926,1;926,1;925,4;;16,9;15,2;17;16,7;15,4;14;90;84;90;146;6,3;2,6;
2021/11/07;0100 UTC;0;926,6;926,8;926,1;;16,6;14,4;17;16,5;15,6;14,2;92;86;87;150;6,4;2,5;
2021/11/07;0200 UTC;0;926,6;926,8;926,6;;16,4;13,6;16,6;16,3;14,5;13,5;88;83;84;149;6,4;2,7;
2021/11/07;0300 UTC;0;926,3;926,6;926,3;;16,4;13,8;16,4;16,2;14;13,2;86;82;85;137;5,7;2,5;
2021/11/07;0400 UTC;0;925,8;926,3;925,8;;16,4;15;16,6;16,3;15;13,7;92;84;92;117;5,7;2,6;
2021/11/07;0500 UTC;0;925,7;925,8;925,5;;16,2;14,3;16,5;16,2;15,9;14,2;97;88;88;108;5,1;1,8;
2021/11/07;0600 UTC;0;925,1;925,7;925,1;;16;13,6;16,2;16;14,2;13,5;88;85;86;102;4,8;2,3;
2021/11/07;0700 UTC;0;925,1;925,2;924,9;;15,8;14,2;16;15,7;14,2;13,6;90;86;90;134;4,4;1,8;
2021/11/07;0800 UTC;0;925,4;925,4;925;;15,8;14,5;15,8;15,6;15,5;14,1;98;90;91;152;5,3;2,4;
2021/11/07;0900 UTC;0;925,9;925,9;925,4;68,7;16;14,1;16,1;15,7;14,8;13,8;93;88;89;155;5,3;2,8;
2021/11/07;1000 UTC;0;926,6;926,6;925,8;768,6;17,5;13,7;18;16;14,7;13,5;89;77;78;117;5,4;2,4;
2021/11/07;1100 UTC;0;926,6;926,6;926,5;1562;18,4;13,6;18,5;17,4;14,2;12,8;81;72;73;131;5,4;2,3;
2021/11/07;1200 UTC;0;926,7;926,8;926,6;2393;20,4;14,6;20,4;18,4;14,7;12,9;76;66;69;151;4,7;2,1;
2021/11/07;1300 UTC;0;926,6;926,8;926,6;3064,7;21,6;10,5;21,7;19,7;14,4;10,5;69;49;49;138;5,1;2,9;
2021/11/07;1400 UTC;0;926,2;926,6;926,2;3450,4;22,3;9,9;23,8;21,5;13,5;9,9;57;43;45;116;6,8;3,4;
2021/11/07;1500 UTC;0;926,2;926,3;926,1;3711,8;22,5;13,5;23,2;22,3;13,8;10,3;58;45;57;129;7,4;3,5;
2021/11/07;1600 UTC;0;925,7;926,2;925,7;3738,5;22,6;14,4;23,3;22,1;15,7;13,5;64;56;60;116;8,1;4;
2021/11/07;1700 UTC;0;925,3;925,7;925,3;3445,1;23,1;14,9;23,2;22,2;15,4;13,6;63;56;60;124;8,3;3,4;
2021/11/07;1800 UTC;0;925,2;925,3;925,1;2924,2;22,5;14,3;23,5;22,2;15,2;13,3;62;55;60;125;8,9;3,8;
2021/11/07;1900 UTC;0;925;925,2;925;2181,3;21,5;13,3;22,7;21,3;14,7;11,2;62;51;60;122;9,6;4,1;
2021/11/07;2000 UTC;0;925,2;925,2;924,9;1318,4;20,3;12,6;21,8;20,3;13,3;12;62;56;61;129;9,7;4;
2021/11/07;2100 UTC;0;925,6;925,6;925,2;266,9;18,4;13;20,3;18,4;13,4;12,4;71;61;71;149;8,5;3,8;
2021/11/07;2200 UTC;0;926,3;926,3;925,6;22,7;17,3;13,3;18,4;17,3;13,9;12,9;80;70;77;145;7,6;3,2;
2021/11/07;2300 UTC;0;927,2;927,2;926,3;;16,6;14,1;17,3;16,5;14,1;13;85;76;85;144;7,3;2,8;
2021/11/08;0000 UTC;0;927,6;927,6;927,2;;16,3;13,8;16,6;16,2;14,1;13,4;86;82;85;150;6,6;2,7;
2021/11/08;0100 UTC;0;927,8;927,9;927,6;;16,4;13,8;16,4;16,1;14;13,5;86;84;84;124;5;2,1;
2021/11/08;0200 UTC;0;927,5;927,8;927,5;;16,5;14,6;16,6;16,4;14,6;13,4;88;83;88;122;4,5;1,8;
2021/11/08;0300 UTC;0;926,8;927,5;926,8;;15,9;14,6;16,7;15,9;14,8;14,3;92;87;92;125;3,7;1,6;
2021/11/08;0400 UTC;0;926,5;926,8;926,4;;15,6;14;16;15,6;15,1;14;96;90;90;109;3,7;1,6;
2021/11/08;0500 UTC;0;925,9;926,5;925,9;;14,9;14,9;15,7;14,9;15;13,2;100;86;100;125;3,4;1,2;
2021/11/08;0600 UTC;0;925,5;925,9;925,4;;15,1;14;15,3;14,9;15,2;13,8;100;91;93;128;3,3;1,3;
2021/11/08;0700 UTC;0;925,7;925,8;925,4;;15,1;14,6;15,4;15,1;14,6;13,5;97;89;97;147;3,1;,6;
2021/11/08;0800 UTC;0;925,9;925,9;925,6;;15,3;14,2;15,3;15,1;15,2;14,2;100;93;93;129;3,6;1,4;
2021/11/08;0900 UTC;0;926,6;926,6;925,9;89,3;16,2;13,5;16,2;15,2;14,1;13,3;93;84;84;142;4,6;1,3;
2021/11/08;1000 UTC;0;927,1;927,1;926,6;701,1;17,5;13,6;17,6;16,2;14;13;84;77;77;127;5,5;2,8;
2021/11/08;1100 UTC;0;927,4;927,4;927,1;1315,3;18,4;13,9;19;17,3;14,9;13,3;80;73;75;127;5,6;2,9;
2021/11/08;1200 UTC;0;927,4;927,5;927,3;2011,1;19,9;14,2;20;18,4;14,8;13,8;78;69;70;125;5,5;2,3;
2021/11/08;1300 UTC;0;927,1;927,4;927,1;2801,5;20,9;14,2;21,3;19,9;15,3;13,8;72;64;65;150;5,4;2,8;
2021/11/08;1400 UTC;0;926,8;927,1;926,7;2926,4;22;14,9;22;20,6;15,3;13,9;69;62;64;152;6,3;3,1;
2021/11/08;1500 UTC;0;926,3;926,8;926,3;3697,5;22,7;14,1;23;21,5;16,1;13,8;67;58;58;142;6;3;
2021/11/08;1600 UTC;0;925,8;926,3;925,8;3660,4;22,5;15,7;23,2;21,9;16,5;14;70;58;65;150;8,4;4;
2021/11/08;1700 UTC;0;925,8;925,9;925,7;3393,2;21,8;16,3;22,8;21,1;17,6;15,4;77;65;71;132;8,4;3,7;
2021/11/08;1800 UTC;0;925,8;925,9;925,7;1141,5;19,6;15,8;21,8;19,5;16,5;15,3;82;69;78;153;9,4;3,7;
2021/11/08;1900 UTC;0;925,7;925,8;925,6;636,1;18,9;15,9;19,7;18,7;16,2;15,2;85;77;83;159;8,3;2,6;
2021/11/08;2000 UTC;0;925,6;925,8;925,6;390,2;18,2;16,1;19,4;18,2;16,4;15,5;88;81;87;124;7,5;3,8;
2021/11/08;2100 UTC;0;925,8;926;925,5;91,6;17,8;15,5;18,3;17,7;16,2;15,3;90;84;86;144;8,3;4;
2021/11/08;2200 UTC;0;926,9;926,9;925,8;3,5;17,3;17,1;17,9;17,2;17,1;15,6;99;86;99;121;7,5;3;
2021/11/08;2300 UTC;0;927,2;927,3;926,8;;17,4;16,2;17,4;16,9;17,2;16;100;93;93;129;6,6;2;
2021/11/09;0000 UTC;0;927;927,2;926,6;;17,1;16,9;17,4;17;16,9;15,7;99;91;99;108;5,5;1,5;
2021/11/09;0100 UTC;0;927,2;927,3;926,9;;16,9;16,9;17,1;16,8;17,1;16,8;100;99;100;111;4,8;2,7;
2021/11/09;0200 UTC;0;927,1;927,2;927,1;;17;17;17,1;16,8;17,1;16,8;100;100;100;120;5,5;1,9;
2021/11/09;0300 UTC;0;927,1;927,3;927;;17,4;16,9;17,4;17;17,4;16,9;100;97;97;124;4,2;1,9;
2021/11/09;0400 UTC;0;926,5;927,2;926,5;;17,1;17,1;17,4;17,1;17,4;16,7;100;96;100;131;4,4;2;
2021/11/09;0500 UTC;0;926,2;926,7;926,2;;17,3;17,3;17,3;17,1;17,3;17,1;100;100;100;105;4,2;1,7;
2021/11/09;0600 UTC;0;926,2;926,3;926,1;;17,3;17,3;17,4;17,2;17,4;17,2;100;100;100;142;3,8;1,3;
2021/11/09;0700 UTC;0;926,3;926,3;926;;17,3;17,3;17,4;17,2;17,4;17,2;100;100;100;110;4,9;1,4;
2021/11/09;0800 UTC;0;926,4;926,4;926,2;;17,3;17,3;17,4;17,2;17,4;17,2;100;100;100;148;4,9;2,6;
2021/11/09;0900 UTC;0;927;927;926,4;13,7;17,1;17,1;17,3;17;17,3;17;100;100;100;131;5;1,8;
2021/11/09;1000 UTC;0;927,3;927,4;927;129,7;17,5;17,5;17,6;17,1;17,5;17,1;100;100;100;132;4,1;1,6;
2021/11/09;1100 UTC;0;927,6;927,6;927,3;274,7;17,8;17,8;17,8;17,4;17,8;17,4;100;100;100;126;4,9;2,1;
2021/11/09;1200 UTC;0;927,7;927,8;927,5;390,7;17,9;17,9;17,9;17,4;17,9;17,4;100;100;100;133;5,1;2;
2021/11/09;1300 UTC;0;927,9;928;927,7;495,5;18,1;18;18,4;17,8;18,2;17,3;100;95;99;140;5,3;2,5;
2021/11/09;1400 UTC;0;927,8;928;927,8;829,9;19;16,8;19,1;17,5;18;16,5;100;87;87;137;5,7;2,8;
2021/11/09;1500 UTC;0;927,6;927,9;927,5;1251,2;19,4;16,8;19,4;18,8;17,3;16,3;89;84;85;123;6,3;2,2;
2021/11/09;1600 UTC;0;927,4;927,6;927,4;838,9;18,6;16,7;19,8;18,6;17,3;16,3;89;82;89;130;5,9;2,8;
2021/11/09;1700 UTC;0;927,1;927,4;927,1;622,6;18,2;16,9;18,7;17,8;17,8;16,5;98;88;92;145;6,5;3,5;
2021/11/09;1800 UTC;0;926,6;927,1;926,6;1097,2;18,8;16,5;19,3;18,1;17,4;16,1;92;85;86;139;7,3;3,2;
2021/11/09;1900 UTC;0;926,6;926,7;926,5;829,5;18,3;16,5;19,1;18,2;17,1;16;92;84;89;139;7,1;2,9;
2021/11/09;2000 UTC;0;926,6;926,7;926,5;327,3;17,1;17,1;18,5;16,9;17,1;16;100;87;100;130;7,7;3;
2021/11/09;2100 UTC;0;926,6;926,6;926,4;140,8;16,7;16,7;17,1;16,6;17,1;15,9;100;95;100;129;7,6;2,9;
2021/11/09;2200 UTC;0;926,8;926,8;926,5;13,3;16,7;16,6;16,7;16,4;16,7;16,3;100;99;100;137;7,3;2,4;
2021/11/09;2300 UTC;0;927,3;927,3;926,8;;16,3;16,3;16,7;16,3;16,7;16,3;100;100;100;131;8,3;3,1;
2021/11/10;0000 UTC;0;927,5;927,5;927,2;;16,3;16,3;16,5;16,1;16,5;16,1;100;100;100;125;8,1;3,2;
2021/11/10;0100 UTC;0;928,1;928,1;927,5;;16,3;16,3;16,5;16,3;16,5;16,3;100;100;100;117;7,7;3,2;
2021/11/10;0200 UTC;0;928,1;928,3;928,1;;15,9;15,9;16,4;15,9;16,4;15,9;100;100;100;135;8,3;3,1;
2021/11/10;0300 UTC;0;927,9;928,2;927,9;;16,3;16,3;16,3;15,9;16,3;15,9;100;100;100;118;7,4;3,4;
2021/11/10;0400 UTC;0;927,7;927,9;927,7;;16,1;16;16,3;16;16,3;16;100;100;100;109;7,4;2,3;
2021/11/10;0500 UTC;0;927,1;927,7;927,1;;16,3;16,2;16,3;16,1;16,3;16,1;100;100;100;118;5,5;2;
2021/11/10;0600 UTC;0;926,6;927,2;926,6;;16,2;16,2;16,3;16,1;16,3;16,1;100;100;100;128;6,1;2,4;
2021/11/10;0700 UTC;0;927;927,1;926,5;;16,3;15,9;16,4;16,1;16,4;15,9;100;97;97;115;6,1;2,6;
2021/11/10;0800 UTC;0;927,1;927,1;926,9;;16,5;16,2;16,5;16,3;16,3;15,8;99;97;98;134;5,3;2;
2021/11/10;0900 UTC;0;927,6;927,6;927;43,5;16,8;15,5;16,8;16,4;16,3;15,5;99;92;92;118;5,6;1,8;
2021/11/10;1000 UTC;0;928;928,1;927,6;475,2;18;15,5;18;16,7;15,5;15;92;84;85;125;5,2;2,5;
2021/11/10;1100 UTC;0;928,6;928,6;928,1;1534,5;19,5;15,2;20;17,8;15,8;14,6;86;72;76;110;5,4;2,4;
2021/11/10;1200 UTC;0;928,4;928,7;928,4;2107,7;20,3;15,9;20,6;19,6;16,4;14,8;78;72;76;155;5,6;3,2;
2021/11/10;1300 UTC;0;928,6;928,7;928,4;2929;20,9;14,7;22,4;20,3;16,4;14,5;76;64;67;149;6,5;3,1;
2021/11/10;1400 UTC;0;928,3;928,7;928,3;3334;21,2;16,1;22,7;20,9;17,4;14,8;77;63;73;144;8,1;4,2;
2021/11/10;1500 UTC;0;928,1;928,4;928,1;2758,1;20,3;16,7;22,1;20,3;17,7;15,8;82;69;80;122;8,1;3,6;
2021/11/10;1600 UTC;0;927,8;928,2;927,8;1872,3;19,1;15,9;20,5;19,1;17,3;15,7;86;79;82;150;9;3,9;
2021/11/10;1700 UTC;0;927,6;927,9;927,6;1395,7;19;15,7;19,9;18,7;16,5;15,4;85;78;81;148;7,9;4,2;
2021/11/10;1800 UTC;0;927,4;927,7;927,4;788;18,6;15,7;19,4;18,4;16;15,2;85;78;83;146;8,8;3,6;
2021/11/10;1900 UTC;0;926,6;927,4;926,6;926,8;18,4;15,1;19,3;18,3;16;14,6;83;77;81;142;9,2;4,6;
2021/11/10;2000 UTC;0;926,8;926,8;926,3;215,7;17,5;15,3;18,5;17,4;15,9;14,9;90;80;87;150;10,1;4,7;
2021/11/10;2100 UTC;0;927,6;927,6;926,8;46,4;17,3;15,4;17,6;17;16,8;15,1;98;86;89;123;9,4;3,2;
2021/11/10;2200 UTC;0;928,1;928,1;927,5;14,9;17,3;15,8;17,4;17,2;15,9;14,9;91;86;91;132;8,6;3,1;
2021/11/10;2300 UTC;0;929;929;928,1;;17,2;16,3;17,4;17,2;16,7;15,7;96;90;94;143;7,8;2,9;
2021/11/11;0000 UTC;0;929,5;929,6;929;;17;15,9;17,3;17;16,5;15,9;96;92;93;132;7,6;3,6;
2021/11/11;0100 UTC;0;929,9;930;929,5;;16,8;15,9;17;16,8;16,3;15,6;96;92;95;131;9,1;3,8;
2021/11/11;0200 UTC;0;929,9;930,3;929,9;;16,5;16,5;16,8;16,5;16,7;15,9;100;95;100;128;9,1;3,8;
2021/11/11;0300 UTC;0;929,2;929,9;929,2;;16,1;16,1;16,6;16,1;16,6;16,1;100;100;100;118;9;3,7;
2021/11/11;0400 UTC;0;929,2;929,4;929;;16;16;16,3;16;16,3;16;100;100;100;132;9;2,4;
2021/11/11;0500 UTC;,2;928,1;929,2;928;;15,5;15,4;16;15,4;16;15,4;100;100;100;135;7,2;3,7;
2021/11/11;0600 UTC;0;928,5;928,6;928;;15,4;15,3;15,6;15,3;15,6;15,3;100;100;100;132;8;3,6;
2021/11/11;0700 UTC;0;928,8;929;928,4;;15,5;15,5;15,6;15,3;15,6;15,3;100;100;100;131;8,8;3,7;
2021/11/11;0800 UTC;0;929,2;929,3;928,8;;15,5;15,5;15,6;15,4;15,6;15,4;100;100;100;128;8,8;3,6;
2021/11/11;0900 UTC;0;929,5;929,6;929,2;13,1;15,8;15,7;15,8;15,4;15,8;15,4;100;100;100;113;8;2,5;
2021/11/11;1000 UTC;0;930,2;930,2;929,5;103,3;16,1;16,1;16,2;15,7;16,2;15,7;100;100;100;121;6,3;2,7;
2021/11/11;1100 UTC;0;930,6;930,6;930,1;263,9;16,5;15,9;16,7;16;16,6;15,9;100;97;97;129;6,5;3,2;
2021/11/11;1200 UTC;0;931,3;931,3;930,6;373,8;16,2;16,2;16,7;16,1;16,6;16,1;100;97;100;113;7,6;3,2;
2021/11/11;1300 UTC;0;931,2;931,3;931;417,5;16,3;16,3;16,6;16,2;16,6;16,2;100;99;100;122;7,3;3,1;
2021/11/11;1400 UTC;0;930,7;931,2;930,6;744;17;15,7;17,3;16,3;16,6;15,2;100;89;92;121;7,9;3,4;
2021/11/11;1500 UTC;0;930,5;930,9;930,3;364,8;16,2;16,2;17;16,2;16,6;15,7;100;92;100;136;7;3,6;
2021/11/11;1600 UTC;0;930;930,5;929,9;294,9;16;16;16,4;15,9;16,4;15,9;100;100;100;131;8,3;3,8;
2021/11/11;1700 UTC;0;929,5;930;929,5;389,7;16,4;15;16,6;15,9;16,1;14,9;100;91;91;118;7,8;3,5;
2021/11/11;1800 UTC;,6;929,5;929,6;929,4;338,1;16;16;16,6;15,8;16,1;14,7;100;90;100;123;7,6;3,5;
2021/11/11;1900 UTC;,8;929,5;929,6;929,4;192;15,5;15,5;16,1;15,5;16,1;15,5;100;100;100;127;7,6;3,1;
2021/11/11;2000 UTC;,2;929,8;929,8;929,4;174,5;15,5;15,5;15,7;15,2;15,7;15,2;100;100;100;124;8;3,1;
2021/11/11;2100 UTC;,2;930;930;929,7;61,1;15;15;15,5;15;15,5;15;100;100;100;127;7,1;2,7;
2021/11/11;2200 UTC;,8;930,3;930,3;930;7,8;14,9;14,9;15,1;14,8;15,1;14,8;100;100;100;125;6,6;2,9;
2021/11/11;2300 UTC;0;930,4;930,5;930,3;;15;15;15,1;14,8;15,1;14,8;100;100;100;121;6,6;3,3;
2021/11/12;0000 UTC;0;930,6;930,7;930,4;;15,3;15,3;15,3;14,9;15,3;14,9;100;100;100;116;6,4;2,8;
2021/11/12;0100 UTC;0;931,1;931,1;930,6;;15,2;15,2;15,3;15,2;15,3;15,2;100;100;100;123;12;3,7;
2021/11/12;0200 UTC;0;930,9;931,2;930,9;;15,1;15,1;15,2;15;15,2;15;100;100;100;122;12;3,6;
2021/11/12;0300 UTC;0;930,6;930,9;930,5;;14,4;14,4;15,2;14,3;15,2;14,3;100;100;100;149;8,6;4,2;
2021/11/12;0400 UTC;0;930,1;930,6;930;;14,3;14,3;14,5;14,1;14,5;14,1;100;100;100;145;8,6;2,7;
2021/11/12;0500 UTC;0;929,6;930,1;929,6;;14,6;14,6;14,8;14,3;14,8;14,3;100;100;100;147;7,5;3,2;
2021/11/12;0600 UTC;0;929,2;929,6;929,2;;14,3;14,3;14,9;14,3;14,9;14,3;100;100;100;130;7,5;3,2;
2021/11/12;0700 UTC;0;929,2;929,3;929;;14,5;14,5;14,5;14,2;14,5;13,8;100;97;100;126;6,9;3;
2021/11/12;0800 UTC;0;929,4;929,4;929,2;;14,6;14,6;14,7;14,4;14,7;14,4;100;100;100;128;8;3,2;
2021/11/12;0900 UTC;0;929,9;929,9;929,4;14,5;14,6;14,6;14,7;14,4;14,7;14,4;100;100;100;115;7,9;3,2;
2021/11/12;1000 UTC;0;930,4;930,4;929,9;162,8;14,8;14,8;15;14,6;14,9;14,5;100;98;100;114;6,9;2,8;
2021/11/12;1100 UTC;0;931;931,1;930,4;482,3;15,1;13,9;15,4;14,6;15,1;13,9;100;92;92;128;8,8;3,7;
2021/11/12;1200 UTC;0;931,4;931,4;931;1314,3;16,6;13,6;17,1;15,2;14,5;13;94;80;83;127;7;3;
2021/11/12;1300 UTC;0;931,5;931,7;931,4;917,2;15,8;15,2;16,5;15,2;15,5;13,1;100;81;96;133;9,2;4,3;
2021/11/12;1400 UTC;0;931,5;931,5;931,4;1442,5;16,5;15;16,7;15,7;16,4;14,1;100;86;91;137;9,2;3,2;
2021/11/12;1500 UTC;0;931,3;931,5;931,2;1811,9;16,5;14,5;17,4;16,1;15,1;14;91;82;88;131;9,2;4,6;
2021/11/12;1600 UTC;0;931,3;931,3;931,1;1929,9;16;14,4;18,3;16;15,1;13,5;90;77;90;131;10,2;4,2;
2021/11/12;1700 UTC;0;931;931,3;930,9;1455,1;15,7;14,5;17,3;15,7;14,7;13;93;79;93;132;10,6;4,1;
2021/11/12;1800 UTC;0;930,7;931;930,6;850,7;15,6;10,6;16,3;15,1;15,7;10,6;100;72;72;133;10,5;4,1;
2021/11/12;1900 UTC;0;930,6;930,7;930,5;448,5;15,5;12,3;15,6;15,3;12,7;10,1;83;70;82;135;10,5;3,9;
2021/11/12;2000 UTC;0;930,7;930,8;930,6;322,3;14,9;12;15,5;14,9;12,6;11,6;84;79;83;130;10,3;4,2;
2021/11/12;2100 UTC;0;931,2;931,2;930,7;384;15,1;11,6;15,5;14,9;12,4;10,6;83;74;80;136;10,1;3,9;
2021/11/12;2200 UTC;0;931,7;931,7;931,2;45,6;14,2;11,4;15,1;14,2;11,9;9,9;84;74;84;138;9,3;3,8;
2021/11/12;2300 UTC;0;932;932;931,7;;14;11,1;14,2;13,9;11,8;11,1;87;82;83;125;8,8;3,4;
2021/11/13;0000 UTC;0;932,1;932,2;932;;13,9;11,6;14,2;13,9;12;11,1;87;82;86;136;9,4;4,4;
2021/11/13;0100 UTC;0;932,4;932,5;932,1;;13,7;11,5;14;13,7;12;11;89;83;87;115;9,4;3;
2021/11/13;0200 UTC;0;932,1;932,5;932,1;;13,7;11,2;13,8;13,6;11,9;10,7;89;82;85;121;8,2;3,3;
2021/11/13;0300 UTC;0;931,5;932,1;931,5;;13,6;11,3;13,7;13,5;11,6;10,8;88;84;86;122;8,5;2,6;
2021/11/13;0400 UTC;0;930,8;931,5;930,8;;13,4;11;13,6;13,3;11,2;10,7;87;84;86;118;6,6;2,3;
2021/11/13;0500 UTC;0;930,1;930,8;930,1;;13,2;10,8;13,5;13,2;11,1;10,6;86;83;85;123;6;2;
2021/11/13;0600 UTC;0;929,8;930,1;929,8;;13;10,5;13,3;13;11,3;10,5;88;84;85;116;5;2;
2021/11/13;0700 UTC;0;929,8;929,8;929,6;;12,5;11,4;12,9;12,3;11,4;10,5;93;85;93;133;5;1,3;
2021/11/13;0800 UTC;0;929,8;929,8;929,5;;12,8;10,7;12,8;12,5;11,5;10,6;94;87;87;118;4,4;1,9;
2021/11/13;0900 UTC;0;930,4;930,4;929,8;54,2;12,8;10,5;13;12,8;11;10,3;88;85;86;115;5,6;2,4;
2021/11/13;1000 UTC;0;931;931;930,4;188,7;13,2;10,3;13,4;12,8;11;10,2;88;82;83;108;5,7;2,4;
2021/11/13;1100 UTC;0;931,3;931,3;930,9;1301,3;15,8;8,2;16,3;13,1;11,6;8,2;85;60;61;122;7,1;3;
2021/11/13;1200 UTC;0;931,1;931,3;931,1;2315;16,1;7,7;16,9;15,4;9,9;7,5;67;57;57;152;6,7;3;
2021/11/13;1300 UTC;0;930,7;931,1;930,7;2981,9;17,2;7;17,9;15,6;9,9;6,4;63;48;51;144;7,2;3,4;
2021/11/13;1400 UTC;0;930,2;930,8;930,2;3670,1;17,3;6,7;18,4;16,7;8,7;6,2;54;47;50;150;8,2;3,8;
2021/11/13;1500 UTC;0;929,7;930,2;929,7;3767,1;18,1;8,3;19,2;17,3;9,7;6,5;55;48;53;148;8,5;4,4;
2021/11/13;1600 UTC;0;929,3;929,7;929,3;3999,5;18;9,2;19,4;17,7;11,1;7,5;60;49;57;134;8,4;4,3;
2021/11/13;1700 UTC;0;928,6;929,3;928,6;3717,4;18,2;10,7;19;17,6;10,9;8,6;62;54;61;140;9;4,2;
2021/11/13;1800 UTC;0;928,3;928,7;928,3;3150,9;17,4;9,8;18,4;17,1;10,7;8,7;62;56;61;130;10,2;4,4;
2021/11/13;1900 UTC;0;928,2;928,3;928,1;2104,9;16,2;8,7;17,9;16,2;10,2;8,4;64;58;61;146;9,2;4,1;
2021/11/13;2000 UTC;0;928,1;928,2;927,9;813,4;15,6;10,9;16,6;15,1;10,9;8,7;74;61;73;142;9,1;4,2;
2021/11/13;2100 UTC;0;928,6;928,6;928,1;227,8;14,7;9,9;15,9;14,6;11,2;9,8;75;72;73;141;9,6;3,9;
2021/11/13;2200 UTC;0;928,9;929;928,6;20,3;14,4;11,7;14,8;14,2;11,7;9,7;84;72;84;136;8,3;3;
2021/11/13;2300 UTC;0;929;929,1;928,9;;14,1;12;14,4;13,9;12;10,9;87;81;87;116;8,1;3,6;
2021/11/14;0000 UTC;0;929,1;929,2;929;;14,1;11,8;14,3;13,9;12,5;11,6;89;86;86;108;8,3;3,2;
2021/11/14;0100 UTC;0;929,2;929,3;929;;14,3;12,3;14,4;14;12,4;11,5;88;85;88;122;7,8;2,3;
2021/11/14;0200 UTC;0;929,1;929,4;929,1;;14,5;12,5;14,5;14,2;12,5;12,2;89;87;88;121;7,7;3,1;
2021/11/14;0300 UTC;0;928,8;929,1;928,7;;14,2;13,9;14,5;14,1;14,1;12,5;99;88;98;121;7,7;2,6;
2021/11/14;0400 UTC;0;928,2;928,8;928,2;;14,2;14,2;14,3;14,1;14,3;13,8;100;98;100;121;5,5;2,5;
2021/11/14;0500 UTC;0;928,1;928,2;928,1;;14,4;13,9;14,4;14,1;14,3;13,7;100;97;97;121;5,5;1,8;
2021/11/14;0600 UTC;0;927,8;928,1;927,8;;14,6;12,2;14,6;14,3;13,9;12,2;97;85;85;96;4,6;1,7;
2021/11/14;0700 UTC;0;928,2;928,2;927,8;;14,6;12,3;14,8;14,6;12,6;11,7;88;83;86;118;4,6;1,5;
2021/11/14;0800 UTC;0;928,5;928,5;928,1;;14,5;12;14,7;14,5;12,7;11,6;88;83;85;117;4,4;1,9;
2021/11/14;0900 UTC;0;928,8;928,8;928,5;29;14,9;11,2;14,9;14,5;12,2;10,9;86;77;79;90;4,8;2;
2021/11/14;1000 UTC;0;929,5;929,5;928,8;248;15,1;11;15,2;14,9;11,4;10,9;79;76;76;96;7,7;2,9;
2021/11/14;1100 UTC;0;929,8;929,9;929,5;893,5;16,3;10,8;16,4;15,1;11,4;10,7;77;70;70;71;7,7;1,9;
2021/11/14;1200 UTC;0;929,8;929,8;929,7;2552,1;18,6;10,8;19,1;16,3;12,2;10,5;73;59;61;96;5,5;2,3;
2021/11/14;1300 UTC;0;929,4;929,8;929,4;3195,2;20,8;13,2;20,8;18,5;13,2;10,5;63;55;62;103;4,9;2,3;
2021/11/14;1400 UTC;0;928,6;929,4;928,5;3583,7;21,4;12;22,2;20,2;13,3;10,6;61;51;55;135;4,6;2,2;
2021/11/14;1500 UTC;0;928,1;928,6;928,1;3857,1;22,5;13,6;22,5;20,8;14,4;11,8;63;55;57;136;5,7;2,5;
2021/11/14;1600 UTC;0;927,5;928,1;927,4;3879,7;22;13,1;23;21,6;14,7;12,3;61;54;57;138;7,1;3,4;
2021/11/14;1700 UTC;0;927,3;927,6;927,1;3546,2;21,9;14,3;22,7;21,3;15,1;13,2;65;57;62;132;7,7;3,9;
2021/11/14;1800 UTC;0;927,3;927,5;927,3;2967,6;21,7;14,5;21,8;20,9;14,8;13,5;66;61;64;137;7,8;3,8;
2021/11/14;1900 UTC;0;926,9;927,3;926,9;2108;20,6;13,9;21,7;20,5;14,8;13,7;68;62;66;140;9,2;4;
2021/11/14;2000 UTC;0;927,4;927,4;926,9;1351,3;18,5;13,2;20,8;18,4;14,3;13;72;65;71;134;9,9;4,3;
2021/11/14;2100 UTC;0;927,8;927,8;927,4;382,4;17,1;13;18,5;17,1;13,3;12,2;77;68;77;127;9,3;3,1;
2021/11/14;2200 UTC;0;928,2;928,2;927,7;44,2;15,8;12,6;17,1;15,8;13;12,1;82;76;81;148;7,6;3,5;
2021/11/14;2300 UTC;0;928,9;928,9;928,2;;14,9;13;15,8;14,9;13;12,4;88;81;88;146;6,8;2,4;
2021/11/15;0000 UTC;0;929,2;929,4;928,9;;14,8;12,9;15,1;14,8;13,4;12,9;91;88;89;125;5,4;2,2;
2021/11/15;0100 UTC;0;929,2;929,3;929,2;;14;13,5;14,8;14;13,9;12,8;98;88;96;98;4;1;
2021/11/15;0200 UTC;0;928,7;929,2;928,7;;13,9;13,9;14,2;13,7;13,9;13;100;93;100;112;3,1;,6;
2021/11/15;0300 UTC;0;928,4;928,8;928,4;;14,5;13,1;14,5;13,7;14;13,1;100;91;91;27;1,8;,6;
2021/11/15;0400 UTC;0;927,6;928,4;927,6;;14,2;14;14,8;14,1;14,2;12,6;99;88;99;118;1,6;,5;
2021/11/15;0500 UTC;0;927,2;927,6;927,1;;13,9;13,9;14,3;13,7;14,2;13,6;100;97;100;169;1,8;,4;
2021/11/15;0600 UTC;0;927;927,2;926,9;;14;13,8;14,1;13,7;14;13,6;100;97;99;126;2,5;,8;
2021/11/15;0700 UTC;0;927,1;927,2;927;;13,6;13,6;14;13,4;13,8;13,4;100;98;100;125;1,5;,4;
2021/11/15;0800 UTC;0;927,6;927,6;926,8;;14,3;12,9;14,3;13,6;13,8;12,8;100;92;92;73;2,8;1,1;
2021/11/15;0900 UTC;0;928;928;927,6;88,2;15,7;13,1;15,7;14,1;13,4;12,8;94;84;84;69;4,5;1,5;
2021/11/15;1000 UTC;0;928,5;928,5;928;735,4;17,4;13;17,5;15,7;13,6;12,8;85;75;75;56;6,2;2,3;
2021/11/15;1100 UTC;0;928,9;928,9;928,5;1658,8;19,1;13,1;19,4;17,4;13,9;12,7;77;67;68;100;5,4;2,4;
2021/11/15;1200 UTC;0;929,2;929,4;928,9;2254,8;20,1;13,2;20,4;19,1;13,7;12,6;70;61;64;116;4,8;2;
2021/11/15;1300 UTC;0;929,2;929,4;929,2;2980,8;22,2;12,8;22,2;20,2;14;12;65;53;55;91;4,5;2,3;
2021/11/15;1400 UTC;0;929;929,3;929;2466,5;22,5;13,7;22,7;21,9;13,8;11,9;59;52;58;147;4,6;2,2;
2021/11/15;1500 UTC;0;928,7;929,1;928,7;3057,5;23,4;14,5;24,3;22,5;15,1;13;60;52;57;151;5,2;2,6;
2021/11/15;1600 UTC;0;928,4;928,7;928,4;3239,8;23,8;14,3;24,3;23,4;15,3;13,9;59;54;56;144;5,8;2,6;
2021/11/15;1700 UTC;0;927,7;928,4;927,7;2752;23,7;15,4;24,3;23,5;16,1;14,4;61;55;60;119;6,8;3,1;
2021/11/15;1800 UTC;0;927,4;927,7;927,4;2669,8;23,4;15,3;24,4;23,2;16,8;15,3;65;59;60;135;6,8;3;
2021/11/15;1900 UTC;0;927,3;927,4;927,2;2230,1;23,3;15,4;23,6;22,9;16,1;14,5;64;58;61;132;7,2;3;
2021/11/15;2000 UTC;0;927,5;927,5;927,2;1462,8;21,4;15,3;23,3;21,4;15,4;14,7;68;59;68;135;7,5;3,4;
2021/11/15;2100 UTC;0;927,8;927,9;927,5;426,1;19,5;15,1;21,4;19,5;15,6;14,9;77;67;76;141;7,9;3,4;
2021/11/15;2200 UTC;0;928,1;928,1;927,8;34,7;18,1;14,9;19,5;18,1;15,3;14,9;82;76;82;159;7,1;3,1;
2021/11/15;2300 UTC;0;928,8;928,8;928,1;;17,1;15;18,1;17;15,4;14,8;88;82;88;114;6,7;1,6;
2021/11/16;0000 UTC;0;929;929;928,8;;16,6;15,9;17,1;16,5;16;14,9;96;88;96;140;3,3;1,2;
2021/11/16;0100 UTC;0;929,3;929,3;929;;16;16;16,6;16;16,2;15,7;100;95;100;125;2,7;1;
2021/11/16;0200 UTC;0;928,9;929,3;928,9;;16,1;16,1;16,2;15,7;16,2;15,7;100;100;100;108;2;1;
2021/11/16;0300 UTC;0;928,7;928,9;928,7;;15,8;15,7;16,1;15,7;16;15,7;100;100;100;134;1,9;,7;
2021/11/16;0400 UTC;0;928,4;928,7;928,4;;16,1;16,1;16,1;15,7;16,1;15,7;100;100;100;126;1,3;,8;
2021/11/16;0500 UTC;0;928,1;928,4;928,1;;15,4;15,4;16,1;15,4;16;15,4;100;100;100;183;1,5;,3;
2021/11/16;0600 UTC;0;927,9;928,1;927,9;;15,2;15,2;15,6;14,9;15,5;14,9;100;100;100;148;1,3;,7;
2021/11/16;0700 UTC;0;928;928;927,8;;14,4;14,4;15,2;14,4;15,2;14,4;100;100;100;155;1,5;,7;
2021/11/16;0800 UTC;0;928,3;928,3;927,9;;14,1;14,1;14,5;14;14,5;14;100;100;100;206;1,7;,7;
2021/11/16;0900 UTC;0;928,9;928,9;928,2;99,4;16,5;14,5;16,5;14,1;15,2;14,1;100;88;88;54;3,5;1,3;
2021/11/16;1000 UTC;0;929,3;929,3;928,9;775;19,1;14,8;19,4;16,5;15,1;14,3;88;74;76;34;6,3;1,9;
2021/11/16;1100 UTC;0;929,7;929,7;929,3;1636,9;20,9;14,2;21,2;18,8;15,2;14;77;65;66;46;5,2;1,4;
2021/11/16;1200 UTC;0;929,8;929,9;929,7;2369,8;23,1;13,7;23,4;20,7;15,2;13,3;69;55;55;37;4,5;1,4;
2021/11/16;1300 UTC;0;929,3;929,8;929,3;3037,8;25,1;14;25,2;22,6;14,9;12,3;59;46;50;35;3,6;1,3;
2021/11/16;1400 UTC;0;928,6;929,3;928,6;3528,5;26,5;11,4;26,8;24,6;14,2;10,3;50;36;39;64;4,7;1,5;
2021/11/16;1500 UTC;0;927,8;928,6;927,8;3840,2;27,6;6,7;28,3;26,4;12,5;6,1;41;26;27;112;4,4;2;
2021/11/16;1600 UTC;0;927,2;927,8;927,2;3853;28,9;8,3;28,9;27,4;9,6;4,1;31;22;28;162;4,3;1,8;
2021/11/16;1700 UTC;0;926,3;927,2;926,3;3371,3;28,7;7,2;29,2;28,1;8,3;5,3;29;22;26;115;4,9;2,3;
2021/11/16;1800 UTC;0;925,8;926,3;925,7;2763,3;25,8;15,1;29;25,8;15,8;5,8;52;24;52;144;6,3;3,6;
2021/11/16;1900 UTC;0;925,4;925,8;925,4;2088;24,4;15,3;25,9;24,4;16,3;14,8;58;52;57;143;8,1;3,4;
2021/11/16;2000 UTC;0;925,3;925,5;925,2;1141,8;22,3;16;24,4;22,3;16,2;15,2;68;57;68;150;9,7;3,5;
2021/11/16;2100 UTC;0;925,5;925,6;925,3;397;20,3;14,6;22,3;20,3;16,6;14,6;75;68;70;154;8,6;3,6;
2021/11/16;2200 UTC;0;925,6;925,6;925,5;37,5;19,4;14,4;20,4;19,4;14,7;14,1;74;68;73;163;7,2;2,7;
2021/11/16;2300 UTC;0;926,2;926,2;925,6;;18,9;15,1;19,4;18,9;15,1;14,4;79;73;79;131;5,3;1,2;
2021/11/17;0000 UTC;0;926,7;926,7;926,2;;18,2;15,4;18,9;18,2;15,5;15,1;84;79;84;124;3,4;,8;
2021/11/17;0100 UTC;0;927,4;927,4;926,7;;17,7;15,2;18,2;17,6;15,5;14,9;86;84;85;158;1,7;,5;
2021/11/17;0200 UTC;0;927,4;927,5;927,3;;17,5;15,1;17,9;17,5;15,2;15;86;84;86;128;1,1;,4;
2021/11/17;0300 UTC;0;926,9;927,4;926,9;;17,4;17,4;17,6;17,2;17,5;15,1;100;86;100;142;,9;,2;
2021/11/17;0400 UTC;0;926,3;926,9;926,3;;17,2;15,1;17,7;17,2;17,5;15,1;100;87;88;82;,9;,4;
2021/11/17;0500 UTC;0;925,7;926,3;925,7;;16,7;16,4;17,2;16,7;17;15;100;88;98;142;,8;,3;
2021/11/17;0600 UTC;0;925,4;925,7;925,4;;17;17;17,1;16,5;17,1;16,4;100;98;100;306;1;,5;
2021/11/17;0700 UTC;0;925,1;925,4;925;;17;17;17,2;16,4;17,2;16,3;100;100;100;59;1,7;,9;
2021/11/17;0800 UTC;0;925,2;925,2;925;;17,7;14;17,8;16,4;17,2;14;100;78;79;32;2,8;1,1;
2021/11/17;0900 UTC;0;925,7;925,7;925,2;85,1;19,1;12,8;19,1;17,7;14,1;12,4;79;66;67;360;3,5;1;
2021/11/17;1000 UTC;0;926,1;926,2;925,7;740,7;21,1;12,8;21,1;19,1;13,5;12,5;67;59;59;8;4,7;1,5;
2021/11/17;1100 UTC;0;926,4;926,4;926,1;1644,1;23,8;13,7;23,8;21,1;13,7;12,1;61;50;53;37;4,3;1,2;
2021/11/17;1200 UTC;0;926,3;926,4;926,2;2455,2;25,9;12,1;26,3;23,5;14,1;11,5;54;42;42;354;5,6;2,1;
2021/11/17;1300 UTC;0;926;926,3;925,9;3080,2;28,2;12,5;28,2;25,5;14,5;11,7;44;37;38;332;5,7;2;
2021/11/17;1400 UTC;0;925,3;926;925,3;3457,3;29,7;13,5;30,5;27,8;13,8;10,7;43;31;37;335;7;1,8;
2021/11/17;1500 UTC;0;924,7;925,4;924,7;3344,6;30,5;10,4;31,4;28,7;13,2;8,7;38;25;29;274;5,9;1,4;
2021/11/17;1600 UTC;0;924;924,7;924;3595,3;31,2;8,1;32,1;29,7;11,6;7,2;31;22;24;329;5,3;1,2;
2021/11/17;1700 UTC;0;923,2;924;923,2;3225,2;31,8;8,1;33,2;30,7;12,2;6,7;30;20;23;269;5,5;1,5;
2021/11/17;1800 UTC;0;922,6;923,2;922,6;2956,1;29,2;14,7;32,9;28,8;15,5;6,7;43;20;41;143;6,9;3,1;
2021/11/17;1900 UTC;0;922,3;922,6;922,3;2011;27,3;14,6;29,2;27,1;15,6;13,7;47;41;46;150;8,6;4,1;
2021/11/17;2000 UTC;0;922,3;922,4;922,3;944;25,7;14,4;27,5;25,7;15,2;13,9;52;44;50;141;7,6;3;
2021/11/17;2100 UTC;0;922,6;922,7;922,3;460,7;24;15,5;25,7;24;15,7;14,4;60;50;59;156;8;2,9;
2021/11/17;2200 UTC;0;923,3;923,3;922,7;24,2;22,6;15,6;24;22,6;15,8;15,2;65;58;65;148;5,6;2,2;
2021/11/17;2300 UTC;0;923,8;923,8;923,3;;21,9;13,9;22,6;21,7;15,6;13,7;66;59;60;141;5;2,1;
2021/11/18;0000 UTC;0;924,3;924,3;923,8;;20,6;14,1;21,9;20,6;14,1;13,5;66;60;66;139;4,5;,5;
2021/11/18;0100 UTC;0;924,6;924,6;924,3;;20,1;15,5;20,8;20,1;15,5;14,2;75;66;75;174;1,8;,7;
2021/11/18;0200 UTC;0;924,5;924,7;924,5;;19,9;16;20,1;19,8;16,3;15,4;79;75;78;175;1,2;,4;
2021/11/18;0300 UTC;0;923,9;924,5;923,9;;20,3;16,5;20,6;19,9;16,6;15,1;79;71;79;103;1,1;,7;
2021/11/18;0400 UTC;0;923,4;923,9;923,4;;20,2;16,3;20,4;19,6;17,5;15,8;84;76;78;150;1,3;,9;
2021/11/18;0500 UTC;0;922,9;923,4;922,8;;20,8;14,8;20,8;20,1;16,6;14,8;80;68;68;163;1,2;,5;
2021/11/18;0600 UTC;0;922,3;922,9;922,3;;22,3;13,9;22,4;20,8;15,5;13,8;70;59;59;56;3;,6;
2021/11/18;0700 UTC;0;922,3;922,5;922,3;;22,1;14,4;22,8;22,1;14,4;13,3;61;55;61;95;3,9;1,2;
2021/11/18;0800 UTC;0;922,8;922,8;922,3;;22,3;14;22,5;22;14,5;13,8;62;59;59;17;4,2;1;
2021/11/18;0900 UTC;0;923,2;923,2;922,7;27,2;22,1;14,1;22,4;21,9;14,2;13,8;61;59;60;355;3,3;1,2;
2021/11/18;1000 UTC;0;924;924;923,2;234,6;23;15,2;23;21,9;15,7;14;67;60;62;314;4,4;1,6;
2021/11/18;1100 UTC;0;924,6;924,6;924;572,1;23,1;17,2;23,9;22,8;17,3;15,2;70;61;69;296;5,5;1,3;
2021/11/18;1200 UTC;0;925;925;924,6;412,9;21,9;20;23,4;21,9;20;17;89;68;89;320;5,9;1,1;
2021/11/18;1300 UTC;0;924,7;925;924,7;344,5;22,3;20,3;22,3;21,3;20,3;18,9;91;86;88;313;4,7;1,3;
2021/11/18;1400 UTC;,2;924,5;924,7;924,5;753,7;23,3;19,9;23,9;21,7;20,8;19,3;92;78;81;335;4,4;1,8;
2021/11/18;1500 UTC;,2;923,8;924,5;923,8;1151,2;23,2;21,1;24;22,9;21,1;19,4;88;78;88;341;5,4;1,9;
2021/11/18;1600 UTC;0;923,1;923,8;923,1;1890,9;24,7;19,9;25,2;22,8;20,9;18,9;88;71;74;340;6,6;2,4;
2021/11/18;1700 UTC;1,2;922,4;923,1;922,4;1435,4;21,8;21,2;25,9;21,5;21,2;17,9;97;66;97;356;6,4;1,8;
2021/11/18;1800 UTC;1,6;921,6;922,4;921,6;766,3;22,2;21;22,4;21,5;22,4;19,9;100;89;93;325;5,5;,7;
2021/11/18;1900 UTC;0;921,3;921,6;921,1;371,3;21,4;21,4;22,4;21,4;22,1;19,7;100;88;100;329;4,2;1,6;
2021/11/18;2000 UTC;1;921,2;921,3;921;145,4;20,7;20,7;21,5;20,7;21,5;19,1;100;90;100;116;4,2;,6;
2021/11/18;2100 UTC;4,4;921,5;921,5;921,2;47,5;20,4;20,4;20,7;20,3;20,7;20,3;100;100;100;126;1,4;,3;
2021/11/18;2200 UTC;4,2;921,8;921,8;921,5;7,1;19,8;19,8;20,5;19,8;20,5;19,8;100;100;100;124;3,1;1,4;
2021/11/18;2300 UTC;5;922,3;922,3;921,7;;19,6;19,6;19,8;19,4;19,8;19,4;100;100;100;154;3,2;,9;
2021/11/19;0000 UTC;2;922,4;922,5;922,3;;19,3;19,2;19,6;19,2;19,6;19,2;100;100;100;180;2,8;1;
2021/11/19;0100 UTC;7,6;922,7;922,7;922,4;,8;18,2;18,2;19,4;18,2;19,3;18,2;100;100;100;144;4,8;1,9;
2021/11/19;0200 UTC;14,6;922,5;923;922,5;,3;18,2;18,1;18,2;18,1;18,2;18,1;100;100;100;128;4,6;2,2;
2021/11/19;0300 UTC;18,2;922,2;922,6;922,2;,1;18,2;18,2;18,3;18,1;18,3;18,1;100;100;100;148;4,1;1,4;
2021/11/19;0400 UTC;7,4;921,6;922,2;921,6;,5;18,4;18,3;18,4;18,2;18,3;18,1;100;100;100;161;3,4;1,1;
2021/11/19;0500 UTC;1,2;920,8;921,6;920,8;,6;18,4;18,4;18,5;18,3;18,5;18,3;100;100;100;311;2;,5;
2021/11/19;0600 UTC;1,6;920,2;920,8;920,2;,5;18,9;18,8;18,9;18,4;18,8;18,4;100;100;100;12;1,5;,6;
2021/11/19;0700 UTC;,2;920,7;920,7;920,1;,7;19,1;19,1;19,2;18,9;19,2;18,9;100;100;100;7;2,5;,6;
2021/11/19;0800 UTC;0;921,1;921,1;920,7;,7;19,3;19,3;19,3;19,1;19,3;19,1;100;100;100;338;2,5;,6;
2021/11/19;0900 UTC;0;921,6;921,6;921,1;39,6;19,6;19,6;19,6;19,3;19,6;19,3;100;100;100;33;1,9;,4;
2021/11/19;1000 UTC;0;922,4;922,4;921,6;214,7;20;19,9;20,1;19,5;20,1;19,5;100;100;100;179;1,1;,3;
2021/11/19;1100 UTC;0;922,8;922,8;922,4;219,3;19,8;19,8;20;19,6;20;19,7;100;100;100;192;2,4;,9;
2021/11/19;1200 UTC;1,6;923,5;923,5;922,8;366,7;19,5;19,5;20;19,5;20;19,5;100;100;100;186;4,6;2;
2021/11/19;1300 UTC;,2;923,9;923,9;923,5;828,6;19,8;19,8;19,9;19,3;19,9;19,3;100;100;100;180;5,2;2,1;
2021/11/19;1400 UTC;,2;924;924;923,9;1080,6;20,5;20,5;20,5;19,6;20,5;19,6;100;100;100;163;6,4;2,5;
2021/11/19;1500 UTC;0;924,1;924,1;923,9;852;20,4;20,1;20,6;20;20,6;19,7;100;95;98;167;5,7;2,6;
2021/11/19;1600 UTC;0;923,9;924,1;923,9;743,2;20,1;18,6;20,9;19,6;20,8;18,6;100;90;91;160;7,3;3,9;
2021/11/19;1700 UTC;0;923,8;924;923,7;1034,3;19,9;18,1;20,5;19,8;18,8;17,7;91;86;90;169;9;3,9;
2021/11/19;1800 UTC;0;923,7;923,8;923,6;1094,9;19,9;18;20,4;19,6;18,3;17,5;90;85;89;166;9,7;3,8;
2021/11/19;1900 UTC;0;923,7;923,7;923,5;816;19,5;18;20;19,5;18;17,3;91;86;91;166;9;3,7;
2021/11/19;2000 UTC;0;924,1;924,1;923,7;496,3;18,7;17;19,5;18,7;17,8;16,8;91;87;90;168;9,5;4;
2021/11/19;2100 UTC;0;924,6;924,6;924,1;147,3;18,2;17,6;18,8;18,2;17,7;16,9;97;90;96;162;7,9;3,6;
2021/11/19;2200 UTC;0;925,4;925,4;924,6;35,1;17,8;17,8;18,2;17,7;17,8;17;100;94;100;170;8,5;2,4;
2021/11/19;2300 UTC;,2;926,2;926,2;925,4;;17,7;17,7;17,8;17,6;17,8;17,6;100;100;100;150;7,5;3,6;
2021/11/20;0000 UTC;,8;926,8;926,8;926,2;;17;17;17,7;17;17,7;17;100;100;100;153;8,7;4;
2021/11/20;0100 UTC;0;927,5;927,5;926,8;;17,2;17,2;17,3;17;17,3;17;100;100;100;148;8,7;3,1;
2021/11/20;0200 UTC;,2;927,3;927,6;927,3;;17,4;17,4;17,5;17,2;17,5;17,2;100;100;100;125;6,2;2,4;
2021/11/20;0300 UTC;0;926,9;927,3;926,9;;17,2;17,2;17,5;17,2;17,5;17,2;100;100;100;131;6,3;3;
2021/11/20;0400 UTC;0;926,4;926,9;926,4;;17,3;17,3;17,4;17,2;17,4;17,2;100;100;100;125;7,6;2,9;
2021/11/20;0500 UTC;0;926;926,5;926;;17,2;17,2;17,4;17,2;17,4;17,2;100;100;100;125;8,4;3,1;
2021/11/20;0600 UTC;,2;925,9;926;925,8;;17;17;17,3;17;17,3;17;100;100;100;142;8,7;3,7;
2021/11/20;0700 UTC;,2;925,8;925,9;925,8;;16,8;16,8;17;16,8;17;16,8;100;100;100;120;8,7;2,9;
2021/11/20;0800 UTC;0;926,2;926,2;925,8;;16,5;16,5;16,9;16,4;16,9;16,4;100;100;100;124;7,1;2,9;
2021/11/20;0900 UTC;,2;926,7;926,7;926,2;20,6;16,5;16,5;16,7;16,5;16,7;16,5;100;100;100;128;6,8;2,7;
2021/11/20;1000 UTC;0;927,3;927,3;926,7;189,2;16,7;16,7;16,9;16,5;16,9;16,5;100;100;100;148;7,3;3,3;
2021/11/20;1100 UTC;0;927,9;927,9;927,3;540,9;17,7;17,7;17,7;16,7;17,7;16,8;100;100;100;121;7,3;2;
2021/11/20;1200 UTC;,8;928,4;928,4;927,9;711,8;17,3;17,3;17,8;17,1;17,8;17,1;100;100;100;157;5,6;2,1;
2021/11/20;1300 UTC;,4;928,5;928,6;928,4;1957,1;18,4;17,1;18,8;17,2;18,7;16,8;100;92;92;124;7,5;3,4;
2021/11/20;1400 UTC;0;928,6;928,6;928,5;2101,1;18,8;16,3;19,2;17,9;18,3;15,8;99;84;85;123;8,4;3,4;
2021/11/20;1500 UTC;0;928,6;928,6;928,5;1872,5;17,9;17,8;19,1;17,5;18,9;16,1;100;85;100;133;8;3,3;
2021/11/20;1600 UTC;,2;928,5;928,6;928,5;1845,7;18,4;16,6;18,9;17,3;18,5;16,4;100;87;89;126;9;3,9;
2021/11/20;1700 UTC;0;928,2;928,6;928,2;2803,4;18,5;16,3;19,6;17,9;17,5;15,5;93;82;87;141;9,1;4,5;
2021/11/20;1800 UTC;0;928;928,2;927,9;2273,5;18,1;16,4;19,7;17,6;17,5;15,2;97;81;90;131;9,1;3,3;
2021/11/20;1900 UTC;0;927,8;928;927,7;982,9;16,9;16,9;18,2;16,9;16,9;15,4;100;86;100;136;8,7;3,5;
2021/11/20;2000 UTC;0;927,9;927,9;927,7;628,4;16,1;16,1;17,3;16,1;17,1;15,1;100;89;100;130;8,5;3,4;
2021/11/20;2100 UTC;0;928,1;928,2;927,9;216,2;15,9;15,9;16,4;15,8;16,4;15,8;100;100;100;147;8,7;4,1;
2021/11/20;2200 UTC;,2;928,7;928,7;928,1;38,4;15,1;15,1;16;15,1;16;15,1;100;99;100;148;9;3,8;
2021/11/20;2300 UTC;0;929,3;929,3;928,7;;14,5;14,5;15,1;14,5;15,1;14,5;100;100;100;154;8,8;4,2;
2021/11/21;0000 UTC;0;929,8;929,8;929,3;;14,6;14,6;14,6;14,3;14,6;14,3;100;100;100;134;9,5;3;
2021/11/21;0100 UTC;0;930,2;930,2;929,8;;14,8;14,8;14,9;14,6;14,9;14,6;100;100;100;152;6,4;3,1;
2021/11/21;0200 UTC;0;930,1;930,4;930,1;;14,7;14,5;14,9;14,6;14,9;14,5;100;99;99;138;7,5;2,9;
2021/11/21;0300 UTC;0;929,6;930,2;929,6;;14,7;13,1;14,9;14,6;14,5;13,1;99;90;90;129;6,1;3,1;
2021/11/21;0400 UTC;0;929;929,6;928,9;;14,6;12,9;14,8;14,6;13,4;12,6;92;87;90;138;6,5;2,8;
2021/11/21;0500 UTC;0;928,2;929;928,2;;14,5;14,4;14,7;14,3;14,5;12,8;100;89;99;121;5,9;2,1;
2021/11/21;0600 UTC;0;927,7;928,2;927,7;;14,4;12,8;14,5;14,3;14,3;12,5;99;88;90;113;4,9;2;
2021/11/21;0700 UTC;0;927,5;927,7;927,4;;14,5;13,5;14,7;14,4;14;12,8;96;90;94;112;5,2;2,1;
2021/11/21;0800 UTC;0;927,7;927,7;927,4;;14,5;12,6;14,6;14,4;13,8;12,5;95;88;88;108;4,8;2;
2021/11/21;0900 UTC;0;928;928;927,7;43,5;14,5;12,7;14,6;14,4;13,2;12,4;91;88;89;108;4,2;2,2;
2021/11/21;1000 UTC;0;928,4;928,5;927,9;497,1;15;11,7;15,5;14,4;12,8;11,6;89;80;81;131;5;2,2;
2021/11/21;1100 UTC;0;928,9;928,9;928,4;847;15,4;12,3;15,6;15;13;11,6;85;79;82;134;5,2;2,1;
2021/11/21;1200 UTC;0;928,9;929,1;928,9;2044,3;16,9;13,1;17,9;15,3;13,5;11,8;83;71;78;124;6,7;3,1;
2021/11/21;1300 UTC;0;928,9;929;928,8;2034,2;17,6;12,8;18;16,4;13,6;11,9;79;71;73;129;6,7;2,8;
2021/11/21;1400 UTC;0;928,9;929;928,8;2391,1;18;13,6;18,9;17,3;14,1;12,1;76;68;75;123;6,5;3;
2021/11/21;1500 UTC;0;928,8;929;928,8;1387,6;17,6;13,1;18,5;17;14,3;12,4;81;70;75;130;7,5;3;
2021/11/21;1600 UTC;0;928,5;928,8;928,5;2360;18,1;13,5;18,7;17,5;14,5;13;80;72;75;149;7,7;3,7;
2021/11/21;1700 UTC;0;928;928,5;928;2493,1;17,8;13,4;19,1;17,7;14,4;12,8;76;69;76;141;7,7;3,5;
2021/11/21;1800 UTC;0;927,7;928;927,6;1069,2;17,1;13,3;17,8;17;13,9;12,9;80;75;78;124;6,8;2,9;
2021/11/21;1900 UTC;0;927;927,7;927;595,7;16,1;13,3;17,3;16,1;14;12,8;86;77;84;128;6,6;2,6;
2021/11/21;2000 UTC;0;926,8;927;926,8;313,2;15,5;13,6;16,5;15,5;13,8;12,9;89;81;89;152;6,3;3,5;
2021/11/21;2100 UTC;0;926,8;926,8;926,7;98,4;15,2;13,6;15,7;15;14,8;13,2;97;86;90;123;6,9;2,4;
2021/11/21;2200 UTC;0;927,1;927,1;926,7;17;15,1;13,3;15,4;15;13,7;12,7;91;84;89;128;6,3;2,1;
2021/11/21;2300 UTC;0;927,5;927,5;927,1;;14,8;13;15,2;14,7;14,3;13;97;89;89;136;6,4;3,2;
2021/11/22;0000 UTC;0;927,5;927,6;927,5;;14,5;12,9;14,9;14,5;13,4;12,8;91;89;90;128;6,4;3,2;
2021/11/22;0100 UTC;0;927,7;927,8;927,5;;14,4;14,2;14,8;14,4;14,3;12,9;99;90;98;101;6,2;1,8;
2021/11/22;0200 UTC;0;927,5;927,8;927,5;;14,3;14,3;14,6;14,3;14,6;14,2;100;98;100;86;3,8;1,2;
2021/11/22;0300 UTC;0;926,8;927,5;926,8;;13,8;13,7;14,4;13,7;14,3;13,7;100;100;100;38;3,5;,8;
2021/11/22;0400 UTC;0;926,1;926,8;926,1;;13,3;13,3;13,9;13,3;13,9;13,3;100;100;100;49;2,7;1,3;
2021/11/22;0500 UTC;0;925,3;926,1;925,3;;12,7;12,7;13,3;12,7;13,3;12,7;100;100;100;193;2,8;,9;
2021/11/22;0600 UTC;0;925,1;925,3;925,1;;14,3;14,3;14,3;12,3;14,3;12,3;100;100;100;65;3,5;1;
2021/11/22;0700 UTC;0;925,2;925,3;925;;14,8;14,4;14,9;14,3;14,9;14,3;100;97;97;56;4;1,9;
2021/11/22;0800 UTC;0;925,4;925,4;925,1;;15;13,7;15;14,8;14,4;13,7;97;92;92;74;4,7;1,6;
2021/11/22;0900 UTC;0;925,6;925,6;925,3;87,9;15,2;13,8;15,2;14,7;14,4;13,3;97;90;91;49;4,2;1,4;
2021/11/22;1000 UTC;0;926,4;926,4;925,6;466,7;16,1;14;16,3;15,2;14,5;13,4;91;85;87;22;3,9;1,2;
2021/11/22;1100 UTC;0;926,9;926,9;926,4;842,9;17,7;14,8;17,7;16,1;15,1;13,8;88;81;83;67;3,6;,7;
2021/11/22;1200 UTC;0;927;927;926,9;1668,3;19,7;14,9;20;17,4;15,6;14,2;85;73;74;20;4;1,3;
2021/11/22;1300 UTC;0;926,7;927;926,7;3253,6;21,6;16,4;21,6;19,3;16,4;14,2;77;66;72;118;3,7;1,6;
2021/11/22;1400 UTC;0;926,4;926,7;926,3;3609,7;23,6;15,4;23,7;21,1;16,3;14,6;72;59;60;127;3,9;1,8;
2021/11/22;1500 UTC;0;925,9;926,4;925,9;3917,2;25,1;9;25,7;23,2;17,1;9;66;36;36;127;4,3;2,3;
2021/11/22;1600 UTC;0;925,3;925,9;925,3;3872,4;26,6;12;26,6;25,1;12,9;9;44;36;40;110;4,6;1,9;
2021/11/22;1700 UTC;0;924,8;925,3;924,8;3590;25,3;15,9;27,4;25,3;16,3;8;58;31;56;125;6,5;3,5;
2021/11/22;1800 UTC;0;924,5;924,8;924,5;3070,8;25,5;14,3;25,7;24,9;17;13,1;60;47;50;130;7,2;3,3;
2021/11/22;1900 UTC;0;924,1;924,5;924,1;2370,7;23,2;14,6;25,5;23,2;15,8;13,7;61;49;58;131;7,5;3,7;
2021/11/22;2000 UTC;0;924,1;924,1;924;1573,3;22,9;13,7;23,9;22,8;15,3;13,2;60;54;56;128;7,4;2,9;
2021/11/22;2100 UTC;0;924,4;924,4;924,1;532,6;21;14,6;22,9;21;14,7;13,4;67;56;67;122;5,9;2,6;
2021/11/22;2200 UTC;0;924,7;924,7;924,4;33,3;18,7;15,5;21;18,7;15,5;14,6;82;67;82;124;5,9;1,6;
2021/11/22;2300 UTC;0;925;925,1;924,7;;17,6;17,4;18,7;17,5;17,5;15,6;99;82;99;126;3,3;1,6;
2021/11/23;0000 UTC;0;925,8;925,8;925;;16,3;16,3;17,6;16,3;17,5;16,3;100;99;100;114;3;,6;
2021/11/23;0100 UTC;0;925,9;926;925,8;;15,2;15,2;16,4;15,2;16,4;15,2;100;100;100;145;1,1;,4;
2021/11/23;0200 UTC;0;925,8;926,1;925,8;;15,6;15,6;15,7;15,2;15,7;15,2;100;100;100;344;1,2;,7;
2021/11/23;0300 UTC;0;925,5;925,8;925,5;;15,7;15,7;16,3;15,4;16;15,3;100;95;100;296;1,4;,4;
2021/11/23;0400 UTC;0;924,9;925,5;924,9;;15,5;14,4;15,9;15,5;15,8;14,4;100;92;93;300;1,4;,5;
2021/11/23;0500 UTC;,2;924,7;924,9;924,6;;15,6;15,6;15,8;15,5;15,8;14,5;100;93;100;316;1,3;,5;
2021/11/23;0600 UTC;0;924,7;924,8;924,7;;15,2;15,2;15,9;15,2;15,8;15,2;100;100;100;312;1,6;,7;
2021/11/23;0700 UTC;0;925;925;924,7;;14,8;14,8;15,3;14,8;15,3;14,8;100;100;100;306;2;,9;
2021/11/23;0800 UTC;0;925,4;925,4;925;;14,4;14,3;14,8;14,4;14,8;13,5;100;93;99;316;2;,6;
2021/11/23;0900 UTC;0;925,7;925,7;925,4;112,1;15,8;12,6;15,8;14,2;14,3;12,6;100;81;81;324;1,9;,9;
2021/11/23;1000 UTC;0;926,4;926,4;925,7;759,5;18,8;9,7;18,9;15,8;12,5;9,6;81;54;55;330;2,4;1,2;
2021/11/23;1100 UTC;0;926,8;926,9;926,4;1634,1;22,3;9,8;22,3;18,8;11;9;57;45;45;338;2,9;1,5;
2021/11/23;1200 UTC;0;926,8;926,9;926,7;2461,5;25,7;6,7;25,7;22,2;10,1;5,6;45;28;30;342;4,9;2,2;
2021/11/23;1300 UTC;0;926,6;926,8;926,6;3136,8;29,3;6,9;29,6;25,7;8,9;5,7;31;23;24;304;5;1,8;
2021/11/23;1400 UTC;0;926;926,6;926;3535,5;31;6;31,2;28,9;9,9;4,1;29;18;21;296;5;1,7;
2021/11/23;1500 UTC;0;925,4;926;925,4;3821,5;32;10,5;32,2;30,5;10,5;3;27;17;27;287;4,9;1,8;
2021/11/23;1600 UTC;0;924,9;925,5;924,9;3869,4;33,2;5,3;33,4;31,5;10;3;27;15;18;295;6,9;2;
2021/11/23;1700 UTC;0;924,5;924,9;924,5;2994,4;32,5;4,8;33,6;31;8,1;1,8;22;14;18;280;11,4;1,5;
2021/11/23;1800 UTC;0;924,2;924,6;924,2;2735,4;32,7;6,9;33,8;31,4;8,2;2,1;22;14;20;180;7,6;1,8;
2021/11/23;1900 UTC;0;924,4;924,5;924,2;2288,4;30,5;8,6;33,2;30,5;8,6;3;26;15;26;174;9,3;3,9;
2021/11/23;2000 UTC;0;924,6;924,6;924,4;1467,6;28,6;10,3;30,5;28,6;10,3;7,4;32;25;32;152;10,3;3,9;
2021/11/23;2100 UTC;0;925,2;925,2;924,6;491,6;26,3;11,3;28,6;26,3;11,7;10,3;39;32;39;156;9,4;3,3;
2021/11/23;2200 UTC;0;925,4;925,5;925,1;41,4;24,3;11,5;26,3;24,3;12,1;11,1;46;39;45;153;6,9;3,1;
2021/11/23;2300 UTC;0;926;926;925,4;;23,1;11,1;24,4;22,9;11,4;10,9;48;43;47;161;6,9;2,1;
2021/11/24;0000 UTC;0;926,9;926,9;926;;21,3;11,6;23,1;21,3;11,6;11,1;54;47;54;166;7,3;3,1;
2021/11/24;0100 UTC;0;927,9;927,9;926,8;;19,7;12,2;21,3;19,7;12,3;11,4;62;53;62;182;7,8;2,6;
2021/11/24;0200 UTC;0;928;928,3;927,9;;18,9;13,1;19,7;18,9;13,1;12,1;69;62;69;160;6,1;2,7;
2021/11/24;0300 UTC;0;928,3;928,5;928;;18,1;16,5;18,9;18,1;16,5;13,1;90;69;90;158;6,9;2,5;
2021/11/24;0400 UTC;0;928,5;928,6;928,3;;18,5;15,8;18,8;18,1;16,7;15,8;91;84;84;168;7,8;3,6;
2021/11/24;0500 UTC;0;928,1;928,6;928,1;;18,3;16,3;18,6;18,3;16,3;15,8;88;84;88;155;7,3;2,4;
2021/11/24;0600 UTC;0;928,1;928,2;928,1;;18,3;16,4;18,4;18,2;16,5;16,1;89;87;89;163;6,8;2,8;
2021/11/24;0700 UTC;0;928,1;928,2;928;;18,1;16,3;18,3;18;16,5;16,2;90;89;89;159;5,7;2,3;
2021/11/24;0800 UTC;0;928,8;928,8;928,1;;18,1;16,1;18,1;18;16,6;16;91;88;88;160;5,4;2;
2021/11/24;0900 UTC;0;929,3;929,3;928,8;43,1;18,1;16,3;18,1;17,8;16,5;16;92;88;89;143;5,1;2,1;
2021/11/24;1000 UTC;0;929,6;929,6;929,3;179,5;18;17,5;18,4;18;17,7;16,2;98;88;97;146;5,1;2;
2021/11/24;1100 UTC;0;929,9;930;929,6;211,4;17,9;17,7;18,1;17,9;18,1;17,5;100;97;99;165;5,8;3,3;
2021/11/24;1200 UTC;0;930;930,1;929,9;833,4;19,3;16,8;19,4;17,9;17,9;16,5;99;85;85;143;5,8;2,8;
2021/11/24;1300 UTC;0;930,3;930,3;930;783,3;19;16,9;19,7;18,4;18,2;16,5;96;84;88;146;6;2,2;
2021/11/24;1400 UTC;0;929,8;930,3;929,8;1739,5;20,4;16,5;21,1;18,9;17,5;16;88;75;78;121;6;3,1;
2021/11/24;1500 UTC;0;929,5;929,8;929,5;2262,2;21;16,4;21,7;20,3;17,2;15,5;80;70;75;149;6,1;2,5;
2021/11/24;1600 UTC;0;928,9;929,5;928,8;2339,1;21,5;16,5;22,2;20,8;17,6;15,8;78;71;73;153;6,1;3,3;
2021/11/24;1700 UTC;0;928,2;928,9;928,2;2803,9;21,8;16,8;22,2;21,2;17,5;15,8;76;69;73;150;6,9;4,2;
2021/11/24;1800 UTC;0;928,2;928,2;928,1;2349,2;20,1;17,2;22;20,1;18,2;16,5;85;73;84;123;9,1;3,6;
2021/11/24;1900 UTC;0;928,1;928,2;928;1072,8;19,7;17;20,4;19,5;17,6;16,7;87;81;85;144;7,7;3;
2021/11/24;2000 UTC;0;928,1;928,2;928,1;366,6;18,5;17,9;19,8;18,5;17,9;16,7;96;84;96;149;7;3,4;
2021/11/24;2100 UTC;0;928,2;928,3;928,1;217;18,4;17,8;18,6;18,4;18,1;16,9;97;91;96;149;6,2;2,7;
2021/11/24;2200 UTC;0;928,1;928,3;928;25,6;18,1;18;18,5;18;18,3;17,7;100;96;100;125;5,6;2,7;
2021/11/24;2300 UTC;0;928,5;928,5;928;;17;16,9;18,1;16,9;18;16,9;100;100;100;122;6,9;2,3;
2021/11/25;0000 UTC;0;928,6;928,8;928,5;;17;16,9;17,1;16,8;17;16,8;100;100;100;132;5,6;2,1;
2021/11/25;0100 UTC;0;928,9;929;928,6;;17,1;17,1;17,3;16,9;17,3;16,9;100;100;100;105;3,9;1,7;
2021/11/25;0200 UTC;0;928,8;929;928,8;;17,2;17,2;17,3;16,9;17,3;16,9;100;100;100;127;6,8;2,2;
2021/11/25;0300 UTC;0;928,2;928,7;928,2;;17,6;16,3;17,6;17,1;17,3;16,3;100;93;93;129;5,1;1,8;
2021/11/25;0400 UTC;0;927,5;928,2;927,5;;17,5;16,3;17,7;17,4;17,1;16;97;91;93;123;4,2;1,7;
2021/11/25;0500 UTC;0;927,1;927,5;927,1;;17,5;15,7;17,6;17,4;16,7;15,7;95;89;89;117;4,9;2,1;
2021/11/25;0600 UTC;0;927,1;927,2;926,9;;17,4;15,5;17,7;17,4;16,1;15,4;90;88;89;119;5,1;2,3;
2021/11/25;0700 UTC;0;927,1;927,2;927;;17,6;16,3;17,6;17,4;16,3;15,5;92;89;92;117;4,6;1,4;
2021/11/25;0800 UTC;0;927,3;927,3;927,1;;17,9;17,4;17,9;17,6;17,4;16,2;97;91;97;124;3,2;1,5;
2021/11/25;0900 UTC;0;928;928;927,3;33,7;17,9;17,9;18;17,8;18;17,3;100;97;100;124;4,1;1,8;
2021/11/25;1000 UTC;0;928,7;928,7;928;135;18;18;18;17,9;18;17,9;100;100;100;125;4;1,8;
2021/11/25;1100 UTC;0;928,9;929;928,7;667,4;19,5;17,7;19,6;18;18,3;17,5;100;89;89;134;4,7;2;
2021/11/25;1200 UTC;0;928,2;928,9;928,2;1869,6;22,5;16,7;22,8;19,4;18,6;16,7;90;70;70;33;4,9;1,7;
2021/11/25;1300 UTC;0;927,7;928,3;927,7;3084,9;24,8;16,5;25;22,4;17,7;16,3;72;59;60;41;5,3;2,2;
2021/11/25;1400 UTC;0;926,8;927,7;926,8;3467,1;27,7;17,1;27,7;24,8;17,7;15,2;63;49;53;39;5;1,7;
2021/11/25;1500 UTC;0;926,1;926,8;926,1;3691,4;27,9;14,8;28,8;26,9;16,4;14,2;52;42;45;135;4,7;2,2;
2021/11/25;1600 UTC;0;926;926,1;925,7;3571,5;26,1;19,1;28,7;26;19,5;14;66;42;66;151;7;4;
2021/11/25;1700 UTC;0;925,1;926;925,1;3284,1;24,1;19;26,5;23,7;20,3;19;79;65;74;135;7,9;4,1;
2021/11/25;1800 UTC;0;924,6;925,1;924,6;2889,2;23,4;19,9;24,3;23,1;20,3;19,2;82;73;81;149;7,8;3,6;
2021/11/25;1900 UTC;0;924,4;924,7;924,4;2197,7;22,5;19,5;24,1;22,4;20,4;19,3;85;77;83;131;7,1;3,6;
2021/11/25;2000 UTC;0;924,1;924,4;924,1;1268,3;21,1;19,4;22,5;21;19,7;19,1;90;83;90;140;6,6;3,1;
2021/11/25;2100 UTC;0;923,7;924,1;923,7;520,4;20;19,7;21,6;20;20,2;19;98;86;98;124;6,3;2,5;
2021/11/25;2200 UTC;0;924,1;924,1;923,7;42,8;19,6;19,6;20,1;19,5;20;19,5;100;98;100;161;4,6;,9;
2021/11/25;2300 UTC;0;924,1;924,3;924,1;;19,1;19,1;19,8;19,1;19,8;19,1;100;100;100;178;2,1;,7;
2021/11/26;0000 UTC;0;924,3;924,3;924;;19,2;19,1;19,2;18,9;19,2;18,9;100;100;100;171;1,1;,3;
2021/11/26;0100 UTC;0;924,4;924,6;924,3;;19,3;19,3;19,6;19,1;19,6;19,1;100;100;100;88;1,4;,6;
2021/11/26;0200 UTC;0;924,3;924,6;924,3;;19,8;19,8;19,9;19,3;19,9;19,4;100;100;100;342;1,9;,3;
2021/11/26;0300 UTC;0;923,8;924,3;923,8;;21,4;18,4;21,4;19,8;20,4;18,4;100;83;83;345;3,1;1,4;
2021/11/26;0400 UTC;0;922,5;923,8;922,5;;22,2;15,4;22,5;21,4;18,1;15,1;83;63;66;15;3,5;1,2;
2021/11/26;0500 UTC;0;922,2;922,5;922,2;;22,3;16,3;22,4;22,1;16,3;15,4;69;65;69;3;4,1;1,7;
2021/11/26;0600 UTC;0;922,5;922,8;922;;21,2;16,1;22,5;21,2;16,8;16,1;75;68;73;327;4,4;1,2;
2021/11/26;0700 UTC;0;922,7;922,7;922,3;;21,4;17,4;21,8;21,1;17,4;16,1;78;72;78;309;6,7;2,3;
2021/11/26;0800 UTC;0;922,4;922,8;922,4;;20,4;19,3;22,1;20,4;19,3;16,9;93;72;93;283;9;,9;
2021/11/26;0900 UTC;0;923,1;923,2;922,3;31,9;19,8;19,5;20,4;19,7;19,8;18,8;100;91;98;324;4,9;1,7;
2021/11/26;1000 UTC;0;923,7;923,7;923;109;20,5;19,2;20,6;19,8;19,6;18,6;98;89;92;309;6,3;2,1;
2021/11/26;1100 UTC;,2;923;923,7;922,9;300,7;20,6;19,1;20,6;20,2;20;18,6;99;88;91;326;6,6;2,6;
2021/11/26;1200 UTC;,2;922,3;923;922,3;744,9;21,8;18,8;21,8;20,6;19,7;17,9;93;81;83;334;11,2;4;
2021/11/26;1300 UTC;0;922,7;922,7;922,3;588,7;21,4;18,8;22;21,3;19,1;18,4;87;81;85;331;10,4;3,6;
2021/11/26;1400 UTC;0;922,3;922,8;922,2;559,8;22,2;18,1;22,3;20,8;19,2;18;90;77;77;333;10,3;3,8;
2021/11/26;1500 UTC;0;921;922,3;920,9;1623,4;23,8;17,8;24;22,2;19;17,7;79;69;69;340;14,2;3,7;
2021/11/26;1600 UTC;,2;921,4;921,5;920,9;1104,8;23,1;18,5;23,9;23,1;18,5;17;76;67;76;319;10,4;2,8;
2021/11/26;1700 UTC;1,4;919,6;921,4;919,4;936,6;22,3;20,2;23,1;21;20,7;19,1;98;76;88;337;10;3,3;
2021/11/26;1800 UTC;0;918,7;919,6;918,4;849,6;22,3;19,5;22,8;21,8;20,2;18,5;88;80;84;331;9,4;3;
2021/11/26;1900 UTC;0;919;919;918,7;702,3;21,7;18,7;22,9;21,7;19,9;18,4;86;78;83;327;11,5;3,2;
2021/11/26;2000 UTC;0;918,6;919,1;918,5;1252,8;22,8;18,6;23,5;21,6;19,8;17,9;85;72;77;333;10,1;2,8;
2021/11/26;2100 UTC;0;919;919,2;918,6;280,8;21,7;17,7;22,8;21,7;18,7;17,7;79;76;78;330;8;3,4;
2021/11/26;2200 UTC;0;919,5;919,6;919;38,8;21,3;17,7;21,8;21,3;18,2;17,7;82;78;80;330;8,4;3,3;
2021/11/26;2300 UTC;0;919,6;919,9;919,5;;21;17,9;21,3;20,9;17,9;17,5;83;79;83;343;8,4;2,5;
2021/11/27;0000 UTC;0;919,6;919,6;919,4;;20,5;17,8;21;20,5;18;17,7;85;83;85;335;7,6;2,9;
2021/11/27;0100 UTC;0;919,7;919,7;919,4;;20,2;17,7;20,7;20,2;17,8;17,6;85;83;85;327;7,3;2,6;
2021/11/27;0200 UTC;0;919,7;920,1;919,7;;20,1;17,8;20,3;19,8;17,8;17,6;88;85;87;318;7,3;2,5;
2021/11/27;0300 UTC;0;918,9;919,7;918,9;;19,4;18;20,1;19,4;18;17,6;92;86;92;318;7,1;1,9;
2021/11/27;0400 UTC;0;917,4;919;917,4;;19,9;17,5;19,9;19,4;18;17,4;92;86;86;327;9,1;4;
2021/11/27;0500 UTC;0;917,5;917,5;916,9;;19,8;17,5;19,9;19,6;17,6;17,4;88;86;87;295;11,8;1,1;
2021/11/27;0600 UTC;0;917,5;917,5;917,3;;19,6;18;19,8;19,5;18,2;17,5;92;87;90;313;7,1;1,3;
2021/11/27;0700 UTC;0;918,1;918,1;917,4;;20,2;18,2;20,2;19,6;18,3;18;91;87;88;320;5,5;2;
2021/11/27;0800 UTC;0;918,5;918,6;918,1;;20,1;18,3;20,3;20,1;18,4;18,1;89;88;89;323;5,3;1;
2021/11/27;0900 UTC;0;919;919;918,5;43,9;19,9;19,4;20,1;19,7;19,5;18,4;98;89;96;322;3,9;1,3;
2021/11/27;1000 UTC;0;919,3;919,3;918,8;494,3;21,6;18,6;21,8;19,9;19,8;18,4;98;82;83;304;4,7;1,8;
2021/11/27;1100 UTC;0;919,5;919,5;919,3;1140,9;23,1;17,9;23,7;21,5;19,5;17,4;85;71;73;301;6,9;2;
2021/11/27;1200 UTC;0;919,4;919,5;919,4;2471,7;25,5;16,4;26,1;23,1;18,7;16,1;74;56;57;324;7,9;3,1;
2021/11/27;1300 UTC;,2;919,5;919,6;919,4;2750;26,1;15,9;27,3;24,6;17,9;14,7;64;48;53;323;7,9;2,9;
2021/11/27;1400 UTC;0;919,2;919,5;919,2;3704,8;28,6;13,7;29;26,1;16,5;13,1;54;38;40;312;6,9;2,5;
2021/11/27;1500 UTC;0;918,7;919,2;918,7;2926,7;28,9;11,2;29,3;26,7;16;11,2;49;34;34;292;8,5;2,3;
2021/11/27;1600 UTC;0;918,2;918,7;918,2;3284,8;29;12,9;29,9;27,6;14,3;10,3;41;32;37;305;8,5;2,4;
2021/11/27;1700 UTC;0;917,7;918,2;917,7;2332,3;28,1;12,3;30,1;27,7;16,5;11,4;45;33;38;314;7,9;2,2;
2021/11/27;1800 UTC;0;917,4;917,7;917,4;2987,4;25,2;16,3;30,8;25,2;17,3;10,5;60;30;58;125;7,2;2,7;
2021/11/27;1900 UTC;0;917,3;917,4;917,2;963,5;23,7;17,4;25,1;23,6;17,6;16,1;68;58;68;135;9,4;3;
2021/11/27;2000 UTC;0;917,6;917,7;917,2;652,7;22,9;17,1;24,4;22,9;17,8;16,9;70;65;70;124;7,5;3,4;
2021/11/27;2100 UTC;0;918,1;918,1;917,6;428,9;21,4;18,1;23;21,4;18,3;17,2;81;70;81;126;7,1;3,1;
2021/11/27;2200 UTC;0;919,1;919,1;918,1;69,5;20,2;17,7;21,5;20,2;18,4;17,7;88;81;86;143;7,3;3,5;
2021/11/27;2300 UTC;0;919,9;919,9;919,1;;19,4;17,5;20,3;19,3;18;17,4;91;85;89;155;6,6;2,2;
2021/11/28;0000 UTC;0;920,4;920,4;919,9;;19;18,8;19,4;18,9;18,9;17,4;99;88;99;136;5,2;1,4;
2021/11/28;0100 UTC;0;920,7;920,7;920,4;;18,5;18,5;19;18,4;18,8;18,4;100;99;100;91;2,6;,8;
2021/11/28;0200 UTC;0;920,6;920,9;920,6;;18,5;18,5;18,6;18,4;18,6;18,4;100;100;100;128;1,7;,8;
2021/11/28;0300 UTC;0;920,6;920,7;920,6;;18,3;18,3;18,5;18,3;18,5;18,3;100;100;100;107;1,4;,5;
2021/11/28;0400 UTC;0;920,1;920,6;920,1;;18,2;18,2;18,5;18,2;18,5;18,1;100;100;100;156;1;,4;
2021/11/28;0500 UTC;0;919,4;920,1;919,4;;18,5;18,5;18,5;18,2;18,5;18,2;100;100;100;353;1,1;,5;
2021/11/28;0600 UTC;0;918,9;919,4;918,9;;18,3;18,3;18,5;18,3;18,5;18,3;100;100;100;322;1,2;,5;
2021/11/28;0700 UTC;0;919,2;919,2;918,9;;17,9;17,9;18,3;17,9;18,3;17,9;100;100;100;142;,8;,4;
2021/11/28;0800 UTC;0;919,8;919,8;919,1;;18,1;18,1;18,5;17,6;18,5;17,6;100;100;100;151;5,4;2,2;
2021/11/28;0900 UTC;0;920,2;920,3;919,7;35,1;18,2;18,2;18,4;18,1;18,4;18,1;100;100;100;169;5,2;1,6;
2021/11/28;1000 UTC;0;921,3;921,3;920,2;643,7;20,5;18,6;20,5;18,2;19,3;18,2;100;88;89;122;4,2;1,3;
2021/11/28;1100 UTC;0;921,9;921,9;921,3;1247,8;21,4;18;21,8;19,9;19,4;17,8;90;80;81;96;3,7;1,5;
2021/11/28;1200 UTC;0;922,3;922,3;921,8;2024,4;22;17,8;22,8;21,4;19;17,2;84;72;77;115;3,5;1,2;
2021/11/28;1300 UTC;0;922,4;922,4;922,2;1423,9;23,2;17,3;24,1;21,8;19;16,3;79;67;69;111;3,9;1,7;
2021/11/28;1400 UTC;0;922,2;922,5;922,2;2753,4;24,3;18,1;24,9;22,9;19,2;17;73;65;68;120;4,3;2,1;
2021/11/28;1500 UTC;0;921,3;922,2;921,3;2762,7;25,7;16,9;25,8;23,8;18,5;16,8;69;57;59;98;4,3;1,7;
2021/11/28;1600 UTC;0;920,4;921,3;920,3;3442,6;26,6;16;27;25,1;18,2;15,5;62;52;52;127;4,9;2,3;
2021/11/28;1700 UTC;0;920;920,4;920;2921,8;26,9;16,4;27,7;26;17,3;15,5;56;49;52;185;5,1;1,8;
2021/11/28;1800 UTC;0;919,8;920;919,7;1893,5;25,7;19,1;27,6;25,5;19,5;16;68;50;67;143;6,6;3;
2021/11/28;1900 UTC;0;919,5;919,8;919,4;2075;25;19;26,8;25;19,6;18,3;71;61;69;140;7,3;3;
2021/11/28;2000 UTC;0;919,9;919,9;919,4;1121,8;24;18,7;25,2;23,9;19,5;18,4;73;69;72;124;7,4;3,5;
2021/11/28;2100 UTC;0;920,3;920,3;919,9;524,6;22,5;18,3;24,1;22,5;18,9;18,1;77;71;77;129;7,8;2,6;
2021/11/28;2200 UTC;0;920,9;920,9;920,3;64,8;20,8;17,8;22,5;20,8;18,3;17,6;83;77;83;124;5,8;1,8;
2021/11/28;2300 UTC;0;921,6;921,6;920,9;;20,1;18;20,8;20,1;18,2;17,9;88;83;88;142;4,4;,8;
2021/11/29;0000 UTC;0;921,7;921,9;921,6;;19,4;18,3;20,1;19,3;18,8;18;95;88;93;129;2;,7;
2021/11/29;0100 UTC;0;921,9;921,9;921,6;;19,2;19;19,4;19,2;19,1;18,3;99;93;99;151;1,2;,6;
2021/11/29;0200 UTC;0;921,7;921,9;921,6;;19,3;18,8;19,4;19,1;19,3;18,8;100;97;97;192;1,1;,3;
2021/11/29;0300 UTC;0;921,2;921,9;921,2;;19,4;19,4;19,4;19;19,4;18,7;100;97;100;103;1,7;1;
2021/11/29;0400 UTC;0;920,5;921,2;920,5;;20,1;18,2;20,1;19,2;19,4;18;100;89;89;38;2,4;,9;
2021/11/29;0500 UTC;0;919,5;920,5;919,5;;20,3;17,8;20,5;19,7;18,4;17,7;92;84;86;15;3,3;1;
2021/11/29;0600 UTC;0;919,2;919,5;918,8;;20,3;17,4;20,5;20,1;17,9;17,4;86;83;83;347;3,8;1,3;
2021/11/29;0700 UTC;0;919,3;919,4;918,8;;20,2;17,5;20,4;20;17,6;17,3;86;83;84;3;4,4;1,2;
2021/11/29;0800 UTC;0;919,6;920;919,3;;19,7;17,7;20,3;19,3;17,7;17,3;90;84;88;18;3,1;1,2;
2021/11/29;0900 UTC;0;920,2;920,2;919,5;109,4;20,5;18;20,6;19,6;18,1;17,6;89;85;85;345;4;,7;
2021/11/29;1000 UTC;0;920,5;920,6;920,2;461;22,3;18,5;22,3;20,5;18,7;17,9;87;79;79;18;2,8;,8;
2021/11/29;1100 UTC;0;920,6;920,8;920,4;1444,7;25,1;17,6;25,1;22,3;19;17,1;79;61;63;338;4,2;1,4;
2021/11/29;1200 UTC;0;920,3;920,6;920,3;2087,6;28;15,6;28;25,1;17,5;14,8;63;46;47;338;4,7;2,3;
2021/11/29;1300 UTC;0;920,4;920,5;920,3;2682;29,8;13,3;29,8;27,3;16,1;13,2;48;36;36;319;6,3;2,6;
2021/11/29;1400 UTC;0;919,7;920,4;919,7;3114,3;31,1;13,1;31,5;29,6;14,2;10,4;38;28;33;343;7,3;2,6;
2021/11/29;1500 UTC;0;919,3;919,7;919,3;3316,5;33,2;14,6;33,2;30,8;15,5;11,5;37;29;33;300;8,1;1,9;
2021/11/29;1600 UTC;0;918,9;919,3;918,9;2410,7;31,1;13,7;33,5;30,6;15,3;11,8;37;30;35;322;9,9;2,9;
2021/11/29;1700 UTC;0;918,5;919;918,5;1917;30,7;13,7;33,2;30,7;16;12,5;39;29;36;303;9;2,3;
2021/11/29;1800 UTC;0;917,9;918,5;917,9;1121,6;31,2;14,1;31,6;29,6;17;12,8;44;33;35;318;7,6;2,2;
2021/11/29;1900 UTC;0;917,6;918;917,6;995,7;30,6;13,5;31,6;30,3;16,4;13,5;43;34;35;294;8,5;2,7;
2021/11/29;2000 UTC;0;917,6;917,7;917,6;637,5;30,2;14,3;30,8;30,1;16,1;13,8;42;35;38;299;8,5;2,6;
2021/11/29;2100 UTC;0;917,7;917,8;917,5;274,8;29,1;14,9;30,2;29,1;15,6;13,8;43;37;42;305;7,7;2;
2021/11/29;2200 UTC;0;918,4;918,4;917,7;81,7;24,8;18,1;29,2;24,5;18,8;14,6;70;41;66;292;8;1,2;
2021/11/29;2300 UTC;0;918,7;918,7;918,4;;24,6;16,9;25;24,4;18,3;16,8;68;62;62;332;5,7;1,5;
2021/11/30;0000 UTC;0;919,3;919,3;918,7;;24,8;17,6;25;24;17,7;16,8;67;60;64;333;4,3;1,6;
2021/11/30;0100 UTC;0;919,5;919,6;919,3;;24,9;18,3;25;24,4;18,5;17,6;68;64;67;328;4,3;1,6;
2021/11/30;0200 UTC;0;919,7;920;919,5;;24,2;18,6;25,1;24,2;18,6;18,2;71;65;71;317;4;,9;
2021/11/30;0300 UTC;0;919,1;919,7;919;;24,6;19;24,8;24,1;19,1;18,6;73;70;71;327;3,7;1,3;
2021/11/30;0400 UTC;,4;920;920;919,1;;22,7;20,8;25,1;22,7;21,1;19,1;89;71;89;315;12,5;3,4;
2021/11/30;0500 UTC;,2;919,2;920;919,2;;21,7;20,1;22,7;21,4;21,5;19,2;96;85;91;309;9;2,3;
2021/11/30;0600 UTC;0;919,1;919,2;918,7;;21,5;18,8;21,7;21,1;21,1;18,6;100;83;84;315;9,3;3,4;
2021/11/30;0700 UTC;0;919,2;919,2;918,9;;21;18,5;21,6;20,9;19,8;18,4;92;83;86;323;9,3;2,9;
2021/11/30;0800 UTC;0;919,5;919,7;919,2;;21;18,7;21,1;20,7;18,9;18,4;88;85;87;332;7,6;1,9;
2021/11/30;0900 UTC;0;920,1;920,1;919,4;20,7;21;18,8;21,1;20,8;19;18,6;89;86;87;313;7,4;2,2;
2021/11/30;1000 UTC;0;920,8;920,8;920,1;284,8;21,4;18,2;21,5;21;19,1;18,2;88;82;82;309;9,2;2,9;
2021/11/30;1100 UTC;0;921,4;921,4;920,7;706,4;22,8;18,2;22,8;21,4;18,8;17,9;83;75;75;298;9,5;2,7;
2021/11/30;1200 UTC;0;921,2;921,6;921,2;1211,2;24,4;18,2;24,4;22,5;19;17,8;78;68;69;314;8,1;2,7;
2021/11/30;1300 UTC;0;921,8;921,8;921,2;1674,5;25,1;18,3;26,2;24,4;19,4;17,3;71;61;66;311;8,1;2,4;
2021/11/30;1400 UTC;0;921,6;921,8;921,6;1266,8;25,9;18,7;26;24,4;19,1;17,7;71;63;64;293;8,3;1,9;
2021/11/30;1500 UTC;,2;920,8;921,6;920,8;1736,9;27,1;18,9;27,3;24,4;20;17,9;71;59;61;287;7,4;1,3;
2021/11/30;1600 UTC;0;919,9;920,8;919,9;3289,8;29,6;18,1;30;27;20,4;17,5;63;48;50;289;8,1;1,7;
2021/11/30;1700 UTC;0;919,3;919,9;919,3;1795;28,4;17;30,2;27,8;18,8;16,6;56;46;50;307;8,1;2,4;
2021/11/30;1800 UTC;0;919,2;919,4;919;1029,4;23,8;16,9;29,3;23,6;18,7;16,3;66;48;65;133;7,5;3,7;
2021/11/30;1900 UTC;0;919;919,2;919;778;22,2;15,3;23,8;22;17,3;15,3;70;64;65;149;7,5;3,3;
2021/11/30;2000 UTC;7,4;920,1;920,4;918,6;84,7;19,4;19,3;22,2;19,4;19,3;15;99;64;99;259;7,9;2,4;
2021/11/30;2100 UTC;4;919,8;920,1;918,9;193,5;18,9;18,9;19,4;18,7;19,3;18,7;100;100;100;30;7,7;1;
2021/11/30;2200 UTC;0;920,8;920,9;919,8;68,4;18,7;18,7;19,2;18,3;19,2;18,3;100;100;100;21;2,5;,8;
2021/11/30;2300 UTC;0;921;921,1;920,8;;19;19;19;18,4;19;18,4;100;100;100;12;2,5;1,1;
2021/12/01;0000 UTC;0;921,1;921,1;921;;19,3;19,3;19,4;18,7;19,3;18,7;100;100;100;343;2,3;1;
2021/12/01;0100 UTC;0;921,6;921,6;921,1;;18,8;18,8;19,4;18,8;19,4;18,8;100;100;100;219;2,1;,3;
2021/12/01;0200 UTC;0;921,9;921,9;921,6;;19;19;19,1;18,7;19,1;18,7;100;100;100;95;1,3;,3;
2021/12/01;0300 UTC;0;921,7;921,9;921,7;;18,9;18,9;19;18,7;19;18,6;100;100;100;152;1,8;,6;
2021/12/01;0400 UTC;0;921,7;921,8;921,7;;19,3;19,3;19,3;18,8;19,3;18,8;100;100;100;170;1,7;,6;
2021/12/01;0500 UTC;0;921,3;921,7;921,3;0;18,9;18,9;19,3;18,9;19,3;18,9;100;100;100;174;1,8;,6;
2021/12/01;0600 UTC;0;921,2;921,3;921,2;1;18,7;18,6;19;18,7;19;18,6;100;100;100;175;2,2;,6;
2021/12/01;0700 UTC;0;921,5;921,5;921;;19;19;19,2;18,5;19,2;18,5;100;99;100;149;1,6;,5;
2021/12/01;0800 UTC;0;921,7;921,7;921,5;;19,2;19,2;19,3;19;19,3;19;100;100;100;151;1,6;,7;
2021/12/01;0900 UTC;0;922,5;922,5;921,8;23,1;19,5;19,5;19,5;19,1;19,5;19,1;100;100;100;103;1,2;,4;
2021/12/01;1000 UTC;0;922,8;922,8;922,5;792,6;22,7;19,6;22,7;19,5;20,4;19;100;80;83;216;2;,9;
2021/12/01;1100 UTC;0;923,3;923,3;922,8;701,6;21,9;19,6;23,3;21;20,3;18,7;95;78;87;167;2;,9;
2021/12/01;1200 UTC;0;923,7;923,7;923,3;1802,2;23;19,3;23,6;21,9;20,5;18,8;88;77;80;161;4,6;2,2;
2021/12/01;1300 UTC;0;923,9;923,9;923,7;2477,9;23,7;19,1;24,3;22,5;20,9;18,9;85;74;76;149;5,7;2,6;
2021/12/01;1400 UTC;0;923,5;923,9;923,5;3357,6;24;19,2;24,8;23,1;20,4;18,8;83;72;74;117;6,8;3,4;
2021/12/01;1500 UTC;0;923,1;923,5;923,1;3908,5;24,2;18,9;24,6;23,6;19,9;18,4;78;70;72;135;6,7;3,4;
2021/12/01;1600 UTC;0;922,8;923,1;922,8;3801,8;23,4;19,3;24,9;23,2;20,6;18,8;82;70;78;115;8,4;3,3;
2021/12/01;1700 UTC;0;922,9;923;922,7;2904,5;21,4;19,6;24,1;21,4;20,4;19;89;76;89;126;9;4,2;
2021/12/01;1800 UTC;0;923;923,1;922,5;625;20,5;19,6;21,5;20,2;20,5;19,1;100;88;94;158;9;4;
2021/12/01;1900 UTC;0;923,1;923,1;922,9;303;19,2;19,2;20,8;19;20,4;19,1;100;92;100;135;8,4;3,3;
2021/12/01;2000 UTC;0;923,1;923,2;923,1;184,9;18,4;18,4;19,2;18,2;19,1;18,2;100;100;100;149;9,1;3,8;
2021/12/01;2100 UTC;0;923,4;923,4;923,1;75,3;18,2;18,2;18,7;17,9;18,7;17,9;100;100;100;125;7,9;2,9;
2021/12/01;2200 UTC;0;923,8;923,8;923,4;12,9;18,3;18,3;18,5;18,2;18,5;18,2;100;100;100;124;6,3;3;
2021/12/01;2300 UTC;0;924,6;924,6;923,8;;18,1;18,1;18,4;17,9;18,4;17,9;100;100;100;125;6,3;2,3;
2021/12/02;0000 UTC;0;925,2;925,2;924,6;;18,2;18,1;18,2;17,9;18,2;17,9;100;100;100;130;5,7;2,6;
2021/12/02;0100 UTC;0;925,6;925,6;925,2;;18,3;18,3;18,3;18,1;18,3;18,1;100;100;100;121;6,9;2,8;
2021/12/02;0200 UTC;0;925,8;925,8;925,6;;18,5;18,5;18,6;18,2;18,6;18,2;100;100;100;133;7,9;2,7;
2021/12/02;0300 UTC;0;925,4;925,8;925,3;;18,5;18,5;18,6;18,4;18,6;18,3;100;99;100;130;5,8;2,6;
2021/12/02;0400 UTC;0;925;925,4;924,9;;18,5;18,4;18,6;18,2;18,5;18,1;100;99;99;126;5,5;1,9;
2021/12/02;0500 UTC;0;924,6;925;924,6;;18,2;18,1;18,6;18,2;18,4;17,8;99;97;99;120;4,6;2,3;
2021/12/02;0600 UTC;0;924,3;924,6;924,3;;17,6;17,6;18,2;17,5;18,1;17,5;100;99;100;160;4,3;1,6;
2021/12/02;0700 UTC;0;924,3;924,4;924,3;;17,5;17,5;17,8;17,5;17,8;17,5;100;100;100;116;4,7;1,3;
2021/12/02;0800 UTC;0;924,5;924,5;924,3;;17,4;17,4;17,6;17,3;17,6;17,3;100;100;100;102;3,2;1,8;
2021/12/02;0900 UTC;0;925;925;924,5;87,3;17,5;17,5;17,5;17;17,5;17;100;100;100;121;3,8;1,6;
2021/12/02;1000 UTC;0;925,9;925,9;925;397,7;17,8;17,8;17,9;17,3;17,9;17,3;100;98;100;115;4,9;1,9;
2021/12/02;1100 UTC;0;926,5;926,5;925,9;300,6;18,5;18,5;18,6;17,8;18,5;17,8;100;100;100;112;4,8;1,2;
2021/12/02;1200 UTC;0;926,2;926,6;926,2;2022,4;21,5;18,2;21,7;18,5;19,5;17,7;100;80;81;114;5,3;2,6;
2021/12/02;1300 UTC;0;925,7;926,6;925,7;1940,1;21,8;17,7;22;20,7;19;17,3;86;77;77;124;5,9;2,6;
2021/12/02;1400 UTC;;;;;;;;;;;;;;;;;;
2021/12/02;1500 UTC;0;924,6;925,1;924,4;3723,8;24,4;17,7;24,9;23,3;18,4;16,3;73;62;66;141;5,7;3,1;
2021/12/02;1600 UTC;0;924,7;924,8;924,5;3441;22,8;18,6;25,2;22,8;19,5;17;79;63;77;137;8,7;3,7;
2021/12/02;1700 UTC;0;924,8;924,8;924,5;2449,1;20,5;18,8;22,9;20,3;19,6;18,2;90;76;90;136;9,4;4,2;
2021/12/02;1800 UTC;0;924,5;924,8;924,5;726,5;19,3;17,8;20,7;19,2;19,5;17,8;100;87;91;149;8,8;4,2;
2021/12/02;1900 UTC;0;924,2;924,5;924,1;894,9;18,9;17,3;20;18,9;18,3;17,2;93;87;91;148;8,5;3,8;
2021/12/02;2000 UTC;0;923,9;924,2;923,8;257,6;18;17,9;19,1;18;18,4;17,4;100;91;100;145;8,4;4;
2021/12/02;2100 UTC;0;924,2;924,2;923,8;106,8;17,7;17,7;18;17,7;18;17,7;100;100;100;131;7,9;2,8;
2021/12/02;2200 UTC;0;924,7;924,7;924,2;17,1;17,4;17,4;17,7;17,2;17,6;17,2;100;100;100;125;6,7;2,7;
2021/12/02;2300 UTC;0;925,3;925,3;924,7;;17,6;17,6;17,7;17,3;17,7;17,3;100;100;100;135;7,3;2,7;
2021/12/03;0000 UTC;,4;925,9;926;925,3;;17,6;17,6;17,7;17,5;17,7;17,5;100;100;100;124;5,8;2,2;
2021/12/03;0100 UTC;0;926,4;926,4;925,9;;17,3;17,3;17,7;17,3;17,7;17,3;100;100;100;127;7,6;3;
2021/12/03;0200 UTC;0;926,4;926,5;926,4;;17,5;17,5;17,5;17,3;17,5;17,3;100;100;100;132;7,6;2,5;
2021/12/03;0300 UTC;0;925,7;926,4;925,7;;17,2;17,2;17,5;17,1;17,4;17,1;100;100;100;134;6,3;2,4;
2021/12/03;0400 UTC;0;924,6;925,7;924,6;;16,8;16,8;17,3;16,8;17,3;16,8;100;100;100;114;6,5;3,3;
2021/12/03;0500 UTC;0;924,2;924,7;924,1;;16,5;16,5;16,8;16,5;16,8;16,5;100;100;100;123;6,8;2,8;
2021/12/03;0600 UTC;0;924,2;924,2;924;;16,6;16,6;16,8;16,4;16,8;16,4;100;100;100;116;7,4;3,1;
2021/12/03;0700 UTC;0;924,2;924,2;924,1;;16,4;16,4;16,7;16,4;16,7;16,4;100;100;100;137;6,9;2,8;
2021/12/03;0800 UTC;0;924,7;924,7;924,2;;16,6;16,6;16,7;16,4;16,7;16,4;100;100;100;127;6,5;2,3;
2021/12/03;0900 UTC;0;925,2;925,2;924,7;30,1;16,8;16,8;17;16,6;17;16,6;100;100;100;151;9,4;3,7;
2021/12/03;1000 UTC;0;926,1;926,1;925,2;151,8;17,3;17,3;17,4;16,7;17,4;16,7;100;100;100;135;8,1;2,3;
2021/12/03;1100 UTC;0;926,7;926,7;926,1;321;17,3;17,3;17,6;17,2;17,5;17,2;100;100;100;120;6,6;3,1;
2021/12/03;1200 UTC;0;927,2;927,2;926,7;781,7;18,7;17,1;18,7;17,2;18;16,5;100;90;91;129;6,6;2,9;
2021/12/03;1300 UTC;0;927,3;927,3;927,2;1423,5;19,4;16,7;19,9;18,4;17,9;16,4;92;83;84;134;6,6;2,3;
2021/12/03;1400 UTC;0;927;927,3;927;2937,7;20,9;17,1;21,3;19,4;18,3;16,4;88;77;79;120;7,5;3,9;
2021/12/03;1500 UTC;0;926,6;927,1;926,6;2226,7;19,3;17;21,5;19,2;18,2;16,6;87;77;87;118;8,2;3,4;
2021/12/03;1600 UTC;,2;926,3;926,6;926,3;1843,7;20,1;17,3;20,7;19,1;18;16,6;88;81;84;121;7,7;3,3;
2021/12/03;1700 UTC;0;925,9;926,3;925,9;2377,8;19,8;17,5;21,5;19,5;18,7;16,6;87;77;87;150;8,5;3,8;
2021/12/03;1800 UTC;0;926;926;925,8;794,2;18,5;17,6;20,3;18,5;18,3;16,9;97;83;94;152;8,1;3,7;
2021/12/03;1900 UTC;0;925,7;926;925,7;316;18,4;18,4;18,7;18,1;18,7;17,5;100;94;100;122;8,1;2,7;
2021/12/03;2000 UTC;0;925,7;925,7;925,6;240,9;17,9;17,5;18,4;17,8;18,3;17,5;100;98;98;153;8,3;4,4;
2021/12/03;2100 UTC;0;926;926;925,6;169,3;17,5;16,8;18,1;17,4;17,6;16,6;98;95;96;156;9,1;4,3;
2021/12/03;2200 UTC;0;926,5;926,5;926;24,5;17,3;17,1;17,6;17,2;17,5;16,9;100;96;99;144;8,4;2,8;
2021/12/03;2300 UTC;0;927,3;927,3;926,4;;17,1;17,1;17,3;17;17,1;17;100;99;100;124;9,1;3,3;
2021/12/04;0000 UTC;0;928;928;927,3;;17,2;16,8;17,3;17;17,2;16,6;100;97;98;135;8,7;3,3;
2021/12/04;0100 UTC;0;928,5;928,5;928;;17,2;16,8;17,4;17,2;17;16,4;98;94;98;131;7,6;3,3;
2021/12/04;0200 UTC;0;928,5;928,6;928,5;;16,9;16,9;17,3;16,9;17,2;16,9;100;98;100;121;8,4;3,7;
2021/12/04;0300 UTC;0;928,2;928,5;928,1;;16,8;15,9;17;16,7;17;15,8;100;94;94;129;8,4;4,1;
2021/12/04;0400 UTC;0;927,7;928,2;927,7;;16,7;14,9;17;16,6;16,2;14,9;95;89;89;115;8;3,4;
2021/12/04;0500 UTC;0;927,4;927,7;927,3;;16,5;15,1;16,9;16,5;15,5;14,9;92;89;92;114;7,6;2,4;
2021/12/04;0600 UTC;0;927,5;927,5;927,3;;16,8;15,2;16,8;16,4;15,9;15;97;90;90;127;5,8;2,4;
2021/12/04;0700 UTC;0;927,6;927,6;927,3;;16,7;15,2;16,9;16,7;15,9;15,1;94;90;91;114;5;2,5;
2021/12/04;0800 UTC;0;927,9;927,9;927,5;;16,6;16,2;16,7;16,6;16,5;15,2;99;91;98;112;4,8;1,7;
2021/12/04;0900 UTC;0;928,4;928,4;927,9;58,2;16,7;16;16,7;16,6;16,7;16;100;96;96;115;4,7;2,1;
2021/12/04;1000 UTC;0;928,9;928,9;928,3;785,1;18,3;15,7;18,5;16,6;16,3;15,2;98;83;85;120;5;2,4;
2021/12/04;1100 UTC;0;929,3;929,4;928,9;1573,4;19,2;15;20;18,3;16;14,4;85;74;77;122;4;2,1;
2021/12/04;1200 UTC;0;929,3;929,4;929,3;2022,8;20,5;15,3;20,8;19,2;16,1;14,6;77;70;72;129;4,8;2,1;
2021/12/04;1300 UTC;0;929,5;929,5;929,3;2219,4;21,5;16,1;22;20,2;16,2;14,9;76;68;71;151;5,9;2,4;
2021/12/04;1400 UTC;0;929,3;929,5;929,3;3054,7;22;16;22,9;21,3;17,2;15,2;73;65;69;139;6,2;3,1;
2021/12/04;1500 UTC;0;929,1;929,3;929,1;3308;22,6;16,5;23;21,1;17,7;15,7;75;67;68;133;8;3,3;
2021/12/04;1600 UTC;0;928,6;929,1;928,6;3859,5;22,4;17,7;23,2;21,9;17,9;16;76;66;75;150;7,6;3,8;
2021/12/04;1700 UTC;0;928,4;928,6;928,3;3621,7;22,1;17,7;22,7;21,4;17,9;16,3;78;69;76;137;9,6;4,2;
2021/12/04;1800 UTC;0;928,2;928,4;928,1;2134,6;20,3;17,5;22,1;20,2;18,3;17;84;74;84;144;9,6;3,9;
2021/12/04;1900 UTC;0;927,9;928,2;927,8;1022,1;19,4;17,3;20,3;19,3;18,1;17,1;88;83;88;133;8,3;3,5;
2021/12/04;2000 UTC;0;928;928;927,8;399,7;19;17,1;19,5;19;17,4;16,8;90;86;89;147;9,4;3,5;
2021/12/04;2100 UTC;0;928,3;928,3;927,9;126,2;18,3;18,1;19;18,3;18,3;17,1;99;89;99;152;8;4,1;
2021/12/04;2200 UTC;0;928,9;928,9;928,3;11,6;18,2;18,2;18,5;18,2;18,4;17,7;100;96;100;134;8;2,6;
2021/12/04;2300 UTC;0;929,3;929,3;928,8;;18,1;18,1;18,2;18;18,2;18;100;100;100;135;6,3;3,2;
2021/12/05;0000 UTC;0;929,8;929,8;929,2;;18;18;18,2;17,8;18,2;17,8;100;100;100;125;6,3;2,3;
2021/12/05;0100 UTC;0;930,4;930,4;929,8;;18,3;18,1;18,3;17,9;18,2;17,9;100;99;99;134;5,1;2;
2021/12/05;0200 UTC;0;930,2;930,4;930,2;;18,2;18,1;18,3;18,2;18,3;17,8;100;97;99;130;4,7;1,9;
2021/12/05;0300 UTC;0;929,8;930,2;929,8;;17,9;17,7;18,2;17,8;18,1;17,2;99;95;99;113;4,3;1,7;
2021/12/05;0400 UTC;0;929,5;929,8;929,4;;18,1;17,1;18,1;17,8;17,7;16,9;99;93;94;127;4;1,5;
2021/12/05;0500 UTC;0;928,7;929,5;928,7;;17,4;17,2;18,1;17,4;17,4;16,8;99;93;98;161;3,3;1,2;
2021/12/05;0600 UTC;0;928,5;928,7;928,4;;17,2;17,2;17,4;16,9;17,2;16,9;100;98;100;161;3,3;1,9;
2021/12/05;0700 UTC;0;928,5;928,5;928,3;;17,2;17,2;17,4;17,2;17,3;17,2;100;100;100;156;4,8;1,7;
2021/12/05;0800 UTC;0;928,7;928,8;928,5;;17,5;17,5;17,6;17,2;17,6;17,2;100;100;100;116;3;1,7;
2021/12/05;0900 UTC;0;929;929;928,7;17,7;17,8;17,7;17,8;17,5;17,7;17,5;100;100;100;151;4;1,9;
2021/12/05;1000 UTC;0;929,3;929,4;929;185,9;18,5;17,8;18,5;17,7;18;17,1;100;93;96;133;3,9;1,5;
2021/12/05;1100 UTC;0;929,4;929,5;929,2;525,9;19,5;16,7;19,6;18,4;17,8;16,6;96;84;84;136;3,2;1,7;
2021/12/05;1200 UTC;0;929,4;929,6;929,4;1051,3;20,5;16,5;20,5;19,5;17,2;16,3;85;78;78;149;3,7;1,3;
2021/12/05;1300 UTC;0;929,3;929,5;929,3;2687,9;22,1;16,8;22,6;20,5;17,8;16,4;81;70;72;161;4,6;2,1;
2021/12/05;1400 UTC;0;928,8;929,3;928,8;3622,1;24,3;17,5;24,9;22,2;18,3;15,9;74;60;66;128;4,1;1,6;
2021/12/05;1500 UTC;0;928,1;928,8;928,1;3763,1;24,7;15,9;25,5;24,2;17,8;15,2;65;55;58;135;4,7;2,3;
2021/12/05;1600 UTC;0;927,4;928,1;927,4;2680,6;26;16;26;24,7;17,4;15,3;61;54;54;154;5;2;
2021/12/05;1700 UTC;0;926,9;927,4;926,8;2833,2;24,4;18,8;26;23,6;20;15,7;76;53;71;134;9,5;3,9;
2021/12/05;1800 UTC;0;926,6;927;926,6;3046,9;23,2;18,6;24,4;23;19,5;17,7;79;68;76;153;9,5;3,9;
2021/12/05;1900 UTC;0;926,2;926,6;926,1;2288,3;23,2;17,7;24,2;22,6;19,1;17,1;78;67;71;157;8,5;4;
2021/12/05;2000 UTC;0;926,1;926,3;926,1;1151,3;21,4;18;23,6;21,4;18,4;16,9;81;68;81;148;8,7;3,2;
2021/12/05;2100 UTC;0;926,3;926,4;926,1;356,3;20,2;17,5;21,5;20,2;18;17,3;85;78;85;148;7,8;2,9;
2021/12/05;2200 UTC;0;927;927;926,2;45,3;19,4;17,3;20,2;19,4;17,9;17,1;89;84;88;132;6,3;2,8;
2021/12/05;2300 UTC;0;927,4;927,4;926,9;;18,8;17,3;19,4;18,7;17,4;16,8;91;87;90;123;6,7;2,3;
2021/12/06;0000 UTC;0;928;928;927,4;;18,3;17,8;18,8;18,3;18;17;98;90;97;123;5,2;1,7;
2021/12/06;0100 UTC;0;928,6;928,6;928;;18;18;18,5;17,9;18;17,7;100;96;100;116;3,4;1;
2021/12/06;0200 UTC;0;928,4;928,8;928,4;;18,1;17,4;18,2;18;18,1;17,1;100;93;96;121;3;1;
2021/12/06;0300 UTC;0;927,8;928,4;927,8;;18,1;17,8;18,4;18;18,1;17,4;100;96;98;191;3,1;1,2;
2021/12/06;0400 UTC;0;927,6;927,8;927,4;;18;17,1;18,2;18;17,8;17,1;98;94;94;198;2,8;,9;
2021/12/06;0500 UTC;0;926,9;927,6;926,9;;17,9;17;18,1;17,9;17,7;16,6;99;91;95;158;4,4;2,2;
2021/12/06;0600 UTC;0;925,7;926,9;925,7;;17,9;17,8;18;17,8;18;17;100;95;100;76;3,8;1,3;
2021/12/06;0700 UTC;0;925,9;926;925,5;;17,6;17,6;18,1;17,6;18,1;17,6;100;100;100;35;3,3;,6;
2021/12/06;0800 UTC;0;926,3;926,3;925,8;;17,7;17,7;17,8;17,5;17,8;17,5;100;100;100;274;1,4;,5;
2021/12/06;0900 UTC;0;926,3;926,3;926,1;44,1;17,8;17,8;17,8;17,5;17,8;17,5;100;100;100;307;1,4;,4;
2021/12/06;1000 UTC;0;927;927;926,3;242,9;19;18,6;19,1;17,8;19,1;17,8;100;97;97;262;2;,4;
2021/12/06;1100 UTC;0;927,4;927,5;927;663,9;19,7;17,8;20,1;19;18,8;17,6;97;88;88;162;3,9;2,3;
2021/12/06;1200 UTC;0;927,4;927,6;927;1471,1;21,6;17,8;21,6;19,6;18,4;16,9;91;79;79;125;6,8;2,4;
2021/12/06;1300 UTC;0;927,4;927,5;927,2;2500,9;22,5;16,1;22,6;20,6;18,1;15,9;82;67;67;149;6,4;2,7;
2021/12/06;1400 UTC;0;927,4;927,4;927,2;3748,5;24;16,3;24,1;22,3;17,4;15,3;71;60;62;117;6,9;2,9;
2021/12/06;1500 UTC;0;927;927,5;927;2471,3;23,4;15,8;24,4;22,6;17,9;15,8;72;62;62;125;6,4;2,3;
2021/12/06;1600 UTC;0;926,2;927;926,2;2687,9;23,7;17,9;24,6;22,9;18,7;15,7;74;60;70;135;8,7;3,6;
2021/12/06;1700 UTC;0;926,2;926,4;926,1;3549,6;22,5;17,6;23,7;21,6;18,9;16,8;79;70;74;138;10,2;4,4;
2021/12/06;1800 UTC;0;926;926,4;925,8;2552,8;21,2;17,6;22,8;20,8;18,5;16,6;80;72;80;130;8,8;3,7;
2021/12/06;1900 UTC;0;925,9;926,2;925,8;1013;20,5;17,2;21,7;20,3;18,1;16,6;85;74;81;144;9;4;
2021/12/06;2000 UTC;0;926;926;925,7;578,2;19,8;17;20,5;19,8;17,2;16,5;85;80;84;126;9,2;3,7;
2021/12/06;2100 UTC;0;926,4;926,4;925,9;222,4;19,2;16,6;20;19,1;17,3;16,5;86;83;85;137;9,1;3,5;
2021/12/06;2200 UTC;0;926,4;926,4;926,3;67,2;18,6;16,8;19,3;18,6;16,9;16,5;89;84;89;147;8;3,6;
2021/12/06;2300 UTC;0;927,1;927,1;926,5;;17,9;17,9;18,7;17,9;18,2;16,7;100;89;100;123;7,9;3,1;
2021/12/07;0000 UTC;0;927,6;927,6;927,1;;17,9;17,9;18;17,8;18;17,6;100;99;100;126;7,5;2,9;
2021/12/07;0100 UTC;0;928,1;928,1;927,5;;17,5;16,8;18;17,5;18;16,6;100;93;96;149;7,3;3,4;
2021/12/07;0200 UTC;0;928,2;928,3;928;;17,6;16,5;17,8;17,5;17;16,2;96;91;93;149;7,3;1,5;
2021/12/07;0300 UTC;0;927,3;928,2;927,3;;17,7;16,6;17,7;17,5;17,2;16,2;97;91;94;133;4,1;1,5;
2021/12/07;0400 UTC;0;926,4;927,3;926,4;;17,5;17,4;17,8;17,4;17,6;16,8;100;94;99;118;5,8;2,7;
2021/12/07;0500 UTC;0;925,9;926,4;925,9;;17,4;17,4;17,6;17,3;17,6;16,7;100;96;100;123;5,8;1,8;
2021/12/07;0600 UTC;0;925,6;925,9;925,6;;17,4;17,4;17,5;17,2;17,5;17,2;100;100;100;113;7,5;2,3;
2021/12/07;0700 UTC;0;925,7;925,8;925,5;;16,9;16,9;17,6;16,9;17,5;16,6;100;96;100;134;6,3;3,1;
2021/12/07;0800 UTC;0;925,9;926;925,6;;17;17;17,3;16,8;17,2;16,8;100;100;100;137;6,9;2,9;
2021/12/07;0900 UTC;,6;926,5;926,5;925,9;7,8;16,9;16,9;17,3;16,8;17,2;16,8;100;99;100;128;8,1;3,2;
2021/12/07;1000 UTC;0;927,4;927,4;926,5;118,2;17;16,9;17,1;16,8;17;16,8;100;100;100;137;8,1;3;
2021/12/07;1100 UTC;1,2;927,9;927,9;927,3;219,6;17;17;17,1;16,6;17;16,6;100;99;100;138;8;3,1;
2021/12/07;1200 UTC;1,2;928,3;928,4;927,9;262,1;16,3;16,3;17,3;16,2;17,3;16,2;100;100;100;129;8,2;3,6;
2021/12/07;1300 UTC;3,8;928,7;928,8;928,4;132,3;16,2;16,2;16,5;15,6;16,5;15,7;100;100;100;126;7,5;2,5;
2021/12/07;1400 UTC;4;928,9;928,9;928,7;270,7;16,5;16,5;16,5;16;16,5;16;100;100;100;151;6,2;3,2;
2021/12/07;1500 UTC;3,4;928,6;929,1;928,6;193,9;15,6;15,6;16,5;15,2;16,3;15,2;100;100;100;166;7,5;3,5;
2021/12/07;1600 UTC;1,2;928,4;928,7;928,4;862,9;17;16,9;17,2;15,6;17,2;15,6;100;100;100;148;8,1;3,6;
2021/12/07;1700 UTC;,2;928;928,4;928;1623,3;16,9;15,9;17,5;16,5;17,5;15,9;100;94;94;157;10,6;4,7;
2021/12/07;1800 UTC;,6;927,9;928,1;927,9;754,3;15,7;15,7;17,1;15,6;16,5;15,5;100;92;100;158;9,4;4;
2021/12/07;1900 UTC;0;927,8;927,9;927,5;824,2;15,6;15,2;16,4;15,5;16,3;14,2;100;88;98;149;10,7;4,3;
2021/12/07;2000 UTC;0;927,7;927,8;927,6;951,4;16,4;13,3;16,9;15,5;16,1;12,8;99;79;82;155;9,7;4,7;
2021/12/07;2100 UTC;0;927,9;927,9;927,6;589,7;16,4;13,8;16,8;16,1;14,2;13,2;87;81;85;156;9,5;3,1;
2021/12/07;2200 UTC;0;928,2;928,2;927,9;133,1;15,6;13,8;16,4;15,5;13,9;13,2;90;83;89;158;9,1;2,9;
2021/12/07;2300 UTC;0;928,4;928,4;928,2;;15,3;13,8;15,7;15,3;14;13,7;92;89;91;146;7,6;3,7;
2021/12/08;0000 UTC;0;928,4;928,5;928,3;;15,4;15,1;15,5;15,2;15,1;12,9;98;85;98;148;7,3;4;
2021/12/08;0100 UTC;0;928,7;928,7;928,3;;15,7;14,4;15,8;15,4;15,4;14,3;98;91;92;152;9,6;4,6;
2021/12/08;0200 UTC;0;928,2;928,7;928,2;;15,6;14,4;15,8;15,5;15,5;14,1;100;90;93;146;10,2;4,7;
2021/12/08;0300 UTC;0;927,9;928,3;927,9;;15,6;14,8;15,9;15,6;15,4;14,1;98;90;95;134;10,2;3,6;
2021/12/08;0400 UTC;,2;927,1;927,9;927,1;;15,4;14,7;15,7;15,4;15,4;14;99;91;96;124;8,5;3,1;
2021/12/08;0500 UTC;0;926,3;927,1;926,3;;15,7;15,3;15,7;15,4;15,6;14,4;100;94;98;130;7,7;3,8;
2021/12/08;0600 UTC;0;926,1;926,4;926,1;;15,3;15,1;15,8;15,3;15,4;14,5;99;94;99;154;9,4;4;
2021/12/08;0700 UTC;0;926,2;926,2;926;;15,3;15;15,4;15,2;15,3;15;100;98;98;149;10,3;4;
2021/12/08;0800 UTC;0;926,6;926,6;926,2;;15;15;15,3;15;15,2;14,7;100;97;100;149;9,8;3,1;
2021/12/08;0900 UTC;,2;927,3;927,3;926,6;25,7;14,6;14,6;15,1;14,5;15,1;14,5;100;99;100;154;7,6;3,3;
2021/12/08;1000 UTC;0;927,8;927,8;927,3;281,9;15,4;15,3;15,7;14,5;15,7;14,5;100;99;99;149;6,9;2,8;
2021/12/08;1100 UTC;0;928,2;928,2;927,8;669,6;15,5;15,5;16;15,3;15,8;14,9;100;95;100;164;7,6;2,6;
2021/12/08;1200 UTC;0;928,4;928,6;928,2;1676;17,7;14,4;17,9;15,4;15,9;14,2;100;81;81;117;7,8;3,7;
2021/12/08;1300 UTC;0;928,4;928,5;928,4;2987,8;18,9;14,5;19;17,5;15,2;13,7;84;73;76;118;8,9;4;
2021/12/08;1400 UTC;0;928,4;928,4;928,3;2240,8;17,6;14,5;19,7;17,6;15,6;13,2;82;69;82;149;8;3,2;
2021/12/08;1500 UTC;0;928,2;928,4;928,2;2197,4;18,4;14,8;20,1;17,2;16,7;14,4;91;74;80;141;7,4;3,5;
2021/12/08;1600 UTC;,2;927,8;928,2;927,8;1728,9;18,6;14,9;18,9;16,8;15,8;13,9;92;77;79;139;9,2;3,5;
2021/12/08;1700 UTC;0;927,4;927,8;927,4;1342;17,8;13,9;18,7;17,2;15,2;13,8;86;76;78;156;8,3;4,4;
2021/12/08;1800 UTC;0;927,6;927,6;927,3;1304,9;17;12,6;18,8;17;14,9;12,6;81;73;76;138;8,3;4;
2021/12/08;1900 UTC;0;927,1;927,6;927,1;1392,3;17,9;13,7;18,5;17;15,4;12,2;86;73;76;154;8,1;3,4;
2021/12/08;2000 UTC;0;927,4;927,4;927;723;15,9;15,9;18,3;15,8;16;13,1;100;75;100;164;9,1;3,2;
2021/12/08;2100 UTC;0;927,8;927,8;927,3;410,9;16,2;14;16,6;15,7;16,1;13,8;100;86;87;150;8,1;2,9;
2021/12/08;2200 UTC;0;928,2;928,2;927,8;59,4;15,8;14,2;16,3;15,5;14,3;13,4;91;86;90;163;7,9;1,9;
2021/12/08;2300 UTC;0;928,4;928,4;928,2;;15,6;15,1;15,9;15,6;15,2;14,2;97;90;97;149;6,3;3,1;
2021/12/09;0000 UTC;0;928,6;928,6;928,4;;15,6;15,6;15,8;15,5;15,6;14,6;100;93;100;154;7,8;2,9;
2021/12/09;0100 UTC;,6;928,8;928,9;928,6;;15;15;15,6;14,9;15,5;14,9;100;100;100;165;7,8;2,7;
2021/12/09;0200 UTC;,2;928,6;928,9;928,6;;14,6;14,5;15,2;14,6;15,2;14,5;100;100;100;161;7;3;
2021/12/09;0300 UTC;0;927,9;928,6;927,9;;14,8;14,8;14,9;14,5;14,9;14,5;100;100;100;141;6,7;1,5;
2021/12/09;0400 UTC;0;927,4;928;927,4;;14,8;14,8;14,8;14,5;14,8;14,5;100;100;100;141;5,1;2,3;
2021/12/09;0500 UTC;0;927,1;927,4;927,1;;14,7;14,7;14,9;14,7;14,9;14,5;100;98;100;164;6;2,3;
2021/12/09;0600 UTC;0;926,7;927,1;926,6;;14,3;14,3;14,8;14,3;14,8;14,3;100;99;100;167;4,6;2;
2021/12/09;0700 UTC;0;926,7;926,9;926,6;;14,5;14,5;14,5;14,3;14,5;14,3;100;100;100;166;4,4;1,6;
2021/12/09;0800 UTC;0;927;927;926,7;;14,2;14,1;14,5;14,1;14,5;14,1;100;100;100;204;3,5;,9;
2021/12/09;0900 UTC;0;927,2;927,2;927;64,6;14,4;14,4;14,5;14,2;14,4;14,2;100;100;100;178;3,3;1,3;
2021/12/09;1000 UTC;0;927,6;927,6;927,2;395,3;15,7;13,7;15,8;14,4;15;13,7;100;88;88;141;3,4;1,7;
2021/12/09;1100 UTC;0;927,9;927,9;927,6;626,6;16,4;13,4;16,7;15,6;14,2;12,8;89;82;82;139;5,4;1,8;
2021/12/09;1200 UTC;0;928,1;928,1;927,9;935,9;16,9;13,9;17,1;16,1;14,5;13,1;84;80;83;141;5,1;1,4;
2021/12/09;1300 UTC;0;928,1;928,2;928;814,3;16,8;12,7;17,1;15,7;14;12,7;87;77;77;144;5,5;1,8;
2021/12/09;1400 UTC;0;927,9;928,1;927,9;2260,8;19,4;13,2;19,6;16,7;14,4;12,4;79;67;68;142;6,1;2,8;
2021/12/09;1500 UTC;0;927,3;927,9;927,3;3478,3;20,4;13,7;20,4;18,6;14,3;12;72;62;65;131;6,1;2,7;
2021/12/09;1600 UTC;0;927;927,3;927;2442,5;20,7;13,3;21,4;19;15,6;11,9;71;60;62;143;5,9;3,1;
2021/12/09;1700 UTC;0;926,6;927;926,5;4075,6;20,6;14,3;21,7;19,8;14,5;12,4;68;58;67;154;8,2;4,3;
2021/12/09;1800 UTC;0;926;926,6;926;3303,8;20,8;13,6;21,5;20,1;14,7;12,8;69;60;63;119;8,2;3,5;
2021/12/09;1900 UTC;0;925,6;926,1;925,6;1826;19,9;12,8;21,2;19,9;14,8;12,6;69;60;64;147;7,7;2,7;
2021/12/09;2000 UTC;0;925,8;925,8;925,6;1134,7;20,1;13,3;20,6;19,3;14,3;12,7;70;63;65;164;8,1;3;
2021/12/09;2100 UTC;0;925,9;925,9;925,8;628,1;18;12,1;20,1;18;13,5;12,1;72;64;69;150;8,1;3,1;
2021/12/09;2200 UTC;0;926,1;926,1;925,9;62,9;16,7;13,4;18;16,7;13,4;12,1;81;69;81;163;6,7;3,2;
2021/12/09;2300 UTC;0;926,8;926,8;926,1;;16,4;14,1;16,6;16,4;14,1;13,4;86;81;86;156;6,3;2,6;
2021/12/10;0000 UTC;0;927,1;927,1;926,7;;16,2;14,1;16,4;16;14,4;13,9;89;86;87;150;5,2;2,7;
2021/12/10;0100 UTC;0;927,4;927,4;927,1;;15,7;14,3;16,2;15,6;14,3;14;91;87;91;146;5,1;2,6;
2021/12/10;0200 UTC;0;927,3;927,6;927,2;;15,4;15;15,7;15,4;15,1;14,3;98;91;98;167;4,8;1,3;
2021/12/10;0300 UTC;0;926,9;927,3;926,9;;15;15;15,4;14,8;15;14,8;100;97;100;192;3,1;,9;
2021/12/10;0400 UTC;0;926,1;926,9;926,1;;15,2;15,2;15,2;15;15,2;15;100;100;100;207;2,1;,9;
2021/12/10;0500 UTC;0;925,6;926,1;925,6;;14,7;14,7;15,2;14,7;15,1;14,5;100;97;99;128;2,2;,3;
2021/12/10;0600 UTC;0;925,4;925,6;925,4;;14,3;14,3;14,8;14,3;14,8;14,3;100;100;100;222;1,4;,5;
2021/12/10;0700 UTC;0;925,2;925,4;925,2;;13,8;13,8;14,5;13,8;14,5;13,8;100;100;100;111;1,5;,6;
2021/12/10;0800 UTC;0;925,2;925,2;925,1;;13,6;13,6;13,9;13,4;13,9;13,4;100;100;100;201;2,1;1,1;
2021/12/10;0900 UTC;0;925,7;925,7;925,2;46,7;13,8;13,8;14,2;13,3;14,2;13,3;100;100;100;186;2,4;,7;
2021/12/10;1000 UTC;0;926,2;926,2;925,7;226,5;14,8;14,8;14,8;13,8;14,8;13,8;100;100;100;180;1,4;,6;
2021/12/10;1100 UTC;0;926,5;926,5;926,1;1049,8;17,9;14,1;18,1;14,8;14,9;13;100;75;78;131;4,4;1,7;
2021/12/10;1200 UTC;0;926,6;926,6;926,4;1838,2;19,1;13,5;19,3;17,3;14,5;12,6;79;69;70;112;4,3;1,9;
2021/12/10;1300 UTC;0;926,4;926,6;926,4;3398,2;20,6;13,1;20,6;18,9;14,4;12;71;59;62;99;4,4;2;
2021/12/10;1400 UTC;0;926,1;926,4;926,1;3749,6;21;10,4;22,2;20,4;13,6;10,2;64;50;51;119;5;2,7;
2021/12/10;1500 UTC;0;925,5;926,1;925,5;3881,1;21,8;11,9;22,8;20,9;12,5;10,2;57;46;53;100;5;2,3;
2021/12/10;1600 UTC;0;924,9;925,5;924,9;3378,5;23,5;12,5;23,6;21,6;13,9;10,4;56;47;50;138;5;2,5;
2021/12/10;1700 UTC;0;924,3;924,9;924,2;3468,5;23,3;13,6;23,5;22,1;15,3;12;63;48;55;141;7,3;3,2;
2021/12/10;1800 UTC;0;923,9;924,3;923,8;3287,7;22,3;14,1;23,9;22,3;15,4;12,7;61;52;60;171;7,3;3,7;
2021/12/10;1900 UTC;0;923,5;923,9;923,4;2604,5;22;14,9;22,8;21,5;15,7;14;67;59;64;163;7,9;3,8;
2021/12/10;2000 UTC;0;923,2;923,5;923,1;1594,9;21,9;14;22,3;21,3;15,3;13,6;67;59;61;145;7,2;2,6;
2021/12/10;2100 UTC;0;923,1;923,2;923,1;486,3;20,2;15,4;21,9;20,2;15,4;14,1;74;61;74;146;5,8;3;
2021/12/10;2200 UTC;0;923,5;923,6;923,1;62,5;18,3;15,3;20,2;18,3;15,6;15,1;83;73;83;108;5,8;1,9;
2021/12/10;2300 UTC;0;923,8;923,8;923,5;;17,1;15,6;18,3;17;15,8;15,2;93;83;91;89;3,7;1,6;
2021/12/11;0000 UTC;0;923,9;923,9;923,7;;16,1;16,1;17,1;16,1;16,4;15,3;100;90;100;145;2,9;,5;
2021/12/11;0100 UTC;0;924;924,1;923,9;;16,1;16,1;16,4;15,7;16,4;15,7;100;100;100;119;1,6;1,1;
2021/12/11;0200 UTC;0;924;924,1;923,9;;16;16;16,2;15,8;16,2;15,8;100;100;100;121;1,7;,9;
2021/12/11;0300 UTC;0;923,6;924;923,6;;15,8;15,8;16;15,4;16;15,4;100;100;100;109;1,8;,9;
2021/12/11;0400 UTC;0;922,6;923,6;922,6;;15,8;15,6;15,8;15,5;15,8;15,5;100;99;99;42;3,5;1,2;
2021/12/11;0500 UTC;0;922,5;922,7;922,5;;16,4;14,1;16,5;15,8;15,8;14,1;99;86;86;15;3,9;1,6;
2021/12/11;0600 UTC;0;922,3;922,6;922,2;;16,1;14;16,5;16;14;13,8;88;85;87;38;3,9;,8;
2021/12/11;0700 UTC;0;922,3;922,3;922,1;;15,7;14,5;16,1;15,6;14,5;13,9;93;87;93;27;2,9;,7;
2021/12/11;0800 UTC;0;922,4;922,4;922,2;;16;13,7;16,1;15,4;14,6;13,7;95;86;86;20;1,7;,6;
2021/12/11;0900 UTC;0;922,8;922,8;922,3;60,4;15,9;13,9;16,1;15,5;14,1;13,5;91;85;88;310;1,5;,8;
2021/12/11;1000 UTC;0;923,4;923,5;922,8;729,4;18,8;13,8;19,2;15,9;14,5;13,7;88;71;73;38;3,4;1,3;
2021/12/11;1100 UTC;,2;923,8;923,8;923,4;1642,4;21,5;14,3;21,5;18,8;15,2;13,2;76;62;64;79;3,7;1,4;
2021/12/11;1200 UTC;0;923,8;923,9;923,7;2461,6;23,4;12,8;23,6;21,3;14,7;12,3;64;50;51;20;3,5;1;
2021/12/11;1300 UTC;0;923,8;924;923,8;3127;24,6;13;24,9;23;14,6;11,4;55;45;48;122;3,7;1,3;
2021/12/11;1400 UTC;0;923,1;923,8;923,1;3644,5;26,9;10,8;27;24,6;14,4;8,8;52;32;37;102;4,2;1,5;
2021/12/11;1500 UTC;0;922,4;923,1;922,4;3737,8;29;10,1;29;26,3;11,8;5,2;40;23;31;302;4,3;1;
2021/12/11;1600 UTC;0;921,9;922,4;921,9;3863,4;29,8;3,4;30,4;28,2;9,9;2;32;17;19;289;5,3;1,1;
2021/12/11;1700 UTC;0;921,1;921,9;921,1;3684,6;32;5;32;29,7;6,4;1,1;23;14;18;302;7,8;2,3;
2021/12/11;1800 UTC;0;920,4;921,1;920,4;3192,8;32,6;1,7;32,6;31;5,2;-,5;20;12;14;299;7,3;1,7;
2021/12/11;1900 UTC;0;919,9;920,4;919,8;2492,5;32,2;1,8;32,7;31,3;4,6;-1,2;18;12;14;289;7,8;1,7;
2021/12/11;2000 UTC;0;920,1;920,2;919,8;1690,8;25,6;11,3;32,3;25,5;13,2;1,5;45;14;41;144;8,9;3,9;
2021/12/11;2100 UTC;0;920,4;920,4;920,1;601,5;24,3;10,8;25,7;24,3;11,3;9;43;36;43;147;7,8;3,1;
2021/12/11;2200 UTC;0;920,6;920,6;920,4;61,8;22,8;11,2;24,3;22,8;11,7;10,3;48;41;48;149;6,6;2,3;
2021/12/11;2300 UTC;0;920,8;920,8;920,5;;21;12,6;22,8;21;12,6;11,2;59;48;59;139;4,3;,9;
2021/12/12;0000 UTC;0;921,1;921,1;920,7;;20,2;12,9;21,2;19,9;13,6;12,6;66;58;63;125;1,8;,8;
2021/12/12;0100 UTC;0;921,5;921,5;921,1;;19,4;13,5;20,4;19,4;15,1;12,7;74;62;69;136;1,3;,7;
2021/12/12;0200 UTC;0;921,6;921,6;921,3;;19,9;9,4;20,2;19,4;13,8;9,4;70;50;51;167;1,5;,7;
2021/12/12;0300 UTC;0;921,5;921,7;921,5;;21,5;7,1;21,6;19,9;9,5;7;51;39;39;35;1,8;,8;
2021/12/12;0400 UTC;0;921,1;921,5;921,1;;21,3;8,3;21,5;20,8;9,7;7,3;48;39;43;16;2,3;1,2;
2021/12/12;0500 UTC;0;920,5;921,1;920,5;;20,8;7,9;21,5;20,8;8,5;6,6;44;38;44;340;2,3;1,1;
2021/12/12;0600 UTC;0;920,5;920,5;920,4;;20,5;8,2;21,1;20,5;8,6;7,4;46;41;45;327;2,7;1,2;
2021/12/12;0700 UTC;0;920,6;920,6;920,5;;20;10,5;20,6;19,9;10,6;8,3;55;45;55;325;2,8;,9;
2021/12/12;0800 UTC;0;920,9;920,9;920,5;;20,2;12,2;20,9;20;12,5;10,8;61;55;60;333;2,4;1,3;
2021/12/12;0900 UTC;0;921,3;921,3;920,9;82,3;21,2;14,7;21,2;19,7;14,7;12,2;66;60;66;8;3;1,2;
2021/12/12;1000 UTC;0;921,8;921,8;921,3;645,4;23,4;17;23,4;21,1;17,3;14,5;72;66;67;34;3,8;1,3;
2021/12/12;1100 UTC;0;922,3;922,3;921,8;1581,4;25,6;17,6;25,7;23,4;18,1;16,9;69;59;61;42;4;1,7;
2021/12/12;1200 UTC;0;922,3;922,3;922,1;2360,5;27,7;15,2;28;25,2;17,8;15,2;61;46;46;42;4,7;2,4;
2021/12/12;1300 UTC;0;922,4;922,6;922,3;3042,8;29,1;13,5;29,4;27,6;16,5;12,8;48;37;38;5;4,9;1,5;
2021/12/12;1400 UTC;0;922;922,4;922;3551,5;31;13;31,2;29,1;15,7;9,6;42;28;33;334;4,8;1,3;
2021/12/12;1500 UTC;0;921,4;922;921,4;3687,3;33;11,2;33;30,7;14,4;8,5;36;22;27;288;5,8;1,4;
2021/12/12;1600 UTC;0;920,8;921,4;920,8;2693,2;32;9,2;33;31;12,6;8,4;30;22;25;281;5,1;1,9;
2021/12/12;1700 UTC;0;920,5;920,8;920,5;2507,3;29,2;18,2;32,7;28,4;19,4;9;59;24;52;149;8;3,7;
2021/12/12;1800 UTC;0;920,3;920,6;920,2;2613,7;27,8;20,1;29,3;27,7;20,3;13,4;63;38;63;124;9,2;4,1;
2021/12/12;1900 UTC;0;921;921,1;920,2;2202,4;24,1;19,2;28,1;24,1;21;18,9;76;63;74;113;9,4;4,3;
2021/12/12;2000 UTC;0;921,1;921,5;920,8;1148,2;22,8;19,6;24,5;22,4;19,9;18,8;84;72;82;130;8,1;3,8;
2021/12/12;2100 UTC;0;921,4;921,5;921,1;620,8;22,5;19,5;22,9;22,3;20;19,3;85;81;83;137;7,5;2,5;
2021/12/12;2200 UTC;0;921,9;921,9;921,4;108;21,7;19,4;22,5;21,7;19,7;19,3;87;83;87;137;4,9;1,2;
2021/12/12;2300 UTC;0;922,8;922,8;921,9;;21,2;19,6;21,7;21,1;19,9;19,4;92;87;91;124;2,8;1,2;
2021/12/13;0000 UTC;0;923,1;923,1;922,7;;21,2;19,2;21,3;20,7;20,6;19;98;87;88;127;2,5;,7;
2021/12/13;0100 UTC;0;923,5;923,5;923,1;;21,5;18,9;22,1;21,2;19,3;18,5;88;80;86;156;3,4;,6;
2021/12/13;0200 UTC;0;923,5;923,5;923,3;;20,8;19,8;21,5;20,8;19,8;18,7;94;85;94;149;1,9;,4;
2021/12/13;0300 UTC;0;923,4;923,5;923,2;;20,2;20,2;20,9;20,2;20,6;19,1;100;91;100;136;1,7;1;
2021/12/13;0400 UTC;0;922,7;923,4;922,7;;20;20;20,6;20;20,6;20;100;100;100;101;3,2;,9;
2021/12/13;0500 UTC;0;922,3;922,7;922,3;;20,3;20,3;20,4;19,6;20,3;19,6;100;99;100;357;1,6;,6;
2021/12/13;0600 UTC;0;922,4;922,4;922,3;;20,5;19,5;20,7;20,3;20,3;19,2;100;92;94;337;2,4;,6;
2021/12/13;0700 UTC;0;922,8;922,8;922,4;;20,8;19,5;20,9;20,5;19,5;19,2;94;91;92;11;3,2;1,1;
2021/12/13;0800 UTC;0;923,2;923,2;922,8;;20,2;20;20,8;20,1;20;19,4;99;92;99;338;3,2;,4;
2021/12/13;0900 UTC;0;923,8;923,8;923,2;129,5;22;20;22;20,1;20,3;19,6;100;88;88;343;1,9;,5;
2021/12/13;1000 UTC;0;924,2;924,2;923,8;274,3;21,9;20,3;22;21,4;20,6;19,3;94;86;90;356;1,8;,7;
2021/12/13;1100 UTC;0;924,8;924,8;924,2;754,5;23,6;19,1;23,7;21,9;20,8;19;92;75;76;345;2,6;1,3;
2021/12/13;1200 UTC;0;925,1;925,1;924,8;1007;25,2;19,2;25,2;23,6;19,9;18,7;77;69;70;335;3,2;,9;
2021/12/13;1300 UTC;0;925,1;925,3;925,1;971,4;26;18,5;26,1;25,1;20,2;18,4;74;63;63;338;4,2;1,4;
2021/12/13;1400 UTC;0;924,9;925,2;924,9;2548,1;28;17,7;29;26;20,4;17,5;71;52;53;331;6,6;2,4;
2021/12/13;1500 UTC;0;924,5;924,9;924,5;2185,3;29;18,4;29,9;27,6;20;17,5;61;50;53;320;5,7;1,6;
2021/12/13;1600 UTC;0;923,7;924,5;923,7;2184;29,3;17,9;31,6;28,6;19,5;17,1;55;43;50;312;5;1,5;
2021/12/13;1700 UTC;0;923;923,7;923;1636;26,2;21,4;31,3;26,1;21,4;16,2;75;43;75;151;6,8;3,5;
2021/12/13;1800 UTC;0;923,5;923,5;922,9;1061,3;22,2;21,5;26,2;22,2;21,8;21;96;74;95;120;7,6;3,7;
2021/12/13;1900 UTC;21,8;923,6;923,9;923,2;79,5;20,4;20,4;22,2;20,4;22;20,4;100;95;100;113;7,6;2,1;
2021/12/13;2000 UTC;2,8;923,5;923,6;923,1;87,2;20,5;20,5;20,7;20,2;20,7;20,2;100;100;100;150;4,4;2,3;
2021/12/13;2100 UTC;,4;924,1;924,2;923,5;49,8;20,8;20,8;20,9;20,5;20,8;20,5;100;100;100;346;4,3;1,1;
2021/12/13;2200 UTC;,2;924,4;924,5;923,9;8,7;20,8;20,8;21;20,8;21;20,8;100;100;100;175;3;,6;
2021/12/13;2300 UTC;,6;924,8;924,8;924,4;;20,8;20,8;20,9;20,7;20,9;20,7;100;100;100;176;2,8;,5;
2021/12/14;0000 UTC;1;925,1;925,1;924,8;;20,9;20,9;20,9;20,7;20,9;20,7;100;100;100;39;1,4;,6;
2021/12/14;0100 UTC;,4;925,5;925,5;925,1;;20,9;20,9;21;20,8;21;20,8;100;100;100;37;1,1;,4;
2021/12/14;0200 UTC;,2;925,6;925,7;925,5;;21;21;21,1;20,8;21;20,8;100;100;100;139;1,2;,6;
2021/12/14;0300 UTC;,2;924,9;925,6;924,9;;21,2;21,2;21,2;21;21,2;21;100;100;100;104;1,9;,7;
2021/12/14;0400 UTC;0;924,3;924,9;924,3;;20,7;20,7;21,2;20,7;21,2;20,7;100;100;100;129;1,8;,4;
2021/12/14;0500 UTC;0;923,7;924,3;923,6;;20,6;20,6;20,7;20,6;20,7;20,6;100;100;100;55;2,5;1;
2021/12/14;0600 UTC;0;923,6;923,7;923,6;;20,7;20,7;20,8;20,6;20,8;20,6;100;100;100;67;2,2;,7;
2021/12/14;0700 UTC;,6;923,5;923,6;923,5;;20,8;20,8;20,9;20,7;20,9;20,7;100;100;100;44;3,3;,8;
2021/12/14;0800 UTC;1,4;923,7;923,7;923,5;;20,8;20,8;20,9;20,8;20,9;20,8;100;100;100;85;3,9;,8;
2021/12/14;0900 UTC;0;924,2;924,2;923,7;29,1;20,9;20,9;20,9;20,8;20,9;20,8;100;100;100;22;2,8;1,1;
2021/12/14;1000 UTC;0;924,5;924,5;924,2;283,8;21,7;21,7;21,7;20,9;21,7;20,9;100;100;100;18;2,7;1,3;
2021/12/14;1100 UTC;0;925,1;925,1;924,5;698,7;23;22,1;23,2;21,6;22,6;21,7;100;94;94;110;2,7;,9;
2021/12/14;1200 UTC;0;925,2;925,2;925,1;1584,8;24,4;21,3;24,7;23;22,3;21;95;81;83;133;2,5;1,4;
2021/12/14;1300 UTC;0;925;925,2;924,9;1483,4;24,1;21,8;25;23,9;22,8;21,4;90;82;87;125;3,7;2;
2021/12/14;1400 UTC;0;924,8;925;924,8;1177;24;22,3;25,4;23,8;23,3;21,6;91;81;90;96;4,4;1;
2021/12/14;1500 UTC;0;924,3;924,8;924,2;1349,6;25;20,3;26;24;23;20,1;93;74;75;288;6,7;2;
2021/12/14;1600 UTC;0;923,9;924,3;923,9;1270,4;26,3;21,4;26,3;24,9;21,6;20;77;72;74;248;6,7;1,5;
2021/12/14;1700 UTC;0;923,8;923,9;923,7;989,2;23;22,2;26,3;22,6;22,5;20;99;71;95;126;5,6;3;
2021/12/14;1800 UTC;,8;923,1;923,9;923,1;686,6;22,1;21,9;23,1;21,5;22,1;20,7;100;91;99;116;6,8;1,9;
2021/12/14;1900 UTC;0;922,2;923,1;922,2;1100,8;23,9;20,2;24,2;22,1;22,5;20,2;100;80;80;102;3,9;1,2;
2021/12/14;2000 UTC;,4;922,1;922,2;921,8;908,3;23,7;21,1;24,3;23;22,2;20,2;94;79;86;136;3,5;1,9;
2021/12/14;2100 UTC;0;922,1;922,1;921,8;658,8;22,9;21,4;24,3;22,9;22,2;20,5;91;83;91;148;3,8;,8;
2021/12/14;2200 UTC;0;922,9;922,9;922,1;41;22;21,9;22,9;22;22;20,6;100;88;100;124;5,9;2,7;
2021/12/14;2300 UTC;0;923,3;923,3;922,9;;21,4;21,4;22;21,4;21,9;21,4;100;100;100;121;5,7;1,9;
2021/12/15;0000 UTC;0;924,1;924,1;923,3;;21,3;21,3;21,6;21,3;21,6;21,2;100;99;100;127;5,9;2,3;
2021/12/15;0100 UTC;0;924,7;924,7;924;;21,4;21,4;21,4;21,3;21,4;21,2;100;99;100;119;4,9;1,7;
2021/12/15;0200 UTC;0;924,7;924,9;924,6;;21,4;21,4;21,4;21,3;21,4;21,3;100;100;100;93;3,6;,7;
2021/12/15;0300 UTC;0;924,1;924,7;924,1;;21,4;21,4;21,5;21,3;21,5;21,3;100;100;100;102;2,1;,5;
2021/12/15;0400 UTC;,2;923,3;924,1;923,3;;21,6;21,6;21,6;21,2;21,6;21,2;100;100;100;8;3;1,3;
2021/12/15;0500 UTC;0;922,4;923,3;922,4;;21,7;21,7;21,7;21,6;21,7;21,6;100;100;100;4;4,2;1,4;
2021/12/15;0600 UTC;0;921,9;922,4;921,9;;21,5;21,5;21,7;21,5;21,7;21,5;100;99;100;7;4,1;1,2;
2021/12/15;0700 UTC;0;922;922;921,9;;21,5;21,5;21,5;21,4;21,5;21,4;100;100;100;355;3,4;1,6;
2021/12/15;0800 UTC;0;922,5;922,5;922;;21,2;21,2;21,5;21,2;21,5;21,2;100;100;100;33;3,4;,4;
2021/12/15;0900 UTC;0;922,8;922,8;922,5;28,7;21,2;21,2;21,2;21;21,2;21;100;100;100;22;1,3;,6;
2021/12/15;1000 UTC;0;923,5;923,5;922,8;199,3;21,7;21,7;21,9;21,2;21,9;21,2;100;100;100;46;1,4;,6;
2021/12/15;1100 UTC;0;924;924;923,5;617,6;23,2;21,5;23,3;21,7;22,7;21,4;100;90;90;12;1,9;,6;
2021/12/15;1200 UTC;0;924,1;924,2;924;1553,2;25,3;21,1;25,5;23,2;22,1;20,8;90;76;77;346;2,9;1,2;
2021/12/15;1300 UTC;0;924,2;924,2;924,1;1946,4;26,2;20,8;27,3;25,3;22;19,3;79;65;72;319;4;1,5;
2021/12/15;1400 UTC;,2;924,2;924,2;924,2;1787,6;27;20,7;27,4;26,3;21,5;19,4;73;63;69;307;4,8;1,8;
2021/12/15;1500 UTC;0;923,6;924,2;923,5;1593,4;27,7;21,1;27,7;26,3;21,1;19,4;70;63;67;287;4,6;1,4;
2021/12/15;1600 UTC;0;923,1;923,6;923,1;1350,4;25,3;22,3;28,2;25,2;22,3;19,3;84;61;84;97;4,9;1,6;
2021/12/15;1700 UTC;13,8;922,8;923,3;922,8;416,9;22,9;22,9;25,3;21,5;22,9;21,2;100;84;100;106;7,5;1,2;
2021/12/15;1800 UTC;,2;922,2;922,8;922,1;666,4;23,4;23,4;23,6;22,7;23,6;22,7;100;100;100;163;2,3;1;
2021/12/15;1900 UTC;,4;921,5;922,2;921,4;941;23,8;22,9;24,2;23,3;24,2;22,9;100;95;95;133;3,3;1,5;
2021/12/15;2000 UTC;0;921,8;921,8;921,5;550,2;22,9;22,9;24;22,8;23,8;22,5;100;94;100;153;5,1;2,4;
2021/12/15;2100 UTC;7,2;922,2;922,5;921,8;21,1;20,7;20,7;22,9;20,7;22,9;20,7;100;99;100;146;6,2;,4;
2021/12/15;2200 UTC;2,6;922,6;922,7;922,2;12,3;20,8;20,7;20,8;20,6;20,8;20,6;100;100;100;64;1,3;,6;
2021/12/15;2300 UTC;,4;923,3;923,3;922,6;0;21;21;21,1;20,8;21,1;20,8;100;100;100;144;2,4;1,2;
2021/12/16;0000 UTC;,2;923,7;923,7;923,3;0;21;21;21,1;20,9;21,1;20,9;100;100;100;116;2,2;,8;
2021/12/16;0100 UTC;0;923,9;923,9;923,7;;21;21;21,1;20,9;21,1;20,9;100;100;100;73;1,4;,4;
2021/12/16;0200 UTC;,2;923,7;924;923,7;;21,2;21,2;21,2;21;21,2;21;100;100;100;348;2,2;,9;
2021/12/16;0300 UTC;0;923,4;923,7;923,4;;21,2;21,2;21,2;21,2;21,2;21,2;100;100;100;343;2,2;1,2;
2021/12/16;0400 UTC;0;922,7;923,4;922,7;;21;21;21,2;21;21,2;21;100;100;100;336;2,5;1;
2021/12/16;0500 UTC;0;922,3;922,7;922,3;;20,8;20,8;21;20,8;21;20,8;100;100;100;353;4,2;1,1;
2021/12/16;0600 UTC;0;922;922,3;922;;20,7;20,7;20,8;20,6;20,8;20,6;100;100;100;305;2,8;,2;
2021/12/16;0700 UTC;0;922,1;922,1;921,9;;20,6;20,6;20,7;20,6;20,7;20,5;100;100;100;252;1,8;,4;
2021/12/16;0800 UTC;,2;922,2;922,2;922;;20,4;20,4;20,6;20,4;20,6;20,4;100;100;100;353;1,7;,2;
2021/12/16;0900 UTC;,6;922,6;922,6;922,2;41,1;20,6;20,6;20,7;20,4;20,6;20,4;100;100;100;319;2,8;,8;
2021/12/16;1000 UTC;0;922,9;922,9;922,6;310,8;21,2;21,2;21,3;20,6;21,2;20,6;100;100;100;331;3,1;1,7;
2021/12/16;1100 UTC;0;923,3;923,3;922,9;722,1;22,6;22,1;22,6;21,2;22,5;21,2;100;97;97;329;5,1;2,4;
2021/12/16;1200 UTC;0;923,9;923,9;923,3;1495,6;24,5;20,9;24,5;22,6;23;20,8;99;81;81;333;6,4;2,3;
2021/12/16;1300 UTC;0;924;924,1;923,9;1837,5;26,6;21,1;26,9;24,5;22;20,3;83;70;72;300;6,5;1,5;
2021/12/16;1400 UTC;0;923,9;924,1;923,9;1978;26,5;19,9;27,5;26,1;21,8;19,5;75;63;67;333;7,6;2,5;
2021/12/16;1500 UTC;,2;923,5;923,9;923,5;1817;26,6;20,8;28,6;26,3;22;19,7;72;62;71;289;6,4;1,6;
2021/12/16;1600 UTC;0;922,9;923,5;922,9;1838,3;28,2;19,7;28,4;26,6;22,5;19,2;77;58;60;316;6,9;2,6;
2021/12/16;1700 UTC;0;922,1;922,9;922,1;2261;30;19,5;30,5;28,1;21,3;17,8;65;49;53;306;8,4;1,6;
2021/12/16;1800 UTC;0;921,8;922,1;921,7;2527,5;31,3;19;31,4;29,1;20,2;17,8;58;46;48;305;6,5;1,9;
2021/12/16;1900 UTC;0;921,7;921,8;921,7;858,7;24,3;22,6;31,3;24,3;22,7;17,1;90;44;90;145;6,4;3,1;
2021/12/16;2000 UTC;0;921,6;921,8;921,5;620,6;23,1;23,1;24,3;23,1;23,8;22,4;100;90;100;131;6,9;2,9;
2021/12/16;2100 UTC;0;921,9;921,9;921,6;226,8;22,7;22,7;23,3;22,7;23,3;22,7;100;100;100;148;6;3;
2021/12/16;2200 UTC;0;922,8;922,8;921,9;45,7;22,4;22,4;22,9;22,4;22,9;22,4;100;100;100;119;5,5;1,5;
2021/12/16;2300 UTC;0;923,5;923,5;922,8;;22,5;22,5;22,6;22,4;22,6;22,4;100;100;100;130;3,4;1,6;
2021/12/17;0000 UTC;0;924;924;923,5;;22,5;22,5;22,6;22,4;22,6;22,4;100;100;100;128;4,3;2,1;
2021/12/17;0100 UTC;0;924,5;924,5;924;;22;22;22,5;22;22,5;22;100;100;100;147;5,7;2,9;
2021/12/17;0200 UTC;0;924,6;924,7;924,5;,1;21,4;21,4;22;21,4;22;21,4;100;100;100;120;5,8;2,4;
2021/12/17;0300 UTC;0;924,6;924,7;924,5;;21,3;21,3;21,5;21,2;21,5;21,2;100;100;100;130;5,8;1,5;
2021/12/17;0400 UTC;0;924,3;924,6;924,2;;21,3;21,3;21,4;21,2;21,4;21,2;100;100;100;138;5,6;1,6;
2021/12/17;0500 UTC;0;923,8;924,4;923,8;;21,4;21,4;21,5;21,3;21,5;21,3;100;100;100;106;4,2;1,3;
2021/12/17;0600 UTC;0;923,9;924,1;923,8;;21,5;21,5;21,5;21,3;21,5;21,3;100;100;100;111;3,1;1,3;
2021/12/17;0700 UTC;0;923,9;923,9;923,8;;21,4;21,4;21,5;21,4;21,5;21,4;100;100;100;107;4;1,6;
2021/12/17;0800 UTC;0;924,5;924,5;923,8;;21,3;21,3;21,4;21,2;21,4;21,2;100;100;100;92;4;,9;
2021/12/17;0900 UTC;0;924,7;924,7;924,4;45,5;21,2;21,2;21,5;21,1;21,5;21,1;100;100;100;161;4;1,5;
2021/12/17;1000 UTC;0;925,1;925,1;924,7;261,6;21,2;21,2;21,4;21;21,4;21;100;100;100;154;4,1;2;
2021/12/17;1100 UTC;0;925,6;925,6;925,1;450;21,2;21,2;21,3;21;21,3;20,8;100;98;100;160;4,5;2,5;
2021/12/17;1200 UTC;0;926,3;926,3;925,6;749,6;21,7;21,1;22,1;21,2;21,3;20,3;100;93;96;158;4,4;1,9;
2021/12/17;1300 UTC;0;926,4;926,5;926,2;1274,2;23,4;20,9;23,5;21,7;21,4;20,5;97;86;86;162;5,5;2,2;
2021/12/17;1400 UTC;0;926,3;926,4;926,3;2610,1;24,5;19,8;25,6;23;21,8;19,6;87;72;75;124;4,4;2,2;
2021/12/17;1500 UTC;0;926;926,3;926;1718,6;24,3;21,8;25,1;24,1;22,4;19,4;89;74;86;139;6,5;2,4;
2021/12/17;1600 UTC;0;925,8;926,1;925,8;972,2;22,1;21,5;24,2;21,9;22,3;20,8;100;85;96;148;7,6;3,9;
2021/12/17;1700 UTC;0;925,4;925,8;925,4;1651,7;22,3;20,7;22,9;21,8;21,8;20;96;87;91;155;8,7;4,6;
2021/12/17;1800 UTC;0;925,2;925,5;925,2;1308,8;21,5;19,8;22,4;21,5;21;19,6;92;88;90;152;9,4;4,2;
2021/12/17;1900 UTC;0;925,2;925,2;925;1158,4;22,2;20,2;22,4;21,5;20,6;19,7;93;87;88;156;9,4;3,5;
2021/12/17;2000 UTC;0;924,9;925,2;924,9;777,3;22,1;19,5;22,3;21,6;20,3;19,4;91;85;85;155;8,5;3,6;
2021/12/17;2100 UTC;0;925,6;925,6;924,9;242,4;20,8;20,5;22,1;20,7;21,1;19,3;100;85;98;161;8,6;4,1;
2021/12/17;2200 UTC;0;926;926;925,6;49,1;20,1;20;20,8;19,9;20,5;19,8;100;95;100;153;8,6;3,2;
2021/12/17;2300 UTC;0;926,9;926,9;926;;20,1;20,1;20,1;20;20,1;20;100;100;100;153;7,8;3,4;
2021/12/18;0000 UTC;0;927,6;927,6;926,9;;19,2;19,2;20,1;19,2;20,1;19,2;100;100;100;145;7,9;4;
2021/12/18;0100 UTC;0;927,9;927,9;927,6;;19,5;19,5;19,6;19,2;19,5;19,2;100;100;100;157;9,5;3,1;
2021/12/18;0200 UTC;,4;928,1;928,1;927,9;;19,2;19,2;19,5;19,2;19,5;19,2;100;100;100;132;7,6;3,6;
2021/12/18;0300 UTC;,8;927,9;928,1;927,9;;19,2;19,2;19,3;19,1;19,3;19,1;100;100;100;117;7,4;1,6;
2021/12/18;0400 UTC;0;927,2;927,9;927,2;;19,1;19,1;19,4;19,1;19,4;19,1;100;100;100;118;7,3;3,3;
2021/12/18;0500 UTC;0;926,7;927,2;926,7;;18,9;18,9;19,3;18,9;19,2;18,9;100;100;100;105;7,3;1,9;
2021/12/18;0600 UTC;0;926,5;926,7;926,5;;19;19;19,1;18,9;19,1;18,9;100;100;100;118;5,3;1,9;
2021/12/18;0700 UTC;0;926,5;926,5;926,3;;19;19;19,2;19;19,1;18,8;100;98;100;125;5;1,6;
2021/12/18;0800 UTC;0;926,7;926,7;926,5;;19,1;19,1;19,1;18,8;19,1;18,8;100;100;100;115;3,4;1,2;
2021/12/18;0900 UTC;0;927,4;927,4;926,7;21,8;19,1;19,1;19,2;19;19,2;19;100;100;100;116;3,7;2;
2021/12/18;1000 UTC;0;927,6;927,6;927,4;339,2;19,9;19,5;20,3;19,1;20;18,7;100;93;98;121;4,6;1,7;
2021/12/18;1100 UTC;0;928,1;928,1;927,6;664,9;20,3;18,5;20,4;19,5;20;18,5;100;89;89;121;5,9;3;
2021/12/18;1200 UTC;0;928,8;928,8;928,1;599,6;20,4;18,7;20,4;20;18,9;18,1;92;88;90;118;8,5;2,6;
2021/12/18;1300 UTC;0;929;929;928,8;1550,8;21,8;18,9;22,7;20,3;19,9;17,8;90;76;84;144;6,2;2,5;
2021/12/18;1400 UTC;0;928,9;929,1;928,8;1897,3;21,2;18,6;22,3;21;19,6;18;87;78;85;122;6,9;3,2;
2021/12/18;1500 UTC;0;928,8;928,9;928,7;2177,6;21,3;18,3;23,4;20,7;19,3;17,5;86;73;83;121;7,4;3,3;
2021/12/18;1600 UTC;,2;928,3;928,8;928,3;1822,8;22,4;18,6;22,6;21,2;18,9;17,6;83;77;79;132;7,7;3,1;
2021/12/18;1700 UTC;0;927,9;928,3;927,9;2233,1;21,7;18,1;23,3;21,7;18,7;17,6;80;72;80;143;7,9;3,6;
2021/12/18;1800 UTC;0;927,2;927,9;927,2;1892,7;21,2;18,8;22,8;21,1;19,7;18,1;87;78;86;119;8,4;3,8;
2021/12/18;1900 UTC;0;927;927,2;927;760,8;20;18,7;21,3;19,9;19,3;18,2;95;85;93;116;8,9;4;
2021/12/18;2000 UTC;0;926,9;927,1;926,8;585,4;19,7;18,3;20,3;19,5;19,5;18,1;99;90;92;134;8,5;3,7;
2021/12/18;2100 UTC;0;927,3;927,3;926,8;275,9;18,9;18,8;19,7;18,8;19,4;18,1;100;91;100;128;9;3,9;
2021/12/18;2200 UTC;0;927,6;927,6;927,2;81,7;18,4;18,1;18,8;18,3;18,6;17,8;100;94;99;129;9,6;4,1;
2021/12/18;2300 UTC;0;928,1;928,1;927,5;;18,3;18,1;18,6;18,1;18,3;17,4;100;94;99;141;10,5;4,4;
2021/12/19;0000 UTC;0;928,6;928,7;928,1;;18,3;17,8;18,4;18,2;18,2;17,4;99;95;97;132;9,6;3;
2021/12/19;0100 UTC;,6;929,3;929,3;928,6;;18,1;18,1;18,4;18;18,4;17,6;100;96;100;133;8,3;3,2;
2021/12/19;0200 UTC;,2;929,3;929,4;929,3;;17,7;17,7;18,1;17,6;18;17,6;100;100;100;125;8,6;3,5;
2021/12/19;0300 UTC;0;928,4;929,3;928,4;;17,8;17,7;17,9;17,6;17,9;17,4;100;99;99;124;7;2,7;
2021/12/19;0400 UTC;0;927,6;928,4;927,6;;17,7;17,6;17,8;17,4;17,7;17,1;100;97;99;129;6,4;2,1;
2021/12/19;0500 UTC;,2;927,1;927,6;927,1;;17,4;17,4;17,7;17,4;17,7;17,4;100;99;100;133;5,8;2,4;
2021/12/19;0600 UTC;0;926,6;927,2;926,6;;17,1;17,1;17,4;17,1;17,4;17,1;100;100;100;116;6,8;2,9;
2021/12/19;0700 UTC;0;926,5;926,6;926,3;;17,3;17,3;17,3;17,1;17,3;17,1;100;100;100;128;5,9;2,2;
2021/12/19;0800 UTC;0;926,9;926,9;926,5;;17,5;17,5;17,6;17,3;17,6;17,2;100;98;100;123;7,1;2,6;
2021/12/19;0900 UTC;0;927,4;927,4;926,9;35,3;17,3;16,8;17,6;17,3;17,6;16,7;100;97;97;138;7,4;3,1;
2021/12/19;1000 UTC;0;928,1;928,1;927,4;294,7;17,4;16,2;17,7;17,2;16,9;16,2;97;92;93;146;7,4;3,1;
2021/12/19;1100 UTC;0;928,7;928,7;928,1;355,4;17,9;16,1;17,9;17,3;17;15,9;95;89;89;148;7,3;3,5;
2021/12/19;1200 UTC;0;929;929;928,7;1238,3;19,1;16;19,1;17,8;16,6;15,3;90;81;82;136;8;3,4;
2021/12/19;1300 UTC;0;929,3;929,3;929;1067,8;18,9;16,6;19,2;17,3;18,4;15,6;99;80;87;128;8,6;2,7;
2021/12/19;1400 UTC;0;929;929,3;929;1423,2;18,7;16,6;19,4;17,5;17,6;15,7;96;84;88;156;6,6;2,9;
2021/12/19;1500 UTC;,2;929,1;929,2;929;919,8;17,2;17,2;18,8;16,9;17,6;15,8;100;87;100;147;7,8;4,1;
2021/12/19;1600 UTC;0;928,7;929,1;928,7;2134;18,2;16,6;19,5;17;18,4;15,9;100;84;90;138;7,8;3,2;
2021/12/19;1700 UTC;0;928,4;928,8;928,4;1242,8;18,2;16,4;18,8;17,7;17,9;16;98;85;89;140;7,5;3,7;
2021/12/19;1800 UTC;0;927,9;928,4;927,9;1435,5;18,9;16;19,3;18,2;17,1;15,5;92;79;83;130;7,5;3,1;
2021/12/19;1900 UTC;0;927,4;928;927,4;832;17,6;17,6;19;17,5;17,8;15,5;100;82;100;125;7,3;3,2;
2021/12/19;2000 UTC;0;927,2;927,4;927,2;328,1;16,5;16,5;18,1;16,5;17,8;16,5;100;93;100;164;7,7;3,4;
2021/12/19;2100 UTC;,2;927,2;927,3;927;236,7;16,1;16,1;16,6;16,1;16,6;16,1;100;100;100;155;8,1;3,6;
2021/12/19;2200 UTC;0;927,5;927,5;927,2;34,8;15,6;15,6;16,2;15,6;16,1;15,6;100;100;100;159;8,1;3,6;
2021/12/19;2300 UTC;,4;927,6;927,7;927,5;;15,9;14,6;15,9;15;15,8;14,5;100;92;92;116;9,8;3,4;
2021/12/20;0000 UTC;0;928,2;928,2;927,6;;15,3;15,2;16,1;15,1;16,1;14,7;100;92;100;137;8,9;3,9;
2021/12/20;0100 UTC;0;928,5;928,5;928,2;;15,8;15,8;15,8;15,2;15,8;15,2;100;100;100;139;8,9;2,5;
2021/12/20;0200 UTC;0;928,5;928,6;928,4;;16,4;16,4;16,4;15,8;16,4;15,8;100;100;100;116;6,3;2;
2021/12/20;0300 UTC;0;928,1;928,5;928,1;;16,8;16,7;16,9;16,3;16,8;16,3;100;99;99;100;4,8;1,7;
2021/12/20;0400 UTC;0;927,4;928,2;927,4;;16,3;16,1;16,9;16,3;16,4;15,5;99;92;99;116;4,8;1,3;
2021/12/20;0500 UTC;0;926,7;927,4;926,7;;16,1;16,1;16,3;16,1;16,2;16,1;100;99;100;111;4,1;1,3;
2021/12/20;0600 UTC;0;926,2;926,7;926,2;;16,3;16;16,5;16,1;16,3;15,6;100;95;99;113;4;1,6;
2021/12/20;0700 UTC;0;926;926,2;925,9;;16,2;15,5;16,4;16,1;16;15,2;98;94;96;118;5,3;2,3;
2021/12/20;0800 UTC;0;926,2;926,3;925,9;;16;15,4;16,2;15,9;15,6;15,2;98;94;96;113;5,3;1,6;
2021/12/20;0900 UTC;0;926,7;926,7;926,1;57,4;16,6;14,8;16,6;15,8;15,6;14,6;97;88;89;98;4;1,3;
2021/12/20;1000 UTC;0;926,9;927;926,7;682,4;18,4;14,9;18,4;16,6;15,3;14,3;89;79;80;126;4,2;1,6;
2021/12/20;1100 UTC;0;927,3;927,3;926,9;1601,4;19,6;13,8;19,7;18,3;15,4;13,8;80;69;69;83;6,1;2,4;
2021/12/20;1200 UTC;0;927,1;927,3;927,1;2123,4;21,3;14,4;21,3;19,5;15;13,3;73;62;65;113;5,3;2,5;
2021/12/20;1300 UTC;,2;927;927,1;926,9;3137,2;22,4;14,3;22,8;21,1;15,8;13,5;66;58;60;131;6,2;2,4;
2021/12/20;1400 UTC;0;926,9;927;926,8;3366,6;21,9;15,4;23;21,4;16,6;13,6;70;57;67;157;7,1;3,5;
2021/12/20;1500 UTC;0;926,4;926,9;926,4;3931,3;22,9;15;23,3;21,7;17;14,8;69;61;61;141;7,1;3,3;
2021/12/20;1600 UTC;0;925,6;926,4;925,6;4009,1;24,3;17,2;24,3;22,6;17,2;14,8;67;57;65;135;6,9;2,7;
2021/12/20;1700 UTC;0;925,1;925,6;925,1;3777,9;23,6;16,4;24,5;23,1;17,2;15,6;68;59;64;144;7,2;3,5;
2021/12/20;1800 UTC;0;924,4;925,1;924,4;3315,3;24,1;17,4;24,2;23;17,9;15,6;69;62;66;129;8,3;3,1;
2021/12/20;1900 UTC;0;923,8;924,4;923,8;2562,4;22,8;17;24,1;22,3;17,9;16,4;74;64;70;118;8;3,6;
2021/12/20;2000 UTC;0;923,6;923,8;923,6;1774,5;21,5;17,1;23;21,5;18,1;16,6;77;68;76;128;9;3,4;
2021/12/20;2100 UTC;0;923,6;923,6;923,4;704,8;20,4;17,2;21,6;20,2;17,7;16,9;84;76;82;123;8,6;3,5;
2021/12/20;2200 UTC;0;923,9;923,9;923,6;98,5;19,4;17,3;20,4;19,4;17,7;16,7;89;81;87;147;7,6;2,7;
2021/12/20;2300 UTC;0;924,5;924,6;923,9;;19,1;17;19,5;19,1;17,7;16,8;90;86;87;142;6,8;2,7;
2021/12/21;0000 UTC;0;925,1;925,1;924,5;;18,9;16,4;19,2;18,8;17,1;16,1;88;84;86;160;7;2,3;
2021/12/21;0100 UTC;0;925,4;925,4;925;;18,7;15,8;18,9;18,6;16,9;15,8;88;83;83;117;5,9;2,5;
2021/12/21;0200 UTC;0;925;925,4;925;;18,5;16,2;18,7;18,4;16,2;15,4;86;81;86;102;5,5;1,9;
2021/12/21;0300 UTC;0;924,6;925,1;924,6;;17,3;16,4;18,5;17,3;16,5;15,7;94;85;94;117;3,8;,8;
2021/12/21;0400 UTC;0;923,9;924,6;923,9;;16,7;16,7;17,3;16,7;17,1;16,4;100;94;100;176;1,9;,7;
2021/12/21;0500 UTC;0;923,3;923,9;923,2;;16,5;16,5;16,7;16,3;16,7;16,3;100;100;100;165;1,2;,4;
2021/12/21;0600 UTC;0;922,9;923,3;922,9;;16,4;16,4;16,6;16,3;16,6;16,3;100;100;100;162;1;,5;
2021/12/21;0700 UTC;0;922,9;923;922,9;;17,1;17,1;17,1;16,4;17,1;16,4;100;100;100;54;2,5;1;
2021/12/21;0800 UTC;0;923,1;923,1;922,9;;17,4;17,4;17,4;17;17,4;17;100;100;100;27;2,7;,8;
2021/12/21;0900 UTC;0;923,5;923,5;922,9;32,2;17,9;17,8;17,9;17,3;17,9;17,4;100;100;100;22;3,1;1;
2021/12/21;1000 UTC;0;923,8;923,8;923,4;404,6;19,8;17,3;19,9;17,9;17,9;17,2;100;86;86;30;3,8;1,5;
2021/12/21;1100 UTC;0;924,3;924,3;923,8;1454;22,3;17,7;22,3;19,5;18,2;17;87;74;75;34;5;1,6;
2021/12/21;1200 UTC;0;924,2;924,4;924;2371,5;24,3;17,7;24,3;22,1;18,2;15,8;76;62;66;359;4,2;1,4;
2021/12/21;1300 UTC;0;924;924,2;924;3061,7;26,6;17,8;26,6;24,2;18;15,4;66;52;58;320;4,2;1,3;
2021/12/21;1400 UTC;;;;;;;;;;;;;;;;;;
2021/12/21;1500 UTC;1,2;923,5;923,7;923,4;2807,4;29,3;15;29,5;26,8;17,8;14,6;56;42;42;263;4,2;1;
2021/12/21;1600 UTC;0;922,6;923,2;922,6;3942,3;30,3;14,1;30,9;28,9;17,1;12,2;46;33;37;289;4,8;1,4;
2021/12/21;1700 UTC;0;922,1;922,6;922,1;3476,7;26,3;20;31,4;26,1;20,5;11,4;69;31;68;147;8,6;3,8;
2021/12/21;1800 UTC;0;921,8;922,2;921,8;3080,3;25,7;20,5;26,6;25,3;20,7;19,3;73;65;73;140;8,6;3,4;
2021/12/21;1900 UTC;0;921,4;921,8;921,4;2411,3;24,7;20,1;26,2;24,7;20,9;19,8;76;69;76;147;6,5;3,4;
2021/12/21;2000 UTC;0;921,1;921,4;921,1;1548,4;23,7;20,8;24,9;23,4;20,8;19,9;84;75;84;134;6;3,1;
2021/12/21;2100 UTC;0;921,2;921,2;921;659;21;20,4;23,7;21;20,6;19,9;96;82;96;134;7,5;3,4;
2021/12/21;2200 UTC;0;921,5;921,7;921,2;116;20,6;20,1;21,1;20,4;20,7;19,7;98;95;97;125;6,8;2,6;
2021/12/21;2300 UTC;0;922;922;921,5;;20,1;19,6;20,7;20,1;20,4;19,5;99;96;97;116;6,5;2,5;
2021/12/22;0000 UTC;0;922,3;922,5;922;;20,2;20;20,3;20;20,1;19,5;99;96;99;127;4,7;1,3;
2021/12/22;0100 UTC;0;922,4;922,5;922,3;;19,5;19,5;20,2;19,4;20;19,4;100;99;100;108;2,6;,5;
2021/12/22;0200 UTC;0;922,2;922,5;922,2;;19,4;19,4;19,5;19,2;19,5;19,2;100;100;100;202;1,1;,2;
2021/12/22;0300 UTC;0;922,2;922,3;922,2;;19,1;19,1;19,4;19,1;19,4;19,1;100;100;100;175;1,1;,6;
2021/12/22;0400 UTC;0;921,7;922,2;921,7;;19;19;19,3;19;19,3;19;100;100;100;213;1,6;,3;
2021/12/22;0500 UTC;0;921,3;921,7;921,3;;19;19;19,2;18,9;19,2;18,9;100;100;100;120;,9;,2;
2021/12/22;0600 UTC;0;921,1;921,3;921;;18,8;18,8;19,1;18,7;19,1;18,7;100;100;100;169;1,3;,3;
2021/12/22;0700 UTC;0;921,4;921,4;921;;19,1;19,1;19,1;18,8;19,1;18,8;100;100;100;263;1,4;,3;
2021/12/22;0800 UTC;0;921,7;921,7;921,4;;18,8;18,8;19,1;18,8;19,1;18,8;100;100;100;117;,9;,3;
2021/12/22;0900 UTC;0;922,2;922,2;921,6;46,5;19,1;19,1;19,1;18,8;19,1;18,8;100;100;100;315;1;,5;
2021/12/22;1000 UTC;0;922,4;922,5;922,2;298,3;20,7;20,7;20,8;19,1;20,8;19,1;100;99;100;350;2;,6;
2021/12/22;1100 UTC;0;922,7;922,8;922,4;1099,1;23,3;19,6;23,9;20,7;20,8;18,7;100;74;79;336;2,4;1,4;
2021/12/22;1200 UTC;0;922,3;922,7;922,2;2193;27,9;18;28,3;23,3;21,2;17,5;80;53;55;306;5,3;1,7;
2021/12/22;1300 UTC;0;922,1;922,3;922,1;2225,7;28,7;17,5;29;27,6;19,2;16,1;57;47;51;302;7,2;1,6;
2021/12/22;1400 UTC;0;921,6;922,1;921,6;2484,6;31,7;17,1;31,9;28,6;19;16,2;56;39;42;304;7,6;1,8;
2021/12/22;1500 UTC;0;921,5;921,7;921,5;1936,8;29,9;17,2;31,7;29,8;18,1;14,9;49;39;47;306;9,7;1,9;
2021/12/22;1600 UTC;0;921,1;921,6;921;1337,8;29,5;16,2;30,2;28,9;18,1;15,3;51;41;45;301;6,5;2;
2021/12/22;1700 UTC;0;920,4;921,1;920,4;1483,5;30,3;16,2;30,4;29;18,7;15;54;40;43;297;7,3;2,4;
2021/12/22;1800 UTC;0;920;920,4;920;1612;31,2;15,3;31,2;29,3;18,2;14,7;49;37;38;296;7,4;1,7;
2021/12/22;1900 UTC;0;919,3;920;919,3;1949,9;30,4;14,6;32;30,2;16,5;13,2;42;32;38;296;6,9;2,1;
2021/12/22;2000 UTC;0;919,3;919,6;919,1;374,6;25,5;18,3;30,4;25,5;18,3;14,1;64;38;64;150;6,9;3,1;
2021/12/22;2100 UTC;2,8;920,4;921,1;919,3;160,6;19,8;16,9;25,5;19,8;21,1;16,3;95;64;83;137;10,7;3,4;
2021/12/22;2200 UTC;,2;920,3;920,5;920;42,1;21,4;21,4;21,4;19,2;21,4;16,7;100;84;100;135;10,2;2,3;
2021/12/22;2300 UTC;0;922,3;922,3;920,3;;20,8;20,7;21,4;20,8;21,4;20,5;100;98;99;177;4,9;2,6;
2021/12/23;0000 UTC;0;923,5;923,5;922,2;;19,9;17,9;20,8;19,9;20,8;17,4;100;85;88;168;7,4;2,7;
2021/12/23;0100 UTC;12,6;923,9;924,8;922,9;;18,7;18,7;19,9;18,6;19,4;17,9;100;88;100;168;9,8;1,5;
2021/12/23;0200 UTC;,4;924;924,3;923,6;;18,6;18,6;18,9;18,6;18,9;18,6;100;100;100;158;6,5;2,6;
2021/12/23;0300 UTC;,2;923,7;924,1;923,6;;18,7;18,7;18,8;18,5;18,8;18,5;100;100;100;167;6,9;2,5;
2021/12/23;0400 UTC;0;923,2;923,7;923,2;;18,7;18,7;18,7;18,5;18,7;18,5;100;100;100;165;6;2,4;
2021/12/23;0500 UTC;,6;922,5;923,2;922,5;;18,2;18,2;18,8;18,2;18,8;18,2;100;100;100;177;5,6;1,5;
2021/12/23;0600 UTC;1;922,6;922,8;922,3;;17,9;17,9;18,3;17,9;18,3;17,9;100;100;100;160;3,9;1,8;
2021/12/23;0700 UTC;0;922,7;922,7;922,3;;18;18;18,2;17,9;18,2;17,9;100;100;100;186;3,7;1,3;
2021/12/23;0800 UTC;0;922,9;922,9;922,4;,4;16,5;16,4;18,3;16,5;18,3;16,4;100;99;99;167;6,7;3,3;
2021/12/23;0900 UTC;0;923,3;923,3;922,8;17,9;17,1;17;17,2;16,5;17,1;16,4;100;99;100;149;6,7;2,4;
2021/12/23;1000 UTC;0;923,7;923,7;923,3;205,6;17,4;17;17,4;17;17,2;16,9;100;97;97;162;5,7;3;
2021/12/23;1100 UTC;0;924,1;924,1;923,7;586,9;18,2;16,1;18,3;17,4;17,3;16,1;97;87;88;157;6,9;3,6;
2021/12/23;1200 UTC;0;924,6;924,7;924,1;1032,9;19,1;15,9;19,1;18,1;16,4;15,3;89;81;82;174;7,7;2,5;
2021/12/23;1300 UTC;0;924,6;924,7;924,5;1546,9;19,9;16;20,2;19,1;16,3;14,8;82;73;78;175;6,8;2,6;
2021/12/23;1400 UTC;0;924,6;924,9;924,5;1993,7;19,5;15,7;20,2;17,9;16,7;14,8;90;73;78;166;8,7;4,3;
2021/12/23;1500 UTC;0;924,8;924,8;924,5;2472,4;19,9;16,2;20,8;19,5;17;15,5;81;74;79;165;9,1;4,6;
2021/12/23;1600 UTC;0;924,6;924,8;924,6;2972;20,6;17,1;20,9;19,3;17,1;15,7;85;75;80;168;8,8;4,5;
2021/12/23;1700 UTC;0;924,3;924,7;924,2;2832,8;19,8;15,3;22;19,8;17,7;15,3;80;70;75;168;10,2;3,9;
2021/12/23;1800 UTC;0;924;924,3;923,9;2522,5;20,7;15,2;21,2;19,7;16,4;14,8;78;69;71;165;10,7;4,8;
2021/12/23;1900 UTC;0;923,6;924;923,6;2001,7;19,4;15,2;20,9;19,4;16,1;14,3;77;68;77;165;11;4,7;
2021/12/23;2000 UTC;0;923,6;923,8;923,6;1138,1;18,7;14;19,4;18,7;15,7;14;81;73;74;165;11,1;5,7;
2021/12/23;2100 UTC;0;923,6;923,7;923,5;549,8;18,6;14,1;18,9;18,4;14,5;13,5;77;73;75;171;11,1;4,1;
2021/12/23;2200 UTC;0;924,2;924,2;923,5;99,5;17,6;14,6;18,6;17,6;14,6;13,9;83;74;83;170;8,9;3,9;
2021/12/23;2300 UTC;0;924,5;924,6;924,1;;16,8;15;17,6;16,8;15,1;14,6;89;83;89;164;7,9;2,2;
2021/12/24;0000 UTC;0;924,8;924,8;924,5;;16,7;14,8;16,9;16,7;15;14,7;89;87;88;155;5,9;2,5;
2021/12/24;0100 UTC;,4;925,1;925,1;924,6;;16,5;16,5;16,9;16,4;16,6;14,8;100;88;100;162;8,2;2,3;
2021/12/24;0200 UTC;,2;924,7;925,1;924,7;;16,4;16,4;16,5;16,3;16,5;16,1;100;98;100;168;6,7;1,9;
2021/12/24;0300 UTC;0;924,1;924,7;924,1;;16,4;16,4;16,6;16,2;16,5;16,2;100;100;100;175;5,3;1,7;
2021/12/24;0400 UTC;,8;923,5;924,1;923,5;;16,5;16,5;16,5;16,3;16,5;16,3;100;100;100;161;4,9;2;
2021/12/24;0500 UTC;,8;923;923,6;923;;16,6;16,6;16,6;16,4;16,6;16,4;100;100;100;149;5,4;2,4;
2021/12/24;0600 UTC;,2;922,7;923;922,7;;16,6;16,6;16,7;16,4;16,7;16,4;100;100;100;154;7,6;2,9;
2021/12/24;0700 UTC;0;922,5;922,7;922,5;;16,7;16,7;16,8;16,6;16,8;16,6;100;100;100;155;8;3;
2021/12/24;0800 UTC;0;922,7;922,7;922,4;;16,6;16,6;16,7;16,6;16,7;16,6;100;100;100;161;6,6;2,9;
2021/12/24;0900 UTC;0;923,1;923,2;922,7;45,1;16,8;16,4;16,8;16,5;16,7;15,9;100;96;98;140;7,5;2;
2021/12/24;1000 UTC;,6;923,7;923,7;923,1;156,8;16,6;16,6;16,8;16,4;16,7;16,3;100;98;100;148;6,4;3;
2021/12/24;1100 UTC;,8;924,2;924,2;923,7;664,4;17,8;17,4;17,8;16,4;17,6;16,4;100;97;98;127;7,6;3,7;
2021/12/24;1200 UTC;,2;924,5;924,5;924,1;1972,3;18,6;16,2;19,2;17,5;17,7;15,8;98;83;86;136;8,8;3,6;
2021/12/24;1300 UTC;0;924,8;924,8;924,5;1484,8;18,3;16,6;18,6;17,1;18,2;16;100;85;90;119;7,9;3,8;
2021/12/24;1400 UTC;0;925;925;924,8;1542,3;18,3;17;19,2;17,2;17,5;15,3;99;82;92;126;8,1;3,4;
2021/12/24;1500 UTC;0;924,6;925;924,6;2723,2;20,6;16,2;20,7;18,2;17,2;15;93;73;76;147;9;3,9;
2021/12/24;1600 UTC;0;924,4;924,6;924,4;3653,9;20,6;15,9;21,5;19,6;17,1;14,5;79;68;75;136;9,2;3,7;
2021/12/24;1700 UTC;0;924,1;924,4;924,1;3414,6;20,7;14,8;21,6;20,2;16,4;14,3;75;66;69;124;11;3,8;
2021/12/24;1800 UTC;0;923,8;924,1;923,8;3263,6;21,1;13,9;21,9;20,7;15,6;13,1;71;60;63;132;8,9;3,9;
2021/12/24;1900 UTC;0;923,7;923,8;923,6;2241,6;20,2;14,6;21,3;20;15,8;13,7;74;63;70;136;9,6;4;
2021/12/24;2000 UTC;0;923,8;923,8;923,6;1232,5;19;14,6;20,6;18,9;15,5;14,2;78;70;76;132;8,7;3,9;
2021/12/24;2100 UTC;0;924,2;924,2;923,7;635,4;18,1;14,6;19,4;18,1;15,2;14,1;80;73;80;138;8,2;3,9;
2021/12/24;2200 UTC;0;924,6;924,6;924,2;135,8;17,3;14,5;18,2;17,3;15;14,1;85;79;83;148;8,4;3,1;
2021/12/24;2300 UTC;0;925,2;925,2;924,6;;16,9;14,8;17,3;16,8;15,1;14,4;88;83;88;153;8,6;4,1;
2021/12/25;0000 UTC;0;925,7;925,7;925,2;;16,8;15;17;16,6;15;14;89;84;89;136;8,1;3;
2021/12/25;0100 UTC;0;926;926,2;925,6;;16,3;14,5;16,8;16,3;14,9;13,9;89;85;89;132;10,4;3,6;
2021/12/25;0200 UTC;0;925,7;926;925,7;;16;14,6;16,3;16;14,8;14,2;91;88;91;121;8,8;3,6;
2021/12/25;0300 UTC;0;925,1;925,8;925,1;;15,9;14,2;16;15,9;14,7;14,2;92;90;90;137;9,7;3,2;
2021/12/25;0400 UTC;0;924,7;925,1;924,7;;15,8;13,9;16;15,7;14,7;13,9;93;88;89;135;8,4;4;
2021/12/25;0500 UTC;0;924,3;924,7;924,3;;15,4;13,8;15,9;15,4;14,1;13,7;91;88;90;130;8,4;2,2;
2021/12/25;0600 UTC;0;924,3;924,3;924,2;;14,8;14,2;15,4;14,8;14,2;13,4;96;89;96;104;4,7;1,6;
2021/12/25;0700 UTC;0;924,2;924,3;924,1;;14,6;14,6;15;14,6;14,7;13,5;100;92;100;117;4,2;1,3;
2021/12/25;0800 UTC;0;924,7;924,7;924,2;;14,9;14,7;15;14,4;14,7;14,4;100;97;99;131;5,5;1,9;
2021/12/25;0900 UTC;0;925,2;925,2;924,7;53,8;15,8;14,6;15,9;14,9;15,2;14,5;99;92;92;127;4,4;2,3;
2021/12/25;1000 UTC;0;925,6;925,6;925,2;445,3;16,7;14,9;16,8;15,8;15,2;14,1;92;88;89;124;6,3;2,3;
2021/12/25;1100 UTC;0;925,8;925,8;925,5;1059;18,6;14,8;18,6;16,6;15,4;13,9;90;77;78;128;5,2;2,3;
2021/12/25;1200 UTC;0;925,7;925,9;925,7;2240,1;19,3;14,2;19,6;18,1;15,7;13,5;79;71;72;120;5,5;2,5;
2021/12/25;1300 UTC;0;925,4;925,7;925,4;2802,3;20,6;12,5;21,7;19,2;15,1;12,3;75;57;60;141;6;2,6;
2021/12/25;1400 UTC;0;925,1;925,4;925,1;3590,8;21,6;13,4;22,2;20,2;14,8;12,2;66;57;60;149;6,4;3,1;
2021/12/25;1500 UTC;0;924,9;925,1;924,8;4169,9;22,2;14,5;23,6;21,4;16,3;13,2;66;56;62;123;6,4;3,2;
2021/12/25;1600 UTC;0;924,5;924,9;924,5;3422,8;22,5;14,6;23,5;22,2;15,9;13,4;65;56;61;131;5,9;2,3;
2021/12/25;1700 UTC;0;923,8;924,5;923,8;3718,1;22,7;15,5;23,6;22,2;16,8;13,8;67;57;64;137;7,9;3,6;
2021/12/25;1800 UTC;0;923,5;923,9;923,5;3280,8;22,3;15,2;23,6;21,9;16,8;14,7;68;61;64;115;8,6;4,1;
2021/12/25;1900 UTC;0;923,4;923,6;923,3;2543,4;21;16,2;22,7;20,9;16,5;14,7;74;61;74;129;9,4;4,3;
2021/12/25;2000 UTC;0;923,5;923,6;923,3;1426;19,5;16,3;21,2;19,2;16,9;15,6;84;72;82;135;9,4;3,5;
2021/12/25;2100 UTC;0;923,9;923,9;923,4;472,2;18,4;16,3;19,8;18,4;16,5;15,9;87;80;87;133;8,3;3,3;
2021/12/25;2200 UTC;0;924,2;924,2;923,9;62,7;18,3;15,9;18,6;18,3;16,8;15,9;90;86;86;135;6,8;3;
2021/12/25;2300 UTC;0;924,5;924,5;924,2;;18,2;16,1;18,5;18,2;16,6;16;89;86;87;109;6,7;2,5;
2021/12/26;0000 UTC;0;925;925;924,5;;18,2;15,7;18,3;18,1;16,3;15,5;88;84;85;94;5,7;2,1;
2021/12/26;0100 UTC;0;925,1;925,2;925;;17,6;15,6;18,4;17,6;16;15,5;88;84;88;131;4,3;1,3;
2021/12/26;0200 UTC;0;924,8;925,1;924,8;;17,2;15,8;17,6;17,2;15,8;15,6;91;88;91;115;3,1;1,1;
2021/12/26;0300 UTC;0;924,6;924,8;924,5;;16,7;16,6;17,3;16,7;16,7;15,6;99;91;99;140;2,5;,7;
2021/12/26;0400 UTC;0;924;924,6;924;;16,6;16,5;16,7;16,3;16,7;16,3;100;99;100;122;1,6;,9;
2021/12/26;0500 UTC;0;923,6;924;923,6;;16,4;16,4;16,6;16,1;16,6;16,1;100;100;100;80;1,5;,8;
2021/12/26;0600 UTC;0;923,2;923,6;923,2;;16,6;16,6;16,7;16,3;16,6;16,3;100;100;100;20;2,7;,9;
2021/12/26;0700 UTC;0;923,2;923,2;923,1;;16,8;16,2;16,8;16,5;16,7;16;100;95;96;7;4,7;1,4;
2021/12/26;0800 UTC;0;923,6;923,6;923,2;;16,8;16,3;16,9;16,7;16,3;15,7;97;93;97;7;4,2;1,5;
2021/12/26;0900 UTC;0;924,2;924,2;923,6;60,7;17,6;16,3;17,6;16,6;16,4;15,9;98;92;92;349;3,9;1,2;
2021/12/26;1000 UTC;0;924,6;924,6;924,2;735;18,9;15,5;19,3;17,5;16,4;15,5;92;81;81;343;3;1,2;
2021/12/26;1100 UTC;0;924,8;924,9;924,6;1667,8;21,1;15,4;21,9;18,9;17,3;15;83;68;70;325;3;,8;
2021/12/26;1200 UTC;0;925;925;924,7;2507,9;24,3;16;24,3;21;16,9;14,8;74;56;60;12;3,2;1,3;
2021/12/26;1300 UTC;0;924,8;925,1;924,8;3187,2;26;15,2;26,1;23,9;16,1;13,6;60;47;51;265;4,4;1,5;
2021/12/26;1400 UTC;0;924,2;924,8;924,2;3642,6;27,5;13,4;28;26;16,5;11,2;52;37;42;289;4,8;1,4;
2021/12/26;1500 UTC;0;923,6;924,3;923,6;3898,4;29,3;10;30;27,4;14,6;8,8;43;28;30;283;4,7;1,3;
2021/12/26;1600 UTC;0;923;923,6;923;4115,2;30,3;9,1;30,9;29,2;12,4;6,4;35;22;27;229;5,9;2,6;
2021/12/26;1700 UTC;0;922,5;923;922,5;3834,7;29,1;16;31,2;29,1;16;6,4;45;22;45;156;7,6;2,1;
2021/12/26;1800 UTC;0;921,9;922,5;921,9;3220,3;27,3;19,5;29,1;26,7;19,5;15,8;63;45;62;131;8,1;3,5;
2021/12/26;1900 UTC;0;921,4;922;921,4;2308,6;26,8;19,5;27,4;25,8;20;18,3;68;60;64;139;7,6;3,6;
2021/12/26;2000 UTC;0;921,3;921,4;921,3;1690,8;26,1;16,1;27,1;26,1;18,9;12,2;64;40;54;154;6,9;3,2;
2021/12/26;2100 UTC;0;921,5;921,5;921,2;645,2;23,6;17,7;26,4;23,6;18,4;15,3;70;50;69;120;7;3,1;
2021/12/26;2200 UTC;0;922,4;922,4;921,5;58,5;22,1;17,1;23,6;22;18;17;75;69;73;121;6,2;2,3;
2021/12/26;2300 UTC;0;922,8;922,8;922,4;;21,1;17,6;22,1;21,1;17,9;16,9;82;73;80;124;4,4;,7;
2021/12/27;0000 UTC;0;923,1;923,1;922,6;;20,7;17,2;21,2;20,4;17,5;16,9;81;77;81;153;1,5;,9;
2021/12/27;0100 UTC;0;923,6;923,6;923,1;;21,7;14,4;21,7;20,7;17,2;14,1;81;62;63;66;2,1;,8;
2021/12/27;0200 UTC;0;923,4;923,8;923,4;;22,4;11,9;22,6;21,5;14,8;11,6;65;50;52;28;2,8;1;
2021/12/27;0300 UTC;0;923,8;923,8;923,2;;22,5;12,9;22,9;22,1;12,9;11,8;55;50;55;195;5,1;2,2;
2021/12/27;0400 UTC;1;922,6;923,8;922,5;;20,3;13,9;22,6;18,9;16,8;12,9;85;54;67;74;5,5;2;
2021/12/27;0500 UTC;1;922,3;922,8;922,2;;18,4;16,7;20,9;18,4;16,7;12,9;90;60;90;66;4,6;1,9;
2021/12/27;0600 UTC;,2;923,1;923,1;922,3;;18,1;15,9;19,4;18,1;17,9;15,2;96;78;87;189;5,7;2,6;
2021/12/27;0700 UTC;0;922,5;923,1;922,3;;17,5;17,1;18,2;17,5;17,1;15,9;98;87;98;150;5,7;,4;
2021/12/27;0800 UTC;0;923,6;923,6;922,5;;18,3;18,3;18,3;17,5;18,3;17,3;100;98;100;154;3,2;1,7;
2021/12/27;0900 UTC;0;923,8;924,1;923,6;21,5;18,7;18,7;18,7;18,2;18,7;18,3;100;100;100;142;4,6;1,7;
2021/12/27;1000 UTC;0;924,3;924,3;923,8;532,7;20,8;18,9;20,8;18,6;19,6;18;100;86;89;131;3,5;1,1;
2021/12/27;1100 UTC;0;924,5;924,5;924,3;1265;20,8;18,2;21,7;20,5;19,1;17,5;89;80;85;127;3,1;1,3;
2021/12/27;1200 UTC;0;925,4;925,4;924,5;1913,7;22,6;18;23;20,8;19,5;17,1;87;70;75;125;4,6;2,4;
2021/12/27;1300 UTC;,2;925,7;925,7;925,2;1146,4;22,1;12,9;22,8;22;18,3;12,8;77;55;56;150;6,3;2,9;
2021/12/27;1400 UTC;0;925,4;926,4;925,4;1987,3;20,9;14,8;22,1;19,2;18,1;11,6;82;53;68;142;7,9;3,7;
2021/12/27;1500 UTC;0;924,5;925,4;924,5;3921,4;23,7;14,8;23,7;20,7;15,9;13;73;55;58;115;8,9;2,3;
2021/12/27;1600 UTC;,2;924,1;924,6;924,1;3501,9;25,3;14,6;25,4;22,8;15,9;13,2;62;47;52;88;5,3;1,9;
2021/12/27;1700 UTC;0;922,4;924,1;922,4;3641,8;27,8;14,3;28;25,3;16,3;13,1;56;43;44;29;5,2;1,9;
2021/12/27;1800 UTC;0;922,1;922,4;921,9;1509,4;25,1;14,6;28,2;25,1;16,3;13,7;57;42;52;24;4,8;1,1;
2021/12/27;1900 UTC;,4;923,9;923,9;921,7;114,2;20,9;16,9;25,5;20,9;20,2;14;88;49;78;203;8,3;2,8;
2021/12/27;2000 UTC;0;923,3;924;923,3;119,9;20,7;17,2;21,3;20,2;19,3;16,3;92;75;80;351;7,3;1,7;
2021/12/27;2100 UTC;,2;922,3;923,5;922,2;368,7;22,1;13,9;22,4;20,5;17,2;13,6;81;58;60;349;5,2;1,8;
2021/12/27;2200 UTC;0;923,3;923,3;922,3;61,8;20,9;16,4;22,1;20,9;17,7;14;80;60;76;23;4,1;1;
2021/12/27;2300 UTC;0;923,7;923,7;923,2;;21;16,4;21,2;20,5;16,5;16;76;73;75;23;4,4;1,4;
2021/12/28;0000 UTC;0;924,6;924,6;923,6;;20,6;15,5;21,1;20,3;16,5;15,5;76;73;73;86;4,4;1,6;
2021/12/28;0100 UTC;0;924,8;924,9;924,6;;19,8;16,4;20,6;19,7;16,5;15,5;81;73;81;107;3,1;1;
2021/12/28;0200 UTC;0;925,8;926,1;924,8;;19,6;16,9;20,2;19,5;16,9;16,1;85;78;84;159;5,6;2;
2021/12/28;0300 UTC;,6;925,9;926,3;925,7;;19;19;19,6;19;19,1;16,7;100;84;100;298;5,2;1,2;
2021/12/28;0400 UTC;,6;924,8;925,9;924,5;;18,5;18,5;19;18,4;18,9;18,4;100;100;100;316;4,7;1,3;
2021/12/28;0500 UTC;0;923,9;924,8;923,8;;18,2;18,2;18,5;18,1;18,5;18,1;100;100;100;1;3,3;1;
2021/12/28;0600 UTC;0;923,3;924;923,3;;17,8;17,8;18,2;17,8;18,2;17,8;100;100;100;318;3,5;,6;
2021/12/28;0700 UTC;0;923;923,4;922,8;;17,9;17,9;17,9;17,8;17,9;17,8;100;100;100;314;2,4;,6;
2021/12/28;0800 UTC;0;923,9;923,9;923;;18,2;18,2;18,2;17,8;18,2;17,8;100;100;100;278;2,2;,5;
2021/12/28;0900 UTC;0;924,2;924,2;923,8;17,5;18,5;18,5;18,5;18,1;18,5;18,1;100;100;100;122;2;,8;
2021/12/28;1000 UTC;0;925;925;924,2;238,9;19,7;19,6;19,7;18,5;19,7;18,6;100;99;99;337;2,6;,7;
2021/12/28;1100 UTC;0;925,6;925,6;925;890;22,7;18,5;22,7;19,7;20,1;17,6;100;77;77;11;3;,9;
2021/12/28;1200 UTC;0;925,9;925,9;925,6;2165,4;23,2;18,1;24,1;22,1;19,4;17,5;82;68;73;52;4,3;2,1;
2021/12/28;1300 UTC;0;926,3;926,3;925,9;3074,7;25,7;15,5;26;23,3;18,8;15,5;75;53;53;29;4,3;1,4;
2021/12/28;1400 UTC;,2;925,9;926,2;925,9;3499,3;27,3;15,5;27,5;25,4;16,8;12,7;57;41;49;9;3,9;,9;
2021/12/28;1500 UTC;0;926;926,1;925,8;2689,2;27,4;13,4;28,6;27,2;16,5;12,7;51;39;42;269;4,1;1,1;
2021/12/28;1600 UTC;0;926;926;925,7;625,3;25,7;16,9;27,4;25,5;16,9;13,2;58;42;58;276;7,2;1,6;
2021/12/28;1700 UTC;0;926,7;926,7;926;835;21,5;17,2;25,7;21,3;17,9;14,8;77;59;77;182;9,9;1,6;
2021/12/28;1800 UTC;0;926,6;926,9;926,6;717;21,3;17,8;21,7;20,9;18,2;16,5;84;74;81;119;5,6;2,7;
2021/12/28;1900 UTC;0;925,9;926,6;925,9;994,1;22,3;17,3;22,5;21,2;18,8;17;84;72;73;117;6;1,7;
2021/12/28;2000 UTC;0;925,2;925,9;925,2;706,9;22,9;14,4;23;22,3;17,6;13,9;74;58;59;11;4,6;1,7;
2021/12/28;2100 UTC;0;925,1;925,2;924,9;241,5;23,3;13,5;23,5;22,8;14,4;13;59;52;54;342;5;1,7;
2021/12/28;2200 UTC;0;925,5;925,5;925,1;89;21,2;16,2;23,3;21,1;16,2;13,5;73;54;73;126;3,9;1,6;
2021/12/28;2300 UTC;0;927,2;927,2;925,5;;19,5;18;21,3;19,5;18;16,2;91;73;91;120;5,7;2,2;
2021/12/29;0000 UTC;0;927,8;927,8;927,2;;19,3;19,3;19,5;19;19,3;18,1;100;91;100;146;5,7;2,2;
2021/12/29;0100 UTC;0;929,4;929,4;927,8;;19,2;19,2;19,4;19,1;19,3;18,5;100;96;100;131;5,1;1,2;
2021/12/29;0200 UTC;0;929,1;929,4;929;;18,9;18,9;19,3;18,9;19,3;18,9;100;100;100;160;3,3;,6;
2021/12/29;0300 UTC;0;928,2;929,1;928,2;;19;19;19,1;18,7;19,1;18,7;100;100;100;248;2,5;,4;
2021/12/29;0400 UTC;0;927,3;928,2;927,3;;18,8;18,8;19,2;18,7;19,1;18,7;100;98;100;50;2,6;,9;
2021/12/29;0500 UTC;0;926,5;927,4;926,4;;18,6;18,6;18,9;18,4;18,9;18,4;100;100;100;343;3,1;1,6;
2021/12/29;0600 UTC;0;926,6;926,8;926,5;;18,1;18,1;18,7;17,8;18,6;17,8;100;100;100;149;3,1;1,2;
2021/12/29;0700 UTC;0;927;927,2;926,6;;18,3;18,3;18,7;18,1;18,7;18,1;100;100;100;152;4,6;2;
2021/12/29;0800 UTC;0;927,7;927,7;927;;17,7;17,7;18,3;17,6;18,3;17,6;100;100;100;179;4,6;1,3;
2021/12/29;0900 UTC;0;928,2;928,2;927,7;46,2;18,4;18,4;18,4;17,7;18,4;17,7;100;100;100;160;5,3;2;
2021/12/29;1000 UTC;0;928,6;928,6;928,2;412,7;19,8;19,2;19,9;18,4;19,7;18,4;100;97;97;134;4,5;1,7;
2021/12/29;1100 UTC;0;928,7;928,7;928,6;1529,8;21,5;18,5;21,6;19,8;20;18;98;81;83;112;4,8;2;
2021/12/29;1200 UTC;0;928,7;928,9;928,7;1536,1;22,1;18,1;22,1;21,2;19;17,4;85;78;78;145;3,9;2,1;
2021/12/29;1300 UTC;0;928,6;928,8;928,6;2832,7;23,5;17,6;23,7;21,8;19,3;17,1;81;69;70;120;5,2;2,7;
2021/12/29;1400 UTC;0;928,4;928,7;928,3;3477,6;24,1;17,1;24,3;23,1;18,7;16,6;73;64;65;151;6,5;3,1;
2021/12/29;1500 UTC;0;928;928,4;928;3850,9;25,6;18,1;25,7;24,1;18,4;16,8;67;60;63;150;6,5;2,9;
2021/12/29;1600 UTC;0;927,4;928,1;927,4;3539,1;25,4;17,7;26,2;25;18,9;16,9;67;59;63;151;6;3,4;
2021/12/29;1700 UTC;0;926,8;927,4;926,7;3651,7;25,2;19,9;25,8;24,9;20;17,6;73;62;73;144;8,9;3,8;
2021/12/29;1800 UTC;0;926,4;926,8;926,4;2869,8;23;19,9;25,2;22,5;20,1;18,6;83;69;82;146;10,1;4,5;
2021/12/29;1900 UTC;0;925,9;926,4;925,9;1202,9;20,9;18,9;23,2;20,9;19,8;18,8;89;80;89;136;11,5;4,1;
2021/12/29;2000 UTC;0;926,1;926,2;925,7;782,2;20,5;18,6;21,7;20,5;19,3;18,5;90;83;89;143;10,1;4,1;
2021/12/29;2100 UTC;0;926,9;926,9;926;81,3;19,8;19,6;20,5;19,4;19,8;18,7;100;89;99;116;9;2,7;
2021/12/29;2200 UTC;,2;926,7;926,9;926,6;18;19,6;19,2;19,7;19,5;19,7;18,9;100;96;98;126;6,8;2,9;
2021/12/29;2300 UTC;0;927,1;927,1;926,7;;19,5;19,2;19,8;19,5;19,7;19,2;100;98;98;132;6,8;2,7;
2021/12/30;0000 UTC;0;927,4;927,5;927;;19,6;19,4;19,7;19,5;19,5;18,9;99;96;99;145;6,4;2,4;
2021/12/30;0100 UTC;0;927,9;928;927,4;;19,8;19,4;19,9;19,6;19,7;19,3;99;98;98;139;5,4;2,3;
2021/12/30;0200 UTC;0;927,6;928,1;927,6;;19,6;19,3;19,9;19,6;19,6;18,6;98;93;98;114;6,4;2,3;
2021/12/30;0300 UTC;0;927,1;927,6;927,1;;19,8;19,7;19,8;19,6;19,8;19,2;100;97;99;121;4,8;2,3;
2021/12/30;0400 UTC;0;926,3;927,1;926,3;;19,5;19,4;19,9;19,4;19,8;19,2;100;97;100;118;4,9;2,1;
2021/12/30;0500 UTC;0;925,8;926,4;925,8;;19,2;19,2;19,5;19,2;19,5;19,2;100;100;100;122;4,5;1,4;
2021/12/30;0600 UTC;0;925,3;925,8;925,2;;18,9;18,9;19,2;18,9;19,2;18,9;100;100;100;108;3,2;1;
2021/12/30;0700 UTC;0;925;925,3;925;;18,8;18,8;19;18,8;18,9;18,8;100;99;100;113;3,4;1,4;
2021/12/30;0800 UTC;0;925,2;925,2;925;;18,6;18,6;18,8;18,6;18,8;18,5;100;100;100;118;2,9;,9;
2021/12/30;0900 UTC;0;925,5;925,5;925,2;47,2;18,6;18,6;18,7;18,2;18,6;18,2;100;99;100;156;2;1;
2021/12/30;1000 UTC;0;925,8;925,8;925,5;444,2;19,9;19,4;19,9;18,6;19,6;18,4;100;93;97;119;3,9;1,9;
2021/12/30;1100 UTC;0;926,1;926,1;925,8;932,3;20,5;18,3;20,6;19,6;19,7;18,3;98;87;87;117;4,5;1,9;
2021/12/30;1200 UTC;0;926,3;926,4;926,1;986,6;21,4;18,6;21,4;20,5;19,1;18,2;89;84;84;150;4;1,8;
2021/12/30;1300 UTC;0;926,1;926,3;926,1;1341,8;22;18,7;22;21,4;19,3;18,2;86;81;82;152;5,2;2,1;
2021/12/30;1400 UTC;0;925,7;926,1;925,7;979,9;22,3;18,7;22,7;21,9;19,5;18,2;83;76;80;124;4,9;1,9;
2021/12/30;1500 UTC;0;925,2;925,8;925,2;873,8;22,5;18,9;22,7;22;19,9;18,5;85;80;80;132;4,4;2;
2021/12/30;1600 UTC;0;924,4;925,2;924,4;957,1;21,8;18,8;23,1;21,8;20;18,8;87;79;83;143;5,2;1,3;
2021/12/30;1700 UTC;,2;923,7;924,4;923,6;1221,9;21,7;20;22,8;21,5;20,2;18,8;91;81;90;120;5,8;2,8;
2021/12/30;1800 UTC;0;923;923,7;923;1067,8;21,8;20,1;22,1;21,2;20,7;19,4;96;87;90;133;6,5;3;
2021/12/30;1900 UTC;3,2;922,9;923;922,6;831,7;19,9;19,9;22;19,9;19,9;18,8;100;85;100;117;8,4;4,2;
2021/12/30;2000 UTC;8,4;922,5;922,9;922,4;91,1;19,2;19,2;19,9;19;19,6;19;100;100;100;133;9;3,4;
2021/12/30;2100 UTC;5,6;922,7;922,8;922,5;40,7;19,1;19,1;19,4;19,1;19,3;19,1;100;100;100;127;7,9;3,1;
2021/12/30;2200 UTC;3;922,9;922,9;922,6;12,4;19;19;19,3;19;19,3;19;100;100;100;129;7,1;3,3;
2021/12/30;2300 UTC;1,2;923,2;923,2;922,9;;19,1;19,1;19,1;18,9;19,1;18,9;100;100;100;130;7,4;2,2;
2021/12/31;0000 UTC;,2;923,6;923,6;923,2;;19;19;19,1;18,9;19,1;18,9;100;100;100;118;5,4;1,8;
2021/12/31;0100 UTC;0;923,9;923,9;923,6;;19;19;19,1;18,9;19,1;18,9;100;100;100;107;3,3;,6;
2021/12/31;0200 UTC;,2;923,9;923,9;923,9;;18,8;18,8;19;18,8;19;18,8;100;100;100;66;2,4;,9;
2021/12/31;0300 UTC;,2;923,1;924;923,1;;18,8;18,8;18,8;18,6;18,8;18,6;100;100;100;108;3,6;1,6;
2021/12/31;0400 UTC;0;922,1;923,1;922,1;;18,3;18,3;18,9;18,3;18,8;18,3;100;100;100;118;3;1;
2021/12/31;0500 UTC;0;921,4;922,1;921,4;;18,6;18,6;18,7;18,3;18,7;18,3;100;100;100;97;2,5;1;
2021/12/31;0600 UTC;0;920,4;921,4;920,4;;18,8;18,8;18,8;18,6;18,8;18,6;100;100;100;58;2,8;1;
2021/12/31;0700 UTC;0;920,2;920,4;920,2;;18,7;18,7;18,8;18,6;18,8;18,6;100;100;100;43;4,6;,9;
2021/12/31;0800 UTC;0;920,2;920,3;920,1;;18,7;18,7;18,8;18,6;18,8;18,6;100;100;100;18;3,6;1,2;
2021/12/31;0900 UTC;0;921;921;920,1;9,9;18,7;18,7;18,7;18,5;18,7;18,5;100;100;100;7;3,6;1,4;
2021/12/31;1000 UTC;1,4;921,4;921,4;921;112,8;19,3;19,3;19,3;18,7;19,3;18,7;100;100;100;359;3,9;,6;
2021/12/31;1100 UTC;0;921,5;921,5;921,2;1321,5;22;20;22,2;19,3;21,5;19,3;100;86;89;23;3,4;1,5;
2021/12/31;1200 UTC;0;921,6;921,6;921,4;1971,9;22,9;19,8;23;20,8;20,8;18,8;94;78;83;40;3,6;1,3;
2021/12/31;1300 UTC;0;921,3;921,6;921,2;1350,8;23,1;19,6;23,9;22,4;20,5;18,4;85;72;81;22;3,8;1,3;
2021/12/31;1400 UTC;0;921;921,3;921;2151,4;24,3;19,9;24,6;22,6;21;18,7;85;73;77;341;6,5;2,2;
2021/12/31;1500 UTC;4;920,8;921;920,8;676,3;21,9;21,9;24,4;20,6;22;19,2;100;74;100;351;5;1;
2021/12/31;1600 UTC;,4;920,2;920,8;920,2;1979,1;22;21,7;24,1;21,5;22,5;20,3;100;83;98;339;5,6;,8;
2021/12/31;1700 UTC;,2;919,9;920,2;919,9;556,9;21,8;21,3;22,5;21,5;22,5;19,8;100;90;97;160;3,2;,8;
2021/12/31;1800 UTC;10,4;919,5;919,9;919,5;183,7;20,2;20,2;21,8;19,8;21,8;19,8;100;97;100;123;6,1;,6;
2021/12/31;1900 UTC;31,2;919,6;919,8;919,5;82,3;19,4;19,4;20,2;19,3;20,2;19,3;100;100;100;138;4,1;1,9;
2021/12/31;2000 UTC;1,4;920;920;919,6;116,4;19,5;19,5;19,7;19,2;19,7;19,2;100;100;100;121;4,6;1;
2021/12/31;2100 UTC;2,4;919,9;920,1;919,9;135,3;19,5;19,5;19,7;19,3;19,6;19,3;100;100;100;103;2,6;,8;
2021/12/31;2200 UTC;0;920,9;920,9;919,8;34,7;19,4;19,4;19,7;19,3;19,7;19,3;100;100;100;188;2,6;1;
2021/12/31;2300 UTC;,2;921;921;920,7;;19,3;19,3;19,5;19,2;19,5;19,2;100;100;100;143;2,6;,5;
