REGIAO:;NE
UF:;CE
ESTACAO:;SOBRAL
CODIGO (WMO):;A306
LATITUDE:;-3,74805555
LONGITUDE:;-40,34583333
ALTITUDE:;92,07
DATA DE FUNDACAO:;12/02/03
Data;Hora UTC;PRECIPITAO TOTAL, HORRIO (mm);PRESSAO ATMOSFERICA AO NIVEL DA ESTACAO, HORARIA (mB);PRESSO ATMOSFERICA MAX.NA HORA ANT. (AUT) (mB);PRESSO ATMOSFERICA MIN. NA HORA ANT. (AUT) (mB);RADIACAO GLOBAL (Kj/m);TEMPERATURA DO AR - BULBO SECO, HORARIA (C);TEMPERATURA DO PONTO DE ORVALHO (C);TEMPERATURA MXIMA NA HORA ANT. (AUT) (C);TEMPERATURA MNIMA NA HORA ANT. (AUT) (C);TEMPERATURA ORVALHO MAX. NA HORA ANT. (AUT) (C);TEMPERATURA ORVALHO MIN. NA HORA ANT. (AUT) (C);UMIDADE REL. MAX. NA HORA ANT. (AUT) (%);UMIDADE REL. MIN. NA HORA ANT. (AUT) (%);UMIDADE RELATIVA DO AR, HORARIA (%);VENTO, DIREO HORARIA (gr) ( (gr));VENTO, RAJADA MAXIMA (m/s);VENTO, VELOCIDADE HORARIA (m/s);
2021/01/01;0000 UTC;0;1000,1;1000,1;999,1;;27,7;20,4;28,7;27,7;20,4;19,5;65;57;65;26;9,9;3,4;
2021/01/01;0100 UTC;0;1000,9;1000,9;1000,1;;27;21,9;27,6;26,9;21,9;20,4;74;64;74;25;8,1;,6;
2021/01/01;0200 UTC;0;1001,5;1001,5;1000,8;;26,3;22,3;27;26,3;22,4;21,9;79;74;79;351;7,1;0;
2021/01/01;0300 UTC;0;1001,2;1001,5;1001,1;;26,1;22,8;26,3;26,1;22,9;22,4;82;79;82;4;5,6;0;
2021/01/01;0400 UTC;0;1000,7;1001,1;1000,7;;26;23;26,1;25,9;23;22,9;84;82;84;1;5,6;,3;
2021/01/01;0500 UTC;0;1000,3;1000,8;1000,3;;25,6;22,8;26;25,6;23;22,8;84;83;84;29;3,7;0;
2021/01/01;0600 UTC;0;1000;1000,4;1000;;25,1;22,7;25,7;25;22,9;22,6;87;84;87;29;0;0;
2021/01/01;0700 UTC;0;1000,1;1000,1;999,9;;24,8;22,6;25,1;24,8;22,7;22,6;88;87;88;253;0;0;
2021/01/01;0800 UTC;0;1000,9;1000,9;1000;;24,4;22,3;24,8;24,4;22,8;22,3;89;88;88;199;0;0;
2021/01/01;0900 UTC;0;1001,5;1001,5;1000,9;1;24,5;22,5;24,8;24,1;22,8;22,1;90;88;89;180;0;0;
2021/01/01;1000 UTC;0;1002,3;1002,3;1001,5;66,3;25,2;22,9;25,2;24,5;22,9;22,5;89;86;87;150;0;0;
2021/01/01;1100 UTC;,2;1002,5;1002,5;1002,3;393,1;26,1;23,1;26,1;24,8;23,3;22,6;88;83;83;82;0;0;
2021/01/01;1200 UTC;0;1002,4;1002,5;1002,4;1468;29,7;20,8;30;26,1;23,7;20,8;83;58;59;103;8,9;3,2;
2021/01/01;1300 UTC;0;1002,3;1002,5;1002,3;1783,2;30,6;20,4;31,1;29,4;21,2;20;59;53;55;121;9,3;1,7;
2021/01/01;1400 UTC;0;1002;1002,3;1002;1815,5;32,2;19,8;32,2;30,5;20,6;19,4;55;48;48;101;7;,3;
2021/01/01;1500 UTC;0;1001,2;1002;1001,2;2302,5;33,6;18,1;33,6;31,7;19,8;18,1;48;40;40;92;5,5;0;
2021/01/01;1600 UTC;0;1000;1001,2;1000;2977,1;34,6;17,1;35,5;32,9;18,4;17,1;41;35;35;101;8;,7;
2021/01/01;1700 UTC;0;998,8;1000;998,8;2999,7;35;15,8;36,4;34;17,7;15,8;37;31;32;98;7,1;1,1;
2021/01/01;1800 UTC;0;997,7;998,8;997,7;2663,9;36,8;15,8;36,8;34,9;16,6;15,5;32;29;29;113;7,3;1,1;
2021/01/01;1900 UTC;0;997;997,7;997;1558,8;35,9;15;37,4;35,9;16,1;14,6;29;27;29;76;7,2;0;
2021/01/01;2000 UTC;0;997;997;996,9;826,3;36,4;15,1;36,7;35,8;15,2;14,6;29;27;28;65;4,1;0;
2021/01/01;2100 UTC;0;997,7;997,7;996,9;505,7;33,1;18,5;36,6;33,1;18,7;14,4;42;27;42;12;9,9;4,3;
2021/01/01;2200 UTC;0;998,5;998,6;997,7;8,4;30,4;19;33,1;30,4;19,1;18,4;51;42;51;16;10,9;5,5;
2021/01/01;2300 UTC;0;999,6;999,6;998,5;;28,9;19,7;30,4;28,9;19,7;19;57;51;57;23;10,6;2,6;
2021/01/02;0000 UTC;0;1000,1;1000,1;999,6;;27,9;19,6;28,9;27,9;19,7;19,5;61;58;61;25;8,6;3,2;
2021/01/02;0100 UTC;0;1000,3;1000,5;1000,1;;27;20,4;28;27;20,4;19,6;67;61;67;27;8,6;2,7;
2021/01/02;0200 UTC;0;1000,5;1000,7;1000,2;;26,5;21,8;27;26,5;21,8;20,4;76;67;76;15;6,9;0;
2021/01/02;0300 UTC;0;1000,4;1000,6;1000,3;;26;22,3;26,5;26;22,3;21,8;80;76;80;6;0;0;
2021/01/02;0400 UTC;0;1000,3;1000,5;1000,3;;25,8;22,7;26;25,7;22,7;22,3;83;80;83;350;3,2;,1;
2021/01/02;0500 UTC;0;1000;1000,4;1000;;25,6;22,6;25,8;25,6;22,7;22,6;84;83;84;10;3,2;0;
2021/01/02;0600 UTC;0;999,9;1000;999,8;;25,3;22,5;25,7;25,3;22,7;22,5;85;84;85;20;3,6;0;
2021/01/02;0700 UTC;0;999,9;1000;999,9;;24,7;22,3;25,3;24,7;22,6;22,3;87;85;86;53;0;0;
2021/01/02;0800 UTC;0;1000,5;1000,5;999,9;;24,3;22,3;24,8;24,2;22,4;22,1;89;86;89;145;0;0;
2021/01/02;0900 UTC;0;1001;1001;1000,5;;24,4;22,5;24,4;24,2;22,5;22,1;89;88;89;146;0;0;
2021/01/02;1000 UTC;0;1001,2;1001,2;1001;196,9;25,5;22,8;25,5;24,2;22,8;22,3;90;85;85;201;0;0;
2021/01/02;1100 UTC;0;1001,6;1001,7;1001,2;852,6;28,2;21,8;28,2;25,5;22,7;21,8;85;68;68;116;0;0;
2021/01/02;1200 UTC;0;1001,5;1001,7;1001,5;1053,6;29,2;21;29,4;28;21,9;20,8;69;61;61;96;7,1;,1;
2021/01/02;1300 UTC;0;1001,1;1001,5;1001,1;2007,5;30,9;19,1;31,1;29;20,9;19,1;61;49;49;55;8,3;0;
2021/01/02;1400 UTC;0;1000,6;1001,1;1000,6;1792,5;31,5;17,6;32,4;30,5;19,3;17,6;50;42;43;57;8,2;1,8;
2021/01/02;1500 UTC;0;999,7;1000,6;999,7;3108,2;34,6;16,4;35,3;31,5;18,3;16,1;45;33;34;93;10,4;3,4;
2021/01/02;1600 UTC;0;998,5;999,7;998,5;3290,6;34,6;16,4;35,4;33,3;17,2;16;37;33;34;63;10,4;3,7;
2021/01/02;1700 UTC;0;997,4;998,5;997,4;2816,5;35,4;15,9;36,4;34,3;16,8;15,7;34;31;31;98;8,8;3,7;
2021/01/02;1800 UTC;0;996,3;997,4;996,2;2425,4;35,7;15,2;37;35;16,4;15,2;32;29;30;81;9,5;4;
2021/01/02;1900 UTC;0;995,7;996,3;995,7;1782,9;36,1;15,3;37,3;35,4;15,7;14,8;30;28;29;64;9,8;4;
2021/01/02;2000 UTC;0;995,5;995,7;995,4;1278,9;35,1;17,3;37;35,1;17,3;15,1;35;28;35;50;9,2;4;
2021/01/02;2100 UTC;0;996,1;996,1;995,5;240,2;32,4;18,4;35;32,4;18,5;17,3;43;35;43;33;10,4;5,6;
2021/01/02;2200 UTC;0;996,9;996,9;996,1;6,4;30,4;18,9;32,4;30,4;18,9;18,4;50;43;50;30;11,3;5;
2021/01/02;2300 UTC;0;997,7;997,8;996,9;;28,7;19,2;30,4;28,7;19,3;18,8;57;50;57;26;10,9;4,6;
2021/01/03;0000 UTC;0;998,3;998,3;997,7;;27,6;19,8;28,7;27,6;19,8;19,2;63;57;63;34;10,5;4,5;
2021/01/03;0100 UTC;0;998,4;998,5;998,3;;26,8;20,7;27,5;26,8;20,7;19,8;69;63;69;27;9,9;4,1;
2021/01/03;0200 UTC;0;998,9;998,9;998,3;;26;21,7;26,8;26;21,7;20,7;77;69;77;19;7,2;1,3;
2021/01/03;0300 UTC;0;998,7;998,9;998,7;;25,7;22,4;26,1;25,7;22,4;21,7;82;77;82;15;5,5;2,3;
2021/01/03;0400 UTC;0;998,7;998,7;998,6;;25,4;22,4;25,7;25,4;22,5;22,4;83;82;83;9;4,6;,6;
2021/01/03;0500 UTC;0;998,5;998,7;998,5;;25,3;22,5;25,4;25,2;22,5;22,3;85;83;85;21;3,5;0;
2021/01/03;0600 UTC;0;998,5;998,7;998,5;;24,9;22,4;25,3;24,9;22,5;22,3;86;85;86;18;0;0;
2021/01/03;0700 UTC;0;998,8;998,8;998,5;;24,4;22,2;25;24,4;22,5;22,1;88;86;88;22;0;0;
2021/01/03;0800 UTC;0;999,1;999,1;998,7;;24,4;22,2;24,5;24,2;22,3;22;88;87;87;41;0;0;
2021/01/03;0900 UTC;0;999,5;999,6;999,1;;23,9;22;24,4;23,6;22,2;21,5;90;87;89;49;0;0;
2021/01/03;1000 UTC;0;1000;1000;999,4;86,6;25;22,4;25;23,9;22,4;21,9;89;85;85;78;0;0;
2021/01/03;1100 UTC;0;1000;1000,1;999,9;462,8;27,1;22,6;27,1;25;22,7;22,4;85;76;76;53;0;0;
2021/01/03;1200 UTC;0;999,9;1000;999,8;1505,1;28,3;21,3;29;27,1;22,7;21,1;76;65;66;69;4,4;2;
2021/01/03;1300 UTC;0;999,9;1000;999,9;1096,5;29,7;20,5;29,8;28,3;21,6;20,4;66;57;58;56;5,2;1,1;
2021/01/03;1400 UTC;0;999,4;1000;999,4;2504,7;31,8;19,3;32,6;29,7;20,9;18,3;58;45;48;56;13,4;3,2;
2021/01/03;1500 UTC;0;998,2;999,4;998,2;2355,2;34,5;17,4;34,5;31,8;19,2;17;48;36;36;47;7,3;1,4;
2021/01/03;1600 UTC;0;997,2;998,2;997,1;2066,3;34,2;15,5;35,9;33,5;17,1;15,5;36;32;33;82;13,1;4,1;
2021/01/03;1700 UTC;0;996,3;997,2;996,3;2493,3;36,6;14,7;37;34,2;16;14,6;33;27;27;81;9,1;4;
2021/01/03;1800 UTC;0;995,6;996,3;995,6;1836,1;35,5;15,3;37;35,4;16,1;14,6;31;27;30;70;9,1;2,4;
2021/01/03;1900 UTC;0;995,6;995,6;995,5;1088,8;35,2;17,7;35,8;34,7;17,7;15,4;36;30;36;39;9,1;4,6;
2021/01/03;2000 UTC;0;995,8;995,8;995,5;1222,6;33,6;18,2;35,2;33,6;18,3;17,7;40;36;40;41;11;5,1;
2021/01/03;2100 UTC;0;996,4;996,4;995,7;351,8;31,2;19,8;33,6;31,2;19,8;18,2;51;40;51;22;12,1;6,7;
2021/01/03;2200 UTC;0;997;997;996,4;13,8;30;19,5;31,2;30;19,9;19,4;53;51;53;27;12;5;
2021/01/03;2300 UTC;0;997,5;997,5;997;;28,7;19,9;30;28,7;20,3;19,5;60;53;59;32;10,7;4,8;
2021/01/04;0000 UTC;0;998,1;998,1;997,5;;27,5;20,9;28,7;27,5;20,9;19,7;67;59;67;33;10,1;5,1;
2021/01/04;0100 UTC;0;998,6;998,6;998,1;;26,7;22,3;27,6;26,7;22,3;20,9;77;67;77;28;9,8;2;
2021/01/04;0200 UTC;0;998,8;998,8;998,5;;26,3;22,8;26,7;26,3;22,8;22,3;81;77;81;32;7,7;0;
2021/01/04;0300 UTC;0;999;999,1;998,8;;26,4;23;26,4;26,3;23;22,8;82;81;82;19;4,3;,1;
2021/01/04;0400 UTC;0;998,7;999;998,7;;26,1;22,9;26,4;26,1;23;22,9;82;81;82;28;4,3;0;
2021/01/04;0500 UTC;0;998,3;998,7;998,2;;25,7;22,8;26,1;25,7;22,9;22,8;84;82;84;23;0;0;
2021/01/04;0600 UTC;0;998,4;998,4;998,2;;25,4;22,8;25,7;25,3;22,9;22,8;86;84;86;28;0;0;
2021/01/04;0700 UTC;0;998,5;998,5;998,4;;25,3;22,7;25,6;25,3;22,9;22,7;86;85;85;25;0;0;
2021/01/04;0800 UTC;0;998,8;998,9;998,4;;25,2;22,7;25,3;25;22,7;22,5;86;85;86;47;0;0;
2021/01/04;0900 UTC;0;999,6;999,6;998,8;;24,9;22,7;25,2;24,7;22,7;22,4;88;86;88;47;0;0;
2021/01/04;1000 UTC;0;1000;1000;999,5;185,4;25,9;22,7;26;24,9;23,1;22,7;88;83;83;27;0;0;
2021/01/04;1100 UTC;0;1000,4;1000,4;1000;558,1;27;22,6;27;25,8;22,9;22,6;83;77;77;25;0;0;
2021/01/04;1200 UTC;0;1000,5;1000,6;1000,4;1253,9;28,6;22;29,2;26,8;22,9;21,7;78;66;68;108;0;0;
2021/01/04;1300 UTC;0;1000;1000,5;1000;1928,7;31,2;20,1;31,4;28,4;22,3;20,1;68;52;52;83;5,5;,1;
2021/01/04;1400 UTC;0;999,6;1000;999,6;1414,6;30,7;20,2;31,9;30,7;20,2;18,6;53;47;53;96;8,1;,1;
2021/01/04;1500 UTC;,8;1000,2;1000,7;999,6;500,7;24,2;23,5;30,7;23,8;23,5;19,3;96;53;96;75;13,9;1;
2021/01/04;1600 UTC;,6;999,3;1000,2;999,3;2381;27,8;22,8;28,6;24,2;25,4;22,7;96;73;74;21;7,4;,4;
2021/01/04;1700 UTC;,4;998;999,3;998;2549,6;31,1;21;31,1;27,8;23,7;20,8;75;54;55;191;6,1;0;
2021/01/04;1800 UTC;,6;997,1;998;997,1;2193,1;32,3;20,3;33;31,1;21,5;18,5;56;44;49;347;0;0;
2021/01/04;1900 UTC;,4;996,9;997,2;996,6;1753,2;30,7;19,6;34,1;30,7;20,8;18,1;52;39;52;22;8,8;3,1;
2021/01/04;2000 UTC;,6;996,8;997;996,7;1244;32,1;19,6;32,1;29,3;20,8;18,7;59;46;48;344;8,8;,1;
2021/01/04;2100 UTC;,6;997,1;997,1;996,7;480,4;30,9;18,6;32,1;30,9;19,8;18,4;50;45;48;34;9,3;4,4;
2021/01/04;2200 UTC;,4;997,6;997,6;997,1;4;29,4;18,7;30,9;29,4;18,7;18,5;53;48;53;30;9,3;3,1;
2021/01/04;2300 UTC;,4;998,7;998,7;997,6;;27,9;19,4;29,4;27,9;19,4;18,7;60;53;60;28;8,5;1,4;
2021/01/05;0000 UTC;,2;999,3;999,3;998,7;;26,9;20,2;27,9;26,9;20,2;19,3;67;59;67;26;7;1,1;
2021/01/05;0100 UTC;,2;999,5;999,5;999,3;;26,2;21,2;26,9;26,1;21,2;20,2;74;67;74;13;3,5;0;
2021/01/05;0200 UTC;,2;999,7;999,7;999,4;;25,7;21,8;26,2;25,7;21,8;21,2;79;74;79;22;4,5;0;
2021/01/05;0300 UTC;0;999,9;999,9;999,6;;25,3;22,2;25,8;25,3;22,2;21,8;83;79;83;20;2,9;0;
2021/01/05;0400 UTC;,2;999,5;999,9;999,5;;25,1;22,3;25,3;25,1;22,4;22,2;85;83;85;10;4;0;
2021/01/05;0500 UTC;,2;999,7;999,7;999,4;;24,7;22,3;25,1;24,7;22,3;22,2;86;85;86;15;0;0;
2021/01/05;0600 UTC;0;999,7;999,7;999,6;;24,3;22,1;24,7;24,3;22,4;22,1;88;86;87;351;0;0;
2021/01/05;0700 UTC;0;999,6;999,7;999,5;;23,6;21,9;24,5;23,6;22,2;21,7;90;87;90;336;0;0;
2021/01/05;0800 UTC;,2;1000;1000;999,6;;23,9;22,4;23,9;23,4;22,4;21,8;91;90;91;182;0;0;
2021/01/05;0900 UTC;0;1000,8;1000,8;1000;;23,5;22;24,1;23,5;22,5;22;91;91;91;196;0;0;
2021/01/05;1000 UTC;0;1001,4;1001,4;1000,8;279,6;25,4;23,1;25,4;23,5;23,2;22;91;87;87;188;0;0;
2021/01/05;1100 UTC;,2;1001,6;1001,6;1001,4;1022,4;27,9;22,8;27,9;25,4;23,2;22,1;87;73;74;116;0;0;
2021/01/05;1200 UTC;0;1001,8;1001,8;1001,6;1779,3;28,8;21,5;29,4;27,6;22,7;20,8;74;61;65;74;7,1;3,3;
2021/01/05;1300 UTC;0;1001,5;1001,9;1001,5;2199,2;31,6;20,4;31,6;28,7;21,3;19,5;65;51;51;90;7,2;,7;
2021/01/05;1400 UTC;,2;1001,2;1001,5;1001,2;2779,3;32,3;19;32,4;30,4;20,4;17,9;52;45;45;101;10,1;3,4;
2021/01/05;1500 UTC;,2;1000,3;1001,2;1000,3;2122,8;31,7;19;32,8;30,5;19,7;17,5;51;42;47;69;8,1;2;
2021/01/05;1600 UTC;0;999,3;1000,3;999,3;3890;33,7;18,6;34,5;31,4;19,9;18,2;47;40;41;348;8;1,7;
2021/01/05;1700 UTC;0;997,9;999,3;997,8;3528,2;35,7;16,1;35,7;32,8;19,1;15;44;31;31;36;8;1,2;
2021/01/05;1800 UTC;,2;996,8;997,9;996,7;1614,3;34,4;16,1;35,8;33,5;18,8;15,8;40;31;34;63;6,6;0;
2021/01/05;1900 UTC;0;996,2;996,8;996,2;1580,4;36,1;15;36,3;34,2;16,3;14,8;34;28;29;90;8,1;,5;
2021/01/05;2000 UTC;,2;996,2;996,3;996,1;1396,5;35,1;15,4;36,7;35;16,2;14,6;32;27;31;41;8,4;,1;
2021/01/05;2100 UTC;0;996,9;996,9;996,2;269,2;33,2;17,7;35,1;33,2;17,7;15;40;30;40;42;7,9;1,2;
2021/01/05;2200 UTC;0;997,7;997,7;996,9;10,9;31;18,3;33,2;31;18,5;17,7;47;40;47;29;9,1;4,6;
2021/01/05;2300 UTC;,2;998,5;998,5;997,7;;29,2;18,2;31;29,2;18,3;18;52;47;52;32;9,7;4,2;
2021/01/06;0000 UTC;0;999,2;999,2;998,5;;27,8;19,4;29,2;27,8;19,4;18,3;60;52;60;24;8,5;4,2;
2021/01/06;0100 UTC;0;999,5;999,5;999,2;;26,7;20,9;27,8;26,7;20,9;19,4;71;60;71;30;8,5;2;
2021/01/06;0200 UTC;0;999,3;999,6;999,3;;25,9;21,8;26,7;25,9;21,8;21;78;71;78;22;7,2;,3;
2021/01/06;0300 UTC;0;999,3;999,3;999,2;;25,4;22,4;25,9;25,4;22,4;21,8;84;78;84;8;4;0;
2021/01/06;0400 UTC;,2;999;999,3;999;;25,1;22,8;25,4;25,1;22,8;22,4;87;84;87;1;3,2;0;
2021/01/06;0500 UTC;0;998,9;999;998,8;;24,6;22,7;25,1;24,6;22,8;22,6;89;87;89;47;0;0;
2021/01/06;0600 UTC;0;998,9;998,9;998,8;;24,1;22,4;24,6;24,1;22,7;22,2;91;89;90;53;0;0;
2021/01/06;0700 UTC;0;999;999,1;998,9;;23,3;22,2;24,1;23,1;22,5;21,7;94;90;94;299;0;0;
2021/01/06;0800 UTC;0;999,6;999,6;999;;23,3;22,1;23,5;23,2;22,4;22;94;93;93;103;0;0;
2021/01/06;0900 UTC;0;1000,1;1000,1;999,6;;22,5;21,4;23,3;22,5;22,1;21,4;94;93;94;118;0;0;
2021/01/06;1000 UTC;0;1000,7;1000,7;1000,1;138,6;24;22,8;24;22,5;22,8;21,4;94;93;93;179;0;0;
2021/01/06;1100 UTC;0;1001,2;1001,3;1000,7;548,8;26,6;22,9;26,6;24;23,2;22,7;93;80;80;142;0;0;
2021/01/06;1200 UTC;,2;1001,2;1001,3;1001,2;864,8;27,9;22,1;28;26,2;23;21,6;80;70;71;64;0;0;
2021/01/06;1300 UTC;0;1001;1001,2;1000,9;1525,7;30,2;20,4;30,6;27,9;22,1;19,8;71;54;56;77;8;2,5;
2021/01/06;1400 UTC;0;1000,2;1001;1000,2;2275,7;31,6;17,1;32,7;29,7;20,7;16,6;58;40;42;82;8,2;4,1;
2021/01/06;1500 UTC;0;999,4;1000,2;999,4;2748,6;32,9;16,5;33,5;31,6;17,9;15,8;43;36;38;58;8,8;3,4;
2021/01/06;1600 UTC;0;998,2;999,4;998,2;3327,3;33,9;15,5;35,2;32,6;17;15,5;38;32;33;75;9,4;1,2;
2021/01/06;1700 UTC;0;997,3;998,2;997,3;1810,9;34,2;16,4;35,3;33,6;16,7;15,3;36;32;35;86;8,4;0;
2021/01/06;1800 UTC;0;996,8;997,3;996,8;400,9;30,7;19,6;34,3;29,1;23,7;15,4;73;34;51;115;0;0;
2021/01/06;1900 UTC;,2;996,9;996,9;996,6;573,1;32,5;19,5;32,7;30,7;21,5;17,5;54;42;47;55;0;0;
2021/01/06;2000 UTC;0;997;997;996,7;448,9;32,7;17,1;33,1;32,5;19,4;16,6;47;37;39;61;5,7;,2;
2021/01/06;2100 UTC;0;997,7;997,7;997;134,4;32,2;17,2;32,7;32,1;17,8;17;42;39;41;62;5,3;0;
2021/01/06;2200 UTC;0;998,1;998,1;997,7;;30,8;18,2;32,2;30,8;18,6;17,1;47;41;47;36;8,4;3;
2021/01/06;2300 UTC;0;998,9;999;998,2;;29,6;19,2;30,8;29,6;19,2;18,1;54;47;54;30;7,7;3,6;
2021/01/07;0000 UTC;0;999,8;999,8;998,9;;28,5;19,9;29,6;28,5;19,9;19,2;60;54;60;31;8,7;2,9;
2021/01/07;0100 UTC;0;999,9;1000;999,8;;27,8;20;28,5;27,8;20,1;19,7;63;59;62;25;4,8;,2;
2021/01/07;0200 UTC;0;999,8;1000;999,8;;27,7;20;27,9;27,6;20,3;20;64;62;63;25;4,8;0;
2021/01/07;0300 UTC;0;999,3;999,8;999,3;;27,2;20,8;27,7;27,2;20,8;19,9;68;63;68;23;6,5;0;
2021/01/07;0400 UTC;0;998,8;999,3;998,8;;26,7;21,7;27,2;26,7;21,8;20,9;74;68;74;29;4,4;0;
2021/01/07;0500 UTC;,2;998,3;998,8;998,3;;26,5;21,8;26,7;26,4;21,9;21,7;76;74;76;27;,5;0;
2021/01/07;0600 UTC;0;998,4;998,4;998,3;;26,2;22,1;26,5;26,2;22,2;21,8;78;76;78;22;0;0;
2021/01/07;0700 UTC;0;998,5;998,5;998,4;;25,8;22,5;26,2;25,8;22,5;22,1;82;78;82;56;0;0;
2021/01/07;0800 UTC;0;999,1;999,1;998,5;;24,5;22,2;25,8;24,5;22,7;22,2;87;82;87;56;0;0;
2021/01/07;0900 UTC;0;999,7;999,7;999;;24,1;22,2;24,8;24,1;22,5;22;89;87;89;56;0;0;
2021/01/07;1000 UTC;0;1000,5;1000,6;999,7;172,4;25,8;22,8;25,8;24;22,8;22,2;90;84;84;188;0;0;
2021/01/07;1100 UTC;0;1001,3;1001,3;1000,6;653,3;28,2;22,5;28,2;25,8;23,3;22,5;84;71;71;153;1,9;,1;
2021/01/07;1200 UTC;0;1001,4;1001,5;1001,3;1437,8;30,1;22,2;30,1;28,2;22,6;21,8;71;62;63;118;7,6;2;
2021/01/07;1300 UTC;0;1001,2;1001,4;1001,2;2324,5;31,4;19,6;32,4;29,6;22,4;19,6;63;48;49;99;8,8;3,7;
2021/01/07;1400 UTC;0;1000,8;1001,2;1000,8;2040,5;32,2;19,7;33,1;30,7;20,6;19,4;52;47;48;74;8,8;,5;
2021/01/07;1500 UTC;0;1000;1000,8;1000;1800,1;32,1;18,9;33,3;31,5;20,4;18,9;50;45;46;43;5,2;0;
2021/01/07;1600 UTC;0;998,7;1000;998,7;2224;33,2;18,1;35,4;31,6;20,1;17,4;49;36;41;121;6,7;0;
2021/01/07;1700 UTC;0;997,6;998,8;997,6;2261,8;34,8;16,6;35,5;32,9;19,9;16,5;46;33;34;53;6,4;1,8;
2021/01/07;1800 UTC;,2;997,6;997,6;997,1;1673,2;31,5;20;36,7;30,9;20,5;16,2;54;31;50;42;13,8;5,4;
2021/01/07;1900 UTC;0;997,7;997,8;997,5;1657,2;30;18,7;32;29,8;20;18,4;52;46;51;37;11,6;4,7;
2021/01/07;2000 UTC;0;997,8;997,8;997,4;446,2;29,8;18,6;30,1;29,7;19,1;18,2;53;50;51;25;10;3,2;
2021/01/07;2100 UTC;0;998;998;997,8;86;29,2;19,7;29,8;29;19,7;18,4;56;51;56;19;6,4;2,2;
2021/01/07;2200 UTC;0;998,5;998,5;998;2,8;29,2;19,6;29,3;29,1;19,9;19,6;58;56;57;24;5,7;,3;
2021/01/07;2300 UTC;0;999,2;999,2;998,5;;28,9;19,9;29,4;28,9;19,9;19,6;58;56;58;30;7,7;4;
2021/01/08;0000 UTC;0;1000,1;1000,1;999,2;;28;19,8;28,9;28;20;19,7;61;58;61;26;9,6;3,3;
2021/01/08;0100 UTC;0;1000,6;1000,6;1000,1;;27,1;20,1;27,9;27,1;20,1;19,7;66;61;66;18;6,2;,1;
2021/01/08;0200 UTC;0;1000,6;1000,8;1000,5;;26,2;21,8;27,1;26,2;21,8;20,1;77;66;77;21;7;1,1;
2021/01/08;0300 UTC;0;999,9;1000,6;999,9;;25,7;22,6;26,2;25,7;22,6;21,8;83;77;83;23;6,2;1;
2021/01/08;0400 UTC;0;999,9;1000,1;999,9;;25,5;22,9;25,7;25,4;22,9;22,6;85;83;85;16;5,4;0;
2021/01/08;0500 UTC;0;999,5;999,8;999,5;;25,1;22,8;25,5;25,1;23;22,8;87;85;87;12;0;0;
2021/01/08;0600 UTC;0;999,3;999,5;999,2;;24,8;22,7;25,1;24,8;22,9;22,7;88;87;88;1;0;0;
2021/01/08;0700 UTC;0;999,2;999,3;999,1;;24,5;22,6;24,8;24,4;22,8;22,6;90;88;90;358;0;0;
2021/01/08;0800 UTC;0;999,9;1000;999,2;;24;22,3;24,6;24;22,7;22,3;91;89;90;52;,6;0;
2021/01/08;0900 UTC;0;1000,4;1000,4;999,9;;23,9;22,5;24;23,4;22,5;22;92;90;92;103;0;0;
2021/01/08;1000 UTC;0;1000,9;1000,9;1000,4;215,3;25,3;23,3;25,3;23,2;23,4;21,7;93;89;89;167;0;0;
2021/01/08;1100 UTC;0;1001,5;1001,5;1000,9;881,8;27,5;22,2;27,6;25,3;23,7;21,8;89;73;73;104;4;,2;
2021/01/08;1200 UTC;0;1001,9;1001,9;1001,4;1019,7;29,2;21,8;29,2;27,3;22,4;21,3;73;64;64;88;6,3;3,4;
2021/01/08;1300 UTC;,2;1001,5;1001,9;1001,5;1267,1;30;20,3;30,6;28,7;22,1;20,3;65;55;56;66;7,9;3,8;
2021/01/08;1400 UTC;0;1000,6;1001,5;1000,6;2930,4;33,1;18,1;33,1;30;21,1;17,7;57;40;41;75;10,2;3,7;
2021/01/08;1500 UTC;0;999,7;1000,6;999,7;3145,5;33,1;17,6;34,4;32,3;18,8;16,9;42;37;40;62;9,1;3,3;
2021/01/08;1600 UTC;0;998,6;999,7;998,6;2686,2;34,1;16,4;35,2;32,9;18,3;16,3;41;34;35;76;9,4;3,3;
2021/01/08;1700 UTC;0;997,2;998,6;997,2;2394;35,3;16,2;36,1;34,1;17,5;15,9;36;32;32;77;9,4;,9;
2021/01/08;1800 UTC;0;996,1;997,3;996;2040,3;36,7;15,9;37;35;16,6;15,5;33;29;29;102;7,6;2;
2021/01/08;1900 UTC;0;995,5;996,1;995,5;1891,9;37,1;15,6;37,1;35,4;15,6;14,7;30;27;28;89;8,1;3,8;
2021/01/08;2000 UTC;0;995,7;995,7;995,3;916;34,6;17,8;37,2;34,6;17,8;14,7;37;28;37;40;9,5;5,3;
2021/01/08;2100 UTC;0;996,6;996,6;995,7;154,7;31,7;19,3;34,6;31,7;19,4;17,7;48;37;48;35;12,5;5,9;
2021/01/08;2200 UTC;0;997,8;997,8;996,6;7,8;29,8;19,7;31,7;29,8;19,7;19,3;55;48;55;28;12,5;5,4;
2021/01/08;2300 UTC;0;998,9;998,9;997,8;;28,7;20,1;29,8;28,7;20,1;19,7;60;55;60;35;9,9;4,4;
2021/01/09;0000 UTC;0;999,8;999,8;998,9;;27,7;20,3;28,7;27,7;20,5;20,1;64;60;64;47;10,6;4,6;
2021/01/09;0100 UTC;0;1000,3;1000,3;999,8;;26,8;19,9;27,7;26,8;20,3;19,8;66;64;66;58;8,6;3,2;
2021/01/09;0200 UTC;0;1000,5;1000,7;1000,4;;26,2;22,1;26,8;26,2;22,1;19,9;78;66;78;59;6,4;2,9;
2021/01/09;0300 UTC;0;1000,3;1000,5;1000,3;;25,7;22,6;26,2;25,7;22,6;22,1;83;78;83;23;6,4;,1;
2021/01/09;0400 UTC;0;999,5;1000,3;999,5;;25,1;22,7;25,7;25,1;22,8;22,6;86;83;86;351;2,3;0;
2021/01/09;0500 UTC;0;998,9;999,5;998,9;;24,7;22,7;25,2;24,7;22,8;22,6;89;86;89;346;0;0;
2021/01/09;0600 UTC;0;998,6;999;998,4;;23,9;22,5;24,7;23,9;22,8;22,4;92;89;92;142;0;0;
2021/01/09;0700 UTC;0;998,9;998,9;998,6;;23,9;22,4;24;23,5;22,6;22;92;91;91;159;0;0;
2021/01/09;0800 UTC;0;999,2;999,2;998,9;;23;21,7;24;23;22,5;21,6;93;90;92;150;0;0;
2021/01/09;0900 UTC;0;1000,1;1000,1;999,2;;22,3;21,4;23,1;22,3;22,3;21,4;95;92;95;154;0;0;
2021/01/09;1000 UTC;0;1001;1001;1000,1;151,8;23,9;22,9;23,9;22,2;22,9;21,4;95;94;94;118;0;0;
2021/01/09;1100 UTC;0;1001,5;1001,5;1001;738,1;27,6;23,1;27,6;23,9;23,2;22,4;94;76;76;118;0;0;
2021/01/09;1200 UTC;0;1001,6;1001,6;1001,4;997,2;27,9;22,2;28,4;27;23,1;21,6;76;69;71;63;2,7;0;
2021/01/09;1300 UTC;0;1001,3;1001,6;1001,3;1611,8;30,8;19,6;30,8;27,9;22,4;19,4;71;51;51;78;8,7;4,2;
2021/01/09;1400 UTC;0;1000,9;1001,3;1000,9;1771,2;31,3;18,5;31,9;29,9;20;18,3;54;46;47;66;9,8;3,2;
2021/01/09;1500 UTC;0;999,6;1000,9;999,5;2383,2;33,5;16,8;34,1;30,9;19,1;16,4;48;37;37;51;8,7;4,2;
2021/01/09;1600 UTC;0;998,3;999,6;998,3;2671;34,5;16,6;35,3;32,8;18,1;16,3;39;34;34;78;10,5;2,1;
2021/01/09;1700 UTC;0;996,9;998,3;996,9;2461,5;36,2;16,9;36,2;33,9;17,8;16,3;37;32;32;66;6,9;1,8;
2021/01/09;1800 UTC;0;996;997;996;2011,2;34,4;16,7;36,4;34,4;17,2;15,7;35;31;35;61;9;3,1;
2021/01/09;1900 UTC;0;995,7;996;995,5;1782,5;34,8;17,6;36,1;34,2;17,6;16,5;36;32;36;55;9,8;5;
2021/01/09;2000 UTC;0;996,3;996,3;995,6;1028,8;33,1;16,9;35,4;33,1;17,8;16,8;38;35;38;50;10,5;5;
2021/01/09;2100 UTC;0;996,9;996,9;996,3;351,6;31,4;17,4;33,1;31,4;17,4;16,7;43;38;43;57;10,6;5,5;
2021/01/09;2200 UTC;0;997,5;997,5;996,9;7,2;29,7;17,9;31,4;29,7;17,9;17,4;49;43;49;30;9,9;5,2;
2021/01/09;2300 UTC;0;998,4;998,4;997,5;;28,4;19;29,7;28,4;19;17,9;57;49;57;33;9,8;4,8;
2021/01/10;0000 UTC;0;999,4;999,4;998,4;;27,7;19,4;28,4;27,7;19,4;19;61;57;61;39;8,9;4,6;
2021/01/10;0100 UTC;0;1000,4;1000,4;999,5;;26,9;20,5;27,7;26,8;20,5;19,3;68;60;68;36;7,7;3,4;
2021/01/10;0200 UTC;0;1000,5;1000,7;1000,4;;26,4;21,4;26,9;26,3;21,5;20,5;75;68;74;32;6,2;1,6;
2021/01/10;0300 UTC;0;1000,2;1000,6;1000,2;;26;22,2;26,4;26;22,2;21,3;80;74;80;22;6;2,8;
2021/01/10;0400 UTC;0;1000;1000,2;999,9;;25,6;22,6;26;25,6;22,6;22,2;84;80;84;18;6,3;1,4;
2021/01/10;0500 UTC;0;999,6;1000;999,6;;25,2;22,8;25,6;25,2;22,8;22,6;86;84;86;26;4,6;,4;
2021/01/10;0600 UTC;0;999,6;999,6;999,5;;25;22,7;25,2;24,8;22,8;22,7;88;86;87;17;3,6;0;
2021/01/10;0700 UTC;0;999,8;999,8;999,5;;24,6;22,6;25;24,6;22,7;22,5;88;87;88;49;0;0;
2021/01/10;0800 UTC;0;1000,2;1000,2;999,8;;24,8;22,8;24,8;24,6;22,8;22,6;89;88;89;40;0;0;
2021/01/10;0900 UTC;0;1000,8;1000,8;1000,2;;24,8;22,7;25;24,8;22,9;22,7;89;88;88;42;0;0;
2021/01/10;1000 UTC;0;1002;1002;1000,8;92;25,5;23,1;25,5;24,7;23,1;22,7;89;86;86;26;0;0;
2021/01/10;1100 UTC;0;1002,4;1002,5;1001,9;649,3;26,5;22,9;26,7;25,5;23,5;22,9;86;81;81;65;2,4;0;
2021/01/10;1200 UTC;0;1002,5;1002,7;1002,4;1701,9;28,7;22,5;29,2;26,5;23,3;21,9;81;66;69;107;3,7;0;
2021/01/10;1300 UTC;0;1002;1002,6;1002;1949,7;30,5;19;30,7;28,7;22,5;19;69;50;50;51;7;3,6;
2021/01/10;1400 UTC;0;1001,3;1002;1001,3;2180,4;30,9;17,7;31,8;30,5;19,9;17,5;52;43;45;51;7,2;3,8;
2021/01/10;1500 UTC;0;1000,5;1001,3;1000,4;1872,5;33,1;16,9;33,4;30,9;18,3;16,3;46;38;38;27;9,6;4;
2021/01/10;1600 UTC;0;999,7;1000,6;999,7;1714,2;33,4;16,5;34,3;32,2;17,2;15,9;39;35;37;65;9,6;3,1;
2021/01/10;1700 UTC;0;998,7;999,7;998,7;2297,8;34,3;16,5;35;33,2;17,6;15,7;38;33;35;49;7,7;4,1;
2021/01/10;1800 UTC;0;997,7;998,7;997,7;2246,3;34,2;17,2;36,2;33,7;17,5;16,3;37;33;36;50;8,7;4;
2021/01/10;1900 UTC;0;997,2;997,7;997,1;1665,1;34,7;16,6;34,9;33,4;17,2;16,3;37;33;34;33;8,5;3,8;
2021/01/10;2000 UTC;0;997,3;997,3;997;1006,8;33,5;17,2;34,9;33,2;17,2;16,2;38;33;38;27;9,6;4,5;
2021/01/10;2100 UTC;0;998,1;998,1;997,3;473,9;31,4;18,4;33,6;31,4;18,4;16,9;46;37;46;38;9,9;5,3;
2021/01/10;2200 UTC;0;999,1;999,1;998,1;22,5;29,4;17,9;31,4;29,4;18,4;17,7;50;46;50;32;10,1;5,4;
2021/01/10;2300 UTC;0;1000;1000;999,1;;28,2;18,1;29,4;28,2;18,4;17,4;55;49;55;26;9,6;4,1;
2021/01/11;0000 UTC;0;1001,2;1001,2;1000;;27,2;19,3;28,2;27,2;19,3;18,1;62;55;62;26;9,4;3,8;
2021/01/11;0100 UTC;0;1001,4;1001,5;1001,1;;26,4;21,8;27,3;26,4;21,8;19,3;76;62;76;29;9,1;3,1;
2021/01/11;0200 UTC;0;1001,3;1001,5;1001,2;;26,3;22,6;26,5;26,3;22,6;21,8;81;76;81;28;7,3;1,8;
2021/01/11;0300 UTC;0;1000,8;1001,3;1000,8;;25,9;22,7;26,2;25,9;22,8;22,6;83;81;83;16;7,3;1,9;
2021/01/11;0400 UTC;0;1000,3;1000,8;1000,3;;25,3;22,7;25,9;25,3;22,8;22,7;85;83;85;1;6,3;0;
2021/01/11;0500 UTC;0;999,7;1000,3;999,7;;25,3;22,8;25,4;25,2;22,9;22,7;87;85;86;12;5,3;0;
2021/01/11;0600 UTC;0;999,4;999,7;999,4;;24,7;22,7;25,3;24,7;22,9;22,6;88;86;88;41;3,4;0;
2021/01/11;0700 UTC;0;999,4;999,4;999,3;;24;22,6;24,7;24;22,6;22,5;92;88;92;64;0;0;
2021/01/11;0800 UTC;0;999,6;999,6;999,3;;23,6;22,4;24;23,4;22,6;22,2;93;91;93;39;0;0;
2021/01/11;0900 UTC;0;1000,4;1000,4;999,6;;23,8;22,6;23,9;23,2;22,7;22,1;94;92;92;87;0;0;
2021/01/11;1000 UTC;0;1001,1;1001,1;1000,4;215,3;25,2;23,1;25,2;23,8;23,2;22,5;93;88;88;113;0;0;
2021/01/11;1100 UTC;0;1001,7;1001,7;1001,1;958,9;27,9;22,5;27,9;25,3;23,3;22,3;88;72;73;77;0;0;
2021/01/11;1200 UTC;0;1002,1;1002,1;1001,7;1481,7;28,4;21;29,7;27,8;22,7;20,6;72;60;64;77;0;0;
2021/01/11;1300 UTC;0;1002;1002,2;1002;1671,1;30,1;20;30,1;28,4;21,4;19,9;65;55;55;68;5,3;1,3;
2021/01/11;1400 UTC;0;1001,5;1002;1001,4;2219,9;31,7;18;31,7;29,6;20;17,8;55;44;44;76;7,9;3;
2021/01/11;1500 UTC;0;1000,7;1001,5;1000,7;2392,8;33,1;17,8;33,8;31,4;18,3;17,2;44;39;40;116;7,9;2,1;
2021/01/11;1600 UTC;0;999,8;1000,7;999,8;1944,5;33,5;17,3;34,2;32,2;18,5;17;42;37;38;100;6,2;1,1;
2021/01/11;1700 UTC;0;998,7;999,8;998,7;3076,4;35,3;16,6;35,6;33,2;17,8;16,1;39;32;33;103;6;2,5;
2021/01/11;1800 UTC;0;997,8;998,7;997,8;1882,5;34,8;15,9;36,1;34,1;16,8;15,7;34;32;33;73;7,2;1,9;
2021/01/11;1900 UTC;0;997,1;997,8;997,1;1019,4;34,4;15,8;35,5;34,1;16,4;15,4;34;32;33;79;6,6;2,4;
2021/01/11;2000 UTC;0;996,9;997,1;996,7;1131,1;34,8;16,9;35,4;34,1;17,2;15,7;35;32;35;39;7,9;2,9;
2021/01/11;2100 UTC;0;997,4;997,4;996,9;187,8;32,3;16,6;34,8;32,3;17,1;16,4;39;35;39;44;9;4,7;
2021/01/11;2200 UTC;0;998,5;998,5;997,4;7,2;29,7;17,5;32,3;29,7;17,5;16,6;48;39;48;21;9,9;4,9;
2021/01/11;2300 UTC;0;999,7;999,7;998,5;;28,2;18,4;29,7;28,2;18,4;17,5;55;48;55;20;11;5,5;
2021/01/12;0000 UTC;0;1000,5;1000,5;999,7;;27,1;19;28,2;27,1;19;18,4;61;55;61;27;10,1;3,7;
2021/01/12;0100 UTC;0;1001;1001;1000,5;;26,4;21,6;27,1;26,4;21,6;18,8;75;61;75;27;7,9;3,2;
2021/01/12;0200 UTC;0;1001,6;1001,6;1001;;26;22,5;26,4;26;22,5;21,7;81;75;81;360;6,8;1,2;
2021/01/12;0300 UTC;0;1000,9;1001,6;1000,9;;25,7;22,7;26;25,7;22,8;22,5;84;81;84;7;5,7;2,9;
2021/01/12;0400 UTC;0;1000,2;1000,9;1000,2;;25,3;22,7;25,8;25,3;22,9;22,7;86;84;86;29;6,5;0;
2021/01/12;0500 UTC;0;1000,1;1000,3;1000,1;;25,4;22,7;25,4;25,2;22,8;22,7;86;85;85;14;4;0;
2021/01/12;0600 UTC;0;999,7;1000,3;999,7;;25;22,5;25,5;25;22,7;22,5;86;84;86;9;0;0;
2021/01/12;0700 UTC;0;999,9;999,9;999,7;;25,1;22,6;25,2;24,9;22,7;22,5;87;86;86;30;0;0;
2021/01/12;0800 UTC;0;1000,1;1000,2;999,7;;24,9;22,6;25,1;24,9;22,7;22,6;87;86;87;76;0;0;
2021/01/12;0900 UTC;0;1000,6;1000,6;1000,1;;23,6;22,1;24,9;23,6;22,6;22,1;91;87;91;65;0;0;
2021/01/12;1000 UTC;0;1001,2;1001,2;1000,6;235;25,4;22,9;25,4;23,5;23;22,1;92;86;86;46;0;0;
2021/01/12;1100 UTC;0;1001,8;1001,8;1001,2;666,8;27,1;22,6;27,1;25,4;23;22,4;86;76;76;57;0;0;
2021/01/12;1200 UTC;0;1001,9;1002;1001,8;1740;28,7;22,1;28,7;27;22,7;21,7;77;68;68;91;5;,4;
2021/01/12;1300 UTC;0;1002;1002;1001,8;1372,3;30,1;20,2;30,3;28,1;22,2;20,1;68;55;56;53;6,3;1,4;
2021/01/12;1400 UTC;0;1001,6;1002;1001,6;1480,5;30,3;18,8;30,7;29,6;20,5;18,7;57;50;50;67;6,3;,1;
2021/01/12;1500 UTC;0;1000,9;1001,6;1000,9;1844,2;31,6;18,1;32,5;30,4;19,2;17,3;51;43;45;70;5,7;1,6;
2021/01/12;1600 UTC;0;999,7;1000,9;999,7;3018;33,7;17,8;33,7;31,5;18,6;17,5;46;39;39;87;7,1;1,1;
2021/01/12;1700 UTC;0;998,6;999,7;998,6;2884,8;33,8;16,5;35,1;33,2;18,2;16,4;40;34;36;18;6,1;1,6;
2021/01/12;1800 UTC;0;997,8;998,6;997,8;2138,5;33,1;18,9;35,1;33,1;19,2;16;43;33;43;30;8,7;4,8;
2021/01/12;1900 UTC;0;996,9;997,8;996,9;2080;34,5;18,6;34,9;33,1;19;17,9;43;38;39;26;8,7;2,6;
2021/01/12;2000 UTC;0;997,1;997,1;996,7;1260,5;31,8;19,8;34,5;31,7;19,9;18,3;49;39;49;35;11,2;5,4;
2021/01/12;2100 UTC;0;997,5;997,6;997,1;238,5;29,8;20,2;31,9;29,8;20,3;19,3;57;49;56;43;9,8;5,7;
2021/01/12;2200 UTC;0;998,7;998,7;997,5;9,3;28,6;20;29,8;28,6;20,2;19,9;60;56;60;42;10,9;5;
2021/01/12;2300 UTC;0;999,7;999,7;998,7;;27,7;20,1;28,6;27,7;20,4;20,1;64;60;64;53;10,4;3,9;
2021/01/13;0000 UTC;0;1000,7;1000,7;999,7;;27;19,8;27,7;27;20,1;19,6;65;63;65;58;9,9;1,9;
2021/01/13;0100 UTC;0;1001,1;1001,1;1000,6;;26,4;20,8;27;26,4;20,8;19,8;71;65;71;55;8;2,5;
2021/01/13;0200 UTC;0;1001;1001,3;1001;;25,9;22,1;26,4;25,9;22,1;20,9;79;71;79;58;6,2;0;
2021/01/13;0300 UTC;0;1000,7;1001;1000,7;;25,5;22,3;25,9;25,5;22,3;22,1;83;79;83;51;0;0;
2021/01/13;0400 UTC;0;1000;1000,7;1000;;25,5;22,4;25,5;25,4;22,4;22,3;83;83;83;37;5,5;1;
2021/01/13;0500 UTC;0;999,9;1000;999,5;;25,3;22,5;25,5;25,2;22,5;22,3;85;83;84;51;5,5;0;
2021/01/13;0600 UTC;0;999,7;1000;999,7;;25,3;22,5;25,4;25,2;22,6;22,5;85;84;85;37;0;0;
2021/01/13;0700 UTC;0;999,5;999,7;999,4;;24,3;22,3;25,3;24,3;22,5;22,2;88;85;88;39;0;0;
2021/01/13;0800 UTC;0;999,6;999,7;999,4;;23,5;21,7;24,3;23,5;22,3;21,7;90;88;90;74;0;0;
2021/01/13;0900 UTC;0;1000,1;1000,2;999,6;;23,5;22,2;23,9;23,1;22,3;21,6;92;90;92;65;0;0;
2021/01/13;1000 UTC;0;1001;1001;1000,1;197,7;24,8;22,8;24,8;23,1;22,8;21,6;92;89;89;117;0;0;
2021/01/13;1100 UTC;0;1001,6;1001,6;1001;226,5;25,7;22,7;25,7;24,8;23;22,5;89;84;84;236;0;0;
2021/01/13;1200 UTC;0;1001,8;1001,8;1001,5;850,9;27,5;22,4;27,7;25,7;23;21,7;84;72;74;91;0;0;
2021/01/13;1300 UTC;0;1002;1002;1001,7;1454,7;28,7;20,6;29,4;27,5;22,6;20,4;74;61;62;70;0;0;
2021/01/13;1400 UTC;0;1001,4;1002;1001,4;2609,1;30,9;19,6;31;28,7;21,2;19,4;63;51;51;65;0;0;
2021/01/13;1500 UTC;0;1000,9;1001,4;1000,9;2909,2;32,3;19,2;32,9;30,2;20,1;18,8;53;45;46;28;4,9;,1;
2021/01/13;1600 UTC;0;999,8;1000,9;999,8;2588,3;33,5;18,6;34,4;31,7;19,5;18,1;47;40;41;70;4,9;0;
2021/01/13;1700 UTC;0;998,6;999,8;998,6;2560,8;33,9;17,3;34,6;32,9;18,7;17,1;42;36;37;24;4,2;0;
2021/01/13;1800 UTC;,4;997,6;998,6;997,6;1751,5;32,2;20,3;35,3;32;21,9;17,4;55;37;50;345;5;0;
2021/01/13;1900 UTC;0;996,8;997,7;996,8;863,6;33,4;18,6;33,5;32,2;20,3;18,2;50;41;42;27;6,8;1,2;
2021/01/13;2000 UTC;0;996,6;996,8;996,5;938,1;32,4;19,5;34,2;32,4;19,5;18,4;47;41;47;41;12,1;4,1;
2021/01/13;2100 UTC;0;997,4;997,4;996,6;133,1;30,1;20,4;32,4;30,1;20,4;19,6;56;47;56;26;12,1;5,1;
2021/01/13;2200 UTC;0;998,2;998,3;997,4;2,8;28,6;20,6;30,1;28,6;20,6;20,2;62;56;62;34;11,3;5,5;
2021/01/13;2300 UTC;0;998,6;998,6;998;;27,3;20,2;28,6;27,3;20,7;20,1;65;62;65;59;10,8;4,9;
2021/01/14;0000 UTC;0;999,8;999,9;998,6;;26,9;22,1;27,4;26,9;22,2;19,9;75;65;75;57;9,5;3,4;
2021/01/14;0100 UTC;0;1000,7;1000,7;999,8;;26,6;22,4;26,9;26,6;22,4;22;78;75;78;59;7,8;2,4;
2021/01/14;0200 UTC;0;1000,7;1000,8;1000,5;;26,4;22,3;26,6;26,3;22,5;22,3;79;78;78;53;8,1;0;
2021/01/14;0300 UTC;0;1000,2;1000,7;1000,2;;26;22,4;26,4;26;22,4;22,3;80;78;80;55;3,4;0;
2021/01/14;0400 UTC;0;999,5;1000,2;999,5;;25,5;22,4;26;25,5;22,5;22,4;83;80;83;59;2,9;0;
2021/01/14;0500 UTC;0;999,4;999,6;999,4;;25,4;22,5;25,5;25,3;22,6;22,4;84;83;84;58;0;0;
2021/01/14;0600 UTC;0;999,3;999,4;999;;25,3;22,4;25,4;25,2;22,5;22,4;84;84;84;60;0;0;
2021/01/14;0700 UTC;0;999,3;999,4;999,1;;25,3;22,4;25,4;25,3;22,4;22,4;84;84;84;61;0;0;
2021/01/14;0800 UTC;0;999,6;999,7;999,2;;25,3;22,4;25,4;25,3;22,4;22,4;84;84;84;58;0;0;
2021/01/14;0900 UTC;0;999,8;999,8;999,6;;24,9;22,4;25,3;24,9;22,4;22,3;86;84;86;61;0;0;
2021/01/14;1000 UTC;0;1000,3;1000,3;999,8;201,7;26,2;22,3;26,3;24,9;23,1;22,3;86;79;79;50;0;0;
2021/01/14;1100 UTC;0;1000,9;1000,9;1000,3;805,9;27,2;21,9;28,2;26,2;22,6;21,8;80;70;73;63;0;0;
2021/01/14;1200 UTC;0;1000,9;1001,1;1000,8;1328,1;29;21,5;29,4;27,1;22,3;21,4;73;64;64;61;2,4;0;
2021/01/14;1300 UTC;0;1001,1;1001,1;1000,9;1504,9;29,4;20,3;30,3;28,9;22,1;20;65;56;58;76;5,7;,1;
2021/01/14;1400 UTC;0;1000,7;1001,1;1000,7;1508,5;30,6;18,8;31,4;29,3;20,5;18,8;58;48;49;81;6,3;,8;
2021/01/14;1500 UTC;0;1000,1;1000,7;1000,1;2527,7;33;19;33,2;30,6;19,8;18,8;50;44;44;354;7;0;
2021/01/14;1600 UTC;0;999,3;1000,1;999,3;2091,6;31,6;18,6;33,8;31,6;18,9;17,7;46;40;46;15;8,3;3,9;
2021/01/14;1700 UTC;0;998,4;999,3;998,4;1286,8;33,6;18,6;33,7;30,9;20,2;18,5;52;41;41;50;10,2;1,4;
2021/01/14;1800 UTC;0;998;998,4;997,6;1785,1;29,9;20;34,3;29,9;20;17,4;55;39;55;55;13;7,6;
2021/01/14;1900 UTC;0;997,8;998;997,6;2149,8;29,7;20,5;31,1;29,2;20,5;19,7;58;52;58;38;13,4;6,5;
2021/01/14;2000 UTC;0;997,8;998,4;997,8;494,9;27,3;22,3;30,1;27,3;22,3;20;74;56;74;47;12,1;5,6;
2021/01/14;2100 UTC;0;998,2;998,3;997,6;91,5;27,1;22;27,5;27,1;22,5;21,8;75;71;74;56;10;4,7;
2021/01/14;2200 UTC;0;998,6;998,6;998,2;7,8;26,7;22,3;27,1;26,7;22,3;21,9;77;74;77;56;10,6;2,7;
2021/01/14;2300 UTC;0;999,4;999,4;998,6;;26,4;22,2;26,7;26,4;22,4;22,2;78;77;78;52;8,4;2,6;
2021/01/15;0000 UTC;0;999,7;999,7;999,4;;25,9;22,3;26,4;25,9;22,3;22,2;80;78;80;54;8,1;1,9;
2021/01/15;0100 UTC;0;1000;1000;999,6;;25,7;22,5;25,9;25,7;22,5;22,3;83;80;83;56;5,7;0;
2021/01/15;0200 UTC;0;1000,2;1000,4;1000;;25,5;22,7;25,7;25,5;22,7;22,5;85;83;85;45;0;0;
2021/01/15;0300 UTC;0;1000;1000,2;999,9;;25,1;22,6;25,5;25,1;22,7;22,5;86;85;86;58;0;0;
2021/01/15;0400 UTC;0;999,5;1000;999,5;;25,1;22,6;25,2;25;22,7;22,5;86;86;86;60;0;0;
2021/01/15;0500 UTC;0;999,2;999,5;999,2;;24,4;22,3;25,1;24,4;22,6;22,3;88;86;88;57;0;0;
2021/01/15;0600 UTC;0;998,8;999,2;998,8;;24,2;22,3;24,4;23,8;22,4;22;90;88;89;59;0;0;
2021/01/15;0700 UTC;0;998,8;998,8;998,7;;24,7;22,3;24,7;24,1;22,3;22,2;89;87;87;57;0;0;
2021/01/15;0800 UTC;0;999,1;999,1;998,8;;24,9;22,3;24,9;24,7;22,4;22,3;87;85;85;59;0;0;
2021/01/15;0900 UTC;0;999,5;999,5;999,1;;24,8;22,3;24,9;24,8;22,3;22,2;86;85;86;46;0;0;
2021/01/15;1000 UTC;0;1000,1;1000,1;999,5;129,1;25,7;22,4;25,7;24,8;22,6;22,3;86;82;82;101;0;0;
2021/01/15;1100 UTC;0;1000,4;1000,5;1000,1;505;27,4;22,4;27,6;25,6;22,9;22,3;82;74;74;78;0;0;
2021/01/15;1200 UTC;0;1000,7;1000,7;1000,4;1053,6;27,5;21,8;28,2;27,1;22,5;21,6;76;69;71;68;0;0;
2021/01/15;1300 UTC;0;1000,1;1000,7;1000,1;1574,5;29,6;21,5;29,7;27;23,3;21,4;76;62;62;76;0;0;
2021/01/15;1400 UTC;0;999,6;1000,1;999,5;2832,4;31,2;18,7;33;29,5;21,2;18,6;62;45;48;45;8,6;1,7;
2021/01/15;1500 UTC;0;998,7;999,5;998,7;2813,5;33,5;17;34,2;31,1;19;17;48;37;37;84;7,9;0;
2021/01/15;1600 UTC;0;997,7;998,7;997,7;3141,9;35,3;16,1;35,3;32,6;17,7;15,1;39;31;32;96;7,8;1,9;
2021/01/15;1700 UTC;0;996,3;997,7;996,3;2569,3;35,4;14,5;36,3;34,3;16;14,1;32;28;29;100;11,7;1,9;
2021/01/15;1800 UTC;0;995,1;996,3;995,1;2036,9;37,1;13,5;37,5;35,2;14,6;12,8;29;24;25;21;8,2;,1;
2021/01/15;1900 UTC;0;994,6;995,1;994,5;1707,6;35,9;14,2;37,5;35,8;14,6;12,9;27;24;27;57;7,9;2,1;
2021/01/15;2000 UTC;0;994,7;994,7;994,4;1206,6;35,2;15,6;36,9;35,2;15,7;13,9;31;26;31;57;7,8;3,5;
2021/01/15;2100 UTC;0;995,5;995,5;994,7;216,1;31,9;20,3;35,3;31,9;20,3;15,7;51;31;51;60;10,1;5,5;
2021/01/15;2200 UTC;0;996,4;996,4;995,5;12,8;29,6;20,7;31,9;29,6;20,7;20,4;59;51;59;53;12,1;5,9;
2021/01/15;2300 UTC;0;997,3;997,3;996,4;;28;21;29,6;28;21;20,7;66;59;66;56;10,9;5;
2021/01/16;0000 UTC;0;997,9;997,9;997,3;;27;22,6;28;27;22,6;21;77;66;77;57;11,2;4,5;
2021/01/16;0100 UTC;0;998,2;998,2;997,9;;26,4;22,5;27;26,4;22,6;22,4;79;77;79;56;8,9;3,9;
2021/01/16;0200 UTC;0;998,7;998,7;998,2;;26;22,6;26,4;25,9;22,6;22,4;82;79;82;31;6,8;,2;
2021/01/16;0300 UTC;0;998,4;998,7;998,4;;25,6;22,6;26;25,6;22,6;22,5;83;82;83;33;3,6;0;
2021/01/16;0400 UTC;0;998,2;998,4;998,2;;25,4;22,5;25,7;25,4;22,6;22,5;84;83;84;40;0;0;
2021/01/16;0500 UTC;0;997,8;998,2;997,8;;25;22,4;25,4;25;22,6;22,4;86;84;86;54;0;0;
2021/01/16;0600 UTC;0;997,4;997,8;997,4;;24,7;22,3;25;24,7;22,4;22,2;87;85;87;16;0;0;
2021/01/16;0700 UTC;0;997,7;997,7;997,4;;25;22,4;25,1;24,7;22,5;22,2;87;85;86;67;0;0;
2021/01/16;0800 UTC;0;998,1;998,1;997,6;;24,5;22,4;25;24,3;22,5;22,2;89;85;89;114;0;0;
2021/01/16;0900 UTC;0;998,5;998,5;998;;23,3;21,7;24,5;23,3;22,4;21,6;91;88;91;156;0;0;
2021/01/16;1000 UTC;0;999,2;999,2;998,5;202,2;25,3;22,5;25,3;23;22,5;21,5;92;85;85;151;0;0;
2021/01/16;1100 UTC;0;999,7;999,7;999,2;1080,3;27,7;21,6;28,3;25,3;22,6;21,5;85;67;69;91;0;0;
2021/01/16;1200 UTC;0;999,8;999,8;999,6;1103;28,6;21;29,1;27,3;22,1;21;71;63;64;78;5,7;3,2;
2021/01/16;1300 UTC;0;999,2;999,8;999,2;1543,5;31,6;20,3;31,6;28,4;21,1;20,1;64;51;51;55;7;2,3;
2021/01/16;1400 UTC;0;998,4;999,2;998,4;1929,2;31,7;18;33;30,3;20,3;17,5;51;42;44;113;7,1;2,7;
2021/01/16;1500 UTC;0;997,4;998,4;997,4;3331,2;34,7;17,8;34,7;31,7;18,9;17,3;44;37;37;85;6,8;3,4;
2021/01/16;1600 UTC;0;996,5;997,4;996,4;2398,9;34,3;16,2;35,2;33,1;18,3;16,2;39;34;34;71;11,5;2,9;
2021/01/16;1700 UTC;0;995,4;996,5;995,4;3191,2;35,8;15,2;36,6;34,3;16,6;15;34;29;29;83;11,5;3,1;
2021/01/16;1800 UTC;0;994,3;995,4;994,3;2124,5;37,3;14,6;37,3;35,3;15,7;14,2;30;26;26;54;7,7;1,8;
2021/01/16;1900 UTC;0;993,9;994,3;993,9;1003,2;36,1;14,8;37,5;35,6;15;14,2;29;26;28;58;6,5;3,6;
2021/01/16;2000 UTC;,2;994,1;994,1;993,8;722,7;32,9;19,7;36,9;32,9;19,7;14,8;46;27;46;53;8;4,3;
2021/01/16;2100 UTC;,6;994,9;994,9;994,1;125,6;27;23,5;33,1;25,5;23,8;17,8;87;45;81;327;13,6;2,1;
2021/01/16;2200 UTC;,6;996,1;996,1;994,9;13,8;29,3;22,9;29,7;26,9;24;22,9;82;67;68;26;8,9;5;
2021/01/16;2300 UTC;,6;997,1;997,1;996,1;;28,1;23,1;29,3;28,1;23,2;22,8;74;68;74;26;9,5;4,4;
2021/01/17;0000 UTC;0;997,7;997,7;997,1;;27,3;23;28,1;27,3;23,1;22,7;77;74;77;45;9,2;4,4;
2021/01/17;0100 UTC;0;998,1;998,2;997,7;;26,8;23,3;27,3;26,8;23,3;22,9;81;77;81;55;9,2;1,8;
2021/01/17;0200 UTC;0;998,6;998,6;998;;26,6;23,5;26,8;26,5;23,5;23,3;83;81;83;18;7;,5;
2021/01/17;0300 UTC;0;998,5;998,9;998,5;;26,4;23,3;26,6;26,3;23,5;23,3;84;83;83;45;4;0;
2021/01/17;0400 UTC;0;998,1;998,6;998,1;;26,1;23,2;26,4;26,1;23,3;23,2;84;83;84;58;,1;0;
2021/01/17;0500 UTC;0;997,7;998,2;997,7;;25,5;23,2;26,1;25,5;23,2;23,2;87;84;87;63;0;0;
2021/01/17;0600 UTC;0;997,3;997,7;997,3;;25,2;23,1;25,5;25,1;23,2;23,1;89;87;89;68;2,3;0;
2021/01/17;0700 UTC;0;997,2;997,4;997;;24,6;23,1;25,2;24,6;23,2;23;91;89;91;96;0;0;
2021/01/17;0800 UTC;0;997,4;997,4;997,2;;24,5;23,1;24,6;24,2;23,2;22,9;93;91;92;58;0;0;
2021/01/17;0900 UTC;0;998,1;998,1;997,4;;24,8;23,5;24,9;24,5;23,5;23;92;91;92;102;0;0;
2021/01/17;1000 UTC;0;998,8;998,8;998,1;65;25,4;23,6;25,4;24,8;23,6;23,4;92;90;90;101;0;0;
2021/01/17;1100 UTC;0;999,3;999,3;998,8;516,1;27,4;23,3;27,4;25,4;23,8;23,3;90;78;78;96;0;0;
2021/01/17;1200 UTC;0;999,2;999,4;999,2;1203,5;28,6;21,6;29;27,4;23,3;21,6;78;65;66;69;7;3,2;
2021/01/17;1300 UTC;0;998,8;999,2;998,8;2403,8;30,6;19,3;31,7;28,5;22,1;19,3;67;50;51;99;6,9;3,2;
2021/01/17;1400 UTC;0;998,1;998,8;998,1;2022,3;31,4;18,4;32,5;30,3;20,1;18,4;52;45;46;83;7,3;2,7;
2021/01/17;1500 UTC;0;997,6;998,1;997,5;2873,8;33,6;17,4;34;31,4;19,1;17,1;47;37;38;78;8,7;2,7;
2021/01/17;1600 UTC;0;996,6;997,6;996,6;2021,9;33,3;16,6;34,6;33;17,9;16,3;39;35;37;66;8,6;2,8;
2021/01/17;1700 UTC;0;995,5;996,6;995,5;1403;35,3;16,5;35,3;33,3;17,1;15,6;37;33;33;66;6,6;2,6;
2021/01/17;1800 UTC;0;995;995,5;994,9;1732,2;34,7;15,6;36,3;34,5;16,7;15,2;33;30;32;113;8;0;
2021/01/17;1900 UTC;0;994,7;995;994,6;704,3;34,7;15,3;34,9;34,3;15,9;15,3;33;31;31;93;6,8;0;
2021/01/17;2000 UTC;0;995,2;995,2;994,6;361;34,3;15,1;34,9;34,3;15,6;15,1;33;31;32;71;6,1;0;
2021/01/17;2100 UTC;0;996,3;996,3;995,2;100,4;29,5;20,3;34,3;29,5;20,5;15,2;58;32;58;21;11,6;4;
2021/01/17;2200 UTC;0;997;997;996,3;4,8;28,6;20,1;29,5;28,6;20,5;20,1;60;58;60;52;9,8;4,7;
2021/01/17;2300 UTC;0;997,9;997,9;997;;27,8;20,2;28,6;27,8;20,3;20;63;60;63;50;10,2;4,5;
2021/01/18;0000 UTC;0;998,7;998,7;997,9;;27,2;20,9;27,8;27,2;20,9;20,2;68;63;68;19;8,1;3,9;
2021/01/18;0100 UTC;0;999,3;999,3;998,7;;26,8;22,5;27,2;26,8;22,5;20,8;77;68;77;22;5,2;1,5;
2021/01/18;0200 UTC;0;999,5;999,5;999,2;;26,5;22,9;26,8;26,5;22,9;22,5;81;77;81;53;5,9;0;
2021/01/18;0300 UTC;0;999,2;999,5;999,2;;26,2;23,1;26,5;26,2;23,1;22,9;83;81;83;27;3,8;,6;
2021/01/18;0400 UTC;0;998,6;999,3;998,6;;26;22,8;26,2;26;23,1;22,8;84;83;83;35;4;0;
2021/01/18;0500 UTC;0;998,4;998,8;998,4;;25,9;22,7;26;25,8;22,8;22,7;83;82;83;26;4,4;1,2;
2021/01/18;0600 UTC;0;998,2;998,4;998,2;;25,6;22,7;25,9;25,5;22,7;22,6;84;83;84;52;2,8;0;
2021/01/18;0700 UTC;0;998,2;998,3;998,2;;25,2;22,5;25,6;25,2;22,7;22,4;85;84;85;34;0;0;
2021/01/18;0800 UTC;0;998,4;998,5;998,2;;25;22,5;25,2;24,8;22,5;22,3;87;85;86;11;0;0;
2021/01/18;0900 UTC;0;998,7;998,7;998,3;;24,6;22,5;25,2;24,6;22,7;22,4;88;85;88;45;0;0;
2021/01/18;1000 UTC;0;999,4;999,4;998,7;169,8;26,4;22,5;26,6;24,6;23,2;22,5;88;79;79;46;0;0;
2021/01/18;1100 UTC;0;999,9;999,9;999,4;1016,2;28,4;22,1;28,6;26,3;22,9;22,1;80;69;69;71;0;0;
2021/01/18;1200 UTC;0;1000,1;1000,1;999,9;1375,6;29,1;21,2;29,5;27,8;22,6;21,2;71;63;63;77;7,3;3,6;
2021/01/18;1300 UTC;0;999,7;1000,1;999,7;2495,9;31;19,6;31,9;29;21,5;19,2;63;49;51;73;7,5;3,6;
2021/01/18;1400 UTC;0;999,2;999,8;999,2;1186,8;32,1;18,7;32,1;30,3;19,9;18,7;53;45;45;35;6,1;1,6;
2021/01/18;1500 UTC;0;998,7;999,2;998,7;1020,6;31,4;19,1;32,2;30,7;19,9;18,3;52;44;48;295;5,7;2,3;
2021/01/18;1600 UTC;0;997,9;998,7;997,9;1125,4;33,2;17,7;33,2;31,4;19,4;17,7;49;40;40;318;4,4;0;
2021/01/18;1700 UTC;0;997,5;997,9;997,5;1006,2;29,2;23,6;33,2;28;23,6;17,4;76;40;72;59;7,6;2,6;
2021/01/18;1800 UTC;0;996,8;997,5;996,8;1133,8;31,5;20;31,6;29;23,8;19,4;73;50;50;57;6,8;,4;
2021/01/18;1900 UTC;0;996,2;996,8;996;763,3;28,1;19,2;31,5;27,8;21,6;19,1;61;51;59;57;8,9;2,9;
2021/01/18;2000 UTC;0;996,7;996,7;996,1;236,4;26,9;20,5;28,1;26,7;20,5;19;68;58;68;51;6,4;2,2;
2021/01/18;2100 UTC;0;997,6;997,6;996,7;46,3;26,3;23,1;27,1;26,3;23,2;20,4;83;67;83;52;6,9;1;
2021/01/18;2200 UTC;0;998,3;998,3;997,5;1;26,3;22,5;26,3;26;23,1;22,4;83;80;80;54;6,7;3,3;
2021/01/18;2300 UTC;0;998,7;998,7;998,3;;26,5;22,2;26,8;26,3;22,5;22,2;80;76;77;54;6,7;2;
2021/01/19;0000 UTC;0;999,9;999,9;998,7;;26,2;22,4;26,5;26,2;22,4;22,2;80;77;80;8;6,3;2;
2021/01/19;0100 UTC;0;1000,1;1000,2;999,9;;26,3;22,6;26,4;26,1;22,6;22,3;81;79;80;349;4,7;1,7;
2021/01/19;0200 UTC;0;999,9;1000,2;999,9;;25,9;22,8;26,3;25,9;22,8;22,6;83;80;83;56;4,2;1,6;
2021/01/19;0300 UTC;0;999,9;999,9;999,8;;25,5;22,9;25,9;25,5;22,9;22,7;85;83;85;343;2,9;,1;
2021/01/19;0400 UTC;0;999,4;999,9;999,4;;25,4;22,8;25,6;25,4;22,9;22,8;86;85;85;64;1,5;0;
2021/01/19;0500 UTC;0;999,2;999,6;999,2;;25,5;22,8;25,6;25,4;22,9;22,8;86;85;85;57;0;0;
2021/01/19;0600 UTC;0;998,8;999,2;998,7;;25,3;22,7;25,6;25,3;22,8;22,7;86;84;86;57;2,2;0;
2021/01/19;0700 UTC;0;998,8;998,9;998,7;;25,4;22,7;25,4;25,2;22,9;22,7;87;85;85;27;2,5;,2;
2021/01/19;0800 UTC;0;999;999,1;998,8;;25,4;22,4;25,5;25,4;22,7;22,4;85;83;84;71;2,6;0;
2021/01/19;0900 UTC;0;999,1;999,3;999;;24,9;22,4;25,4;24,9;22,5;22,4;86;84;86;27;1,2;0;
2021/01/19;1000 UTC;0;999,9;999,9;999,1;101,1;25,3;22,8;25,3;24,5;22,9;22,3;88;86;86;14;0;0;
2021/01/19;1100 UTC;0;1000,7;1000,7;999,9;401,5;26,9;22,2;26,9;25,3;22,9;22,1;86;76;76;73;1,4;0;
2021/01/19;1200 UTC;0;1001;1001,1;1000,7;787,2;27,7;21,8;28,2;26,8;22,3;21,7;76;70;70;10;0;0;
2021/01/19;1300 UTC;0;1000,8;1001,2;1000,8;860,6;28,7;21,5;29;27,7;22,4;21;71;64;65;52;4,4;1,1;
2021/01/19;1400 UTC;0;1000,6;1000,8;1000,6;1280,4;29,7;20,4;30,2;28,7;21,8;20,1;66;56;57;69;4,9;2,2;
2021/01/19;1500 UTC;0;1000;1000,6;999,9;1915,2;30,6;19,6;31,5;29,5;20,8;19,2;58;49;52;100;10,3;4,2;
2021/01/19;1600 UTC;0;999,6;1000,3;999,6;1656,9;28,5;20,3;30,5;28,1;21;19,5;65;52;61;128;10,6;0;
2021/01/19;1700 UTC;0;998,4;999,6;998,4;1415,9;29,4;20,4;30,9;28,4;20,8;19,7;62;52;58;103;7,6;3,8;
2021/01/19;1800 UTC;,2;997,9;998,4;997,9;1126,7;26,2;22,4;30,7;26;22,8;19,7;80;53;80;22;9,8;3,6;
2021/01/19;1900 UTC;0;997,9;997,9;997,5;542,2;25,8;21,9;26,4;25,7;22,5;21,6;80;77;79;50;8,6;3,9;
2021/01/19;2000 UTC;0;998,8;998,8;997,7;141,7;25;22,3;26;24,9;22,3;21,9;85;79;85;48;8,5;0;
2021/01/19;2100 UTC;0;999,3;999,3;998,6;13,7;23,7;22;25;23,7;22,2;22;90;85;90;57;6,7;3;
2021/01/19;2200 UTC;0;1000,1;1000,1;999,3;;23,5;22;23,7;23,4;22;21,9;92;90;92;47;6,7;1,4;
2021/01/19;2300 UTC;0;1000,9;1000,9;1000,1;;23,4;22;23,5;23,4;22;22;92;92;92;56;4,8;0;
2021/01/20;0000 UTC;0;1001,5;1001,5;1000,9;;23,3;21,9;23,4;23,3;22;21,9;92;92;92;56;0;0;
2021/01/20;0100 UTC;,2;1001,9;1002;1001,5;;23,1;21,7;23,4;23,1;21,9;21,7;92;91;91;56;0;0;
2021/01/20;0200 UTC;0;1001,4;1001,9;1001,4;;23;21,5;23,1;23;21,7;21,5;91;91;91;307;0;0;
2021/01/20;0300 UTC;0;1000,8;1001,4;1000,8;;23,1;21,6;23,1;23;21,6;21,4;91;91;91;162;0;0;
2021/01/20;0400 UTC;0;1000,1;1000,8;1000,1;;23,1;21,5;23,2;23,1;21,6;21,5;91;91;91;159;0;0;
2021/01/20;0500 UTC;0;999,5;1000,1;999,5;;23;21,4;23,1;22,9;21,5;21,4;91;91;91;260;0;0;
2021/01/20;0600 UTC;0;998,7;999,6;998,6;;23;21,5;23,1;23;21,6;21,4;92;91;92;274;0;0;
2021/01/20;0700 UTC;,2;998,7;998,7;998,6;;22,9;21,1;23;22,9;21,5;21,1;92;90;90;144;0;0;
2021/01/20;0800 UTC;0;998,9;998,9;998,7;;22,8;21;23;22,8;21,2;21;90;90;90;258;0;0;
2021/01/20;0900 UTC;0;999,5;999,5;998,8;;22,8;20,9;22,9;22,8;21,1;20,9;90;89;89;260;0;0;
2021/01/20;1000 UTC;0;1000,2;1000,2;999,4;120,1;23,1;21,2;23,1;22,7;21,2;20,9;89;89;89;224;0;0;
2021/01/20;1100 UTC;0;1001,1;1001,1;1000,2;513,3;24;22;24,1;23,1;22,1;21,2;89;88;88;236;0;0;
2021/01/20;1200 UTC;0;1001,5;1001,5;1001,1;1024,6;25,8;22,5;25,8;24;22,9;22,1;88;82;82;172;0;0;
2021/01/20;1300 UTC;0;1001,1;1001,5;1001,1;1281,5;27,2;21,6;27,3;25,8;23,1;21,6;83;72;72;70;0;0;
2021/01/20;1400 UTC;,2;1000,7;1001,2;1000,7;1713,5;29,2;21,8;29,7;27,2;22,6;20,3;73;58;64;58;5,2;,1;
2021/01/20;1500 UTC;0;1000,1;1000,8;1000,1;1530;30,2;20,6;30,4;28,2;23;20,6;70;56;57;74;7,9;1,5;
2021/01/20;1600 UTC;0;999,8;1000,1;999,8;1843,3;29,2;18,9;30,8;29,2;21,3;18,6;58;51;54;71;12,5;5,6;
2021/01/20;1700 UTC;0;999,5;1000;999,4;820,4;26,4;21,2;29,4;26,2;21,9;18,6;77;53;74;38;9,7;4,7;
2021/01/20;1800 UTC;0;999,2;999,8;999,1;542,2;24,8;21;26,4;24,8;21,2;20,2;80;72;79;54;9,6;,5;
2021/01/20;1900 UTC;0;998,4;999,2;998,4;335,5;24,8;20,7;24,9;24,7;21,1;20,6;80;78;78;313;3,8;0;
2021/01/20;2000 UTC;0;998,3;998,4;997,9;148,8;24,7;20,6;24,8;24,6;20,6;20,2;78;77;78;23;0;0;
2021/01/20;2100 UTC;0;999,2;999,2;998,3;36,8;24,2;20,4;24,7;24,2;20,6;20,2;79;76;79;58;0;0;
2021/01/20;2200 UTC;,2;999,6;999,6;999,2;;23,8;21,4;24,3;23,8;21,7;20,4;87;79;86;237;0;0;
2021/01/20;2300 UTC;0;1000,6;1000,6;999,6;;23,9;21,4;23,9;23,8;21,6;21,3;87;86;86;236;0;0;
2021/01/21;0000 UTC;0;1001,1;1001,1;1000,6;;23,9;21,4;24;23,8;21,4;21,1;86;85;86;157;0;0;
2021/01/21;0100 UTC;0;1001,4;1001,4;1001,1;;23,9;21,4;23,9;23,9;21,5;21,4;87;86;86;166;0;0;
2021/01/21;0200 UTC;0;1001;1001,5;1001;;23,7;21,1;24,1;23,7;21,6;21,1;87;85;85;243;0;0;
2021/01/21;0300 UTC;0;1000,5;1001;1000,5;;23,8;21,1;23,8;23,7;21,1;21;85;85;85;239;0;0;
2021/01/21;0400 UTC;0;999,8;1000,5;999,8;;23,7;21,2;23,8;23,7;21,2;21;86;85;86;227;0;0;
2021/01/21;0500 UTC;0;999,1;999,9;999,1;;23,5;21;23,7;23,5;21,2;21;86;86;86;164;0;0;
2021/01/21;0600 UTC;0;998,7;999,1;998,7;;23,3;20,8;23,5;23,3;21,1;20,8;86;86;86;103;0;0;
2021/01/21;0700 UTC;0;999;999;998,7;;23,3;20,9;23,4;23,1;20,9;20,7;86;86;86;56;0;0;
2021/01/21;0800 UTC;0;999,4;999,4;999;;23,5;21,1;23,5;23,3;21,2;20,9;87;86;86;357;0;0;
2021/01/21;0900 UTC;0;1000,1;1000,1;999,4;;23,4;21,1;23,5;23,3;21,1;20,9;87;86;86;345;0;0;
2021/01/21;1000 UTC;0;1000,6;1000,6;1000,1;35,5;23,6;21,3;23,6;23,4;21,3;21;87;86;87;307;0;0;
2021/01/21;1100 UTC;,2;1001,5;1001,5;1000,6;616,6;25,3;22,1;25,3;23,6;22,2;21,3;87;82;82;279;0;0;
2021/01/21;1200 UTC;0;1001,8;1001,9;1001,5;804,1;26,8;22,6;26,8;25,3;22,6;21,7;82;77;78;319;0;0;
2021/01/21;1300 UTC;0;1001,6;1001,8;1001,5;1256,3;27,7;22;27,9;26,7;22,6;20,9;78;66;71;20;4,8;0;
2021/01/21;1400 UTC;0;1001,4;1001,7;1001,4;1490;29,1;20,4;29,1;26,6;22,1;20,4;71;59;60;97;9,1;4,7;
2021/01/21;1500 UTC;0;1001,2;1001,4;1001,1;1960,8;28,8;18,3;30,6;28,8;20,8;18,3;60;49;53;80;9,9;4,7;
2021/01/21;1600 UTC;0;1000,4;1001,2;1000,4;2167,4;30,6;17,4;30,9;28,5;19,1;17,1;54;45;45;76;9,3;1,4;
2021/01/21;1700 UTC;0;999,1;1000,4;999,1;2116,2;32,3;18,2;32,4;30,5;18,6;16,9;46;42;43;67;6,7;1,4;
2021/01/21;1800 UTC;0;998,5;999,2;998,5;1752,7;31,7;19,6;32,6;30,4;19,6;18,1;52;43;49;181;8,7;,4;
2021/01/21;1900 UTC;0;998,4;998,6;998,1;1838,9;29;21,3;32,9;27,6;21,8;17,5;69;40;64;29;9,4;0;
2021/01/21;2000 UTC;0;998,4;998,7;998,1;1011,8;29;20,7;29,6;28,6;21,8;20,6;65;59;61;359;6;,1;
2021/01/21;2100 UTC;0;998,9;998,9;998,2;441,3;28,8;21,1;29,2;28,8;21,1;20,4;63;60;63;58;4,7;0;
2021/01/21;2200 UTC;0;999,2;999,3;998,8;15,3;27,9;20,6;28,9;27,9;21,2;20,6;65;62;65;56;3,9;0;
2021/01/21;2300 UTC;0;1001;1001;999,2;;27,8;20,5;27,9;27,7;20,8;20,4;66;64;64;56;6,9;,8;
2021/01/22;0000 UTC;,2;1001,2;1001,3;1000,9;;27;20,9;27,8;27;20,9;20,5;69;64;69;12;5,5;,1;
2021/01/22;0100 UTC;0;1001,6;1001,7;1001,1;;26,1;21,4;27;26,1;21,4;20,9;75;69;75;32;5,2;0;
2021/01/22;0200 UTC;0;1001,4;1001,7;1001,4;;25,4;21,6;26,1;25,4;21,6;21,4;80;75;80;34;3,8;0;
2021/01/22;0300 UTC;0;1001,2;1001,4;1001,2;;24,8;21,7;25,4;24,8;21,8;21,6;83;80;83;31;0;0;
2021/01/22;0400 UTC;0;1000,5;1001,2;1000,5;;24,6;21,8;24,8;24,5;21,9;21,7;85;83;85;44;0;0;
2021/01/22;0500 UTC;0;1000;1000,6;1000;;24,2;21,7;24,6;24,2;21,8;21,6;86;84;86;42;0;0;
2021/01/22;0600 UTC;0;999,6;1000;999,6;;24;21,7;24,2;23,8;21,8;21,4;87;86;87;88;0;0;
2021/01/22;0700 UTC;0;999,7;999,9;999,6;;23,9;21,7;24;23,7;21,7;21,4;88;87;88;120;0;0;
2021/01/22;0800 UTC;0;1000,2;1000,2;999,7;;23,8;21,7;23,9;23,4;21,9;21,3;88;88;88;113;0;0;
2021/01/22;0900 UTC;0;1000,7;1000,7;1000,2;;23,6;21,5;23,8;23,5;21,7;21,5;88;88;88;236;0;0;
2021/01/22;1000 UTC;0;1001,7;1001,7;1000,7;171,1;24,5;22,3;24,5;23,5;22,3;21,5;88;88;88;228;0;0;
2021/01/22;1100 UTC;0;1002,5;1002,5;1001,6;847,1;26,9;21,4;27,2;24,5;22,8;21,2;88;71;72;68;0;0;
2021/01/22;1200 UTC;0;1002,7;1002,7;1002,5;1341,5;28,4;20,4;28,9;26,9;21,6;20,4;73;61;62;80;8,5;3,8;
2021/01/22;1300 UTC;0;1002,9;1003;1002,7;2216;30,6;17,9;30,9;28,4;20,8;17,9;63;47;47;94;10,5;3,8;
2021/01/22;1400 UTC;0;1002,2;1002,9;1002,1;2372,1;31,2;16,7;32,2;29,8;18,1;16,7;48;40;42;85;10,8;5,3;
2021/01/22;1500 UTC;0;1001,4;1002,2;1001,4;2518,5;32,6;16,6;33,6;31,1;17,4;16,2;43;36;38;82;10,8;2,7;
2021/01/22;1600 UTC;0;1000,5;1001,4;1000,4;3282,7;34,5;15,5;34,8;32,2;16,8;15,2;39;32;32;88;10;2,9;
2021/01/22;1700 UTC;0;999,6;1000,5;999,6;1872,7;33,5;15,5;34,5;33,2;16,4;14,8;36;32;34;74;10;3,1;
2021/01/22;1800 UTC;,2;999,1;999,6;999,1;1043,8;33,3;15,8;34,1;32,1;16,4;15,1;39;33;35;75;7,8;0;
2021/01/22;1900 UTC;0;998,9;999,1;998,8;1144,6;33,9;14,9;34,1;33,2;16,1;14,9;36;32;32;82;4,9;0;
2021/01/22;2000 UTC;0;999,1;999,1;998,8;646,5;32,6;18,2;34,1;32,6;18,2;14,8;42;32;42;25;4;,1;
2021/01/22;2100 UTC;0;999,8;999,8;999;237,4;31,8;17,8;32,6;31,8;18,4;17,6;43;41;43;25;5,2;0;
2021/01/22;2200 UTC;0;1000,5;1000,5;999,7;6;30,2;18,4;31,9;30,2;18,4;17,6;49;43;49;219;0;0;
2021/01/22;2300 UTC;0;1001,5;1001,5;1000,5;;26,5;19,9;30,3;26,4;20;18,2;68;48;67;298;0;0;
2021/01/23;0000 UTC;0;1002,3;1002,3;1001,4;;27,9;17,6;27,9;26,5;19,8;17,6;67;54;54;42;0;0;
2021/01/23;0100 UTC;0;1002,3;1002,5;1002,3;;27;17,8;27,9;27;17,8;17,4;57;54;57;31;0;0;
2021/01/23;0200 UTC;0;1002;1002,3;1002;;26,4;19,2;27;26,4;19,2;17,8;65;57;65;23;0;0;
2021/01/23;0300 UTC;0;1001,7;1002,1;1001,6;;25,6;20,1;26,4;25,5;20,1;19,3;72;65;72;31;0;0;
2021/01/23;0400 UTC;0;1001,1;1001,7;1001,1;;25,1;20,5;25,6;25;20,6;20,1;76;72;76;48;0;0;
2021/01/23;0500 UTC;0;1000,6;1001,1;1000,6;;24,9;20,7;25,3;24,8;20,9;20,5;78;76;78;39;0;0;
2021/01/23;0600 UTC;0;1000,3;1000,6;1000,2;;24,3;20,8;25;24,2;21;20,5;80;78;80;72;0;0;
2021/01/23;0700 UTC;0;1000,3;1000,4;1000,2;;24,1;20,9;24,5;23,6;20,9;20,4;83;80;82;133;0;0;
2021/01/23;0800 UTC;0;1000,5;1000,5;1000,2;;23,5;20,4;24,1;23,2;20,9;20;83;81;83;95;0;0;
2021/01/23;0900 UTC;0;1000,9;1000,9;1000,4;;23;21,1;23,5;22,7;21,1;20,1;89;83;89;8;0;0;
2021/01/23;1000 UTC;0;1001,6;1001,6;1000,9;107,5;24,1;21,8;24,1;22,9;21,8;20,8;89;87;87;127;0;0;
2021/01/23;1100 UTC;0;1001,9;1001,9;1001,6;633;26,8;20,9;26,9;24,1;22;20,9;87;70;70;46;0;0;
2021/01/23;1200 UTC;0;1001,9;1001,9;1001,8;1280,4;28,8;21;29,1;26,8;21,6;21;71;63;63;65;6,6;,5;
2021/01/23;1300 UTC;0;1001,7;1001,9;1001,7;993,8;29,6;20,6;29,7;28,6;21,2;20,6;64;59;59;93;6,6;,9;
2021/01/23;1400 UTC;0;1001;1001,7;1001;2623,8;31,6;18,7;32,3;29,5;21,1;18,6;59;46;46;109;9,5;,1;
2021/01/23;1500 UTC;,2;1000,1;1001;1000,1;2408,7;33,1;18,5;33,2;31,2;19,3;18,3;47;42;42;144;7,7;,2;
2021/01/23;1600 UTC;0;999,1;1000,1;999,1;2765,4;33,2;17,4;33,9;32,6;18,8;17,3;42;39;39;111;9,4;0;
2021/01/23;1700 UTC;0;998,2;999,1;998,2;2511,8;33,5;16,9;34,8;33;17,9;16,5;40;36;37;103;7,9;1,5;
2021/01/23;1800 UTC;0;997,6;998,2;997,6;1585;34,2;16,9;34,4;33,1;17,4;16,6;39;35;36;81;6,4;,6;
2021/01/23;1900 UTC;0;997;997,6;997;1221,8;34,1;16,5;34,5;33,7;17;16,3;37;34;35;77;5,7;0;
2021/01/23;2000 UTC;0;997,1;997,2;996,9;668,5;34,1;16,1;34,4;33,8;16,7;16;36;34;34;95;5,5;0;
2021/01/23;2100 UTC;0;997,6;997,6;997,1;536,6;33,2;17,6;34,3;33,2;17,6;15,7;39;34;39;91;8;1,4;
2021/01/23;2200 UTC;0;998,4;998,4;997,5;16,7;29,6;19,6;33,2;29,6;19,8;18,5;55;40;55;28;9,8;4;
2021/01/23;2300 UTC;0;999,5;999,5;998,4;;28,7;19,7;29,6;28,6;19,8;19,5;59;55;59;52;8,7;3,4;
2021/01/24;0000 UTC;0;1000,4;1000,4;999,5;;27,8;20,3;28,7;27,8;20,3;19,7;64;59;64;53;7,9;,7;
2021/01/24;0100 UTC;0;1000,5;1000,7;1000,4;;27,1;20,9;27,8;27,1;20,9;20,3;69;64;69;56;5,8;,4;
2021/01/24;0200 UTC;0;1000,3;1000,5;1000,2;;26,5;21,7;27,1;26,5;21,7;20,9;75;69;75;37;5,8;,1;
2021/01/24;0300 UTC;0;1000;1000,4;1000;;26,3;22,1;26,6;26,2;22,2;21,7;78;75;78;57;5,2;0;
2021/01/24;0400 UTC;0;1000;1000;999,9;;26;22,3;26,3;25,9;22,3;22,1;80;78;80;60;0;0;
2021/01/24;0500 UTC;0;999,4;1000;999,4;;25,7;22,4;26;25,7;22,4;22,3;82;80;82;44;0;0;
2021/01/24;0600 UTC;0;999,1;999,4;999,1;;25,4;22,4;25,8;25,4;22,5;22,3;83;82;83;56;0;0;
2021/01/24;0700 UTC;0;998,9;999,1;998,9;;25,1;22,4;25,4;25,1;22,5;22,4;85;83;85;16;0;0;
2021/01/24;0800 UTC;0;999;999,1;998,8;;25,1;22,6;25,2;24,8;22,7;22,3;87;85;86;68;0;0;
2021/01/24;0900 UTC;0;999,4;999,5;999;;25,2;22,8;25,4;25;22,8;22,5;86;85;86;137;0;0;
2021/01/24;1000 UTC;0;1000;1000;999,4;130,8;25,5;23,7;25,6;24,9;23,8;22,8;90;86;90;146;0;0;
2021/01/24;1100 UTC;0;1000,6;1000,6;1000;353,3;26,4;22,5;26,5;25,5;23,7;22,4;90;79;79;61;0;0;
2021/01/24;1200 UTC;0;1000,7;1000,8;1000,6;900;28,6;22,2;28,6;26,4;22,7;21,8;80;68;68;49;0;0;
2021/01/24;1300 UTC;0;1000,2;1000,8;1000,2;1522,8;30;21;30;28,5;22,5;20,8;69;58;59;90;5,9;,5;
2021/01/24;1400 UTC;0;1000,2;1000,2;1000,1;1431,3;30,4;19,9;30,7;29,7;21,1;19,4;59;52;53;105;7,1;0;
2021/01/24;1500 UTC;0;999,2;1000,2;999,2;2287,7;32,2;19,1;33,6;30,4;20,3;18,8;54;43;46;81;8;1,3;
2021/01/24;1600 UTC;0;998;999,2;998;2854,3;33;17,9;34;32,2;19,3;17,8;46;40;41;87;7,8;2,4;
2021/01/24;1700 UTC;0;997;998;997;2475,2;34,1;18;34,8;32,7;18,6;17,5;43;37;38;81;8,7;1,5;
2021/01/24;1800 UTC;0;996,2;997;996,1;2872,7;34,5;16,9;35,4;34,1;18;16,9;39;35;35;129;8,9;2,9;
2021/01/24;1900 UTC;0;995,6;996,2;995,6;1812,1;35,1;16,4;35,7;33,9;17,6;16,4;37;33;33;74;8,9;3,3;
2021/01/24;2000 UTC;0;996;996;995,4;951,9;32,8;18,6;35,5;32,8;18,6;15,8;43;33;43;21;7,9;4,3;
2021/01/24;2100 UTC;0;996,5;996,5;996;257,9;31,3;19,4;32,8;31,3;19,4;18,6;49;43;49;28;8,3;3;
2021/01/24;2200 UTC;0;997,6;997,6;996,5;12,2;29,6;18,3;31,3;29,6;19,4;18,3;52;49;51;56;8;3,6;
2021/01/24;2300 UTC;0;998,5;998,5;997,6;;28,4;19,7;29,6;28,4;19,7;18,3;59;51;59;44;7,7;3,6;
2021/01/25;0000 UTC;0;999,1;999,1;998,5;;27,6;20,4;28,4;27,6;20,4;19,7;65;59;65;25;8,4;4,2;
2021/01/25;0100 UTC;0;999,5;999,6;999,1;;26,9;21,6;27,6;26,9;21,6;20,4;73;65;73;55;8,4;2,7;
2021/01/25;0200 UTC;0;999,6;999,6;999,4;;26,3;22;26,9;26,3;22;21,6;78;73;78;18;6,2;2,5;
2021/01/25;0300 UTC;0;999,2;999,6;999,2;;25,8;22,3;26,3;25,8;22,3;22,1;81;78;81;14;4,8;0;
2021/01/25;0400 UTC;0;998,4;999,2;998,4;;25,6;22,4;25,8;25,6;22,4;22,3;82;81;82;14;4;0;
2021/01/25;0500 UTC;0;998,2;998,4;998,1;;25,3;22,3;25,6;25,3;22,4;22,2;83;82;83;5;3,6;0;
2021/01/25;0600 UTC;0;998,1;998,2;998,1;;25,2;22,2;25,3;25,2;22,3;22,1;84;83;83;338;0;0;
2021/01/25;0700 UTC;0;998,1;998,1;998;;24,9;22,2;25,2;24,9;22,2;22;85;83;85;56;0;0;
2021/01/25;0800 UTC;0;998;998,1;998;;24,2;21,7;24,9;24,2;22,2;21,7;86;85;86;260;0;0;
2021/01/25;0900 UTC;0;998,6;998,6;998;;24,3;21,9;24,4;24;21,9;21,5;87;85;86;73;0;0;
2021/01/25;1000 UTC;0;999,1;999,1;998,6;138,4;25,4;22,9;25,4;24;22,9;21,7;88;86;86;101;0;0;
2021/01/25;1100 UTC;0;999,7;999,7;999,1;808,9;27,3;21,9;27,8;25,4;23,3;21,8;86;70;72;72;0;0;
2021/01/25;1200 UTC;0;1000,1;1000,1;999,6;1061,6;27,7;22,3;28,6;27,3;22,4;21,6;73;68;73;98;4,9;0;
2021/01/25;1300 UTC;0;1000,1;1000,2;1000;826,2;26,5;23,8;27,9;25,9;24,5;22,1;87;72;85;122;4,3;0;
2021/01/25;1400 UTC;0;1000;1000,2;999,9;1736,5;26,7;23;28,1;26,3;24;22,4;85;75;80;21;5,6;,1;
2021/01/25;1500 UTC;0;999,7;1000,1;999,6;888,1;25,9;22,5;26,7;25,5;23,9;21,9;88;80;82;10;5,3;,6;
2021/01/25;1600 UTC;0;999;999,7;999;539,7;26,3;23,5;26,6;25,9;23,8;22,8;85;82;85;242;3,9;1,9;
2021/01/25;1700 UTC;0;998,2;999;998,1;830;26,9;23;26,9;26,2;23,8;22,8;85;79;80;229;3,5;0;
2021/01/25;1800 UTC;0;997,6;998,2;997,6;697,1;27;23,1;27,3;26,7;23,9;23;83;79;79;360;3,3;0;
2021/01/25;1900 UTC;0;997,2;997,7;997,2;359,6;26,1;22;27,1;26,1;23;21,9;79;76;78;10;5,1;1,4;
2021/01/25;2000 UTC;0;997,1;997,2;996,6;236,8;26;21,8;26,1;25,9;22;21,5;78;76;78;33;3,3;,1;
2021/01/25;2100 UTC;0;997,1;997,4;997,1;98,4;26;21,9;26,2;26;22,1;21,8;79;77;78;40;1,9;0;
2021/01/25;2200 UTC;0;997,3;997,4;997;5,6;25,9;21,6;26;25,9;22;21,6;79;77;78;33;3,3;0;
2021/01/25;2300 UTC;0;998,6;998,6;997,3;;25,9;21,6;25,9;25,7;21,7;21,6;78;77;78;65;0;0;
2021/01/26;0000 UTC;0;998,6;998,6;998,3;;26,2;21,7;26,2;25,7;21,9;21,7;79;76;76;17;5,1;2,4;
2021/01/26;0100 UTC;0;999,4;999,4;998,6;;25,8;21,3;26,2;25,7;21,7;21,2;77;75;76;17;5,1;2,3;
2021/01/26;0200 UTC;0;999,9;1000,1;999,4;;25,4;21,7;25,8;25,4;21,7;21,3;80;76;80;31;5,3;0;
2021/01/26;0300 UTC;0;999,4;1000;999,4;;24,9;21,9;25,4;24,8;21,9;21,6;83;80;83;36;0;0;
2021/01/26;0400 UTC;0;999,3;999,4;999,3;;25;22,1;25;24,9;22,1;21,9;85;83;84;59;4,1;0;
2021/01/26;0500 UTC;,2;999;999,4;999;;24,8;22,1;25;24,8;22,2;22;85;84;85;134;0;0;
2021/01/26;0600 UTC;0;998,4;999;998,4;;24,5;21,9;24,8;24,5;22,1;21,9;86;85;86;328;0;0;
2021/01/26;0700 UTC;0;998,3;998,4;998,2;;24,6;22;24,6;24,5;22,1;22;86;86;86;31;0;0;
2021/01/26;0800 UTC;0;998,7;998,8;998,3;;24,3;21,9;24,6;24,2;22,1;21,8;86;86;86;58;0;0;
2021/01/26;0900 UTC;0;999,1;999,1;998,7;;24,1;21,7;24,4;23,9;22;21,4;86;86;86;66;0;0;
2021/01/26;1000 UTC;0;999,7;999,7;999,1;214,8;25,1;22,4;25,3;23,6;22,7;21,1;87;85;85;78;0;0;
2021/01/26;1100 UTC;0;1000,3;1000,3;999,7;518,7;26,5;22,2;26,6;25,1;22,8;22;85;77;77;61;0;0;
2021/01/26;1200 UTC;0;1000,5;1000,6;1000,3;1418;28,3;22,3;28,3;26,3;22,5;21,3;78;70;70;29;3,6;0;
2021/01/26;1300 UTC;0;1000,5;1000,6;1000,4;2059;29,1;21,2;29,4;28,1;22,2;20,8;70;60;62;77;5,8;2,3;
2021/01/26;1400 UTC;0;1000;1000,5;1000;1372,5;30;21,3;30;27,8;22;20,6;68;60;60;27;5,6;0;
2021/01/26;1500 UTC;0;999,7;1000;999,6;758,4;25,8;22,7;30,1;24,8;22,7;20,6;84;57;83;253;8;0;
2021/01/26;1600 UTC;0;999,2;999,7;999,1;1252,2;25,1;22;29,9;24,9;23,9;21,1;83;62;83;41;8,1;1,9;
2021/01/26;1700 UTC;0;998;999,4;998;364,6;25,4;22,2;25,4;24,8;22,2;21,7;84;82;82;251;6,1;0;
2021/01/26;1800 UTC;0;997,5;998;997,4;1046;27,9;22,1;28;25,4;23;22,1;83;71;71;243;4;,9;
2021/01/26;1900 UTC;0;997,1;997,5;997,1;778,5;27,6;22,7;28,3;27,2;23,2;22;77;70;74;245;5,1;0;
2021/01/26;2000 UTC;0;996,9;997,3;996,8;540,1;28,6;22,8;28,6;27,6;23,1;22,5;75;71;71;265;0;0;
2021/01/26;2100 UTC;0;997,3;997,3;996,8;187,2;27,8;23,1;28,7;27,8;23,7;22,6;77;70;76;58;0;0;
2021/01/26;2200 UTC;0;998,4;998,4;997,3;5,8;27,1;22,2;27,8;26,9;23,3;22,1;79;74;74;59;0;0;
2021/01/26;2300 UTC;0;999;999;998,4;;26,9;21,4;27,1;26,9;22,2;21,4;75;72;72;41;0;0;
2021/01/27;0000 UTC;0;999,4;999,5;999;;26,5;20,6;27;26,5;21,4;20,6;72;70;70;50;5;2,3;
2021/01/27;0100 UTC;0;999,7;999,7;999,4;;26,1;20,5;26,6;26,1;20,6;20,4;71;69;71;41;4,6;0;
2021/01/27;0200 UTC;0;1000;1000;999,7;;25,7;20,6;26,1;25,7;20,6;20,4;73;71;73;16;0;0;
2021/01/27;0300 UTC;0;999,9;1000;999,9;;25,1;20,7;25,8;25,1;20,8;20,6;76;73;76;48;0;0;
2021/01/27;0400 UTC;0;999,2;999,9;999,2;;24,6;20,9;25,1;24,6;20,9;20,7;80;76;80;58;0;0;
2021/01/27;0500 UTC;0;998,9;999,3;998,9;;24,1;21,3;24,6;24;21,3;20,9;84;80;84;67;0;0;
2021/01/27;0600 UTC;0;998,6;998,9;998,5;;23,6;21,2;24,2;23,6;21,5;21,1;86;84;86;59;0;0;
2021/01/27;0700 UTC;0;998,3;998,6;998,3;;24;21,7;24;23,6;21,7;21,2;87;86;87;15;0;0;
2021/01/27;0800 UTC;0;998,5;998,5;998,3;;23,7;21,5;24;23,6;21,7;21,2;87;87;87;31;0;0;
2021/01/27;0900 UTC;0;998,8;998,8;998,5;;23,1;20,9;23,8;23;21,5;20,8;88;87;88;346;0;0;
2021/01/27;1000 UTC;0;999,4;999,4;998,8;111;23,7;21,5;23,7;22,9;21,5;20,8;88;88;88;329;0;0;
2021/01/27;1100 UTC;0;1000,4;1000,4;999,4;543,7;25,6;22,3;25,6;23,7;22,7;21,6;88;82;82;310;0;0;
2021/01/27;1200 UTC;0;1000,7;1000,7;1000,4;1465,5;28,5;21,6;28,6;25,6;22,4;21,1;82;65;66;81;4,7;1,7;
2021/01/27;1300 UTC;0;1000,7;1000,8;1000,7;1919,1;29,3;20,1;29,7;28,2;22;19,9;67;56;57;89;6,1;3,3;
2021/01/27;1400 UTC;0;1000;1000,8;1000;3113,6;31,4;18,7;31,7;29,3;21;18,3;59;45;47;78;7,1;1,4;
2021/01/27;1500 UTC;0;999,2;1000;999,2;2267,2;32,7;18,2;33;30,8;20;17,8;50;41;42;80;6,2;,6;
2021/01/27;1600 UTC;,2;998,2;999,2;998,2;3483,2;33,9;17,2;34,6;32,5;18,7;16,4;43;36;37;91;7;2,7;
2021/01/27;1700 UTC;0;997,1;998,2;997;1872;33,1;16,5;34,6;33,1;18;15,9;39;33;37;51;7;2,9;
2021/01/27;1800 UTC;0;996,1;997,1;996,1;1418,1;33,7;15,7;34,5;33,1;17,1;15,3;37;32;34;93;6,8;0;
2021/01/27;1900 UTC;0;995,6;996,2;995,6;891;33,6;15,6;34,8;33,3;16,5;14,8;35;31;34;62;5,2;1,1;
2021/01/27;2000 UTC;0;995,1;995,6;995,1;1677,4;35,2;14,7;35,7;33,6;15,9;14,2;35;28;30;24;5,6;2,2;
2021/01/27;2100 UTC;0;995,7;995,7;995;416,7;32,9;18,1;35,2;32,9;18,1;14,4;41;29;41;16;7,4;1,6;
2021/01/27;2200 UTC;0;996,7;996,7;995,7;19,4;30,1;18,8;32,9;30,1;19,2;18,3;51;42;51;10;10,4;4;
2021/01/27;2300 UTC;0;997,9;997,9;996,7;;28,6;19,4;30,1;28,6;19,4;18,8;57;51;57;54;8,5;3,6;
2021/01/28;0000 UTC;0;999,1;999,1;997,9;;27,3;19,9;28,6;27,3;19,9;18,4;64;55;64;23;9,5;2,3;
2021/01/28;0100 UTC;0;999,5;999,6;999;;26,3;20,7;27,4;26,3;20,7;19,9;71;64;71;29;6,5;,9;
2021/01/28;0200 UTC;0;999,9;999,9;999,5;;26,1;21,7;26,3;26,1;21,7;20,7;77;71;77;13;4,6;0;
2021/01/28;0300 UTC;0;999,7;1000,1;999,7;;26;21,9;26,1;26;21,9;21,7;78;77;78;14;2,7;,7;
2021/01/28;0400 UTC;0;999,1;999,7;999;;25,4;21,9;26;25,4;22;21,8;81;78;81;24;3,1;0;
2021/01/28;0500 UTC;0;998,4;999,1;998,4;;24,8;21,7;25,4;24,8;21,9;21,7;83;81;83;43;0;0;
2021/01/28;0600 UTC;0;997,9;998,4;997,9;;24,5;21,5;24,9;24,4;21,8;21,5;84;83;84;64;0;0;
2021/01/28;0700 UTC;0;998,3;998,3;997,9;;24,2;21,9;24,5;24;22;21,2;87;84;87;70;0;0;
2021/01/28;0800 UTC;0;998,7;998,7;998,3;;24,2;22;24,2;23,8;22;21,6;88;87;88;75;0;0;
2021/01/28;0900 UTC;0;998,9;998,9;998,7;;23,8;21,6;24,2;23,7;22;21,5;88;87;87;132;0;0;
2021/01/28;1000 UTC;0;999,5;999,5;998,9;94,5;24,5;22,1;24,5;23,8;22,2;21,6;88;87;87;147;0;0;
2021/01/28;1100 UTC;0;1000,3;1000,3;999,5;599,4;26,6;22,1;26,6;24,5;22,9;21,8;87;76;76;222;0;0;
2021/01/28;1200 UTC;0;1000,6;1000,6;1000,3;980,1;27,7;21,6;27,9;26,6;22,4;21,3;76;69;69;106;0;0;
2021/01/28;1300 UTC;0;1000,7;1000,7;1000,5;1051,7;29,3;20,5;29,3;27,7;21,8;20,5;70;59;59;82;6,4;3;
2021/01/28;1400 UTC;0;1000,5;1000,8;1000,5;1384,8;30,8;20,2;30,8;29,3;21,1;19,6;61;53;53;88;5,8;,4;
2021/01/28;1500 UTC;0;1000;1000,5;1000;1981,2;30,7;19,3;31,6;30,3;20,5;18,2;54;46;51;27;7,7;1,9;
2021/01/28;1600 UTC;0;998,6;1000;998,6;2604,2;33,5;18,1;33,7;30,7;20,1;17,5;52;39;40;43;4;,9;
2021/01/28;1700 UTC;0;997,3;998,6;997,3;2174,7;32,2;18,7;34,2;31,7;19;17,2;47;38;45;57;6,8;3,3;
2021/01/28;1800 UTC;0;996,2;997,3;996,2;3170,8;34,1;18,9;34,1;31,6;19,3;17,6;47;39;41;26;9;1,9;
2021/01/28;1900 UTC;0;996,1;996,3;996;1333,1;31,4;19,3;34,1;30,5;20,5;18,2;56;40;49;45;8,8;3;
2021/01/28;2000 UTC;0;995,8;996,1;995,8;520,4;29;19,5;32;28,8;19,7;18,5;57;45;57;48;9,1;2,6;
2021/01/28;2100 UTC;0;997;997;995,8;93,9;28,6;19,6;29;28,5;19,9;19,4;59;56;58;43;6,8;2,1;
2021/01/28;2200 UTC;0;997,7;997,7;997;,3;28,2;20,1;28,7;28,2;20,1;19,6;62;58;61;13;7,9;2,8;
2021/01/28;2300 UTC;0;998,2;998,2;997,7;;27,6;20,2;28,3;27,6;20,2;20;64;61;64;20;7,8;3,6;
2021/01/29;0000 UTC;0;999,8;999,8;998,2;;27,1;20,2;27,6;27,1;20,2;19,9;66;64;66;29;7,6;,1;
2021/01/29;0100 UTC;0;1000,7;1000,7;999,8;;26,6;20,9;27,1;26,6;20,9;20,2;71;66;71;30;6,2;1,6;
2021/01/29;0200 UTC;0;1000,6;1000,7;1000,5;;26,2;21,3;26,6;26,1;21,3;20,9;75;71;74;13;5,3;0;
2021/01/29;0300 UTC;0;1000,6;1000,7;1000,5;;25,8;21,4;26,2;25,8;21,4;21,2;77;74;77;36;3,4;0;
2021/01/29;0400 UTC;0;999,8;1000,6;999,8;;25,6;22;25,9;25,6;22;21,4;81;77;81;25;2,3;0;
2021/01/29;0500 UTC;0;999,5;999,8;999,4;;25,4;22,1;25,6;25,4;22,1;22;82;81;82;34;0;0;
2021/01/29;0600 UTC;0;999,2;999,5;999,2;;25,1;22;25,4;25,1;22,1;22;83;82;83;44;0;0;
2021/01/29;0700 UTC;0;999,1;999,2;998,9;;25;22,1;25,1;25;22,1;22;84;83;84;19;1,9;0;
2021/01/29;0800 UTC;0;999,5;999,5;999;;25,2;22,3;25,2;25;22,3;22,1;84;84;84;6;0;0;
2021/01/29;0900 UTC;0;999,8;999,9;999,5;;25;22,5;25,2;25;22,5;22,2;86;84;86;73;0;0;
2021/01/29;1000 UTC;0;1000,3;1000,3;999,7;108,2;25,2;22,6;25,2;24,7;22,7;22,3;87;86;86;104;0;0;
2021/01/29;1100 UTC;0;1001,1;1001,1;1000,3;356,8;26,3;22,3;26,3;25,2;23;22,2;86;78;79;74;0;0;
2021/01/29;1200 UTC;,2;1001,1;1001,2;1001,1;657,7;27,7;21,6;27,7;26,3;22,4;21,4;79;69;69;80;6,1;2,6;
2021/01/29;1300 UTC;0;1001;1001,2;1001;1520,5;29;20,5;29,5;27,7;21,8;20,5;70;60;60;82;8,6;4,6;
2021/01/29;1400 UTC;0;1000,7;1001;1000,7;1051,6;29,6;19,6;29,8;29;21;19,6;61;54;55;84;7,7;2,2;
2021/01/29;1500 UTC;0;1000,1;1000,7;1000,1;790,7;30,3;19,3;30,3;29,6;20;19;56;52;52;49;6,4;2;
2021/01/29;1600 UTC;0;999,5;1000,1;999,5;1208,2;31,1;19;31,1;30,2;19,6;18,6;53;48;49;76;6,2;2,1;
2021/01/29;1700 UTC;0;998,7;999,5;998,7;972,7;31,5;18,1;31,5;30,7;19;17,9;49;45;45;55;6,7;2,4;
2021/01/29;1800 UTC;0;997,9;998,7;997,9;720,6;31,3;17,6;31,9;31,1;18,5;17,3;47;42;44;67;7,1;2,2;
2021/01/29;1900 UTC;0;997,7;997,9;997,7;440,7;30,9;18,1;31,4;30,9;18,1;16,8;46;42;46;65;5,2;0;
2021/01/29;2000 UTC;0;997,9;997,9;997,7;232,8;30,2;19;30,9;30,2;19;18,1;51;46;51;58;2,6;0;
2021/01/29;2100 UTC;0;998,2;998,2;997,9;75,3;29;20,2;30,2;29;20,2;19;59;51;59;62;0;0;
2021/01/29;2200 UTC;0;998,4;998,4;998,2;,2;28,5;20,4;29;28,4;20,7;20,3;63;59;62;57;0;0;
2021/01/29;2300 UTC;0;998,7;998,7;998,4;;28,1;20,1;28,8;28,1;20,5;19,5;63;57;62;57;4,5;0;
2021/01/30;0000 UTC;0;999,1;999,1;998,7;;27,4;21,3;28,1;27,4;21,3;20,1;69;62;69;59;4,4;1,1;
2021/01/30;0100 UTC;0;999,6;999,6;999,1;;26,9;21,7;27,5;26,9;21,7;21,3;73;69;73;59;4,7;2,1;
2021/01/30;0200 UTC;0;999,8;999,9;999,5;;26,5;21,3;26,9;26,5;21,7;21,3;74;73;73;56;5,9;0;
2021/01/30;0300 UTC;0;999,9;1000;999,8;;25,8;21,1;26,5;25,8;21,3;21;75;73;75;58;4,1;0;
2021/01/30;0400 UTC;0;999,8;1000;999,7;;25,6;21,4;25,8;25,4;21,4;20,9;78;75;78;55;0;0;
2021/01/30;0500 UTC;0;999,1;999,8;999,1;;25;21,6;25,6;25;21,6;21,3;81;78;81;57;0;0;
2021/01/30;0600 UTC;0;998,9;999,3;998,9;;24,4;21,4;25;24,3;21,6;21,3;83;81;83;57;0;0;
2021/01/30;0700 UTC;0;999,2;999,3;998,8;;24,4;21,6;24,5;24,3;21,6;21,3;85;83;85;317;0;0;
2021/01/30;0800 UTC;0;999,4;999,4;999,2;;24,1;21,7;24,4;23,9;21,8;21,4;87;85;87;37;0;0;
2021/01/30;0900 UTC;0;1000,3;1000,3;999,3;;24,2;21,8;24,3;24,1;21,9;21,7;87;86;87;275;0;0;
2021/01/30;1000 UTC;0;1000,5;1000,5;1000;120,9;24,9;22,4;24,9;23,7;22,5;21,4;87;86;86;58;0;0;
2021/01/30;1100 UTC;0;1001,4;1001,4;1000,5;807,2;27,1;21,7;27,1;24,8;22,7;21,3;86;72;72;82;0;0;
2021/01/30;1200 UTC;0;1002;1002;1001,4;719,2;27,5;21,1;27,9;27,1;21,8;20,9;73;66;68;80;6,8;2,7;
2021/01/30;1300 UTC;0;1001,9;1002,2;1001,9;2035,9;30,1;20,9;30,2;26,8;22,7;20,6;73;57;58;58;8,2;4,1;
2021/01/30;1400 UTC;0;1001,5;1001,9;1001,5;2147,4;31,1;18,8;31,5;29,9;20,8;18,7;58;48;48;66;7,3;,4;
2021/01/30;1500 UTC;0;1001;1001,6;1001;2447,3;32,3;18,1;32,6;30,4;19,6;17,7;51;42;43;74;8,8;3,6;
2021/01/30;1600 UTC;0;1000,9;1001,4;1000,8;2817,4;31,2;17,3;33,3;27,9;19,1;17,3;56;39;44;61;16,4;5,3;
2021/01/30;1700 UTC;0;999,7;1000,9;999,7;2625,7;32;18,5;32,3;30,6;19;16,9;49;41;45;351;10,5;2,1;
2021/01/30;1800 UTC;0;998,3;999,7;998,3;2402,2;34,1;17,9;34,5;31,8;19,2;17,7;46;38;38;40;8,7;4,5;
2021/01/30;1900 UTC;0;997,5;998,3;997,5;2372,1;34,7;15,7;34,9;33,5;18,8;15,6;41;32;32;61;9,7;4,8;
2021/01/30;2000 UTC;0;997,9;997,9;997,5;1294,2;32,5;18,3;34,9;32,5;18,3;15,3;43;32;43;40;12,4;5,9;
2021/01/30;2100 UTC;0;998,3;998,3;997,8;290,7;30,9;18,2;32,5;30,9;18,6;18,1;47;43;47;43;10,6;4,7;
2021/01/30;2200 UTC;0;998,7;998,7;998,2;15,4;29,6;18,9;30,9;29,6;18,9;18,3;52;47;52;43;7,9;3,2;
2021/01/30;2300 UTC;0;999,6;999,6;998,7;;28,7;18,6;29,6;28,7;19,1;18,6;55;52;54;47;6,4;2,9;
2021/01/31;0000 UTC;0;1000,7;1000,7;999,6;;27,8;18,8;28,7;27,8;18,8;18,6;58;54;58;58;6;,2;
2021/01/31;0100 UTC;0;1001,4;1001,4;1000,7;;26,8;19,5;27,8;26,8;19,5;18,7;64;58;64;59;3,9;0;
2021/01/31;0200 UTC;0;1001,8;1001,8;1001,4;;26,2;19,8;27;26,2;19,8;19,4;68;64;68;70;2,8;0;
2021/01/31;0300 UTC;0;1001,6;1001,8;1001,5;;25,7;19,7;26,3;25,7;20,1;19,5;70;68;70;72;0;0;
2021/01/31;0400 UTC;0;1001;1001,6;1001;;26,4;19,6;26,5;25,2;20,1;19,4;73;66;66;70;4,5;,2;
2021/01/31;0500 UTC;0;1000,5;1001;1000,5;;25,2;19,8;26,4;25,2;19,8;19,6;72;66;72;63;1,9;0;
2021/01/31;0600 UTC;0;1000,2;1000,6;1000,2;;24,2;20,1;25,3;24,2;20,5;19,8;78;72;78;89;0;0;
2021/01/31;0700 UTC;0;1000,4;1000,4;1000,1;;23,2;19,9;24,2;23,1;20,3;19,7;82;78;82;56;0;0;
2021/01/31;0800 UTC;0;1000,2;1000,4;1000,1;;23,3;20,3;23,6;22,7;20,3;19,6;84;81;83;61;0;0;
2021/01/31;0900 UTC;0;1000,3;1000,3;1000;;23,1;20,2;23,3;22,8;20,3;19,8;85;82;84;56;0;0;
2021/01/31;1000 UTC;0;1000,7;1000,7;1000,3;137,4;24,4;21,1;24,4;22,3;21,2;19,6;87;82;82;60;0;0;
2021/01/31;1100 UTC;,2;1001,2;1001,2;1000,7;660,5;27,3;21,4;27,3;24,4;21,8;20,8;82;70;70;67;0;0;
2021/01/31;1200 UTC;0;1001,4;1001,4;1001,2;882,7;27,9;20,5;28,1;26,7;21,4;20,5;71;64;64;47;0;0;
2021/01/31;1300 UTC;0;1001,4;1001,5;1001,3;1999,2;31;18,9;31;27,9;20,9;18,5;65;49;49;105;5,7;2,5;
2021/01/31;1400 UTC;0;1000,7;1001,4;1000,6;2873,3;33,1;17,8;33,1;30,5;19,1;17,3;49;39;40;114;8,1;2,5;
2021/01/31;1500 UTC;0;999,8;1000,7;999,8;3336,6;34,4;16,1;34,6;32,3;17,9;15,9;41;33;34;71;10,2;5,3;
2021/01/31;1600 UTC;0;998,7;999,9;998,7;3003,9;34,7;16,3;35,4;33,7;17;15,8;36;32;34;70;11,3;4,4;
2021/01/31;1700 UTC;0;997,7;998,7;997,6;3047;35,8;15,9;36,6;34,7;17;15,1;34;30;31;88;8,7;3;
2021/01/31;1800 UTC;0;996,8;997,7;996,8;2018,6;35,4;15,3;37;35,3;16,6;15,2;31;29;30;87;9,4;3,1;
2021/01/31;1900 UTC;0;996,5;996,8;996,4;1074,2;35,3;15,5;35,8;35;16;14,7;32;29;31;68;8,9;3,4;
2021/01/31;2000 UTC;0;996,5;996,5;996,3;798,6;34,5;15,8;35,7;34,5;16;15,4;33;30;33;67;8,9;3,3;
2021/01/31;2100 UTC;0;996,9;996,9;996,5;272;33,6;16,4;34,5;33,5;16,4;15,8;36;33;36;57;7,9;2,1;
2021/01/31;2200 UTC;0;997,6;997,6;996,9;10,5;31,9;17,9;33,6;31,9;17,9;16,4;43;36;43;41;6,8;2,1;
2021/01/31;2300 UTC;0;998,6;998,6;997,6;;29,9;20,7;31,9;29,9;20,8;18;58;43;58;31;7,1;3,1;
2021/02/01;0000 UTC;;999;999,1;998,6;;28,5;20,6;29,9;28,5;20,7;20,6;62;58;62;28;6;3,5;
2021/02/01;0100 UTC;;999,5;999,6;999;;27,5;20,9;28,5;27,5;20,9;20,5;67;62;67;58;6,2;2,9;
2021/02/01;0200 UTC;;999,8;999,8;999,5;;27;21,6;27,5;26,9;21,6;21;73;67;73;58;6,2;0;
2021/02/01;0300 UTC;;999,4;999,8;999,4;;26,4;21,7;27;26,4;21,8;21,6;76;73;75;58;0;0;
2021/02/01;0400 UTC;;998,8;999,4;998,7;;25,8;21,9;26,4;25,7;21,9;21,6;79;75;79;57;2,1;0;
2021/02/01;0500 UTC;;997,9;998,8;997,9;;25,2;22,2;25,8;25,2;22,2;21,8;83;79;83;58;0;0;
2021/02/01;0600 UTC;;997,9;997,9;997,8;;24,7;22,1;25,2;24,6;22,2;21,9;85;83;85;60;0;0;
2021/02/01;0700 UTC;;998,1;998,1;997,6;;24,5;22,1;24,7;24,5;22,1;21,9;86;85;86;354;0;0;
2021/02/01;0800 UTC;;998,3;998,4;998;;24,2;21,9;24,5;24,1;22,2;21,8;88;86;87;74;0;0;
2021/02/01;0900 UTC;;999,2;999,2;998,3;;24,5;22,1;24,5;24;22,2;21,7;88;87;87;183;0;0;
2021/02/01;1000 UTC;;999,9;1000;999,2;58,1;25,5;22;25,5;24,5;22,1;22;87;81;81;96;0;0;
2021/02/01;1100 UTC;;1000,4;1000,4;999,9;693,1;27,8;21,1;27,9;25,5;22;21,1;81;67;67;84;9,4;3,4;
2021/02/01;1200 UTC;;1000,7;1000,8;1000,4;1360;29,2;19,5;29,8;27,8;21;19,3;67;55;56;85;10,3;5,1;
2021/02/01;1300 UTC;;1000,6;1000,9;1000,6;1445,7;30;17,2;30,4;29,1;19,3;17,2;56;46;46;75;9,8;5;
2021/02/01;1400 UTC;;1000,2;1000,6;1000,1;2998,3;33;16,9;33;30;18,1;16,3;47;38;38;88;10,9;5,2;
2021/02/01;1500 UTC;;999,5;1000,2;999,5;2586,3;32,9;16,6;33,1;32,2;16,8;16,1;39;37;38;99;10,6;3,4;
2021/02/01;1600 UTC;;998,8;999,5;998,8;2878,2;33,6;15,9;34,7;32,6;17;15,6;38;33;35;69;9,1;4,6;
2021/02/01;1700 UTC;;998;998,8;998;1430,2;33,5;16,3;34,5;33,4;16,7;15,7;36;33;36;67;9,1;2;
2021/02/01;1800 UTC;;997,5;997,9;997,5;886,9;33,4;16,2;33,9;33,2;16,9;15,8;37;35;36;70;8,1;2,2;
2021/02/01;1900 UTC;;997,2;997,5;997,1;1094,2;34,3;16,5;34,4;33,4;16,5;15,6;36;33;35;52;8,9;2,5;
2021/02/01;2000 UTC;;997,2;997,2;997;1390,9;33,6;16,4;35;33,5;17,1;15,8;37;32;36;37;7,8;3;
2021/02/01;2100 UTC;;997,5;997,6;997,1;299,6;30,6;20,5;33,6;30,6;20,8;16,6;55;36;55;50;9,8;4,7;
2021/02/01;2200 UTC;;998,1;998,1;997,5;14,3;29,2;20,5;30,6;29,2;20,6;20,4;60;55;60;45;9,9;3,3;
2021/02/01;2300 UTC;;999;999;998,1;;28;19,1;29,2;28;20,6;19,1;62;58;58;30;8,2;3,6;
2021/02/02;0000 UTC;;1000,1;1000,1;999;;26,8;19;28;26,8;19;18,8;62;58;62;25;8,2;,2;
2021/02/02;0100 UTC;;1000,7;1000,7;1000,1;;25,8;19,9;26,8;25,8;19,9;19;70;62;70;32;4,1;0;
2021/02/02;0200 UTC;;1000,7;1000,8;1000,6;;25,4;20,6;25,8;25,4;20,6;19,9;75;70;75;26;3,9;0;
2021/02/02;0300 UTC;;1000,4;1000,7;1000,4;;24,8;21;25,4;24,8;21;20,6;79;75;79;32;2,9;,1;
2021/02/02;0400 UTC;;999,9;1000,5;999,9;;24;21,2;24,8;24;21,3;20,9;84;79;84;35;2,9;0;
2021/02/02;0500 UTC;;999,4;999,9;999,4;;23,6;21,5;24;23,5;21,5;21,2;88;84;88;42;0;0;
2021/02/02;0600 UTC;;998,8;999,4;998,8;;22,7;21,3;23,6;22,5;21,5;20,7;92;88;92;55;0;0;
2021/02/02;0700 UTC;;998,9;998,9;998,7;;22,6;21,4;22,8;22,2;21,5;20,9;93;91;93;73;0;0;
2021/02/02;0800 UTC;;999;999,1;998,7;;21,8;20,8;22,6;21,2;21,3;19,9;94;92;94;58;0;0;
2021/02/02;0900 UTC;;999,5;999,5;999;;21,9;20,9;22;21,2;21;20,2;94;94;94;4;0;0;
2021/02/02;1000 UTC;;1000,4;1000,4;999,5;93;22;21;22;21,3;21;20,2;94;93;94;310;0;0;
2021/02/02;1100 UTC;;1001,1;1001,1;1000,4;728,2;26;21,7;26;22;23,2;21;94;77;77;10;0;0;
2021/02/02;1200 UTC;;1001,7;1001,7;1001,1;1741,7;29,1;20,7;29,4;26;22,2;20,5;78;60;60;97;8,1;4,6;
2021/02/02;1300 UTC;;1001,7;1001,7;1001,6;1951,9;30,7;18;30,9;28,9;21,1;17,8;61;46;47;77;10,5;4,4;
2021/02/02;1400 UTC;;1001,3;1001,7;1001,2;2737,9;33,2;16,6;33,2;30,5;18,2;16,1;47;37;37;73;11;4,6;
2021/02/02;1500 UTC;;1000,8;1001,4;1000,8;2974,2;32,9;14,5;33,8;31,9;16,8;14,3;39;33;33;58;11;5,7;
2021/02/02;1600 UTC;;999,9;1000,8;999,9;3503,7;34,4;14,9;35,1;32,8;15,5;14,4;34;31;31;56;9,8;3,8;
2021/02/02;1700 UTC;;998,6;999,9;998,6;2826,4;34,7;14,4;35,6;33,3;15,5;14,2;33;29;30;62;9,2;3,6;
2021/02/02;1800 UTC;;997,9;998,7;997,9;2612,7;35,5;14,2;36,6;33,8;15,2;14;31;27;28;82;9,6;3,6;
2021/02/02;1900 UTC;;997,6;997,9;997,5;2075,3;34,9;15;36,3;34,7;15;14;30;27;30;58;8;4,1;
2021/02/02;2000 UTC;;997,5;997,6;997,4;1381,3;34,4;15;35,5;34,2;15,6;14,3;31;29;31;48;8,7;4,6;
2021/02/02;2100 UTC;;997,8;997,8;997,5;329,2;32,8;15,8;34,4;32,8;16,2;14,9;36;31;36;33;7,9;3,6;
2021/02/02;2200 UTC;;998,5;998,5;997,8;23,7;30,4;18,4;32,8;30,4;18,4;15,8;49;36;49;33;10,3;4;
2021/02/02;2300 UTC;;999,3;999,3;998,5;;28,6;19,5;30,4;28,6;19,7;18,5;58;49;58;58;10,3;3,9;
2021/02/03;0000 UTC;;1000,4;1000,4;999,3;;27,2;19;28,6;27,1;19,5;18,9;61;57;61;55;8,7;0;
2021/02/03;0100 UTC;;1001,3;1001,3;1000,4;;25,7;19;27,2;25,7;19;18,5;67;61;67;49;4,7;,6;
2021/02/03;0200 UTC;;1001,6;1001,7;1001,3;;24,5;20,5;25,7;24,4;20,6;19,1;78;67;78;39;3,8;0;
2021/02/03;0300 UTC;;1001,1;1001,6;1001,1;;24,2;21,2;24,5;24,2;21,2;20,5;83;78;83;30;0;0;
2021/02/03;0400 UTC;;1000,8;1001,1;1000,7;;24;21,3;24,3;23,9;21,4;21,1;85;83;85;67;4,8;0;
2021/02/03;0500 UTC;;1000,3;1000,8;1000,3;;23;20,9;24;22,8;21,2;20,6;89;85;88;59;0;0;
2021/02/03;0600 UTC;;1000,1;1000,3;1000;;22,3;20,5;23;22;21;20,1;90;88;90;72;0;0;
2021/02/03;0700 UTC;;1000,4;1000,4;1000;;22,4;20,4;23,1;22;20,9;20,2;90;86;89;343;0;0;
2021/02/03;0800 UTC;;1000,6;1000,6;1000,3;;22,2;20,6;22,8;21,9;21;20;91;88;91;183;0;0;
2021/02/03;0900 UTC;;1001;1001;1000,6;;21,1;19,7;22,6;21,1;20,9;19,4;91;89;91;118;0;0;
2021/02/03;1000 UTC;;1001,5;1001,5;1001;146,7;23,1;21,8;23,1;20,5;21,8;19,1;95;91;92;25;0;0;
2021/02/03;1100 UTC;;1002,2;1002,2;1001,5;837,6;26,6;21,7;26,6;23,1;22;21,4;92;74;74;139;0;0;
2021/02/03;1200 UTC;;1002,3;1002,3;1002,1;1704,2;29;20,5;29,1;26,6;21,8;20,5;75;60;60;101;7,5;3,1;
2021/02/03;1300 UTC;;1001,7;1002,3;1001,7;2456,9;31,4;17,9;31,4;28,8;20,5;17,9;61;45;45;103;8,9;2,4;
2021/02/03;1400 UTC;;1001,2;1001,8;1001,1;2829,3;32,8;17,4;32,9;31,1;18,1;16,9;45;40;40;79;10,6;4;
2021/02/03;1500 UTC;;1000,4;1001,1;1000,4;3014,8;34,1;16,9;34,5;32,2;17,7;16,2;41;35;36;87;9,8;,8;
2021/02/03;1600 UTC;;999,3;1000,5;999,3;3111,5;34,1;16,4;35;33,4;17,2;15,8;36;33;35;77;9,4;3;
2021/02/03;1700 UTC;;998,1;999,3;998,1;2333,1;35,7;15,9;36,4;34,2;16,7;15,2;35;31;31;67;9,4;4,4;
2021/02/03;1800 UTC;;997,5;998,1;997,5;2374,7;36,1;15,6;36,5;34,5;16,1;14,7;32;28;30;72;10,6;1,7;
2021/02/03;1900 UTC;;997,3;997,6;997,3;1664,5;36;15,3;36,7;35;16;15,1;31;29;29;85;8,7;,7;
2021/02/03;2000 UTC;;997,4;997,5;997,2;964,1;34,9;15,1;36,7;34,9;15,7;15;31;29;31;74;9;,4;
2021/02/03;2100 UTC;;997,9;997,9;997,4;483;33,4;17,3;35,4;33,4;17,4;14,9;38;30;38;39;8,4;2,7;
2021/02/03;2200 UTC;;998,7;998,7;997,9;20,8;30,7;17,4;33,4;30,7;17,5;17,2;45;38;45;35;11,4;5,2;
2021/02/03;2300 UTC;;999,6;999,6;998,7;;28,9;18,3;30,7;28,9;18,3;17,4;53;45;53;31;10,6;1,5;
2021/02/04;0000 UTC;;1000,4;1000,4;999,6;;27,8;19,1;28,9;27,8;19,1;18,3;59;53;59;32;9,7;4,2;
2021/02/04;0100 UTC;;1001;1001;1000,4;;26,7;19,9;27,8;26,7;19,9;19,1;66;59;66;33;9,7;,9;
2021/02/04;0200 UTC;;1001,1;1001,2;1000,9;;26,1;21,5;26,7;26,1;21,5;19,9;76;66;76;27;5,5;,1;
2021/02/04;0300 UTC;;1000,7;1001,2;1000,7;;25,4;21,9;26,1;25,4;21,9;21,4;81;75;81;23;4,8;0;
2021/02/04;0400 UTC;;1000,5;1000,7;1000,5;;24,9;21,7;25,4;24,9;22;21,6;83;81;82;11;0;0;
2021/02/04;0500 UTC;;1000,1;1000,5;1000,1;;24,3;21,5;24,9;24,3;21,7;21,5;85;82;85;29;0;0;
2021/02/04;0600 UTC;;1000,2;1000,2;1000;;23,6;21,6;24,3;23,3;21,7;21,1;89;85;88;28;0;0;
2021/02/04;0700 UTC;;1000,5;1000,5;1000,1;;22,5;20,7;23,7;22,5;21,7;20,7;91;88;90;60;0;0;
2021/02/04;0800 UTC;;1000,6;1000,6;1000,3;;22,7;21;23,2;22,3;21,6;20,5;91;88;90;56;0;0;
2021/02/04;0900 UTC;;1001,1;1001,1;1000,6;;22,5;21;22,8;22,2;21,2;20,6;92;89;92;106;0;0;
2021/02/04;1000 UTC;;1001,7;1001,7;1001,1;99,1;23,6;21,9;23,6;22,1;21,9;20,7;92;90;90;69;0;0;
2021/02/04;1100 UTC;;1002,2;1002,2;1001,6;865;27,4;21,2;27,5;23,6;22,3;20,9;91;68;69;350;0;0;
2021/02/04;1200 UTC;;1002,4;1002,5;1002,2;1430,1;28,3;21,2;28,9;27,2;21,6;20,8;69;63;65;69;3,8;,1;
2021/02/04;1300 UTC;;1002,1;1002,5;1002,1;1484,4;30,7;19,3;31,1;28,3;21,6;19,3;66;50;50;95;7,6;2,1;
2021/02/04;1400 UTC;;1001,6;1002,1;1001,3;2124,4;32,1;18,4;32,9;30,6;19,4;18,2;51;43;44;60;21,2;2,4;
2021/02/04;1500 UTC;;1000,8;1001,6;1000,8;2396,8;32,7;18,4;33,6;31,8;19;17,9;45;40;43;54;21,2;2,7;
2021/02/04;1600 UTC;;999,7;1000,8;999,7;2234,3;35,2;16,6;35,5;32,4;18,7;16,6;43;33;33;27;7,5;1,3;
2021/02/04;1700 UTC;;998,5;999,7;998,5;2906,2;36,3;16,3;36,7;33,9;17,6;16;37;30;31;32;7,3;,9;
2021/02/04;1800 UTC;;997,7;998,5;997,7;1534,8;35,2;16,4;37,1;34,7;17,4;15,8;34;30;33;38;8,9;3;
2021/02/04;1900 UTC;;997,6;997,8;997,5;717,6;34;17,6;35,6;32,6;18;16,6;41;33;38;37;11,6;0;
2021/02/04;2000 UTC;;997,4;997,6;997,3;418,2;33,6;17,3;34,2;33,6;18,2;17,2;40;36;38;36;7,5;2,6;
2021/02/04;2100 UTC;;997,9;997,9;997,4;151,1;31,4;18,4;33,6;30,6;18,9;17,4;50;38;46;37;11,1;2,2;
2021/02/04;2200 UTC;;998,4;998,4;997,9;15,6;30,3;18,1;31,4;30,3;18,5;18;48;46;48;36;8;,8;
2021/02/04;2300 UTC;;999,4;999,4;998,4;;28,5;19,5;30,3;28,5;19,5;18,1;58;48;58;30;9;1,3;
2021/02/05;0000 UTC;;1000,4;1000,4;999,3;;27,4;20,1;28,5;27,4;20,1;19,6;65;58;65;31;9;,7;
2021/02/05;0100 UTC;;1001,1;1001,2;1000,4;;26,4;21,3;27,4;26,4;21,3;20,1;74;65;74;30;6;0;
2021/02/05;0200 UTC;;1001,2;1001,4;1001,1;;25,6;21,9;26,4;25,6;21,9;21,2;80;74;80;25;4,8;0;
2021/02/05;0300 UTC;;1001;1001,4;1001;;24,9;22,2;25,6;24,9;22,3;21,9;85;80;85;23;3,6;0;
2021/02/05;0400 UTC;;1000,3;1001;1000,3;;24,2;22,2;24,9;24,2;22,4;22,1;89;85;89;19;0;0;
2021/02/05;0500 UTC;;999,6;1000,3;999,6;;24,1;22,3;24,3;24,1;22,4;22,2;90;89;90;37;0;0;
2021/02/05;0600 UTC;;999,5;999,8;999,5;;23;21,5;24,1;23;22,3;21,5;91;89;91;59;0;0;
2021/02/05;0700 UTC;;999,4;999,6;999,3;;22,8;21,3;23,4;22,5;21,9;20,9;92;91;91;95;0;0;
2021/02/05;0800 UTC;;999,5;999,5;999,3;;22,3;21,3;22,8;21,9;21,7;20,3;95;90;94;108;0;0;
2021/02/05;0900 UTC;;1000,1;1000,1;999,5;;21,4;20,5;22,8;21,4;21,8;20,5;95;94;94;167;0;0;
2021/02/05;1000 UTC;;1000,7;1000,7;1000,1;162,2;22,3;21,4;22,3;21,1;21,4;20,2;95;94;95;222;0;0;
2021/02/05;1100 UTC;;1001,2;1001,3;1000,7;891,4;27,1;22,1;27,1;22,3;22,9;21,5;95;74;74;95;5,7;,4;
2021/02/05;1200 UTC;;1001,1;1001,3;1001,1;1815;29,1;19,4;29,6;27;22,2;19,4;74;55;56;97;8,2;4,1;
2021/02/05;1300 UTC;;1001,1;1001,2;1001,1;2573,1;30,8;17,4;31,5;29,1;19,6;16,9;56;43;45;81;9,8;3,8;
2021/02/05;1400 UTC;;1000,1;1001,1;1000,1;3262,2;33;15,2;33,6;30,7;17,5;15,1;45;34;34;90;9,3;3;
2021/02/05;1500 UTC;;999,5;1000,1;999,5;3758,5;34,4;14,1;35,3;32,7;15;13,1;35;28;30;68;10,3;4,4;
2021/02/05;1600 UTC;;998,3;999,5;998,3;3878;35,9;13,2;36,9;34,3;14,4;12;30;23;26;83;9,9;4,3;
2021/02/05;1700 UTC;;997,2;998,3;997,2;3467,2;36,1;14,4;37,6;35,8;15,1;13,2;28;25;27;24;9,7;2,8;
2021/02/05;1800 UTC;;996,1;997,2;996,1;3051,6;36,7;14,8;37,5;36,1;15,5;14,2;28;26;27;45;10,1;5,2;
2021/02/05;1900 UTC;;996,2;996,3;996,1;2314,9;36,2;14,4;37,2;35,7;15,1;14,1;28;26;27;28;10,9;4,5;
2021/02/05;2000 UTC;;996,6;996,6;996,1;1524;35;12;36,7;35;14,7;11,6;27;24;25;35;10,2;5,3;
2021/02/05;2100 UTC;;997,4;997,4;996,6;680,8;32,8;13,5;35,2;32,8;13,5;11,5;31;25;31;39;11;6,2;
2021/02/05;2200 UTC;;998,6;998,6;997,4;33,8;30,2;16,9;32,8;30,2;16,9;13,7;45;31;45;33;10,1;4,2;
2021/02/05;2300 UTC;;999,3;999,3;998,6;;28,4;19,1;30,2;28,4;19,1;16,9;57;45;57;29;8,9;4,5;
2021/02/06;0000 UTC;;1000,1;1000,1;999,3;;26,8;20,6;28,4;26,8;20,6;19,1;69;57;69;26;10;3,9;
2021/02/06;0100 UTC;;1000,6;1000,6;1000;;26;21,8;26,8;26;21,8;20,6;78;69;78;34;7,4;3,5;
2021/02/06;0200 UTC;;1000,7;1000,8;1000,6;;25,6;22,1;26;25,6;22,1;21,8;81;77;81;25;8,1;3,8;
2021/02/06;0300 UTC;;1000,2;1000,7;1000,1;;25,2;22,3;25,6;25,2;22,3;22,1;84;81;84;26;7,6;3,6;
2021/02/06;0400 UTC;;999,9;1000,2;999,9;;24,7;22,3;25,2;24,6;22,4;22,2;87;84;87;32;6,2;,7;
2021/02/06;0500 UTC;;999,7;999,9;999,7;;23,8;22,1;24,7;23,8;22,3;22,1;90;87;90;42;4,4;0;
2021/02/06;0600 UTC;;999,3;999,7;999,3;;23,4;22,2;23,8;23,4;22,3;22,1;93;90;93;32;0;0;
2021/02/06;0700 UTC;;999,3;999,3;999,1;;23,1;22,2;23,5;23,1;22,5;22,1;95;93;95;45;0;0;
2021/02/06;0800 UTC;;999,5;999,5;999,2;;22,6;21,9;23,1;22,6;22,3;21,9;96;95;96;85;0;0;
2021/02/06;0900 UTC;;1000,1;1000,1;999,5;;22,5;21,9;22,7;22,2;22;21,5;96;96;96;93;0;0;
2021/02/06;1000 UTC;;1000,6;1000,6;1000;157,4;22,5;21,8;22,5;21,6;21,9;21;97;96;96;264;0;0;
2021/02/06;1100 UTC;;1001,1;1001,1;1000,6;876,8;26,2;22,6;26,2;22,5;22,8;21,9;96;80;81;203;0;0;
2021/02/06;1200 UTC;;1001,4;1001,4;1001,1;1773,2;28,8;21,3;29,2;26,2;22,4;21,1;81;63;64;49;4,2;,7;
2021/02/06;1300 UTC;;1001,3;1001,4;1001,3;2197,9;31,4;19,6;31,4;28,1;21,9;19,3;66;50;50;56;6,9;2,9;
2021/02/06;1400 UTC;;1000,4;1001,3;1000,4;3005,1;33,1;17,9;33,9;30,8;19,5;17,4;50;39;41;45;9,3;3,8;
2021/02/06;1500 UTC;;999,6;1000,4;999,6;3177,6;34,4;17,1;34,8;32,5;18,2;16,8;41;35;36;62;8,7;4,6;
2021/02/06;1600 UTC;;998,5;999,6;998,5;2923,6;34,8;16,4;35,8;33,7;17,1;16,2;36;33;34;38;13,5;3,2;
2021/02/06;1700 UTC;;997,4;998,6;997,4;2863,2;36,1;16,6;36,5;34,2;16,9;15,8;35;31;32;64;13,5;4,2;
2021/02/06;1800 UTC;;996,7;997,4;996,6;2302,6;36,4;16,5;37;34,9;17;15,9;33;31;31;47;9,3;4,5;
2021/02/06;1900 UTC;;996,1;996,7;996,1;1980,7;36,1;16,3;36,6;34,8;16,5;15,6;32;30;31;34;10,7;2,1;
2021/02/06;2000 UTC;;996,3;996,3;996,2;1386,5;35,3;15,9;36,3;34,8;16,2;15,4;32;30;32;40;10,7;3,9;
2021/02/06;2100 UTC;;997,2;997,2;996,3;661,9;33;17,4;35,4;33;17,4;15,9;39;32;39;42;9,2;4,5;
2021/02/06;2200 UTC;;998,1;998,1;997,2;38,7;31;17,6;33;31;17,6;17,4;45;39;45;39;9,6;4,1;
2021/02/06;2300 UTC;;999;999;998,1;;29,5;18,5;31;29,5;18,5;17,6;52;45;52;38;8,1;3,3;
2021/02/07;0000 UTC;;1000;1000;999;;28,1;19,1;29,4;28;19,1;18,5;58;52;58;22;6,2;2;
2021/02/07;0100 UTC;;1000,7;1000,7;1000;;26,9;19,5;28,1;26,9;19,5;19,1;64;58;64;35;5;2,9;
2021/02/07;0200 UTC;;1000,8;1000,9;1000,7;;26,2;20,3;26,9;26,2;20,3;19,4;70;64;70;23;5,2;,8;
2021/02/07;0300 UTC;;1000,6;1000,9;1000,6;;25,4;21,5;26,2;25,4;21,5;20,4;79;70;79;29;5,5;0;
2021/02/07;0400 UTC;;1000;1000,6;1000;;24,4;21,8;25,4;24,4;22;21,5;85;79;85;27;0;0;
2021/02/07;0500 UTC;;999,7;1000;999,7;;24;21,8;24,4;23,9;21,8;21,6;88;85;88;21;0;0;
2021/02/07;0600 UTC;;999,8;999,9;999,7;;23,9;21,8;24,1;23,8;21,9;21,6;88;87;88;60;0;0;
2021/02/07;0700 UTC;;999,9;999,9;999,7;;23,4;21,8;23,9;23,2;21,9;21,4;91;88;91;73;0;0;
2021/02/07;0800 UTC;;1000,5;1000,5;999,9;;22,6;21,4;23,4;22,6;21,8;21,3;93;90;93;56;0;0;
2021/02/07;0900 UTC;;1000,9;1000,9;1000,5;;22;21,3;22,9;21,9;21,8;20,6;96;92;96;207;0;0;
2021/02/07;1000 UTC;;1001,2;1001,2;1000,9;153;23,3;22;23,3;22;22;21,3;96;92;92;200;0;0;
2021/02/07;1100 UTC;;1001,4;1001,4;1001,2;885,8;27;22,4;27;23,3;22,4;21,9;92;76;76;176;0;0;
2021/02/07;1200 UTC;;1001,5;1001,7;1001,4;1695,7;29,5;22,1;29,5;27;22,6;21,9;76;64;64;80;6;,9;
2021/02/07;1300 UTC;;1001,3;1001,5;1001,3;2470,6;31,7;19,2;32;29,5;22,3;19;64;48;48;86;7,6;3;
2021/02/07;1400 UTC;;1000,6;1001,3;1000,5;3176,7;33,8;17,3;34,3;31,3;19,9;16,7;49;36;37;87;10;4;
2021/02/07;1500 UTC;;999,5;1000,6;999,5;3142,6;35,2;16,9;35,2;33,4;18,4;15,7;40;33;34;77;10;1,7;
2021/02/07;1600 UTC;;998,2;999,6;998,2;3381,9;36,4;14,8;37;34;16,6;14,5;34;27;28;98;8,5;2,3;
2021/02/07;1700 UTC;;996,9;998,2;996,9;3167,1;36,6;14,6;38,2;35,2;15,8;14;30;25;27;43;9,6;2,4;
2021/02/07;1800 UTC;;996;996,9;995,9;1810,8;37,1;13,8;37,5;35,7;14,9;13,8;28;25;25;27;6,8;1,8;
2021/02/07;1900 UTC;;995,5;996;995,4;1696,5;37,3;14,1;38,2;36,1;14,6;13,3;27;24;25;8;6,8;0;
2021/02/07;2000 UTC;;995,6;995,6;995,4;1024,9;35,7;17,2;37,8;35,4;17,3;14,8;34;25;34;10;8,8;4,4;
2021/02/07;2100 UTC;;996,5;996,5;995,6;384,3;32,7;19,4;35,7;32,7;19,5;17,2;46;34;46;27;12,1;4,7;
2021/02/07;2200 UTC;;997,3;997,3;996,5;14,5;30,8;20,4;32,7;30,8;20,4;19,4;54;46;54;32;10,3;5,5;
2021/02/07;2300 UTC;;998,3;998,3;997,3;;29,3;20,9;30,8;29,3;20,9;20,4;61;54;61;29;9,9;4,8;
2021/02/08;0000 UTC;;999,5;999,5;998,3;;28,3;20,9;29,3;28,3;21;20,5;64;60;64;28;9,3;4,4;
2021/02/08;0100 UTC;;1000,5;1000,5;999,5;;27,4;21,9;28,3;27,4;21,9;20,9;72;64;72;26;7,7;,2;
2021/02/08;0200 UTC;;1000,6;1000,7;1000,5;;26,8;23;27,4;26,8;23;21,9;80;72;80;24;5,1;1,7;
2021/02/08;0300 UTC;;1000,5;1000,7;1000,5;;26,3;23,3;26,8;26,3;23,3;23;84;80;84;11;4,6;0;
2021/02/08;0400 UTC;;1000;1000,5;1000;;25,8;23,2;26,3;25,8;23,4;23,2;86;84;86;31;0;0;
2021/02/08;0500 UTC;;999,6;1000;999,6;;25,3;23,3;25,8;25,3;23,4;23,2;88;86;88;28;0;0;
2021/02/08;0600 UTC;;999,4;999,6;999,3;;25,2;23,3;25,4;25,2;23,4;23,2;89;88;89;43;0;0;
2021/02/08;0700 UTC;;999,3;999,5;999,3;;24,6;23,2;25,2;24,6;23,4;23,2;92;89;92;42;0;0;
2021/02/08;0800 UTC;;999,5;999,5;999,2;;24,2;23,2;24,6;24,1;23,4;23;94;92;94;62;0;0;
2021/02/08;0900 UTC;;999,6;999,7;999,5;;23,7;22,9;24,4;23,7;23,4;22,8;95;94;95;10;0;0;
2021/02/08;1000 UTC;;1000,1;1000,1;999,6;51,3;24,7;23,6;24,7;23,7;23,6;22,8;96;93;93;118;0;0;
2021/02/08;1100 UTC;;1000,9;1000,9;1000,1;354;26,2;23,7;26,2;24,7;23,9;23,5;93;86;86;204;0;0;
2021/02/08;1200 UTC;;1001,2;1001,2;1000,9;1161,3;28,6;23;29,1;26,2;23,7;22,9;86;70;72;205;0;0;
2021/02/08;1300 UTC;;1001,1;1001,3;1001;1567;30;22,2;31,1;28,5;23,3;22,1;73;61;63;95;,1;0;
2021/02/08;1400 UTC;;1000,4;1001,1;1000,4;1463,5;31,8;20,8;32,1;29,9;22,7;20,5;63;51;52;46;8,5;2,1;
2021/02/08;1500 UTC;;999,6;1000,4;999,6;1730,3;32,9;19,6;33,7;31,3;21,1;19,6;53;45;45;15;5,6;1,6;
2021/02/08;1600 UTC;;998,4;999,6;998,4;1974,3;33,8;18,7;34,2;32,9;19,9;18,6;46;41;41;43;5,6;,4;
2021/02/08;1700 UTC;;997;998,4;997;1499,1;34,3;18,3;35;33,6;19,9;18,3;45;38;39;277;5,1;0;
2021/02/08;1800 UTC;;996;997;996;2319,3;35,6;17,3;36,7;34,3;18,5;16,8;39;32;34;21;4,7;1,6;
2021/02/08;1900 UTC;;995,7;996;995,4;1103,1;32,2;20,8;35,6;32;20,8;17;51;34;51;352;10,5;5,2;
2021/02/08;2000 UTC;;996,1;996,3;995,7;449,5;30,2;21,3;32,2;30,2;21,3;20,7;59;51;59;1;10,8;4,8;
2021/02/08;2100 UTC;;997,2;997,2;996,1;116,3;28,9;21,5;30,2;28,9;21,8;21,3;64;59;64;24;11,8;4,8;
2021/02/08;2200 UTC;;997,6;997,7;997,2;8,7;28,2;21,9;28,9;28,2;21,9;21,4;69;64;69;33;11,8;3,4;
2021/02/08;2300 UTC;;999,3;999,3;997,5;;27,9;22,4;28,2;27,9;22,4;21,9;72;69;72;52;8,1;2,7;
2021/02/09;0000 UTC;;999,8;999,8;999,2;;27,6;22,8;27,9;27,6;22,8;22,4;75;72;75;54;6;1,5;
2021/02/09;0100 UTC;;999,9;1000,1;999,8;;27,1;23,2;27,6;27,1;23,2;22,8;80;75;80;59;6,3;0;
2021/02/09;0200 UTC;;1000,3;1000,5;999,8;;27;23,3;27,1;27;23,3;23,2;80;80;80;56;3;0;
2021/02/09;0300 UTC;;1000,4;1000,5;1000,3;;26,9;23,3;27;26,9;23,4;23,2;81;80;81;56;0;0;
2021/02/09;0400 UTC;;999,6;1000,4;999,6;;26,5;23,4;26,9;26,5;23,4;23,3;83;81;83;58;,2;0;
2021/02/09;0500 UTC;;999,1;999,6;999;;26,5;23,4;26,5;26,4;23,5;23,4;84;83;83;48;0;0;
2021/02/09;0600 UTC;;999;999,1;998,9;;26,2;23,4;26,5;26,2;23,4;23,3;84;83;84;44;0;0;
2021/02/09;0700 UTC;;999,1;999,1;999;;26;23,4;26,3;25,9;23,4;23,3;86;84;86;58;0;0;
2021/02/09;0800 UTC;;999,2;999,3;999,1;;25,8;23,5;26;25,8;23,5;23,3;87;86;87;62;0;0;
2021/02/09;0900 UTC;;999,9;999,9;999,2;;26;23,5;26;25,8;23,6;23,5;87;86;86;58;0;0;
2021/02/09;1000 UTC;;1000,3;1000,3;999,9;135,5;26,6;23,6;26,6;25,9;23,6;23,5;87;83;83;57;0;0;
2021/02/09;1100 UTC;;1001,4;1001,4;1000,3;391,6;27,5;23,1;27,5;26,7;23,6;23;83;77;77;59;0;0;
2021/02/09;1200 UTC;;1001,8;1001,8;1001,4;649,7;28,6;22,4;28,7;27,4;23,1;22,3;77;69;69;58;4,7;1,6;
2021/02/09;1300 UTC;;1001,4;1001,8;1001,4;1559,5;30,4;20,4;30,8;28,5;22,6;20,4;69;55;55;59;6,3;2,4;
2021/02/09;1400 UTC;;1001;1001,4;1001;1747,7;31;19,5;31,8;30,4;20,3;18,9;55;48;50;63;6,3;,2;
2021/02/09;1500 UTC;;1000,5;1001;1000,5;1245,2;30,8;19,7;32;30,7;20,3;19,2;53;49;52;100;6,7;1;
2021/02/09;1600 UTC;;999,3;1000,5;999,3;1924,1;32,2;19,6;32,6;30,8;20,5;19,2;53;46;47;126;5,5;0;
2021/02/09;1700 UTC;;998,6;999,4;998,6;1324,4;32;18,8;32,9;31,9;19,8;18,6;48;44;46;91;5;1,7;
2021/02/09;1800 UTC;;997,6;998,6;997,6;949,8;31,8;20,4;32,6;31,7;20,6;18,9;51;46;51;187;5,3;1;
2021/02/09;1900 UTC;;999,1;999,1;997,2;429,4;20,8;19,1;31,9;20,8;22,4;19,1;90;50;90;65;13,6;7,8;
2021/02/09;2000 UTC;;997,8;999,1;997,6;225,8;22,8;20,4;22,8;20,1;20,4;18,5;91;85;87;52;13,6;0;
2021/02/09;2100 UTC;;998,6;998,6;997,7;144,8;23,4;20,9;23,4;22,7;21;20,3;87;86;86;73;0;0;
2021/02/09;2200 UTC;;999,5;999,5;998,6;13,3;23,8;20,8;23,8;23,3;21;20,5;87;83;84;75;0;0;
2021/02/09;2300 UTC;;999,8;999,9;999,5;,3;23,7;20,9;23,8;23,7;21,1;20,5;85;82;84;59;0;0;
2021/02/10;0000 UTC;;1000,5;1000,5;999,8;;24;21,2;24,1;23,6;21,2;20,3;84;81;84;75;0;0;
2021/02/10;0100 UTC;;1001,1;1001,1;1000,5;;24,5;21,7;24,5;24;21,7;21,3;85;84;84;59;0;0;
2021/02/10;0200 UTC;;1001;1001,2;1001;;24,7;22,1;24,7;24,4;22,1;21,6;85;84;85;80;0;0;
2021/02/10;0300 UTC;;1000,6;1001;1000,5;;24,6;21,9;24,8;24,6;22,2;21,9;85;85;85;86;0;0;
2021/02/10;0400 UTC;;999,6;1000,6;999,6;;24,2;21,6;24,6;24,1;21,9;21,6;86;85;86;62;0;0;
2021/02/10;0500 UTC;;998,9;999,6;998,9;;24,2;21,7;24,5;24,2;21,9;21,6;86;85;85;73;0;0;
2021/02/10;0600 UTC;;998,4;999;998,4;;23,9;21,4;24,3;23,9;21,6;21,3;86;85;86;105;0;0;
2021/02/10;0700 UTC;;998,2;998,4;998,1;;23,7;21,1;24,2;23,7;21,7;21,1;86;86;86;73;0;0;
2021/02/10;0800 UTC;;998,6;998,6;998,2;;23,9;21,7;23,9;23,6;21,7;21,1;88;86;88;111;0;0;
2021/02/10;0900 UTC;;999,1;999,1;998,6;;23,8;21,6;24;23,6;21,8;21,4;88;87;88;168;0;0;
2021/02/10;1000 UTC;;999,6;999,6;999,1;151,9;24,2;22;24,2;23,6;22;21,4;88;88;88;314;0;0;
2021/02/10;1100 UTC;;1000,3;1000,3;999,6;804,7;25,9;22,7;26;24,2;22,9;22;88;83;83;214;0;0;
2021/02/10;1200 UTC;;1000,7;1000,8;1000,3;1271,2;27,7;21,4;28,1;25,9;23;21,3;83;67;68;101;3,6;1,3;
2021/02/10;1300 UTC;;1000,9;1000,9;1000,7;2294;30;21,3;30,1;27,7;22,5;20,9;70;59;60;71;5,5;2,4;
2021/02/10;1400 UTC;;1000,5;1001;1000,5;2052,5;31,5;19,4;31,6;29,4;21,1;19,3;60;49;49;60;7,4;3,6;
2021/02/10;1500 UTC;;999,9;1000,5;999,9;2908,8;31,9;18,8;32,7;31;19,8;17,9;50;43;46;68;7,7;3,6;
2021/02/10;1600 UTC;;998,5;999,9;998,5;3397,4;33,9;18,3;34,1;31,9;19,1;17,7;46;39;40;74;7,4;,9;
2021/02/10;1700 UTC;;997;998,5;996,9;3271,2;34,3;17,2;35,5;33,2;18,4;16,6;41;35;36;63;6,7;,2;
2021/02/10;1800 UTC;;996,4;997;996,3;2057,3;31,4;19,6;35,5;31,3;19,7;16,7;50;33;50;34;10,1;5,5;
2021/02/10;1900 UTC;;995,7;996,4;995,7;2422;32,5;19,2;33;31,3;19,7;17,9;50;43;46;57;11,4;5;
2021/02/10;2000 UTC;;995,8;995,8;995,6;1594;32,3;18,2;32,5;31,9;19,5;17,5;48;42;43;58;9;4,7;
2021/02/10;2100 UTC;;996,7;996,7;995,8;305,7;29,7;20,4;32,3;29,7;20,4;17,2;58;42;58;52;8,5;4;
2021/02/10;2200 UTC;;997,3;997,3;996,7;5,3;29,2;19,7;29,7;29,2;20,5;19,7;59;57;57;58;8,3;2,6;
2021/02/10;2300 UTC;;998,1;998,1;997,3;;28,8;19,3;29,3;28,8;19,7;19,3;57;55;56;34;6,7;,9;
2021/02/11;0000 UTC;;999,7;999,7;998,1;;28;21,1;28,8;28;21,1;19,3;66;56;66;29;5,8;0;
2021/02/11;0100 UTC;;1000,3;1000,4;999,7;;27,5;21,6;28;27,5;21,7;21,1;70;66;70;21;5,7;0;
2021/02/11;0200 UTC;;1000,5;1000,6;1000,3;;27,2;22,1;27,5;27,2;22,1;21,6;74;70;73;8;0;0;
2021/02/11;0300 UTC;;1000,1;1000,5;1000,1;;26,9;22,4;27,2;26,9;22,4;22,1;77;73;77;1;0;0;
2021/02/11;0400 UTC;;999,5;1000,1;999,5;;26,6;22,8;26,9;26,6;22,8;22,4;79;77;79;14;0;0;
2021/02/11;0500 UTC;;999,3;999,5;999,2;;26,3;22,7;26,6;26,3;22,8;22,7;80;79;80;35;0;0;
2021/02/11;0600 UTC;;998,6;999,3;998,6;;26;22,7;26,3;26;22,8;22,7;82;81;82;51;0;0;
2021/02/11;0700 UTC;;998,5;998,7;998,5;;25,8;22,8;26;25,8;22,8;22,7;83;82;83;30;0;0;
2021/02/11;0800 UTC;;998,5;998,6;998,4;;25,7;22,7;25,9;25,7;22,8;22,7;84;83;84;58;0;0;
2021/02/11;0900 UTC;;999;999;998,5;;25,6;22,8;25,7;25,5;22,8;22,7;85;84;85;81;0;0;
2021/02/11;1000 UTC;;999,5;999,5;999;124,9;26,2;23,2;26,2;25,6;23,2;22,8;85;83;83;12;0;0;
2021/02/11;1100 UTC;;1000,1;1000,1;999,5;988,8;28,2;22,9;28,2;26,2;23,6;22,6;84;73;73;67;3,9;1,1;
2021/02/11;1200 UTC;;1000,1;1000,3;1000;1144,8;29,2;22,4;29,2;27,6;23,1;22,2;74;67;67;68;6,5;1,1;
2021/02/11;1300 UTC;;1000,3;1000,4;1000,1;1651,5;31,1;21,2;31,4;29;22,8;21,1;67;56;56;69;7,5;,1;
2021/02/11;1400 UTC;;999,8;1000,3;999,8;2498,2;32,9;19,9;32,9;30,9;21,7;19,5;57;46;46;64;6,9;3,3;
2021/02/11;1500 UTC;;999,2;999,8;999,2;1886,5;29,2;21,6;33,7;28,8;21,6;18,5;64;42;64;63;11,4;2,8;
2021/02/11;1600 UTC;;997,8;999,2;997,8;2929,3;34,1;18,4;34,4;29,2;22,6;17,8;66;38;40;68;7,5;2,9;
2021/02/11;1700 UTC;;997,2;997,8;996,8;2616,3;27,5;22,2;36,2;27,5;22,2;17,1;73;33;73;33;12,8;5,2;
2021/02/11;1800 UTC;;997;997,5;996,7;1534,9;27;21,1;29,1;27;23;21;76;68;70;7;10,2;4,2;
2021/02/11;1900 UTC;;996,5;997,2;996,4;517,4;28,1;21,3;28,1;26,9;21,5;21;71;66;67;17;8,7;,1;
2021/02/11;2000 UTC;;996,7;996,8;996,3;132,1;27,6;21,4;28,1;27,6;21,6;21,2;69;67;69;23;5,7;,1;
2021/02/11;2100 UTC;;996,9;996,9;996,3;34,5;27,4;21,4;27,6;27,4;21,6;21,3;71;69;70;359;4,6;0;
2021/02/11;2200 UTC;;997,5;997,6;996,9;;27;21,9;27,4;27;21,9;21,4;74;70;74;272;0;0;
2021/02/11;2300 UTC;;998,5;998,5;997,5;;25,8;21,8;27;25,8;22,1;21,8;79;74;79;241;0;0;
2021/02/12;0000 UTC;;999,9;999,9;998,5;;25,2;21,7;25,8;25,2;21,8;21,6;81;79;81;329;0;0;
2021/02/12;0100 UTC;;1000,8;1000,8;999,9;;26,2;21,7;26,2;25,2;22;21,7;81;76;76;22;0;0;
2021/02/12;0200 UTC;;1001;1001;1000,8;;26,4;21,5;26,8;26,2;21,7;21,4;76;73;75;59;0;0;
2021/02/12;0300 UTC;;1000,7;1001,1;1000,7;;26,1;21,7;26,4;26,1;21,7;21,5;76;75;76;58;2,6;0;
2021/02/12;0400 UTC;;1000,3;1000,7;1000,3;;25,8;21,8;26,2;25,7;21,8;21,6;79;76;79;56;0;0;
2021/02/12;0500 UTC;;999,7;1000,4;999,7;;25,4;21,8;25,8;25,4;22,1;21,8;81;79;81;46;0;0;
2021/02/12;0600 UTC;;999,4;999,7;999,4;;25;21,7;25,4;24,9;21,9;21,6;83;81;82;56;0;0;
2021/02/12;0700 UTC;;998,8;999,5;998,8;;23,8;21,3;25;23,8;21,8;21,2;86;82;86;60;0;0;
2021/02/12;0800 UTC;;998,7;998,8;998,6;;23,5;21,1;24,3;23,5;21,8;21,1;86;86;86;20;0;0;
2021/02/12;0900 UTC;;999,1;999,1;998,6;;24,2;21,9;24,2;23,5;21,9;21,1;88;86;87;66;0;0;
2021/02/12;1000 UTC;;999,8;999,8;999,1;98,4;24,6;22,2;24,6;23,9;22,2;21,6;87;87;87;93;0;0;
2021/02/12;1100 UTC;;1000,6;1000,6;999,8;654,7;26,7;21,6;26,9;24,6;23;21,6;87;74;74;9;0;0;
2021/02/12;1200 UTC;;1000,9;1001;1000,6;1393,9;28,4;21,6;28,9;26,7;22,4;21,3;75;65;67;57;1,1;0;
2021/02/12;1300 UTC;;1000,6;1000,9;1000,6;1218;29,9;20,5;30,1;28,1;22,2;20,5;68;57;57;75;7,2;1,6;
2021/02/12;1400 UTC;;999,9;1000,6;999,8;2375,3;30,5;19,2;32,8;29,9;21,5;18,3;58;44;51;88;11,5;6,2;
2021/02/12;1500 UTC;;999;999,9;999;2890,7;32,4;18,5;33,5;29,6;20,3;18;57;42;44;81;11,5;2,6;
2021/02/12;1600 UTC;;998,6;999;998,6;1214,8;29,3;23;32,6;28,2;23,6;18,2;76;43;69;58;7,2;,9;
2021/02/12;1700 UTC;;997,5;998,6;997,5;1351,7;30,5;22,5;30,9;29,2;23,5;22;70;62;62;7;6,8;,1;
2021/02/12;1800 UTC;;996,4;997,5;996,4;2136,2;31,1;24;32,8;30,2;24,5;20,7;70;50;66;62;6,5;0;
2021/02/12;1900 UTC;;996,2;996,4;996,1;1527,3;30,7;21,3;33,2;30,7;23;17,4;66;45;57;54;10,8;5,3;
2021/02/12;2000 UTC;;995,9;996,2;995,8;1041,5;30,3;21,4;31;30;22,1;21,3;62;57;59;57;8,6;3,4;
2021/02/12;2100 UTC;;997;997;995,8;162,8;29,2;21,8;30,3;29,2;21,8;21,3;65;59;65;25;8,4;1,5;
2021/02/12;2200 UTC;;997,9;997,9;997;7,9;28,4;21,3;29,3;28,4;21,8;21,1;66;62;66;23;8,5;2,7;
2021/02/12;2300 UTC;;998,5;998,5;997,9;;27,6;21,4;28,4;27,6;21,4;21,2;69;65;69;22;7,5;,7;
2021/02/13;0000 UTC;;999,4;999,4;998,5;;26,9;21,9;27,6;26,9;21,9;21,4;74;69;74;58;5,6;0;
2021/02/13;0100 UTC;;1000;1000;999,4;;26,2;21,9;26,8;26,2;21,9;21,7;77;73;77;58;3,6;0;
2021/02/13;0200 UTC;;1000,1;1000,2;1000;;25,9;22,1;26,3;25,9;22,2;21,9;80;77;80;60;0;0;
2021/02/13;0300 UTC;;999,9;1000,1;999,9;;25,7;22,3;25,9;25,7;22,4;22,1;82;80;82;55;0;0;
2021/02/13;0400 UTC;;999,4;999,9;999,4;;25,4;22,2;25,7;25,3;22,3;22,1;83;82;83;72;0;0;
2021/02/13;0500 UTC;;999,1;999,4;999;;24,8;22,1;25,4;24,7;22,2;21,8;85;82;85;87;0;0;
2021/02/13;0600 UTC;;998,7;999,1;998,7;;24,4;22;24,8;24,3;22,2;21,9;87;85;87;290;0;0;
2021/02/13;0700 UTC;;998,2;998,8;998,2;;23,7;21,4;24,4;23,7;22,1;21,4;88;87;87;240;0;0;
2021/02/13;0800 UTC;;998,6;998,6;998,2;;23,6;21,4;24,2;23,4;22;21,2;88;87;87;148;0;0;
2021/02/13;0900 UTC;;998,6;998,7;998,6;;23,7;21,5;24;23,5;21,7;21,2;88;87;87;321;0;0;
2021/02/13;1000 UTC;;999,1;999,1;998,6;141,4;25,1;22,8;25,1;23,4;22,8;21,1;88;87;87;124;0;0;
2021/02/13;1100 UTC;;999,7;999,7;999,1;846,2;27,6;22,1;27,6;25,1;23,3;22,1;87;72;72;98;3,1;,1;
2021/02/13;1200 UTC;;999,8;999,8;999,6;1536,1;29,8;21,4;29,8;27,6;22,4;21,1;72;61;61;76;7;,8;
2021/02/13;1300 UTC;;999,6;999,8;999,6;2072,3;30,5;19,5;31,6;29,6;21,7;19,2;61;49;52;61;9;3,1;
2021/02/13;1400 UTC;;999,4;999,7;999,4;1307,4;31,5;19,1;31,5;30,4;19,9;18,6;52;47;48;68;7,9;1,5;
2021/02/13;1500 UTC;;998,7;999,4;998,7;2229,7;33;18,6;33,5;31,5;19,3;18,2;48;41;43;77;7,9;,1;
2021/02/13;1600 UTC;;997,6;998,7;997,5;3050,4;35,7;17,8;36;33;19,2;17,5;43;34;35;34;6,7;2,3;
2021/02/13;1700 UTC;;996,7;997,6;996,7;1589,6;34,6;17,8;35,7;33,6;18,5;17;40;34;37;69;6,7;0;
2021/02/13;1800 UTC;;995,9;996,7;995,9;1672,3;34,2;17,9;35,9;34;18,2;16,7;39;33;38;57;6,7;2,8;
2021/02/13;1900 UTC;;995,5;995,9;995,4;1721,9;34,6;18,4;36,4;34,2;18,9;16,5;39;33;38;356;5,3;1,9;
2021/02/13;2000 UTC;;995,6;995,9;995,5;541,4;27,9;24,1;34,6;25,7;24,3;18,3;81;38;80;3;13,5;0;
2021/02/13;2100 UTC;;996,2;996,2;995,6;383;29;23,5;29,3;27,9;24,5;23,4;80;71;72;38;2,7;,1;
2021/02/13;2200 UTC;;996,7;996,7;996,1;34,8;28,9;21,4;29,8;28,9;23,4;21,4;72;64;64;32;7,8;2,8;
2021/02/13;2300 UTC;;997,3;997,3;996,7;;28,1;21,1;29,1;28;21,4;20,9;66;63;66;24;7,8;2,5;
2021/02/14;0000 UTC;;998,7;998,7;997,3;;27,2;21,7;28,1;27,2;21,7;21,1;72;66;72;31;6,4;1,1;
2021/02/14;0100 UTC;;999,9;999,9;998,7;;26,6;21,7;27,2;26,6;21,7;21,6;75;72;75;25;4,2;0;
2021/02/14;0200 UTC;;1000,1;1000,3;999,9;;26,1;22,2;26,6;26,1;22,2;21,7;79;75;79;22;3,8;0;
2021/02/14;0300 UTC;;1000;1000,2;1000;;25,8;22,5;26,1;25,8;22,6;22,1;82;79;82;27;4,9;0;
2021/02/14;0400 UTC;;999,7;1000;999,6;;25,5;22,5;25,9;25,5;22,6;22,5;84;82;84;35;3,7;0;
2021/02/14;0500 UTC;;999,4;999,7;999,4;;25,6;22,6;25,6;25,4;22,7;22,5;85;84;84;31;0;0;
2021/02/14;0600 UTC;;998,9;999,4;998,9;;25,6;22,6;25,7;25,5;22,7;22,6;84;83;84;25;0;0;
2021/02/14;0700 UTC;;998,4;998,9;998,3;;25,3;22,5;25,6;25,3;22,7;22,5;84;84;84;52;0;0;
2021/02/14;0800 UTC;;999;999;998,4;;25,1;22,5;25,3;24,9;22,6;22,3;86;85;86;58;0;0;
2021/02/14;0900 UTC;;999,1;999,2;998,9;;25,2;22,7;25,2;25,1;22,7;22,5;87;86;86;44;0;0;
2021/02/14;1000 UTC;;999,3;999,3;999,1;91,6;25,5;22,9;25,5;25,1;22,9;22,7;86;85;85;37;0;0;
2021/02/14;1100 UTC;;999,9;1000;999,2;851,8;27,4;22,6;27,4;25,5;23,1;22,2;85;75;75;43;0;0;
2021/02/14;1200 UTC;;1000,5;1000,5;999,9;1512,5;29,1;22,6;29,1;27,4;23;21,7;75;67;68;42;0;0;
2021/02/14;1300 UTC;;1000,6;1000,7;1000,5;2068,6;30,4;21,9;30,7;28,2;22,4;21,3;69;59;61;58;0;0;
2021/02/14;1400 UTC;;1000;1000,6;1000;3097;32,9;20,4;32,9;30,1;22;19,3;61;47;48;93;6,5;1,3;
2021/02/14;1500 UTC;;998,8;1000;998,8;3174,1;33,7;18,9;33,7;31,9;20;17,9;48;42;42;50;6,5;0;
2021/02/14;1600 UTC;;997,7;998,8;997,7;3436,9;35,5;17,6;35,5;33,5;19,1;16,3;42;34;35;64;7,3;1;
2021/02/14;1700 UTC;;996,4;997,7;996,4;3371,4;36,1;16,8;36,5;34,4;18,2;16,5;37;32;32;83;6,7;0;
2021/02/14;1800 UTC;;995,2;996,3;995,2;2650,1;35,7;17,4;36,9;34,8;18,3;16,2;36;30;34;11;7,3;1,4;
2021/02/14;1900 UTC;;994,7;995,2;994,6;1445,8;33,1;19,4;36,3;33,1;19,4;17,4;45;33;45;33;9,3;5;
2021/02/14;2000 UTC;;994,6;994,7;994,5;1380;33,3;19,5;34,6;32,8;20,9;19,3;47;43;44;17;9,6;4,5;
2021/02/14;2100 UTC;;995,5;995,5;994,6;424,6;31,3;19,6;33,3;31,3;19,6;19,2;50;44;50;36;9,1;4,9;
2021/02/14;2200 UTC;;996,2;996,2;995,4;8,8;29,8;19,5;31,3;29,8;19,6;19,5;54;50;54;29;9,6;4,7;
2021/02/14;2300 UTC;;996,8;996,8;996,1;;28,7;19,7;29,8;28,6;19,9;19,5;59;54;59;31;9,6;3,8;
2021/02/15;0000 UTC;;997,6;997,6;996,8;;27,8;20,2;28,7;27,8;20,3;19,7;63;59;63;36;7,6;3,8;
2021/02/15;0100 UTC;;998,2;998,2;997,6;;27,1;21,6;27,8;27;21,6;20,2;72;63;72;20;6,7;,9;
2021/02/15;0200 UTC;;998,6;998,7;998,2;;26,4;22,2;27,1;26,4;22,2;21,6;78;72;78;28;5,5;,8;
2021/02/15;0300 UTC;;998,9;998,9;998,4;;26,2;22,6;26,4;26,1;22,6;22,2;81;78;81;13;5,1;,4;
2021/02/15;0400 UTC;;998,1;998,9;998,1;;26;22,6;26,2;26;22,7;22,6;81;81;81;22;5,5;2,5;
2021/02/15;0500 UTC;;998,1;998,2;998,1;;25,8;22,7;26,1;25,8;22,7;22,6;83;81;83;24;5,7;0;
2021/02/15;0600 UTC;;997,8;998,1;997,7;;25,6;22,6;25,9;25,6;22,7;22,6;84;83;84;22;0;0;
2021/02/15;0700 UTC;;997,8;997,9;997,7;;25,3;22,4;25,6;25,3;22,6;22,4;84;84;84;46;3,4;0;
2021/02/15;0800 UTC;;997,9;997,9;997,7;;24,6;22,5;25,3;24,6;22,5;22,3;88;84;88;86;0;0;
2021/02/15;0900 UTC;;998,7;998,7;997,9;;24,3;22,4;24,6;24,2;22,5;22,2;89;88;89;115;0;0;
2021/02/15;1000 UTC;;999,1;999,1;998,6;190,7;25,9;23,3;26;24,3;23,5;22,3;89;86;86;87;0;0;
2021/02/15;1100 UTC;;999,9;999,9;999,1;552,6;27;22,5;27;25,9;23,3;22,3;85;76;76;274;0;0;
2021/02/15;1200 UTC;;1000,3;1000,3;999,9;1252,6;29,4;21,4;30;27;22,7;21,4;76;61;62;112;0;0;
2021/02/15;1300 UTC;;1000,1;1000,3;1000,1;2441,7;30,7;20,9;31,2;29,1;22,1;20,5;64;55;56;54;5,8;0;
2021/02/15;1400 UTC;;999,8;1000,1;999,7;2685,1;31,9;19,6;31,9;29,9;21,4;19;57;47;48;62;6,5;2,3;
2021/02/15;1500 UTC;;998,9;999,8;998,9;3197,5;32,9;18,4;34,1;31,5;19,9;18,1;49;41;42;86;6,2;1,3;
2021/02/15;1600 UTC;;997,9;998,9;997,9;3305,3;34,9;17,6;35,5;32,6;19,3;17,6;44;36;36;333;5,6;1,3;
2021/02/15;1700 UTC;;996,9;997,9;996,9;2492,6;35,4;18,5;35,4;33,4;18,6;17,4;41;36;37;358;6,8;,8;
2021/02/15;1800 UTC;;995,6;996,9;995,6;1910,5;35,2;17,7;35,6;33,7;18,6;17,5;40;35;36;344;5,6;2,1;
2021/02/15;1900 UTC;;994,8;995,6;994,7;2240,5;34,8;18,2;36,1;34,2;18,7;17,4;39;34;38;339;7,7;3,6;
2021/02/15;2000 UTC;;995,2;995,2;994,7;1179,1;31,8;21,3;34,9;31,8;21,3;18,2;54;38;54;18;11,3;5,1;
2021/02/15;2100 UTC;;995,6;995,6;995,2;384;30,3;21,9;31,8;30,3;22;21,3;61;54;61;15;11,3;3,8;
2021/02/15;2200 UTC;;996,8;996,8;995,6;17,2;29;21,5;30,3;29;22,1;21,4;64;61;64;11;9,9;4,5;
2021/02/15;2300 UTC;;998,3;998,4;996,8;;28,3;22,3;29;28,3;22,3;21,5;70;64;70;21;8,5;2,8;
2021/02/16;0000 UTC;;999,5;999,5;998,1;;27,6;22,4;28,3;27,6;22,5;22,2;73;70;73;2;8,8;3,3;
2021/02/16;0100 UTC;;1000,2;1000,2;999,5;;26,5;22,9;27,6;26,5;22,9;22,4;81;73;81;346;7,3;0;
2021/02/16;0200 UTC;;1000,3;1000,4;1000,2;;26,7;22,7;26,7;26,5;22,9;22,7;81;79;79;5;5,2;1,9;
2021/02/16;0300 UTC;;999,9;1000,3;999,9;;26,8;22,7;26,9;26,7;22,7;22,5;79;77;78;10;3,9;0;
2021/02/16;0400 UTC;;999,5;999,9;999,3;;24,4;22,4;26,8;24,4;22,7;22,1;89;78;89;222;5,2;0;
2021/02/16;0500 UTC;;998,9;999,5;998,9;;24,3;22,2;24,4;24,2;22,4;22,2;89;88;88;197;0;0;
2021/02/16;0600 UTC;;998,3;998,9;998,3;;24,2;22,1;24,3;24,1;22,2;22,1;89;88;88;128;0;0;
2021/02/16;0700 UTC;;998,5;998,5;998,2;;24,2;22,3;24,3;24,2;22,4;22,1;89;88;89;156;0;0;
2021/02/16;0800 UTC;;999;999;998,5;;24,1;22,6;24,4;24,1;22,8;22,3;91;89;91;165;4;1,1;
2021/02/16;0900 UTC;;999,5;999,5;999;,4;22,9;21,7;24,2;22,9;22,6;21,7;93;91;93;91;4,9;0;
2021/02/16;1000 UTC;;999,8;999,8;999,5;15,1;23;21,6;23;22,9;21,8;21,6;93;92;92;264;0;0;
2021/02/16;1100 UTC;;1001,1;1001,1;999,8;65,3;23,1;21,7;23,2;23;21,8;21,6;93;91;91;295;0;0;
2021/02/16;1200 UTC;;1001,7;1001,8;1001,1;244,9;23,5;21,9;23,6;23,1;21,9;21,6;91;90;90;265;0;0;
2021/02/16;1300 UTC;;1001,8;1002;1001,7;322;23,8;22;23,8;23,5;22;21,8;90;90;90;248;3,6;0;
2021/02/16;1400 UTC;;1001,7;1001,8;1001,6;382;23,9;22;24;23,5;22,1;21,7;90;89;89;221;1,8;0;
2021/02/16;1500 UTC;;1001,1;1001,8;1001,1;776,1;24,7;22,6;24,7;23,8;22,6;21,9;89;88;88;72;0;0;
2021/02/16;1600 UTC;;1000,6;1001,1;1000,6;1068,5;25,3;22,7;25,5;24,5;23;22,4;88;85;85;1;0;0;
2021/02/16;1700 UTC;;999,6;1000,6;999,6;1601,1;26,1;22,2;26,5;25,2;23,4;22,1;85;79;79;9;0;0;
2021/02/16;1800 UTC;;998,9;999,6;998,8;1305,4;24,8;21,3;26,9;24,8;23,5;21,1;82;77;81;41;7;3,5;
2021/02/16;1900 UTC;;998,7;998,9;998,7;734,7;25,5;22,2;25,9;24,8;22,2;21,2;82;78;82;10;7;1,1;
2021/02/16;2000 UTC;;998,9;998,9;998,6;197,3;24,8;22,1;25,5;24,8;22,3;21,9;85;82;85;14;6,5;0;
2021/02/16;2100 UTC;;999,5;999,5;998,9;25,2;24,2;22,1;24,9;24,2;22,2;22;88;85;88;23;3,7;,3;
2021/02/16;2200 UTC;;1000,2;1000,2;999,5;;23,8;22;24,2;23,8;22,2;21,8;90;88;90;15;4,7;0;
2021/02/16;2300 UTC;;;;;;;;;;;;;;;;;;
2021/02/17;0000 UTC;;1001,6;1001,6;1000,7;;23,5;21,9;23,5;23,3;21,9;21,7;91;90;91;49;0;0;
2021/02/17;0100 UTC;;1001,8;1001,8;1001,4;;23,4;21,9;23,5;23,3;21,9;21,8;91;91;91;61;0;0;
2021/02/17;0200 UTC;;1001,8;1002;1001,7;;23,5;22;23,5;23,4;22;21,8;92;91;92;29;0;0;
2021/02/17;0300 UTC;;1001,6;1001,8;1001,6;;23,5;22,2;23,6;23,4;22,2;22;92;92;92;32;0;0;
2021/02/17;0400 UTC;;1000,8;1001,6;1000,8;;23,5;22,2;23,6;23,4;22,2;22;92;92;92;35;0;0;
2021/02/17;0500 UTC;;1000,1;1000,8;1000,1;;23,6;22,3;23,6;23,4;22,3;22,1;92;92;92;125;0;0;
2021/02/17;0600 UTC;;999,7;1000,1;999,7;;23,6;22,3;23,6;23,4;22,3;22,1;93;92;93;128;0;0;
2021/02/17;0700 UTC;;999,5;999,7;999,4;;23,6;22,3;23,7;23,4;22,5;22,2;93;92;93;59;0;0;
2021/02/17;0800 UTC;;;;;;;;;;;;;;;;;;
2021/02/17;0900 UTC;;1000,1;1000,2;1000;;23,5;22,3;23,7;23,5;22,5;22,3;93;93;93;62;0;0;
2021/02/17;1000 UTC;;1000,9;1000,9;1000,1;74,5;23,7;22,6;23,7;23,5;22,6;22,3;94;93;94;112;0;0;
2021/02/17;1100 UTC;;1001,7;1001,7;1000,9;301,9;24;23;24,1;23,7;23,1;22,6;94;94;94;311;0;0;
2021/02/17;1200 UTC;;1002;1002;1001,7;727,2;24,9;23,5;25,1;24,1;23,7;23;94;92;92;244;0;0;
2021/02/17;1300 UTC;;1001,8;1002;1001,8;1226,6;26;23,5;26,1;24,9;23,8;23;92;85;86;271;0;0;
2021/02/17;1400 UTC;;1001,4;1001,8;1001,4;2013,5;27,4;23,2;27,6;25,9;24;22,9;86;77;78;224;0;0;
2021/02/17;1500 UTC;;1000,9;1001,4;1000,9;1378,2;28,2;23,6;28,5;27,4;24,1;22,8;79;74;76;82;0;0;
2021/02/17;1600 UTC;;999,9;1000,9;999,9;2073,7;29,9;23,5;30,1;27,8;24,1;22,7;76;69;69;229;0;0;
2021/02/17;1700 UTC;;998,9;999,9;998,9;1150,8;29,4;23,1;29,9;28,8;23,6;22,4;72;66;69;225;0;0;
2021/02/17;1800 UTC;;997,9;998,9;997,9;1585,2;29,7;22,7;30,3;29,5;23,4;22,3;70;64;66;239;0;0;
2021/02/17;1900 UTC;;997,6;997,9;997,6;776;29,2;22,4;29,7;29,1;23;22,2;69;65;67;238;3,9;,1;
2021/02/17;2000 UTC;;997,8;997,8;997,4;514,9;27,8;22,2;29,3;27,8;22,9;22,2;72;66;72;109;5,8;,7;
2021/02/17;2100 UTC;;998,5;998,5;997,8;133,8;24,8;21,3;27,7;24,7;22;21,3;83;72;81;5;6,4;1,5;
2021/02/17;2200 UTC;;998,6;998,7;998,4;2,2;24,7;21,8;25;24,6;22;21,2;84;80;84;157;4,2;0;
2021/02/17;2300 UTC;;998,9;999;998,6;;24,2;22,3;24,7;24,2;22,4;21,7;89;84;89;62;0;0;
2021/02/18;0000 UTC;;1000,1;1000,1;998,9;;23,9;22,2;24,2;23,9;22,4;22,1;90;89;90;60;0;0;
2021/02/18;0100 UTC;;1000,5;1000,6;1000,1;;23,8;21,7;24;23,7;22,3;21,7;90;88;88;39;0;0;
2021/02/18;0200 UTC;;1000,7;1000,9;1000,5;;24;22,1;24;23,8;22,2;21,7;89;88;89;36;0;0;
2021/02/18;0300 UTC;;1000,1;1000,7;1000,1;;23,9;22,1;24;23,9;22,2;22,1;90;89;90;57;0;0;
2021/02/18;0400 UTC;;1000;1000,1;999,9;;23,7;22,2;23,9;23,7;22,2;22,1;91;90;91;48;0;0;
2021/02/18;0500 UTC;;999,4;1000;999,4;;23,8;22,4;23,9;23,7;22,4;22,2;92;91;92;51;0;0;
2021/02/18;0600 UTC;;999,3;999,4;999,2;;23,8;22,5;23,9;23,7;22,5;22,3;92;92;92;60;0;0;
2021/02/18;0700 UTC;;999,7;999,7;999,3;;23,6;22,3;23,9;23,6;22,6;22,3;93;92;93;159;0;0;
2021/02/18;0800 UTC;;1000;1000;999,7;;23,5;22,3;23,7;23,5;22,5;22,3;93;92;93;187;0;0;
2021/02/18;0900 UTC;;1000,1;1000,1;1000;;23,5;22,5;23,5;23,3;22,5;22,1;94;93;94;236;0;0;
2021/02/18;1000 UTC;;1000,5;1000,5;1000;142,4;24;23,1;24,1;23,5;23,1;22,5;95;94;94;163;0;0;
2021/02/18;1100 UTC;;1001,4;1001,4;1000,5;795,1;26,4;24,1;26,4;24;24,5;23,1;94;87;88;91;0;0;
2021/02/18;1200 UTC;;1001,8;1001,8;1001,3;1121,1;26,7;23,5;26,8;26;24,1;23,3;88;82;83;35;0;0;
2021/02/18;1300 UTC;;1001,8;1001,9;1001,8;1529,5;27,9;23,7;28;26,7;24,1;23,3;84;78;78;46;0;0;
2021/02/18;1400 UTC;;1001,6;1001,8;1001,5;1806,4;28,4;23,5;28,8;27,7;24,4;23,3;81;74;75;37;0;0;
2021/02/18;1500 UTC;;1000,9;1001,6;1000,9;3157,2;30,6;24,3;30,6;28,3;25,3;23,4;77;67;69;320;4,1;1,7;
2021/02/18;1600 UTC;;999,6;1000,9;999,6;3726,7;31,5;23,4;32,1;30,1;24,9;22,3;70;60;62;351;4,8;1,5;
2021/02/18;1700 UTC;;998,5;999,6;998,4;3263,8;31;21,6;32,1;30,8;23,6;21,6;63;56;57;27;6,7;2,9;
2021/02/18;1800 UTC;;998;998,5;998;756,9;29,2;23,5;31,1;28,6;23,5;21,7;72;57;71;8;8,8;2,9;
2021/02/18;1900 UTC;;997,7;998;997,4;1184,1;28,4;21;30,2;28,4;23,8;21;71;62;64;53;11;4,1;
2021/02/18;2000 UTC;;997,8;998;997,7;1266,8;27,2;20,8;28,4;27,2;22;19,7;70;62;68;45;7,5;2,6;
2021/02/18;2100 UTC;;998,6;998,6;997,7;184,5;27,2;22,8;27,3;27;22,8;20,7;77;68;77;57;6,3;,3;
2021/02/18;2200 UTC;;999,4;999,4;998,6;7,8;26,5;22,7;27,2;26,5;22,9;22,7;80;77;80;59;6;,6;
2021/02/18;2300 UTC;;1000,2;1000,2;999,4;;26,6;22,9;26,7;26,5;22,9;22,8;81;80;80;50;5,8;0;
2021/02/19;0000 UTC;;1001,3;1001,3;1000,1;;26,5;23,2;26,6;26,4;23,2;22,9;82;80;82;53;4,9;0;
2021/02/19;0100 UTC;;1002;1002;1001,3;;26,2;23,3;26,5;26,2;23,3;23,1;84;82;84;58;4,4;0;
2021/02/19;0200 UTC;;1002,1;1002,2;1002;;25,7;23,2;26,2;25,7;23,3;23,2;86;84;86;58;4;0;
2021/02/19;0300 UTC;;1001,9;1002,2;1001,9;;25,5;23,4;25,8;25,5;23,4;23,2;88;86;88;55;0;0;
2021/02/19;0400 UTC;;1001,1;1001,9;1001,1;;25,2;23,3;25,5;25,1;23,4;23,2;89;88;89;52;0;0;
2021/02/19;0500 UTC;;1000,6;1001,1;1000,6;;24,8;23,1;25,2;24,8;23,3;23,1;90;89;90;76;0;0;
2021/02/19;0600 UTC;;1000,4;1000,6;1000,4;;24,7;23,2;24,8;24,7;23,2;23,1;92;90;91;86;0;0;
2021/02/19;0700 UTC;;1000,5;1000,5;1000,2;;24,5;23,2;24,7;24,5;23,3;23,2;92;91;92;88;0;0;
2021/02/19;0800 UTC;;1000,9;1001;1000,5;;24,3;23;24,7;24,3;23,3;23;92;92;92;59;0;0;
2021/02/19;0900 UTC;;1001,4;1001,4;1000,9;;24,2;23;24,4;24,2;23,2;23;93;92;93;93;0;0;
2021/02/19;1000 UTC;;1002;1002;1001,4;82,4;24,9;23,6;24,9;24,2;23,6;22,9;93;93;93;187;0;0;
2021/02/19;1100 UTC;;1002,7;1002,7;1002;577;26,3;23,7;26,3;24,9;24,2;23,6;93;86;86;188;0;0;
2021/02/19;1200 UTC;;1002,9;1002,9;1002,7;1239,3;27,4;23,1;27,7;26,3;24,1;22,8;86;76;77;74;0;0;
2021/02/19;1300 UTC;;1002,9;1002,9;1002,8;1575,3;28,8;22,7;28,8;27,3;23,8;22,1;77;69;70;1;0;0;
2021/02/19;1400 UTC;;1002,8;1002,9;1002,8;2497,4;29,9;20,6;30,3;28,5;23,3;19,9;71;55;57;4;5,3;1;
2021/02/19;1500 UTC;;1002,3;1002,8;1002,3;2586,5;30,6;19,4;31;29,9;21,8;19,3;59;51;51;37;5,7;,4;
2021/02/19;1600 UTC;;1001,3;1002,3;1001,3;1920,3;30,7;19,4;31;30,4;20,6;18,6;54;48;51;347;4,9;,2;
2021/02/19;1700 UTC;;1000,3;1001,3;1000,3;1986,4;30,7;19,5;31,2;30,6;20,7;19,1;55;50;52;335;5,3;1,1;
2021/02/19;1800 UTC;;999,3;1000,3;999,3;1808,7;30,9;18,2;31,7;30,7;20,3;17,8;53;45;47;11;4,6;0;
2021/02/19;1900 UTC;;998,7;999,3;998,7;1305;30,6;18,8;31,5;30,6;19,4;18;50;45;50;10;3;0;
2021/02/19;2000 UTC;;998,7;998,8;998,6;645,1;29,9;19,3;30,6;29,9;19,4;18,7;53;49;53;357;0;0;
2021/02/19;2100 UTC;;999,1;999,1;998,7;294,2;29,4;19,5;29,9;29,4;19,8;19,3;56;53;55;356;5,2;,2;
2021/02/19;2200 UTC;;999,6;999,7;999;11,8;28,2;20,8;29,4;28,2;20,8;19,5;64;55;64;12;6,3;1,9;
2021/02/19;2300 UTC;;1000,6;1000,6;999,7;;27,5;21,4;28,3;27,5;21,4;20,8;69;64;69;10;6,6;2,2;
2021/02/20;0000 UTC;;1001,5;1001,5;1000,6;;26,8;21,8;27,5;26,8;21,8;21,4;74;69;74;53;7,9;2,8;
2021/02/20;0100 UTC;;1002,5;1002,5;1001,5;;26,5;22;26,8;26,5;22;21,8;76;74;76;54;7,9;1,6;
2021/02/20;0200 UTC;;1002,9;1002,9;1002,5;;26,2;22,2;26,6;26,2;22,2;22;79;76;78;57;6,7;0;
2021/02/20;0300 UTC;;1002,4;1002,9;1002,4;;25,9;22,3;26,2;25,9;22,3;22,2;80;78;80;56;5,2;,7;
2021/02/20;0400 UTC;;1001,7;1002,4;1001,7;;25,8;22,4;26;25,7;22,4;22,2;82;80;82;57;5;0;
2021/02/20;0500 UTC;;1001,3;1001,7;1001,3;;25,6;22,5;25,8;25,5;22,5;22,3;83;82;83;58;4,2;0;
2021/02/20;0600 UTC;;1001,3;1001,4;1001,3;;25,1;22,1;25,6;25,1;22,5;22,1;84;83;83;59;6,7;0;
2021/02/20;0700 UTC;;1001,2;1001,3;1001,1;;24,6;21,8;25,1;24,6;22,1;21,8;85;83;85;58;4,5;0;
2021/02/20;0800 UTC;;1001,6;1001,6;1001,2;;24,2;21,8;24,6;24,2;21,9;21,8;86;85;86;38;0;0;
2021/02/20;0900 UTC;;1001,9;1002;1001,6;;24,1;21,8;24,3;24,1;21,8;21,8;87;86;87;24;0;0;
2021/02/20;1000 UTC;;1002,2;1002,2;1001,9;196,4;25;22,5;25;24,1;22,7;21,8;88;86;86;53;0;0;
2021/02/20;1100 UTC;;1002,8;1002,8;1002,2;822,3;26,4;22,3;26,6;25;22,9;22,3;86;78;78;25;0;0;
2021/02/20;1200 UTC;;1003,2;1003,3;1002,8;1821,6;28,1;22,5;28,3;26,4;23,2;22,3;80;72;72;82;3,1;0;
2021/02/20;1300 UTC;;1003;1003,2;1003;1412,8;28,5;22,6;28,9;27,6;23,6;21,6;74;69;71;32;3,8;0;
2021/02/20;1400 UTC;;1002,7;1003,1;1002,7;2995,7;29,9;23;30;28,1;23,8;21,8;73;65;67;357;6,1;0;
2021/02/20;1500 UTC;;1001,7;1002,8;1001,7;2253,7;29,6;22,4;30,8;29,3;23,8;22,1;68;62;65;3;6,5;,7;
2021/02/20;1600 UTC;;1000,4;1001,7;1000,4;2509,3;31,4;22,1;31,6;29,4;23,9;21,2;69;56;58;15;7;0;
2021/02/20;1700 UTC;;1000,8;1000,9;1000,2;1314,6;24,8;23,5;31,8;24,2;23,8;21,2;93;55;92;24;13,9;3,8;
2021/02/20;1800 UTC;;1000,2;1001;1000,2;275,4;24,3;23;24,8;23,5;23,3;22,3;93;92;92;35;10,1;4,9;
2021/02/20;1900 UTC;;999,7;1000,2;999,6;973,8;24,5;22,9;25,1;24,3;23,7;22,6;92;90;90;40;10,1;1;
2021/02/20;2000 UTC;;999,6;999,8;999,4;324,6;24,9;23,5;25;24,5;23,6;22,7;92;90;92;48;6,3;0;
2021/02/20;2100 UTC;;1000;1000;999,6;59;24,8;24,6;24,9;24,7;24,6;23,5;99;92;99;152;0;0;
2021/02/20;2200 UTC;;1000,5;1000,5;1000;3,7;24,5;;24,8;24,5;24,7;24,5;100;99;;293;0;0;
2021/02/20;2300 UTC;;1001;1001;1000,4;;24,1;;24,5;24,1;;;;;;209;0;0;
2021/02/21;0000 UTC;;1001;1001,2;1001;;24;;24,1;24;;;;;;191;0;0;
2021/02/21;0100 UTC;;1001,4;1001,4;1001;;23,8;;24;23,6;;;;;;172;0;0;
2021/02/21;0200 UTC;;1001,8;1001,9;1001,4;;23,5;;23,9;23,4;;;;;;202;0;0;
2021/02/21;0300 UTC;;1001,3;1001,8;1001,3;;23,6;;23,7;23,4;;;;;;212;0;0;
2021/02/21;0400 UTC;;1000,3;1001,3;1000,3;;23,6;;23,6;23,5;;;;;;256;0;0;
2021/02/21;0500 UTC;;999,7;1000,4;999,7;;23,8;;23,8;23,6;;;;;;200;0;0;
2021/02/21;0600 UTC;;999,6;999,9;999,6;;23,6;;23,8;23,6;;;;;;236;0;0;
2021/02/21;0700 UTC;;999,8;999,8;999,5;;23,3;;23,6;23,1;;;;;;222;0;0;
2021/02/21;0800 UTC;;1000;1000;999,8;;23,5;;23,5;22,8;;;;;;38;0;0;
2021/02/21;0900 UTC;;1000,2;1000,2;1000;;23,3;;23,5;23,3;;;;;;243;0;0;
2021/02/21;1000 UTC;;1000,8;1000,8;1000,2;178;24,3;;24,3;23,3;;;;;;252;0;0;
2021/02/21;1100 UTC;;1001,3;1001,3;1000,8;866,6;26,1;;26,1;24,3;;;;;;180;0;0;
2021/02/21;1200 UTC;;1001,5;1001,6;1001,3;1411;27,9;;27,9;26,1;;;;;;79;3,6;0;
2021/02/21;1300 UTC;;1001,2;1001,6;1001,2;1618,7;28,9;;29,7;27,6;;;;;;77;4,9;,1;
2021/02/21;1400 UTC;;1000,6;1001,2;1000,6;1950,7;30;28,5;31,4;28,8;30,7;28,4;100;91;91;72;6;,9;
2021/02/21;1500 UTC;;1000;1000,6;1000;2456,4;31,8;28,5;31,8;29,6;29,6;28,2;96;83;83;91;7,9;2,6;
2021/02/21;1600 UTC;;999,6;1000;999,6;2100,3;27,3;26,9;32,2;26,2;29,1;25,9;100;76;98;106;12,2;3,3;
2021/02/21;1700 UTC;;998,3;999,7;998,3;2878;31,6;27,5;31,7;27,2;29;26,5;98;79;79;74;8,9;0;
2021/02/21;1800 UTC;;997,2;998,3;997,2;2112,5;32,2;25,7;32,7;31,6;28,7;24,9;82;65;68;88;4,5;0;
2021/02/21;1900 UTC;;996,8;997,2;996,8;1705,8;29,1;26;32,7;28,7;26,6;24,3;84;65;83;354;7,3;1,1;
2021/02/21;2000 UTC;;996,9;997,2;996,8;834,5;29,2;25,5;29,2;28,4;26,3;25,4;86;80;81;4;5,5;0;
2021/02/21;2100 UTC;;997,1;997,1;996,7;591,4;28,8;25,5;29,3;28,8;26;25,3;84;80;83;17;0;0;
2021/02/21;2200 UTC;;997,9;997,9;997,1;10,2;28,2;25,3;28,8;28,2;25,6;25,2;85;82;84;21;6,2;,5;
2021/02/21;2300 UTC;;998,8;998,9;997,9;;27,7;24,7;28,3;27,6;25,4;24,7;86;84;84;54;7,3;1,9;
2021/02/22;0000 UTC;;1000;1000;998,8;;26,7;24;27,7;26,6;24,6;23,9;85;83;85;48;6,9;,5;
2021/02/22;0100 UTC;;1000,4;1000,5;1000;;25,9;24;26,7;25,9;24,1;23,9;89;85;89;31;4,4;0;
2021/02/22;0200 UTC;;1001;1001,1;1000,4;;25,6;23,8;25,9;25,6;24,1;23,8;90;89;90;29;0;0;
2021/02/22;0300 UTC;;1000,8;1001;1000,8;;24,9;23,7;25,6;24,9;23,9;23,6;93;90;93;19;0;0;
2021/02/22;0400 UTC;;1000,2;1000,8;1000,2;;24,7;23,8;25,1;24,7;24;23,7;95;93;95;38;0;0;
2021/02/22;0500 UTC;;999,4;1000,2;999,4;;24,6;24,3;24,7;24,3;24,3;23,9;99;95;98;232;0;0;
2021/02/22;0600 UTC;;998,9;999,4;998,9;;24,1;23,9;24,6;24;24,3;23,7;99;98;99;82;0;0;
2021/02/22;0700 UTC;;998,5;998,9;998,4;;23,9;23,9;24,1;23,8;23,9;23,7;100;99;100;175;0;0;
2021/02/22;0800 UTC;;998,8;998,8;998,5;;23,9;23,8;23,9;23,7;23,9;23,7;100;100;100;134;0;0;
2021/02/22;0900 UTC;;999,1;999,1;998,8;;23,6;23,6;23,9;23,4;23,8;23,4;100;100;100;247;0;0;
2021/02/22;1000 UTC;;999,6;999,6;999,1;117,3;24,2;24,2;24,2;23,4;24,2;23,4;100;100;100;10;0;0;
2021/02/22;1100 UTC;;1000,5;1000,5;999,6;876,4;27;24,7;27,3;24,2;26;24,2;100;88;88;101;6;1,9;
2021/02/22;1200 UTC;;1001;1001,1;1000,6;1578,9;28,7;25,2;28,9;26,9;25,9;24,5;88;80;81;107;6;0;
2021/02/22;1300 UTC;;1001,1;1001,2;1001;1717,1;29;24,9;30;28,3;26,2;24,3;82;75;79;159;2,8;0;
2021/02/22;1400 UTC;;1000,7;1001,2;1000,7;2505,3;30,4;25,3;31,1;29;26;24,4;79;71;74;245;0;0;
2021/02/22;1500 UTC;;999,9;1000,7;999,9;2109;30,3;23,2;31,9;29,8;26,2;22,8;76;63;66;75;0;0;
2021/02/22;1600 UTC;;998,6;999,9;998,6;1882,9;32,1;25,3;32,1;29,9;26,1;23,2;79;66;67;320;3,5;0;
2021/02/22;1700 UTC;;997,4;998,6;997,4;3021,6;32,4;22,7;33,6;31,9;24,8;22,1;67;52;57;349;,3;0;
2021/02/22;1800 UTC;;996,6;997,5;996,6;1894,9;33,8;20,9;33,8;32,2;23,1;20,4;59;45;47;84;5,2;,4;
2021/02/22;1900 UTC;;996,2;996,7;996,2;2143,5;34,2;18;34,5;33,6;21,1;17,8;47;37;38;65;5,2;0;
2021/02/22;2000 UTC;;996,4;996,4;996,2;1206,3;33;17,9;34,2;33;18,8;16,7;41;36;41;59;5,1;0;
2021/02/22;2100 UTC;;997,8;997,8;996,4;256,6;30,4;21,5;33;30,4;21,5;17,3;59;40;59;11;7,6;1,2;
2021/02/22;2200 UTC;;998,6;998,6;997,8;10,9;28,7;22,4;30,4;28,7;22,5;21,5;69;59;69;15;8,6;3,4;
2021/02/22;2300 UTC;;999,5;999,5;998,6;;27,8;22,7;28,7;27,8;22,9;22,2;74;69;74;52;8,3;2,4;
2021/02/23;0000 UTC;;1001,1;1001,1;999,5;;27,1;21,8;27,9;27,1;22,7;21,8;74;72;73;354;9;0;
2021/02/23;0100 UTC;;1001,8;1001,8;1001,1;;26,4;22,1;27,1;26,4;22,1;21,6;77;72;77;15;3,1;0;
2021/02/23;0200 UTC;;1001,9;1002;1001,8;;26,1;22,6;26,5;26,1;22,6;22,1;81;77;81;24;4,4;,1;
2021/02/23;0300 UTC;;1001,8;1002;1001,8;;25,7;22,7;26,2;25,7;22,8;22,6;83;81;83;29;5;,1;
2021/02/23;0400 UTC;;1001,6;1001,9;1001,6;;25,5;22,8;25,8;25,5;22,9;22,7;85;83;85;37;3,2;0;
2021/02/23;0500 UTC;;1001,2;1001,6;1001,1;;25,4;23,1;25,5;25,4;23,1;22,8;87;85;87;80;0;0;
2021/02/23;0600 UTC;;1001,1;1001,3;1001,1;;25,4;23,4;25,4;25,2;23,4;23,1;89;87;88;104;0;0;
2021/02/23;0700 UTC;;1000,9;1001,1;1000,8;;25,1;23,1;25,5;25,1;23,5;23,1;89;89;89;56;0;0;
2021/02/23;0800 UTC;;1000,9;1001;1000,9;;24,8;23,2;25,1;24,8;23,3;23,1;91;89;91;42;0;0;
2021/02/23;0900 UTC;;1001,3;1001,3;1000,9;;24,4;23;24,8;24,3;23,2;22,9;92;91;92;64;0;0;
2021/02/23;1000 UTC;;1002;1002;1001,2;114,7;25,3;23,9;25,3;24,3;23,9;22,9;93;92;92;83;0;0;
2021/02/23;1100 UTC;;1002,9;1002,9;1002;513,3;26,2;23,8;26,2;25,3;24,1;23,7;92;86;87;36;0;0;
2021/02/23;1200 UTC;;1003,2;1003,2;1002,9;1130,9;27,8;23,5;27,9;26,2;24,2;23,1;88;78;78;67;0;0;
2021/02/23;1300 UTC;;1003,1;1003,2;1003;1471,7;28,3;23,3;28,4;27,4;24,1;22,8;79;73;74;62;0;0;
2021/02/23;1400 UTC;;1002,6;1003,1;1002,6;2733,4;30;23;30,1;28;24,1;22,2;76;65;66;62;0;0;
2021/02/23;1500 UTC;;1001,8;1002,6;1001,7;3881,8;31,2;22,5;31,2;29,9;23,4;21,6;67;58;60;120;5,7;,8;
2021/02/23;1600 UTC;;1000,9;1001,7;1000,8;3802,2;30,6;21,7;32,5;30,6;23,2;21;62;52;59;77;9,3;1,6;
2021/02/23;1700 UTC;;1000,4;1001,2;1000,2;907;27;24,3;30,5;24,2;25,3;21,7;93;59;85;6;9,7;,4;
2021/02/23;1800 UTC;;999,4;1000,5;999,4;886,9;25,7;23,5;27,1;25,6;24,8;23;89;84;87;7;7,1;0;
2021/02/23;1900 UTC;;999,1;999,4;998,9;675,4;26;23,1;26,1;25,6;23,7;22,8;88;83;84;28;0;0;
2021/02/23;2000 UTC;;999,2;999,3;999,1;672,9;27,3;23,2;27,3;26,1;23,7;23;84;79;79;34;0;0;
2021/02/23;2100 UTC;;999,2;999,2;999;581,1;27,2;23,6;27,9;27,2;23,6;23;81;76;81;28;0;0;
2021/02/23;2200 UTC;;999,8;999,8;999,2;14,3;26,9;23,4;27,2;26,7;23,7;23,4;84;81;82;12;3,6;0;
2021/02/23;2300 UTC;;1000,6;1000,6;999,8;;26,3;23;26,9;26,3;23,4;23;82;81;82;26;6,1;0;
2021/02/24;0000 UTC;;1001,6;1001,6;1000,6;;26;23,1;26,3;26;23,2;23;85;82;84;21;4,4;,3;
2021/02/24;0100 UTC;;1002,1;1002,1;1001,6;;25,7;23,3;26,1;25,6;23,3;23,1;87;84;87;16;4,4;0;
2021/02/24;0200 UTC;;1002,6;1002,6;1002,1;;25,3;23,4;25,7;25,3;23,5;23,3;90;87;90;35;0;0;
2021/02/24;0300 UTC;;1002,3;1002,6;1002,3;;25,3;23,5;25,4;25,2;23,6;23,5;90;89;90;29;0;0;
2021/02/24;0400 UTC;;1001,8;1002,3;1001,8;;24,6;23,3;25,3;24,6;23,6;23,2;92;90;92;44;0;0;
2021/02/24;0500 UTC;;1001,4;1001,8;1001,4;;24,2;23,2;24,6;24,2;23,3;22,9;94;92;94;88;0;0;
2021/02/24;0600 UTC;;1001,1;1001,4;1001;;24;23,1;24,3;23,8;23,2;22,9;95;94;95;139;0;0;
2021/02/24;0700 UTC;;1000,6;1001,1;1000,6;;23,8;22,9;24,1;23,7;23,2;22,8;95;95;95;202;0;0;
2021/02/24;0800 UTC;;1000,6;1000,7;1000,5;;23,8;22,9;24;23,8;23,1;22,9;95;95;95;155;0;0;
2021/02/24;0900 UTC;;1000,8;1000,8;1000,6;;23,3;22,5;23,8;23,3;22,9;22,5;95;95;95;286;0;0;
2021/02/24;1000 UTC;;1001,5;1001,5;1000,8;133,8;24,4;23,6;24,4;23,2;23,6;22,4;96;95;96;204;0;0;
2021/02/24;1100 UTC;;1002,1;1002,1;1001,5;901,7;26,2;24,1;26,2;24,4;24,9;23,7;96;89;89;196;,2;0;
2021/02/24;1200 UTC;;1002,9;1002,9;1002,1;1008;27,2;24;27,2;26,1;24,5;23,8;89;83;83;150;1,6;0;
2021/02/24;1300 UTC;;1002,7;1002,9;1002,7;1799,7;28,7;24,7;28,7;27,1;24,7;23,6;83;77;79;67;4,7;0;
2021/02/24;1400 UTC;;1002,5;1002,7;1002,5;2561,3;30,1;23,9;30,4;28;25,1;23,7;82;69;69;315;3,6;0;
2021/02/24;1500 UTC;;1002;1002,5;1001,9;2572,6;30;24,2;31;29,7;25,6;22,2;75;59;71;46;5,5;,3;
2021/02/24;1600 UTC;;1000,6;1001,9;1000,6;2643;30,9;22,9;31,2;29,5;24,8;22,8;74;62;63;355;5,5;,1;
2021/02/24;1700 UTC;;999,6;1000,6;999,5;2786,7;31,6;22,4;32,3;30,1;24,5;22,2;69;56;58;353;3,6;0;
2021/02/24;1800 UTC;;999,1;999,7;999;1265;28,9;24,3;32,5;28,5;24,9;21,8;80;56;76;346;7;,4;
2021/02/24;1900 UTC;;997,7;999,1;997,7;1268,2;29,6;24,2;30,1;28,6;25;23,3;77;72;73;10;10,6;4,8;
2021/02/24;2000 UTC;;998,1;998,2;997,6;1596,2;28,4;23,6;29,8;28,4;24,4;23,5;76;70;75;356;10,6;3,4;
2021/02/24;2100 UTC;;998,8;998,8;998,1;140,9;27,2;23,4;28,4;27,2;23,6;23,3;80;75;80;3;9,5;1,4;
2021/02/24;2200 UTC;;999,2;999,4;998,8;1,2;26,9;23,2;27,2;26,9;23,4;23,1;81;80;80;10;6,1;,7;
2021/02/24;2300 UTC;;1000,2;1000,3;999,2;;26,4;23,4;26,9;26,4;23,4;23,1;84;80;84;39;6,7;0;
2021/02/25;0000 UTC;;1000,9;1000,9;1000,2;;26,2;23,4;26,4;26,2;23,6;23,4;86;84;84;1;4,5;,2;
2021/02/25;0100 UTC;;1001,6;1001,6;1000,9;;26,1;23,5;26,2;26;23,5;23,4;86;84;86;21;4,4;,1;
2021/02/25;0200 UTC;;1001,8;1001,8;1001,6;;25,4;23,4;26,1;25,4;23,5;23,4;89;86;89;356;2,7;0;
2021/02/25;0300 UTC;;1001,4;1001,8;1001,4;;24,9;23,4;25,4;24,9;23,5;23,3;91;89;91;62;0;0;
2021/02/25;0400 UTC;;1000,4;1001,5;1000,4;;24,6;23,4;25,1;24,6;23,6;23,4;93;91;93;56;0;0;
2021/02/25;0500 UTC;;999,5;1000,4;999,5;;24,3;23,3;24,6;24,3;23,5;23,3;94;93;94;56;0;0;
2021/02/25;0600 UTC;;999,1;999,5;999;;24,5;23,6;24,5;24,3;23,6;23,3;95;94;94;16;0;0;
2021/02/25;0700 UTC;;998,9;999,2;998,9;;24,6;23,6;24,7;24,5;23,8;23,6;95;94;95;52;0;0;
2021/02/25;0800 UTC;;;;;;;;;;;;;;;;;;
2021/02/25;0900 UTC;;;;;;24,5;;24,6;24,5;;;;;95;;;;
2021/02/25;1000 UTC;;;;;;;;;;;;;;;;;;
2021/02/25;1100 UTC;;;;;;;;;;;;;;;;;;
2021/02/25;1200 UTC;;;;;;;;;;;;;;;;;;
2021/02/25;1300 UTC;;;;;;;;;;;;;;;;;;
2021/02/25;1400 UTC;;;;;;;;;;;;;;;;;;
2021/02/25;1500 UTC;;;;;;;;;;;;;;;;;;
2021/02/25;1600 UTC;;;;;;;;;;;;;;;;;;
2021/02/25;1700 UTC;;;;;;;;;;;;;;;;;;
2021/02/25;1800 UTC;;;;;;;;;;;;;;;;;;
2021/02/25;1900 UTC;;;;;;;;;;;;;;;;;;
2021/02/25;2000 UTC;;;;;;;;;;;;;;;;;;
2021/02/25;2100 UTC;;;;;;;;;;;;;;;;;;
2021/02/25;2200 UTC;;;;;;;;;;;;;;;;;;
2021/02/25;2300 UTC;;;;;;;;;;;;;;;;;;
2021/02/26;0000 UTC;;;;;;;;;;;;;;;;;;
2021/02/26;0100 UTC;;;;;;;;;;;;;;;;;;
2021/02/26;0200 UTC;;;;;;;;;;;;;;;;;;
2021/02/26;0300 UTC;;;;;;;;;;;;;;;;;;
2021/02/26;0400 UTC;;;;;;;;;;;;;;;;;;
2021/02/26;0500 UTC;;;;;;;;;;;;;;;;;;
2021/02/26;0600 UTC;;;;;;;;;;;;;;;;;;
2021/02/26;0700 UTC;;;;;;;;;;;;;;;;;;
2021/02/26;0800 UTC;;;;;;;;;;;;;;;;;;
2021/02/26;0900 UTC;;;;;;;;;;;;;;;;;;
2021/02/26;1000 UTC;;;;;;;;;;;;;;;;;;
2021/02/26;1100 UTC;;;;;;;;;;;;;;;;;;
2021/02/26;1200 UTC;;;;;;;;;;;;;;;;;;
2021/02/26;1300 UTC;;;;;;;;;;;;;;;;;;
2021/02/26;1400 UTC;;;;;;;;;;;;;;;;;;
2021/02/26;1500 UTC;;;;;;;;;;;;;;;;;;
2021/02/26;1600 UTC;;;;;;;;;;;;;;;;;;
2021/02/26;1700 UTC;;;;;;;;;;;;;;;;;;
2021/02/26;1800 UTC;;;;;;;;;;;;;;;;;;
2021/02/26;1900 UTC;;;;;;;;;;;;;;;;;;
2021/02/26;2000 UTC;;;;;;;;;;;;;;;;;;
2021/02/26;2100 UTC;;;;;;;;;;;;;;;;;;
2021/02/26;2200 UTC;;;;;;;;;;;;;;;;;;
2021/02/26;2300 UTC;;;;;;;;;;;;;;;;;;
2021/02/27;0000 UTC;;;;;;;;;;;;;;;;;;
2021/02/27;0100 UTC;;;;;;;;;;;;;;;;;;
2021/02/27;0200 UTC;;;;;;;;;;;;;;;;;;
2021/02/27;0300 UTC;;;;;;;;;;;;;;;;;;
2021/02/27;0400 UTC;;;;;;;;;;;;;;;;;;
2021/02/27;0500 UTC;;;;;;;;;;;;;;;;;;
2021/02/27;0600 UTC;;;;;;;;;;;;;;;;;;
2021/02/27;0700 UTC;;;;;;;;;;;;;;;;;;
2021/02/27;0800 UTC;;;;;;;;;;;;;;;;;;
2021/02/27;0900 UTC;;;;;;;;;;;;;;;;;;
2021/02/27;1000 UTC;;;;;;;;;;;;;;;;;;
2021/02/27;1100 UTC;;;;;;;;;;;;;;;;;;
2021/02/27;1200 UTC;;;;;;;;;;;;;;;;;;
2021/02/27;1300 UTC;;;;;;;;;;;;;;;;;;
2021/02/27;1400 UTC;;;;;;;;;;;;;;;;;;
2021/02/27;1500 UTC;;;;;;;;;;;;;;;;;;
2021/02/27;1600 UTC;;;;;;;;;;;;;;;;;;
2021/02/27;1700 UTC;;;;;;;;;;;;;;;;;;
2021/02/27;1800 UTC;;;;;;;;;;;;;;;;;;
2021/02/27;1900 UTC;;;;;;;;;;;;;;;;;;
2021/02/27;2000 UTC;;;;;;;;;;;;;;;;;;
2021/02/27;2100 UTC;;;;;;;;;;;;;;;;;;
2021/02/27;2200 UTC;;;;;;;;;;;;;;;;;;
2021/02/27;2300 UTC;;;;;;;;;;;;;;;;;;
2021/02/28;0000 UTC;;;;;;;;;;;;;;;;;;
2021/02/28;0100 UTC;;;;;;;;;;;;;;;;;;
2021/02/28;0200 UTC;;;;;;;;;;;;;;;;;;
2021/02/28;0300 UTC;;;;;;;;;;;;;;;;;;
2021/02/28;0400 UTC;;;;;;;;;;;;;;;;;;
2021/02/28;0500 UTC;;;;;;;;;;;;;;;;;;
2021/02/28;0600 UTC;;;;;;;;;;;;;;;;;;
2021/02/28;0700 UTC;;;;;;;;;;;;;;;;;;
2021/02/28;0800 UTC;;;;;;;;;;;;;;;;;;
2021/02/28;0900 UTC;;;;;;;;;;;;;;;;;;
2021/02/28;1000 UTC;;;;;;;;;;;;;;;;;;
2021/02/28;1100 UTC;;;;;;;;;;;;;;;;;;
2021/02/28;1200 UTC;;;;;;;;;;;;;;;;;;
2021/02/28;1300 UTC;;;;;;;;;;;;;;;;;;
2021/02/28;1400 UTC;;;;;;;;;;;;;;;;;;
2021/02/28;1500 UTC;;;;;;;;;;;;;;;;;;
2021/02/28;1600 UTC;;;;;;;;;;;;;;;;;;
2021/02/28;1700 UTC;;;;;;;;;;;;;;;;;;
2021/02/28;1800 UTC;;;;;;;;;;;;;;;;;;
2021/02/28;1900 UTC;;;;;;;;;;;;;;;;;;
2021/02/28;2000 UTC;;;;;;;;;;;;;;;;;;
2021/02/28;2100 UTC;;;;;;;;;;;;;;;;;;
2021/02/28;2200 UTC;;;;;;;;;;;;;;;;;;
2021/02/28;2300 UTC;;;;;;;;;;;;;;;;;;
2021/03/01;0000 UTC;;;;;;;;;;;;;;;;;;
2021/03/01;0100 UTC;;;;;;;;;;;;;;;;;;
2021/03/01;0200 UTC;;;;;;;;;;;;;;;;;;
2021/03/01;0300 UTC;;;;;;;;;;;;;;;;;;
2021/03/01;0400 UTC;;;;;;;;;;;;;;;;;;
2021/03/01;0500 UTC;;;;;;;;;;;;;;;;;;
2021/03/01;0600 UTC;;;;;;;;;;;;;;;;;;
2021/03/01;0700 UTC;;;;;;;;;;;;;;;;;;
2021/03/01;0800 UTC;;;;;;;;;;;;;;;;;;
2021/03/01;0900 UTC;;;;;;;;;;;;;;;;;;
2021/03/01;1000 UTC;;;;;;;;;;;;;;;;;;
2021/03/01;1100 UTC;;;;;;;;;;;;;;;;;;
2021/03/01;1200 UTC;;;;;;;;;;;;;;;;;;
2021/03/01;1300 UTC;;;;;;;;;;;;;;;;;;
2021/03/01;1400 UTC;;;;;;;;;;;;;;;;;;
2021/03/01;1500 UTC;;;;;;;;;;;;;;;;;;
2021/03/01;1600 UTC;;;;;;;;;;;;;;;;;;
2021/03/01;1700 UTC;;;;;;;;;;;;;;;;;;
2021/03/01;1800 UTC;;;;;;;;;;;;;;;;;;
2021/03/01;1900 UTC;;;;;;;;;;;;;;;;;;
2021/03/01;2000 UTC;;;;;;;;;;;;;;;;;;
2021/03/01;2100 UTC;;;;;;;;;;;;;;;;;;
2021/03/01;2200 UTC;;;;;;;;;;;;;;;;;;
2021/03/01;2300 UTC;;;;;;;;;;;;;;;;;;
2021/03/02;0000 UTC;;;;;;;;;;;;;;;;;;
2021/03/02;0100 UTC;;;;;;;;;;;;;;;;;;
2021/03/02;0200 UTC;;;;;;;;;;;;;;;;;;
2021/03/02;0300 UTC;;;;;;;;;;;;;;;;;;
2021/03/02;0400 UTC;;;;;;;;;;;;;;;;;;
2021/03/02;0500 UTC;;;;;;;;;;;;;;;;;;
2021/03/02;0600 UTC;;;;;;;;;;;;;;;;;;
2021/03/02;0700 UTC;;;;;;;;;;;;;;;;;;
2021/03/02;0800 UTC;;;;;;;;;;;;;;;;;;
2021/03/02;0900 UTC;;;;;;;;;;;;;;;;;;
2021/03/02;1000 UTC;;;;;;;;;;;;;;;;;;
2021/03/02;1100 UTC;;;;;;;;;;;;;;;;;;
2021/03/02;1200 UTC;;;;;;;;;;;;;;;;;;
2021/03/02;1300 UTC;;;;;;;;;;;;;;;;;;
2021/03/02;1400 UTC;;;;;;;;;;;;;;;;;;
2021/03/02;1500 UTC;;;;;;;;;;;;;;;;;;
2021/03/02;1600 UTC;;;;;;;;;;;;;;;;;;
2021/03/02;1700 UTC;;;;;;;;;;;;;;;;;;
2021/03/02;1800 UTC;;;;;;;;;;;;;;;;;;
2021/03/02;1900 UTC;;;;;;;;;;;;;;;;;;
2021/03/02;2000 UTC;;;;;;;;;;;;;;;;;;
2021/03/02;2100 UTC;;;;;;;;;;;;;;;;;;
2021/03/02;2200 UTC;;;;;;;;;;;;;;;;;;
2021/03/02;2300 UTC;;;;;;;;;;;;;;;;;;
2021/03/03;0000 UTC;;;;;;;;;;;;;;;;;;
2021/03/03;0100 UTC;;;;;;;;;;;;;;;;;;
2021/03/03;0200 UTC;;;;;;;;;;;;;;;;;;
2021/03/03;0300 UTC;;;;;;;;;;;;;;;;;;
2021/03/03;0400 UTC;;;;;;;;;;;;;;;;;;
2021/03/03;0500 UTC;;;;;;;;;;;;;;;;;;
2021/03/03;0600 UTC;;;;;;;;;;;;;;;;;;
2021/03/03;0700 UTC;;;;;;;;;;;;;;;;;;
2021/03/03;0800 UTC;;;;;;;;;;;;;;;;;;
2021/03/03;0900 UTC;;;;;;;;;;;;;;;;;;
2021/03/03;1000 UTC;;;;;;;;;;;;;;;;;;
2021/03/03;1100 UTC;;;;;;;;;;;;;;;;;;
2021/03/03;1200 UTC;;;;;;;;;;;;;;;;;;
2021/03/03;1300 UTC;;;;;;;;;;;;;;;;;;
2021/03/03;1400 UTC;;;;;;;;;;;;;;;;;;
2021/03/03;1500 UTC;;;;;;;;;;;;;;;;;;
2021/03/03;1600 UTC;;;;;;;;;;;;;;;;;;
2021/03/03;1700 UTC;;;;;;;;;;;;;;;;;;
2021/03/03;1800 UTC;;;;;;;;;;;;;;;;;;
2021/03/03;1900 UTC;;;;;;;;;;;;;;;;;;
2021/03/03;2000 UTC;;;;;;;;;;;;;;;;;;
2021/03/03;2100 UTC;;;;;;;;;;;;;;;;;;
2021/03/03;2200 UTC;;;;;;;;;;;;;;;;;;
2021/03/03;2300 UTC;;;;;;;;;;;;;;;;;;
2021/03/04;0000 UTC;;;;;;;;;;;;;;;;;;
2021/03/04;0100 UTC;;;;;;;;;;;;;;;;;;
2021/03/04;0200 UTC;;;;;;;;;;;;;;;;;;
2021/03/04;0300 UTC;;;;;;;;;;;;;;;;;;
2021/03/04;0400 UTC;;;;;;;;;;;;;;;;;;
2021/03/04;0500 UTC;;;;;;;;;;;;;;;;;;
2021/03/04;0600 UTC;;;;;;;;;;;;;;;;;;
2021/03/04;0700 UTC;;;;;;;;;;;;;;;;;;
2021/03/04;0800 UTC;;;;;;;;;;;;;;;;;;
2021/03/04;0900 UTC;;;;;;;;;;;;;;;;;;
2021/03/04;1000 UTC;;;;;;;;;;;;;;;;;;
2021/03/04;1100 UTC;;;;;;;;;;;;;;;;;;
2021/03/04;1200 UTC;;;;;;;;;;;;;;;;;;
2021/03/04;1300 UTC;;;;;;;;;;;;;;;;;;
2021/03/04;1400 UTC;;;;;;;;;;;;;;;;;;
2021/03/04;1500 UTC;;;;;;;;;;;;;;;;;;
2021/03/04;1600 UTC;;;;;;;;;;;;;;;;;;
2021/03/04;1700 UTC;;;;;;;;;;;;;;;;;;
2021/03/04;1800 UTC;;;;;;;;;;;;;;;;;;
2021/03/04;1900 UTC;;;;;;;;;;;;;;;;;;
2021/03/04;2000 UTC;;;;;;;;;;;;;;;;;;
2021/03/04;2100 UTC;;;;;;;;;;;;;;;;;;
2021/03/04;2200 UTC;;;;;;;;;;;;;;;;;;
2021/03/04;2300 UTC;;;;;;;;;;;;;;;;;;
2021/03/05;0000 UTC;;;;;;;;;;;;;;;;;;
2021/03/05;0100 UTC;;;;;;;;;;;;;;;;;;
2021/03/05;0200 UTC;;;;;;;;;;;;;;;;;;
2021/03/05;0300 UTC;;;;;;;;;;;;;;;;;;
2021/03/05;0400 UTC;;;;;;;;;;;;;;;;;;
2021/03/05;0500 UTC;;;;;;;;;;;;;;;;;;
2021/03/05;0600 UTC;;;;;;;;;;;;;;;;;;
2021/03/05;0700 UTC;;;;;;;;;;;;;;;;;;
2021/03/05;0800 UTC;;;;;;;;;;;;;;;;;;
2021/03/05;0900 UTC;;;;;;;;;;;;;;;;;;
2021/03/05;1000 UTC;;;;;;;;;;;;;;;;;;
2021/03/05;1100 UTC;;;;;;;;;;;;;;;;;;
2021/03/05;1200 UTC;;;;;;;;;;;;;;;;;;
2021/03/05;1300 UTC;;;;;;;;;;;;;;;;;;
2021/03/05;1400 UTC;;;;;;;;;;;;;;;;;;
2021/03/05;1500 UTC;;;;;;;;;;;;;;;;;;
2021/03/05;1600 UTC;;;;;;;;;;;;;;;;;;
2021/03/05;1700 UTC;;;;;;;;;;;;;;;;;;
2021/03/05;1800 UTC;;;;;;;;;;;;;;;;;;
2021/03/05;1900 UTC;;;;;;;;;;;;;;;;;;
2021/03/05;2000 UTC;;;;;;;;;;;;;;;;;;
2021/03/05;2100 UTC;;;;;;;;;;;;;;;;;;
2021/03/05;2200 UTC;;;;;;;;;;;;;;;;;;
2021/03/05;2300 UTC;;;;;;;;;;;;;;;;;;
2021/03/06;0000 UTC;;;;;;;;;;;;;;;;;;
2021/03/06;0100 UTC;;;;;;;;;;;;;;;;;;
2021/03/06;0200 UTC;;;;;;;;;;;;;;;;;;
2021/03/06;0300 UTC;;;;;;;;;;;;;;;;;;
2021/03/06;0400 UTC;;;;;;;;;;;;;;;;;;
2021/03/06;0500 UTC;;;;;;;;;;;;;;;;;;
2021/03/06;0600 UTC;;;;;;;;;;;;;;;;;;
2021/03/06;0700 UTC;;;;;;;;;;;;;;;;;;
2021/03/06;0800 UTC;;;;;;;;;;;;;;;;;;
2021/03/06;0900 UTC;;;;;;;;;;;;;;;;;;
2021/03/06;1000 UTC;;;;;;;;;;;;;;;;;;
2021/03/06;1100 UTC;;;;;;;;;;;;;;;;;;
2021/03/06;1200 UTC;;;;;;;;;;;;;;;;;;
2021/03/06;1300 UTC;;;;;;;;;;;;;;;;;;
2021/03/06;1400 UTC;;;;;;;;;;;;;;;;;;
2021/03/06;1500 UTC;;;;;;;;;;;;;;;;;;
2021/03/06;1600 UTC;;;;;;;;;;;;;;;;;;
2021/03/06;1700 UTC;;;;;;;;;;;;;;;;;;
2021/03/06;1800 UTC;;;;;;;;;;;;;;;;;;
2021/03/06;1900 UTC;;;;;;;;;;;;;;;;;;
2021/03/06;2000 UTC;;;;;;;;;;;;;;;;;;
2021/03/06;2100 UTC;;;;;;;;;;;;;;;;;;
2021/03/06;2200 UTC;;;;;;;;;;;;;;;;;;
2021/03/06;2300 UTC;;;;;;;;;;;;;;;;;;
2021/03/07;0000 UTC;;;;;;;;;;;;;;;;;;
2021/03/07;0100 UTC;;;;;;;;;;;;;;;;;;
2021/03/07;0200 UTC;;;;;;;;;;;;;;;;;;
2021/03/07;0300 UTC;;;;;;;;;;;;;;;;;;
2021/03/07;0400 UTC;;;;;;;;;;;;;;;;;;
2021/03/07;0500 UTC;;;;;;;;;;;;;;;;;;
2021/03/07;0600 UTC;;;;;;;;;;;;;;;;;;
2021/03/07;0700 UTC;;;;;;;;;;;;;;;;;;
2021/03/07;0800 UTC;;;;;;;;;;;;;;;;;;
2021/03/07;0900 UTC;;;;;;;;;;;;;;;;;;
2021/03/07;1000 UTC;;;;;;;;;;;;;;;;;;
2021/03/07;1100 UTC;;;;;;;;;;;;;;;;;;
2021/03/07;1200 UTC;;;;;;;;;;;;;;;;;;
2021/03/07;1300 UTC;;;;;;;;;;;;;;;;;;
2021/03/07;1400 UTC;;;;;;;;;;;;;;;;;;
2021/03/07;1500 UTC;;;;;;;;;;;;;;;;;;
2021/03/07;1600 UTC;;;;;;;;;;;;;;;;;;
2021/03/07;1700 UTC;;;;;;;;;;;;;;;;;;
2021/03/07;1800 UTC;;;;;;;;;;;;;;;;;;
2021/03/07;1900 UTC;;;;;;;;;;;;;;;;;;
2021/03/07;2000 UTC;;;;;;;;;;;;;;;;;;
2021/03/07;2100 UTC;;;;;;;;;;;;;;;;;;
2021/03/07;2200 UTC;;;;;;;;;;;;;;;;;;
2021/03/07;2300 UTC;;;;;;;;;;;;;;;;;;
2021/03/08;0000 UTC;;;;;;;;;;;;;;;;;;
2021/03/08;0100 UTC;;;;;;;;;;;;;;;;;;
2021/03/08;0200 UTC;;;;;;;;;;;;;;;;;;
2021/03/08;0300 UTC;;;;;;;;;;;;;;;;;;
2021/03/08;0400 UTC;;;;;;;;;;;;;;;;;;
2021/03/08;0500 UTC;;;;;;;;;;;;;;;;;;
2021/03/08;0600 UTC;;;;;;;;;;;;;;;;;;
2021/03/08;0700 UTC;;;;;;;;;;;;;;;;;;
2021/03/08;0800 UTC;;;;;;;;;;;;;;;;;;
2021/03/08;0900 UTC;;;;;;;;;;;;;;;;;;
2021/03/08;1000 UTC;;;;;;;;;;;;;;;;;;
2021/03/08;1100 UTC;;;;;;;;;;;;;;;;;;
2021/03/08;1200 UTC;;;;;;;;;;;;;;;;;;
2021/03/08;1300 UTC;;;;;;;;;;;;;;;;;;
2021/03/08;1400 UTC;;;;;;;;;;;;;;;;;;
2021/03/08;1500 UTC;;;;;;;;;;;;;;;;;;
2021/03/08;1600 UTC;;;;;;;;;;;;;;;;;;
2021/03/08;1700 UTC;;;;;;;;;;;;;;;;;;
2021/03/08;1800 UTC;;;;;;;;;;;;;;;;;;
2021/03/08;1900 UTC;;;;;;;;;;;;;;;;;;
2021/03/08;2000 UTC;;;;;;;;;;;;;;;;;;
2021/03/08;2100 UTC;;;;;;;;;;;;;;;;;;
2021/03/08;2200 UTC;;;;;;;;;;;;;;;;;;
2021/03/08;2300 UTC;;;;;;;;;;;;;;;;;;
2021/03/09;0000 UTC;;;;;;;;;;;;;;;;;;
2021/03/09;0100 UTC;;;;;;;;;;;;;;;;;;
2021/03/09;0200 UTC;;;;;;;;;;;;;;;;;;
2021/03/09;0300 UTC;;;;;;;;;;;;;;;;;;
2021/03/09;0400 UTC;;;;;;;;;;;;;;;;;;
2021/03/09;0500 UTC;;;;;;;;;;;;;;;;;;
2021/03/09;0600 UTC;;;;;;;;;;;;;;;;;;
2021/03/09;0700 UTC;;;;;;;;;;;;;;;;;;
2021/03/09;0800 UTC;;;;;;;;;;;;;;;;;;
2021/03/09;0900 UTC;;;;;;;;;;;;;;;;;;
2021/03/09;1000 UTC;;;;;;;;;;;;;;;;;;
2021/03/09;1100 UTC;;;;;;;;;;;;;;;;;;
2021/03/09;1200 UTC;;;;;;;;;;;;;;;;;;
2021/03/09;1300 UTC;;;;;;;;;;;;;;;;;;
2021/03/09;1400 UTC;;;;;;;;;;;;;;;;;;
2021/03/09;1500 UTC;;;;;;;;;;;;;;;;;;
2021/03/09;1600 UTC;;;;;;;;;;;;;;;;;;
2021/03/09;1700 UTC;;;;;;;;;;;;;;;;;;
2021/03/09;1800 UTC;;;;;;;;;;;;;;;;;;
2021/03/09;1900 UTC;;;;;;;;;;;;;;;;;;
2021/03/09;2000 UTC;;;;;;;;;;;;;;;;;;
2021/03/09;2100 UTC;;;;;;;;;;;;;;;;;;
2021/03/09;2200 UTC;;;;;;;;;;;;;;;;;;
2021/03/09;2300 UTC;;;;;;;;;;;;;;;;;;
2021/03/10;0000 UTC;;;;;;;;;;;;;;;;;;
2021/03/10;0100 UTC;;;;;;;;;;;;;;;;;;
2021/03/10;0200 UTC;;;;;;;;;;;;;;;;;;
2021/03/10;0300 UTC;;;;;;;;;;;;;;;;;;
2021/03/10;0400 UTC;;;;;;;;;;;;;;;;;;
2021/03/10;0500 UTC;;;;;;;;;;;;;;;;;;
2021/03/10;0600 UTC;;;;;;;;;;;;;;;;;;
2021/03/10;0700 UTC;;;;;;;;;;;;;;;;;;
2021/03/10;0800 UTC;;;;;;;;;;;;;;;;;;
2021/03/10;0900 UTC;;;;;;;;;;;;;;;;;;
2021/03/10;1000 UTC;;;;;;;;;;;;;;;;;;
2021/03/10;1100 UTC;;;;;;;;;;;;;;;;;;
2021/03/10;1200 UTC;;;;;;;;;;;;;;;;;;
2021/03/10;1300 UTC;;;;;;;;;;;;;;;;;;
2021/03/10;1400 UTC;;;;;;;;;;;;;;;;;;
2021/03/10;1500 UTC;;;;;;;;;;;;;;;;;;
2021/03/10;1600 UTC;;;;;;;;;;;;;;;;;;
2021/03/10;1700 UTC;;;;;;;;;;;;;;;;;;
2021/03/10;1800 UTC;;;;;;;;;;;;;;;;;;
2021/03/10;1900 UTC;;;;;;;;;;;;;;;;;;
2021/03/10;2000 UTC;;;;;;;;;;;;;;;;;;
2021/03/10;2100 UTC;;;;;;;;;;;;;;;;;;
2021/03/10;2200 UTC;;;;;;;;;;;;;;;;;;
2021/03/10;2300 UTC;;;;;;;;;;;;;;;;;;
2021/03/11;0000 UTC;;;;;;;;;;;;;;;;;;
2021/03/11;0100 UTC;;;;;;;;;;;;;;;;;;
2021/03/11;0200 UTC;;;;;;;;;;;;;;;;;;
2021/03/11;0300 UTC;;;;;;;;;;;;;;;;;;
2021/03/11;0400 UTC;;;;;;;;;;;;;;;;;;
2021/03/11;0500 UTC;;;;;;;;;;;;;;;;;;
2021/03/11;0600 UTC;;;;;;;;;;;;;;;;;;
2021/03/11;0700 UTC;;;;;;;;;;;;;;;;;;
2021/03/11;0800 UTC;;;;;;;;;;;;;;;;;;
2021/03/11;0900 UTC;;;;;;;;;;;;;;;;;;
2021/03/11;1000 UTC;;;;;;;;;;;;;;;;;;
2021/03/11;1100 UTC;;;;;;;;;;;;;;;;;;
2021/03/11;1200 UTC;;;;;;;;;;;;;;;;;;
2021/03/11;1300 UTC;;;;;;;;;;;;;;;;;;
2021/03/11;1400 UTC;;;;;;;;;;;;;;;;;;
2021/03/11;1500 UTC;;;;;;;;;;;;;;;;;;
2021/03/11;1600 UTC;;;;;;;;;;;;;;;;;;
2021/03/11;1700 UTC;;;;;;;;;;;;;;;;;;
2021/03/11;1800 UTC;;;;;;;;;;;;;;;;;;
2021/03/11;1900 UTC;;;;;;;;;;;;;;;;;;
2021/03/11;2000 UTC;;;;;;;;;;;;;;;;;;
2021/03/11;2100 UTC;;;;;;;;;;;;;;;;;;
2021/03/11;2200 UTC;;;;;;;;;;;;;;;;;;
2021/03/11;2300 UTC;;;;;;;;;;;;;;;;;;
2021/03/12;0000 UTC;;;;;;;;;;;;;;;;;;
2021/03/12;0100 UTC;;;;;;;;;;;;;;;;;;
2021/03/12;0200 UTC;;;;;;;;;;;;;;;;;;
2021/03/12;0300 UTC;;;;;;;;;;;;;;;;;;
2021/03/12;0400 UTC;;;;;;;;;;;;;;;;;;
2021/03/12;0500 UTC;;;;;;;;;;;;;;;;;;
2021/03/12;0600 UTC;;;;;;;;;;;;;;;;;;
2021/03/12;0700 UTC;;;;;;;;;;;;;;;;;;
2021/03/12;0800 UTC;;;;;;;;;;;;;;;;;;
2021/03/12;0900 UTC;;;;;;;;;;;;;;;;;;
2021/03/12;1000 UTC;;;;;;;;;;;;;;;;;;
2021/03/12;1100 UTC;;;;;;;;;;;;;;;;;;
2021/03/12;1200 UTC;;;;;;;;;;;;;;;;;;
2021/03/12;1300 UTC;;;;;;;;;;;;;;;;;;
2021/03/12;1400 UTC;;;;;;;;;;;;;;;;;;
2021/03/12;1500 UTC;;;;;;;;;;;;;;;;;;
2021/03/12;1600 UTC;;;;;;;;;;;;;;;;;;
2021/03/12;1700 UTC;;;;;;;;;;;;;;;;;;
2021/03/12;1800 UTC;;;;;;;;;;;;;;;;;;
2021/03/12;1900 UTC;;;;;;;;;;;;;;;;;;
2021/03/12;2000 UTC;;;;;;;;;;;;;;;;;;
2021/03/12;2100 UTC;;;;;;;;;;;;;;;;;;
2021/03/12;2200 UTC;;;;;;;;;;;;;;;;;;
2021/03/12;2300 UTC;;;;;;;;;;;;;;;;;;
2021/03/13;0000 UTC;;;;;;;;;;;;;;;;;;
2021/03/13;0100 UTC;;;;;;;;;;;;;;;;;;
2021/03/13;0200 UTC;;;;;;;;;;;;;;;;;;
2021/03/13;0300 UTC;;;;;;;;;;;;;;;;;;
2021/03/13;0400 UTC;;;;;;;;;;;;;;;;;;
2021/03/13;0500 UTC;;;;;;;;;;;;;;;;;;
2021/03/13;0600 UTC;;;;;;;;;;;;;;;;;;
2021/03/13;0700 UTC;;;;;;;;;;;;;;;;;;
2021/03/13;0800 UTC;;;;;;;;;;;;;;;;;;
2021/03/13;0900 UTC;;;;;;;;;;;;;;;;;;
2021/03/13;1000 UTC;;;;;;;;;;;;;;;;;;
2021/03/13;1100 UTC;;;;;;;;;;;;;;;;;;
2021/03/13;1200 UTC;;;;;;;;;;;;;;;;;;
2021/03/13;1300 UTC;;;;;;;;;;;;;;;;;;
2021/03/13;1400 UTC;;;;;;;;;;;;;;;;;;
2021/03/13;1500 UTC;;;;;;;;;;;;;;;;;;
2021/03/13;1600 UTC;;;;;;;;;;;;;;;;;;
2021/03/13;1700 UTC;;;;;;;;;;;;;;;;;;
2021/03/13;1800 UTC;;;;;;;;;;;;;;;;;;
2021/03/13;1900 UTC;;;;;;;;;;;;;;;;;;
2021/03/13;2000 UTC;;;;;;;;;;;;;;;;;;
2021/03/13;2100 UTC;;;;;;;;;;;;;;;;;;
2021/03/13;2200 UTC;;;;;;;;;;;;;;;;;;
2021/03/13;2300 UTC;;;;;;;;;;;;;;;;;;
2021/03/14;0000 UTC;;;;;;;;;;;;;;;;;;
2021/03/14;0100 UTC;;;;;;;;;;;;;;;;;;
2021/03/14;0200 UTC;;;;;;;;;;;;;;;;;;
2021/03/14;0300 UTC;;;;;;;;;;;;;;;;;;
2021/03/14;0400 UTC;;;;;;;;;;;;;;;;;;
2021/03/14;0500 UTC;;;;;;;;;;;;;;;;;;
2021/03/14;0600 UTC;;;;;;;;;;;;;;;;;;
2021/03/14;0700 UTC;;;;;;;;;;;;;;;;;;
2021/03/14;0800 UTC;;;;;;;;;;;;;;;;;;
2021/03/14;0900 UTC;;;;;;;;;;;;;;;;;;
2021/03/14;1000 UTC;;;;;;;;;;;;;;;;;;
2021/03/14;1100 UTC;;;;;;;;;;;;;;;;;;
2021/03/14;1200 UTC;;;;;;;;;;;;;;;;;;
2021/03/14;1300 UTC;;;;;;;;;;;;;;;;;;
2021/03/14;1400 UTC;;;;;;;;;;;;;;;;;;
2021/03/14;1500 UTC;;;;;;;;;;;;;;;;;;
2021/03/14;1600 UTC;;;;;;;;;;;;;;;;;;
2021/03/14;1700 UTC;;;;;;;;;;;;;;;;;;
2021/03/14;1800 UTC;;;;;;;;;;;;;;;;;;
2021/03/14;1900 UTC;;;;;;;;;;;;;;;;;;
2021/03/14;2000 UTC;;;;;;;;;;;;;;;;;;
2021/03/14;2100 UTC;;;;;;;;;;;;;;;;;;
2021/03/14;2200 UTC;;;;;;;;;;;;;;;;;;
2021/03/14;2300 UTC;;;;;;;;;;;;;;;;;;
2021/03/15;0000 UTC;;;;;;;;;;;;;;;;;;
2021/03/15;0100 UTC;;;;;;;;;;;;;;;;;;
2021/03/15;0200 UTC;;;;;;;;;;;;;;;;;;
2021/03/15;0300 UTC;;;;;;;;;;;;;;;;;;
2021/03/15;0400 UTC;;;;;;;;;;;;;;;;;;
2021/03/15;0500 UTC;;;;;;;;;;;;;;;;;;
2021/03/15;0600 UTC;;;;;;;;;;;;;;;;;;
2021/03/15;0700 UTC;;;;;;;;;;;;;;;;;;
2021/03/15;0800 UTC;;;;;;;;;;;;;;;;;;
2021/03/15;0900 UTC;;;;;;;;;;;;;;;;;;
2021/03/15;1000 UTC;;;;;;;;;;;;;;;;;;
2021/03/15;1100 UTC;;;;;;;;;;;;;;;;;;
2021/03/15;1200 UTC;;;;;;;;;;;;;;;;;;
2021/03/15;1300 UTC;;;;;;;;;;;;;;;;;;
2021/03/15;1400 UTC;;;;;;;;;;;;;;;;;;
2021/03/15;1500 UTC;;;;;;;;;;;;;;;;;;
2021/03/15;1600 UTC;;;;;;;;;;;;;;;;;;
2021/03/15;1700 UTC;;;;;;;;;;;;;;;;;;
2021/03/15;1800 UTC;;;;;;;;;;;;;;;;;;
2021/03/15;1900 UTC;;;;;;;;;;;;;;;;;;
2021/03/15;2000 UTC;;;;;;;;;;;;;;;;;;
2021/03/15;2100 UTC;;;;;;;;;;;;;;;;;;
2021/03/15;2200 UTC;;;;;;;;;;;;;;;;;;
2021/03/15;2300 UTC;;;;;;;;;;;;;;;;;;
2021/03/16;0000 UTC;;;;;;;;;;;;;;;;;;
2021/03/16;0100 UTC;;;;;;;;;;;;;;;;;;
2021/03/16;0200 UTC;;;;;;;;;;;;;;;;;;
2021/03/16;0300 UTC;;;;;;;;;;;;;;;;;;
2021/03/16;0400 UTC;;;;;;;;;;;;;;;;;;
2021/03/16;0500 UTC;;;;;;;;;;;;;;;;;;
2021/03/16;0600 UTC;;;;;;;;;;;;;;;;;;
2021/03/16;0700 UTC;;;;;;;;;;;;;;;;;;
2021/03/16;0800 UTC;;;;;;;;;;;;;;;;;;
2021/03/16;0900 UTC;;;;;;;;;;;;;;;;;;
2021/03/16;1000 UTC;;;;;;;;;;;;;;;;;;
2021/03/16;1100 UTC;;;;;;;;;;;;;;;;;;
2021/03/16;1200 UTC;;;;;;;;;;;;;;;;;;
2021/03/16;1300 UTC;;;;;;;;;;;;;;;;;;
2021/03/16;1400 UTC;;;;;;;;;;;;;;;;;;
2021/03/16;1500 UTC;;;;;;;;;;;;;;;;;;
2021/03/16;1600 UTC;;;;;;;;;;;;;;;;;;
2021/03/16;1700 UTC;;;;;;;;;;;;;;;;;;
2021/03/16;1800 UTC;;;;;;;;;;;;;;;;;;
2021/03/16;1900 UTC;;;;;;;;;;;;;;;;;;
2021/03/16;2000 UTC;;;;;;;;;;;;;;;;;;
2021/03/16;2100 UTC;;;;;;;;;;;;;;;;;;
2021/03/16;2200 UTC;;;;;;;;;;;;;;;;;;
2021/03/16;2300 UTC;;;;;;;;;;;;;;;;;;
2021/03/17;0000 UTC;;;;;;;;;;;;;;;;;;
2021/03/17;0100 UTC;;;;;;;;;;;;;;;;;;
2021/03/17;0200 UTC;;;;;;;;;;;;;;;;;;
2021/03/17;0300 UTC;;;;;;;;;;;;;;;;;;
2021/03/17;0400 UTC;;;;;;;;;;;;;;;;;;
2021/03/17;0500 UTC;;;;;;;;;;;;;;;;;;
2021/03/17;0600 UTC;;;;;;;;;;;;;;;;;;
2021/03/17;0700 UTC;;;;;;;;;;;;;;;;;;
2021/03/17;0800 UTC;;;;;;;;;;;;;;;;;;
2021/03/17;0900 UTC;;;;;;;;;;;;;;;;;;
2021/03/17;1000 UTC;;;;;;;;;;;;;;;;;;
2021/03/17;1100 UTC;;;;;;;;;;;;;;;;;;
2021/03/17;1200 UTC;;;;;;;;;;;;;;;;;;
2021/03/17;1300 UTC;;;;;;;;;;;;;;;;;;
2021/03/17;1400 UTC;;;;;;;;;;;;;;;;;;
2021/03/17;1500 UTC;;;;;;;;;;;;;;;;;;
2021/03/17;1600 UTC;;;;;;;;;;;;;;;;;;
2021/03/17;1700 UTC;;;;;;;;;;;;;;;;;;
2021/03/17;1800 UTC;;;;;;;;;;;;;;;;;;
2021/03/17;1900 UTC;;;;;;;;;;;;;;;;;;
2021/03/17;2000 UTC;;;;;;;;;;;;;;;;;;
2021/03/17;2100 UTC;;;;;;;;;;;;;;;;;;
2021/03/17;2200 UTC;;;;;;;;;;;;;;;;;;
2021/03/17;2300 UTC;;;;;;;;;;;;;;;;;;
2021/03/18;0000 UTC;;;;;;;;;;;;;;;;;;
2021/03/18;0100 UTC;;;;;;;;;;;;;;;;;;
2021/03/18;0200 UTC;;;;;;;;;;;;;;;;;;
2021/03/18;0300 UTC;;;;;;;;;;;;;;;;;;
2021/03/18;0400 UTC;;;;;;;;;;;;;;;;;;
2021/03/18;0500 UTC;;;;;;;;;;;;;;;;;;
2021/03/18;0600 UTC;;;;;;;;;;;;;;;;;;
2021/03/18;0700 UTC;;;;;;;;;;;;;;;;;;
2021/03/18;0800 UTC;;;;;;;;;;;;;;;;;;
2021/03/18;0900 UTC;;;;;;;;;;;;;;;;;;
2021/03/18;1000 UTC;;;;;;;;;;;;;;;;;;
2021/03/18;1100 UTC;;;;;;;;;;;;;;;;;;
2021/03/18;1200 UTC;;;;;;;;;;;;;;;;;;
2021/03/18;1300 UTC;;;;;;;;;;;;;;;;;;
2021/03/18;1400 UTC;;;;;;;;;;;;;;;;;;
2021/03/18;1500 UTC;;;;;;;;;;;;;;;;;;
2021/03/18;1600 UTC;;;;;;;;;;;;;;;;;;
2021/03/18;1700 UTC;;;;;;;;;;;;;;;;;;
2021/03/18;1800 UTC;;;;;;;;;;;;;;;;;;
2021/03/18;1900 UTC;;;;;;;;;;;;;;;;;;
2021/03/18;2000 UTC;;;;;;;;;;;;;;;;;;
2021/03/18;2100 UTC;;;;;;;;;;;;;;;;;;
2021/03/18;2200 UTC;;;;;;;;;;;;;;;;;;
2021/03/18;2300 UTC;;;;;;;;;;;;;;;;;;
2021/03/19;0000 UTC;;;;;;;;;;;;;;;;;;
2021/03/19;0100 UTC;;;;;;;;;;;;;;;;;;
2021/03/19;0200 UTC;;;;;;;;;;;;;;;;;;
2021/03/19;0300 UTC;;;;;;;;;;;;;;;;;;
2021/03/19;0400 UTC;;;;;;;;;;;;;;;;;;
2021/03/19;0500 UTC;;;;;;;;;;;;;;;;;;
2021/03/19;0600 UTC;;;;;;;;;;;;;;;;;;
2021/03/19;0700 UTC;;;;;;;;;;;;;;;;;;
2021/03/19;0800 UTC;;;;;;;;;;;;;;;;;;
2021/03/19;0900 UTC;;;;;;;;;;;;;;;;;;
2021/03/19;1000 UTC;;;;;;;;;;;;;;;;;;
2021/03/19;1100 UTC;;;;;;;;;;;;;;;;;;
2021/03/19;1200 UTC;;;;;;;;;;;;;;;;;;
2021/03/19;1300 UTC;;;;;;;;;;;;;;;;;;
2021/03/19;1400 UTC;;;;;;;;;;;;;;;;;;
2021/03/19;1500 UTC;;;;;;;;;;;;;;;;;;
2021/03/19;1600 UTC;;;;;;;;;;;;;;;;;;
2021/03/19;1700 UTC;;;;;;;;;;;;;;;;;;
2021/03/19;1800 UTC;;;;;;;;;;;;;;;;;;
2021/03/19;1900 UTC;;;;;;;;;;;;;;;;;;
2021/03/19;2000 UTC;;;;;;;;;;;;;;;;;;
2021/03/19;2100 UTC;;;;;;;;;;;;;;;;;;
2021/03/19;2200 UTC;;;;;;;;;;;;;;;;;;
2021/03/19;2300 UTC;;;;;;;;;;;;;;;;;;
2021/03/20;0000 UTC;;;;;;;;;;;;;;;;;;
2021/03/20;0100 UTC;;;;;;;;;;;;;;;;;;
2021/03/20;0200 UTC;;;;;;;;;;;;;;;;;;
2021/03/20;0300 UTC;;;;;;;;;;;;;;;;;;
2021/03/20;0400 UTC;;;;;;;;;;;;;;;;;;
2021/03/20;0500 UTC;;;;;;;;;;;;;;;;;;
2021/03/20;0600 UTC;;;;;;;;;;;;;;;;;;
2021/03/20;0700 UTC;;;;;;;;;;;;;;;;;;
2021/03/20;0800 UTC;;;;;;;;;;;;;;;;;;
2021/03/20;0900 UTC;;;;;;;;;;;;;;;;;;
2021/03/20;1000 UTC;;;;;;;;;;;;;;;;;;
2021/03/20;1100 UTC;;;;;;;;;;;;;;;;;;
2021/03/20;1200 UTC;;;;;;;;;;;;;;;;;;
2021/03/20;1300 UTC;;;;;;;;;;;;;;;;;;
2021/03/20;1400 UTC;;;;;;;;;;;;;;;;;;
2021/03/20;1500 UTC;;;;;;;;;;;;;;;;;;
2021/03/20;1600 UTC;;;;;;;;;;;;;;;;;;
2021/03/20;1700 UTC;;;;;;;;;;;;;;;;;;
2021/03/20;1800 UTC;;;;;;;;;;;;;;;;;;
2021/03/20;1900 UTC;;;;;;;;;;;;;;;;;;
2021/03/20;2000 UTC;;;;;;;;;;;;;;;;;;
2021/03/20;2100 UTC;;;;;;;;;;;;;;;;;;
2021/03/20;2200 UTC;;;;;;;;;;;;;;;;;;
2021/03/20;2300 UTC;;;;;;;;;;;;;;;;;;
2021/03/21;0000 UTC;;;;;;;;;;;;;;;;;;
2021/03/21;0100 UTC;;;;;;;;;;;;;;;;;;
2021/03/21;0200 UTC;;;;;;;;;;;;;;;;;;
2021/03/21;0300 UTC;;;;;;;;;;;;;;;;;;
2021/03/21;0400 UTC;;;;;;;;;;;;;;;;;;
2021/03/21;0500 UTC;;;;;;;;;;;;;;;;;;
2021/03/21;0600 UTC;;;;;;;;;;;;;;;;;;
2021/03/21;0700 UTC;;;;;;;;;;;;;;;;;;
2021/03/21;0800 UTC;;;;;;;;;;;;;;;;;;
2021/03/21;0900 UTC;;;;;;;;;;;;;;;;;;
2021/03/21;1000 UTC;;;;;;;;;;;;;;;;;;
2021/03/21;1100 UTC;;;;;;;;;;;;;;;;;;
2021/03/21;1200 UTC;;;;;;;;;;;;;;;;;;
2021/03/21;1300 UTC;;;;;;;;;;;;;;;;;;
2021/03/21;1400 UTC;;;;;;;;;;;;;;;;;;
2021/03/21;1500 UTC;;;;;;;;;;;;;;;;;;
2021/03/21;1600 UTC;;;;;;;;;;;;;;;;;;
2021/03/21;1700 UTC;;;;;;;;;;;;;;;;;;
2021/03/21;1800 UTC;;;;;;;;;;;;;;;;;;
2021/03/21;1900 UTC;;;;;;;;;;;;;;;;;;
2021/03/21;2000 UTC;;;;;;;;;;;;;;;;;;
2021/03/21;2100 UTC;;;;;;;;;;;;;;;;;;
2021/03/21;2200 UTC;;;;;;;;;;;;;;;;;;
2021/03/21;2300 UTC;;;;;;;;;;;;;;;;;;
2021/03/22;0000 UTC;;;;;;;;;;;;;;;;;;
2021/03/22;0100 UTC;;;;;;;;;;;;;;;;;;
2021/03/22;0200 UTC;;;;;;;;;;;;;;;;;;
2021/03/22;0300 UTC;;;;;;;;;;;;;;;;;;
2021/03/22;0400 UTC;;;;;;;;;;;;;;;;;;
2021/03/22;0500 UTC;;;;;;;;;;;;;;;;;;
2021/03/22;0600 UTC;;;;;;;;;;;;;;;;;;
2021/03/22;0700 UTC;;;;;;;;;;;;;;;;;;
2021/03/22;0800 UTC;;;;;;;;;;;;;;;;;;
2021/03/22;0900 UTC;;;;;;;;;;;;;;;;;;
2021/03/22;1000 UTC;;;;;;;;;;;;;;;;;;
2021/03/22;1100 UTC;;;;;;;;;;;;;;;;;;
2021/03/22;1200 UTC;;;;;;;;;;;;;;;;;;
2021/03/22;1300 UTC;;;;;;;;;;;;;;;;;;
2021/03/22;1400 UTC;;;;;;;;;;;;;;;;;;
2021/03/22;1500 UTC;;;;;;;;;;;;;;;;;;
2021/03/22;1600 UTC;;;;;;;;;;;;;;;;;;
2021/03/22;1700 UTC;;;;;;;;;;;;;;;;;;
2021/03/22;1800 UTC;;;;;;;;;;;;;;;;;;
2021/03/22;1900 UTC;;;;;;;;;;;;;;;;;;
2021/03/22;2000 UTC;;;;;;;;;;;;;;;;;;
2021/03/22;2100 UTC;;;;;;;;;;;;;;;;;;
2021/03/22;2200 UTC;;;;;;;;;;;;;;;;;;
2021/03/22;2300 UTC;;;;;;;;;;;;;;;;;;
2021/03/23;0000 UTC;;;;;;;;;;;;;;;;;;
2021/03/23;0100 UTC;;;;;;;;;;;;;;;;;;
2021/03/23;0200 UTC;;;;;;;;;;;;;;;;;;
2021/03/23;0300 UTC;;;;;;;;;;;;;;;;;;
2021/03/23;0400 UTC;;;;;;;;;;;;;;;;;;
2021/03/23;0500 UTC;;;;;;;;;;;;;;;;;;
2021/03/23;0600 UTC;;;;;;;;;;;;;;;;;;
2021/03/23;0700 UTC;;;;;;;;;;;;;;;;;;
2021/03/23;0800 UTC;;;;;;;;;;;;;;;;;;
2021/03/23;0900 UTC;;;;;;;;;;;;;;;;;;
2021/03/23;1000 UTC;;;;;;;;;;;;;;;;;;
2021/03/23;1100 UTC;;;;;;;;;;;;;;;;;;
2021/03/23;1200 UTC;;;;;;;;;;;;;;;;;;
2021/03/23;1300 UTC;;;;;;;;;;;;;;;;;;
2021/03/23;1400 UTC;;;;;;;;;;;;;;;;;;
2021/03/23;1500 UTC;;;;;;;;;;;;;;;;;;
2021/03/23;1600 UTC;;;;;;;;;;;;;;;;;;
2021/03/23;1700 UTC;;;;;;;;;;;;;;;;;;
2021/03/23;1800 UTC;;;;;;;;;;;;;;;;;;
2021/03/23;1900 UTC;;;;;;;;;;;;;;;;;;
2021/03/23;2000 UTC;;;;;;;;;;;;;;;;;;
2021/03/23;2100 UTC;;;;;;;;;;;;;;;;;;
2021/03/23;2200 UTC;;;;;;;;;;;;;;;;;;
2021/03/23;2300 UTC;;;;;;;;;;;;;;;;;;
2021/03/24;0000 UTC;;;;;;;;;;;;;;;;;;
2021/03/24;0100 UTC;;;;;;;;;;;;;;;;;;
2021/03/24;0200 UTC;;;;;;;;;;;;;;;;;;
2021/03/24;0300 UTC;;;;;;;;;;;;;;;;;;
2021/03/24;0400 UTC;;;;;;;;;;;;;;;;;;
2021/03/24;0500 UTC;;;;;;;;;;;;;;;;;;
2021/03/24;0600 UTC;;;;;;;;;;;;;;;;;;
2021/03/24;0700 UTC;;;;;;;;;;;;;;;;;;
2021/03/24;0800 UTC;;;;;;;;;;;;;;;;;;
2021/03/24;0900 UTC;;;;;;;;;;;;;;;;;;
2021/03/24;1000 UTC;;;;;;;;;;;;;;;;;;
2021/03/24;1100 UTC;;;;;;;;;;;;;;;;;;
2021/03/24;1200 UTC;;;;;;;;;;;;;;;;;;
2021/03/24;1300 UTC;;;;;;;;;;;;;;;;;;
2021/03/24;1400 UTC;;;;;;;;;;;;;;;;;;
2021/03/24;1500 UTC;;;;;;;;;;;;;;;;;;
2021/03/24;1600 UTC;;;;;;;;;;;;;;;;;;
2021/03/24;1700 UTC;;;;;;;;;;;;;;;;;;
2021/03/24;1800 UTC;;;;;;;;;;;;;;;;;;
2021/03/24;1900 UTC;;;;;;;;;;;;;;;;;;
2021/03/24;2000 UTC;;;;;;;;;;;;;;;;;;
2021/03/24;2100 UTC;;;;;;;;;;;;;;;;;;
2021/03/24;2200 UTC;;;;;;;;;;;;;;;;;;
2021/03/24;2300 UTC;;;;;;;;;;;;;;;;;;
2021/03/25;0000 UTC;;;;;;;;;;;;;;;;;;
2021/03/25;0100 UTC;;;;;;;;;;;;;;;;;;
2021/03/25;0200 UTC;;;;;;;;;;;;;;;;;;
2021/03/25;0300 UTC;;;;;;;;;;;;;;;;;;
2021/03/25;0400 UTC;;;;;;;;;;;;;;;;;;
2021/03/25;0500 UTC;;;;;;;;;;;;;;;;;;
2021/03/25;0600 UTC;;;;;;;;;;;;;;;;;;
2021/03/25;0700 UTC;;;;;;;;;;;;;;;;;;
2021/03/25;0800 UTC;;;;;;;;;;;;;;;;;;
2021/03/25;0900 UTC;;;;;;;;;;;;;;;;;;
2021/03/25;1000 UTC;;;;;;;;;;;;;;;;;;
2021/03/25;1100 UTC;;;;;;;;;;;;;;;;;;
2021/03/25;1200 UTC;;;;;;;;;;;;;;;;;;
2021/03/25;1300 UTC;;;;;;;;;;;;;;;;;;
2021/03/25;1400 UTC;;;;;;;;;;;;;;;;;;
2021/03/25;1500 UTC;;;;;;;;;;;;;;;;;;
2021/03/25;1600 UTC;;;;;;;;;;;;;;;;;;
2021/03/25;1700 UTC;;;;;;;;;;;;;;;;;;
2021/03/25;1800 UTC;;;;;;;;;;;;;;;;;;
2021/03/25;1900 UTC;;;;;;;;;;;;;;;;;;
2021/03/25;2000 UTC;;;;;;;;;;;;;;;;;;
2021/03/25;2100 UTC;;;;;;;;;;;;;;;;;;
2021/03/25;2200 UTC;;;;;;;;;;;;;;;;;;
2021/03/25;2300 UTC;;;;;;;;;;;;;;;;;;
2021/03/26;0000 UTC;;;;;;;;;;;;;;;;;;
2021/03/26;0100 UTC;;;;;;;;;;;;;;;;;;
2021/03/26;0200 UTC;;;;;;;;;;;;;;;;;;
2021/03/26;0300 UTC;;;;;;;;;;;;;;;;;;
2021/03/26;0400 UTC;;;;;;;;;;;;;;;;;;
2021/03/26;0500 UTC;;;;;;;;;;;;;;;;;;
2021/03/26;0600 UTC;;;;;;;;;;;;;;;;;;
2021/03/26;0700 UTC;;;;;;;;;;;;;;;;;;
2021/03/26;0800 UTC;;;;;;;;;;;;;;;;;;
2021/03/26;0900 UTC;;;;;;;;;;;;;;;;;;
2021/03/26;1000 UTC;;;;;;;;;;;;;;;;;;
2021/03/26;1100 UTC;;;;;;;;;;;;;;;;;;
2021/03/26;1200 UTC;;;;;;;;;;;;;;;;;;
2021/03/26;1300 UTC;;;;;;;;;;;;;;;;;;
2021/03/26;1400 UTC;;;;;;;;;;;;;;;;;;
2021/03/26;1500 UTC;;;;;;;;;;;;;;;;;;
2021/03/26;1600 UTC;;;;;;;;;;;;;;;;;;
2021/03/26;1700 UTC;;;;;;;;;;;;;;;;;;
2021/03/26;1800 UTC;;;;;;;;;;;;;;;;;;
2021/03/26;1900 UTC;;;;;;;;;;;;;;;;;;
2021/03/26;2000 UTC;;;;;;;;;;;;;;;;;;
2021/03/26;2100 UTC;;;;;;;;;;;;;;;;;;
2021/03/26;2200 UTC;;;;;;;;;;;;;;;;;;
2021/03/26;2300 UTC;;;;;;;;;;;;;;;;;;
2021/03/27;0000 UTC;;;;;;;;;;;;;;;;;;
2021/03/27;0100 UTC;;;;;;;;;;;;;;;;;;
2021/03/27;0200 UTC;;;;;;;;;;;;;;;;;;
2021/03/27;0300 UTC;;;;;;;;;;;;;;;;;;
2021/03/27;0400 UTC;;;;;;;;;;;;;;;;;;
2021/03/27;0500 UTC;;;;;;;;;;;;;;;;;;
2021/03/27;0600 UTC;;;;;;;;;;;;;;;;;;
2021/03/27;0700 UTC;;;;;;;;;;;;;;;;;;
2021/03/27;0800 UTC;;;;;;;;;;;;;;;;;;
2021/03/27;0900 UTC;;;;;;;;;;;;;;;;;;
2021/03/27;1000 UTC;;;;;;;;;;;;;;;;;;
2021/03/27;1100 UTC;;;;;;;;;;;;;;;;;;
2021/03/27;1200 UTC;;;;;;;;;;;;;;;;;;
2021/03/27;1300 UTC;;;;;;;;;;;;;;;;;;
2021/03/27;1400 UTC;;;;;;;;;;;;;;;;;;
2021/03/27;1500 UTC;;;;;;;;;;;;;;;;;;
2021/03/27;1600 UTC;;;;;;;;;;;;;;;;;;
2021/03/27;1700 UTC;;;;;;;;;;;;;;;;;;
2021/03/27;1800 UTC;;;;;;;;;;;;;;;;;;
2021/03/27;1900 UTC;;;;;;;;;;;;;;;;;;
2021/03/27;2000 UTC;;;;;;;;;;;;;;;;;;
2021/03/27;2100 UTC;;;;;;;;;;;;;;;;;;
2021/03/27;2200 UTC;;;;;;;;;;;;;;;;;;
2021/03/27;2300 UTC;;;;;;;;;;;;;;;;;;
2021/03/28;0000 UTC;;;;;;;;;;;;;;;;;;
2021/03/28;0100 UTC;;;;;;;;;;;;;;;;;;
2021/03/28;0200 UTC;;;;;;;;;;;;;;;;;;
2021/03/28;0300 UTC;;;;;;;;;;;;;;;;;;
2021/03/28;0400 UTC;;;;;;;;;;;;;;;;;;
2021/03/28;0500 UTC;;;;;;;;;;;;;;;;;;
2021/03/28;0600 UTC;;;;;;;;;;;;;;;;;;
2021/03/28;0700 UTC;;;;;;;;;;;;;;;;;;
2021/03/28;0800 UTC;;;;;;;;;;;;;;;;;;
2021/03/28;0900 UTC;;;;;;;;;;;;;;;;;;
2021/03/28;1000 UTC;;;;;;;;;;;;;;;;;;
2021/03/28;1100 UTC;;;;;;;;;;;;;;;;;;
2021/03/28;1200 UTC;;;;;;;;;;;;;;;;;;
2021/03/28;1300 UTC;;;;;;;;;;;;;;;;;;
2021/03/28;1400 UTC;;;;;;;;;;;;;;;;;;
2021/03/28;1500 UTC;;;;;;;;;;;;;;;;;;
2021/03/28;1600 UTC;;;;;;;;;;;;;;;;;;
2021/03/28;1700 UTC;;;;;;;;;;;;;;;;;;
2021/03/28;1800 UTC;;;;;;;;;;;;;;;;;;
2021/03/28;1900 UTC;;;;;;;;;;;;;;;;;;
2021/03/28;2000 UTC;;;;;;;;;;;;;;;;;;
2021/03/28;2100 UTC;;;;;;;;;;;;;;;;;;
2021/03/28;2200 UTC;;;;;;;;;;;;;;;;;;
2021/03/28;2300 UTC;;;;;;;;;;;;;;;;;;
2021/03/29;0000 UTC;;;;;;;;;;;;;;;;;;
2021/03/29;0100 UTC;;;;;;;;;;;;;;;;;;
2021/03/29;0200 UTC;;;;;;;;;;;;;;;;;;
2021/03/29;0300 UTC;;;;;;;;;;;;;;;;;;
2021/03/29;0400 UTC;;;;;;;;;;;;;;;;;;
2021/03/29;0500 UTC;;;;;;;;;;;;;;;;;;
2021/03/29;0600 UTC;;;;;;;;;;;;;;;;;;
2021/03/29;0700 UTC;;;;;;;;;;;;;;;;;;
2021/03/29;0800 UTC;;;;;;;;;;;;;;;;;;
2021/03/29;0900 UTC;;;;;;;;;;;;;;;;;;
2021/03/29;1000 UTC;;;;;;;;;;;;;;;;;;
2021/03/29;1100 UTC;;;;;;;;;;;;;;;;;;
2021/03/29;1200 UTC;;;;;;;;;;;;;;;;;;
2021/03/29;1300 UTC;;;;;;;;;;;;;;;;;;
2021/03/29;1400 UTC;;;;;;;;;;;;;;;;;;
2021/03/29;1500 UTC;;;;;;;;;;;;;;;;;;
2021/03/29;1600 UTC;;;;;;;;;;;;;;;;;;
2021/03/29;1700 UTC;;;;;;;;;;;;;;;;;;
2021/03/29;1800 UTC;;;;;;;;;;;;;;;;;;
2021/03/29;1900 UTC;;;;;;;;;;;;;;;;;;
2021/03/29;2000 UTC;;;;;;;;;;;;;;;;;;
2021/03/29;2100 UTC;;;;;;;;;;;;;;;;;;
2021/03/29;2200 UTC;;;;;;;;;;;;;;;;;;
2021/03/29;2300 UTC;;;;;;;;;;;;;;;;;;
2021/03/30;0000 UTC;;;;;;;;;;;;;;;;;;
2021/03/30;0100 UTC;;;;;;;;;;;;;;;;;;
2021/03/30;0200 UTC;;;;;;;;;;;;;;;;;;
2021/03/30;0300 UTC;;;;;;;;;;;;;;;;;;
2021/03/30;0400 UTC;;;;;;;;;;;;;;;;;;
2021/03/30;0500 UTC;;;;;;;;;;;;;;;;;;
2021/03/30;0600 UTC;;;;;;;;;;;;;;;;;;
2021/03/30;0700 UTC;;;;;;;;;;;;;;;;;;
2021/03/30;0800 UTC;;;;;;;;;;;;;;;;;;
2021/03/30;0900 UTC;;;;;;;;;;;;;;;;;;
2021/03/30;1000 UTC;;;;;;;;;;;;;;;;;;
2021/03/30;1100 UTC;;;;;;;;;;;;;;;;;;
2021/03/30;1200 UTC;;;;;;;;;;;;;;;;;;
2021/03/30;1300 UTC;;;;;;;;;;;;;;;;;;
2021/03/30;1400 UTC;;;;;;;;;;;;;;;;;;
2021/03/30;1500 UTC;;;;;;;;;;;;;;;;;;
2021/03/30;1600 UTC;;;;;;;;;;;;;;;;;;
2021/03/30;1700 UTC;;;;;;;;;;;;;;;;;;
2021/03/30;1800 UTC;;;;;;;;;;;;;;;;;;
2021/03/30;1900 UTC;;;;;;;;;;;;;;;;;;
2021/03/30;2000 UTC;;;;;;;;;;;;;;;;;;
2021/03/30;2100 UTC;;;;;;;;;;;;;;;;;;
2021/03/30;2200 UTC;;;;;;;;;;;;;;;;;;
2021/03/30;2300 UTC;;;;;;;;;;;;;;;;;;
2021/03/31;0000 UTC;;;;;;;;;;;;;;;;;;
2021/03/31;0100 UTC;;;;;;;;;;;;;;;;;;
2021/03/31;0200 UTC;;;;;;;;;;;;;;;;;;
2021/03/31;0300 UTC;;;;;;;;;;;;;;;;;;
2021/03/31;0400 UTC;;;;;;;;;;;;;;;;;;
2021/03/31;0500 UTC;;;;;;;;;;;;;;;;;;
2021/03/31;0600 UTC;;;;;;;;;;;;;;;;;;
2021/03/31;0700 UTC;;;;;;;;;;;;;;;;;;
2021/03/31;0800 UTC;;;;;;;;;;;;;;;;;;
2021/03/31;0900 UTC;;;;;;;;;;;;;;;;;;
2021/03/31;1000 UTC;;;;;;;;;;;;;;;;;;
2021/03/31;1100 UTC;;;;;;;;;;;;;;;;;;
2021/03/31;1200 UTC;;;;;;;;;;;;;;;;;;
2021/03/31;1300 UTC;;;;;;;;;;;;;;;;;;
2021/03/31;1400 UTC;;;;;;;;;;;;;;;;;;
2021/03/31;1500 UTC;;;;;;;;;;;;;;;;;;
2021/03/31;1600 UTC;;;;;;;;;;;;;;;;;;
2021/03/31;1700 UTC;;;;;;;;;;;;;;;;;;
2021/03/31;1800 UTC;;;;;;;;;;;;;;;;;;
2021/03/31;1900 UTC;;;;;;;;;;;;;;;;;;
2021/03/31;2000 UTC;;;;;;;;;;;;;;;;;;
2021/03/31;2100 UTC;;;;;;;;;;;;;;;;;;
2021/03/31;2200 UTC;;;;;;;;;;;;;;;;;;
2021/03/31;2300 UTC;;;;;;;;;;;;;;;;;;
2021/04/01;0000 UTC;;;;;;;;;;;;;;;;;;
2021/04/01;0100 UTC;;;;;;;;;;;;;;;;;;
2021/04/01;0200 UTC;;;;;;;;;;;;;;;;;;
2021/04/01;0300 UTC;;;;;;;;;;;;;;;;;;
2021/04/01;0400 UTC;;;;;;;;;;;;;;;;;;
2021/04/01;0500 UTC;;;;;;;;;;;;;;;;;;
2021/04/01;0600 UTC;;;;;;;;;;;;;;;;;;
2021/04/01;0700 UTC;;;;;;;;;;;;;;;;;;
2021/04/01;0800 UTC;;;;;;;;;;;;;;;;;;
2021/04/01;0900 UTC;;;;;;;;;;;;;;;;;;
2021/04/01;1000 UTC;;;;;;;;;;;;;;;;;;
2021/04/01;1100 UTC;;;;;;;;;;;;;;;;;;
2021/04/01;1200 UTC;;;;;;;;;;;;;;;;;;
2021/04/01;1300 UTC;;;;;;;;;;;;;;;;;;
2021/04/01;1400 UTC;;;;;;;;;;;;;;;;;;
2021/04/01;1500 UTC;;;;;;;;;;;;;;;;;;
2021/04/01;1600 UTC;;;;;;;;;;;;;;;;;;
2021/04/01;1700 UTC;;;;;;;;;;;;;;;;;;
2021/04/01;1800 UTC;;;;;;;;;;;;;;;;;;
2021/04/01;1900 UTC;;;;;;;;;;;;;;;;;;
2021/04/01;2000 UTC;;;;;;;;;;;;;;;;;;
2021/04/01;2100 UTC;;;;;;;;;;;;;;;;;;
2021/04/01;2200 UTC;;;;;;;;;;;;;;;;;;
2021/04/01;2300 UTC;;;;;;;;;;;;;;;;;;
2021/04/02;0000 UTC;;;;;;;;;;;;;;;;;;
2021/04/02;0100 UTC;;;;;;;;;;;;;;;;;;
2021/04/02;0200 UTC;;;;;;;;;;;;;;;;;;
2021/04/02;0300 UTC;;;;;;;;;;;;;;;;;;
2021/04/02;0400 UTC;;;;;;;;;;;;;;;;;;
2021/04/02;0500 UTC;;;;;;;;;;;;;;;;;;
2021/04/02;0600 UTC;;;;;;;;;;;;;;;;;;
2021/04/02;0700 UTC;;;;;;;;;;;;;;;;;;
2021/04/02;0800 UTC;;;;;;;;;;;;;;;;;;
2021/04/02;0900 UTC;;;;;;;;;;;;;;;;;;
2021/04/02;1000 UTC;;;;;;;;;;;;;;;;;;
2021/04/02;1100 UTC;;;;;;;;;;;;;;;;;;
2021/04/02;1200 UTC;;;;;;;;;;;;;;;;;;
2021/04/02;1300 UTC;;;;;;;;;;;;;;;;;;
2021/04/02;1400 UTC;;;;;;;;;;;;;;;;;;
2021/04/02;1500 UTC;;;;;;;;;;;;;;;;;;
2021/04/02;1600 UTC;;;;;;;;;;;;;;;;;;
2021/04/02;1700 UTC;;;;;;;;;;;;;;;;;;
2021/04/02;1800 UTC;;;;;;;;;;;;;;;;;;
2021/04/02;1900 UTC;;;;;;;;;;;;;;;;;;
2021/04/02;2000 UTC;;;;;;;;;;;;;;;;;;
2021/04/02;2100 UTC;;;;;;;;;;;;;;;;;;
2021/04/02;2200 UTC;;;;;;;;;;;;;;;;;;
2021/04/02;2300 UTC;;;;;;;;;;;;;;;;;;
2021/04/03;0000 UTC;;;;;;;;;;;;;;;;;;
2021/04/03;0100 UTC;;;;;;;;;;;;;;;;;;
2021/04/03;0200 UTC;;;;;;;;;;;;;;;;;;
2021/04/03;0300 UTC;;;;;;;;;;;;;;;;;;
2021/04/03;0400 UTC;;;;;;;;;;;;;;;;;;
2021/04/03;0500 UTC;;;;;;;;;;;;;;;;;;
2021/04/03;0600 UTC;;;;;;;;;;;;;;;;;;
2021/04/03;0700 UTC;;;;;;;;;;;;;;;;;;
2021/04/03;0800 UTC;;;;;;;;;;;;;;;;;;
2021/04/03;0900 UTC;;;;;;;;;;;;;;;;;;
2021/04/03;1000 UTC;;;;;;;;;;;;;;;;;;
2021/04/03;1100 UTC;;;;;;;;;;;;;;;;;;
2021/04/03;1200 UTC;;;;;;;;;;;;;;;;;;
2021/04/03;1300 UTC;;;;;;;;;;;;;;;;;;
2021/04/03;1400 UTC;;;;;;;;;;;;;;;;;;
2021/04/03;1500 UTC;;;;;;;;;;;;;;;;;;
2021/04/03;1600 UTC;;;;;;;;;;;;;;;;;;
2021/04/03;1700 UTC;;;;;;;;;;;;;;;;;;
2021/04/03;1800 UTC;;;;;;;;;;;;;;;;;;
2021/04/03;1900 UTC;;;;;;;;;;;;;;;;;;
2021/04/03;2000 UTC;;;;;;;;;;;;;;;;;;
2021/04/03;2100 UTC;;;;;;;;;;;;;;;;;;
2021/04/03;2200 UTC;;;;;;;;;;;;;;;;;;
2021/04/03;2300 UTC;;;;;;;;;;;;;;;;;;
2021/04/04;0000 UTC;;;;;;;;;;;;;;;;;;
2021/04/04;0100 UTC;;;;;;;;;;;;;;;;;;
2021/04/04;0200 UTC;;;;;;;;;;;;;;;;;;
2021/04/04;0300 UTC;;;;;;;;;;;;;;;;;;
2021/04/04;0400 UTC;;;;;;;;;;;;;;;;;;
2021/04/04;0500 UTC;;;;;;;;;;;;;;;;;;
2021/04/04;0600 UTC;;;;;;;;;;;;;;;;;;
2021/04/04;0700 UTC;;;;;;;;;;;;;;;;;;
2021/04/04;0800 UTC;;;;;;;;;;;;;;;;;;
2021/04/04;0900 UTC;;;;;;;;;;;;;;;;;;
2021/04/04;1000 UTC;;;;;;;;;;;;;;;;;;
2021/04/04;1100 UTC;;;;;;;;;;;;;;;;;;
2021/04/04;1200 UTC;;;;;;;;;;;;;;;;;;
2021/04/04;1300 UTC;;;;;;;;;;;;;;;;;;
2021/04/04;1400 UTC;;;;;;;;;;;;;;;;;;
2021/04/04;1500 UTC;;;;;;;;;;;;;;;;;;
2021/04/04;1600 UTC;;;;;;;;;;;;;;;;;;
2021/04/04;1700 UTC;;;;;;;;;;;;;;;;;;
2021/04/04;1800 UTC;;;;;;;;;;;;;;;;;;
2021/04/04;1900 UTC;;;;;;;;;;;;;;;;;;
2021/04/04;2000 UTC;;;;;;;;;;;;;;;;;;
2021/04/04;2100 UTC;;;;;;;;;;;;;;;;;;
2021/04/04;2200 UTC;;;;;;;;;;;;;;;;;;
2021/04/04;2300 UTC;;;;;;;;;;;;;;;;;;
2021/04/05;0000 UTC;;;;;;;;;;;;;;;;;;
2021/04/05;0100 UTC;;;;;;;;;;;;;;;;;;
2021/04/05;0200 UTC;;;;;;;;;;;;;;;;;;
2021/04/05;0300 UTC;;;;;;;;;;;;;;;;;;
2021/04/05;0400 UTC;;;;;;;;;;;;;;;;;;
2021/04/05;0500 UTC;;;;;;;;;;;;;;;;;;
2021/04/05;0600 UTC;;;;;;;;;;;;;;;;;;
2021/04/05;0700 UTC;;;;;;;;;;;;;;;;;;
2021/04/05;0800 UTC;;;;;;;;;;;;;;;;;;
2021/04/05;0900 UTC;;;;;;;;;;;;;;;;;;
2021/04/05;1000 UTC;;;;;;;;;;;;;;;;;;
2021/04/05;1100 UTC;;;;;;;;;;;;;;;;;;
2021/04/05;1200 UTC;;;;;;;;;;;;;;;;;;
2021/04/05;1300 UTC;;;;;;;;;;;;;;;;;;
2021/04/05;1400 UTC;;;;;;;;;;;;;;;;;;
2021/04/05;1500 UTC;;;;;;;;;;;;;;;;;;
2021/04/05;1600 UTC;;;;;;;;;;;;;;;;;;
2021/04/05;1700 UTC;;;;;;;;;;;;;;;;;;
2021/04/05;1800 UTC;;;;;;;;;;;;;;;;;;
2021/04/05;1900 UTC;;;;;;;;;;;;;;;;;;
2021/04/05;2000 UTC;;;;;;;;;;;;;;;;;;
2021/04/05;2100 UTC;;;;;;;;;;;;;;;;;;
2021/04/05;2200 UTC;;;;;;;;;;;;;;;;;;
2021/04/05;2300 UTC;;;;;;;;;;;;;;;;;;
2021/04/06;0000 UTC;;;;;;;;;;;;;;;;;;
2021/04/06;0100 UTC;;;;;;;;;;;;;;;;;;
2021/04/06;0200 UTC;;;;;;;;;;;;;;;;;;
2021/04/06;0300 UTC;;;;;;;;;;;;;;;;;;
2021/04/06;0400 UTC;;;;;;;;;;;;;;;;;;
2021/04/06;0500 UTC;;;;;;;;;;;;;;;;;;
2021/04/06;0600 UTC;;;;;;;;;;;;;;;;;;
2021/04/06;0700 UTC;;;;;;;;;;;;;;;;;;
2021/04/06;0800 UTC;;;;;;;;;;;;;;;;;;
2021/04/06;0900 UTC;;;;;;;;;;;;;;;;;;
2021/04/06;1000 UTC;;;;;;;;;;;;;;;;;;
2021/04/06;1100 UTC;;;;;;;;;;;;;;;;;;
2021/04/06;1200 UTC;;;;;;;;;;;;;;;;;;
2021/04/06;1300 UTC;;;;;;;;;;;;;;;;;;
2021/04/06;1400 UTC;;;;;;;;;;;;;;;;;;
2021/04/06;1500 UTC;;;;;;;;;;;;;;;;;;
2021/04/06;1600 UTC;;;;;;;;;;;;;;;;;;
2021/04/06;1700 UTC;;;;;;;;;;;;;;;;;;
2021/04/06;1800 UTC;;;;;;;;;;;;;;;;;;
2021/04/06;1900 UTC;;;;;;;;;;;;;;;;;;
2021/04/06;2000 UTC;;;;;;;;;;;;;;;;;;
2021/04/06;2100 UTC;;;;;;;;;;;;;;;;;;
2021/04/06;2200 UTC;;;;;;;;;;;;;;;;;;
2021/04/06;2300 UTC;;;;;;;;;;;;;;;;;;
2021/04/07;0000 UTC;;;;;;;;;;;;;;;;;;
2021/04/07;0100 UTC;;;;;;;;;;;;;;;;;;
2021/04/07;0200 UTC;;;;;;;;;;;;;;;;;;
2021/04/07;0300 UTC;;;;;;;;;;;;;;;;;;
2021/04/07;0400 UTC;;;;;;;;;;;;;;;;;;
2021/04/07;0500 UTC;;;;;;;;;;;;;;;;;;
2021/04/07;0600 UTC;;;;;;;;;;;;;;;;;;
2021/04/07;0700 UTC;;;;;;;;;;;;;;;;;;
2021/04/07;0800 UTC;;;;;;;;;;;;;;;;;;
2021/04/07;0900 UTC;;;;;;;;;;;;;;;;;;
2021/04/07;1000 UTC;;;;;;;;;;;;;;;;;;
2021/04/07;1100 UTC;;;;;;;;;;;;;;;;;;
2021/04/07;1200 UTC;;;;;;;;;;;;;;;;;;
2021/04/07;1300 UTC;;;;;;;;;;;;;;;;;;
2021/04/07;1400 UTC;;;;;;;;;;;;;;;;;;
2021/04/07;1500 UTC;;;;;;;;;;;;;;;;;;
2021/04/07;1600 UTC;;;;;;;;;;;;;;;;;;
2021/04/07;1700 UTC;;;;;;;;;;;;;;;;;;
2021/04/07;1800 UTC;;;;;;;;;;;;;;;;;;
2021/04/07;1900 UTC;;;;;;;;;;;;;;;;;;
2021/04/07;2000 UTC;;;;;;;;;;;;;;;;;;
2021/04/07;2100 UTC;;;;;;;;;;;;;;;;;;
2021/04/07;2200 UTC;;;;;;;;;;;;;;;;;;
2021/04/07;2300 UTC;;;;;;;;;;;;;;;;;;
2021/04/08;0000 UTC;;;;;;;;;;;;;;;;;;
2021/04/08;0100 UTC;;;;;;;;;;;;;;;;;;
2021/04/08;0200 UTC;;;;;;;;;;;;;;;;;;
2021/04/08;0300 UTC;;;;;;;;;;;;;;;;;;
2021/04/08;0400 UTC;;;;;;;;;;;;;;;;;;
2021/04/08;0500 UTC;;;;;;;;;;;;;;;;;;
2021/04/08;0600 UTC;;;;;;;;;;;;;;;;;;
2021/04/08;0700 UTC;;;;;;;;;;;;;;;;;;
2021/04/08;0800 UTC;;;;;;;;;;;;;;;;;;
2021/04/08;0900 UTC;;;;;;;;;;;;;;;;;;
2021/04/08;1000 UTC;;;;;;;;;;;;;;;;;;
2021/04/08;1100 UTC;;;;;;;;;;;;;;;;;;
2021/04/08;1200 UTC;;;;;;;;;;;;;;;;;;
2021/04/08;1300 UTC;;;;;;;;;;;;;;;;;;
2021/04/08;1400 UTC;;;;;;;;;;;;;;;;;;
2021/04/08;1500 UTC;;;;;;;;;;;;;;;;;;
2021/04/08;1600 UTC;;;;;;;;;;;;;;;;;;
2021/04/08;1700 UTC;;;;;;;;;;;;;;;;;;
2021/04/08;1800 UTC;;;;;;;;;;;;;;;;;;
2021/04/08;1900 UTC;;;;;;;;;;;;;;;;;;
2021/04/08;2000 UTC;;;;;;;;;;;;;;;;;;
2021/04/08;2100 UTC;;;;;;;;;;;;;;;;;;
2021/04/08;2200 UTC;;;;;;;;;;;;;;;;;;
2021/04/08;2300 UTC;;;;;;;;;;;;;;;;;;
2021/04/09;0000 UTC;;;;;;;;;;;;;;;;;;
2021/04/09;0100 UTC;;;;;;;;;;;;;;;;;;
2021/04/09;0200 UTC;;;;;;;;;;;;;;;;;;
2021/04/09;0300 UTC;;;;;;;;;;;;;;;;;;
2021/04/09;0400 UTC;;;;;;;;;;;;;;;;;;
2021/04/09;0500 UTC;;;;;;;;;;;;;;;;;;
2021/04/09;0600 UTC;;;;;;;;;;;;;;;;;;
2021/04/09;0700 UTC;;;;;;;;;;;;;;;;;;
2021/04/09;0800 UTC;;;;;;;;;;;;;;;;;;
2021/04/09;0900 UTC;;;;;;;;;;;;;;;;;;
2021/04/09;1000 UTC;;;;;;;;;;;;;;;;;;
2021/04/09;1100 UTC;;;;;;;;;;;;;;;;;;
2021/04/09;1200 UTC;;;;;;;;;;;;;;;;;;
2021/04/09;1300 UTC;;;;;;;;;;;;;;;;;;
2021/04/09;1400 UTC;;;;;;;;;;;;;;;;;;
2021/04/09;1500 UTC;;;;;;;;;;;;;;;;;;
2021/04/09;1600 UTC;;;;;;;;;;;;;;;;;;
2021/04/09;1700 UTC;;;;;;;;;;;;;;;;;;
2021/04/09;1800 UTC;;;;;;;;;;;;;;;;;;
2021/04/09;1900 UTC;;;;;;;;;;;;;;;;;;
2021/04/09;2000 UTC;;;;;;;;;;;;;;;;;;
2021/04/09;2100 UTC;;;;;;;;;;;;;;;;;;
2021/04/09;2200 UTC;;;;;;;;;;;;;;;;;;
2021/04/09;2300 UTC;;;;;;;;;;;;;;;;;;
2021/04/10;0000 UTC;;;;;;;;;;;;;;;;;;
2021/04/10;0100 UTC;;;;;;;;;;;;;;;;;;
2021/04/10;0200 UTC;;;;;;;;;;;;;;;;;;
2021/04/10;0300 UTC;;;;;;;;;;;;;;;;;;
2021/04/10;0400 UTC;;;;;;;;;;;;;;;;;;
2021/04/10;0500 UTC;;;;;;;;;;;;;;;;;;
2021/04/10;0600 UTC;;;;;;;;;;;;;;;;;;
2021/04/10;0700 UTC;;;;;;;;;;;;;;;;;;
2021/04/10;0800 UTC;;;;;;;;;;;;;;;;;;
2021/04/10;0900 UTC;;;;;;;;;;;;;;;;;;
2021/04/10;1000 UTC;;;;;;;;;;;;;;;;;;
2021/04/10;1100 UTC;;;;;;;;;;;;;;;;;;
2021/04/10;1200 UTC;;;;;;;;;;;;;;;;;;
2021/04/10;1300 UTC;;;;;;;;;;;;;;;;;;
2021/04/10;1400 UTC;;;;;;;;;;;;;;;;;;
2021/04/10;1500 UTC;;;;;;;;;;;;;;;;;;
2021/04/10;1600 UTC;;;;;;;;;;;;;;;;;;
2021/04/10;1700 UTC;;;;;;;;;;;;;;;;;;
2021/04/10;1800 UTC;;;;;;;;;;;;;;;;;;
2021/04/10;1900 UTC;;;;;;;;;;;;;;;;;;
2021/04/10;2000 UTC;;;;;;;;;;;;;;;;;;
2021/04/10;2100 UTC;;;;;;;;;;;;;;;;;;
2021/04/10;2200 UTC;;;;;;;;;;;;;;;;;;
2021/04/10;2300 UTC;;;;;;;;;;;;;;;;;;
2021/04/11;0000 UTC;;;;;;;;;;;;;;;;;;
2021/04/11;0100 UTC;;;;;;;;;;;;;;;;;;
2021/04/11;0200 UTC;;;;;;;;;;;;;;;;;;
2021/04/11;0300 UTC;;;;;;;;;;;;;;;;;;
2021/04/11;0400 UTC;;;;;;;;;;;;;;;;;;
2021/04/11;0500 UTC;;;;;;;;;;;;;;;;;;
2021/04/11;0600 UTC;;;;;;;;;;;;;;;;;;
2021/04/11;0700 UTC;;;;;;;;;;;;;;;;;;
2021/04/11;0800 UTC;;;;;;;;;;;;;;;;;;
2021/04/11;0900 UTC;;;;;;;;;;;;;;;;;;
2021/04/11;1000 UTC;;;;;;;;;;;;;;;;;;
2021/04/11;1100 UTC;;;;;;;;;;;;;;;;;;
2021/04/11;1200 UTC;;;;;;;;;;;;;;;;;;
2021/04/11;1300 UTC;;;;;;;;;;;;;;;;;;
2021/04/11;1400 UTC;;;;;;;;;;;;;;;;;;
2021/04/11;1500 UTC;;;;;;;;;;;;;;;;;;
2021/04/11;1600 UTC;;;;;;;;;;;;;;;;;;
2021/04/11;1700 UTC;;;;;;;;;;;;;;;;;;
2021/04/11;1800 UTC;;;;;;;;;;;;;;;;;;
2021/04/11;1900 UTC;;;;;;;;;;;;;;;;;;
2021/04/11;2000 UTC;;;;;;;;;;;;;;;;;;
2021/04/11;2100 UTC;;;;;;;;;;;;;;;;;;
2021/04/11;2200 UTC;;;;;;;;;;;;;;;;;;
2021/04/11;2300 UTC;;;;;;;;;;;;;;;;;;
2021/04/12;0000 UTC;;;;;;;;;;;;;;;;;;
2021/04/12;0100 UTC;;;;;;;;;;;;;;;;;;
2021/04/12;0200 UTC;;;;;;;;;;;;;;;;;;
2021/04/12;0300 UTC;;;;;;;;;;;;;;;;;;
2021/04/12;0400 UTC;;;;;;;;;;;;;;;;;;
2021/04/12;0500 UTC;;;;;;;;;;;;;;;;;;
2021/04/12;0600 UTC;;;;;;;;;;;;;;;;;;
2021/04/12;0700 UTC;;;;;;;;;;;;;;;;;;
2021/04/12;0800 UTC;;;;;;;;;;;;;;;;;;
2021/04/12;0900 UTC;;;;;;;;;;;;;;;;;;
2021/04/12;1000 UTC;;;;;;;;;;;;;;;;;;
2021/04/12;1100 UTC;;;;;;;;;;;;;;;;;;
2021/04/12;1200 UTC;;;;;;;;;;;;;;;;;;
2021/04/12;1300 UTC;;;;;;;;;;;;;;;;;;
2021/04/12;1400 UTC;;;;;;;;;;;;;;;;;;
2021/04/12;1500 UTC;;;;;;;;;;;;;;;;;;
2021/04/12;1600 UTC;;;;;;;;;;;;;;;;;;
2021/04/12;1700 UTC;;;;;;;;;;;;;;;;;;
2021/04/12;1800 UTC;;;;;;;;;;;;;;;;;;
2021/04/12;1900 UTC;;;;;;;;;;;;;;;;;;
2021/04/12;2000 UTC;;;;;;;;;;;;;;;;;;
2021/04/12;2100 UTC;;;;;;;;;;;;;;;;;;
2021/04/12;2200 UTC;;;;;;;;;;;;;;;;;;
2021/04/12;2300 UTC;;;;;;;;;;;;;;;;;;
2021/04/13;0000 UTC;;;;;;;;;;;;;;;;;;
2021/04/13;0100 UTC;;;;;;;;;;;;;;;;;;
2021/04/13;0200 UTC;;;;;;;;;;;;;;;;;;
2021/04/13;0300 UTC;;;;;;;;;;;;;;;;;;
2021/04/13;0400 UTC;;;;;;;;;;;;;;;;;;
2021/04/13;0500 UTC;;;;;;;;;;;;;;;;;;
2021/04/13;0600 UTC;;;;;;;;;;;;;;;;;;
2021/04/13;0700 UTC;;;;;;;;;;;;;;;;;;
2021/04/13;0800 UTC;;;;;;;;;;;;;;;;;;
2021/04/13;0900 UTC;;;;;;;;;;;;;;;;;;
2021/04/13;1000 UTC;;;;;;;;;;;;;;;;;;
2021/04/13;1100 UTC;;;;;;;;;;;;;;;;;;
2021/04/13;1200 UTC;;;;;;;;;;;;;;;;;;
2021/04/13;1300 UTC;;;;;;;;;;;;;;;;;;
2021/04/13;1400 UTC;;;;;;;;;;;;;;;;;;
2021/04/13;1500 UTC;;;;;;;;;;;;;;;;;;
2021/04/13;1600 UTC;;;;;;;;;;;;;;;;;;
2021/04/13;1700 UTC;;;;;;;;;;;;;;;;;;
2021/04/13;1800 UTC;;;;;;;;;;;;;;;;;;
2021/04/13;1900 UTC;;;;;;;;;;;;;;;;;;
2021/04/13;2000 UTC;;;;;;;;;;;;;;;;;;
2021/04/13;2100 UTC;;;;;;;;;;;;;;;;;;
2021/04/13;2200 UTC;;;;;;;;;;;;;;;;;;
2021/04/13;2300 UTC;;;;;;;;;;;;;;;;;;
2021/04/14;0000 UTC;;;;;;;;;;;;;;;;;;
2021/04/14;0100 UTC;;;;;;;;;;;;;;;;;;
2021/04/14;0200 UTC;;;;;;;;;;;;;;;;;;
2021/04/14;0300 UTC;;;;;;;;;;;;;;;;;;
2021/04/14;0400 UTC;;;;;;;;;;;;;;;;;;
2021/04/14;0500 UTC;;;;;;;;;;;;;;;;;;
2021/04/14;0600 UTC;;;;;;;;;;;;;;;;;;
2021/04/14;0700 UTC;;;;;;;;;;;;;;;;;;
2021/04/14;0800 UTC;;;;;;;;;;;;;;;;;;
2021/04/14;0900 UTC;;;;;;;;;;;;;;;;;;
2021/04/14;1000 UTC;;;;;;;;;;;;;;;;;;
2021/04/14;1100 UTC;;;;;;;;;;;;;;;;;;
2021/04/14;1200 UTC;;;;;;;;;;;;;;;;;;
2021/04/14;1300 UTC;;;;;;;;;;;;;;;;;;
2021/04/14;1400 UTC;;;;;;;;;;;;;;;;;;
2021/04/14;1500 UTC;;;;;;;;;;;;;;;;;;
2021/04/14;1600 UTC;;;;;;;;;;;;;;;;;;
2021/04/14;1700 UTC;;;;;;;;;;;;;;;;;;
2021/04/14;1800 UTC;;;;;;;;;;;;;;;;;;
2021/04/14;1900 UTC;;;;;;;;;;;;;;;;;;
2021/04/14;2000 UTC;;;;;;;;;;;;;;;;;;
2021/04/14;2100 UTC;;;;;;;;;;;;;;;;;;
2021/04/14;2200 UTC;;;;;;;;;;;;;;;;;;
2021/04/14;2300 UTC;;;;;;;;;;;;;;;;;;
2021/04/15;0000 UTC;;;;;;;;;;;;;;;;;;
2021/04/15;0100 UTC;;;;;;;;;;;;;;;;;;
2021/04/15;0200 UTC;;;;;;;;;;;;;;;;;;
2021/04/15;0300 UTC;;;;;;;;;;;;;;;;;;
2021/04/15;0400 UTC;;;;;;;;;;;;;;;;;;
2021/04/15;0500 UTC;;;;;;;;;;;;;;;;;;
2021/04/15;0600 UTC;;;;;;;;;;;;;;;;;;
2021/04/15;0700 UTC;;;;;;;;;;;;;;;;;;
2021/04/15;0800 UTC;;;;;;;;;;;;;;;;;;
2021/04/15;0900 UTC;;;;;;;;;;;;;;;;;;
2021/04/15;1000 UTC;;;;;;;;;;;;;;;;;;
2021/04/15;1100 UTC;;;;;;;;;;;;;;;;;;
2021/04/15;1200 UTC;;;;;;;;;;;;;;;;;;
2021/04/15;1300 UTC;;;;;;;;;;;;;;;;;;
2021/04/15;1400 UTC;;;;;;;;;;;;;;;;;;
2021/04/15;1500 UTC;;;;;;;;;;;;;;;;;;
2021/04/15;1600 UTC;;;;;;;;;;;;;;;;;;
2021/04/15;1700 UTC;;;;;;;;;;;;;;;;;;
2021/04/15;1800 UTC;;;;;;;;;;;;;;;;;;
2021/04/15;1900 UTC;;;;;;;;;;;;;;;;;;
2021/04/15;2000 UTC;;;;;;;;;;;;;;;;;;
2021/04/15;2100 UTC;;;;;;;;;;;;;;;;;;
2021/04/15;2200 UTC;;;;;;;;;;;;;;;;;;
2021/04/15;2300 UTC;;;;;;;;;;;;;;;;;;
2021/04/16;0000 UTC;;;;;;;;;;;;;;;;;;
2021/04/16;0100 UTC;;;;;;;;;;;;;;;;;;
2021/04/16;0200 UTC;;;;;;;;;;;;;;;;;;
2021/04/16;0300 UTC;;;;;;;;;;;;;;;;;;
2021/04/16;0400 UTC;;;;;;;;;;;;;;;;;;
2021/04/16;0500 UTC;;;;;;;;;;;;;;;;;;
2021/04/16;0600 UTC;;;;;;;;;;;;;;;;;;
2021/04/16;0700 UTC;;;;;;;;;;;;;;;;;;
2021/04/16;0800 UTC;;;;;;;;;;;;;;;;;;
2021/04/16;0900 UTC;;;;;;;;;;;;;;;;;;
2021/04/16;1000 UTC;;;;;;;;;;;;;;;;;;
2021/04/16;1100 UTC;;;;;;;;;;;;;;;;;;
2021/04/16;1200 UTC;;;;;;;;;;;;;;;;;;
2021/04/16;1300 UTC;;;;;;;;;;;;;;;;;;
2021/04/16;1400 UTC;;;;;;;;;;;;;;;;;;
2021/04/16;1500 UTC;;;;;;;;;;;;;;;;;;
2021/04/16;1600 UTC;;;;;;;;;;;;;;;;;;
2021/04/16;1700 UTC;;;;;;;;;;;;;;;;;;
2021/04/16;1800 UTC;;;;;;;;;;;;;;;;;;
2021/04/16;1900 UTC;;;;;;;;;;;;;;;;;;
2021/04/16;2000 UTC;;;;;;;;;;;;;;;;;;
2021/04/16;2100 UTC;;;;;;;;;;;;;;;;;;
2021/04/16;2200 UTC;;;;;;;;;;;;;;;;;;
2021/04/16;2300 UTC;;;;;;;;;;;;;;;;;;
2021/04/17;0000 UTC;;;;;;;;;;;;;;;;;;
2021/04/17;0100 UTC;;;;;;;;;;;;;;;;;;
2021/04/17;0200 UTC;;;;;;;;;;;;;;;;;;
2021/04/17;0300 UTC;;;;;;;;;;;;;;;;;;
2021/04/17;0400 UTC;;;;;;;;;;;;;;;;;;
2021/04/17;0500 UTC;;;;;;;;;;;;;;;;;;
2021/04/17;0600 UTC;;;;;;;;;;;;;;;;;;
2021/04/17;0700 UTC;;;;;;;;;;;;;;;;;;
2021/04/17;0800 UTC;;;;;;;;;;;;;;;;;;
2021/04/17;0900 UTC;;;;;;;;;;;;;;;;;;
2021/04/17;1000 UTC;;;;;;;;;;;;;;;;;;
2021/04/17;1100 UTC;;;;;;;;;;;;;;;;;;
2021/04/17;1200 UTC;;;;;;;;;;;;;;;;;;
2021/04/17;1300 UTC;;;;;;;;;;;;;;;;;;
2021/04/17;1400 UTC;;;;;;;;;;;;;;;;;;
2021/04/17;1500 UTC;;;;;;;;;;;;;;;;;;
2021/04/17;1600 UTC;;;;;;;;;;;;;;;;;;
2021/04/17;1700 UTC;;;;;;;;;;;;;;;;;;
2021/04/17;1800 UTC;;;;;;;;;;;;;;;;;;
2021/04/17;1900 UTC;;;;;;;;;;;;;;;;;;
2021/04/17;2000 UTC;;;;;;;;;;;;;;;;;;
2021/04/17;2100 UTC;;;;;;;;;;;;;;;;;;
2021/04/17;2200 UTC;;;;;;;;;;;;;;;;;;
2021/04/17;2300 UTC;;;;;;;;;;;;;;;;;;
2021/04/18;0000 UTC;;;;;;;;;;;;;;;;;;
2021/04/18;0100 UTC;;;;;;;;;;;;;;;;;;
2021/04/18;0200 UTC;;;;;;;;;;;;;;;;;;
2021/04/18;0300 UTC;;;;;;;;;;;;;;;;;;
2021/04/18;0400 UTC;;;;;;;;;;;;;;;;;;
2021/04/18;0500 UTC;;;;;;;;;;;;;;;;;;
2021/04/18;0600 UTC;;;;;;;;;;;;;;;;;;
2021/04/18;0700 UTC;;;;;;;;;;;;;;;;;;
2021/04/18;0800 UTC;;;;;;;;;;;;;;;;;;
2021/04/18;0900 UTC;;;;;;;;;;;;;;;;;;
2021/04/18;1000 UTC;;;;;;;;;;;;;;;;;;
2021/04/18;1100 UTC;;;;;;;;;;;;;;;;;;
2021/04/18;1200 UTC;;;;;;;;;;;;;;;;;;
2021/04/18;1300 UTC;;;;;;;;;;;;;;;;;;
2021/04/18;1400 UTC;;;;;;;;;;;;;;;;;;
2021/04/18;1500 UTC;;;;;;;;;;;;;;;;;;
2021/04/18;1600 UTC;;;;;;;;;;;;;;;;;;
2021/04/18;1700 UTC;;;;;;;;;;;;;;;;;;
2021/04/18;1800 UTC;;;;;;;;;;;;;;;;;;
2021/04/18;1900 UTC;;;;;;;;;;;;;;;;;;
2021/04/18;2000 UTC;;;;;;;;;;;;;;;;;;
2021/04/18;2100 UTC;;;;;;;;;;;;;;;;;;
2021/04/18;2200 UTC;;;;;;;;;;;;;;;;;;
2021/04/18;2300 UTC;;;;;;;;;;;;;;;;;;
2021/04/19;0000 UTC;;;;;;;;;;;;;;;;;;
2021/04/19;0100 UTC;;;;;;;;;;;;;;;;;;
2021/04/19;0200 UTC;;;;;;;;;;;;;;;;;;
2021/04/19;0300 UTC;;;;;;;;;;;;;;;;;;
2021/04/19;0400 UTC;;;;;;;;;;;;;;;;;;
2021/04/19;0500 UTC;;;;;;;;;;;;;;;;;;
2021/04/19;0600 UTC;;;;;;;;;;;;;;;;;;
2021/04/19;0700 UTC;;;;;;;;;;;;;;;;;;
2021/04/19;0800 UTC;;;;;;;;;;;;;;;;;;
2021/04/19;0900 UTC;;;;;;;;;;;;;;;;;;
2021/04/19;1000 UTC;;;;;;;;;;;;;;;;;;
2021/04/19;1100 UTC;;;;;;;;;;;;;;;;;;
2021/04/19;1200 UTC;;;;;;;;;;;;;;;;;;
2021/04/19;1300 UTC;;;;;;;;;;;;;;;;;;
2021/04/19;1400 UTC;;;;;;;;;;;;;;;;;;
2021/04/19;1500 UTC;;;;;;;;;;;;;;;;;;
2021/04/19;1600 UTC;;;;;;;;;;;;;;;;;;
2021/04/19;1700 UTC;;;;;;;;;;;;;;;;;;
2021/04/19;1800 UTC;;;;;;;;;;;;;;;;;;
2021/04/19;1900 UTC;;;;;;;;;;;;;;;;;;
2021/04/19;2000 UTC;;;;;;;;;;;;;;;;;;
2021/04/19;2100 UTC;;;;;;;;;;;;;;;;;;
2021/04/19;2200 UTC;;;;;;;;;;;;;;;;;;
2021/04/19;2300 UTC;;;;;;;;;;;;;;;;;;
2021/04/20;0000 UTC;;;;;;;;;;;;;;;;;;
2021/04/20;0100 UTC;;;;;;;;;;;;;;;;;;
2021/04/20;0200 UTC;;;;;;;;;;;;;;;;;;
2021/04/20;0300 UTC;;;;;;;;;;;;;;;;;;
2021/04/20;0400 UTC;;;;;;;;;;;;;;;;;;
2021/04/20;0500 UTC;;;;;;;;;;;;;;;;;;
2021/04/20;0600 UTC;;;;;;;;;;;;;;;;;;
2021/04/20;0700 UTC;;;;;;;;;;;;;;;;;;
2021/04/20;0800 UTC;;;;;;;;;;;;;;;;;;
2021/04/20;0900 UTC;;;;;;;;;;;;;;;;;;
2021/04/20;1000 UTC;;;;;;;;;;;;;;;;;;
2021/04/20;1100 UTC;;;;;;;;;;;;;;;;;;
2021/04/20;1200 UTC;;;;;;;;;;;;;;;;;;
2021/04/20;1300 UTC;;;;;;;;;;;;;;;;;;
2021/04/20;1400 UTC;;;;;;;;;;;;;;;;;;
2021/04/20;1500 UTC;;;;;;;;;;;;;;;;;;
2021/04/20;1600 UTC;;;;;;;;;;;;;;;;;;
2021/04/20;1700 UTC;;;;;;;;;;;;;;;;;;
2021/04/20;1800 UTC;;;;;;;;;;;;;;;;;;
2021/04/20;1900 UTC;;;;;;;;;;;;;;;;;;
2021/04/20;2000 UTC;;;;;;;;;;;;;;;;;;
2021/04/20;2100 UTC;;;;;;;;;;;;;;;;;;
2021/04/20;2200 UTC;;;;;;;;;;;;;;;;;;
2021/04/20;2300 UTC;;;;;;;;;;;;;;;;;;
2021/04/21;0000 UTC;;;;;;;;;;;;;;;;;;
2021/04/21;0100 UTC;;;;;;;;;;;;;;;;;;
2021/04/21;0200 UTC;;;;;;;;;;;;;;;;;;
2021/04/21;0300 UTC;;;;;;;;;;;;;;;;;;
2021/04/21;0400 UTC;;;;;;;;;;;;;;;;;;
2021/04/21;0500 UTC;;;;;;;;;;;;;;;;;;
2021/04/21;0600 UTC;;;;;;;;;;;;;;;;;;
2021/04/21;0700 UTC;;;;;;;;;;;;;;;;;;
2021/04/21;0800 UTC;;;;;;;;;;;;;;;;;;
2021/04/21;0900 UTC;;;;;;;;;;;;;;;;;;
2021/04/21;1000 UTC;;;;;;;;;;;;;;;;;;
2021/04/21;1100 UTC;;;;;;;;;;;;;;;;;;
2021/04/21;1200 UTC;;;;;;;;;;;;;;;;;;
2021/04/21;1300 UTC;;;;;;;;;;;;;;;;;;
2021/04/21;1400 UTC;;;;;;;;;;;;;;;;;;
2021/04/21;1500 UTC;;;;;;;;;;;;;;;;;;
2021/04/21;1600 UTC;;;;;;;;;;;;;;;;;;
2021/04/21;1700 UTC;;;;;;;;;;;;;;;;;;
2021/04/21;1800 UTC;;;;;;;;;;;;;;;;;;
2021/04/21;1900 UTC;;;;;;;;;;;;;;;;;;
2021/04/21;2000 UTC;;;;;;;;;;;;;;;;;;
2021/04/21;2100 UTC;;;;;;;;;;;;;;;;;;
2021/04/21;2200 UTC;;;;;;;;;;;;;;;;;;
2021/04/21;2300 UTC;;;;;;;;;;;;;;;;;;
2021/04/22;0000 UTC;;;;;;;;;;;;;;;;;;
2021/04/22;0100 UTC;;;;;;;;;;;;;;;;;;
2021/04/22;0200 UTC;;;;;;;;;;;;;;;;;;
2021/04/22;0300 UTC;;;;;;;;;;;;;;;;;;
2021/04/22;0400 UTC;;;;;;;;;;;;;;;;;;
2021/04/22;0500 UTC;;;;;;;;;;;;;;;;;;
2021/04/22;0600 UTC;;;;;;;;;;;;;;;;;;
2021/04/22;0700 UTC;;;;;;;;;;;;;;;;;;
2021/04/22;0800 UTC;;;;;;;;;;;;;;;;;;
2021/04/22;0900 UTC;;;;;;;;;;;;;;;;;;
2021/04/22;1000 UTC;;;;;;;;;;;;;;;;;;
2021/04/22;1100 UTC;;;;;;;;;;;;;;;;;;
2021/04/22;1200 UTC;;;;;;;;;;;;;;;;;;
2021/04/22;1300 UTC;;;;;;;;;;;;;;;;;;
2021/04/22;1400 UTC;;;;;;;;;;;;;;;;;;
2021/04/22;1500 UTC;;;;;;;;;;;;;;;;;;
2021/04/22;1600 UTC;;;;;;;;;;;;;;;;;;
2021/04/22;1700 UTC;;;;;;;;;;;;;;;;;;
2021/04/22;1800 UTC;;;;;;;;;;;;;;;;;;
2021/04/22;1900 UTC;;;;;;;;;;;;;;;;;;
2021/04/22;2000 UTC;;;;;;;;;;;;;;;;;;
2021/04/22;2100 UTC;;;;;;;;;;;;;;;;;;
2021/04/22;2200 UTC;;;;;;;;;;;;;;;;;;
2021/04/22;2300 UTC;;;;;;;;;;;;;;;;;;
2021/04/23;0000 UTC;;;;;;;;;;;;;;;;;;
2021/04/23;0100 UTC;;;;;;;;;;;;;;;;;;
2021/04/23;0200 UTC;;;;;;;;;;;;;;;;;;
2021/04/23;0300 UTC;;;;;;;;;;;;;;;;;;
2021/04/23;0400 UTC;;;;;;;;;;;;;;;;;;
2021/04/23;0500 UTC;;;;;;;;;;;;;;;;;;
2021/04/23;0600 UTC;;;;;;;;;;;;;;;;;;
2021/04/23;0700 UTC;;;;;;;;;;;;;;;;;;
2021/04/23;0800 UTC;;;;;;;;;;;;;;;;;;
2021/04/23;0900 UTC;;;;;;;;;;;;;;;;;;
2021/04/23;1000 UTC;;;;;;;;;;;;;;;;;;
2021/04/23;1100 UTC;;;;;;;;;;;;;;;;;;
2021/04/23;1200 UTC;;;;;;;;;;;;;;;;;;
2021/04/23;1300 UTC;;;;;;;;;;;;;;;;;;
2021/04/23;1400 UTC;;;;;;;;;;;;;;;;;;
2021/04/23;1500 UTC;;;;;;;;;;;;;;;;;;
2021/04/23;1600 UTC;;;;;;;;;;;;;;;;;;
2021/04/23;1700 UTC;;;;;;;;;;;;;;;;;;
2021/04/23;1800 UTC;;;;;;;;;;;;;;;;;;
2021/04/23;1900 UTC;;;;;;;;;;;;;;;;;;
2021/04/23;2000 UTC;;;;;;;;;;;;;;;;;;
2021/04/23;2100 UTC;;;;;;;;;;;;;;;;;;
2021/04/23;2200 UTC;;;;;;;;;;;;;;;;;;
2021/04/23;2300 UTC;;;;;;;;;;;;;;;;;;
2021/04/24;0000 UTC;;;;;;;;;;;;;;;;;;
2021/04/24;0100 UTC;;;;;;;;;;;;;;;;;;
2021/04/24;0200 UTC;;;;;;;;;;;;;;;;;;
2021/04/24;0300 UTC;;;;;;;;;;;;;;;;;;
2021/04/24;0400 UTC;;;;;;;;;;;;;;;;;;
2021/04/24;0500 UTC;;;;;;;;;;;;;;;;;;
2021/04/24;0600 UTC;;;;;;;;;;;;;;;;;;
2021/04/24;0700 UTC;;;;;;;;;;;;;;;;;;
2021/04/24;0800 UTC;;;;;;;;;;;;;;;;;;
2021/04/24;0900 UTC;;;;;;;;;;;;;;;;;;
2021/04/24;1000 UTC;;;;;;;;;;;;;;;;;;
2021/04/24;1100 UTC;;;;;;;;;;;;;;;;;;
2021/04/24;1200 UTC;;;;;;;;;;;;;;;;;;
2021/04/24;1300 UTC;;;;;;;;;;;;;;;;;;
2021/04/24;1400 UTC;;;;;;;;;;;;;;;;;;
2021/04/24;1500 UTC;;;;;;;;;;;;;;;;;;
2021/04/24;1600 UTC;;;;;;;;;;;;;;;;;;
2021/04/24;1700 UTC;;;;;;;;;;;;;;;;;;
2021/04/24;1800 UTC;;;;;;;;;;;;;;;;;;
2021/04/24;1900 UTC;;;;;;;;;;;;;;;;;;
2021/04/24;2000 UTC;;;;;;;;;;;;;;;;;;
2021/04/24;2100 UTC;;;;;;;;;;;;;;;;;;
2021/04/24;2200 UTC;;;;;;;;;;;;;;;;;;
2021/04/24;2300 UTC;;;;;;;;;;;;;;;;;;
2021/04/25;0000 UTC;;;;;;;;;;;;;;;;;;
2021/04/25;0100 UTC;;;;;;;;;;;;;;;;;;
2021/04/25;0200 UTC;;;;;;;;;;;;;;;;;;
2021/04/25;0300 UTC;;;;;;;;;;;;;;;;;;
2021/04/25;0400 UTC;;;;;;;;;;;;;;;;;;
2021/04/25;0500 UTC;;;;;;;;;;;;;;;;;;
2021/04/25;0600 UTC;;;;;;;;;;;;;;;;;;
2021/04/25;0700 UTC;;;;;;;;;;;;;;;;;;
2021/04/25;0800 UTC;;;;;;;;;;;;;;;;;;
2021/04/25;0900 UTC;;;;;;;;;;;;;;;;;;
2021/04/25;1000 UTC;;;;;;;;;;;;;;;;;;
2021/04/25;1100 UTC;;;;;;;;;;;;;;;;;;
2021/04/25;1200 UTC;;;;;;;;;;;;;;;;;;
2021/04/25;1300 UTC;;;;;;;;;;;;;;;;;;
2021/04/25;1400 UTC;;;;;;;;;;;;;;;;;;
2021/04/25;1500 UTC;;;;;;;;;;;;;;;;;;
2021/04/25;1600 UTC;;;;;;;;;;;;;;;;;;
2021/04/25;1700 UTC;;;;;;;;;;;;;;;;;;
2021/04/25;1800 UTC;;;;;;;;;;;;;;;;;;
2021/04/25;1900 UTC;;;;;;;;;;;;;;;;;;
2021/04/25;2000 UTC;;;;;;;;;;;;;;;;;;
2021/04/25;2100 UTC;;;;;;;;;;;;;;;;;;
2021/04/25;2200 UTC;;;;;;;;;;;;;;;;;;
2021/04/25;2300 UTC;;;;;;;;;;;;;;;;;;
2021/04/26;0000 UTC;;;;;;;;;;;;;;;;;;
2021/04/26;0100 UTC;;;;;;;;;;;;;;;;;;
2021/04/26;0200 UTC;;;;;;;;;;;;;;;;;;
2021/04/26;0300 UTC;;;;;;;;;;;;;;;;;;
2021/04/26;0400 UTC;;;;;;;;;;;;;;;;;;
2021/04/26;0500 UTC;;;;;;;;;;;;;;;;;;
2021/04/26;0600 UTC;;;;;;;;;;;;;;;;;;
2021/04/26;0700 UTC;;;;;;;;;;;;;;;;;;
2021/04/26;0800 UTC;;;;;;;;;;;;;;;;;;
2021/04/26;0900 UTC;;;;;;;;;;;;;;;;;;
2021/04/26;1000 UTC;;;;;;;;;;;;;;;;;;
2021/04/26;1100 UTC;;;;;;;;;;;;;;;;;;
2021/04/26;1200 UTC;;;;;;;;;;;;;;;;;;
2021/04/26;1300 UTC;;;;;;;;;;;;;;;;;;
2021/04/26;1400 UTC;;;;;;;;;;;;;;;;;;
2021/04/26;1500 UTC;;;;;;;;;;;;;;;;;;
2021/04/26;1600 UTC;;;;;;;;;;;;;;;;;;
2021/04/26;1700 UTC;;;;;;;;;;;;;;;;;;
2021/04/26;1800 UTC;;;;;;;;;;;;;;;;;;
2021/04/26;1900 UTC;;;;;;;;;;;;;;;;;;
2021/04/26;2000 UTC;;;;;;;;;;;;;;;;;;
2021/04/26;2100 UTC;;;;;;;;;;;;;;;;;;
2021/04/26;2200 UTC;;;;;;;;;;;;;;;;;;
2021/04/26;2300 UTC;;;;;;;;;;;;;;;;;;
2021/04/27;0000 UTC;;;;;;;;;;;;;;;;;;
2021/04/27;0100 UTC;;;;;;;;;;;;;;;;;;
2021/04/27;0200 UTC;;;;;;;;;;;;;;;;;;
2021/04/27;0300 UTC;;;;;;;;;;;;;;;;;;
2021/04/27;0400 UTC;;;;;;;;;;;;;;;;;;
2021/04/27;0500 UTC;;;;;;;;;;;;;;;;;;
2021/04/27;0600 UTC;;;;;;;;;;;;;;;;;;
2021/04/27;0700 UTC;;;;;;;;;;;;;;;;;;
2021/04/27;0800 UTC;;;;;;;;;;;;;;;;;;
2021/04/27;0900 UTC;;;;;;;;;;;;;;;;;;
2021/04/27;1000 UTC;;;;;;;;;;;;;;;;;;
2021/04/27;1100 UTC;;;;;;;;;;;;;;;;;;
2021/04/27;1200 UTC;;;;;;;;;;;;;;;;;;
2021/04/27;1300 UTC;;;;;;;;;;;;;;;;;;
2021/04/27;1400 UTC;;;;;;;;;;;;;;;;;;
2021/04/27;1500 UTC;;;;;;;;;;;;;;;;;;
2021/04/27;1600 UTC;;;;;;;;;;;;;;;;;;
2021/04/27;1700 UTC;;;;;;;;;;;;;;;;;;
2021/04/27;1800 UTC;;;;;;;;;;;;;;;;;;
2021/04/27;1900 UTC;;;;;;;;;;;;;;;;;;
2021/04/27;2000 UTC;;;;;;;;;;;;;;;;;;
2021/04/27;2100 UTC;;;;;;;;;;;;;;;;;;
2021/04/27;2200 UTC;;;;;;;;;;;;;;;;;;
2021/04/27;2300 UTC;;;;;;;;;;;;;;;;;;
2021/04/28;0000 UTC;;;;;;;;;;;;;;;;;;
2021/04/28;0100 UTC;;;;;;;;;;;;;;;;;;
2021/04/28;0200 UTC;;;;;;;;;;;;;;;;;;
2021/04/28;0300 UTC;;;;;;;;;;;;;;;;;;
2021/04/28;0400 UTC;;;;;;;;;;;;;;;;;;
2021/04/28;0500 UTC;;;;;;;;;;;;;;;;;;
2021/04/28;0600 UTC;;;;;;;;;;;;;;;;;;
2021/04/28;0700 UTC;;;;;;;;;;;;;;;;;;
2021/04/28;0800 UTC;;;;;;;;;;;;;;;;;;
2021/04/28;0900 UTC;;;;;;;;;;;;;;;;;;
2021/04/28;1000 UTC;;;;;;;;;;;;;;;;;;
2021/04/28;1100 UTC;;;;;;;;;;;;;;;;;;
2021/04/28;1200 UTC;;;;;;;;;;;;;;;;;;
2021/04/28;1300 UTC;;;;;;;;;;;;;;;;;;
2021/04/28;1400 UTC;;;;;;;;;;;;;;;;;;
2021/04/28;1500 UTC;;;;;;;;;;;;;;;;;;
2021/04/28;1600 UTC;;;;;;;;;;;;;;;;;;
2021/04/28;1700 UTC;;;;;;;;;;;;;;;;;;
2021/04/28;1800 UTC;;;;;;;;;;;;;;;;;;
2021/04/28;1900 UTC;;;;;;;;;;;;;;;;;;
2021/04/28;2000 UTC;;;;;;;;;;;;;;;;;;
2021/04/28;2100 UTC;;;;;;;;;;;;;;;;;;
2021/04/28;2200 UTC;;;;;;;;;;;;;;;;;;
2021/04/28;2300 UTC;;;;;;;;;;;;;;;;;;
2021/04/29;0000 UTC;;;;;;;;;;;;;;;;;;
2021/04/29;0100 UTC;;;;;;;;;;;;;;;;;;
2021/04/29;0200 UTC;;;;;;;;;;;;;;;;;;
2021/04/29;0300 UTC;;;;;;;;;;;;;;;;;;
2021/04/29;0400 UTC;;;;;;;;;;;;;;;;;;
2021/04/29;0500 UTC;;;;;;;;;;;;;;;;;;
2021/04/29;0600 UTC;;;;;;;;;;;;;;;;;;
2021/04/29;0700 UTC;;;;;;;;;;;;;;;;;;
2021/04/29;0800 UTC;;;;;;;;;;;;;;;;;;
2021/04/29;0900 UTC;;;;;;;;;;;;;;;;;;
2021/04/29;1000 UTC;;;;;;;;;;;;;;;;;;
2021/04/29;1100 UTC;;;;;;;;;;;;;;;;;;
2021/04/29;1200 UTC;;;;;;;;;;;;;;;;;;
2021/04/29;1300 UTC;;;;;;;;;;;;;;;;;;
2021/04/29;1400 UTC;;;;;;;;;;;;;;;;;;
2021/04/29;1500 UTC;;;;;;;;;;;;;;;;;;
2021/04/29;1600 UTC;;;;;;;;;;;;;;;;;;
2021/04/29;1700 UTC;;;;;;;;;;;;;;;;;;
2021/04/29;1800 UTC;;;;;;;;;;;;;;;;;;
2021/04/29;1900 UTC;;;;;;;;;;;;;;;;;;
2021/04/29;2000 UTC;;;;;;;;;;;;;;;;;;
2021/04/29;2100 UTC;;;;;;;;;;;;;;;;;;
2021/04/29;2200 UTC;;;;;;;;;;;;;;;;;;
2021/04/29;2300 UTC;;;;;;;;;;;;;;;;;;
2021/04/30;0000 UTC;;;;;;;;;;;;;;;;;;
2021/04/30;0100 UTC;;;;;;;;;;;;;;;;;;
2021/04/30;0200 UTC;;;;;;;;;;;;;;;;;;
2021/04/30;0300 UTC;;;;;;;;;;;;;;;;;;
2021/04/30;0400 UTC;;;;;;;;;;;;;;;;;;
2021/04/30;0500 UTC;;;;;;;;;;;;;;;;;;
2021/04/30;0600 UTC;;;;;;;;;;;;;;;;;;
2021/04/30;0700 UTC;;;;;;;;;;;;;;;;;;
2021/04/30;0800 UTC;;;;;;;;;;;;;;;;;;
2021/04/30;0900 UTC;;;;;;;;;;;;;;;;;;
2021/04/30;1000 UTC;;;;;;;;;;;;;;;;;;
2021/04/30;1100 UTC;;;;;;;;;;;;;;;;;;
2021/04/30;1200 UTC;;;;;;;;;;;;;;;;;;
2021/04/30;1300 UTC;;;;;;;;;;;;;;;;;;
2021/04/30;1400 UTC;;;;;;;;;;;;;;;;;;
2021/04/30;1500 UTC;;;;;;;;;;;;;;;;;;
2021/04/30;1600 UTC;;;;;;;;;;;;;;;;;;
2021/04/30;1700 UTC;;;;;;;;;;;;;;;;;;
2021/04/30;1800 UTC;;;;;;;;;;;;;;;;;;
2021/04/30;1900 UTC;;;;;;;;;;;;;;;;;;
2021/04/30;2000 UTC;;;;;;;;;;;;;;;;;;
2021/04/30;2100 UTC;;;;;;;;;;;;;;;;;;
2021/04/30;2200 UTC;;;;;;;;;;;;;;;;;;
2021/04/30;2300 UTC;;;;;;;;;;;;;;;;;;
2021/05/01;0000 UTC;;;;;;;;;;;;;;;;;;
2021/05/01;0100 UTC;;;;;;;;;;;;;;;;;;
2021/05/01;0200 UTC;;;;;;;;;;;;;;;;;;
2021/05/01;0300 UTC;;;;;;;;;;;;;;;;;;
2021/05/01;0400 UTC;;;;;;;;;;;;;;;;;;
2021/05/01;0500 UTC;;;;;;;;;;;;;;;;;;
2021/05/01;0600 UTC;;;;;;;;;;;;;;;;;;
2021/05/01;0700 UTC;;;;;;;;;;;;;;;;;;
2021/05/01;0800 UTC;;;;;;;;;;;;;;;;;;
2021/05/01;0900 UTC;;;;;;;;;;;;;;;;;;
2021/05/01;1000 UTC;;;;;;;;;;;;;;;;;;
2021/05/01;1100 UTC;;;;;;;;;;;;;;;;;;
2021/05/01;1200 UTC;;;;;;;;;;;;;;;;;;
2021/05/01;1300 UTC;;;;;;;;;;;;;;;;;;
2021/05/01;1400 UTC;;;;;;;;;;;;;;;;;;
2021/05/01;1500 UTC;;;;;;;;;;;;;;;;;;
2021/05/01;1600 UTC;;;;;;;;;;;;;;;;;;
2021/05/01;1700 UTC;;;;;;;;;;;;;;;;;;
2021/05/01;1800 UTC;;;;;;;;;;;;;;;;;;
2021/05/01;1900 UTC;;;;;;;;;;;;;;;;;;
2021/05/01;2000 UTC;;;;;;;;;;;;;;;;;;
2021/05/01;2100 UTC;;;;;;;;;;;;;;;;;;
2021/05/01;2200 UTC;;;;;;;;;;;;;;;;;;
2021/05/01;2300 UTC;;;;;;;;;;;;;;;;;;
2021/05/02;0000 UTC;;;;;;;;;;;;;;;;;;
2021/05/02;0100 UTC;;;;;;;;;;;;;;;;;;
2021/05/02;0200 UTC;;;;;;;;;;;;;;;;;;
2021/05/02;0300 UTC;;;;;;;;;;;;;;;;;;
2021/05/02;0400 UTC;;;;;;;;;;;;;;;;;;
2021/05/02;0500 UTC;;;;;;;;;;;;;;;;;;
2021/05/02;0600 UTC;;;;;;;;;;;;;;;;;;
2021/05/02;0700 UTC;;;;;;;;;;;;;;;;;;
2021/05/02;0800 UTC;;;;;;;;;;;;;;;;;;
2021/05/02;0900 UTC;;;;;;;;;;;;;;;;;;
2021/05/02;1000 UTC;;;;;;;;;;;;;;;;;;
2021/05/02;1100 UTC;;;;;;;;;;;;;;;;;;
2021/05/02;1200 UTC;;;;;;;;;;;;;;;;;;
2021/05/02;1300 UTC;;;;;;;;;;;;;;;;;;
2021/05/02;1400 UTC;;;;;;;;;;;;;;;;;;
2021/05/02;1500 UTC;;;;;;;;;;;;;;;;;;
2021/05/02;1600 UTC;;;;;;;;;;;;;;;;;;
2021/05/02;1700 UTC;;;;;;;;;;;;;;;;;;
2021/05/02;1800 UTC;;;;;;;;;;;;;;;;;;
2021/05/02;1900 UTC;;;;;;;;;;;;;;;;;;
2021/05/02;2000 UTC;;;;;;;;;;;;;;;;;;
2021/05/02;2100 UTC;;;;;;;;;;;;;;;;;;
2021/05/02;2200 UTC;;;;;;;;;;;;;;;;;;
2021/05/02;2300 UTC;;;;;;;;;;;;;;;;;;
2021/05/03;0000 UTC;;;;;;;;;;;;;;;;;;
2021/05/03;0100 UTC;;;;;;;;;;;;;;;;;;
2021/05/03;0200 UTC;;;;;;;;;;;;;;;;;;
2021/05/03;0300 UTC;;;;;;;;;;;;;;;;;;
2021/05/03;0400 UTC;;;;;;;;;;;;;;;;;;
2021/05/03;0500 UTC;;;;;;;;;;;;;;;;;;
2021/05/03;0600 UTC;;;;;;;;;;;;;;;;;;
2021/05/03;0700 UTC;;;;;;;;;;;;;;;;;;
2021/05/03;0800 UTC;;;;;;;;;;;;;;;;;;
2021/05/03;0900 UTC;;;;;;;;;;;;;;;;;;
2021/05/03;1000 UTC;;;;;;;;;;;;;;;;;;
2021/05/03;1100 UTC;;;;;;;;;;;;;;;;;;
2021/05/03;1200 UTC;;;;;;;;;;;;;;;;;;
2021/05/03;1300 UTC;;;;;;;;;;;;;;;;;;
2021/05/03;1400 UTC;;;;;;;;;;;;;;;;;;
2021/05/03;1500 UTC;;;;;;;;;;;;;;;;;;
2021/05/03;1600 UTC;;;;;;;;;;;;;;;;;;
2021/05/03;1700 UTC;;;;;;;;;;;;;;;;;;
2021/05/03;1800 UTC;;;;;;;;;;;;;;;;;;
2021/05/03;1900 UTC;;;;;;;;;;;;;;;;;;
2021/05/03;2000 UTC;;;;;;;;;;;;;;;;;;
2021/05/03;2100 UTC;;;;;;;;;;;;;;;;;;
2021/05/03;2200 UTC;;;;;;;;;;;;;;;;;;
2021/05/03;2300 UTC;;;;;;;;;;;;;;;;;;
2021/05/04;0000 UTC;;;;;;;;;;;;;;;;;;
2021/05/04;0100 UTC;;;;;;;;;;;;;;;;;;
2021/05/04;0200 UTC;;;;;;;;;;;;;;;;;;
2021/05/04;0300 UTC;;;;;;;;;;;;;;;;;;
2021/05/04;0400 UTC;;;;;;;;;;;;;;;;;;
2021/05/04;0500 UTC;;;;;;;;;;;;;;;;;;
2021/05/04;0600 UTC;;;;;;;;;;;;;;;;;;
2021/05/04;0700 UTC;;;;;;;;;;;;;;;;;;
2021/05/04;0800 UTC;;;;;;;;;;;;;;;;;;
2021/05/04;0900 UTC;;;;;;;;;;;;;;;;;;
2021/05/04;1000 UTC;;;;;;;;;;;;;;;;;;
2021/05/04;1100 UTC;;;;;;;;;;;;;;;;;;
2021/05/04;1200 UTC;;;;;;;;;;;;;;;;;;
2021/05/04;1300 UTC;;;;;;;;;;;;;;;;;;
2021/05/04;1400 UTC;;;;;;;;;;;;;;;;;;
2021/05/04;1500 UTC;;;;;;;;;;;;;;;;;;
2021/05/04;1600 UTC;;;;;;;;;;;;;;;;;;
2021/05/04;1700 UTC;;;;;;;;;;;;;;;;;;
2021/05/04;1800 UTC;;;;;;;;;;;;;;;;;;
2021/05/04;1900 UTC;;;;;;;;;;;;;;;;;;
2021/05/04;2000 UTC;;;;;;;;;;;;;;;;;;
2021/05/04;2100 UTC;;;;;;;;;;;;;;;;;;
2021/05/04;2200 UTC;;;;;;;;;;;;;;;;;;
2021/05/04;2300 UTC;;;;;;;;;;;;;;;;;;
2021/05/05;0000 UTC;;;;;;;;;;;;;;;;;;
2021/05/05;0100 UTC;;;;;;;;;;;;;;;;;;
2021/05/05;0200 UTC;;;;;;;;;;;;;;;;;;
2021/05/05;0300 UTC;;;;;;;;;;;;;;;;;;
2021/05/05;0400 UTC;;;;;;;;;;;;;;;;;;
2021/05/05;0500 UTC;;;;;;;;;;;;;;;;;;
2021/05/05;0600 UTC;;;;;;;;;;;;;;;;;;
2021/05/05;0700 UTC;;;;;;;;;;;;;;;;;;
2021/05/05;0800 UTC;;;;;;;;;;;;;;;;;;
2021/05/05;0900 UTC;;;;;;;;;;;;;;;;;;
2021/05/05;1000 UTC;;;;;;;;;;;;;;;;;;
2021/05/05;1100 UTC;;;;;;;;;;;;;;;;;;
2021/05/05;1200 UTC;;;;;;;;;;;;;;;;;;
2021/05/05;1300 UTC;;;;;;;;;;;;;;;;;;
2021/05/05;1400 UTC;;;;;;;;;;;;;;;;;;
2021/05/05;1500 UTC;;;;;;;;;;;;;;;;;;
2021/05/05;1600 UTC;;;;;;;;;;;;;;;;;;
2021/05/05;1700 UTC;;;;;;;;;;;;;;;;;;
2021/05/05;1800 UTC;;;;;;;;;;;;;;;;;;
2021/05/05;1900 UTC;;;;;;;;;;;;;;;;;;
2021/05/05;2000 UTC;;;;;;;;;;;;;;;;;;
2021/05/05;2100 UTC;;;;;;;;;;;;;;;;;;
2021/05/05;2200 UTC;;;;;;;;;;;;;;;;;;
2021/05/05;2300 UTC;;;;;;;;;;;;;;;;;;
2021/05/06;0000 UTC;;;;;;;;;;;;;;;;;;
2021/05/06;0100 UTC;;;;;;;;;;;;;;;;;;
2021/05/06;0200 UTC;;;;;;;;;;;;;;;;;;
2021/05/06;0300 UTC;;;;;;;;;;;;;;;;;;
2021/05/06;0400 UTC;;;;;;;;;;;;;;;;;;
2021/05/06;0500 UTC;;;;;;;;;;;;;;;;;;
2021/05/06;0600 UTC;;;;;;;;;;;;;;;;;;
2021/05/06;0700 UTC;;;;;;;;;;;;;;;;;;
2021/05/06;0800 UTC;;;;;;;;;;;;;;;;;;
2021/05/06;0900 UTC;;;;;;;;;;;;;;;;;;
2021/05/06;1000 UTC;;;;;;;;;;;;;;;;;;
2021/05/06;1100 UTC;;;;;;;;;;;;;;;;;;
2021/05/06;1200 UTC;;;;;;;;;;;;;;;;;;
2021/05/06;1300 UTC;;;;;;;;;;;;;;;;;;
2021/05/06;1400 UTC;;;;;;;;;;;;;;;;;;
2021/05/06;1500 UTC;;;;;;;;;;;;;;;;;;
2021/05/06;1600 UTC;;;;;;;;;;;;;;;;;;
2021/05/06;1700 UTC;;;;;;;;;;;;;;;;;;
2021/05/06;1800 UTC;;;;;;;;;;;;;;;;;;
2021/05/06;1900 UTC;;;;;;;;;;;;;;;;;;
2021/05/06;2000 UTC;;;;;;;;;;;;;;;;;;
2021/05/06;2100 UTC;;;;;;;;;;;;;;;;;;
2021/05/06;2200 UTC;;;;;;;;;;;;;;;;;;
2021/05/06;2300 UTC;;;;;;;;;;;;;;;;;;
2021/05/07;0000 UTC;;;;;;;;;;;;;;;;;;
2021/05/07;0100 UTC;;;;;;;;;;;;;;;;;;
2021/05/07;0200 UTC;;;;;;;;;;;;;;;;;;
2021/05/07;0300 UTC;;;;;;;;;;;;;;;;;;
2021/05/07;0400 UTC;;;;;;;;;;;;;;;;;;
2021/05/07;0500 UTC;;;;;;;;;;;;;;;;;;
2021/05/07;0600 UTC;;;;;;;;;;;;;;;;;;
2021/05/07;0700 UTC;;;;;;;;;;;;;;;;;;
2021/05/07;0800 UTC;;;;;;;;;;;;;;;;;;
2021/05/07;0900 UTC;;;;;;;;;;;;;;;;;;
2021/05/07;1000 UTC;;;;;;;;;;;;;;;;;;
2021/05/07;1100 UTC;;;;;;;;;;;;;;;;;;
2021/05/07;1200 UTC;;;;;;;;;;;;;;;;;;
2021/05/07;1300 UTC;;;;;;;;;;;;;;;;;;
2021/05/07;1400 UTC;;;;;;;;;;;;;;;;;;
2021/05/07;1500 UTC;;;;;;;;;;;;;;;;;;
2021/05/07;1600 UTC;;;;;;;;;;;;;;;;;;
2021/05/07;1700 UTC;;;;;;;;;;;;;;;;;;
2021/05/07;1800 UTC;;;;;;;;;;;;;;;;;;
2021/05/07;1900 UTC;;;;;;;;;;;;;;;;;;
2021/05/07;2000 UTC;;;;;;;;;;;;;;;;;;
2021/05/07;2100 UTC;;;;;;;;;;;;;;;;;;
2021/05/07;2200 UTC;;;;;;;;;;;;;;;;;;
2021/05/07;2300 UTC;;;;;;;;;;;;;;;;;;
2021/05/08;0000 UTC;;;;;;;;;;;;;;;;;;
2021/05/08;0100 UTC;;;;;;;;;;;;;;;;;;
2021/05/08;0200 UTC;;;;;;;;;;;;;;;;;;
2021/05/08;0300 UTC;;;;;;;;;;;;;;;;;;
2021/05/08;0400 UTC;;;;;;;;;;;;;;;;;;
2021/05/08;0500 UTC;;;;;;;;;;;;;;;;;;
2021/05/08;0600 UTC;;;;;;;;;;;;;;;;;;
2021/05/08;0700 UTC;;;;;;;;;;;;;;;;;;
2021/05/08;0800 UTC;;;;;;;;;;;;;;;;;;
2021/05/08;0900 UTC;;;;;;;;;;;;;;;;;;
2021/05/08;1000 UTC;;;;;;;;;;;;;;;;;;
2021/05/08;1100 UTC;;;;;;;;;;;;;;;;;;
2021/05/08;1200 UTC;;;;;;;;;;;;;;;;;;
2021/05/08;1300 UTC;;;;;;;;;;;;;;;;;;
2021/05/08;1400 UTC;;;;;;;;;;;;;;;;;;
2021/05/08;1500 UTC;;;;;;;;;;;;;;;;;;
2021/05/08;1600 UTC;;;;;;;;;;;;;;;;;;
2021/05/08;1700 UTC;;;;;;;;;;;;;;;;;;
2021/05/08;1800 UTC;;;;;;;;;;;;;;;;;;
2021/05/08;1900 UTC;;;;;;;;;;;;;;;;;;
2021/05/08;2000 UTC;;;;;;;;;;;;;;;;;;
2021/05/08;2100 UTC;;;;;;;;;;;;;;;;;;
2021/05/08;2200 UTC;;;;;;;;;;;;;;;;;;
2021/05/08;2300 UTC;;;;;;;;;;;;;;;;;;
2021/05/09;0000 UTC;;;;;;;;;;;;;;;;;;
2021/05/09;0100 UTC;;;;;;;;;;;;;;;;;;
2021/05/09;0200 UTC;;;;;;;;;;;;;;;;;;
2021/05/09;0300 UTC;;;;;;;;;;;;;;;;;;
2021/05/09;0400 UTC;;;;;;;;;;;;;;;;;;
2021/05/09;0500 UTC;;;;;;;;;;;;;;;;;;
2021/05/09;0600 UTC;;;;;;;;;;;;;;;;;;
2021/05/09;0700 UTC;;;;;;;;;;;;;;;;;;
2021/05/09;0800 UTC;;;;;;;;;;;;;;;;;;
2021/05/09;0900 UTC;;;;;;;;;;;;;;;;;;
2021/05/09;1000 UTC;;;;;;;;;;;;;;;;;;
2021/05/09;1100 UTC;;;;;;;;;;;;;;;;;;
2021/05/09;1200 UTC;;;;;;;;;;;;;;;;;;
2021/05/09;1300 UTC;;;;;;;;;;;;;;;;;;
2021/05/09;1400 UTC;;;;;;;;;;;;;;;;;;
2021/05/09;1500 UTC;;;;;;;;;;;;;;;;;;
2021/05/09;1600 UTC;;;;;;;;;;;;;;;;;;
2021/05/09;1700 UTC;;;;;;;;;;;;;;;;;;
2021/05/09;1800 UTC;;;;;;;;;;;;;;;;;;
2021/05/09;1900 UTC;;;;;;;;;;;;;;;;;;
2021/05/09;2000 UTC;;;;;;;;;;;;;;;;;;
2021/05/09;2100 UTC;;;;;;;;;;;;;;;;;;
2021/05/09;2200 UTC;;;;;;;;;;;;;;;;;;
2021/05/09;2300 UTC;;;;;;;;;;;;;;;;;;
2021/05/10;0000 UTC;;;;;;;;;;;;;;;;;;
2021/05/10;0100 UTC;;;;;;;;;;;;;;;;;;
2021/05/10;0200 UTC;;;;;;;;;;;;;;;;;;
2021/05/10;0300 UTC;;;;;;;;;;;;;;;;;;
2021/05/10;0400 UTC;;;;;;;;;;;;;;;;;;
2021/05/10;0500 UTC;;;;;;;;;;;;;;;;;;
2021/05/10;0600 UTC;;;;;;;;;;;;;;;;;;
2021/05/10;0700 UTC;;;;;;;;;;;;;;;;;;
2021/05/10;0800 UTC;;;;;;;;;;;;;;;;;;
2021/05/10;0900 UTC;;;;;;;;;;;;;;;;;;
2021/05/10;1000 UTC;;;;;;;;;;;;;;;;;;
2021/05/10;1100 UTC;;;;;;;;;;;;;;;;;;
2021/05/10;1200 UTC;;;;;;;;;;;;;;;;;;
2021/05/10;1300 UTC;;;;;;;;;;;;;;;;;;
2021/05/10;1400 UTC;;;;;;;;;;;;;;;;;;
2021/05/10;1500 UTC;;;;;;;;;;;;;;;;;;
2021/05/10;1600 UTC;;;;;;;;;;;;;;;;;;
2021/05/10;1700 UTC;;;;;;;;;;;;;;;;;;
2021/05/10;1800 UTC;;;;;;;;;;;;;;;;;;
2021/05/10;1900 UTC;;;;;;;;;;;;;;;;;;
2021/05/10;2000 UTC;;;;;;;;;;;;;;;;;;
2021/05/10;2100 UTC;;;;;;;;;;;;;;;;;;
2021/05/10;2200 UTC;;;;;;;;;;;;;;;;;;
2021/05/10;2300 UTC;;;;;;;;;;;;;;;;;;
2021/05/11;0000 UTC;;;;;;;;;;;;;;;;;;
2021/05/11;0100 UTC;;;;;;;;;;;;;;;;;;
2021/05/11;0200 UTC;;;;;;;;;;;;;;;;;;
2021/05/11;0300 UTC;;;;;;;;;;;;;;;;;;
2021/05/11;0400 UTC;;;;;;;;;;;;;;;;;;
2021/05/11;0500 UTC;;;;;;;;;;;;;;;;;;
2021/05/11;0600 UTC;;;;;;;;;;;;;;;;;;
2021/05/11;0700 UTC;;;;;;;;;;;;;;;;;;
2021/05/11;0800 UTC;;;;;;;;;;;;;;;;;;
2021/05/11;0900 UTC;;;;;;;;;;;;;;;;;;
2021/05/11;1000 UTC;;;;;;;;;;;;;;;;;;
2021/05/11;1100 UTC;;;;;;;;;;;;;;;;;;
2021/05/11;1200 UTC;;;;;;;;;;;;;;;;;;
2021/05/11;1300 UTC;;;;;;;;;;;;;;;;;;
2021/05/11;1400 UTC;;;;;;;;;;;;;;;;;;
2021/05/11;1500 UTC;;;;;;;;;;;;;;;;;;
2021/05/11;1600 UTC;;;;;;;;;;;;;;;;;;
2021/05/11;1700 UTC;;;;;;;;;;;;;;;;;;
2021/05/11;1800 UTC;;;;;;;;;;;;;;;;;;
2021/05/11;1900 UTC;;;;;;;;;;;;;;;;;;
2021/05/11;2000 UTC;;;;;;;;;;;;;;;;;;
2021/05/11;2100 UTC;;;;;;;;;;;;;;;;;;
2021/05/11;2200 UTC;;;;;;;;;;;;;;;;;;
2021/05/11;2300 UTC;;;;;;;;;;;;;;;;;;
2021/05/12;0000 UTC;;;;;;;;;;;;;;;;;;
2021/05/12;0100 UTC;;;;;;;;;;;;;;;;;;
2021/05/12;0200 UTC;;;;;;;;;;;;;;;;;;
2021/05/12;0300 UTC;;;;;;;;;;;;;;;;;;
2021/05/12;0400 UTC;;;;;;;;;;;;;;;;;;
2021/05/12;0500 UTC;;;;;;;;;;;;;;;;;;
2021/05/12;0600 UTC;;;;;;;;;;;;;;;;;;
2021/05/12;0700 UTC;;;;;;;;;;;;;;;;;;
2021/05/12;0800 UTC;;;;;;;;;;;;;;;;;;
2021/05/12;0900 UTC;;;;;;;;;;;;;;;;;;
2021/05/12;1000 UTC;;;;;;;;;;;;;;;;;;
2021/05/12;1100 UTC;;;;;;;;;;;;;;;;;;
2021/05/12;1200 UTC;;;;;;;;;;;;;;;;;;
2021/05/12;1300 UTC;;;;;;;;;;;;;;;;;;
2021/05/12;1400 UTC;;;;;;;;;;;;;;;;;;
2021/05/12;1500 UTC;;;;;;;;;;;;;;;;;;
2021/05/12;1600 UTC;;;;;;;;;;;;;;;;;;
2021/05/12;1700 UTC;;;;;;;;;;;;;;;;;;
2021/05/12;1800 UTC;;;;;;;;;;;;;;;;;;
2021/05/12;1900 UTC;;;;;;;;;;;;;;;;;;
2021/05/12;2000 UTC;;;;;;;;;;;;;;;;;;
2021/05/12;2100 UTC;;;;;;;;;;;;;;;;;;
2021/05/12;2200 UTC;;;;;;;;;;;;;;;;;;
2021/05/12;2300 UTC;;;;;;;;;;;;;;;;;;
2021/05/13;0000 UTC;;;;;;;;;;;;;;;;;;
2021/05/13;0100 UTC;;;;;;;;;;;;;;;;;;
2021/05/13;0200 UTC;;;;;;;;;;;;;;;;;;
2021/05/13;0300 UTC;;;;;;;;;;;;;;;;;;
2021/05/13;0400 UTC;;;;;;;;;;;;;;;;;;
2021/05/13;0500 UTC;;;;;;;;;;;;;;;;;;
2021/05/13;0600 UTC;;;;;;;;;;;;;;;;;;
2021/05/13;0700 UTC;;;;;;;;;;;;;;;;;;
2021/05/13;0800 UTC;;;;;;;;;;;;;;;;;;
2021/05/13;0900 UTC;;;;;;;;;;;;;;;;;;
2021/05/13;1000 UTC;;;;;;;;;;;;;;;;;;
2021/05/13;1100 UTC;;;;;;;;;;;;;;;;;;
2021/05/13;1200 UTC;;;;;;;;;;;;;;;;;;
2021/05/13;1300 UTC;;;;;;;;;;;;;;;;;;
2021/05/13;1400 UTC;;;;;;;;;;;;;;;;;;
2021/05/13;1500 UTC;;;;;;;;;;;;;;;;;;
2021/05/13;1600 UTC;;;;;;;;;;;;;;;;;;
2021/05/13;1700 UTC;;;;;;;;;;;;;;;;;;
2021/05/13;1800 UTC;;;;;;;;;;;;;;;;;;
2021/05/13;1900 UTC;;;;;;;;;;;;;;;;;;
2021/05/13;2000 UTC;;;;;;;;;;;;;;;;;;
2021/05/13;2100 UTC;;;;;;;;;;;;;;;;;;
2021/05/13;2200 UTC;;;;;;;;;;;;;;;;;;
2021/05/13;2300 UTC;;;;;;;;;;;;;;;;;;
2021/05/14;0000 UTC;;;;;;;;;;;;;;;;;;
2021/05/14;0100 UTC;;;;;;;;;;;;;;;;;;
2021/05/14;0200 UTC;;;;;;;;;;;;;;;;;;
2021/05/14;0300 UTC;;;;;;;;;;;;;;;;;;
2021/05/14;0400 UTC;;;;;;;;;;;;;;;;;;
2021/05/14;0500 UTC;;;;;;;;;;;;;;;;;;
2021/05/14;0600 UTC;;;;;;;;;;;;;;;;;;
2021/05/14;0700 UTC;;;;;;;;;;;;;;;;;;
2021/05/14;0800 UTC;;;;;;;;;;;;;;;;;;
2021/05/14;0900 UTC;;;;;;;;;;;;;;;;;;
2021/05/14;1000 UTC;;;;;;;;;;;;;;;;;;
2021/05/14;1100 UTC;;;;;;;;;;;;;;;;;;
2021/05/14;1200 UTC;;;;;;;;;;;;;;;;;;
2021/05/14;1300 UTC;;;;;;;;;;;;;;;;;;
2021/05/14;1400 UTC;;;;;;;;;;;;;;;;;;
2021/05/14;1500 UTC;;;;;;;;;;;;;;;;;;
2021/05/14;1600 UTC;;;;;;;;;;;;;;;;;;
2021/05/14;1700 UTC;;;;;;;;;;;;;;;;;;
2021/05/14;1800 UTC;;;;;;;;;;;;;;;;;;
2021/05/14;1900 UTC;;;;;;;;;;;;;;;;;;
2021/05/14;2000 UTC;;;;;;;;;;;;;;;;;;
2021/05/14;2100 UTC;;;;;;;;;;;;;;;;;;
2021/05/14;2200 UTC;;;;;;;;;;;;;;;;;;
2021/05/14;2300 UTC;;;;;;;;;;;;;;;;;;
2021/05/15;0000 UTC;;;;;;;;;;;;;;;;;;
2021/05/15;0100 UTC;;;;;;;;;;;;;;;;;;
2021/05/15;0200 UTC;;;;;;;;;;;;;;;;;;
2021/05/15;0300 UTC;;;;;;;;;;;;;;;;;;
2021/05/15;0400 UTC;;;;;;;;;;;;;;;;;;
2021/05/15;0500 UTC;;;;;;;;;;;;;;;;;;
2021/05/15;0600 UTC;;;;;;;;;;;;;;;;;;
2021/05/15;0700 UTC;;;;;;;;;;;;;;;;;;
2021/05/15;0800 UTC;;;;;;;;;;;;;;;;;;
2021/05/15;0900 UTC;;;;;;;;;;;;;;;;;;
2021/05/15;1000 UTC;;;;;;;;;;;;;;;;;;
2021/05/15;1100 UTC;;;;;;;;;;;;;;;;;;
2021/05/15;1200 UTC;;;;;;;;;;;;;;;;;;
2021/05/15;1300 UTC;;;;;;;;;;;;;;;;;;
2021/05/15;1400 UTC;;;;;;;;;;;;;;;;;;
2021/05/15;1500 UTC;;;;;;;;;;;;;;;;;;
2021/05/15;1600 UTC;;;;;;;;;;;;;;;;;;
2021/05/15;1700 UTC;;;;;;;;;;;;;;;;;;
2021/05/15;1800 UTC;;;;;;;;;;;;;;;;;;
2021/05/15;1900 UTC;;;;;;;;;;;;;;;;;;
2021/05/15;2000 UTC;;;;;;;;;;;;;;;;;;
2021/05/15;2100 UTC;;;;;;;;;;;;;;;;;;
2021/05/15;2200 UTC;;;;;;;;;;;;;;;;;;
2021/05/15;2300 UTC;;;;;;;;;;;;;;;;;;
2021/05/16;0000 UTC;;;;;;;;;;;;;;;;;;
2021/05/16;0100 UTC;;;;;;;;;;;;;;;;;;
2021/05/16;0200 UTC;;;;;;;;;;;;;;;;;;
2021/05/16;0300 UTC;;;;;;;;;;;;;;;;;;
2021/05/16;0400 UTC;;;;;;;;;;;;;;;;;;
2021/05/16;0500 UTC;;;;;;;;;;;;;;;;;;
2021/05/16;0600 UTC;;;;;;;;;;;;;;;;;;
2021/05/16;0700 UTC;;;;;;;;;;;;;;;;;;
2021/05/16;0800 UTC;;;;;;;;;;;;;;;;;;
2021/05/16;0900 UTC;;;;;;;;;;;;;;;;;;
2021/05/16;1000 UTC;;;;;;;;;;;;;;;;;;
2021/05/16;1100 UTC;;;;;;;;;;;;;;;;;;
2021/05/16;1200 UTC;;;;;;;;;;;;;;;;;;
2021/05/16;1300 UTC;;;;;;;;;;;;;;;;;;
2021/05/16;1400 UTC;;;;;;;;;;;;;;;;;;
2021/05/16;1500 UTC;;;;;;;;;;;;;;;;;;
2021/05/16;1600 UTC;;;;;;;;;;;;;;;;;;
2021/05/16;1700 UTC;;;;;;;;;;;;;;;;;;
2021/05/16;1800 UTC;;;;;;;;;;;;;;;;;;
2021/05/16;1900 UTC;;;;;;;;;;;;;;;;;;
2021/05/16;2000 UTC;;;;;;;;;;;;;;;;;;
2021/05/16;2100 UTC;;;;;;;;;;;;;;;;;;
2021/05/16;2200 UTC;;;;;;;;;;;;;;;;;;
2021/05/16;2300 UTC;;;;;;;;;;;;;;;;;;
2021/05/17;0000 UTC;;;;;;;;;;;;;;;;;;
2021/05/17;0100 UTC;;;;;;;;;;;;;;;;;;
2021/05/17;0200 UTC;;;;;;;;;;;;;;;;;;
2021/05/17;0300 UTC;;;;;;;;;;;;;;;;;;
2021/05/17;0400 UTC;;;;;;;;;;;;;;;;;;
2021/05/17;0500 UTC;;;;;;;;;;;;;;;;;;
2021/05/17;0600 UTC;;;;;;;;;;;;;;;;;;
2021/05/17;0700 UTC;;;;;;;;;;;;;;;;;;
2021/05/17;0800 UTC;;;;;;;;;;;;;;;;;;
2021/05/17;0900 UTC;;;;;;;;;;;;;;;;;;
2021/05/17;1000 UTC;;;;;;;;;;;;;;;;;;
2021/05/17;1100 UTC;;;;;;;;;;;;;;;;;;
2021/05/17;1200 UTC;;;;;;;;;;;;;;;;;;
2021/05/17;1300 UTC;;;;;;;;;;;;;;;;;;
2021/05/17;1400 UTC;;;;;;;;;;;;;;;;;;
2021/05/17;1500 UTC;;;;;;;;;;;;;;;;;;
2021/05/17;1600 UTC;;;;;;;;;;;;;;;;;;
2021/05/17;1700 UTC;;;;;;;;;;;;;;;;;;
2021/05/17;1800 UTC;;;;;;;;;;;;;;;;;;
2021/05/17;1900 UTC;;;;;;;;;;;;;;;;;;
2021/05/17;2000 UTC;;;;;;;;;;;;;;;;;;
2021/05/17;2100 UTC;;;;;;;;;;;;;;;;;;
2021/05/17;2200 UTC;;;;;;;;;;;;;;;;;;
2021/05/17;2300 UTC;;;;;;;;;;;;;;;;;;
2021/05/18;0000 UTC;;;;;;;;;;;;;;;;;;
2021/05/18;0100 UTC;;;;;;;;;;;;;;;;;;
2021/05/18;0200 UTC;;;;;;;;;;;;;;;;;;
2021/05/18;0300 UTC;;;;;;;;;;;;;;;;;;
2021/05/18;0400 UTC;;;;;;;;;;;;;;;;;;
2021/05/18;0500 UTC;;;;;;;;;;;;;;;;;;
2021/05/18;0600 UTC;;;;;;;;;;;;;;;;;;
2021/05/18;0700 UTC;;;;;;;;;;;;;;;;;;
2021/05/18;0800 UTC;;;;;;;;;;;;;;;;;;
2021/05/18;0900 UTC;;;;;;;;;;;;;;;;;;
2021/05/18;1000 UTC;;;;;;;;;;;;;;;;;;
2021/05/18;1100 UTC;;;;;;;;;;;;;;;;;;
2021/05/18;1200 UTC;;;;;;;;;;;;;;;;;;
2021/05/18;1300 UTC;;;;;;;;;;;;;;;;;;
2021/05/18;1400 UTC;;;;;;;;;;;;;;;;;;
2021/05/18;1500 UTC;;;;;;;;;;;;;;;;;;
2021/05/18;1600 UTC;;;;;;;;;;;;;;;;;;
2021/05/18;1700 UTC;;;;;;;;;;;;;;;;;;
2021/05/18;1800 UTC;;;;;;;;;;;;;;;;;;
2021/05/18;1900 UTC;;;;;;;;;;;;;;;;;;
2021/05/18;2000 UTC;;;;;;;;;;;;;;;;;;
2021/05/18;2100 UTC;;;;;;;;;;;;;;;;;;
2021/05/18;2200 UTC;;;;;;;;;;;;;;;;;;
2021/05/18;2300 UTC;;;;;;;;;;;;;;;;;;
2021/05/19;0000 UTC;;;;;;;;;;;;;;;;;;
2021/05/19;0100 UTC;;;;;;;;;;;;;;;;;;
2021/05/19;0200 UTC;;;;;;;;;;;;;;;;;;
2021/05/19;0300 UTC;;;;;;;;;;;;;;;;;;
2021/05/19;0400 UTC;;;;;;;;;;;;;;;;;;
2021/05/19;0500 UTC;;;;;;;;;;;;;;;;;;
2021/05/19;0600 UTC;;;;;;;;;;;;;;;;;;
2021/05/19;0700 UTC;;;;;;;;;;;;;;;;;;
2021/05/19;0800 UTC;;;;;;;;;;;;;;;;;;
2021/05/19;0900 UTC;;;;;;;;;;;;;;;;;;
2021/05/19;1000 UTC;;;;;;;;;;;;;;;;;;
2021/05/19;1100 UTC;;;;;;;;;;;;;;;;;;
2021/05/19;1200 UTC;;;;;;;;;;;;;;;;;;
2021/05/19;1300 UTC;;;;;;;;;;;;;;;;;;
2021/05/19;1400 UTC;;;;;;;;;;;;;;;;;;
2021/05/19;1500 UTC;;;;;;;;;;;;;;;;;;
2021/05/19;1600 UTC;;;;;;;;;;;;;;;;;;
2021/05/19;1700 UTC;;;;;;;;;;;;;;;;;;
2021/05/19;1800 UTC;;;;;;;;;;;;;;;;;;
2021/05/19;1900 UTC;;;;;;;;;;;;;;;;;;
2021/05/19;2000 UTC;;;;;;;;;;;;;;;;;;
2021/05/19;2100 UTC;;;;;;;;;;;;;;;;;;
2021/05/19;2200 UTC;;;;;;;;;;;;;;;;;;
2021/05/19;2300 UTC;;;;;;;;;;;;;;;;;;
2021/05/20;0000 UTC;;;;;;;;;;;;;;;;;;
2021/05/20;0100 UTC;;;;;;;;;;;;;;;;;;
2021/05/20;0200 UTC;;;;;;;;;;;;;;;;;;
2021/05/20;0300 UTC;;;;;;;;;;;;;;;;;;
2021/05/20;0400 UTC;;;;;;;;;;;;;;;;;;
2021/05/20;0500 UTC;;;;;;;;;;;;;;;;;;
2021/05/20;0600 UTC;;;;;;;;;;;;;;;;;;
2021/05/20;0700 UTC;;;;;;;;;;;;;;;;;;
2021/05/20;0800 UTC;;;;;;;;;;;;;;;;;;
2021/05/20;0900 UTC;;;;;;;;;;;;;;;;;;
2021/05/20;1000 UTC;;;;;;;;;;;;;;;;;;
2021/05/20;1100 UTC;;;;;;;;;;;;;;;;;;
2021/05/20;1200 UTC;;;;;;;;;;;;;;;;;;
2021/05/20;1300 UTC;;;;;;;;;;;;;;;;;;
2021/05/20;1400 UTC;;;;;;;;;;;;;;;;;;
2021/05/20;1500 UTC;;;;;;;;;;;;;;;;;;
2021/05/20;1600 UTC;;;;;;;;;;;;;;;;;;
2021/05/20;1700 UTC;;;;;;;;;;;;;;;;;;
2021/05/20;1800 UTC;;;;;;;;;;;;;;;;;;
2021/05/20;1900 UTC;;;;;;;;;;;;;;;;;;
2021/05/20;2000 UTC;;;;;;;;;;;;;;;;;;
2021/05/20;2100 UTC;;;;;;;;;;;;;;;;;;
2021/05/20;2200 UTC;;;;;;;;;;;;;;;;;;
2021/05/20;2300 UTC;;;;;;;;;;;;;;;;;;
2021/05/21;0000 UTC;;;;;;;;;;;;;;;;;;
2021/05/21;0100 UTC;;;;;;;;;;;;;;;;;;
2021/05/21;0200 UTC;;;;;;;;;;;;;;;;;;
2021/05/21;0300 UTC;;;;;;;;;;;;;;;;;;
2021/05/21;0400 UTC;;;;;;;;;;;;;;;;;;
2021/05/21;0500 UTC;;;;;;;;;;;;;;;;;;
2021/05/21;0600 UTC;;;;;;;;;;;;;;;;;;
2021/05/21;0700 UTC;;;;;;;;;;;;;;;;;;
2021/05/21;0800 UTC;;;;;;;;;;;;;;;;;;
2021/05/21;0900 UTC;;;;;;;;;;;;;;;;;;
2021/05/21;1000 UTC;;;;;;;;;;;;;;;;;;
2021/05/21;1100 UTC;;;;;;;;;;;;;;;;;;
2021/05/21;1200 UTC;;;;;;;;;;;;;;;;;;
2021/05/21;1300 UTC;;;;;;;;;;;;;;;;;;
2021/05/21;1400 UTC;;;;;;;;;;;;;;;;;;
2021/05/21;1500 UTC;;;;;;;;;;;;;;;;;;
2021/05/21;1600 UTC;;;;;;;;;;;;;;;;;;
2021/05/21;1700 UTC;;;;;;;;;;;;;;;;;;
2021/05/21;1800 UTC;;;;;;;;;;;;;;;;;;
2021/05/21;1900 UTC;;;;;;;;;;;;;;;;;;
2021/05/21;2000 UTC;;;;;;;;;;;;;;;;;;
2021/05/21;2100 UTC;;;;;;;;;;;;;;;;;;
2021/05/21;2200 UTC;;;;;;;;;;;;;;;;;;
2021/05/21;2300 UTC;;;;;;;;;;;;;;;;;;
2021/05/22;0000 UTC;;;;;;;;;;;;;;;;;;
2021/05/22;0100 UTC;;;;;;;;;;;;;;;;;;
2021/05/22;0200 UTC;;;;;;;;;;;;;;;;;;
2021/05/22;0300 UTC;;;;;;;;;;;;;;;;;;
2021/05/22;0400 UTC;;;;;;;;;;;;;;;;;;
2021/05/22;0500 UTC;;;;;;;;;;;;;;;;;;
2021/05/22;0600 UTC;;;;;;;;;;;;;;;;;;
2021/05/22;0700 UTC;;;;;;;;;;;;;;;;;;
2021/05/22;0800 UTC;;;;;;;;;;;;;;;;;;
2021/05/22;0900 UTC;;;;;;;;;;;;;;;;;;
2021/05/22;1000 UTC;;;;;;;;;;;;;;;;;;
2021/05/22;1100 UTC;;;;;;;;;;;;;;;;;;
2021/05/22;1200 UTC;;;;;;;;;;;;;;;;;;
2021/05/22;1300 UTC;;;;;;;;;;;;;;;;;;
2021/05/22;1400 UTC;;;;;;;;;;;;;;;;;;
2021/05/22;1500 UTC;;;;;;;;;;;;;;;;;;
2021/05/22;1600 UTC;;;;;;;;;;;;;;;;;;
2021/05/22;1700 UTC;;;;;;;;;;;;;;;;;;
2021/05/22;1800 UTC;;;;;;;;;;;;;;;;;;
2021/05/22;1900 UTC;;;;;;;;;;;;;;;;;;
2021/05/22;2000 UTC;;;;;;;;;;;;;;;;;;
2021/05/22;2100 UTC;;;;;;;;;;;;;;;;;;
2021/05/22;2200 UTC;;;;;;;;;;;;;;;;;;
2021/05/22;2300 UTC;;;;;;;;;;;;;;;;;;
2021/05/23;0000 UTC;;;;;;;;;;;;;;;;;;
2021/05/23;0100 UTC;;;;;;;;;;;;;;;;;;
2021/05/23;0200 UTC;;;;;;;;;;;;;;;;;;
2021/05/23;0300 UTC;;;;;;;;;;;;;;;;;;
2021/05/23;0400 UTC;;;;;;;;;;;;;;;;;;
2021/05/23;0500 UTC;;;;;;;;;;;;;;;;;;
2021/05/23;0600 UTC;;;;;;;;;;;;;;;;;;
2021/05/23;0700 UTC;;;;;;;;;;;;;;;;;;
2021/05/23;0800 UTC;;;;;;;;;;;;;;;;;;
2021/05/23;0900 UTC;;;;;;;;;;;;;;;;;;
2021/05/23;1000 UTC;;;;;;;;;;;;;;;;;;
2021/05/23;1100 UTC;;;;;;;;;;;;;;;;;;
2021/05/23;1200 UTC;;;;;;;;;;;;;;;;;;
2021/05/23;1300 UTC;;;;;;;;;;;;;;;;;;
2021/05/23;1400 UTC;;;;;;;;;;;;;;;;;;
2021/05/23;1500 UTC;;;;;;;;;;;;;;;;;;
2021/05/23;1600 UTC;;;;;;;;;;;;;;;;;;
2021/05/23;1700 UTC;;;;;;;;;;;;;;;;;;
2021/05/23;1800 UTC;;;;;;;;;;;;;;;;;;
2021/05/23;1900 UTC;;;;;;;;;;;;;;;;;;
2021/05/23;2000 UTC;;;;;;;;;;;;;;;;;;
2021/05/23;2100 UTC;;;;;;;;;;;;;;;;;;
2021/05/23;2200 UTC;;;;;;;;;;;;;;;;;;
2021/05/23;2300 UTC;;;;;;;;;;;;;;;;;;
2021/05/24;0000 UTC;;;;;;;;;;;;;;;;;;
2021/05/24;0100 UTC;;;;;;;;;;;;;;;;;;
2021/05/24;0200 UTC;;;;;;;;;;;;;;;;;;
2021/05/24;0300 UTC;;;;;;;;;;;;;;;;;;
2021/05/24;0400 UTC;;;;;;;;;;;;;;;;;;
2021/05/24;0500 UTC;;;;;;;;;;;;;;;;;;
2021/05/24;0600 UTC;;;;;;;;;;;;;;;;;;
2021/05/24;0700 UTC;;;;;;;;;;;;;;;;;;
2021/05/24;0800 UTC;;;;;;;;;;;;;;;;;;
2021/05/24;0900 UTC;;;;;;;;;;;;;;;;;;
2021/05/24;1000 UTC;;;;;;;;;;;;;;;;;;
2021/05/24;1100 UTC;;;;;;;;;;;;;;;;;;
2021/05/24;1200 UTC;;;;;;;;;;;;;;;;;;
2021/05/24;1300 UTC;;;;;;;;;;;;;;;;;;
2021/05/24;1400 UTC;;;;;;;;;;;;;;;;;;
2021/05/24;1500 UTC;;;;;;;;;;;;;;;;;;
2021/05/24;1600 UTC;;;;;;;;;;;;;;;;;;
2021/05/24;1700 UTC;;;;;;;;;;;;;;;;;;
2021/05/24;1800 UTC;;;;;;;;;;;;;;;;;;
2021/05/24;1900 UTC;;;;;;;;;;;;;;;;;;
2021/05/24;2000 UTC;;;;;;;;;;;;;;;;;;
2021/05/24;2100 UTC;;;;;;;;;;;;;;;;;;
2021/05/24;2200 UTC;;;;;;;;;;;;;;;;;;
2021/05/24;2300 UTC;;;;;;;;;;;;;;;;;;
2021/05/25;0000 UTC;;;;;;;;;;;;;;;;;;
2021/05/25;0100 UTC;;;;;;;;;;;;;;;;;;
2021/05/25;0200 UTC;;;;;;;;;;;;;;;;;;
2021/05/25;0300 UTC;;;;;;;;;;;;;;;;;;
2021/05/25;0400 UTC;;;;;;;;;;;;;;;;;;
2021/05/25;0500 UTC;;;;;;;;;;;;;;;;;;
2021/05/25;0600 UTC;;;;;;;;;;;;;;;;;;
2021/05/25;0700 UTC;;;;;;;;;;;;;;;;;;
2021/05/25;0800 UTC;;;;;;;;;;;;;;;;;;
2021/05/25;0900 UTC;;;;;;;;;;;;;;;;;;
2021/05/25;1000 UTC;;;;;;;;;;;;;;;;;;
2021/05/25;1100 UTC;;;;;;;;;;;;;;;;;;
2021/05/25;1200 UTC;;;;;;;;;;;;;;;;;;
2021/05/25;1300 UTC;;;;;;;;;;;;;;;;;;
2021/05/25;1400 UTC;;;;;;;;;;;;;;;;;;
2021/05/25;1500 UTC;;;;;;;;;;;;;;;;;;
2021/05/25;1600 UTC;;;;;;;;;;;;;;;;;;
2021/05/25;1700 UTC;;;;;;;;;;;;;;;;;;
2021/05/25;1800 UTC;;;;;;;;;;;;;;;;;;
2021/05/25;1900 UTC;;;;;;;;;;;;;;;;;;
2021/05/25;2000 UTC;;;;;;;;;;;;;;;;;;
2021/05/25;2100 UTC;;;;;;;;;;;;;;;;;;
2021/05/25;2200 UTC;;;;;;;;;;;;;;;;;;
2021/05/25;2300 UTC;;;;;;;;;;;;;;;;;;
2021/05/26;0000 UTC;;;;;;;;;;;;;;;;;;
2021/05/26;0100 UTC;;;;;;;;;;;;;;;;;;
2021/05/26;0200 UTC;;;;;;;;;;;;;;;;;;
2021/05/26;0300 UTC;;;;;;;;;;;;;;;;;;
2021/05/26;0400 UTC;;;;;;;;;;;;;;;;;;
2021/05/26;0500 UTC;;;;;;;;;;;;;;;;;;
2021/05/26;0600 UTC;;;;;;;;;;;;;;;;;;
2021/05/26;0700 UTC;;;;;;;;;;;;;;;;;;
2021/05/26;0800 UTC;;;;;;;;;;;;;;;;;;
2021/05/26;0900 UTC;;;;;;;;;;;;;;;;;;
2021/05/26;1000 UTC;;;;;;;;;;;;;;;;;;
2021/05/26;1100 UTC;;;;;;;;;;;;;;;;;;
2021/05/26;1200 UTC;;;;;;;;;;;;;;;;;;
2021/05/26;1300 UTC;;;;;;;;;;;;;;;;;;
2021/05/26;1400 UTC;;;;;;;;;;;;;;;;;;
2021/05/26;1500 UTC;;;;;;;;;;;;;;;;;;
2021/05/26;1600 UTC;;;;;;;;;;;;;;;;;;
2021/05/26;1700 UTC;;;;;;;;;;;;;;;;;;
2021/05/26;1800 UTC;;;;;;;;;;;;;;;;;;
2021/05/26;1900 UTC;;;;;;;;;;;;;;;;;;
2021/05/26;2000 UTC;;;;;;;;;;;;;;;;;;
2021/05/26;2100 UTC;;;;;;;;;;;;;;;;;;
2021/05/26;2200 UTC;;;;;;;;;;;;;;;;;;
2021/05/26;2300 UTC;;;;;;;;;;;;;;;;;;
2021/05/27;0000 UTC;;;;;;;;;;;;;;;;;;
2021/05/27;0100 UTC;;;;;;;;;;;;;;;;;;
2021/05/27;0200 UTC;;;;;;;;;;;;;;;;;;
2021/05/27;0300 UTC;;;;;;;;;;;;;;;;;;
2021/05/27;0400 UTC;;;;;;;;;;;;;;;;;;
2021/05/27;0500 UTC;;;;;;;;;;;;;;;;;;
2021/05/27;0600 UTC;;;;;;;;;;;;;;;;;;
2021/05/27;0700 UTC;;;;;;;;;;;;;;;;;;
2021/05/27;0800 UTC;;;;;;;;;;;;;;;;;;
2021/05/27;0900 UTC;;;;;;;;;;;;;;;;;;
2021/05/27;1000 UTC;;;;;;;;;;;;;;;;;;
2021/05/27;1100 UTC;;;;;;;;;;;;;;;;;;
2021/05/27;1200 UTC;;;;;;;;;;;;;;;;;;
2021/05/27;1300 UTC;;;;;;;;;;;;;;;;;;
2021/05/27;1400 UTC;;;;;;;;;;;;;;;;;;
2021/05/27;1500 UTC;;;;;;;;;;;;;;;;;;
2021/05/27;1600 UTC;;;;;;;;;;;;;;;;;;
2021/05/27;1700 UTC;;;;;;;;;;;;;;;;;;
2021/05/27;1800 UTC;;;;;;;;;;;;;;;;;;
2021/05/27;1900 UTC;;;;;;;;;;;;;;;;;;
2021/05/27;2000 UTC;;;;;;;;;;;;;;;;;;
2021/05/27;2100 UTC;;;;;;;;;;;;;;;;;;
2021/05/27;2200 UTC;;;;;;;;;;;;;;;;;;
2021/05/27;2300 UTC;;;;;;;;;;;;;;;;;;
2021/05/28;0000 UTC;;;;;;;;;;;;;;;;;;
2021/05/28;0100 UTC;;;;;;;;;;;;;;;;;;
2021/05/28;0200 UTC;;;;;;;;;;;;;;;;;;
2021/05/28;0300 UTC;;;;;;;;;;;;;;;;;;
2021/05/28;0400 UTC;;;;;;;;;;;;;;;;;;
2021/05/28;0500 UTC;;;;;;;;;;;;;;;;;;
2021/05/28;0600 UTC;;;;;;;;;;;;;;;;;;
2021/05/28;0700 UTC;;;;;;;;;;;;;;;;;;
2021/05/28;0800 UTC;;;;;;;;;;;;;;;;;;
2021/05/28;0900 UTC;;;;;;;;;;;;;;;;;;
2021/05/28;1000 UTC;;;;;;;;;;;;;;;;;;
2021/05/28;1100 UTC;;;;;;;;;;;;;;;;;;
2021/05/28;1200 UTC;;;;;;;;;;;;;;;;;;
2021/05/28;1300 UTC;;;;;;;;;;;;;;;;;;
2021/05/28;1400 UTC;;;;;;;;;;;;;;;;;;
2021/05/28;1500 UTC;;;;;;;;;;;;;;;;;;
2021/05/28;1600 UTC;;;;;;;;;;;;;;;;;;
2021/05/28;1700 UTC;;;;;;;;;;;;;;;;;;
2021/05/28;1800 UTC;;;;;;;;;;;;;;;;;;
2021/05/28;1900 UTC;;;;;;;;;;;;;;;;;;
2021/05/28;2000 UTC;;;;;;;;;;;;;;;;;;
2021/05/28;2100 UTC;;;;;;;;;;;;;;;;;;
2021/05/28;2200 UTC;;;;;;;;;;;;;;;;;;
2021/05/28;2300 UTC;;;;;;;;;;;;;;;;;;
2021/05/29;0000 UTC;;;;;;;;;;;;;;;;;;
2021/05/29;0100 UTC;;;;;;;;;;;;;;;;;;
2021/05/29;0200 UTC;;;;;;;;;;;;;;;;;;
2021/05/29;0300 UTC;;;;;;;;;;;;;;;;;;
2021/05/29;0400 UTC;;;;;;;;;;;;;;;;;;
2021/05/29;0500 UTC;;;;;;;;;;;;;;;;;;
2021/05/29;0600 UTC;;;;;;;;;;;;;;;;;;
2021/05/29;0700 UTC;;;;;;;;;;;;;;;;;;
2021/05/29;0800 UTC;;;;;;;;;;;;;;;;;;
2021/05/29;0900 UTC;;;;;;;;;;;;;;;;;;
2021/05/29;1000 UTC;;;;;;;;;;;;;;;;;;
2021/05/29;1100 UTC;;;;;;;;;;;;;;;;;;
2021/05/29;1200 UTC;;;;;;;;;;;;;;;;;;
2021/05/29;1300 UTC;;;;;;;;;;;;;;;;;;
2021/05/29;1400 UTC;;;;;;;;;;;;;;;;;;
2021/05/29;1500 UTC;;;;;;;;;;;;;;;;;;
2021/05/29;1600 UTC;;;;;;;;;;;;;;;;;;
2021/05/29;1700 UTC;;;;;;;;;;;;;;;;;;
2021/05/29;1800 UTC;;;;;;;;;;;;;;;;;;
2021/05/29;1900 UTC;;;;;;;;;;;;;;;;;;
2021/05/29;2000 UTC;;;;;;;;;;;;;;;;;;
2021/05/29;2100 UTC;;;;;;;;;;;;;;;;;;
2021/05/29;2200 UTC;;;;;;;;;;;;;;;;;;
2021/05/29;2300 UTC;;;;;;;;;;;;;;;;;;
2021/05/30;0000 UTC;;;;;;;;;;;;;;;;;;
2021/05/30;0100 UTC;;;;;;;;;;;;;;;;;;
2021/05/30;0200 UTC;;;;;;;;;;;;;;;;;;
2021/05/30;0300 UTC;;;;;;;;;;;;;;;;;;
2021/05/30;0400 UTC;;;;;;;;;;;;;;;;;;
2021/05/30;0500 UTC;;;;;;;;;;;;;;;;;;
2021/05/30;0600 UTC;;;;;;;;;;;;;;;;;;
2021/05/30;0700 UTC;;;;;;;;;;;;;;;;;;
2021/05/30;0800 UTC;;;;;;;;;;;;;;;;;;
2021/05/30;0900 UTC;;;;;;;;;;;;;;;;;;
2021/05/30;1000 UTC;;;;;;;;;;;;;;;;;;
2021/05/30;1100 UTC;;;;;;;;;;;;;;;;;;
2021/05/30;1200 UTC;;;;;;;;;;;;;;;;;;
2021/05/30;1300 UTC;;;;;;;;;;;;;;;;;;
2021/05/30;1400 UTC;;;;;;;;;;;;;;;;;;
2021/05/30;1500 UTC;;;;;;;;;;;;;;;;;;
2021/05/30;1600 UTC;;;;;;;;;;;;;;;;;;
2021/05/30;1700 UTC;;;;;;;;;;;;;;;;;;
2021/05/30;1800 UTC;;;;;;;;;;;;;;;;;;
2021/05/30;1900 UTC;;;;;;;;;;;;;;;;;;
2021/05/30;2000 UTC;;;;;;;;;;;;;;;;;;
2021/05/30;2100 UTC;;;;;;;;;;;;;;;;;;
2021/05/30;2200 UTC;;;;;;;;;;;;;;;;;;
2021/05/30;2300 UTC;;;;;;;;;;;;;;;;;;
2021/05/31;0000 UTC;;;;;;;;;;;;;;;;;;
2021/05/31;0100 UTC;;;;;;;;;;;;;;;;;;
2021/05/31;0200 UTC;;;;;;;;;;;;;;;;;;
2021/05/31;0300 UTC;;;;;;;;;;;;;;;;;;
2021/05/31;0400 UTC;;;;;;;;;;;;;;;;;;
2021/05/31;0500 UTC;;;;;;;;;;;;;;;;;;
2021/05/31;0600 UTC;;;;;;;;;;;;;;;;;;
2021/05/31;0700 UTC;;;;;;;;;;;;;;;;;;
2021/05/31;0800 UTC;;;;;;;;;;;;;;;;;;
2021/05/31;0900 UTC;;;;;;;;;;;;;;;;;;
2021/05/31;1000 UTC;;;;;;;;;;;;;;;;;;
2021/05/31;1100 UTC;;;;;;;;;;;;;;;;;;
2021/05/31;1200 UTC;;;;;;;;;;;;;;;;;;
2021/05/31;1300 UTC;;;;;;;;;;;;;;;;;;
2021/05/31;1400 UTC;;;;;;;;;;;;;;;;;;
2021/05/31;1500 UTC;;;;;;;;;;;;;;;;;;
2021/05/31;1600 UTC;;;;;;;;;;;;;;;;;;
2021/05/31;1700 UTC;;;;;;;;;;;;;;;;;;
2021/05/31;1800 UTC;;;;;;;;;;;;;;;;;;
2021/05/31;1900 UTC;;;;;;;;;;;;;;;;;;
2021/05/31;2000 UTC;;;;;;;;;;;;;;;;;;
2021/05/31;2100 UTC;;;;;;;;;;;;;;;;;;
2021/05/31;2200 UTC;;;;;;;;;;;;;;;;;;
2021/05/31;2300 UTC;;;;;;;;;;;;;;;;;;
2021/06/01;0000 UTC;;;;;;;;;;;;;;;;;;
2021/06/01;0100 UTC;;;;;;;;;;;;;;;;;;
2021/06/01;0200 UTC;;;;;;;;;;;;;;;;;;
2021/06/01;0300 UTC;;;;;;;;;;;;;;;;;;
2021/06/01;0400 UTC;;;;;;;;;;;;;;;;;;
2021/06/01;0500 UTC;;;;;;;;;;;;;;;;;;
2021/06/01;0600 UTC;;;;;;;;;;;;;;;;;;
2021/06/01;0700 UTC;;;;;;;;;;;;;;;;;;
2021/06/01;0800 UTC;;;;;;;;;;;;;;;;;;
2021/06/01;0900 UTC;;;;;;;;;;;;;;;;;;
2021/06/01;1000 UTC;;;;;;;;;;;;;;;;;;
2021/06/01;1100 UTC;;;;;;;;;;;;;;;;;;
2021/06/01;1200 UTC;;;;;;;;;;;;;;;;;;
2021/06/01;1300 UTC;;;;;;;;;;;;;;;;;;
2021/06/01;1400 UTC;;;;;;;;;;;;;;;;;;
2021/06/01;1500 UTC;;;;;;;;;;;;;;;;;;
2021/06/01;1600 UTC;;;;;;;;;;;;;;;;;;
2021/06/01;1700 UTC;;;;;;;;;;;;;;;;;;
2021/06/01;1800 UTC;;;;;;;;;;;;;;;;;;
2021/06/01;1900 UTC;;;;;;;;;;;;;;;;;;
2021/06/01;2000 UTC;;;;;;;;;;;;;;;;;;
2021/06/01;2100 UTC;;;;;;;;;;;;;;;;;;
2021/06/01;2200 UTC;;;;;;;;;;;;;;;;;;
2021/06/01;2300 UTC;;;;;;;;;;;;;;;;;;
2021/06/02;0000 UTC;;;;;;;;;;;;;;;;;;
2021/06/02;0100 UTC;;;;;;;;;;;;;;;;;;
2021/06/02;0200 UTC;;;;;;;;;;;;;;;;;;
2021/06/02;0300 UTC;;;;;;;;;;;;;;;;;;
2021/06/02;0400 UTC;;;;;;;;;;;;;;;;;;
2021/06/02;0500 UTC;;;;;;;;;;;;;;;;;;
2021/06/02;0600 UTC;;;;;;;;;;;;;;;;;;
2021/06/02;0700 UTC;;;;;;;;;;;;;;;;;;
2021/06/02;0800 UTC;;;;;;;;;;;;;;;;;;
2021/06/02;0900 UTC;;;;;;;;;;;;;;;;;;
2021/06/02;1000 UTC;;;;;;;;;;;;;;;;;;
2021/06/02;1100 UTC;;;;;;;;;;;;;;;;;;
2021/06/02;1200 UTC;;;;;;;;;;;;;;;;;;
2021/06/02;1300 UTC;;;;;;;;;;;;;;;;;;
2021/06/02;1400 UTC;;;;;;;;;;;;;;;;;;
2021/06/02;1500 UTC;;;;;;;;;;;;;;;;;;
2021/06/02;1600 UTC;;;;;;;;;;;;;;;;;;
2021/06/02;1700 UTC;;;;;;;;;;;;;;;;;;
2021/06/02;1800 UTC;;;;;;;;;;;;;;;;;;
2021/06/02;1900 UTC;;;;;;;;;;;;;;;;;;
2021/06/02;2000 UTC;;;;;;;;;;;;;;;;;;
2021/06/02;2100 UTC;;;;;;;;;;;;;;;;;;
2021/06/02;2200 UTC;;;;;;;;;;;;;;;;;;
2021/06/02;2300 UTC;;;;;;;;;;;;;;;;;;
2021/06/03;0000 UTC;;;;;;;;;;;;;;;;;;
2021/06/03;0100 UTC;;;;;;;;;;;;;;;;;;
2021/06/03;0200 UTC;;;;;;;;;;;;;;;;;;
2021/06/03;0300 UTC;;;;;;;;;;;;;;;;;;
2021/06/03;0400 UTC;;;;;;;;;;;;;;;;;;
2021/06/03;0500 UTC;;;;;;;;;;;;;;;;;;
2021/06/03;0600 UTC;;;;;;;;;;;;;;;;;;
2021/06/03;0700 UTC;;;;;;;;;;;;;;;;;;
2021/06/03;0800 UTC;;;;;;;;;;;;;;;;;;
2021/06/03;0900 UTC;;;;;;;;;;;;;;;;;;
2021/06/03;1000 UTC;;;;;;;;;;;;;;;;;;
2021/06/03;1100 UTC;;;;;;;;;;;;;;;;;;
2021/06/03;1200 UTC;;;;;;;;;;;;;;;;;;
2021/06/03;1300 UTC;;;;;;;;;;;;;;;;;;
2021/06/03;1400 UTC;;;;;;;;;;;;;;;;;;
2021/06/03;1500 UTC;;;;;;;;;;;;;;;;;;
2021/06/03;1600 UTC;;;;;;;;;;;;;;;;;;
2021/06/03;1700 UTC;;;;;;;;;;;;;;;;;;
2021/06/03;1800 UTC;;;;;;;;;;;;;;;;;;
2021/06/03;1900 UTC;;;;;;;;;;;;;;;;;;
2021/06/03;2000 UTC;;;;;;;;;;;;;;;;;;
2021/06/03;2100 UTC;;;;;;;;;;;;;;;;;;
2021/06/03;2200 UTC;;;;;;;;;;;;;;;;;;
2021/06/03;2300 UTC;;;;;;;;;;;;;;;;;;
2021/06/04;0000 UTC;;;;;;;;;;;;;;;;;;
2021/06/04;0100 UTC;;;;;;;;;;;;;;;;;;
2021/06/04;0200 UTC;;;;;;;;;;;;;;;;;;
2021/06/04;0300 UTC;;;;;;;;;;;;;;;;;;
2021/06/04;0400 UTC;;;;;;;;;;;;;;;;;;
2021/06/04;0500 UTC;;;;;;;;;;;;;;;;;;
2021/06/04;0600 UTC;;;;;;;;;;;;;;;;;;
2021/06/04;0700 UTC;;;;;;;;;;;;;;;;;;
2021/06/04;0800 UTC;;;;;;;;;;;;;;;;;;
2021/06/04;0900 UTC;;;;;;;;;;;;;;;;;;
2021/06/04;1000 UTC;;;;;;;;;;;;;;;;;;
2021/06/04;1100 UTC;;;;;;;;;;;;;;;;;;
2021/06/04;1200 UTC;;;;;;;;;;;;;;;;;;
2021/06/04;1300 UTC;;;;;;;;;;;;;;;;;;
2021/06/04;1400 UTC;;;;;;;;;;;;;;;;;;
2021/06/04;1500 UTC;;;;;;;;;;;;;;;;;;
2021/06/04;1600 UTC;;;;;;;;;;;;;;;;;;
2021/06/04;1700 UTC;;;;;;;;;;;;;;;;;;
2021/06/04;1800 UTC;;;;;;;;;;;;;;;;;;
2021/06/04;1900 UTC;;;;;;;;;;;;;;;;;;
2021/06/04;2000 UTC;;;;;;;;;;;;;;;;;;
2021/06/04;2100 UTC;;;;;;;;;;;;;;;;;;
2021/06/04;2200 UTC;;;;;;;;;;;;;;;;;;
2021/06/04;2300 UTC;;;;;;;;;;;;;;;;;;
2021/06/05;0000 UTC;;;;;;;;;;;;;;;;;;
2021/06/05;0100 UTC;;;;;;;;;;;;;;;;;;
2021/06/05;0200 UTC;;;;;;;;;;;;;;;;;;
2021/06/05;0300 UTC;;;;;;;;;;;;;;;;;;
2021/06/05;0400 UTC;;;;;;;;;;;;;;;;;;
2021/06/05;0500 UTC;;;;;;;;;;;;;;;;;;
2021/06/05;0600 UTC;;;;;;;;;;;;;;;;;;
2021/06/05;0700 UTC;;;;;;;;;;;;;;;;;;
2021/06/05;0800 UTC;;;;;;;;;;;;;;;;;;
2021/06/05;0900 UTC;;;;;;;;;;;;;;;;;;
2021/06/05;1000 UTC;;;;;;;;;;;;;;;;;;
2021/06/05;1100 UTC;;;;;;;;;;;;;;;;;;
2021/06/05;1200 UTC;;;;;;;;;;;;;;;;;;
2021/06/05;1300 UTC;;;;;;;;;;;;;;;;;;
2021/06/05;1400 UTC;;;;;;;;;;;;;;;;;;
2021/06/05;1500 UTC;;;;;;;;;;;;;;;;;;
2021/06/05;1600 UTC;;;;;;;;;;;;;;;;;;
2021/06/05;1700 UTC;;;;;;;;;;;;;;;;;;
2021/06/05;1800 UTC;;;;;;;;;;;;;;;;;;
2021/06/05;1900 UTC;;;;;;;;;;;;;;;;;;
2021/06/05;2000 UTC;;;;;;;;;;;;;;;;;;
2021/06/05;2100 UTC;;;;;;;;;;;;;;;;;;
2021/06/05;2200 UTC;;;;;;;;;;;;;;;;;;
2021/06/05;2300 UTC;;;;;;;;;;;;;;;;;;
2021/06/06;0000 UTC;;;;;;;;;;;;;;;;;;
2021/06/06;0100 UTC;;;;;;;;;;;;;;;;;;
2021/06/06;0200 UTC;;;;;;;;;;;;;;;;;;
2021/06/06;0300 UTC;;;;;;;;;;;;;;;;;;
2021/06/06;0400 UTC;;;;;;;;;;;;;;;;;;
2021/06/06;0500 UTC;;;;;;;;;;;;;;;;;;
2021/06/06;0600 UTC;;;;;;;;;;;;;;;;;;
2021/06/06;0700 UTC;;;;;;;;;;;;;;;;;;
2021/06/06;0800 UTC;;;;;;;;;;;;;;;;;;
2021/06/06;0900 UTC;;;;;;;;;;;;;;;;;;
2021/06/06;1000 UTC;;;;;;;;;;;;;;;;;;
2021/06/06;1100 UTC;;;;;;;;;;;;;;;;;;
2021/06/06;1200 UTC;;;;;;;;;;;;;;;;;;
2021/06/06;1300 UTC;;;;;;;;;;;;;;;;;;
2021/06/06;1400 UTC;;;;;;;;;;;;;;;;;;
2021/06/06;1500 UTC;;;;;;;;;;;;;;;;;;
2021/06/06;1600 UTC;;;;;;;;;;;;;;;;;;
2021/06/06;1700 UTC;;;;;;;;;;;;;;;;;;
2021/06/06;1800 UTC;;;;;;;;;;;;;;;;;;
2021/06/06;1900 UTC;;;;;;;;;;;;;;;;;;
2021/06/06;2000 UTC;;;;;;;;;;;;;;;;;;
2021/06/06;2100 UTC;;;;;;;;;;;;;;;;;;
2021/06/06;2200 UTC;;;;;;;;;;;;;;;;;;
2021/06/06;2300 UTC;;;;;;;;;;;;;;;;;;
2021/06/07;0000 UTC;;;;;;;;;;;;;;;;;;
2021/06/07;0100 UTC;;;;;;;;;;;;;;;;;;
2021/06/07;0200 UTC;;;;;;;;;;;;;;;;;;
2021/06/07;0300 UTC;;;;;;;;;;;;;;;;;;
2021/06/07;0400 UTC;;;;;;;;;;;;;;;;;;
2021/06/07;0500 UTC;;;;;;;;;;;;;;;;;;
2021/06/07;0600 UTC;;;;;;;;;;;;;;;;;;
2021/06/07;0700 UTC;;;;;;;;;;;;;;;;;;
2021/06/07;0800 UTC;;;;;;;;;;;;;;;;;;
2021/06/07;0900 UTC;;;;;;;;;;;;;;;;;;
2021/06/07;1000 UTC;;;;;;;;;;;;;;;;;;
2021/06/07;1100 UTC;;;;;;;;;;;;;;;;;;
2021/06/07;1200 UTC;;;;;;;;;;;;;;;;;;
2021/06/07;1300 UTC;;;;;;;;;;;;;;;;;;
2021/06/07;1400 UTC;;;;;;;;;;;;;;;;;;
2021/06/07;1500 UTC;;;;;;;;;;;;;;;;;;
2021/06/07;1600 UTC;;;;;;;;;;;;;;;;;;
2021/06/07;1700 UTC;;;;;;;;;;;;;;;;;;
2021/06/07;1800 UTC;;;;;;;;;;;;;;;;;;
2021/06/07;1900 UTC;;;;;;;;;;;;;;;;;;
2021/06/07;2000 UTC;;;;;;;;;;;;;;;;;;
2021/06/07;2100 UTC;;;;;;;;;;;;;;;;;;
2021/06/07;2200 UTC;;;;;;;;;;;;;;;;;;
2021/06/07;2300 UTC;;;;;;;;;;;;;;;;;;
2021/06/08;0000 UTC;;;;;;;;;;;;;;;;;;
2021/06/08;0100 UTC;;;;;;;;;;;;;;;;;;
2021/06/08;0200 UTC;;;;;;;;;;;;;;;;;;
2021/06/08;0300 UTC;;;;;;;;;;;;;;;;;;
2021/06/08;0400 UTC;;;;;;;;;;;;;;;;;;
2021/06/08;0500 UTC;;;;;;;;;;;;;;;;;;
2021/06/08;0600 UTC;;;;;;;;;;;;;;;;;;
2021/06/08;0700 UTC;;;;;;;;;;;;;;;;;;
2021/06/08;0800 UTC;;;;;;;;;;;;;;;;;;
2021/06/08;0900 UTC;;;;;;;;;;;;;;;;;;
2021/06/08;1000 UTC;;;;;;;;;;;;;;;;;;
2021/06/08;1100 UTC;;;;;;;;;;;;;;;;;;
2021/06/08;1200 UTC;;;;;;;;;;;;;;;;;;
2021/06/08;1300 UTC;;;;;;;;;;;;;;;;;;
2021/06/08;1400 UTC;;;;;;;;;;;;;;;;;;
2021/06/08;1500 UTC;;;;;;;;;;;;;;;;;;
2021/06/08;1600 UTC;;;;;;;;;;;;;;;;;;
2021/06/08;1700 UTC;;;;;;;;;;;;;;;;;;
2021/06/08;1800 UTC;;;;;;;;;;;;;;;;;;
2021/06/08;1900 UTC;;;;;;;;;;;;;;;;;;
2021/06/08;2000 UTC;;;;;;;;;;;;;;;;;;
2021/06/08;2100 UTC;;;;;;;;;;;;;;;;;;
2021/06/08;2200 UTC;;;;;;;;;;;;;;;;;;
2021/06/08;2300 UTC;;;;;;;;;;;;;;;;;;
2021/06/09;0000 UTC;;;;;;;;;;;;;;;;;;
2021/06/09;0100 UTC;;;;;;;;;;;;;;;;;;
2021/06/09;0200 UTC;;;;;;;;;;;;;;;;;;
2021/06/09;0300 UTC;;;;;;;;;;;;;;;;;;
2021/06/09;0400 UTC;;;;;;;;;;;;;;;;;;
2021/06/09;0500 UTC;;;;;;;;;;;;;;;;;;
2021/06/09;0600 UTC;;;;;;;;;;;;;;;;;;
2021/06/09;0700 UTC;;;;;;;;;;;;;;;;;;
2021/06/09;0800 UTC;;;;;;;;;;;;;;;;;;
2021/06/09;0900 UTC;;;;;;;;;;;;;;;;;;
2021/06/09;1000 UTC;;;;;;;;;;;;;;;;;;
2021/06/09;1100 UTC;;;;;;;;;;;;;;;;;;
2021/06/09;1200 UTC;;;;;;;;;;;;;;;;;;
2021/06/09;1300 UTC;;;;;;;;;;;;;;;;;;
2021/06/09;1400 UTC;;;;;;;;;;;;;;;;;;
2021/06/09;1500 UTC;;;;;;;;;;;;;;;;;;
2021/06/09;1600 UTC;;;;;;;;;;;;;;;;;;
2021/06/09;1700 UTC;;;;;;;;;;;;;;;;;;
2021/06/09;1800 UTC;;;;;;;;;;;;;;;;;;
2021/06/09;1900 UTC;;;;;;;;;;;;;;;;;;
2021/06/09;2000 UTC;;;;;;;;;;;;;;;;;;
2021/06/09;2100 UTC;;;;;;;;;;;;;;;;;;
2021/06/09;2200 UTC;;;;;;;;;;;;;;;;;;
2021/06/09;2300 UTC;;;;;;;;;;;;;;;;;;
2021/06/10;0000 UTC;;;;;;;;;;;;;;;;;;
2021/06/10;0100 UTC;;;;;;;;;;;;;;;;;;
2021/06/10;0200 UTC;;;;;;;;;;;;;;;;;;
2021/06/10;0300 UTC;;;;;;;;;;;;;;;;;;
2021/06/10;0400 UTC;;;;;;;;;;;;;;;;;;
2021/06/10;0500 UTC;;;;;;;;;;;;;;;;;;
2021/06/10;0600 UTC;;;;;;;;;;;;;;;;;;
2021/06/10;0700 UTC;;;;;;;;;;;;;;;;;;
2021/06/10;0800 UTC;;;;;;;;;;;;;;;;;;
2021/06/10;0900 UTC;;;;;;;;;;;;;;;;;;
2021/06/10;1000 UTC;;;;;;;;;;;;;;;;;;
2021/06/10;1100 UTC;;;;;;;;;;;;;;;;;;
2021/06/10;1200 UTC;;;;;;;;;;;;;;;;;;
2021/06/10;1300 UTC;;;;;;;;;;;;;;;;;;
2021/06/10;1400 UTC;;;;;;;;;;;;;;;;;;
2021/06/10;1500 UTC;;;;;;;;;;;;;;;;;;
2021/06/10;1600 UTC;;;;;;;;;;;;;;;;;;
2021/06/10;1700 UTC;;;;;;;;;;;;;;;;;;
2021/06/10;1800 UTC;;;;;;;;;;;;;;;;;;
2021/06/10;1900 UTC;;;;;;;;;;;;;;;;;;
2021/06/10;2000 UTC;;;;;;;;;;;;;;;;;;
2021/06/10;2100 UTC;;;;;;;;;;;;;;;;;;
2021/06/10;2200 UTC;;;;;;;;;;;;;;;;;;
2021/06/10;2300 UTC;;;;;;;;;;;;;;;;;;
2021/06/11;0000 UTC;;;;;;;;;;;;;;;;;;
2021/06/11;0100 UTC;;;;;;;;;;;;;;;;;;
2021/06/11;0200 UTC;;;;;;;;;;;;;;;;;;
2021/06/11;0300 UTC;;;;;;;;;;;;;;;;;;
2021/06/11;0400 UTC;;;;;;;;;;;;;;;;;;
2021/06/11;0500 UTC;;;;;;;;;;;;;;;;;;
2021/06/11;0600 UTC;;;;;;;;;;;;;;;;;;
2021/06/11;0700 UTC;;;;;;;;;;;;;;;;;;
2021/06/11;0800 UTC;;;;;;;;;;;;;;;;;;
2021/06/11;0900 UTC;;;;;;;;;;;;;;;;;;
2021/06/11;1000 UTC;;;;;;;;;;;;;;;;;;
2021/06/11;1100 UTC;;;;;;;;;;;;;;;;;;
2021/06/11;1200 UTC;;;;;;;;;;;;;;;;;;
2021/06/11;1300 UTC;;;;;;;;;;;;;;;;;;
2021/06/11;1400 UTC;;;;;;;;;;;;;;;;;;
2021/06/11;1500 UTC;;;;;;;;;;;;;;;;;;
2021/06/11;1600 UTC;;;;;;;;;;;;;;;;;;
2021/06/11;1700 UTC;;;;;;;;;;;;;;;;;;
2021/06/11;1800 UTC;;;;;;;;;;;;;;;;;;
2021/06/11;1900 UTC;;;;;;;;;;;;;;;;;;
2021/06/11;2000 UTC;;;;;;;;;;;;;;;;;;
2021/06/11;2100 UTC;;;;;;;;;;;;;;;;;;
2021/06/11;2200 UTC;;;;;;;;;;;;;;;;;;
2021/06/11;2300 UTC;;;;;;;;;;;;;;;;;;
2021/06/12;0000 UTC;;;;;;;;;;;;;;;;;;
2021/06/12;0100 UTC;;;;;;;;;;;;;;;;;;
2021/06/12;0200 UTC;;;;;;;;;;;;;;;;;;
2021/06/12;0300 UTC;;;;;;;;;;;;;;;;;;
2021/06/12;0400 UTC;;;;;;;;;;;;;;;;;;
2021/06/12;0500 UTC;;;;;;;;;;;;;;;;;;
2021/06/12;0600 UTC;;;;;;;;;;;;;;;;;;
2021/06/12;0700 UTC;;;;;;;;;;;;;;;;;;
2021/06/12;0800 UTC;;;;;;;;;;;;;;;;;;
2021/06/12;0900 UTC;;;;;;;;;;;;;;;;;;
2021/06/12;1000 UTC;;;;;;;;;;;;;;;;;;
2021/06/12;1100 UTC;;;;;;;;;;;;;;;;;;
2021/06/12;1200 UTC;;;;;;;;;;;;;;;;;;
2021/06/12;1300 UTC;;;;;;;;;;;;;;;;;;
2021/06/12;1400 UTC;;;;;;;;;;;;;;;;;;
2021/06/12;1500 UTC;;;;;;;;;;;;;;;;;;
2021/06/12;1600 UTC;;;;;;;;;;;;;;;;;;
2021/06/12;1700 UTC;;;;;;;;;;;;;;;;;;
2021/06/12;1800 UTC;;;;;;;;;;;;;;;;;;
2021/06/12;1900 UTC;;;;;;;;;;;;;;;;;;
2021/06/12;2000 UTC;;;;;;;;;;;;;;;;;;
2021/06/12;2100 UTC;;;;;;;;;;;;;;;;;;
2021/06/12;2200 UTC;;;;;;;;;;;;;;;;;;
2021/06/12;2300 UTC;;;;;;;;;;;;;;;;;;
2021/06/13;0000 UTC;;;;;;;;;;;;;;;;;;
2021/06/13;0100 UTC;;;;;;;;;;;;;;;;;;
2021/06/13;0200 UTC;;;;;;;;;;;;;;;;;;
2021/06/13;0300 UTC;;;;;;;;;;;;;;;;;;
2021/06/13;0400 UTC;;;;;;;;;;;;;;;;;;
2021/06/13;0500 UTC;;;;;;;;;;;;;;;;;;
2021/06/13;0600 UTC;;;;;;;;;;;;;;;;;;
2021/06/13;0700 UTC;;;;;;;;;;;;;;;;;;
2021/06/13;0800 UTC;;;;;;;;;;;;;;;;;;
2021/06/13;0900 UTC;;;;;;;;;;;;;;;;;;
2021/06/13;1000 UTC;;;;;;;;;;;;;;;;;;
2021/06/13;1100 UTC;;;;;;;;;;;;;;;;;;
2021/06/13;1200 UTC;;;;;;;;;;;;;;;;;;
2021/06/13;1300 UTC;;;;;;;;;;;;;;;;;;
2021/06/13;1400 UTC;;;;;;;;;;;;;;;;;;
2021/06/13;1500 UTC;;;;;;;;;;;;;;;;;;
2021/06/13;1600 UTC;;;;;;;;;;;;;;;;;;
2021/06/13;1700 UTC;;;;;;;;;;;;;;;;;;
2021/06/13;1800 UTC;;;;;;;;;;;;;;;;;;
2021/06/13;1900 UTC;;;;;;;;;;;;;;;;;;
2021/06/13;2000 UTC;;;;;;;;;;;;;;;;;;
2021/06/13;2100 UTC;;;;;;;;;;;;;;;;;;
2021/06/13;2200 UTC;;;;;;;;;;;;;;;;;;
2021/06/13;2300 UTC;;;;;;;;;;;;;;;;;;
2021/06/14;0000 UTC;;;;;;;;;;;;;;;;;;
2021/06/14;0100 UTC;;;;;;;;;;;;;;;;;;
2021/06/14;0200 UTC;;;;;;;;;;;;;;;;;;
2021/06/14;0300 UTC;;;;;;;;;;;;;;;;;;
2021/06/14;0400 UTC;;;;;;;;;;;;;;;;;;
2021/06/14;0500 UTC;;;;;;;;;;;;;;;;;;
2021/06/14;0600 UTC;;;;;;;;;;;;;;;;;;
2021/06/14;0700 UTC;;;;;;;;;;;;;;;;;;
2021/06/14;0800 UTC;;;;;;;;;;;;;;;;;;
2021/06/14;0900 UTC;;;;;;;;;;;;;;;;;;
2021/06/14;1000 UTC;;;;;;;;;;;;;;;;;;
2021/06/14;1100 UTC;;;;;;;;;;;;;;;;;;
2021/06/14;1200 UTC;;;;;;;;;;;;;;;;;;
2021/06/14;1300 UTC;;;;;;;;;;;;;;;;;;
2021/06/14;1400 UTC;;;;;;;;;;;;;;;;;;
2021/06/14;1500 UTC;;;;;;;;;;;;;;;;;;
2021/06/14;1600 UTC;;;;;;;;;;;;;;;;;;
2021/06/14;1700 UTC;;;;;;;;;;;;;;;;;;
2021/06/14;1800 UTC;;;;;;;;;;;;;;;;;;
2021/06/14;1900 UTC;;;;;;;;;;;;;;;;;;
2021/06/14;2000 UTC;;;;;;;;;;;;;;;;;;
2021/06/14;2100 UTC;;;;;;;;;;;;;;;;;;
2021/06/14;2200 UTC;;;;;;;;;;;;;;;;;;
2021/06/14;2300 UTC;;;;;;;;;;;;;;;;;;
2021/06/15;0000 UTC;;;;;;;;;;;;;;;;;;
2021/06/15;0100 UTC;;;;;;;;;;;;;;;;;;
2021/06/15;0200 UTC;;;;;;;;;;;;;;;;;;
2021/06/15;0300 UTC;;;;;;;;;;;;;;;;;;
2021/06/15;0400 UTC;;;;;;;;;;;;;;;;;;
2021/06/15;0500 UTC;;;;;;;;;;;;;;;;;;
2021/06/15;0600 UTC;;;;;;;;;;;;;;;;;;
2021/06/15;0700 UTC;;;;;;;;;;;;;;;;;;
2021/06/15;0800 UTC;;;;;;;;;;;;;;;;;;
2021/06/15;0900 UTC;;;;;;;;;;;;;;;;;;
2021/06/15;1000 UTC;;;;;;;;;;;;;;;;;;
2021/06/15;1100 UTC;;;;;;;;;;;;;;;;;;
2021/06/15;1200 UTC;;;;;;;;;;;;;;;;;;
2021/06/15;1300 UTC;;;;;;;;;;;;;;;;;;
2021/06/15;1400 UTC;;;;;;;;;;;;;;;;;;
2021/06/15;1500 UTC;;;;;;;;;;;;;;;;;;
2021/06/15;1600 UTC;;;;;;;;;;;;;;;;;;
2021/06/15;1700 UTC;;;;;;;;;;;;;;;;;;
2021/06/15;1800 UTC;;;;;;;;;;;;;;;;;;
2021/06/15;1900 UTC;;;;;;;;;;;;;;;;;;
2021/06/15;2000 UTC;;;;;;;;;;;;;;;;;;
2021/06/15;2100 UTC;;;;;;;;;;;;;;;;;;
2021/06/15;2200 UTC;;;;;;;;;;;;;;;;;;
2021/06/15;2300 UTC;;;;;;;;;;;;;;;;;;
2021/06/16;0000 UTC;;;;;;;;;;;;;;;;;;
2021/06/16;0100 UTC;;;;;;;;;;;;;;;;;;
2021/06/16;0200 UTC;;;;;;;;;;;;;;;;;;
2021/06/16;0300 UTC;;;;;;;;;;;;;;;;;;
2021/06/16;0400 UTC;;;;;;;;;;;;;;;;;;
2021/06/16;0500 UTC;;;;;;;;;;;;;;;;;;
2021/06/16;0600 UTC;;;;;;;;;;;;;;;;;;
2021/06/16;0700 UTC;;;;;;;;;;;;;;;;;;
2021/06/16;0800 UTC;;;;;;;;;;;;;;;;;;
2021/06/16;0900 UTC;;;;;;;;;;;;;;;;;;
2021/06/16;1000 UTC;;;;;;;;;;;;;;;;;;
2021/06/16;1100 UTC;;;;;;;;;;;;;;;;;;
2021/06/16;1200 UTC;;;;;;;;;;;;;;;;;;
2021/06/16;1300 UTC;;;;;;;;;;;;;;;;;;
2021/06/16;1400 UTC;;;;;;;;;;;;;;;;;;
2021/06/16;1500 UTC;;;;;;;;;;;;;;;;;;
2021/06/16;1600 UTC;;;;;;;;;;;;;;;;;;
2021/06/16;1700 UTC;;;;;;;;;;;;;;;;;;
2021/06/16;1800 UTC;;;;;;;;;;;;;;;;;;
2021/06/16;1900 UTC;;;;;;;;;;;;;;;;;;
2021/06/16;2000 UTC;;;;;;;;;;;;;;;;;;
2021/06/16;2100 UTC;;;;;;;;;;;;;;;;;;
2021/06/16;2200 UTC;;;;;;;;;;;;;;;;;;
2021/06/16;2300 UTC;;;;;;;;;;;;;;;;;;
2021/06/17;0000 UTC;;;;;;;;;;;;;;;;;;
2021/06/17;0100 UTC;;;;;;;;;;;;;;;;;;
2021/06/17;0200 UTC;;;;;;;;;;;;;;;;;;
2021/06/17;0300 UTC;;;;;;;;;;;;;;;;;;
2021/06/17;0400 UTC;;;;;;;;;;;;;;;;;;
2021/06/17;0500 UTC;;;;;;;;;;;;;;;;;;
2021/06/17;0600 UTC;;;;;;;;;;;;;;;;;;
2021/06/17;0700 UTC;;;;;;;;;;;;;;;;;;
2021/06/17;0800 UTC;;;;;;;;;;;;;;;;;;
2021/06/17;0900 UTC;;;;;;;;;;;;;;;;;;
2021/06/17;1000 UTC;;;;;;;;;;;;;;;;;;
2021/06/17;1100 UTC;;;;;;;;;;;;;;;;;;
2021/06/17;1200 UTC;;;;;;;;;;;;;;;;;;
2021/06/17;1300 UTC;;;;;;;;;;;;;;;;;;
2021/06/17;1400 UTC;;;;;;;;;;;;;;;;;;
2021/06/17;1500 UTC;;;;;;;;;;;;;;;;;;
2021/06/17;1600 UTC;;;;;;;;;;;;;;;;;;
2021/06/17;1700 UTC;;;;;;;;;;;;;;;;;;
2021/06/17;1800 UTC;;;;;;;;;;;;;;;;;;
2021/06/17;1900 UTC;;;;;;;;;;;;;;;;;;
2021/06/17;2000 UTC;;;;;;;;;;;;;;;;;;
2021/06/17;2100 UTC;;;;;;;;;;;;;;;;;;
2021/06/17;2200 UTC;;;;;;;;;;;;;;;;;;
2021/06/17;2300 UTC;;;;;;;;;;;;;;;;;;
2021/06/18;0000 UTC;;;;;;;;;;;;;;;;;;
2021/06/18;0100 UTC;;;;;;;;;;;;;;;;;;
2021/06/18;0200 UTC;;;;;;;;;;;;;;;;;;
2021/06/18;0300 UTC;;;;;;;;;;;;;;;;;;
2021/06/18;0400 UTC;;;;;;;;;;;;;;;;;;
2021/06/18;0500 UTC;;;;;;;;;;;;;;;;;;
2021/06/18;0600 UTC;;;;;;;;;;;;;;;;;;
2021/06/18;0700 UTC;;;;;;;;;;;;;;;;;;
2021/06/18;0800 UTC;;;;;;;;;;;;;;;;;;
2021/06/18;0900 UTC;;;;;;;;;;;;;;;;;;
2021/06/18;1000 UTC;;;;;;;;;;;;;;;;;;
2021/06/18;1100 UTC;;;;;;;;;;;;;;;;;;
2021/06/18;1200 UTC;;;;;;;;;;;;;;;;;;
2021/06/18;1300 UTC;;;;;;;;;;;;;;;;;;
2021/06/18;1400 UTC;;;;;;;;;;;;;;;;;;
2021/06/18;1500 UTC;;;;;;;;;;;;;;;;;;
2021/06/18;1600 UTC;;;;;;;;;;;;;;;;;;
2021/06/18;1700 UTC;;;;;;;;;;;;;;;;;;
2021/06/18;1800 UTC;;;;;;;;;;;;;;;;;;
2021/06/18;1900 UTC;;;;;;;;;;;;;;;;;;
2021/06/18;2000 UTC;;;;;;;;;;;;;;;;;;
2021/06/18;2100 UTC;;;;;;;;;;;;;;;;;;
2021/06/18;2200 UTC;;;;;;;;;;;;;;;;;;
2021/06/18;2300 UTC;;;;;;;;;;;;;;;;;;
2021/06/19;0000 UTC;;;;;;;;;;;;;;;;;;
2021/06/19;0100 UTC;;;;;;;;;;;;;;;;;;
2021/06/19;0200 UTC;;;;;;;;;;;;;;;;;;
2021/06/19;0300 UTC;;;;;;;;;;;;;;;;;;
2021/06/19;0400 UTC;;;;;;;;;;;;;;;;;;
2021/06/19;0500 UTC;;;;;;;;;;;;;;;;;;
2021/06/19;0600 UTC;;;;;;;;;;;;;;;;;;
2021/06/19;0700 UTC;;;;;;;;;;;;;;;;;;
2021/06/19;0800 UTC;;;;;;;;;;;;;;;;;;
2021/06/19;0900 UTC;;;;;;;;;;;;;;;;;;
2021/06/19;1000 UTC;;;;;;;;;;;;;;;;;;
2021/06/19;1100 UTC;;;;;;;;;;;;;;;;;;
2021/06/19;1200 UTC;;;;;;;;;;;;;;;;;;
2021/06/19;1300 UTC;;;;;;;;;;;;;;;;;;
2021/06/19;1400 UTC;;;;;;;;;;;;;;;;;;
2021/06/19;1500 UTC;;;;;;;;;;;;;;;;;;
2021/06/19;1600 UTC;;;;;;;;;;;;;;;;;;
2021/06/19;1700 UTC;;;;;;;;;;;;;;;;;;
2021/06/19;1800 UTC;;;;;;;;;;;;;;;;;;
2021/06/19;1900 UTC;;;;;;;;;;;;;;;;;;
2021/06/19;2000 UTC;;;;;;;;;;;;;;;;;;
2021/06/19;2100 UTC;;;;;;;;;;;;;;;;;;
2021/06/19;2200 UTC;;;;;;;;;;;;;;;;;;
2021/06/19;2300 UTC;;;;;;;;;;;;;;;;;;
2021/06/20;0000 UTC;;;;;;;;;;;;;;;;;;
2021/06/20;0100 UTC;;;;;;;;;;;;;;;;;;
2021/06/20;0200 UTC;;;;;;;;;;;;;;;;;;
2021/06/20;0300 UTC;;;;;;;;;;;;;;;;;;
2021/06/20;0400 UTC;;;;;;;;;;;;;;;;;;
2021/06/20;0500 UTC;;;;;;;;;;;;;;;;;;
2021/06/20;0600 UTC;;;;;;;;;;;;;;;;;;
2021/06/20;0700 UTC;;;;;;;;;;;;;;;;;;
2021/06/20;0800 UTC;;;;;;;;;;;;;;;;;;
2021/06/20;0900 UTC;;;;;;;;;;;;;;;;;;
2021/06/20;1000 UTC;;;;;;;;;;;;;;;;;;
2021/06/20;1100 UTC;;;;;;;;;;;;;;;;;;
2021/06/20;1200 UTC;;;;;;;;;;;;;;;;;;
2021/06/20;1300 UTC;;;;;;;;;;;;;;;;;;
2021/06/20;1400 UTC;;;;;;;;;;;;;;;;;;
2021/06/20;1500 UTC;;;;;;;;;;;;;;;;;;
2021/06/20;1600 UTC;;;;;;;;;;;;;;;;;;
2021/06/20;1700 UTC;;;;;;;;;;;;;;;;;;
2021/06/20;1800 UTC;;;;;;;;;;;;;;;;;;
2021/06/20;1900 UTC;;;;;;;;;;;;;;;;;;
2021/06/20;2000 UTC;;;;;;;;;;;;;;;;;;
2021/06/20;2100 UTC;;;;;;;;;;;;;;;;;;
2021/06/20;2200 UTC;;;;;;;;;;;;;;;;;;
2021/06/20;2300 UTC;;;;;;;;;;;;;;;;;;
2021/06/21;0000 UTC;;;;;;;;;;;;;;;;;;
2021/06/21;0100 UTC;;;;;;;;;;;;;;;;;;
2021/06/21;0200 UTC;;;;;;;;;;;;;;;;;;
2021/06/21;0300 UTC;;;;;;;;;;;;;;;;;;
2021/06/21;0400 UTC;;;;;;;;;;;;;;;;;;
2021/06/21;0500 UTC;;;;;;;;;;;;;;;;;;
2021/06/21;0600 UTC;;;;;;;;;;;;;;;;;;
2021/06/21;0700 UTC;;;;;;;;;;;;;;;;;;
2021/06/21;0800 UTC;;;;;;;;;;;;;;;;;;
2021/06/21;0900 UTC;;;;;;;;;;;;;;;;;;
2021/06/21;1000 UTC;;;;;;;;;;;;;;;;;;
2021/06/21;1100 UTC;;;;;;;;;;;;;;;;;;
2021/06/21;1200 UTC;;;;;;;;;;;;;;;;;;
2021/06/21;1300 UTC;;;;;;;;;;;;;;;;;;
2021/06/21;1400 UTC;;;;;;;;;;;;;;;;;;
2021/06/21;1500 UTC;;;;;;;;;;;;;;;;;;
2021/06/21;1600 UTC;;;;;;;;;;;;;;;;;;
2021/06/21;1700 UTC;;;;;;;;;;;;;;;;;;
2021/06/21;1800 UTC;;;;;;;;;;;;;;;;;;
2021/06/21;1900 UTC;;;;;;;;;;;;;;;;;;
2021/06/21;2000 UTC;;;;;;;;;;;;;;;;;;
2021/06/21;2100 UTC;;;;;;;;;;;;;;;;;;
2021/06/21;2200 UTC;;;;;;;;;;;;;;;;;;
2021/06/21;2300 UTC;;;;;;;;;;;;;;;;;;
2021/06/22;0000 UTC;;;;;;;;;;;;;;;;;;
2021/06/22;0100 UTC;;;;;;;;;;;;;;;;;;
2021/06/22;0200 UTC;;;;;;;;;;;;;;;;;;
2021/06/22;0300 UTC;;;;;;;;;;;;;;;;;;
2021/06/22;0400 UTC;;;;;;;;;;;;;;;;;;
2021/06/22;0500 UTC;;;;;;;;;;;;;;;;;;
2021/06/22;0600 UTC;;;;;;;;;;;;;;;;;;
2021/06/22;0700 UTC;;;;;;;;;;;;;;;;;;
2021/06/22;0800 UTC;;;;;;;;;;;;;;;;;;
2021/06/22;0900 UTC;;;;;;;;;;;;;;;;;;
2021/06/22;1000 UTC;;;;;;;;;;;;;;;;;;
2021/06/22;1100 UTC;;;;;;;;;;;;;;;;;;
2021/06/22;1200 UTC;;;;;;;;;;;;;;;;;;
2021/06/22;1300 UTC;;;;;;;;;;;;;;;;;;
2021/06/22;1400 UTC;;;;;;;;;;;;;;;;;;
2021/06/22;1500 UTC;;;;;;;;;;;;;;;;;;
2021/06/22;1600 UTC;;;;;;;;;;;;;;;;;;
2021/06/22;1700 UTC;;;;;;;;;;;;;;;;;;
2021/06/22;1800 UTC;;;;;;;;;;;;;;;;;;
2021/06/22;1900 UTC;;;;;;;;;;;;;;;;;;
2021/06/22;2000 UTC;;;;;;;;;;;;;;;;;;
2021/06/22;2100 UTC;;;;;;;;;;;;;;;;;;
2021/06/22;2200 UTC;;;;;;;;;;;;;;;;;;
2021/06/22;2300 UTC;;;;;;;;;;;;;;;;;;
2021/06/23;0000 UTC;;;;;;;;;;;;;;;;;;
2021/06/23;0100 UTC;;;;;;;;;;;;;;;;;;
2021/06/23;0200 UTC;;;;;;;;;;;;;;;;;;
2021/06/23;0300 UTC;;;;;;;;;;;;;;;;;;
2021/06/23;0400 UTC;;;;;;;;;;;;;;;;;;
2021/06/23;0500 UTC;;;;;;;;;;;;;;;;;;
2021/06/23;0600 UTC;;;;;;;;;;;;;;;;;;
2021/06/23;0700 UTC;;;;;;;;;;;;;;;;;;
2021/06/23;0800 UTC;;;;;;;;;;;;;;;;;;
2021/06/23;0900 UTC;;;;;;;;;;;;;;;;;;
2021/06/23;1000 UTC;;;;;;;;;;;;;;;;;;
2021/06/23;1100 UTC;;;;;;;;;;;;;;;;;;
2021/06/23;1200 UTC;;;;;;;;;;;;;;;;;;
2021/06/23;1300 UTC;;;;;;;;;;;;;;;;;;
2021/06/23;1400 UTC;;;;;;;;;;;;;;;;;;
2021/06/23;1500 UTC;;;;;;;;;;;;;;;;;;
2021/06/23;1600 UTC;;;;;;;;;;;;;;;;;;
2021/06/23;1700 UTC;;;;;;;;;;;;;;;;;;
2021/06/23;1800 UTC;;;;;;;;;;;;;;;;;;
2021/06/23;1900 UTC;;;;;;;;;;;;;;;;;;
2021/06/23;2000 UTC;;;;;;;;;;;;;;;;;;
2021/06/23;2100 UTC;;;;;;;;;;;;;;;;;;
2021/06/23;2200 UTC;;;;;;;;;;;;;;;;;;
2021/06/23;2300 UTC;;;;;;;;;;;;;;;;;;
2021/06/24;0000 UTC;;;;;;;;;;;;;;;;;;
2021/06/24;0100 UTC;;;;;;;;;;;;;;;;;;
2021/06/24;0200 UTC;;;;;;;;;;;;;;;;;;
2021/06/24;0300 UTC;;;;;;;;;;;;;;;;;;
2021/06/24;0400 UTC;;;;;;;;;;;;;;;;;;
2021/06/24;0500 UTC;;;;;;;;;;;;;;;;;;
2021/06/24;0600 UTC;;;;;;;;;;;;;;;;;;
2021/06/24;0700 UTC;;;;;;;;;;;;;;;;;;
2021/06/24;0800 UTC;;;;;;;;;;;;;;;;;;
2021/06/24;0900 UTC;;;;;;;;;;;;;;;;;;
2021/06/24;1000 UTC;;;;;;;;;;;;;;;;;;
2021/06/24;1100 UTC;;;;;;;;;;;;;;;;;;
2021/06/24;1200 UTC;;;;;;;;;;;;;;;;;;
2021/06/24;1300 UTC;;;;;;;;;;;;;;;;;;
2021/06/24;1400 UTC;;;;;;;;;;;;;;;;;;
2021/06/24;1500 UTC;;;;;;;;;;;;;;;;;;
2021/06/24;1600 UTC;;;;;;;;;;;;;;;;;;
2021/06/24;1700 UTC;;;;;;;;;;;;;;;;;;
2021/06/24;1800 UTC;;;;;;;;;;;;;;;;;;
2021/06/24;1900 UTC;;;;;;;;;;;;;;;;;;
2021/06/24;2000 UTC;;;;;;;;;;;;;;;;;;
2021/06/24;2100 UTC;;;;;;;;;;;;;;;;;;
2021/06/24;2200 UTC;;;;;;;;;;;;;;;;;;
2021/06/24;2300 UTC;;;;;;;;;;;;;;;;;;
2021/06/25;0000 UTC;;;;;;;;;;;;;;;;;;
2021/06/25;0100 UTC;;;;;;;;;;;;;;;;;;
2021/06/25;0200 UTC;;;;;;;;;;;;;;;;;;
2021/06/25;0300 UTC;;;;;;;;;;;;;;;;;;
2021/06/25;0400 UTC;;;;;;;;;;;;;;;;;;
2021/06/25;0500 UTC;;;;;;;;;;;;;;;;;;
2021/06/25;0600 UTC;;;;;;;;;;;;;;;;;;
2021/06/25;0700 UTC;;;;;;;;;;;;;;;;;;
2021/06/25;0800 UTC;;;;;;;;;;;;;;;;;;
2021/06/25;0900 UTC;;;;;;;;;;;;;;;;;;
2021/06/25;1000 UTC;;;;;;;;;;;;;;;;;;
2021/06/25;1100 UTC;;;;;;;;;;;;;;;;;;
2021/06/25;1200 UTC;;;;;;;;;;;;;;;;;;
2021/06/25;1300 UTC;;;;;;;;;;;;;;;;;;
2021/06/25;1400 UTC;;;;;;;;;;;;;;;;;;
2021/06/25;1500 UTC;;;;;;;;;;;;;;;;;;
2021/06/25;1600 UTC;;;;;;;;;;;;;;;;;;
2021/06/25;1700 UTC;;;;;;;;;;;;;;;;;;
2021/06/25;1800 UTC;;;;;;;;;;;;;;;;;;
2021/06/25;1900 UTC;;;;;;;;;;;;;;;;;;
2021/06/25;2000 UTC;;;;;;;;;;;;;;;;;;
2021/06/25;2100 UTC;;;;;;;;;;;;;;;;;;
2021/06/25;2200 UTC;;;;;;;;;;;;;;;;;;
2021/06/25;2300 UTC;;;;;;;;;;;;;;;;;;
2021/06/26;0000 UTC;;;;;;;;;;;;;;;;;;
2021/06/26;0100 UTC;;;;;;;;;;;;;;;;;;
2021/06/26;0200 UTC;;;;;;;;;;;;;;;;;;
2021/06/26;0300 UTC;;;;;;;;;;;;;;;;;;
2021/06/26;0400 UTC;;;;;;;;;;;;;;;;;;
2021/06/26;0500 UTC;;;;;;;;;;;;;;;;;;
2021/06/26;0600 UTC;;;;;;;;;;;;;;;;;;
2021/06/26;0700 UTC;;;;;;;;;;;;;;;;;;
2021/06/26;0800 UTC;;;;;;;;;;;;;;;;;;
2021/06/26;0900 UTC;;;;;;;;;;;;;;;;;;
2021/06/26;1000 UTC;;;;;;;;;;;;;;;;;;
2021/06/26;1100 UTC;;;;;;;;;;;;;;;;;;
2021/06/26;1200 UTC;;;;;;;;;;;;;;;;;;
2021/06/26;1300 UTC;;;;;;;;;;;;;;;;;;
2021/06/26;1400 UTC;;;;;;;;;;;;;;;;;;
2021/06/26;1500 UTC;;;;;;;;;;;;;;;;;;
2021/06/26;1600 UTC;;;;;;;;;;;;;;;;;;
2021/06/26;1700 UTC;;;;;;;;;;;;;;;;;;
2021/06/26;1800 UTC;;;;;;;;;;;;;;;;;;
2021/06/26;1900 UTC;;;;;;;;;;;;;;;;;;
2021/06/26;2000 UTC;;;;;;;;;;;;;;;;;;
2021/06/26;2100 UTC;;;;;;;;;;;;;;;;;;
2021/06/26;2200 UTC;;;;;;;;;;;;;;;;;;
2021/06/26;2300 UTC;;;;;;;;;;;;;;;;;;
2021/06/27;0000 UTC;;;;;;;;;;;;;;;;;;
2021/06/27;0100 UTC;;;;;;;;;;;;;;;;;;
2021/06/27;0200 UTC;;;;;;;;;;;;;;;;;;
2021/06/27;0300 UTC;;;;;;;;;;;;;;;;;;
2021/06/27;0400 UTC;;;;;;;;;;;;;;;;;;
2021/06/27;0500 UTC;;;;;;;;;;;;;;;;;;
2021/06/27;0600 UTC;;;;;;;;;;;;;;;;;;
2021/06/27;0700 UTC;;;;;;;;;;;;;;;;;;
2021/06/27;0800 UTC;;;;;;;;;;;;;;;;;;
2021/06/27;0900 UTC;;;;;;;;;;;;;;;;;;
2021/06/27;1000 UTC;;;;;;;;;;;;;;;;;;
2021/06/27;1100 UTC;;;;;;;;;;;;;;;;;;
2021/06/27;1200 UTC;;;;;;;;;;;;;;;;;;
2021/06/27;1300 UTC;;;;;;;;;;;;;;;;;;
2021/06/27;1400 UTC;;;;;;;;;;;;;;;;;;
2021/06/27;1500 UTC;;;;;;;;;;;;;;;;;;
2021/06/27;1600 UTC;;;;;;;;;;;;;;;;;;
2021/06/27;1700 UTC;;;;;;;;;;;;;;;;;;
2021/06/27;1800 UTC;;;;;;;;;;;;;;;;;;
2021/06/27;1900 UTC;;;;;;;;;;;;;;;;;;
2021/06/27;2000 UTC;;;;;;;;;;;;;;;;;;
2021/06/27;2100 UTC;;;;;;;;;;;;;;;;;;
2021/06/27;2200 UTC;;;;;;;;;;;;;;;;;;
2021/06/27;2300 UTC;;;;;;;;;;;;;;;;;;
2021/06/28;0000 UTC;;;;;;;;;;;;;;;;;;
2021/06/28;0100 UTC;;;;;;;;;;;;;;;;;;
2021/06/28;0200 UTC;;;;;;;;;;;;;;;;;;
2021/06/28;0300 UTC;;;;;;;;;;;;;;;;;;
2021/06/28;0400 UTC;;;;;;;;;;;;;;;;;;
2021/06/28;0500 UTC;;;;;;;;;;;;;;;;;;
2021/06/28;0600 UTC;;;;;;;;;;;;;;;;;;
2021/06/28;0700 UTC;;;;;;;;;;;;;;;;;;
2021/06/28;0800 UTC;;;;;;;;;;;;;;;;;;
2021/06/28;0900 UTC;;;;;;;;;;;;;;;;;;
2021/06/28;1000 UTC;;;;;;;;;;;;;;;;;;
2021/06/28;1100 UTC;;;;;;;;;;;;;;;;;;
2021/06/28;1200 UTC;;;;;;;;;;;;;;;;;;
2021/06/28;1300 UTC;;;;;;;;;;;;;;;;;;
2021/06/28;1400 UTC;;;;;;;;;;;;;;;;;;
2021/06/28;1500 UTC;;;;;;;;;;;;;;;;;;
2021/06/28;1600 UTC;;;;;;;;;;;;;;;;;;
2021/06/28;1700 UTC;;;;;;;;;;;;;;;;;;
2021/06/28;1800 UTC;;;;;;;;;;;;;;;;;;
2021/06/28;1900 UTC;;;;;;;;;;;;;;;;;;
2021/06/28;2000 UTC;;;;;;;;;;;;;;;;;;
2021/06/28;2100 UTC;;;;;;;;;;;;;;;;;;
2021/06/28;2200 UTC;;;;;;;;;;;;;;;;;;
2021/06/28;2300 UTC;;;;;;;;;;;;;;;;;;
2021/06/29;0000 UTC;;;;;;;;;;;;;;;;;;
2021/06/29;0100 UTC;;;;;;;;;;;;;;;;;;
2021/06/29;0200 UTC;;;;;;;;;;;;;;;;;;
2021/06/29;0300 UTC;;;;;;;;;;;;;;;;;;
2021/06/29;0400 UTC;;;;;;;;;;;;;;;;;;
2021/06/29;0500 UTC;;;;;;;;;;;;;;;;;;
2021/06/29;0600 UTC;;;;;;;;;;;;;;;;;;
2021/06/29;0700 UTC;;;;;;;;;;;;;;;;;;
2021/06/29;0800 UTC;;;;;;;;;;;;;;;;;;
2021/06/29;0900 UTC;;;;;;;;;;;;;;;;;;
2021/06/29;1000 UTC;;;;;;;;;;;;;;;;;;
2021/06/29;1100 UTC;;;;;;;;;;;;;;;;;;
2021/06/29;1200 UTC;;;;;;;;;;;;;;;;;;
2021/06/29;1300 UTC;;;;;;;;;;;;;;;;;;
2021/06/29;1400 UTC;;;;;;;;;;;;;;;;;;
2021/06/29;1500 UTC;;;;;;;;;;;;;;;;;;
2021/06/29;1600 UTC;;;;;;;;;;;;;;;;;;
2021/06/29;1700 UTC;;;;;;;;;;;;;;;;;;
2021/06/29;1800 UTC;;;;;;;;;;;;;;;;;;
2021/06/29;1900 UTC;;;;;;;;;;;;;;;;;;
2021/06/29;2000 UTC;;;;;;;;;;;;;;;;;;
2021/06/29;2100 UTC;;;;;;;;;;;;;;;;;;
2021/06/29;2200 UTC;;;;;;;;;;;;;;;;;;
2021/06/29;2300 UTC;;;;;;;;;;;;;;;;;;
2021/06/30;0000 UTC;;;;;;;;;;;;;;;;;;
2021/06/30;0100 UTC;;;;;;;;;;;;;;;;;;
2021/06/30;0200 UTC;;;;;;;;;;;;;;;;;;
2021/06/30;0300 UTC;;;;;;;;;;;;;;;;;;
2021/06/30;0400 UTC;;;;;;;;;;;;;;;;;;
2021/06/30;0500 UTC;;;;;;;;;;;;;;;;;;
2021/06/30;0600 UTC;;;;;;;;;;;;;;;;;;
2021/06/30;0700 UTC;;;;;;;;;;;;;;;;;;
2021/06/30;0800 UTC;;;;;;;;;;;;;;;;;;
2021/06/30;0900 UTC;;;;;;;;;;;;;;;;;;
2021/06/30;1000 UTC;;;;;;;;;;;;;;;;;;
2021/06/30;1100 UTC;;;;;;;;;;;;;;;;;;
2021/06/30;1200 UTC;;;;;;;;;;;;;;;;;;
2021/06/30;1300 UTC;;;;;;;;;;;;;;;;;;
2021/06/30;1400 UTC;;;;;;;;;;;;;;;;;;
2021/06/30;1500 UTC;;;;;;;;;;;;;;;;;;
2021/06/30;1600 UTC;;;;;;;;;;;;;;;;;;
2021/06/30;1700 UTC;;;;;;;;;;;;;;;;;;
2021/06/30;1800 UTC;;;;;;;;;;;;;;;;;;
2021/06/30;1900 UTC;;;;;;;;;;;;;;;;;;
2021/06/30;2000 UTC;;;;;;;;;;;;;;;;;;
2021/06/30;2100 UTC;;;;;;;;;;;;;;;;;;
2021/06/30;2200 UTC;;;;;;;;;;;;;;;;;;
2021/06/30;2300 UTC;;;;;;;;;;;;;;;;;;
2021/07/01;0000 UTC;;;;;;;;;;;;;;;;;;
2021/07/01;0100 UTC;;;;;;;;;;;;;;;;;;
2021/07/01;0200 UTC;;;;;;;;;;;;;;;;;;
2021/07/01;0300 UTC;;;;;;;;;;;;;;;;;;
2021/07/01;0400 UTC;;;;;;;;;;;;;;;;;;
2021/07/01;0500 UTC;;;;;;;;;;;;;;;;;;
2021/07/01;0600 UTC;;;;;;;;;;;;;;;;;;
2021/07/01;0700 UTC;;;;;;;;;;;;;;;;;;
2021/07/01;0800 UTC;;;;;;;;;;;;;;;;;;
2021/07/01;0900 UTC;;;;;;;;;;;;;;;;;;
2021/07/01;1000 UTC;;;;;;;;;;;;;;;;;;
2021/07/01;1100 UTC;;;;;;;;;;;;;;;;;;
2021/07/01;1200 UTC;;;;;;;;;;;;;;;;;;
2021/07/01;1300 UTC;;;;;;;;;;;;;;;;;;
2021/07/01;1400 UTC;;;;;;;;;;;;;;;;;;
2021/07/01;1500 UTC;;;;;;;;;;;;;;;;;;
2021/07/01;1600 UTC;;;;;;;;;;;;;;;;;;
2021/07/01;1700 UTC;;;;;;;;;;;;;;;;;;
2021/07/01;1800 UTC;;;;;;;;;;;;;;;;;;
2021/07/01;1900 UTC;;;;;;;;;;;;;;;;;;
2021/07/01;2000 UTC;;;;;;;;;;;;;;;;;;
2021/07/01;2100 UTC;;;;;;;;;;;;;;;;;;
2021/07/01;2200 UTC;;;;;;;;;;;;;;;;;;
2021/07/01;2300 UTC;;;;;;;;;;;;;;;;;;
2021/07/02;0000 UTC;;;;;;;;;;;;;;;;;;
2021/07/02;0100 UTC;;;;;;;;;;;;;;;;;;
2021/07/02;0200 UTC;;;;;;;;;;;;;;;;;;
2021/07/02;0300 UTC;;;;;;;;;;;;;;;;;;
2021/07/02;0400 UTC;;;;;;;;;;;;;;;;;;
2021/07/02;0500 UTC;;;;;;;;;;;;;;;;;;
2021/07/02;0600 UTC;;;;;;;;;;;;;;;;;;
2021/07/02;0700 UTC;;;;;;;;;;;;;;;;;;
2021/07/02;0800 UTC;;;;;;;;;;;;;;;;;;
2021/07/02;0900 UTC;;;;;;;;;;;;;;;;;;
2021/07/02;1000 UTC;;;;;;;;;;;;;;;;;;
2021/07/02;1100 UTC;;;;;;;;;;;;;;;;;;
2021/07/02;1200 UTC;;;;;;;;;;;;;;;;;;
2021/07/02;1300 UTC;;;;;;;;;;;;;;;;;;
2021/07/02;1400 UTC;;;;;;;;;;;;;;;;;;
2021/07/02;1500 UTC;;;;;;;;;;;;;;;;;;
2021/07/02;1600 UTC;;;;;;;;;;;;;;;;;;
2021/07/02;1700 UTC;;;;;;;;;;;;;;;;;;
2021/07/02;1800 UTC;;;;;;;;;;;;;;;;;;
2021/07/02;1900 UTC;;;;;;;;;;;;;;;;;;
2021/07/02;2000 UTC;;;;;;;;;;;;;;;;;;
2021/07/02;2100 UTC;;;;;;;;;;;;;;;;;;
2021/07/02;2200 UTC;;;;;;;;;;;;;;;;;;
2021/07/02;2300 UTC;;;;;;;;;;;;;;;;;;
2021/07/03;0000 UTC;;;;;;;;;;;;;;;;;;
2021/07/03;0100 UTC;;;;;;;;;;;;;;;;;;
2021/07/03;0200 UTC;;;;;;;;;;;;;;;;;;
2021/07/03;0300 UTC;;;;;;;;;;;;;;;;;;
2021/07/03;0400 UTC;;;;;;;;;;;;;;;;;;
2021/07/03;0500 UTC;;;;;;;;;;;;;;;;;;
2021/07/03;0600 UTC;;;;;;;;;;;;;;;;;;
2021/07/03;0700 UTC;;;;;;;;;;;;;;;;;;
2021/07/03;0800 UTC;;;;;;;;;;;;;;;;;;
2021/07/03;0900 UTC;;;;;;;;;;;;;;;;;;
2021/07/03;1000 UTC;;;;;;;;;;;;;;;;;;
2021/07/03;1100 UTC;;;;;;;;;;;;;;;;;;
2021/07/03;1200 UTC;;;;;;;;;;;;;;;;;;
2021/07/03;1300 UTC;;;;;;;;;;;;;;;;;;
2021/07/03;1400 UTC;;;;;;;;;;;;;;;;;;
2021/07/03;1500 UTC;;;;;;;;;;;;;;;;;;
2021/07/03;1600 UTC;;;;;;;;;;;;;;;;;;
2021/07/03;1700 UTC;;;;;;;;;;;;;;;;;;
2021/07/03;1800 UTC;;;;;;;;;;;;;;;;;;
2021/07/03;1900 UTC;;;;;;;;;;;;;;;;;;
2021/07/03;2000 UTC;;;;;;;;;;;;;;;;;;
2021/07/03;2100 UTC;;;;;;;;;;;;;;;;;;
2021/07/03;2200 UTC;;;;;;;;;;;;;;;;;;
2021/07/03;2300 UTC;;;;;;;;;;;;;;;;;;
2021/07/04;0000 UTC;;;;;;;;;;;;;;;;;;
2021/07/04;0100 UTC;;;;;;;;;;;;;;;;;;
2021/07/04;0200 UTC;;;;;;;;;;;;;;;;;;
2021/07/04;0300 UTC;;;;;;;;;;;;;;;;;;
2021/07/04;0400 UTC;;;;;;;;;;;;;;;;;;
2021/07/04;0500 UTC;;;;;;;;;;;;;;;;;;
2021/07/04;0600 UTC;;;;;;;;;;;;;;;;;;
2021/07/04;0700 UTC;;;;;;;;;;;;;;;;;;
2021/07/04;0800 UTC;;;;;;;;;;;;;;;;;;
2021/07/04;0900 UTC;;;;;;;;;;;;;;;;;;
2021/07/04;1000 UTC;;;;;;;;;;;;;;;;;;
2021/07/04;1100 UTC;;;;;;;;;;;;;;;;;;
2021/07/04;1200 UTC;;;;;;;;;;;;;;;;;;
2021/07/04;1300 UTC;;;;;;;;;;;;;;;;;;
2021/07/04;1400 UTC;;;;;;;;;;;;;;;;;;
2021/07/04;1500 UTC;;;;;;;;;;;;;;;;;;
2021/07/04;1600 UTC;;;;;;;;;;;;;;;;;;
2021/07/04;1700 UTC;;;;;;;;;;;;;;;;;;
2021/07/04;1800 UTC;;;;;;;;;;;;;;;;;;
2021/07/04;1900 UTC;;;;;;;;;;;;;;;;;;
2021/07/04;2000 UTC;;;;;;;;;;;;;;;;;;
2021/07/04;2100 UTC;;;;;;;;;;;;;;;;;;
2021/07/04;2200 UTC;;;;;;;;;;;;;;;;;;
2021/07/04;2300 UTC;;;;;;;;;;;;;;;;;;
2021/07/05;0000 UTC;;;;;;;;;;;;;;;;;;
2021/07/05;0100 UTC;;;;;;;;;;;;;;;;;;
2021/07/05;0200 UTC;;;;;;;;;;;;;;;;;;
2021/07/05;0300 UTC;;;;;;;;;;;;;;;;;;
2021/07/05;0400 UTC;;;;;;;;;;;;;;;;;;
2021/07/05;0500 UTC;;;;;;;;;;;;;;;;;;
2021/07/05;0600 UTC;;;;;;;;;;;;;;;;;;
2021/07/05;0700 UTC;;;;;;;;;;;;;;;;;;
2021/07/05;0800 UTC;;;;;;;;;;;;;;;;;;
2021/07/05;0900 UTC;;;;;;;;;;;;;;;;;;
2021/07/05;1000 UTC;;;;;;;;;;;;;;;;;;
2021/07/05;1100 UTC;;;;;;;;;;;;;;;;;;
2021/07/05;1200 UTC;;;;;;;;;;;;;;;;;;
2021/07/05;1300 UTC;;;;;;;;;;;;;;;;;;
2021/07/05;1400 UTC;;;;;;;;;;;;;;;;;;
2021/07/05;1500 UTC;;;;;;;;;;;;;;;;;;
2021/07/05;1600 UTC;;;;;;;;;;;;;;;;;;
2021/07/05;1700 UTC;;;;;;;;;;;;;;;;;;
2021/07/05;1800 UTC;;;;;;;;;;;;;;;;;;
2021/07/05;1900 UTC;;;;;;;;;;;;;;;;;;
2021/07/05;2000 UTC;;;;;;;;;;;;;;;;;;
2021/07/05;2100 UTC;;;;;;;;;;;;;;;;;;
2021/07/05;2200 UTC;;;;;;;;;;;;;;;;;;
2021/07/05;2300 UTC;;;;;;;;;;;;;;;;;;
2021/07/06;0000 UTC;;;;;;;;;;;;;;;;;;
2021/07/06;0100 UTC;;;;;;;;;;;;;;;;;;
2021/07/06;0200 UTC;;;;;;;;;;;;;;;;;;
2021/07/06;0300 UTC;;;;;;;;;;;;;;;;;;
2021/07/06;0400 UTC;;;;;;;;;;;;;;;;;;
2021/07/06;0500 UTC;;;;;;;;;;;;;;;;;;
2021/07/06;0600 UTC;;;;;;;;;;;;;;;;;;
2021/07/06;0700 UTC;;;;;;;;;;;;;;;;;;
2021/07/06;0800 UTC;;;;;;;;;;;;;;;;;;
2021/07/06;0900 UTC;;;;;;;;;;;;;;;;;;
2021/07/06;1000 UTC;;;;;;;;;;;;;;;;;;
2021/07/06;1100 UTC;;;;;;;;;;;;;;;;;;
2021/07/06;1200 UTC;;;;;;;;;;;;;;;;;;
2021/07/06;1300 UTC;;;;;;;;;;;;;;;;;;
2021/07/06;1400 UTC;;;;;;;;;;;;;;;;;;
2021/07/06;1500 UTC;;;;;;;;;;;;;;;;;;
2021/07/06;1600 UTC;;;;;;;;;;;;;;;;;;
2021/07/06;1700 UTC;;;;;;;;;;;;;;;;;;
2021/07/06;1800 UTC;;;;;;;;;;;;;;;;;;
2021/07/06;1900 UTC;;;;;;;;;;;;;;;;;;
2021/07/06;2000 UTC;;;;;;;;;;;;;;;;;;
2021/07/06;2100 UTC;;;;;;;;;;;;;;;;;;
2021/07/06;2200 UTC;;;;;;;;;;;;;;;;;;
2021/07/06;2300 UTC;;;;;;;;;;;;;;;;;;
2021/07/07;0000 UTC;;;;;;;;;;;;;;;;;;
2021/07/07;0100 UTC;;;;;;;;;;;;;;;;;;
2021/07/07;0200 UTC;;;;;;;;;;;;;;;;;;
2021/07/07;0300 UTC;;;;;;;;;;;;;;;;;;
2021/07/07;0400 UTC;;;;;;;;;;;;;;;;;;
2021/07/07;0500 UTC;;;;;;;;;;;;;;;;;;
2021/07/07;0600 UTC;;;;;;;;;;;;;;;;;;
2021/07/07;0700 UTC;;;;;;;;;;;;;;;;;;
2021/07/07;0800 UTC;;;;;;;;;;;;;;;;;;
2021/07/07;0900 UTC;;;;;;;;;;;;;;;;;;
2021/07/07;1000 UTC;;;;;;;;;;;;;;;;;;
2021/07/07;1100 UTC;;;;;;;;;;;;;;;;;;
2021/07/07;1200 UTC;;;;;;;;;;;;;;;;;;
2021/07/07;1300 UTC;;;;;;;;;;;;;;;;;;
2021/07/07;1400 UTC;;;;;;;;;;;;;;;;;;
2021/07/07;1500 UTC;;;;;;;;;;;;;;;;;;
2021/07/07;1600 UTC;;;;;;;;;;;;;;;;;;
2021/07/07;1700 UTC;;;;;;;;;;;;;;;;;;
2021/07/07;1800 UTC;;;;;;;;;;;;;;;;;;
2021/07/07;1900 UTC;;;;;;;;;;;;;;;;;;
2021/07/07;2000 UTC;;;;;;;;;;;;;;;;;;
2021/07/07;2100 UTC;;;;;;;;;;;;;;;;;;
2021/07/07;2200 UTC;;;;;;;;;;;;;;;;;;
2021/07/07;2300 UTC;;;;;;;;;;;;;;;;;;
2021/07/08;0000 UTC;;;;;;;;;;;;;;;;;;
2021/07/08;0100 UTC;;;;;;;;;;;;;;;;;;
2021/07/08;0200 UTC;;;;;;;;;;;;;;;;;;
2021/07/08;0300 UTC;;;;;;;;;;;;;;;;;;
2021/07/08;0400 UTC;;;;;;;;;;;;;;;;;;
2021/07/08;0500 UTC;;;;;;;;;;;;;;;;;;
2021/07/08;0600 UTC;;;;;;;;;;;;;;;;;;
2021/07/08;0700 UTC;;;;;;;;;;;;;;;;;;
2021/07/08;0800 UTC;;;;;;;;;;;;;;;;;;
2021/07/08;0900 UTC;;;;;;;;;;;;;;;;;;
2021/07/08;1000 UTC;;;;;;;;;;;;;;;;;;
2021/07/08;1100 UTC;;;;;;;;;;;;;;;;;;
2021/07/08;1200 UTC;;;;;;;;;;;;;;;;;;
2021/07/08;1300 UTC;;;;;;;;;;;;;;;;;;
2021/07/08;1400 UTC;;;;;;;;;;;;;;;;;;
2021/07/08;1500 UTC;;;;;;;;;;;;;;;;;;
2021/07/08;1600 UTC;;;;;;;;;;;;;;;;;;
2021/07/08;1700 UTC;;;;;;;;;;;;;;;;;;
2021/07/08;1800 UTC;;;;;;;;;;;;;;;;;;
2021/07/08;1900 UTC;;;;;;;;;;;;;;;;;;
2021/07/08;2000 UTC;;;;;;;;;;;;;;;;;;
2021/07/08;2100 UTC;;;;;;;;;;;;;;;;;;
2021/07/08;2200 UTC;;;;;;;;;;;;;;;;;;
2021/07/08;2300 UTC;;;;;;;;;;;;;;;;;;
2021/07/09;0000 UTC;;;;;;;;;;;;;;;;;;
2021/07/09;0100 UTC;;;;;;;;;;;;;;;;;;
2021/07/09;0200 UTC;;;;;;;;;;;;;;;;;;
2021/07/09;0300 UTC;;;;;;;;;;;;;;;;;;
2021/07/09;0400 UTC;;;;;;;;;;;;;;;;;;
2021/07/09;0500 UTC;;;;;;;;;;;;;;;;;;
2021/07/09;0600 UTC;;;;;;;;;;;;;;;;;;
2021/07/09;0700 UTC;;;;;;;;;;;;;;;;;;
2021/07/09;0800 UTC;;;;;;;;;;;;;;;;;;
2021/07/09;0900 UTC;;;;;;;;;;;;;;;;;;
2021/07/09;1000 UTC;;;;;;;;;;;;;;;;;;
2021/07/09;1100 UTC;;;;;;;;;;;;;;;;;;
2021/07/09;1200 UTC;;;;;;;;;;;;;;;;;;
2021/07/09;1300 UTC;;;;;;;;;;;;;;;;;;
2021/07/09;1400 UTC;;;;;;;;;;;;;;;;;;
2021/07/09;1500 UTC;;;;;;;;;;;;;;;;;;
2021/07/09;1600 UTC;;;;;;;;;;;;;;;;;;
2021/07/09;1700 UTC;;;;;;;;;;;;;;;;;;
2021/07/09;1800 UTC;;;;;;;;;;;;;;;;;;
2021/07/09;1900 UTC;;;;;;;;;;;;;;;;;;
2021/07/09;2000 UTC;;;;;;;;;;;;;;;;;;
2021/07/09;2100 UTC;;;;;;;;;;;;;;;;;;
2021/07/09;2200 UTC;;;;;;;;;;;;;;;;;;
2021/07/09;2300 UTC;;;;;;;;;;;;;;;;;;
2021/07/10;0000 UTC;;;;;;;;;;;;;;;;;;
2021/07/10;0100 UTC;;;;;;;;;;;;;;;;;;
2021/07/10;0200 UTC;;;;;;;;;;;;;;;;;;
2021/07/10;0300 UTC;;;;;;;;;;;;;;;;;;
2021/07/10;0400 UTC;;;;;;;;;;;;;;;;;;
2021/07/10;0500 UTC;;;;;;;;;;;;;;;;;;
2021/07/10;0600 UTC;;;;;;;;;;;;;;;;;;
2021/07/10;0700 UTC;;;;;;;;;;;;;;;;;;
2021/07/10;0800 UTC;;;;;;;;;;;;;;;;;;
2021/07/10;0900 UTC;;;;;;;;;;;;;;;;;;
2021/07/10;1000 UTC;;;;;;;;;;;;;;;;;;
2021/07/10;1100 UTC;;;;;;;;;;;;;;;;;;
2021/07/10;1200 UTC;;;;;;;;;;;;;;;;;;
2021/07/10;1300 UTC;;;;;;;;;;;;;;;;;;
2021/07/10;1400 UTC;;;;;;;;;;;;;;;;;;
2021/07/10;1500 UTC;;;;;;;;;;;;;;;;;;
2021/07/10;1600 UTC;;;;;;;;;;;;;;;;;;
2021/07/10;1700 UTC;;;;;;;;;;;;;;;;;;
2021/07/10;1800 UTC;;;;;;;;;;;;;;;;;;
2021/07/10;1900 UTC;;;;;;;;;;;;;;;;;;
2021/07/10;2000 UTC;;;;;;;;;;;;;;;;;;
2021/07/10;2100 UTC;;;;;;;;;;;;;;;;;;
2021/07/10;2200 UTC;;;;;;;;;;;;;;;;;;
2021/07/10;2300 UTC;;;;;;;;;;;;;;;;;;
2021/07/11;0000 UTC;;;;;;;;;;;;;;;;;;
2021/07/11;0100 UTC;;;;;;;;;;;;;;;;;;
2021/07/11;0200 UTC;;;;;;;;;;;;;;;;;;
2021/07/11;0300 UTC;;;;;;;;;;;;;;;;;;
2021/07/11;0400 UTC;;;;;;;;;;;;;;;;;;
2021/07/11;0500 UTC;;;;;;;;;;;;;;;;;;
2021/07/11;0600 UTC;;;;;;;;;;;;;;;;;;
2021/07/11;0700 UTC;;;;;;;;;;;;;;;;;;
2021/07/11;0800 UTC;;;;;;;;;;;;;;;;;;
2021/07/11;0900 UTC;;;;;;;;;;;;;;;;;;
2021/07/11;1000 UTC;;;;;;;;;;;;;;;;;;
2021/07/11;1100 UTC;;;;;;;;;;;;;;;;;;
2021/07/11;1200 UTC;;;;;;;;;;;;;;;;;;
2021/07/11;1300 UTC;;;;;;;;;;;;;;;;;;
2021/07/11;1400 UTC;;;;;;;;;;;;;;;;;;
2021/07/11;1500 UTC;;;;;;;;;;;;;;;;;;
2021/07/11;1600 UTC;;;;;;;;;;;;;;;;;;
2021/07/11;1700 UTC;;;;;;;;;;;;;;;;;;
2021/07/11;1800 UTC;;;;;;;;;;;;;;;;;;
2021/07/11;1900 UTC;;;;;;;;;;;;;;;;;;
2021/07/11;2000 UTC;;;;;;;;;;;;;;;;;;
2021/07/11;2100 UTC;;;;;;;;;;;;;;;;;;
2021/07/11;2200 UTC;;;;;;;;;;;;;;;;;;
2021/07/11;2300 UTC;;;;;;;;;;;;;;;;;;
2021/07/12;0000 UTC;;;;;;;;;;;;;;;;;;
2021/07/12;0100 UTC;;;;;;;;;;;;;;;;;;
2021/07/12;0200 UTC;;;;;;;;;;;;;;;;;;
2021/07/12;0300 UTC;;;;;;;;;;;;;;;;;;
2021/07/12;0400 UTC;;;;;;;;;;;;;;;;;;
2021/07/12;0500 UTC;;;;;;;;;;;;;;;;;;
2021/07/12;0600 UTC;;;;;;;;;;;;;;;;;;
2021/07/12;0700 UTC;;;;;;;;;;;;;;;;;;
2021/07/12;0800 UTC;;;;;;;;;;;;;;;;;;
2021/07/12;0900 UTC;;;;;;;;;;;;;;;;;;
2021/07/12;1000 UTC;;;;;;;;;;;;;;;;;;
2021/07/12;1100 UTC;;;;;;;;;;;;;;;;;;
2021/07/12;1200 UTC;;;;;;;;;;;;;;;;;;
2021/07/12;1300 UTC;;;;;;;;;;;;;;;;;;
2021/07/12;1400 UTC;;;;;;;;;;;;;;;;;;
2021/07/12;1500 UTC;;;;;;;;;;;;;;;;;;
2021/07/12;1600 UTC;;;;;;;;;;;;;;;;;;
2021/07/12;1700 UTC;;;;;;;;;;;;;;;;;;
2021/07/12;1800 UTC;;;;;;;;;;;;;;;;;;
2021/07/12;1900 UTC;;;;;;;;;;;;;;;;;;
2021/07/12;2000 UTC;;;;;;;;;;;;;;;;;;
2021/07/12;2100 UTC;;;;;;;;;;;;;;;;;;
2021/07/12;2200 UTC;;;;;;;;;;;;;;;;;;
2021/07/12;2300 UTC;;;;;;;;;;;;;;;;;;
2021/07/13;0000 UTC;;;;;;;;;;;;;;;;;;
2021/07/13;0100 UTC;;;;;;;;;;;;;;;;;;
2021/07/13;0200 UTC;;;;;;;;;;;;;;;;;;
2021/07/13;0300 UTC;;;;;;;;;;;;;;;;;;
2021/07/13;0400 UTC;;;;;;;;;;;;;;;;;;
2021/07/13;0500 UTC;;;;;;;;;;;;;;;;;;
2021/07/13;0600 UTC;;;;;;;;;;;;;;;;;;
2021/07/13;0700 UTC;;;;;;;;;;;;;;;;;;
2021/07/13;0800 UTC;;;;;;;;;;;;;;;;;;
2021/07/13;0900 UTC;;;;;;;;;;;;;;;;;;
2021/07/13;1000 UTC;;;;;;;;;;;;;;;;;;
2021/07/13;1100 UTC;;;;;;;;;;;;;;;;;;
2021/07/13;1200 UTC;;;;;;;;;;;;;;;;;;
2021/07/13;1300 UTC;;;;;;;;;;;;;;;;;;
2021/07/13;1400 UTC;;;;;;;;;;;;;;;;;;
2021/07/13;1500 UTC;;;;;;;;;;;;;;;;;;
2021/07/13;1600 UTC;;;;;;;;;;;;;;;;;;
2021/07/13;1700 UTC;;;;;;;;;;;;;;;;;;
2021/07/13;1800 UTC;;;;;;;;;;;;;;;;;;
2021/07/13;1900 UTC;;;;;;;;;;;;;;;;;;
2021/07/13;2000 UTC;;;;;;;;;;;;;;;;;;
2021/07/13;2100 UTC;;;;;;;;;;;;;;;;;;
2021/07/13;2200 UTC;;;;;;;;;;;;;;;;;;
2021/07/13;2300 UTC;;;;;;;;;;;;;;;;;;
2021/07/14;0000 UTC;;;;;;;;;;;;;;;;;;
2021/07/14;0100 UTC;;;;;;;;;;;;;;;;;;
2021/07/14;0200 UTC;;;;;;;;;;;;;;;;;;
2021/07/14;0300 UTC;;;;;;;;;;;;;;;;;;
2021/07/14;0400 UTC;;;;;;;;;;;;;;;;;;
2021/07/14;0500 UTC;;;;;;;;;;;;;;;;;;
2021/07/14;0600 UTC;;;;;;;;;;;;;;;;;;
2021/07/14;0700 UTC;;;;;;;;;;;;;;;;;;
2021/07/14;0800 UTC;;;;;;;;;;;;;;;;;;
2021/07/14;0900 UTC;;;;;;;;;;;;;;;;;;
2021/07/14;1000 UTC;;;;;;;;;;;;;;;;;;
2021/07/14;1100 UTC;;;;;;;;;;;;;;;;;;
2021/07/14;1200 UTC;;;;;;;;;;;;;;;;;;
2021/07/14;1300 UTC;;;;;;;;;;;;;;;;;;
2021/07/14;1400 UTC;;;;;;;;;;;;;;;;;;
2021/07/14;1500 UTC;;;;;;;;;;;;;;;;;;
2021/07/14;1600 UTC;;;;;;;;;;;;;;;;;;
2021/07/14;1700 UTC;;;;;;;;;;;;;;;;;;
2021/07/14;1800 UTC;;;;;;;;;;;;;;;;;;
2021/07/14;1900 UTC;;;;;;;;;;;;;;;;;;
2021/07/14;2000 UTC;;;;;;;;;;;;;;;;;;
2021/07/14;2100 UTC;;;;;;;;;;;;;;;;;;
2021/07/14;2200 UTC;;;;;;;;;;;;;;;;;;
2021/07/14;2300 UTC;;;;;;;;;;;;;;;;;;
2021/07/15;0000 UTC;;;;;;;;;;;;;;;;;;
2021/07/15;0100 UTC;;;;;;;;;;;;;;;;;;
2021/07/15;0200 UTC;;;;;;;;;;;;;;;;;;
2021/07/15;0300 UTC;;;;;;;;;;;;;;;;;;
2021/07/15;0400 UTC;;;;;;;;;;;;;;;;;;
2021/07/15;0500 UTC;;;;;;;;;;;;;;;;;;
2021/07/15;0600 UTC;;;;;;;;;;;;;;;;;;
2021/07/15;0700 UTC;;;;;;;;;;;;;;;;;;
2021/07/15;0800 UTC;;;;;;;;;;;;;;;;;;
2021/07/15;0900 UTC;;;;;;;;;;;;;;;;;;
2021/07/15;1000 UTC;;;;;;;;;;;;;;;;;;
2021/07/15;1100 UTC;;;;;;;;;;;;;;;;;;
2021/07/15;1200 UTC;;;;;;;;;;;;;;;;;;
2021/07/15;1300 UTC;;;;;;;;;;;;;;;;;;
2021/07/15;1400 UTC;;;;;;;;;;;;;;;;;;
2021/07/15;1500 UTC;;;;;;;;;;;;;;;;;;
2021/07/15;1600 UTC;;;;;;;;;;;;;;;;;;
2021/07/15;1700 UTC;;;;;;;;;;;;;;;;;;
2021/07/15;1800 UTC;;;;;;;;;;;;;;;;;;
2021/07/15;1900 UTC;;;;;;;;;;;;;;;;;;
2021/07/15;2000 UTC;;;;;;;;;;;;;;;;;;
2021/07/15;2100 UTC;;;;;;;;;;;;;;;;;;
2021/07/15;2200 UTC;;;;;;;;;;;;;;;;;;
2021/07/15;2300 UTC;;;;;;;;;;;;;;;;;;
2021/07/16;0000 UTC;;;;;;;;;;;;;;;;;;
2021/07/16;0100 UTC;;;;;;;;;;;;;;;;;;
2021/07/16;0200 UTC;;;;;;;;;;;;;;;;;;
2021/07/16;0300 UTC;;;;;;;;;;;;;;;;;;
2021/07/16;0400 UTC;;;;;;;;;;;;;;;;;;
2021/07/16;0500 UTC;;;;;;;;;;;;;;;;;;
2021/07/16;0600 UTC;;;;;;;;;;;;;;;;;;
2021/07/16;0700 UTC;;;;;;;;;;;;;;;;;;
2021/07/16;0800 UTC;;;;;;;;;;;;;;;;;;
2021/07/16;0900 UTC;;;;;;;;;;;;;;;;;;
2021/07/16;1000 UTC;;;;;;;;;;;;;;;;;;
2021/07/16;1100 UTC;;;;;;;;;;;;;;;;;;
2021/07/16;1200 UTC;;;;;;;;;;;;;;;;;;
2021/07/16;1300 UTC;;;;;;;;;;;;;;;;;;
2021/07/16;1400 UTC;;;;;;;;;;;;;;;;;;
2021/07/16;1500 UTC;;;;;;;;;;;;;;;;;;
2021/07/16;1600 UTC;;;;;;;;;;;;;;;;;;
2021/07/16;1700 UTC;;;;;;;;;;;;;;;;;;
2021/07/16;1800 UTC;;;;;;;;;;;;;;;;;;
2021/07/16;1900 UTC;;;;;;;;;;;;;;;;;;
2021/07/16;2000 UTC;;;;;;;;;;;;;;;;;;
2021/07/16;2100 UTC;;;;;;;;;;;;;;;;;;
2021/07/16;2200 UTC;;;;;;;;;;;;;;;;;;
2021/07/16;2300 UTC;;;;;;;;;;;;;;;;;;
2021/07/17;0000 UTC;;;;;;;;;;;;;;;;;;
2021/07/17;0100 UTC;;;;;;;;;;;;;;;;;;
2021/07/17;0200 UTC;;;;;;;;;;;;;;;;;;
2021/07/17;0300 UTC;;;;;;;;;;;;;;;;;;
2021/07/17;0400 UTC;;;;;;;;;;;;;;;;;;
2021/07/17;0500 UTC;;;;;;;;;;;;;;;;;;
2021/07/17;0600 UTC;;;;;;;;;;;;;;;;;;
2021/07/17;0700 UTC;;;;;;;;;;;;;;;;;;
2021/07/17;0800 UTC;;;;;;;;;;;;;;;;;;
2021/07/17;0900 UTC;;;;;;;;;;;;;;;;;;
2021/07/17;1000 UTC;;;;;;;;;;;;;;;;;;
2021/07/17;1100 UTC;;;;;;;;;;;;;;;;;;
2021/07/17;1200 UTC;;;;;;;;;;;;;;;;;;
2021/07/17;1300 UTC;;;;;;;;;;;;;;;;;;
2021/07/17;1400 UTC;;;;;;;;;;;;;;;;;;
2021/07/17;1500 UTC;;;;;;;;;;;;;;;;;;
2021/07/17;1600 UTC;;;;;;;;;;;;;;;;;;
2021/07/17;1700 UTC;;;;;;;;;;;;;;;;;;
2021/07/17;1800 UTC;;;;;;;;;;;;;;;;;;
2021/07/17;1900 UTC;;;;;;;;;;;;;;;;;;
2021/07/17;2000 UTC;;;;;;;;;;;;;;;;;;
2021/07/17;2100 UTC;;;;;;;;;;;;;;;;;;
2021/07/17;2200 UTC;;;;;;;;;;;;;;;;;;
2021/07/17;2300 UTC;;;;;;;;;;;;;;;;;;
2021/07/18;0000 UTC;;;;;;;;;;;;;;;;;;
2021/07/18;0100 UTC;;;;;;;;;;;;;;;;;;
2021/07/18;0200 UTC;;;;;;;;;;;;;;;;;;
2021/07/18;0300 UTC;;;;;;;;;;;;;;;;;;
2021/07/18;0400 UTC;;;;;;;;;;;;;;;;;;
2021/07/18;0500 UTC;;;;;;;;;;;;;;;;;;
2021/07/18;0600 UTC;;;;;;;;;;;;;;;;;;
2021/07/18;0700 UTC;;;;;;;;;;;;;;;;;;
2021/07/18;0800 UTC;;;;;;;;;;;;;;;;;;
2021/07/18;0900 UTC;;;;;;;;;;;;;;;;;;
2021/07/18;1000 UTC;;;;;;;;;;;;;;;;;;
2021/07/18;1100 UTC;;;;;;;;;;;;;;;;;;
2021/07/18;1200 UTC;;;;;;;;;;;;;;;;;;
2021/07/18;1300 UTC;;;;;;;;;;;;;;;;;;
2021/07/18;1400 UTC;;;;;;;;;;;;;;;;;;
2021/07/18;1500 UTC;;;;;;;;;;;;;;;;;;
2021/07/18;1600 UTC;;;;;;;;;;;;;;;;;;
2021/07/18;1700 UTC;;;;;;;;;;;;;;;;;;
2021/07/18;1800 UTC;;;;;;;;;;;;;;;;;;
2021/07/18;1900 UTC;;;;;;;;;;;;;;;;;;
2021/07/18;2000 UTC;;;;;;;;;;;;;;;;;;
2021/07/18;2100 UTC;;;;;;;;;;;;;;;;;;
2021/07/18;2200 UTC;;;;;;;;;;;;;;;;;;
2021/07/18;2300 UTC;;;;;;;;;;;;;;;;;;
2021/07/19;0000 UTC;;;;;;;;;;;;;;;;;;
2021/07/19;0100 UTC;;;;;;;;;;;;;;;;;;
2021/07/19;0200 UTC;;;;;;;;;;;;;;;;;;
2021/07/19;0300 UTC;;;;;;;;;;;;;;;;;;
2021/07/19;0400 UTC;;;;;;;;;;;;;;;;;;
2021/07/19;0500 UTC;;;;;;;;;;;;;;;;;;
2021/07/19;0600 UTC;;;;;;;;;;;;;;;;;;
2021/07/19;0700 UTC;;;;;;;;;;;;;;;;;;
2021/07/19;0800 UTC;;;;;;;;;;;;;;;;;;
2021/07/19;0900 UTC;;;;;;;;;;;;;;;;;;
2021/07/19;1000 UTC;;;;;;;;;;;;;;;;;;
2021/07/19;1100 UTC;;;;;;;;;;;;;;;;;;
2021/07/19;1200 UTC;;;;;;;;;;;;;;;;;;
2021/07/19;1300 UTC;;;;;;;;;;;;;;;;;;
2021/07/19;1400 UTC;;;;;;;;;;;;;;;;;;
2021/07/19;1500 UTC;;;;;;;;;;;;;;;;;;
2021/07/19;1600 UTC;;;;;;;;;;;;;;;;;;
2021/07/19;1700 UTC;;;;;;;;;;;;;;;;;;
2021/07/19;1800 UTC;;;;;;;;;;;;;;;;;;
2021/07/19;1900 UTC;;;;;;;;;;;;;;;;;;
2021/07/19;2000 UTC;;;;;;;;;;;;;;;;;;
2021/07/19;2100 UTC;;;;;;;;;;;;;;;;;;
2021/07/19;2200 UTC;;;;;;;;;;;;;;;;;;
2021/07/19;2300 UTC;;;;;;;;;;;;;;;;;;
2021/07/20;0000 UTC;;;;;;;;;;;;;;;;;;
2021/07/20;0100 UTC;;;;;;;;;;;;;;;;;;
2021/07/20;0200 UTC;;;;;;;;;;;;;;;;;;
2021/07/20;0300 UTC;;;;;;;;;;;;;;;;;;
2021/07/20;0400 UTC;;;;;;;;;;;;;;;;;;
2021/07/20;0500 UTC;;;;;;;;;;;;;;;;;;
2021/07/20;0600 UTC;;;;;;;;;;;;;;;;;;
2021/07/20;0700 UTC;;;;;;;;;;;;;;;;;;
2021/07/20;0800 UTC;;;;;;;;;;;;;;;;;;
2021/07/20;0900 UTC;;;;;;;;;;;;;;;;;;
2021/07/20;1000 UTC;;;;;;;;;;;;;;;;;;
2021/07/20;1100 UTC;;;;;;;;;;;;;;;;;;
2021/07/20;1200 UTC;;;;;;;;;;;;;;;;;;
2021/07/20;1300 UTC;;;;;;;;;;;;;;;;;;
2021/07/20;1400 UTC;;;;;;;;;;;;;;;;;;
2021/07/20;1500 UTC;;;;;;;;;;;;;;;;;;
2021/07/20;1600 UTC;;;;;;;;;;;;;;;;;;
2021/07/20;1700 UTC;;;;;;;;;;;;;;;;;;
2021/07/20;1800 UTC;;;;;;;;;;;;;;;;;;
2021/07/20;1900 UTC;;;;;;;;;;;;;;;;;;
2021/07/20;2000 UTC;;;;;;;;;;;;;;;;;;
2021/07/20;2100 UTC;;;;;;;;;;;;;;;;;;
2021/07/20;2200 UTC;;;;;;;;;;;;;;;;;;
2021/07/20;2300 UTC;;;;;;;;;;;;;;;;;;
2021/07/21;0000 UTC;;;;;;;;;;;;;;;;;;
2021/07/21;0100 UTC;;;;;;;;;;;;;;;;;;
2021/07/21;0200 UTC;;;;;;;;;;;;;;;;;;
2021/07/21;0300 UTC;;;;;;;;;;;;;;;;;;
2021/07/21;0400 UTC;;;;;;;;;;;;;;;;;;
2021/07/21;0500 UTC;;;;;;;;;;;;;;;;;;
2021/07/21;0600 UTC;;;;;;;;;;;;;;;;;;
2021/07/21;0700 UTC;;;;;;;;;;;;;;;;;;
2021/07/21;0800 UTC;;;;;;;;;;;;;;;;;;
2021/07/21;0900 UTC;;;;;;;;;;;;;;;;;;
2021/07/21;1000 UTC;;;;;;;;;;;;;;;;;;
2021/07/21;1100 UTC;;;;;;;;;;;;;;;;;;
2021/07/21;1200 UTC;;;;;;;;;;;;;;;;;;
2021/07/21;1300 UTC;;;;;;;;;;;;;;;;;;
2021/07/21;1400 UTC;;;;;;;;;;;;;;;;;;
2021/07/21;1500 UTC;;;;;;;;;;;;;;;;;;
2021/07/21;1600 UTC;;;;;;;;;;;;;;;;;;
2021/07/21;1700 UTC;;;;;;;;;;;;;;;;;;
2021/07/21;1800 UTC;;;;;;;;;;;;;;;;;;
2021/07/21;1900 UTC;;;;;;;;;;;;;;;;;;
2021/07/21;2000 UTC;;;;;;;;;;;;;;;;;;
2021/07/21;2100 UTC;;;;;;;;;;;;;;;;;;
2021/07/21;2200 UTC;;;;;;;;;;;;;;;;;;
2021/07/21;2300 UTC;;;;;;;;;;;;;;;;;;
2021/07/22;0000 UTC;;;;;;;;;;;;;;;;;;
2021/07/22;0100 UTC;;;;;;;;;;;;;;;;;;
2021/07/22;0200 UTC;;;;;;;;;;;;;;;;;;
2021/07/22;0300 UTC;;;;;;;;;;;;;;;;;;
2021/07/22;0400 UTC;;;;;;;;;;;;;;;;;;
2021/07/22;0500 UTC;;;;;;;;;;;;;;;;;;
2021/07/22;0600 UTC;;;;;;;;;;;;;;;;;;
2021/07/22;0700 UTC;;;;;;;;;;;;;;;;;;
2021/07/22;0800 UTC;;;;;;;;;;;;;;;;;;
2021/07/22;0900 UTC;;;;;;;;;;;;;;;;;;
2021/07/22;1000 UTC;;;;;;;;;;;;;;;;;;
2021/07/22;1100 UTC;;;;;;;;;;;;;;;;;;
2021/07/22;1200 UTC;;;;;;;;;;;;;;;;;;
2021/07/22;1300 UTC;;;;;;;;;;;;;;;;;;
2021/07/22;1400 UTC;;;;;;;;;;;;;;;;;;
2021/07/22;1500 UTC;;;;;;;;;;;;;;;;;;
2021/07/22;1600 UTC;;;;;;;;;;;;;;;;;;
2021/07/22;1700 UTC;;;;;;;;;;;;;;;;;;
2021/07/22;1800 UTC;;;;;;;;;;;;;;;;;;
2021/07/22;1900 UTC;;;;;;;;;;;;;;;;;;
2021/07/22;2000 UTC;;;;;;;;;;;;;;;;;;
2021/07/22;2100 UTC;;;;;;;;;;;;;;;;;;
2021/07/22;2200 UTC;;;;;;;;;;;;;;;;;;
2021/07/22;2300 UTC;;;;;;;;;;;;;;;;;;
2021/07/23;0000 UTC;;;;;;;;;;;;;;;;;;
2021/07/23;0100 UTC;;;;;;;;;;;;;;;;;;
2021/07/23;0200 UTC;;;;;;;;;;;;;;;;;;
2021/07/23;0300 UTC;;;;;;;;;;;;;;;;;;
2021/07/23;0400 UTC;;;;;;;;;;;;;;;;;;
2021/07/23;0500 UTC;;;;;;;;;;;;;;;;;;
2021/07/23;0600 UTC;;;;;;;;;;;;;;;;;;
2021/07/23;0700 UTC;;;;;;;;;;;;;;;;;;
2021/07/23;0800 UTC;;;;;;;;;;;;;;;;;;
2021/07/23;0900 UTC;;;;;;;;;;;;;;;;;;
2021/07/23;1000 UTC;;;;;;;;;;;;;;;;;;
2021/07/23;1100 UTC;;;;;;;;;;;;;;;;;;
2021/07/23;1200 UTC;;;;;;;;;;;;;;;;;;
2021/07/23;1300 UTC;;;;;;;;;;;;;;;;;;
2021/07/23;1400 UTC;;;;;;;;;;;;;;;;;;
2021/07/23;1500 UTC;;;;;;;;;;;;;;;;;;
2021/07/23;1600 UTC;;;;;;;;;;;;;;;;;;
2021/07/23;1700 UTC;;;;;;;;;;;;;;;;;;
2021/07/23;1800 UTC;;;;;;;;;;;;;;;;;;
2021/07/23;1900 UTC;;;;;;;;;;;;;;;;;;
2021/07/23;2000 UTC;;;;;;;;;;;;;;;;;;
2021/07/23;2100 UTC;;;;;;;;;;;;;;;;;;
2021/07/23;2200 UTC;;;;;;;;;;;;;;;;;;
2021/07/23;2300 UTC;;;;;;;;;;;;;;;;;;
2021/07/24;0000 UTC;;;;;;;;;;;;;;;;;;
2021/07/24;0100 UTC;;;;;;;;;;;;;;;;;;
2021/07/24;0200 UTC;;;;;;;;;;;;;;;;;;
2021/07/24;0300 UTC;;;;;;;;;;;;;;;;;;
2021/07/24;0400 UTC;;;;;;;;;;;;;;;;;;
2021/07/24;0500 UTC;;;;;;;;;;;;;;;;;;
2021/07/24;0600 UTC;;;;;;;;;;;;;;;;;;
2021/07/24;0700 UTC;;;;;;;;;;;;;;;;;;
2021/07/24;0800 UTC;;;;;;;;;;;;;;;;;;
2021/07/24;0900 UTC;;;;;;;;;;;;;;;;;;
2021/07/24;1000 UTC;;;;;;;;;;;;;;;;;;
2021/07/24;1100 UTC;;;;;;;;;;;;;;;;;;
2021/07/24;1200 UTC;;;;;;;;;;;;;;;;;;
2021/07/24;1300 UTC;;;;;;;;;;;;;;;;;;
2021/07/24;1400 UTC;;;;;;;;;;;;;;;;;;
2021/07/24;1500 UTC;;;;;;;;;;;;;;;;;;
2021/07/24;1600 UTC;;;;;;;;;;;;;;;;;;
2021/07/24;1700 UTC;;;;;;;;;;;;;;;;;;
2021/07/24;1800 UTC;;;;;;;;;;;;;;;;;;
2021/07/24;1900 UTC;;;;;;;;;;;;;;;;;;
2021/07/24;2000 UTC;;;;;;;;;;;;;;;;;;
2021/07/24;2100 UTC;;;;;;;;;;;;;;;;;;
2021/07/24;2200 UTC;;;;;;;;;;;;;;;;;;
2021/07/24;2300 UTC;;;;;;;;;;;;;;;;;;
2021/07/25;0000 UTC;;;;;;;;;;;;;;;;;;
2021/07/25;0100 UTC;;;;;;;;;;;;;;;;;;
2021/07/25;0200 UTC;;;;;;;;;;;;;;;;;;
2021/07/25;0300 UTC;;;;;;;;;;;;;;;;;;
2021/07/25;0400 UTC;;;;;;;;;;;;;;;;;;
2021/07/25;0500 UTC;;;;;;;;;;;;;;;;;;
2021/07/25;0600 UTC;;;;;;;;;;;;;;;;;;
2021/07/25;0700 UTC;;;;;;;;;;;;;;;;;;
2021/07/25;0800 UTC;;;;;;;;;;;;;;;;;;
2021/07/25;0900 UTC;;;;;;;;;;;;;;;;;;
2021/07/25;1000 UTC;;;;;;;;;;;;;;;;;;
2021/07/25;1100 UTC;;;;;;;;;;;;;;;;;;
2021/07/25;1200 UTC;;;;;;;;;;;;;;;;;;
2021/07/25;1300 UTC;;;;;;;;;;;;;;;;;;
2021/07/25;1400 UTC;;;;;;;;;;;;;;;;;;
2021/07/25;1500 UTC;;;;;;;;;;;;;;;;;;
2021/07/25;1600 UTC;;;;;;;;;;;;;;;;;;
2021/07/25;1700 UTC;;;;;;;;;;;;;;;;;;
2021/07/25;1800 UTC;;;;;;;;;;;;;;;;;;
2021/07/25;1900 UTC;;;;;;;;;;;;;;;;;;
2021/07/25;2000 UTC;;;;;;;;;;;;;;;;;;
2021/07/25;2100 UTC;;;;;;;;;;;;;;;;;;
2021/07/25;2200 UTC;;;;;;;;;;;;;;;;;;
2021/07/25;2300 UTC;;;;;;;;;;;;;;;;;;
2021/07/26;0000 UTC;;;;;;;;;;;;;;;;;;
2021/07/26;0100 UTC;;;;;;;;;;;;;;;;;;
2021/07/26;0200 UTC;;;;;;;;;;;;;;;;;;
2021/07/26;0300 UTC;;;;;;;;;;;;;;;;;;
2021/07/26;0400 UTC;;;;;;;;;;;;;;;;;;
2021/07/26;0500 UTC;;;;;;;;;;;;;;;;;;
2021/07/26;0600 UTC;;;;;;;;;;;;;;;;;;
2021/07/26;0700 UTC;;;;;;;;;;;;;;;;;;
2021/07/26;0800 UTC;;;;;;;;;;;;;;;;;;
2021/07/26;0900 UTC;;;;;;;;;;;;;;;;;;
2021/07/26;1000 UTC;;;;;;;;;;;;;;;;;;
2021/07/26;1100 UTC;;;;;;;;;;;;;;;;;;
2021/07/26;1200 UTC;;;;;;;;;;;;;;;;;;
2021/07/26;1300 UTC;;;;;;;;;;;;;;;;;;
2021/07/26;1400 UTC;;;;;;;;;;;;;;;;;;
2021/07/26;1500 UTC;;;;;;;;;;;;;;;;;;
2021/07/26;1600 UTC;;;;;;;;;;;;;;;;;;
2021/07/26;1700 UTC;;;;;;;;;;;;;;;;;;
2021/07/26;1800 UTC;;;;;;;;;;;;;;;;;;
2021/07/26;1900 UTC;;;;;;;;;;;;;;;;;;
2021/07/26;2000 UTC;;;;;;;;;;;;;;;;;;
2021/07/26;2100 UTC;;;;;;;;;;;;;;;;;;
2021/07/26;2200 UTC;;;;;;;;;;;;;;;;;;
2021/07/26;2300 UTC;;;;;;;;;;;;;;;;;;
2021/07/27;0000 UTC;;;;;;;;;;;;;;;;;;
2021/07/27;0100 UTC;;;;;;;;;;;;;;;;;;
2021/07/27;0200 UTC;;;;;;;;;;;;;;;;;;
2021/07/27;0300 UTC;;;;;;;;;;;;;;;;;;
2021/07/27;0400 UTC;;;;;;;;;;;;;;;;;;
2021/07/27;0500 UTC;;;;;;;;;;;;;;;;;;
2021/07/27;0600 UTC;;;;;;;;;;;;;;;;;;
2021/07/27;0700 UTC;;;;;;;;;;;;;;;;;;
2021/07/27;0800 UTC;;;;;;;;;;;;;;;;;;
2021/07/27;0900 UTC;;;;;;;;;;;;;;;;;;
2021/07/27;1000 UTC;;;;;;;;;;;;;;;;;;
2021/07/27;1100 UTC;;;;;;;;;;;;;;;;;;
2021/07/27;1200 UTC;;;;;;;;;;;;;;;;;;
2021/07/27;1300 UTC;;;;;;;;;;;;;;;;;;
2021/07/27;1400 UTC;;;;;;;;;;;;;;;;;;
2021/07/27;1500 UTC;;;;;;;;;;;;;;;;;;
2021/07/27;1600 UTC;;;;;;;;;;;;;;;;;;
2021/07/27;1700 UTC;;;;;;;;;;;;;;;;;;
2021/07/27;1800 UTC;;;;;;;;;;;;;;;;;;
2021/07/27;1900 UTC;;;;;;;;;;;;;;;;;;
2021/07/27;2000 UTC;;;;;;;;;;;;;;;;;;
2021/07/27;2100 UTC;;;;;;;;;;;;;;;;;;
2021/07/27;2200 UTC;;;;;;;;;;;;;;;;;;
2021/07/27;2300 UTC;;;;;;;;;;;;;;;;;;
2021/07/28;0000 UTC;;;;;;;;;;;;;;;;;;
2021/07/28;0100 UTC;;;;;;;;;;;;;;;;;;
2021/07/28;0200 UTC;;;;;;;;;;;;;;;;;;
2021/07/28;0300 UTC;;;;;;;;;;;;;;;;;;
2021/07/28;0400 UTC;;;;;;;;;;;;;;;;;;
2021/07/28;0500 UTC;;;;;;;;;;;;;;;;;;
2021/07/28;0600 UTC;;;;;;;;;;;;;;;;;;
2021/07/28;0700 UTC;;;;;;;;;;;;;;;;;;
2021/07/28;0800 UTC;;;;;;;;;;;;;;;;;;
2021/07/28;0900 UTC;;;;;;;;;;;;;;;;;;
2021/07/28;1000 UTC;;;;;;;;;;;;;;;;;;
2021/07/28;1100 UTC;;;;;;;;;;;;;;;;;;
2021/07/28;1200 UTC;;;;;;;;;;;;;;;;;;
2021/07/28;1300 UTC;;;;;;;;;;;;;;;;;;
2021/07/28;1400 UTC;;;;;;;;;;;;;;;;;;
2021/07/28;1500 UTC;;;;;;;;;;;;;;;;;;
2021/07/28;1600 UTC;;;;;;;;;;;;;;;;;;
2021/07/28;1700 UTC;;;;;;;;;;;;;;;;;;
2021/07/28;1800 UTC;;;;;;;;;;;;;;;;;;
2021/07/28;1900 UTC;;;;;;;;;;;;;;;;;;
2021/07/28;2000 UTC;;;;;;;;;;;;;;;;;;
2021/07/28;2100 UTC;;;;;;;;;;;;;;;;;;
2021/07/28;2200 UTC;;;;;;;;;;;;;;;;;;
2021/07/28;2300 UTC;;;;;;;;;;;;;;;;;;
2021/07/29;0000 UTC;;;;;;;;;;;;;;;;;;
2021/07/29;0100 UTC;;;;;;;;;;;;;;;;;;
2021/07/29;0200 UTC;;;;;;;;;;;;;;;;;;
2021/07/29;0300 UTC;;;;;;;;;;;;;;;;;;
2021/07/29;0400 UTC;;;;;;;;;;;;;;;;;;
2021/07/29;0500 UTC;;;;;;;;;;;;;;;;;;
2021/07/29;0600 UTC;;;;;;;;;;;;;;;;;;
2021/07/29;0700 UTC;;;;;;;;;;;;;;;;;;
2021/07/29;0800 UTC;;;;;;;;;;;;;;;;;;
2021/07/29;0900 UTC;;;;;;;;;;;;;;;;;;
2021/07/29;1000 UTC;;;;;;;;;;;;;;;;;;
2021/07/29;1100 UTC;;;;;;;;;;;;;;;;;;
2021/07/29;1200 UTC;;;;;;;;;;;;;;;;;;
2021/07/29;1300 UTC;;;;;;;;;;;;;;;;;;
2021/07/29;1400 UTC;;;;;;;;;;;;;;;;;;
2021/07/29;1500 UTC;;;;;;;;;;;;;;;;;;
2021/07/29;1600 UTC;;;;;;;;;;;;;;;;;;
2021/07/29;1700 UTC;;;;;;;;;;;;;;;;;;
2021/07/29;1800 UTC;;;;;;;;;;;;;;;;;;
2021/07/29;1900 UTC;;;;;;;;;;;;;;;;;;
2021/07/29;2000 UTC;;;;;;;;;;;;;;;;;;
2021/07/29;2100 UTC;;;;;;;;;;;;;;;;;;
2021/07/29;2200 UTC;;;;;;;;;;;;;;;;;;
2021/07/29;2300 UTC;;;;;;;;;;;;;;;;;;
2021/07/30;0000 UTC;;;;;;;;;;;;;;;;;;
2021/07/30;0100 UTC;;;;;;;;;;;;;;;;;;
2021/07/30;0200 UTC;;;;;;;;;;;;;;;;;;
2021/07/30;0300 UTC;;;;;;;;;;;;;;;;;;
2021/07/30;0400 UTC;;;;;;;;;;;;;;;;;;
2021/07/30;0500 UTC;;;;;;;;;;;;;;;;;;
2021/07/30;0600 UTC;;;;;;;;;;;;;;;;;;
2021/07/30;0700 UTC;;;;;;;;;;;;;;;;;;
2021/07/30;0800 UTC;;;;;;;;;;;;;;;;;;
2021/07/30;0900 UTC;;;;;;;;;;;;;;;;;;
2021/07/30;1000 UTC;;;;;;;;;;;;;;;;;;
2021/07/30;1100 UTC;;;;;;;;;;;;;;;;;;
2021/07/30;1200 UTC;;;;;;;;;;;;;;;;;;
2021/07/30;1300 UTC;;;;;;;;;;;;;;;;;;
2021/07/30;1400 UTC;;;;;;;;;;;;;;;;;;
2021/07/30;1500 UTC;;;;;;;;;;;;;;;;;;
2021/07/30;1600 UTC;;;;;;;;;;;;;;;;;;
2021/07/30;1700 UTC;;;;;;;;;;;;;;;;;;
2021/07/30;1800 UTC;;;;;;;;;;;;;;;;;;
2021/07/30;1900 UTC;;;;;;;;;;;;;;;;;;
2021/07/30;2000 UTC;;;;;;;;;;;;;;;;;;
2021/07/30;2100 UTC;;;;;;;;;;;;;;;;;;
2021/07/30;2200 UTC;;;;;;;;;;;;;;;;;;
2021/07/30;2300 UTC;;;;;;;;;;;;;;;;;;
2021/07/31;0000 UTC;;;;;;;;;;;;;;;;;;
2021/07/31;0100 UTC;;;;;;;;;;;;;;;;;;
2021/07/31;0200 UTC;;;;;;;;;;;;;;;;;;
2021/07/31;0300 UTC;;;;;;;;;;;;;;;;;;
2021/07/31;0400 UTC;;;;;;;;;;;;;;;;;;
2021/07/31;0500 UTC;;;;;;;;;;;;;;;;;;
2021/07/31;0600 UTC;;;;;;;;;;;;;;;;;;
2021/07/31;0700 UTC;;;;;;;;;;;;;;;;;;
2021/07/31;0800 UTC;;;;;;;;;;;;;;;;;;
2021/07/31;0900 UTC;;;;;;;;;;;;;;;;;;
2021/07/31;1000 UTC;;;;;;;;;;;;;;;;;;
2021/07/31;1100 UTC;;;;;;;;;;;;;;;;;;
2021/07/31;1200 UTC;;;;;;;;;;;;;;;;;;
2021/07/31;1300 UTC;;;;;;;;;;;;;;;;;;
2021/07/31;1400 UTC;;;;;;;;;;;;;;;;;;
2021/07/31;1500 UTC;;;;;;;;;;;;;;;;;;
2021/07/31;1600 UTC;;;;;;;;;;;;;;;;;;
2021/07/31;1700 UTC;;;;;;;;;;;;;;;;;;
2021/07/31;1800 UTC;;;;;;;;;;;;;;;;;;
2021/07/31;1900 UTC;;;;;;;;;;;;;;;;;;
2021/07/31;2000 UTC;;;;;;;;;;;;;;;;;;
2021/07/31;2100 UTC;;;;;;;;;;;;;;;;;;
2021/07/31;2200 UTC;;;;;;;;;;;;;;;;;;
2021/07/31;2300 UTC;;;;;;;;;;;;;;;;;;
2021/08/01;0000 UTC;;;;;;;;;;;;;;;;;;
2021/08/01;0100 UTC;;;;;;;;;;;;;;;;;;
2021/08/01;0200 UTC;;;;;;;;;;;;;;;;;;
2021/08/01;0300 UTC;;;;;;;;;;;;;;;;;;
2021/08/01;0400 UTC;;;;;;;;;;;;;;;;;;
2021/08/01;0500 UTC;;;;;;;;;;;;;;;;;;
2021/08/01;0600 UTC;;;;;;;;;;;;;;;;;;
2021/08/01;0700 UTC;;;;;;;;;;;;;;;;;;
2021/08/01;0800 UTC;;;;;;;;;;;;;;;;;;
2021/08/01;0900 UTC;;;;;;;;;;;;;;;;;;
2021/08/01;1000 UTC;;;;;;;;;;;;;;;;;;
2021/08/01;1100 UTC;;;;;;;;;;;;;;;;;;
2021/08/01;1200 UTC;;;;;;;;;;;;;;;;;;
2021/08/01;1300 UTC;;;;;;;;;;;;;;;;;;
2021/08/01;1400 UTC;;;;;;;;;;;;;;;;;;
2021/08/01;1500 UTC;;;;;;;;;;;;;;;;;;
2021/08/01;1600 UTC;;;;;;;;;;;;;;;;;;
2021/08/01;1700 UTC;;;;;;;;;;;;;;;;;;
2021/08/01;1800 UTC;;;;;;;;;;;;;;;;;;
2021/08/01;1900 UTC;;;;;;;;;;;;;;;;;;
2021/08/01;2000 UTC;;;;;;;;;;;;;;;;;;
2021/08/01;2100 UTC;;;;;;;;;;;;;;;;;;
2021/08/01;2200 UTC;;;;;;;;;;;;;;;;;;
2021/08/01;2300 UTC;;;;;;;;;;;;;;;;;;
2021/08/02;0000 UTC;;;;;;;;;;;;;;;;;;
2021/08/02;0100 UTC;;;;;;;;;;;;;;;;;;
2021/08/02;0200 UTC;;;;;;;;;;;;;;;;;;
2021/08/02;0300 UTC;;;;;;;;;;;;;;;;;;
2021/08/02;0400 UTC;;;;;;;;;;;;;;;;;;
2021/08/02;0500 UTC;;;;;;;;;;;;;;;;;;
2021/08/02;0600 UTC;;;;;;;;;;;;;;;;;;
2021/08/02;0700 UTC;;;;;;;;;;;;;;;;;;
2021/08/02;0800 UTC;;;;;;;;;;;;;;;;;;
2021/08/02;0900 UTC;;;;;;;;;;;;;;;;;;
2021/08/02;1000 UTC;;;;;;;;;;;;;;;;;;
2021/08/02;1100 UTC;;;;;;;;;;;;;;;;;;
2021/08/02;1200 UTC;;;;;;;;;;;;;;;;;;
2021/08/02;1300 UTC;;;;;;;;;;;;;;;;;;
2021/08/02;1400 UTC;;;;;;;;;;;;;;;;;;
2021/08/02;1500 UTC;;;;;;;;;;;;;;;;;;
2021/08/02;1600 UTC;;;;;;;;;;;;;;;;;;
2021/08/02;1700 UTC;;;;;;;;;;;;;;;;;;
2021/08/02;1800 UTC;;;;;;;;;;;;;;;;;;
2021/08/02;1900 UTC;;;;;;;;;;;;;;;;;;
2021/08/02;2000 UTC;;;;;;;;;;;;;;;;;;
2021/08/02;2100 UTC;;;;;;;;;;;;;;;;;;
2021/08/02;2200 UTC;;;;;;;;;;;;;;;;;;
2021/08/02;2300 UTC;;;;;;;;;;;;;;;;;;
2021/08/03;0000 UTC;;;;;;;;;;;;;;;;;;
2021/08/03;0100 UTC;;;;;;;;;;;;;;;;;;
2021/08/03;0200 UTC;;;;;;;;;;;;;;;;;;
2021/08/03;0300 UTC;;;;;;;;;;;;;;;;;;
2021/08/03;0400 UTC;;;;;;;;;;;;;;;;;;
2021/08/03;0500 UTC;;;;;;;;;;;;;;;;;;
2021/08/03;0600 UTC;;;;;;;;;;;;;;;;;;
2021/08/03;0700 UTC;;;;;;;;;;;;;;;;;;
2021/08/03;0800 UTC;;;;;;;;;;;;;;;;;;
2021/08/03;0900 UTC;;;;;;;;;;;;;;;;;;
2021/08/03;1000 UTC;;;;;;;;;;;;;;;;;;
2021/08/03;1100 UTC;;;;;;;;;;;;;;;;;;
2021/08/03;1200 UTC;;;;;;;;;;;;;;;;;;
2021/08/03;1300 UTC;;;;;;;;;;;;;;;;;;
2021/08/03;1400 UTC;;;;;;;;;;;;;;;;;;
2021/08/03;1500 UTC;;;;;;;;;;;;;;;;;;
2021/08/03;1600 UTC;;;;;;;;;;;;;;;;;;
2021/08/03;1700 UTC;;;;;;;;;;;;;;;;;;
2021/08/03;1800 UTC;;;;;;;;;;;;;;;;;;
2021/08/03;1900 UTC;;;;;;;;;;;;;;;;;;
2021/08/03;2000 UTC;;;;;;;;;;;;;;;;;;
2021/08/03;2100 UTC;;;;;;;;;;;;;;;;;;
2021/08/03;2200 UTC;;;;;;;;;;;;;;;;;;
2021/08/03;2300 UTC;;;;;;;;;;;;;;;;;;
2021/08/04;0000 UTC;;;;;;;;;;;;;;;;;;
2021/08/04;0100 UTC;;;;;;;;;;;;;;;;;;
2021/08/04;0200 UTC;;;;;;;;;;;;;;;;;;
2021/08/04;0300 UTC;;;;;;;;;;;;;;;;;;
2021/08/04;0400 UTC;;;;;;;;;;;;;;;;;;
2021/08/04;0500 UTC;;;;;;;;;;;;;;;;;;
2021/08/04;0600 UTC;;;;;;;;;;;;;;;;;;
2021/08/04;0700 UTC;;;;;;;;;;;;;;;;;;
2021/08/04;0800 UTC;;;;;;;;;;;;;;;;;;
2021/08/04;0900 UTC;;;;;;;;;;;;;;;;;;
2021/08/04;1000 UTC;;;;;;;;;;;;;;;;;;
2021/08/04;1100 UTC;;;;;;;;;;;;;;;;;;
2021/08/04;1200 UTC;;;;;;;;;;;;;;;;;;
2021/08/04;1300 UTC;;;;;;;;;;;;;;;;;;
2021/08/04;1400 UTC;;;;;;;;;;;;;;;;;;
2021/08/04;1500 UTC;;;;;;;;;;;;;;;;;;
2021/08/04;1600 UTC;;;;;;;;;;;;;;;;;;
2021/08/04;1700 UTC;;;;;;;;;;;;;;;;;;
2021/08/04;1800 UTC;;;;;;;;;;;;;;;;;;
2021/08/04;1900 UTC;;;;;;;;;;;;;;;;;;
2021/08/04;2000 UTC;;;;;;;;;;;;;;;;;;
2021/08/04;2100 UTC;;;;;;;;;;;;;;;;;;
2021/08/04;2200 UTC;;;;;;;;;;;;;;;;;;
2021/08/04;2300 UTC;;;;;;;;;;;;;;;;;;
2021/08/05;0000 UTC;;;;;;;;;;;;;;;;;;
2021/08/05;0100 UTC;;;;;;;;;;;;;;;;;;
2021/08/05;0200 UTC;;;;;;;;;;;;;;;;;;
2021/08/05;0300 UTC;;;;;;;;;;;;;;;;;;
2021/08/05;0400 UTC;;;;;;;;;;;;;;;;;;
2021/08/05;0500 UTC;;;;;;;;;;;;;;;;;;
2021/08/05;0600 UTC;;;;;;;;;;;;;;;;;;
2021/08/05;0700 UTC;;;;;;;;;;;;;;;;;;
2021/08/05;0800 UTC;;;;;;;;;;;;;;;;;;
2021/08/05;0900 UTC;;;;;;;;;;;;;;;;;;
2021/08/05;1000 UTC;;;;;;;;;;;;;;;;;;
2021/08/05;1100 UTC;;;;;;;;;;;;;;;;;;
2021/08/05;1200 UTC;;;;;;;;;;;;;;;;;;
2021/08/05;1300 UTC;;;;;;;;;;;;;;;;;;
2021/08/05;1400 UTC;;;;;;;;;;;;;;;;;;
2021/08/05;1500 UTC;;;;;;;;;;;;;;;;;;
2021/08/05;1600 UTC;;;;;;;;;;;;;;;;;;
2021/08/05;1700 UTC;;;;;;;;;;;;;;;;;;
2021/08/05;1800 UTC;;;;;;;;;;;;;;;;;;
2021/08/05;1900 UTC;;;;;;;;;;;;;;;;;;
2021/08/05;2000 UTC;;;;;;;;;;;;;;;;;;
2021/08/05;2100 UTC;;;;;;;;;;;;;;;;;;
2021/08/05;2200 UTC;;;;;;;;;;;;;;;;;;
2021/08/05;2300 UTC;;;;;;;;;;;;;;;;;;
2021/08/06;0000 UTC;;;;;;;;;;;;;;;;;;
2021/08/06;0100 UTC;;;;;;;;;;;;;;;;;;
2021/08/06;0200 UTC;;;;;;;;;;;;;;;;;;
2021/08/06;0300 UTC;;;;;;;;;;;;;;;;;;
2021/08/06;0400 UTC;;;;;;;;;;;;;;;;;;
2021/08/06;0500 UTC;;;;;;;;;;;;;;;;;;
2021/08/06;0600 UTC;;;;;;;;;;;;;;;;;;
2021/08/06;0700 UTC;;;;;;;;;;;;;;;;;;
2021/08/06;0800 UTC;;;;;;;;;;;;;;;;;;
2021/08/06;0900 UTC;;;;;;;;;;;;;;;;;;
2021/08/06;1000 UTC;;;;;;;;;;;;;;;;;;
2021/08/06;1100 UTC;;;;;;;;;;;;;;;;;;
2021/08/06;1200 UTC;;;;;;;;;;;;;;;;;;
2021/08/06;1300 UTC;;;;;;;;;;;;;;;;;;
2021/08/06;1400 UTC;;;;;;;;;;;;;;;;;;
2021/08/06;1500 UTC;;;;;;;;;;;;;;;;;;
2021/08/06;1600 UTC;;;;;;;;;;;;;;;;;;
2021/08/06;1700 UTC;;;;;;;;;;;;;;;;;;
2021/08/06;1800 UTC;;;;;;;;;;;;;;;;;;
2021/08/06;1900 UTC;;;;;;;;;;;;;;;;;;
2021/08/06;2000 UTC;;;;;;;;;;;;;;;;;;
2021/08/06;2100 UTC;;;;;;;;;;;;;;;;;;
2021/08/06;2200 UTC;;;;;;;;;;;;;;;;;;
2021/08/06;2300 UTC;;;;;;;;;;;;;;;;;;
2021/08/07;0000 UTC;;;;;;;;;;;;;;;;;;
2021/08/07;0100 UTC;;;;;;;;;;;;;;;;;;
2021/08/07;0200 UTC;;;;;;;;;;;;;;;;;;
2021/08/07;0300 UTC;;;;;;;;;;;;;;;;;;
2021/08/07;0400 UTC;;;;;;;;;;;;;;;;;;
2021/08/07;0500 UTC;;;;;;;;;;;;;;;;;;
2021/08/07;0600 UTC;;;;;;;;;;;;;;;;;;
2021/08/07;0700 UTC;;;;;;;;;;;;;;;;;;
2021/08/07;0800 UTC;;;;;;;;;;;;;;;;;;
2021/08/07;0900 UTC;;;;;;;;;;;;;;;;;;
2021/08/07;1000 UTC;;;;;;;;;;;;;;;;;;
2021/08/07;1100 UTC;;;;;;;;;;;;;;;;;;
2021/08/07;1200 UTC;;;;;;;;;;;;;;;;;;
2021/08/07;1300 UTC;;;;;;;;;;;;;;;;;;
2021/08/07;1400 UTC;;;;;;;;;;;;;;;;;;
2021/08/07;1500 UTC;;;;;;;;;;;;;;;;;;
2021/08/07;1600 UTC;;;;;;;;;;;;;;;;;;
2021/08/07;1700 UTC;;;;;;;;;;;;;;;;;;
2021/08/07;1800 UTC;;;;;;;;;;;;;;;;;;
2021/08/07;1900 UTC;;;;;;;;;;;;;;;;;;
2021/08/07;2000 UTC;;;;;;;;;;;;;;;;;;
2021/08/07;2100 UTC;;;;;;;;;;;;;;;;;;
2021/08/07;2200 UTC;;;;;;;;;;;;;;;;;;
2021/08/07;2300 UTC;;;;;;;;;;;;;;;;;;
2021/08/08;0000 UTC;;;;;;;;;;;;;;;;;;
2021/08/08;0100 UTC;;;;;;;;;;;;;;;;;;
2021/08/08;0200 UTC;;;;;;;;;;;;;;;;;;
2021/08/08;0300 UTC;;;;;;;;;;;;;;;;;;
2021/08/08;0400 UTC;;;;;;;;;;;;;;;;;;
2021/08/08;0500 UTC;;;;;;;;;;;;;;;;;;
2021/08/08;0600 UTC;;;;;;;;;;;;;;;;;;
2021/08/08;0700 UTC;;;;;;;;;;;;;;;;;;
2021/08/08;0800 UTC;;;;;;;;;;;;;;;;;;
2021/08/08;0900 UTC;;;;;;;;;;;;;;;;;;
2021/08/08;1000 UTC;;;;;;;;;;;;;;;;;;
2021/08/08;1100 UTC;;;;;;;;;;;;;;;;;;
2021/08/08;1200 UTC;;;;;;;;;;;;;;;;;;
2021/08/08;1300 UTC;;;;;;;;;;;;;;;;;;
2021/08/08;1400 UTC;;;;;;;;;;;;;;;;;;
2021/08/08;1500 UTC;;;;;;;;;;;;;;;;;;
2021/08/08;1600 UTC;;;;;;;;;;;;;;;;;;
2021/08/08;1700 UTC;;;;;;;;;;;;;;;;;;
2021/08/08;1800 UTC;;;;;;;;;;;;;;;;;;
2021/08/08;1900 UTC;;;;;;;;;;;;;;;;;;
2021/08/08;2000 UTC;;;;;;;;;;;;;;;;;;
2021/08/08;2100 UTC;;;;;;;;;;;;;;;;;;
2021/08/08;2200 UTC;;;;;;;;;;;;;;;;;;
2021/08/08;2300 UTC;;;;;;;;;;;;;;;;;;
2021/08/09;0000 UTC;;;;;;;;;;;;;;;;;;
2021/08/09;0100 UTC;;;;;;;;;;;;;;;;;;
2021/08/09;0200 UTC;;;;;;;;;;;;;;;;;;
2021/08/09;0300 UTC;;;;;;;;;;;;;;;;;;
2021/08/09;0400 UTC;;;;;;;;;;;;;;;;;;
2021/08/09;0500 UTC;;;;;;;;;;;;;;;;;;
2021/08/09;0600 UTC;;;;;;;;;;;;;;;;;;
2021/08/09;0700 UTC;;;;;;;;;;;;;;;;;;
2021/08/09;0800 UTC;;;;;;;;;;;;;;;;;;
2021/08/09;0900 UTC;;;;;;;;;;;;;;;;;;
2021/08/09;1000 UTC;;;;;;;;;;;;;;;;;;
2021/08/09;1100 UTC;;;;;;;;;;;;;;;;;;
2021/08/09;1200 UTC;;;;;;;;;;;;;;;;;;
2021/08/09;1300 UTC;;;;;;;;;;;;;;;;;;
2021/08/09;1400 UTC;;;;;;;;;;;;;;;;;;
2021/08/09;1500 UTC;;;;;;;;;;;;;;;;;;
2021/08/09;1600 UTC;;;;;;;;;;;;;;;;;;
2021/08/09;1700 UTC;;;;;;;;;;;;;;;;;;
2021/08/09;1800 UTC;;;;;;;;;;;;;;;;;;
2021/08/09;1900 UTC;;;;;;;;;;;;;;;;;;
2021/08/09;2000 UTC;;;;;;;;;;;;;;;;;;
2021/08/09;2100 UTC;;;;;;;;;;;;;;;;;;
2021/08/09;2200 UTC;;;;;;;;;;;;;;;;;;
2021/08/09;2300 UTC;;;;;;;;;;;;;;;;;;
2021/08/10;0000 UTC;;;;;;;;;;;;;;;;;;
2021/08/10;0100 UTC;;;;;;;;;;;;;;;;;;
2021/08/10;0200 UTC;;;;;;;;;;;;;;;;;;
2021/08/10;0300 UTC;;;;;;;;;;;;;;;;;;
2021/08/10;0400 UTC;;;;;;;;;;;;;;;;;;
2021/08/10;0500 UTC;;;;;;;;;;;;;;;;;;
2021/08/10;0600 UTC;;;;;;;;;;;;;;;;;;
2021/08/10;0700 UTC;;;;;;;;;;;;;;;;;;
2021/08/10;0800 UTC;;;;;;;;;;;;;;;;;;
2021/08/10;0900 UTC;;;;;;;;;;;;;;;;;;
2021/08/10;1000 UTC;;;;;;;;;;;;;;;;;;
2021/08/10;1100 UTC;;;;;;;;;;;;;;;;;;
2021/08/10;1200 UTC;;;;;;;;;;;;;;;;;;
2021/08/10;1300 UTC;;;;;;;;;;;;;;;;;;
2021/08/10;1400 UTC;;;;;;;;;;;;;;;;;;
2021/08/10;1500 UTC;;;;;;;;;;;;;;;;;;
2021/08/10;1600 UTC;;;;;;;;;;;;;;;;;;
2021/08/10;1700 UTC;;;;;;;;;;;;;;;;;;
2021/08/10;1800 UTC;;;;;;;;;;;;;;;;;;
2021/08/10;1900 UTC;;;;;;;;;;;;;;;;;;
2021/08/10;2000 UTC;;;;;;;;;;;;;;;;;;
2021/08/10;2100 UTC;;;;;;;;;;;;;;;;;;
2021/08/10;2200 UTC;;;;;;;;;;;;;;;;;;
2021/08/10;2300 UTC;;;;;;;;;;;;;;;;;;
2021/08/11;0000 UTC;;;;;;;;;;;;;;;;;;
2021/08/11;0100 UTC;;;;;;;;;;;;;;;;;;
2021/08/11;0200 UTC;;;;;;;;;;;;;;;;;;
2021/08/11;0300 UTC;;;;;;;;;;;;;;;;;;
2021/08/11;0400 UTC;;;;;;;;;;;;;;;;;;
2021/08/11;0500 UTC;;;;;;;;;;;;;;;;;;
2021/08/11;0600 UTC;;;;;;;;;;;;;;;;;;
2021/08/11;0700 UTC;;;;;;;;;;;;;;;;;;
2021/08/11;0800 UTC;;;;;;;;;;;;;;;;;;
2021/08/11;0900 UTC;;;;;;;;;;;;;;;;;;
2021/08/11;1000 UTC;;;;;;;;;;;;;;;;;;
2021/08/11;1100 UTC;;;;;;;;;;;;;;;;;;
2021/08/11;1200 UTC;;;;;;;;;;;;;;;;;;
2021/08/11;1300 UTC;;;;;;;;;;;;;;;;;;
2021/08/11;1400 UTC;;;;;;;;;;;;;;;;;;
2021/08/11;1500 UTC;;;;;;;;;;;;;;;;;;
2021/08/11;1600 UTC;;;;;;;;;;;;;;;;;;
2021/08/11;1700 UTC;;;;;;;;;;;;;;;;;;
2021/08/11;1800 UTC;;;;;;;;;;;;;;;;;;
2021/08/11;1900 UTC;;;;;;;;;;;;;;;;;;
2021/08/11;2000 UTC;;;;;;;;;;;;;;;;;;
2021/08/11;2100 UTC;;;;;;;;;;;;;;;;;;
2021/08/11;2200 UTC;;;;;;;;;;;;;;;;;;
2021/08/11;2300 UTC;;;;;;;;;;;;;;;;;;
2021/08/12;0000 UTC;;;;;;;;;;;;;;;;;;
2021/08/12;0100 UTC;;;;;;;;;;;;;;;;;;
2021/08/12;0200 UTC;;;;;;;;;;;;;;;;;;
2021/08/12;0300 UTC;;;;;;;;;;;;;;;;;;
2021/08/12;0400 UTC;;;;;;;;;;;;;;;;;;
2021/08/12;0500 UTC;;;;;;;;;;;;;;;;;;
2021/08/12;0600 UTC;;;;;;;;;;;;;;;;;;
2021/08/12;0700 UTC;;;;;;;;;;;;;;;;;;
2021/08/12;0800 UTC;;;;;;;;;;;;;;;;;;
2021/08/12;0900 UTC;;;;;;;;;;;;;;;;;;
2021/08/12;1000 UTC;;;;;;;;;;;;;;;;;;
2021/08/12;1100 UTC;;;;;;;;;;;;;;;;;;
2021/08/12;1200 UTC;;;;;;;;;;;;;;;;;;
2021/08/12;1300 UTC;;;;;;;;;;;;;;;;;;
2021/08/12;1400 UTC;;;;;;;;;;;;;;;;;;
2021/08/12;1500 UTC;;;;;;;;;;;;;;;;;;
2021/08/12;1600 UTC;;;;;;;;;;;;;;;;;;
2021/08/12;1700 UTC;;;;;;;;;;;;;;;;;;
2021/08/12;1800 UTC;;;;;;;;;;;;;;;;;;
2021/08/12;1900 UTC;;;;;;;;;;;;;;;;;;
2021/08/12;2000 UTC;;;;;;;;;;;;;;;;;;
2021/08/12;2100 UTC;;;;;;;;;;;;;;;;;;
2021/08/12;2200 UTC;;;;;;;;;;;;;;;;;;
2021/08/12;2300 UTC;;;;;;;;;;;;;;;;;;
2021/08/13;0000 UTC;;;;;;;;;;;;;;;;;;
2021/08/13;0100 UTC;;;;;;;;;;;;;;;;;;
2021/08/13;0200 UTC;;;;;;;;;;;;;;;;;;
2021/08/13;0300 UTC;;;;;;;;;;;;;;;;;;
2021/08/13;0400 UTC;;;;;;;;;;;;;;;;;;
2021/08/13;0500 UTC;;;;;;;;;;;;;;;;;;
2021/08/13;0600 UTC;;;;;;;;;;;;;;;;;;
2021/08/13;0700 UTC;;;;;;;;;;;;;;;;;;
2021/08/13;0800 UTC;;;;;;;;;;;;;;;;;;
2021/08/13;0900 UTC;;;;;;;;;;;;;;;;;;
2021/08/13;1000 UTC;;;;;;;;;;;;;;;;;;
2021/08/13;1100 UTC;;;;;;;;;;;;;;;;;;
2021/08/13;1200 UTC;;;;;;;;;;;;;;;;;;
2021/08/13;1300 UTC;;;;;;;;;;;;;;;;;;
2021/08/13;1400 UTC;;;;;;;;;;;;;;;;;;
2021/08/13;1500 UTC;;;;;;;;;;;;;;;;;;
2021/08/13;1600 UTC;;;;;;;;;;;;;;;;;;
2021/08/13;1700 UTC;;;;;;;;;;;;;;;;;;
2021/08/13;1800 UTC;;;;;;;;;;;;;;;;;;
2021/08/13;1900 UTC;;;;;;;;;;;;;;;;;;
2021/08/13;2000 UTC;;;;;;;;;;;;;;;;;;
2021/08/13;2100 UTC;;;;;;;;;;;;;;;;;;
2021/08/13;2200 UTC;;;;;;;;;;;;;;;;;;
2021/08/13;2300 UTC;;;;;;;;;;;;;;;;;;
2021/08/14;0000 UTC;;;;;;;;;;;;;;;;;;
2021/08/14;0100 UTC;;;;;;;;;;;;;;;;;;
2021/08/14;0200 UTC;;;;;;;;;;;;;;;;;;
2021/08/14;0300 UTC;;;;;;;;;;;;;;;;;;
2021/08/14;0400 UTC;;;;;;;;;;;;;;;;;;
2021/08/14;0500 UTC;;;;;;;;;;;;;;;;;;
2021/08/14;0600 UTC;;;;;;;;;;;;;;;;;;
2021/08/14;0700 UTC;;;;;;;;;;;;;;;;;;
2021/08/14;0800 UTC;;;;;;;;;;;;;;;;;;
2021/08/14;0900 UTC;;;;;;;;;;;;;;;;;;
2021/08/14;1000 UTC;;;;;;;;;;;;;;;;;;
2021/08/14;1100 UTC;;;;;;;;;;;;;;;;;;
2021/08/14;1200 UTC;;;;;;;;;;;;;;;;;;
2021/08/14;1300 UTC;;;;;;;;;;;;;;;;;;
2021/08/14;1400 UTC;;;;;;;;;;;;;;;;;;
2021/08/14;1500 UTC;;;;;;;;;;;;;;;;;;
2021/08/14;1600 UTC;;;;;;;;;;;;;;;;;;
2021/08/14;1700 UTC;;;;;;;;;;;;;;;;;;
2021/08/14;1800 UTC;;;;;;;;;;;;;;;;;;
2021/08/14;1900 UTC;;;;;;;;;;;;;;;;;;
2021/08/14;2000 UTC;;;;;;;;;;;;;;;;;;
2021/08/14;2100 UTC;;;;;;;;;;;;;;;;;;
2021/08/14;2200 UTC;;;;;;;;;;;;;;;;;;
2021/08/14;2300 UTC;;;;;;;;;;;;;;;;;;
2021/08/15;0000 UTC;;;;;;;;;;;;;;;;;;
2021/08/15;0100 UTC;;;;;;;;;;;;;;;;;;
2021/08/15;0200 UTC;;;;;;;;;;;;;;;;;;
2021/08/15;0300 UTC;;;;;;;;;;;;;;;;;;
2021/08/15;0400 UTC;;;;;;;;;;;;;;;;;;
2021/08/15;0500 UTC;;;;;;;;;;;;;;;;;;
2021/08/15;0600 UTC;;;;;;;;;;;;;;;;;;
2021/08/15;0700 UTC;;;;;;;;;;;;;;;;;;
2021/08/15;0800 UTC;;;;;;;;;;;;;;;;;;
2021/08/15;0900 UTC;;;;;;;;;;;;;;;;;;
2021/08/15;1000 UTC;;;;;;;;;;;;;;;;;;
2021/08/15;1100 UTC;;;;;;;;;;;;;;;;;;
2021/08/15;1200 UTC;;;;;;;;;;;;;;;;;;
2021/08/15;1300 UTC;;;;;;;;;;;;;;;;;;
2021/08/15;1400 UTC;;;;;;;;;;;;;;;;;;
2021/08/15;1500 UTC;;;;;;;;;;;;;;;;;;
2021/08/15;1600 UTC;;;;;;;;;;;;;;;;;;
2021/08/15;1700 UTC;;;;;;;;;;;;;;;;;;
2021/08/15;1800 UTC;;;;;;;;;;;;;;;;;;
2021/08/15;1900 UTC;;;;;;;;;;;;;;;;;;
2021/08/15;2000 UTC;;;;;;;;;;;;;;;;;;
2021/08/15;2100 UTC;;;;;;;;;;;;;;;;;;
2021/08/15;2200 UTC;;;;;;;;;;;;;;;;;;
2021/08/15;2300 UTC;;;;;;;;;;;;;;;;;;
2021/08/16;0000 UTC;;;;;;;;;;;;;;;;;;
2021/08/16;0100 UTC;;;;;;;;;;;;;;;;;;
2021/08/16;0200 UTC;;;;;;;;;;;;;;;;;;
2021/08/16;0300 UTC;;;;;;;;;;;;;;;;;;
2021/08/16;0400 UTC;;;;;;;;;;;;;;;;;;
2021/08/16;0500 UTC;;;;;;;;;;;;;;;;;;
2021/08/16;0600 UTC;;;;;;;;;;;;;;;;;;
2021/08/16;0700 UTC;;;;;;;;;;;;;;;;;;
2021/08/16;0800 UTC;;;;;;;;;;;;;;;;;;
2021/08/16;0900 UTC;;;;;;;;;;;;;;;;;;
2021/08/16;1000 UTC;;;;;;;;;;;;;;;;;;
2021/08/16;1100 UTC;;;;;;;;;;;;;;;;;;
2021/08/16;1200 UTC;;;;;;;;;;;;;;;;;;
2021/08/16;1300 UTC;;;;;;;;;;;;;;;;;;
2021/08/16;1400 UTC;;;;;;;;;;;;;;;;;;
2021/08/16;1500 UTC;;;;;;;;;;;;;;;;;;
2021/08/16;1600 UTC;;;;;;;;;;;;;;;;;;
2021/08/16;1700 UTC;;;;;;;;;;;;;;;;;;
2021/08/16;1800 UTC;;;;;;;;;;;;;;;;;;
2021/08/16;1900 UTC;;;;;;;;;;;;;;;;;;
2021/08/16;2000 UTC;;;;;;;;;;;;;;;;;;
2021/08/16;2100 UTC;;;;;;;;;;;;;;;;;;
2021/08/16;2200 UTC;;;;;;;;;;;;;;;;;;
2021/08/16;2300 UTC;;;;;;;;;;;;;;;;;;
2021/08/17;0000 UTC;;;;;;;;;;;;;;;;;;
2021/08/17;0100 UTC;;;;;;;;;;;;;;;;;;
2021/08/17;0200 UTC;;;;;;;;;;;;;;;;;;
2021/08/17;0300 UTC;;;;;;;;;;;;;;;;;;
2021/08/17;0400 UTC;;;;;;;;;;;;;;;;;;
2021/08/17;0500 UTC;;;;;;;;;;;;;;;;;;
2021/08/17;0600 UTC;;;;;;;;;;;;;;;;;;
2021/08/17;0700 UTC;;;;;;;;;;;;;;;;;;
2021/08/17;0800 UTC;;;;;;;;;;;;;;;;;;
2021/08/17;0900 UTC;;;;;;;;;;;;;;;;;;
2021/08/17;1000 UTC;;;;;;;;;;;;;;;;;;
2021/08/17;1100 UTC;;;;;;;;;;;;;;;;;;
2021/08/17;1200 UTC;;;;;;;;;;;;;;;;;;
2021/08/17;1300 UTC;;;;;;;;;;;;;;;;;;
2021/08/17;1400 UTC;;;;;;;;;;;;;;;;;;
2021/08/17;1500 UTC;;;;;;;;;;;;;;;;;;
2021/08/17;1600 UTC;;;;;;;;;;;;;;;;;;
2021/08/17;1700 UTC;;;;;;;;;;;;;;;;;;
2021/08/17;1800 UTC;;;;;;;;;;;;;;;;;;
2021/08/17;1900 UTC;;;;;;;;;;;;;;;;;;
2021/08/17;2000 UTC;;;;;;;;;;;;;;;;;;
2021/08/17;2100 UTC;;;;;;;;;;;;;;;;;;
2021/08/17;2200 UTC;;;;;;;;;;;;;;;;;;
2021/08/17;2300 UTC;;;;;;;;;;;;;;;;;;
2021/08/18;0000 UTC;;;;;;;;;;;;;;;;;;
2021/08/18;0100 UTC;;;;;;;;;;;;;;;;;;
2021/08/18;0200 UTC;;;;;;;;;;;;;;;;;;
2021/08/18;0300 UTC;;;;;;;;;;;;;;;;;;
2021/08/18;0400 UTC;;;;;;;;;;;;;;;;;;
2021/08/18;0500 UTC;;;;;;;;;;;;;;;;;;
2021/08/18;0600 UTC;;;;;;;;;;;;;;;;;;
2021/08/18;0700 UTC;;;;;;;;;;;;;;;;;;
2021/08/18;0800 UTC;;;;;;;;;;;;;;;;;;
2021/08/18;0900 UTC;;;;;;;;;;;;;;;;;;
2021/08/18;1000 UTC;;;;;;;;;;;;;;;;;;
2021/08/18;1100 UTC;;;;;;;;;;;;;;;;;;
2021/08/18;1200 UTC;;;;;;;;;;;;;;;;;;
2021/08/18;1300 UTC;;;;;;;;;;;;;;;;;;
2021/08/18;1400 UTC;;;;;;;;;;;;;;;;;;
2021/08/18;1500 UTC;;;;;;;;;;;;;;;;;;
2021/08/18;1600 UTC;;;;;;;;;;;;;;;;;;
2021/08/18;1700 UTC;;;;;;;;;;;;;;;;;;
2021/08/18;1800 UTC;;;;;;;;;;;;;;;;;;
2021/08/18;1900 UTC;;;;;;;;;;;;;;;;;;
2021/08/18;2000 UTC;;;;;;;;;;;;;;;;;;
2021/08/18;2100 UTC;;;;;;;;;;;;;;;;;;
2021/08/18;2200 UTC;;;;;;;;;;;;;;;;;;
2021/08/18;2300 UTC;;;;;;;;;;;;;;;;;;
2021/08/19;0000 UTC;;;;;;;;;;;;;;;;;;
2021/08/19;0100 UTC;;;;;;;;;;;;;;;;;;
2021/08/19;0200 UTC;;;;;;;;;;;;;;;;;;
2021/08/19;0300 UTC;;;;;;;;;;;;;;;;;;
2021/08/19;0400 UTC;;;;;;;;;;;;;;;;;;
2021/08/19;0500 UTC;;;;;;;;;;;;;;;;;;
2021/08/19;0600 UTC;;;;;;;;;;;;;;;;;;
2021/08/19;0700 UTC;;;;;;;;;;;;;;;;;;
2021/08/19;0800 UTC;;;;;;;;;;;;;;;;;;
2021/08/19;0900 UTC;;;;;;;;;;;;;;;;;;
2021/08/19;1000 UTC;;;;;;;;;;;;;;;;;;
2021/08/19;1100 UTC;;;;;;;;;;;;;;;;;;
2021/08/19;1200 UTC;;;;;;;;;;;;;;;;;;
2021/08/19;1300 UTC;;;;;;;;;;;;;;;;;;
2021/08/19;1400 UTC;;;;;;;;;;;;;;;;;;
2021/08/19;1500 UTC;;;;;;;;;;;;;;;;;;
2021/08/19;1600 UTC;;;;;;;;;;;;;;;;;;
2021/08/19;1700 UTC;;;;;;;;;;;;;;;;;;
2021/08/19;1800 UTC;;;;;;;;;;;;;;;;;;
2021/08/19;1900 UTC;;;;;;;;;;;;;;;;;;
2021/08/19;2000 UTC;;;;;;;;;;;;;;;;;;
2021/08/19;2100 UTC;;;;;;;;;;;;;;;;;;
2021/08/19;2200 UTC;;;;;;;;;;;;;;;;;;
2021/08/19;2300 UTC;;;;;;;;;;;;;;;;;;
2021/08/20;0000 UTC;;;;;;;;;;;;;;;;;;
2021/08/20;0100 UTC;;;;;;;;;;;;;;;;;;
2021/08/20;0200 UTC;;;;;;;;;;;;;;;;;;
2021/08/20;0300 UTC;;;;;;;;;;;;;;;;;;
2021/08/20;0400 UTC;;;;;;;;;;;;;;;;;;
2021/08/20;0500 UTC;;;;;;;;;;;;;;;;;;
2021/08/20;0600 UTC;;;;;;;;;;;;;;;;;;
2021/08/20;0700 UTC;;;;;;;;;;;;;;;;;;
2021/08/20;0800 UTC;;;;;;;;;;;;;;;;;;
2021/08/20;0900 UTC;;;;;;;;;;;;;;;;;;
2021/08/20;1000 UTC;;;;;;;;;;;;;;;;;;
2021/08/20;1100 UTC;;;;;;;;;;;;;;;;;;
2021/08/20;1200 UTC;;;;;;;;;;;;;;;;;;
2021/08/20;1300 UTC;;;;;;;;;;;;;;;;;;
2021/08/20;1400 UTC;;;;;;;;;;;;;;;;;;
2021/08/20;1500 UTC;;;;;;;;;;;;;;;;;;
2021/08/20;1600 UTC;;;;;;;;;;;;;;;;;;
2021/08/20;1700 UTC;;;;;;;;;;;;;;;;;;
2021/08/20;1800 UTC;;;;;;;;;;;;;;;;;;
2021/08/20;1900 UTC;;;;;;;;;;;;;;;;;;
2021/08/20;2000 UTC;;;;;;;;;;;;;;;;;;
2021/08/20;2100 UTC;;;;;;;;;;;;;;;;;;
2021/08/20;2200 UTC;;;;;;;;;;;;;;;;;;
2021/08/20;2300 UTC;;;;;;;;;;;;;;;;;;
2021/08/21;0000 UTC;;;;;;;;;;;;;;;;;;
2021/08/21;0100 UTC;;;;;;;;;;;;;;;;;;
2021/08/21;0200 UTC;;;;;;;;;;;;;;;;;;
2021/08/21;0300 UTC;;;;;;;;;;;;;;;;;;
2021/08/21;0400 UTC;;;;;;;;;;;;;;;;;;
2021/08/21;0500 UTC;;;;;;;;;;;;;;;;;;
2021/08/21;0600 UTC;;;;;;;;;;;;;;;;;;
2021/08/21;0700 UTC;;;;;;;;;;;;;;;;;;
2021/08/21;0800 UTC;;;;;;;;;;;;;;;;;;
2021/08/21;0900 UTC;;;;;;;;;;;;;;;;;;
2021/08/21;1000 UTC;;;;;;;;;;;;;;;;;;
2021/08/21;1100 UTC;;;;;;;;;;;;;;;;;;
2021/08/21;1200 UTC;;;;;;;;;;;;;;;;;;
2021/08/21;1300 UTC;;;;;;;;;;;;;;;;;;
2021/08/21;1400 UTC;;;;;;;;;;;;;;;;;;
2021/08/21;1500 UTC;;;;;;;;;;;;;;;;;;
2021/08/21;1600 UTC;;;;;;;;;;;;;;;;;;
2021/08/21;1700 UTC;;;;;;;;;;;;;;;;;;
2021/08/21;1800 UTC;;;;;;;;;;;;;;;;;;
2021/08/21;1900 UTC;;;;;;;;;;;;;;;;;;
2021/08/21;2000 UTC;;;;;;;;;;;;;;;;;;
2021/08/21;2100 UTC;;;;;;;;;;;;;;;;;;
2021/08/21;2200 UTC;;;;;;;;;;;;;;;;;;
2021/08/21;2300 UTC;;;;;;;;;;;;;;;;;;
2021/08/22;0000 UTC;;;;;;;;;;;;;;;;;;
2021/08/22;0100 UTC;;;;;;;;;;;;;;;;;;
2021/08/22;0200 UTC;;;;;;;;;;;;;;;;;;
2021/08/22;0300 UTC;;;;;;;;;;;;;;;;;;
2021/08/22;0400 UTC;;;;;;;;;;;;;;;;;;
2021/08/22;0500 UTC;;;;;;;;;;;;;;;;;;
2021/08/22;0600 UTC;;;;;;;;;;;;;;;;;;
2021/08/22;0700 UTC;;;;;;;;;;;;;;;;;;
2021/08/22;0800 UTC;;;;;;;;;;;;;;;;;;
2021/08/22;0900 UTC;;;;;;;;;;;;;;;;;;
2021/08/22;1000 UTC;;;;;;;;;;;;;;;;;;
2021/08/22;1100 UTC;;;;;;;;;;;;;;;;;;
2021/08/22;1200 UTC;;;;;;;;;;;;;;;;;;
2021/08/22;1300 UTC;;;;;;;;;;;;;;;;;;
2021/08/22;1400 UTC;;;;;;;;;;;;;;;;;;
2021/08/22;1500 UTC;;;;;;;;;;;;;;;;;;
2021/08/22;1600 UTC;;;;;;;;;;;;;;;;;;
2021/08/22;1700 UTC;;;;;;;;;;;;;;;;;;
2021/08/22;1800 UTC;;;;;;;;;;;;;;;;;;
2021/08/22;1900 UTC;;;;;;;;;;;;;;;;;;
2021/08/22;2000 UTC;;;;;;;;;;;;;;;;;;
2021/08/22;2100 UTC;;;;;;;;;;;;;;;;;;
2021/08/22;2200 UTC;;;;;;;;;;;;;;;;;;
2021/08/22;2300 UTC;;;;;;;;;;;;;;;;;;
2021/08/23;0000 UTC;;;;;;;;;;;;;;;;;;
2021/08/23;0100 UTC;;;;;;;;;;;;;;;;;;
2021/08/23;0200 UTC;;;;;;;;;;;;;;;;;;
2021/08/23;0300 UTC;;;;;;;;;;;;;;;;;;
2021/08/23;0400 UTC;;;;;;;;;;;;;;;;;;
2021/08/23;0500 UTC;;;;;;;;;;;;;;;;;;
2021/08/23;0600 UTC;;;;;;;;;;;;;;;;;;
2021/08/23;0700 UTC;;;;;;;;;;;;;;;;;;
2021/08/23;0800 UTC;;;;;;;;;;;;;;;;;;
2021/08/23;0900 UTC;;;;;;;;;;;;;;;;;;
2021/08/23;1000 UTC;;;;;;;;;;;;;;;;;;
2021/08/23;1100 UTC;;;;;;;;;;;;;;;;;;
2021/08/23;1200 UTC;;;;;;;;;;;;;;;;;;
2021/08/23;1300 UTC;;;;;;;;;;;;;;;;;;
2021/08/23;1400 UTC;;;;;;;;;;;;;;;;;;
2021/08/23;1500 UTC;;;;;;;;;;;;;;;;;;
2021/08/23;1600 UTC;;;;;;;;;;;;;;;;;;
2021/08/23;1700 UTC;;;;;;;;;;;;;;;;;;
2021/08/23;1800 UTC;;;;;;;;;;;;;;;;;;
2021/08/23;1900 UTC;;;;;;;;;;;;;;;;;;
2021/08/23;2000 UTC;;;;;;;;;;;;;;;;;;
2021/08/23;2100 UTC;;;;;;;;;;;;;;;;;;
2021/08/23;2200 UTC;;;;;;;;;;;;;;;;;;
2021/08/23;2300 UTC;;;;;;;;;;;;;;;;;;
2021/08/24;0000 UTC;;;;;;;;;;;;;;;;;;
2021/08/24;0100 UTC;;;;;;;;;;;;;;;;;;
2021/08/24;0200 UTC;;;;;;;;;;;;;;;;;;
2021/08/24;0300 UTC;;;;;;;;;;;;;;;;;;
2021/08/24;0400 UTC;;;;;;;;;;;;;;;;;;
2021/08/24;0500 UTC;;;;;;;;;;;;;;;;;;
2021/08/24;0600 UTC;;;;;;;;;;;;;;;;;;
2021/08/24;0700 UTC;;;;;;;;;;;;;;;;;;
2021/08/24;0800 UTC;;;;;;;;;;;;;;;;;;
2021/08/24;0900 UTC;;;;;;;;;;;;;;;;;;
2021/08/24;1000 UTC;;;;;;;;;;;;;;;;;;
2021/08/24;1100 UTC;;;;;;;;;;;;;;;;;;
2021/08/24;1200 UTC;;;;;;;;;;;;;;;;;;
2021/08/24;1300 UTC;;;;;;;;;;;;;;;;;;
2021/08/24;1400 UTC;;;;;;;;;;;;;;;;;;
2021/08/24;1500 UTC;;;;;;;;;;;;;;;;;;
2021/08/24;1600 UTC;;;;;;;;;;;;;;;;;;
2021/08/24;1700 UTC;;;;;;;;;;;;;;;;;;
2021/08/24;1800 UTC;;;;;;;;;;;;;;;;;;
2021/08/24;1900 UTC;;;;;;;;;;;;;;;;;;
2021/08/24;2000 UTC;;;;;;;;;;;;;;;;;;
2021/08/24;2100 UTC;;;;;;;;;;;;;;;;;;
2021/08/24;2200 UTC;;;;;;;;;;;;;;;;;;
2021/08/24;2300 UTC;;;;;;;;;;;;;;;;;;
2021/08/25;0000 UTC;;;;;;;;;;;;;;;;;;
2021/08/25;0100 UTC;;;;;;;;;;;;;;;;;;
2021/08/25;0200 UTC;;;;;;;;;;;;;;;;;;
2021/08/25;0300 UTC;;;;;;;;;;;;;;;;;;
2021/08/25;0400 UTC;;;;;;;;;;;;;;;;;;
2021/08/25;0500 UTC;;;;;;;;;;;;;;;;;;
2021/08/25;0600 UTC;;;;;;;;;;;;;;;;;;
2021/08/25;0700 UTC;;;;;;;;;;;;;;;;;;
2021/08/25;0800 UTC;;;;;;;;;;;;;;;;;;
2021/08/25;0900 UTC;;;;;;;;;;;;;;;;;;
2021/08/25;1000 UTC;;;;;;;;;;;;;;;;;;
2021/08/25;1100 UTC;;;;;;;;;;;;;;;;;;
2021/08/25;1200 UTC;;;;;;;;;;;;;;;;;;
2021/08/25;1300 UTC;;;;;;;;;;;;;;;;;;
2021/08/25;1400 UTC;;;;;;;;;;;;;;;;;;
2021/08/25;1500 UTC;;;;;;;;;;;;;;;;;;
2021/08/25;1600 UTC;;;;;;;;;;;;;;;;;;
2021/08/25;1700 UTC;;;;;;;;;;;;;;;;;;
2021/08/25;1800 UTC;;;;;;;;;;;;;;;;;;
2021/08/25;1900 UTC;;;;;;;;;;;;;;;;;;
2021/08/25;2000 UTC;;;;;;;;;;;;;;;;;;
2021/08/25;2100 UTC;;;;;;;;;;;;;;;;;;
2021/08/25;2200 UTC;;;;;;;;;;;;;;;;;;
2021/08/25;2300 UTC;;;;;;;;;;;;;;;;;;
2021/08/26;0000 UTC;;;;;;;;;;;;;;;;;;
2021/08/26;0100 UTC;;;;;;;;;;;;;;;;;;
2021/08/26;0200 UTC;;;;;;;;;;;;;;;;;;
2021/08/26;0300 UTC;;;;;;;;;;;;;;;;;;
2021/08/26;0400 UTC;;;;;;;;;;;;;;;;;;
2021/08/26;0500 UTC;;;;;;;;;;;;;;;;;;
2021/08/26;0600 UTC;;;;;;;;;;;;;;;;;;
2021/08/26;0700 UTC;;;;;;;;;;;;;;;;;;
2021/08/26;0800 UTC;;;;;;;;;;;;;;;;;;
2021/08/26;0900 UTC;;;;;;;;;;;;;;;;;;
2021/08/26;1000 UTC;;;;;;;;;;;;;;;;;;
2021/08/26;1100 UTC;;;;;;;;;;;;;;;;;;
2021/08/26;1200 UTC;;;;;;;;;;;;;;;;;;
2021/08/26;1300 UTC;;;;;;;;;;;;;;;;;;
2021/08/26;1400 UTC;;;;;;;;;;;;;;;;;;
2021/08/26;1500 UTC;;;;;;;;;;;;;;;;;;
2021/08/26;1600 UTC;;;;;;;;;;;;;;;;;;
2021/08/26;1700 UTC;;;;;;;;;;;;;;;;;;
2021/08/26;1800 UTC;;;;;;;;;;;;;;;;;;
2021/08/26;1900 UTC;;;;;;;;;;;;;;;;;;
2021/08/26;2000 UTC;;;;;;;;;;;;;;;;;;
2021/08/26;2100 UTC;;;;;;;;;;;;;;;;;;
2021/08/26;2200 UTC;;;;;;;;;;;;;;;;;;
2021/08/26;2300 UTC;;;;;;;;;;;;;;;;;;
2021/08/27;0000 UTC;;;;;;;;;;;;;;;;;;
2021/08/27;0100 UTC;;;;;;;;;;;;;;;;;;
2021/08/27;0200 UTC;;;;;;;;;;;;;;;;;;
2021/08/27;0300 UTC;;;;;;;;;;;;;;;;;;
2021/08/27;0400 UTC;;;;;;;;;;;;;;;;;;
2021/08/27;0500 UTC;;;;;;;;;;;;;;;;;;
2021/08/27;0600 UTC;;;;;;;;;;;;;;;;;;
2021/08/27;0700 UTC;;;;;;;;;;;;;;;;;;
2021/08/27;0800 UTC;;;;;;;;;;;;;;;;;;
2021/08/27;0900 UTC;;;;;;;;;;;;;;;;;;
2021/08/27;1000 UTC;;;;;;;;;;;;;;;;;;
2021/08/27;1100 UTC;;;;;;;;;;;;;;;;;;
2021/08/27;1200 UTC;;;;;;;;;;;;;;;;;;
2021/08/27;1300 UTC;;;;;;;;;;;;;;;;;;
2021/08/27;1400 UTC;;;;;;;;;;;;;;;;;;
2021/08/27;1500 UTC;;;;;;;;;;;;;;;;;;
2021/08/27;1600 UTC;;;;;;;;;;;;;;;;;;
2021/08/27;1700 UTC;;;;;;;;;;;;;;;;;;
2021/08/27;1800 UTC;;;;;;;;;;;;;;;;;;
2021/08/27;1900 UTC;;;;;;;;;;;;;;;;;;
2021/08/27;2000 UTC;;;;;;;;;;;;;;;;;;
2021/08/27;2100 UTC;;;;;;;;;;;;;;;;;;
2021/08/27;2200 UTC;;;;;;;;;;;;;;;;;;
2021/08/27;2300 UTC;;;;;;;;;;;;;;;;;;
2021/08/28;0000 UTC;;;;;;;;;;;;;;;;;;
2021/08/28;0100 UTC;;;;;;;;;;;;;;;;;;
2021/08/28;0200 UTC;;;;;;;;;;;;;;;;;;
2021/08/28;0300 UTC;;;;;;;;;;;;;;;;;;
2021/08/28;0400 UTC;;;;;;;;;;;;;;;;;;
2021/08/28;0500 UTC;;;;;;;;;;;;;;;;;;
2021/08/28;0600 UTC;;;;;;;;;;;;;;;;;;
2021/08/28;0700 UTC;;;;;;;;;;;;;;;;;;
2021/08/28;0800 UTC;;;;;;;;;;;;;;;;;;
2021/08/28;0900 UTC;;;;;;;;;;;;;;;;;;
2021/08/28;1000 UTC;;;;;;;;;;;;;;;;;;
2021/08/28;1100 UTC;;;;;;;;;;;;;;;;;;
2021/08/28;1200 UTC;;;;;;;;;;;;;;;;;;
2021/08/28;1300 UTC;;;;;;;;;;;;;;;;;;
2021/08/28;1400 UTC;;;;;;;;;;;;;;;;;;
2021/08/28;1500 UTC;;;;;;;;;;;;;;;;;;
2021/08/28;1600 UTC;;;;;;;;;;;;;;;;;;
2021/08/28;1700 UTC;;;;;;;;;;;;;;;;;;
2021/08/28;1800 UTC;;;;;;;;;;;;;;;;;;
2021/08/28;1900 UTC;;;;;;;;;;;;;;;;;;
2021/08/28;2000 UTC;;;;;;;;;;;;;;;;;;
2021/08/28;2100 UTC;;;;;;;;;;;;;;;;;;
2021/08/28;2200 UTC;;;;;;;;;;;;;;;;;;
2021/08/28;2300 UTC;;;;;;;;;;;;;;;;;;
2021/08/29;0000 UTC;;;;;;;;;;;;;;;;;;
2021/08/29;0100 UTC;;;;;;;;;;;;;;;;;;
2021/08/29;0200 UTC;;;;;;;;;;;;;;;;;;
2021/08/29;0300 UTC;;;;;;;;;;;;;;;;;;
2021/08/29;0400 UTC;;;;;;;;;;;;;;;;;;
2021/08/29;0500 UTC;;;;;;;;;;;;;;;;;;
2021/08/29;0600 UTC;;;;;;;;;;;;;;;;;;
2021/08/29;0700 UTC;;;;;;;;;;;;;;;;;;
2021/08/29;0800 UTC;;;;;;;;;;;;;;;;;;
2021/08/29;0900 UTC;;;;;;;;;;;;;;;;;;
2021/08/29;1000 UTC;;;;;;;;;;;;;;;;;;
2021/08/29;1100 UTC;;;;;;;;;;;;;;;;;;
2021/08/29;1200 UTC;;;;;;;;;;;;;;;;;;
2021/08/29;1300 UTC;;;;;;;;;;;;;;;;;;
2021/08/29;1400 UTC;;;;;;;;;;;;;;;;;;
2021/08/29;1500 UTC;;;;;;;;;;;;;;;;;;
2021/08/29;1600 UTC;;;;;;;;;;;;;;;;;;
2021/08/29;1700 UTC;;;;;;;;;;;;;;;;;;
2021/08/29;1800 UTC;;;;;;;;;;;;;;;;;;
2021/08/29;1900 UTC;;;;;;;;;;;;;;;;;;
2021/08/29;2000 UTC;;;;;;;;;;;;;;;;;;
2021/08/29;2100 UTC;;;;;;;;;;;;;;;;;;
2021/08/29;2200 UTC;;;;;;;;;;;;;;;;;;
2021/08/29;2300 UTC;;;;;;;;;;;;;;;;;;
2021/08/30;0000 UTC;;;;;;;;;;;;;;;;;;
2021/08/30;0100 UTC;;;;;;;;;;;;;;;;;;
2021/08/30;0200 UTC;;;;;;;;;;;;;;;;;;
2021/08/30;0300 UTC;;;;;;;;;;;;;;;;;;
2021/08/30;0400 UTC;;;;;;;;;;;;;;;;;;
2021/08/30;0500 UTC;;;;;;;;;;;;;;;;;;
2021/08/30;0600 UTC;;;;;;;;;;;;;;;;;;
2021/08/30;0700 UTC;;;;;;;;;;;;;;;;;;
2021/08/30;0800 UTC;;;;;;;;;;;;;;;;;;
2021/08/30;0900 UTC;;;;;;;;;;;;;;;;;;
2021/08/30;1000 UTC;;;;;;;;;;;;;;;;;;
2021/08/30;1100 UTC;;;;;;;;;;;;;;;;;;
2021/08/30;1200 UTC;;;;;;;;;;;;;;;;;;
2021/08/30;1300 UTC;;;;;;;;;;;;;;;;;;
2021/08/30;1400 UTC;;;;;;;;;;;;;;;;;;
2021/08/30;1500 UTC;;;;;;;;;;;;;;;;;;
2021/08/30;1600 UTC;;;;;;;;;;;;;;;;;;
2021/08/30;1700 UTC;;;;;;;;;;;;;;;;;;
2021/08/30;1800 UTC;;;;;;;;;;;;;;;;;;
2021/08/30;1900 UTC;;;;;;;;;;;;;;;;;;
2021/08/30;2000 UTC;;;;;;;;;;;;;;;;;;
2021/08/30;2100 UTC;;;;;;;;;;;;;;;;;;
2021/08/30;2200 UTC;;;;;;;;;;;;;;;;;;
2021/08/30;2300 UTC;;;;;;;;;;;;;;;;;;
2021/08/31;0000 UTC;;;;;;;;;;;;;;;;;;
2021/08/31;0100 UTC;;;;;;;;;;;;;;;;;;
2021/08/31;0200 UTC;;;;;;;;;;;;;;;;;;
2021/08/31;0300 UTC;;;;;;;;;;;;;;;;;;
2021/08/31;0400 UTC;;;;;;;;;;;;;;;;;;
2021/08/31;0500 UTC;;;;;;;;;;;;;;;;;;
2021/08/31;0600 UTC;;;;;;;;;;;;;;;;;;
2021/08/31;0700 UTC;;;;;;;;;;;;;;;;;;
2021/08/31;0800 UTC;;;;;;;;;;;;;;;;;;
2021/08/31;0900 UTC;;;;;;;;;;;;;;;;;;
2021/08/31;1000 UTC;;;;;;;;;;;;;;;;;;
2021/08/31;1100 UTC;;;;;;;;;;;;;;;;;;
2021/08/31;1200 UTC;;;;;;;;;;;;;;;;;;
2021/08/31;1300 UTC;;;;;;;;;;;;;;;;;;
2021/08/31;1400 UTC;;;;;;;;;;;;;;;;;;
2021/08/31;1500 UTC;;;;;;;;;;;;;;;;;;
2021/08/31;1600 UTC;;;;;;;;;;;;;;;;;;
2021/08/31;1700 UTC;;;;;;;;;;;;;;;;;;
2021/08/31;1800 UTC;;;;;;;;;;;;;;;;;;
2021/08/31;1900 UTC;;;;;;;;;;;;;;;;;;
2021/08/31;2000 UTC;;;;;;;;;;;;;;;;;;
2021/08/31;2100 UTC;;;;;;;;;;;;;;;;;;
2021/08/31;2200 UTC;;;;;;;;;;;;;;;;;;
2021/08/31;2300 UTC;;;;;;;;;;;;;;;;;;
2021/09/01;0000 UTC;;;;;;;;;;;;;;;;;;
2021/09/01;0100 UTC;;;;;;;;;;;;;;;;;;
2021/09/01;0200 UTC;;;;;;;;;;;;;;;;;;
2021/09/01;0300 UTC;;;;;;;;;;;;;;;;;;
2021/09/01;0400 UTC;;;;;;;;;;;;;;;;;;
2021/09/01;0500 UTC;;;;;;;;;;;;;;;;;;
2021/09/01;0600 UTC;;;;;;;;;;;;;;;;;;
2021/09/01;0700 UTC;;;;;;;;;;;;;;;;;;
2021/09/01;0800 UTC;;;;;;;;;;;;;;;;;;
2021/09/01;0900 UTC;;;;;;;;;;;;;;;;;;
2021/09/01;1000 UTC;;;;;;;;;;;;;;;;;;
2021/09/01;1100 UTC;;;;;;;;;;;;;;;;;;
2021/09/01;1200 UTC;;;;;;;;;;;;;;;;;;
2021/09/01;1300 UTC;;;;;;;;;;;;;;;;;;
2021/09/01;1400 UTC;;;;;;;;;;;;;;;;;;
2021/09/01;1500 UTC;;;;;;;;;;;;;;;;;;
2021/09/01;1600 UTC;;;;;;;;;;;;;;;;;;
2021/09/01;1700 UTC;;;;;;;;;;;;;;;;;;
2021/09/01;1800 UTC;;;;;;;;;;;;;;;;;;
2021/09/01;1900 UTC;;;;;;;;;;;;;;;;;;
2021/09/01;2000 UTC;;;;;;;;;;;;;;;;;;
2021/09/01;2100 UTC;;;;;;;;;;;;;;;;;;
2021/09/01;2200 UTC;;;;;;;;;;;;;;;;;;
2021/09/01;2300 UTC;;;;;;;;;;;;;;;;;;
2021/09/02;0000 UTC;;;;;;;;;;;;;;;;;;
2021/09/02;0100 UTC;;;;;;;;;;;;;;;;;;
2021/09/02;0200 UTC;;;;;;;;;;;;;;;;;;
2021/09/02;0300 UTC;;;;;;;;;;;;;;;;;;
2021/09/02;0400 UTC;;;;;;;;;;;;;;;;;;
2021/09/02;0500 UTC;;;;;;;;;;;;;;;;;;
2021/09/02;0600 UTC;;;;;;;;;;;;;;;;;;
2021/09/02;0700 UTC;;;;;;;;;;;;;;;;;;
2021/09/02;0800 UTC;;;;;;;;;;;;;;;;;;
2021/09/02;0900 UTC;;;;;;;;;;;;;;;;;;
2021/09/02;1000 UTC;;;;;;;;;;;;;;;;;;
2021/09/02;1100 UTC;;;;;;;;;;;;;;;;;;
2021/09/02;1200 UTC;;;;;;;;;;;;;;;;;;
2021/09/02;1300 UTC;;;;;;;;;;;;;;;;;;
2021/09/02;1400 UTC;;;;;;;;;;;;;;;;;;
2021/09/02;1500 UTC;;;;;;;;;;;;;;;;;;
2021/09/02;1600 UTC;;;;;;;;;;;;;;;;;;
2021/09/02;1700 UTC;;;;;;;;;;;;;;;;;;
2021/09/02;1800 UTC;;;;;;;;;;;;;;;;;;
2021/09/02;1900 UTC;;;;;;;;;;;;;;;;;;
2021/09/02;2000 UTC;;;;;;;;;;;;;;;;;;
2021/09/02;2100 UTC;;;;;;;;;;;;;;;;;;
2021/09/02;2200 UTC;;;;;;;;;;;;;;;;;;
2021/09/02;2300 UTC;;;;;;;;;;;;;;;;;;
2021/09/03;0000 UTC;;;;;;;;;;;;;;;;;;
2021/09/03;0100 UTC;;;;;;;;;;;;;;;;;;
2021/09/03;0200 UTC;;;;;;;;;;;;;;;;;;
2021/09/03;0300 UTC;;;;;;;;;;;;;;;;;;
2021/09/03;0400 UTC;;;;;;;;;;;;;;;;;;
2021/09/03;0500 UTC;;;;;;;;;;;;;;;;;;
2021/09/03;0600 UTC;;;;;;;;;;;;;;;;;;
2021/09/03;0700 UTC;;;;;;;;;;;;;;;;;;
2021/09/03;0800 UTC;;;;;;;;;;;;;;;;;;
2021/09/03;0900 UTC;;;;;;;;;;;;;;;;;;
2021/09/03;1000 UTC;;;;;;;;;;;;;;;;;;
2021/09/03;1100 UTC;;;;;;;;;;;;;;;;;;
2021/09/03;1200 UTC;;;;;;;;;;;;;;;;;;
2021/09/03;1300 UTC;;;;;;;;;;;;;;;;;;
2021/09/03;1400 UTC;;;;;;;;;;;;;;;;;;
2021/09/03;1500 UTC;;;;;;;;;;;;;;;;;;
2021/09/03;1600 UTC;;;;;;;;;;;;;;;;;;
2021/09/03;1700 UTC;;;;;;;;;;;;;;;;;;
2021/09/03;1800 UTC;;;;;;;;;;;;;;;;;;
2021/09/03;1900 UTC;;;;;;;;;;;;;;;;;;
2021/09/03;2000 UTC;;;;;;;;;;;;;;;;;;
2021/09/03;2100 UTC;;;;;;;;;;;;;;;;;;
2021/09/03;2200 UTC;;;;;;;;;;;;;;;;;;
2021/09/03;2300 UTC;;;;;;;;;;;;;;;;;;
2021/09/04;0000 UTC;;;;;;;;;;;;;;;;;;
2021/09/04;0100 UTC;;;;;;;;;;;;;;;;;;
2021/09/04;0200 UTC;;;;;;;;;;;;;;;;;;
2021/09/04;0300 UTC;;;;;;;;;;;;;;;;;;
2021/09/04;0400 UTC;;;;;;;;;;;;;;;;;;
2021/09/04;0500 UTC;;;;;;;;;;;;;;;;;;
2021/09/04;0600 UTC;;;;;;;;;;;;;;;;;;
2021/09/04;0700 UTC;;;;;;;;;;;;;;;;;;
2021/09/04;0800 UTC;;;;;;;;;;;;;;;;;;
2021/09/04;0900 UTC;;;;;;;;;;;;;;;;;;
2021/09/04;1000 UTC;;;;;;;;;;;;;;;;;;
2021/09/04;1100 UTC;;;;;;;;;;;;;;;;;;
2021/09/04;1200 UTC;;;;;;;;;;;;;;;;;;
2021/09/04;1300 UTC;;;;;;;;;;;;;;;;;;
2021/09/04;1400 UTC;;;;;;;;;;;;;;;;;;
2021/09/04;1500 UTC;;;;;;;;;;;;;;;;;;
2021/09/04;1600 UTC;;;;;;;;;;;;;;;;;;
2021/09/04;1700 UTC;;;;;;;;;;;;;;;;;;
2021/09/04;1800 UTC;;;;;;;;;;;;;;;;;;
2021/09/04;1900 UTC;;;;;;;;;;;;;;;;;;
2021/09/04;2000 UTC;;;;;;;;;;;;;;;;;;
2021/09/04;2100 UTC;;;;;;;;;;;;;;;;;;
2021/09/04;2200 UTC;;;;;;;;;;;;;;;;;;
2021/09/04;2300 UTC;;;;;;;;;;;;;;;;;;
2021/09/05;0000 UTC;;;;;;;;;;;;;;;;;;
2021/09/05;0100 UTC;;;;;;;;;;;;;;;;;;
2021/09/05;0200 UTC;;;;;;;;;;;;;;;;;;
2021/09/05;0300 UTC;;;;;;;;;;;;;;;;;;
2021/09/05;0400 UTC;;;;;;;;;;;;;;;;;;
2021/09/05;0500 UTC;;;;;;;;;;;;;;;;;;
2021/09/05;0600 UTC;;;;;;;;;;;;;;;;;;
2021/09/05;0700 UTC;;;;;;;;;;;;;;;;;;
2021/09/05;0800 UTC;;;;;;;;;;;;;;;;;;
2021/09/05;0900 UTC;;;;;;;;;;;;;;;;;;
2021/09/05;1000 UTC;;;;;;;;;;;;;;;;;;
2021/09/05;1100 UTC;;;;;;;;;;;;;;;;;;
2021/09/05;1200 UTC;;;;;;;;;;;;;;;;;;
2021/09/05;1300 UTC;;;;;;;;;;;;;;;;;;
2021/09/05;1400 UTC;;;;;;;;;;;;;;;;;;
2021/09/05;1500 UTC;;;;;;;;;;;;;;;;;;
2021/09/05;1600 UTC;;;;;;;;;;;;;;;;;;
2021/09/05;1700 UTC;;;;;;;;;;;;;;;;;;
2021/09/05;1800 UTC;;;;;;;;;;;;;;;;;;
2021/09/05;1900 UTC;;;;;;;;;;;;;;;;;;
2021/09/05;2000 UTC;;;;;;;;;;;;;;;;;;
2021/09/05;2100 UTC;;;;;;;;;;;;;;;;;;
2021/09/05;2200 UTC;;;;;;;;;;;;;;;;;;
2021/09/05;2300 UTC;;;;;;;;;;;;;;;;;;
2021/09/06;0000 UTC;;;;;;;;;;;;;;;;;;
2021/09/06;0100 UTC;;;;;;;;;;;;;;;;;;
2021/09/06;0200 UTC;;;;;;;;;;;;;;;;;;
2021/09/06;0300 UTC;;;;;;;;;;;;;;;;;;
2021/09/06;0400 UTC;;;;;;;;;;;;;;;;;;
2021/09/06;0500 UTC;;;;;;;;;;;;;;;;;;
2021/09/06;0600 UTC;;;;;;;;;;;;;;;;;;
2021/09/06;0700 UTC;;;;;;;;;;;;;;;;;;
2021/09/06;0800 UTC;;;;;;;;;;;;;;;;;;
2021/09/06;0900 UTC;;;;;;;;;;;;;;;;;;
2021/09/06;1000 UTC;;;;;;;;;;;;;;;;;;
2021/09/06;1100 UTC;;;;;;;;;;;;;;;;;;
2021/09/06;1200 UTC;;;;;;;;;;;;;;;;;;
2021/09/06;1300 UTC;;;;;;;;;;;;;;;;;;
2021/09/06;1400 UTC;;;;;;;;;;;;;;;;;;
2021/09/06;1500 UTC;;;;;;;;;;;;;;;;;;
2021/09/06;1600 UTC;;;;;;;;;;;;;;;;;;
2021/09/06;1700 UTC;;;;;;;;;;;;;;;;;;
2021/09/06;1800 UTC;;;;;;;;;;;;;;;;;;
2021/09/06;1900 UTC;;;;;;;;;;;;;;;;;;
2021/09/06;2000 UTC;;;;;;;;;;;;;;;;;;
2021/09/06;2100 UTC;;;;;;;;;;;;;;;;;;
2021/09/06;2200 UTC;;;;;;;;;;;;;;;;;;
2021/09/06;2300 UTC;;;;;;;;;;;;;;;;;;
2021/09/07;0000 UTC;;;;;;;;;;;;;;;;;;
2021/09/07;0100 UTC;;;;;;;;;;;;;;;;;;
2021/09/07;0200 UTC;;;;;;;;;;;;;;;;;;
2021/09/07;0300 UTC;;;;;;;;;;;;;;;;;;
2021/09/07;0400 UTC;;;;;;;;;;;;;;;;;;
2021/09/07;0500 UTC;;;;;;;;;;;;;;;;;;
2021/09/07;0600 UTC;;;;;;;;;;;;;;;;;;
2021/09/07;0700 UTC;;;;;;;;;;;;;;;;;;
2021/09/07;0800 UTC;;;;;;;;;;;;;;;;;;
2021/09/07;0900 UTC;;;;;;;;;;;;;;;;;;
2021/09/07;1000 UTC;;;;;;;;;;;;;;;;;;
2021/09/07;1100 UTC;;;;;;;;;;;;;;;;;;
2021/09/07;1200 UTC;;;;;;;;;;;;;;;;;;
2021/09/07;1300 UTC;;;;;;;;;;;;;;;;;;
2021/09/07;1400 UTC;;;;;;;;;;;;;;;;;;
2021/09/07;1500 UTC;;;;;;;;;;;;;;;;;;
2021/09/07;1600 UTC;;;;;;;;;;;;;;;;;;
2021/09/07;1700 UTC;;;;;;;;;;;;;;;;;;
2021/09/07;1800 UTC;;;;;;;;;;;;;;;;;;
2021/09/07;1900 UTC;;;;;;;;;;;;;;;;;;
2021/09/07;2000 UTC;;;;;;;;;;;;;;;;;;
2021/09/07;2100 UTC;;;;;;;;;;;;;;;;;;
2021/09/07;2200 UTC;;;;;;;;;;;;;;;;;;
2021/09/07;2300 UTC;;;;;;;;;;;;;;;;;;
2021/09/08;0000 UTC;;;;;;;;;;;;;;;;;;
2021/09/08;0100 UTC;;;;;;;;;;;;;;;;;;
2021/09/08;0200 UTC;;;;;;;;;;;;;;;;;;
2021/09/08;0300 UTC;;;;;;;;;;;;;;;;;;
2021/09/08;0400 UTC;;;;;;;;;;;;;;;;;;
2021/09/08;0500 UTC;;;;;;;;;;;;;;;;;;
2021/09/08;0600 UTC;;;;;;;;;;;;;;;;;;
2021/09/08;0700 UTC;;;;;;;;;;;;;;;;;;
2021/09/08;0800 UTC;;;;;;;;;;;;;;;;;;
2021/09/08;0900 UTC;;;;;;;;;;;;;;;;;;
2021/09/08;1000 UTC;;;;;;;;;;;;;;;;;;
2021/09/08;1100 UTC;;;;;;;;;;;;;;;;;;
2021/09/08;1200 UTC;;;;;;;;;;;;;;;;;;
2021/09/08;1300 UTC;;;;;;;;;;;;;;;;;;
2021/09/08;1400 UTC;;;;;;;;;;;;;;;;;;
2021/09/08;1500 UTC;;;;;;;;;;;;;;;;;;
2021/09/08;1600 UTC;;;;;;;;;;;;;;;;;;
2021/09/08;1700 UTC;;;;;;;;;;;;;;;;;;
2021/09/08;1800 UTC;;;;;;;;;;;;;;;;;;
2021/09/08;1900 UTC;;;;;;;;;;;;;;;;;;
2021/09/08;2000 UTC;;;;;;;;;;;;;;;;;;
2021/09/08;2100 UTC;;;;;;;;;;;;;;;;;;
2021/09/08;2200 UTC;;;;;;;;;;;;;;;;;;
2021/09/08;2300 UTC;;;;;;;;;;;;;;;;;;
2021/09/09;0000 UTC;;;;;;;;;;;;;;;;;;
2021/09/09;0100 UTC;;;;;;;;;;;;;;;;;;
2021/09/09;0200 UTC;;;;;;;;;;;;;;;;;;
2021/09/09;0300 UTC;;;;;;;;;;;;;;;;;;
2021/09/09;0400 UTC;;;;;;;;;;;;;;;;;;
2021/09/09;0500 UTC;;;;;;;;;;;;;;;;;;
2021/09/09;0600 UTC;;;;;;;;;;;;;;;;;;
2021/09/09;0700 UTC;;;;;;;;;;;;;;;;;;
2021/09/09;0800 UTC;;;;;;;;;;;;;;;;;;
2021/09/09;0900 UTC;;;;;;;;;;;;;;;;;;
2021/09/09;1000 UTC;;;;;;;;;;;;;;;;;;
2021/09/09;1100 UTC;;;;;;;;;;;;;;;;;;
2021/09/09;1200 UTC;;;;;;;;;;;;;;;;;;
2021/09/09;1300 UTC;;;;;;;;;;;;;;;;;;
2021/09/09;1400 UTC;;;;;;;;;;;;;;;;;;
2021/09/09;1500 UTC;;;;;;;;;;;;;;;;;;
2021/09/09;1600 UTC;;;;;;;;;;;;;;;;;;
2021/09/09;1700 UTC;;;;;;;;;;;;;;;;;;
2021/09/09;1800 UTC;;;;;;;;;;;;;;;;;;
2021/09/09;1900 UTC;;;;;;;;;;;;;;;;;;
2021/09/09;2000 UTC;;;;;;;;;;;;;;;;;;
2021/09/09;2100 UTC;;;;;;;;;;;;;;;;;;
2021/09/09;2200 UTC;;;;;;;;;;;;;;;;;;
2021/09/09;2300 UTC;;;;;;;;;;;;;;;;;;
2021/09/10;0000 UTC;;;;;;;;;;;;;;;;;;
2021/09/10;0100 UTC;;;;;;;;;;;;;;;;;;
2021/09/10;0200 UTC;;;;;;;;;;;;;;;;;;
2021/09/10;0300 UTC;;;;;;;;;;;;;;;;;;
2021/09/10;0400 UTC;;;;;;;;;;;;;;;;;;
2021/09/10;0500 UTC;;;;;;;;;;;;;;;;;;
2021/09/10;0600 UTC;;;;;;;;;;;;;;;;;;
2021/09/10;0700 UTC;;;;;;;;;;;;;;;;;;
2021/09/10;0800 UTC;;;;;;;;;;;;;;;;;;
2021/09/10;0900 UTC;;;;;;;;;;;;;;;;;;
2021/09/10;1000 UTC;;;;;;;;;;;;;;;;;;
2021/09/10;1100 UTC;;;;;;;;;;;;;;;;;;
2021/09/10;1200 UTC;;;;;;;;;;;;;;;;;;
2021/09/10;1300 UTC;;;;;;;;;;;;;;;;;;
2021/09/10;1400 UTC;;;;;;;;;;;;;;;;;;
2021/09/10;1500 UTC;;;;;;;;;;;;;;;;;;
2021/09/10;1600 UTC;;;;;;;;;;;;;;;;;;
2021/09/10;1700 UTC;;;;;;;;;;;;;;;;;;
2021/09/10;1800 UTC;;;;;;;;;;;;;;;;;;
2021/09/10;1900 UTC;;;;;;;;;;;;;;;;;;
2021/09/10;2000 UTC;;;;;;;;;;;;;;;;;;
2021/09/10;2100 UTC;;;;;;;;;;;;;;;;;;
2021/09/10;2200 UTC;;;;;;;;;;;;;;;;;;
2021/09/10;2300 UTC;;;;;;;;;;;;;;;;;;
2021/09/11;0000 UTC;;;;;;;;;;;;;;;;;;
2021/09/11;0100 UTC;;;;;;;;;;;;;;;;;;
2021/09/11;0200 UTC;;;;;;;;;;;;;;;;;;
2021/09/11;0300 UTC;;;;;;;;;;;;;;;;;;
2021/09/11;0400 UTC;;;;;;;;;;;;;;;;;;
2021/09/11;0500 UTC;;;;;;;;;;;;;;;;;;
2021/09/11;0600 UTC;;;;;;;;;;;;;;;;;;
2021/09/11;0700 UTC;;;;;;;;;;;;;;;;;;
2021/09/11;0800 UTC;;;;;;;;;;;;;;;;;;
2021/09/11;0900 UTC;;;;;;;;;;;;;;;;;;
2021/09/11;1000 UTC;;;;;;;;;;;;;;;;;;
2021/09/11;1100 UTC;;;;;;;;;;;;;;;;;;
2021/09/11;1200 UTC;;;;;;;;;;;;;;;;;;
2021/09/11;1300 UTC;;;;;;;;;;;;;;;;;;
2021/09/11;1400 UTC;;;;;;;;;;;;;;;;;;
2021/09/11;1500 UTC;;;;;;;;;;;;;;;;;;
2021/09/11;1600 UTC;;;;;;;;;;;;;;;;;;
2021/09/11;1700 UTC;;;;;;;;;;;;;;;;;;
2021/09/11;1800 UTC;;;;;;;;;;;;;;;;;;
2021/09/11;1900 UTC;;;;;;;;;;;;;;;;;;
2021/09/11;2000 UTC;;;;;;;;;;;;;;;;;;
2021/09/11;2100 UTC;;;;;;;;;;;;;;;;;;
2021/09/11;2200 UTC;;;;;;;;;;;;;;;;;;
2021/09/11;2300 UTC;;;;;;;;;;;;;;;;;;
2021/09/12;0000 UTC;;;;;;;;;;;;;;;;;;
2021/09/12;0100 UTC;;;;;;;;;;;;;;;;;;
2021/09/12;0200 UTC;;;;;;;;;;;;;;;;;;
2021/09/12;0300 UTC;;;;;;;;;;;;;;;;;;
2021/09/12;0400 UTC;;;;;;;;;;;;;;;;;;
2021/09/12;0500 UTC;;;;;;;;;;;;;;;;;;
2021/09/12;0600 UTC;;;;;;;;;;;;;;;;;;
2021/09/12;0700 UTC;;;;;;;;;;;;;;;;;;
2021/09/12;0800 UTC;;;;;;;;;;;;;;;;;;
2021/09/12;0900 UTC;;;;;;;;;;;;;;;;;;
2021/09/12;1000 UTC;;;;;;;;;;;;;;;;;;
2021/09/12;1100 UTC;;;;;;;;;;;;;;;;;;
2021/09/12;1200 UTC;;;;;;;;;;;;;;;;;;
2021/09/12;1300 UTC;;;;;;;;;;;;;;;;;;
2021/09/12;1400 UTC;;;;;;;;;;;;;;;;;;
2021/09/12;1500 UTC;;;;;;;;;;;;;;;;;;
2021/09/12;1600 UTC;;;;;;;;;;;;;;;;;;
2021/09/12;1700 UTC;;;;;;;;;;;;;;;;;;
2021/09/12;1800 UTC;;;;;;;;;;;;;;;;;;
2021/09/12;1900 UTC;;;;;;;;;;;;;;;;;;
2021/09/12;2000 UTC;;;;;;;;;;;;;;;;;;
2021/09/12;2100 UTC;;;;;;;;;;;;;;;;;;
2021/09/12;2200 UTC;;;;;;;;;;;;;;;;;;
2021/09/12;2300 UTC;;;;;;;;;;;;;;;;;;
2021/09/13;0000 UTC;;;;;;;;;;;;;;;;;;
2021/09/13;0100 UTC;;;;;;;;;;;;;;;;;;
2021/09/13;0200 UTC;;;;;;;;;;;;;;;;;;
2021/09/13;0300 UTC;;;;;;;;;;;;;;;;;;
2021/09/13;0400 UTC;;;;;;;;;;;;;;;;;;
2021/09/13;0500 UTC;;;;;;;;;;;;;;;;;;
2021/09/13;0600 UTC;;;;;;;;;;;;;;;;;;
2021/09/13;0700 UTC;;;;;;;;;;;;;;;;;;
2021/09/13;0800 UTC;;;;;;;;;;;;;;;;;;
2021/09/13;0900 UTC;;;;;;;;;;;;;;;;;;
2021/09/13;1000 UTC;;;;;;;;;;;;;;;;;;
2021/09/13;1100 UTC;;;;;;;;;;;;;;;;;;
2021/09/13;1200 UTC;;;;;;;;;;;;;;;;;;
2021/09/13;1300 UTC;;;;;;;;;;;;;;;;;;
2021/09/13;1400 UTC;;;;;;;;;;;;;;;;;;
2021/09/13;1500 UTC;;;;;;;;;;;;;;;;;;
2021/09/13;1600 UTC;;;;;;;;;;;;;;;;;;
2021/09/13;1700 UTC;;;;;;;;;;;;;;;;;;
2021/09/13;1800 UTC;;;;;;;;;;;;;;;;;;
2021/09/13;1900 UTC;;;;;;;;;;;;;;;;;;
2021/09/13;2000 UTC;;;;;;;;;;;;;;;;;;
2021/09/13;2100 UTC;;;;;;;;;;;;;;;;;;
2021/09/13;2200 UTC;;;;;;;;;;;;;;;;;;
2021/09/13;2300 UTC;;;;;;;;;;;;;;;;;;
2021/09/14;0000 UTC;;;;;;;;;;;;;;;;;;
2021/09/14;0100 UTC;;;;;;;;;;;;;;;;;;
2021/09/14;0200 UTC;;;;;;;;;;;;;;;;;;
2021/09/14;0300 UTC;;;;;;;;;;;;;;;;;;
2021/09/14;0400 UTC;;;;;;;;;;;;;;;;;;
2021/09/14;0500 UTC;;;;;;;;;;;;;;;;;;
2021/09/14;0600 UTC;;;;;;;;;;;;;;;;;;
2021/09/14;0700 UTC;;;;;;;;;;;;;;;;;;
2021/09/14;0800 UTC;;;;;;;;;;;;;;;;;;
2021/09/14;0900 UTC;;;;;;;;;;;;;;;;;;
2021/09/14;1000 UTC;;;;;;;;;;;;;;;;;;
2021/09/14;1100 UTC;;;;;;;;;;;;;;;;;;
2021/09/14;1200 UTC;;;;;;;;;;;;;;;;;;
2021/09/14;1300 UTC;;;;;;;;;;;;;;;;;;
2021/09/14;1400 UTC;;;;;;;;;;;;;;;;;;
2021/09/14;1500 UTC;;;;;;;;;;;;;;;;;;
2021/09/14;1600 UTC;;;;;;;;;;;;;;;;;;
2021/09/14;1700 UTC;;;;;;;;;;;;;;;;;;
2021/09/14;1800 UTC;;;;;;;;;;;;;;;;;;
2021/09/14;1900 UTC;;;;;;;;;;;;;;;;;;
2021/09/14;2000 UTC;;;;;;;;;;;;;;;;;;
2021/09/14;2100 UTC;;;;;;;;;;;;;;;;;;
2021/09/14;2200 UTC;;;;;;;;;;;;;;;;;;
2021/09/14;2300 UTC;;;;;;;;;;;;;;;;;;
2021/09/15;0000 UTC;;;;;;;;;;;;;;;;;;
2021/09/15;0100 UTC;;;;;;;;;;;;;;;;;;
2021/09/15;0200 UTC;;;;;;;;;;;;;;;;;;
2021/09/15;0300 UTC;;;;;;;;;;;;;;;;;;
2021/09/15;0400 UTC;;;;;;;;;;;;;;;;;;
2021/09/15;0500 UTC;;;;;;;;;;;;;;;;;;
2021/09/15;0600 UTC;;;;;;;;;;;;;;;;;;
2021/09/15;0700 UTC;;;;;;;;;;;;;;;;;;
2021/09/15;0800 UTC;;;;;;;;;;;;;;;;;;
2021/09/15;0900 UTC;;;;;;;;;;;;;;;;;;
2021/09/15;1000 UTC;;;;;;;;;;;;;;;;;;
2021/09/15;1100 UTC;;;;;;;;;;;;;;;;;;
2021/09/15;1200 UTC;;;;;;;;;;;;;;;;;;
2021/09/15;1300 UTC;;;;;;;;;;;;;;;;;;
2021/09/15;1400 UTC;;;;;;;;;;;;;;;;;;
2021/09/15;1500 UTC;;;;;;;;;;;;;;;;;;
2021/09/15;1600 UTC;;;;;;;;;;;;;;;;;;
2021/09/15;1700 UTC;;;;;;;;;;;;;;;;;;
2021/09/15;1800 UTC;;;;;;;;;;;;;;;;;;
2021/09/15;1900 UTC;;;;;;;;;;;;;;;;;;
2021/09/15;2000 UTC;;;;;;;;;;;;;;;;;;
2021/09/15;2100 UTC;;;;;;;;;;;;;;;;;;
2021/09/15;2200 UTC;;;;;;;;;;;;;;;;;;
2021/09/15;2300 UTC;;;;;;;;;;;;;;;;;;
2021/09/16;0000 UTC;;;;;;;;;;;;;;;;;;
2021/09/16;0100 UTC;;;;;;;;;;;;;;;;;;
2021/09/16;0200 UTC;;;;;;;;;;;;;;;;;;
2021/09/16;0300 UTC;;;;;;;;;;;;;;;;;;
2021/09/16;0400 UTC;;;;;;;;;;;;;;;;;;
2021/09/16;0500 UTC;;;;;;;;;;;;;;;;;;
2021/09/16;0600 UTC;;;;;;;;;;;;;;;;;;
2021/09/16;0700 UTC;;;;;;;;;;;;;;;;;;
2021/09/16;0800 UTC;;;;;;;;;;;;;;;;;;
2021/09/16;0900 UTC;;;;;;;;;;;;;;;;;;
2021/09/16;1000 UTC;;;;;;;;;;;;;;;;;;
2021/09/16;1100 UTC;;;;;;;;;;;;;;;;;;
2021/09/16;1200 UTC;;;;;;;;;;;;;;;;;;
2021/09/16;1300 UTC;;;;;;;;;;;;;;;;;;
2021/09/16;1400 UTC;;;;;;;;;;;;;;;;;;
2021/09/16;1500 UTC;;;;;;;;;;;;;;;;;;
2021/09/16;1600 UTC;;;;;;;;;;;;;;;;;;
2021/09/16;1700 UTC;;;;;;;;;;;;;;;;;;
2021/09/16;1800 UTC;;;;;;;;;;;;;;;;;;
2021/09/16;1900 UTC;;;;;;;;;;;;;;;;;;
2021/09/16;2000 UTC;;;;;;;;;;;;;;;;;;
2021/09/16;2100 UTC;;;;;;;;;;;;;;;;;;
2021/09/16;2200 UTC;;;;;;;;;;;;;;;;;;
2021/09/16;2300 UTC;;;;;;;;;;;;;;;;;;
2021/09/17;0000 UTC;;;;;;;;;;;;;;;;;;
2021/09/17;0100 UTC;;;;;;;;;;;;;;;;;;
2021/09/17;0200 UTC;;;;;;;;;;;;;;;;;;
2021/09/17;0300 UTC;;;;;;;;;;;;;;;;;;
2021/09/17;0400 UTC;;;;;;;;;;;;;;;;;;
2021/09/17;0500 UTC;;;;;;;;;;;;;;;;;;
2021/09/17;0600 UTC;;;;;;;;;;;;;;;;;;
2021/09/17;0700 UTC;;;;;;;;;;;;;;;;;;
2021/09/17;0800 UTC;;;;;;;;;;;;;;;;;;
2021/09/17;0900 UTC;;;;;;;;;;;;;;;;;;
2021/09/17;1000 UTC;;;;;;;;;;;;;;;;;;
2021/09/17;1100 UTC;;;;;;;;;;;;;;;;;;
2021/09/17;1200 UTC;;;;;;;;;;;;;;;;;;
2021/09/17;1300 UTC;;;;;;;;;;;;;;;;;;
2021/09/17;1400 UTC;;;;;;;;;;;;;;;;;;
2021/09/17;1500 UTC;;;;;;;;;;;;;;;;;;
2021/09/17;1600 UTC;;;;;;;;;;;;;;;;;;
2021/09/17;1700 UTC;;;;;;;;;;;;;;;;;;
2021/09/17;1800 UTC;;;;;;;;;;;;;;;;;;
2021/09/17;1900 UTC;;;;;;;;;;;;;;;;;;
2021/09/17;2000 UTC;;;;;;;;;;;;;;;;;;
2021/09/17;2100 UTC;;;;;;;;;;;;;;;;;;
2021/09/17;2200 UTC;;;;;;;;;;;;;;;;;;
2021/09/17;2300 UTC;;;;;;;;;;;;;;;;;;
2021/09/18;0000 UTC;;;;;;;;;;;;;;;;;;
2021/09/18;0100 UTC;;;;;;;;;;;;;;;;;;
2021/09/18;0200 UTC;;;;;;;;;;;;;;;;;;
2021/09/18;0300 UTC;;;;;;;;;;;;;;;;;;
2021/09/18;0400 UTC;;;;;;;;;;;;;;;;;;
2021/09/18;0500 UTC;;;;;;;;;;;;;;;;;;
2021/09/18;0600 UTC;;;;;;;;;;;;;;;;;;
2021/09/18;0700 UTC;;;;;;;;;;;;;;;;;;
2021/09/18;0800 UTC;;;;;;;;;;;;;;;;;;
2021/09/18;0900 UTC;;;;;;;;;;;;;;;;;;
2021/09/18;1000 UTC;;;;;;;;;;;;;;;;;;
2021/09/18;1100 UTC;;;;;;;;;;;;;;;;;;
2021/09/18;1200 UTC;;;;;;;;;;;;;;;;;;
2021/09/18;1300 UTC;;;;;;;;;;;;;;;;;;
2021/09/18;1400 UTC;;;;;;;;;;;;;;;;;;
2021/09/18;1500 UTC;;;;;;;;;;;;;;;;;;
2021/09/18;1600 UTC;;;;;;;;;;;;;;;;;;
2021/09/18;1700 UTC;;;;;;;;;;;;;;;;;;
2021/09/18;1800 UTC;;;;;;;;;;;;;;;;;;
2021/09/18;1900 UTC;;;;;;;;;;;;;;;;;;
2021/09/18;2000 UTC;;;;;;;;;;;;;;;;;;
2021/09/18;2100 UTC;;;;;;;;;;;;;;;;;;
2021/09/18;2200 UTC;;;;;;;;;;;;;;;;;;
2021/09/18;2300 UTC;;;;;;;;;;;;;;;;;;
2021/09/19;0000 UTC;;;;;;;;;;;;;;;;;;
2021/09/19;0100 UTC;;;;;;;;;;;;;;;;;;
2021/09/19;0200 UTC;;;;;;;;;;;;;;;;;;
2021/09/19;0300 UTC;;;;;;;;;;;;;;;;;;
2021/09/19;0400 UTC;;;;;;;;;;;;;;;;;;
2021/09/19;0500 UTC;;;;;;;;;;;;;;;;;;
2021/09/19;0600 UTC;;;;;;;;;;;;;;;;;;
2021/09/19;0700 UTC;;;;;;;;;;;;;;;;;;
2021/09/19;0800 UTC;;;;;;;;;;;;;;;;;;
2021/09/19;0900 UTC;;;;;;;;;;;;;;;;;;
2021/09/19;1000 UTC;;;;;;;;;;;;;;;;;;
2021/09/19;1100 UTC;;;;;;;;;;;;;;;;;;
2021/09/19;1200 UTC;;;;;;;;;;;;;;;;;;
2021/09/19;1300 UTC;;;;;;;;;;;;;;;;;;
2021/09/19;1400 UTC;;;;;;;;;;;;;;;;;;
2021/09/19;1500 UTC;;;;;;;;;;;;;;;;;;
2021/09/19;1600 UTC;;;;;;;;;;;;;;;;;;
2021/09/19;1700 UTC;;;;;;;;;;;;;;;;;;
2021/09/19;1800 UTC;;;;;;;;;;;;;;;;;;
2021/09/19;1900 UTC;;;;;;;;;;;;;;;;;;
2021/09/19;2000 UTC;;;;;;;;;;;;;;;;;;
2021/09/19;2100 UTC;;;;;;;;;;;;;;;;;;
2021/09/19;2200 UTC;;;;;;;;;;;;;;;;;;
2021/09/19;2300 UTC;;;;;;;;;;;;;;;;;;
2021/09/20;0000 UTC;;;;;;;;;;;;;;;;;;
2021/09/20;0100 UTC;;;;;;;;;;;;;;;;;;
2021/09/20;0200 UTC;;;;;;;;;;;;;;;;;;
2021/09/20;0300 UTC;;;;;;;;;;;;;;;;;;
2021/09/20;0400 UTC;;;;;;;;;;;;;;;;;;
2021/09/20;0500 UTC;;;;;;;;;;;;;;;;;;
2021/09/20;0600 UTC;;;;;;;;;;;;;;;;;;
2021/09/20;0700 UTC;;;;;;;;;;;;;;;;;;
2021/09/20;0800 UTC;;;;;;;;;;;;;;;;;;
2021/09/20;0900 UTC;;;;;;;;;;;;;;;;;;
2021/09/20;1000 UTC;;;;;;;;;;;;;;;;;;
2021/09/20;1100 UTC;;;;;;;;;;;;;;;;;;
2021/09/20;1200 UTC;;;;;;;;;;;;;;;;;;
2021/09/20;1300 UTC;;;;;;;;;;;;;;;;;;
2021/09/20;1400 UTC;;;;;;;;;;;;;;;;;;
2021/09/20;1500 UTC;;;;;;;;;;;;;;;;;;
2021/09/20;1600 UTC;;;;;;;;;;;;;;;;;;
2021/09/20;1700 UTC;;;;;;;;;;;;;;;;;;
2021/09/20;1800 UTC;;;;;;;;;;;;;;;;;;
2021/09/20;1900 UTC;;;;;;;;;;;;;;;;;;
2021/09/20;2000 UTC;;;;;;;;;;;;;;;;;;
2021/09/20;2100 UTC;;;;;;;;;;;;;;;;;;
2021/09/20;2200 UTC;;;;;;;;;;;;;;;;;;
2021/09/20;2300 UTC;;;;;;;;;;;;;;;;;;
2021/09/21;0000 UTC;;;;;;;;;;;;;;;;;;
2021/09/21;0100 UTC;;;;;;;;;;;;;;;;;;
2021/09/21;0200 UTC;;;;;;;;;;;;;;;;;;
2021/09/21;0300 UTC;;;;;;;;;;;;;;;;;;
2021/09/21;0400 UTC;;;;;;;;;;;;;;;;;;
2021/09/21;0500 UTC;;;;;;;;;;;;;;;;;;
2021/09/21;0600 UTC;;;;;;;;;;;;;;;;;;
2021/09/21;0700 UTC;;;;;;;;;;;;;;;;;;
2021/09/21;0800 UTC;;;;;;;;;;;;;;;;;;
2021/09/21;0900 UTC;;;;;;;;;;;;;;;;;;
2021/09/21;1000 UTC;;;;;;;;;;;;;;;;;;
2021/09/21;1100 UTC;;;;;;;;;;;;;;;;;;
2021/09/21;1200 UTC;;;;;;;;;;;;;;;;;;
2021/09/21;1300 UTC;;;;;;;;;;;;;;;;;;
2021/09/21;1400 UTC;;;;;;;;;;;;;;;;;;
2021/09/21;1500 UTC;;;;;;;;;;;;;;;;;;
2021/09/21;1600 UTC;;;;;;;;;;;;;;;;;;
2021/09/21;1700 UTC;;;;;;;;;;;;;;;;;;
2021/09/21;1800 UTC;;;;;;;;;;;;;;;;;;
2021/09/21;1900 UTC;;;;;;;;;;;;;;;;;;
2021/09/21;2000 UTC;;;;;;;;;;;;;;;;;;
2021/09/21;2100 UTC;;;;;;;;;;;;;;;;;;
2021/09/21;2200 UTC;;;;;;;;;;;;;;;;;;
2021/09/21;2300 UTC;;;;;;;;;;;;;;;;;;
2021/09/22;0000 UTC;;;;;;;;;;;;;;;;;;
2021/09/22;0100 UTC;;;;;;;;;;;;;;;;;;
2021/09/22;0200 UTC;;;;;;;;;;;;;;;;;;
2021/09/22;0300 UTC;;;;;;;;;;;;;;;;;;
2021/09/22;0400 UTC;;;;;;;;;;;;;;;;;;
2021/09/22;0500 UTC;;;;;;;;;;;;;;;;;;
2021/09/22;0600 UTC;;;;;;;;;;;;;;;;;;
2021/09/22;0700 UTC;;;;;;;;;;;;;;;;;;
2021/09/22;0800 UTC;;;;;;;;;;;;;;;;;;
2021/09/22;0900 UTC;;;;;;;;;;;;;;;;;;
2021/09/22;1000 UTC;;;;;;;;;;;;;;;;;;
2021/09/22;1100 UTC;;;;;;;;;;;;;;;;;;
2021/09/22;1200 UTC;;;;;;;;;;;;;;;;;;
2021/09/22;1300 UTC;;;;;;;;;;;;;;;;;;
2021/09/22;1400 UTC;;;;;;;;;;;;;;;;;;
2021/09/22;1500 UTC;;;;;;;;;;;;;;;;;;
2021/09/22;1600 UTC;;;;;;;;;;;;;;;;;;
2021/09/22;1700 UTC;;;;;;;;;;;;;;;;;;
2021/09/22;1800 UTC;;;;;;;;;;;;;;;;;;
2021/09/22;1900 UTC;;;;;;;;;;;;;;;;;;
2021/09/22;2000 UTC;;;;;;;;;;;;;;;;;;
2021/09/22;2100 UTC;;;;;;;;;;;;;;;;;;
2021/09/22;2200 UTC;;;;;;;;;;;;;;;;;;
2021/09/22;2300 UTC;;;;;;;;;;;;;;;;;;
2021/09/23;0000 UTC;;;;;;;;;;;;;;;;;;
2021/09/23;0100 UTC;;;;;;;;;;;;;;;;;;
2021/09/23;0200 UTC;;;;;;;;;;;;;;;;;;
2021/09/23;0300 UTC;;;;;;;;;;;;;;;;;;
2021/09/23;0400 UTC;;;;;;;;;;;;;;;;;;
2021/09/23;0500 UTC;;;;;;;;;;;;;;;;;;
2021/09/23;0600 UTC;;;;;;;;;;;;;;;;;;
2021/09/23;0700 UTC;;;;;;;;;;;;;;;;;;
2021/09/23;0800 UTC;;;;;;;;;;;;;;;;;;
2021/09/23;0900 UTC;;;;;;;;;;;;;;;;;;
2021/09/23;1000 UTC;;;;;;;;;;;;;;;;;;
2021/09/23;1100 UTC;;;;;;;;;;;;;;;;;;
2021/09/23;1200 UTC;;;;;;;;;;;;;;;;;;
2021/09/23;1300 UTC;;;;;;;;;;;;;;;;;;
2021/09/23;1400 UTC;;;;;;;;;;;;;;;;;;
2021/09/23;1500 UTC;;;;;;;;;;;;;;;;;;
2021/09/23;1600 UTC;;;;;;;;;;;;;;;;;;
2021/09/23;1700 UTC;;;;;;;;;;;;;;;;;;
2021/09/23;1800 UTC;;;;;;;;;;;;;;;;;;
2021/09/23;1900 UTC;;;;;;;;;;;;;;;;;;
2021/09/23;2000 UTC;;;;;;;;;;;;;;;;;;
2021/09/23;2100 UTC;;;;;;;;;;;;;;;;;;
2021/09/23;2200 UTC;;;;;;;;;;;;;;;;;;
2021/09/23;2300 UTC;;;;;;;;;;;;;;;;;;
2021/09/24;0000 UTC;;;;;;;;;;;;;;;;;;
2021/09/24;0100 UTC;;;;;;;;;;;;;;;;;;
2021/09/24;0200 UTC;;;;;;;;;;;;;;;;;;
2021/09/24;0300 UTC;;;;;;;;;;;;;;;;;;
2021/09/24;0400 UTC;;;;;;;;;;;;;;;;;;
2021/09/24;0500 UTC;;;;;;;;;;;;;;;;;;
2021/09/24;0600 UTC;;;;;;;;;;;;;;;;;;
2021/09/24;0700 UTC;;;;;;;;;;;;;;;;;;
2021/09/24;0800 UTC;;;;;;;;;;;;;;;;;;
2021/09/24;0900 UTC;;;;;;;;;;;;;;;;;;
2021/09/24;1000 UTC;;;;;;;;;;;;;;;;;;
2021/09/24;1100 UTC;;;;;;;;;;;;;;;;;;
2021/09/24;1200 UTC;;;;;;;;;;;;;;;;;;
2021/09/24;1300 UTC;;;;;;;;;;;;;;;;;;
2021/09/24;1400 UTC;;;;;;;;;;;;;;;;;;
2021/09/24;1500 UTC;;;;;;;;;;;;;;;;;;
2021/09/24;1600 UTC;;;;;;;;;;;;;;;;;;
2021/09/24;1700 UTC;;;;;;;;;;;;;;;;;;
2021/09/24;1800 UTC;;;;;;;;;;;;;;;;;;
2021/09/24;1900 UTC;;;;;;;;;;;;;;;;;;
2021/09/24;2000 UTC;;;;;;;;;;;;;;;;;;
2021/09/24;2100 UTC;;;;;;;;;;;;;;;;;;
2021/09/24;2200 UTC;;;;;;;;;;;;;;;;;;
2021/09/24;2300 UTC;;;;;;;;;;;;;;;;;;
2021/09/25;0000 UTC;;;;;;;;;;;;;;;;;;
2021/09/25;0100 UTC;;;;;;;;;;;;;;;;;;
2021/09/25;0200 UTC;;;;;;;;;;;;;;;;;;
2021/09/25;0300 UTC;;;;;;;;;;;;;;;;;;
2021/09/25;0400 UTC;;;;;;;;;;;;;;;;;;
2021/09/25;0500 UTC;;;;;;;;;;;;;;;;;;
2021/09/25;0600 UTC;;;;;;;;;;;;;;;;;;
2021/09/25;0700 UTC;;;;;;;;;;;;;;;;;;
2021/09/25;0800 UTC;;;;;;;;;;;;;;;;;;
2021/09/25;0900 UTC;;;;;;;;;;;;;;;;;;
2021/09/25;1000 UTC;;;;;;;;;;;;;;;;;;
2021/09/25;1100 UTC;;;;;;;;;;;;;;;;;;
2021/09/25;1200 UTC;;;;;;;;;;;;;;;;;;
2021/09/25;1300 UTC;;;;;;;;;;;;;;;;;;
2021/09/25;1400 UTC;;;;;;;;;;;;;;;;;;
2021/09/25;1500 UTC;;;;;;;;;;;;;;;;;;
2021/09/25;1600 UTC;;;;;;;;;;;;;;;;;;
2021/09/25;1700 UTC;;;;;;;;;;;;;;;;;;
2021/09/25;1800 UTC;;;;;;;;;;;;;;;;;;
2021/09/25;1900 UTC;;;;;;;;;;;;;;;;;;
2021/09/25;2000 UTC;;;;;;;;;;;;;;;;;;
2021/09/25;2100 UTC;;;;;;;;;;;;;;;;;;
2021/09/25;2200 UTC;;;;;;;;;;;;;;;;;;
2021/09/25;2300 UTC;;;;;;;;;;;;;;;;;;
2021/09/26;0000 UTC;;;;;;;;;;;;;;;;;;
2021/09/26;0100 UTC;;;;;;;;;;;;;;;;;;
2021/09/26;0200 UTC;;;;;;;;;;;;;;;;;;
2021/09/26;0300 UTC;;;;;;;;;;;;;;;;;;
2021/09/26;0400 UTC;;;;;;;;;;;;;;;;;;
2021/09/26;0500 UTC;;;;;;;;;;;;;;;;;;
2021/09/26;0600 UTC;;;;;;;;;;;;;;;;;;
2021/09/26;0700 UTC;;;;;;;;;;;;;;;;;;
2021/09/26;0800 UTC;;;;;;;;;;;;;;;;;;
2021/09/26;0900 UTC;;;;;;;;;;;;;;;;;;
2021/09/26;1000 UTC;;;;;;;;;;;;;;;;;;
2021/09/26;1100 UTC;;;;;;;;;;;;;;;;;;
2021/09/26;1200 UTC;;;;;;;;;;;;;;;;;;
2021/09/26;1300 UTC;;;;;;;;;;;;;;;;;;
2021/09/26;1400 UTC;;;;;;;;;;;;;;;;;;
2021/09/26;1500 UTC;;;;;;;;;;;;;;;;;;
2021/09/26;1600 UTC;;;;;;;;;;;;;;;;;;
2021/09/26;1700 UTC;;;;;;;;;;;;;;;;;;
2021/09/26;1800 UTC;;;;;;;;;;;;;;;;;;
2021/09/26;1900 UTC;;;;;;;;;;;;;;;;;;
2021/09/26;2000 UTC;;;;;;;;;;;;;;;;;;
2021/09/26;2100 UTC;;;;;;;;;;;;;;;;;;
2021/09/26;2200 UTC;;;;;;;;;;;;;;;;;;
2021/09/26;2300 UTC;;;;;;;;;;;;;;;;;;
2021/09/27;0000 UTC;;;;;;;;;;;;;;;;;;
2021/09/27;0100 UTC;;;;;;;;;;;;;;;;;;
2021/09/27;0200 UTC;;;;;;;;;;;;;;;;;;
2021/09/27;0300 UTC;;;;;;;;;;;;;;;;;;
2021/09/27;0400 UTC;;;;;;;;;;;;;;;;;;
2021/09/27;0500 UTC;;;;;;;;;;;;;;;;;;
2021/09/27;0600 UTC;;;;;;;;;;;;;;;;;;
2021/09/27;0700 UTC;;;;;;;;;;;;;;;;;;
2021/09/27;0800 UTC;;;;;;;;;;;;;;;;;;
2021/09/27;0900 UTC;;;;;;;;;;;;;;;;;;
2021/09/27;1000 UTC;;;;;;;;;;;;;;;;;;
2021/09/27;1100 UTC;;;;;;;;;;;;;;;;;;
2021/09/27;1200 UTC;;;;;;;;;;;;;;;;;;
2021/09/27;1300 UTC;;;;;;;;;;;;;;;;;;
2021/09/27;1400 UTC;;;;;;;;;;;;;;;;;;
2021/09/27;1500 UTC;;;;;;;;;;;;;;;;;;
2021/09/27;1600 UTC;;;;;;;;;;;;;;;;;;
2021/09/27;1700 UTC;;;;;;;;;;;;;;;;;;
2021/09/27;1800 UTC;;;;;;;;;;;;;;;;;;
2021/09/27;1900 UTC;;;;;;;;;;;;;;;;;;
2021/09/27;2000 UTC;;;;;;;;;;;;;;;;;;
2021/09/27;2100 UTC;;;;;;;;;;;;;;;;;;
2021/09/27;2200 UTC;;;;;;;;;;;;;;;;;;
2021/09/27;2300 UTC;;;;;;;;;;;;;;;;;;
2021/09/28;0000 UTC;;;;;;;;;;;;;;;;;;
2021/09/28;0100 UTC;;;;;;;;;;;;;;;;;;
2021/09/28;0200 UTC;;;;;;;;;;;;;;;;;;
2021/09/28;0300 UTC;;;;;;;;;;;;;;;;;;
2021/09/28;0400 UTC;;;;;;;;;;;;;;;;;;
2021/09/28;0500 UTC;;;;;;;;;;;;;;;;;;
2021/09/28;0600 UTC;;;;;;;;;;;;;;;;;;
2021/09/28;0700 UTC;;;;;;;;;;;;;;;;;;
2021/09/28;0800 UTC;;;;;;;;;;;;;;;;;;
2021/09/28;0900 UTC;;;;;;;;;;;;;;;;;;
2021/09/28;1000 UTC;;;;;;;;;;;;;;;;;;
2021/09/28;1100 UTC;;;;;;;;;;;;;;;;;;
2021/09/28;1200 UTC;;;;;;;;;;;;;;;;;;
2021/09/28;1300 UTC;;;;;;;;;;;;;;;;;;
2021/09/28;1400 UTC;;;;;;;;;;;;;;;;;;
2021/09/28;1500 UTC;;;;;;;;;;;;;;;;;;
2021/09/28;1600 UTC;;;;;;;;;;;;;;;;;;
2021/09/28;1700 UTC;;;;;;;;;;;;;;;;;;
2021/09/28;1800 UTC;;;;;;;;;;;;;;;;;;
2021/09/28;1900 UTC;;;;;;;;;;;;;;;;;;
2021/09/28;2000 UTC;;;;;;;;;;;;;;;;;;
2021/09/28;2100 UTC;;;;;;;;;;;;;;;;;;
2021/09/28;2200 UTC;;;;;;;;;;;;;;;;;;
2021/09/28;2300 UTC;;;;;;;;;;;;;;;;;;
2021/09/29;0000 UTC;;;;;;;;;;;;;;;;;;
2021/09/29;0100 UTC;;;;;;;;;;;;;;;;;;
2021/09/29;0200 UTC;;;;;;;;;;;;;;;;;;
2021/09/29;0300 UTC;;;;;;;;;;;;;;;;;;
2021/09/29;0400 UTC;;;;;;;;;;;;;;;;;;
2021/09/29;0500 UTC;;;;;;;;;;;;;;;;;;
2021/09/29;0600 UTC;;;;;;;;;;;;;;;;;;
2021/09/29;0700 UTC;;;;;;;;;;;;;;;;;;
2021/09/29;0800 UTC;;;;;;;;;;;;;;;;;;
2021/09/29;0900 UTC;;;;;;;;;;;;;;;;;;
2021/09/29;1000 UTC;;;;;;;;;;;;;;;;;;
2021/09/29;1100 UTC;;;;;;;;;;;;;;;;;;
2021/09/29;1200 UTC;;;;;;;;;;;;;;;;;;
2021/09/29;1300 UTC;;;;;;;;;;;;;;;;;;
2021/09/29;1400 UTC;;;;;;;;;;;;;;;;;;
2021/09/29;1500 UTC;;;;;;;;;;;;;;;;;;
2021/09/29;1600 UTC;;;;;;;;;;;;;;;;;;
2021/09/29;1700 UTC;;;;;;;;;;;;;;;;;;
2021/09/29;1800 UTC;;;;;;;;;;;;;;;;;;
2021/09/29;1900 UTC;;;;;;;;;;;;;;;;;;
2021/09/29;2000 UTC;;;;;;;;;;;;;;;;;;
2021/09/29;2100 UTC;;;;;;;;;;;;;;;;;;
2021/09/29;2200 UTC;;;;;;;;;;;;;;;;;;
2021/09/29;2300 UTC;;;;;;;;;;;;;;;;;;
2021/09/30;0000 UTC;;;;;;;;;;;;;;;;;;
2021/09/30;0100 UTC;;;;;;;;;;;;;;;;;;
2021/09/30;0200 UTC;;;;;;;;;;;;;;;;;;
2021/09/30;0300 UTC;;;;;;;;;;;;;;;;;;
2021/09/30;0400 UTC;;;;;;;;;;;;;;;;;;
2021/09/30;0500 UTC;;;;;;;;;;;;;;;;;;
2021/09/30;0600 UTC;;;;;;;;;;;;;;;;;;
2021/09/30;0700 UTC;;;;;;;;;;;;;;;;;;
2021/09/30;0800 UTC;;;;;;;;;;;;;;;;;;
2021/09/30;0900 UTC;;;;;;;;;;;;;;;;;;
2021/09/30;1000 UTC;;;;;;;;;;;;;;;;;;
2021/09/30;1100 UTC;;;;;;;;;;;;;;;;;;
2021/09/30;1200 UTC;;;;;;;;;;;;;;;;;;
2021/09/30;1300 UTC;;;;;;;;;;;;;;;;;;
2021/09/30;1400 UTC;;;;;;;;;;;;;;;;;;
2021/09/30;1500 UTC;;;;;;;;;;;;;;;;;;
2021/09/30;1600 UTC;;;;;;;;;;;;;;;;;;
2021/09/30;1700 UTC;;;;;;;;;;;;;;;;;;
2021/09/30;1800 UTC;;;;;;;;;;;;;;;;;;
2021/09/30;1900 UTC;;;;;;;;;;;;;;;;;;
2021/09/30;2000 UTC;;;;;;;;;;;;;;;;;;
2021/09/30;2100 UTC;;;;;;;;;;;;;;;;;;
2021/09/30;2200 UTC;;;;;;;;;;;;;;;;;;
2021/09/30;2300 UTC;;;;;;;;;;;;;;;;;;
2021/10/01;0000 UTC;;;;;;;;;;;;;;;;;;
2021/10/01;0100 UTC;;;;;;;;;;;;;;;;;;
2021/10/01;0200 UTC;;;;;;;;;;;;;;;;;;
2021/10/01;0300 UTC;;;;;;;;;;;;;;;;;;
2021/10/01;0400 UTC;;;;;;;;;;;;;;;;;;
2021/10/01;0500 UTC;;;;;;;;;;;;;;;;;;
2021/10/01;0600 UTC;;;;;;;;;;;;;;;;;;
2021/10/01;0700 UTC;;;;;;;;;;;;;;;;;;
2021/10/01;0800 UTC;;;;;;;;;;;;;;;;;;
2021/10/01;0900 UTC;;;;;;;;;;;;;;;;;;
2021/10/01;1000 UTC;;;;;;;;;;;;;;;;;;
2021/10/01;1100 UTC;;;;;;;;;;;;;;;;;;
2021/10/01;1200 UTC;;;;;;;;;;;;;;;;;;
2021/10/01;1300 UTC;;;;;;;;;;;;;;;;;;
2021/10/01;1400 UTC;;;;;;;;;;;;;;;;;;
2021/10/01;1500 UTC;;;;;;;;;;;;;;;;;;
2021/10/01;1600 UTC;;;;;;;;;;;;;;;;;;
2021/10/01;1700 UTC;;;;;;;;;;;;;;;;;;
2021/10/01;1800 UTC;;;;;;;;;;;;;;;;;;
2021/10/01;1900 UTC;;;;;;;;;;;;;;;;;;
2021/10/01;2000 UTC;;;;;;;;;;;;;;;;;;
2021/10/01;2100 UTC;;;;;;;;;;;;;;;;;;
2021/10/01;2200 UTC;;;;;;;;;;;;;;;;;;
2021/10/01;2300 UTC;;;;;;;;;;;;;;;;;;
2021/10/02;0000 UTC;;;;;;;;;;;;;;;;;;
2021/10/02;0100 UTC;;;;;;;;;;;;;;;;;;
2021/10/02;0200 UTC;;;;;;;;;;;;;;;;;;
2021/10/02;0300 UTC;;;;;;;;;;;;;;;;;;
2021/10/02;0400 UTC;;;;;;;;;;;;;;;;;;
2021/10/02;0500 UTC;;;;;;;;;;;;;;;;;;
2021/10/02;0600 UTC;;;;;;;;;;;;;;;;;;
2021/10/02;0700 UTC;;;;;;;;;;;;;;;;;;
2021/10/02;0800 UTC;;;;;;;;;;;;;;;;;;
2021/10/02;0900 UTC;;;;;;;;;;;;;;;;;;
2021/10/02;1000 UTC;;;;;;;;;;;;;;;;;;
2021/10/02;1100 UTC;;;;;;;;;;;;;;;;;;
2021/10/02;1200 UTC;;;;;;;;;;;;;;;;;;
2021/10/02;1300 UTC;;;;;;;;;;;;;;;;;;
2021/10/02;1400 UTC;;;;;;;;;;;;;;;;;;
2021/10/02;1500 UTC;;;;;;;;;;;;;;;;;;
2021/10/02;1600 UTC;;;;;;;;;;;;;;;;;;
2021/10/02;1700 UTC;;;;;;;;;;;;;;;;;;
2021/10/02;1800 UTC;;;;;;;;;;;;;;;;;;
2021/10/02;1900 UTC;;;;;;;;;;;;;;;;;;
2021/10/02;2000 UTC;;;;;;;;;;;;;;;;;;
2021/10/02;2100 UTC;;;;;;;;;;;;;;;;;;
2021/10/02;2200 UTC;;;;;;;;;;;;;;;;;;
2021/10/02;2300 UTC;;;;;;;;;;;;;;;;;;
2021/10/03;0000 UTC;;;;;;;;;;;;;;;;;;
2021/10/03;0100 UTC;;;;;;;;;;;;;;;;;;
2021/10/03;0200 UTC;;;;;;;;;;;;;;;;;;
2021/10/03;0300 UTC;;;;;;;;;;;;;;;;;;
2021/10/03;0400 UTC;;;;;;;;;;;;;;;;;;
2021/10/03;0500 UTC;;;;;;;;;;;;;;;;;;
2021/10/03;0600 UTC;;;;;;;;;;;;;;;;;;
2021/10/03;0700 UTC;;;;;;;;;;;;;;;;;;
2021/10/03;0800 UTC;;;;;;;;;;;;;;;;;;
2021/10/03;0900 UTC;;;;;;;;;;;;;;;;;;
2021/10/03;1000 UTC;;;;;;;;;;;;;;;;;;
2021/10/03;1100 UTC;;;;;;;;;;;;;;;;;;
2021/10/03;1200 UTC;;;;;;;;;;;;;;;;;;
2021/10/03;1300 UTC;;;;;;;;;;;;;;;;;;
2021/10/03;1400 UTC;;;;;;;;;;;;;;;;;;
2021/10/03;1500 UTC;;;;;;;;;;;;;;;;;;
2021/10/03;1600 UTC;;;;;;;;;;;;;;;;;;
2021/10/03;1700 UTC;;;;;;;;;;;;;;;;;;
2021/10/03;1800 UTC;;;;;;;;;;;;;;;;;;
2021/10/03;1900 UTC;;;;;;;;;;;;;;;;;;
2021/10/03;2000 UTC;;;;;;;;;;;;;;;;;;
2021/10/03;2100 UTC;;;;;;;;;;;;;;;;;;
2021/10/03;2200 UTC;;;;;;;;;;;;;;;;;;
2021/10/03;2300 UTC;;;;;;;;;;;;;;;;;;
2021/10/04;0000 UTC;;;;;;;;;;;;;;;;;;
2021/10/04;0100 UTC;;;;;;;;;;;;;;;;;;
2021/10/04;0200 UTC;;;;;;;;;;;;;;;;;;
2021/10/04;0300 UTC;;;;;;;;;;;;;;;;;;
2021/10/04;0400 UTC;;;;;;;;;;;;;;;;;;
2021/10/04;0500 UTC;;;;;;;;;;;;;;;;;;
2021/10/04;0600 UTC;;;;;;;;;;;;;;;;;;
2021/10/04;0700 UTC;;;;;;;;;;;;;;;;;;
2021/10/04;0800 UTC;;;;;;;;;;;;;;;;;;
2021/10/04;0900 UTC;;;;;;;;;;;;;;;;;;
2021/10/04;1000 UTC;;;;;;;;;;;;;;;;;;
2021/10/04;1100 UTC;;;;;;;;;;;;;;;;;;
2021/10/04;1200 UTC;;;;;;;;;;;;;;;;;;
2021/10/04;1300 UTC;;;;;;;;;;;;;;;;;;
2021/10/04;1400 UTC;;;;;;;;;;;;;;;;;;
2021/10/04;1500 UTC;;;;;;;;;;;;;;;;;;
2021/10/04;1600 UTC;;;;;;;;;;;;;;;;;;
2021/10/04;1700 UTC;;;;;;;;;;;;;;;;;;
2021/10/04;1800 UTC;;;;;;;;;;;;;;;;;;
2021/10/04;1900 UTC;;;;;;;;;;;;;;;;;;
2021/10/04;2000 UTC;;;;;;;;;;;;;;;;;;
2021/10/04;2100 UTC;;;;;;;;;;;;;;;;;;
2021/10/04;2200 UTC;;;;;;;;;;;;;;;;;;
2021/10/04;2300 UTC;;;;;;;;;;;;;;;;;;
2021/10/05;0000 UTC;;;;;;;;;;;;;;;;;;
2021/10/05;0100 UTC;;;;;;;;;;;;;;;;;;
2021/10/05;0200 UTC;;;;;;;;;;;;;;;;;;
2021/10/05;0300 UTC;;;;;;;;;;;;;;;;;;
2021/10/05;0400 UTC;;;;;;;;;;;;;;;;;;
2021/10/05;0500 UTC;;;;;;;;;;;;;;;;;;
2021/10/05;0600 UTC;;;;;;;;;;;;;;;;;;
2021/10/05;0700 UTC;;;;;;;;;;;;;;;;;;
2021/10/05;0800 UTC;;;;;;;;;;;;;;;;;;
2021/10/05;0900 UTC;;;;;;;;;;;;;;;;;;
2021/10/05;1000 UTC;;;;;;;;;;;;;;;;;;
2021/10/05;1100 UTC;;;;;;;;;;;;;;;;;;
2021/10/05;1200 UTC;;;;;;;;;;;;;;;;;;
2021/10/05;1300 UTC;;;;;;;;;;;;;;;;;;
2021/10/05;1400 UTC;;;;;;;;;;;;;;;;;;
2021/10/05;1500 UTC;;;;;;;;;;;;;;;;;;
2021/10/05;1600 UTC;;;;;;;;;;;;;;;;;;
2021/10/05;1700 UTC;;;;;;;;;;;;;;;;;;
2021/10/05;1800 UTC;;;;;;;;;;;;;;;;;;
2021/10/05;1900 UTC;;;;;;;;;;;;;;;;;;
2021/10/05;2000 UTC;;;;;;;;;;;;;;;;;;
2021/10/05;2100 UTC;;;;;;;;;;;;;;;;;;
2021/10/05;2200 UTC;;;;;;;;;;;;;;;;;;
2021/10/05;2300 UTC;;;;;;;;;;;;;;;;;;
2021/10/06;0000 UTC;;;;;;;;;;;;;;;;;;
2021/10/06;0100 UTC;;;;;;;;;;;;;;;;;;
2021/10/06;0200 UTC;;;;;;;;;;;;;;;;;;
2021/10/06;0300 UTC;;;;;;;;;;;;;;;;;;
2021/10/06;0400 UTC;;;;;;;;;;;;;;;;;;
2021/10/06;0500 UTC;;;;;;;;;;;;;;;;;;
2021/10/06;0600 UTC;;;;;;;;;;;;;;;;;;
2021/10/06;0700 UTC;;;;;;;;;;;;;;;;;;
2021/10/06;0800 UTC;;;;;;;;;;;;;;;;;;
2021/10/06;0900 UTC;;;;;;;;;;;;;;;;;;
2021/10/06;1000 UTC;;;;;;;;;;;;;;;;;;
2021/10/06;1100 UTC;;;;;;;;;;;;;;;;;;
2021/10/06;1200 UTC;;;;;;;;;;;;;;;;;;
2021/10/06;1300 UTC;;;;;;;;;;;;;;;;;;
2021/10/06;1400 UTC;;;;;;;;;;;;;;;;;;
2021/10/06;1500 UTC;;;;;;;;;;;;;;;;;;
2021/10/06;1600 UTC;;;;;;;;;;;;;;;;;;
2021/10/06;1700 UTC;;;;;;;;;;;;;;;;;;
2021/10/06;1800 UTC;;;;;;;;;;;;;;;;;;
2021/10/06;1900 UTC;;;;;;;;;;;;;;;;;;
2021/10/06;2000 UTC;;;;;;;;;;;;;;;;;;
2021/10/06;2100 UTC;;;;;;;;;;;;;;;;;;
2021/10/06;2200 UTC;;;;;;;;;;;;;;;;;;
2021/10/06;2300 UTC;;;;;;;;;;;;;;;;;;
2021/10/07;0000 UTC;;;;;;;;;;;;;;;;;;
2021/10/07;0100 UTC;;;;;;;;;;;;;;;;;;
2021/10/07;0200 UTC;;;;;;;;;;;;;;;;;;
2021/10/07;0300 UTC;;;;;;;;;;;;;;;;;;
2021/10/07;0400 UTC;;;;;;;;;;;;;;;;;;
2021/10/07;0500 UTC;;;;;;;;;;;;;;;;;;
2021/10/07;0600 UTC;;;;;;;;;;;;;;;;;;
2021/10/07;0700 UTC;;;;;;;;;;;;;;;;;;
2021/10/07;0800 UTC;;;;;;;;;;;;;;;;;;
2021/10/07;0900 UTC;;;;;;;;;;;;;;;;;;
2021/10/07;1000 UTC;;;;;;;;;;;;;;;;;;
2021/10/07;1100 UTC;;;;;;;;;;;;;;;;;;
2021/10/07;1200 UTC;;;;;;;;;;;;;;;;;;
2021/10/07;1300 UTC;;;;;;;;;;;;;;;;;;
2021/10/07;1400 UTC;;;;;;;;;;;;;;;;;;
2021/10/07;1500 UTC;;;;;;;;;;;;;;;;;;
2021/10/07;1600 UTC;;;;;;;;;;;;;;;;;;
2021/10/07;1700 UTC;;;;;;;;;;;;;;;;;;
2021/10/07;1800 UTC;;;;;;;;;;;;;;;;;;
2021/10/07;1900 UTC;;;;;;;;;;;;;;;;;;
2021/10/07;2000 UTC;;;;;;;;;;;;;;;;;;
2021/10/07;2100 UTC;;;;;;;;;;;;;;;;;;
2021/10/07;2200 UTC;;;;;;;;;;;;;;;;;;
2021/10/07;2300 UTC;;;;;;;;;;;;;;;;;;
2021/10/08;0000 UTC;;;;;;;;;;;;;;;;;;
2021/10/08;0100 UTC;;;;;;;;;;;;;;;;;;
2021/10/08;0200 UTC;;;;;;;;;;;;;;;;;;
2021/10/08;0300 UTC;;;;;;;;;;;;;;;;;;
2021/10/08;0400 UTC;;;;;;;;;;;;;;;;;;
2021/10/08;0500 UTC;;;;;;;;;;;;;;;;;;
2021/10/08;0600 UTC;;;;;;;;;;;;;;;;;;
2021/10/08;0700 UTC;;;;;;;;;;;;;;;;;;
2021/10/08;0800 UTC;;;;;;;;;;;;;;;;;;
2021/10/08;0900 UTC;;;;;;;;;;;;;;;;;;
2021/10/08;1000 UTC;;;;;;;;;;;;;;;;;;
2021/10/08;1100 UTC;;;;;;;;;;;;;;;;;;
2021/10/08;1200 UTC;;;;;;;;;;;;;;;;;;
2021/10/08;1300 UTC;;;;;;;;;;;;;;;;;;
2021/10/08;1400 UTC;;;;;;;;;;;;;;;;;;
2021/10/08;1500 UTC;;;;;;;;;;;;;;;;;;
2021/10/08;1600 UTC;;;;;;;;;;;;;;;;;;
2021/10/08;1700 UTC;;;;;;;;;;;;;;;;;;
2021/10/08;1800 UTC;;;;;;;;;;;;;;;;;;
2021/10/08;1900 UTC;;;;;;;;;;;;;;;;;;
2021/10/08;2000 UTC;;;;;;;;;;;;;;;;;;
2021/10/08;2100 UTC;;;;;;;;;;;;;;;;;;
2021/10/08;2200 UTC;;;;;;;;;;;;;;;;;;
2021/10/08;2300 UTC;;;;;;;;;;;;;;;;;;
2021/10/09;0000 UTC;;;;;;;;;;;;;;;;;;
2021/10/09;0100 UTC;;;;;;;;;;;;;;;;;;
2021/10/09;0200 UTC;;;;;;;;;;;;;;;;;;
2021/10/09;0300 UTC;;;;;;;;;;;;;;;;;;
2021/10/09;0400 UTC;;;;;;;;;;;;;;;;;;
2021/10/09;0500 UTC;;;;;;;;;;;;;;;;;;
2021/10/09;0600 UTC;;;;;;;;;;;;;;;;;;
2021/10/09;0700 UTC;;;;;;;;;;;;;;;;;;
2021/10/09;0800 UTC;;;;;;;;;;;;;;;;;;
2021/10/09;0900 UTC;;;;;;;;;;;;;;;;;;
2021/10/09;1000 UTC;;;;;;;;;;;;;;;;;;
2021/10/09;1100 UTC;;;;;;;;;;;;;;;;;;
2021/10/09;1200 UTC;;;;;;;;;;;;;;;;;;
2021/10/09;1300 UTC;;;;;;;;;;;;;;;;;;
2021/10/09;1400 UTC;;;;;;;;;;;;;;;;;;
2021/10/09;1500 UTC;;;;;;;;;;;;;;;;;;
2021/10/09;1600 UTC;;;;;;;;;;;;;;;;;;
2021/10/09;1700 UTC;;;;;;;;;;;;;;;;;;
2021/10/09;1800 UTC;;;;;;;;;;;;;;;;;;
2021/10/09;1900 UTC;;;;;;;;;;;;;;;;;;
2021/10/09;2000 UTC;;;;;;;;;;;;;;;;;;
2021/10/09;2100 UTC;;;;;;;;;;;;;;;;;;
2021/10/09;2200 UTC;;;;;;;;;;;;;;;;;;
2021/10/09;2300 UTC;;;;;;;;;;;;;;;;;;
2021/10/10;0000 UTC;;;;;;;;;;;;;;;;;;
2021/10/10;0100 UTC;;;;;;;;;;;;;;;;;;
2021/10/10;0200 UTC;;;;;;;;;;;;;;;;;;
2021/10/10;0300 UTC;;;;;;;;;;;;;;;;;;
2021/10/10;0400 UTC;;;;;;;;;;;;;;;;;;
2021/10/10;0500 UTC;;;;;;;;;;;;;;;;;;
2021/10/10;0600 UTC;;;;;;;;;;;;;;;;;;
2021/10/10;0700 UTC;;;;;;;;;;;;;;;;;;
2021/10/10;0800 UTC;;;;;;;;;;;;;;;;;;
2021/10/10;0900 UTC;;;;;;;;;;;;;;;;;;
2021/10/10;1000 UTC;;;;;;;;;;;;;;;;;;
2021/10/10;1100 UTC;;;;;;;;;;;;;;;;;;
2021/10/10;1200 UTC;;;;;;;;;;;;;;;;;;
2021/10/10;1300 UTC;;;;;;;;;;;;;;;;;;
2021/10/10;1400 UTC;;;;;;;;;;;;;;;;;;
2021/10/10;1500 UTC;;;;;;;;;;;;;;;;;;
2021/10/10;1600 UTC;;;;;;;;;;;;;;;;;;
2021/10/10;1700 UTC;;;;;;;;;;;;;;;;;;
2021/10/10;1800 UTC;;;;;;;;;;;;;;;;;;
2021/10/10;1900 UTC;;;;;;;;;;;;;;;;;;
2021/10/10;2000 UTC;;;;;;;;;;;;;;;;;;
2021/10/10;2100 UTC;;;;;;;;;;;;;;;;;;
2021/10/10;2200 UTC;;;;;;;;;;;;;;;;;;
2021/10/10;2300 UTC;;;;;;;;;;;;;;;;;;
2021/10/11;0000 UTC;;;;;;;;;;;;;;;;;;
2021/10/11;0100 UTC;;;;;;;;;;;;;;;;;;
2021/10/11;0200 UTC;;;;;;;;;;;;;;;;;;
2021/10/11;0300 UTC;;;;;;;;;;;;;;;;;;
2021/10/11;0400 UTC;;;;;;;;;;;;;;;;;;
2021/10/11;0500 UTC;;;;;;;;;;;;;;;;;;
2021/10/11;0600 UTC;;;;;;;;;;;;;;;;;;
2021/10/11;0700 UTC;;;;;;;;;;;;;;;;;;
2021/10/11;0800 UTC;;;;;;;;;;;;;;;;;;
2021/10/11;0900 UTC;;;;;;;;;;;;;;;;;;
2021/10/11;1000 UTC;;;;;;;;;;;;;;;;;;
2021/10/11;1100 UTC;;;;;;;;;;;;;;;;;;
2021/10/11;1200 UTC;;;;;;;;;;;;;;;;;;
2021/10/11;1300 UTC;;;;;;;;;;;;;;;;;;
2021/10/11;1400 UTC;;;;;;;;;;;;;;;;;;
2021/10/11;1500 UTC;;;;;;;;;;;;;;;;;;
2021/10/11;1600 UTC;;;;;;;;;;;;;;;;;;
2021/10/11;1700 UTC;;;;;;;;;;;;;;;;;;
2021/10/11;1800 UTC;;;;;;;;;;;;;;;;;;
2021/10/11;1900 UTC;;;;;;;;;;;;;;;;;;
2021/10/11;2000 UTC;;;;;;;;;;;;;;;;;;
2021/10/11;2100 UTC;;;;;;;;;;;;;;;;;;
2021/10/11;2200 UTC;;;;;;;;;;;;;;;;;;
2021/10/11;2300 UTC;;;;;;;;;;;;;;;;;;
2021/10/12;0000 UTC;;;;;;;;;;;;;;;;;;
2021/10/12;0100 UTC;;;;;;;;;;;;;;;;;;
2021/10/12;0200 UTC;;;;;;;;;;;;;;;;;;
2021/10/12;0300 UTC;;;;;;;;;;;;;;;;;;
2021/10/12;0400 UTC;;;;;;;;;;;;;;;;;;
2021/10/12;0500 UTC;;;;;;;;;;;;;;;;;;
2021/10/12;0600 UTC;;;;;;;;;;;;;;;;;;
2021/10/12;0700 UTC;;;;;;;;;;;;;;;;;;
2021/10/12;0800 UTC;;;;;;;;;;;;;;;;;;
2021/10/12;0900 UTC;;;;;;;;;;;;;;;;;;
2021/10/12;1000 UTC;;;;;;;;;;;;;;;;;;
2021/10/12;1100 UTC;;;;;;;;;;;;;;;;;;
2021/10/12;1200 UTC;;;;;;;;;;;;;;;;;;
2021/10/12;1300 UTC;;;;;;;;;;;;;;;;;;
2021/10/12;1400 UTC;;;;;;;;;;;;;;;;;;
2021/10/12;1500 UTC;;;;;;;;;;;;;;;;;;
2021/10/12;1600 UTC;;;;;;;;;;;;;;;;;;
2021/10/12;1700 UTC;;;;;;;;;;;;;;;;;;
2021/10/12;1800 UTC;;;;;;;;;;;;;;;;;;
2021/10/12;1900 UTC;;;;;;;;;;;;;;;;;;
2021/10/12;2000 UTC;;;;;;;;;;;;;;;;;;
2021/10/12;2100 UTC;;;;;;;;;;;;;;;;;;
2021/10/12;2200 UTC;;;;;;;;;;;;;;;;;;
2021/10/12;2300 UTC;;;;;;;;;;;;;;;;;;
2021/10/13;0000 UTC;;;;;;;;;;;;;;;;;;
2021/10/13;0100 UTC;;;;;;;;;;;;;;;;;;
2021/10/13;0200 UTC;;;;;;;;;;;;;;;;;;
2021/10/13;0300 UTC;;;;;;;;;;;;;;;;;;
2021/10/13;0400 UTC;;;;;;;;;;;;;;;;;;
2021/10/13;0500 UTC;;;;;;;;;;;;;;;;;;
2021/10/13;0600 UTC;;;;;;;;;;;;;;;;;;
2021/10/13;0700 UTC;;;;;;;;;;;;;;;;;;
2021/10/13;0800 UTC;;;;;;;;;;;;;;;;;;
2021/10/13;0900 UTC;;;;;;;;;;;;;;;;;;
2021/10/13;1000 UTC;;;;;;;;;;;;;;;;;;
2021/10/13;1100 UTC;;;;;;;;;;;;;;;;;;
2021/10/13;1200 UTC;;;;;;;;;;;;;;;;;;
2021/10/13;1300 UTC;;;;;;;;;;;;;;;;;;
2021/10/13;1400 UTC;;;;;;;;;;;;;;;;;;
2021/10/13;1500 UTC;;;;;;;;;;;;;;;;;;
2021/10/13;1600 UTC;;;;;;;;;;;;;;;;;;
2021/10/13;1700 UTC;;;;;;;;;;;;;;;;;;
2021/10/13;1800 UTC;;;;;;;;;;;;;;;;;;
2021/10/13;1900 UTC;;;;;;;;;;;;;;;;;;
2021/10/13;2000 UTC;;;;;;;;;;;;;;;;;;
2021/10/13;2100 UTC;;;;;;;;;;;;;;;;;;
2021/10/13;2200 UTC;;;;;;;;;;;;;;;;;;
2021/10/13;2300 UTC;;;;;;;;;;;;;;;;;;
2021/10/14;0000 UTC;;;;;;;;;;;;;;;;;;
2021/10/14;0100 UTC;;;;;;;;;;;;;;;;;;
2021/10/14;0200 UTC;;;;;;;;;;;;;;;;;;
2021/10/14;0300 UTC;;;;;;;;;;;;;;;;;;
2021/10/14;0400 UTC;;;;;;;;;;;;;;;;;;
2021/10/14;0500 UTC;;;;;;;;;;;;;;;;;;
2021/10/14;0600 UTC;;;;;;;;;;;;;;;;;;
2021/10/14;0700 UTC;;;;;;;;;;;;;;;;;;
2021/10/14;0800 UTC;;;;;;;;;;;;;;;;;;
2021/10/14;0900 UTC;;;;;;;;;;;;;;;;;;
2021/10/14;1000 UTC;;;;;;;;;;;;;;;;;;
2021/10/14;1100 UTC;;;;;;;;;;;;;;;;;;
2021/10/14;1200 UTC;;;;;;;;;;;;;;;;;;
2021/10/14;1300 UTC;;;;;;;;;;;;;;;;;;
2021/10/14;1400 UTC;;;;;;;;;;;;;;;;;;
2021/10/14;1500 UTC;;;;;;;;;;;;;;;;;;
2021/10/14;1600 UTC;;;;;;;;;;;;;;;;;;
2021/10/14;1700 UTC;;;;;;;;;;;;;;;;;;
2021/10/14;1800 UTC;;;;;;;;;;;;;;;;;;
2021/10/14;1900 UTC;;;;;;;;;;;;;;;;;;
2021/10/14;2000 UTC;;;;;;;;;;;;;;;;;;
2021/10/14;2100 UTC;;;;;;;;;;;;;;;;;;
2021/10/14;2200 UTC;;;;;;;;;;;;;;;;;;
2021/10/14;2300 UTC;;;;;;;;;;;;;;;;;;
2021/10/15;0000 UTC;;;;;;;;;;;;;;;;;;
2021/10/15;0100 UTC;;;;;;;;;;;;;;;;;;
2021/10/15;0200 UTC;;;;;;;;;;;;;;;;;;
2021/10/15;0300 UTC;;;;;;;;;;;;;;;;;;
2021/10/15;0400 UTC;;;;;;;;;;;;;;;;;;
2021/10/15;0500 UTC;;;;;;;;;;;;;;;;;;
2021/10/15;0600 UTC;;;;;;;;;;;;;;;;;;
2021/10/15;0700 UTC;;;;;;;;;;;;;;;;;;
2021/10/15;0800 UTC;;;;;;;;;;;;;;;;;;
2021/10/15;0900 UTC;;;;;;;;;;;;;;;;;;
2021/10/15;1000 UTC;;;;;;;;;;;;;;;;;;
2021/10/15;1100 UTC;;;;;;;;;;;;;;;;;;
2021/10/15;1200 UTC;;;;;;;;;;;;;;;;;;
2021/10/15;1300 UTC;;;;;;;;;;;;;;;;;;
2021/10/15;1400 UTC;;;;;;;;;;;;;;;;;;
2021/10/15;1500 UTC;;;;;;;;;;;;;;;;;;
2021/10/15;1600 UTC;;;;;;;;;;;;;;;;;;
2021/10/15;1700 UTC;;;;;;;;;;;;;;;;;;
2021/10/15;1800 UTC;;;;;;;;;;;;;;;;;;
2021/10/15;1900 UTC;;;;;;;;;;;;;;;;;;
2021/10/15;2000 UTC;;;;;;;;;;;;;;;;;;
2021/10/15;2100 UTC;;;;;;;;;;;;;;;;;;
2021/10/15;2200 UTC;;;;;;;;;;;;;;;;;;
2021/10/15;2300 UTC;;;;;;;;;;;;;;;;;;
2021/10/16;0000 UTC;;;;;;;;;;;;;;;;;;
2021/10/16;0100 UTC;;;;;;;;;;;;;;;;;;
2021/10/16;0200 UTC;;;;;;;;;;;;;;;;;;
2021/10/16;0300 UTC;;;;;;;;;;;;;;;;;;
2021/10/16;0400 UTC;;;;;;;;;;;;;;;;;;
2021/10/16;0500 UTC;;;;;;;;;;;;;;;;;;
2021/10/16;0600 UTC;;;;;;;;;;;;;;;;;;
2021/10/16;0700 UTC;;;;;;;;;;;;;;;;;;
2021/10/16;0800 UTC;;;;;;;;;;;;;;;;;;
2021/10/16;0900 UTC;;;;;;;;;;;;;;;;;;
2021/10/16;1000 UTC;;;;;;;;;;;;;;;;;;
2021/10/16;1100 UTC;;;;;;;;;;;;;;;;;;
2021/10/16;1200 UTC;;;;;;;;;;;;;;;;;;
2021/10/16;1300 UTC;;;;;;;;;;;;;;;;;;
2021/10/16;1400 UTC;;;;;;;;;;;;;;;;;;
2021/10/16;1500 UTC;;;;;;;;;;;;;;;;;;
2021/10/16;1600 UTC;;;;;;;;;;;;;;;;;;
2021/10/16;1700 UTC;;;;;;;;;;;;;;;;;;
2021/10/16;1800 UTC;;;;;;;;;;;;;;;;;;
2021/10/16;1900 UTC;;;;;;;;;;;;;;;;;;
2021/10/16;2000 UTC;;;;;;;;;;;;;;;;;;
2021/10/16;2100 UTC;;;;;;;;;;;;;;;;;;
2021/10/16;2200 UTC;;;;;;;;;;;;;;;;;;
2021/10/16;2300 UTC;;;;;;;;;;;;;;;;;;
2021/10/17;0000 UTC;;;;;;;;;;;;;;;;;;
2021/10/17;0100 UTC;;;;;;;;;;;;;;;;;;
2021/10/17;0200 UTC;;;;;;;;;;;;;;;;;;
2021/10/17;0300 UTC;;;;;;;;;;;;;;;;;;
2021/10/17;0400 UTC;;;;;;;;;;;;;;;;;;
2021/10/17;0500 UTC;;;;;;;;;;;;;;;;;;
2021/10/17;0600 UTC;;;;;;;;;;;;;;;;;;
2021/10/17;0700 UTC;;;;;;;;;;;;;;;;;;
2021/10/17;0800 UTC;;;;;;;;;;;;;;;;;;
2021/10/17;0900 UTC;;;;;;;;;;;;;;;;;;
2021/10/17;1000 UTC;;;;;;;;;;;;;;;;;;
2021/10/17;1100 UTC;;;;;;;;;;;;;;;;;;
2021/10/17;1200 UTC;;;;;;;;;;;;;;;;;;
2021/10/17;1300 UTC;;;;;;;;;;;;;;;;;;
2021/10/17;1400 UTC;;;;;;;;;;;;;;;;;;
2021/10/17;1500 UTC;;;;;;;;;;;;;;;;;;
2021/10/17;1600 UTC;;;;;;;;;;;;;;;;;;
2021/10/17;1700 UTC;;;;;;;;;;;;;;;;;;
2021/10/17;1800 UTC;;;;;;;;;;;;;;;;;;
2021/10/17;1900 UTC;;;;;;;;;;;;;;;;;;
2021/10/17;2000 UTC;;;;;;;;;;;;;;;;;;
2021/10/17;2100 UTC;;;;;;;;;;;;;;;;;;
2021/10/17;2200 UTC;;;;;;;;;;;;;;;;;;
2021/10/17;2300 UTC;;;;;;;;;;;;;;;;;;
2021/10/18;0000 UTC;;;;;;;;;;;;;;;;;;
2021/10/18;0100 UTC;;;;;;;;;;;;;;;;;;
2021/10/18;0200 UTC;;;;;;;;;;;;;;;;;;
2021/10/18;0300 UTC;;;;;;;;;;;;;;;;;;
2021/10/18;0400 UTC;;;;;;;;;;;;;;;;;;
2021/10/18;0500 UTC;;;;;;;;;;;;;;;;;;
2021/10/18;0600 UTC;;;;;;;;;;;;;;;;;;
2021/10/18;0700 UTC;;;;;;;;;;;;;;;;;;
2021/10/18;0800 UTC;;;;;;;;;;;;;;;;;;
2021/10/18;0900 UTC;;;;;;;;;;;;;;;;;;
2021/10/18;1000 UTC;;;;;;;;;;;;;;;;;;
2021/10/18;1100 UTC;;;;;;;;;;;;;;;;;;
2021/10/18;1200 UTC;;;;;;;;;;;;;;;;;;
2021/10/18;1300 UTC;;;;;;;;;;;;;;;;;;
2021/10/18;1400 UTC;;;;;;;;;;;;;;;;;;
2021/10/18;1500 UTC;;;;;;;;;;;;;;;;;;
2021/10/18;1600 UTC;;;;;;;;;;;;;;;;;;
2021/10/18;1700 UTC;;;;;;;;;;;;;;;;;;
2021/10/18;1800 UTC;;;;;;;;;;;;;;;;;;
2021/10/18;1900 UTC;;;;;;;;;;;;;;;;;;
2021/10/18;2000 UTC;;;;;;;;;;;;;;;;;;
2021/10/18;2100 UTC;;;;;;;;;;;;;;;;;;
2021/10/18;2200 UTC;;;;;;;;;;;;;;;;;;
2021/10/18;2300 UTC;;;;;;;;;;;;;;;;;;
2021/10/19;0000 UTC;;;;;;;;;;;;;;;;;;
2021/10/19;0100 UTC;;;;;;;;;;;;;;;;;;
2021/10/19;0200 UTC;;;;;;;;;;;;;;;;;;
2021/10/19;0300 UTC;;;;;;;;;;;;;;;;;;
2021/10/19;0400 UTC;;;;;;;;;;;;;;;;;;
2021/10/19;0500 UTC;;;;;;;;;;;;;;;;;;
2021/10/19;0600 UTC;;;;;;;;;;;;;;;;;;
2021/10/19;0700 UTC;;;;;;;;;;;;;;;;;;
2021/10/19;0800 UTC;;;;;;;;;;;;;;;;;;
2021/10/19;0900 UTC;;;;;;;;;;;;;;;;;;
2021/10/19;1000 UTC;;;;;;;;;;;;;;;;;;
2021/10/19;1100 UTC;;;;;;;;;;;;;;;;;;
2021/10/19;1200 UTC;;;;;;;;;;;;;;;;;;
2021/10/19;1300 UTC;;;;;;;;;;;;;;;;;;
2021/10/19;1400 UTC;;;;;;;;;;;;;;;;;;
2021/10/19;1500 UTC;;;;;;;;;;;;;;;;;;
2021/10/19;1600 UTC;;;;;;;;;;;;;;;;;;
2021/10/19;1700 UTC;;;;;;;;;;;;;;;;;;
2021/10/19;1800 UTC;;;;;;;;;;;;;;;;;;
2021/10/19;1900 UTC;;;;;;;;;;;;;;;;;;
2021/10/19;2000 UTC;;;;;;;;;;;;;;;;;;
2021/10/19;2100 UTC;;;;;;;;;;;;;;;;;;
2021/10/19;2200 UTC;;;;;;;;;;;;;;;;;;
2021/10/19;2300 UTC;;;;;;;;;;;;;;;;;;
2021/10/20;0000 UTC;;;;;;;;;;;;;;;;;;
2021/10/20;0100 UTC;;;;;;;;;;;;;;;;;;
2021/10/20;0200 UTC;;;;;;;;;;;;;;;;;;
2021/10/20;0300 UTC;;;;;;;;;;;;;;;;;;
2021/10/20;0400 UTC;;;;;;;;;;;;;;;;;;
2021/10/20;0500 UTC;;;;;;;;;;;;;;;;;;
2021/10/20;0600 UTC;;;;;;;;;;;;;;;;;;
2021/10/20;0700 UTC;;;;;;;;;;;;;;;;;;
2021/10/20;0800 UTC;;;;;;;;;;;;;;;;;;
2021/10/20;0900 UTC;;;;;;;;;;;;;;;;;;
2021/10/20;1000 UTC;;;;;;;;;;;;;;;;;;
2021/10/20;1100 UTC;;;;;;;;;;;;;;;;;;
2021/10/20;1200 UTC;;;;;;;;;;;;;;;;;;
2021/10/20;1300 UTC;;;;;;;;;;;;;;;;;;
2021/10/20;1400 UTC;;;;;;;;;;;;;;;;;;
2021/10/20;1500 UTC;;;;;;;;;;;;;;;;;;
2021/10/20;1600 UTC;;;;;;;;;;;;;;;;;;
2021/10/20;1700 UTC;;;;;;;;;;;;;;;;;;
2021/10/20;1800 UTC;;;;;;;;;;;;;;;;;;
2021/10/20;1900 UTC;;;;;;;;;;;;;;;;;;
2021/10/20;2000 UTC;;;;;;;;;;;;;;;;;;
2021/10/20;2100 UTC;;;;;;;;;;;;;;;;;;
2021/10/20;2200 UTC;;;;;;;;;;;;;;;;;;
2021/10/20;2300 UTC;;;;;;;;;;;;;;;;;;
2021/10/21;0000 UTC;;;;;;;;;;;;;;;;;;
2021/10/21;0100 UTC;;;;;;;;;;;;;;;;;;
2021/10/21;0200 UTC;;;;;;;;;;;;;;;;;;
2021/10/21;0300 UTC;;;;;;;;;;;;;;;;;;
2021/10/21;0400 UTC;;;;;;;;;;;;;;;;;;
2021/10/21;0500 UTC;;;;;;;;;;;;;;;;;;
2021/10/21;0600 UTC;;;;;;;;;;;;;;;;;;
2021/10/21;0700 UTC;;;;;;;;;;;;;;;;;;
2021/10/21;0800 UTC;;;;;;;;;;;;;;;;;;
2021/10/21;0900 UTC;;;;;;;;;;;;;;;;;;
2021/10/21;1000 UTC;;;;;;;;;;;;;;;;;;
2021/10/21;1100 UTC;;;;;;;;;;;;;;;;;;
2021/10/21;1200 UTC;;;;;;;;;;;;;;;;;;
2021/10/21;1300 UTC;;;;;;;;;;;;;;;;;;
2021/10/21;1400 UTC;;;;;;;;;;;;;;;;;;
2021/10/21;1500 UTC;;;;;;;;;;;;;;;;;;
2021/10/21;1600 UTC;;;;;;;;;;;;;;;;;;
2021/10/21;1700 UTC;;;;;;;;;;;;;;;;;;
2021/10/21;1800 UTC;;;;;;;;;;;;;;;;;;
2021/10/21;1900 UTC;;;;;;;;;;;;;;;;;;
2021/10/21;2000 UTC;;;;;;;;;;;;;;;;;;
2021/10/21;2100 UTC;;;;;;;;;;;;;;;;;;
2021/10/21;2200 UTC;;;;;;;;;;;;;;;;;;
2021/10/21;2300 UTC;;;;;;;;;;;;;;;;;;
2021/10/22;0000 UTC;;;;;;;;;;;;;;;;;;
2021/10/22;0100 UTC;;;;;;;;;;;;;;;;;;
2021/10/22;0200 UTC;;;;;;;;;;;;;;;;;;
2021/10/22;0300 UTC;;;;;;;;;;;;;;;;;;
2021/10/22;0400 UTC;;;;;;;;;;;;;;;;;;
2021/10/22;0500 UTC;;;;;;;;;;;;;;;;;;
2021/10/22;0600 UTC;;;;;;;;;;;;;;;;;;
2021/10/22;0700 UTC;;;;;;;;;;;;;;;;;;
2021/10/22;0800 UTC;;;;;;;;;;;;;;;;;;
2021/10/22;0900 UTC;;;;;;;;;;;;;;;;;;
2021/10/22;1000 UTC;;;;;;;;;;;;;;;;;;
2021/10/22;1100 UTC;;;;;;;;;;;;;;;;;;
2021/10/22;1200 UTC;;;;;;;;;;;;;;;;;;
2021/10/22;1300 UTC;;;;;;;;;;;;;;;;;;
2021/10/22;1400 UTC;;;;;;;;;;;;;;;;;;
2021/10/22;1500 UTC;;;;;;;;;;;;;;;;;;
2021/10/22;1600 UTC;;;;;;;;;;;;;;;;;;
2021/10/22;1700 UTC;;;;;;;;;;;;;;;;;;
2021/10/22;1800 UTC;;;;;;;;;;;;;;;;;;
2021/10/22;1900 UTC;;;;;;;;;;;;;;;;;;
2021/10/22;2000 UTC;;;;;;;;;;;;;;;;;;
2021/10/22;2100 UTC;;;;;;;;;;;;;;;;;;
2021/10/22;2200 UTC;;;;;;;;;;;;;;;;;;
2021/10/22;2300 UTC;;;;;;;;;;;;;;;;;;
2021/10/23;0000 UTC;;;;;;;;;;;;;;;;;;
2021/10/23;0100 UTC;;;;;;;;;;;;;;;;;;
2021/10/23;0200 UTC;;;;;;;;;;;;;;;;;;
2021/10/23;0300 UTC;;;;;;;;;;;;;;;;;;
2021/10/23;0400 UTC;;;;;;;;;;;;;;;;;;
2021/10/23;0500 UTC;;;;;;;;;;;;;;;;;;
2021/10/23;0600 UTC;;;;;;;;;;;;;;;;;;
2021/10/23;0700 UTC;;;;;;;;;;;;;;;;;;
2021/10/23;0800 UTC;;;;;;;;;;;;;;;;;;
2021/10/23;0900 UTC;;;;;;;;;;;;;;;;;;
2021/10/23;1000 UTC;;;;;;;;;;;;;;;;;;
2021/10/23;1100 UTC;;;;;;;;;;;;;;;;;;
2021/10/23;1200 UTC;;;;;;;;;;;;;;;;;;
2021/10/23;1300 UTC;;;;;;;;;;;;;;;;;;
2021/10/23;1400 UTC;;;;;;;;;;;;;;;;;;
2021/10/23;1500 UTC;;;;;;;;;;;;;;;;;;
2021/10/23;1600 UTC;;;;;;;;;;;;;;;;;;
2021/10/23;1700 UTC;;;;;;;;;;;;;;;;;;
2021/10/23;1800 UTC;;;;;;;;;;;;;;;;;;
2021/10/23;1900 UTC;;;;;;;;;;;;;;;;;;
2021/10/23;2000 UTC;;;;;;;;;;;;;;;;;;
2021/10/23;2100 UTC;;;;;;;;;;;;;;;;;;
2021/10/23;2200 UTC;;;;;;;;;;;;;;;;;;
2021/10/23;2300 UTC;;;;;;;;;;;;;;;;;;
2021/10/24;0000 UTC;;;;;;;;;;;;;;;;;;
2021/10/24;0100 UTC;;;;;;;;;;;;;;;;;;
2021/10/24;0200 UTC;;;;;;;;;;;;;;;;;;
2021/10/24;0300 UTC;;;;;;;;;;;;;;;;;;
2021/10/24;0400 UTC;;;;;;;;;;;;;;;;;;
2021/10/24;0500 UTC;;;;;;;;;;;;;;;;;;
2021/10/24;0600 UTC;;;;;;;;;;;;;;;;;;
2021/10/24;0700 UTC;;;;;;;;;;;;;;;;;;
2021/10/24;0800 UTC;;;;;;;;;;;;;;;;;;
2021/10/24;0900 UTC;;;;;;;;;;;;;;;;;;
2021/10/24;1000 UTC;;;;;;;;;;;;;;;;;;
2021/10/24;1100 UTC;;;;;;;;;;;;;;;;;;
2021/10/24;1200 UTC;;;;;;;;;;;;;;;;;;
2021/10/24;1300 UTC;;;;;;;;;;;;;;;;;;
2021/10/24;1400 UTC;;;;;;;;;;;;;;;;;;
2021/10/24;1500 UTC;;;;;;;;;;;;;;;;;;
2021/10/24;1600 UTC;;;;;;;;;;;;;;;;;;
2021/10/24;1700 UTC;;;;;;;;;;;;;;;;;;
2021/10/24;1800 UTC;;;;;;;;;;;;;;;;;;
2021/10/24;1900 UTC;;;;;;;;;;;;;;;;;;
2021/10/24;2000 UTC;;;;;;;;;;;;;;;;;;
2021/10/24;2100 UTC;;;;;;;;;;;;;;;;;;
2021/10/24;2200 UTC;;;;;;;;;;;;;;;;;;
2021/10/24;2300 UTC;;;;;;;;;;;;;;;;;;
2021/10/25;0000 UTC;;;;;;;;;;;;;;;;;;
2021/10/25;0100 UTC;;;;;;;;;;;;;;;;;;
2021/10/25;0200 UTC;;;;;;;;;;;;;;;;;;
2021/10/25;0300 UTC;;;;;;;;;;;;;;;;;;
2021/10/25;0400 UTC;;;;;;;;;;;;;;;;;;
2021/10/25;0500 UTC;;;;;;;;;;;;;;;;;;
2021/10/25;0600 UTC;;;;;;;;;;;;;;;;;;
2021/10/25;0700 UTC;;;;;;;;;;;;;;;;;;
2021/10/25;0800 UTC;;;;;;;;;;;;;;;;;;
2021/10/25;0900 UTC;;;;;;;;;;;;;;;;;;
2021/10/25;1000 UTC;;;;;;;;;;;;;;;;;;
2021/10/25;1100 UTC;;;;;;;;;;;;;;;;;;
2021/10/25;1200 UTC;;;;;;;;;;;;;;;;;;
2021/10/25;1300 UTC;;;;;;;;;;;;;;;;;;
2021/10/25;1400 UTC;;;;;;;;;;;;;;;;;;
2021/10/25;1500 UTC;;;;;;;;;;;;;;;;;;
2021/10/25;1600 UTC;;;;;;;;;;;;;;;;;;
2021/10/25;1700 UTC;;;;;;;;;;;;;;;;;;
2021/10/25;1800 UTC;;;;;;;;;;;;;;;;;;
2021/10/25;1900 UTC;;;;;;;;;;;;;;;;;;
2021/10/25;2000 UTC;;;;;;;;;;;;;;;;;;
2021/10/25;2100 UTC;;;;;;;;;;;;;;;;;;
2021/10/25;2200 UTC;;;;;;;;;;;;;;;;;;
2021/10/25;2300 UTC;;;;;;;;;;;;;;;;;;
2021/10/26;0000 UTC;;;;;;;;;;;;;;;;;;
2021/10/26;0100 UTC;;;;;;;;;;;;;;;;;;
2021/10/26;0200 UTC;;;;;;;;;;;;;;;;;;
2021/10/26;0300 UTC;;;;;;;;;;;;;;;;;;
2021/10/26;0400 UTC;;;;;;;;;;;;;;;;;;
2021/10/26;0500 UTC;;;;;;;;;;;;;;;;;;
2021/10/26;0600 UTC;;;;;;;;;;;;;;;;;;
2021/10/26;0700 UTC;;;;;;;;;;;;;;;;;;
2021/10/26;0800 UTC;;;;;;;;;;;;;;;;;;
2021/10/26;0900 UTC;;;;;;;;;;;;;;;;;;
2021/10/26;1000 UTC;;;;;;;;;;;;;;;;;;
2021/10/26;1100 UTC;;;;;;;;;;;;;;;;;;
2021/10/26;1200 UTC;;;;;;;;;;;;;;;;;;
2021/10/26;1300 UTC;;;;;;;;;;;;;;;;;;
2021/10/26;1400 UTC;;;;;;;;;;;;;;;;;;
2021/10/26;1500 UTC;;;;;;;;;;;;;;;;;;
2021/10/26;1600 UTC;;;;;;;;;;;;;;;;;;
2021/10/26;1700 UTC;;;;;;;;;;;;;;;;;;
2021/10/26;1800 UTC;;;;;;;;;;;;;;;;;;
2021/10/26;1900 UTC;;;;;;;;;;;;;;;;;;
2021/10/26;2000 UTC;;;;;;;;;;;;;;;;;;
2021/10/26;2100 UTC;;;;;;;;;;;;;;;;;;
2021/10/26;2200 UTC;;;;;;;;;;;;;;;;;;
2021/10/26;2300 UTC;;;;;;;;;;;;;;;;;;
2021/10/27;0000 UTC;;;;;;;;;;;;;;;;;;
2021/10/27;0100 UTC;;;;;;;;;;;;;;;;;;
2021/10/27;0200 UTC;;;;;;;;;;;;;;;;;;
2021/10/27;0300 UTC;;;;;;;;;;;;;;;;;;
2021/10/27;0400 UTC;;;;;;;;;;;;;;;;;;
2021/10/27;0500 UTC;;;;;;;;;;;;;;;;;;
2021/10/27;0600 UTC;;;;;;;;;;;;;;;;;;
2021/10/27;0700 UTC;;;;;;;;;;;;;;;;;;
2021/10/27;0800 UTC;;;;;;;;;;;;;;;;;;
2021/10/27;0900 UTC;;;;;;;;;;;;;;;;;;
2021/10/27;1000 UTC;;;;;;;;;;;;;;;;;;
2021/10/27;1100 UTC;;;;;;;;;;;;;;;;;;
2021/10/27;1200 UTC;;;;;;;;;;;;;;;;;;
2021/10/27;1300 UTC;;;;;;;;;;;;;;;;;;
2021/10/27;1400 UTC;;;;;;;;;;;;;;;;;;
2021/10/27;1500 UTC;;;;;;;;;;;;;;;;;;
2021/10/27;1600 UTC;;;;;;;;;;;;;;;;;;
2021/10/27;1700 UTC;;;;;;;;;;;;;;;;;;
2021/10/27;1800 UTC;;;;;;;;;;;;;;;;;;
2021/10/27;1900 UTC;;;;;;;;;;;;;;;;;;
2021/10/27;2000 UTC;;;;;;;;;;;;;;;;;;
2021/10/27;2100 UTC;;;;;;;;;;;;;;;;;;
2021/10/27;2200 UTC;;;;;;;;;;;;;;;;;;
2021/10/27;2300 UTC;;;;;;;;;;;;;;;;;;
2021/10/28;0000 UTC;;;;;;;;;;;;;;;;;;
2021/10/28;0100 UTC;;;;;;;;;;;;;;;;;;
2021/10/28;0200 UTC;;;;;;;;;;;;;;;;;;
2021/10/28;0300 UTC;;;;;;;;;;;;;;;;;;
2021/10/28;0400 UTC;;;;;;;;;;;;;;;;;;
2021/10/28;0500 UTC;;;;;;;;;;;;;;;;;;
2021/10/28;0600 UTC;;;;;;;;;;;;;;;;;;
2021/10/28;0700 UTC;;;;;;;;;;;;;;;;;;
2021/10/28;0800 UTC;;;;;;;;;;;;;;;;;;
2021/10/28;0900 UTC;;;;;;;;;;;;;;;;;;
2021/10/28;1000 UTC;;;;;;;;;;;;;;;;;;
2021/10/28;1100 UTC;;;;;;;;;;;;;;;;;;
2021/10/28;1200 UTC;;;;;;;;;;;;;;;;;;
2021/10/28;1300 UTC;;;;;;;;;;;;;;;;;;
2021/10/28;1400 UTC;;;;;;;;;;;;;;;;;;
2021/10/28;1500 UTC;;;;;;;;;;;;;;;;;;
2021/10/28;1600 UTC;;;;;;;;;;;;;;;;;;
2021/10/28;1700 UTC;;;;;;;;;;;;;;;;;;
2021/10/28;1800 UTC;;;;;;;;;;;;;;;;;;
2021/10/28;1900 UTC;;;;;;;;;;;;;;;;;;
2021/10/28;2000 UTC;;;;;;;;;;;;;;;;;;
2021/10/28;2100 UTC;;;;;;;;;;;;;;;;;;
2021/10/28;2200 UTC;;;;;;;;;;;;;;;;;;
2021/10/28;2300 UTC;;;;;;;;;;;;;;;;;;
2021/10/29;0000 UTC;;;;;;;;;;;;;;;;;;
2021/10/29;0100 UTC;;;;;;;;;;;;;;;;;;
2021/10/29;0200 UTC;;;;;;;;;;;;;;;;;;
2021/10/29;0300 UTC;;;;;;;;;;;;;;;;;;
2021/10/29;0400 UTC;;;;;;;;;;;;;;;;;;
2021/10/29;0500 UTC;;;;;;;;;;;;;;;;;;
2021/10/29;0600 UTC;;;;;;;;;;;;;;;;;;
2021/10/29;0700 UTC;;;;;;;;;;;;;;;;;;
2021/10/29;0800 UTC;;;;;;;;;;;;;;;;;;
2021/10/29;0900 UTC;;;;;;;;;;;;;;;;;;
2021/10/29;1000 UTC;;;;;;;;;;;;;;;;;;
2021/10/29;1100 UTC;;;;;;;;;;;;;;;;;;
2021/10/29;1200 UTC;;;;;;;;;;;;;;;;;;
2021/10/29;1300 UTC;;;;;;;;;;;;;;;;;;
2021/10/29;1400 UTC;;;;;;;;;;;;;;;;;;
2021/10/29;1500 UTC;;;;;;;;;;;;;;;;;;
2021/10/29;1600 UTC;;;;;;;;;;;;;;;;;;
2021/10/29;1700 UTC;;;;;;;;;;;;;;;;;;
2021/10/29;1800 UTC;;;;;;;;;;;;;;;;;;
2021/10/29;1900 UTC;;;;;;;;;;;;;;;;;;
2021/10/29;2000 UTC;;;;;;;;;;;;;;;;;;
2021/10/29;2100 UTC;;;;;;;;;;;;;;;;;;
2021/10/29;2200 UTC;;;;;;;;;;;;;;;;;;
2021/10/29;2300 UTC;;;;;;;;;;;;;;;;;;
2021/10/30;0000 UTC;;;;;;;;;;;;;;;;;;
2021/10/30;0100 UTC;;;;;;;;;;;;;;;;;;
2021/10/30;0200 UTC;;;;;;;;;;;;;;;;;;
2021/10/30;0300 UTC;;;;;;;;;;;;;;;;;;
2021/10/30;0400 UTC;;;;;;;;;;;;;;;;;;
2021/10/30;0500 UTC;;;;;;;;;;;;;;;;;;
2021/10/30;0600 UTC;;;;;;;;;;;;;;;;;;
2021/10/30;0700 UTC;;;;;;;;;;;;;;;;;;
2021/10/30;0800 UTC;;;;;;;;;;;;;;;;;;
2021/10/30;0900 UTC;;;;;;;;;;;;;;;;;;
2021/10/30;1000 UTC;;;;;;;;;;;;;;;;;;
2021/10/30;1100 UTC;;;;;;;;;;;;;;;;;;
2021/10/30;1200 UTC;;;;;;;;;;;;;;;;;;
2021/10/30;1300 UTC;;;;;;;;;;;;;;;;;;
2021/10/30;1400 UTC;;;;;;;;;;;;;;;;;;
2021/10/30;1500 UTC;;;;;;;;;;;;;;;;;;
2021/10/30;1600 UTC;;;;;;;;;;;;;;;;;;
2021/10/30;1700 UTC;;;;;;;;;;;;;;;;;;
2021/10/30;1800 UTC;;;;;;;;;;;;;;;;;;
2021/10/30;1900 UTC;;;;;;;;;;;;;;;;;;
2021/10/30;2000 UTC;;;;;;;;;;;;;;;;;;
2021/10/30;2100 UTC;;;;;;;;;;;;;;;;;;
2021/10/30;2200 UTC;;;;;;;;;;;;;;;;;;
2021/10/30;2300 UTC;;;;;;;;;;;;;;;;;;
2021/10/31;0000 UTC;;;;;;;;;;;;;;;;;;
2021/10/31;0100 UTC;;;;;;;;;;;;;;;;;;
2021/10/31;0200 UTC;;;;;;;;;;;;;;;;;;
2021/10/31;0300 UTC;;;;;;;;;;;;;;;;;;
2021/10/31;0400 UTC;;;;;;;;;;;;;;;;;;
2021/10/31;0500 UTC;;;;;;;;;;;;;;;;;;
2021/10/31;0600 UTC;;;;;;;;;;;;;;;;;;
2021/10/31;0700 UTC;;;;;;;;;;;;;;;;;;
2021/10/31;0800 UTC;;;;;;;;;;;;;;;;;;
2021/10/31;0900 UTC;;;;;;;;;;;;;;;;;;
2021/10/31;1000 UTC;;;;;;;;;;;;;;;;;;
2021/10/31;1100 UTC;;;;;;;;;;;;;;;;;;
2021/10/31;1200 UTC;;;;;;;;;;;;;;;;;;
2021/10/31;1300 UTC;;;;;;;;;;;;;;;;;;
2021/10/31;1400 UTC;;;;;;;;;;;;;;;;;;
2021/10/31;1500 UTC;;;;;;;;;;;;;;;;;;
2021/10/31;1600 UTC;;;;;;;;;;;;;;;;;;
2021/10/31;1700 UTC;;;;;;;;;;;;;;;;;;
2021/10/31;1800 UTC;;;;;;;;;;;;;;;;;;
2021/10/31;1900 UTC;;;;;;;;;;;;;;;;;;
2021/10/31;2000 UTC;;;;;;;;;;;;;;;;;;
2021/10/31;2100 UTC;;;;;;;;;;;;;;;;;;
2021/10/31;2200 UTC;;;;;;;;;;;;;;;;;;
2021/10/31;2300 UTC;;;;;;;;;;;;;;;;;;
2021/11/01;0000 UTC;;;;;;;;;;;;;;;;;;
2021/11/01;0100 UTC;;;;;;;;;;;;;;;;;;
2021/11/01;0200 UTC;;;;;;;;;;;;;;;;;;
2021/11/01;0300 UTC;;;;;;;;;;;;;;;;;;
2021/11/01;0400 UTC;;;;;;;;;;;;;;;;;;
2021/11/01;0500 UTC;;;;;;;;;;;;;;;;;;
2021/11/01;0600 UTC;;;;;;;;;;;;;;;;;;
2021/11/01;0700 UTC;;;;;;;;;;;;;;;;;;
2021/11/01;0800 UTC;;;;;;;;;;;;;;;;;;
2021/11/01;0900 UTC;;;;;;;;;;;;;;;;;;
2021/11/01;1000 UTC;;;;;;;;;;;;;;;;;;
2021/11/01;1100 UTC;;;;;;;;;;;;;;;;;;
2021/11/01;1200 UTC;;;;;;;;;;;;;;;;;;
2021/11/01;1300 UTC;;;;;;;;;;;;;;;;;;
2021/11/01;1400 UTC;;;;;;;;;;;;;;;;;;
2021/11/01;1500 UTC;;;;;;;;;;;;;;;;;;
2021/11/01;1600 UTC;;;;;;;;;;;;;;;;;;
2021/11/01;1700 UTC;;;;;;;;;;;;;;;;;;
2021/11/01;1800 UTC;;;;;;;;;;;;;;;;;;
2021/11/01;1900 UTC;;;;;;;;;;;;;;;;;;
2021/11/01;2000 UTC;;;;;;;;;;;;;;;;;;
2021/11/01;2100 UTC;;;;;;;;;;;;;;;;;;
2021/11/01;2200 UTC;;;;;;;;;;;;;;;;;;
2021/11/01;2300 UTC;;;;;;;;;;;;;;;;;;
2021/11/02;0000 UTC;;;;;;;;;;;;;;;;;;
2021/11/02;0100 UTC;;;;;;;;;;;;;;;;;;
2021/11/02;0200 UTC;;;;;;;;;;;;;;;;;;
2021/11/02;0300 UTC;;;;;;;;;;;;;;;;;;
2021/11/02;0400 UTC;;;;;;;;;;;;;;;;;;
2021/11/02;0500 UTC;;;;;;;;;;;;;;;;;;
2021/11/02;0600 UTC;;;;;;;;;;;;;;;;;;
2021/11/02;0700 UTC;;;;;;;;;;;;;;;;;;
2021/11/02;0800 UTC;;;;;;;;;;;;;;;;;;
2021/11/02;0900 UTC;;;;;;;;;;;;;;;;;;
2021/11/02;1000 UTC;;;;;;;;;;;;;;;;;;
2021/11/02;1100 UTC;;;;;;;;;;;;;;;;;;
2021/11/02;1200 UTC;;;;;;;;;;;;;;;;;;
2021/11/02;1300 UTC;;;;;;;;;;;;;;;;;;
2021/11/02;1400 UTC;;;;;;;;;;;;;;;;;;
2021/11/02;1500 UTC;;;;;;;;;;;;;;;;;;
2021/11/02;1600 UTC;;;;;;;;;;;;;;;;;;
2021/11/02;1700 UTC;;;;;;;;;;;;;;;;;;
2021/11/02;1800 UTC;;;;;;;;;;;;;;;;;;
2021/11/02;1900 UTC;;;;;;;;;;;;;;;;;;
2021/11/02;2000 UTC;;;;;;;;;;;;;;;;;;
2021/11/02;2100 UTC;;;;;;;;;;;;;;;;;;
2021/11/02;2200 UTC;;;;;;;;;;;;;;;;;;
2021/11/02;2300 UTC;;;;;;;;;;;;;;;;;;
2021/11/03;0000 UTC;;;;;;;;;;;;;;;;;;
2021/11/03;0100 UTC;;;;;;;;;;;;;;;;;;
2021/11/03;0200 UTC;;;;;;;;;;;;;;;;;;
2021/11/03;0300 UTC;;;;;;;;;;;;;;;;;;
2021/11/03;0400 UTC;;;;;;;;;;;;;;;;;;
2021/11/03;0500 UTC;;;;;;;;;;;;;;;;;;
2021/11/03;0600 UTC;;;;;;;;;;;;;;;;;;
2021/11/03;0700 UTC;;;;;;;;;;;;;;;;;;
2021/11/03;0800 UTC;;;;;;;;;;;;;;;;;;
2021/11/03;0900 UTC;;;;;;;;;;;;;;;;;;
2021/11/03;1000 UTC;;;;;;;;;;;;;;;;;;
2021/11/03;1100 UTC;;;;;;;;;;;;;;;;;;
2021/11/03;1200 UTC;;;;;;;;;;;;;;;;;;
2021/11/03;1300 UTC;;;;;;;;;;;;;;;;;;
2021/11/03;1400 UTC;;;;;;;;;;;;;;;;;;
2021/11/03;1500 UTC;;;;;;;;;;;;;;;;;;
2021/11/03;1600 UTC;;;;;;;;;;;;;;;;;;
2021/11/03;1700 UTC;;;;;;;;;;;;;;;;;;
2021/11/03;1800 UTC;;;;;;;;;;;;;;;;;;
2021/11/03;1900 UTC;;;;;;;;;;;;;;;;;;
2021/11/03;2000 UTC;;;;;;;;;;;;;;;;;;
2021/11/03;2100 UTC;;;;;;;;;;;;;;;;;;
2021/11/03;2200 UTC;;;;;;;;;;;;;;;;;;
2021/11/03;2300 UTC;;;;;;;;;;;;;;;;;;
2021/11/04;0000 UTC;;;;;;;;;;;;;;;;;;
2021/11/04;0100 UTC;;;;;;;;;;;;;;;;;;
2021/11/04;0200 UTC;;;;;;;;;;;;;;;;;;
2021/11/04;0300 UTC;;;;;;;;;;;;;;;;;;
2021/11/04;0400 UTC;;;;;;;;;;;;;;;;;;
2021/11/04;0500 UTC;;;;;;;;;;;;;;;;;;
2021/11/04;0600 UTC;;;;;;;;;;;;;;;;;;
2021/11/04;0700 UTC;;;;;;;;;;;;;;;;;;
2021/11/04;0800 UTC;;;;;;;;;;;;;;;;;;
2021/11/04;0900 UTC;;;;;;;;;;;;;;;;;;
2021/11/04;1000 UTC;;;;;;;;;;;;;;;;;;
2021/11/04;1100 UTC;;;;;;;;;;;;;;;;;;
2021/11/04;1200 UTC;;;;;;;;;;;;;;;;;;
2021/11/04;1300 UTC;;;;;;;;;;;;;;;;;;
2021/11/04;1400 UTC;;;;;;;;;;;;;;;;;;
2021/11/04;1500 UTC;;;;;;;;;;;;;;;;;;
2021/11/04;1600 UTC;;;;;;;;;;;;;;;;;;
2021/11/04;1700 UTC;;;;;;;;;;;;;;;;;;
2021/11/04;1800 UTC;;;;;;;;;;;;;;;;;;
2021/11/04;1900 UTC;;;;;;;;;;;;;;;;;;
2021/11/04;2000 UTC;;;;;;;;;;;;;;;;;;
2021/11/04;2100 UTC;;;;;;;;;;;;;;;;;;
2021/11/04;2200 UTC;;;;;;;;;;;;;;;;;;
2021/11/04;2300 UTC;;;;;;;;;;;;;;;;;;
2021/11/05;0000 UTC;;;;;;;;;;;;;;;;;;
2021/11/05;0100 UTC;;;;;;;;;;;;;;;;;;
2021/11/05;0200 UTC;;;;;;;;;;;;;;;;;;
2021/11/05;0300 UTC;;;;;;;;;;;;;;;;;;
2021/11/05;0400 UTC;;;;;;;;;;;;;;;;;;
2021/11/05;0500 UTC;;;;;;;;;;;;;;;;;;
2021/11/05;0600 UTC;;;;;;;;;;;;;;;;;;
2021/11/05;0700 UTC;;;;;;;;;;;;;;;;;;
2021/11/05;0800 UTC;;;;;;;;;;;;;;;;;;
2021/11/05;0900 UTC;;;;;;;;;;;;;;;;;;
2021/11/05;1000 UTC;;;;;;;;;;;;;;;;;;
2021/11/05;1100 UTC;;;;;;;;;;;;;;;;;;
2021/11/05;1200 UTC;;;;;;;;;;;;;;;;;;
2021/11/05;1300 UTC;;;;;;;;;;;;;;;;;;
2021/11/05;1400 UTC;;;;;;;;;;;;;;;;;;
2021/11/05;1500 UTC;;;;;;;;;;;;;;;;;;
2021/11/05;1600 UTC;;;;;;;;;;;;;;;;;;
2021/11/05;1700 UTC;;;;;;;;;;;;;;;;;;
2021/11/05;1800 UTC;;;;;;;;;;;;;;;;;;
2021/11/05;1900 UTC;;;;;;;;;;;;;;;;;;
2021/11/05;2000 UTC;;;;;;;;;;;;;;;;;;
2021/11/05;2100 UTC;;;;;;;;;;;;;;;;;;
2021/11/05;2200 UTC;;;;;;;;;;;;;;;;;;
2021/11/05;2300 UTC;;;;;;;;;;;;;;;;;;
2021/11/06;0000 UTC;;;;;;;;;;;;;;;;;;
2021/11/06;0100 UTC;;;;;;;;;;;;;;;;;;
2021/11/06;0200 UTC;;;;;;;;;;;;;;;;;;
2021/11/06;0300 UTC;;;;;;;;;;;;;;;;;;
2021/11/06;0400 UTC;;;;;;;;;;;;;;;;;;
2021/11/06;0500 UTC;;;;;;;;;;;;;;;;;;
2021/11/06;0600 UTC;;;;;;;;;;;;;;;;;;
2021/11/06;0700 UTC;;;;;;;;;;;;;;;;;;
2021/11/06;0800 UTC;;;;;;;;;;;;;;;;;;
2021/11/06;0900 UTC;;;;;;;;;;;;;;;;;;
2021/11/06;1000 UTC;;;;;;;;;;;;;;;;;;
2021/11/06;1100 UTC;;;;;;;;;;;;;;;;;;
2021/11/06;1200 UTC;;;;;;;;;;;;;;;;;;
2021/11/06;1300 UTC;;;;;;;;;;;;;;;;;;
2021/11/06;1400 UTC;;;;;;;;;;;;;;;;;;
2021/11/06;1500 UTC;;;;;;;;;;;;;;;;;;
2021/11/06;1600 UTC;;;;;;;;;;;;;;;;;;
2021/11/06;1700 UTC;;;;;;;;;;;;;;;;;;
2021/11/06;1800 UTC;;;;;;;;;;;;;;;;;;
2021/11/06;1900 UTC;;;;;;;;;;;;;;;;;;
2021/11/06;2000 UTC;;;;;;;;;;;;;;;;;;
2021/11/06;2100 UTC;;;;;;;;;;;;;;;;;;
2021/11/06;2200 UTC;;;;;;;;;;;;;;;;;;
2021/11/06;2300 UTC;;;;;;;;;;;;;;;;;;
2021/11/07;0000 UTC;;;;;;;;;;;;;;;;;;
2021/11/07;0100 UTC;;;;;;;;;;;;;;;;;;
2021/11/07;0200 UTC;;;;;;;;;;;;;;;;;;
2021/11/07;0300 UTC;;;;;;;;;;;;;;;;;;
2021/11/07;0400 UTC;;;;;;;;;;;;;;;;;;
2021/11/07;0500 UTC;;;;;;;;;;;;;;;;;;
2021/11/07;0600 UTC;;;;;;;;;;;;;;;;;;
2021/11/07;0700 UTC;;;;;;;;;;;;;;;;;;
2021/11/07;0800 UTC;;;;;;;;;;;;;;;;;;
2021/11/07;0900 UTC;;;;;;;;;;;;;;;;;;
2021/11/07;1000 UTC;;;;;;;;;;;;;;;;;;
2021/11/07;1100 UTC;;;;;;;;;;;;;;;;;;
2021/11/07;1200 UTC;;;;;;;;;;;;;;;;;;
2021/11/07;1300 UTC;;;;;;;;;;;;;;;;;;
2021/11/07;1400 UTC;;;;;;;;;;;;;;;;;;
2021/11/07;1500 UTC;;;;;;;;;;;;;;;;;;
2021/11/07;1600 UTC;;;;;;;;;;;;;;;;;;
2021/11/07;1700 UTC;;;;;;;;;;;;;;;;;;
2021/11/07;1800 UTC;;;;;;;;;;;;;;;;;;
2021/11/07;1900 UTC;;;;;;;;;;;;;;;;;;
2021/11/07;2000 UTC;;;;;;;;;;;;;;;;;;
2021/11/07;2100 UTC;;;;;;;;;;;;;;;;;;
2021/11/07;2200 UTC;;;;;;;;;;;;;;;;;;
2021/11/07;2300 UTC;;;;;;;;;;;;;;;;;;
2021/11/08;0000 UTC;;;;;;;;;;;;;;;;;;
2021/11/08;0100 UTC;;;;;;;;;;;;;;;;;;
2021/11/08;0200 UTC;;;;;;;;;;;;;;;;;;
2021/11/08;0300 UTC;;;;;;;;;;;;;;;;;;
2021/11/08;0400 UTC;;;;;;;;;;;;;;;;;;
2021/11/08;0500 UTC;;;;;;;;;;;;;;;;;;
2021/11/08;0600 UTC;;;;;;;;;;;;;;;;;;
2021/11/08;0700 UTC;;;;;;;;;;;;;;;;;;
2021/11/08;0800 UTC;;;;;;;;;;;;;;;;;;
2021/11/08;0900 UTC;;;;;;;;;;;;;;;;;;
2021/11/08;1000 UTC;;;;;;;;;;;;;;;;;;
2021/11/08;1100 UTC;;;;;;;;;;;;;;;;;;
2021/11/08;1200 UTC;;;;;;;;;;;;;;;;;;
2021/11/08;1300 UTC;;;;;;;;;;;;;;;;;;
2021/11/08;1400 UTC;;;;;;;;;;;;;;;;;;
2021/11/08;1500 UTC;;;;;;;;;;;;;;;;;;
2021/11/08;1600 UTC;;;;;;;;;;;;;;;;;;
2021/11/08;1700 UTC;;;;;;;;;;;;;;;;;;
2021/11/08;1800 UTC;;;;;;;;;;;;;;;;;;
2021/11/08;1900 UTC;;;;;;;;;;;;;;;;;;
2021/11/08;2000 UTC;;;;;;;;;;;;;;;;;;
2021/11/08;2100 UTC;;;;;;;;;;;;;;;;;;
2021/11/08;2200 UTC;;;;;;;;;;;;;;;;;;
2021/11/08;2300 UTC;;;;;;;;;;;;;;;;;;
2021/11/09;0000 UTC;;;;;;;;;;;;;;;;;;
2021/11/09;0100 UTC;;;;;;;;;;;;;;;;;;
2021/11/09;0200 UTC;;;;;;;;;;;;;;;;;;
2021/11/09;0300 UTC;;;;;;;;;;;;;;;;;;
2021/11/09;0400 UTC;;;;;;;;;;;;;;;;;;
2021/11/09;0500 UTC;;;;;;;;;;;;;;;;;;
2021/11/09;0600 UTC;;;;;;;;;;;;;;;;;;
2021/11/09;0700 UTC;;;;;;;;;;;;;;;;;;
2021/11/09;0800 UTC;;;;;;;;;;;;;;;;;;
2021/11/09;0900 UTC;;;;;;;;;;;;;;;;;;
2021/11/09;1000 UTC;;;;;;;;;;;;;;;;;;
2021/11/09;1100 UTC;;;;;;;;;;;;;;;;;;
2021/11/09;1200 UTC;;;;;;;;;;;;;;;;;;
2021/11/09;1300 UTC;;;;;;;;;;;;;;;;;;
2021/11/09;1400 UTC;;;;;;;;;;;;;;;;;;
2021/11/09;1500 UTC;;;;;;;;;;;;;;;;;;
2021/11/09;1600 UTC;;;;;;;;;;;;;;;;;;
2021/11/09;1700 UTC;;;;;;;;;;;;;;;;;;
2021/11/09;1800 UTC;;;;;;;;;;;;;;;;;;
2021/11/09;1900 UTC;;;;;;;;;;;;;;;;;;
2021/11/09;2000 UTC;;;;;;;;;;;;;;;;;;
2021/11/09;2100 UTC;;;;;;;;;;;;;;;;;;
2021/11/09;2200 UTC;;;;;;;;;;;;;;;;;;
2021/11/09;2300 UTC;;;;;;;;;;;;;;;;;;
2021/11/10;0000 UTC;;;;;;;;;;;;;;;;;;
2021/11/10;0100 UTC;;;;;;;;;;;;;;;;;;
2021/11/10;0200 UTC;;;;;;;;;;;;;;;;;;
2021/11/10;0300 UTC;;;;;;;;;;;;;;;;;;
2021/11/10;0400 UTC;;;;;;;;;;;;;;;;;;
2021/11/10;0500 UTC;;;;;;;;;;;;;;;;;;
2021/11/10;0600 UTC;;;;;;;;;;;;;;;;;;
2021/11/10;0700 UTC;;;;;;;;;;;;;;;;;;
2021/11/10;0800 UTC;;;;;;;;;;;;;;;;;;
2021/11/10;0900 UTC;;;;;;;;;;;;;;;;;;
2021/11/10;1000 UTC;;;;;;;;;;;;;;;;;;
2021/11/10;1100 UTC;;;;;;;;;;;;;;;;;;
2021/11/10;1200 UTC;;;;;;;;;;;;;;;;;;
2021/11/10;1300 UTC;;;;;;;;;;;;;;;;;;
2021/11/10;1400 UTC;;;;;;;;;;;;;;;;;;
2021/11/10;1500 UTC;;;;;;;;;;;;;;;;;;
2021/11/10;1600 UTC;;;;;;;;;;;;;;;;;;
2021/11/10;1700 UTC;;;;;;;;;;;;;;;;;;
2021/11/10;1800 UTC;;;;;;;;;;;;;;;;;;
2021/11/10;1900 UTC;;;;;;;;;;;;;;;;;;
2021/11/10;2000 UTC;;;;;;;;;;;;;;;;;;
2021/11/10;2100 UTC;;;;;;;;;;;;;;;;;;
2021/11/10;2200 UTC;;;;;;;;;;;;;;;;;;
2021/11/10;2300 UTC;;;;;;;;;;;;;;;;;;
2021/11/11;0000 UTC;;;;;;;;;;;;;;;;;;
2021/11/11;0100 UTC;;;;;;;;;;;;;;;;;;
2021/11/11;0200 UTC;;;;;;;;;;;;;;;;;;
2021/11/11;0300 UTC;;;;;;;;;;;;;;;;;;
2021/11/11;0400 UTC;;;;;;;;;;;;;;;;;;
2021/11/11;0500 UTC;;;;;;;;;;;;;;;;;;
2021/11/11;0600 UTC;;;;;;;;;;;;;;;;;;
2021/11/11;0700 UTC;;;;;;;;;;;;;;;;;;
2021/11/11;0800 UTC;;;;;;;;;;;;;;;;;;
2021/11/11;0900 UTC;;;;;;;;;;;;;;;;;;
2021/11/11;1000 UTC;;;;;;;;;;;;;;;;;;
2021/11/11;1100 UTC;;;;;;;;;;;;;;;;;;
2021/11/11;1200 UTC;;;;;;;;;;;;;;;;;;
2021/11/11;1300 UTC;;;;;;;;;;;;;;;;;;
2021/11/11;1400 UTC;;;;;;;;;;;;;;;;;;
2021/11/11;1500 UTC;;;;;;;;;;;;;;;;;;
2021/11/11;1600 UTC;;;;;;;;;;;;;;;;;;
2021/11/11;1700 UTC;;;;;;;;;;;;;;;;;;
2021/11/11;1800 UTC;;;;;;;;;;;;;;;;;;
2021/11/11;1900 UTC;;;;;;;;;;;;;;;;;;
2021/11/11;2000 UTC;;;;;;;;;;;;;;;;;;
2021/11/11;2100 UTC;;;;;;;;;;;;;;;;;;
2021/11/11;2200 UTC;;;;;;;;;;;;;;;;;;
2021/11/11;2300 UTC;;;;;;;;;;;;;;;;;;
2021/11/12;0000 UTC;;;;;;;;;;;;;;;;;;
2021/11/12;0100 UTC;;;;;;;;;;;;;;;;;;
2021/11/12;0200 UTC;;;;;;;;;;;;;;;;;;
2021/11/12;0300 UTC;;;;;;;;;;;;;;;;;;
2021/11/12;0400 UTC;;;;;;;;;;;;;;;;;;
2021/11/12;0500 UTC;;;;;;;;;;;;;;;;;;
2021/11/12;0600 UTC;;;;;;;;;;;;;;;;;;
2021/11/12;0700 UTC;;;;;;;;;;;;;;;;;;
2021/11/12;0800 UTC;;;;;;;;;;;;;;;;;;
2021/11/12;0900 UTC;;;;;;;;;;;;;;;;;;
2021/11/12;1000 UTC;;;;;;;;;;;;;;;;;;
2021/11/12;1100 UTC;;;;;;;;;;;;;;;;;;
2021/11/12;1200 UTC;;;;;;;;;;;;;;;;;;
2021/11/12;1300 UTC;;;;;;;;;;;;;;;;;;
2021/11/12;1400 UTC;;;;;;;;;;;;;;;;;;
2021/11/12;1500 UTC;;;;;;;;;;;;;;;;;;
2021/11/12;1600 UTC;;;;;;;;;;;;;;;;;;
2021/11/12;1700 UTC;;;;;;;;;;;;;;;;;;
2021/11/12;1800 UTC;;;;;;;;;;;;;;;;;;
2021/11/12;1900 UTC;;;;;;;;;;;;;;;;;;
2021/11/12;2000 UTC;;;;;;;;;;;;;;;;;;
2021/11/12;2100 UTC;;;;;;;;;;;;;;;;;;
2021/11/12;2200 UTC;;;;;;;;;;;;;;;;;;
2021/11/12;2300 UTC;;;;;;;;;;;;;;;;;;
2021/11/13;0000 UTC;;;;;;;;;;;;;;;;;;
2021/11/13;0100 UTC;;;;;;;;;;;;;;;;;;
2021/11/13;0200 UTC;;;;;;;;;;;;;;;;;;
2021/11/13;0300 UTC;;;;;;;;;;;;;;;;;;
2021/11/13;0400 UTC;;;;;;;;;;;;;;;;;;
2021/11/13;0500 UTC;;;;;;;;;;;;;;;;;;
2021/11/13;0600 UTC;;;;;;;;;;;;;;;;;;
2021/11/13;0700 UTC;;;;;;;;;;;;;;;;;;
2021/11/13;0800 UTC;;;;;;;;;;;;;;;;;;
2021/11/13;0900 UTC;;;;;;;;;;;;;;;;;;
2021/11/13;1000 UTC;;;;;;;;;;;;;;;;;;
2021/11/13;1100 UTC;;;;;;;;;;;;;;;;;;
2021/11/13;1200 UTC;;;;;;;;;;;;;;;;;;
2021/11/13;1300 UTC;;;;;;;;;;;;;;;;;;
2021/11/13;1400 UTC;;;;;;;;;;;;;;;;;;
2021/11/13;1500 UTC;;;;;;;;;;;;;;;;;;
2021/11/13;1600 UTC;;;;;;;;;;;;;;;;;;
2021/11/13;1700 UTC;;;;;;;;;;;;;;;;;;
2021/11/13;1800 UTC;;;;;;;;;;;;;;;;;;
2021/11/13;1900 UTC;;;;;;;;;;;;;;;;;;
2021/11/13;2000 UTC;;;;;;;;;;;;;;;;;;
2021/11/13;2100 UTC;;;;;;;;;;;;;;;;;;
2021/11/13;2200 UTC;;;;;;;;;;;;;;;;;;
2021/11/13;2300 UTC;;;;;;;;;;;;;;;;;;
2021/11/14;0000 UTC;;;;;;;;;;;;;;;;;;
2021/11/14;0100 UTC;;;;;;;;;;;;;;;;;;
2021/11/14;0200 UTC;;;;;;;;;;;;;;;;;;
2021/11/14;0300 UTC;;;;;;;;;;;;;;;;;;
2021/11/14;0400 UTC;;;;;;;;;;;;;;;;;;
2021/11/14;0500 UTC;;;;;;;;;;;;;;;;;;
2021/11/14;0600 UTC;;;;;;;;;;;;;;;;;;
2021/11/14;0700 UTC;;;;;;;;;;;;;;;;;;
2021/11/14;0800 UTC;;;;;;;;;;;;;;;;;;
2021/11/14;0900 UTC;;;;;;;;;;;;;;;;;;
2021/11/14;1000 UTC;;;;;;;;;;;;;;;;;;
2021/11/14;1100 UTC;;;;;;;;;;;;;;;;;;
2021/11/14;1200 UTC;;;;;;;;;;;;;;;;;;
2021/11/14;1300 UTC;;;;;;;;;;;;;;;;;;
2021/11/14;1400 UTC;;;;;;;;;;;;;;;;;;
2021/11/14;1500 UTC;;;;;;;;;;;;;;;;;;
2021/11/14;1600 UTC;;;;;;;;;;;;;;;;;;
2021/11/14;1700 UTC;;;;;;;;;;;;;;;;;;
2021/11/14;1800 UTC;;;;;;;;;;;;;;;;;;
2021/11/14;1900 UTC;;;;;;;;;;;;;;;;;;
2021/11/14;2000 UTC;;;;;;;;;;;;;;;;;;
2021/11/14;2100 UTC;;;;;;;;;;;;;;;;;;
2021/11/14;2200 UTC;;;;;;;;;;;;;;;;;;
2021/11/14;2300 UTC;;;;;;;;;;;;;;;;;;
2021/11/15;0000 UTC;;;;;;;;;;;;;;;;;;
2021/11/15;0100 UTC;;;;;;;;;;;;;;;;;;
2021/11/15;0200 UTC;;;;;;;;;;;;;;;;;;
2021/11/15;0300 UTC;;;;;;;;;;;;;;;;;;
2021/11/15;0400 UTC;;;;;;;;;;;;;;;;;;
2021/11/15;0500 UTC;;;;;;;;;;;;;;;;;;
2021/11/15;0600 UTC;;;;;;;;;;;;;;;;;;
2021/11/15;0700 UTC;;;;;;;;;;;;;;;;;;
2021/11/15;0800 UTC;;;;;;;;;;;;;;;;;;
2021/11/15;0900 UTC;;;;;;;;;;;;;;;;;;
2021/11/15;1000 UTC;;;;;;;;;;;;;;;;;;
2021/11/15;1100 UTC;;;;;;;;;;;;;;;;;;
2021/11/15;1200 UTC;;;;;;;;;;;;;;;;;;
2021/11/15;1300 UTC;;;;;;;;;;;;;;;;;;
2021/11/15;1400 UTC;;;;;;;;;;;;;;;;;;
2021/11/15;1500 UTC;;;;;;;;;;;;;;;;;;
2021/11/15;1600 UTC;;;;;;;;;;;;;;;;;;
2021/11/15;1700 UTC;;;;;;;;;;;;;;;;;;
2021/11/15;1800 UTC;;;;;;;;;;;;;;;;;;
2021/11/15;1900 UTC;;;;;;;;;;;;;;;;;;
2021/11/15;2000 UTC;;;;;;;;;;;;;;;;;;
2021/11/15;2100 UTC;;;;;;;;;;;;;;;;;;
2021/11/15;2200 UTC;;;;;;;;;;;;;;;;;;
2021/11/15;2300 UTC;;;;;;;;;;;;;;;;;;
2021/11/16;0000 UTC;;;;;;;;;;;;;;;;;;
2021/11/16;0100 UTC;;;;;;;;;;;;;;;;;;
2021/11/16;0200 UTC;;;;;;;;;;;;;;;;;;
2021/11/16;0300 UTC;;;;;;;;;;;;;;;;;;
2021/11/16;0400 UTC;;;;;;;;;;;;;;;;;;
2021/11/16;0500 UTC;;;;;;;;;;;;;;;;;;
2021/11/16;0600 UTC;;;;;;;;;;;;;;;;;;
2021/11/16;0700 UTC;;;;;;;;;;;;;;;;;;
2021/11/16;0800 UTC;;;;;;;;;;;;;;;;;;
2021/11/16;0900 UTC;;;;;;;;;;;;;;;;;;
2021/11/16;1000 UTC;;;;;;;;;;;;;;;;;;
2021/11/16;1100 UTC;;;;;;;;;;;;;;;;;;
2021/11/16;1200 UTC;;;;;;;;;;;;;;;;;;
2021/11/16;1300 UTC;;;;;;;;;;;;;;;;;;
2021/11/16;1400 UTC;;;;;;;;;;;;;;;;;;
2021/11/16;1500 UTC;;;;;;;;;;;;;;;;;;
2021/11/16;1600 UTC;;;;;;;;;;;;;;;;;;
2021/11/16;1700 UTC;;;;;;;;;;;;;;;;;;
2021/11/16;1800 UTC;;;;;;;;;;;;;;;;;;
2021/11/16;1900 UTC;;;;;;;;;;;;;;;;;;
2021/11/16;2000 UTC;;;;;;;;;;;;;;;;;;
2021/11/16;2100 UTC;;;;;;;;;;;;;;;;;;
2021/11/16;2200 UTC;;;;;;;;;;;;;;;;;;
2021/11/16;2300 UTC;;;;;;;;;;;;;;;;;;
2021/11/17;0000 UTC;;;;;;;;;;;;;;;;;;
2021/11/17;0100 UTC;;;;;;;;;;;;;;;;;;
2021/11/17;0200 UTC;;;;;;;;;;;;;;;;;;
2021/11/17;0300 UTC;;;;;;;;;;;;;;;;;;
2021/11/17;0400 UTC;;;;;;;;;;;;;;;;;;
2021/11/17;0500 UTC;;;;;;;;;;;;;;;;;;
2021/11/17;0600 UTC;;;;;;;;;;;;;;;;;;
2021/11/17;0700 UTC;;;;;;;;;;;;;;;;;;
2021/11/17;0800 UTC;;;;;;;;;;;;;;;;;;
2021/11/17;0900 UTC;;;;;;;;;;;;;;;;;;
2021/11/17;1000 UTC;;;;;;;;;;;;;;;;;;
2021/11/17;1100 UTC;;;;;;;;;;;;;;;;;;
2021/11/17;1200 UTC;;;;;;;;;;;;;;;;;;
2021/11/17;1300 UTC;;;;;;;;;;;;;;;;;;
2021/11/17;1400 UTC;;;;;;;;;;;;;;;;;;
2021/11/17;1500 UTC;;;;;;;;;;;;;;;;;;
2021/11/17;1600 UTC;;;;;;;;;;;;;;;;;;
2021/11/17;1700 UTC;;;;;;;;;;;;;;;;;;
2021/11/17;1800 UTC;;;;;;;;;;;;;;;;;;
2021/11/17;1900 UTC;;;;;;;;;;;;;;;;;;
2021/11/17;2000 UTC;;;;;;;;;;;;;;;;;;
2021/11/17;2100 UTC;;;;;;;;;;;;;;;;;;
2021/11/17;2200 UTC;;;;;;;;;;;;;;;;;;
2021/11/17;2300 UTC;;;;;;;;;;;;;;;;;;
2021/11/18;0000 UTC;;;;;;;;;;;;;;;;;;
2021/11/18;0100 UTC;;;;;;;;;;;;;;;;;;
2021/11/18;0200 UTC;;;;;;;;;;;;;;;;;;
2021/11/18;0300 UTC;;;;;;;;;;;;;;;;;;
2021/11/18;0400 UTC;;;;;;;;;;;;;;;;;;
2021/11/18;0500 UTC;;;;;;;;;;;;;;;;;;
2021/11/18;0600 UTC;;;;;;;;;;;;;;;;;;
2021/11/18;0700 UTC;;;;;;;;;;;;;;;;;;
2021/11/18;0800 UTC;;;;;;;;;;;;;;;;;;
2021/11/18;0900 UTC;;;;;;;;;;;;;;;;;;
2021/11/18;1000 UTC;;;;;;;;;;;;;;;;;;
2021/11/18;1100 UTC;;;;;;;;;;;;;;;;;;
2021/11/18;1200 UTC;;;;;;;;;;;;;;;;;;
2021/11/18;1300 UTC;;;;;;;;;;;;;;;;;;
2021/11/18;1400 UTC;;;;;;;;;;;;;;;;;;
2021/11/18;1500 UTC;;;;;;;;;;;;;;;;;;
2021/11/18;1600 UTC;;;;;;;;;;;;;;;;;;
2021/11/18;1700 UTC;;;;;;;;;;;;;;;;;;
2021/11/18;1800 UTC;;;;;;;;;;;;;;;;;;
2021/11/18;1900 UTC;;;;;;;;;;;;;;;;;;
2021/11/18;2000 UTC;;;;;;;;;;;;;;;;;;
2021/11/18;2100 UTC;;;;;;;;;;;;;;;;;;
2021/11/18;2200 UTC;;;;;;;;;;;;;;;;;;
2021/11/18;2300 UTC;;;;;;;;;;;;;;;;;;
2021/11/19;0000 UTC;;;;;;;;;;;;;;;;;;
2021/11/19;0100 UTC;;;;;;;;;;;;;;;;;;
2021/11/19;0200 UTC;;;;;;;;;;;;;;;;;;
2021/11/19;0300 UTC;;;;;;;;;;;;;;;;;;
2021/11/19;0400 UTC;;;;;;;;;;;;;;;;;;
2021/11/19;0500 UTC;;;;;;;;;;;;;;;;;;
2021/11/19;0600 UTC;;;;;;;;;;;;;;;;;;
2021/11/19;0700 UTC;;;;;;;;;;;;;;;;;;
2021/11/19;0800 UTC;;;;;;;;;;;;;;;;;;
2021/11/19;0900 UTC;;;;;;;;;;;;;;;;;;
2021/11/19;1000 UTC;;;;;;;;;;;;;;;;;;
2021/11/19;1100 UTC;;;;;;;;;;;;;;;;;;
2021/11/19;1200 UTC;;;;;;;;;;;;;;;;;;
2021/11/19;1300 UTC;;;;;;;;;;;;;;;;;;
2021/11/19;1400 UTC;;;;;;;;;;;;;;;;;;
2021/11/19;1500 UTC;;;;;;;;;;;;;;;;;;
2021/11/19;1600 UTC;;;;;;;;;;;;;;;;;;
2021/11/19;1700 UTC;;;;;;;;;;;;;;;;;;
2021/11/19;1800 UTC;;;;;;;;;;;;;;;;;;
2021/11/19;1900 UTC;;;;;;;;;;;;;;;;;;
2021/11/19;2000 UTC;;;;;;;;;;;;;;;;;;
2021/11/19;2100 UTC;;;;;;;;;;;;;;;;;;
2021/11/19;2200 UTC;;;;;;;;;;;;;;;;;;
2021/11/19;2300 UTC;;;;;;;;;;;;;;;;;;
2021/11/20;0000 UTC;;;;;;;;;;;;;;;;;;
2021/11/20;0100 UTC;;;;;;;;;;;;;;;;;;
2021/11/20;0200 UTC;;;;;;;;;;;;;;;;;;
2021/11/20;0300 UTC;;;;;;;;;;;;;;;;;;
2021/11/20;0400 UTC;;;;;;;;;;;;;;;;;;
2021/11/20;0500 UTC;;;;;;;;;;;;;;;;;;
2021/11/20;0600 UTC;;;;;;;;;;;;;;;;;;
2021/11/20;0700 UTC;;;;;;;;;;;;;;;;;;
2021/11/20;0800 UTC;;;;;;;;;;;;;;;;;;
2021/11/20;0900 UTC;;;;;;;;;;;;;;;;;;
2021/11/20;1000 UTC;;;;;;;;;;;;;;;;;;
2021/11/20;1100 UTC;;;;;;;;;;;;;;;;;;
2021/11/20;1200 UTC;;;;;;;;;;;;;;;;;;
2021/11/20;1300 UTC;;;;;;;;;;;;;;;;;;
2021/11/20;1400 UTC;;;;;;;;;;;;;;;;;;
2021/11/20;1500 UTC;;;;;;;;;;;;;;;;;;
2021/11/20;1600 UTC;;;;;;;;;;;;;;;;;;
2021/11/20;1700 UTC;;;;;;;;;;;;;;;;;;
2021/11/20;1800 UTC;;;;;;;;;;;;;;;;;;
2021/11/20;1900 UTC;;;;;;;;;;;;;;;;;;
2021/11/20;2000 UTC;;;;;;;;;;;;;;;;;;
2021/11/20;2100 UTC;;;;;;;;;;;;;;;;;;
2021/11/20;2200 UTC;;;;;;;;;;;;;;;;;;
2021/11/20;2300 UTC;;;;;;;;;;;;;;;;;;
2021/11/21;0000 UTC;;;;;;;;;;;;;;;;;;
2021/11/21;0100 UTC;;;;;;;;;;;;;;;;;;
2021/11/21;0200 UTC;;;;;;;;;;;;;;;;;;
2021/11/21;0300 UTC;;;;;;;;;;;;;;;;;;
2021/11/21;0400 UTC;;;;;;;;;;;;;;;;;;
2021/11/21;0500 UTC;;;;;;;;;;;;;;;;;;
2021/11/21;0600 UTC;;;;;;;;;;;;;;;;;;
2021/11/21;0700 UTC;;;;;;;;;;;;;;;;;;
2021/11/21;0800 UTC;;;;;;;;;;;;;;;;;;
2021/11/21;0900 UTC;;;;;;;;;;;;;;;;;;
2021/11/21;1000 UTC;;;;;;;;;;;;;;;;;;
2021/11/21;1100 UTC;;;;;;;;;;;;;;;;;;
2021/11/21;1200 UTC;;;;;;;;;;;;;;;;;;
2021/11/21;1300 UTC;;;;;;;;;;;;;;;;;;
2021/11/21;1400 UTC;;;;;;;;;;;;;;;;;;
2021/11/21;1500 UTC;;;;;;;;;;;;;;;;;;
2021/11/21;1600 UTC;;;;;;;;;;;;;;;;;;
2021/11/21;1700 UTC;;;;;;;;;;;;;;;;;;
2021/11/21;1800 UTC;;;;;;;;;;;;;;;;;;
2021/11/21;1900 UTC;;;;;;;;;;;;;;;;;;
2021/11/21;2000 UTC;;;;;;;;;;;;;;;;;;
2021/11/21;2100 UTC;;;;;;;;;;;;;;;;;;
2021/11/21;2200 UTC;;;;;;;;;;;;;;;;;;
2021/11/21;2300 UTC;;;;;;;;;;;;;;;;;;
2021/11/22;0000 UTC;;;;;;;;;;;;;;;;;;
2021/11/22;0100 UTC;;;;;;;;;;;;;;;;;;
2021/11/22;0200 UTC;;;;;;;;;;;;;;;;;;
2021/11/22;0300 UTC;;;;;;;;;;;;;;;;;;
2021/11/22;0400 UTC;;;;;;;;;;;;;;;;;;
2021/11/22;0500 UTC;;;;;;;;;;;;;;;;;;
2021/11/22;0600 UTC;;;;;;;;;;;;;;;;;;
2021/11/22;0700 UTC;;;;;;;;;;;;;;;;;;
2021/11/22;0800 UTC;;;;;;;;;;;;;;;;;;
2021/11/22;0900 UTC;;;;;;;;;;;;;;;;;;
2021/11/22;1000 UTC;;;;;;;;;;;;;;;;;;
2021/11/22;1100 UTC;;;;;;;;;;;;;;;;;;
2021/11/22;1200 UTC;;;;;;;;;;;;;;;;;;
2021/11/22;1300 UTC;;;;;;;;;;;;;;;;;;
2021/11/22;1400 UTC;;;;;;;;;;;;;;;;;;
2021/11/22;1500 UTC;;;;;;;;;;;;;;;;;;
2021/11/22;1600 UTC;;;;;;;;;;;;;;;;;;
2021/11/22;1700 UTC;;;;;;;;;;;;;;;;;;
2021/11/22;1800 UTC;;;;;;;;;;;;;;;;;;
2021/11/22;1900 UTC;;;;;;;;;;;;;;;;;;
2021/11/22;2000 UTC;;;;;;;;;;;;;;;;;;
2021/11/22;2100 UTC;;;;;;;;;;;;;;;;;;
2021/11/22;2200 UTC;;;;;;;;;;;;;;;;;;
2021/11/22;2300 UTC;;;;;;;;;;;;;;;;;;
2021/11/23;0000 UTC;;;;;;;;;;;;;;;;;;
2021/11/23;0100 UTC;;;;;;;;;;;;;;;;;;
2021/11/23;0200 UTC;;;;;;;;;;;;;;;;;;
2021/11/23;0300 UTC;;;;;;;;;;;;;;;;;;
2021/11/23;0400 UTC;;;;;;;;;;;;;;;;;;
2021/11/23;0500 UTC;;;;;;;;;;;;;;;;;;
2021/11/23;0600 UTC;;;;;;;;;;;;;;;;;;
2021/11/23;0700 UTC;;;;;;;;;;;;;;;;;;
2021/11/23;0800 UTC;;;;;;;;;;;;;;;;;;
2021/11/23;0900 UTC;;;;;;;;;;;;;;;;;;
2021/11/23;1000 UTC;;;;;;;;;;;;;;;;;;
2021/11/23;1100 UTC;;;;;;;;;;;;;;;;;;
2021/11/23;1200 UTC;;;;;;;;;;;;;;;;;;
2021/11/23;1300 UTC;;;;;;;;;;;;;;;;;;
2021/11/23;1400 UTC;;;;;;;;;;;;;;;;;;
2021/11/23;1500 UTC;;;;;;;;;;;;;;;;;;
2021/11/23;1600 UTC;;;;;;;;;;;;;;;;;;
2021/11/23;1700 UTC;;;;;;;;;;;;;;;;;;
2021/11/23;1800 UTC;;;;;;;;;;;;;;;;;;
2021/11/23;1900 UTC;;;;;;;;;;;;;;;;;;
2021/11/23;2000 UTC;;;;;;;;;;;;;;;;;;
2021/11/23;2100 UTC;;;;;;;;;;;;;;;;;;
2021/11/23;2200 UTC;;;;;;;;;;;;;;;;;;
2021/11/23;2300 UTC;;;;;;;;;;;;;;;;;;
2021/11/24;0000 UTC;;;;;;;;;;;;;;;;;;
2021/11/24;0100 UTC;;;;;;;;;;;;;;;;;;
2021/11/24;0200 UTC;;;;;;;;;;;;;;;;;;
2021/11/24;0300 UTC;;;;;;;;;;;;;;;;;;
2021/11/24;0400 UTC;;;;;;;;;;;;;;;;;;
2021/11/24;0500 UTC;;;;;;;;;;;;;;;;;;
2021/11/24;0600 UTC;;;;;;;;;;;;;;;;;;
2021/11/24;0700 UTC;;;;;;;;;;;;;;;;;;
2021/11/24;0800 UTC;;;;;;;;;;;;;;;;;;
2021/11/24;0900 UTC;;;;;;;;;;;;;;;;;;
2021/11/24;1000 UTC;;;;;;;;;;;;;;;;;;
2021/11/24;1100 UTC;;;;;;;;;;;;;;;;;;
2021/11/24;1200 UTC;;;;;;;;;;;;;;;;;;
2021/11/24;1300 UTC;;;;;;;;;;;;;;;;;;
2021/11/24;1400 UTC;;;;;;;;;;;;;;;;;;
2021/11/24;1500 UTC;;;;;;;;;;;;;;;;;;
2021/11/24;1600 UTC;;;;;;;;;;;;;;;;;;
2021/11/24;1700 UTC;;;;;;;;;;;;;;;;;;
2021/11/24;1800 UTC;;;;;;;;;;;;;;;;;;
2021/11/24;1900 UTC;;;;;;;;;;;;;;;;;;
2021/11/24;2000 UTC;;;;;;;;;;;;;;;;;;
2021/11/24;2100 UTC;;;;;;;;;;;;;;;;;;
2021/11/24;2200 UTC;;;;;;;;;;;;;;;;;;
2021/11/24;2300 UTC;;;;;;;;;;;;;;;;;;
2021/11/25;0000 UTC;;;;;;;;;;;;;;;;;;
2021/11/25;0100 UTC;;;;;;;;;;;;;;;;;;
2021/11/25;0200 UTC;;;;;;;;;;;;;;;;;;
2021/11/25;0300 UTC;;;;;;;;;;;;;;;;;;
2021/11/25;0400 UTC;;;;;;;;;;;;;;;;;;
2021/11/25;0500 UTC;;;;;;;;;;;;;;;;;;
2021/11/25;0600 UTC;;;;;;;;;;;;;;;;;;
2021/11/25;0700 UTC;;;;;;;;;;;;;;;;;;
2021/11/25;0800 UTC;;;;;;;;;;;;;;;;;;
2021/11/25;0900 UTC;;;;;;;;;;;;;;;;;;
2021/11/25;1000 UTC;;;;;;;;;;;;;;;;;;
2021/11/25;1100 UTC;;;;;;;;;;;;;;;;;;
2021/11/25;1200 UTC;;;;;;;;;;;;;;;;;;
2021/11/25;1300 UTC;;;;;;;;;;;;;;;;;;
2021/11/25;1400 UTC;;;;;;;;;;;;;;;;;;
2021/11/25;1500 UTC;;;;;;;;;;;;;;;;;;
2021/11/25;1600 UTC;;;;;;;;;;;;;;;;;;
2021/11/25;1700 UTC;;;;;;;;;;;;;;;;;;
2021/11/25;1800 UTC;;;;;;;;;;;;;;;;;;
2021/11/25;1900 UTC;;;;;;;;;;;;;;;;;;
2021/11/25;2000 UTC;;;;;;;;;;;;;;;;;;
2021/11/25;2100 UTC;;;;;;;;;;;;;;;;;;
2021/11/25;2200 UTC;;;;;;;;;;;;;;;;;;
2021/11/25;2300 UTC;;;;;;;;;;;;;;;;;;
2021/11/26;0000 UTC;;;;;;;;;;;;;;;;;;
2021/11/26;0100 UTC;;;;;;;;;;;;;;;;;;
2021/11/26;0200 UTC;;;;;;;;;;;;;;;;;;
2021/11/26;0300 UTC;;;;;;;;;;;;;;;;;;
2021/11/26;0400 UTC;;;;;;;;;;;;;;;;;;
2021/11/26;0500 UTC;;;;;;;;;;;;;;;;;;
2021/11/26;0600 UTC;;;;;;;;;;;;;;;;;;
2021/11/26;0700 UTC;;;;;;;;;;;;;;;;;;
2021/11/26;0800 UTC;;;;;;;;;;;;;;;;;;
2021/11/26;0900 UTC;;;;;;;;;;;;;;;;;;
2021/11/26;1000 UTC;;;;;;;;;;;;;;;;;;
2021/11/26;1100 UTC;;;;;;;;;;;;;;;;;;
2021/11/26;1200 UTC;;;;;;;;;;;;;;;;;;
2021/11/26;1300 UTC;;;;;;;;;;;;;;;;;;
2021/11/26;1400 UTC;;;;;;;;;;;;;;;;;;
2021/11/26;1500 UTC;;;;;;;;;;;;;;;;;;
2021/11/26;1600 UTC;;;;;;;;;;;;;;;;;;
2021/11/26;1700 UTC;;;;;;;;;;;;;;;;;;
2021/11/26;1800 UTC;;;;;;;;;;;;;;;;;;
2021/11/26;1900 UTC;;;;;;;;;;;;;;;;;;
2021/11/26;2000 UTC;;;;;;;;;;;;;;;;;;
2021/11/26;2100 UTC;;;;;;;;;;;;;;;;;;
2021/11/26;2200 UTC;;;;;;;;;;;;;;;;;;
2021/11/26;2300 UTC;;;;;;;;;;;;;;;;;;
2021/11/27;0000 UTC;;;;;;;;;;;;;;;;;;
2021/11/27;0100 UTC;;;;;;;;;;;;;;;;;;
2021/11/27;0200 UTC;;;;;;;;;;;;;;;;;;
2021/11/27;0300 UTC;;;;;;;;;;;;;;;;;;
2021/11/27;0400 UTC;;;;;;;;;;;;;;;;;;
2021/11/27;0500 UTC;;;;;;;;;;;;;;;;;;
2021/11/27;0600 UTC;;;;;;;;;;;;;;;;;;
2021/11/27;0700 UTC;;;;;;;;;;;;;;;;;;
2021/11/27;0800 UTC;;;;;;;;;;;;;;;;;;
2021/11/27;0900 UTC;;;;;;;;;;;;;;;;;;
2021/11/27;1000 UTC;;;;;;;;;;;;;;;;;;
2021/11/27;1100 UTC;;;;;;;;;;;;;;;;;;
2021/11/27;1200 UTC;;;;;;;;;;;;;;;;;;
2021/11/27;1300 UTC;;;;;;;;;;;;;;;;;;
2021/11/27;1400 UTC;;;;;;;;;;;;;;;;;;
2021/11/27;1500 UTC;;;;;;;;;;;;;;;;;;
2021/11/27;1600 UTC;;;;;;;;;;;;;;;;;;
2021/11/27;1700 UTC;;;;;;;;;;;;;;;;;;
2021/11/27;1800 UTC;;;;;;;;;;;;;;;;;;
2021/11/27;1900 UTC;;;;;;;;;;;;;;;;;;
2021/11/27;2000 UTC;;;;;;;;;;;;;;;;;;
2021/11/27;2100 UTC;;;;;;;;;;;;;;;;;;
2021/11/27;2200 UTC;;;;;;;;;;;;;;;;;;
2021/11/27;2300 UTC;;;;;;;;;;;;;;;;;;
2021/11/28;0000 UTC;;;;;;;;;;;;;;;;;;
2021/11/28;0100 UTC;;;;;;;;;;;;;;;;;;
2021/11/28;0200 UTC;;;;;;;;;;;;;;;;;;
2021/11/28;0300 UTC;;;;;;;;;;;;;;;;;;
2021/11/28;0400 UTC;;;;;;;;;;;;;;;;;;
2021/11/28;0500 UTC;;;;;;;;;;;;;;;;;;
2021/11/28;0600 UTC;;;;;;;;;;;;;;;;;;
2021/11/28;0700 UTC;;;;;;;;;;;;;;;;;;
2021/11/28;0800 UTC;;;;;;;;;;;;;;;;;;
2021/11/28;0900 UTC;;;;;;;;;;;;;;;;;;
2021/11/28;1000 UTC;;;;;;;;;;;;;;;;;;
2021/11/28;1100 UTC;;;;;;;;;;;;;;;;;;
2021/11/28;1200 UTC;;;;;;;;;;;;;;;;;;
2021/11/28;1300 UTC;;;;;;;;;;;;;;;;;;
2021/11/28;1400 UTC;;;;;;;;;;;;;;;;;;
2021/11/28;1500 UTC;;;;;;;;;;;;;;;;;;
2021/11/28;1600 UTC;;;;;;;;;;;;;;;;;;
2021/11/28;1700 UTC;;;;;;;;;;;;;;;;;;
2021/11/28;1800 UTC;;;;;;;;;;;;;;;;;;
2021/11/28;1900 UTC;;;;;;;;;;;;;;;;;;
2021/11/28;2000 UTC;;;;;;;;;;;;;;;;;;
2021/11/28;2100 UTC;;;;;;;;;;;;;;;;;;
2021/11/28;2200 UTC;;;;;;;;;;;;;;;;;;
2021/11/28;2300 UTC;;;;;;;;;;;;;;;;;;
2021/11/29;0000 UTC;;;;;;;;;;;;;;;;;;
2021/11/29;0100 UTC;;;;;;;;;;;;;;;;;;
2021/11/29;0200 UTC;;;;;;;;;;;;;;;;;;
2021/11/29;0300 UTC;;;;;;;;;;;;;;;;;;
2021/11/29;0400 UTC;;;;;;;;;;;;;;;;;;
2021/11/29;0500 UTC;;;;;;;;;;;;;;;;;;
2021/11/29;0600 UTC;;;;;;;;;;;;;;;;;;
2021/11/29;0700 UTC;;;;;;;;;;;;;;;;;;
2021/11/29;0800 UTC;;;;;;;;;;;;;;;;;;
2021/11/29;0900 UTC;;;;;;;;;;;;;;;;;;
2021/11/29;1000 UTC;;;;;;;;;;;;;;;;;;
2021/11/29;1100 UTC;;;;;;;;;;;;;;;;;;
2021/11/29;1200 UTC;;;;;;;;;;;;;;;;;;
2021/11/29;1300 UTC;;;;;;;;;;;;;;;;;;
2021/11/29;1400 UTC;;;;;;;;;;;;;;;;;;
2021/11/29;1500 UTC;;;;;;;;;;;;;;;;;;
2021/11/29;1600 UTC;;;;;;;;;;;;;;;;;;
2021/11/29;1700 UTC;;;;;;;;;;;;;;;;;;
2021/11/29;1800 UTC;;;;;;;;;;;;;;;;;;
2021/11/29;1900 UTC;;;;;;;;;;;;;;;;;;
2021/11/29;2000 UTC;;;;;;;;;;;;;;;;;;
2021/11/29;2100 UTC;;;;;;;;;;;;;;;;;;
2021/11/29;2200 UTC;;;;;;;;;;;;;;;;;;
2021/11/29;2300 UTC;;;;;;;;;;;;;;;;;;
2021/11/30;0000 UTC;;;;;;;;;;;;;;;;;;
2021/11/30;0100 UTC;;;;;;;;;;;;;;;;;;
2021/11/30;0200 UTC;;;;;;;;;;;;;;;;;;
2021/11/30;0300 UTC;;;;;;;;;;;;;;;;;;
2021/11/30;0400 UTC;;;;;;;;;;;;;;;;;;
2021/11/30;0500 UTC;;;;;;;;;;;;;;;;;;
2021/11/30;0600 UTC;;;;;;;;;;;;;;;;;;
2021/11/30;0700 UTC;;;;;;;;;;;;;;;;;;
2021/11/30;0800 UTC;;;;;;;;;;;;;;;;;;
2021/11/30;0900 UTC;;;;;;;;;;;;;;;;;;
2021/11/30;1000 UTC;;;;;;;;;;;;;;;;;;
2021/11/30;1100 UTC;;;;;;;;;;;;;;;;;;
2021/11/30;1200 UTC;;;;;;;;;;;;;;;;;;
2021/11/30;1300 UTC;;;;;;;;;;;;;;;;;;
2021/11/30;1400 UTC;;;;;;;;;;;;;;;;;;
2021/11/30;1500 UTC;;;;;;;;;;;;;;;;;;
2021/11/30;1600 UTC;;;;;;;;;;;;;;;;;;
2021/11/30;1700 UTC;;;;;;;;;;;;;;;;;;
2021/11/30;1800 UTC;;;;;;;;;;;;;;;;;;
2021/11/30;1900 UTC;;;;;;;;;;;;;;;;;;
2021/11/30;2000 UTC;;;;;;;;;;;;;;;;;;
2021/11/30;2100 UTC;;;;;;;;;;;;;;;;;;
2021/11/30;2200 UTC;;;;;;;;;;;;;;;;;;
2021/11/30;2300 UTC;;;;;;;;;;;;;;;;;;
2021/12/01;0000 UTC;;;;;;;;;;;;;;;;;;
2021/12/01;0100 UTC;;;;;;;;;;;;;;;;;;
2021/12/01;0200 UTC;;;;;;;;;;;;;;;;;;
2021/12/01;0300 UTC;;;;;;;;;;;;;;;;;;
2021/12/01;0400 UTC;;;;;;;;;;;;;;;;;;
2021/12/01;0500 UTC;;;;;;;;;;;;;;;;;;
2021/12/01;0600 UTC;;;;;;;;;;;;;;;;;;
2021/12/01;0700 UTC;;;;;;;;;;;;;;;;;;
2021/12/01;0800 UTC;;;;;;;;;;;;;;;;;;
2021/12/01;0900 UTC;;;;;;;;;;;;;;;;;;
2021/12/01;1000 UTC;;;;;;;;;;;;;;;;;;
2021/12/01;1100 UTC;;;;;;;;;;;;;;;;;;
2021/12/01;1200 UTC;;;;;;;;;;;;;;;;;;
2021/12/01;1300 UTC;;;;;;;;;;;;;;;;;;
2021/12/01;1400 UTC;;;;;;;;;;;;;;;;;;
2021/12/01;1500 UTC;;;;;;;;;;;;;;;;;;
2021/12/01;1600 UTC;;;;;;;;;;;;;;;;;;
2021/12/01;1700 UTC;;;;;;;;;;;;;;;;;;
2021/12/01;1800 UTC;;;;;;;;;;;;;;;;;;
2021/12/01;1900 UTC;;;;;;;;;;;;;;;;;;
2021/12/01;2000 UTC;;;;;;;;;;;;;;;;;;
2021/12/01;2100 UTC;;;;;;;;;;;;;;;;;;
2021/12/01;2200 UTC;;;;;;;;;;;;;;;;;;
2021/12/01;2300 UTC;;;;;;;;;;;;;;;;;;
2021/12/02;0000 UTC;;;;;;;;;;;;;;;;;;
2021/12/02;0100 UTC;;;;;;;;;;;;;;;;;;
2021/12/02;0200 UTC;;;;;;;;;;;;;;;;;;
2021/12/02;0300 UTC;;;;;;;;;;;;;;;;;;
2021/12/02;0400 UTC;;;;;;;;;;;;;;;;;;
2021/12/02;0500 UTC;;;;;;;;;;;;;;;;;;
2021/12/02;0600 UTC;;;;;;;;;;;;;;;;;;
2021/12/02;0700 UTC;;;;;;;;;;;;;;;;;;
2021/12/02;0800 UTC;;;;;;;;;;;;;;;;;;
2021/12/02;0900 UTC;;;;;;;;;;;;;;;;;;
2021/12/02;1000 UTC;;;;;;;;;;;;;;;;;;
2021/12/02;1100 UTC;;;;;;;;;;;;;;;;;;
2021/12/02;1200 UTC;;;;;;;;;;;;;;;;;;
2021/12/02;1300 UTC;;;;;;;;;;;;;;;;;;
2021/12/02;1400 UTC;;;;;;;;;;;;;;;;;;
2021/12/02;1500 UTC;;;;;;;;;;;;;;;;;;
2021/12/02;1600 UTC;;;;;;;;;;;;;;;;;;
2021/12/02;1700 UTC;;;;;;;;;;;;;;;;;;
2021/12/02;1800 UTC;;;;;;;;;;;;;;;;;;
2021/12/02;1900 UTC;;;;;;;;;;;;;;;;;;
2021/12/02;2000 UTC;;;;;;;;;;;;;;;;;;
2021/12/02;2100 UTC;;;;;;;;;;;;;;;;;;
2021/12/02;2200 UTC;;;;;;;;;;;;;;;;;;
2021/12/02;2300 UTC;;;;;;;;;;;;;;;;;;
2021/12/03;0000 UTC;;;;;;;;;;;;;;;;;;
2021/12/03;0100 UTC;;;;;;;;;;;;;;;;;;
2021/12/03;0200 UTC;;;;;;;;;;;;;;;;;;
2021/12/03;0300 UTC;;;;;;;;;;;;;;;;;;
2021/12/03;0400 UTC;;;;;;;;;;;;;;;;;;
2021/12/03;0500 UTC;;;;;;;;;;;;;;;;;;
2021/12/03;0600 UTC;;;;;;;;;;;;;;;;;;
2021/12/03;0700 UTC;;;;;;;;;;;;;;;;;;
2021/12/03;0800 UTC;;;;;;;;;;;;;;;;;;
2021/12/03;0900 UTC;;;;;;;;;;;;;;;;;;
2021/12/03;1000 UTC;;;;;;;;;;;;;;;;;;
2021/12/03;1100 UTC;;;;;;;;;;;;;;;;;;
2021/12/03;1200 UTC;;;;;;;;;;;;;;;;;;
2021/12/03;1300 UTC;;;;;;;;;;;;;;;;;;
2021/12/03;1400 UTC;;;;;;;;;;;;;;;;;;
2021/12/03;1500 UTC;;;;;;;;;;;;;;;;;;
2021/12/03;1600 UTC;;;;;;;;;;;;;;;;;;
2021/12/03;1700 UTC;;;;;;;;;;;;;;;;;;
2021/12/03;1800 UTC;;;;;;;;;;;;;;;;;;
2021/12/03;1900 UTC;;;;;;;;;;;;;;;;;;
2021/12/03;2000 UTC;;;;;;;;;;;;;;;;;;
2021/12/03;2100 UTC;;;;;;;;;;;;;;;;;;
2021/12/03;2200 UTC;;;;;;;;;;;;;;;;;;
2021/12/03;2300 UTC;;;;;;;;;;;;;;;;;;
2021/12/04;0000 UTC;;;;;;;;;;;;;;;;;;
2021/12/04;0100 UTC;;;;;;;;;;;;;;;;;;
2021/12/04;0200 UTC;;;;;;;;;;;;;;;;;;
2021/12/04;0300 UTC;;;;;;;;;;;;;;;;;;
2021/12/04;0400 UTC;;;;;;;;;;;;;;;;;;
2021/12/04;0500 UTC;;;;;;;;;;;;;;;;;;
2021/12/04;0600 UTC;;;;;;;;;;;;;;;;;;
2021/12/04;0700 UTC;;;;;;;;;;;;;;;;;;
2021/12/04;0800 UTC;;;;;;;;;;;;;;;;;;
2021/12/04;0900 UTC;;;;;;;;;;;;;;;;;;
2021/12/04;1000 UTC;;;;;;;;;;;;;;;;;;
2021/12/04;1100 UTC;;;;;;;;;;;;;;;;;;
2021/12/04;1200 UTC;;;;;;;;;;;;;;;;;;
2021/12/04;1300 UTC;;;;;;;;;;;;;;;;;;
2021/12/04;1400 UTC;;;;;;;;;;;;;;;;;;
2021/12/04;1500 UTC;;;;;;;;;;;;;;;;;;
2021/12/04;1600 UTC;;;;;;;;;;;;;;;;;;
2021/12/04;1700 UTC;;;;;;;;;;;;;;;;;;
2021/12/04;1800 UTC;;;;;;;;;;;;;;;;;;
2021/12/04;1900 UTC;;;;;;;;;;;;;;;;;;
2021/12/04;2000 UTC;;;;;;;;;;;;;;;;;;
2021/12/04;2100 UTC;;;;;;;;;;;;;;;;;;
2021/12/04;2200 UTC;;;;;;;;;;;;;;;;;;
2021/12/04;2300 UTC;;;;;;;;;;;;;;;;;;
2021/12/05;0000 UTC;;;;;;;;;;;;;;;;;;
2021/12/05;0100 UTC;;;;;;;;;;;;;;;;;;
2021/12/05;0200 UTC;;;;;;;;;;;;;;;;;;
2021/12/05;0300 UTC;;;;;;;;;;;;;;;;;;
2021/12/05;0400 UTC;;;;;;;;;;;;;;;;;;
2021/12/05;0500 UTC;;;;;;;;;;;;;;;;;;
2021/12/05;0600 UTC;;;;;;;;;;;;;;;;;;
2021/12/05;0700 UTC;;;;;;;;;;;;;;;;;;
2021/12/05;0800 UTC;;;;;;;;;;;;;;;;;;
2021/12/05;0900 UTC;;;;;;;;;;;;;;;;;;
2021/12/05;1000 UTC;;;;;;;;;;;;;;;;;;
2021/12/05;1100 UTC;;;;;;;;;;;;;;;;;;
2021/12/05;1200 UTC;;;;;;;;;;;;;;;;;;
2021/12/05;1300 UTC;;;;;;;;;;;;;;;;;;
2021/12/05;1400 UTC;;;;;;;;;;;;;;;;;;
2021/12/05;1500 UTC;;;;;;;;;;;;;;;;;;
2021/12/05;1600 UTC;;;;;;;;;;;;;;;;;;
2021/12/05;1700 UTC;;;;;;;;;;;;;;;;;;
2021/12/05;1800 UTC;;;;;;;;;;;;;;;;;;
2021/12/05;1900 UTC;;;;;;;;;;;;;;;;;;
2021/12/05;2000 UTC;;;;;;;;;;;;;;;;;;
2021/12/05;2100 UTC;;;;;;;;;;;;;;;;;;
2021/12/05;2200 UTC;;;;;;;;;;;;;;;;;;
2021/12/05;2300 UTC;;;;;;;;;;;;;;;;;;
2021/12/06;0000 UTC;;;;;;;;;;;;;;;;;;
2021/12/06;0100 UTC;;;;;;;;;;;;;;;;;;
2021/12/06;0200 UTC;;;;;;;;;;;;;;;;;;
2021/12/06;0300 UTC;;;;;;;;;;;;;;;;;;
2021/12/06;0400 UTC;;;;;;;;;;;;;;;;;;
2021/12/06;0500 UTC;;;;;;;;;;;;;;;;;;
2021/12/06;0600 UTC;;;;;;;;;;;;;;;;;;
2021/12/06;0700 UTC;;;;;;;;;;;;;;;;;;
2021/12/06;0800 UTC;;;;;;;;;;;;;;;;;;
2021/12/06;0900 UTC;;;;;;;;;;;;;;;;;;
2021/12/06;1000 UTC;;;;;;;;;;;;;;;;;;
2021/12/06;1100 UTC;;;;;;;;;;;;;;;;;;
2021/12/06;1200 UTC;;;;;;;;;;;;;;;;;;
2021/12/06;1300 UTC;;;;;;;;;;;;;;;;;;
2021/12/06;1400 UTC;;;;;;;;;;;;;;;;;;
2021/12/06;1500 UTC;;;;;;;;;;;;;;;;;;
2021/12/06;1600 UTC;;;;;;;;;;;;;;;;;;
2021/12/06;1700 UTC;;;;;;;;;;;;;;;;;;
2021/12/06;1800 UTC;;;;;;;;;;;;;;;;;;
2021/12/06;1900 UTC;;;;;;;;;;;;;;;;;;
2021/12/06;2000 UTC;;;;;;;;;;;;;;;;;;
2021/12/06;2100 UTC;;;;;;;;;;;;;;;;;;
2021/12/06;2200 UTC;;;;;;;;;;;;;;;;;;
2021/12/06;2300 UTC;;;;;;;;;;;;;;;;;;
2021/12/07;0000 UTC;;;;;;;;;;;;;;;;;;
2021/12/07;0100 UTC;;;;;;;;;;;;;;;;;;
2021/12/07;0200 UTC;;;;;;;;;;;;;;;;;;
2021/12/07;0300 UTC;;;;;;;;;;;;;;;;;;
2021/12/07;0400 UTC;;;;;;;;;;;;;;;;;;
2021/12/07;0500 UTC;;;;;;;;;;;;;;;;;;
2021/12/07;0600 UTC;;;;;;;;;;;;;;;;;;
2021/12/07;0700 UTC;;;;;;;;;;;;;;;;;;
2021/12/07;0800 UTC;;;;;;;;;;;;;;;;;;
2021/12/07;0900 UTC;;;;;;;;;;;;;;;;;;
2021/12/07;1000 UTC;;;;;;;;;;;;;;;;;;
2021/12/07;1100 UTC;;;;;;;;;;;;;;;;;;
2021/12/07;1200 UTC;;;;;;;;;;;;;;;;;;
2021/12/07;1300 UTC;;;;;;;;;;;;;;;;;;
2021/12/07;1400 UTC;;;;;;;;;;;;;;;;;;
2021/12/07;1500 UTC;;;;;;;;;;;;;;;;;;
2021/12/07;1600 UTC;;;;;;;;;;;;;;;;;;
2021/12/07;1700 UTC;;;;;;;;;;;;;;;;;;
2021/12/07;1800 UTC;;;;;;;;;;;;;;;;;;
2021/12/07;1900 UTC;;;;;;;;;;;;;;;;;;
2021/12/07;2000 UTC;;;;;;;;;;;;;;;;;;
2021/12/07;2100 UTC;;;;;;;;;;;;;;;;;;
2021/12/07;2200 UTC;;;;;;;;;;;;;;;;;;
2021/12/07;2300 UTC;;;;;;;;;;;;;;;;;;
2021/12/08;0000 UTC;;;;;;;;;;;;;;;;;;
2021/12/08;0100 UTC;;;;;;;;;;;;;;;;;;
2021/12/08;0200 UTC;;;;;;;;;;;;;;;;;;
2021/12/08;0300 UTC;;;;;;;;;;;;;;;;;;
2021/12/08;0400 UTC;;;;;;;;;;;;;;;;;;
2021/12/08;0500 UTC;;;;;;;;;;;;;;;;;;
2021/12/08;0600 UTC;;;;;;;;;;;;;;;;;;
2021/12/08;0700 UTC;;;;;;;;;;;;;;;;;;
2021/12/08;0800 UTC;;;;;;;;;;;;;;;;;;
2021/12/08;0900 UTC;;;;;;;;;;;;;;;;;;
2021/12/08;1000 UTC;;;;;;;;;;;;;;;;;;
2021/12/08;1100 UTC;;;;;;;;;;;;;;;;;;
2021/12/08;1200 UTC;;;;;;;;;;;;;;;;;;
2021/12/08;1300 UTC;;;;;;;;;;;;;;;;;;
2021/12/08;1400 UTC;;;;;;;;;;;;;;;;;;
2021/12/08;1500 UTC;;;;;;;;;;;;;;;;;;
2021/12/08;1600 UTC;;;;;;;;;;;;;;;;;;
2021/12/08;1700 UTC;;;;;;;;;;;;;;;;;;
2021/12/08;1800 UTC;;;;;;;;;;;;;;;;;;
2021/12/08;1900 UTC;;;;;;;;;;;;;;;;;;
2021/12/08;2000 UTC;;;;;;;;;;;;;;;;;;
2021/12/08;2100 UTC;;;;;;;;;;;;;;;;;;
2021/12/08;2200 UTC;;;;;;;;;;;;;;;;;;
2021/12/08;2300 UTC;;;;;;;;;;;;;;;;;;
2021/12/09;0000 UTC;;;;;;;;;;;;;;;;;;
2021/12/09;0100 UTC;;;;;;;;;;;;;;;;;;
2021/12/09;0200 UTC;;;;;;;;;;;;;;;;;;
2021/12/09;0300 UTC;;;;;;;;;;;;;;;;;;
2021/12/09;0400 UTC;;;;;;;;;;;;;;;;;;
2021/12/09;0500 UTC;;;;;;;;;;;;;;;;;;
2021/12/09;0600 UTC;;;;;;;;;;;;;;;;;;
2021/12/09;0700 UTC;;;;;;;;;;;;;;;;;;
2021/12/09;0800 UTC;;;;;;;;;;;;;;;;;;
2021/12/09;0900 UTC;;;;;;;;;;;;;;;;;;
2021/12/09;1000 UTC;;;;;;;;;;;;;;;;;;
2021/12/09;1100 UTC;;;;;;;;;;;;;;;;;;
2021/12/09;1200 UTC;;;;;;;;;;;;;;;;;;
2021/12/09;1300 UTC;;;;;;;;;;;;;;;;;;
2021/12/09;1400 UTC;;;;;;;;;;;;;;;;;;
2021/12/09;1500 UTC;;;;;;;;;;;;;;;;;;
2021/12/09;1600 UTC;;;;;;;;;;;;;;;;;;
2021/12/09;1700 UTC;;;;;;;;;;;;;;;;;;
2021/12/09;1800 UTC;;;;;;;;;;;;;;;;;;
2021/12/09;1900 UTC;;;;;;;;;;;;;;;;;;
2021/12/09;2000 UTC;;;;;;;;;;;;;;;;;;
2021/12/09;2100 UTC;;;;;;;;;;;;;;;;;;
2021/12/09;2200 UTC;;;;;;;;;;;;;;;;;;
2021/12/09;2300 UTC;;;;;;;;;;;;;;;;;;
2021/12/10;0000 UTC;;;;;;;;;;;;;;;;;;
2021/12/10;0100 UTC;;;;;;;;;;;;;;;;;;
2021/12/10;0200 UTC;;;;;;;;;;;;;;;;;;
2021/12/10;0300 UTC;;;;;;;;;;;;;;;;;;
2021/12/10;0400 UTC;;;;;;;;;;;;;;;;;;
2021/12/10;0500 UTC;;;;;;;;;;;;;;;;;;
2021/12/10;0600 UTC;;;;;;;;;;;;;;;;;;
2021/12/10;0700 UTC;;;;;;;;;;;;;;;;;;
2021/12/10;0800 UTC;;;;;;;;;;;;;;;;;;
2021/12/10;0900 UTC;;;;;;;;;;;;;;;;;;
2021/12/10;1000 UTC;;;;;;;;;;;;;;;;;;
2021/12/10;1100 UTC;;;;;;;;;;;;;;;;;;
2021/12/10;1200 UTC;;;;;;;;;;;;;;;;;;
2021/12/10;1300 UTC;;;;;;;;;;;;;;;;;;
2021/12/10;1400 UTC;;;;;;;;;;;;;;;;;;
2021/12/10;1500 UTC;;;;;;;;;;;;;;;;;;
2021/12/10;1600 UTC;;;;;;;;;;;;;;;;;;
2021/12/10;1700 UTC;;;;;;;;;;;;;;;;;;
2021/12/10;1800 UTC;;;;;;;;;;;;;;;;;;
2021/12/10;1900 UTC;;;;;;;;;;;;;;;;;;
2021/12/10;2000 UTC;;;;;;;;;;;;;;;;;;
2021/12/10;2100 UTC;;;;;;;;;;;;;;;;;;
2021/12/10;2200 UTC;;;;;;;;;;;;;;;;;;
2021/12/10;2300 UTC;;;;;;;;;;;;;;;;;;
2021/12/11;0000 UTC;;;;;;;;;;;;;;;;;;
2021/12/11;0100 UTC;;;;;;;;;;;;;;;;;;
2021/12/11;0200 UTC;;;;;;;;;;;;;;;;;;
2021/12/11;0300 UTC;;;;;;;;;;;;;;;;;;
2021/12/11;0400 UTC;;;;;;;;;;;;;;;;;;
2021/12/11;0500 UTC;;;;;;;;;;;;;;;;;;
2021/12/11;0600 UTC;;;;;;;;;;;;;;;;;;
2021/12/11;0700 UTC;;;;;;;;;;;;;;;;;;
2021/12/11;0800 UTC;;;;;;;;;;;;;;;;;;
2021/12/11;0900 UTC;;;;;;;;;;;;;;;;;;
2021/12/11;1000 UTC;;;;;;;;;;;;;;;;;;
2021/12/11;1100 UTC;;;;;;;;;;;;;;;;;;
2021/12/11;1200 UTC;;;;;;;;;;;;;;;;;;
2021/12/11;1300 UTC;;;;;;;;;;;;;;;;;;
2021/12/11;1400 UTC;;;;;;;;;;;;;;;;;;
2021/12/11;1500 UTC;;;;;;;;;;;;;;;;;;
2021/12/11;1600 UTC;;;;;;;;;;;;;;;;;;
2021/12/11;1700 UTC;;;;;;;;;;;;;;;;;;
2021/12/11;1800 UTC;;;;;;;;;;;;;;;;;;
2021/12/11;1900 UTC;;;;;;;;;;;;;;;;;;
2021/12/11;2000 UTC;;;;;;;;;;;;;;;;;;
2021/12/11;2100 UTC;;;;;;;;;;;;;;;;;;
2021/12/11;2200 UTC;;;;;;;;;;;;;;;;;;
2021/12/11;2300 UTC;;;;;;;;;;;;;;;;;;
2021/12/12;0000 UTC;;;;;;;;;;;;;;;;;;
2021/12/12;0100 UTC;;;;;;;;;;;;;;;;;;
2021/12/12;0200 UTC;;;;;;;;;;;;;;;;;;
2021/12/12;0300 UTC;;;;;;;;;;;;;;;;;;
2021/12/12;0400 UTC;;;;;;;;;;;;;;;;;;
2021/12/12;0500 UTC;;;;;;;;;;;;;;;;;;
2021/12/12;0600 UTC;;;;;;;;;;;;;;;;;;
2021/12/12;0700 UTC;;;;;;;;;;;;;;;;;;
2021/12/12;0800 UTC;;;;;;;;;;;;;;;;;;
2021/12/12;0900 UTC;;;;;;;;;;;;;;;;;;
2021/12/12;1000 UTC;;;;;;;;;;;;;;;;;;
2021/12/12;1100 UTC;;;;;;;;;;;;;;;;;;
2021/12/12;1200 UTC;;;;;;;;;;;;;;;;;;
2021/12/12;1300 UTC;;;;;;;;;;;;;;;;;;
2021/12/12;1400 UTC;;;;;;;;;;;;;;;;;;
2021/12/12;1500 UTC;;;;;;;;;;;;;;;;;;
2021/12/12;1600 UTC;;;;;;;;;;;;;;;;;;
2021/12/12;1700 UTC;;;;;;;;;;;;;;;;;;
2021/12/12;1800 UTC;;;;;;;;;;;;;;;;;;
2021/12/12;1900 UTC;;;;;;;;;;;;;;;;;;
2021/12/12;2000 UTC;;;;;;;;;;;;;;;;;;
2021/12/12;2100 UTC;;;;;;;;;;;;;;;;;;
2021/12/12;2200 UTC;;;;;;;;;;;;;;;;;;
2021/12/12;2300 UTC;;;;;;;;;;;;;;;;;;
2021/12/13;0000 UTC;;;;;;;;;;;;;;;;;;
2021/12/13;0100 UTC;;;;;;;;;;;;;;;;;;
2021/12/13;0200 UTC;;;;;;;;;;;;;;;;;;
2021/12/13;0300 UTC;;;;;;;;;;;;;;;;;;
2021/12/13;0400 UTC;;;;;;;;;;;;;;;;;;
2021/12/13;0500 UTC;;;;;;;;;;;;;;;;;;
2021/12/13;0600 UTC;;;;;;;;;;;;;;;;;;
2021/12/13;0700 UTC;;;;;;;;;;;;;;;;;;
2021/12/13;0800 UTC;;;;;;;;;;;;;;;;;;
2021/12/13;0900 UTC;;;;;;;;;;;;;;;;;;
2021/12/13;1000 UTC;;;;;;;;;;;;;;;;;;
2021/12/13;1100 UTC;;;;;;;;;;;;;;;;;;
2021/12/13;1200 UTC;;;;;;;;;;;;;;;;;;
2021/12/13;1300 UTC;;;;;;;;;;;;;;;;;;
2021/12/13;1400 UTC;;;;;;;;;;;;;;;;;;
2021/12/13;1500 UTC;;;;;;;;;;;;;;;;;;
2021/12/13;1600 UTC;;;;;;;;;;;;;;;;;;
2021/12/13;1700 UTC;;;;;;;;;;;;;;;;;;
2021/12/13;1800 UTC;;;;;;;;;;;;;;;;;;
2021/12/13;1900 UTC;;;;;;;;;;;;;;;;;;
2021/12/13;2000 UTC;;;;;;;;;;;;;;;;;;
2021/12/13;2100 UTC;;;;;;;;;;;;;;;;;;
2021/12/13;2200 UTC;;;;;;;;;;;;;;;;;;
2021/12/13;2300 UTC;;;;;;;;;;;;;;;;;;
2021/12/14;0000 UTC;;;;;;;;;;;;;;;;;;
2021/12/14;0100 UTC;;;;;;;;;;;;;;;;;;
2021/12/14;0200 UTC;;;;;;;;;;;;;;;;;;
2021/12/14;0300 UTC;;;;;;;;;;;;;;;;;;
2021/12/14;0400 UTC;;;;;;;;;;;;;;;;;;
2021/12/14;0500 UTC;;;;;;;;;;;;;;;;;;
2021/12/14;0600 UTC;;;;;;;;;;;;;;;;;;
2021/12/14;0700 UTC;;;;;;;;;;;;;;;;;;
2021/12/14;0800 UTC;;;;;;;;;;;;;;;;;;
2021/12/14;0900 UTC;;;;;;;;;;;;;;;;;;
2021/12/14;1000 UTC;;;;;;;;;;;;;;;;;;
2021/12/14;1100 UTC;;;;;;;;;;;;;;;;;;
2021/12/14;1200 UTC;;;;;;;;;;;;;;;;;;
2021/12/14;1300 UTC;;;;;;;;;;;;;;;;;;
2021/12/14;1400 UTC;;;;;;;;;;;;;;;;;;
2021/12/14;1500 UTC;;;;;;;;;;;;;;;;;;
2021/12/14;1600 UTC;;;;;;;;;;;;;;;;;;
2021/12/14;1700 UTC;;;;;;;;;;;;;;;;;;
2021/12/14;1800 UTC;;;;;;;;;;;;;;;;;;
2021/12/14;1900 UTC;;;;;;;;;;;;;;;;;;
2021/12/14;2000 UTC;;;;;;;;;;;;;;;;;;
2021/12/14;2100 UTC;;;;;;;;;;;;;;;;;;
2021/12/14;2200 UTC;;;;;;;;;;;;;;;;;;
2021/12/14;2300 UTC;;;;;;;;;;;;;;;;;;
2021/12/15;0000 UTC;;;;;;;;;;;;;;;;;;
2021/12/15;0100 UTC;;;;;;;;;;;;;;;;;;
2021/12/15;0200 UTC;;;;;;;;;;;;;;;;;;
2021/12/15;0300 UTC;;;;;;;;;;;;;;;;;;
2021/12/15;0400 UTC;;;;;;;;;;;;;;;;;;
2021/12/15;0500 UTC;;;;;;;;;;;;;;;;;;
2021/12/15;0600 UTC;;;;;;;;;;;;;;;;;;
2021/12/15;0700 UTC;;;;;;;;;;;;;;;;;;
2021/12/15;0800 UTC;;;;;;;;;;;;;;;;;;
2021/12/15;0900 UTC;;;;;;;;;;;;;;;;;;
2021/12/15;1000 UTC;;;;;;;;;;;;;;;;;;
2021/12/15;1100 UTC;;;;;;;;;;;;;;;;;;
2021/12/15;1200 UTC;;;;;;;;;;;;;;;;;;
2021/12/15;1300 UTC;;;;;;;;;;;;;;;;;;
2021/12/15;1400 UTC;;;;;;;;;;;;;;;;;;
2021/12/15;1500 UTC;;;;;;;;;;;;;;;;;;
2021/12/15;1600 UTC;;;;;;;;;;;;;;;;;;
2021/12/15;1700 UTC;;;;;;;;;;;;;;;;;;
2021/12/15;1800 UTC;;;;;;;;;;;;;;;;;;
2021/12/15;1900 UTC;;;;;;;;;;;;;;;;;;
2021/12/15;2000 UTC;;;;;;;;;;;;;;;;;;
2021/12/15;2100 UTC;;;;;;;;;;;;;;;;;;
2021/12/15;2200 UTC;;;;;;;;;;;;;;;;;;
2021/12/15;2300 UTC;;;;;;;;;;;;;;;;;;
2021/12/16;0000 UTC;;;;;;;;;;;;;;;;;;
2021/12/16;0100 UTC;;;;;;;;;;;;;;;;;;
2021/12/16;0200 UTC;;;;;;;;;;;;;;;;;;
2021/12/16;0300 UTC;;;;;;;;;;;;;;;;;;
2021/12/16;0400 UTC;;;;;;;;;;;;;;;;;;
2021/12/16;0500 UTC;;;;;;;;;;;;;;;;;;
2021/12/16;0600 UTC;;;;;;;;;;;;;;;;;;
2021/12/16;0700 UTC;;;;;;;;;;;;;;;;;;
2021/12/16;0800 UTC;;;;;;;;;;;;;;;;;;
2021/12/16;0900 UTC;;;;;;;;;;;;;;;;;;
2021/12/16;1000 UTC;;;;;;;;;;;;;;;;;;
2021/12/16;1100 UTC;;;;;;;;;;;;;;;;;;
2021/12/16;1200 UTC;;;;;;;;;;;;;;;;;;
2021/12/16;1300 UTC;;;;;;;;;;;;;;;;;;
2021/12/16;1400 UTC;;;;;;;;;;;;;;;;;;
2021/12/16;1500 UTC;;;;;;;;;;;;;;;;;;
2021/12/16;1600 UTC;;;;;;;;;;;;;;;;;;
2021/12/16;1700 UTC;;;;;;;;;;;;;;;;;;
2021/12/16;1800 UTC;;;;;;;;;;;;;;;;;;
2021/12/16;1900 UTC;;;;;;;;;;;;;;;;;;
2021/12/16;2000 UTC;;;;;;;;;;;;;;;;;;
2021/12/16;2100 UTC;;;;;;;;;;;;;;;;;;
2021/12/16;2200 UTC;;;;;;;;;;;;;;;;;;
2021/12/16;2300 UTC;;;;;;;;;;;;;;;;;;
2021/12/17;0000 UTC;;;;;;;;;;;;;;;;;;
2021/12/17;0100 UTC;;;;;;;;;;;;;;;;;;
2021/12/17;0200 UTC;;;;;;;;;;;;;;;;;;
2021/12/17;0300 UTC;;;;;;;;;;;;;;;;;;
2021/12/17;0400 UTC;;;;;;;;;;;;;;;;;;
2021/12/17;0500 UTC;;;;;;;;;;;;;;;;;;
2021/12/17;0600 UTC;;;;;;;;;;;;;;;;;;
2021/12/17;0700 UTC;;;;;;;;;;;;;;;;;;
2021/12/17;0800 UTC;;;;;;;;;;;;;;;;;;
2021/12/17;0900 UTC;;;;;;;;;;;;;;;;;;
2021/12/17;1000 UTC;;;;;;;;;;;;;;;;;;
2021/12/17;1100 UTC;;;;;;;;;;;;;;;;;;
2021/12/17;1200 UTC;;;;;;;;;;;;;;;;;;
2021/12/17;1300 UTC;;;;;;;;;;;;;;;;;;
2021/12/17;1400 UTC;;;;;;;;;;;;;;;;;;
2021/12/17;1500 UTC;;;;;;;;;;;;;;;;;;
2021/12/17;1600 UTC;;;;;;;;;;;;;;;;;;
2021/12/17;1700 UTC;;;;;;;;;;;;;;;;;;
2021/12/17;1800 UTC;;;;;;;;;;;;;;;;;;
2021/12/17;1900 UTC;;;;;;;;;;;;;;;;;;
2021/12/17;2000 UTC;;;;;;;;;;;;;;;;;;
2021/12/17;2100 UTC;;;;;;;;;;;;;;;;;;
2021/12/17;2200 UTC;;;;;;;;;;;;;;;;;;
2021/12/17;2300 UTC;;;;;;;;;;;;;;;;;;
2021/12/18;0000 UTC;;;;;;;;;;;;;;;;;;
2021/12/18;0100 UTC;;;;;;;;;;;;;;;;;;
2021/12/18;0200 UTC;;;;;;;;;;;;;;;;;;
2021/12/18;0300 UTC;;;;;;;;;;;;;;;;;;
2021/12/18;0400 UTC;;;;;;;;;;;;;;;;;;
2021/12/18;0500 UTC;;;;;;;;;;;;;;;;;;
2021/12/18;0600 UTC;;;;;;;;;;;;;;;;;;
2021/12/18;0700 UTC;;;;;;;;;;;;;;;;;;
2021/12/18;0800 UTC;;;;;;;;;;;;;;;;;;
2021/12/18;0900 UTC;;;;;;;;;;;;;;;;;;
2021/12/18;1000 UTC;;;;;;;;;;;;;;;;;;
2021/12/18;1100 UTC;;;;;;;;;;;;;;;;;;
2021/12/18;1200 UTC;;;;;;;;;;;;;;;;;;
2021/12/18;1300 UTC;;;;;;;;;;;;;;;;;;
2021/12/18;1400 UTC;;;;;;;;;;;;;;;;;;
2021/12/18;1500 UTC;;;;;;;;;;;;;;;;;;
2021/12/18;1600 UTC;;;;;;;;;;;;;;;;;;
2021/12/18;1700 UTC;;;;;;;;;;;;;;;;;;
2021/12/18;1800 UTC;;;;;;;;;;;;;;;;;;
2021/12/18;1900 UTC;;;;;;;;;;;;;;;;;;
2021/12/18;2000 UTC;;;;;;;;;;;;;;;;;;
2021/12/18;2100 UTC;;;;;;;;;;;;;;;;;;
2021/12/18;2200 UTC;;;;;;;;;;;;;;;;;;
2021/12/18;2300 UTC;;;;;;;;;;;;;;;;;;
2021/12/19;0000 UTC;;;;;;;;;;;;;;;;;;
2021/12/19;0100 UTC;;;;;;;;;;;;;;;;;;
2021/12/19;0200 UTC;;;;;;;;;;;;;;;;;;
2021/12/19;0300 UTC;;;;;;;;;;;;;;;;;;
2021/12/19;0400 UTC;;;;;;;;;;;;;;;;;;
2021/12/19;0500 UTC;;;;;;;;;;;;;;;;;;
2021/12/19;0600 UTC;;;;;;;;;;;;;;;;;;
2021/12/19;0700 UTC;;;;;;;;;;;;;;;;;;
2021/12/19;0800 UTC;;;;;;;;;;;;;;;;;;
2021/12/19;0900 UTC;;;;;;;;;;;;;;;;;;
2021/12/19;1000 UTC;;;;;;;;;;;;;;;;;;
2021/12/19;1100 UTC;;;;;;;;;;;;;;;;;;
2021/12/19;1200 UTC;;;;;;;;;;;;;;;;;;
2021/12/19;1300 UTC;;;;;;;;;;;;;;;;;;
2021/12/19;1400 UTC;;;;;;;;;;;;;;;;;;
2021/12/19;1500 UTC;;;;;;;;;;;;;;;;;;
2021/12/19;1600 UTC;;;;;;;;;;;;;;;;;;
2021/12/19;1700 UTC;;;;;;;;;;;;;;;;;;
2021/12/19;1800 UTC;;;;;;;;;;;;;;;;;;
2021/12/19;1900 UTC;;;;;;;;;;;;;;;;;;
2021/12/19;2000 UTC;;;;;;;;;;;;;;;;;;
2021/12/19;2100 UTC;;;;;;;;;;;;;;;;;;
2021/12/19;2200 UTC;;;;;;;;;;;;;;;;;;
2021/12/19;2300 UTC;;;;;;;;;;;;;;;;;;
2021/12/20;0000 UTC;;;;;;;;;;;;;;;;;;
2021/12/20;0100 UTC;;;;;;;;;;;;;;;;;;
2021/12/20;0200 UTC;;;;;;;;;;;;;;;;;;
2021/12/20;0300 UTC;;;;;;;;;;;;;;;;;;
2021/12/20;0400 UTC;;;;;;;;;;;;;;;;;;
2021/12/20;0500 UTC;;;;;;;;;;;;;;;;;;
2021/12/20;0600 UTC;;;;;;;;;;;;;;;;;;
2021/12/20;0700 UTC;;;;;;;;;;;;;;;;;;
2021/12/20;0800 UTC;;;;;;;;;;;;;;;;;;
2021/12/20;0900 UTC;;;;;;;;;;;;;;;;;;
2021/12/20;1000 UTC;;;;;;;;;;;;;;;;;;
2021/12/20;1100 UTC;;;;;;;;;;;;;;;;;;
2021/12/20;1200 UTC;;;;;;;;;;;;;;;;;;
2021/12/20;1300 UTC;;;;;;;;;;;;;;;;;;
2021/12/20;1400 UTC;;;;;;;;;;;;;;;;;;
2021/12/20;1500 UTC;;;;;;;;;;;;;;;;;;
2021/12/20;1600 UTC;;;;;;;;;;;;;;;;;;
2021/12/20;1700 UTC;;;;;;;;;;;;;;;;;;
2021/12/20;1800 UTC;;;;;;;;;;;;;;;;;;
2021/12/20;1900 UTC;;;;;;;;;;;;;;;;;;
2021/12/20;2000 UTC;;;;;;;;;;;;;;;;;;
2021/12/20;2100 UTC;;;;;;;;;;;;;;;;;;
2021/12/20;2200 UTC;;;;;;;;;;;;;;;;;;
2021/12/20;2300 UTC;;;;;;;;;;;;;;;;;;
2021/12/21;0000 UTC;;;;;;;;;;;;;;;;;;
2021/12/21;0100 UTC;;;;;;;;;;;;;;;;;;
2021/12/21;0200 UTC;;;;;;;;;;;;;;;;;;
2021/12/21;0300 UTC;;;;;;;;;;;;;;;;;;
2021/12/21;0400 UTC;;;;;;;;;;;;;;;;;;
2021/12/21;0500 UTC;;;;;;;;;;;;;;;;;;
2021/12/21;0600 UTC;;;;;;;;;;;;;;;;;;
2021/12/21;0700 UTC;;;;;;;;;;;;;;;;;;
2021/12/21;0800 UTC;;;;;;;;;;;;;;;;;;
2021/12/21;0900 UTC;;;;;;;;;;;;;;;;;;
2021/12/21;1000 UTC;;;;;;;;;;;;;;;;;;
2021/12/21;1100 UTC;;;;;;;;;;;;;;;;;;
2021/12/21;1200 UTC;;;;;;;;;;;;;;;;;;
2021/12/21;1300 UTC;;;;;;;;;;;;;;;;;;
2021/12/21;1400 UTC;;;;;;;;;;;;;;;;;;
2021/12/21;1500 UTC;;;;;;;;;;;;;;;;;;
2021/12/21;1600 UTC;;;;;;;;;;;;;;;;;;
2021/12/21;1700 UTC;;;;;;;;;;;;;;;;;;
2021/12/21;1800 UTC;;;;;;;;;;;;;;;;;;
2021/12/21;1900 UTC;;;;;;;;;;;;;;;;;;
2021/12/21;2000 UTC;;;;;;;;;;;;;;;;;;
2021/12/21;2100 UTC;;;;;;;;;;;;;;;;;;
2021/12/21;2200 UTC;;;;;;;;;;;;;;;;;;
2021/12/21;2300 UTC;;;;;;;;;;;;;;;;;;
2021/12/22;0000 UTC;;;;;;;;;;;;;;;;;;
2021/12/22;0100 UTC;;;;;;;;;;;;;;;;;;
2021/12/22;0200 UTC;;;;;;;;;;;;;;;;;;
2021/12/22;0300 UTC;;;;;;;;;;;;;;;;;;
2021/12/22;0400 UTC;;;;;;;;;;;;;;;;;;
2021/12/22;0500 UTC;;;;;;;;;;;;;;;;;;
2021/12/22;0600 UTC;;;;;;;;;;;;;;;;;;
2021/12/22;0700 UTC;;;;;;;;;;;;;;;;;;
2021/12/22;0800 UTC;;;;;;;;;;;;;;;;;;
2021/12/22;0900 UTC;;;;;;;;;;;;;;;;;;
2021/12/22;1000 UTC;;;;;;;;;;;;;;;;;;
2021/12/22;1100 UTC;;;;;;;;;;;;;;;;;;
2021/12/22;1200 UTC;;;;;;;;;;;;;;;;;;
2021/12/22;1300 UTC;;;;;;;;;;;;;;;;;;
2021/12/22;1400 UTC;;;;;;;;;;;;;;;;;;
2021/12/22;1500 UTC;;;;;;;;;;;;;;;;;;
2021/12/22;1600 UTC;;;;;;;;;;;;;;;;;;
2021/12/22;1700 UTC;;;;;;;;;;;;;;;;;;
2021/12/22;1800 UTC;;;;;;;;;;;;;;;;;;
2021/12/22;1900 UTC;;;;;;;;;;;;;;;;;;
2021/12/22;2000 UTC;;;;;;;;;;;;;;;;;;
2021/12/22;2100 UTC;;;;;;;;;;;;;;;;;;
2021/12/22;2200 UTC;;;;;;;;;;;;;;;;;;
2021/12/22;2300 UTC;;;;;;;;;;;;;;;;;;
2021/12/23;0000 UTC;;;;;;;;;;;;;;;;;;
2021/12/23;0100 UTC;;;;;;;;;;;;;;;;;;
2021/12/23;0200 UTC;;;;;;;;;;;;;;;;;;
2021/12/23;0300 UTC;;;;;;;;;;;;;;;;;;
2021/12/23;0400 UTC;;;;;;;;;;;;;;;;;;
2021/12/23;0500 UTC;;;;;;;;;;;;;;;;;;
2021/12/23;0600 UTC;;;;;;;;;;;;;;;;;;
2021/12/23;0700 UTC;;;;;;;;;;;;;;;;;;
2021/12/23;0800 UTC;;;;;;;;;;;;;;;;;;
2021/12/23;0900 UTC;;;;;;;;;;;;;;;;;;
2021/12/23;1000 UTC;;;;;;;;;;;;;;;;;;
2021/12/23;1100 UTC;;;;;;;;;;;;;;;;;;
2021/12/23;1200 UTC;;;;;;;;;;;;;;;;;;
2021/12/23;1300 UTC;;;;;;;;;;;;;;;;;;
2021/12/23;1400 UTC;;;;;;;;;;;;;;;;;;
2021/12/23;1500 UTC;;;;;;;;;;;;;;;;;;
2021/12/23;1600 UTC;;;;;;;;;;;;;;;;;;
2021/12/23;1700 UTC;;;;;;;;;;;;;;;;;;
2021/12/23;1800 UTC;;;;;;;;;;;;;;;;;;
2021/12/23;1900 UTC;;;;;;;;;;;;;;;;;;
2021/12/23;2000 UTC;;;;;;;;;;;;;;;;;;
2021/12/23;2100 UTC;;;;;;;;;;;;;;;;;;
2021/12/23;2200 UTC;;;;;;;;;;;;;;;;;;
2021/12/23;2300 UTC;;;;;;;;;;;;;;;;;;
2021/12/24;0000 UTC;;;;;;;;;;;;;;;;;;
2021/12/24;0100 UTC;;;;;;;;;;;;;;;;;;
2021/12/24;0200 UTC;;;;;;;;;;;;;;;;;;
2021/12/24;0300 UTC;;;;;;;;;;;;;;;;;;
2021/12/24;0400 UTC;;;;;;;;;;;;;;;;;;
2021/12/24;0500 UTC;;;;;;;;;;;;;;;;;;
2021/12/24;0600 UTC;;;;;;;;;;;;;;;;;;
2021/12/24;0700 UTC;;;;;;;;;;;;;;;;;;
2021/12/24;0800 UTC;;;;;;;;;;;;;;;;;;
2021/12/24;0900 UTC;;;;;;;;;;;;;;;;;;
2021/12/24;1000 UTC;;;;;;;;;;;;;;;;;;
2021/12/24;1100 UTC;;;;;;;;;;;;;;;;;;
2021/12/24;1200 UTC;;;;;;;;;;;;;;;;;;
2021/12/24;1300 UTC;;;;;;;;;;;;;;;;;;
2021/12/24;1400 UTC;;;;;;;;;;;;;;;;;;
2021/12/24;1500 UTC;;;;;;;;;;;;;;;;;;
2021/12/24;1600 UTC;;;;;;;;;;;;;;;;;;
2021/12/24;1700 UTC;;;;;;;;;;;;;;;;;;
2021/12/24;1800 UTC;;;;;;;;;;;;;;;;;;
2021/12/24;1900 UTC;;;;;;;;;;;;;;;;;;
2021/12/24;2000 UTC;;;;;;;;;;;;;;;;;;
2021/12/24;2100 UTC;;;;;;;;;;;;;;;;;;
2021/12/24;2200 UTC;;;;;;;;;;;;;;;;;;
2021/12/24;2300 UTC;;;;;;;;;;;;;;;;;;
2021/12/25;0000 UTC;;;;;;;;;;;;;;;;;;
2021/12/25;0100 UTC;;;;;;;;;;;;;;;;;;
2021/12/25;0200 UTC;;;;;;;;;;;;;;;;;;
2021/12/25;0300 UTC;;;;;;;;;;;;;;;;;;
2021/12/25;0400 UTC;;;;;;;;;;;;;;;;;;
2021/12/25;0500 UTC;;;;;;;;;;;;;;;;;;
2021/12/25;0600 UTC;;;;;;;;;;;;;;;;;;
2021/12/25;0700 UTC;;;;;;;;;;;;;;;;;;
2021/12/25;0800 UTC;;;;;;;;;;;;;;;;;;
2021/12/25;0900 UTC;;;;;;;;;;;;;;;;;;
2021/12/25;1000 UTC;;;;;;;;;;;;;;;;;;
2021/12/25;1100 UTC;;;;;;;;;;;;;;;;;;
2021/12/25;1200 UTC;;;;;;;;;;;;;;;;;;
2021/12/25;1300 UTC;;;;;;;;;;;;;;;;;;
2021/12/25;1400 UTC;;;;;;;;;;;;;;;;;;
2021/12/25;1500 UTC;;;;;;;;;;;;;;;;;;
2021/12/25;1600 UTC;;;;;;;;;;;;;;;;;;
2021/12/25;1700 UTC;;;;;;;;;;;;;;;;;;
2021/12/25;1800 UTC;;;;;;;;;;;;;;;;;;
2021/12/25;1900 UTC;;;;;;;;;;;;;;;;;;
2021/12/25;2000 UTC;;;;;;;;;;;;;;;;;;
2021/12/25;2100 UTC;;;;;;;;;;;;;;;;;;
2021/12/25;2200 UTC;;;;;;;;;;;;;;;;;;
2021/12/25;2300 UTC;;;;;;;;;;;;;;;;;;
2021/12/26;0000 UTC;;;;;;;;;;;;;;;;;;
2021/12/26;0100 UTC;;;;;;;;;;;;;;;;;;
2021/12/26;0200 UTC;;;;;;;;;;;;;;;;;;
2021/12/26;0300 UTC;;;;;;;;;;;;;;;;;;
2021/12/26;0400 UTC;;;;;;;;;;;;;;;;;;
2021/12/26;0500 UTC;;;;;;;;;;;;;;;;;;
2021/12/26;0600 UTC;;;;;;;;;;;;;;;;;;
2021/12/26;0700 UTC;;;;;;;;;;;;;;;;;;
2021/12/26;0800 UTC;;;;;;;;;;;;;;;;;;
2021/12/26;0900 UTC;;;;;;;;;;;;;;;;;;
2021/12/26;1000 UTC;;;;;;;;;;;;;;;;;;
2021/12/26;1100 UTC;;;;;;;;;;;;;;;;;;
2021/12/26;1200 UTC;;;;;;;;;;;;;;;;;;
2021/12/26;1300 UTC;;;;;;;;;;;;;;;;;;
2021/12/26;1400 UTC;;;;;;;;;;;;;;;;;;
2021/12/26;1500 UTC;;;;;;;;;;;;;;;;;;
2021/12/26;1600 UTC;;;;;;;;;;;;;;;;;;
2021/12/26;1700 UTC;;;;;;;;;;;;;;;;;;
2021/12/26;1800 UTC;;;;;;;;;;;;;;;;;;
2021/12/26;1900 UTC;;;;;;;;;;;;;;;;;;
2021/12/26;2000 UTC;;;;;;;;;;;;;;;;;;
2021/12/26;2100 UTC;;;;;;;;;;;;;;;;;;
2021/12/26;2200 UTC;;;;;;;;;;;;;;;;;;
2021/12/26;2300 UTC;;;;;;;;;;;;;;;;;;
2021/12/27;0000 UTC;;;;;;;;;;;;;;;;;;
2021/12/27;0100 UTC;;;;;;;;;;;;;;;;;;
2021/12/27;0200 UTC;;;;;;;;;;;;;;;;;;
2021/12/27;0300 UTC;;;;;;;;;;;;;;;;;;
2021/12/27;0400 UTC;;;;;;;;;;;;;;;;;;
2021/12/27;0500 UTC;;;;;;;;;;;;;;;;;;
2021/12/27;0600 UTC;;;;;;;;;;;;;;;;;;
2021/12/27;0700 UTC;;;;;;;;;;;;;;;;;;
2021/12/27;0800 UTC;;;;;;;;;;;;;;;;;;
2021/12/27;0900 UTC;;;;;;;;;;;;;;;;;;
2021/12/27;1000 UTC;;;;;;;;;;;;;;;;;;
2021/12/27;1100 UTC;;;;;;;;;;;;;;;;;;
2021/12/27;1200 UTC;;;;;;;;;;;;;;;;;;
2021/12/27;1300 UTC;;;;;;;;;;;;;;;;;;
2021/12/27;1400 UTC;;;;;;;;;;;;;;;;;;
2021/12/27;1500 UTC;;;;;;;;;;;;;;;;;;
2021/12/27;1600 UTC;;;;;;;;;;;;;;;;;;
2021/12/27;1700 UTC;;;;;;;;;;;;;;;;;;
2021/12/27;1800 UTC;;;;;;;;;;;;;;;;;;
2021/12/27;1900 UTC;;;;;;;;;;;;;;;;;;
2021/12/27;2000 UTC;;;;;;;;;;;;;;;;;;
2021/12/27;2100 UTC;;;;;;;;;;;;;;;;;;
2021/12/27;2200 UTC;;;;;;;;;;;;;;;;;;
2021/12/27;2300 UTC;;;;;;;;;;;;;;;;;;
2021/12/28;0000 UTC;;;;;;;;;;;;;;;;;;
2021/12/28;0100 UTC;;;;;;;;;;;;;;;;;;
2021/12/28;0200 UTC;;;;;;;;;;;;;;;;;;
2021/12/28;0300 UTC;;;;;;;;;;;;;;;;;;
2021/12/28;0400 UTC;;;;;;;;;;;;;;;;;;
2021/12/28;0500 UTC;;;;;;;;;;;;;;;;;;
2021/12/28;0600 UTC;;;;;;;;;;;;;;;;;;
2021/12/28;0700 UTC;;;;;;;;;;;;;;;;;;
2021/12/28;0800 UTC;;;;;;;;;;;;;;;;;;
2021/12/28;0900 UTC;;;;;;;;;;;;;;;;;;
2021/12/28;1000 UTC;;;;;;;;;;;;;;;;;;
2021/12/28;1100 UTC;;;;;;;;;;;;;;;;;;
2021/12/28;1200 UTC;;;;;;;;;;;;;;;;;;
2021/12/28;1300 UTC;;;;;;;;;;;;;;;;;;
2021/12/28;1400 UTC;;;;;;;;;;;;;;;;;;
2021/12/28;1500 UTC;;;;;;;;;;;;;;;;;;
2021/12/28;1600 UTC;;;;;;;;;;;;;;;;;;
2021/12/28;1700 UTC;;;;;;;;;;;;;;;;;;
2021/12/28;1800 UTC;;;;;;;;;;;;;;;;;;
2021/12/28;1900 UTC;;;;;;;;;;;;;;;;;;
2021/12/28;2000 UTC;;;;;;;;;;;;;;;;;;
2021/12/28;2100 UTC;;;;;;;;;;;;;;;;;;
2021/12/28;2200 UTC;;;;;;;;;;;;;;;;;;
2021/12/28;2300 UTC;;;;;;;;;;;;;;;;;;
2021/12/29;0000 UTC;;;;;;;;;;;;;;;;;;
2021/12/29;0100 UTC;;;;;;;;;;;;;;;;;;
2021/12/29;0200 UTC;;;;;;;;;;;;;;;;;;
2021/12/29;0300 UTC;;;;;;;;;;;;;;;;;;
2021/12/29;0400 UTC;;;;;;;;;;;;;;;;;;
2021/12/29;0500 UTC;;;;;;;;;;;;;;;;;;
2021/12/29;0600 UTC;;;;;;;;;;;;;;;;;;
2021/12/29;0700 UTC;;;;;;;;;;;;;;;;;;
2021/12/29;0800 UTC;;;;;;;;;;;;;;;;;;
2021/12/29;0900 UTC;;;;;;;;;;;;;;;;;;
2021/12/29;1000 UTC;;;;;;;;;;;;;;;;;;
2021/12/29;1100 UTC;;;;;;;;;;;;;;;;;;
2021/12/29;1200 UTC;;;;;;;;;;;;;;;;;;
2021/12/29;1300 UTC;;;;;;;;;;;;;;;;;;
2021/12/29;1400 UTC;;;;;;;;;;;;;;;;;;
2021/12/29;1500 UTC;;;;;;;;;;;;;;;;;;
2021/12/29;1600 UTC;;;;;;;;;;;;;;;;;;
2021/12/29;1700 UTC;;;;;;;;;;;;;;;;;;
2021/12/29;1800 UTC;;;;;;;;;;;;;;;;;;
2021/12/29;1900 UTC;;;;;;;;;;;;;;;;;;
2021/12/29;2000 UTC;;;;;;;;;;;;;;;;;;
2021/12/29;2100 UTC;;;;;;;;;;;;;;;;;;
2021/12/29;2200 UTC;;;;;;;;;;;;;;;;;;
2021/12/29;2300 UTC;;;;;;;;;;;;;;;;;;
2021/12/30;0000 UTC;;;;;;;;;;;;;;;;;;
2021/12/30;0100 UTC;;;;;;;;;;;;;;;;;;
2021/12/30;0200 UTC;;;;;;;;;;;;;;;;;;
2021/12/30;0300 UTC;;;;;;;;;;;;;;;;;;
2021/12/30;0400 UTC;;;;;;;;;;;;;;;;;;
2021/12/30;0500 UTC;;;;;;;;;;;;;;;;;;
2021/12/30;0600 UTC;;;;;;;;;;;;;;;;;;
2021/12/30;0700 UTC;;;;;;;;;;;;;;;;;;
2021/12/30;0800 UTC;;;;;;;;;;;;;;;;;;
2021/12/30;0900 UTC;;;;;;;;;;;;;;;;;;
2021/12/30;1000 UTC;;;;;;;;;;;;;;;;;;
2021/12/30;1100 UTC;;;;;;;;;;;;;;;;;;
2021/12/30;1200 UTC;;;;;;;;;;;;;;;;;;
2021/12/30;1300 UTC;;;;;;;;;;;;;;;;;;
2021/12/30;1400 UTC;;;;;;;;;;;;;;;;;;
2021/12/30;1500 UTC;;;;;;;;;;;;;;;;;;
2021/12/30;1600 UTC;;;;;;;;;;;;;;;;;;
2021/12/30;1700 UTC;;;;;;;;;;;;;;;;;;
2021/12/30;1800 UTC;;;;;;;;;;;;;;;;;;
2021/12/30;1900 UTC;;;;;;;;;;;;;;;;;;
2021/12/30;2000 UTC;;;;;;;;;;;;;;;;;;
2021/12/30;2100 UTC;;;;;;;;;;;;;;;;;;
2021/12/30;2200 UTC;;;;;;;;;;;;;;;;;;
2021/12/30;2300 UTC;;;;;;;;;;;;;;;;;;
2021/12/31;0000 UTC;;;;;;;;;;;;;;;;;;
2021/12/31;0100 UTC;;;;;;;;;;;;;;;;;;
2021/12/31;0200 UTC;;;;;;;;;;;;;;;;;;
2021/12/31;0300 UTC;;;;;;;;;;;;;;;;;;
2021/12/31;0400 UTC;;;;;;;;;;;;;;;;;;
2021/12/31;0500 UTC;;;;;;;;;;;;;;;;;;
2021/12/31;0600 UTC;;;;;;;;;;;;;;;;;;
2021/12/31;0700 UTC;;;;;;;;;;;;;;;;;;
2021/12/31;0800 UTC;;;;;;;;;;;;;;;;;;
2021/12/31;0900 UTC;;;;;;;;;;;;;;;;;;
2021/12/31;1000 UTC;;;;;;;;;;;;;;;;;;
2021/12/31;1100 UTC;;;;;;;;;;;;;;;;;;
2021/12/31;1200 UTC;;;;;;;;;;;;;;;;;;
2021/12/31;1300 UTC;;;;;;;;;;;;;;;;;;
2021/12/31;1400 UTC;;;;;;;;;;;;;;;;;;
2021/12/31;1500 UTC;;;;;;;;;;;;;;;;;;
2021/12/31;1600 UTC;;;;;;;;;;;;;;;;;;
2021/12/31;1700 UTC;;;;;;;;;;;;;;;;;;
2021/12/31;1800 UTC;;;;;;;;;;;;;;;;;;
2021/12/31;1900 UTC;;;;;;;;;;;;;;;;;;
2021/12/31;2000 UTC;;;;;;;;;;;;;;;;;;
2021/12/31;2100 UTC;;;;;;;;;;;;;;;;;;
2021/12/31;2200 UTC;;;;;;;;;;;;;;;;;;
2021/12/31;2300 UTC;;;;;;;;;;;;;;;;;;
