REGIAO:;SE
UF:;MG
ESTACAO:;SERRA DOS AIMORES
CODIGO (WMO):;A522
LATITUDE:;-17,79888888
LONGITUDE:;-40,25
ALTITUDE:;211,97
DATA DE FUNDACAO:;21/08/06
Data;Hora UTC;PRECIPITAO TOTAL, HORRIO (mm);PRESSAO ATMOSFERICA AO NIVEL DA ESTACAO, HORARIA (mB);PRESSO ATMOSFERICA MAX.NA HORA ANT. (AUT) (mB);PRESSO ATMOSFERICA MIN. NA HORA ANT. (AUT) (mB);RADIACAO GLOBAL (Kj/m);TEMPERATURA DO AR - BULBO SECO, HORARIA (C);TEMPERATURA DO PONTO DE ORVALHO (C);TEMPERATURA MXIMA NA HORA ANT. (AUT) (C);TEMPERATURA MNIMA NA HORA ANT. (AUT) (C);TEMPERATURA ORVALHO MAX. NA HORA ANT. (AUT) (C);TEMPERATURA ORVALHO MIN. NA HORA ANT. (AUT) (C);UMIDADE REL. MAX. NA HORA ANT. (AUT) (%);UMIDADE REL. MIN. NA HORA ANT. (AUT) (%);UMIDADE RELATIVA DO AR, HORARIA (%);VENTO, DIREO HORARIA (gr) ( (gr));VENTO, RAJADA MAXIMA (m/s);VENTO, VELOCIDADE HORARIA (m/s);
2025/01/01;0000 UTC;0;989,5;989,5;989,2;;23,4;20,6;23,9;23,4;21,2;20,6;85;84;85;;;;
2025/01/01;0100 UTC;0;989,7;989,7;989,5;;23;20,4;23,4;23;20,6;20,3;85;85;85;;;;
2025/01/01;0200 UTC;0;989,6;989,9;989,6;;23,1;20,6;23,2;23;20,6;20,4;86;85;85;;;;
2025/01/01;0300 UTC;0;989,3;989,7;989,3;;23,1;20,6;23,2;23,1;20,7;20,5;86;85;86;;;;
2025/01/01;0400 UTC;0;988,8;989,4;988,8;;23;20,5;23,2;23;20,7;20,5;86;86;86;;;;
2025/01/01;0500 UTC;0;988,1;988,8;988,1;;23;20,6;23,1;22,7;20,7;20,3;87;86;87;;;;
2025/01/01;0600 UTC;0;987,9;988,1;987,9;;22,8;20,6;23;22,7;20,6;20,4;87;87;87;;;;
2025/01/01;0700 UTC;0;988,1;988,1;987,9;;22,7;20,5;22,8;22,7;20,6;20,4;87;87;87;;;;
2025/01/01;0800 UTC;0;988,8;988,8;988,1;;22,6;20,4;22,8;22,6;20,5;20,4;87;87;87;;;;
2025/01/01;0900 UTC;0;989;989,1;988,8;39,1;22,8;20,5;22,8;22,6;20,5;20,3;87;87;87;;;;
2025/01/01;1000 UTC;0;989,9;989,9;989;150,7;23,2;20,9;23,3;22,7;21;20,5;87;87;87;;;;
2025/01/01;1100 UTC;0;990,3;990,3;989,9;426,5;23,8;21,3;23,8;23,1;21,4;20,8;87;86;86;;;;
2025/01/01;1200 UTC;0;990,9;990,9;990,3;683,4;25;22,2;25;23,8;22,3;21,4;86;84;85;;;;
2025/01/01;1300 UTC;0;990,9;991;990,9;1855,5;26,6;22,9;27,1;25;23,7;22,4;85;80;80;;;;
2025/01/01;1400 UTC;0;990,8;991;990,7;1921,9;27,6;23,5;27,8;26,6;23,9;22,9;81;77;78;;;;
2025/01/01;1500 UTC;0;990,3;990,8;990,3;1724;28,2;23,2;28,8;27,6;24;22,9;78;74;74;;;;
2025/01/01;1600 UTC;0;990;990,4;990;1965,2;28,6;22,9;29,2;28,2;24;22,7;75;71;71;;;;
2025/01/01;1700 UTC;0;989,4;990;989,4;2110,7;28,9;22,4;29,9;28,6;23,9;22,4;72;68;68;;;;
2025/01/01;1800 UTC;0;988,8;989,4;988,8;1026,9;28,7;21,9;29;28,6;22,5;21,9;68;67;67;;;;
2025/01/01;1900 UTC;0;988,5;988,8;988,4;734,7;28,2;21,9;29;28,2;22,3;21,5;69;66;69;;;;
2025/01/01;2000 UTC;0;988,4;988,5;988,3;241,3;27;21,4;28,2;27;21,9;21,4;72;69;71;;;;
2025/01/01;2100 UTC;0;988,4;988,6;988,3;61;26,1;21,1;27;26;21,4;21;75;71;74;;;;
2025/01/01;2200 UTC;0;988,3;988,4;988,2;3,7;24,8;20,6;26,2;24,8;21,1;20,5;78;74;78;;;;
2025/01/01;2300 UTC;0;988,9;988,9;988,3;;24,7;21;24,9;24,7;21,1;20,6;80;78;80;;;;
2025/01/02;0000 UTC;0;989,6;989,6;988,8;;24,4;21;24,7;24,4;21;21;81;80;81;;;;
2025/01/02;0100 UTC;0;990,3;990,3;989,6;;23,9;20,6;24,4;23,9;21;20,6;82;81;82;;;;
2025/01/02;0200 UTC;0;990,5;990,6;990,3;;23,7;20,1;24;23,6;20,6;20,1;82;80;81;;;;
2025/01/02;0300 UTC;0;990;990,6;990;;23,4;20,1;23,7;23,4;20,2;20,1;81;81;81;;;;
2025/01/02;0400 UTC;0;988,8;990;988,8;;23,2;20,1;23,4;23,2;20,1;20;83;81;83;;;;
2025/01/02;0500 UTC;0;988,9;989;988,5;;22,8;19,9;23,2;22,8;20;19,9;83;83;83;;;;
2025/01/02;0600 UTC;0;988;989;988;;22,7;19,9;22,9;22,7;20;19,8;84;83;84;;;;
2025/01/02;0700 UTC;0;988,3;988,4;987,8;;22,8;20;22,8;22,6;20;19,9;85;84;85;;;;
2025/01/02;0800 UTC;0;988,8;988,8;987,9;;22,8;20,1;22,9;22,7;20,2;20;85;84;84;;;;
2025/01/02;0900 UTC;0;989,6;989,6;988,8;45,5;23;20,2;23;22,7;20,3;20;85;84;85;;;;
2025/01/02;1000 UTC;0;990;990,1;989,6;291,7;23,8;21;23,8;23;21;20,3;85;84;84;;;;
2025/01/02;1100 UTC;0;990,4;990,4;990;808,7;24,8;21,6;24,9;23,8;21,7;21;84;82;82;;;;
2025/01/02;1200 UTC;0;990,5;990,5;990,4;2397,4;27,4;23,1;28,1;24,7;23,9;21,4;83;76;78;;;;
2025/01/02;1300 UTC;0;990,4;990,5;990,3;2274,5;27,6;22,2;28,5;27,3;24;22,1;78;72;72;;;;
2025/01/02;1400 UTC;0;990;990,4;990;1737,8;28,2;22;28,5;27,4;22,6;21,8;73;69;69;;;;
2025/01/02;1500 UTC;0;989,6;990;989,6;2345,9;29;21,7;29,7;28,1;23,1;21,6;70;65;65;;;;
2025/01/02;1600 UTC;0;988,7;989,6;988,7;2377,8;30,3;22;30,4;28,9;22,5;21,3;66;61;61;;;;
2025/01/02;1700 UTC;0;987,8;988,7;987,8;3194,7;31,2;21,5;31,7;29,8;23;20,8;62;56;57;;;;
2025/01/02;1800 UTC;0;986,9;987,8;986,9;3029,1;31,4;20,7;32,1;30,6;22,6;20,3;57;53;53;;;;
2025/01/02;1900 UTC;0;986,6;986,9;986,6;1825,5;30,8;19,3;32;30,3;21,4;19;54;51;51;;;;
2025/01/02;2000 UTC;0;986,6;986,6;986,5;967,8;29,6;18,8;31,1;29,6;19,7;18,7;53;50;52;;;;
2025/01/02;2100 UTC;0;986,9;986,9;986,6;255,2;28;18,5;29,8;27,9;19;18,3;56;52;56;;;;
2025/01/02;2200 UTC;0;986,8;987;986,8;11,3;26,5;19,1;28,1;26,5;19,1;18,5;64;56;64;;;;
2025/01/02;2300 UTC;0;987,1;987,1;986,8;;25,7;19,2;26,6;25,7;19,3;19,1;67;64;67;;;;
2025/01/03;0000 UTC;0;987,9;988;987,1;;25,1;19;25,7;25,1;19,2;19;69;67;69;;;;
2025/01/03;0100 UTC;0;988,7;988,7;987,9;;24,5;18,8;25,1;24,5;19;18,7;71;69;71;;;;
2025/01/03;0200 UTC;0;988,3;988,7;988,3;;24,1;19;24,5;24;19,1;18,8;73;71;73;;;;
2025/01/03;0300 UTC;0;987,8;988,4;987,8;;23,9;19,1;24,2;23,8;19,2;19;75;73;75;;;;
2025/01/03;0400 UTC;0;987,2;987,8;987,2;;23,9;19,2;24;23,8;19,3;19;75;75;75;;;;
2025/01/03;0500 UTC;0;986,8;987,3;986,7;;23,7;19,2;23,9;23,5;19,3;19;76;75;76;;;;
2025/01/03;0600 UTC;0;986,6;986,8;986,6;;23,5;19,2;23,7;23,5;19,3;19,1;77;76;77;;;;
2025/01/03;0700 UTC;0;986,5;986,6;986,4;;23,1;19,2;23,5;23;19,3;19,1;79;77;79;;;;
2025/01/03;0800 UTC;0;986,9;986,9;986,5;;23,1;19,3;23,3;23;19,4;19,2;79;79;79;;;;
2025/01/03;0900 UTC;0;987,5;987,6;986,9;25,4;23;19,4;23,2;23;19,5;19,3;80;79;80;;;;
2025/01/03;1000 UTC;0;988,4;988,4;987,5;293,5;24,2;20,5;24,2;23;20,5;19,4;80;79;80;;;;
2025/01/03;1100 UTC;0;988,5;988,5;988,4;775,7;25,6;21,2;25,6;24,2;21,3;20,4;80;77;77;;;;
2025/01/03;1200 UTC;0;988,9;989;988,5;1814,1;27,9;22,3;28;25,6;22,8;21,1;77;71;72;;;;
2025/01/03;1300 UTC;0;988,8;988,9;988,8;1903,6;29,2;22,5;29,2;27,5;22,6;21,6;72;67;67;;;;
2025/01/03;1400 UTC;0;988,3;988,8;988,3;3614,9;30,2;21,8;31,3;29;23,4;21,7;68;60;61;;;;
2025/01/03;1500 UTC;0;987,9;988,3;987,8;3206,2;31,4;21,5;33;30;23,4;21,1;61;54;56;;;;
2025/01/03;1600 UTC;0;987;987,9;987;3405,2;32,7;20,7;33;31,4;22,2;20,6;56;49;49;;;;
2025/01/03;1700 UTC;,2;986;987;986;2309;33;20,7;33,1;31,3;21;19,3;51;47;49;;;;
2025/01/03;1800 UTC;0;985,1;986;984,9;2433,9;31,6;18,6;33,2;31,6;20,7;18,3;49;44;46;;;;
2025/01/03;1900 UTC;0;985;985,3;984,9;365,5;29,6;19,3;31,6;29,6;19,3;18,3;54;46;54;;;;
2025/01/03;2000 UTC;,2;985,1;985,1;984,7;66,9;28,5;19,3;29,6;28,5;19,4;19,1;58;54;58;;;;
2025/01/03;2100 UTC;0;986,1;986,1;985,1;75,1;25,4;19,5;28,5;25,4;19,6;18,8;70;58;70;;;;
2025/01/03;2200 UTC;0;987,4;987,4;986,2;6,8;25,2;20;25,4;24,9;20,1;19,3;73;70;73;;;;
2025/01/03;2300 UTC;0;988,7;988,7;987,4;;23,4;18,8;25,2;23,4;20;18,6;75;72;75;;;;
2025/01/04;0000 UTC;0;988,5;988,9;988,5;;22,9;18,9;23,4;22,8;18,9;18,6;78;75;78;;;;
2025/01/04;0100 UTC;0;988,4;988,5;987,9;;23,4;19,9;23,4;22,8;20;18,8;81;78;81;;;;
2025/01/04;0200 UTC;0;988,3;988,4;988,1;1,6;22,8;19,3;23,5;22,8;20,1;19,3;82;80;81;;;;
2025/01/04;0300 UTC;0;987,5;988,3;987,5;1,4;22,7;19,4;22,8;22,5;19,4;19,2;82;81;82;;;;
2025/01/04;0400 UTC;0;986,3;987,5;986,3;;22,9;19,8;23,1;22,7;19,9;19,4;83;82;83;;;;
2025/01/04;0500 UTC;0;986,6;986,7;986,1;;22,9;19,9;23,3;22,8;20,1;19,7;83;82;83;;;;
2025/01/04;0600 UTC;0;985,9;986,6;985,9;;22,9;19,9;23;22,7;19,9;19,8;84;83;84;;;;
2025/01/04;0700 UTC;0;986,3;986,3;985,8;;23,1;20,1;23,2;22,9;20,2;19,9;84;83;83;;;;
2025/01/04;0800 UTC;0;986,8;986,8;986,2;;23,1;20,1;23,2;23;20,1;20;83;83;83;;;;
2025/01/04;0900 UTC;0;987,5;987,5;986,8;27,1;23;20,1;23,2;22,9;20,1;20;84;83;84;;;;
2025/01/04;1000 UTC;0;988,2;988,2;987,5;286,2;23,3;20,4;23,4;23;20,5;20,1;84;84;84;;;;
2025/01/04;1100 UTC;0;988,7;988,7;988,2;633,5;24,5;21,2;24,7;23,3;21,5;20,4;84;82;82;;;;
2025/01/04;1200 UTC;0;989,2;989,2;988,7;1343,3;25,7;22;25,9;24,5;22,4;21,2;82;80;80;;;;
2025/01/04;1300 UTC;0;989,3;989,4;989,1;1124;26,4;22,3;26,6;25,6;22,5;21,8;80;78;78;;;;
2025/01/04;1400 UTC;0;989;989,4;989;2338,8;28,3;23,3;28,4;26,4;23,7;22,3;78;74;75;;;;
2025/01/04;1500 UTC;0;988,4;989;988,4;2749,4;29,4;22,8;30,2;28;24,5;22,5;75;68;68;;;;
2025/01/04;1600 UTC;0;987,8;988,4;987,8;2203;29,9;22,6;30,4;28,9;23,7;21,7;68;65;65;;;;
2025/01/04;1700 UTC;0;987,1;987,8;987,1;1652,6;29,8;21,8;30;29,4;22,5;21,3;65;61;62;;;;
2025/01/04;1800 UTC;0;986,4;987,1;986,4;1020,1;29,3;21;29,8;29,1;21,8;21;62;61;61;;;;
2025/01/04;1900 UTC;0;985,6;986,4;985,6;1127,3;29,8;20,6;30,8;29,3;21,9;20,6;61;58;58;;;;
2025/01/04;2000 UTC;0;985,4;985,7;985,4;1143,6;28,8;19,9;30,5;28,8;21;19,7;59;55;59;;;;
2025/01/04;2100 UTC;,2;985,4;985,5;985,2;217;27,6;20,3;28,8;27,6;20,4;19,9;64;59;64;;;;
2025/01/04;2200 UTC;0;985,2;985,4;985,1;8,6;27,1;19,9;27,6;27,1;20,3;19,9;66;64;65;;;;
2025/01/04;2300 UTC;0;985,8;985,8;985,2;;25,6;19,9;27,2;25,6;19,9;19,1;71;64;71;;;;
2025/01/05;0000 UTC;0;986,1;986,1;985,6;;25;19,9;25,6;25;20,1;19,8;73;71;73;;;;
2025/01/05;0100 UTC;0;987,3;987,3;986,1;;24,7;19,9;25,1;24,7;20,1;19,9;75;73;75;;;;
2025/01/05;0200 UTC;0;986,8;987,3;986,8;;24,8;20,1;25;24,7;20,2;19,9;75;75;75;;;;
2025/01/05;0300 UTC;0;986,6;986,9;986,6;;24,6;20,1;25;24,6;20,3;20;76;75;76;;;;
2025/01/05;0400 UTC;0;986;986,6;986;;24,4;20;24,7;24,4;20,1;20;76;76;76;;;;
2025/01/05;0500 UTC;0;985,4;986;985,4;;24,1;19,7;24,5;24,1;20;19,7;76;76;76;;;;
2025/01/05;0600 UTC;0;985,2;985,4;985,2;;24,1;19,7;24,2;24;19,8;19,7;77;76;77;;;;
2025/01/05;0700 UTC;0;985,4;985,4;985,1;;23,9;19,7;24,1;23,9;19,8;19,7;77;77;77;;;;
2025/01/05;0800 UTC;0;985,9;985,9;985,4;;23,7;19,6;24;23,7;19,8;19,6;78;77;78;;;;
2025/01/05;0900 UTC;0;986,9;986,9;985,9;55,4;24;20;24;23,6;20;19,5;78;78;78;;;;
2025/01/05;1000 UTC;0;987,4;987,4;986,9;445,3;25,2;20,8;25,2;24;20,9;20;78;77;77;;;;
2025/01/05;1100 UTC;0;987,6;987,7;987,4;883,3;26,5;21,5;26,5;25,2;21,7;20,7;77;74;74;;;;
2025/01/05;1200 UTC;0;988;988;987,6;1346,5;27,6;21,9;27,7;26,5;22,2;21,5;74;71;71;;;;
2025/01/05;1300 UTC;0;988,1;988,1;987,9;1151,8;27,9;21,8;28,2;27,4;22,2;21,5;71;69;69;;;;
2025/01/05;1400 UTC;0;988,2;988,3;988,1;946,8;28;21,6;28,1;27,5;22;21,3;70;68;68;;;;
2025/01/05;1500 UTC;0;987,8;988,2;987,7;1208;28,9;22,3;28,9;27,9;22,3;21,5;69;67;68;;;;
2025/01/05;1600 UTC;0;987,5;987,8;987,4;1500,9;28,8;21,8;29,6;28,8;22,7;21,7;68;65;66;;;;
2025/01/05;1700 UTC;0;987,2;987,5;987,2;782,9;28,7;21,8;28,8;28,3;22,2;21,5;68;66;66;;;;
2025/01/05;1800 UTC;0;986,5;987,2;986,5;565,3;28;21,5;28,8;28;21,8;21,4;68;66;68;;;;
2025/01/05;1900 UTC;0;985,9;986,5;985,9;415,7;27,3;21,5;28;27,3;21,6;21,2;71;68;71;;;;
2025/01/05;2000 UTC;0;986,2;986,2;985,9;507;27,3;21,9;27,7;27;21,9;21,4;73;70;73;;;;
2025/01/05;2100 UTC;0;986,4;986,4;986;191,4;26,2;21,4;27,3;26,2;21,9;21,4;75;72;75;;;;
2025/01/05;2200 UTC;0;987,2;987,2;986,4;7,7;25,2;20,8;26,2;25,2;21,4;20,8;77;75;77;;;;
2025/01/05;2300 UTC;0;988,2;988,3;987,2;;24,6;20,7;25,2;24,6;20,8;20,7;79;77;79;;;;
2025/01/06;0000 UTC;0;988,8;988,8;988,1;;24,5;20,9;24,6;24,4;20,9;20,6;81;79;81;;;;
2025/01/06;0100 UTC;0;988,6;989;988,6;;24,4;21;24,6;24,4;21;20,9;81;81;81;;;;
2025/01/06;0200 UTC;0;988,2;988,6;988,2;,9;24,5;21;24,5;24,2;21;20,9;82;81;81;;;;
2025/01/06;0300 UTC;0;987;988,2;987;,7;24,1;20,9;24,5;24;21;20,7;82;81;82;;;;
2025/01/06;0400 UTC;0;986,6;987,2;986,6;,2;24,2;21;24,3;24;21,1;20,8;82;82;82;;;;
2025/01/06;0500 UTC;0;986,5;986,6;986,4;;24,1;21,1;24,2;23,9;21,1;20,9;83;82;83;;;;
2025/01/06;0600 UTC;0;986,2;986,6;986,2;,4;24,1;21,2;24,3;24;21,2;21;84;83;84;;;;
2025/01/06;0700 UTC;0;986,1;986,3;985,9;;23,6;20,8;24,1;23,6;21,2;20,8;84;84;84;;;;
2025/01/06;0800 UTC;0;986,1;986,1;985,9;;23,4;20,7;23,6;23,4;20,8;20,5;85;84;85;;;;
2025/01/06;0900 UTC;0;987,4;987,4;986;46,3;23,7;21;23,7;23,3;21;20,6;85;85;85;;;;
2025/01/06;1000 UTC;0;987,4;988,4;987,4;184,3;24,1;21,4;24,2;23,6;21,5;21;85;85;85;;;;
2025/01/06;1100 UTC;0;988,2;988,2;987,4;541,4;25,3;22,4;25,4;24,1;22,6;21,4;85;84;84;;;;
2025/01/06;1200 UTC;0;988,6;988,8;988,2;1149,4;26,8;23,1;27;25,3;23,5;22,3;84;80;80;;;;
2025/01/06;1300 UTC;0;988,3;988,6;988,3;1740,4;28,5;24;28,6;26,6;24,7;23;81;77;77;;;;
2025/01/06;1400 UTC;0;988,2;988,4;988,2;2329,6;29,6;24,3;30,1;28,4;25,2;23,8;78;73;73;;;;
2025/01/06;1500 UTC;0;987,7;988,3;987,7;2588,3;31;24,2;31,4;29,5;25,7;23,5;74;67;67;;;;
2025/01/06;1600 UTC;0;986,6;987,7;986,6;1813,6;31,5;23,2;31,6;30,5;24,3;23,1;67;62;62;;;;
2025/01/06;1700 UTC;,4;985,3;986,6;985,3;2199,8;31,9;22,8;33,1;31,1;24,7;22,7;62;59;59;;;;
2025/01/06;1800 UTC;0;985;985,3;985;1294,2;28;20,8;33,7;28;24,3;20,6;65;56;65;;;;
2025/01/06;1900 UTC;0;984,8;985,1;984,7;653,6;27,3;21,1;28,1;26,8;21,2;20,3;69;65;69;;;;
2025/01/06;2000 UTC;0;985,7;985,8;984,8;220,1;26,2;20,9;27,4;26,2;21,3;20,9;72;69;72;;;;
2025/01/06;2100 UTC;0;985,7;986,1;985,3;133,8;24,8;20,7;26,2;24,8;21;20,5;78;72;78;;;;
2025/01/06;2200 UTC;0;986,3;986,6;985,7;5,6;25,1;21,1;25,1;24,5;21,1;20,6;79;78;79;;;;
2025/01/06;2300 UTC;0;986,9;986,9;986,3;;24,5;21;25,1;24,4;21,1;20,9;81;79;81;;;;
2025/01/07;0000 UTC;0;987,8;987,8;986,8;;24,1;21;24,5;24,1;21,1;20,9;83;81;83;;;;
2025/01/07;0100 UTC;0;987,9;987,9;987,5;;24;20,6;24,2;23,8;21;20,4;83;81;81;;;;
2025/01/07;0200 UTC;0;987,8;987,9;987,2;;23,8;20,3;24,1;23,5;20,6;20,1;81;80;81;;;;
2025/01/07;0300 UTC;0;988;988,1;987,5;;23,5;20,1;23,9;23,4;20,4;20;81;81;81;;;;
2025/01/07;0400 UTC;,2;987,8;988;987,8;;23,1;20;23,5;23,1;20,1;20;83;81;83;;;;
2025/01/07;0500 UTC;0;987,2;987,8;987,2;;23;20,1;23,2;23;20,2;20;84;83;84;;;;
2025/01/07;0600 UTC;0;986,9;987,5;986,8;;22,8;20;23;22,8;20,1;20;84;84;84;;;;
2025/01/07;0700 UTC;0;987;987;986,9;;22,9;20,1;22,9;22,8;20,1;20;85;84;84;;;;
2025/01/07;0800 UTC;0;987,1;987,1;986,6;;23;20,4;23;22,9;20,4;20,2;85;84;85;;;;
2025/01/07;0900 UTC;0;987,7;987,7;987,1;46,5;23,5;20,9;23,5;23;20,9;20,5;86;85;85;;;;
2025/01/07;1000 UTC;0;987,4;987,7;987,3;254,2;24,3;21,6;24,4;23,5;21,8;20,9;86;85;85;;;;
2025/01/07;1100 UTC;0;988;988;987,4;975,4;25,7;22,6;25,7;24,3;22,6;21,7;85;83;83;;;;
2025/01/07;1200 UTC;0;988,6;988,6;988;1050,8;26,7;23,1;27;25,7;23,5;22,5;83;80;81;;;;
2025/01/07;1300 UTC;0;987,9;988,6;987,9;1703,4;28,4;24;29,2;26,7;25,1;23;81;77;77;;;;
2025/01/07;1400 UTC;0;986,9;987,9;986,9;2498;29,5;24,5;30,1;28;25,6;23,7;78;74;75;;;;
2025/01/07;1500 UTC;0;986,6;987;986,6;1808,4;30,1;24,2;30,9;29,2;25,6;23,7;75;71;71;;;;
2025/01/07;1600 UTC;0;986;986,6;986;2356,2;29,1;23;30,6;28,4;24,8;22,7;73;69;70;;;;
2025/01/07;1700 UTC;,4;985,3;986;985,1;723,3;26,1;22,3;29,1;24,6;23;20;80;70;79;;;;
2025/01/07;1800 UTC;0;984,1;985,3;984,1;2387,8;30,2;24,3;30,5;26,1;25;22,2;80;71;71;;;;
2025/01/07;1900 UTC;0;984,1;984,4;984;2105,6;29,4;23,6;30,6;28,6;24,8;22,9;73;70;71;;;;
2025/01/07;2000 UTC;0;984,5;984,5;984;855,3;27,2;22,1;29,4;27,1;23,6;21,8;74;71;74;;;;
2025/01/07;2100 UTC;0;985,2;985,2;984,5;281,6;25,5;21;27,2;25,5;21,9;21;76;73;76;;;;
2025/01/07;2200 UTC;0;985;985,4;984,8;2,4;24,3;20,6;25,4;24,3;21;20,5;80;76;80;;;;
2025/01/07;2300 UTC;0;986,5;986,5;985;;24,3;20,8;24,3;24,1;20,8;20,6;81;80;81;;;;
2025/01/08;0000 UTC;0;987;987,2;986,5;;23,9;20,7;24,4;23,9;20,9;20,7;82;81;82;;;;
2025/01/08;0100 UTC;0;988,4;988,4;987;1;23,7;20,8;23,9;23,7;20,8;20,7;84;82;84;;;;
2025/01/08;0200 UTC;11;989,2;990;988,3;3,8;21;18,5;23,7;21;20,8;18,3;86;82;86;;;;
2025/01/08;0300 UTC;0;988,4;989,2;988,3;;21,2;18,7;21,2;20,9;18,7;18,4;86;85;85;;;;
2025/01/08;0400 UTC;0;987,6;988,4;987,6;,9;21,3;18,8;21,4;21,2;18,8;18,6;86;85;86;;;;
2025/01/08;0500 UTC;0;987,5;987,6;987,3;;21,5;19,1;21,5;21,3;19,1;18,8;86;86;86;;;;
2025/01/08;0600 UTC;0;986,6;987,5;986,6;;21,5;19,1;21,5;21,5;19,1;19;86;86;86;;;;
2025/01/08;0700 UTC;0;986,6;986,6;986,5;;21,7;19,3;21,7;21,5;19,3;19,1;87;86;86;;;;
2025/01/08;0800 UTC;0;986,8;986,8;986,6;;21,7;19,3;21,8;21,6;19,4;19,3;87;86;87;;;;
2025/01/08;0900 UTC;0;987,2;987,4;986,8;40,7;21,8;19,3;21,8;21,5;19,4;19,1;87;86;86;;;;
2025/01/08;1000 UTC;0;987,5;987,5;987;272,4;22,4;19,8;22,4;21,7;19,9;19,3;86;85;85;;;;
2025/01/08;1100 UTC;0;988;988;987,5;778,1;23,9;20,8;24,1;22,4;21,1;19,8;86;83;83;;;;
2025/01/08;1200 UTC;0;988,3;988,4;988;1257,8;24,9;21,2;25,2;23,9;21,9;20,8;83;80;80;;;;
2025/01/08;1300 UTC;0;988,4;988,8;988,3;815,4;25,3;21,7;25,3;24,6;21,7;21;81;80;80;;;;
2025/01/08;1400 UTC;0;988,2;988,4;988,2;2002,9;27,4;23;27,4;25,3;23,1;21,7;81;77;77;;;;
2025/01/08;1500 UTC;0;987,3;988,2;987,3;2284;29,2;23,8;29,5;27,2;24,3;22,7;77;73;73;;;;
2025/01/08;1600 UTC;0;986,6;987,3;986,6;2607,1;29,6;23,4;30,1;28,5;24,3;23;73;69;69;;;;
2025/01/08;1700 UTC;0;985,5;986,6;985,5;2131,3;29,8;23,2;30,9;29,1;24,7;22,4;71;66;68;;;;
2025/01/08;1800 UTC;1;985,8;985,8;985,1;1019,1;23,2;18,6;30,5;22,9;23,8;17,7;76;64;76;;;;
2025/01/08;1900 UTC;,2;984,5;985,8;984,4;383,8;23,9;19,5;23,9;23,2;19,6;18,7;77;76;77;;;;
2025/01/08;2000 UTC;0;984,2;984,5;984,1;733;25,1;20,2;25,1;23,9;20,3;19,5;77;74;74;;;;
2025/01/08;2100 UTC;0;984,9;984,9;984;409,1;24,9;19,8;25,5;24,9;20,6;19,8;74;73;73;;;;
2025/01/08;2200 UTC;0;985,6;985,6;984,9;8,9;24,4;19,6;24,9;24,1;19,8;19,3;75;73;75;;;;
2025/01/08;2300 UTC;0;985,9;986,1;985,6;;23,5;19,4;24,8;23,5;20,2;19,4;78;75;78;;;;
2025/01/09;0000 UTC;0;986,2;986,2;985,9;;23,9;19,6;24,2;23,5;19,8;19,4;78;76;77;;;;
2025/01/09;0100 UTC;0;986,9;986,9;986,2;;23,3;19,5;23,9;23,1;19,6;19,2;79;77;79;;;;
2025/01/09;0200 UTC;0;986,3;986,9;986,3;;23;19,4;23,3;23;19,5;19,4;80;79;80;;;;
2025/01/09;0300 UTC;0;985,9;986,3;985,9;;22,7;19,2;23,3;22,7;19,8;19,2;81;80;81;;;;
2025/01/09;0400 UTC;0;985;985,9;985;;23;19,8;23;22,5;19,9;19,1;82;81;82;;;;
2025/01/09;0500 UTC;0;984,5;985,1;984,5;;23,6;20,3;23,8;23;20,5;19,9;82;82;82;;;;
2025/01/09;0600 UTC;0;984,1;984,5;984,1;;23,6;20,1;23,7;23,6;20,4;20,1;82;81;81;;;;
2025/01/09;0700 UTC;0;984,6;984,6;984,1;;23,6;20;23,7;23,4;20,2;19,9;81;80;80;;;;
2025/01/09;0800 UTC;0;985,3;985,3;984,6;;23,1;19,8;23,6;23,1;20;19,7;82;80;82;;;;
2025/01/09;0900 UTC;0;986,4;986,4;985,3;13,2;23,2;20,1;23,2;23;20,1;19,8;83;82;83;;;;
2025/01/09;1000 UTC;0;986,3;986,5;986,3;139,3;23;20;23,2;22,8;20,2;19,8;84;83;83;;;;
2025/01/09;1100 UTC;0;986,5;986,5;986,2;571,3;24,3;21,2;24,3;23;21,3;20,1;84;82;83;;;;
2025/01/09;1200 UTC;0;986,6;986,6;986,4;1141,9;26,1;22,5;26,1;24,3;22,5;21,3;83;79;80;;;;
2025/01/09;1300 UTC;0;986,5;986,7;986,5;859,7;26,2;22,2;26,4;25,9;22,5;21,9;80;78;79;;;;
2025/01/09;1400 UTC;0;986,1;986,5;986;778,9;26,7;22,5;26,7;26;22,7;22;79;78;78;;;;
2025/01/09;1500 UTC;0;985,2;986,1;985,2;1112,5;28,1;23,4;28,1;26,7;23,4;22,4;78;76;76;;;;
2025/01/09;1600 UTC;0;984,1;985,2;984,1;2328,9;29,2;23,2;30,9;27,9;25,4;23,1;76;69;70;;;;
2025/01/09;1700 UTC;0;982,9;984,1;982,9;1664,8;29,2;22,7;31,1;29,1;24,8;22,5;71;67;68;;;;
2025/01/09;1800 UTC;0;982,5;982,9;982,3;599,3;27,2;21,3;29,6;27,2;22,9;21,2;70;65;70;;;;
2025/01/09;1900 UTC;0;982,6;982,8;982,5;186,9;25,2;20,6;27,2;25,2;21,2;20,6;76;70;76;;;;
2025/01/09;2000 UTC;0;983;983,3;982,5;51;24,8;20,8;25,2;24,8;20,9;20,6;79;76;79;;;;
2025/01/09;2100 UTC;,2;984,3;984,3;983;13;24,4;20,9;24,8;24,4;20,9;20,8;81;79;81;;;;
2025/01/09;2200 UTC;1,6;984,5;984,5;984;2,6;24,1;20,9;24,4;24;20,9;20,6;82;81;82;;;;
2025/01/09;2300 UTC;3,2;984,7;984,7;984,1;,2;23,8;20,9;24,1;23,8;20,9;20,9;84;82;84;;;;
2025/01/10;0000 UTC;0;985,4;985,4;984,7;;24,2;21,4;24,2;23,8;21,4;20,9;84;84;84;;;;
2025/01/10;0100 UTC;1,2;985,6;985,6;985,3;,6;24,1;21,2;24,5;24;21,5;21,1;84;83;84;;;;
2025/01/10;0200 UTC;0;985,8;986,1;985,7;,3;23,6;20,8;24,1;23,6;21,2;20,8;84;84;84;;;;
2025/01/10;0300 UTC;0;985,3;985,8;985,3;,5;23,6;20,8;23,7;23,5;20,9;20,8;85;84;85;;;;
2025/01/10;0400 UTC;0;984,6;985,3;984,6;,5;23,4;20,6;23,7;23,4;20,9;20,6;85;84;85;;;;
2025/01/10;0500 UTC;0;984,1;984,6;984,1;;23,1;20,4;23,4;23,1;20,7;20,4;85;85;85;;;;
2025/01/10;0600 UTC;0;984,3;984,3;984,1;;23;20,3;23,1;22,9;20,4;20,2;85;85;85;;;;
2025/01/10;0700 UTC;0;984,4;984,5;984,3;;22,8;20,2;23;22,8;20,3;20,2;85;85;85;;;;
2025/01/10;0800 UTC;0;984,9;984,9;984,4;;22,6;20,1;22,8;22,6;20,2;20,1;86;85;86;;;;
2025/01/10;0900 UTC;0;985,6;985,6;984,9;43,4;22,9;20,3;22,9;22,5;20,3;20;86;86;86;;;;
2025/01/10;1000 UTC;0;985,9;986;985,6;409,3;24,1;21,3;24,1;22,8;21,3;20,3;86;85;85;;;;
2025/01/10;1100 UTC;0;986,3;986,3;985,9;917,8;25,1;21,9;25,1;24;22;21,2;85;82;82;;;;
2025/01/10;1200 UTC;0;986,5;986,5;986,3;1520,6;26;22,3;26,3;25,1;22,8;21,7;82;80;80;;;;
2025/01/10;1300 UTC;0;986;986,6;986;1303,1;26;22,3;26,3;25;22,7;21,3;81;79;80;;;;
2025/01/10;1400 UTC;0;985,9;986,1;985,9;797,1;25,4;21,8;26,1;25,1;22,4;21,5;81;79;81;;;;
2025/01/10;1500 UTC;0;985,7;986;985,7;1079,6;25,9;22,3;25,9;25,3;22,5;21,7;81;80;80;;;;
2025/01/10;1600 UTC;0;985,4;985,7;985,4;943,3;25,5;22;26,2;25,5;22,6;22;81;80;81;;;;
2025/01/10;1700 UTC;0;984,6;985,4;984,6;1286,8;26,2;22,6;26,5;25;23,3;21,7;83;81;81;;;;
2025/01/10;1800 UTC;0;983,7;984,6;983,7;1231,8;27,2;23;27,5;26,1;23,6;22,5;81;78;78;;;;
2025/01/10;1900 UTC;0;983,2;983,7;983,2;724,8;27,3;23;27,5;27;23,3;22,8;79;77;77;;;;
2025/01/10;2000 UTC;0;983,8;983,8;983,1;331,8;26,1;22,2;27,3;26,1;23;22,2;79;77;79;;;;
2025/01/10;2100 UTC;0;984,4;984,4;983,6;191,9;25,1;21,7;26,2;25,1;22,3;21,6;81;79;81;;;;
2025/01/10;2200 UTC;0;985,2;985,2;984,3;11;23,8;20,7;25,1;23,8;21,7;20,7;83;81;83;;;;
2025/01/10;2300 UTC;14;986,3;986,4;985,2;2,9;21,9;19,5;23,8;21,9;20,7;19,5;86;83;86;;;;
2025/01/11;0000 UTC;0;986,5;986,7;986,3;,1;22,1;19,6;22,1;21,9;19,7;19,4;86;86;86;;;;
2025/01/11;0100 UTC;0;986,8;986,9;986,4;,3;22,3;19,8;22,3;22,1;19,8;19,5;86;85;86;;;;
2025/01/11;0200 UTC;0;986,6;986,9;986,6;1,1;22,2;19,6;22,4;22,1;19,8;19,6;86;85;85;;;;
2025/01/11;0300 UTC;0;986,2;986,6;986,2;,3;21,8;19,5;22,2;21,7;19,6;19,4;87;85;87;;;;
2025/01/11;0400 UTC;0;985,6;986,2;985,6;,1;21,8;19,5;21,8;21,7;19,5;19,4;87;87;87;;;;
2025/01/11;0500 UTC;0;984,9;985,6;984,9;0;21,8;19,5;21,8;21,7;19,5;19,4;87;87;87;;;;
2025/01/11;0600 UTC;0;984,4;985;984,4;,1;21,9;19,6;21,9;21,8;19,7;19,5;87;87;87;;;;
2025/01/11;0700 UTC;0;984,6;984,6;984,4;,4;21,7;19,5;22;21,7;19,8;19,5;87;87;87;;;;
2025/01/11;0800 UTC;0;985,2;985,3;984,6;0;21,6;19,4;21,7;21,6;19,5;19,4;87;87;87;;;;
2025/01/11;0900 UTC;0;985,5;985,5;985,1;61,2;21,8;19,6;21,8;21,4;19,6;19,2;87;87;87;;;;
2025/01/11;1000 UTC;0;986;986;985,5;253,9;22,2;19,8;22,3;21,7;20;19,6;87;86;86;;;;
2025/01/11;1100 UTC;0;986,5;986,5;986;567,8;22,9;20,1;23;22,2;20,3;19,7;86;84;84;;;;
2025/01/11;1200 UTC;0;986,8;986,8;986,4;1005,1;24,2;21,2;24,2;22,9;21,2;20,1;84;83;83;;;;
2025/01/11;1300 UTC;0;986,6;986,9;986,6;1601,6;25,4;21,9;26,3;24,2;22,8;21;84;80;81;;;;
2025/01/11;1400 UTC;0;986,6;986,8;986,6;595,7;24,7;21,3;25,5;24,6;22;21,2;82;80;81;;;;
2025/01/11;1500 UTC;0;986,4;986,7;986,4;780,1;26,2;22,4;26,2;24,6;22,4;21,2;82;79;80;;;;
2025/01/11;1600 UTC;0;985,5;986,4;985,5;2300,6;26,4;22,2;27,9;26,2;23,6;22,1;80;76;78;;;;
2025/01/11;1700 UTC;0;985;985,5;985;1282,8;26,7;22,5;26,9;25;22,9;21,2;81;78;78;;;;
2025/01/11;1800 UTC;0;984;985;984;1897;28,1;22,7;28,5;26,6;23,6;22,4;78;73;73;;;;
2025/01/11;1900 UTC;0;983,4;984;983,4;1697,2;28,3;22,7;29,6;27,8;24;22;74;71;71;;;;
2025/01/11;2000 UTC;0;983,8;983,8;983,4;1023,4;27,3;22;29;27,2;23,2;21,8;74;71;73;;;;
2025/01/11;2100 UTC;0;984,3;984,4;983,8;229,4;26,2;21,6;27,3;26,2;22;21,6;76;73;76;;;;
2025/01/11;2200 UTC;0;985,6;985,6;984,3;14;24,8;20,5;26,2;24,8;21,6;20,5;77;76;77;;;;
2025/01/11;2300 UTC;0;986,5;986,5;985,6;;23,7;20;24,8;23,7;20,5;20;80;77;80;;;;
2025/01/12;0000 UTC;0;987;987;986,5;;23,2;19,9;23,7;23,1;20;19,8;82;80;82;;;;
2025/01/12;0100 UTC;0;987,2;987,2;986,9;;22,6;19,6;23,2;22,4;19,9;19,4;83;82;83;;;;
2025/01/12;0200 UTC;0;987,4;987,6;987,1;;22,8;19,9;22,9;22,6;20;19,6;84;83;84;;;;
2025/01/12;0300 UTC;0;986,7;987,5;986,7;;22,9;20;23;22,7;20,1;19,8;84;84;84;;;;
2025/01/12;0400 UTC;0;985,9;986,7;985,9;;23;20,3;23;22,9;20,3;20,1;85;84;85;;;;
2025/01/12;0500 UTC;0;985,4;985,9;985,3;,1;22,8;20,2;23;22,8;20,3;20,2;85;85;85;;;;
2025/01/12;0600 UTC;0;984,9;985,4;984,9;;22,8;20,2;22,8;22,8;20,2;20,2;85;85;85;;;;
2025/01/12;0700 UTC;0;985,1;985,2;984,8;;22,9;20,4;23;22,8;20,4;20,2;86;85;85;;;;
2025/01/12;0800 UTC;0;985,4;985,5;985,1;,1;22,8;20,3;23;22,8;20,4;20,3;86;85;86;;;;
2025/01/12;0900 UTC;0;985,9;985,9;985,3;20,3;22,8;20,4;22,9;22,8;20,5;20,3;86;86;86;;;;
2025/01/12;1000 UTC;0;986,4;986,4;985,9;421,6;23,9;21,2;24;22,8;21,4;20,4;86;85;85;;;;
2025/01/12;1100 UTC;0;986,6;986,6;986,2;1203,8;24,3;21,4;25,5;23,8;22,5;21,2;86;82;84;;;;
2025/01/12;1200 UTC;0;986,9;986,9;986,6;1116,1;25,1;21,8;25,7;24,3;22,5;21,4;84;81;82;;;;
2025/01/12;1300 UTC;0;986,7;986,9;986,6;708,7;25,2;22,1;25,2;24;22,1;21;84;82;83;;;;
2025/01/12;1400 UTC;0;986,3;986,7;986,3;1362,4;27,3;23,4;27,3;25,2;23,4;21,9;83;79;79;;;;
2025/01/12;1500 UTC;0;985,8;986,3;985,8;2235,5;28,2;23,5;28,6;27,2;24,2;23,1;80;76;76;;;;
2025/01/12;1600 UTC;0;984,9;985,8;984,9;3013,8;29,9;24;30,5;28,1;25,1;23,3;76;70;71;;;;
2025/01/12;1700 UTC;0;983,8;985;983,8;3061,1;29,5;23;31,1;29,4;24,8;22,9;72;67;68;;;;
2025/01/12;1800 UTC;0;982,7;983,8;982,7;1550,2;29,3;22,4;30,7;29,2;24;22,3;68;65;67;;;;
2025/01/12;1900 UTC;0;982,3;982,7;982,3;748,7;28;22,1;29,2;27,8;22,4;21,8;70;66;70;;;;
2025/01/12;2000 UTC;0;982,7;982,7;982,1;638,1;26,8;21;29,1;26,7;22,9;20,9;71;68;71;;;;
2025/01/12;2100 UTC;0;983,6;983,6;982,7;378,7;25,7;20;26,8;25,7;21;20;71;70;71;;;;
2025/01/12;2200 UTC;0;984,4;984,4;983,6;19,4;24,4;19,5;25,7;24,2;20;19,3;74;71;74;;;;
2025/01/12;2300 UTC;0;985,1;985,1;984,4;;23,6;19,4;24,4;23,6;19,5;19,3;78;74;78;;;;
2025/01/13;0000 UTC;0;985,8;985,8;985,1;;23,8;20;23,9;23,5;20;19,4;79;78;79;;;;
2025/01/13;0100 UTC;0;986,2;986,2;985,8;;23,6;20,1;23,8;23,6;20,1;20;81;79;81;;;;
2025/01/13;0200 UTC;0;986,4;986,5;986,2;;23,4;20,1;23,6;23,4;20,2;20;82;81;82;;;;
2025/01/13;0300 UTC;0;985,8;986,4;985,8;;23,2;20,1;23,4;23,2;20,2;20,1;83;82;83;;;;
2025/01/13;0400 UTC;0;985,3;985,8;985,3;;23,1;20,1;23,2;23,1;20,1;20;83;83;83;;;;
2025/01/13;0500 UTC;0;985,1;985,4;985,1;;23;20,1;23,1;23;20,1;20;84;83;84;;;;
2025/01/13;0600 UTC;0;984,5;985,1;984,5;;22,9;20,1;23;22,8;20,1;20;84;84;84;;;;
2025/01/13;0700 UTC;0;984,6;984,6;984,3;;22,9;20,1;22,9;22,8;20,2;20;85;84;85;;;;
2025/01/13;0800 UTC;0;985;985;984,5;;22,6;19,9;22,9;22,6;20,2;19,9;85;84;85;;;;
2025/01/13;0900 UTC;0;985,4;985,4;985;145,4;23,1;20,3;23,1;22,6;20,3;19,9;85;84;84;;;;
2025/01/13;1000 UTC;0;986;986;985,4;916,8;24,6;21,4;24,8;23,1;21,6;20,3;84;82;82;;;;
2025/01/13;1100 UTC;0;986,5;986,5;986;1094,6;25,7;21,9;25,9;24,4;22,1;21,1;82;79;80;;;;
2025/01/13;1200 UTC;0;986,9;987;986,4;1647,6;26,4;21,5;26,8;25,3;22,5;21,2;80;75;75;;;;
2025/01/13;1300 UTC;0;986,9;986,9;986,8;2183,6;27,2;21,5;27,9;26,2;22,7;21,4;76;71;71;;;;
2025/01/13;1400 UTC;0;986,6;986,9;986,6;1116,3;27,5;21,5;27,5;26,6;21,6;20,9;72;69;70;;;;
2025/01/13;1500 UTC;0;985,8;986,6;985,8;3192,3;29,3;21,8;30,1;27,5;23,2;21,4;70;64;64;;;;
2025/01/13;1600 UTC;0;985;985,8;985;1736,9;28,7;20,9;29,3;28,4;21,8;20,8;65;63;63;;;;
2025/01/13;1700 UTC;0;984,4;985;984,4;1110,9;28,1;20,4;28,7;28,1;21,1;20,4;64;62;63;;;;
2025/01/13;1800 UTC;0;983,6;984,4;983,6;687;26,9;20,5;28,3;26,6;20,8;20,1;68;63;68;;;;
2025/01/13;1900 UTC;0;983,2;983,6;983,1;555,8;26,7;20,3;27,3;26,7;20,8;20,3;68;67;68;;;;
2025/01/13;2000 UTC;0;983,6;983,6;983,2;705,8;26,6;19,9;27,1;26,6;20,5;19,9;69;67;67;;;;
2025/01/13;2100 UTC;0;984,3;984,3;983,6;184,4;24,9;19,3;26,6;24,9;19,9;19,3;71;67;71;;;;
2025/01/13;2200 UTC;0;985;985;984,3;5,6;24,1;18,9;24,9;24;19,3;18,9;73;71;73;;;;
2025/01/13;2300 UTC;0;985,7;985,7;985;;23,5;18,8;24,1;23,5;18,9;18,8;75;73;75;;;;
2025/01/14;0000 UTC;0;986,4;986,4;985,7;,1;23,4;19,1;23,5;23,3;19,1;18,8;77;75;77;;;;
2025/01/14;0100 UTC;0;986,9;986,9;986,4;;23,3;19,3;23,5;23,2;19,3;19,1;79;77;79;;;;
2025/01/14;0200 UTC;0;986,8;986,9;986,8;;23,1;19,4;23,3;23,1;19,5;19,3;80;79;80;;;;
2025/01/14;0300 UTC;0;986,3;986,8;986,3;;23,1;19,5;23,2;23;19,6;19,4;80;80;80;;;;
2025/01/14;0400 UTC;0;985,7;986,3;985,6;;22,9;19,5;23,1;22,9;19,6;19,5;81;80;81;;;;
2025/01/14;0500 UTC;0;985,3;985,7;985,3;;22,8;19,5;22,9;22,7;19,5;19,4;82;81;82;;;;
2025/01/14;0600 UTC;0;984,9;985,3;984,9;;22,6;19,4;22,8;22,6;19,5;19,4;82;82;82;;;;
2025/01/14;0700 UTC;0;984,7;984,9;984,7;;22,6;19,5;22,6;22,5;19,5;19,4;83;82;83;;;;
2025/01/14;0800 UTC;0;985,3;985,3;984,7;;22,6;19,5;22,6;22,5;19,6;19,5;83;83;83;;;;
2025/01/14;0900 UTC;0;985,9;985,9;985,3;22;22,8;19,8;22,8;22,5;19,8;19,5;83;83;83;;;;
2025/01/14;1000 UTC;0;986,2;986,2;985,9;361,4;23,7;20,5;23,8;22,7;20,7;19,8;84;82;83;;;;
2025/01/14;1100 UTC;0;986,8;986,8;986,3;527,8;24,6;21,3;24,6;23,7;21,3;20,6;83;81;82;;;;
2025/01/14;1200 UTC;0;987;987;986,8;1219,5;25,7;21,6;26,2;24,6;22,1;21;82;77;78;;;;
2025/01/14;1300 UTC;0;987;987,1;987;1187,4;26,2;21,2;26,5;25,6;22,1;21;78;74;74;;;;
2025/01/14;1400 UTC;0;986,7;987;986,6;2629,8;27,9;21,8;28,8;26,1;23,4;20,9;74;68;69;;;;
2025/01/14;1500 UTC;0;986,3;986,7;986,3;1094,6;26,9;20,7;27,9;26,7;21,8;20,4;70;68;69;;;;
2025/01/14;1600 UTC;0;985,6;986,3;985,6;1199,1;27,4;21,2;28,1;26,7;21,6;20,3;69;67;69;;;;
2025/01/14;1700 UTC;0;985,1;985,6;985,1;1419;28,4;20,5;28,7;27;21,7;19,9;69;61;62;;;;
2025/01/14;1800 UTC;0;984,7;985,1;984,7;756,1;26,6;19,6;28,4;26,6;20,4;19,3;66;61;65;;;;
2025/01/14;1900 UTC;0;984,4;984,7;984,3;637,4;25,9;19,2;27,2;25,9;19,6;19;67;62;67;;;;
2025/01/14;2000 UTC;0;984,7;984,7;984,4;383,4;25,4;19,3;26,2;25,4;19,7;19,2;69;67;69;;;;
2025/01/14;2100 UTC;0;985,4;985,4;984,7;104,9;24,9;19,5;25,4;24,9;19,6;19,3;72;69;72;;;;
2025/01/14;2200 UTC;0;986,3;986,3;985,4;11,7;24,2;19,4;24,9;24,2;19,4;19,3;74;72;74;;;;
2025/01/14;2300 UTC;0;987,1;987,1;986,3;;23,7;19,3;24,2;23,6;19,4;19,2;77;74;77;;;;
2025/01/15;0000 UTC;0;987,8;987,8;987,1;;23,7;19,6;23,8;23,6;19,6;19,3;78;77;78;;;;
2025/01/15;0100 UTC;0;988;988;987,8;;23,4;19,6;23,7;23,4;19,6;19,6;79;78;79;;;;
2025/01/15;0200 UTC;0;987,7;988;987,7;;23,1;19,6;23,4;23,1;19,6;19,6;81;79;81;;;;
2025/01/15;0300 UTC;0;987,3;987,7;987,3;;23,1;19,8;23,2;23,1;19,8;19,6;82;81;82;;;;
2025/01/15;0400 UTC;0;986,7;987,3;986,7;;23;19,8;23,1;22,9;19,8;19,7;83;82;83;;;;
2025/01/15;0500 UTC;0;986;986,7;986;;22,6;19,7;22,9;22,6;19,8;19,7;84;83;84;;;;
2025/01/15;0600 UTC;0;985,9;986,1;985,9;;22,4;19,5;22,6;22,4;19,6;19,5;84;83;84;;;;
2025/01/15;0700 UTC;0;986;986;985,8;;22,3;19,5;22,4;22,3;19,6;19,5;85;84;85;;;;
2025/01/15;0800 UTC;0;986,5;986,5;986;;22,2;19,5;22,3;22,2;19,6;19,5;85;85;85;;;;
2025/01/15;0900 UTC;0;986,9;986,9;986,5;36,8;22,3;19,7;22,3;22;19,7;19,4;85;85;85;;;;
2025/01/15;1000 UTC;0;987,4;987,5;986,9;503,3;23,8;21;23,9;22,3;21;19,7;85;84;84;;;;
2025/01/15;1100 UTC;0;987,9;987,9;987,4;917,6;25,4;22;25,4;23,8;22,1;20,8;84;81;82;;;;
2025/01/15;1200 UTC;0;988,2;988,2;987,9;855,9;26;22,1;26,1;25;22,3;21,4;82;79;79;;;;
2025/01/15;1300 UTC;0;988,1;988,4;988,1;1205,9;26,8;22,7;26,8;25,1;22,7;21,2;80;77;78;;;;
2025/01/15;1400 UTC;0;987,9;988,1;987,9;1772,9;26,3;22;28,1;25,1;23,7;21,1;80;76;77;;;;
2025/01/15;1500 UTC;,4;988;988;987,7;836;23,6;20;27,4;23,5;22,8;19,9;81;75;81;;;;
2025/01/15;1600 UTC;,8;987,5;988,1;987,4;175,3;24,2;21,1;24,2;23,4;21,2;20;83;81;83;;;;
2025/01/15;1700 UTC;0;987,3;987,7;987,3;219,7;23,6;20,8;24,2;23,6;21,2;20,7;84;83;84;;;;
2025/01/15;1800 UTC;0;987,2;987,3;987,2;315,1;23,7;21,1;23,7;23,2;21,1;20,5;85;84;85;;;;
2025/01/15;1900 UTC;0;987,3;987,3;987,1;373,4;23,8;21,1;24;23,7;21,3;21;85;85;85;;;;
2025/01/15;2000 UTC;0;987,4;987,4;987,2;288,5;23,5;20,9;23,8;23,4;21,1;20,8;86;85;85;;;;
2025/01/15;2100 UTC;0;987,8;987,8;987,4;86,9;23,3;20,7;23,5;23,2;20,9;20,6;86;85;86;;;;
2025/01/15;2200 UTC;0;988,4;988,4;987,8;6,8;22,9;20,3;23,4;22,9;20,9;20,3;86;85;85;;;;
2025/01/15;2300 UTC;0;988,7;988,8;988,4;1,8;23,1;20,6;23,1;22,9;20,6;20,3;86;85;86;;;;
2025/01/16;0000 UTC;0;989,6;989,6;988,7;,9;23,1;20,6;23,2;23,1;20,7;20,6;86;86;86;;;;
2025/01/16;0100 UTC;0;989,9;990;989,5;;23,1;20,7;23,1;23,1;20,7;20,6;86;86;86;;;;
2025/01/16;0200 UTC;0;989,5;989,9;989,5;;23;20,6;23,2;23;20,7;20,6;86;86;86;;;;
2025/01/16;0300 UTC;0;989,1;989,7;989,1;;22,9;20,5;23,1;22,8;20,7;20,5;87;86;87;;;;
2025/01/16;0400 UTC;0;988,6;989,1;988,6;;22,8;20,5;22,9;22,8;20,5;20,4;87;87;87;;;;
2025/01/16;0500 UTC;0;988,6;988,8;988,6;;22,8;20,6;22,9;22,8;20,6;20,5;87;87;87;;;;
2025/01/16;0600 UTC;0;988,1;988,6;988,1;;22,9;20,6;22,9;22,8;20,6;20,6;87;87;87;;;;
2025/01/16;0700 UTC;0;988,4;988,4;988,1;;23;20,8;23;22,9;20,8;20,6;87;87;87;;;;
2025/01/16;0800 UTC;0;988,9;988,9;988,4;;23;20,9;23;23;20,9;20,8;88;87;88;;;;
2025/01/16;0900 UTC;0;989,8;989,8;988,9;35,3;23,2;21;23,2;23;21,1;20,8;88;87;88;;;;
2025/01/16;1000 UTC;0;990,1;990,2;989,8;316,3;23,8;21,5;24;23,2;21,7;21;88;87;87;;;;
2025/01/16;1100 UTC;0;990,4;990,4;990,1;957,2;26,7;23,6;26,7;23,8;23,6;21,6;87;83;83;;;;
2025/01/16;1200 UTC;,2;991;991;990,4;1437,6;26,7;23,1;27,7;26,3;24,1;22,7;84;79;81;;;;
2025/01/16;1300 UTC;,2;990,9;991,1;990,9;2033,5;28,4;24;28,6;25,8;24,4;22,4;83;77;77;;;;
2025/01/16;1400 UTC;0;990,4;990,9;990,4;3515,3;30,8;25,4;30,9;28,1;25,8;23,7;78;72;73;;;;
2025/01/16;1500 UTC;0;989,9;990,4;989,8;3652;31,5;24,4;32,1;30,2;25,8;24,3;73;66;66;;;;
2025/01/16;1600 UTC;0;989,1;989,9;989,1;2916,1;31,5;23,9;32,4;30,6;25,4;23,5;68;64;64;;;;
2025/01/16;1700 UTC;0;988,4;989,1;988,4;2558,4;31,1;22,8;33;30,8;25;22,8;66;61;61;;;;
2025/01/16;1800 UTC;0;987,8;988,4;987,8;2743,4;32,7;23,2;33,2;31,1;24,6;22,7;64;57;57;;;;
2025/01/16;1900 UTC;0;987,3;987,8;987,3;1875,1;31;21,3;33,2;31;23,6;21,2;58;54;56;;;;
2025/01/16;2000 UTC;0;987,5;987,5;987,2;1082;29,9;21,7;32,3;29,8;22,5;21,4;61;56;61;;;;
2025/01/16;2100 UTC;0;988;988;987,5;457,3;28,3;20,7;30,2;28,3;21,9;20,7;63;61;63;;;;
2025/01/16;2200 UTC;0;988,9;988,9;988;15,6;26,2;19,7;28,3;26,1;20,7;19,6;67;63;67;;;;
2025/01/16;2300 UTC;0;989,8;989,8;988,9;;24,8;19,6;26,2;24,6;19,7;19,3;73;67;73;;;;
2025/01/17;0000 UTC;0;990,8;990,8;989,8;;24,2;19,6;24,8;24,1;19,7;19,4;76;73;76;;;;
2025/01/17;0100 UTC;0;991,6;991,6;990,8;;24,1;19,9;24,3;24;20;19,6;78;76;78;;;;
2025/01/17;0200 UTC;0;991,6;991,7;991,6;;23,7;19,9;24,1;23,7;20,1;19,8;79;78;79;;;;
2025/01/17;0300 UTC;0;991,2;991,6;991,2;;23,5;20;23,7;23,4;20;19,8;80;79;80;;;;
2025/01/17;0400 UTC;0;991,1;991,2;991;;23,1;19,7;23,6;23,1;20;19,7;81;80;81;;;;
2025/01/17;0500 UTC;0;991,3;991,3;991,1;;22,5;19,4;23,1;22,5;19,8;19,3;82;81;82;;;;
2025/01/17;0600 UTC;0;991,2;991,3;991,1;;22,1;19,2;22,6;22,1;19,5;19,2;84;82;84;;;;
2025/01/17;0700 UTC;0;991;991,2;991;;22;19,2;22,2;21,9;19,4;19;84;84;84;;;;
2025/01/17;0800 UTC;0;991,2;991,2;991;;21,9;19,2;22;21,9;19,3;19,1;85;84;85;;;;
2025/01/17;0900 UTC;0;992;992;991,2;73;21,9;19,4;21,9;21,5;19,4;18,9;85;85;85;;;;
2025/01/17;1000 UTC;0;992,3;992,3;992;570,1;23,1;20,5;23,2;21,9;20,7;19,4;86;85;85;;;;
2025/01/17;1100 UTC;0;992,7;992,7;992,3;933;25,9;22,6;25,9;23;22,6;20,3;86;81;82;;;;
2025/01/17;1200 UTC;0;992,6;992,9;992,6;1783,7;28,3;23,3;28,3;25,8;23,7;21,9;82;74;74;;;;
2025/01/17;1300 UTC;0;992,4;992,6;992,4;2688,3;28,1;21,9;29,4;28;23,6;21,8;75;68;69;;;;
2025/01/17;1400 UTC;0;992,2;992,5;992,2;2348,9;28,9;21,5;30,2;28,1;23,1;21,4;70;64;65;;;;
2025/01/17;1500 UTC;0;991,6;992,2;991,6;2394,5;30,2;21,5;30,6;28,9;22,7;21,2;65;60;60;;;;
2025/01/17;1600 UTC;0;990,9;991,6;990,9;1725,4;29,9;21,2;31,2;28,8;22,6;20,4;61;59;60;;;;
2025/01/17;1700 UTC;0;990,4;990,9;990,3;2685,8;31,6;21,8;31,8;29,9;22,7;20,8;60;56;56;;;;
2025/01/17;1800 UTC;0;989,7;990,4;989,7;2684,4;31,8;20,7;32,2;30,2;21,9;20,1;56;51;52;;;;
2025/01/17;1900 UTC;0;989,5;989,7;989,4;1429,4;29,2;20,4;31,8;28,8;21,7;19,5;60;52;59;;;;
2025/01/17;2000 UTC;,4;989,5;989,6;989,4;674,7;27,4;21,4;29,1;26,2;21,5;19,7;70;59;70;;;;
2025/01/17;2100 UTC;0;989,6;989,6;989,5;317,4;26,8;21,2;27,4;26,6;21,6;20,7;72;69;72;;;;
2025/01/17;2200 UTC;0;990,3;990,3;989,6;15,8;25,4;20;26,8;25,4;21,2;20;74;72;72;;;;
2025/01/17;2300 UTC;0;991,1;991,1;990,3;;24,1;18,8;25,4;24,1;20;18,8;72;72;72;;;;
2025/01/18;0000 UTC;0;991,7;991,7;991,1;;22,8;18,3;24,1;22,8;18,8;18,3;76;72;76;;;;
2025/01/18;0100 UTC;0;992,3;992,3;991,7;;22,5;18,4;22,8;22,5;18,6;18,2;78;76;78;;;;
2025/01/18;0200 UTC;0;992,2;992,4;992,2;;22,3;18,6;22,5;22,2;18,7;18,3;80;78;80;;;;
2025/01/18;0300 UTC;0;991,9;992,2;991,9;;21,9;18,6;22,3;21,8;18,7;18,3;81;80;81;;;;
2025/01/18;0400 UTC;0;991,5;991,9;991,5;;21,5;18,5;22;21,5;18,7;18,4;83;81;83;;;;
2025/01/18;0500 UTC;0;991,4;991,5;991,4;;21,6;18,8;21,6;21,5;18,8;18,5;84;83;84;;;;
2025/01/18;0600 UTC;0;991,3;991,4;991,2;;21,3;18,5;21,7;21,2;18,8;18,3;84;84;84;;;;
2025/01/18;0700 UTC;0;991,1;991,3;991,1;;21,4;18,7;21,5;21,1;18,7;18,3;85;84;85;;;;
2025/01/18;0800 UTC;0;991,4;991,4;991;;21;18,3;21,4;20,9;18,7;18,2;85;84;85;;;;
2025/01/18;0900 UTC;0;991,8;991,8;991,4;99,3;21,6;19;21,6;20,9;19;18,3;85;85;85;;;;
2025/01/18;1000 UTC;0;992;992,1;991,8;723,6;23,6;20,8;23,6;21,6;20,8;19;85;84;84;;;;
2025/01/18;1100 UTC;0;992,3;992,3;992;1434,1;25,1;21,1;26,5;23,6;22,9;20,8;84;77;79;;;;
2025/01/18;1200 UTC;0;992,5;992,5;992,3;1843,6;27,7;22,5;27,7;25;22,6;21,1;80;74;74;;;;
2025/01/18;1300 UTC;0;992,4;992,6;992,4;2872,2;28,7;22,4;28,7;27;22,8;20,9;74;68;68;;;;
2025/01/18;1400 UTC;0;992,1;992,4;992,1;3566,6;30,4;22,2;30,4;28,1;22,8;20,9;68;61;62;;;;
2025/01/18;1500 UTC;0;991,5;992,1;991,5;4034,3;31,2;21,3;31,8;29,6;22,7;20,8;62;55;56;;;;
2025/01/18;1600 UTC;0;990,8;991,5;990,8;2670,5;31;19,8;32,1;29,5;21,8;19,1;56;51;51;;;;
2025/01/18;1700 UTC;0;990,1;990,8;990,1;2284,8;31,4;19,5;31,8;30,4;20,6;18,3;53;48;49;;;;
2025/01/18;1800 UTC;0;989,5;990,1;989,5;2921,7;31,7;17,5;32,3;30,6;20;17,5;50;43;43;;;;
2025/01/18;1900 UTC;0;989;989,5;989;1653,6;29,8;18;32,2;29,2;18,9;17,2;50;43;49;;;;
2025/01/18;2000 UTC;0;988,8;989;988,8;1404,2;29,8;18,3;31,1;29,7;18,9;17,6;50;45;50;;;;
2025/01/18;2100 UTC;0;988,8;988,9;988,7;533,6;27,6;18,1;30;27,6;18,5;17,8;56;49;56;;;;
2025/01/18;2200 UTC;,2;989,1;989,1;988,8;18,4;25,7;18,6;27,6;25,7;18,7;18,2;65;56;65;;;;
2025/01/18;2300 UTC;0;989,7;989,7;989,1;;24,5;18,7;25,7;24,5;18,8;18,5;70;65;70;;;;
2025/01/19;0000 UTC;0;990,2;990,2;989,7;;23,8;18,5;24,5;23,7;18,7;18,4;72;70;72;;;;
2025/01/19;0100 UTC;0;990,7;990,7;990,2;;23;18,5;23,8;23;18,7;18,3;75;72;75;;;;
2025/01/19;0200 UTC;0;990,5;990,8;990,4;;23,2;19;23,3;22,9;19,1;18,4;77;75;77;;;;
2025/01/19;0300 UTC;0;989,7;990,5;989,7;;22,8;19;23,2;22,8;19,2;18,9;79;77;79;;;;
2025/01/19;0400 UTC;0;989,2;989,7;989,2;;22,5;18,9;23;22,4;19,1;18,8;80;79;80;;;;
2025/01/19;0500 UTC;0;989;989,2;988,9;;22,2;18,7;22,5;22,1;19;18,6;81;80;81;;;;
2025/01/19;0600 UTC;0;988,9;989;988,8;;21,6;18,2;22,5;21,6;19;18,2;81;81;81;;;;
2025/01/19;0700 UTC;0;989;989;988,9;;21,4;18,2;21,6;21,4;18,4;18,1;82;81;82;;;;
2025/01/19;0800 UTC;0;989,3;989,3;989;;21,1;18;21,4;20,9;18,3;17,8;83;82;83;;;;
2025/01/19;0900 UTC;0;989,9;989,9;989,3;87,8;21,8;18,8;21,8;20,7;18,8;17,7;84;83;83;;;;
2025/01/19;1000 UTC;0;990,4;990,4;989,9;745;24,5;20,8;24,5;21,8;20,8;18,9;83;79;80;;;;
2025/01/19;1100 UTC;0;991;991;990,4;1555;25,9;21,1;26;24,4;21,4;20,3;80;75;75;;;;
2025/01/19;1200 UTC;0;991;991,1;991;2270;27,4;21,2;27,5;25,6;21,8;20,3;75;69;69;;;;
2025/01/19;1300 UTC;0;990,8;991;990,8;3287,2;29,8;21,4;29,8;26,4;22,1;20;69;60;61;;;;
2025/01/19;1400 UTC;0;990,1;990,8;990,1;3448,4;30;20;30,9;28,7;21,3;19,7;61;55;55;;;;
2025/01/19;1500 UTC;0;989,3;990,1;989,3;3025,4;31,5;20,3;31,5;28,7;20,6;18,4;57;51;52;;;;
2025/01/19;1600 UTC;0;988,5;989,3;988,5;3638,4;31,8;18,4;32,2;29,8;20,5;18;52;45;45;;;;
2025/01/19;1700 UTC;0;987,6;988,5;987,6;3220,1;31,1;16,4;32,4;30,6;18,8;16,2;45;40;41;;;;
2025/01/19;1800 UTC;0;986,9;987,6;986,9;2385,8;32;17;33,1;30,3;17,7;15,3;42;38;41;;;;
2025/01/19;1900 UTC;0;986,4;986,9;986,3;1709,6;32;16;32,3;30,1;17,1;15,2;42;38;38;;;;
2025/01/19;2000 UTC;0;986,2;986,4;986,2;1442,6;31,4;15,6;32,3;31,3;16,4;15,2;39;37;39;;;;
2025/01/19;2100 UTC;0;986,2;986,2;986;538,8;28,8;16,5;31,4;28,8;16,5;15,5;47;38;47;;;;
2025/01/19;2200 UTC;0;986,6;986,6;986,2;13,7;26,7;18,3;28,8;26,7;18,4;16,5;60;47;60;;;;
2025/01/19;2300 UTC;0;987,2;987,2;986,6;;25;18,2;26,7;25;18,6;18,2;66;60;66;;;;
2025/01/20;0000 UTC;0;988,1;988,1;987,2;;23,9;18,3;25;23,9;18,4;18,1;71;66;71;;;;
2025/01/20;0100 UTC;0;988,8;988,8;988,1;;23,3;18,4;23,9;23,2;18,5;18,3;74;71;74;;;;
2025/01/20;0200 UTC;0;988,7;988,8;988,7;;22,9;18,5;23,3;22,9;18,6;18,4;77;74;77;;;;
2025/01/20;0300 UTC;0;988,2;988,7;988,2;;22,7;18,8;22,9;22,4;18,8;18,4;79;77;79;;;;
2025/01/20;0400 UTC;0;987,7;988,2;987,7;;22,7;19;23;22,5;19,1;18,8;80;79;80;;;;
2025/01/20;0500 UTC;0;987,5;987,7;987,5;;22,6;19;23;22,6;19,2;19;80;79;80;;;;
2025/01/20;0600 UTC;0;987,7;987,7;987,4;;22,6;19;22,8;22,4;19,2;18,9;81;80;81;;;;
2025/01/20;0700 UTC;0;988,2;988,2;987,7;;22,2;18,7;22,8;22,1;19,2;18,7;81;80;81;;;;
2025/01/20;0800 UTC;0;988,6;988,6;988,1;;22,4;19;22,6;21,9;19,1;18,5;82;81;81;;;;
2025/01/20;0900 UTC;0;989,2;989,3;988,6;66,3;22,2;18,9;22,5;21,7;19;18,5;82;81;82;;;;
2025/01/20;1000 UTC;0;989,5;989,5;989,2;737,9;24,8;20,7;24,9;22,2;20,9;19;82;78;78;;;;
2025/01/20;1100 UTC;0;989,6;989,7;989,4;1652,9;27;21,8;27,3;24,8;22,2;20,8;79;73;73;;;;
2025/01/20;1200 UTC;0;989,6;989,7;989,5;2491,1;29,5;22,7;29,5;27;22,9;21,8;74;66;67;;;;
2025/01/20;1300 UTC;0;989,3;989,6;989,3;3197,7;30,8;21,9;31,3;29,1;22,9;21,4;67;58;59;;;;
2025/01/20;1400 UTC;0;988,9;989,4;988,9;3829;32,3;21,4;32,3;30,5;22,3;20,3;59;52;53;;;;
2025/01/20;1500 UTC;0;988,1;988,9;988,1;3550,7;33,2;20,2;33,2;31;21,3;19;53;46;46;;;;
2025/01/20;1600 UTC;0;987,2;988,1;987,2;3844,9;34,2;18,6;34,3;31,2;20,5;17,5;48;40;40;;;;
2025/01/20;1700 UTC;0;986,6;987,2;986,6;2737,4;33,9;17,3;34,2;32,1;18,5;15,9;41;36;37;;;;
2025/01/20;1800 UTC;0;985,8;986,6;985,8;2924,8;34,3;16;34,6;33,1;17,6;15,3;37;33;34;;;;
2025/01/20;1900 UTC;0;985,1;985,8;985,1;2071;32,8;14,2;34,7;32,6;16,7;14,1;36;31;33;;;;
2025/01/20;2000 UTC;0;985;985,1;985;1448,6;33;14,8;34;32,2;15,7;14,1;34;31;33;;;;
2025/01/20;2100 UTC;0;985,1;985,2;985;537;30,1;16;33;30,1;16;14,7;42;33;42;;;;
2025/01/20;2200 UTC;0;985,6;985,6;985,1;10,8;27,2;18,8;30,1;27,2;18,8;16;60;42;60;;;;
2025/01/20;2300 UTC;0;986,7;986,7;985,6;;26;20;27,2;26;20;18,9;69;60;69;;;;
2025/01/21;0000 UTC;0;986,9;987,1;986,7;;25,2;20,1;26;25,2;20,3;19,9;74;69;74;;;;
2025/01/21;0100 UTC;0;987,5;987,5;986,9;;24,5;19,9;25,3;24,5;20,2;19,8;75;74;75;;;;
2025/01/21;0200 UTC;0;987,5;987,6;987,4;;24;19,8;24,6;23,9;19,9;19,7;78;75;77;;;;
2025/01/21;0300 UTC;0;987,3;987,5;987,3;;23,7;19,8;24;23,6;20;19,7;79;77;79;;;;
2025/01/21;0400 UTC;0;987;987,3;987;;23,8;19,9;24;23,3;20,1;19,5;79;78;79;;;;
2025/01/21;0500 UTC;0;986,9;987;986,8;;23,5;19,6;23,8;23,4;19,9;19,5;79;79;79;;;;
2025/01/21;0600 UTC;0;987,2;987,2;986,9;;23;19,2;23,6;23;19,7;19,2;79;79;79;;;;
2025/01/21;0700 UTC;0;987,4;987,4;987,2;;22,5;19,1;23;22,2;19,2;18,7;81;79;81;;;;
2025/01/21;0800 UTC;0;987,7;987,7;987,4;;21,9;18,6;22,6;21,9;19,2;18,6;82;80;82;;;;
2025/01/21;0900 UTC;0;988,6;988,6;987,7;84,3;23,4;20;23,4;21,8;20;18,6;82;81;81;;;;
2025/01/21;1000 UTC;0;989,1;989,1;988,6;712,5;25,8;21,7;25,9;23,4;21,8;20;81;78;78;;;;
2025/01/21;1100 UTC;0;989,4;989,4;989,1;1613,4;27,8;22,7;28;25,7;23,1;21,5;78;74;74;;;;
2025/01/21;1200 UTC;0;989,4;989,5;989,4;2448,6;29,8;23,3;30;27,8;23,8;22,8;74;68;68;;;;
2025/01/21;1300 UTC;0;989,2;989,4;989,2;3115,3;32;24;32;29,6;24,4;23,1;69;63;63;;;;
2025/01/21;1400 UTC;0;988,8;989,2;988,8;3671,4;33,9;23,7;33,9;31,3;24,5;23;63;55;55;;;;
2025/01/21;1500 UTC;0;988,2;988,8;988,2;3447,1;33,7;21,6;35,1;32,3;23,7;20,8;55;48;49;;;;
2025/01/21;1600 UTC;0;987,6;988,2;987,6;3319,1;34,8;20;35,9;33,7;22,4;19,7;49;42;42;;;;
2025/01/21;1700 UTC;0;987;987,6;987;3110;35,9;18,9;36,4;33,8;21,1;18,8;43;37;37;;;;
2025/01/21;1800 UTC;0;986,3;987;986,3;3232,5;36;17,4;37,1;35,7;19,8;17,1;37;32;33;;;;
2025/01/21;1900 UTC;0;986;986,3;985,9;1364,8;35,5;17,4;36,2;34,5;17,5;15,9;35;32;34;;;;
2025/01/21;2000 UTC;0;985,7;986;985,7;1090,6;34;19,1;35,8;33,9;19,2;17,1;42;34;42;;;;
2025/01/21;2100 UTC;0;986,1;986,1;985,7;375,4;31,2;19,3;34;31,2;19,6;18,8;49;42;49;;;;
2025/01/21;2200 UTC;0;986,7;986,7;986,1;13,5;29,1;21,1;31,2;29,1;21,2;19,3;62;49;62;;;;
2025/01/21;2300 UTC;0;987,5;987,5;986,7;;28,2;21,4;29,1;28,1;21,6;21,1;67;62;67;;;;
2025/01/22;0000 UTC;0;987,8;987,8;987,5;;26,5;20,9;28,2;26,5;21,3;20,9;71;67;71;;;;
2025/01/22;0100 UTC;0;988,3;988,3;987,8;;25,3;20,2;26,5;25,3;20,9;20,2;74;71;74;;;;
2025/01/22;0200 UTC;0;988,4;988,5;988,3;;24,5;20;25,3;24,5;20,3;20;76;74;76;;;;
2025/01/22;0300 UTC;0;988,1;988,5;988,1;;24,7;20,3;24,9;24,4;20,5;19,9;77;76;76;;;;
2025/01/22;0400 UTC;0;987,6;988,1;987,6;;24,8;20,4;24,9;24,4;20,5;20,1;77;76;77;;;;
2025/01/22;0500 UTC;0;987,6;987,7;987,5;;24,5;20;24,9;24,2;20,4;19,9;77;76;76;;;;
2025/01/22;0600 UTC;0;987,9;987,9;987,6;;23,4;19,2;24,5;23,4;20;19,2;77;76;77;;;;
2025/01/22;0700 UTC;0;988,4;988,4;987,9;;22,8;19;23,4;22,7;19,3;18,8;79;77;79;;;;
2025/01/22;0800 UTC;0;988,8;988,8;988,4;;22,2;18,8;22,8;22,2;19;18,6;81;79;81;;;;
2025/01/22;0900 UTC;0;989,5;989,5;988,8;82,7;22,9;19,5;22,9;22,1;19,5;18,7;81;81;81;;;;
2025/01/22;1000 UTC;0;990;990,2;989,5;695,2;25,1;21;25,2;23;21,2;19,6;81;78;78;;;;
2025/01/22;1100 UTC;0;990,3;990,3;990;1577,2;28,1;22,9;28,1;25,1;22,9;21,1;78;74;74;;;;
2025/01/22;1200 UTC;0;990,3;990,4;990,2;2365,4;29,7;23,1;30,5;27,6;24,1;22,4;74;67;68;;;;
2025/01/22;1300 UTC;0;989,9;990,3;989,9;2989,1;32,3;24,1;32,3;29,5;24,4;22,9;68;62;62;;;;
2025/01/22;1400 UTC;0;989,7;990;989,7;2333,4;31,6;22,4;33,1;31,2;24,5;22,1;62;58;58;;;;
2025/01/22;1500 UTC;0;989,2;989,7;989,2;1967,3;33,3;23;33,4;31,6;23,6;21,7;59;55;55;;;;
2025/01/22;1600 UTC;0;988,5;989,2;988,5;3343,1;34,2;21,5;34,7;32,5;23,5;21,1;55;48;48;;;;
2025/01/22;1700 UTC;0;988;988,5;988;3392,8;35;19,9;35,6;33,1;22,6;19,9;50;41;41;;;;
2025/01/22;1800 UTC;0;987,5;988;987,5;2966;34,2;18;35,4;34,2;20,4;18;43;38;38;;;;
2025/01/22;1900 UTC;0;986,8;987,5;986,8;2161,5;33,3;17,4;35,4;33,3;19,2;17,4;40;37;39;;;;
2025/01/22;2000 UTC;0;986,4;986,8;986,4;1419,1;33,3;17,4;34,3;33,2;18,3;17,3;40;37;39;;;;
2025/01/22;2100 UTC;0;987;987;986,4;518,4;30,1;18,4;33,3;30,1;18,4;17;49;39;49;;;;
2025/01/22;2200 UTC;0;987,8;987,8;987;15,6;27,9;17,7;30,1;27,9;18,5;17,6;54;49;54;;;;
2025/01/22;2300 UTC;0;988,8;988,8;987,8;;26,4;18,7;27,9;26,4;18,7;17,7;63;54;63;;;;
2025/01/23;0000 UTC;0;989,7;989,8;988,8;;25,1;19,2;26,4;25,1;19,3;18,5;70;63;70;;;;
2025/01/23;0100 UTC;0;990,7;990,7;989,7;;24,4;19,8;25,1;24,4;19,8;19,2;75;70;75;;;;
2025/01/23;0200 UTC;0;990,9;991,1;990,7;;23,9;19,9;24,4;23,9;20,1;19,7;78;75;78;;;;
2025/01/23;0300 UTC;0;990,6;990,9;990,5;;23,9;20,3;24,1;23,8;20,3;19,9;80;78;80;;;;
2025/01/23;0400 UTC;0;990;990,6;990;;23,4;20,2;23,9;23,4;20,3;20,1;82;80;82;;;;
2025/01/23;0500 UTC;0;989,9;990,1;989,8;;23,4;20,4;23,4;23,2;20,4;20,2;83;82;83;;;;
2025/01/23;0600 UTC;0;989,7;989,9;989,6;;22,9;20;23,5;22,9;20,5;20;84;83;84;;;;
2025/01/23;0700 UTC;0;989,8;989,8;989,7;;22,5;19,7;22,9;22,5;20,1;19,7;85;84;84;;;;
2025/01/23;0800 UTC;0;990;990;989,7;;22,3;19,7;22,6;22,3;19,9;19,6;85;84;85;;;;
2025/01/23;0900 UTC;0;990,7;990,7;990;70,6;22,9;20,3;22,9;22,2;20,3;19,6;85;85;85;;;;
2025/01/23;1000 UTC;0;991,3;991,3;990,7;738,3;25,6;22,1;25,6;22,9;22,3;20,4;85;81;81;;;;
2025/01/23;1100 UTC;0;991,8;991,8;991,3;1694,2;27,4;23;27,7;25,5;23,4;22,1;82;76;77;;;;
2025/01/23;1200 UTC;0;991,7;991,8;991,6;2742,5;29,3;23,7;29,4;27;24,4;22,5;77;72;72;;;;
2025/01/23;1300 UTC;0;991,7;991,8;991,6;1621,1;29,7;22,8;29,7;27,9;23,7;21,9;73;67;67;;;;
2025/01/23;1400 UTC;0;991,2;991,7;991,2;3233;31,8;21,9;32,1;29,2;23,3;21,2;67;55;56;;;;
2025/01/23;1500 UTC;0;990,4;991,1;990,4;3130,2;32,4;20;33;30,5;22,1;19,8;56;48;48;;;;
2025/01/23;1600 UTC;0;989,9;990,4;989,9;3413,9;32;18,3;34,1;31,3;20,5;17,2;48;42;44;;;;
2025/01/23;1700 UTC;0;989,4;989,9;989,4;2122,3;32;16,9;33,5;31,7;19,2;16,6;45;40;41;;;;
2025/01/23;1800 UTC;0;988,7;989,4;988,7;2440,2;33,2;18,2;33,7;31,9;18,7;16,8;42;39;41;;;;
2025/01/23;1900 UTC;0;988,5;988,7;988,4;1707;31,2;19,9;33,2;30,7;20,5;17;52;40;51;;;;
2025/01/23;2000 UTC;0;988,8;988,8;988,4;1157,2;29,3;20,4;31,3;28,7;20,5;19,5;59;51;59;;;;
2025/01/23;2100 UTC;0;989,2;989,2;988,7;413,1;27,7;19,5;29,5;27,7;20,5;19,5;61;58;61;;;;
2025/01/23;2200 UTC;0;989,5;989,5;989,1;16,9;26,2;19,2;27,7;26,2;19,5;19,2;65;61;65;;;;
2025/01/23;2300 UTC;0;990,3;990,3;989,5;;25,3;19,3;26,2;25,3;19,5;19,2;69;65;69;;;;
2025/01/24;0000 UTC;0;990,9;990,9;990,2;;24,2;19,2;25,3;24,1;19,2;19;74;69;74;;;;
2025/01/24;0100 UTC;0;991,5;991,5;990,9;;23,5;19,1;24,2;23,5;19,2;19;77;73;77;;;;
2025/01/24;0200 UTC;0;991,7;991,8;991,5;;23,5;19,5;23,6;23,4;19,6;19,1;79;77;79;;;;
2025/01/24;0300 UTC;0;991,3;991,7;991,2;;23,3;19,8;23,5;23,3;19,9;19,5;81;79;81;;;;
2025/01/24;0400 UTC;0;990,7;991,3;990,7;;22,8;19,6;23,3;22,8;19,8;19,6;82;81;82;;;;
2025/01/24;0500 UTC;0;990,3;990,7;990,3;;22,6;19,6;22,8;22,5;19,7;19,4;83;82;83;;;;
2025/01/24;0600 UTC;0;990,1;990,3;990;;23,3;20,3;23,3;22,6;20,3;19,7;84;83;84;;;;
2025/01/24;0700 UTC;0;990,2;990,2;989,9;;23;20,2;23,4;23;20,5;20,1;84;84;84;;;;
2025/01/24;0800 UTC;0;990,8;990,8;990,2;;23;20,3;23,1;22,8;20,3;20;84;84;84;;;;
2025/01/24;0900 UTC;0;991,5;991,5;990,8;57,6;23,1;20,4;23,1;22,8;20,4;20,1;85;84;85;;;;
2025/01/24;1000 UTC;0;991,9;992;991,5;645,1;24,9;21,5;25,4;23,1;22,2;20,4;85;81;81;;;;
2025/01/24;1100 UTC;0;992;992;991,9;1506,6;26,7;22,3;27,4;24,9;23;21,5;82;76;77;;;;
2025/01/24;1200 UTC;0;992,1;992,2;992;1879;27,9;22,5;28,6;26,5;23,6;22;77;72;72;;;;
2025/01/24;1300 UTC;0;991,7;992,1;991,7;3276,1;30,1;22,6;30,7;27,9;24;22,4;74;64;64;;;;
2025/01/24;1400 UTC;,2;991,4;991,8;991,4;1644,2;26,2;20,4;30,3;26,2;23;20,4;70;64;70;;;;
2025/01/24;1500 UTC;0;990,4;991,4;990,4;3050,3;30,6;22,9;30,8;25,9;23,6;20,3;74;63;63;;;;
2025/01/24;1600 UTC;0;989,7;990,4;989,7;2655,7;30,4;21;32,4;29,3;23,3;20,4;63;56;57;;;;
2025/01/24;1700 UTC;0;989,1;989,7;989,1;2641,1;31,7;21,3;32,2;29,3;22,3;20;60;53;54;;;;
2025/01/24;1800 UTC;0;988,7;989,1;988,7;2406,1;31,3;21,3;32;29,5;21,8;19,5;57;52;55;;;;
2025/01/24;1900 UTC;0;988,8;988,9;988,6;2295,5;29,7;19,6;31,7;29,7;21,4;19,4;56;53;55;;;;
2025/01/24;2000 UTC;0;989,2;989,2;988,8;920;28,6;18,7;30,5;28,4;20,8;18,4;57;54;55;;;;
2025/01/24;2100 UTC;,2;989,6;989,6;989,2;522,1;27,3;18;29;27,3;19;18;57;54;57;;;;
2025/01/24;2200 UTC;0;990,2;990,2;989,5;14,9;25,7;18;27,3;25,7;18,2;17,9;63;57;63;;;;
2025/01/24;2300 UTC;0;990,9;990,9;990,2;;24,9;18,7;25,7;24,8;18,7;18;68;63;68;;;;
2025/01/25;0000 UTC;0;991,3;991,3;990,9;;23,9;18,9;25;23,9;19;18,7;73;68;73;;;;
2025/01/25;0100 UTC;0;991,7;991,9;991,3;;23;18,7;23,9;23;18,9;18,7;77;73;77;;;;
2025/01/25;0200 UTC;0;991,7;991,8;991,7;;22,7;18,8;23;22,6;18,9;18,7;79;77;79;;;;
2025/01/25;0300 UTC;0;991,4;991,8;991,3;;22,4;18,9;22,7;22,4;19;18,8;81;79;81;;;;
2025/01/25;0400 UTC;0;990,9;991,4;990,9;;22,1;18,8;22,4;22,1;18,9;18,8;82;81;82;;;;
2025/01/25;0500 UTC;0;990,6;990,9;990,6;;22,1;18,9;22,4;22,1;19,2;18,8;82;82;82;;;;
2025/01/25;0600 UTC;0;990,4;990,6;990,2;;21,8;18,7;22,2;21,7;19,1;18,6;83;82;83;;;;
2025/01/25;0700 UTC;0;990,5;990,5;990,3;;21,6;18,7;21,9;21,4;18,9;18,5;84;83;84;;;;
2025/01/25;0800 UTC;0;990,8;990,8;990,5;;21,2;18,3;21,6;21,2;18,7;18,3;84;83;84;;;;
2025/01/25;0900 UTC;0;991,6;991,6;990,8;38,5;21,4;18,7;21,7;20,8;19;18;85;84;84;;;;
2025/01/25;1000 UTC;0;992;992,1;991,6;392,4;23,1;20,4;23,2;21,2;20,6;18,4;85;84;85;;;;
2025/01/25;1100 UTC;0;992,4;992,4;992;1303,9;25,3;21,8;25,4;22,8;21,9;19,9;85;81;81;;;;
2025/01/25;1200 UTC;0;992,7;992,7;992,3;2391,3;27,1;22,1;28,7;25,3;23,7;21,7;81;73;74;;;;
2025/01/25;1300 UTC;0;992,6;992,7;992,6;1716,9;28;22,1;28,7;26,9;23,7;22;76;70;70;;;;
2025/01/25;1400 UTC;0;992,1;992,6;992,1;2339,6;30,8;22,8;31,2;27,5;23,4;21,4;71;62;62;;;;
2025/01/25;1500 UTC;0;991,5;992,1;991,5;2121,2;30,3;21,4;32,3;28,9;23,9;20,7;63;59;59;;;;
2025/01/25;1600 UTC;0;991,1;991,5;991,1;1494,5;28,4;21,7;30,3;27,3;22,2;20,1;69;59;67;;;;
2025/01/25;1700 UTC;0;990,8;991,1;990,8;2398,9;27,1;21,4;29,6;26,8;22,4;20,2;71;65;71;;;;
2025/01/25;1800 UTC;0;990,1;990,8;990,1;1980,5;28,8;21,9;29,6;26,9;23;21,2;72;66;66;;;;
2025/01/25;1900 UTC;0;989,6;990,1;989,6;1280,3;28,6;21,6;29,3;28,2;22,1;20,9;66;64;66;;;;
2025/01/25;2000 UTC;0;989,5;989,7;989,5;750,8;27,3;20,7;28,6;27,3;21,6;20,7;68;65;67;;;;
2025/01/25;2100 UTC;0;989,5;989,6;989,5;272,1;26,5;20,1;27,3;26,5;20,9;19,9;68;66;68;;;;
2025/01/25;2200 UTC;0;989,8;989,9;989,5;11,5;24,6;19,7;26,5;24,6;20,2;19,6;74;68;74;;;;
2025/01/25;2300 UTC;0;990,5;990,5;989,8;;23,4;19,2;24,6;23,4;19,6;19,1;77;74;77;;;;
2025/01/26;0000 UTC;0;991;991;990,5;;23,3;19,6;23,4;23;19,6;19;80;77;80;;;;
2025/01/26;0100 UTC;0;991,3;991,3;990,9;;24,1;20,1;24,1;23,3;20,1;19,6;80;79;79;;;;
2025/01/26;0200 UTC;0;991;991,3;991;;23,6;19,7;24,1;23,6;20,1;19,7;79;79;79;;;;
2025/01/26;0300 UTC;0;990,8;991,1;990,7;;22,8;19,2;23,6;22,8;19,7;19,2;80;79;80;;;;
2025/01/26;0400 UTC;0;990,4;990,8;990,4;;22,7;19,3;23;22,7;19,4;19,1;81;80;81;;;;
2025/01/26;0500 UTC;0;990;990,4;989,9;;22,1;18,8;22,7;22,1;19,3;18,8;82;81;82;;;;
2025/01/26;0600 UTC;0;990,4;990,4;990;;21,7;18,7;22,1;21,6;18,9;18,6;83;82;83;;;;
2025/01/26;0700 UTC;0;990,7;990,8;990,4;;21,6;18,7;21,8;21,5;18,9;18,5;84;83;84;;;;
2025/01/26;0800 UTC;0;991;991;990,7;;21,4;18,6;21,7;21,4;18,9;18,5;84;84;84;;;;
2025/01/26;0900 UTC;,2;991,5;991,5;991;73,1;22,4;19,6;22,4;21,3;19,6;18,5;85;84;84;;;;
2025/01/26;1000 UTC;0;991,8;991,8;991,6;502,3;23,9;20,7;24;22,4;20,8;19,7;84;82;82;;;;
2025/01/26;1100 UTC;0;991,9;992;991,8;1590,3;26,6;22,1;26,6;23,9;22,2;20,9;83;77;77;;;;
2025/01/26;1200 UTC;0;992;992,1;991,9;2549,8;28,5;22,3;29;26,5;23,1;21,9;77;68;69;;;;
2025/01/26;1300 UTC;0;991,8;992;991,7;3049,7;30,4;21,8;30,4;28,5;22,7;21,1;69;60;60;;;;
2025/01/26;1400 UTC;0;991,6;991,8;991,6;3256,3;29,5;18,9;31,4;29,4;21,8;18,7;60;52;53;;;;
2025/01/26;1500 UTC;0;990,8;991,6;990,8;3112,7;30;18,2;32,4;29,6;20,7;18,2;54;48;49;;;;
2025/01/26;1600 UTC;0;990,1;990,9;990,1;3374,2;33,1;19,4;33,4;29,9;20,2;17,3;51;44;44;;;;
2025/01/26;1700 UTC;0;989,5;990,1;989,5;3318,9;33,5;18,7;33,7;30,8;19,3;16,8;45;41;42;;;;
2025/01/26;1800 UTC;0;988,7;989,5;988,7;2248,9;33,2;18,4;34;31,1;18,9;17;44;39;42;;;;
2025/01/26;1900 UTC;0;987,9;988,7;987,9;2200,9;32,4;15,9;33,2;31,8;18,2;15,7;42;36;37;;;;
2025/01/26;2000 UTC;0;987,6;987,9;987,6;1287,7;30,2;14,7;32,8;30,2;16,5;14,6;39;36;39;;;;
2025/01/26;2100 UTC;0;987,5;987,6;987,4;293,1;29,1;16,2;30,2;29,1;16,7;14,8;46;39;46;;;;
2025/01/26;2200 UTC;0;988;988;987,5;14,8;26,6;16,9;29,1;26,6;16,9;16,1;55;46;55;;;;
2025/01/26;2300 UTC;0;988,7;988,7;988;;24,7;16,9;26,6;24,7;17;16,7;62;55;62;;;;
2025/01/27;0000 UTC;0;989,7;989,7;988,7;;23,3;16,9;24,7;23,3;17,1;16,8;67;62;67;;;;
2025/01/27;0100 UTC;0;990,1;990,2;989,7;;22,6;17,6;23,3;22,5;17,6;16,8;73;67;73;;;;
2025/01/27;0200 UTC;0;990;990,2;989,9;;22,8;18,3;23,1;22,5;18,3;17,6;76;73;76;;;;
2025/01/27;0300 UTC;0;989,7;990;989,7;;22,6;18,5;22,8;22,4;18,5;18;77;75;77;;;;
2025/01/27;0400 UTC;0;989,1;989,7;989,1;;22,3;18,5;22,7;22,3;18,6;18,3;79;77;79;;;;
2025/01/27;0500 UTC;0;989;989,2;988,9;;22,4;18,8;22,4;22,1;18,9;18,4;81;79;80;;;;
2025/01/27;0600 UTC;0;988,7;989;988,6;;22,3;18,8;22,4;22,2;18,9;18,7;81;80;81;;;;
2025/01/27;0700 UTC;0;988,8;988,8;988,6;;22,2;18,8;22,6;22,2;19,1;18,8;81;81;81;;;;
2025/01/27;0800 UTC;0;988,9;988,9;988,7;;21,4;18,3;22,2;21,4;18,8;18,2;82;81;82;;;;
2025/01/27;0900 UTC;0;989,6;989,6;988,9;74,6;22,3;19,2;22,3;21,1;19,2;18;83;82;82;;;;
2025/01/27;1000 UTC;0;989,9;989,9;989,5;687,8;24,7;21;24,7;22,3;21;19,2;82;80;80;;;;
2025/01/27;1100 UTC;0;990;990,1;989,9;1584,9;26,7;21,7;26,9;24,6;22,2;20,9;80;74;74;;;;
2025/01/27;1200 UTC;0;990;990,1;989,9;2326;28;21,7;28,6;25,9;22,4;20,9;75;68;69;;;;
2025/01/27;1300 UTC;0;990,1;990,1;990;3297,5;28,7;20,5;31,1;28,1;22,9;20,5;69;60;61;;;;
2025/01/27;1400 UTC;0;989,4;990,1;989,4;2701,5;31,7;20,2;32,1;28,2;21,6;18,7;62;51;51;;;;
2025/01/27;1500 UTC;0;988,8;989,4;988,8;3418,1;31,8;17,9;33;29,9;21;17,9;51;44;44;;;;
2025/01/27;1600 UTC;0;988,2;988,8;988,2;3896,5;34,2;17,5;34,3;31,5;18,7;16,3;44;37;37;;;;
2025/01/27;1700 UTC;0;987,8;988,3;987,8;3463,2;32,3;14,7;35;32,3;17,4;14,4;37;33;35;;;;
2025/01/27;1800 UTC;0;987,1;987,8;987,1;2125,7;31,8;14,6;34,3;31,7;16,7;14,5;38;33;36;;;;
2025/01/27;1900 UTC;0;986,6;987,2;986,5;1583,1;32,4;15,4;33,6;31,1;16,8;14,8;39;34;36;;;;
2025/01/27;2000 UTC;0;986,6;986,6;986,5;1072,6;31,8;15,6;33,1;31,6;16,3;14,9;39;35;38;;;;
2025/01/27;2100 UTC;0;986,9;986,9;986,6;518,3;28,6;17,8;31,9;28,6;17,9;15,2;52;37;52;;;;
2025/01/27;2200 UTC;0;987,4;987,4;986,9;15,5;26,6;18,2;28,6;26,6;18,3;17,8;60;52;60;;;;
2025/01/27;2300 UTC;0;988,3;988,3;987,4;;25,2;18,1;26,6;25,2;18,3;18,1;65;60;65;;;;
2025/01/28;0000 UTC;0;989,4;989,4;988,3;;23,8;18,1;25,2;23,8;18,2;18;70;65;70;;;;
2025/01/28;0100 UTC;0;990;990,1;989,4;;23,6;18,6;23,9;23,6;18,8;18,1;74;70;74;;;;
2025/01/28;0200 UTC;0;989,8;990,1;989,7;;23,7;19,4;23,9;23,5;19,4;18,6;77;74;77;;;;
2025/01/28;0300 UTC;0;989,7;990;989,7;;23,4;19,4;23,8;23,4;19,7;19,2;78;77;78;;;;
2025/01/28;0400 UTC;0;989;989,7;989;;23,2;19,6;23,4;23;19,6;19,3;80;78;80;;;;
2025/01/28;0500 UTC;0;988,7;989;988,7;;22,8;19,4;23,3;22,8;19,7;19,3;81;80;81;;;;
2025/01/28;0600 UTC;0;988,9;988,9;988,6;;22,5;19,2;22,9;22,5;19,5;19,2;82;81;82;;;;
2025/01/28;0700 UTC;0;988,9;988,9;988,7;;22;18,9;22,5;22;19,3;18,8;83;82;83;;;;
2025/01/28;0800 UTC;0;989;989;988,9;;21,3;18,4;22,1;21,3;19;18,4;83;83;83;;;;
2025/01/28;0900 UTC;0;989,6;989,6;988,9;89,2;22,2;19,4;22,2;21,1;19,4;18,2;85;83;84;;;;
2025/01/28;1000 UTC;0;990,2;990,2;989,6;374,5;22,6;20;22,7;22,1;20,1;19,4;85;84;85;;;;
2025/01/28;1100 UTC;0;990,5;990,5;990,2;655,8;24,6;21,5;24,6;22,7;21,5;20,1;85;83;83;;;;
2025/01/28;1200 UTC;0;990,7;990,7;990,5;1475,2;27;22,9;27;24,6;22,9;21,5;83;78;78;;;;
2025/01/28;1300 UTC;0;990,5;990,7;990,5;2248;28,4;23;28,5;27;23,7;22,3;78;72;73;;;;
2025/01/28;1400 UTC;0;990,4;990,6;990,2;3234,5;30,8;22,2;31,4;27,9;23,5;22,2;73;60;60;;;;
2025/01/28;1500 UTC;0;989,9;990,4;989,9;3214;31,3;20,8;32,9;29,3;22,9;20,6;61;54;54;;;;
2025/01/28;1600 UTC;0;988,9;989,9;988,9;3911,9;32,6;18,4;33,5;30,8;21,7;18;55;42;43;;;;
2025/01/28;1700 UTC;0;988;988,9;988;2972,6;32,7;17,9;34;31;19,6;16,7;44;41;41;;;;
2025/01/28;1800 UTC;0;987,1;988;987,1;2244,3;32,9;17,3;33;31,5;17,6;16,2;42;39;39;;;;
2025/01/28;1900 UTC;0;986,5;987,1;986,4;2237,1;33;16;33,4;31,4;17,4;15,3;39;36;36;;;;
2025/01/28;2000 UTC;0;986,4;986,5;986,1;1109,1;31,1;17,6;33,2;30,6;17,6;15,5;45;36;45;;;;
2025/01/28;2100 UTC;0;987;987;986,4;253,4;27,8;18,6;31,1;27,8;18,8;17,7;57;45;57;;;;
2025/01/28;2200 UTC;0;987,7;987,7;987;8,9;26,2;18,5;27,8;26,2;18,7;18,4;63;57;63;;;;
2025/01/28;2300 UTC;0;988,6;988,6;987,7;;25;18,7;26,2;25;18,8;18,4;68;63;68;;;;
2025/01/29;0000 UTC;0;989,1;989,1;988,6;;24;18,7;25;24;18,8;18,6;72;68;72;;;;
2025/01/29;0100 UTC;0;989,6;989,6;989,1;;23,7;19,2;24;23,7;19,2;18,7;76;72;76;;;;
2025/01/29;0200 UTC;0;989,8;989,9;989,6;;23,9;19,9;23,9;23,6;19,9;19,2;78;76;78;;;;
2025/01/29;0300 UTC;0;989,3;989,8;989,3;;24;20,2;24;23,6;20,2;19,7;80;78;79;;;;
2025/01/29;0400 UTC;0;989,2;989,3;989,1;;23,8;20,3;24,1;23,8;20,4;20,2;80;79;80;;;;
2025/01/29;0500 UTC;0;989;989,3;989;;23,6;20,2;23,9;23,5;20,3;20;81;80;81;;;;
2025/01/29;0600 UTC;0;988,8;989,1;988,8;;23,5;20,4;23,7;23,2;20,4;19,9;83;81;83;;;;
2025/01/29;0700 UTC;0;988,6;988,8;988,5;;23,4;20,4;23,5;23,3;20,5;20,2;83;83;83;;;;
2025/01/29;0800 UTC;0;989;989;988,6;;22,9;20,1;23,4;22,9;20,4;20,1;84;83;84;;;;
2025/01/29;0900 UTC;0;989,6;989,6;989;28;23,1;20,4;23,1;22,7;20,4;19,9;85;84;85;;;;
2025/01/29;1000 UTC;0;990,1;990,1;989,6;494,9;24,6;21,3;25,3;23,1;22,1;20,4;85;82;82;;;;
2025/01/29;1100 UTC;0;990,5;990,5;990,1;883,6;26,2;22,2;26,6;24,6;22,7;21,3;83;78;78;;;;
2025/01/29;1200 UTC;0;990,7;990,7;990,5;2562,8;29;22,9;29,5;26,3;23,9;22,1;79;69;70;;;;
2025/01/29;1300 UTC;0;990,6;990,7;990,6;2682,4;30,2;21,9;30,7;27,7;23,6;21,1;70;61;61;;;;
2025/01/29;1400 UTC;0;991;991;990,7;2477,8;27,8;19,4;31;27,8;22,2;19,4;62;57;60;;;;
2025/01/29;1500 UTC;0;990,7;991,2;990,7;1377,5;28,2;20,9;28,2;25,4;21,2;18,7;70;60;64;;;;
2025/01/29;1600 UTC;0;989,6;990,7;989,6;2495,8;30,8;20,2;30,8;28;22,1;19,7;65;53;53;;;;
2025/01/29;1700 UTC;0;988,5;989,6;988,5;2904,7;32,5;18,8;32,6;30,6;20,4;18,5;53;44;44;;;;
2025/01/29;1800 UTC;,2;987,8;988,5;987,8;2752,7;30,8;19;32,7;29;19,5;17,3;52;43;49;;;;
2025/01/29;1900 UTC;0;987,4;987,8;987,4;2160,3;29,6;19;31;29,2;19,5;17,4;54;47;53;;;;
2025/01/29;2000 UTC;0;987,2;987,4;987,2;1042,9;27,9;18,7;30;27,9;19,6;18,2;57;53;57;;;;
2025/01/29;2100 UTC;0;987,7;987,7;987,2;436,1;27;17,8;28;27;18,8;17,8;58;56;57;;;;
2025/01/29;2200 UTC;0;988,4;988,4;987,7;16,3;25,7;18,8;27;25,6;18,8;17,8;66;57;66;;;;
2025/01/29;2300 UTC;0;989;989;988,4;;25,2;19,5;25,7;25,2;19,5;18,7;71;66;71;;;;
2025/01/30;0000 UTC;0;989,8;989,8;989;;24,7;19,6;25,2;24,7;19,7;19,5;73;71;73;;;;
2025/01/30;0100 UTC;0;990,7;990,7;989,8;;24,3;19,8;24,8;24,1;19,8;19,4;76;73;76;;;;
2025/01/30;0200 UTC;0;990,4;990,8;990,4;;24;19,9;24,4;24;20;19,8;78;76;78;;;;
2025/01/30;0300 UTC;0;990,3;990,6;990,3;;23,6;20;24;23,6;20;19,7;80;78;80;;;;
2025/01/30;0400 UTC;0;989,7;990,3;989,7;;23,4;19,8;23,6;23,3;20;19,8;80;80;80;;;;
2025/01/30;0500 UTC;0;989;989,7;989;;22,9;19,4;23,5;22,9;19,8;19,4;80;80;80;;;;
2025/01/30;0600 UTC;0;989;989,1;989;;22,5;19,2;23;22,3;19,5;19;82;80;81;;;;
2025/01/30;0700 UTC;0;989,1;989,1;989;;22,7;19,4;23,1;22,4;19,7;19,1;82;81;82;;;;
2025/01/30;0800 UTC;0;989,1;989,1;989;;22;18,9;22,9;22;19,6;18,9;83;82;83;;;;
2025/01/30;0900 UTC;0;989,5;989,5;989,1;64,6;22,5;19,5;22,5;21,9;19,5;18,9;83;83;83;;;;
2025/01/30;1000 UTC;0;989,7;989,7;989,4;494,7;25,1;21,7;25,1;22,4;21,7;19,4;84;81;81;;;;
2025/01/30;1100 UTC;0;990,1;990,2;989,7;1569,8;27;22;27,6;25,1;22,9;21;81;74;74;;;;
2025/01/30;1200 UTC;0;990,6;990,6;990,1;2488,1;29,1;21,7;29,7;26,2;22,7;20,9;74;64;64;;;;
2025/01/30;1300 UTC;0;990,9;990,9;990,6;2143,6;28,4;20,2;30,1;27,9;22,4;19,6;65;61;61;;;;
2025/01/30;1400 UTC;0;990,9;991;990,9;2897,2;29,6;18,8;31,2;28,4;21,7;18,5;62;51;52;;;;
2025/01/30;1500 UTC;0;990,3;990,9;990,3;3248,9;32,4;18,6;32,4;29,4;20,1;17,8;53;44;44;;;;
2025/01/30;1600 UTC;0;989,4;990,3;989,4;2793,8;33,1;17,1;33,5;30,2;19,3;16;45;38;39;;;;
2025/01/30;1700 UTC;0;988,5;989,4;988,5;3003;32,1;14,5;34,6;31,1;17,2;14,3;39;33;35;;;;
2025/01/30;1800 UTC;0;987,7;988,5;987,7;2367,3;32,3;14,8;33,4;31,7;15,4;14;36;33;35;;;;
2025/01/30;1900 UTC;0;987;987,7;987;2106,9;32,8;14,6;33,6;32;15,4;13,7;35;32;33;;;;
2025/01/30;2000 UTC;0;986,7;987;986,6;1381,6;31,6;14,5;32,9;31,6;14,6;13,9;35;32;35;;;;
2025/01/30;2100 UTC;0;987,2;987,2;986,7;489,9;28,9;16,5;31,6;28,9;16,5;14,4;47;35;47;;;;
2025/01/30;2200 UTC;0;988,1;988,1;987,2;12;26,6;17;28,9;26,6;17,2;16,4;56;47;56;;;;
2025/01/30;2300 UTC;0;989,1;989,1;988,1;;25,4;17,3;26,7;25,3;17,3;16,9;61;56;61;;;;
2025/01/31;0000 UTC;0;989,6;989,6;989,1;;24,3;18,1;25,4;24,3;18,1;17,3;68;61;68;;;;
2025/01/31;0100 UTC;0;990,2;990,2;989,6;;23,8;18,9;24,3;23,7;18,9;18;74;68;74;;;;
2025/01/31;0200 UTC;0;990;990,3;990;;23,4;19,2;23,9;23,4;19,4;18,9;77;74;77;;;;
2025/01/31;0300 UTC;0;989,7;990;989,6;;22,8;19,1;23,5;22,8;19,3;19;80;77;80;;;;
2025/01/31;0400 UTC;0;989,3;989,7;989,3;;22,7;19,2;23,2;22,6;19,6;19,1;81;80;81;;;;
2025/01/31;0500 UTC;0;989,1;989,3;989;;23;19,6;23,1;22,7;19,7;19,2;81;81;81;;;;
2025/01/31;0600 UTC;0;988,8;989,1;988,8;;22,2;19,1;23;22,1;19,7;19;83;81;83;;;;
2025/01/31;0700 UTC;0;988,8;988,8;988,7;;21,9;18,9;22,2;21,8;19,1;18,7;83;82;83;;;;
2025/01/31;0800 UTC;0;989,2;989,2;988,8;;21,7;18,7;22,2;21,7;19,2;18,7;83;83;83;;;;
2025/01/31;0900 UTC;0;989,7;989,7;989,2;91,7;22;19,1;22;21;19,1;18,1;84;83;84;;;;
2025/01/31;1000 UTC;0;990,2;990,2;989,7;568,8;24;20,5;24,4;22;21;19,2;84;80;81;;;;
2025/01/31;1100 UTC;0;990,6;990,6;990,2;1272,2;26;21,9;26;23,9;21,9;20,6;81;78;78;;;;
2025/01/31;1200 UTC;0;990,6;990,7;990,5;1845,7;28,7;23,3;28,7;25,7;23,3;21,4;78;72;73;;;;
2025/01/31;1300 UTC;0;990,3;990,6;990,3;2448,2;29,2;21,5;30;27,6;22,9;20,7;73;63;63;;;;
2025/01/31;1400 UTC;0;989,6;990,3;989,6;3293,9;31,6;20,5;32,1;28,4;23,1;20;65;52;52;;;;
2025/01/31;1500 UTC;0;988,7;989,6;988,7;3516,2;32,8;18,6;33,6;30,2;20,9;18,4;52;43;43;;;;
2025/01/31;1600 UTC;0;987,6;988,7;987,6;4069;34,1;18,1;34,3;32,8;19,2;16,8;44;37;39;;;;
2025/01/31;1700 UTC;0;986,6;987,6;986,6;3485,1;34,6;16,7;35,1;32,5;19,9;16,7;43;35;35;;;;
2025/01/31;1800 UTC;0;985,8;986,6;985,8;2256,4;32,2;20,2;34,6;30,8;21,5;15,9;51;35;49;;;;
2025/01/31;1900 UTC;0;985,5;985,8;985,5;1698,2;31,5;19,3;33,6;30,8;20,7;18,8;51;46;48;;;;
2025/01/31;2000 UTC;0;985,8;985,8;985,5;1316;29,7;18,6;31,8;29,7;19,7;18,2;52;46;52;;;;
2025/01/31;2100 UTC;0;986,6;986,6;985,8;497,7;28,2;18,4;29,8;28,2;19;17,9;55;51;55;;;;
2025/01/31;2200 UTC;0;987,3;987,3;986,5;12,5;26,7;18,6;28,2;26,7;18,6;18,4;61;55;61;;;;
2025/01/31;2300 UTC;0;987,9;987,9;987,3;;25,6;18,4;26,7;25,6;19;18,4;65;61;65;;;;
2025/02/01;0000 UTC;0;988,7;988,7;987,9;;24,8;18,7;25,6;24,7;18,8;18,4;69;65;69;;;;
2025/02/01;0100 UTC;0;989,2;989,2;988,7;;24,2;19,3;24,8;24;19,3;18,7;74;69;74;;;;
2025/02/01;0200 UTC;0;989,3;989,4;989,2;;24,2;19,7;24,4;24,1;19,7;19,2;76;74;76;;;;
2025/02/01;0300 UTC;0;988,9;989,3;988,9;;24;19,8;24,2;23,8;19,9;19,5;77;76;77;;;;
2025/02/01;0400 UTC;0;988,2;988,9;988,2;;23,7;19,8;24,1;23,6;19,9;19,6;79;77;79;;;;
2025/02/01;0500 UTC;0;987,9;988,2;987,9;;23,4;19,7;23,7;23,2;19,8;19,5;80;79;80;;;;
2025/02/01;0600 UTC;0;987,9;987,9;987,8;;22,6;19,2;23,6;22,6;19,9;19,2;81;80;81;;;;
2025/02/01;0700 UTC;0;987,8;987,9;987,7;;22,2;19;22,6;22;19,1;18,8;82;81;82;;;;
2025/02/01;0800 UTC;0;988,1;988,1;987,8;;22,9;19,7;23;22;19,8;18,9;83;82;82;;;;
2025/02/01;0900 UTC;0;988,6;988,6;988;77,4;23,6;20,3;23,6;22,6;20,3;19,4;83;82;82;;;;
2025/02/01;1000 UTC;0;989,1;989,2;988,6;440,3;24,9;21,1;24,9;23,6;21,1;20,3;82;80;80;;;;
2025/02/01;1100 UTC;0;989,2;989,2;989,1;1278,4;26,5;21,4;27,2;24,9;22,3;21,1;80;74;74;;;;
2025/02/01;1200 UTC;0;989,7;989,7;989,2;1768,8;28,4;22,2;28,4;26,5;22,7;21,1;75;69;69;;;;
2025/02/01;1300 UTC;0;989,5;989,7;989,5;2911,7;30,3;22,3;31;28,4;23,5;20,9;69;61;62;;;;
2025/02/01;1400 UTC;0;989;989,5;989;3304,6;30,3;20,1;32,7;29,7;22,9;20,1;62;54;54;;;;
2025/02/01;1500 UTC;0;988,2;989,1;988,2;4076,9;33,6;20,4;33,9;30;22,2;19,8;56;46;46;;;;
2025/02/01;1600 UTC;0;987,4;988,2;987,3;2869,2;31,7;18,3;34;31,4;20,6;18,3;47;44;45;;;;
2025/02/01;1700 UTC;0;986,2;987,4;986,2;2858,9;33,8;18,2;35,1;31,5;20,4;17,6;46;39;40;;;;
2025/02/01;1800 UTC;0;985,3;986,3;985,3;2605,5;34;16,8;34,7;32,7;18,5;15,6;40;35;36;;;;
2025/02/01;1900 UTC;0;984,5;985,3;984,5;1954;33,7;16,1;34,7;32,5;16,6;14,4;36;32;35;;;;
2025/02/01;2000 UTC;0;984,5;984,5;984,3;1522,7;31;16,3;33,8;31;17;15,9;41;35;41;;;;
2025/02/01;2100 UTC;0;985;985;984,4;323,8;29,2;17,3;31,2;29,2;17,4;16,4;49;41;49;;;;
2025/02/01;2200 UTC;0;985,8;985,8;985;9,8;26,9;16,7;29,2;26,9;17,4;16,7;54;49;54;;;;
2025/02/01;2300 UTC;0;986,8;986,8;985,8;;25,5;17,6;26,9;25,5;17,6;16,7;62;54;62;;;;
2025/02/02;0000 UTC;0;987,4;987,4;986,8;;24,8;18,2;25,5;24,6;18,2;17,5;67;62;67;;;;
2025/02/02;0100 UTC;0;988;988;987,4;;23,9;18,4;24,8;23,9;18,4;18;72;67;72;;;;
2025/02/02;0200 UTC;0;988,2;988,3;988;;23,6;18,9;23,9;23,4;18,9;18,4;75;72;75;;;;
2025/02/02;0300 UTC;0;988;988,2;988;;23,2;19;23,8;23,2;19,1;18,9;77;75;77;;;;
2025/02/02;0400 UTC;0;987,7;988;987,6;;22,9;19;23,3;22,8;19,1;18,8;79;77;79;;;;
2025/02/02;0500 UTC;0;987,6;987,7;987,5;;22,5;19;22,9;22,5;19,1;18,8;80;79;80;;;;
2025/02/02;0600 UTC;0;987,7;987,7;987,5;;22,1;18,7;22,6;22,1;19,2;18,7;81;80;81;;;;
2025/02/02;0700 UTC;0;987,8;987,9;987,6;;21,3;18,1;22,3;21,3;19;18,1;82;81;82;;;;
2025/02/02;0800 UTC;0;988,2;988,2;987,8;;21,2;18,2;21,4;21;18,3;18;83;82;83;;;;
2025/02/02;0900 UTC;0;989;989;988,2;53;21,5;18,5;21,6;21;18,7;18;84;83;83;;;;
2025/02/02;1000 UTC;0;989,5;989,6;989;650,7;24,9;21,3;24,9;21,5;21,3;18,6;83;80;80;;;;
2025/02/02;1100 UTC;0;989,7;989,8;989,5;1544,3;27,4;22,4;27,4;24,8;22,4;20,8;80;74;74;;;;
2025/02/02;1200 UTC;0;990;990;989,7;2425,8;28,6;21,2;29,5;27;22,7;21,2;74;64;64;;;;
2025/02/02;1300 UTC;0;989,8;990;989,8;3000,1;30,6;21,4;30,8;28,6;22,1;19,8;65;58;58;;;;
2025/02/02;1400 UTC;0;989,3;989,9;989,3;3651,4;32,5;20;32,5;30,3;22;19,2;58;47;48;;;;
2025/02/02;1500 UTC;0;988,6;989,3;988,6;3775;33,8;18,3;33,9;31,4;20,4;16,2;48;39;40;;;;
2025/02/02;1600 UTC;0;987,6;988,6;987,6;3756,3;34,7;16,5;34,7;32,4;18,1;14,4;40;33;34;;;;
2025/02/02;1700 UTC;0;986,9;987,6;986,9;3141;32,2;14;35,4;32,2;16,8;13,6;34;30;33;;;;
2025/02/02;1800 UTC;0;986,3;986,9;986,3;2177;34,2;15;35;32,2;16,1;12,8;34;30;32;;;;
2025/02/02;1900 UTC;0;985,7;986,3;985,7;1939,4;33,8;13,5;35,1;32,5;15,5;12,6;33;28;30;;;;
2025/02/02;2000 UTC;0;985,5;985,7;985,5;1420,2;31,2;17,5;34,5;31,2;17,5;12,9;44;28;44;;;;
2025/02/02;2100 UTC;0;985,9;985,9;985,5;503,4;29,1;18,2;31,2;29,1;18,3;17,5;52;44;52;;;;
2025/02/02;2200 UTC;0;986,5;986,5;985,9;10,4;27,2;18,4;29,1;27,2;18,4;18,2;59;52;59;;;;
2025/02/02;2300 UTC;0;987,4;987,4;986,5;;25,6;18,5;27,3;25,6;18,6;18,3;65;59;65;;;;
2025/02/03;0000 UTC;0;988,1;988,1;987,4;;24,9;19,2;25,7;24,9;19,2;18,6;71;65;71;;;;
2025/02/03;0100 UTC;0;988,6;988,7;988,1;;24,5;19,4;24,9;24,5;19,6;19,2;74;71;74;;;;
2025/02/03;0200 UTC;0;988,7;988,7;988,6;;24;19,4;24,5;24;19,6;19,4;76;74;76;;;;
2025/02/03;0300 UTC;0;988,5;988,7;988,5;;23,9;19,6;24,1;23,8;19,7;19,4;77;76;77;;;;
2025/02/03;0400 UTC;0;988,3;988,5;988,3;;23,5;19,5;23,9;23,4;19,6;19,4;78;77;78;;;;
2025/02/03;0500 UTC;0;987,9;988,3;987,9;;23,3;19,5;23,6;23;19,6;19,3;80;78;79;;;;
2025/02/03;0600 UTC;0;988;988;987,9;;22,2;18,8;23,3;22,1;19,6;18,7;81;79;81;;;;
2025/02/03;0700 UTC;0;988,5;988,5;988;;21,9;18,8;22,2;21,8;18,9;18,7;83;81;82;;;;
2025/02/03;0800 UTC;0;988,9;988,9;988,4;;21,4;18,5;21,9;21,3;18,9;18,4;84;82;84;;;;
2025/02/03;0900 UTC;0;989,4;989,4;988,9;35,1;21,6;18,9;21,6;21,3;18,9;18,4;85;83;85;;;;
2025/02/03;1000 UTC;0;990,2;990,2;989,4;565,8;23,7;20,7;23,7;21,6;20,8;19;85;84;84;;;;
2025/02/03;1100 UTC;0;990,6;990,6;990,2;1542,5;27,2;22,5;27,2;23,7;22,5;20,8;84;75;76;;;;
2025/02/03;1200 UTC;0;990,9;991;990,6;2180,2;29,2;22,1;29,2;26,9;22,8;21,3;76;66;66;;;;
2025/02/03;1300 UTC;0;990,9;991,1;990,9;2548,5;29,2;20,4;30,4;28,2;22,6;20,2;66;59;59;;;;
2025/02/03;1400 UTC;0;990,3;990,9;990,3;2390,4;31;19,9;32,1;28,9;22,3;19,2;60;51;52;;;;
2025/02/03;1500 UTC;0;989,7;990,3;989,7;3271,6;32,4;18,1;33,4;30,7;20,6;18,1;52;43;43;;;;
2025/02/03;1600 UTC;0;989;989,7;988,9;3752,7;33,6;16,6;34,4;32;19,2;16,3;44;36;36;;;;
2025/02/03;1700 UTC;0;988,1;989;988,1;3115,2;34,7;15,2;35;32,2;17,2;14,8;37;31;31;;;;
2025/02/03;1800 UTC;0;987,3;988,1;987,3;3003;34,9;14,4;35,7;33,4;15,6;12,9;31;29;29;;;;
2025/02/03;1900 UTC;0;986,8;987,3;986,8;2419,3;34,2;13,1;35,2;34;14,9;12,7;30;27;28;;;;
2025/02/03;2000 UTC;0;986,7;986,8;986,6;1419,4;33,2;13,4;34,3;33,2;14;12,8;30;28;30;;;;
2025/02/03;2100 UTC;0;987;987;986,7;519,3;30,1;17,7;33,2;30,1;17,7;12,8;48;30;48;;;;
2025/02/03;2200 UTC;0;987,8;987,8;987;14;27,5;17,7;30;27,5;18;17,6;55;48;55;;;;
2025/02/03;2300 UTC;0;988,7;988,7;987,8;;26,1;17,6;27,6;26,1;17,9;17,4;60;55;60;;;;
2025/02/04;0000 UTC;0;989,7;989,7;988,7;;25;17,4;26,1;25;17,7;17,4;63;60;63;;;;
2025/02/04;0100 UTC;0;990,5;990,5;989,7;;24,3;18,5;25;24,1;18,5;17,3;70;63;70;;;;
2025/02/04;0200 UTC;0;990,6;990,8;990,5;;23,7;18,9;24,3;23,6;18,9;18,4;75;70;75;;;;
2025/02/04;0300 UTC;0;990,4;990,7;990,4;;23,6;19,3;23,8;23,5;19,5;18,9;77;75;77;;;;
2025/02/04;0400 UTC;0;989,9;990,4;989,9;;22,9;19,2;23,6;22,9;19,4;19;79;77;79;;;;
2025/02/04;0500 UTC;0;989,6;989,9;989,6;;22,7;19,2;22,9;22,5;19,4;19;81;79;81;;;;
2025/02/04;0600 UTC;0;989,6;989,6;989,5;;22,7;19,4;22,9;22,7;19,5;19,3;82;81;82;;;;
2025/02/04;0700 UTC;0;989,9;990;989,6;;22,4;19,3;22,9;22,4;19,6;19,2;82;81;82;;;;
2025/02/04;0800 UTC;0;989,9;990;989,9;;22,3;19,3;22,4;22;19,3;19;83;82;83;;;;
2025/02/04;0900 UTC;0;990,5;990,5;989,9;36;22,7;19,8;22,7;21,9;19,8;18,9;84;83;83;;;;
2025/02/04;1000 UTC;0;991,1;991,1;990,5;391,7;24,7;21,5;24,7;22,7;21,5;19,8;84;82;83;;;;
2025/02/04;1100 UTC;0;991,4;991,4;991,1;1029,3;26,1;21,9;26,3;24,4;22,3;21;83;78;78;;;;
2025/02/04;1200 UTC;0;991,5;991,6;991,4;2320,4;28,9;22,9;29,5;25,8;23,9;21,7;78;69;70;;;;
2025/02/04;1300 UTC;0;991,2;991,6;991,2;2592,1;31;23,1;31;28,6;23,2;20,6;70;61;63;;;;
2025/02/04;1400 UTC;0;990,9;991,2;990,9;2769,3;31,3;20,6;32,2;29,2;22,7;19,1;63;51;53;;;;
2025/02/04;1500 UTC;0;990,3;990,9;990,3;3476,3;33,6;18,8;33,6;30,6;20,9;17,9;53;42;42;;;;
2025/02/04;1600 UTC;0;989,5;990,3;989,5;4022,1;34,1;17,1;34,4;32,9;18,8;15,9;42;35;37;;;;
2025/02/04;1700 UTC;0;988,7;989,5;988,7;3338,2;34,3;15,9;35,2;32,2;17,3;14,1;36;32;33;;;;
2025/02/04;1800 UTC;0;987,9;988,7;987,9;2889;34,7;16,5;35,3;33,1;18,2;14,6;38;32;34;;;;
2025/02/04;1900 UTC;0;987,7;988;987,6;1691,2;32,9;17,2;35;31,7;17,8;14,9;40;33;39;;;;
2025/02/04;2000 UTC;0;987,7;987,7;987,6;1313,6;31,5;16,6;32,9;31,4;17,8;15,9;41;39;41;;;;
2025/02/04;2100 UTC;0;988,2;988,2;987,7;487,9;29,2;15,7;31,5;29,2;16,7;15,6;44;41;44;;;;
2025/02/04;2200 UTC;0;989,3;989,3;988,2;12,4;26,9;16,8;29,2;26,9;16,8;15,6;54;44;54;;;;
2025/02/04;2300 UTC;0;990;990;989,2;;25,2;17,5;26,9;25,2;17,5;16,8;62;54;62;;;;
2025/02/05;0000 UTC;0;990,7;990,7;990;;23,8;17,8;25,2;23,8;17,9;17,4;69;62;69;;;;
2025/02/05;0100 UTC;0;991,1;991,1;990,7;;23,3;18,6;23,8;23,1;18,6;17,8;75;69;75;;;;
2025/02/05;0200 UTC;0;991,1;991,2;991;;23,6;19,3;23,9;23,3;19,5;18,6;77;75;77;;;;
2025/02/05;0300 UTC;0;990,9;991,1;990,9;;23,1;19,3;23,7;23,1;19,5;19,2;79;77;79;;;;
2025/02/05;0400 UTC;0;990,4;990,9;990,4;;22,4;19;23,1;22,4;19,3;18,9;81;79;81;;;;
2025/02/05;0500 UTC;0;990,3;990,4;990,2;;21,7;18,6;22,4;21,7;19;18,5;83;81;83;;;;
2025/02/05;0600 UTC;0;990,4;990,4;990,3;;21,7;18,6;22;21,5;19;18,4;83;83;83;;;;
2025/02/05;0700 UTC;0;990,3;990,5;990,3;;21,6;18,6;21,9;21,6;19;18,6;84;83;83;;;;
2025/02/05;0800 UTC;0;990,8;990,8;990,3;;21,6;18,9;22;21;19,1;18,1;84;83;84;;;;
2025/02/05;0900 UTC;,2;991,3;991,3;990,7;34,5;20,8;18,1;21,7;20,7;19;18;85;84;85;;;;
2025/02/05;1000 UTC;0;992;992;991,3;418,7;22,3;19,8;22,5;20,8;20;18,1;86;85;85;;;;
2025/02/05;1100 UTC;0;992,7;992,7;992;1346,7;25,4;21,9;25,7;22,3;22,3;19,7;86;81;81;;;;
2025/02/05;1200 UTC;0;992,7;992,8;992,6;1613,1;26,8;22,5;27,4;25;23,4;21,4;81;76;77;;;;
2025/02/05;1300 UTC;0;992,5;992,8;992,4;2929;30,2;22,6;30,4;26,8;24,3;21,9;77;63;64;;;;
2025/02/05;1400 UTC;0;991,9;992,4;991,9;3345;31,3;21,5;32,7;29,3;23,3;20,1;64;54;56;;;;
2025/02/05;1500 UTC;0;991;991,9;991;3791,7;31,4;19,7;33,2;30,5;21,6;18,5;56;48;50;;;;
2025/02/05;1600 UTC;0;990,2;991;990,2;3316,4;33,5;19;33,8;30,7;20,8;17,8;50;42;42;;;;
2025/02/05;1700 UTC;0;989,4;990,2;989,4;3292,6;32,6;16,8;33,9;31,3;19,5;16,8;44;39;39;;;;
2025/02/05;1800 UTC;0;988,9;989,4;988,9;3011,7;32,3;17,4;33,7;32,1;18,1;16,5;41;37;41;;;;
2025/02/05;1900 UTC;0;988,9;988,9;988,8;2248,6;31,2;17,6;32,8;30,8;18,3;16,9;45;41;44;;;;
2025/02/05;2000 UTC;0;989;989,1;988,7;1117,2;29,6;18,4;31,3;29,5;18,8;17,2;51;44;51;;;;
2025/02/05;2100 UTC;0;989,3;989,3;989;553,7;27,7;17,9;30;27,7;18,8;17,9;55;51;55;;;;
2025/02/05;2200 UTC;0;989,8;989,8;989,2;27,3;26,2;17,9;27,7;26,2;17,9;17,4;60;55;60;;;;
2025/02/05;2300 UTC;0;990,5;990,5;989,7;;24,8;18,3;26,2;24,8;18,4;17,9;67;60;67;;;;
2025/02/06;0000 UTC;0;991;991;990,5;;23,7;18,3;24,8;23,7;18,3;18,1;72;67;72;;;;
2025/02/06;0100 UTC;0;991,2;991,2;991;;23,3;18,7;23,8;23,3;18,8;18,3;75;72;75;;;;
2025/02/06;0200 UTC;0;990,9;991,2;990,9;;23,5;19,3;23,8;23,2;19,5;18,6;77;75;77;;;;
2025/02/06;0300 UTC;0;990,7;990,9;990,6;;22,4;18,6;23,5;22,4;19,2;18,6;79;77;79;;;;
2025/02/06;0400 UTC;0;990,5;990,7;990,4;;22;18,6;22,4;22;18,9;18,6;81;79;81;;;;
2025/02/06;0500 UTC;0;990,1;990,5;990,1;;22,2;18,9;22,3;22;18,9;18,5;82;81;82;;;;
2025/02/06;0600 UTC;0;990,1;990,3;990,1;;22,1;18,9;22,3;21,9;19,1;18,7;82;82;82;;;;
2025/02/06;0700 UTC;0;990,4;990,5;990,1;;21,5;18,5;22,2;21,3;19,1;18,3;83;82;83;;;;
2025/02/06;0800 UTC;0;990,9;990,9;990,4;;21,2;18,3;21,7;21,2;18,9;18,3;84;83;84;;;;
2025/02/06;0900 UTC;0;991,6;991,6;990,9;29,6;21,2;18,5;21,4;21,1;18,6;18,3;84;84;84;;;;
2025/02/06;1000 UTC;0;992,3;992,3;991,6;395,8;22,6;19,9;22,6;21;19,9;18,3;85;84;85;;;;
2025/02/06;1100 UTC;0;992,5;992,6;992,3;1170,4;25,3;21,9;25,3;22,4;21,9;19,6;85;81;81;;;;
2025/02/06;1200 UTC;0;992,7;992,8;992,5;2014,2;27,9;22,8;28,3;25,3;23,4;21,6;81;74;74;;;;
2025/02/06;1300 UTC;0;992,5;992,8;992,5;1917,8;29,4;22,4;29,7;26,9;23,4;21,7;74;65;66;;;;
2025/02/06;1400 UTC;0;992;992,5;992;3701,8;30,8;20,6;31,8;29,4;23,2;20,3;66;53;54;;;;
2025/02/06;1500 UTC;0;991,2;992;991,2;3483,1;33,1;20,4;33,4;30,4;21,6;18,4;55;47;47;;;;
2025/02/06;1600 UTC;0;990,6;991,3;990,6;2127,1;30,5;17,8;33,1;30,2;19,9;17,5;48;45;47;;;;
2025/02/06;1700 UTC;0;990,4;990,7;990,4;798,9;28,9;18,1;30,7;27,7;18,5;16,8;56;46;52;;;;
2025/02/06;1800 UTC;0;989,8;990,5;989,8;1319,8;28,2;17,6;29,8;27,7;18,3;17,3;55;48;53;;;;
2025/02/06;1900 UTC;0;989,9;989,9;989,7;789,2;27,9;16,5;28,4;27,9;17,8;16,5;53;50;50;;;;
2025/02/06;2000 UTC;0;989,8;990,1;989,6;518,5;27,7;17;27,9;27,6;17,1;16,4;52;50;52;;;;
2025/02/06;2100 UTC;0;989,8;990;989,8;277,4;26,2;17,2;28;26,2;17,3;16,8;58;52;58;;;;
2025/02/06;2200 UTC;0;990,1;990,1;989,8;20,9;24,4;17,7;26,2;24,4;17,7;17,1;66;58;66;;;;
2025/02/06;2300 UTC;0;990,5;990,5;990,1;;24;18,5;24,5;23,9;18,5;17,7;72;66;72;;;;
2025/02/07;0000 UTC;0;990,8;990,8;990,3;;23,1;18,6;24;23,1;18,7;18,5;76;72;76;;;;
2025/02/07;0100 UTC;0;990,6;990,9;990,5;;22,6;18,7;23,1;22,5;18,7;18,4;79;76;79;;;;
2025/02/07;0200 UTC;0;990,5;990,7;990,4;;22,2;18,6;22,6;22,2;18,8;18,5;80;79;80;;;;
2025/02/07;0300 UTC;0;990,1;990,5;989,9;;21,8;18,5;22,2;21,8;18,7;18,5;82;80;81;;;;
2025/02/07;0400 UTC;0;989,3;990,1;989,2;;22,1;18,9;22,1;21,8;18,9;18,5;82;81;82;;;;
2025/02/07;0500 UTC;0;989,3;989,4;989,1;;22,1;19;22,3;22;19,1;18,8;83;82;83;;;;
2025/02/07;0600 UTC;0;988,9;989,3;988,9;;21,9;18,8;22,4;21,9;19,3;18,8;83;82;83;;;;
2025/02/07;0700 UTC;0;989,1;989,1;988,8;;22,2;19,3;22,3;21,8;19,3;18,8;83;83;83;;;;
2025/02/07;0800 UTC;0;989;989,1;988,8;;22,7;19,9;22,7;22,2;19,9;19,2;84;83;84;;;;
2025/02/07;0900 UTC;0;989,2;989,2;989;28,8;22,9;20;22,9;22,7;20,1;19,9;84;84;84;;;;
2025/02/07;1000 UTC;0;990,2;990,2;989,1;205,2;23,3;20,5;23,3;22,9;20,5;20;84;84;84;;;;
2025/02/07;1100 UTC;0;990,5;990,5;990,2;433,5;24,7;21,5;24,7;23,3;21,6;20,4;84;82;82;;;;
2025/02/07;1200 UTC;0;990,8;990,8;990,5;1328,3;26,4;21,9;26,7;24,7;22,6;21,5;82;76;76;;;;
2025/02/07;1300 UTC;0;990,6;990,9;990,6;1064,8;25,9;21,5;27,4;25,5;22,5;20,8;77;74;77;;;;
2025/02/07;1400 UTC;0;990,6;990,8;990,3;1442,8;27,2;21,9;27,5;25,6;22,3;21,1;77;73;73;;;;
2025/02/07;1500 UTC;0;990;990,5;990;1323,7;27,2;21,1;28,4;27,2;22,4;21;73;69;69;;;;
2025/02/07;1600 UTC;0;990,5;990,6;990;511,1;23,2;19,8;27,2;22,9;21,2;19,1;82;69;81;;;;
2025/02/07;1700 UTC;0;990,2;990,5;990;759,3;24,3;20,7;24,3;23,2;20,9;19,9;82;81;81;;;;
2025/02/07;1800 UTC;0;989,6;990,2;989,6;885,6;24,8;21,3;24,9;24,2;21,4;20,7;81;80;81;;;;
2025/02/07;1900 UTC;0;989,3;989,7;989,2;751;24,9;21,3;25;24,6;21,4;20,9;81;80;80;;;;
2025/02/07;2000 UTC;0;989,4;989,4;989,2;452;24,7;21,1;25;24,6;21,4;20,9;81;80;80;;;;
2025/02/07;2100 UTC;0;989,9;989,9;989,4;129,2;24,4;20,8;24,8;24,4;21,2;20,8;80;80;80;;;;
2025/02/07;2200 UTC;0;990,2;990,2;989,8;4,8;24,1;20,6;24,4;24,1;20,8;20,5;81;80;81;;;;
2025/02/07;2300 UTC;0;990,5;990,5;990;;23,5;20,1;24,1;23,5;20,6;20,1;81;81;81;;;;
2025/02/08;0000 UTC;0;990,4;990,6;990,4;;23,1;19,8;23,5;23,1;20,1;19,8;82;81;82;;;;
2025/02/08;0100 UTC;0;990,5;990,6;990,4;;22,7;19,6;23,2;22,7;20;19,6;83;82;83;;;;
2025/02/08;0200 UTC;0;990,2;990,6;990,2;;22,8;19,9;22,8;22,3;19,9;19,3;84;83;84;;;;
2025/02/08;0300 UTC;0;989,8;990,2;989,8;;22,1;19,4;22,8;22,1;19,9;19,4;84;83;84;;;;
2025/02/08;0400 UTC;0;989,2;989,8;989,2;;22;19,4;22,1;21,9;19,5;19,2;85;84;85;;;;
2025/02/08;0500 UTC;0;989;989,2;989;;21,9;19,4;22,1;21,9;19,5;19,3;86;85;86;;;;
2025/02/08;0600 UTC;0;989,1;989,1;988,8;;21,7;19,2;21,9;21,5;19,4;19;86;86;86;;;;
2025/02/08;0700 UTC;0;989,1;989,1;989;;21,6;19,2;21,8;21,5;19,3;19,1;86;86;86;;;;
2025/02/08;0800 UTC;0;989,3;989,3;989;;22;19,6;22,1;21,6;19,6;19,2;86;86;86;;;;
2025/02/08;0900 UTC;0;990;990;989,3;38,1;21,9;19,5;22;21,7;19,6;19,3;86;86;86;;;;
2025/02/08;1000 UTC;0;990,5;990,5;990;344,7;22,4;20;22,7;21,7;20,3;19,4;87;86;86;;;;
2025/02/08;1100 UTC;0;991,2;991,2;990,5;944,5;24;21,4;24;22,4;21,4;20,1;87;85;85;;;;
2025/02/08;1200 UTC;0;991,2;991,3;991,1;2195,1;27,6;23,1;27,6;24;23,2;21,3;86;76;77;;;;
2025/02/08;1300 UTC;0;991,2;991,2;991,1;2437,7;27,9;22,6;28,7;27,1;24;22;78;72;73;;;;
2025/02/08;1400 UTC;,4;991,3;991,8;991,2;1498,3;25,9;21,7;28;22,6;22,6;18,7;82;71;78;;;;
2025/02/08;1500 UTC;0;990,4;991,3;990,4;3382,4;28,7;22;29,6;25,9;23,8;21,5;78;67;67;;;;
2025/02/08;1600 UTC;0;989,7;990,4;989,7;2853,6;28,8;22;29,8;28;23;21,4;69;65;67;;;;
2025/02/08;1700 UTC;,4;990,1;990,2;989,7;814,4;23,7;20,1;28,8;23;21,6;18,9;80;66;80;;;;
2025/02/08;1800 UTC;0;989,5;990,1;989,5;1277,6;25,2;21;25,2;23,6;21;19,8;81;77;78;;;;
2025/02/08;1900 UTC;0;989,4;989,5;989,3;1352,9;25,2;20,7;25,9;25,1;21,6;20,7;78;76;76;;;;
2025/02/08;2000 UTC;0;989,4;989,5;989,3;761,1;25,7;21;25,8;25,2;21,2;20,7;77;75;75;;;;
2025/02/08;2100 UTC;0;989,9;989,9;989,4;280,9;25,2;20,5;26;25,2;21,2;20,5;76;74;75;;;;
2025/02/08;2200 UTC;0;990,6;990,6;989,9;9,4;23,8;19,4;25,2;23,8;20,5;19,4;77;75;77;;;;
2025/02/08;2300 UTC;0;991,5;991,5;990,7;;23,1;19,2;23,9;23;19,5;19,1;79;77;79;;;;
2025/02/09;0000 UTC;0;991,7;991,8;991,5;;23;19,4;23,1;23;19,5;19,2;80;79;80;;;;
2025/02/09;0100 UTC;0;992,1;992,1;991,7;;23;19,6;23,1;23;19,6;19,4;81;80;81;;;;
2025/02/09;0200 UTC;0;992;992,2;992;;22,7;19,5;23;22,7;19,6;19,4;82;81;82;;;;
2025/02/09;0300 UTC;0;991,4;992;991,4;;22,2;19,2;22,7;22,1;19,5;19,2;83;82;83;;;;
2025/02/09;0400 UTC;0;991,1;991,4;991,1;;21,8;18,9;22,2;21,8;19,2;18,9;84;83;84;;;;
2025/02/09;0500 UTC;0;990,8;991,2;990,7;;22,2;19,4;22,2;21,8;19,4;19;84;84;84;;;;
2025/02/09;0600 UTC;0;990,5;990,8;990,5;;22;19,3;22,2;21,8;19,4;19,1;85;84;85;;;;
2025/02/09;0700 UTC;0;990,5;990,5;990,4;;22,2;19,6;22,3;22;19,7;19,3;85;85;85;;;;
2025/02/09;0800 UTC;0;990,7;990,7;990,4;;21,9;19,4;22,3;21,8;19,6;19,2;85;85;85;;;;
2025/02/09;0900 UTC;0;991,3;991,3;990,6;30,9;21,6;19,1;22;21,6;19,5;19,1;86;85;86;;;;
2025/02/09;1000 UTC;0;992,1;992,1;991,3;336,8;22,8;20,2;23;21,6;20,5;19,1;86;85;85;;;;
2025/02/09;1100 UTC;0;992,5;992,5;992,1;1152,6;25,4;21,8;25,8;22,8;22,7;20,4;86;81;81;;;;
2025/02/09;1200 UTC;0;992,8;992,8;992,5;1205,6;26,4;22,4;26,5;25,3;22,7;21,7;81;79;79;;;;
2025/02/09;1300 UTC;0;992,7;992,9;992,7;2171,4;28;22,3;29,6;26,3;24,2;21,9;79;71;71;;;;
2025/02/09;1400 UTC;,2;992,1;992,7;992,1;3456,6;30,5;22,6;30,8;27,5;24,3;22;73;63;63;;;;
2025/02/09;1500 UTC;0;991,5;992,2;991,4;2566,4;29,6;21,2;31,4;29,2;22,8;21;63;59;61;;;;
2025/02/09;1600 UTC;,2;991,2;991,5;991,1;1727,3;24;18,4;30,3;24;22,3;18,1;71;60;71;;;;
2025/02/09;1700 UTC;0;990,2;991,2;990,2;1664,7;27,7;21,6;27,7;23,9;21,7;18,5;74;69;69;;;;
2025/02/09;1800 UTC;0;989,5;990,2;989,5;2089,8;30,1;21,4;30,4;27,5;22;21;69;59;60;;;;
2025/02/09;1900 UTC;,4;989;989,6;989;1180,4;27,9;21,2;30,3;24,7;21,6;17,3;69;59;67;;;;
2025/02/09;2000 UTC;0;989,4;989,4;989;786,8;27,5;19,8;28,9;27,5;21,9;19,7;68;62;63;;;;
2025/02/09;2100 UTC;0;990,1;990,1;989,4;204,4;26,2;19;27,5;26,2;19,7;19;65;63;65;;;;
2025/02/09;2200 UTC;0;990,8;990,8;990,1;11,8;24,7;18,7;26,2;24,7;19;18,6;69;65;69;;;;
2025/02/09;2300 UTC;0;991,5;991,5;990,8;;23,7;19;24,7;23,6;19;18,7;75;69;75;;;;
2025/02/10;0000 UTC;0;991,9;991,9;991,5;;23,2;19,1;23,8;23,2;19,3;18,9;78;75;78;;;;
2025/02/10;0100 UTC;0;992,3;992,3;991,9;;22,6;19,1;23,2;22,6;19,2;19;80;78;80;;;;
2025/02/10;0200 UTC;0;992,1;992,4;992,1;;22;18,8;22,6;22;19,1;18,8;82;80;82;;;;
2025/02/10;0300 UTC;0;991,5;992,1;991,5;;22;18,9;22,1;21,9;19;18,8;83;82;83;;;;
2025/02/10;0400 UTC;0;991,2;991,5;991,2;;21,7;18,8;22,2;21,7;19,2;18,8;84;83;83;;;;
2025/02/10;0500 UTC;0;990,5;991,2;990,5;;22,1;19,3;22,1;21,4;19,3;18,5;84;83;84;;;;
2025/02/10;0600 UTC;0;990,3;990,5;990,2;;21,3;18,6;22,1;21,3;19,3;18,6;85;84;85;;;;
2025/02/10;0700 UTC;0;990,4;990,4;990,1;;21,4;18,8;21,7;21,3;19;18,6;85;85;85;;;;
2025/02/10;0800 UTC;0;990,4;990,4;990,3;;21,8;19,2;21,8;21,4;19,2;18,8;85;85;85;;;;
2025/02/10;0900 UTC;0;991,2;991,2;990,4;31,4;21,8;19,3;21,9;21,7;19,4;19,1;86;85;86;;;;
2025/02/10;1000 UTC;0;991,9;991,9;991,2;335,5;22,4;19,8;22,5;21,8;19,9;19,2;86;85;85;;;;
2025/02/10;1100 UTC;0;992,3;992,3;991,9;1365,2;25,5;22,2;25,5;22,4;22,2;19,7;86;82;82;;;;
2025/02/10;1200 UTC;,2;992,5;992,5;992,3;2150,7;27,5;23;27,7;25,4;23,4;21,8;82;76;76;;;;
2025/02/10;1300 UTC;0;992,1;992,5;992,1;2480,9;27,8;22,2;28,8;26,9;23,7;21,7;77;71;71;;;;
2025/02/10;1400 UTC;0;991,9;992,2;991,8;3582,3;30,2;22,7;30,2;27,7;23,7;22;72;64;64;;;;
2025/02/10;1500 UTC;0;991,1;991,9;991,1;3346,6;31;21,5;31,6;28,9;23;20,8;65;57;57;;;;
2025/02/10;1600 UTC;0;990,3;991,1;990,3;2744,7;30,1;20,3;31,8;29,8;21,8;19,8;58;54;56;;;;
2025/02/10;1700 UTC;0;989,4;990,3;989,4;2314,2;30,4;19,3;32,1;29,5;21;19,3;57;51;51;;;;
2025/02/10;1800 UTC;0;988,8;989,5;988,8;1649,5;31,2;20;31,9;29,5;20,9;19,1;56;51;52;;;;
2025/02/10;1900 UTC;0;988,9;988,9;988,7;1710;30,1;18,6;31,2;29,7;19,9;18,6;53;50;50;;;;
2025/02/10;2000 UTC;0;989,1;989,1;988,8;750,2;28,3;18,4;30,1;28,3;18,9;18,1;55;50;55;;;;
2025/02/10;2100 UTC;0;989,5;989,5;989,1;236;26,6;17,8;28,3;26,6;18,4;17,8;59;55;59;;;;
2025/02/10;2200 UTC;0;990,1;990,1;989,5;8,9;24,9;18,2;26,6;24,8;18,2;17,8;67;59;67;;;;
2025/02/10;2300 UTC;0;990,7;990,7;990,1;;23,9;18,6;24,9;23,9;18,6;18,2;72;67;72;;;;
2025/02/11;0000 UTC;0;990,9;990,9;990,7;;22,8;18,6;23,9;22,7;18,7;18,4;77;72;77;;;;
2025/02/11;0100 UTC;0;991,3;991,3;990,9;;22,3;18,6;22,8;22,3;18,8;18,5;80;77;80;;;;
2025/02/11;0200 UTC;0;991,1;991,3;991,1;;22;18,7;22,3;21,9;18,7;18,5;82;80;82;;;;
2025/02/11;0300 UTC;0;990,8;991,2;990,8;;21,9;18,8;22,2;21,9;18,9;18,7;83;82;83;;;;
2025/02/11;0400 UTC;0;990,6;990,8;990,6;;21,7;18,7;22,1;21,7;19,1;18,6;83;83;83;;;;
2025/02/11;0500 UTC;0;989,7;990,6;989,7;;21,9;19;21,9;21,6;19;18,7;84;83;84;;;;
2025/02/11;0600 UTC;0;989,3;989,7;989,3;;21,5;18,7;21,9;21,4;19;18,6;84;84;84;;;;
2025/02/11;0700 UTC;0;989,3;989,3;989,1;;21,4;18,7;21,7;21,3;18,9;18,6;85;84;85;;;;
2025/02/11;0800 UTC;0;989,3;989,4;989,2;;21,5;18,9;21,6;21,4;19;18,7;85;85;85;;;;
2025/02/11;0900 UTC;0;989,8;989,8;989,3;39;21,4;18,9;21,6;21,3;19;18,7;85;85;85;;;;
2025/02/11;1000 UTC;0;990,5;990,5;989,8;487,7;22,6;20;22,7;21,3;20,2;18,8;86;85;85;;;;
2025/02/11;1100 UTC;0;991;991;990,5;978,3;24,8;21,6;25,1;22,5;22,1;19,9;86;82;82;;;;
2025/02/11;1200 UTC;0;991,2;991,3;991;2003,2;27,7;23,3;27,9;24,8;23,5;21,8;83;76;77;;;;
2025/02/11;1300 UTC;0;991,2;991,3;991,1;1900,5;27,7;22,2;28,4;27,2;23,6;21,9;77;72;72;;;;
2025/02/11;1400 UTC;0;991;991,2;991;2866,3;30,4;22,3;31,3;27,7;23,5;21,6;72;62;62;;;;
2025/02/11;1500 UTC;0;990,1;991;990,1;3406,9;30,9;21,4;31,5;29,6;22,5;20,3;63;56;57;;;;
2025/02/11;1600 UTC;0;989,7;990,1;989,7;3679,2;31;21,2;32,3;29,9;22;19,5;58;51;56;;;;
2025/02/11;1700 UTC;0;989,3;989,7;989,3;2708,4;30,2;19,3;31,5;29,2;21,4;18,9;56;52;52;;;;
2025/02/11;1800 UTC;0;989,2;989,3;989,1;2018;27,8;18,9;30,6;27,6;20,4;18,7;59;52;58;;;;
2025/02/11;1900 UTC;0;988,8;989,2;988,8;838,2;28;19,1;28,2;27,7;19,3;18,8;59;58;59;;;;
2025/02/11;2000 UTC;0;988,8;988,8;988,7;452,6;26,4;18,5;28,1;26,4;19,6;18,5;62;58;62;;;;
2025/02/11;2100 UTC;0;988,5;988,9;988,5;185,5;25,1;18,7;26,4;25,1;18,8;18,4;68;62;68;;;;
2025/02/11;2200 UTC;0;989;989;988,5;6,6;24,3;18,9;25,1;24,3;19;18,7;72;68;72;;;;
2025/02/11;2300 UTC;0;989,8;989,8;989;;24;19,3;24,3;23,9;19,3;18,8;75;72;75;;;;
2025/02/12;0000 UTC;0;990,6;990,6;989,8;;23,2;18,7;24,1;23,2;19,3;18,7;76;74;76;;;;
2025/02/12;0100 UTC;0;991;991,1;990,6;;22,4;18,4;23,2;22,4;18,7;18,4;78;76;78;;;;
2025/02/12;0200 UTC;0;990,9;991;990,9;;22,2;18,6;22,5;22,2;18,7;18,4;80;78;80;;;;
2025/02/12;0300 UTC;0;990,4;990,9;990,4;;21,9;18,6;22,2;21,9;18,6;18,4;81;80;81;;;;
2025/02/12;0400 UTC;0;989,8;990,4;989,8;;21,7;18,5;21,9;21,7;18,7;18,4;82;81;82;;;;
2025/02/12;0500 UTC;0;989,7;989,8;989,7;;21,4;18,3;21,8;21,3;18,7;18,2;83;82;83;;;;
2025/02/12;0600 UTC;0;989,6;989,8;989,6;;21,1;18,2;21,5;21;18,6;18;84;83;83;;;;
2025/02/12;0700 UTC;0;989,6;989,7;989,5;;21,4;18,6;21,5;21;18,7;18;84;83;84;;;;
2025/02/12;0800 UTC;0;990;990;989,6;;21,2;18,4;21,4;21,1;18,6;18,3;84;84;84;;;;
2025/02/12;0900 UTC;0;990,4;990,4;990;29,8;21,9;19,2;21,9;21,1;19,2;18,4;85;84;85;;;;
2025/02/12;1000 UTC;0;991,1;991,1;990,4;287,7;22,7;20;22,7;21,9;20;19,3;85;85;85;;;;
2025/02/12;1100 UTC;0;991,7;991,8;991,1;552;23,2;20,5;23,3;22,6;20,7;19,9;85;85;85;;;;
2025/02/12;1200 UTC;0;991,7;991,8;991,7;1148,7;26,7;22,9;26,8;23,1;23,4;20,5;85;80;80;;;;
2025/02/12;1300 UTC;0;991,6;991,8;991,5;2447,2;28,8;23,5;28,9;26,7;23,8;22,3;80;73;73;;;;
2025/02/12;1400 UTC;0;991,2;991,6;991,2;2160,3;28,9;22,9;29,3;26,3;23,8;21,9;78;69;70;;;;
2025/02/12;1500 UTC;,4;991,2;991,3;991,2;2201,5;28,7;22;29,5;26,1;23,4;20,2;71;67;67;;;;
2025/02/12;1600 UTC;0;990,4;991,2;990,4;1838,7;26,1;20,7;29;25,3;22,6;19,7;72;67;72;;;;
2025/02/12;1700 UTC;0;989,8;990,4;989,8;2438,5;30,4;22;31,8;26,2;23,9;20,5;72;61;61;;;;
2025/02/12;1800 UTC;0;989,2;989,8;989,2;1424,7;29,8;21,6;30,5;29;22,4;20,7;63;59;62;;;;
2025/02/12;1900 UTC;0;988,8;989,2;988,8;1205,3;28;20,2;30,7;27,7;22,4;20;63;59;63;;;;
2025/02/12;2000 UTC;0;988,8;988,8;988,7;508,9;27,6;20,2;28,5;27,5;20,8;20,1;64;63;64;;;;
2025/02/12;2100 UTC;0;989;989;988,7;285,7;26,3;19,7;27,8;26,3;20,2;19,6;67;63;67;;;;
2025/02/12;2200 UTC;0;989,5;989,5;989;8,7;24,9;19,4;26,3;24,9;19,7;19,4;72;67;71;;;;
2025/02/12;2300 UTC;0;990,1;990,1;989,5;;23,6;19,1;24,9;23,6;19,4;19;76;71;76;;;;
2025/02/13;0000 UTC;0;990,6;990,7;990,1;;22,8;18,8;23,7;22,7;19,1;18,8;79;76;78;;;;
2025/02/13;0100 UTC;0;991;991;990,7;;22,1;18,6;22,8;22,1;18,9;18,6;80;78;80;;;;
2025/02/13;0200 UTC;0;991,1;991,3;991;;21,9;18,5;22,3;21,9;18,8;18,5;81;80;81;;;;
2025/02/13;0300 UTC;0;990,4;991,1;990,4;;21,8;18,7;22,2;21,8;18,9;18,5;82;81;82;;;;
2025/02/13;0400 UTC;0;990,1;990,4;990,1;;21,5;18,5;22,2;21,4;19,1;18,2;83;82;83;;;;
2025/02/13;0500 UTC;0;990,3;990,3;990;;21,8;18,8;21,9;21,5;18,9;18,4;83;83;83;;;;
2025/02/13;0600 UTC;0;990,6;990,6;990,3;;21,3;18,4;22;21,1;19,1;18,1;84;83;84;;;;
2025/02/13;0700 UTC;0;990,6;990,7;990,6;;21,1;18,3;21,4;20,8;18,6;18;84;84;84;;;;
2025/02/13;0800 UTC;0;990,9;990,9;990,6;;21;18,3;21,4;20,9;18,6;18,2;85;84;84;;;;
2025/02/13;0900 UTC;0;991,3;991,3;991;38,6;20,8;18,3;21,2;20,1;18,5;17,4;86;84;86;;;;
2025/02/13;1000 UTC;0;991,9;991,9;991,3;413,3;22,2;19,6;22,5;20,8;20;18,3;86;85;85;;;;
2025/02/13;1100 UTC;0;992,3;992,3;991,9;1177,9;25,6;22,3;25,6;22,1;22,3;19,5;86;82;82;;;;
2025/02/13;1200 UTC;0;992,6;992,6;992,3;2119,5;28,4;23,5;28,6;25,2;24;21,8;82;75;75;;;;
2025/02/13;1300 UTC;0;992,3;992,7;992,3;2097;29,6;23,2;29,9;27,4;23,9;22,5;75;68;68;;;;
2025/02/13;1400 UTC;0;991,8;992,3;991,8;3233,4;30,2;22;30,5;29,3;23,4;21,7;68;61;61;;;;
2025/02/13;1500 UTC;0;991,1;991,8;991,1;2162,1;30,4;22;31,1;29,4;22,8;20,9;63;58;61;;;;
2025/02/13;1600 UTC;0;990,2;991,1;990,1;3100,4;32,7;20,9;33,1;29,4;22,4;19,2;61;49;50;;;;
2025/02/13;1700 UTC;0;989,3;990,2;989,3;2690,7;30,7;18,5;33,4;30,5;20,9;18,3;50;44;48;;;;
2025/02/13;1800 UTC;0;988,9;989,3;988,9;1391,1;31,3;19,2;32,7;29,8;21,1;18,3;53;48;49;;;;
2025/02/13;1900 UTC;0;988,5;988,9;988,5;735;28,2;19,2;31,2;27,9;19,2;18,5;58;49;58;;;;
2025/02/13;2000 UTC;0;988,3;988,5;988,2;1280,1;27,8;18,9;29,2;27,8;20,1;18,8;59;57;58;;;;
2025/02/13;2100 UTC;0;988,1;988,3;988;274,9;25,6;18;27,8;25,6;18,8;18;63;58;63;;;;
2025/02/13;2200 UTC;0;988,4;988,4;988,1;4,8;23,9;17,8;25,6;23,9;18;17,7;69;63;69;;;;
2025/02/13;2300 UTC;0;989;989;988,4;;23,8;18,8;24;23,7;18,8;17,8;74;69;74;;;;
2025/02/14;0000 UTC;0;989,7;989,7;989;;23,6;19,1;23,9;23,6;19,2;18,7;76;74;76;;;;
2025/02/14;0100 UTC;0;990,1;990,1;989,7;;23,1;19,1;23,7;23,1;19,2;19,1;78;76;78;;;;
2025/02/14;0200 UTC;0;990,5;990,5;990,1;;22,6;19;23,1;22,6;19,1;19;80;78;80;;;;
2025/02/14;0300 UTC;0;990,2;990,5;990,2;;22,6;19,3;22,7;22,4;19,3;18,9;82;80;82;;;;
2025/02/14;0400 UTC;0;990,2;990,3;990,2;;22,3;19,1;22,6;22,2;19,3;19;82;82;82;;;;
2025/02/14;0500 UTC;0;989,7;990,2;989,7;;21,9;18,9;22,3;21,9;19,1;18,8;83;82;83;;;;
2025/02/14;0600 UTC;0;989,5;989,8;989,5;;21,8;18,9;22,1;21,8;19,1;18,8;84;83;84;;;;
2025/02/14;0700 UTC;0;989,3;989,5;989,3;;21,4;18,7;21,8;21,3;19;18,6;85;84;85;;;;
2025/02/14;0800 UTC;0;989,5;989,5;989,1;;22;19,2;22,1;21,4;19,3;18,8;85;84;84;;;;
2025/02/14;0900 UTC;0;990;990;989,5;32,7;21,8;19,1;22;21,2;19,1;18,4;85;84;85;;;;
2025/02/14;1000 UTC;0;990,6;990,6;990;555,7;25,1;22;25,1;21,8;22;19,1;85;82;83;;;;
2025/02/14;1100 UTC;0;991,3;991,3;990,6;1424,2;26,8;22,3;27,1;25;22,8;21,4;83;76;76;;;;
2025/02/14;1200 UTC;0;991,1;991,5;991,1;2234,2;28,8;22,3;29;26,5;23,1;21,4;78;67;68;;;;
2025/02/14;1300 UTC;0;990,9;991,1;990,9;2496;30,6;22,5;30,6;27,8;23;20,5;68;62;62;;;;
2025/02/14;1400 UTC;0;990,5;990,9;990,4;3607,9;32,4;21,7;32,4;29,1;22,4;20,2;62;53;53;;;;
2025/02/14;1500 UTC;0;989,8;990,5;989,8;2925,5;31;19,2;32,8;30,2;21,5;19;55;49;49;;;;
2025/02/14;1600 UTC;0;988,6;989,8;988,6;2903;32,1;18,4;33,3;30,6;20,2;17,6;50;44;44;;;;
2025/02/14;1700 UTC;0;987,7;988,6;987,7;2469,6;33,2;17,4;33,8;31;19,1;16,7;45;39;39;;;;
2025/02/14;1800 UTC;0;986,8;987,7;986,8;2533;33,7;17,5;34,3;31,5;18,1;15,7;40;35;38;;;;
2025/02/14;1900 UTC;0;986,1;986,8;986,1;2198,2;32,8;15,5;33,8;32,7;17,3;14,8;38;33;35;;;;
2025/02/14;2000 UTC;0;986,1;986,1;986;1388,8;30,8;18,1;33,1;30,8;18,1;14,3;47;33;47;;;;
2025/02/14;2100 UTC;0;986,2;986,2;986;440,3;29;17,8;30,8;29;18,4;17,8;51;47;51;;;;
2025/02/14;2200 UTC;0;986,9;986,9;986,2;7,8;26,8;17,8;29;26,8;18;17,7;58;51;58;;;;
2025/02/14;2300 UTC;0;987,8;987,8;986,9;;25,4;18;26,9;25,3;18;17,7;64;58;64;;;;
2025/02/15;0000 UTC;0;988,5;988,6;987,8;;24,5;18,6;25,4;24,4;18,6;17,9;70;64;70;;;;
2025/02/15;0100 UTC;0;989,2;989,3;988,5;;24,3;19,3;24,7;24,1;19,3;18,6;74;70;74;;;;
2025/02/15;0200 UTC;0;989,3;989,3;989,2;;23,7;19,3;24,4;23,7;19,5;19,2;76;74;76;;;;
2025/02/15;0300 UTC;0;989,1;989,3;989;;23,7;19,6;23,8;23,5;19,6;19,3;78;76;78;;;;
2025/02/15;0400 UTC;0;988,7;989,1;988,7;;23,2;19,5;23,8;23,2;19,7;19,3;79;78;79;;;;
2025/02/15;0500 UTC;0;988,3;988,7;988,3;;23,1;19,5;23,4;22,8;19,7;19,2;80;79;80;;;;
2025/02/15;0600 UTC;0;988,1;988,3;988,1;;22,8;19,2;23,1;22,7;19,6;19,1;81;80;81;;;;
2025/02/15;0700 UTC;0;988,2;988,3;988;;22;18,7;22,8;22;19,3;18,6;82;81;81;;;;
2025/02/15;0800 UTC;0;988,5;988,5;988,1;;21,6;18,5;22;21,5;18,7;18,4;83;81;83;;;;
2025/02/15;0900 UTC;0;988,9;988,9;988,5;36,7;21,4;18,5;21,7;21,3;18,6;18,4;84;83;83;;;;
2025/02/15;1000 UTC;0;990;990;988,9;640;25,1;21,4;25,1;21,4;21,4;18,5;84;79;80;;;;
2025/02/15;1100 UTC;0;990,6;990,6;990;1438,9;27,1;21,9;27,1;25,1;22,1;21,2;80;73;73;;;;
2025/02/15;1200 UTC;0;990,8;990,8;990,6;2265;28,5;21,3;28,7;26,8;22,1;20,4;73;64;65;;;;
2025/02/15;1300 UTC;0;990,9;990,9;990,8;3299,5;30,2;20;31,2;27,8;21,8;20;65;54;55;;;;
2025/02/15;1400 UTC;0;990,4;990,9;990,4;2926,3;31,8;19,9;31,9;28,9;21;18,7;56;50;50;;;;
2025/02/15;1500 UTC;0;989,6;990,4;989,6;3491,1;32;18,5;32,7;30,9;20,2;17,4;50;43;45;;;;
2025/02/15;1600 UTC;0;988,7;989,6;988,7;3743,2;33,4;16,2;33,9;31,7;19,2;16,2;45;36;36;;;;
2025/02/15;1700 UTC;,2;988,2;988,7;988,1;3495,9;32,1;17,7;34,4;32;17,7;14,8;42;34;42;;;;
2025/02/15;1800 UTC;0;987,7;988,2;987,7;3066,1;31,2;16,8;32,4;30,8;19;16,8;47;42;42;;;;
2025/02/15;1900 UTC;0;987,5;987,7;987,4;2045,5;30,6;17,6;31,8;29,9;17,9;16,6;46;42;46;;;;
2025/02/15;2000 UTC;0;987,5;987,5;987,4;1555,5;29,8;18,4;31,2;29,8;18,7;17,8;50;46;50;;;;
2025/02/15;2100 UTC;0;987,7;987,7;987,5;569;27,8;18,3;29,9;27,8;18,5;18;56;50;56;;;;
2025/02/15;2200 UTC;0;987,8;987,8;987,6;13,9;25,9;18,8;27,8;25,9;18,9;18,3;65;56;65;;;;
2025/02/15;2300 UTC;0;988,7;988,7;987,8;;24,8;18,1;25,9;24,8;18,9;18,1;67;65;67;;;;
2025/02/16;0000 UTC;0;989,6;989,6;988,7;;24,1;18,5;24,8;23,8;18,6;18;71;67;71;;;;
2025/02/16;0100 UTC;0;990,2;990,2;989,6;;23,9;19,2;24,3;23,8;19,3;18,6;75;71;75;;;;
2025/02/16;0200 UTC;0;990,1;990,2;990,1;;23,5;19,2;24,2;23,5;19,4;19,1;77;75;77;;;;
2025/02/16;0300 UTC;0;990,1;990,2;990,1;;22,9;19,1;23,5;22,9;19,4;19;79;77;79;;;;
2025/02/16;0400 UTC;0;990,2;990,2;989,9;;22,4;19;23;22,4;19,2;18,9;81;79;81;;;;
2025/02/16;0500 UTC;0;990,2;990,4;990,1;;22,2;19;22,6;22,2;19,2;18,9;82;81;82;;;;
2025/02/16;0600 UTC;0;989,9;990,2;989,9;;22;18,9;22,4;21,9;19,1;18,7;83;82;83;;;;
2025/02/16;0700 UTC;0;990,1;990,1;989,8;;21,9;19;22,1;21,6;19,1;18,6;84;83;84;;;;
2025/02/16;0800 UTC;0;990,2;990,3;990,1;;21,6;18,8;21,9;21,6;19;18,7;84;84;84;;;;
2025/02/16;0900 UTC;0;991,2;991,2;990,2;38,1;21,9;19,2;21,9;21,2;19,2;18,4;85;84;85;;;;
2025/02/16;1000 UTC;0;992;992;991,2;555,8;24,3;21,2;24,3;21,6;21,2;18,8;85;83;83;;;;
2025/02/16;1100 UTC;0;992,3;992,3;992;1479,4;26,6;22,7;26,6;24,3;22,7;21,2;83;78;79;;;;
2025/02/16;1200 UTC;0;992,5;992,5;992,2;1619,8;27,1;21,9;28,3;26,5;23,2;21,5;79;72;73;;;;
2025/02/16;1300 UTC;0;992,4;992,6;992,4;2567,9;30,6;22,7;30,7;27,1;23,9;21,5;73;63;63;;;;
2025/02/16;1400 UTC;0;992,2;992,4;992,2;3179,8;30,5;21;32,7;29,1;23,4;20,8;63;56;57;;;;
2025/02/16;1500 UTC;0;991,6;992,2;991,6;3487;32;20;33,2;30,3;22,4;20;57;49;49;;;;
2025/02/16;1600 UTC;0;990,6;991,7;990,6;3373,2;33;19;33,8;30,8;21;18;52;42;44;;;;
2025/02/16;1700 UTC;0;989,6;990,6;989,6;3573,1;34,5;17,3;34,7;32,9;19,6;16,9;44;36;36;;;;
2025/02/16;1800 UTC;0;988,9;989,6;988,9;2930,3;34,1;16,8;35;33;18,1;16,2;38;35;36;;;;
2025/02/16;1900 UTC;0;988,5;988,9;988,5;1980,5;32,1;16,2;34,4;31,7;17,5;15,5;39;35;39;;;;
2025/02/16;2000 UTC;0;988,5;988,5;988,3;1166,3;31,8;16,6;32,9;31,4;17,2;15,5;40;37;40;;;;
2025/02/16;2100 UTC;0;988,9;988,9;988,5;417,6;29;16,8;31,8;29;16,8;16,3;48;40;48;;;;
2025/02/16;2200 UTC;0;989,4;989,5;988,9;6,9;26,8;17,5;29;26,8;17,5;16,8;57;48;57;;;;
2025/02/16;2300 UTC;0;990,3;990,3;989,4;;25,3;18,2;26,9;25,3;18,3;17,5;65;57;65;;;;
2025/02/17;0000 UTC;0;991;991;990,3;;24,1;18,3;25,3;24,1;18,4;18,2;70;65;70;;;;
2025/02/17;0100 UTC;0;991,5;991,5;991;;23,7;18,9;24,1;23,6;18,9;18,3;75;70;75;;;;
2025/02/17;0200 UTC;0;991,4;991,5;991,4;;24;19,7;24,1;23,6;19,8;18,9;77;75;77;;;;
2025/02/17;0300 UTC;0;991,1;991,4;991,1;;24;20,1;24,2;23,8;20,2;19,6;79;77;79;;;;
2025/02/17;0400 UTC;0;990,7;991,1;990,7;;23,7;20,2;24;23,6;20,2;19,9;80;79;80;;;;
2025/02/17;0500 UTC;0;990,5;990,7;990,5;;23,6;20,2;23,8;23,2;20,2;19,8;81;80;81;;;;
2025/02/17;0600 UTC;0;990,4;990,5;990,4;;23,3;19,9;23,8;23,3;20,4;19,9;82;81;82;;;;
2025/02/17;0700 UTC;0;990,7;990,7;990,4;;22,8;19,7;23,3;22,8;20;19,7;83;82;83;;;;
2025/02/17;0800 UTC;0;991;991;990,7;;22,8;19,8;23;22,7;19,9;19,6;83;83;83;;;;
2025/02/17;0900 UTC;0;991,6;991,6;991;23,5;23;20,1;23;22,7;20,1;19,6;84;83;84;;;;
2025/02/17;1000 UTC;0;992,4;992,4;991,6;503;24,7;21,4;24,8;23;21,6;20,1;84;81;82;;;;
2025/02/17;1100 UTC;0;992,9;992,9;992,4;1020,1;26,5;22,2;26,9;24,5;22,8;21,2;82;77;77;;;;
2025/02/17;1200 UTC;0;992,8;992,9;992,7;2446,4;29,6;22,7;30,1;26,5;23,7;21,9;78;67;67;;;;
2025/02/17;1300 UTC;0;992,8;992,9;992,7;2903,3;30,5;21,8;31,5;28;23,6;21,3;67;59;60;;;;
2025/02/17;1400 UTC;0;992,6;992,9;992,6;2750,3;32,1;21,2;32,4;29,5;22,5;20,4;60;52;52;;;;
2025/02/17;1500 UTC;0;991,7;992,6;991,7;3202,9;30,8;17,9;33,7;30,7;21,4;17,4;53;42;46;;;;
2025/02/17;1600 UTC;0;990,8;991,7;990,8;3703,3;33,6;16,9;34,2;30,9;19,8;16,4;46;37;37;;;;
2025/02/17;1700 UTC;0;989,9;990,8;989,9;2718,6;34,6;16,6;35;31,4;17,5;14,5;39;32;34;;;;
2025/02/17;1800 UTC;0;989,3;989,9;989,3;2381,7;33,5;16,3;34,9;31,3;17,6;14,5;40;32;36;;;;
2025/02/17;1900 UTC;0;989;989,3;989;2024,8;31;16,4;34,5;31;17,9;15,4;42;34;42;;;;
2025/02/17;2000 UTC;0;989;989;988,8;1109,6;30,8;17,6;32,6;30,5;18,1;16,4;45;42;45;;;;
2025/02/17;2100 UTC;0;989,3;989,3;988,9;407,4;28,4;17,4;30,8;28,4;17,7;17,3;51;45;51;;;;
2025/02/17;2200 UTC;0;989,6;989,6;989,3;6,4;26,4;17,4;28,4;26,4;17,5;17,2;58;51;58;;;;
2025/02/17;2300 UTC;0;989,8;990;989,5;;24,4;17,4;26,4;24,3;17,5;17,2;65;58;65;;;;
2025/02/18;0000 UTC;0;990,2;990,2;989,8;;23,6;17,1;24,4;23,6;17,5;17;67;65;67;;;;
2025/02/18;0100 UTC;0;990,2;990,3;990,1;;23;17,5;23,9;23;18;17;71;67;71;;;;
2025/02/18;0200 UTC;0;989,9;990,3;989,9;;23,4;18,7;23,4;22,6;18,7;17,4;75;71;75;;;;
2025/02/18;0300 UTC;0;989,5;989,9;989,5;;22,8;18,6;23,4;22,8;19;18,6;77;75;77;;;;
2025/02/18;0400 UTC;0;989,2;989,5;989,2;;22,6;18,9;22,8;22,3;19;18,3;80;77;79;;;;
2025/02/18;0500 UTC;0;988,9;989,2;988,8;;22,3;18,7;22,6;22;18,9;18,4;80;79;80;;;;
2025/02/18;0600 UTC;0;989,2;989,2;988,9;;21,3;17,9;22,3;21,3;18,9;17,9;81;80;81;;;;
2025/02/18;0700 UTC;0;989,4;989,4;989,2;;21,2;18,1;21,4;21;18,2;17,8;82;81;82;;;;
2025/02/18;0800 UTC;0;990,2;990,2;989,4;;20,7;17,7;21,3;20,4;18,2;17,3;83;82;83;;;;
2025/02/18;0900 UTC;0;990,6;990,6;990,2;24,5;20,9;18,1;21;20,4;18,1;17,5;84;83;84;;;;
2025/02/18;1000 UTC;0;991,1;991,1;990,6;568,6;22,8;19,7;22,8;20,9;19,8;18;84;83;83;;;;
2025/02/18;1100 UTC;0;991,5;991,6;991,1;1463,5;26,4;22,2;26,4;22,8;22,2;19,8;83;77;78;;;;
2025/02/18;1200 UTC;0;991,6;991,7;991,5;2282;27,5;21;29;26,3;23;20,9;78;67;67;;;;
2025/02/18;1300 UTC;0;991,3;991,6;991,2;2798,9;30,5;21,4;31,2;27,2;22,4;20,6;68;58;58;;;;
2025/02/18;1400 UTC;0;991;991,3;991;3671,7;31,6;20,4;32;29,3;21,7;19,4;59;51;52;;;;
2025/02/18;1500 UTC;0;990;991;990;2845,3;32,2;18,6;32,4;29,2;20,6;17,8;52;44;44;;;;
2025/02/18;1600 UTC;0;989;990;989;3012,9;33,6;16,6;34,2;30,5;19;16,3;44;36;36;;;;
2025/02/18;1700 UTC;0;988,2;989;988,2;3656,5;33,2;14,1;34,4;32,9;17,4;14,1;37;32;32;;;;
2025/02/18;1800 UTC;0;987,4;988,2;987,4;2898,3;34,6;14,6;34,8;32,7;15;13,1;32;29;30;;;;
2025/02/18;1900 UTC;0;986,6;987,4;986,6;2312,9;33,1;14,1;34,9;33,1;14,6;12,9;32;29;32;;;;
2025/02/18;2000 UTC;0;986,6;986,6;986,5;809,9;31,7;16,1;33,2;31;16,2;13,6;39;32;39;;;;
2025/02/18;2100 UTC;0;987;987;986,6;411;28,7;16,7;31,7;28,7;16,7;16,1;48;39;48;;;;
2025/02/18;2200 UTC;0;987,6;987,6;987;5,8;26,5;18,5;28,7;26,5;18,5;16,7;62;48;62;;;;
2025/02/18;2300 UTC;0;988,3;988,3;987,6;;25;18,2;26,5;25;18,7;18,2;66;62;66;;;;
2025/02/19;0000 UTC;0;988,8;988,8;988,3;;23,9;17,8;25;23,8;18,3;17,8;69;66;69;;;;
2025/02/19;0100 UTC;0;989,4;989,4;988,9;;23,6;18,1;24,1;23,5;18,3;17,7;71;69;71;;;;
2025/02/19;0200 UTC;0;989,3;989,7;989,3;;23,3;18,6;23,8;23,3;18,8;18,1;75;71;75;;;;
2025/02/19;0300 UTC;0;989,1;989,3;989;;23,5;19,3;23,5;23,2;19,3;18,6;77;75;77;;;;
2025/02/19;0400 UTC;0;989,2;989,3;989,1;;23;19,1;23,7;22,9;19,5;18,9;79;77;79;;;;
2025/02/19;0500 UTC;0;988,8;989,2;988,8;;21,9;18,3;23;21,9;19,1;18,2;80;79;80;;;;
2025/02/19;0600 UTC;0;989;989;988,6;;22;18,6;22,3;21,5;18,8;18;81;80;81;;;;
2025/02/19;0700 UTC;0;989,6;989,6;989;;22;18,7;22,1;21,7;18,8;18,3;82;81;82;;;;
2025/02/19;0800 UTC;0;990;990;989,5;;21,5;18,4;22,2;21,4;19;18,3;82;82;82;;;;
2025/02/19;0900 UTC;0;990,6;990,6;990;19,7;21,5;18,5;21,6;21,1;18,6;18;83;82;83;;;;
2025/02/19;1000 UTC;0;991,3;991,3;990,6;491,1;23,8;20,6;23,8;21,5;20,6;18,6;83;82;82;;;;
2025/02/19;1100 UTC;0;991,9;991,9;991,3;1468,2;27,1;22,7;27,1;23,8;22,9;20,6;82;77;77;;;;
2025/02/19;1200 UTC;0;992;992,1;991,9;1661,5;28,8;22,9;28,8;26,1;23,1;21,5;77;71;71;;;;
2025/02/19;1300 UTC;0;991,9;992,2;991,8;2417,4;29,8;22,2;30,5;27,7;23,3;21,2;70;62;64;;;;
2025/02/19;1400 UTC;0;991,6;991,9;991,6;2619,1;30,7;20,1;32,5;29,5;22,7;19,9;64;53;53;;;;
2025/02/19;1500 UTC;0;990,9;991,6;990,9;3208,1;32,4;19,6;33,2;30,1;21,6;18,5;55;47;47;;;;
2025/02/19;1600 UTC;0;989,8;990,9;989,8;2909,2;33,2;17,5;35;30,9;20,1;17,4;48;39;39;;;;
2025/02/19;1700 UTC;0;989,1;989,8;989,1;3198,5;33,7;16,2;34,6;32,6;18,7;16,2;41;35;35;;;;
2025/02/19;1800 UTC;0;988,7;989,1;988,7;2022,7;33,8;16,2;34,6;31,8;17,2;15,2;39;34;35;;;;
2025/02/19;1900 UTC;0;988,5;988,7;988,4;1809,9;32,5;16,6;34,3;31,3;17,5;14,4;41;34;39;;;;
2025/02/19;2000 UTC;0;988,9;988,9;988,4;951,3;30,4;18,2;32,4;30;18,5;16,3;49;39;48;;;;
2025/02/19;2100 UTC;0;989,5;989,5;988,9;399;28,1;17,9;30,3;28,1;18,3;17,8;54;48;54;;;;
2025/02/19;2200 UTC;0;989,8;989,8;989,5;6,1;26,4;18,2;28,1;26,4;18,3;17,8;61;54;61;;;;
2025/02/19;2300 UTC;0;990,4;990,4;989,8;;25;18,8;26,4;25;18,8;18,2;69;61;69;;;;
2025/02/20;0000 UTC;0;991,1;991,1;990,4;;24,2;19,2;25;24,2;19,3;18,8;74;69;74;;;;
2025/02/20;0100 UTC;0;991,6;991,7;991,1;;24,3;19,6;24,3;24,1;19,6;19,2;75;74;75;;;;
2025/02/20;0200 UTC;0;991,3;991,6;991,3;;24,2;19,8;24,4;24,2;19,9;19,6;76;75;76;;;;
2025/02/20;0300 UTC;0;990,8;991,3;990,8;;24,2;20,1;24,3;24,1;20,1;19,8;78;76;78;;;;
2025/02/20;0400 UTC;0;990,7;990,9;990,6;;22,9;19,2;24,2;22,9;20,1;19,2;80;78;80;;;;
2025/02/20;0500 UTC;0;990,4;990,7;990,4;;23,1;19,6;23,1;22,8;19,6;19,2;81;80;81;;;;
2025/02/20;0600 UTC;0;990,5;990,6;990,4;;22,8;19,5;23,1;22,8;19,7;19,5;82;81;82;;;;
2025/02/20;0700 UTC;0;990,9;990,9;990,5;;22,7;19,6;22,8;22,4;19,6;19,1;82;82;82;;;;
2025/02/20;0800 UTC;0;990,9;990,9;990,8;;22,2;19,2;22,8;22;19,7;18,8;83;82;83;;;;
2025/02/20;0900 UTC;0;991,3;991,3;990,9;21,8;22;19,3;22,2;21,5;19,3;18,6;85;83;84;;;;
2025/02/20;1000 UTC;0;992,1;992,1;991,3;544,6;25,2;21,6;25,2;22;21,6;19,2;84;81;81;;;;
2025/02/20;1100 UTC;0;992,6;992,6;992,1;1213,4;26,5;22,1;26,5;25,2;22,3;21,3;81;76;77;;;;
2025/02/20;1200 UTC;0;992,9;992,9;992,6;1904,4;29,2;22,3;29,4;26,6;22,8;21,5;77;66;67;;;;
2025/02/20;1300 UTC;0;992,5;992,9;992,5;2747,8;30,6;20,8;31,8;28,4;23,4;20,8;67;56;56;;;;
2025/02/20;1400 UTC;0;992,2;992,6;992,2;3093,4;32,3;19,5;33,6;29,6;21,8;19,5;57;46;47;;;;
2025/02/20;1500 UTC;0;991,4;992,2;991,4;3723,7;32,8;17,5;34,2;31,9;21,1;17,1;48;39;40;;;;
2025/02/20;1600 UTC;0;990,5;991,5;990,5;3342,1;36,1;17;36,1;31,3;18,3;15,9;43;32;32;;;;
2025/02/20;1700 UTC;0;989,8;990,5;989,8;3352,7;34,8;16,1;36,1;32,7;16,3;13,7;33;31;33;;;;
2025/02/20;1800 UTC;0;989,5;989,8;989,5;2656,5;33;18,2;34,8;32,2;19;14,5;42;32;42;;;;
2025/02/20;1900 UTC;0;989,3;989,5;989,3;2179,4;32;17,6;33,3;32;18,6;17,4;43;41;42;;;;
2025/02/20;2000 UTC;0;990,1;990,1;989,3;1295,4;29,7;18,3;32,5;29,7;18,5;17,2;51;42;51;;;;
2025/02/20;2100 UTC;0;990,5;990,5;990,1;393,4;27,4;18,1;29,7;27,4;18,6;18,1;57;51;57;;;;
2025/02/20;2200 UTC;0;991,1;991,1;990,5;5,8;26;18,5;27,4;26;18,6;17,8;63;57;63;;;;
2025/02/20;2300 UTC;0;992,1;992,1;991,1;;25,1;19;26;25,1;19;18,5;69;63;69;;;;
2025/02/21;0000 UTC;0;992,9;992,9;992,1;;24,7;19,5;25,1;24,7;19,5;18,9;73;69;73;;;;
2025/02/21;0100 UTC;0;993,2;993,2;992,9;;23,8;19,5;24,7;23,8;19,5;19,3;77;73;77;;;;
2025/02/21;0200 UTC;0;992,9;993,2;992,9;;23,3;19,5;23,9;23,3;19,7;19,5;79;77;79;;;;
2025/02/21;0300 UTC;0;992,3;992,9;992,3;;22,9;19,5;23,3;22,9;19,7;19,4;81;79;81;;;;
2025/02/21;0400 UTC;0;991,9;992,3;991,9;;22,6;19,5;22,9;22,5;19,6;19,3;83;81;83;;;;
2025/02/21;0500 UTC;0;991,5;991,9;991,5;;22,3;19,4;22,8;22,2;19,7;19,1;83;82;83;;;;
2025/02/21;0600 UTC;0;991,2;991,5;991,2;;22,6;19,6;22,8;22,3;19,9;19,4;84;83;84;;;;
2025/02/21;0700 UTC;0;991,3;991,3;991;;22,2;19,4;22,7;22,2;19,8;19,4;84;84;84;;;;
2025/02/21;0800 UTC;0;991,3;991,4;991,1;;22,5;19,7;22,6;22;19,9;19,2;85;84;84;;;;
2025/02/21;0900 UTC;0;991,7;991,7;991,2;22,2;22,4;19,7;22,5;22,3;19,7;19,6;85;84;85;;;;
2025/02/21;1000 UTC;,2;992,3;992,3;991,7;665,3;25,2;22;25,2;22,4;22;19,7;85;83;83;;;;
2025/02/21;1100 UTC;0;992,9;992,9;992,3;1008,4;26,3;22,5;26,3;24,6;22,5;21,2;83;80;80;;;;
2025/02/21;1200 UTC;0;992,7;992,9;992,7;1600,6;28,7;22,7;29,1;26,3;23,6;22;80;70;70;;;;
2025/02/21;1300 UTC;0;992,5;992,7;992,5;2614,1;30,3;22,2;31,3;28,4;23,9;21,5;71;61;62;;;;
2025/02/21;1400 UTC;0;992,2;992,5;992,2;2782,9;31,6;20,9;32,5;29,1;23,2;20,1;62;53;53;;;;
2025/02/21;1500 UTC;0;991,3;992,2;991,3;3350,4;33,1;19,8;33,4;31,1;21,9;19;54;45;46;;;;
2025/02/21;1600 UTC;0;990,6;991,3;990,6;2522,2;30,2;19,1;33,9;29,2;20,3;17,1;53;41;51;;;;
2025/02/21;1700 UTC;0;990;990,6;990;2300,1;33,3;18,4;33,8;30,2;20,1;17,6;51;41;41;;;;
2025/02/21;1800 UTC;0;989,5;990;989,5;2274,3;33,4;16,3;34;31,3;18,7;15,3;41;36;36;;;;
2025/02/21;1900 UTC;0;989,4;989,6;989,4;1938,9;31,7;16,4;33,5;31,2;16,6;15;40;35;40;;;;
2025/02/21;2000 UTC;0;989,8;989,8;989,4;1269,4;29,7;16,9;32;29,7;17,1;15,9;46;40;46;;;;
2025/02/21;2100 UTC;0;990,5;990,6;989,8;390,7;27,2;16,9;29,7;27,2;17,3;16,8;53;46;53;;;;
2025/02/21;2200 UTC;0;991,2;991,2;990,5;3,1;25,7;17,8;27,2;25,7;17,8;16,9;62;53;62;;;;
2025/02/21;2300 UTC;0;992;992;991,2;;24,2;18;25,7;24,2;18;17,7;68;62;68;;;;
2025/02/22;0000 UTC;0;992,7;992,7;992;;23,5;18,5;24,3;23,4;18,5;18;73;68;73;;;;
2025/02/22;0100 UTC;0;993,1;993,1;992,7;;22,6;18,4;23,5;22,6;18,5;18,1;77;73;77;;;;
2025/02/22;0200 UTC;0;993,3;993,4;993,1;;22,5;18,7;22,6;22,3;18,7;18,3;79;77;79;;;;
2025/02/22;0300 UTC;0;992,9;993,3;992,9;;22,5;19;22,7;22,4;19;18,7;80;79;80;;;;
2025/02/22;0400 UTC;0;992,5;992,9;992,5;;21,8;18,5;22,5;21,8;19,1;18,3;81;80;81;;;;
2025/02/22;0500 UTC;0;991,7;992,5;991,7;;21,2;18,1;22,2;21;19;17,8;82;81;82;;;;
2025/02/22;0600 UTC;0;991,5;991,7;991,5;;21,5;18,5;22;21,2;18,9;18,2;83;82;83;;;;
2025/02/22;0700 UTC;0;991,3;991,5;991,3;;21,3;18,4;21,6;21,3;18,7;18,4;84;83;84;;;;
2025/02/22;0800 UTC;0;991,6;991,6;991,3;;21;18,2;21,3;20,8;18,5;18;84;84;84;;;;
2025/02/22;0900 UTC;0;992,2;992,2;991,6;15,8;20,9;18,2;21,2;20,7;18,5;18;85;84;85;;;;
2025/02/22;1000 UTC;0;992,8;992,8;992,2;394,2;21,9;19,3;22,1;20,9;19,5;18,2;85;85;85;;;;
2025/02/22;1100 UTC;0;993,1;993,1;992,7;1084,7;26;22,5;26,1;21,8;22,9;19,2;86;81;81;;;;
2025/02/22;1200 UTC;0;993,3;993,4;993,1;1627,6;28;22,3;28,4;25,5;23,3;21,7;81;71;72;;;;
2025/02/22;1300 UTC;0;992,9;993,3;992,9;2761,2;30,9;23,3;30,9;27,6;23,7;20,9;73;64;64;;;;
2025/02/22;1400 UTC;0;992,5;992,9;992,5;2952,7;30,3;20,2;32,2;29,3;23,5;19,3;64;54;55;;;;
2025/02/22;1500 UTC;0;991,6;992,5;991,6;3786,3;32,6;19,6;33,6;30,4;21,5;18,6;55;45;46;;;;
2025/02/22;1600 UTC;0;991;991,6;990,9;2097;29,2;18,6;33,9;29,1;19,8;17,5;53;42;53;;;;
2025/02/22;1700 UTC;0;990,5;991;990,5;2407,3;31,8;18,6;32,4;29;20,6;18,2;55;45;46;;;;
2025/02/22;1800 UTC;0;990;990,5;989,9;2580,1;30,9;17,8;32,4;29,5;18,8;16,1;47;43;45;;;;
2025/02/22;1900 UTC;0;989,7;990,1;989,7;2170,1;30,6;16,6;31,7;29,9;18;15,9;46;42;43;;;;
2025/02/22;2000 UTC;0;989,6;989,7;989,5;1036;28,9;17,1;30,8;28,9;17,4;15,6;49;43;49;;;;
2025/02/22;2100 UTC;0;990,1;990,1;989,6;380,8;27,2;17,5;29;27,2;17,7;17,1;56;49;56;;;;
2025/02/22;2200 UTC;0;990,8;990,8;990,1;3,8;25,7;18,5;27,2;25,7;18,6;17,5;64;56;64;;;;
2025/02/22;2300 UTC;0;991,6;991,6;990,8;;24,6;18,6;25,7;24,6;18,7;18,3;69;64;69;;;;
2025/02/23;0000 UTC;0;992;992;991,6;;23,6;18,6;24,6;23,6;18,7;18,5;74;69;74;;;;
2025/02/23;0100 UTC;0;992,5;992,5;992;;22,9;18,7;23,5;22,8;18,7;18,5;77;74;77;;;;
2025/02/23;0200 UTC;0;992,5;992,7;992,5;;22,4;18,7;22,9;22,4;18,9;18,6;80;77;80;;;;
2025/02/23;0300 UTC;0;992,1;992,5;992,1;;22,3;18,9;22,4;22,2;19;18,7;81;80;81;;;;
2025/02/23;0400 UTC;0;991,6;992,1;991,6;;22,5;19,2;22,6;22,3;19,3;18,8;81;81;81;;;;
2025/02/23;0500 UTC;0;991,2;991,6;991,2;;22,5;19,3;22,6;22,3;19,3;19;82;81;82;;;;
2025/02/23;0600 UTC;0;990,9;991,2;990,8;;22,4;19,4;22,5;22,2;19,4;19;83;82;83;;;;
2025/02/23;0700 UTC;0;991,1;991,1;990,9;;21,5;18,6;22,5;21,5;19,5;18,6;84;83;84;;;;
2025/02/23;0800 UTC;0;991,1;991,2;991;;22,4;19,5;22,5;21,5;19,6;18,6;84;84;84;;;;
2025/02/23;0900 UTC;0;991,4;991,4;991,1;28;22,4;19,6;22,4;22;19,6;19,2;84;84;84;;;;
2025/02/23;1000 UTC;0;992,1;992,1;991,4;341,6;23,6;20,7;23,7;22,4;20,8;19,6;84;84;84;;;;
2025/02/23;1100 UTC;0;992,8;992,9;992,1;1060,3;25,7;22,2;26,1;23,5;22,9;20,6;84;81;81;;;;
2025/02/23;1200 UTC;0;993,1;993,2;992,8;2049,2;28;22,9;28,1;25,7;23,1;21,9;81;74;74;;;;
2025/02/23;1300 UTC;0;993,2;993,2;993,1;2275,6;29,1;21,4;29,9;27;23,4;21,4;74;63;63;;;;
2025/02/23;1400 UTC;0;992,7;993,2;992,7;3295;30;20,2;30,9;28,8;22,4;20;65;56;56;;;;
2025/02/23;1500 UTC;0;991,9;992,7;991,9;2893;31,6;18,5;33,4;29,6;21,1;17,9;56;46;46;;;;
2025/02/23;1600 UTC;0;990,9;991,9;990,9;3216,3;34,6;18,4;34,6;30,9;19,2;15,9;46;38;38;;;;
2025/02/23;1700 UTC;0;990,1;990,9;990,1;2321,8;33,7;16,9;34,7;30,9;18,7;16,1;44;37;37;;;;
2025/02/23;1800 UTC;,2;989,6;990,1;989,5;2471;32,7;16,6;34,4;31,4;17,5;15,4;39;36;38;;;;
2025/02/23;1900 UTC;0;989,1;989,6;989,1;2301,9;31,8;17,7;33,2;31,2;17,8;16,2;43;38;43;;;;
2025/02/23;2000 UTC;0;989,6;989,7;989,1;1330;29,5;17,9;31,8;29,5;18,3;17,1;50;43;50;;;;
2025/02/23;2100 UTC;0;989,8;989,8;989,6;369,9;27,4;18;29,5;27,4;18,2;17,7;56;50;56;;;;
2025/02/23;2200 UTC;0;990,2;990,2;989,8;3,5;25,9;18,2;27,4;25,9;18,2;17,8;62;56;62;;;;
2025/02/23;2300 UTC;0;991,1;991,1;990,2;;25,1;19,3;25,9;25,1;19,3;18,1;70;62;70;;;;
2025/02/24;0000 UTC;0;991,7;991,7;991,1;;24,2;19,5;25,1;24,1;19,5;19,3;75;70;75;;;;
2025/02/24;0100 UTC;0;991,7;991,8;991,6;;24,3;20,2;24,5;24,1;20,2;19,5;78;75;78;;;;
2025/02/24;0200 UTC;0;991,7;991,8;991,7;;24,5;20,4;24,5;24,3;20,4;20,2;78;78;78;;;;
2025/02/24;0300 UTC;0;991,3;991,7;991,3;;23,4;19,9;24,5;23,4;20,4;19,9;80;78;80;;;;
2025/02/24;0400 UTC;0;990,9;991,3;990,9;0;23,5;20,2;23,5;23,4;20,2;19,9;82;80;82;;;;
2025/02/24;0500 UTC;,2;990,6;990,9;990,5;;23,1;20,1;23,5;23,1;20,3;20,1;83;82;83;;;;
2025/02/24;0600 UTC;0;990,3;990,6;990,3;;23,4;20,5;23,4;23,1;20,5;20,1;84;83;84;;;;
2025/02/24;0700 UTC;0;990,6;990,6;990,3;;23,3;20,5;23,4;23,2;20,6;20,4;85;84;85;;;;
2025/02/24;0800 UTC;0;991;991;990,6;;23,3;20,6;23,3;23,2;20,7;20,4;85;84;85;;;;
2025/02/24;0900 UTC;0;991,4;991,4;991;21,6;23,3;20,8;23,4;23,2;20,8;20,6;86;85;86;;;;
2025/02/24;1000 UTC;0;992,1;992,1;991,4;206,8;23,5;21;23,6;23,2;21,1;20,7;86;86;86;;;;
2025/02/24;1100 UTC;0;992,6;992,6;992,1;1006,7;26,7;23;26,8;23,5;23,4;21,1;86;80;80;;;;
2025/02/24;1200 UTC;0;992,9;993;992,5;1187;27,1;23;27,4;26,1;23,5;22,4;81;78;78;;;;
2025/02/24;1300 UTC;0;992,7;993;992,7;2049;29,5;24;29,7;26,6;24,3;22,4;80;72;72;;;;
2025/02/24;1400 UTC;0;992,5;992,7;992,4;1942,6;30;22,3;31,8;28,9;25,3;22,3;72;64;64;;;;
2025/02/24;1500 UTC;0;991,9;992,5;991,8;2782,3;31,3;22;32,6;29,3;23,7;21,4;65;58;58;;;;
2025/02/24;1600 UTC;,8;991,4;992,6;991,4;890,2;24,4;19,6;31,2;23,1;21,2;17,9;76;58;74;;;;
2025/02/24;1700 UTC;0;990,8;991,4;990,8;1608,4;28,9;23,1;29,3;24,4;23,9;19,7;75;70;71;;;;
2025/02/24;1800 UTC;0;990,4;990,8;990,4;1315,8;29,2;21,5;29,2;28,6;23,2;21,1;71;63;63;;;;
2025/02/24;1900 UTC;0;990,3;990,4;990,3;968,1;29,4;21,1;29,8;29;21,8;21;63;61;61;;;;
2025/02/24;2000 UTC;0;990,2;990,3;990,1;766,5;28,8;20,4;29,4;28,8;21,2;20,4;62;60;61;;;;
2025/02/24;2100 UTC;0;991;991;990,2;268,2;26,8;19,8;28,8;26,8;20,4;19,8;66;61;66;;;;
2025/02/24;2200 UTC;0;991,7;991,7;991;2,6;25,6;19,9;26,8;25,6;20;19,7;71;66;71;;;;
2025/02/24;2300 UTC;0;992,4;992,4;991,6;;24,8;20,1;25,6;24,8;20,2;19,8;75;71;75;;;;
2025/02/25;0000 UTC;0;993,1;993,1;992,4;;24,3;20,3;24,8;24,2;20,4;20,1;79;75;79;;;;
2025/02/25;0100 UTC;0;993,5;993,5;993,1;;23,9;20,4;24,3;23,9;20,5;20,2;81;79;81;;;;
2025/02/25;0200 UTC;0;993,6;993,7;993,4;;23,7;20,5;24;23,7;20,7;20,4;82;81;82;;;;
2025/02/25;0300 UTC;0;993,1;993,6;993,1;;23,4;20,4;23,7;23,3;20,6;20,3;83;82;83;;;;
2025/02/25;0400 UTC;0;992,7;993,1;992,7;;23,1;20,3;23,4;22,9;20,5;20,1;84;83;84;;;;
2025/02/25;0500 UTC;0;992,1;992,7;992,1;;22,8;20,1;23,1;22,8;20,3;20;85;84;85;;;;
2025/02/25;0600 UTC;0;991,8;992,1;991,7;;22,6;20;22,9;22,6;20,2;20;85;85;85;;;;
2025/02/25;0700 UTC;0;992,3;992,3;991,8;;22,9;20,4;23;22,6;20,4;20,1;86;85;86;;;;
2025/02/25;0800 UTC;0;992,5;992,5;992,3;;22,8;20,3;23;22,8;20,5;20,3;86;86;86;;;;
2025/02/25;0900 UTC;0;993,1;993,1;992,5;20,4;22,4;20;22,8;22,4;20,3;19,9;86;86;86;;;;
2025/02/25;1000 UTC;0;993,9;993,9;993,1;488,1;23,1;20,6;23,3;22,4;20,8;19,9;86;86;86;;;;
2025/02/25;1100 UTC;0;994,3;994,3;993,9;1422,9;26,8;23,1;26,8;23;23,2;20,4;86;80;80;;;;
2025/02/25;1200 UTC;0;994,5;994,5;994,2;1964,2;28,1;22,5;28,4;25,9;23,2;21,9;80;72;72;;;;
2025/02/25;1300 UTC;0;994,3;994,5;994,3;3004,5;30,4;22;30,8;27,9;23,1;21,5;72;61;61;;;;
2025/02/25;1400 UTC;0;993,7;994,4;993,7;3693,6;31,7;20,2;31,9;29,9;22,7;19;62;48;51;;;;
2025/02/25;1500 UTC;0;992,9;993,7;992,9;3450,9;32,3;19,2;32,7;30,2;20,5;18,5;52;45;46;;;;
2025/02/25;1600 UTC;0;992;992,9;992;3319,4;33,3;18,3;33,7;30,9;19,6;17,3;46;41;41;;;;
2025/02/25;1700 UTC;0;991,5;992,1;991,5;2687,1;31,7;17,4;34,7;30,9;19;16,7;44;38;43;;;;
2025/02/25;1800 UTC;,8;991,1;991,5;991,1;1727,2;30;20,4;32,6;26,3;20,9;15,4;60;43;56;;;;
2025/02/25;1900 UTC;0;990,9;991,1;990,9;1611,6;30,2;19,4;30,7;28,8;20;17,9;56;50;52;;;;
2025/02/25;2000 UTC;0;991,5;991,5;990,9;1064,4;29,1;18,6;30,3;28,6;19,2;17,9;54;50;53;;;;
2025/02/25;2100 UTC;,2;992;992;991,5;335,9;25,9;17,9;29,1;25,9;18,8;17,9;61;53;61;;;;
2025/02/25;2200 UTC;0;992,4;992,4;992;2,9;24,5;18,5;25,9;24,5;18,5;17,9;69;61;69;;;;
2025/02/25;2300 UTC;0;992,9;992,9;992,4;;23,8;19;24,5;23,8;19;18,5;74;69;74;;;;
2025/02/26;0000 UTC;0;993,4;993,4;992,9;;23,3;19,3;23,9;23,3;19,3;18,9;78;74;78;;;;
2025/02/26;0100 UTC;0;993,8;993,9;993,4;;22,6;19,1;23,3;22,5;19,3;18,9;81;78;81;;;;
2025/02/26;0200 UTC;0;993,5;993,8;993,5;;22,1;18,8;22,7;22,1;19,2;18,8;82;81;82;;;;
2025/02/26;0300 UTC;0;993,1;993,5;993,1;;22,4;19,2;22,5;22,1;19,3;18,8;82;82;82;;;;
2025/02/26;0400 UTC;0;992,9;993,2;992,9;;22,4;19,3;22,6;22,3;19,4;19,2;83;82;83;;;;
2025/02/26;0500 UTC;0;992,3;992,9;992,3;;22,4;19,5;22,5;21,9;19,5;18,9;84;83;84;;;;
2025/02/26;0600 UTC;0;991,9;992,3;991,9;;22,6;19,8;22,6;22,4;19,8;19,5;84;84;84;;;;
2025/02/26;0700 UTC;,2;992,1;992,1;991,9;;22,7;19,9;22,8;22,5;20;19,8;85;84;85;;;;
2025/02/26;0800 UTC;0;992,6;992,6;992,1;;22,4;19,8;22,7;22,3;20;19,7;85;85;85;;;;
2025/02/26;0900 UTC;0;993;993;992,5;19,9;22,1;19,6;22,4;22;19,8;19,4;86;85;86;;;;
2025/02/26;1000 UTC;0;993,8;993,8;993;260,3;22,6;20;22,6;22;20;19,5;86;85;85;;;;
2025/02/26;1100 UTC;0;994,3;994,3;993,8;922,9;24,9;21,8;24,9;22,5;21,8;19,8;85;83;83;;;;
2025/02/26;1200 UTC;0;994,3;994,4;994,2;1622,5;26,9;22,6;26,9;24,6;22,8;21,3;83;77;77;;;;
2025/02/26;1300 UTC;0;994,5;994,5;994,3;1982,8;27,3;21,8;28,5;26,6;23,2;21,8;78;72;72;;;;
2025/02/26;1400 UTC;0;994;994,5;994;2143,7;28,4;21,2;30,5;27,3;23,7;21,1;72;64;65;;;;
2025/02/26;1500 UTC;0;993,3;994;993,3;2411,9;30,1;20,9;30,7;28,5;22,7;20,7;65;58;58;;;;
2025/02/26;1600 UTC;,2;993;993,3;992,9;1942,1;27,9;20,3;31,6;27,6;22,2;19,3;64;55;64;;;;
2025/02/26;1700 UTC;0;992;993;992;2720,2;31;21,3;31,1;27,1;21,9;19,8;66;56;56;;;;
2025/02/26;1800 UTC;0;991,3;992;991,3;2114,9;29,4;19;31,6;29,4;21,5;18,9;57;52;54;;;;
2025/02/26;1900 UTC;0;991;991,3;991;1113,5;29,6;18,8;30,8;29,3;20,1;18,5;54;51;52;;;;
2025/02/26;2000 UTC;0;991;991;990,8;700,5;28,2;18,4;29,7;28,2;18,9;18,4;55;51;55;;;;
2025/02/26;2100 UTC;0;991,3;991,3;991;224,1;26,5;18,4;28,2;26,5;18,6;18,2;61;55;61;;;;
2025/02/26;2200 UTC;0;991,5;991,5;991,2;,7;24,9;18,4;26,5;24,9;18,4;18,1;67;61;67;;;;
2025/02/26;2300 UTC;0;992;992;991,5;;24;18,9;24,9;24;18,9;18,4;73;67;73;;;;
2025/02/27;0000 UTC;0;992,9;992,9;992;;23,6;19,4;24;23,6;19,4;18,9;77;73;77;;;;
2025/02/27;0100 UTC;0;993;993;992,8;;23,4;19,7;23,7;23,4;19,8;19,4;80;77;80;;;;
2025/02/27;0200 UTC;0;993,3;993,3;993;;23,6;20,1;23,7;23,3;20,1;19,6;81;80;81;;;;
2025/02/27;0300 UTC;0;992,7;993,3;992,7;;23,5;20,2;23,7;23,5;20,2;20,1;82;81;82;;;;
2025/02/27;0400 UTC;0;991,9;992,7;991,9;;23,2;20,1;23,5;23,2;20,2;20,1;83;82;83;;;;
2025/02/27;0500 UTC;0;991,5;991,9;991,5;;22,8;19,8;23,2;22,8;20,1;19,8;83;83;83;;;;
2025/02/27;0600 UTC;0;991,1;991,5;991,1;;22,6;19,8;22,9;22,6;19,9;19,7;84;83;84;;;;
2025/02/27;0700 UTC;0;991;991,2;991;;22,5;19,7;22,7;22,5;19,8;19,7;84;84;84;;;;
2025/02/27;0800 UTC;0;991,3;991,3;991;;22,7;20;22,8;22,5;20,1;19,7;85;84;84;;;;
2025/02/27;0900 UTC;0;991,6;991,8;991,3;7,6;22,9;20,2;22,9;22,6;20,2;19,8;85;84;85;;;;
2025/02/27;1000 UTC;0;992,1;992,1;991,6;244,4;22,9;20,1;23,2;22,8;20,4;20;85;84;84;;;;
2025/02/27;1100 UTC;0;992,7;992,7;992,1;401,6;23,6;20,5;23,8;22,9;20,7;20,1;84;82;83;;;;
2025/02/27;1200 UTC;0;992,9;993;992,7;1284,5;27;22,8;27;23,6;22,8;20,5;83;78;78;;;;
2025/02/27;1300 UTC;0;992,8;992,9;992,8;2423,2;28,5;22,6;28,6;26,7;23,5;22,2;78;70;71;;;;
2025/02/27;1400 UTC;0;992,2;992,8;992,2;2574,5;28,9;21,2;31,1;27,8;23,9;20,6;72;61;63;;;;
2025/02/27;1500 UTC;0;991,5;992,3;991,5;3440,2;30,6;20,6;32;28,7;23;20,4;64;54;55;;;;
2025/02/27;1600 UTC;0;990,7;991,5;990,7;2618,3;30,1;19,8;32,2;29,5;21,5;19;56;51;54;;;;
2025/02/27;1700 UTC;0;990,4;990,7;990,3;2964,2;30,4;20,4;31,9;27,4;21,3;18,3;60;53;55;;;;
2025/02/27;1800 UTC;0;990,1;990,4;990,1;1811,5;29,8;19,5;31,7;28,7;21,1;18,3;55;52;54;;;;
2025/02/27;1900 UTC;0;989,7;990,1;989,7;1500,7;30,6;17,7;31,2;29,5;19,6;17,3;54;46;46;;;;
2025/02/27;2000 UTC;0;990;990;989,7;716,6;28,1;17,5;30,9;28,1;18,1;17;52;46;52;;;;
2025/02/27;2100 UTC;0;990,4;990,4;990;155,4;26,6;17,5;28,1;26,6;17,8;17,4;57;52;57;;;;
2025/02/27;2200 UTC;0;990,7;990,7;990,3;;24,8;17,4;26,6;24,8;17,5;17,3;64;57;64;;;;
2025/02/27;2300 UTC;0;991,4;991,4;990,7;;24,2;18,2;25;24,1;18,2;17,4;69;64;69;;;;
2025/02/28;0000 UTC;0;992;992;991,4;;23,2;18,4;24,2;23,1;18,4;18,2;74;69;74;;;;
2025/02/28;0100 UTC;0;992,6;992,6;991,8;;22,5;18,5;23,2;22,5;18,7;18,3;78;74;78;;;;
2025/02/28;0200 UTC;0;992,5;992,7;992,5;;22,7;18,9;23;22,1;19,2;18,2;79;78;79;;;;
2025/02/28;0300 UTC;0;992,1;992,5;992,1;;22,5;19;22,7;22,4;19;18,7;81;79;81;;;;
2025/02/28;0400 UTC;0;991,7;992,1;991,7;;22,2;18,9;22,5;22,1;19;18,7;81;81;81;;;;
2025/02/28;0500 UTC;0;991,3;991,7;991,3;;21,9;18,7;22,3;21,9;19,1;18,7;82;81;82;;;;
2025/02/28;0600 UTC;0;990,9;991,4;990,9;;22;19;22,1;21,6;19;18,5;83;82;83;;;;
2025/02/28;0700 UTC;0;991;991,1;990,9;;22;19,1;22;21,8;19,1;18,8;84;83;84;;;;
2025/02/28;0800 UTC;,2;991,3;991,4;991;;22,1;19,3;22,2;21,8;19,4;19;84;84;84;;;;
2025/02/28;0900 UTC;0;991,7;991,7;991,3;21,1;21,9;19,2;22,1;21,9;19,3;19,1;85;84;85;;;;
2025/02/28;1000 UTC;0;992,4;992,4;991,7;430;23,1;20,2;23,2;21,9;20,4;19,2;85;84;84;;;;
2025/02/28;1100 UTC;0;993;993;992,4;602,1;23,6;20,6;23,8;23,1;20,9;20,2;84;83;84;;;;
2025/02/28;1200 UTC;0;993,2;993,3;992,9;937,5;25,3;21,8;25,4;23,6;22,1;20,7;84;81;81;;;;
2025/02/28;1300 UTC;0;993;993,3;993;1396,5;27,2;23;27,2;25;23,2;21,6;82;78;78;;;;
2025/02/28;1400 UTC;0;992,9;993,1;992,8;1562,2;26,7;22,1;27,9;24,7;23,7;20,8;80;76;76;;;;
2025/02/28;1500 UTC;0;992,3;992,9;992,2;2921,7;28,9;21,6;29,9;26,7;23,2;21,4;76;64;65;;;;
2025/02/28;1600 UTC;0;991,4;992,3;991,4;2704;29,6;21,6;30,4;26,3;22,9;19,3;66;62;62;;;;
2025/02/28;1700 UTC;,2;991;991,4;991;3511;31,6;21,9;31,6;29,5;22,2;20,6;62;56;57;;;;
2025/02/28;1800 UTC;0;990,6;991;990,5;2392;29,4;18,8;31,6;29;21,5;18,8;57;53;53;;;;
2025/02/28;1900 UTC;0;990,4;990,6;990,4;1558,1;28,8;18,5;30,5;28,7;19,8;17,9;55;52;54;;;;
2025/02/28;2000 UTC;0;990,4;990,4;990,3;606,2;27,4;18,1;28,8;27,4;18,7;18;57;54;57;;;;
2025/02/28;2100 UTC;0;991,2;991,2;990,4;178,4;25,6;18,1;27,4;25,6;18,2;18;63;57;63;;;;
2025/02/28;2200 UTC;0;991,6;991,6;991,2;;24,6;18,5;25,7;24,6;18,5;18,1;69;63;69;;;;
2025/02/28;2300 UTC;0;992,1;992,1;991,6;;23,7;18,7;24,6;23,7;18,7;18,4;74;69;74;;;;
2025/03/01;0000 UTC;0;992,8;992,8;992,1;;22,9;18,6;23,7;22,9;18,8;18,5;77;74;77;;;;
2025/03/01;0100 UTC;0;993;993,1;992,8;;22,9;19;23,2;22,8;19,1;18,6;79;77;79;;;;
2025/03/01;0200 UTC;0;993;993,1;993;;22,4;18,9;23,1;22,3;19,3;18,7;81;79;81;;;;
2025/03/01;0300 UTC;0;992,5;993;992,4;;22,2;18,7;22,5;22,1;18,9;18,7;81;80;81;;;;
2025/03/01;0400 UTC;0;991,8;992,5;991,8;;22,2;18,9;22,3;22;19,1;18,6;82;81;82;;;;
2025/03/01;0500 UTC;0;991,5;991,9;991,5;;22;18,9;22,2;21,8;18,9;18,7;83;82;83;;;;
2025/03/01;0600 UTC;0;991,3;991,5;991,2;;22,1;19,1;22,3;22;19,2;18,9;83;83;83;;;;
2025/03/01;0700 UTC;0;991,4;991,4;991,2;;22,1;19,2;22,1;21,8;19,2;18,8;84;83;84;;;;
2025/03/01;0800 UTC;0;991,7;991,7;991,4;;22,3;19,4;22,3;22,1;19,5;19,2;84;84;84;;;;
2025/03/01;0900 UTC;0;992,1;992,1;991,7;14,5;22,4;19,6;22,4;22,2;19,6;19,4;85;84;85;;;;
2025/03/01;1000 UTC;,2;992,8;992,8;992,1;348,6;23,3;20,5;23,3;22,4;20,6;19,6;85;84;84;;;;
2025/03/01;1100 UTC;0;993,1;993,2;992,8;965,9;24,4;21,2;24,5;23,3;21,4;20,6;85;82;83;;;;
2025/03/01;1200 UTC;0;993,5;993,5;993,1;1326;26,2;22,3;26,6;24,3;22,9;21,2;83;79;80;;;;
2025/03/01;1300 UTC;0;993,1;993,5;993,1;2670,1;28,1;22,5;29,2;25,7;24;21,8;80;71;72;;;;
2025/03/01;1400 UTC;1,4;993,3;993,7;993;1710,1;25,4;21,4;29,8;21,3;24;17;82;70;79;;;;
2025/03/01;1500 UTC;0;992,3;993,3;992,3;3201,8;28,9;23,7;29;25,4;24,3;21,6;80;73;74;;;;
2025/03/01;1600 UTC;0;991,6;992,3;991,5;2936,8;30,1;21,4;30,6;28,9;23,6;21,3;74;60;60;;;;
2025/03/01;1700 UTC;,2;991,3;991,6;991;2510,7;26,8;18,5;31,8;26,8;22,2;18,5;60;55;60;;;;
2025/03/01;1800 UTC;,6;991;991,5;991;1587,1;28,5;20,8;28,5;24,8;21,8;17,9;71;60;63;;;;
2025/03/01;1900 UTC;0;990,8;991,1;990,8;1076,1;28;20,2;29,2;25,9;21,8;19,1;70;61;62;;;;
2025/03/01;2000 UTC;0;991,3;991,3;990,8;525;25,4;19,8;28,1;24,8;20,2;18,3;71;62;71;;;;
2025/03/01;2100 UTC;0;991,6;991,6;991,3;300,7;24,9;20,1;25,6;24,9;20,1;19,8;74;71;74;;;;
2025/03/01;2200 UTC;0;992,1;992,1;991,6;;24;19,7;24,9;23,8;20,1;19,6;77;74;77;;;;
2025/03/01;2300 UTC;0;992,6;992,6;992,1;;23,4;19,5;24;23,4;19,7;19,5;79;77;79;;;;
2025/03/02;0000 UTC;0;993,1;993,1;992,6;;23,3;19,8;23,4;23,1;19,8;19,5;81;79;81;;;;
2025/03/02;0100 UTC;0;993,1;993,2;993,1;;22,6;19,4;23,4;22,6;19,9;19,3;82;81;82;;;;
2025/03/02;0200 UTC;0;992,9;993,2;992,9;;22,6;19,5;22,6;22,4;19,6;19,3;83;82;83;;;;
2025/03/02;0300 UTC;0;992,5;992,9;992,5;;22,3;19,4;22,6;22,2;19,6;19,3;84;83;84;;;;
2025/03/02;0400 UTC;0;991,9;992,5;991,9;;22,4;19,6;22,5;22;19,7;19,2;85;84;85;;;;
2025/03/02;0500 UTC;,2;991,5;991,9;991,5;;22,4;19,7;22,5;22,4;19,8;19,6;85;84;85;;;;
2025/03/02;0600 UTC;0;991,4;991,5;991,3;;22,4;19,9;22,5;22,3;19,9;19,6;85;85;85;;;;
2025/03/02;0700 UTC;1,2;991,6;991,6;991,3;;21,9;19,3;22,4;21,9;19,9;19,3;86;85;85;;;;
2025/03/02;0800 UTC;0;991,8;991,8;991,6;;21,3;18,8;21,9;21,3;19,3;18,8;86;85;86;;;;
2025/03/02;0900 UTC;0;992,2;992,3;991,8;18,9;21,4;18,9;21,4;21,3;18,9;18,8;86;86;86;;;;
2025/03/02;1000 UTC;0;992,8;992,8;992,2;451,8;22,8;20,1;22,9;21,4;20,2;18,9;86;85;85;;;;
2025/03/02;1100 UTC;0;993,5;993,5;992,8;1202,5;24,9;21,7;25;22,8;21,9;20,2;86;82;82;;;;
2025/03/02;1200 UTC;0;993,9;993,9;993,4;1328,8;26,5;22,3;27,2;24,7;23,3;21,5;83;77;78;;;;
2025/03/02;1300 UTC;0;993,6;993,9;993,6;2082,6;27,8;22,1;29,4;26,5;23,8;21,8;78;70;71;;;;
2025/03/02;1400 UTC;0;993,4;993,8;993,4;2479,4;26,5;21,9;27,8;22,8;23,3;18,7;83;71;76;;;;
2025/03/02;1500 UTC;,2;993,2;993,4;992,9;2791,8;25,7;19,2;30,1;25,7;23,9;19,2;77;66;67;;;;
2025/03/02;1600 UTC;4,8;992,6;993,6;992,6;1920,5;26,2;22,2;26,4;22,2;22,4;18;84;67;79;;;;
2025/03/02;1700 UTC;,4;992;992,6;992;2750,4;27,2;22,8;28,7;24,9;23,9;20,3;79;73;77;;;;
2025/03/02;1800 UTC;0;991,4;992;991,3;1478,5;27,7;21,3;28,4;27,2;22,8;21,2;77;68;68;;;;
2025/03/02;1900 UTC;0;991,3;991,7;991,3;688,2;24,3;19,8;27,7;24,1;21,2;19,3;77;68;76;;;;
2025/03/02;2000 UTC;0;991,4;991,4;991,3;662,5;25,4;20,5;25,9;24,2;20,8;19,8;77;73;74;;;;
2025/03/02;2100 UTC;0;991,7;991,7;991,4;172,7;24,6;20;25,4;24,6;20,5;20;76;74;76;;;;
2025/03/02;2200 UTC;0;992,3;992,3;991,7;;23,6;19,5;24,6;23,6;20;19,5;78;76;78;;;;
2025/03/02;2300 UTC;0;992,9;992,9;992,3;;23;19,4;23,6;23;19,5;19,4;80;78;80;;;;
2025/03/03;0000 UTC;0;993,4;993,4;992,9;;22,6;19,2;23;22,6;19,4;19,2;82;80;82;;;;
2025/03/03;0100 UTC;0;993,7;993,7;993,5;;22,5;19,3;22,6;22,4;19,4;19,1;82;82;82;;;;
2025/03/03;0200 UTC;0;993,6;993,7;993,5;;22,3;19,3;22,6;22,3;19,6;19,2;83;82;83;;;;
2025/03/03;0300 UTC;0;993;993,6;993;;22;19,1;22,6;22;19,6;19,1;84;83;84;;;;
2025/03/03;0400 UTC;0;992,7;993;992,7;;22,1;19,2;22,2;22;19,5;19,1;85;84;84;;;;
2025/03/03;0500 UTC;0;992,2;992,7;992,1;;21,8;19;22,1;21,7;19,3;19;85;84;84;;;;
2025/03/03;0600 UTC;0;991,7;992,2;991,7;;21,7;19,1;21,9;21,7;19,2;19;85;84;85;;;;
2025/03/03;0700 UTC;0;991,7;991,7;991,6;;21,6;19;21,7;21,6;19,2;18,9;85;85;85;;;;
2025/03/03;0800 UTC;0;991,9;991,9;991,7;;21,3;18,7;21,6;21,2;19;18,7;86;85;86;;;;
2025/03/03;0900 UTC;0;992,4;992,5;991,8;11,4;20,9;18,4;21,3;20,8;18,8;18,4;86;86;86;;;;
2025/03/03;1000 UTC;0;992,9;992,9;992,4;247,5;21,9;19,4;21,9;20,8;19,4;18,4;86;86;86;;;;
2025/03/03;1100 UTC;0;993,5;993,5;992,9;700,7;23,7;21,1;23,7;21,9;21,1;19,4;86;85;85;;;;
2025/03/03;1200 UTC;0;993,8;993,8;993,5;1934;25,5;22,1;25,6;23,4;22,4;20,6;86;82;82;;;;
2025/03/03;1300 UTC;0;993,6;993,8;993,6;2132,6;27;22,4;27,4;25,2;23;21,6;82;75;76;;;;
2025/03/03;1400 UTC;0;993,2;993,7;993,2;2950,1;27,5;21,7;29,3;27;24,2;21,7;78;70;71;;;;
2025/03/03;1500 UTC;0;992,9;993,2;992,8;2127,6;26,1;20,6;29,8;25,4;23,4;19,9;72;67;72;;;;
2025/03/03;1600 UTC;0;991,7;992,9;991,7;2874,9;29,6;22,5;29,6;25,3;22,9;20,1;75;66;66;;;;
2025/03/03;1700 UTC;0;990,8;991,7;990,8;3050,6;30,6;22,5;31;28,8;23;21,2;66;61;62;;;;
2025/03/03;1800 UTC;0;990,3;990,8;990,2;2207,8;31,2;20,7;31,6;29;22,2;19,1;62;54;54;;;;
2025/03/03;1900 UTC;,2;990,3;990,3;990,1;1761,4;29,4;19;31,8;28,8;21;18,5;54;52;53;;;;
2025/03/03;2000 UTC;0;991;991;990,3;1105,3;27,7;19;29,5;27,2;19,7;18,2;59;53;59;;;;
2025/03/03;2100 UTC;0;991,4;991,4;991;392,6;25,5;18,5;27,8;25,5;19,3;18,5;65;59;65;;;;
2025/03/03;2200 UTC;0;992,1;992,1;991,4;;23,5;17,9;25,5;23,5;18,5;17,8;71;65;71;;;;
2025/03/03;2300 UTC;0;992,9;993;992,1;;23,1;18,6;23,5;22,9;18,6;17,9;75;71;75;;;;
2025/03/04;0000 UTC;0;993,1;993,2;992,9;;22,8;18,9;23,1;22,4;18,9;18,3;79;75;79;;;;
2025/03/04;0100 UTC;0;993;993,3;993;;22,6;19,1;22,9;22,6;19,3;18,9;80;79;80;;;;
2025/03/04;0200 UTC;0;993;993,1;993;;22,6;19,3;22,6;22,3;19,3;18,9;82;80;82;;;;
2025/03/04;0300 UTC;0;992,4;993;992,4;;22,3;19,1;22,6;22,2;19,3;19;82;82;82;;;;
2025/03/04;0400 UTC;,4;991,9;992,5;991,9;;22,1;19,1;22,5;22,1;19,5;19;83;82;83;;;;
2025/03/04;0500 UTC;0;991,4;991,9;991,4;;22,1;19,2;22,3;22;19,3;19;84;83;84;;;;
2025/03/04;0600 UTC;0;991,2;991,5;991,1;;21,8;19;22,1;21,8;19,2;19;84;84;84;;;;
2025/03/04;0700 UTC;0;991,1;991,2;991,1;;21,8;19,1;22;21,8;19,3;19;85;84;85;;;;
2025/03/04;0800 UTC;0;991,4;991,5;991,1;;22;19,3;22;21,8;19,4;19,1;85;85;85;;;;
2025/03/04;0900 UTC;0;992;992;991,4;24,4;22;19,4;22;21,7;19,4;19,1;85;85;85;;;;
2025/03/04;1000 UTC;0;992,3;992,3;991,9;429,3;23;20,2;23,1;22;20,4;19,4;86;84;84;;;;
2025/03/04;1100 UTC;0;992,9;992,9;992,3;1006;24;20,9;24,5;23;21,4;20,3;84;82;83;;;;
2025/03/04;1200 UTC;0;993,5;993,6;992,9;1184,1;26,2;22,4;26,2;24;22,5;20,8;83;80;80;;;;
2025/03/04;1300 UTC;0;993,2;993,5;993,1;2634,1;27,7;22,7;28,2;25,2;23,4;21,1;80;73;74;;;;
2025/03/04;1400 UTC;0;992,5;993,2;992,5;3103,4;28,9;22,2;29,7;27,1;23,3;21,5;74;66;67;;;;
2025/03/04;1500 UTC;0;991,8;992,5;991,8;2809;27,9;20,5;30,4;27,9;22,9;20,5;67;62;64;;;;
2025/03/04;1600 UTC;0;991;991,8;991;3150,9;29,1;20,4;30,9;27,9;22,3;20,1;66;58;59;;;;
2025/03/04;1700 UTC;0;990,1;991;990,1;3151,1;29,8;19,2;31,2;29;21,9;19,2;60;53;53;;;;
2025/03/04;1800 UTC;0;989,9;990,1;989,9;2769,3;30,5;18,4;31,5;29,4;20,6;17,9;55;48;49;;;;
2025/03/04;1900 UTC;0;989,8;989,9;989,8;1942,4;29,4;17,3;30,7;28,4;18,8;16,9;51;48;48;;;;
2025/03/04;2000 UTC;0;990,1;990,1;989,8;1133,9;27,8;17,6;29,8;27,8;18,2;17,3;54;48;54;;;;
2025/03/04;2100 UTC;,4;990,4;990,4;990,1;299,6;25,7;17,2;27,8;25,7;17,9;17,2;60;54;60;;;;
2025/03/04;2200 UTC;0;991;991;990,4;;24,2;17,8;25,8;24,2;17,9;17,3;67;60;67;;;;
2025/03/04;2300 UTC;0;991,7;991,7;991;;23,7;18,5;24,2;23,7;18,5;17,7;73;67;73;;;;
2025/03/05;0000 UTC;0;992;992;991,7;;23,3;18,9;23,8;23,3;18,9;18,5;76;73;76;;;;
2025/03/05;0100 UTC;0;992,3;992,3;992;;23;19,2;23,3;23;19,2;18,9;79;76;79;;;;
2025/03/05;0200 UTC;,2;992,1;992,3;992,1;;22,7;19,2;23;22,7;19,3;19,1;81;79;81;;;;
2025/03/05;0300 UTC;0;992,1;992,1;992;;22,3;19;22,7;22,3;19,3;19;82;81;82;;;;
2025/03/05;0400 UTC;0;992;992,1;991,9;;21,9;18,8;22,3;21,9;19;18,7;82;82;82;;;;
2025/03/05;0500 UTC;0;991,7;992;991,7;;21,7;18,7;22;21,7;18,9;18,6;83;82;83;;;;
2025/03/05;0600 UTC;0;991,2;991,7;991,1;;21,6;18,7;21,8;21,6;18,8;18,6;84;83;84;;;;
2025/03/05;0700 UTC;0;991,3;991,3;991;;21,6;18,8;21,7;21,5;18,8;18,6;84;84;84;;;;
2025/03/05;0800 UTC;0;991,4;991,4;991,2;;21,7;18,9;21,8;21,6;19,1;18,8;85;84;85;;;;
2025/03/05;0900 UTC;0;991,8;991,8;991,4;10,3;21,6;19;21,7;21,4;19;18,7;85;85;85;;;;
2025/03/05;1000 UTC;0;992,5;992,5;991,8;401,5;22,7;19,9;22,7;21,6;20;19;85;84;85;;;;
2025/03/05;1100 UTC;0;993,1;993,1;992,5;975;23,3;20,1;23,9;22,7;20,8;19,8;85;82;82;;;;
2025/03/05;1200 UTC;,4;993,6;993,8;993,1;653,8;22,1;19,4;23,8;21,6;20,9;18,7;85;82;85;;;;
2025/03/05;1300 UTC;0;993,5;993,7;993,5;1449,6;23,6;20,7;25,4;22,2;22,4;19,9;85;81;84;;;;
2025/03/05;1400 UTC;0;993,7;993,8;993,3;1063,2;21,9;19;24,9;21,8;21,8;18,8;84;80;84;;;;
2025/03/05;1500 UTC;0;992,7;993,8;992,7;2710,7;26,8;22,3;27,7;21,8;23,8;18,9;84;76;76;;;;
2025/03/05;1600 UTC;,2;992,4;992,9;992,4;2489,8;25,2;20,8;27,4;23,5;23;19,4;80;74;77;;;;
2025/03/05;1700 UTC;0;991,5;992,4;991,5;1852,8;26,9;22;26,9;24;22,2;20,1;80;75;75;;;;
2025/03/05;1800 UTC;0;991;991,5;991;2138,6;26,9;21,3;28,7;26,9;23,1;21,3;75;69;71;;;;
2025/03/05;1900 UTC;0;991,2;991,5;991;634,7;24,8;20,4;26,9;22,1;21,2;17,9;79;70;77;;;;
2025/03/05;2000 UTC;0;991,1;991,2;991,1;1146,2;26,6;20,5;26,8;24,8;21,6;20,3;77;69;69;;;;
2025/03/05;2100 UTC;0;991,3;991,3;991;344;24,8;19,1;26,6;24,8;20,6;19,1;72;68;71;;;;
2025/03/05;2200 UTC;0;992;992;991,3;;23,2;18,5;24,9;23,1;19,2;18,5;75;71;75;;;;
2025/03/05;2300 UTC;0;992,8;992,8;992;;22,7;18,6;23,3;22,7;18,8;18,6;78;75;78;;;;
2025/03/06;0000 UTC;0;993,3;993,3;992,8;;22;18,5;22,7;22;18,6;18,4;80;78;80;;;;
2025/03/06;0100 UTC;0;993,3;993,5;993,3;;21,7;18,4;22,2;21,6;18,7;18,2;82;80;82;;;;
2025/03/06;0200 UTC;0;993,2;993,3;993,2;;21,2;18,2;21,8;21,2;18,7;18,1;83;82;83;;;;
2025/03/06;0300 UTC;0;993,1;993,3;993,1;;21,7;18,7;21,8;21,2;18,9;18,2;83;83;83;;;;
2025/03/06;0400 UTC;0;992,6;993,1;992,6;;21,3;18,5;21,7;21,2;18,7;18,4;84;83;84;;;;
2025/03/06;0500 UTC;0;992,3;992,6;992,2;;21;18,2;21,4;21;18,6;18,1;84;84;84;;;;
2025/03/06;0600 UTC;0;992;992,3;991,9;;20,9;18,2;21,1;20,9;18,3;18,1;85;84;84;;;;
2025/03/06;0700 UTC;0;992,1;992,1;992;;20,7;18,1;21;20,7;18,4;18;85;84;85;;;;
2025/03/06;0800 UTC;0;992,5;992,5;992,1;;20,4;17,9;20,7;20,2;18,1;17,6;85;85;85;;;;
2025/03/06;0900 UTC;0;992,8;992,8;992,4;11,3;20,5;18;20,5;20,2;18;17,7;86;85;86;;;;
2025/03/06;1000 UTC;0;993,7;993,7;992,8;405,1;21,7;19,2;21,8;20,5;19,2;18;86;85;85;;;;
2025/03/06;1100 UTC;0;994,3;994,3;993,7;1357,8;23,8;20,6;23,8;21,6;20,7;18,9;86;82;82;;;;
2025/03/06;1200 UTC;0;994,4;994,4;994,3;2055,4;25,6;21,9;25,8;23,7;22;20,4;83;79;80;;;;
2025/03/06;1300 UTC;0;994,2;994,4;994,2;2432,9;28,1;22,4;28,6;25,6;23,4;21,7;80;71;71;;;;
2025/03/06;1400 UTC;0;993,8;994,2;993,8;3055;29;22,6;29;27,1;23;20,9;72;67;68;;;;
2025/03/06;1500 UTC;0;993,6;993,8;993,6;2209,3;29,2;21,9;29,6;27,6;22,9;20,1;68;61;65;;;;
2025/03/06;1600 UTC;0;993,4;993,6;993,1;1357,1;26,5;20,1;30,2;25,8;22,5;19,2;68;61;68;;;;
2025/03/06;1700 UTC;0;992,6;993,4;992,6;1461,2;27,6;19,9;28,8;25,8;21,8;18,8;68;63;63;;;;
2025/03/06;1800 UTC;0;992,4;992,6;992,3;1433,4;29,9;20,1;30,1;27,6;20,6;18,7;63;55;56;;;;
2025/03/06;1900 UTC;0;992,4;992,4;992,3;1182,4;27,6;18,3;29,8;27,6;19,9;18,3;57;55;57;;;;
2025/03/06;2000 UTC;0;992,7;992,7;992,4;1102,5;28,3;16,9;29,2;27,6;19;16,9;57;50;50;;;;
2025/03/06;2100 UTC;0;993,2;993,2;992,7;259,1;25,5;17;28,3;25,5;17,1;16,5;59;50;59;;;;
2025/03/06;2200 UTC;0;993,9;993,9;993,2;;24;17,4;25,6;24;17,4;16,8;66;59;66;;;;
2025/03/06;2300 UTC;0;994,4;994,4;993,9;;23,3;17,8;24;23,3;18,1;17,3;71;66;71;;;;
2025/03/07;0000 UTC;0;994,7;994,7;994,4;;23,2;18,4;23,3;22,8;18,4;17,7;75;71;74;;;;
2025/03/07;0100 UTC;0;994,9;994,9;994,7;;22,7;18,2;23,2;22,7;18,4;18,2;76;74;76;;;;
2025/03/07;0200 UTC;0;994,5;994,9;994,5;;21,9;17,9;22,8;21,9;18,3;17,9;78;76;78;;;;
2025/03/07;0300 UTC;0;993,9;994,5;993,9;;21,7;18;22,1;21,6;18,2;17,9;80;78;80;;;;
2025/03/07;0400 UTC;0;993,6;993,9;993,6;;21,6;18,2;21,7;21,5;18,3;18;81;80;81;;;;
2025/03/07;0500 UTC;0;993,2;993,6;993,2;;21,2;18,1;21,6;21;18,2;17,7;82;81;82;;;;
2025/03/07;0600 UTC;0;993,2;993,3;993,2;;21,3;18,3;21,3;20,7;18,3;17,6;83;82;83;;;;
2025/03/07;0700 UTC;0;993,3;993,5;993,2;;20,9;17,9;21,4;20,9;18,3;17,9;83;83;83;;;;
2025/03/07;0800 UTC;0;993,5;993,5;993,3;;20,5;17,7;20,9;20,5;18;17,6;84;83;84;;;;
2025/03/07;0900 UTC;0;994;994;993,4;11,5;20,3;17,6;20,7;19,9;17,9;17,1;85;84;84;;;;
2025/03/07;1000 UTC;0;994,4;994,4;994;381,5;22,3;19,3;22,3;20,2;19,3;17,5;85;83;83;;;;
2025/03/07;1100 UTC;0;994,7;994,7;994,4;1323,3;24,6;21;24,6;22,3;21,1;19,3;83;80;81;;;;
2025/03/07;1200 UTC;0;994,8;994,9;994,7;1562,4;26,4;22;26,4;24,4;22,1;20,7;81;76;77;;;;
2025/03/07;1300 UTC;0;994,5;994,8;994,5;2750,9;28,5;21,4;29,3;26,4;23,2;21;77;66;66;;;;
2025/03/07;1400 UTC;0;994,4;994,5;994,3;2490,7;28,5;20,4;29,3;27,8;21,8;20,1;67;60;61;;;;
2025/03/07;1500 UTC;,4;994,2;994,6;994,2;1673,9;26,5;21,5;28,5;23,1;21,5;18,4;77;61;74;;;;
2025/03/07;1600 UTC;0;993,5;994,2;993,5;2630,3;28,3;20,8;28,5;26,5;21,7;20,2;74;64;64;;;;
2025/03/07;1700 UTC;0;992,6;993,5;992,6;2111,2;28,3;18,8;29,3;27,8;21;18,8;64;56;56;;;;
2025/03/07;1800 UTC;,2;992;992,6;992;2035;28,2;19,9;30,3;26,6;20,6;18,3;63;54;61;;;;
2025/03/07;1900 UTC;0;991,7;992;991,7;1444,5;29,3;18,9;29,4;28;20,3;17,8;61;53;53;;;;
2025/03/07;2000 UTC;0;991,9;991,9;991,6;935,6;27,9;17,6;29,3;27,8;18,7;17,1;54;50;53;;;;
2025/03/07;2100 UTC;0;992,3;992,3;991,9;193,6;25,3;16,1;27,9;25,3;17,6;16,1;57;53;57;;;;
2025/03/07;2200 UTC;0;992,7;992,7;992,3;;23,6;15,4;25,3;23,6;16,2;15,4;60;57;60;;;;
2025/03/07;2300 UTC;0;993,3;993,3;992,6;;22;15,9;23,6;22;15,9;15,2;68;60;68;;;;
2025/03/08;0000 UTC;0;993,8;993,8;993,2;;21;16,3;22,1;21;16,6;15,9;75;68;75;;;;
2025/03/08;0100 UTC;0;994,1;994,2;993,8;;21,2;16,9;21,4;20,9;16,9;16,3;76;75;76;;;;
2025/03/08;0200 UTC;0;993,9;994,1;993,9;;21;16,9;21,2;20,8;17;16,6;78;76;78;;;;
2025/03/08;0300 UTC;0;993,1;993,8;993,1;;20,9;17;21,3;20,8;17,3;16,8;79;77;78;;;;
2025/03/08;0400 UTC;0;992,7;993,1;992,7;;20,3;16,8;20,9;20,3;17,1;16,7;80;78;80;;;;
2025/03/08;0500 UTC;0;992,3;992,8;992,2;;20,1;16,8;20,5;20;17;16,6;81;80;81;;;;
2025/03/08;0600 UTC;0;992,1;992,3;992;;20;16,8;20,2;20;17;16,6;82;81;82;;;;
2025/03/08;0700 UTC;0;992,1;992,1;991,9;;19,9;17;20;19,3;17;16,2;83;82;83;;;;
2025/03/08;0800 UTC;0;992,3;992,4;992,1;;20,1;17,3;20,1;19,9;17,3;16,9;84;83;84;;;;
2025/03/08;0900 UTC;0;992,8;992,8;992,3;15,9;20,2;17,4;20,4;20,1;17,7;17,3;84;84;84;;;;
2025/03/08;1000 UTC;0;993;993;992,7;524,7;21,9;19,1;21,9;20,2;19,1;17,5;84;84;84;;;;
2025/03/08;1100 UTC;0;993,4;993,4;993;1352,7;24,6;21,2;24,6;21,8;21,2;18,9;84;81;82;;;;
2025/03/08;1200 UTC;0;993,4;993,6;993,4;2412,4;26,6;22,1;26,6;24,6;22,5;21,1;82;76;76;;;;
2025/03/08;1300 UTC;0;993,1;993,4;993,1;2480,7;28,3;21,7;28,7;26,1;22,6;20,9;76;67;67;;;;
2025/03/08;1400 UTC;,2;993,4;993,6;993;1071,9;23,2;19,3;28,5;23;22;18,9;79;67;79;;;;
2025/03/08;1500 UTC;0;992,7;993,4;992,7;2357,1;27;21,9;27;23,2;22,1;19,3;79;74;74;;;;
2025/03/08;1600 UTC;0;991,7;992,7;991,7;3228,3;28,4;21,8;28,9;26,8;22,8;21,3;74;67;68;;;;
2025/03/08;1700 UTC;0;991,1;991,7;991;2638,9;28,8;20,4;30,1;28,2;22,3;20,4;68;60;60;;;;
2025/03/08;1800 UTC;,2;990,8;991,3;990,8;710,9;24,7;18,8;28,9;23,8;20,5;17,6;70;60;70;;;;
2025/03/08;1900 UTC;0;990,9;990,9;990,8;707,6;25,8;19,8;25,8;24,7;19,8;19;70;69;70;;;;
2025/03/08;2000 UTC;0;990,8;991;990,7;389,6;25,3;19,8;25,8;25,1;19,8;19,3;71;70;71;;;;
2025/03/08;2100 UTC;0;991,2;991,2;990,8;112,4;24,7;19,6;25,4;24,7;19,8;19,5;73;71;73;;;;
2025/03/08;2200 UTC;0;991,7;991,7;991,2;;23,6;19,3;24,7;23,6;19,5;19,2;77;73;77;;;;
2025/03/08;2300 UTC;0;992,4;992,4;991,7;;22,9;19;23,7;22,8;19,4;18,9;79;77;79;;;;
2025/03/09;0000 UTC;0;993;993;992,4;;22,7;19,1;22,9;22,4;19,1;18,7;80;79;80;;;;
2025/03/09;0100 UTC;0;993,1;993,2;993;;21,4;18,1;22,7;21,4;19,1;18,1;82;80;82;;;;
2025/03/09;0200 UTC;0;992,8;993,1;992,8;;21,3;18,3;21,6;21,3;18,4;18,1;83;82;83;;;;
2025/03/09;0300 UTC;0;992,4;992,8;992,3;;21,5;18,5;21,5;21,2;18,6;18,2;83;83;83;;;;
2025/03/09;0400 UTC;0;991,8;992,4;991,8;;21,5;18,5;21,5;21,3;18,6;18,3;84;83;83;;;;
2025/03/09;0500 UTC;0;991,3;991,8;991,3;;21,1;18,3;21,5;20,8;18,5;17,9;84;83;84;;;;
2025/03/09;0600 UTC;0;990,9;991,3;990,9;;20,9;18,2;21,2;20,8;18,4;18,1;84;84;84;;;;
2025/03/09;0700 UTC;0;991;991,1;990,8;;20,2;17,5;20,9;20,1;18,2;17,4;85;84;85;;;;
2025/03/09;0800 UTC;0;991,4;991,4;991;;19,9;17,4;20,3;19,9;17,8;17,3;86;85;85;;;;
2025/03/09;0900 UTC;0;991,7;991,7;991,4;10,5;20;17,5;20,2;20;17,7;17,4;86;85;86;;;;
2025/03/09;1000 UTC;0;992,1;992,2;991,7;394,1;21,4;18,9;21,5;20;19;17,5;86;86;86;;;;
2025/03/09;1100 UTC;0;992,5;992,5;992,1;1376,8;24,5;21,5;24,5;21,4;21,5;19;86;83;83;;;;
2025/03/09;1200 UTC;0;992,4;992,5;992,4;1547,1;25,6;21,8;26,1;24,4;22,6;21,2;84;80;80;;;;
2025/03/09;1300 UTC;0;992,3;992,5;992,3;3001,7;29;23,2;29,3;25,6;23,8;21,9;80;70;71;;;;
2025/03/09;1400 UTC;0;991,6;992,3;991,6;2485,4;28,3;21,7;30;28;24;21,4;71;66;67;;;;
2025/03/09;1500 UTC;0;990,8;991,6;990,8;1949,2;30,4;22,1;30,5;28,2;23,3;21,1;68;61;61;;;;
2025/03/09;1600 UTC;0;989,7;990,8;989,7;2523,4;31,4;20,9;32,3;29;22,6;19,3;62;53;54;;;;
2025/03/09;1700 UTC;0;988,6;989,7;988,6;3352,4;32,3;18,9;32,7;31,3;21,4;18,5;54;45;45;;;;
2025/03/09;1800 UTC;,2;988,2;988,6;988,2;2200,3;29;18,5;32,7;28,7;19,2;17,2;53;41;53;;;;
2025/03/09;1900 UTC;0;988,3;988,4;988,2;1223;29,2;19,4;30,2;28,1;20,1;18,3;59;52;56;;;;
2025/03/09;2000 UTC;0;988,6;988,6;988,3;1031,6;27,3;18,8;29,3;27,3;19,5;18,5;60;55;60;;;;
2025/03/09;2100 UTC;0;988,8;988,8;988,6;325;25,3;18,3;27,4;25,3;19,1;18,3;65;60;65;;;;
2025/03/09;2200 UTC;0;989,2;989,2;988,8;;24,8;19,1;25,3;24,8;19,1;18,3;70;65;70;;;;
2025/03/09;2300 UTC;0;989,8;989,8;989,2;;24,2;19,2;24,8;24,2;19,3;19;74;70;74;;;;
2025/03/10;0000 UTC;0;990,6;990,6;989,8;;23,3;18,9;24,2;23,3;19,2;18,8;76;74;76;;;;
2025/03/10;0100 UTC;0;991;991;990,6;;23;19;23,3;23;19,1;18,8;78;76;78;;;;
2025/03/10;0200 UTC;0;990,9;991,1;990,9;;23;19,2;23,1;22,9;19,2;19;79;78;79;;;;
2025/03/10;0300 UTC;0;990,8;991;990,7;;23,1;19,2;23,3;22,9;19,5;19,1;79;79;79;;;;
2025/03/10;0400 UTC;0;990,3;990,9;990,3;;22,4;18,8;23,1;22,4;19,2;18,8;80;79;80;;;;
2025/03/10;0500 UTC;0;990,1;990,3;990;;22,6;18,9;22,9;22,4;19,3;18,8;80;80;80;;;;
2025/03/10;0600 UTC;0;989,8;990,1;989,7;;22;18,5;22,6;21,9;18,9;18,3;81;80;81;;;;
2025/03/10;0700 UTC;0;989,6;989,8;989,5;;21,9;18,5;22,3;21,7;18,8;18,4;81;80;81;;;;
2025/03/10;0800 UTC;0;989,9;989,9;989,5;;21,8;18,5;22,1;21,7;18,8;18,4;82;81;82;;;;
2025/03/10;0900 UTC;0;990,2;990,2;989,9;14,5;21,5;18,4;21,8;21,1;18,5;17,9;83;81;83;;;;
2025/03/10;1000 UTC;0;990,9;990,9;990,2;483,3;23,8;20,3;23,8;21,5;20,3;18,4;83;80;81;;;;
2025/03/10;1100 UTC;0;991,6;991,6;990,9;1378,3;26,1;21,3;26,1;23,8;21,5;20,3;81;75;75;;;;
2025/03/10;1200 UTC;0;991,5;991,7;991,4;2288,8;28;21,2;28,5;26,1;22;21,1;75;66;67;;;;
2025/03/10;1300 UTC;0;991,2;991,5;991,2;2707,9;27,8;20;29,3;27,6;21,8;19,7;67;61;63;;;;
2025/03/10;1400 UTC;0;990,7;991,2;990,7;3587,8;30,5;20,4;30,9;27,8;21,9;19,9;64;54;55;;;;
2025/03/10;1500 UTC;0;989,9;990,7;989,9;3082,2;31;19,4;31,3;29;20,4;18,6;56;50;50;;;;
2025/03/10;1600 UTC;0;988,9;989,9;988,9;3125,3;32,1;19;32,1;29,9;20,1;18;50;45;46;;;;
2025/03/10;1700 UTC;0;988;988,9;988;3262,6;32;17;32,7;31,1;18,9;16,6;46;40;41;;;;
2025/03/10;1800 UTC;0;987,5;988;987,4;2527,5;32;16,9;32,6;30,9;17,3;15,9;42;39;41;;;;
2025/03/10;1900 UTC;0;987,5;987,5;987,4;1931,9;31,6;16;32,5;31,4;17,6;15,9;42;39;39;;;;
2025/03/10;2000 UTC;0;987,6;987,6;987,4;913,9;30,3;16,7;32,1;30,1;17;15,6;44;39;44;;;;
2025/03/10;2100 UTC;0;987,9;987,9;987,6;208,9;27,9;16,8;30,5;27,9;17,2;16,2;51;44;51;;;;
2025/03/10;2200 UTC;0;988,4;988,5;987,9;;26,1;18,8;27,9;26,1;18,8;16,7;64;51;64;;;;
2025/03/10;2300 UTC;0;989,3;989,3;988,4;;24,7;18,8;26,2;24,7;19;18,8;70;64;70;;;;
2025/03/11;0000 UTC;0;990;990;989,3;;23,7;18,8;24,7;23,7;18,8;18,5;74;70;74;;;;
2025/03/11;0100 UTC;0;990,6;990,6;990;;23,2;18,9;23,8;23,1;19;18,8;77;74;77;;;;
2025/03/11;0200 UTC;0;990,7;990,7;990,6;;23,4;19,1;23,7;23,1;19,2;18,8;77;76;77;;;;
2025/03/11;0300 UTC;0;990,5;990,9;990,5;;23,2;19;23,6;23,2;19,2;19;77;76;77;;;;
2025/03/11;0400 UTC;0;990,3;990,5;990,3;;23,3;19,2;23,4;22,8;19,2;18,8;78;77;78;;;;
2025/03/11;0500 UTC;0;990,4;990,4;990,3;;22,7;18,7;23,4;22,7;19,2;18,7;79;78;79;;;;
2025/03/11;0600 UTC;0;990,3;990,4;990,2;;22,4;18,6;22,7;22,3;18,9;18,6;80;79;79;;;;
2025/03/11;0700 UTC;0;990,7;990,7;990,3;;21,8;18,2;22,4;21,7;18,7;18,1;81;79;80;;;;
2025/03/11;0800 UTC;0;991,1;991,1;990,7;;21,4;18,1;22;21,4;18,6;18,1;82;80;81;;;;
2025/03/11;0900 UTC;0;991,8;991,8;991,1;12,4;21;17,8;21,7;21;18,4;17,8;82;81;82;;;;
2025/03/11;1000 UTC;0;992,4;992,4;991,8;432,5;23,3;19,8;23,3;21;19,8;17,8;82;81;81;;;;
2025/03/11;1100 UTC;0;993,1;993,1;992,4;1305,5;26,1;21,4;26,2;23,3;21,8;19,9;81;76;76;;;;
2025/03/11;1200 UTC;0;993,4;993,4;993,1;2177,7;28,6;21,5;28,6;26;22,3;21,2;77;66;66;;;;
2025/03/11;1300 UTC;0;993;993,4;993;2878,4;30,1;20,9;30,3;28,2;21,6;20,3;66;58;58;;;;
2025/03/11;1400 UTC;0;992,7;993;992,6;3124,5;30,3;19,4;31;29,6;21,3;19,4;58;52;52;;;;
2025/03/11;1500 UTC;0;992,1;992,7;992,1;3240,1;30,7;18,4;32,3;30,1;21,2;18,1;54;47;48;;;;
2025/03/11;1600 UTC;0;991,2;992,1;991,2;2937,4;31,3;17,5;33;30;19,9;17;49;42;44;;;;
2025/03/11;1700 UTC;0;990,3;991,2;990,3;2667,4;33,1;17,3;33,8;31,1;19,1;16,3;45;38;39;;;;
2025/03/11;1800 UTC;0;989,8;990,3;989,8;2322,5;32,6;16,9;33,5;31,2;18,2;15,3;41;37;39;;;;
2025/03/11;1900 UTC;0;989,7;989,8;989,7;1185,9;33,1;18;33,1;31,1;18;16;43;39;41;;;;
2025/03/11;2000 UTC;0;989,8;989,8;989,6;668,2;29,9;17,8;33,2;29,9;18;16,3;48;39;48;;;;
2025/03/11;2100 UTC;0;990,2;990,2;989,8;123,8;27,7;18,9;29,9;27,7;19;17,8;59;48;59;;;;
2025/03/11;2200 UTC;0;990,8;990,8;990,2;;26,9;18,8;27,7;26,9;19,2;18,8;61;59;61;;;;
2025/03/11;2300 UTC;0;991,6;991,6;990,8;;25,3;18,8;26,9;25,3;18,8;18,7;67;61;67;;;;
2025/03/12;0000 UTC;0;992,4;992,4;991,6;;24,4;19,1;25,4;24,3;19,1;18,8;73;67;73;;;;
2025/03/12;0100 UTC;0;992,8;992,8;992,4;;24;19,6;24,4;23,9;19,6;19,2;77;73;77;;;;
2025/03/12;0200 UTC;0;992,6;992,9;992,6;;24,3;20,3;24,5;23,9;20,4;19,6;78;77;78;;;;
2025/03/12;0300 UTC;0;992,7;992,7;992,5;;24,2;20,5;24,5;24,1;20,6;20,2;79;78;79;;;;
2025/03/12;0400 UTC;0;992,3;992,7;992,3;;23,9;20,4;24,3;23,8;20,6;20,3;81;79;81;;;;
2025/03/12;0500 UTC;0;992,2;992,3;992,1;;22,9;19,7;23,9;22,8;20,4;19,6;82;81;82;;;;
2025/03/12;0600 UTC;0;992,1;992,2;992;;22,6;19,6;22,9;22,6;19,8;19,6;83;82;83;;;;
2025/03/12;0700 UTC;0;992,2;992,4;992,1;;22,8;20;22,9;22,6;20;19,6;84;83;84;;;;
2025/03/12;0800 UTC;0;992,3;992,3;992,2;;22,6;19,8;22,9;22,6;20,1;19,8;85;84;84;;;;
2025/03/12;0900 UTC;0;992,9;992,9;992,3;11,1;22,7;20,1;22,8;22,3;20,1;19,6;85;84;85;;;;
2025/03/12;1000 UTC;0;993,4;993,4;992,9;347,9;23,9;21,3;24;22,7;21,4;20,1;85;85;85;;;;
2025/03/12;1100 UTC;0;993,7;993,7;993,5;1311,2;26,8;22,8;26,9;23,6;23;20,9;85;78;79;;;;
2025/03/12;1200 UTC;0;994;994,1;993,7;1517,5;27,7;22,5;28,9;26,8;23,9;22,5;79;72;73;;;;
2025/03/12;1300 UTC;0;994,1;994,2;994;2466,1;30,5;23,4;30,5;27,7;23,9;22,1;74;66;66;;;;
2025/03/12;1400 UTC;0;993,6;994,1;993,6;2903,2;30,4;21,8;31,7;29,4;23,8;21,1;66;58;60;;;;
2025/03/12;1500 UTC;0;992,8;993,6;992,8;3312,9;32,4;21,6;32,6;30,2;22,5;20,5;60;53;53;;;;
2025/03/12;1600 UTC;0;991,7;992,8;991,7;2952,2;32,3;20,2;33,1;30,3;21,7;18,8;55;49;49;;;;
2025/03/12;1700 UTC;0;991;991,7;991;2113,6;31,3;18,6;32,9;30,5;20,9;18,6;50;47;47;;;;
2025/03/12;1800 UTC;0;990,3;991;990,3;2272,4;32,3;18,7;32,8;31;20,3;17,4;49;44;44;;;;
2025/03/12;1900 UTC;0;989,9;990,3;989,9;1528,2;30,9;17;33,1;30,8;19,3;17;47;43;43;;;;
2025/03/12;2000 UTC;0;990;990;989,9;540,1;29,4;17,7;31,6;29,4;18,4;17;49;43;49;;;;
2025/03/12;2100 UTC;0;990,2;990,2;990;98,5;27,7;17,7;29,4;27,7;18;17,7;55;49;55;;;;
2025/03/12;2200 UTC;0;990,9;990,9;990,2;;26,1;17,9;27,6;26,1;17,9;17,7;60;55;60;;;;
2025/03/12;2300 UTC;0;991,7;991,7;990,9;;25;17,7;26,1;24,9;18;17,6;64;60;64;;;;
2025/03/13;0000 UTC;0;992,3;992,3;991,7;;23,8;17,5;25,1;23,8;17,8;17,4;68;64;68;;;;
2025/03/13;0100 UTC;0;992,6;992,6;992,3;;23,4;18,3;23,9;23,4;18,4;17,5;73;68;73;;;;
2025/03/13;0200 UTC;0;992,2;992,6;992,2;;23,7;19,3;23,8;23,4;19,3;18,3;76;73;76;;;;
2025/03/13;0300 UTC;0;991,8;992,2;991,8;;23,3;19,3;23,9;23,3;19,5;19,2;78;76;78;;;;
2025/03/13;0400 UTC;0;991,2;991,8;991,2;;22,5;19;23,3;22,5;19,4;18,9;80;78;80;;;;
2025/03/13;0500 UTC;0;990,9;991,2;990,9;;22,5;19,1;22,9;22,4;19,4;19,1;81;80;81;;;;
2025/03/13;0600 UTC;0;990,4;990,9;990,4;;22,1;18,9;22,5;21,8;19,2;18,7;83;81;82;;;;
2025/03/13;0700 UTC;0;990,6;990,6;990,3;;22;18,9;22,2;21,8;19;18,7;83;82;83;;;;
2025/03/13;0800 UTC;0;991;991,1;990,6;;21,9;18,8;22,2;21,9;19,1;18,8;83;83;83;;;;
2025/03/13;0900 UTC;,2;991,5;991,5;991;15;21,9;19;22;21,6;19;18,7;84;83;84;;;;
2025/03/13;1000 UTC;0;991,9;991,9;991,5;488,3;24,5;20,9;24,5;21,9;21;18,9;84;80;80;;;;
2025/03/13;1100 UTC;0;992,3;992,3;991,9;1318,1;26,4;21,9;26,5;24,4;22,1;20,8;81;76;76;;;;
2025/03/13;1200 UTC;0;992,5;992,5;992,3;2480,1;28,5;21,6;29,1;26,4;22,9;21,5;77;66;66;;;;
2025/03/13;1300 UTC;0;992,5;992,6;992,5;2731,1;29,6;20,7;30,4;27,9;21,9;20,4;66;59;59;;;;
2025/03/13;1400 UTC;0;991,8;992,5;991,8;2338,5;28,9;19,6;30,7;28,4;21,5;19,2;61;55;57;;;;
2025/03/13;1500 UTC;0;990,9;991,8;990,9;2603,8;29,9;18,5;31,9;28,9;21,2;18,5;57;50;50;;;;
2025/03/13;1600 UTC;0;990;990,9;990;2272,4;30,8;18;32,7;29,6;20,2;18;52;46;47;;;;
2025/03/13;1700 UTC;0;989;990;989;2447,5;31,6;17,7;32,7;30,3;19,7;17,2;48;42;43;;;;
2025/03/13;1800 UTC;0;988,4;989;988,4;2837,7;31,9;16,3;33,5;31,3;18,4;16,1;44;38;39;;;;
2025/03/13;1900 UTC;0;988,2;988,4;988,2;1536,4;31,7;16,9;32,6;30,5;17,5;16;43;39;41;;;;
2025/03/13;2000 UTC;0;988,1;988,2;988,1;756,3;30,2;16,7;31,7;29,7;17,3;16,2;45;41;44;;;;
2025/03/13;2100 UTC;0;988,3;988,3;988;216,9;27,6;16,4;30,2;27,6;16,9;16,2;51;44;51;;;;
2025/03/13;2200 UTC;0;989;989;988,3;;26,1;17,6;27,6;25,9;17,6;16,4;59;51;59;;;;
2025/03/13;2300 UTC;0;990;990;989;;24,7;17,4;26,1;24,7;17,6;17,3;64;59;64;;;;
2025/03/14;0000 UTC;0;990,4;990,5;990;;23,7;17,8;24,7;23,7;17,8;17,4;70;64;70;;;;
2025/03/14;0100 UTC;0;990,7;990,7;990,4;;23,3;18,5;23,7;22,9;18,5;17,8;75;70;75;;;;
2025/03/14;0200 UTC;0;990,2;990,7;990,2;;23,5;18,9;23,9;23,3;19,1;18,6;76;74;76;;;;
2025/03/14;0300 UTC;0;989,8;990,2;989,7;;23,5;19,2;23,7;23,4;19,4;18,9;77;76;77;;;;
2025/03/14;0400 UTC;0;989,5;989,8;989,4;;23,1;19,1;23,6;23,1;19,4;19;78;77;78;;;;
2025/03/14;0500 UTC;0;989,1;989,5;989,1;;22,9;19,1;23,1;22,8;19,1;18,9;79;78;79;;;;
2025/03/14;0600 UTC;0;988,9;989,2;988,8;;22,4;18,9;22,8;22,3;19,1;18,7;80;79;80;;;;
2025/03/14;0700 UTC;0;988,7;988,9;988,6;;22,3;18,9;22,5;22,2;19;18,7;81;80;81;;;;
2025/03/14;0800 UTC;0;989,2;989,2;988,7;;21,4;18,1;22,3;21,4;18,8;18,1;82;81;82;;;;
2025/03/14;0900 UTC;0;989,7;989,7;989,2;11,9;21,2;18,2;21,5;21;18,3;17,9;83;82;83;;;;
2025/03/14;1000 UTC;0;990,1;990,1;989,7;448,9;23,6;20,1;23,6;21,2;20,2;18,2;83;81;81;;;;
2025/03/14;1100 UTC;0;990,8;990,8;990,1;1299,1;26,3;21,5;26,4;23,6;21,8;20;81;75;75;;;;
2025/03/14;1200 UTC;0;991;991,1;990,8;2339,9;27,9;21,1;28,2;26,2;22,5;20,6;75;66;67;;;;
2025/03/14;1300 UTC;0;990,9;991;990,8;2789,3;28,4;19,4;29,9;27,6;22,1;19,3;67;58;58;;;;
2025/03/14;1400 UTC;0;990,3;990,9;990,3;2930,8;31;20,1;31;28,2;20,9;18,7;60;52;52;;;;
2025/03/14;1500 UTC;0;989,4;990,3;989,4;3292,2;30,7;18,1;31,7;29,4;20,5;17,5;52;46;47;;;;
2025/03/14;1600 UTC;0;987,9;989,4;987,9;2478,2;30,7;15,9;32,4;30,1;18,8;15,9;47;40;41;;;;
2025/03/14;1700 UTC;0;986,9;987,9;986,9;2954,1;32,4;16,1;33,3;30,5;18,3;14,3;43;35;38;;;;
2025/03/14;1800 UTC;0;986,4;986,9;986,4;2443,4;32,5;14,4;33,6;30,8;16,2;13,2;38;33;34;;;;
2025/03/14;1900 UTC;0;986,1;986,4;986,1;1993,3;32,3;13,3;33,1;32,3;14,7;13,3;34;31;32;;;;
2025/03/14;2000 UTC;0;986,3;986,3;986,1;913;31,2;12,9;32,4;31;13,4;12,2;33;31;33;;;;
2025/03/14;2100 UTC;0;987;987;986,3;217,7;28,1;17,7;31,2;28;17,7;12,7;53;32;53;;;;
2025/03/14;2200 UTC;0;987,5;987,5;987;;26,2;18,5;28,1;26,2;18,5;17,6;63;53;63;;;;
2025/03/14;2300 UTC;0;988,6;988,6;987,5;;24,5;17,9;26,3;24,5;18,6;17,9;67;63;67;;;;
2025/03/15;0000 UTC;0;989,2;989,2;988,6;;23,5;17,6;24,5;23,5;17,9;17,6;70;67;70;;;;
2025/03/15;0100 UTC;0;989,6;989,6;989,2;;23,7;18;24;23,1;18,2;17,5;71;70;71;;;;
2025/03/15;0200 UTC;0;989,7;989,8;989,6;;23,4;18,3;23,8;23,3;18,4;18;73;71;73;;;;
2025/03/15;0300 UTC;0;989,5;989,7;989,5;;23,4;18,8;23,7;23,3;18,9;18,3;75;73;75;;;;
2025/03/15;0400 UTC;0;989,1;989,5;989,1;;23,1;18,7;23,5;22,8;18,9;18,4;77;75;76;;;;
2025/03/15;0500 UTC;0;989,1;989,1;989;;22,8;18,7;23,4;22,7;19;18,5;77;76;77;;;;
2025/03/15;0600 UTC;0;988,6;989,1;988,6;;22,5;18,6;22,8;22,3;18,8;18,4;79;77;79;;;;
2025/03/15;0700 UTC;0;988,5;988,6;988,5;;21,9;18,2;22,6;21,8;18,7;18,1;80;78;79;;;;
2025/03/15;0800 UTC;0;988,9;988,9;988,5;;21,3;17,8;22;21,1;18,3;17,6;81;79;81;;;;
2025/03/15;0900 UTC;0;989,2;989,2;988,9;10,1;20,9;17,7;21,3;20,7;17,8;17,4;82;81;82;;;;
2025/03/15;1000 UTC;0;989,8;989,8;989,2;495,4;22,2;18,8;23,2;20,9;19,6;17,8;82;79;81;;;;
2025/03/15;1100 UTC;0;990,4;990,4;989,8;1358,5;25,4;21,1;25,4;22,2;21,1;18,8;81;77;77;;;;
2025/03/15;1200 UTC;0;990,7;990,7;990,4;2185;27,4;21,3;27,7;25,4;21,8;20,9;77;69;69;;;;
2025/03/15;1300 UTC;0;990,5;990,7;990,5;2953,6;29,7;20,2;30;27,4;22,1;19,6;69;56;57;;;;
2025/03/15;1400 UTC;0;990,1;990,5;990,1;3130,6;29,4;17,6;31,5;29,4;20,5;17,2;57;47;49;;;;
2025/03/15;1500 UTC;0;989,4;990,2;989,4;2572,5;30,6;17,1;31,5;29,3;19,2;17,1;51;44;44;;;;
2025/03/15;1600 UTC;0;988,3;989,4;988,3;2955,2;31,6;15,2;33,3;29,9;17,7;15,2;45;37;37;;;;
2025/03/15;1700 UTC;0;987,5;988,3;987,5;2483,6;32,6;14,2;33,4;30,8;16,7;13,1;38;33;33;;;;
2025/03/15;1800 UTC;0;987,1;987,5;987,1;2348,4;32,8;13,8;33,6;31,2;15;13,1;34;31;32;;;;
2025/03/15;1900 UTC;0;986,9;987,1;986,9;1863,4;32,7;13,7;33,7;32,3;14,4;12,7;32;30;32;;;;
2025/03/15;2000 UTC;0;987,2;987,2;986,9;1044,9;31,5;13,3;32,7;31,5;13,8;13,2;33;31;33;;;;
2025/03/15;2100 UTC;0;987,7;987,7;987,2;165,4;27,9;17,6;31,5;27,9;17,6;13,2;53;33;53;;;;
2025/03/15;2200 UTC;0;988,3;988,3;987,7;;26,2;18,2;27,9;26,2;18,3;17,6;62;53;62;;;;
2025/03/15;2300 UTC;0;989,1;989,1;988,3;;24,9;18,5;26,2;24,9;18,6;18,2;68;62;68;;;;
2025/03/16;0000 UTC;0;990,2;990,2;989,1;;24;18,6;24,9;24;18,7;18,5;72;68;72;;;;
2025/03/16;0100 UTC;0;990,6;990,6;990,2;;23,2;18,6;24;23,2;18,7;18,5;75;72;75;;;;
2025/03/16;0200 UTC;0;990,8;990,8;990,6;;23;19;23,4;22,8;19,2;18,6;78;75;78;;;;
2025/03/16;0300 UTC;0;990,7;990,8;990,7;;23,2;19,3;23,6;22,9;19,5;18,9;79;78;79;;;;
2025/03/16;0400 UTC;0;990,7;990,8;990,7;;22,9;19,3;23,4;22,9;19,7;19,3;80;79;80;;;;
2025/03/16;0500 UTC;0;990,4;990,7;990,4;;22,4;19;22,9;22,3;19,3;18,8;81;80;81;;;;
2025/03/16;0600 UTC;0;990,1;990,4;990,1;;22,3;19;22,4;22,1;19,1;18,8;82;81;82;;;;
2025/03/16;0700 UTC;0;990,4;990,4;990,1;;21,8;18,7;22,3;21,6;19;18,5;83;82;83;;;;
2025/03/16;0800 UTC;0;990,9;990,9;990,4;;21,6;18,8;21,9;21,6;19;18,6;84;83;84;;;;
2025/03/16;0900 UTC;0;991,3;991,3;990,9;8,8;21,7;19;21,7;21,2;19;18,3;84;84;84;;;;
2025/03/16;1000 UTC;0;991,9;991,9;991,3;467,3;23,1;20,2;23,1;21,3;20,2;18,5;84;83;84;;;;
2025/03/16;1100 UTC;0;992,4;992,4;991,9;1153,7;25,9;22;26,2;23,2;22,4;20,3;84;78;79;;;;
2025/03/16;1200 UTC;0;992,8;992,8;992,4;1039,6;27,8;22,8;28,2;25,6;23,4;21,5;79;74;74;;;;
2025/03/16;1300 UTC;0;992,5;992,8;992,5;2320,7;30,3;22,6;31;27,4;23,4;22;74;63;63;;;;
2025/03/16;1400 UTC;0;991,9;992,6;991,9;2676,8;29,9;20,5;31,6;29;23,4;20,5;65;56;57;;;;
2025/03/16;1500 UTC;0;991,2;991,9;991,2;2133,1;30,7;19,9;32,3;29,8;21,6;19,3;58;51;52;;;;
2025/03/16;1600 UTC;0;990,2;991,2;990,2;3362,4;32,8;17,9;33,8;30,8;21,2;17,5;53;41;41;;;;
2025/03/16;1700 UTC;0;989,6;990,2;989,6;2707,7;33,5;16,7;34,4;31,8;18,2;16,3;42;37;37;;;;
2025/03/16;1800 UTC;0;989,2;989,6;989,2;2473,7;33,4;16,3;34,3;31,7;17;14,2;37;33;36;;;;
2025/03/16;1900 UTC;0;989,1;989,2;989,1;1518,3;31,2;15,2;34;31,2;15,9;14,3;39;33;38;;;;
2025/03/16;2000 UTC;0;989;989,1;989;836,1;31,5;16,4;32,4;31;16,5;15,3;40;37;40;;;;
2025/03/16;2100 UTC;0;989,4;989,4;989;251;28,6;18,6;31,5;28,6;18,6;16,4;55;41;55;;;;
2025/03/16;2200 UTC;0;990;990;989,4;;26,8;19,2;28,6;26,8;19,2;18,6;63;55;63;;;;
2025/03/16;2300 UTC;0;990,9;990,9;990;;25,7;19,2;26,8;25,6;19,2;19;68;63;68;;;;
2025/03/17;0000 UTC;0;991,8;991,8;990,9;;24,9;19,5;25,7;24,9;19,5;19,2;72;68;72;;;;
2025/03/17;0100 UTC;0;992,9;992,9;991,8;;24;19,4;24,9;24;19,6;19,4;75;72;75;;;;
2025/03/17;0200 UTC;0;992,9;993;992,9;;23,3;19,2;24;23,3;19,6;19,2;78;75;78;;;;
2025/03/17;0300 UTC;0;992,8;992,9;992,8;;22,8;19,3;23,3;22,7;19,3;19;80;78;80;;;;
2025/03/17;0400 UTC;0;992,2;992,8;992,1;;22,3;19,1;22,9;22,3;19,3;19,1;82;80;82;;;;
2025/03/17;0500 UTC;0;991,9;992,2;991,9;;22,9;19,8;22,9;22,3;19,8;19,1;83;82;83;;;;
2025/03/17;0600 UTC;0;991,8;991,9;991,8;;22,8;19,7;23,2;22,5;20;19,2;83;82;83;;;;
2025/03/17;0700 UTC;0;991,9;992;991,8;;22,2;19,3;22,8;22,1;19,6;19,1;84;83;84;;;;
2025/03/17;0800 UTC;0;992;992;991,8;;21,5;18,7;22,3;21,4;19,5;18,5;85;83;84;;;;
2025/03/17;0900 UTC;0;992,3;992,3;992;13,8;21,2;18,5;22;21,1;19,3;18,4;85;84;85;;;;
2025/03/17;1000 UTC;0;993;993;992,3;463,1;23,2;20,3;23,2;21,1;20,4;18,4;85;84;84;;;;
2025/03/17;1100 UTC;0;993,3;993,4;993;1311,8;26,3;22,6;26,3;23,2;22,6;20,4;84;80;80;;;;
2025/03/17;1200 UTC;0;993,4;993,5;993,3;2232,3;28,8;23,1;29,5;26,1;24;22,2;80;72;72;;;;
2025/03/17;1300 UTC;0;993,2;993,5;993,2;2306,8;30,6;23,1;30,6;28;23,8;21,7;73;64;64;;;;
2025/03/17;1400 UTC;0;992,7;993,2;992,7;2349,7;31,5;22,7;31,5;29;23,1;20,6;64;59;60;;;;
2025/03/17;1500 UTC;0;991,8;992,7;991,8;2644,3;31,6;21;32,2;30,3;22,4;19,5;60;52;54;;;;
2025/03/17;1600 UTC;0;990,7;991,8;990,7;2648,8;31,9;18,8;33,2;31,4;21,1;18,6;53;45;46;;;;
2025/03/17;1700 UTC;0;990,2;990,7;990,2;1091,7;30;18,1;32,2;30;19,2;17,9;49;45;49;;;;
2025/03/17;1800 UTC;0;989,9;990,2;989,9;1291,5;31,4;17,8;31,5;30;18,7;17,7;49;44;44;;;;
2025/03/17;1900 UTC;0;989,7;989,9;989,6;996,1;30,8;17,2;31,7;30,7;18,1;16,9;45;43;44;;;;
2025/03/17;2000 UTC;0;989,6;989,8;989,6;373,9;28,5;19,6;30,8;28,5;19,6;17,1;59;44;59;;;;
2025/03/17;2100 UTC;0;990;990;989,6;102,6;27,1;20,3;28,5;27,1;20,3;19,6;66;59;66;;;;
2025/03/17;2200 UTC;0;990,5;990,5;989,9;;26,4;20,3;27,1;26,4;20,4;20,2;69;66;69;;;;
2025/03/17;2300 UTC;0;991,2;991,2;990,5;;25,3;20,1;26,4;25,3;20,3;20,1;73;69;73;;;;
2025/03/18;0000 UTC;0;991,7;991,7;991,2;;24,9;20,3;25,4;24,8;20,3;20;76;73;76;;;;
2025/03/18;0100 UTC;0;992;992,2;991,7;;24,2;20,2;24,9;24,2;20,3;20,1;78;76;78;;;;
2025/03/18;0200 UTC;0;992,1;992,2;992;;24,1;20,5;24,2;24;20,5;20,1;80;78;80;;;;
2025/03/18;0300 UTC;0;991,8;992,2;991,8;;24,3;20,8;24,4;24,1;20,8;20,5;81;80;81;;;;
2025/03/18;0400 UTC;,2;991,3;991,8;991,3;;23,8;20,6;24,3;23,7;20,8;20,4;82;81;82;;;;
2025/03/18;0500 UTC;0;990,7;991,3;990,7;;23,8;20,8;23,8;23,6;20,8;20,4;83;82;83;;;;
2025/03/18;0600 UTC;0;990;990,8;990;;23,8;20,9;23,9;23,8;21;20,8;84;83;84;;;;
2025/03/18;0700 UTC;0;989,8;990;989,8;;23,8;20,9;23,9;23,7;21;20,8;84;84;84;;;;
2025/03/18;0800 UTC;1;990,2;990,2;989,8;,1;23,2;20,4;23,9;23,2;21,1;20,4;85;84;85;;;;
2025/03/18;0900 UTC;0;990,8;990,8;990,2;18,7;22,7;20,2;23,3;21,8;20,6;19;86;83;85;;;;
2025/03/18;1000 UTC;0;991,2;991,2;990,8;287,2;23,2;20,5;23,3;22,7;20,7;20;85;85;85;;;;
2025/03/18;1100 UTC;0;991,8;991,8;991,2;749,2;25,5;22,5;25,5;23,2;22,5;20,6;85;83;84;;;;
2025/03/18;1200 UTC;0;991,9;991,9;991,8;1445,9;26,9;22,6;27,2;25,3;23,3;22,2;84;77;77;;;;
2025/03/18;1300 UTC;0;991,7;992;991,7;1660,8;28,3;22,4;28,9;26,7;23,3;22,3;78;70;70;;;;
2025/03/18;1400 UTC;0;991,3;991,7;991,3;2548;30,3;22,7;30,6;28,3;23,9;21,9;71;64;64;;;;
2025/03/18;1500 UTC;0;990,3;991,3;990,3;2108,3;29,9;21,3;31,3;29,4;23,5;20,9;65;59;60;;;;
2025/03/18;1600 UTC;0;989,2;990,3;989,2;2275,6;31,7;21,8;31,9;29,9;22,5;20,3;61;55;56;;;;
2025/03/18;1700 UTC;0;988,3;989,2;988,3;3501,7;32,6;20;33,2;31,7;21,8;19,8;56;47;47;;;;
2025/03/18;1800 UTC;0;987,7;988,3;987,7;1798,8;31,3;18,4;33,6;31,1;20,5;18,1;48;44;46;;;;
2025/03/18;1900 UTC;0;987,4;987,7;987,4;1782,7;32,3;16,6;33,2;31,3;19,3;16,6;47;39;39;;;;
2025/03/18;2000 UTC;0;987,6;987,6;987,4;860,5;29,4;18,6;32,6;29,4;18,6;16,5;52;39;52;;;;
2025/03/18;2100 UTC;0;988;988;987,6;184,3;27,1;20;29,4;27,1;20,2;18,7;65;52;65;;;;
2025/03/18;2200 UTC;0;988,5;988,5;987,9;;26,1;19;27,1;26,1;20,2;19;69;65;65;;;;
2025/03/18;2300 UTC;0;988,7;988,7;988,4;;25;18,5;26,1;24,9;19;18,4;68;65;68;;;;
2025/03/19;0000 UTC;0;989;989,1;988,7;;23,9;18,5;24,9;23,8;18,5;18,4;72;68;72;;;;
2025/03/19;0100 UTC;0;989,3;989,3;989;;23,6;18,4;24;23,4;18,7;18,3;73;72;73;;;;
2025/03/19;0200 UTC;0;989,2;989,4;989,2;;23,6;18,5;23,8;23,3;18,7;18,2;74;73;73;;;;
2025/03/19;0300 UTC;0;989,3;989,4;989,2;;23,3;18,5;23,6;23,1;18,7;18,2;75;73;74;;;;
2025/03/19;0400 UTC;0;989,1;989,3;989,1;;22,8;18,2;23,3;22,8;18,6;18,2;76;74;76;;;;
2025/03/19;0500 UTC;0;988,7;989,1;988,7;;22,6;18,3;22,9;22,5;18,5;18,2;77;76;77;;;;
2025/03/19;0600 UTC;0;988,6;988,7;988,4;;22,2;18,1;22,8;22;18,5;17,9;78;77;78;;;;
2025/03/19;0700 UTC;0;988,7;988,7;988,4;;21,7;17,8;22,2;21,6;18;17,7;79;78;79;;;;
2025/03/19;0800 UTC;0;988,8;988,8;988,5;;21,1;17,5;21,8;21;18;17,4;80;79;80;;;;
2025/03/19;0900 UTC;0;989,2;989,2;988,8;7,8;21;17,6;21,1;20,8;17,6;17,3;81;80;81;;;;
2025/03/19;1000 UTC;0;989,7;989,8;989,2;430,2;23,8;20;23,8;21;20;17,7;81;79;79;;;;
2025/03/19;1100 UTC;0;990,5;990,5;989,7;1311,8;26,2;21;26,2;23,8;21,1;19,7;79;73;73;;;;
2025/03/19;1200 UTC;0;990,3;990,5;990,3;2167,8;27,8;19,9;28,2;26,2;21,4;19,9;73;62;62;;;;
2025/03/19;1300 UTC;0;990,2;990,4;990,2;2846,6;29,6;19,2;30,4;27,8;20,5;19,1;62;54;54;;;;
2025/03/19;1400 UTC;0;989,5;990,2;989,5;3298;31,2;18,8;31,2;29,6;20,3;18,3;54;47;48;;;;
2025/03/19;1500 UTC;0;988,7;989,5;988,7;3431,6;32,1;17,2;32,9;30,9;19;16,8;48;40;41;;;;
2025/03/19;1600 UTC;0;987,7;988,7;987,7;3368,5;32,8;15,9;33,2;31,8;17,6;15,4;41;36;36;;;;
2025/03/19;1700 UTC;0;986,7;987,7;986,7;3029,7;33,5;15,8;33,6;32,7;16,3;14,9;36;34;35;;;;
2025/03/19;1800 UTC;0;986,3;986,7;986,3;2556,7;33,5;15,9;34,1;32,9;17;15,1;36;33;35;;;;
2025/03/19;1900 UTC;0;986,5;986,5;986,2;1827;33,5;16,1;33,6;33,1;16,5;15,5;36;35;35;;;;
2025/03/19;2000 UTC;0;986,3;986,5;986,3;974,1;32,1;16,1;33,5;32,1;16,2;15,3;38;35;38;;;;
2025/03/19;2100 UTC;0;986,7;986,7;986,3;180,6;29;18,1;32,1;29;18,1;16;52;38;52;;;;
2025/03/19;2200 UTC;0;987,3;987,3;986,7;;27;19,1;29;27;19,2;18,1;62;52;62;;;;
2025/03/19;2300 UTC;0;987,8;987,8;987,2;;25,7;18,6;27;25,7;19,3;18,6;65;62;65;;;;
2025/03/20;0000 UTC;0;988,6;988,6;987,7;;24,8;18,9;25,7;24,8;19;18,6;70;65;70;;;;
2025/03/20;0100 UTC;0;988,7;988,9;988,6;;24,6;19,8;25;24,3;19,8;18,9;75;70;75;;;;
2025/03/20;0200 UTC;0;988,9;989,1;988,7;;24,4;20,1;24,7;24,3;20,2;19,7;77;74;77;;;;
2025/03/20;0300 UTC;0;988,6;988,9;988,6;;24,1;20;24,4;24,1;20,2;20;78;77;78;;;;
2025/03/20;0400 UTC;0;988,4;988,6;988,4;;23,7;19,9;24,3;23,7;20,2;19,9;79;78;79;;;;
2025/03/20;0500 UTC;0;988,4;988,6;988,4;;23,4;19,8;23,7;23,2;20;19,7;81;79;81;;;;
2025/03/20;0600 UTC;0;988,4;988,5;988,2;;22,6;19,4;23,4;22,5;19,9;19,3;82;81;82;;;;
2025/03/20;0700 UTC;0;988,6;988,6;988,2;;22,5;19,4;22,7;22,3;19,5;19,2;83;82;83;;;;
2025/03/20;0800 UTC;0;989,1;989,2;988,6;;22;19,2;22,5;21,9;19,6;18,9;84;83;84;;;;
2025/03/20;0900 UTC;0;990;990;989,1;8,9;22,2;19,4;22,3;22;19,5;19,1;84;84;84;;;;
2025/03/20;1000 UTC;0;990,5;990,5;990;429,1;24,1;21,1;24,2;22,2;21,1;19,4;85;82;83;;;;
2025/03/20;1100 UTC;0;991,2;991,3;990,5;1246,3;25,8;22;26,3;24,1;22,5;21,2;83;79;79;;;;
2025/03/20;1200 UTC;0;991,5;991,5;991,2;1863;27,6;22,9;28,8;25,9;24,1;22,3;80;74;75;;;;
2025/03/20;1300 UTC;0;991;991,5;991;1867,7;28,8;22,8;29,5;27,2;24;22,3;76;70;70;;;;
2025/03/20;1400 UTC;0;990,1;991;990,1;2422;31,7;23,1;31,9;28,8;24,5;21,9;71;59;60;;;;
2025/03/20;1500 UTC;0;989,5;990,1;989,5;1980,9;32,2;21,8;32,6;30,6;23,6;20,9;60;54;54;;;;
2025/03/20;1600 UTC;0;988,9;989,5;988,9;1934,2;31,9;20,4;32,7;31,3;22,2;20,1;54;50;51;;;;
2025/03/20;1700 UTC;0;988,2;988,9;988,2;2459,1;33,7;19,8;33,7;31,7;21,1;18,8;51;44;44;;;;
2025/03/20;1800 UTC;0;987,7;988,3;987,7;1986,9;32,8;17,9;34,1;31,4;20,1;17,8;45;41;41;;;;
2025/03/20;1900 UTC;0;987,7;987,7;987,6;1544,6;31,5;17,6;33,4;31,5;18,5;16,9;44;40;44;;;;
2025/03/20;2000 UTC;0;987,9;987,9;987,6;777,6;30,1;19,6;31,8;30,1;19,6;17,5;53;43;53;;;;
2025/03/20;2100 UTC;0;988,7;988,7;987,9;168,7;28,1;19,8;30,1;28,1;19,9;19,5;61;53;61;;;;
2025/03/20;2200 UTC;0;989,7;989,7;988,7;;26,9;20;28,1;26,8;20;19,8;66;61;66;;;;
2025/03/20;2300 UTC;0;991;991;989,7;;25,9;19,6;26,9;25,9;20;19,5;68;66;68;;;;
2025/03/21;0000 UTC;0;991,9;991,9;991;;25,2;20,2;25,9;25,2;20,2;19,5;74;68;74;;;;
2025/03/21;0100 UTC;0;992,4;992,5;991,9;;24,6;20,2;25,2;24,6;20,4;20,1;77;74;77;;;;
2025/03/21;0200 UTC;0;992,1;992,4;992,1;;23,8;19,9;24,6;23,8;20,2;19,9;79;77;79;;;;
2025/03/21;0300 UTC;0;991,6;992,2;991,6;;23,1;19,7;23,8;23,1;19,9;19,6;81;79;81;;;;
2025/03/21;0400 UTC;0;991,2;991,6;991,2;;23,8;20,5;23,8;23,1;20,6;19,7;82;81;82;;;;
2025/03/21;0500 UTC;0;990,9;991,2;990,9;;23,6;20,5;23,8;23,6;20,7;20,5;83;82;83;;;;
2025/03/21;0600 UTC;0;990,6;990,9;990,6;;23,3;20,4;23,6;23,3;20,6;20,4;84;83;84;;;;
2025/03/21;0700 UTC;0;990,6;990,7;990,5;;22,9;20,1;23,3;22,9;20,5;20,1;84;84;84;;;;
2025/03/21;0800 UTC;0;991,3;991,3;990,5;;22,8;20,1;23;22,8;20,2;20;85;84;85;;;;
2025/03/21;0900 UTC;0;991,8;991,8;991,3;4,4;22,9;20,2;22,9;22,8;20,2;20;85;85;85;;;;
2025/03/21;1000 UTC;0;992,8;992,8;991,8;50,6;22,6;19,9;23;22,6;20,3;19,9;85;85;85;;;;
2025/03/21;1100 UTC;0;993,7;993,7;992,8;146,2;22,3;19,8;22,6;22,1;20;19,5;86;85;86;;;;
2025/03/21;1200 UTC;0;993,9;994;993,7;504,7;22,9;20,3;22,9;22,1;20,3;19,6;86;85;85;;;;
2025/03/21;1300 UTC;0;993,4;993,9;993,4;1112,4;23,9;20,9;24,2;22,4;21,3;19,6;85;83;83;;;;
2025/03/21;1400 UTC;0;993,2;993,5;993,2;1820,2;26,1;22,5;26,2;23,9;22,7;21,1;84;80;81;;;;
2025/03/21;1500 UTC;0;992,3;993,2;992,3;3010,4;28,1;23,4;28,6;26;24,3;22,3;81;75;75;;;;
2025/03/21;1600 UTC;0;991,5;992,3;991,5;2980,8;29,4;23,5;29,6;28;24,4;22,6;76;70;71;;;;
2025/03/21;1700 UTC;0;990,7;991,5;990,7;2300,3;29,1;21,9;30,6;28,8;23,8;21,9;71;65;66;;;;
2025/03/21;1800 UTC;0;990,2;990,7;990,2;1900,4;30;22,5;30,5;28,5;23,5;21,9;68;64;64;;;;
2025/03/21;1900 UTC;0;990,3;990,3;990;1000,5;26,8;21,2;30,6;26,7;23;20,6;72;62;72;;;;
2025/03/21;2000 UTC;0;990,3;990,5;990,3;169,1;26,3;21,6;26,8;25,8;21,6;20,7;76;72;76;;;;
2025/03/21;2100 UTC;0;991;991;990,3;113,7;25,8;20,8;26,5;25,8;21,6;20,8;76;74;74;;;;
2025/03/21;2200 UTC;0;991,7;991,7;991;;24,9;20,2;25,8;24,9;20,8;20,2;75;74;75;;;;
2025/03/21;2300 UTC;0;992,9;992,9;991,7;,9;23,5;19,9;24,9;23,3;20,2;19,4;80;75;80;;;;
2025/03/22;0000 UTC;0;993,4;993,5;992,9;;23,5;20,1;23,5;23,4;20,1;19,8;82;80;82;;;;
2025/03/22;0100 UTC;0;993,7;993,7;993,4;;23,7;20,6;23,8;23,4;20,6;20,1;83;82;83;;;;
2025/03/22;0200 UTC;0;993,4;993,7;993,4;,6;23,8;20,7;23,9;23,7;20,8;20,6;83;83;83;;;;
2025/03/22;0300 UTC;0;993,1;993,4;993,1;1,7;23,7;20,7;23,9;23,7;20,8;20,6;83;83;83;;;;
2025/03/22;0400 UTC;0;992,4;993,1;992,4;,4;23,5;20,5;23,7;23,5;20,6;20,5;83;83;83;;;;
2025/03/22;0500 UTC;0;991,9;992,4;991,9;;23,4;20,5;23,5;23,4;20,6;20,5;84;83;84;;;;
2025/03/22;0600 UTC;0;991,6;991,9;991,6;,1;23,4;20,6;23,4;23,3;20,6;20,5;84;84;84;;;;
2025/03/22;0700 UTC;0;991,6;991,7;991,6;,2;23,2;20,5;23,4;23,2;20,7;20,5;85;84;85;;;;
2025/03/22;0800 UTC;0;991,9;991,9;991,6;;23,3;20,6;23,3;23,1;20,6;20,4;85;85;85;;;;
2025/03/22;0900 UTC;0;992,2;992,3;991,9;11,9;23,1;20,6;23,3;23,1;20,6;20,5;85;85;85;;;;
2025/03/22;1000 UTC;0;992,8;992,8;992,2;207,2;23,4;20,9;23,5;23;20,9;20,5;86;85;85;;;;
2025/03/22;1100 UTC;0;993,3;993,3;992,8;605,3;24,3;21,4;24,6;23,4;21,9;20,8;85;84;84;;;;
2025/03/22;1200 UTC;0;993,5;993,5;993,3;1169,1;26,1;22,8;26,2;23,9;23;21;85;82;82;;;;
2025/03/22;1300 UTC;0;993,3;993,5;993,3;1484;26,1;22,2;26,5;25,6;23;22;82;79;79;;;;
2025/03/22;1400 UTC;0;992,9;993,3;992,9;1620,3;27,2;22,5;28;26,1;23,5;22,4;80;75;75;;;;
2025/03/22;1500 UTC;0;992;992,9;992;1699;28,5;22,9;28,8;27,2;23,5;22,4;76;72;72;;;;
2025/03/22;1600 UTC;0;991,2;992;991,2;1501,2;29,5;23,7;29,5;27,8;23,7;22,2;72;70;71;;;;
2025/03/22;1700 UTC;0;990,1;991,2;990,1;2789,8;29,9;22,6;31;28,3;24,2;22,2;71;65;65;;;;
2025/03/22;1800 UTC;0;989,2;990,1;989,2;2539,8;31,5;23;31,5;29,4;23,5;21,8;66;60;61;;;;
2025/03/22;1900 UTC;0;989,4;989,4;989,2;1189,5;30;21,7;31,6;29,1;23,1;20,8;63;59;61;;;;
2025/03/22;2000 UTC;0;989,5;989,5;989,2;811,7;27,9;20,8;30,1;27,9;21,9;20,8;66;61;65;;;;
2025/03/22;2100 UTC;0;990;990;989,5;79,8;25,5;20;27,9;25,5;20,8;19,7;72;65;72;;;;
2025/03/22;2200 UTC;0;990,6;990,6;990;;24,7;19,9;25,6;24,7;20,2;19,9;75;72;75;;;;
2025/03/22;2300 UTC;0;991,2;991,2;990,6;;24,3;19,9;24,7;24,3;20,1;19,8;77;75;77;;;;
2025/03/23;0000 UTC;0;991,9;991,9;991,2;;23,4;19,6;24,3;23,4;19,9;19,5;79;77;79;;;;
2025/03/23;0100 UTC;0;992,6;992,6;992;;23,6;20,1;23,6;23,2;20,1;19,5;81;79;81;;;;
2025/03/23;0200 UTC;0;992,3;992,6;992,3;;23,1;19,8;23,7;23,1;20,3;19,8;82;81;82;;;;
2025/03/23;0300 UTC;0;991,8;992,3;991,8;;23,1;20;23,3;23;20,1;19,7;83;82;83;;;;
2025/03/23;0400 UTC;0;991,1;991,8;991,1;;22,9;19,9;23,2;22,9;20,1;19,9;83;83;83;;;;
2025/03/23;0500 UTC;0;990,7;991,1;990,7;;22,7;19,8;22,9;22,4;20;19,5;84;83;84;;;;
2025/03/23;0600 UTC;0;990,5;990,7;990,5;;22,3;19,5;22,7;22,3;19,8;19,5;85;84;85;;;;
2025/03/23;0700 UTC;0;990,3;990,5;990,3;;22,1;19,4;22,5;22,1;19,8;19,4;85;85;85;;;;
2025/03/23;0800 UTC;0;990,7;990,7;990,3;;22;19,4;22,2;21,6;19,5;19;85;85;85;;;;
2025/03/23;0900 UTC;0;991,1;991,1;990,6;6,5;21,9;19,3;22,1;21,8;19,5;19,2;86;85;85;;;;
2025/03/23;1000 UTC;0;991,8;991,8;991,1;300,5;22,7;20,2;22,9;21,8;20,4;19,3;86;85;86;;;;
2025/03/23;1100 UTC;0;992,3;992,3;991,8;977,9;24,8;21,8;24,8;22,7;21,8;20,2;86;84;84;;;;
2025/03/23;1200 UTC;0;992,7;992,8;992,3;1343,2;26,4;22,6;27;24,7;23,5;21,6;84;79;80;;;;
2025/03/23;1300 UTC;0;992,4;992,7;992,4;2637,3;28,4;23,2;29;26,2;24,5;22,4;80;74;74;;;;
2025/03/23;1400 UTC;0;992;992,4;992;2015,2;28,6;22,5;29,3;28,3;23,8;22,3;74;69;70;;;;
2025/03/23;1500 UTC;0;991,2;992;991,2;3452;30,8;23;31,9;28,5;24,2;21,5;70;61;63;;;;
2025/03/23;1600 UTC;0;990;991,2;990;2369,5;31,3;21,2;32,5;29,5;23,3;21,1;63;55;55;;;;
2025/03/23;1700 UTC;0;988,9;990;988,9;2930,3;32,9;21;33,1;30,9;22,2;19,9;56;49;49;;;;
2025/03/23;1800 UTC;0;988,1;988,9;988,1;2639,5;32,4;19,5;32,9;31,4;21,1;19,2;51;46;47;;;;
2025/03/23;1900 UTC;0;987,7;988,2;987,7;1602,8;31,8;18,7;32,9;30,7;20,2;18,3;49;45;46;;;;
2025/03/23;2000 UTC;,4;987,8;987,8;987,6;831,2;28,7;19,9;32,2;28,7;20,1;18,6;59;45;59;;;;
2025/03/23;2100 UTC;0;988,5;988,5;987,8;165;26,8;20;28,7;26,8;20,1;19,8;66;59;66;;;;
2025/03/23;2200 UTC;0;988,9;988,9;988,5;;25,2;19,9;26,8;25,2;20;19,7;72;66;72;;;;
2025/03/23;2300 UTC;0;989,7;989,8;988,9;;24,8;20,3;25,2;24,8;20,3;19,9;76;72;76;;;;
2025/03/24;0000 UTC;0;990,4;990,4;989,7;;24;20;24,8;24;20,3;20;78;76;78;;;;
2025/03/24;0100 UTC;0;990,7;990,7;990,4;;23,2;19,7;24;23,2;20;19,7;81;78;81;;;;
2025/03/24;0200 UTC;0;990,7;990,8;990,6;;23,1;19,8;23,3;23;19,9;19,6;82;81;82;;;;
2025/03/24;0300 UTC;0;990,2;990,7;990,2;;22,9;19,8;23,1;22,8;19,9;19,7;83;82;83;;;;
2025/03/24;0400 UTC;0;989,7;990,2;989,7;;23,4;20,3;23,6;22,9;20,5;19,9;83;83;83;;;;
2025/03/24;0500 UTC;0;989,4;989,7;989,4;;22,9;20;23,5;22,9;20,4;20;84;83;83;;;;
2025/03/24;0600 UTC;0;989,1;989,4;989,1;;22,5;19,6;23;22,5;20,1;19,6;84;83;84;;;;
2025/03/24;0700 UTC;0;989,2;989,2;989;;22,2;19,5;22,8;22,2;20;19,4;85;84;84;;;;
2025/03/24;0800 UTC;0;989,5;989,6;989,2;;22,3;19,7;22,3;21,8;19,7;19,1;85;84;85;;;;
2025/03/24;0900 UTC;0;989,9;989,9;989,5;8,3;22,5;19,9;22,5;22,2;19,9;19,5;85;85;85;;;;
2025/03/24;1000 UTC;0;990,7;990,7;989,9;415;24,9;21,7;24,9;22,5;21,7;19,9;85;82;83;;;;
2025/03/24;1100 UTC;0;991,4;991,4;990,7;1291;26,7;22,5;26,8;24,8;22,7;21,5;83;78;78;;;;
2025/03/24;1200 UTC;0;991,2;991,4;991,2;2433,3;28,2;22,1;29,2;26,7;23,6;22,1;78;69;70;;;;
2025/03/24;1300 UTC;0;991;991,3;991;2207;29,6;22,4;30,2;27,5;23,3;21,5;71;64;66;;;;
2025/03/24;1400 UTC;0;990,7;991;990,7;2300,2;29,8;21;31,3;28,5;22,8;21;66;58;59;;;;
2025/03/24;1500 UTC;0;989,9;990,8;989,9;2961,5;32,1;22;32,1;29,6;22,8;20;60;53;55;;;;
2025/03/24;1600 UTC;0;988,7;989,9;988,7;2818,3;32,5;19,8;33,1;30,4;21,2;19,7;55;47;47;;;;
2025/03/24;1700 UTC;0;987,4;988,7;987,4;2610;33,7;19,1;33,8;31,3;20;18,2;49;42;42;;;;
2025/03/24;1800 UTC;0;986,8;987,4;986,8;1445,1;30,6;17,5;33,7;30,6;19,1;17,4;46;42;46;;;;
2025/03/24;1900 UTC;0;986,8;986,9;986,7;1553,5;31,2;18,2;32,7;30,5;19,1;17,6;47;43;46;;;;
2025/03/24;2000 UTC;0;987,2;987,2;986,8;911,1;30,1;18;31,3;30,1;18,5;18;48;46;48;;;;
2025/03/24;2100 UTC;0;988;988;987,2;136,4;27,6;17,8;30,1;27,6;18;17,7;55;48;55;;;;
2025/03/24;2200 UTC;0;989,1;989,1;988;;26,4;17,3;27,6;26,4;17,9;17,1;57;55;57;;;;
2025/03/24;2300 UTC;0;989,5;989,5;989,1;;25,5;17,8;26,5;25,5;17,9;17,3;62;57;62;;;;
2025/03/25;0000 UTC;0;990,1;990,2;989,5;;24,6;18,2;25,6;24,6;18,3;17,8;67;62;67;;;;
2025/03/25;0100 UTC;0;990,3;990,4;990,1;;24,2;18,7;24,7;24,1;18,8;18,2;71;68;71;;;;
2025/03/25;0200 UTC;0;990,2;990,4;990,2;;23,9;18,7;24,3;23,9;18,9;18,5;73;71;73;;;;
2025/03/25;0300 UTC;0;990;990,2;990;;23,7;18,8;24,2;23,7;18,9;18,6;74;72;74;;;;
2025/03/25;0400 UTC;0;989,8;990;989,6;;23,2;18,7;23,8;23;18,9;18,5;76;74;76;;;;
2025/03/25;0500 UTC;0;989,8;989,8;989,7;;22,8;18,6;23,4;22,8;18,9;18,6;77;76;77;;;;
2025/03/25;0600 UTC;0;989,8;989,9;989,7;;22;18,1;22,9;22;18,8;18,1;78;77;78;;;;
2025/03/25;0700 UTC;0;990;990;989,7;;21,6;18;22,2;21,5;18,3;17,9;80;79;80;;;;
2025/03/25;0800 UTC;0;990,3;990,3;990;;22,2;18,6;22,2;21,5;18,6;18;81;80;80;;;;
2025/03/25;0900 UTC;0;991,2;991,2;990,3;5,5;22,1;18,6;22,2;21,8;18,7;18,4;81;80;81;;;;
2025/03/25;1000 UTC;0;991,3;991,4;991,2;426,2;24,7;20,4;24,7;22,1;20,4;18,7;81;77;77;;;;
2025/03/25;1100 UTC;0;992,1;992,1;991,3;1212,8;26,6;20,9;27,2;24,7;22;20,4;77;71;71;;;;
2025/03/25;1200 UTC;0;992,2;992,4;992,1;2123,8;28,8;21,1;29;26,3;21,7;20,4;71;63;63;;;;
2025/03/25;1300 UTC;0;991,9;992,3;991,9;2386,7;29,5;20,2;29,8;27,8;21,4;19,4;64;57;57;;;;
2025/03/25;1400 UTC;0;991,1;991,9;991,1;2976,1;31,6;19,5;31,6;29,5;20,7;18,7;57;49;49;;;;
2025/03/25;1500 UTC;0;989,7;991,1;989,7;3407;31,7;16,7;32,6;30,4;19,7;16,2;49;40;41;;;;
2025/03/25;1600 UTC;0;988,6;989,7;988,6;3303,3;33;15,2;33,5;31,6;17,5;14,9;41;34;34;;;;
2025/03/25;1700 UTC;0;987,6;988,6;987,6;2740,3;33;14,9;34,1;32,4;15,7;14,3;35;32;34;;;;
2025/03/25;1800 UTC;0;987,3;987,7;987,3;2021;33,6;15,7;34,3;32;15,7;14,1;35;32;34;;;;
2025/03/25;1900 UTC;0;987;987,3;986,9;1423;32,1;13,9;33,8;32,1;15,6;13,9;34;32;33;;;;
2025/03/25;2000 UTC;0;987,4;987,4;987;611,6;31,2;13,9;32,3;31,2;14,6;13,9;35;33;35;;;;
2025/03/25;2100 UTC;0;987,6;987,7;987,4;36,7;28,2;15;31,2;28,2;15;13,7;44;35;44;;;;
2025/03/25;2200 UTC;0;988,1;988,1;987,5;;27,5;18,3;28,2;27,4;18,4;15;58;44;58;;;;
2025/03/25;2300 UTC;0;988,7;988,7;988;;26,1;19,2;27,5;26,1;19,2;18,3;66;58;66;;;;
2025/03/26;0000 UTC;0;989,4;989,4;988,7;;25,2;19,4;26,1;25,1;19,4;19,1;70;66;70;;;;
2025/03/26;0100 UTC;0;989,6;989,6;989,3;;25;20;25,2;24,9;20;19,4;74;70;74;;;;
2025/03/26;0200 UTC;0;989,2;989,6;989,2;;24,5;20;25;24,4;20,1;19,9;76;74;76;;;;
2025/03/26;0300 UTC;0;988,9;989,2;988,9;;23,9;19,9;24,5;23,9;20,2;19,9;78;76;78;;;;
2025/03/26;0400 UTC;0;988,8;988,9;988,6;;23,8;20;24,1;23,6;20,2;19,8;80;78;80;;;;
2025/03/26;0500 UTC;0;988,4;988,8;988,4;;23;19,6;23,9;23;20,1;19,5;81;79;81;;;;
2025/03/26;0600 UTC;0;988,4;988,4;988,2;;22,4;19,3;23;22,4;19,5;19,2;82;81;82;;;;
2025/03/26;0700 UTC;0;988,3;988,4;988,1;;22,5;19,5;22,6;22,2;19,6;19,1;83;82;83;;;;
2025/03/26;0800 UTC;0;989;989;988,3;;22,3;19,4;22,6;22,2;19,7;19,3;84;83;84;;;;
2025/03/26;0900 UTC;0;989,8;989,8;989;8,3;22,2;19,4;22,3;22,1;19,5;19,3;84;84;84;;;;
2025/03/26;1000 UTC;0;990,3;990,4;989,8;403,3;24,2;21,1;24,2;22;21,1;19,3;85;83;83;;;;
2025/03/26;1100 UTC;0;990,8;990,8;990,3;1226,3;27;22,8;27;24,2;22,9;21,1;83;78;78;;;;
2025/03/26;1200 UTC;0;991,3;991,3;990,8;1634,8;27,8;22,5;28,5;26,8;23,6;22,2;78;72;73;;;;
2025/03/26;1300 UTC;0;990,8;991,3;990,8;2307,1;29,6;22,7;30,3;27,7;24;21,9;73;66;66;;;;
2025/03/26;1400 UTC;0;990,2;990,8;990,2;2694,9;30;21,6;32,3;29,1;23,8;21,2;67;59;61;;;;
2025/03/26;1500 UTC;0;988,9;990,2;988,9;3009,2;32,3;21,1;33,1;30;23,1;21;61;51;52;;;;
2025/03/26;1600 UTC;0;987,9;988,9;987,9;3264,5;32,5;19;34;32,3;21,8;18,9;52;44;45;;;;
2025/03/26;1700 UTC;0;986,7;987,9;986,7;2574,7;34,3;17,5;34,5;31,9;19,8;17,4;46;37;37;;;;
2025/03/26;1800 UTC;0;986;986,7;986;2275,9;33,6;16,1;34,8;32,7;17,8;15;37;33;35;;;;
2025/03/26;1900 UTC;0;986,2;986,2;986;692,6;30,1;19,3;33,6;30,1;19,3;15,6;53;35;53;;;;
2025/03/26;2000 UTC;0;986,7;986,7;986,2;605,7;28,9;20,2;30,1;28,9;20,6;19,4;59;53;59;;;;
2025/03/26;2100 UTC;0;988;988;986,6;49,8;27,6;20,2;28,9;27,6;20,3;20,1;64;59;64;;;;
2025/03/26;2200 UTC;0;988,7;988,7;988;;26,6;20,3;27,6;26,6;20,3;20,1;69;64;69;;;;
2025/03/26;2300 UTC;0;989,9;989,9;988,7;;25,7;20,1;26,6;25,7;20,5;20,1;71;69;71;;;;
2025/03/27;0000 UTC;0;990,3;990,5;989,9;;25,2;20,1;25,7;25,2;20,2;20;73;71;73;;;;
2025/03/27;0100 UTC;0;990,8;990,8;990,3;;24,2;20;25,2;24,2;20,1;19,9;78;73;78;;;;
2025/03/27;0200 UTC;0;990,4;990,8;990,4;;24,1;20,4;24,3;24;20,4;19,9;80;78;80;;;;
2025/03/27;0300 UTC;0;990,3;990,5;990,3;;23,8;20,4;24,1;23,7;20,5;20,3;82;80;82;;;;
2025/03/27;0400 UTC;0;989,8;990,4;989,8;;23,9;20,7;23,9;23,7;20,7;20,4;82;82;82;;;;
2025/03/27;0500 UTC;0;989;989,8;989;;23,6;20,6;23,9;23,6;20,7;20,5;83;82;83;;;;
2025/03/27;0600 UTC;0;988,8;989;988,7;;23,5;20,6;23,6;23,5;20,7;20,6;84;83;84;;;;
2025/03/27;0700 UTC;0;988,7;988,8;988,7;,2;23,5;20,7;23,7;23,5;20,9;20,6;84;84;84;;;;
2025/03/27;0800 UTC;0;989,2;989,2;988,7;;23,1;20,4;23,5;23,1;20,7;20,4;85;84;85;;;;
2025/03/27;0900 UTC;0;990,1;990,1;989,2;2,3;22,7;20,2;23,1;22,7;20,5;20,2;86;85;86;;;;
2025/03/27;1000 UTC;0;990,7;990,7;990,1;36,9;22,1;19,8;22,8;21,9;20,2;19,4;87;85;86;;;;
2025/03/27;1100 UTC;0;991,2;991,3;990,7;349,2;23,1;20,7;23,1;22,1;20,7;19,7;86;86;86;;;;
2025/03/27;1200 UTC;0;991,4;991,5;991,2;1287,6;25,6;22,2;25,9;23,1;22,7;20,6;86;81;81;;;;
2025/03/27;1300 UTC;0;991,5;991,6;991,4;1351,2;26,4;22,6;26,6;25,4;23,2;22;82;80;80;;;;
2025/03/27;1400 UTC;0;990,7;991,5;990,7;2347,5;28,5;23,7;29,2;26,4;24,6;22,6;81;75;75;;;;
2025/03/27;1500 UTC;0;989,7;990,7;989,7;2586,4;30,4;24,1;30,4;28;24,4;22,7;76;69;69;;;;
2025/03/27;1600 UTC;0;988,4;989,7;988,4;3222,6;30,8;23,4;31,1;29,1;24,8;22,5;70;64;65;;;;
2025/03/27;1700 UTC;0;987,5;988,4;987,5;2367,7;28,2;21,2;31,7;28,2;24,1;21,1;66;60;66;;;;
2025/03/27;1800 UTC;0;987,4;987,5;987,3;766,4;24,2;19,6;28,9;24,2;22,1;19,5;75;66;75;;;;
2025/03/27;1900 UTC;0;987,6;987,7;987,3;629,8;25;21,2;25,4;24,1;21,4;19,7;79;75;79;;;;
2025/03/27;2000 UTC;0;988;988;987,6;334,7;24,5;20,9;25;24,5;21,2;20,7;81;79;80;;;;
2025/03/27;2100 UTC;0;988,3;988,5;988;62,8;24,3;20,7;24,5;24,3;20,9;20,7;81;80;80;;;;
2025/03/27;2200 UTC;0;988,8;988,8;988,3;2;23,7;20,4;24,3;23,6;20,7;20,3;82;80;82;;;;
2025/03/27;2300 UTC;0;989,5;989,5;988,8;;23,5;20,4;23,7;23,4;20,5;20,4;83;82;83;;;;
2025/03/28;0000 UTC;0;990,1;990,2;989,5;;23,4;20,5;23,5;23,3;20,5;20,4;84;83;84;;;;
2025/03/28;0100 UTC;0;990,2;990,4;990,1;,8;23,2;20,4;23,5;23,2;20,6;20,4;84;84;84;;;;
2025/03/28;0200 UTC;0;990,1;990,3;990,1;;23,2;20,4;23,2;23;20,4;20,2;85;84;85;;;;
2025/03/28;0300 UTC;0;989,7;990,2;989,7;1,8;21,5;18,8;23,2;21,5;20,5;18,8;85;83;85;;;;
2025/03/28;0400 UTC;0;989,3;989,7;989,3;;21,8;19,1;21,8;21,3;19,1;18,6;85;84;85;;;;
2025/03/28;0500 UTC;0;989,2;989,3;989,1;;21,9;19,3;22;21,8;19,4;19,1;85;85;85;;;;
2025/03/28;0600 UTC;0;988,8;989,2;988,8;,6;21,5;18,9;21,9;21,5;19,3;18,9;85;85;85;;;;
2025/03/28;0700 UTC;0;988,5;988,8;988,4;;21,3;18,8;21,5;20,9;18,9;18,4;86;85;86;;;;
2025/03/28;0800 UTC;0;988,9;988,9;988,5;;21,5;19;21,5;21,3;19;18,8;86;86;86;;;;
2025/03/28;0900 UTC;0;989;989,1;988,9;6,3;21,6;19,2;21,7;21,5;19,2;19;86;86;86;;;;
2025/03/28;1000 UTC;0;989,7;989,7;989;237,1;22,3;19,8;22,3;21,5;19,9;19;86;86;86;;;;
2025/03/28;1100 UTC;0;990,5;990,5;989,7;729,4;23,8;21;23,9;22,2;21,1;19,7;86;84;84;;;;
2025/03/28;1200 UTC;,2;990,8;990,8;990,5;1786,2;25,9;22,3;25,9;23,8;22,3;20,9;84;80;81;;;;
2025/03/28;1300 UTC;0;990,7;990,8;990,7;1624,5;26,6;22,4;26,9;25,4;23;21,5;81;77;78;;;;
2025/03/28;1400 UTC;0;990,3;990,7;990,3;1839,8;26,6;22;28,3;26,4;23,6;21,8;78;73;76;;;;
2025/03/28;1500 UTC;0;989,2;990,3;989,2;2273,2;28,8;22,3;29,3;26,6;23,4;22,1;76;68;68;;;;
2025/03/28;1600 UTC;0;988,3;989,2;988,3;2490,5;29,9;22,4;30;28,6;22,9;21,6;69;63;64;;;;
2025/03/28;1700 UTC;0;987,4;988,3;987,4;2379,8;30,2;21,7;30,7;28,9;23,2;21,5;66;60;60;;;;
2025/03/28;1800 UTC;0;987;987,4;987;1274,5;28,4;21,7;31,8;27,3;23;20,4;69;58;67;;;;
2025/03/28;1900 UTC;0;987;987;986,8;1634,3;27,6;20,5;29,7;27,6;22,5;20,5;67;64;65;;;;
2025/03/28;2000 UTC;,2;987,1;987,2;987;169,9;25,2;20,3;27,6;25,1;20,5;19,7;75;65;74;;;;
2025/03/28;2100 UTC;0;987,7;987,7;987,1;77,9;24,7;20,1;25,3;24,7;20,3;20,1;76;74;76;;;;
2025/03/28;2200 UTC;0;988,5;988,5;987,7;;24,6;20,3;24,8;24;20,6;19,9;78;76;77;;;;
2025/03/28;2300 UTC;0;989,2;989,2;988,5;;23,4;19,5;24,6;23,3;20,4;19,4;79;77;79;;;;
2025/03/29;0000 UTC;0;989,7;989,7;989,1;;22,9;19,4;23,6;22,9;19,7;19,3;80;79;80;;;;
2025/03/29;0100 UTC;0;990;990,1;989,7;;22,7;19,4;22,9;22,6;19,5;19,1;82;80;82;;;;
2025/03/29;0200 UTC;0;989,9;990,1;989,8;;22,4;19,3;22,7;22,4;19,5;19,2;83;82;83;;;;
2025/03/29;0300 UTC;0;989,4;989,9;989,4;;22,5;19,5;22,5;22,1;19,5;19;83;82;83;;;;
2025/03/29;0400 UTC;0;988,9;989,5;988,9;;22,6;19,7;22,7;22,4;19,7;19,4;84;83;84;;;;
2025/03/29;0500 UTC;0;988,6;989;988,6;;22,9;20;22,9;22,6;20;19,7;84;84;84;;;;
2025/03/29;0600 UTC;0;988,3;988,6;988,3;;22,9;20,2;23;22,7;20,2;19,9;84;84;84;;;;
2025/03/29;0700 UTC;0;988,3;988,4;988,2;;22,7;19,9;23;22,7;20,2;19,9;85;84;85;;;;
2025/03/29;0800 UTC;0;988,4;988,4;988,2;;22,5;19,9;22,7;22,4;19,9;19,7;85;85;85;;;;
2025/03/29;0900 UTC;0;988,8;988,8;988,4;3,4;22,7;20,1;22,7;22,5;20,1;19,8;85;85;85;;;;
2025/03/29;1000 UTC;0;989,7;989,7;988,8;257,8;23,2;20,5;23,2;22,7;20,6;20,1;85;85;85;;;;
2025/03/29;1100 UTC;0;990,4;990,4;989,7;992,5;25;22;25;23,1;22;20,4;85;83;83;;;;
2025/03/29;1200 UTC;0;990,5;990,6;990,4;1443,1;25,8;21,9;26,8;24,4;23,1;21,2;83;79;79;;;;
2025/03/29;1300 UTC;0;990,4;990,6;990,4;1335,8;28,4;23,7;28,4;25,6;23,7;21,7;80;75;76;;;;
2025/03/29;1400 UTC;0;989,7;990,4;989,7;2867,9;29,2;22,4;30,3;27,9;23,9;22,3;76;66;67;;;;
2025/03/29;1500 UTC;0;988,7;989,7;988,7;2659,9;29,5;22,1;30,4;28,8;23;21,6;67;64;64;;;;
2025/03/29;1600 UTC;0;987,9;988,7;987,9;2195,5;30,5;22,3;30,5;29;22,5;21,5;65;61;62;;;;
2025/03/29;1700 UTC;0;986,9;987,9;986,9;2184,8;30,2;20,6;32;30;23,2;20,2;62;55;57;;;;
2025/03/29;1800 UTC;0;986,5;986,9;986,5;1615,7;31;20,3;31,7;30;21,6;20,3;58;53;53;;;;
2025/03/29;1900 UTC;0;986,2;986,5;986,2;1734,1;31,5;19,3;31,7;31;21;19,3;54;48;48;;;;
2025/03/29;2000 UTC;0;986,4;986,4;986,1;968,1;30,2;19,1;31,7;30,2;19,3;18,5;52;46;52;;;;
2025/03/29;2100 UTC;0;987;987;986,4;151;27,5;19,2;30,1;27,5;19,2;18,8;61;52;61;;;;
2025/03/29;2200 UTC;0;987,9;987,9;987;;25,8;20;27,5;25,8;20,1;19,1;71;61;71;;;;
2025/03/29;2300 UTC;0;988,4;988,4;987,9;;24,5;19,4;25,8;24,5;20;19,4;73;71;73;;;;
2025/03/30;0000 UTC;0;989;989;988,4;;23,7;19,2;24,5;23,6;19,5;19,1;76;73;76;;;;
2025/03/30;0100 UTC;0;989,4;989,4;989;;23,1;19,3;23,7;23,1;19,4;19,2;79;76;79;;;;
2025/03/30;0200 UTC;0;989,5;989,5;989,2;;22,7;19,3;23,1;22,7;19,5;19,3;81;79;81;;;;
2025/03/30;0300 UTC;0;989,5;989,6;989,4;;22,5;19,3;22,8;22,4;19,4;19,2;82;81;82;;;;
2025/03/30;0400 UTC;0;989,5;989,6;989,5;;22,5;19,4;22,6;22,4;19,4;19,3;83;82;82;;;;
2025/03/30;0500 UTC;0;989;989,5;989;;22,3;19,4;22,5;22,3;19,4;19,2;83;82;83;;;;
2025/03/30;0600 UTC;0;988,5;989;988,5;;21,5;18,6;22,3;21,5;19,3;18,6;84;83;84;;;;
2025/03/30;0700 UTC;0;988,5;988,6;988,5;;21,6;18,9;21,8;21,4;19;18,5;85;84;84;;;;
2025/03/30;0800 UTC;0;988,7;988,7;988,4;;21,7;19;21,9;21,5;19,3;18,8;85;84;85;;;;
2025/03/30;0900 UTC;0;989,2;989,2;988,7;6,2;21,6;19;21,9;20,9;19,1;18,1;85;84;85;;;;
2025/03/30;1000 UTC;0;989,6;989,6;989,2;421;23,6;20,6;23,6;21,5;20,8;18,9;85;83;83;;;;
2025/03/30;1100 UTC;0;990,2;990,2;989,6;1243,2;26,1;22,2;26,3;23,6;22,6;20,7;84;79;79;;;;
2025/03/30;1200 UTC;0;990,6;990,6;990,2;1522;27,8;22,9;27,8;25,7;23;21,8;80;74;75;;;;
2025/03/30;1300 UTC;0;990,6;990,7;990,5;2539,4;28,9;22,1;29,8;27,8;23,4;21,2;75;66;67;;;;
2025/03/30;1400 UTC;0;990;990,6;990;2093,5;30,8;22,1;31,1;28;22,7;21;67;60;60;;;;
2025/03/30;1500 UTC;0;988,9;990;988,9;3252,4;29,8;20,2;31,5;29,8;22,4;20,1;60;56;56;;;;
2025/03/30;1600 UTC;0;987,9;988,9;987,9;2834,3;31,6;20,6;32,2;29,8;22,1;20;58;51;52;;;;
2025/03/30;1700 UTC;0;987,1;987,9;987,1;3056,9;31,9;19,7;33,2;30,8;21,5;19,1;53;47;48;;;;
2025/03/30;1800 UTC;0;986,6;987,1;986,6;2328;33,1;19,5;33,3;31,6;20,4;19,1;49;44;45;;;;
2025/03/30;1900 UTC;0;986,7;986,7;986,6;1123,9;31,1;18,9;33,3;30,7;19,8;18,4;50;44;48;;;;
2025/03/30;2000 UTC;,2;987,4;987,4;986,7;486,5;27,5;20,4;31,7;27,5;20,4;18,6;65;47;65;;;;
2025/03/30;2100 UTC;0;987,7;987,7;987,4;77,2;25,9;20,4;27,5;25,9;20,4;19,8;72;65;72;;;;
2025/03/30;2200 UTC;0;988,2;988,2;987,7;;25,6;20,2;26;25,5;20,4;20,1;73;71;73;;;;
2025/03/30;2300 UTC;0;988,9;988,9;988,2;;25,2;20,4;25,7;25,2;20,5;20,3;75;73;75;;;;
2025/03/31;0000 UTC;0;989,8;989,8;988,9;;24,4;20,1;25,2;24,4;20,4;20,1;77;75;77;;;;
2025/03/31;0100 UTC;0;990;990;989,8;;23,7;19,9;24,4;23,7;20,1;19,9;79;77;79;;;;
2025/03/31;0200 UTC;0;990,1;990,2;990;;23,7;20,3;23,7;23,5;20,3;19,9;81;79;81;;;;
2025/03/31;0300 UTC;0;989,8;990,1;989,8;;24,4;20,9;24,4;23,7;20,9;20,3;81;81;81;;;;
2025/03/31;0400 UTC;0;989,6;989,8;989,6;;24,2;20,7;24,4;24,2;20,9;20,7;81;80;81;;;;
2025/03/31;0500 UTC;0;989,2;989,6;989,2;;23,9;20,5;24,2;23,9;20,8;20,5;82;81;81;;;;
2025/03/31;0600 UTC;0;989,1;989,2;989;;23,6;20,3;23,9;23,5;20,5;20,2;82;81;82;;;;
2025/03/31;0700 UTC;0;989,4;989,4;989,1;;23,3;20,2;23,7;23,1;20,4;20;83;82;83;;;;
2025/03/31;0800 UTC;0;990,1;990,1;989,4;;22,9;19,9;23,3;22,9;20,2;19,9;83;83;83;;;;
2025/03/31;0900 UTC;0;990,7;990,7;990,1;10,6;22,7;19,8;23;22,5;20;19,6;84;83;84;;;;
2025/03/31;1000 UTC;0;991,4;991,4;990,7;396,7;25;21,5;25;22,7;21,6;19,8;84;81;81;;;;
2025/03/31;1100 UTC;0;992,2;992,2;991,4;1219,6;26,6;22;26,7;24,9;22,3;21,4;81;76;76;;;;
2025/03/31;1200 UTC;0;992,7;992,8;992,2;2107,3;28,2;21,9;28,4;26,6;22,4;21,4;76;68;69;;;;
2025/03/31;1300 UTC;0;992,5;992,7;992,5;2664,2;29,6;20,9;30,2;28,2;22,9;20,9;69;59;59;;;;
2025/03/31;1400 UTC;0;992,1;992,5;992,1;3055;31,1;20,9;31,3;29,6;21,5;20;60;54;55;;;;
2025/03/31;1500 UTC;0;991,4;992,1;991,4;2780,1;30,7;19,4;31,3;30,4;20,7;19,3;55;51;51;;;;
2025/03/31;1600 UTC;0;990,4;991,4;990,4;1870,5;31,8;18,2;31,8;29,7;19,5;17,8;51;44;45;;;;
2025/03/31;1700 UTC;0;989,6;990,4;989,6;2990,9;32,3;16,6;33;31,8;19,5;16,6;46;39;39;;;;
2025/03/31;1800 UTC;0;989,3;989,7;989,3;2473,9;32,4;15,4;32,8;31,8;16,5;15,1;39;36;36;;;;
2025/03/31;1900 UTC;0;989,3;989,4;989,3;1324,4;31,2;14,9;32,7;31,2;16,1;14,9;38;35;37;;;;
2025/03/31;2000 UTC;0;989,4;989,4;989,3;805,7;31;15,5;31,4;31;16,5;15;41;37;39;;;;
2025/03/31;2100 UTC;0;990;990;989,3;155,3;27,1;18,8;31;27,1;18,8;15,1;60;39;60;;;;
2025/03/31;2200 UTC;0;990,7;990,7;990;;25,6;19,3;27,2;25,6;19,3;18,8;68;60;68;;;;
2025/03/31;2300 UTC;0;991,6;991,6;990,7;;24,6;19,5;25,7;24,6;19,6;19,3;74;68;74;;;;
2025/04/01;0000 UTC;;992,1;992,1;991,6;;24;19,7;24,6;24;19,8;19,6;77;74;77;;;;
2025/04/01;0100 UTC;;992,3;992,3;992,1;;23,9;20,1;24;23,8;20,2;19,7;79;77;79;;;;
2025/04/01;0200 UTC;;992,1;992,4;992;;24;20,4;24,3;23,9;20,6;20,1;81;79;80;;;;
2025/04/01;0300 UTC;;992,1;992,3;992;;23,8;20,4;24,2;23,7;20,7;20,3;82;80;81;;;;
2025/04/01;0400 UTC;;991,7;992,1;991,6;;23,2;20,1;23,9;23,2;20,6;20,1;83;81;83;;;;
2025/04/01;0500 UTC;;991,4;991,7;991,4;;23,5;20,5;23,5;23,2;20,5;20,1;84;83;83;;;;
2025/04/01;0600 UTC;;991,2;991,4;991,2;;23,1;20,3;23,7;23;20,7;20,2;84;83;84;;;;
2025/04/01;0700 UTC;;991,3;991,3;991,1;;22,9;20,1;23,3;22,7;20,4;19,8;84;84;84;;;;
2025/04/01;0800 UTC;;991,5;991,5;991,2;;22,9;20,2;23;22,5;20,3;19,8;85;84;84;;;;
2025/04/01;0900 UTC;;991,9;992;991,5;3,7;22,3;19,6;22,9;22;20,1;19,3;85;84;85;;;;
2025/04/01;1000 UTC;;992,2;992,2;991,9;185,4;22,7;20,1;22,8;22,2;20,2;19,6;85;85;85;;;;
2025/04/01;1100 UTC;;992,8;992,9;992,2;868,7;24,7;21,8;24,7;22,6;21,8;20;85;83;84;;;;
2025/04/01;1200 UTC;;992,9;993;992,8;1017,5;26,7;23;26,7;24,7;23,2;22;84;80;80;;;;
2025/04/01;1300 UTC;;992,9;993,1;992,9;1731,1;28,8;23,6;29,2;26,7;24,1;22,5;80;73;74;;;;
2025/04/01;1400 UTC;;992,3;992,9;992,3;3579,1;31,1;23;31,1;28,8;24,1;22,4;74;62;62;;;;
2025/04/01;1500 UTC;;991,3;992,3;991,3;3275,8;31,1;21,3;31,9;30,3;23,2;21,2;62;55;56;;;;
2025/04/01;1600 UTC;;990,4;991,3;990,4;3336,4;32,1;20,4;32,8;31;21,8;20,2;57;50;50;;;;
2025/04/01;1700 UTC;;989,5;990,4;989,5;2621,9;31;19;32,8;31;21,2;18,7;51;48;49;;;;
2025/04/01;1800 UTC;;988,9;989,5;988,9;2397,7;32,7;18,8;32,9;31;20,5;18,3;50;43;44;;;;
2025/04/01;1900 UTC;;989,1;989,1;988,9;966,6;30,1;19;32,7;30,1;19,3;18,3;51;44;51;;;;
2025/04/01;2000 UTC;;989,2;989,3;989,1;607,5;28,2;18,6;30,3;28,2;19,3;18,6;56;51;56;;;;
2025/04/01;2100 UTC;;989,8;989,8;989,2;90,1;26,4;18,6;28,2;26,4;18,6;18,4;62;56;62;;;;
2025/04/01;2200 UTC;;990,2;990,2;989,8;;25,1;18,5;26,5;25,1;18,6;18,4;67;62;67;;;;
2025/04/01;2300 UTC;;991;991;990,2;;24;18,6;25,1;24;18,7;18,4;72;67;72;;;;
2025/04/02;0000 UTC;;991,9;991,9;991;;23;18,6;24;23;18,8;18,5;76;72;76;;;;
2025/04/02;0100 UTC;;991,8;992;991,8;;22,6;18,8;23;22,6;18,8;18,5;79;76;79;;;;
2025/04/02;0200 UTC;;991,8;991,9;991,7;;22,4;18,9;22,7;22,4;18,9;18,7;80;79;80;;;;
2025/04/02;0300 UTC;;991,4;991,8;991,4;;22;18,8;22,4;22;19;18,7;82;80;82;;;;
2025/04/02;0400 UTC;;991,2;991,4;991,2;;22,1;18,9;22,1;22;19;18,8;82;82;82;;;;
2025/04/02;0500 UTC;;990,9;991,2;990,9;;22,1;19,1;22,2;21,8;19,1;18,8;83;82;83;;;;
2025/04/02;0600 UTC;;990,9;990,9;990,8;;22;19,1;22,2;21,9;19,2;18,9;83;83;83;;;;
2025/04/02;0700 UTC;;990,9;990,9;990,8;;21,5;18,6;22,1;21,5;19,2;18,6;84;83;83;;;;
2025/04/02;0800 UTC;;990,9;991;990,8;;21,3;18,6;21,7;21,2;18,8;18,5;85;83;85;;;;
2025/04/02;0900 UTC;;991,2;991,3;990,9;6,1;20,9;18,2;21,4;20,8;18,7;18,2;85;85;85;;;;
2025/04/02;1000 UTC;;991,9;991,9;991,2;349,8;22;19,4;22;20,9;19,4;18,2;85;85;85;;;;
2025/04/02;1100 UTC;;992,4;992,4;991,8;1162,9;24,5;21,6;24,5;21,9;21,6;19,3;85;83;84;;;;
2025/04/02;1200 UTC;;992,7;992,7;992,4;1837,4;26,9;22,5;27,5;24,5;23,4;21,7;84;77;77;;;;
2025/04/02;1300 UTC;;992,6;992,8;992,5;1756,3;28,1;22,7;28,9;26,1;23,9;21,7;78;72;73;;;;
2025/04/02;1400 UTC;;992;992,6;992;2008,5;25,3;20,3;30;25,3;24;20,1;74;68;74;;;;
2025/04/02;1500 UTC;;991,3;992;991,3;1948,9;25,5;20,9;29;25,2;24,2;20,4;79;72;76;;;;
2025/04/02;1600 UTC;;990,2;991,3;990,1;3059,9;29,3;21,9;30,5;25,5;23,7;20,8;77;64;64;;;;
2025/04/02;1700 UTC;;989,7;990,2;989,7;2091,3;28;21,7;29,3;27,2;22,5;20,8;70;64;69;;;;
2025/04/02;1800 UTC;;989,5;989,7;989,5;2208,3;28,5;21,5;29,3;27,9;22,6;20,7;69;63;66;;;;
2025/04/02;1900 UTC;;989,7;989,7;989,4;896,5;26,2;20;29,5;26,2;22,1;19,9;68;64;68;;;;
2025/04/02;2000 UTC;;989,8;989,8;989,6;265;25,9;19,9;26,4;25,9;20,5;19,9;71;69;70;;;;
2025/04/02;2100 UTC;;989,8;989,9;989,8;95,1;24,8;19,7;25,9;24,8;19,8;19,5;74;69;74;;;;
2025/04/02;2200 UTC;;989,8;989,9;989,7;;23,6;19,4;24,8;23,6;19,7;19,4;77;74;77;;;;
2025/04/02;2300 UTC;;990;990;989,7;;23,1;19,4;23,7;23,1;19,6;19,4;80;77;80;;;;
2025/04/03;0000 UTC;;990,4;990,4;990;;22,8;19,5;23,1;22,6;19,6;19,3;82;80;82;;;;
2025/04/03;0100 UTC;;990,7;990,7;990,4;;22,7;19,6;22,8;22,6;19,7;19,4;83;82;83;;;;
2025/04/03;0200 UTC;;990,9;990,9;990,7;;22,6;19,6;22,7;22,4;19,6;19,4;84;83;83;;;;
2025/04/03;0300 UTC;;990,9;991;990,8;;22,2;19,4;22,6;22,1;19,6;19,2;84;83;84;;;;
2025/04/03;0400 UTC;;990,5;990,9;990,5;;22,1;19,3;22,3;22,1;19,5;19,3;84;84;84;;;;
2025/04/03;0500 UTC;;990,2;990,6;990,2;;21,8;19,1;22,1;21,7;19,3;19;85;84;85;;;;
2025/04/03;0600 UTC;;990;990,2;990;;21,3;18,7;21,8;21,3;19,1;18,6;85;85;85;;;;
2025/04/03;0700 UTC;;990,1;990,1;989,9;;21,1;18,5;21,3;21,1;18,7;18,5;85;85;85;;;;
2025/04/03;0800 UTC;;990,3;990,3;990,1;;20,8;18,4;21,1;20,7;18,6;18,2;86;85;86;;;;
2025/04/03;0900 UTC;;990,9;990,9;990,3;5,7;20,6;18,2;21;20,4;18,5;17,9;86;86;86;;;;
2025/04/03;1000 UTC;;991,3;991,3;990,8;327,8;21,7;19,2;21,7;20,6;19,2;18,2;86;86;86;;;;
2025/04/03;1100 UTC;;991,8;991,8;991,3;1031,9;23;20,3;23,3;21,5;20,7;19,1;86;85;85;;;;
2025/04/03;1200 UTC;;992,1;992,1;991,8;1668,3;25,8;22,4;25,9;23;22,7;20,5;85;81;82;;;;
2025/04/03;1300 UTC;;991,9;992,1;991,9;1764,8;27,4;22,7;28,2;25,6;23,9;22,1;82;76;76;;;;
2025/04/03;1400 UTC;;991,1;991,9;991,1;1777;29,5;23,7;29,5;27,2;23,8;22,4;77;71;71;;;;
2025/04/03;1500 UTC;;990,3;991,1;990,3;3034,9;30,6;23;30,9;29,3;23,9;22,3;71;64;64;;;;
2025/04/03;1600 UTC;;989,4;990,3;989,4;2074,5;29,8;21,3;32,2;29,2;24;21,3;65;60;61;;;;
2025/04/03;1700 UTC;;988,8;989,4;988,8;2239,9;29,4;20,7;32;29;22,8;20,1;62;56;60;;;;
2025/04/03;1800 UTC;;988,6;988,8;988,5;991,1;25,4;19,1;31;25,4;21,5;18,6;68;57;68;;;;
2025/04/03;1900 UTC;;988,4;988,7;988,4;1047,8;29;21,7;29,1;25,4;22;19,4;70;65;65;;;;
2025/04/03;2000 UTC;;988,4;988,5;988,3;794,8;28,1;20,7;29;28,1;21,7;20,7;66;64;64;;;;
2025/04/03;2100 UTC;;988,8;988,8;988,4;106,1;26,3;19,9;28,1;26,2;20,6;19,9;68;64;68;;;;
2025/04/03;2200 UTC;;989,3;989,3;988,7;;24,9;19,6;26,3;24,9;20,1;19,6;72;68;72;;;;
2025/04/03;2300 UTC;;989,9;989,9;989,3;;23,6;19,2;24,9;23,6;19,5;19,1;76;72;76;;;;
2025/04/04;0000 UTC;;990,3;990,3;989,9;;23;19,1;23,6;23;19,3;19;79;76;79;;;;
2025/04/04;0100 UTC;;990,6;990,6;990,3;;23;19,4;23,1;22,9;19,4;19,1;80;79;80;;;;
2025/04/04;0200 UTC;;990,5;990,6;990,5;;22,8;19,4;23;22,7;19,5;19,2;81;80;81;;;;
2025/04/04;0300 UTC;;990,5;990,6;990,4;;22,5;19,3;22,8;22,5;19,5;19,2;82;81;82;;;;
2025/04/04;0400 UTC;;989,9;990,5;989,9;;22,5;19,3;22,7;22,4;19,5;19,2;83;82;82;;;;
2025/04/04;0500 UTC;;989,4;989,9;989,4;;22,2;19,2;22,7;22,2;19,6;19,2;83;82;83;;;;
2025/04/04;0600 UTC;;989,3;989,4;989,3;;22,2;19,3;22,2;21,9;19,3;19;84;83;84;;;;
2025/04/04;0700 UTC;;989,4;989,4;989,2;;21,6;18,9;22,3;21,6;19,3;18,7;84;83;84;;;;
2025/04/04;0800 UTC;;989,7;989,7;989,3;;21,7;19;21,7;21,3;19;18,6;85;84;85;;;;
2025/04/04;0900 UTC;;990,7;990,7;989,7;5,3;21,3;18,7;21,7;21;19;18,4;85;85;85;;;;
2025/04/04;1000 UTC;;991,4;991,4;990,7;295,7;22,4;19,8;22,4;21;19,8;18,4;85;85;85;;;;
2025/04/04;1100 UTC;;992;992;991,3;1156,9;24,9;21,7;25;22,4;21,8;19,7;85;82;82;;;;
2025/04/04;1200 UTC;;992,1;992,1;992;1953,8;27,3;22,7;27,4;24,9;22,9;21,7;83;76;76;;;;
2025/04/04;1300 UTC;;992,1;992,2;992,1;2241,3;28,7;23;28,7;27,1;23,5;21,7;77;70;71;;;;
2025/04/04;1400 UTC;;991,3;992,1;991,3;2692,6;30,1;22,5;30,4;27,5;23,2;21,5;71;63;64;;;;
2025/04/04;1500 UTC;;990,5;991,3;990,5;2486,4;31,4;22;31,7;28,5;22,9;20,7;64;57;57;;;;
2025/04/04;1600 UTC;;989,8;990,5;989,8;2497,1;32,3;20,9;32,3;29,2;22,1;19,6;59;51;51;;;;
2025/04/04;1700 UTC;;988,9;989,8;988,9;3048,3;32,8;18,8;33,5;31,8;21,3;18,3;51;43;44;;;;
2025/04/04;1800 UTC;;988,5;988,9;988,5;2125,7;30,5;17,3;33,3;30,5;19,2;17;45;39;45;;;;
2025/04/04;1900 UTC;;988,4;988,5;988,3;1435,2;30,8;18,3;31,9;30,2;19,2;17,2;49;45;47;;;;
2025/04/04;2000 UTC;;988,6;988,6;988,4;796,8;28,2;17,9;30,8;28,2;18,4;17,8;54;47;54;;;;
2025/04/04;2100 UTC;;989,4;989,4;988,6;103,4;26,1;18,5;28,2;26,1;18,7;17,9;63;54;63;;;;
2025/04/04;2200 UTC;;990,2;990,2;989,4;;23,9;18;26,1;23,9;18,4;18;70;63;70;;;;
2025/04/04;2300 UTC;;991,1;991,1;990,2;;23,1;18;24;23,1;18,3;17,8;73;70;73;;;;
2025/04/05;0000 UTC;;991,7;991,7;991,1;;23,1;18,6;23,1;22,7;18,6;18;76;73;76;;;;
2025/04/05;0100 UTC;;991,9;991,9;991,7;;23;18,9;23,1;22,7;19,1;18,4;78;76;78;;;;
2025/04/05;0200 UTC;;992,1;992,2;991,9;;23,5;19,5;23,5;23;19,6;19,1;79;78;78;;;;
2025/04/05;0300 UTC;;992,1;992,2;992;;23,6;19,7;23,6;23,3;19,8;19,5;79;78;79;;;;
2025/04/05;0400 UTC;;991,9;992,1;991,9;;23,6;19,8;23,8;23,5;20;19,7;79;79;79;;;;
2025/04/05;0500 UTC;;991,3;991,9;991,3;;23,2;19,5;23,6;23,1;19,8;19,4;80;79;80;;;;
2025/04/05;0600 UTC;;991,4;991,4;991,3;;22,4;18,9;23,4;22,3;19,7;18,8;81;80;81;;;;
2025/04/05;0700 UTC;;991,4;991,4;991,3;;21,7;18,5;22,5;21,6;19,1;18,3;82;81;82;;;;
2025/04/05;0800 UTC;;991,7;991,8;991,4;;21,6;18,5;21,8;21,2;18,6;18;83;82;83;;;;
2025/04/05;0900 UTC;;992,5;992,5;991,7;5,7;21,3;18,4;21,6;21;18,5;17,9;83;82;83;;;;
2025/04/05;1000 UTC;;993,1;993,1;992,5;390,4;23,2;20;23,2;21,3;20;18,4;84;82;82;;;;
2025/04/05;1100 UTC;;993,7;993,7;993,1;1206,1;26,1;22;26,1;23,3;22;20;82;78;78;;;;
2025/04/05;1200 UTC;;993,8;993,9;993,7;2007,8;28,2;22,3;28,2;26,1;22,6;21,6;78;70;70;;;;
2025/04/05;1300 UTC;;993,6;993,9;993,6;2718,5;29,3;21,2;29,9;27,8;22,8;21,1;70;62;62;;;;
2025/04/05;1400 UTC;;993,2;993,6;993,2;3149,7;29,4;19,7;31,5;29,2;22,1;19,7;62;55;56;;;;
2025/04/05;1500 UTC;;992,5;993,2;992,4;1581,6;30,5;20,1;30,9;29,2;21,1;19,5;58;54;54;;;;
2025/04/05;1600 UTC;;991,7;992,5;991,7;2703,9;30,6;18,3;32,8;30,4;21,3;18,3;54;46;48;;;;
2025/04/05;1700 UTC;;990,8;991,7;990,8;2210,1;30,9;18,4;32,5;30,6;19,9;18,2;49;45;47;;;;
2025/04/05;1800 UTC;;990,3;990,8;990,3;1879,7;33,1;18,8;33,1;30,4;19,7;17,6;48;42;43;;;;
2025/04/05;1900 UTC;;990,8;990,8;990,3;911,8;29,3;18,9;33,3;29,1;19,8;16,9;54;41;53;;;;
2025/04/05;2000 UTC;;991,7;991,7;990,8;454,3;24,4;18,3;29,3;24,4;19,4;18,3;69;53;69;;;;
2025/04/05;2100 UTC;;991,7;991,8;991,6;167,1;24,3;19,5;24,5;24;19,5;18,4;75;69;75;;;;
2025/04/05;2200 UTC;;992,5;992,5;991,8;;24,3;20,2;24,4;24,1;20,2;19,5;78;75;78;;;;
2025/04/05;2300 UTC;;993,5;993,5;992,5;;24,3;20,4;24,4;24,2;20,5;20,2;79;78;79;;;;
2025/04/06;0000 UTC;;994,1;994,1;993,5;;23,7;20;24,3;23,7;20,4;20;80;79;80;;;;
2025/04/06;0100 UTC;;994,2;994,3;994,1;;23,3;20;23,8;23,3;20,2;20;82;80;82;;;;
2025/04/06;0200 UTC;;994;994,2;994;;23,2;20;23,3;22,9;20;19,7;83;82;83;;;;
2025/04/06;0300 UTC;;993,6;994;993,6;;23,3;20,2;23,3;23,1;20,2;20;83;83;83;;;;
2025/04/06;0400 UTC;;993,2;993,6;993,1;;22,9;20;23,3;22,9;20,3;19,9;84;83;84;;;;
2025/04/06;0500 UTC;;993,1;993,4;993,1;,2;22,7;19,8;23;22,6;20,1;19,8;84;83;84;;;;
2025/04/06;0600 UTC;;993,2;993,2;993;;22,2;19,5;22,7;22,2;19,8;19,5;84;84;84;;;;
2025/04/06;0700 UTC;;993,2;993,3;993,1;;22,2;19,5;22,4;22,1;19,7;19,4;85;84;85;;;;
2025/04/06;0800 UTC;;993,5;993,5;993,2;;22;19,4;22,2;22;19,6;19,4;85;85;85;;;;
2025/04/06;0900 UTC;;993,9;994;993,5;2,4;21,7;19,3;22;21,7;19,4;19,2;86;85;86;;;;
2025/04/06;1000 UTC;;994,4;994,4;993,9;196,9;22,4;19,9;22,5;21,7;20;19,3;86;86;86;;;;
2025/04/06;1100 UTC;;995;995;994,3;616,5;23,3;20,4;23,4;22,4;20,6;19,9;86;83;84;;;;
2025/04/06;1200 UTC;;995,1;995,1;995;1257,8;25;21,6;25,1;23,2;21,6;20,3;84;81;81;;;;
2025/04/06;1300 UTC;;995;995,1;995;2164,7;25,7;21,6;26,8;24,5;22,7;20,9;81;77;78;;;;
2025/04/06;1400 UTC;;994,4;995;994,4;2094,6;27,4;22,5;27,8;25,4;23,1;21,2;78;75;75;;;;
2025/04/06;1500 UTC;;993,2;994,4;993,2;1919,6;27,5;22,2;28,6;26,7;23,7;21,7;75;71;73;;;;
2025/04/06;1600 UTC;;992;993,2;992;2680,1;28,9;22,3;29,9;27,5;23,3;21,7;73;67;68;;;;
2025/04/06;1700 UTC;;991,3;992;991,3;1619,1;26,3;20,8;30,2;26,1;23,3;20,3;72;65;72;;;;
2025/04/06;1800 UTC;;990,7;991,3;990,7;1854,2;28,1;21,6;29,2;26,2;22,6;20,7;72;66;68;;;;
2025/04/06;1900 UTC;;990,9;990,9;990,7;617,8;27,5;21,2;28,6;27,5;22,5;21,2;70;68;69;;;;
2025/04/06;2000 UTC;;991,4;991,4;990,9;197,8;26,4;20,6;27,5;26,4;21,2;20,6;70;69;70;;;;
2025/04/06;2100 UTC;;992,1;992,1;991,4;32,7;22,7;18,7;26,4;22,3;20,5;17,8;78;70;78;;;;
2025/04/06;2200 UTC;;992,6;992,6;992,1;1;22,3;19,1;22,7;21,8;19,1;18,3;82;78;82;;;;
2025/04/06;2300 UTC;;992,7;992,9;992,6;;22,7;19,6;22,8;22,3;19,7;19,1;83;82;82;;;;
2025/04/07;0000 UTC;;993,3;993,3;992,7;;22,9;19,9;22,9;22,6;20;19,5;83;82;83;;;;
2025/04/07;0100 UTC;;993,4;993,6;993,3;0;22,6;19,7;22,9;22,6;19,9;19,7;84;83;84;;;;
2025/04/07;0200 UTC;;993;993,4;993;;22,4;19,4;22,6;22,4;19,7;19,4;84;83;83;;;;
2025/04/07;0300 UTC;;992,7;993,1;992,7;;22;19,1;22,4;21,9;19,4;19;84;83;84;;;;
2025/04/07;0400 UTC;;991,9;992,7;991,9;;21,6;18,7;22;21,6;19,1;18,7;84;84;84;;;;
2025/04/07;0500 UTC;;991,6;991,9;991,6;;21,6;18,8;21,8;21,6;18,9;18,7;84;84;84;;;;
2025/04/07;0600 UTC;;991,5;991,6;991,5;;21,5;18,7;21,6;21,4;18,8;18,6;84;84;84;;;;
2025/04/07;0700 UTC;;991,2;991,5;991,2;;21,5;18,6;21,5;21,4;18,7;18,6;84;84;84;;;;
2025/04/07;0800 UTC;;991,3;991,3;991,1;;21,5;18,7;21,5;21,4;18,7;18,6;84;84;84;;;;
2025/04/07;0900 UTC;;991,8;991,8;991,3;,6;21,4;18,6;21,6;21,3;18,7;18,6;84;84;84;;;;
2025/04/07;1000 UTC;;992,3;992,3;991,7;82,9;21,5;18,9;21,5;21,3;18,9;18,6;85;84;85;;;;
2025/04/07;1100 UTC;;992,9;992,9;992,3;370,9;22,1;19,4;22,1;21,5;19,5;18,9;85;85;85;;;;
2025/04/07;1200 UTC;;993,1;993,1;992,9;439,9;22,9;20,1;23;22,1;20,2;19,5;85;84;84;;;;
2025/04/07;1300 UTC;;992,9;993,3;992,9;598,9;23,1;20,5;23,4;22,6;20,6;19,8;85;83;85;;;;
2025/04/07;1400 UTC;;992,3;992,9;992,3;1709,3;25,3;21,8;25,3;23,1;21,8;20,4;85;81;81;;;;
2025/04/07;1500 UTC;;991,6;992,3;991,6;1509,1;24,6;21;25,5;24,2;21,9;20,6;82;79;81;;;;
2025/04/07;1600 UTC;;991,4;991,6;991,4;714,3;22,5;19,7;25;22,4;21,4;19,5;84;80;84;;;;
2025/04/07;1700 UTC;;991;991,4;991;833,4;23,4;20;23,6;22,5;20,4;19,7;84;82;82;;;;
2025/04/07;1800 UTC;;991,1;991,1;990,9;653;22,4;19,3;23,4;22,3;20,1;19,2;83;81;83;;;;
2025/04/07;1900 UTC;;991,4;991,4;991,1;490,3;22;19,1;22,4;21,6;19,2;18,8;84;83;84;;;;
2025/04/07;2000 UTC;;991,3;991,5;991,3;370,5;22,5;19,5;22,5;21,9;19,5;19,1;84;83;83;;;;
2025/04/07;2100 UTC;;991,8;991,8;991,3;37;22,4;19,3;22,5;22,3;19,5;19,3;83;82;82;;;;
2025/04/07;2200 UTC;;992,4;992,4;991,8;;21,8;18,6;22,4;21,7;19,2;18,6;82;82;82;;;;
2025/04/07;2300 UTC;;992,9;992,9;992,4;;21,6;18,5;21,8;21,6;18,7;18,5;83;82;83;;;;
2025/04/08;0000 UTC;;993,5;993,5;992,9;;21,7;18,3;21,7;21,5;18,5;18,3;83;81;81;;;;
2025/04/08;0100 UTC;;993,4;993,6;993,4;;21,5;17,9;21,7;21,5;18,3;17,9;81;80;80;;;;
2025/04/08;0200 UTC;;993,4;993,5;993,2;;21,4;17,8;21,5;21,4;18;17,8;81;80;80;;;;
2025/04/08;0300 UTC;;992,9;993,4;992,9;;21,3;17,4;21,5;21,2;17,8;17,4;80;79;79;;;;
2025/04/08;0400 UTC;;992,4;992,9;992,3;;21,4;17,4;21,5;21,3;17,5;17,4;79;78;78;;;;
2025/04/08;0500 UTC;;991,9;992,4;991,9;;21,5;17,3;21,5;21,3;17,4;17,3;78;77;77;;;;
2025/04/08;0600 UTC;;991,8;992;991,8;;21,1;17,2;21,6;20,8;17,4;16,9;79;77;79;;;;
2025/04/08;0700 UTC;;991,8;991,8;991,6;;20,6;17,1;21,2;20,4;17,2;16,9;80;78;80;;;;
2025/04/08;0800 UTC;;991,8;991,8;991,6;;20,5;17,1;20,6;20,2;17,2;16,9;81;80;81;;;;
2025/04/08;0900 UTC;;992,7;992,7;991,8;2,3;20,6;17,4;20,7;20,5;17,4;17,2;82;81;82;;;;
2025/04/08;1000 UTC;;993,2;993,2;992,7;123,4;21;17,9;21;20,3;17,9;17,2;83;82;83;;;;
2025/04/08;1100 UTC;;993,9;993,9;993,2;611,6;22,5;18,7;22,5;21;18,8;17,9;83;79;79;;;;
2025/04/08;1200 UTC;;994,4;994,4;993,9;925,3;23,2;19,2;23,6;22,4;19,5;18,5;79;77;78;;;;
2025/04/08;1300 UTC;;994,4;994,5;994,3;2213,5;24,6;19,5;25,7;23;20,7;18,8;78;73;73;;;;
2025/04/08;1400 UTC;;993,5;994,4;993,5;1970,1;25,7;20,3;26;24,2;20,8;19,3;75;71;72;;;;
2025/04/08;1500 UTC;;993;993,5;993;878,5;24,8;19,7;25,9;24,2;20,6;19,1;74;71;73;;;;
2025/04/08;1600 UTC;;992,1;993;992,1;1964,6;26,2;20,6;26,6;24,9;21,1;19,8;73;71;71;;;;
2025/04/08;1700 UTC;;991,5;992,1;991,5;767;24,3;19,2;26,2;24;21;19,1;75;71;73;;;;
2025/04/08;1800 UTC;;991,5;991,5;991,3;587,2;23,7;18,5;25,8;23,7;20,1;18,5;74;70;73;;;;
2025/04/08;1900 UTC;;991,3;991,5;991,3;471,7;24,1;19,2;24,2;23,4;19,5;18,5;75;73;74;;;;
2025/04/08;2000 UTC;;991,7;991,7;991,3;313,6;24,2;19,3;24,5;24,1;19,5;19,1;74;73;74;;;;
2025/04/08;2100 UTC;;992,1;992,1;991,7;29,5;23,6;19,3;24,2;23,6;19,3;19,2;77;74;77;;;;
2025/04/08;2200 UTC;;992,6;992,6;992,1;;23,2;19,1;23,6;23,2;19,3;19;77;77;77;;;;
2025/04/08;2300 UTC;;993,1;993,1;992,6;;22,9;19,1;23,2;22,9;19,1;19;79;77;79;;;;
2025/04/09;0000 UTC;;993,4;993,4;993,1;;22,9;19,2;23;22,8;19,3;19,1;80;79;80;;;;
2025/04/09;0100 UTC;;993,7;993,7;993,4;;22,3;19;22,9;22,3;19,4;19;82;80;82;;;;
2025/04/09;0200 UTC;;993,5;993,8;993,5;;21,7;18,7;22,3;21,7;19,1;18,7;83;82;83;;;;
2025/04/09;0300 UTC;;993;993,5;993;,2;21,9;18,9;22;21,6;18,9;18,6;83;83;83;;;;
2025/04/09;0400 UTC;;992,3;993;992,3;,2;21,8;18,8;21,9;21,8;19;18,8;83;83;83;;;;
2025/04/09;0500 UTC;;992;992,3;992;;21,7;18,8;21,8;21,6;18,9;18,7;84;83;84;;;;
2025/04/09;0600 UTC;;991,5;992;991,5;;21,6;18,9;21,7;21,6;18,9;18,8;84;84;84;;;;
2025/04/09;0700 UTC;;991,5;991,6;991,5;;21,3;18,7;21,7;21,3;18,9;18,7;85;84;85;;;;
2025/04/09;0800 UTC;;991,9;991,9;991,5;;21,3;18,7;21,4;21,2;18,8;18,6;85;85;85;;;;
2025/04/09;0900 UTC;;992,4;992,4;991,9;4,4;21,3;18,8;21,4;21,3;18,8;18,7;86;85;86;;;;
2025/04/09;1000 UTC;;993,2;993,2;992,4;158,3;22;19,4;22;21,3;19,5;18,8;86;85;86;;;;
2025/04/09;1100 UTC;;993,7;993,7;993,2;561,6;23,2;20,4;23,2;22;20,4;19,5;86;84;84;;;;
2025/04/09;1200 UTC;;993,8;993,8;993,7;1760,6;25,6;21,9;26,1;23,2;22,6;20,4;84;80;80;;;;
2025/04/09;1300 UTC;;993,7;993,8;993,7;1050,8;26,2;21,9;26,3;25,1;22,4;21,3;81;77;78;;;;
2025/04/09;1400 UTC;;992,8;993,7;992,8;1750,7;26,8;21,6;27,7;26,2;22,8;21,5;78;73;73;;;;
2025/04/09;1500 UTC;;992,1;992,8;992,1;1555,5;25,5;20,8;28,1;25,3;22,8;20,4;75;71;75;;;;
2025/04/09;1600 UTC;;991,2;992,1;991,2;1584,9;27,7;21,4;27,7;25,5;22,2;21;76;69;69;;;;
2025/04/09;1700 UTC;;990,2;991,1;990,2;2340,6;29,2;21,8;29,6;27,5;22,9;20,7;69;64;64;;;;
2025/04/09;1800 UTC;;989,7;990,2;989,6;1628,7;28,4;20,4;29,4;28;21,8;20,3;64;61;62;;;;
2025/04/09;1900 UTC;;989,9;989,9;989,6;629,4;26,8;20,1;29,1;26,8;21;19,8;67;61;67;;;;
2025/04/09;2000 UTC;;990;990,1;989,9;350,6;25,7;20,6;26,8;25,4;20,7;19,9;74;67;74;;;;
2025/04/09;2100 UTC;;990;990,1;989,9;50,9;24,5;20,1;25,7;24,5;20,6;20;76;73;76;;;;
2025/04/09;2200 UTC;;990,3;990,3;990;;24;20;24,5;24;20,2;19,9;78;76;78;;;;
2025/04/09;2300 UTC;;990,9;990,9;990,3;;23,4;19,7;24;23,4;20;19,7;80;78;80;;;;
2025/04/10;0000 UTC;;991,4;991,4;990,9;;22,4;19,1;23,4;22,4;19,7;19;81;80;81;;;;
2025/04/10;0100 UTC;;991;991,4;990,9;;22,4;19,3;22,5;22,2;19,3;19;83;81;83;;;;
2025/04/10;0200 UTC;;990,5;991;990,5;;22,6;19,4;22,8;22,3;19,6;19,1;83;82;82;;;;
2025/04/10;0300 UTC;;990;990,5;990;;22,5;19,2;22,9;22,4;19,6;19,2;82;81;82;;;;
2025/04/10;0400 UTC;;989,6;990;989,6;;21,8;18,7;22,5;21,8;19,2;18,7;83;82;83;;;;
2025/04/10;0500 UTC;;989,4;989,7;989,3;;21,8;18,9;22,2;21,7;19,2;18,7;83;83;83;;;;
2025/04/10;0600 UTC;;989;989,5;989;;21,6;18,8;21,9;21,6;19;18,7;84;83;84;;;;
2025/04/10;0700 UTC;;988,9;989;988,8;;21,6;18,8;21,8;21,2;19;18,4;85;84;84;;;;
2025/04/10;0800 UTC;;989,2;989,2;988,7;;20,8;18,1;21,8;20,7;19;18;85;84;85;;;;
2025/04/10;0900 UTC;;990,1;990,1;989,2;4,3;21,4;18,8;21,6;20,8;19;18,2;85;85;85;;;;
2025/04/10;1000 UTC;;990,3;990,4;990,1;228,9;22,7;20;22,7;21,4;20,1;18,8;85;85;85;;;;
2025/04/10;1100 UTC;;990,9;990,9;990,3;801,1;24,1;21,1;24,2;22,7;21,3;20;85;83;83;;;;
2025/04/10;1200 UTC;;990,9;991;990,9;1449,8;26,3;21,8;26,4;24,1;22,5;21,1;83;76;76;;;;
2025/04/10;1300 UTC;;990,8;991,1;990,8;2166,4;27,2;21,9;28,4;26,3;23,3;21,9;77;72;73;;;;
2025/04/10;1400 UTC;;990;990,8;990;2527,4;29,2;22;29,5;27,1;22,7;21,5;73;65;65;;;;
2025/04/10;1500 UTC;;988,9;990;988,9;2147;30,2;22,2;30,2;28,8;22,3;21,3;66;62;62;;;;
2025/04/10;1600 UTC;;988,1;988,9;988,1;1517,7;29,8;21,2;30,2;29,5;22,3;21;63;59;60;;;;
2025/04/10;1700 UTC;;987,1;988,1;987,1;962,7;29,4;20,3;30;29,3;21,4;20,3;60;58;58;;;;
2025/04/10;1800 UTC;;986,8;987,1;986,8;518,6;28,7;20,2;29,4;28,7;20,5;20;60;58;60;;;;
2025/04/10;1900 UTC;;986,2;986,8;986,2;223,2;27;20,2;28,7;27;20,4;20,1;66;60;66;;;;
2025/04/10;2000 UTC;;985,8;986,2;985,6;276,9;26,8;21;27;26,3;21,2;20,1;72;66;70;;;;
2025/04/10;2100 UTC;;986;986,2;985,8;62,8;25,1;20,5;26,9;25;20,9;20,4;76;70;76;;;;
2025/04/10;2200 UTC;;986,4;986,4;986;;24,7;20,8;25,3;24,7;21,1;20,6;79;76;79;;;;
2025/04/10;2300 UTC;;986,8;986,8;986,4;;24,8;21;24,8;24,6;21;20,8;80;79;79;;;;
2025/04/11;0000 UTC;;987,3;987,3;986,8;;24,3;20,7;24,8;24,3;21;20,7;80;79;80;;;;
2025/04/11;0100 UTC;;987,6;987,7;987,3;;24,2;20,9;24,3;24,2;20,9;20,7;82;80;82;;;;
2025/04/11;0200 UTC;;987,5;987,6;987,4;;24;20,8;24,2;23,9;20,9;20,8;83;82;82;;;;
2025/04/11;0300 UTC;;986,7;987,5;986,7;;24,3;20,6;24,4;24;20,9;20,5;82;80;80;;;;
2025/04/11;0400 UTC;;987;987,3;986,6;;23,8;20,3;24,3;23,7;20,6;20,2;81;80;81;;;;
2025/04/11;0500 UTC;;987;987,1;986,9;;23,5;20,2;23,8;23,5;20,3;20,2;82;81;82;;;;
2025/04/11;0600 UTC;;987,5;987,6;986,9;1,6;20,6;17,2;23,5;20,6;20,3;17,2;83;79;81;;;;
2025/04/11;0700 UTC;;986,3;987,5;986,2;;20;17,1;20,6;19,9;17,3;16,9;84;81;83;;;;
2025/04/11;0800 UTC;;986,8;986,9;986,2;;19,5;16,7;20;19,5;17,1;16,7;84;83;84;;;;
2025/04/11;0900 UTC;;987,5;987,5;986,8;1,5;19,5;16,8;19,6;19,4;16,9;16,6;85;84;84;;;;
2025/04/11;1000 UTC;;988,2;988,2;987,5;361,4;21,2;18,3;21,2;19,5;18,3;16,8;85;83;83;;;;
2025/04/11;1100 UTC;;988,6;988,6;988,2;777,2;23,2;19,9;23,2;21;19,9;18;83;82;82;;;;
2025/04/11;1200 UTC;;988,8;988,9;988,6;1469,3;24,6;20,4;24,7;23;20,7;19,5;82;78;78;;;;
2025/04/11;1300 UTC;;988,8;989;988,7;2454,8;26,7;21,2;26,7;24,5;21,6;20,3;78;72;72;;;;
2025/04/11;1400 UTC;;987,9;988,8;987,9;2792,8;27,7;21,3;28;26;22;20,4;73;68;69;;;;
2025/04/11;1500 UTC;;987,4;987,9;987,4;2482,4;28,3;21,1;28,6;27,3;22;20,2;69;65;65;;;;
2025/04/11;1600 UTC;;986,7;987,4;986,7;2135,8;29,1;21,2;29,4;27,6;22;19,9;65;62;63;;;;
2025/04/11;1700 UTC;;986,2;986,7;986,2;2040,8;28,5;19,4;29,8;28;21;19,4;62;57;58;;;;
2025/04/11;1800 UTC;;985,6;986,2;985,6;1990,7;29,7;18,7;30,2;28,5;20,5;18,6;59;52;52;;;;
2025/04/11;1900 UTC;;985,9;985,9;985,6;1428,3;29,1;18,4;29,8;28;19,2;17,9;55;52;53;;;;
2025/04/11;2000 UTC;;986,2;986,2;985,9;637,6;27,3;18,1;29,1;27,3;18,6;17,9;57;52;57;;;;
2025/04/11;2100 UTC;;986,8;986,8;986,2;66,3;25;18,8;27,3;25;18,8;18,1;68;57;68;;;;
2025/04/11;2200 UTC;;987,8;987,8;986,8;;23,5;18,4;25,1;23,5;18,8;18,4;73;68;73;;;;
2025/04/11;2300 UTC;;989,1;989,1;987,8;;23;18,6;23,5;22,9;18,7;18,4;77;73;77;;;;
2025/04/12;0000 UTC;;989,6;989,7;989,1;;22,4;18,3;23;22,4;18,6;18,3;78;77;77;;;;
2025/04/12;0100 UTC;;989,8;989,9;989,6;;22,2;17,3;22,6;22,1;18,3;17,3;78;74;74;;;;
2025/04/12;0200 UTC;;990;990;989,8;;21,7;17,1;22,2;21,6;17,4;17;76;74;76;;;;
2025/04/12;0300 UTC;;989,9;990,1;989,9;;21,5;17,3;21,7;21,4;17,4;17;77;75;77;;;;
2025/04/12;0400 UTC;;989,4;989,9;989,4;;21,1;17,2;21,5;20,8;17,3;16,8;78;77;78;;;;
2025/04/12;0500 UTC;;989,1;989,4;989,1;;20,8;17,1;21,3;20,7;17,6;17;80;78;80;;;;
2025/04/12;0600 UTC;;989,1;989,2;989;;20,4;16,9;20,8;20,4;17,2;16,9;81;80;80;;;;
2025/04/12;0700 UTC;;989,1;989,2;989;;20,6;17,1;20,7;20,4;17,3;16,9;81;80;80;;;;
2025/04/12;0800 UTC;;989,3;989,3;989;;20,5;17,1;20,7;20,1;17,3;16,8;81;80;81;;;;
2025/04/12;0900 UTC;;989,7;989,7;989,2;4,8;19,5;16,3;20,5;19,3;17,1;16,1;82;81;82;;;;
2025/04/12;1000 UTC;;990,5;990,6;989,7;354,7;20,8;17,6;20,8;19,5;17,6;16,4;82;82;82;;;;
2025/04/12;1100 UTC;;991;991;990,5;1180,6;23,2;19,5;23,3;20,8;19,5;17,7;82;79;79;;;;
2025/04/12;1200 UTC;;991,2;991,2;990,9;2046,8;25,5;20;26,5;23,2;21,4;19,4;79;72;72;;;;
2025/04/12;1300 UTC;;991;991,3;991;2290,4;26,6;20;27,4;25;21,6;19,6;74;67;67;;;;
2025/04/12;1400 UTC;;990,4;991;990,3;3014;27,8;19,8;28,7;26,7;21;19,6;67;61;62;;;;
2025/04/12;1500 UTC;;989,6;990,4;989,5;3149,5;28,2;19;29,6;27;21;18,9;63;56;58;;;;
2025/04/12;1600 UTC;;988,7;989,6;988,6;2592,2;29,6;19,1;30,3;27,7;20,3;18,1;58;52;53;;;;
2025/04/12;1700 UTC;;987,7;988,7;987,7;2490,6;29,8;18,2;30,6;28,3;19,9;17,6;54;50;50;;;;
2025/04/12;1800 UTC;;987,5;987,9;987,5;1955,9;29,7;18,5;30,7;28,3;19,3;17,2;55;49;51;;;;
2025/04/12;1900 UTC;;987,7;987,7;987,4;1109;28,6;18,4;29,9;27,7;18,7;17,5;56;50;54;;;;
2025/04/12;2000 UTC;;988,3;988,3;987,7;578,5;26,6;18;28,8;26,6;18,5;17,7;59;53;59;;;;
2025/04/12;2100 UTC;;989,1;989,1;988,3;62,8;24,6;17,9;26,6;24,6;18,1;17,7;66;59;66;;;;
2025/04/12;2200 UTC;;989,9;989,9;989,1;;23,5;17,9;24,6;23,4;18,2;17,9;71;66;71;;;;
2025/04/12;2300 UTC;;990,6;990,6;989,8;;22,7;18,4;23,5;22,6;18,4;17,7;77;71;77;;;;
2025/04/13;0000 UTC;;991,8;991,8;990,6;;22,5;18,7;22,7;22,4;18,8;18,3;79;77;79;;;;
2025/04/13;0100 UTC;;991,9;992;991,8;;22;18,5;22,5;22;18,8;18,5;81;79;81;;;;
2025/04/13;0200 UTC;;992,2;992,3;991,9;;21,7;18,4;22;21,7;18,5;18,3;82;80;82;;;;
2025/04/13;0300 UTC;;991,6;992,2;991,6;;21,6;18,5;21,9;21,6;18,7;18,4;82;82;82;;;;
2025/04/13;0400 UTC;;991;991,6;991;;21,3;18,3;21,7;21,3;18,5;18,2;83;82;83;;;;
2025/04/13;0500 UTC;;990,5;991;990,5;;21,1;18,1;21,3;21;18,3;18,1;83;83;83;;;;
2025/04/13;0600 UTC;;990,3;990,5;990,3;;21,1;18,2;21,2;20,9;18,3;18;84;83;84;;;;
2025/04/13;0700 UTC;;989,9;990,3;989,9;;21;18,2;21,1;21;18,3;18,2;84;84;84;;;;
2025/04/13;0800 UTC;;990,2;990,2;989,8;;20,6;17,8;21;20,6;18,2;17,8;84;84;84;;;;
2025/04/13;0900 UTC;;991;991;990,2;4;20,3;17,6;20,6;20,2;17,8;17,5;84;84;84;;;;
2025/04/13;1000 UTC;;991,7;991,7;991;342,9;21,5;18,5;21,5;20,2;18,6;17,5;85;83;83;;;;
2025/04/13;1100 UTC;;992,7;992,7;991,7;1124,6;23,7;20,1;23,8;21,4;20,3;18,4;84;80;80;;;;
2025/04/13;1200 UTC;;992,9;993;992,7;1841,1;25,7;21,2;26,4;23,6;22;19,8;80;75;76;;;;
2025/04/13;1300 UTC;;992,7;992,9;992,7;1999,6;26,5;20,6;27,5;24,8;22;20,1;76;70;70;;;;
2025/04/13;1400 UTC;;992;992,7;992;2689,6;27,2;20,3;29,1;26,1;22;19,7;72;63;66;;;;
2025/04/13;1500 UTC;;991,2;992;991,2;2532,5;28,4;20;29,6;27,2;21,5;19,6;66;59;60;;;;
2025/04/13;1600 UTC;;990,5;991,2;990,5;1890,8;28,5;19,9;29,9;27,9;21,1;19,1;62;57;60;;;;
2025/04/13;1700 UTC;;989,6;990,5;989,6;2370,3;30,2;19,1;30,4;28;21,1;18,4;60;51;51;;;;
2025/04/13;1800 UTC;;989,2;989,6;989,2;1567,8;28,3;18,4;31,1;28,3;19,9;17,4;55;49;55;;;;
2025/04/13;1900 UTC;;989,1;989,2;988,9;1044,7;27,3;17,9;29,8;27,3;19,3;17,9;56;52;56;;;;
2025/04/13;2000 UTC;;989,1;989,1;989;581,6;26,9;18,2;28,1;26,9;18,8;17,9;59;56;59;;;;
2025/04/13;2100 UTC;;989,3;989,3;989,1;55,1;24,4;17,5;26,9;24,4;18,2;17,5;66;59;66;;;;
2025/04/13;2200 UTC;;990;990;989,3;;23;17,8;24,4;23;18,1;17,6;72;66;72;;;;
2025/04/13;2300 UTC;;990,7;990,7;990;;22,2;17,8;23,1;22,2;18,1;17,7;76;72;76;;;;
2025/04/14;0000 UTC;;991,1;991,1;990,7;;21,7;17,7;22,4;21,7;18,2;17,7;78;76;78;;;;
2025/04/14;0100 UTC;;991;991,1;991;;21,4;17,9;21,9;21,3;18,1;17,8;80;78;80;;;;
2025/04/14;0200 UTC;;991;991,1;990,9;;21,3;17,9;21,6;21,3;18,2;17,8;81;80;81;;;;
2025/04/14;0300 UTC;;990,5;991,1;990,5;;21,1;17,9;21,5;21,1;18,2;17,9;82;81;82;;;;
2025/04/14;0400 UTC;;990;990,5;990;;20,9;17,8;21,3;20,8;18,2;17,7;83;82;83;;;;
2025/04/14;0500 UTC;;989,7;990;989,6;;20,8;17,9;21;20,2;18;17,2;84;82;84;;;;
2025/04/14;0600 UTC;;989;989,7;989;;19,9;17,1;20,8;19,8;17,9;16,9;84;83;84;;;;
2025/04/14;0700 UTC;;988,8;989;988,7;;20;17,3;20,4;19,6;17,7;16,9;85;84;85;;;;
2025/04/14;0800 UTC;;989,2;989,2;988,8;;19,5;16,9;20;19,5;17,3;16,8;85;85;85;;;;
2025/04/14;0900 UTC;;989,9;989,9;989,2;6,1;19,7;17,3;19,7;19;17,3;16,6;86;85;86;;;;
2025/04/14;1000 UTC;;990,9;990,9;989,9;330,5;20,7;18,3;20,7;19,3;18,3;16,9;86;86;86;;;;
2025/04/14;1100 UTC;;991,3;991,3;990,9;1271,9;24;21;24;20,6;21;18,2;86;83;83;;;;
2025/04/14;1200 UTC;;991,8;991,8;991,3;1596,4;26,1;22,3;26,1;24;22,4;20,9;83;79;79;;;;
2025/04/14;1300 UTC;;991,4;991,8;991,4;2502,3;28,7;22,9;28,7;26,1;22,9;21,8;79;70;71;;;;
2025/04/14;1400 UTC;;990,5;991,4;990,5;2865,7;29,4;21,2;30,6;28,2;22,5;20,9;71;60;61;;;;
2025/04/14;1500 UTC;;989,5;990,5;989,5;2956,8;31,1;21,3;31,3;29,5;21,8;20,4;61;55;56;;;;
2025/04/14;1600 UTC;;988,5;989,5;988,5;3108,2;31,9;21,6;32,4;30,5;21,9;19,9;56;51;55;;;;
2025/04/14;1700 UTC;;987,5;988,5;987,5;2741;32,5;18,5;32,7;31,3;23,2;18,5;59;44;44;;;;
2025/04/14;1800 UTC;;986,9;987,5;986,9;1902,1;32,6;20;33,3;31,6;20,2;17,4;48;42;48;;;;
2025/04/14;1900 UTC;;986,8;987;986,8;756,5;30,3;19,4;32,6;30,2;20;17,6;53;43;52;;;;
2025/04/14;2000 UTC;;987,1;987,1;986,8;312,3;29,1;19,3;30,5;29,1;19,7;18,7;55;51;55;;;;
2025/04/14;2100 UTC;;987,5;987,5;987,1;32,8;27;18,8;29,1;27;19,3;18,6;61;55;61;;;;
2025/04/14;2200 UTC;;988;988;987,5;;26,2;20,3;27;26,1;20,3;18,7;70;61;70;;;;
2025/04/14;2300 UTC;;988,9;988,9;988;;25,5;20,2;26,2;25,5;20,4;20,1;72;70;72;;;;
2025/04/15;0000 UTC;;989,4;989,4;988,9;;24,8;20,1;25,5;24,8;20,2;20;75;72;75;;;;
2025/04/15;0100 UTC;;989,4;989,5;989,3;;24,5;19,9;24,9;24,4;20,1;19,9;76;75;76;;;;
2025/04/15;0200 UTC;;989,3;989,5;989,3;;24,4;20,1;24,7;24,3;20,1;19,9;77;76;77;;;;
2025/04/15;0300 UTC;;988,9;989,3;988,9;;24,6;20,2;24,7;24,2;20,4;20;78;76;77;;;;
2025/04/15;0400 UTC;;988,3;988,9;988,3;;24,1;20,1;24,6;23,8;20,2;19,8;78;76;78;;;;
2025/04/15;0500 UTC;;988;988,3;988;;24,3;20,1;24,5;23,9;20,3;19,9;78;77;77;;;;
2025/04/15;0600 UTC;;987,9;988;987,9;;23,9;19,7;24,4;23,8;20,1;19,6;77;76;77;;;;
2025/04/15;0700 UTC;;988,3;988,3;987,9;;23,4;19,7;23,9;23,4;19,7;19,5;80;77;80;;;;
2025/04/15;0800 UTC;;988,6;988,6;988;;23;19,8;23,4;23;19,9;19,7;82;80;82;;;;
2025/04/15;0900 UTC;;989,3;989,3;988,6;2,4;23;19,9;23,1;23;19,9;19,7;83;82;83;;;;
2025/04/15;1000 UTC;;990,2;990,2;989,3;142;23,5;20,5;23,5;23;20,5;19,9;84;83;84;;;;
2025/04/15;1100 UTC;;990,9;990,9;990,2;414,3;24;21,1;24,1;23,4;21,1;20,5;84;83;84;;;;
2025/04/15;1200 UTC;;991,6;991,6;990,9;682,5;24,7;20,9;24,8;24;21,5;20,9;84;79;79;;;;
2025/04/15;1300 UTC;;991,8;991,9;991,6;1318,4;26,4;21,1;26,9;24,6;22;20,5;79;73;73;;;;
2025/04/15;1400 UTC;;991,1;991,8;991,1;2258;28,5;21,7;28,8;26,3;22,3;20,7;74;67;67;;;;
2025/04/15;1500 UTC;;990,1;991,1;990,1;2835,3;29,4;21,5;29,7;28;22,2;20,7;67;63;63;;;;
2025/04/15;1600 UTC;;989,3;990,1;989,3;2223,2;29,8;21,9;30,7;28,1;22,7;20,5;65;61;62;;;;
2025/04/15;1700 UTC;;988,7;989,3;988,7;1496,4;27,8;20,3;30,5;27,8;22,6;20,2;64;62;64;;;;
2025/04/15;1800 UTC;;988,2;988,7;988,2;1001,3;29,3;21,4;29,3;27,5;21,4;20;65;63;63;;;;
2025/04/15;1900 UTC;;988,1;988,3;988;938,8;26,8;18,9;29,5;26,7;21,6;18,9;63;60;62;;;;
2025/04/15;2000 UTC;;988,3;988,4;988;268,3;25,9;18,7;26,8;25,9;18,9;18,7;64;62;64;;;;
2025/04/15;2100 UTC;;989,1;989,1;988,3;15,8;24,9;18,7;25,9;24,9;18,7;18,5;68;64;68;;;;
2025/04/15;2200 UTC;;989,6;989,6;989;;24,3;19;24,9;24,3;19,1;18,7;72;68;72;;;;
2025/04/15;2300 UTC;;990,6;990,6;989,6;;23,7;19,2;24,3;23,6;19,2;18,9;76;72;76;;;;
2025/04/16;0000 UTC;;991,3;991,3;990,6;;23,6;19,5;23,7;23,6;19,5;19,1;78;76;78;;;;
2025/04/16;0100 UTC;;991,2;991,4;991,2;;23,2;19,4;23,8;23,1;19,6;19,4;80;78;80;;;;
2025/04/16;0200 UTC;;990,9;991,2;990,9;;23;19,5;23,2;22,9;19,6;19,4;81;80;81;;;;
2025/04/16;0300 UTC;;990,9;991,2;990,9;;22,9;19,6;23;22,9;19,7;19,5;82;81;82;;;;
2025/04/16;0400 UTC;;990,4;990,9;990,4;;22,8;19,7;23;22,8;19,7;19,6;83;82;82;;;;
2025/04/16;0500 UTC;;990,5;990,5;990,4;;22,8;19,8;22,9;22,7;19,8;19,6;83;82;83;;;;
2025/04/16;0600 UTC;;990,3;990,6;990,3;;22,7;19,7;22,8;22,7;19,8;19,7;83;83;83;;;;
2025/04/16;0700 UTC;;990,2;990,4;990,1;;22,3;19,7;22,9;22,3;20;19,6;85;83;85;;;;
2025/04/16;0800 UTC;;989,7;990,2;989,7;;22,3;19,7;22,4;22,2;19,8;19,6;86;85;86;;;;
2025/04/16;0900 UTC;;989,6;989,9;989,6;,6;22,1;19,6;22,3;22,1;19,7;19,6;86;86;86;;;;
2025/04/16;1000 UTC;;990,1;990,1;989,5;82,1;22,3;19,9;22,3;22,1;19,9;19,6;86;86;86;;;;
2025/04/16;1100 UTC;;990,9;990,9;990,1;281,7;22,8;20,4;22,9;22,3;20,4;19,8;86;86;86;;;;
2025/04/16;1200 UTC;;991,4;991,5;990,9;611,1;23,6;20,9;23,8;22,6;21,1;20;86;84;85;;;;
2025/04/16;1300 UTC;;991,2;991,5;991,1;952;24,8;21,6;24,9;23,6;21,8;20,8;85;82;82;;;;
2025/04/16;1400 UTC;;990,9;991,3;990,9;1127,8;26;22,2;26;24,7;22,2;21,4;82;79;80;;;;
2025/04/16;1500 UTC;;990;990,9;990;1965,9;27;22,4;27,3;25,9;23;21,6;80;75;76;;;;
2025/04/16;1600 UTC;;989,2;990;989,2;2658,8;29;22,6;29;27,1;23;21,6;76;69;69;;;;
2025/04/16;1700 UTC;;988,6;989,2;988,6;1603,5;28,6;21,7;29;28,5;22,7;21,3;69;65;66;;;;
2025/04/16;1800 UTC;;988,1;988,6;988;913,5;28,6;21,2;28,8;28,5;22;20,9;67;63;65;;;;
2025/04/16;1900 UTC;;987,9;988,1;987,9;553,6;27,4;21;28,6;27,4;21,3;20,8;68;64;68;;;;
2025/04/16;2000 UTC;;988,3;988,3;987,9;300,1;26,2;20,5;27,4;26,2;20,9;20,5;71;68;71;;;;
2025/04/16;2100 UTC;;988,7;988,7;988,3;38,7;24,8;20,2;26,2;24,8;20,6;20,2;76;71;76;;;;
2025/04/16;2200 UTC;;989,4;989,4;988,7;;24,5;20,6;24,8;24,4;20,6;20,2;79;76;79;;;;
2025/04/16;2300 UTC;;989,6;989,6;989,2;;24;20,6;24,5;24;20,6;20,5;82;79;82;;;;
2025/04/17;0000 UTC;;989,6;989,7;989,5;;23,8;20,8;24;23,7;20,8;20,6;83;82;83;;;;
2025/04/17;0100 UTC;;989,8;989,8;989,5;;23,6;20,8;23,8;23,6;20,8;20,7;84;83;84;;;;
2025/04/17;0200 UTC;;990,3;990,3;989,8;;23,6;20,8;23,7;23,6;20,9;20,8;85;84;85;;;;
2025/04/17;0300 UTC;;990;990,2;990;;23,5;20,9;23,6;23,5;20,9;20,8;85;85;85;;;;
2025/04/17;0400 UTC;;989,7;990;989,7;;23,4;20,8;23,5;23,3;20,9;20,7;86;85;86;;;;
2025/04/17;0500 UTC;;989,5;989,7;989,5;,3;23,3;20,8;23,4;23,3;20,9;20,8;86;86;86;;;;
2025/04/17;0600 UTC;;989,3;989,6;989,2;;23,2;20,8;23,3;23,2;20,9;20,8;86;86;86;;;;
2025/04/17;0700 UTC;;989,5;989,5;988,8;;23,2;20,8;23,3;23,1;20,8;20,8;86;86;86;;;;
2025/04/17;0800 UTC;;989,3;989,6;989;;23,1;20,8;23,3;23,1;20,9;20,8;87;86;87;;;;
2025/04/17;0900 UTC;;989,8;989,8;989,3;;23,1;20,8;23,2;23;20,9;20,7;87;87;87;;;;
2025/04/17;1000 UTC;;990,9;990,9;989,8;18,1;23,2;20,9;23,2;23,1;20,9;20,8;87;87;87;;;;
2025/04/17;1100 UTC;;991,2;991,2;990,7;225,5;23,8;21,5;23,9;23,2;21,6;20,9;87;87;87;;;;
2025/04/17;1200 UTC;;991,8;991,8;991,2;1245,5;25,7;22,7;26;23,7;23;21,3;87;82;83;;;;
2025/04/17;1300 UTC;;991,6;991,9;991,6;2201,2;28,3;24;28,4;25,7;24,4;22,6;84;77;78;;;;
2025/04/17;1400 UTC;;991;991,7;991;2084,1;28,7;23,8;28,8;28;24,4;23,5;79;75;75;;;;
2025/04/17;1500 UTC;;990,1;991;990,1;2095,3;29,4;23,8;29,8;28,5;24,5;23;76;71;72;;;;
2025/04/17;1600 UTC;;988,9;990,1;988,9;2442,5;29,7;24;30,3;28,3;24,5;22,9;74;70;71;;;;
2025/04/17;1700 UTC;;988,1;988,9;988;1295,4;29,8;23,3;30,2;29,4;24,2;23,2;72;68;68;;;;
2025/04/17;1800 UTC;;988,2;988,3;988,1;1098,4;25,6;21,8;29,8;25,3;23,3;21;80;68;80;;;;
2025/04/17;1900 UTC;;988,7;988,7;987,8;761,3;24,9;21,1;27,1;24,9;23;21,1;80;77;80;;;;
2025/04/17;2000 UTC;;989;989,1;988,6;89,1;24,2;21,2;24,9;23,5;21,2;20,2;84;80;84;;;;
2025/04/17;2100 UTC;;989,8;989,8;989;9,9;23,8;21;24,3;23,8;21,4;21;84;83;84;;;;
2025/04/17;2200 UTC;;990,7;990,7;989,6;2,1;23,6;20,8;23,8;23,6;21,1;20,8;85;84;84;;;;
2025/04/17;2300 UTC;;991;991,1;990,7;1,3;23,5;20,8;23,7;23,4;20,8;20,7;85;84;85;;;;
2025/04/18;0000 UTC;;991;991;990,8;1,6;23,4;20,8;23,5;23,3;20,8;20,7;85;85;85;;;;
2025/04/18;0100 UTC;;991,5;991,5;990,9;,6;23,3;20,8;23,4;23,3;20,8;20,7;86;85;86;;;;
2025/04/18;0200 UTC;;991,2;991,5;991;;23,2;20,8;23,3;23,2;20,8;20,7;86;86;86;;;;
2025/04/18;0300 UTC;;991,2;991,3;991;;23,1;20,7;23,2;23;20,7;20,6;86;86;86;;;;
2025/04/18;0400 UTC;;990,9;991,2;990,9;1,1;23;20,6;23,1;23;20,7;20,5;86;86;86;;;;
2025/04/18;0500 UTC;;990,3;991;990,2;;22,6;20,3;23;22,6;20,7;20,3;87;86;87;;;;
2025/04/18;0600 UTC;;989,9;990,3;989,9;;22,6;20,3;22,7;22,6;20,4;20,3;87;87;87;;;;
2025/04/18;0700 UTC;;990;990;989,8;,2;22,5;20,2;22,7;22,4;20,4;20,2;87;87;87;;;;
2025/04/18;0800 UTC;;990;990;989,8;,9;22,4;20,1;22,5;22,4;20,2;20,1;87;87;87;;;;
2025/04/18;0900 UTC;;990,6;990,7;990;1,3;22,3;20,1;22,5;22,3;20,2;20,1;87;87;87;;;;
2025/04/18;1000 UTC;;991,1;991,1;990,6;78,8;22,4;20,2;22,4;22,2;20,2;20;87;87;87;;;;
2025/04/18;1100 UTC;;991,5;991,5;991,1;418,2;23,2;20,8;23,3;22,3;20,9;20,1;87;86;86;;;;
2025/04/18;1200 UTC;;991,8;991,9;991,5;671,8;24,2;21,6;24,2;23,2;21,6;20,7;86;85;85;;;;
2025/04/18;1300 UTC;;991,9;992,2;991,8;1104,5;25;22;25,3;23,9;22,4;21,1;85;83;83;;;;
2025/04/18;1400 UTC;;991,6;991,9;991,6;1399,7;25,4;21,9;25,9;25;22,7;21,9;84;81;81;;;;
2025/04/18;1500 UTC;;990,6;991,6;990,6;1482,7;26,6;23;26,8;24,6;23,4;21,5;84;81;81;;;;
2025/04/18;1600 UTC;;989,9;990,6;989,9;1234,2;27,1;22,9;27,6;25,7;23,6;22,1;81;78;78;;;;
2025/04/18;1700 UTC;;989,4;989,9;989,4;1425;27,4;22,5;27,9;26,5;23,3;22,2;79;75;75;;;;
2025/04/18;1800 UTC;;988,6;989,4;988,6;862,4;26,7;22,2;27,4;26,4;22,7;21,9;77;75;76;;;;
2025/04/18;1900 UTC;;988,9;988,9;988,6;653,8;26,2;21,9;26,7;26,1;22,2;21,7;78;76;77;;;;
2025/04/18;2000 UTC;;989,3;989,3;988,9;264;25,2;21,3;26,2;25,2;21,9;21,3;79;77;79;;;;
2025/04/18;2100 UTC;;989,4;989,5;989,3;15,1;24,3;20,7;25,2;24,3;21,2;20,7;81;79;81;;;;
2025/04/18;2200 UTC;;990,1;990,1;989,4;;23,6;20,4;24,3;23,6;20,8;20,3;82;81;82;;;;
2025/04/18;2300 UTC;;991,5;991,6;990,1;;23,6;20,5;23,8;23,6;20,6;20,4;83;82;83;;;;
2025/04/19;0000 UTC;;991,8;991,8;991,5;;23,3;20,6;23,6;23,3;20,7;20,5;85;83;85;;;;
2025/04/19;0100 UTC;;992;992;991,8;;23,4;20,7;23,5;23,3;20,9;20,6;85;85;85;;;;
2025/04/19;0200 UTC;;991,8;992;991,7;;23,4;20,8;23,5;23,3;20,9;20,7;85;85;85;;;;
2025/04/19;0300 UTC;;991,1;991,8;991,1;;23,1;20,5;23,5;23;20,9;20,5;86;85;86;;;;
2025/04/19;0400 UTC;;990,5;991,1;990,5;;23,1;20,7;23,2;23;20,7;20,5;86;86;86;;;;
2025/04/19;0500 UTC;;990,4;990,5;990;;23,1;20,6;23,1;23;20,7;20,5;86;86;86;;;;
2025/04/19;0600 UTC;;990;990,4;989,9;;22,9;20,5;23,1;22,9;20,6;20,5;86;86;86;;;;
2025/04/19;0700 UTC;;989,7;990;989,7;,3;23;20,7;23,1;22,9;20,7;20,5;87;86;87;;;;
2025/04/19;0800 UTC;;989,6;989,7;989,4;;22,9;20,5;23;22,7;20,7;20,4;87;87;87;;;;
2025/04/19;0900 UTC;;989,9;990;989,6;1,5;22,9;20,6;22,9;22,8;20,6;20,5;87;87;87;;;;
2025/04/19;1000 UTC;;990,4;990,4;989,9;181,9;23,3;21;23,5;22,9;21,2;20,6;87;87;87;;;;
2025/04/19;1100 UTC;;990,6;990,7;990,4;398;23,6;21,2;23,7;23,3;21,4;20,9;87;86;86;;;;
2025/04/19;1200 UTC;;991;991;990,6;755,2;24,2;21,7;24,7;23,6;22,3;21,3;87;85;86;;;;
2025/04/19;1300 UTC;;990,6;991;990,5;1504;25,8;22,7;26;24,1;23,2;21,6;87;82;83;;;;
2025/04/19;1400 UTC;;989,9;990,6;989,9;2354,6;27,7;24;28,3;25,4;24,8;22,2;84;79;80;;;;
2025/04/19;1500 UTC;;989,1;989,9;989,1;2333,8;27,3;23,1;28;25,7;24,2;21,8;81;78;78;;;;
2025/04/19;1600 UTC;;987,9;989,1;987,9;2197,2;27,3;22,6;27,3;26,3;23;21,8;79;76;76;;;;
2025/04/19;1700 UTC;;987,4;987,9;987,4;2816,6;28,1;23,1;29,3;27,2;24,2;22,4;76;73;74;;;;
2025/04/19;1800 UTC;;987,1;987,4;987,1;1252,8;27,6;22,8;28;27;23,1;22,2;76;74;75;;;;
2025/04/19;1900 UTC;;987;987,3;986,9;855,9;26,8;22,1;27,8;26,8;22,9;22,1;76;74;76;;;;
2025/04/19;2000 UTC;;987,4;987,5;987;352,3;25,8;21,5;26,8;25,8;22,2;21,5;77;76;77;;;;
2025/04/19;2100 UTC;;987,4;987,5;987,4;18,9;24,5;20,7;25,8;24,5;21,5;20,7;79;77;79;;;;
2025/04/19;2200 UTC;;987,6;987,7;987,4;;23,9;20,6;24,5;23,9;20,7;20,5;82;79;82;;;;
2025/04/19;2300 UTC;;987,7;987,8;987,5;;24;20,8;24;23,7;20,8;20,4;82;81;82;;;;
2025/04/20;0000 UTC;;987,7;987,8;987,5;;23,6;20,5;24;23,6;20,8;20,5;83;82;83;;;;
2025/04/20;0100 UTC;;987,7;987,7;987,3;;23,3;20,4;23,6;23,3;20,6;20,4;84;83;84;;;;
2025/04/20;0200 UTC;;987,4;987,7;987,4;;23,1;20,3;23,3;23,1;20,5;20,3;84;84;84;;;;
2025/04/20;0300 UTC;;987,1;987,4;987;;23;20,4;23,1;22,9;20,4;20,2;85;84;85;;;;
2025/04/20;0400 UTC;;986,9;987,3;986,9;;23,1;20,5;23,3;23;20,7;20,3;85;85;85;;;;
2025/04/20;0500 UTC;;986,5;987,1;986,4;;23;20,5;23,1;22,8;20,5;20,3;86;85;86;;;;
2025/04/20;0600 UTC;;986,6;986,6;985,8;;22,8;20,4;23,2;22,8;20,7;20,4;86;86;86;;;;
2025/04/20;0700 UTC;;986,3;986,7;986,3;;22,9;20,5;22,9;22,8;20,5;20,3;86;86;86;;;;
2025/04/20;0800 UTC;;986,6;986,7;986,2;;22,7;20,4;22,9;22,6;20,5;20,2;87;86;87;;;;
2025/04/20;0900 UTC;;987,1;987,1;986,5;1,5;22,5;20,1;22,7;22,4;20,4;20,1;87;87;87;;;;
2025/04/20;1000 UTC;;987,2;987,2;987;288;23,2;20,9;23,2;22,4;21;20,1;87;87;87;;;;
2025/04/20;1100 UTC;;987,2;987,4;987,2;986,8;25,5;22,5;25,5;23,2;22,6;20,9;87;83;83;;;;
2025/04/20;1200 UTC;;987,3;987,4;987,2;1903,4;27,5;23,4;27,8;25,5;24;22,4;83;78;78;;;;
2025/04/20;1300 UTC;;987,6;987,7;987,3;2255;28,7;23,5;29,3;27,3;24,2;22,8;79;72;73;;;;
2025/04/20;1400 UTC;;986,8;987,6;986,8;2742,2;30,4;24,1;30,4;28,7;24,3;22,9;73;68;69;;;;
2025/04/20;1500 UTC;;985,4;986,8;985,4;2815,1;31,1;23,6;31,4;29,7;24,4;23;69;65;65;;;;
2025/04/20;1600 UTC;;984,8;985,4;984,8;2829,6;30,8;23;32,6;30,7;24,6;22,8;65;61;63;;;;
2025/04/20;1700 UTC;;984;984,8;984;2083,9;30,7;22,7;33,2;30,5;24,5;22,2;64;58;62;;;;
2025/04/20;1800 UTC;;983,6;984;983,5;1036,9;30;22,3;32,3;30;23,8;22;64;59;63;;;;
2025/04/20;1900 UTC;;983,7;983,7;983,4;1320,5;31,2;22,1;32,4;30;23,3;21,8;64;57;58;;;;
2025/04/20;2000 UTC;;984,1;984,1;983,7;476,6;29,5;21,5;31,2;29,5;21,9;21,4;62;58;62;;;;
2025/04/20;2100 UTC;;984,5;984,5;984,1;29,1;28;21,1;29,7;28;21,8;20,9;66;62;66;;;;
2025/04/20;2200 UTC;;985,2;985,2;984,5;;25,9;20,7;28;25,9;21,1;20,6;73;66;73;;;;
2025/04/20;2300 UTC;;985,7;985,7;985,2;;25,2;21,2;25,9;25,1;21,2;20,7;79;73;79;;;;
2025/04/21;0000 UTC;;986,7;986,8;985,7;;24,8;21,3;25,7;24,7;21,8;21,1;81;79;81;;;;
2025/04/21;0100 UTC;;987,2;987,3;986,8;5,2;24,2;20,6;24,8;24,1;21,2;20,6;81;80;80;;;;
2025/04/21;0200 UTC;;987,3;987,5;987,2;1,8;24;20,5;24,3;23,9;20,7;20,5;81;80;81;;;;
2025/04/21;0300 UTC;;987,1;987,4;987,1;;23,4;20,1;24;23,3;20,6;20;82;81;82;;;;
2025/04/21;0400 UTC;;986,8;987,1;986,7;;22,9;19,7;23,5;22,9;20,1;19,7;82;81;82;;;;
2025/04/21;0500 UTC;;987,1;987,1;986,8;;22,9;19,7;23,2;22,9;20;19,7;82;82;82;;;;
2025/04/21;0600 UTC;;986,9;987,3;986,9;;22,6;19,6;22,9;22,6;19,8;19,6;83;82;83;;;;
2025/04/21;0700 UTC;;986,6;987;986,6;;22,4;19,4;22,7;22,4;19,6;19,4;83;83;83;;;;
2025/04/21;0800 UTC;;987;987;986,6;;21,9;18,9;22,4;21,8;19,4;18,9;83;83;83;;;;
2025/04/21;0900 UTC;;987,3;987,4;987;1,3;22,1;19,1;22,1;21,6;19,1;18,7;84;83;83;;;;
2025/04/21;1000 UTC;;987,8;987,8;987,2;289,9;22,9;19,6;23;22,1;19,8;19,1;83;82;82;;;;
2025/04/21;1100 UTC;;988,3;988,3;987,8;1112,9;24,4;20,3;24,6;22,8;20,6;19,5;82;78;78;;;;
2025/04/21;1200 UTC;;989,2;989,2;988,3;1638,2;25,1;20,5;25,7;24,4;21;20,3;78;74;75;;;;
2025/04/21;1300 UTC;;989;989,3;989;1702,9;26,7;20,8;26,8;25,1;21,5;20,4;76;70;70;;;;
2025/04/21;1400 UTC;;988,6;989,1;988,6;1759,4;27,6;21;27,6;26;21,4;20,2;71;67;67;;;;
2025/04/21;1500 UTC;;987,7;988,6;987,7;2396,1;28,5;20,9;29,5;27,3;22,2;20;68;62;63;;;;
2025/04/21;1600 UTC;;986,7;987,7;986,7;2466,1;29;20,8;29,5;27,4;21,5;20;65;61;61;;;;
2025/04/21;1700 UTC;;986,6;986,7;986,6;1202,3;27;20,5;29,6;26,7;21,6;19,7;68;61;68;;;;
2025/04/21;1800 UTC;;986,7;986,8;986,5;799,8;26,1;20;27,5;25,6;20,9;19,2;70;66;69;;;;
2025/04/21;1900 UTC;;986,8;986,8;986,7;698,7;26,5;20,1;26,5;25,8;20,4;19,6;70;68;68;;;;
2025/04/21;2000 UTC;;987,4;987,4;986,8;401;25,3;18,9;26,5;25,3;19,8;18,8;68;65;68;;;;
2025/04/21;2100 UTC;;987,7;987,7;987,3;36,1;23,9;18,7;25,3;23,9;18,9;18,7;73;68;73;;;;
2025/04/21;2200 UTC;;988,4;988,4;987,6;;23,4;18,9;23,9;23,3;19;18,5;76;73;76;;;;
2025/04/21;2300 UTC;;989,4;989,4;988,4;;22,8;18,6;23,5;22,8;18,9;18,6;77;76;77;;;;
2025/04/22;0000 UTC;;989,6;989,6;989,4;;22,6;18,8;22,8;22,4;18,8;18,5;79;77;79;;;;
2025/04/22;0100 UTC;;989,6;989,6;989,5;;22,3;18,8;23;22,3;19,1;18,8;81;79;81;;;;
2025/04/22;0200 UTC;;989,6;989,8;989,6;;22,3;19;22,5;22,3;19,1;18,8;82;81;82;;;;
2025/04/22;0300 UTC;;989,3;989,7;989,3;1,1;22;18,9;22,4;22;19;18,9;82;82;82;;;;
2025/04/22;0400 UTC;;988,8;989,3;988,8;,1;22;18,9;22,1;22;19;18,9;83;82;82;;;;
2025/04/22;0500 UTC;;988,7;988,8;988,7;;21,8;18,8;22;21,8;18,9;18,8;83;82;83;;;;
2025/04/22;0600 UTC;;988,6;988,8;988,6;;21,6;18,6;21,9;21,5;18,9;18,6;83;83;83;;;;
2025/04/22;0700 UTC;;988,5;988,6;988,3;;20,9;18,1;21,6;20,9;18,6;18,1;84;83;84;;;;
2025/04/22;0800 UTC;;989,3;989,3;988,5;;21,1;18,3;21,1;20,9;18,3;18,1;84;84;84;;;;
2025/04/22;0900 UTC;;989,9;989,9;989,3;;21,1;18,2;21,2;21;18,4;18,2;84;84;84;;;;
2025/04/22;1000 UTC;;990,5;990,5;989,9;82,7;21,3;18,3;21,3;21,1;18,4;18,2;84;83;83;;;;
2025/04/22;1100 UTC;;991,2;991,2;990,5;307,9;22;18,8;22;21,3;18,8;18,4;84;82;82;;;;
2025/04/22;1200 UTC;;991,6;991,6;991,1;1061,6;23,7;19,8;23,8;22;20,1;18,8;82;79;79;;;;
2025/04/22;1300 UTC;;991,7;991,9;991,6;974,7;24;19,7;24,2;23,3;20,1;19,3;79;77;77;;;;
2025/04/22;1400 UTC;;991,2;991,7;991,2;807,2;24;19,6;24,4;23,8;20,1;19,4;77;76;76;;;;
2025/04/22;1500 UTC;;990,5;991,2;990,5;1234;25,4;20;26,2;24;21,2;19,6;76;72;72;;;;
2025/04/22;1600 UTC;;989,9;990,5;989,9;1509,7;25,9;20,1;26,5;25,4;21;19,9;73;70;70;;;;
2025/04/22;1700 UTC;;989,5;989,9;989,5;1227,8;25,7;19,6;27,1;25,6;20,9;19,4;70;67;69;;;;
2025/04/22;1800 UTC;;989,3;989,5;989,3;750,7;25,3;19,4;25,9;25,2;19,9;19,3;70;69;70;;;;
2025/04/22;1900 UTC;;989,7;989,7;989,3;597,9;25,3;19;25,5;25,2;19,5;18,9;70;68;68;;;;
2025/04/22;2000 UTC;;989,9;989,9;989,6;389,7;24,3;18,5;25,3;24,3;19;18,4;70;68;70;;;;
2025/04/22;2100 UTC;;990,2;990,2;989,9;23;22,7;17,8;24,3;22,7;18,5;17,8;74;70;74;;;;
2025/04/22;2200 UTC;;990,7;990,7;990,2;;21,9;17,8;22,7;21,8;17,9;17,5;77;74;77;;;;
2025/04/22;2300 UTC;;991,1;991,1;990,7;;21,1;17,4;21,9;21,1;17,8;17,4;80;77;80;;;;
2025/04/23;0000 UTC;;991,5;991,5;991,1;;21,1;17,8;21,2;20,9;17,8;17,3;81;80;81;;;;
2025/04/23;0100 UTC;;991,8;991,8;991,5;;21,7;18,2;21,7;21,2;18,2;17,9;82;81;81;;;;
2025/04/23;0200 UTC;;991,7;991,9;991,7;;21,4;18;21,7;21,4;18,2;18;81;81;81;;;;
2025/04/23;0300 UTC;;991,4;991,6;991,4;;21,2;18,1;21,4;21,2;18,1;18;82;81;82;;;;
2025/04/23;0400 UTC;;991,1;991,4;991,1;;21,1;18,1;21,2;21,1;18,1;18;83;82;83;;;;
2025/04/23;0500 UTC;;990,6;991,1;990,6;;21,1;18,2;21,2;21,1;18,2;18,1;83;83;83;;;;
2025/04/23;0600 UTC;;990,5;990,6;990,4;;21;18,1;21,1;20,9;18,2;18;84;83;83;;;;
2025/04/23;0700 UTC;;990,7;990,7;990,4;;21;18,1;21,1;20,9;18,2;18;84;83;84;;;;
2025/04/23;0800 UTC;;990,8;990,8;990,6;;20,9;18;21,1;20,9;18,2;18;84;83;84;;;;
2025/04/23;0900 UTC;;991,5;991,5;990,8;;21;18,2;21;20,9;18,2;18;84;84;84;;;;
2025/04/23;1000 UTC;;991,8;991,8;991,5;217,9;21,9;18,9;21,9;20,7;18,9;17,9;84;83;83;;;;
2025/04/23;1100 UTC;;992,5;992,5;991,8;1054,9;23,7;19,4;24;21,8;20;18,7;83;77;77;;;;
2025/04/23;1200 UTC;;993,3;993,3;992,5;1860,5;25,7;20,3;25,7;23,7;20,3;19,3;77;72;72;;;;
2025/04/23;1300 UTC;;993,3;993,4;993,2;2387,4;26,6;19,3;27,4;25,1;21;19,2;72;64;64;;;;
2025/04/23;1400 UTC;;992,6;993,3;992,6;1785,7;27;19,3;27,5;26,3;20,1;18,9;66;63;63;;;;
2025/04/23;1500 UTC;;992;992,6;992;1675,9;26,1;18,4;28,2;26,1;20,6;18,4;64;61;63;;;;
2025/04/23;1600 UTC;;991,3;992;991,3;1368,7;27,4;19,6;27,4;25,8;19,6;18,3;65;62;62;;;;
2025/04/23;1700 UTC;;990,6;991,3;990,6;2013,4;28,4;20,2;28,4;26,2;20,2;18,5;64;60;61;;;;
2025/04/23;1800 UTC;;990,6;990,7;990,6;1352,2;26,1;18,4;28,6;26,1;20;18,2;63;59;63;;;;
2025/04/23;1900 UTC;;990,9;990,9;990,6;534,3;26;18,6;26,3;26;18,8;18,1;64;62;64;;;;
2025/04/23;2000 UTC;;991;991;990,9;143;24,9;17,8;26;24,9;18,6;17,7;65;63;65;;;;
2025/04/23;2100 UTC;;991,1;991,1;990,8;10,4;23,9;18,3;24,9;23,9;18,3;17,8;71;65;71;;;;
2025/04/23;2200 UTC;;991,4;991,4;991,1;;22,5;18;23,9;22,5;18,4;18;76;71;76;;;;
2025/04/23;2300 UTC;;991,8;991,8;991,4;;21,8;18;22,5;21,8;18,2;18;79;76;79;;;;
2025/04/24;0000 UTC;;992,2;992,2;991,8;;21,3;18;21,8;21,3;18,1;17,9;81;79;81;;;;
2025/04/24;0100 UTC;;992,3;992,3;992,1;;21;17,9;21,4;21;18,2;17,8;82;81;82;;;;
2025/04/24;0200 UTC;;992,3;992,4;992,2;;21,4;18,4;21,4;21;18,4;17,9;83;82;83;;;;
2025/04/24;0300 UTC;;992;992,4;992;;21,2;18,3;21,5;21,2;18,5;18,2;83;83;83;;;;
2025/04/24;0400 UTC;;991,5;992;991,5;0;21,4;18,5;21,4;21,2;18,5;18,2;84;83;84;;;;
2025/04/24;0500 UTC;;991,1;991,5;991,1;,1;21,5;18,7;21,6;21,4;18,8;18,5;84;84;84;;;;
2025/04/24;0600 UTC;;990,9;991,1;990,9;,5;21,3;18,5;21,6;21,3;18,8;18,5;84;84;84;;;;
2025/04/24;0700 UTC;;990,6;991;990,6;;20,9;18,3;21,3;20,9;18,6;18,3;85;84;85;;;;
2025/04/24;0800 UTC;;990,7;990,7;990,4;;20,2;17,7;21;20,2;18,3;17,5;85;84;85;;;;
2025/04/24;0900 UTC;;990,8;990,8;990,7;2,8;19,6;17;20,5;19,6;18;17;86;85;85;;;;
2025/04/24;1000 UTC;;991,4;991,4;990,8;245,8;20,8;18,4;20,8;19,4;18,4;16,9;86;85;86;;;;
2025/04/24;1100 UTC;;991,7;991,8;991,4;780;22,1;19,5;22,6;20,7;20,2;18,3;87;85;85;;;;
2025/04/24;1200 UTC;;992;992,1;991,7;1849;25,9;21,9;25,9;22;22;19,4;85;78;79;;;;
2025/04/24;1300 UTC;;991,9;992,2;991,9;2317,5;26,3;21,4;26,9;25,6;22,3;20,5;79;72;74;;;;
2025/04/24;1400 UTC;;990,8;991,9;990,8;2458,5;27,5;20,3;28,8;26,4;22;19,8;74;63;65;;;;
2025/04/24;1500 UTC;;989,8;990,8;989,8;1873,1;28,8;20,6;29,1;27,3;21,7;19,5;65;61;61;;;;
2025/04/24;1600 UTC;;989;989,8;989;2033,4;29,9;19,9;30,2;28;20,7;18,8;61;54;55;;;;
2025/04/24;1700 UTC;;988,1;989;988,1;2367,3;29,6;18,8;30,4;28,9;20,2;17,9;55;50;52;;;;
2025/04/24;1800 UTC;;987,8;988,1;987,7;913,3;28,5;17,9;29,6;28,5;18,9;17,8;54;52;53;;;;
2025/04/24;1900 UTC;;987,8;987,8;987,7;494,2;26,9;19;28,5;26,9;19,3;17,8;62;53;62;;;;
2025/04/24;2000 UTC;;987,9;988;987,8;462,1;25,4;19,2;26,9;25,4;19,6;19;69;62;69;;;;
2025/04/24;2100 UTC;;988,3;988,3;987,9;26,4;23,6;19;25,4;23,5;19,2;18,8;75;69;75;;;;
2025/04/24;2200 UTC;;988,7;988,7;988,3;;22,6;18,6;23,6;22,6;19;18,6;78;75;78;;;;
2025/04/24;2300 UTC;;989;989,1;988,7;;22,2;18,5;22,6;21,9;18,6;18,1;80;78;80;;;;
2025/04/25;0000 UTC;;989,4;989,4;989;;22,5;18,8;22,5;21,9;18,8;18,3;80;80;80;;;;
2025/04/25;0100 UTC;;989,6;989,6;989,4;;22;18,3;22,7;22;18,8;18,2;80;79;79;;;;
2025/04/25;0200 UTC;;989,5;989,6;989,5;;22,3;18,3;22,6;21,9;18,7;18,3;80;78;78;;;;
2025/04/25;0300 UTC;;989;989,5;989;;21,8;18,2;22,3;21,7;18,3;18;80;78;80;;;;
2025/04/25;0400 UTC;;988,1;989;988,1;;21,7;18;22,3;21,7;18,6;18;80;79;80;;;;
2025/04/25;0500 UTC;;987,7;988,1;987,7;;21,9;18,3;22;21,5;18,4;17,9;80;80;80;;;;
2025/04/25;0600 UTC;;987,6;987,8;987,6;;21,7;18,2;22,1;21,6;18,5;18;80;80;80;;;;
2025/04/25;0700 UTC;;987,5;987,7;987,5;;21,5;18,1;21,8;21,3;18,3;17,9;81;80;81;;;;
2025/04/25;0800 UTC;;987,9;987,9;987,5;;20,7;17,5;21,5;20,6;18,1;17,4;82;81;82;;;;
2025/04/25;0900 UTC;;988,2;988,2;987,8;5;20,3;17,2;20,8;20,2;17,7;17,1;83;82;83;;;;
2025/04/25;1000 UTC;;988,9;988,9;988,2;215,7;21,4;18,3;21,4;20,2;18,3;17,1;83;82;83;;;;
2025/04/25;1100 UTC;;989,5;989,5;988,9;951,9;23,5;19,9;23,5;21,4;19,9;18,3;83;80;80;;;;
2025/04/25;1200 UTC;;989,4;989,5;989,4;1360;25,5;20,5;25,5;23,4;21;19,6;80;74;74;;;;
2025/04/25;1300 UTC;;989,1;989,5;989,1;2148,7;27,2;20,3;27,6;25,4;21,2;20,2;74;66;66;;;;
2025/04/25;1400 UTC;;987,9;989,1;987,9;2510,9;28,5;20,5;28,5;27,2;20,8;19,7;66;62;62;;;;
2025/04/25;1500 UTC;;986,8;987,9;986,8;2508,1;29,7;19,9;30,1;28;20,9;19,4;63;56;56;;;;
2025/04/25;1600 UTC;;985,8;986,8;985,8;2558,7;30,8;20,1;30,8;29;20,7;19,1;57;53;53;;;;
2025/04/25;1700 UTC;;985,1;985,8;985,1;1816,1;30,5;19;31,1;29,7;19,9;18,6;54;50;50;;;;
2025/04/25;1800 UTC;;984,4;985,1;984,4;1794,8;31,5;19,1;31,8;29,8;19,5;18;51;47;48;;;;
2025/04/25;1900 UTC;;984,5;984,5;984,3;1266,2;30,8;17,9;32;30,6;19,5;17,6;48;45;46;;;;
2025/04/25;2000 UTC;;984,5;984,5;984,4;460,3;29,8;18,3;30,8;29,7;18,4;17,6;50;46;50;;;;
2025/04/25;2100 UTC;;985;985;984,5;23,5;27,6;18,3;29,9;27,4;18,3;17,5;57;49;57;;;;
2025/04/25;2200 UTC;;985,6;985,6;985;;26;18,1;27,7;26;18,5;18;62;57;62;;;;
2025/04/25;2300 UTC;;986,2;986,2;985,6;;25;18,6;26,1;24,1;18,7;17,5;69;62;68;;;;
2025/04/26;0000 UTC;;986,5;986,6;986,2;;23,7;18,1;25,6;23,7;19;18,1;71;67;71;;;;
2025/04/26;0100 UTC;;986,3;986,5;986,3;;24;19,4;24;22,9;19,4;18;76;71;76;;;;
2025/04/26;0200 UTC;;986,3;986,3;986,2;;23,7;19,5;24,3;23,6;19,8;19,4;77;76;77;;;;
2025/04/26;0300 UTC;;986;986,3;986;;24,1;19,8;24,3;23,6;20;19,4;78;77;77;;;;
2025/04/26;0400 UTC;;985,3;986;985,3;;23;19,1;24,1;22,9;19,8;19;79;77;79;;;;
2025/04/26;0500 UTC;;985,4;985,4;985,3;;22,3;18,8;23;22,2;19,2;18,7;81;79;81;;;;
2025/04/26;0600 UTC;;985,4;985,5;985,3;;21,9;18,7;22,3;21,9;18,9;18,6;82;81;82;;;;
2025/04/26;0700 UTC;;986;986;985,3;,1;22,1;19,1;22,1;21,6;19,1;18,5;83;82;83;;;;
2025/04/26;0800 UTC;;986,6;986,6;986;;22,8;20;22,8;22,1;20;19,1;84;83;84;;;;
2025/04/26;0900 UTC;;987,8;987,8;986,6;3,6;22,7;20;22,9;22,7;20,1;19,9;85;84;84;;;;
2025/04/26;1000 UTC;;988,7;988,7;987,8;182,6;23,4;20,5;23,4;22,7;20,5;20;85;84;84;;;;
2025/04/26;1100 UTC;;989,3;989,3;988,7;410;24,1;21;24,1;23,4;21;20,5;84;82;83;;;;
2025/04/26;1200 UTC;;989,6;989,6;989,3;1142,8;25,6;21,7;25,9;24,1;22,1;20,9;83;79;79;;;;
2025/04/26;1300 UTC;;989,3;989,6;989,2;1534,9;26,5;21,7;27,3;25,6;22,5;21,6;79;74;75;;;;
2025/04/26;1400 UTC;;988,1;989,3;988,1;2002,7;27,4;21,4;28,6;26,5;23,4;21,2;75;69;70;;;;
2025/04/26;1500 UTC;;987,1;988,1;987,1;912,4;27,6;21,5;27,9;27,2;21,8;21,2;70;69;69;;;;
2025/04/26;1600 UTC;;986,4;987,1;986,4;1545,8;28,7;21,7;28,9;27,6;22;21,3;69;65;66;;;;
2025/04/26;1700 UTC;;985,5;986,4;985,5;1303,2;28,3;21,1;29,9;28,3;22,3;20,9;66;62;65;;;;
2025/04/26;1800 UTC;;985,3;985,5;985,2;1006,9;27,9;20,9;29,3;27,9;21,9;20,9;66;64;66;;;;
2025/04/26;1900 UTC;;985,9;985,9;985,3;452,3;27;20,6;28;27;21,1;20,6;69;66;68;;;;
2025/04/26;2000 UTC;;986,5;986,7;985,8;218,9;25,6;20,4;27;25,6;20,6;20,3;73;68;73;;;;
2025/04/26;2100 UTC;;986,7;986,8;986,2;11,7;24,6;20;25,6;24,6;20,3;20;76;73;76;;;;
2025/04/26;2200 UTC;;987,5;987,5;986,7;;24;20;24,6;24;20,1;20;78;76;78;;;;
2025/04/26;2300 UTC;;988,5;988,6;987,5;;23,7;20;24;23,7;20;19,9;80;78;80;;;;
2025/04/27;0000 UTC;;988,6;988,7;988,2;;23,6;20,1;23,7;23,5;20,1;19,9;81;80;81;;;;
2025/04/27;0100 UTC;;989,1;989,3;988,6;;23,6;20,2;23,6;23,5;20,2;20,1;82;81;82;;;;
2025/04/27;0200 UTC;;989,1;989,2;988,9;;23,2;20;23,6;23,2;20,2;20;82;82;82;;;;
2025/04/27;0300 UTC;;988,8;989,4;988,8;;23,1;20;23,3;23,1;20,1;20;83;82;83;;;;
2025/04/27;0400 UTC;;988,3;988,8;988,2;;23;19,9;23,1;23;20;19,9;83;83;83;;;;
2025/04/27;0500 UTC;;988,1;988,3;988,1;;22,9;19,8;23;22,8;20;19,8;83;83;83;;;;
2025/04/27;0600 UTC;;988,1;988,2;988;;22,7;19,7;22,9;22,7;19,9;19,7;83;83;83;;;;
2025/04/27;0700 UTC;;987,7;988;987,6;;22,6;19,7;22,8;22,6;19,8;19,7;84;83;84;;;;
2025/04/27;0800 UTC;;987,9;987,9;987,6;;22,3;19,6;22,6;22,3;19,8;19,5;84;84;84;;;;
2025/04/27;0900 UTC;;988,6;988,6;987,9;1,7;22,1;19,4;22,3;22,1;19,6;19,4;84;84;84;;;;
2025/04/27;1000 UTC;;989,3;989,3;988,6;136,4;22,7;20;22,7;22,1;20;19,3;85;84;85;;;;
2025/04/27;1100 UTC;;989,9;989,9;989,3;419,6;23,8;20,8;23,9;22,7;21;20;85;84;84;;;;
2025/04/27;1200 UTC;;990,3;990,3;989,9;1242,9;25,7;21,6;26,3;23,8;22,7;20,9;84;78;78;;;;
2025/04/27;1300 UTC;;990,4;990,4;990,3;1678,5;26,9;21,8;27,4;25,6;23;21,7;80;73;74;;;;
2025/04/27;1400 UTC;;989,4;990,4;989,4;2240,3;27,3;21,2;29,6;26,7;23,4;21,1;74;68;69;;;;
2025/04/27;1500 UTC;;988,5;989,4;988,5;1933,3;28,4;21,6;30;27,3;23,2;21,3;71;66;67;;;;
2025/04/27;1600 UTC;;987,7;988,5;987,7;1308,5;29,2;21,6;29,3;28,3;21,9;21,2;67;64;64;;;;
2025/04/27;1700 UTC;;986,8;987,7;986,8;1599,1;30,1;21,6;30,1;28,9;22;20,9;64;60;60;;;;
2025/04/27;1800 UTC;;986,2;986,8;986,2;1511,2;28,9;20,7;30,4;28,8;22;20,6;63;59;61;;;;
2025/04/27;1900 UTC;;986,1;986,2;986,1;697,3;29;21,1;29,1;28,3;21,3;20,7;65;61;62;;;;
2025/04/27;2000 UTC;;986,4;986,4;986,1;322;27,2;20,4;29;27,2;21;20,4;66;62;66;;;;
2025/04/27;2100 UTC;;986,6;986,6;986,3;14,7;24,9;20;27,2;24,9;20,4;20;74;66;74;;;;
2025/04/27;2200 UTC;;987,2;987,2;986,6;;23,9;19,3;25;23,9;20,2;19,3;76;74;76;;;;
2025/04/27;2300 UTC;;987,7;987,7;987,2;;23,1;19,1;23,9;23,1;19,3;19,1;78;76;78;;;;
2025/04/28;0000 UTC;;988,7;988,7;987,7;;22,9;19,3;23,1;22,7;19,3;19,1;81;78;81;;;;
2025/04/28;0100 UTC;;988,6;988,8;988,5;;22,8;19,5;22,9;22,7;19,5;19,2;82;81;82;;;;
2025/04/28;0200 UTC;;988,5;988,7;988,5;;22,6;19,6;22,8;22,6;19,6;19,5;83;82;83;;;;
2025/04/28;0300 UTC;;988;988,5;988;;22,7;19,8;22,7;22,5;19,8;19,4;84;83;84;;;;
2025/04/28;0400 UTC;;987,3;988;987,3;;22,7;19,8;23;22,7;20;19,8;84;83;84;;;;
2025/04/28;0500 UTC;;987,2;987,3;987,2;;22,6;19,8;22,9;22,6;20;19,8;84;84;84;;;;
2025/04/28;0600 UTC;;987;987,3;987;;22,5;19,8;22,7;22,2;19,9;19,5;85;84;85;;;;
2025/04/28;0700 UTC;;986,7;987,1;986,7;;22,4;19,8;22,8;22,2;20,1;19,5;85;84;85;;;;
2025/04/28;0800 UTC;;986,9;986,9;986,5;;22,2;19,7;22,5;21,7;19,8;19,1;86;85;85;;;;
2025/04/28;0900 UTC;;987;987,1;986,9;2,4;22,8;20,1;22,8;22,2;20,2;19,7;86;85;85;;;;
2025/04/28;1000 UTC;;987,7;987,7;987;216,8;23,9;21,1;23,9;22,8;21,1;20,1;85;84;84;;;;
2025/04/28;1100 UTC;;988,6;988,6;987,7;656,1;25,6;21,8;25,6;24;21,8;21;84;79;80;;;;
2025/04/28;1200 UTC;;989,1;989,1;988,6;1598,4;27,5;22;27,7;25,3;23;21,3;80;72;72;;;;
2025/04/28;1300 UTC;;988,9;989,3;988,9;1369,5;27,7;21,9;28,3;27,3;22,8;21,8;73;70;71;;;;
2025/04/28;1400 UTC;;988,1;988,9;988,1;1742,2;28,6;22,2;29,1;27,6;23,1;21,8;71;68;69;;;;
2025/04/28;1500 UTC;;987;988,1;987;2273,3;29,1;22;29,9;28,6;23,1;21,8;69;65;66;;;;
2025/04/28;1600 UTC;;985,9;987;985,9;2009,1;30,7;22,2;31,4;29,1;24,3;22,2;68;61;61;;;;
2025/04/28;1700 UTC;;985,1;985,9;985,1;1552,7;30,9;22,6;31,8;30,4;23,4;21,8;62;59;61;;;;
2025/04/28;1800 UTC;;984,5;985,1;984,5;1693,1;31,6;22,2;32,3;30,9;23,5;21,6;62;56;58;;;;
2025/04/28;1900 UTC;;984,2;984,5;984,2;1272,5;31,9;21,1;32,3;31,6;22,4;21,1;58;53;53;;;;
2025/04/28;2000 UTC;;984,1;984,2;984;366,8;28,8;20,4;32,1;28,8;21,4;20,3;60;53;60;;;;
2025/04/28;2100 UTC;;984,1;984,2;984;8,1;27,2;20,1;28,8;27,2;20,6;20,1;65;60;65;;;;
2025/04/28;2200 UTC;;984,9;984,9;984,1;;27,1;20,6;27,3;26,9;20,8;20,1;68;65;68;;;;
2025/04/28;2300 UTC;;986;986;984,9;;26,3;21;27,2;26,2;21,1;20,3;73;68;73;;;;
2025/04/29;0000 UTC;;986,1;986,3;986;;25,8;21,6;26,3;25,8;21,6;20,9;77;73;77;;;;
2025/04/29;0100 UTC;;986,3;986,3;985,9;;25,4;21,6;25,9;25,3;21,7;21,4;80;78;80;;;;
2025/04/29;0200 UTC;;985,9;986,3;985,8;;25,7;22;25,8;25,4;22,1;21,7;80;80;80;;;;
2025/04/29;0300 UTC;;987,3;987,3;985,9;;23,6;19,2;25,9;23,6;22,2;19,2;80;76;76;;;;
2025/04/29;0400 UTC;;986,5;988;986,5;4,8;21;18;23,6;20,8;18,9;17,4;83;76;83;;;;
2025/04/29;0500 UTC;;985,3;986,5;985,3;;21,2;18,4;21,3;20,9;18,4;18;84;83;84;;;;
2025/04/29;0600 UTC;;984,6;985,3;984,6;;21,2;18,4;21,3;21;18,5;18,2;84;84;84;;;;
2025/04/29;0700 UTC;;984,4;984,6;984,3;;21,5;18,7;21,6;21,2;18,8;18,4;84;84;84;;;;
2025/04/29;0800 UTC;;984,8;984,8;984,3;;21,2;18,5;21,5;21,2;18,7;18,5;84;84;84;;;;
2025/04/29;0900 UTC;;986;986;984,8;,2;21,1;18,5;21,4;21;18,6;18,3;85;84;85;;;;
2025/04/29;1000 UTC;;986,5;986,5;985,9;96;21,8;19,1;21,8;21,1;19,2;18,5;85;85;85;;;;
2025/04/29;1100 UTC;;987,8;987,8;986,5;179,3;22,1;19,4;22,3;21,8;19,6;19,2;85;85;85;;;;
2025/04/29;1200 UTC;;988,6;988,6;987,8;163,9;22,1;19,7;22,3;22;19,7;19,4;86;85;86;;;;
2025/04/29;1300 UTC;;989;989;988,6;682,8;23,6;20,9;23,6;22;20,9;19,6;86;85;85;;;;
2025/04/29;1400 UTC;;988,4;989;988,4;1266,9;25,1;22,1;25,1;23,5;22,1;20,7;85;83;83;;;;
2025/04/29;1500 UTC;;987,1;988,4;987,1;2723,3;27,5;23,5;27,5;24,9;23,6;21,8;83;79;79;;;;
2025/04/29;1600 UTC;;986,3;987,1;986,3;2002,1;28,5;23,7;28,5;26,7;23,7;22,4;80;75;76;;;;
2025/04/29;1700 UTC;;985,5;986,3;985,5;2241,2;28,8;23,1;29,1;27,8;24,1;22,5;76;71;71;;;;
2025/04/29;1800 UTC;;985,3;985,5;985,3;1387,1;28,2;22,3;29,3;27,7;23,6;22,2;73;70;71;;;;
2025/04/29;1900 UTC;;985,8;985,9;985,3;645,2;26,9;21,6;28,2;26,9;22,5;21,6;72;70;72;;;;
2025/04/29;2000 UTC;;986,6;986,6;985,8;150,3;24,3;20,5;26,9;24,3;21,7;20,5;79;73;79;;;;
2025/04/29;2100 UTC;;987,4;987,4;986,6;7,7;23,8;20,4;24,3;23,8;20,6;20,4;81;79;81;;;;
2025/04/29;2200 UTC;;988,5;988,5;987,4;2,2;23,3;20,2;23,8;23,3;20,4;20,1;83;81;82;;;;
2025/04/29;2300 UTC;;989;989;988,5;4,1;23,3;20,2;23,3;23,2;20,2;20,1;83;82;83;;;;
2025/04/30;0000 UTC;;989,6;989,6;989;4,5;23,1;19,7;23,4;23,1;20,3;19,7;83;81;81;;;;
2025/04/30;0100 UTC;;989,5;989,6;989,5;;22,8;19,4;23,1;22,8;19,7;19,4;81;81;81;;;;
2025/04/30;0200 UTC;;989,6;989,6;989,4;;22,6;19,2;22,8;22,6;19,4;19,2;81;81;81;;;;
2025/04/30;0300 UTC;;989,5;989,6;989,3;;22,5;19;22,7;22,5;19,2;19;81;81;81;;;;
2025/04/30;0400 UTC;;988,9;989,5;988,9;;22,4;18,8;22,5;22,4;19;18,8;81;80;80;;;;
2025/04/30;0500 UTC;;988,9;989;988,8;;22,1;18,6;22,4;22,1;18,8;18,6;81;80;80;;;;
2025/04/30;0600 UTC;;988,5;988,9;988,5;;21,8;18,1;22,2;21,7;18,6;18,1;80;80;80;;;;
2025/04/30;0700 UTC;;988,7;988,7;988,3;;21,4;17,7;21,8;21,3;18,1;17,6;80;79;79;;;;
2025/04/30;0800 UTC;;989;989;988,7;;20,9;17,4;21,4;20,9;17,7;17,3;80;79;80;;;;
2025/04/30;0900 UTC;;989,4;989,4;989;;20,8;17,4;21;20,8;17,5;17,3;81;80;81;;;;
2025/04/30;1000 UTC;;990,3;990,3;989,4;74,4;20,6;17,6;20,8;20,4;17,6;17,2;83;81;83;;;;
2025/04/30;1100 UTC;;990,9;991;990,3;142,6;20,9;17,9;20,9;20,6;17,9;17,6;83;83;83;;;;
2025/04/30;1200 UTC;;991,7;991,7;990,9;186;21,1;18,1;21,1;20,9;18,1;17,9;83;83;83;;;;
2025/04/30;1300 UTC;;991,9;992,1;991,7;346,1;21,3;18,3;21,6;21;18,6;18;83;83;83;;;;
2025/04/30;1400 UTC;;991,5;991,9;991,5;498,8;21,2;18,3;21,9;21,1;18,9;18,1;84;83;84;;;;
2025/04/30;1500 UTC;;990,9;991,5;990,9;366,7;21;18,3;21,3;20,9;18,5;18,2;85;84;85;;;;
2025/04/30;1600 UTC;;990,2;990,9;990,2;414,1;21,3;18,7;21,4;20,9;18,8;18,2;85;84;85;;;;
2025/04/30;1700 UTC;;989,6;990,2;989,6;470,3;21,6;19;21,8;21,3;19,1;18,7;85;85;85;;;;
2025/04/30;1800 UTC;;989,7;989,7;989,6;258;21,5;18,9;21,6;21,3;19;18,7;86;85;86;;;;
2025/04/30;1900 UTC;;989,8;989,8;989,5;155,9;21,4;18,9;21,5;21,3;19;18,8;86;86;86;;;;
2025/04/30;2000 UTC;;990,2;990,2;989,7;73,5;21,3;18,8;21,4;21,2;18,9;18,7;86;86;86;;;;
2025/04/30;2100 UTC;;990,6;990,6;990,2;5;20,8;18,4;21,3;20,8;18,8;18,4;86;86;86;;;;
2025/04/30;2200 UTC;;991,4;991,4;990,6;1,3;20,7;18,2;20,8;20,5;18,4;18,1;86;86;86;;;;
2025/04/30;2300 UTC;;992,2;992,2;991,4;1,8;20,2;17,8;20,7;20,2;18,2;17,8;87;86;86;;;;
2025/05/01;0000 UTC;;992,5;992,6;992,2;,9;19,7;17,4;20,2;19,7;17,8;17,4;87;86;86;;;;
2025/05/01;0100 UTC;;992,7;992,7;992,4;;19,6;17,2;19,7;19,5;17,4;17,2;87;86;86;;;;
2025/05/01;0200 UTC;;992,7;992,7;992,6;2,1;19,1;16,6;19,6;19,1;17,3;16,6;86;85;85;;;;
2025/05/01;0300 UTC;;992,4;992,7;992,4;1,4;19;16,4;19,2;19;16,7;16,4;85;85;85;;;;
2025/05/01;0400 UTC;;991,8;992,4;991,8;;18,9;16,4;19;18,8;16,5;16,3;85;85;85;;;;
2025/05/01;0500 UTC;;991,3;991,8;991,3;1,7;19,2;16,5;19,2;18,9;16,6;16,4;85;84;84;;;;
2025/05/01;0600 UTC;;991,3;991,3;991,2;,8;19,2;16,4;19,2;19,1;16,6;16,4;85;84;84;;;;
2025/05/01;0700 UTC;;991,3;991,3;991,2;,5;18,9;16,4;19,2;18,9;16,4;16,3;85;84;85;;;;
2025/05/01;0800 UTC;;991,6;991,6;991,3;;19,2;16,8;19,2;18,9;16,8;16,4;86;85;86;;;;
2025/05/01;0900 UTC;;992,2;992,2;991,6;;19,4;17,1;19,4;19,1;17,1;16,7;86;86;86;;;;
2025/05/01;1000 UTC;;993;993;992,2;64,2;19,7;17,3;19,7;19,4;17,3;17;86;86;86;;;;
2025/05/01;1100 UTC;;993,3;993,3;993;302,9;20,4;17,8;20,4;19,7;17,9;17,3;86;85;85;;;;
2025/05/01;1200 UTC;;993,7;993,7;993,2;791,3;21,1;18,3;21,2;20,3;18,5;17,8;86;84;84;;;;
2025/05/01;1300 UTC;;994;994,1;993,7;228,2;21,3;18,5;21,3;21;18,6;18,3;85;84;84;;;;
2025/05/01;1400 UTC;;993,6;994,1;993,6;404,4;21,5;18,8;21,9;21,3;19,3;18,5;85;84;85;;;;
2025/05/01;1500 UTC;;992,9;993,6;992,9;760,1;22,2;19,6;22,5;21,3;19,9;18,7;86;85;85;;;;
2025/05/01;1600 UTC;;992,1;992,9;992,1;1429,2;23,1;20,2;23,7;22;20,9;19,4;86;83;84;;;;
2025/05/01;1700 UTC;;991,6;992,1;991,6;1822;24,7;20,9;25,2;23,2;21,5;20;84;79;79;;;;
2025/05/01;1800 UTC;;991,8;991,8;991,6;420,8;22,3;19,2;24,7;21,7;20,8;18,6;84;79;83;;;;
2025/05/01;1900 UTC;;992,2;992,2;991,8;290,5;21,5;18,8;22,3;21,4;19,3;18,7;85;83;84;;;;
2025/05/01;2000 UTC;;992,8;992,8;992,2;89,5;21;18,3;21,7;21;18,9;18,3;85;84;85;;;;
2025/05/01;2100 UTC;;993;993;992,7;5,3;21;18,5;21;20,7;18,5;18,1;86;85;86;;;;
2025/05/01;2200 UTC;;993,5;993,5;993;1,2;21,2;18,6;21,2;21;18,6;18,5;86;85;85;;;;
2025/05/01;2300 UTC;;993,6;993,7;993,5;2,5;21,3;18,5;21,3;21,1;18,6;18,5;85;84;84;;;;
2025/05/02;0000 UTC;;993,7;993,8;993,6;3,9;21;18,3;21,3;21;18,5;18,2;84;84;84;;;;
2025/05/02;0100 UTC;;993,8;993,8;993,6;;21;18,2;21,1;20,9;18,3;18,1;84;84;84;;;;
2025/05/02;0200 UTC;;993,8;993,9;993,8;,2;21;18,1;21,1;21;18,3;18,1;84;84;84;;;;
2025/05/02;0300 UTC;;993,7;993,9;993,6;;20,7;17,9;21;20,7;18,1;17,9;84;84;84;;;;
2025/05/02;0400 UTC;;993,4;993,7;993,4;;20,7;17,9;20,7;20,6;17,9;17,9;84;84;84;;;;
2025/05/02;0500 UTC;;992,8;993,4;992,8;;20,4;17,7;20,7;20,4;17,9;17,7;85;84;85;;;;
2025/05/02;0600 UTC;;992,6;992,8;992,5;;20;17,4;20,4;20;17,7;17,4;85;85;85;;;;
2025/05/02;0700 UTC;;992,7;992,7;992,5;;19,6;17,1;20;19,6;17,5;17,1;86;85;85;;;;
2025/05/02;0800 UTC;;992,9;992,9;992,5;;19,4;16,9;19,6;19,3;17;16,9;86;85;86;;;;
2025/05/02;0900 UTC;;993,3;993,3;992,9;,4;19,2;16,8;19,5;19,2;17;16,7;86;85;86;;;;
2025/05/02;1000 UTC;;994;994;993,3;168,2;19,8;17,2;19,8;19,2;17,3;16,7;86;85;85;;;;
2025/05/02;1100 UTC;;994,3;994,3;994;951,3;21,5;18,4;21,7;19,8;18,6;17,2;85;82;82;;;;
2025/05/02;1200 UTC;;994,9;994,9;994,3;1957,8;23,6;19,5;23,9;21,5;20,1;18,5;83;77;78;;;;
2025/05/02;1300 UTC;;995;995,2;994,9;1953,5;24,8;19,8;24,9;23,4;20,3;18,8;78;73;74;;;;
2025/05/02;1400 UTC;;994,7;995,1;994,7;2114,5;25,6;19,5;25,7;24;20,1;18,6;74;69;69;;;;
2025/05/02;1500 UTC;;994,2;994,7;994,2;2441,7;26,4;19,5;26,7;24,8;20,3;18,7;70;66;66;;;;
2025/05/02;1600 UTC;;993,6;994,2;993,6;1095,6;25,1;18,9;26,3;24,7;19,2;18,4;69;66;68;;;;
2025/05/02;1700 UTC;;992,9;993,6;992,9;1524,7;25,3;18,2;26,2;25;19,4;18,2;69;64;65;;;;
2025/05/02;1800 UTC;;993;993;992,8;1367,7;26,3;18,7;26,3;25,3;18,8;17,8;66;62;63;;;;
2025/05/02;1900 UTC;;993,2;993,2;993;1102,3;24,9;17,4;26,5;24,8;18,8;17,1;63;62;63;;;;
2025/05/02;2000 UTC;;994;994;993,2;401,7;23,2;16,2;25;23,2;17,5;16,2;65;62;65;;;;
2025/05/02;2100 UTC;;994,4;994,4;994;10,9;22,3;15,5;23,2;22,3;16,1;15,5;67;65;65;;;;
2025/05/02;2200 UTC;;994,7;994,7;994,4;;20,8;14,8;22,3;20,8;15,5;14,8;69;65;69;;;;
2025/05/02;2300 UTC;;995,2;995,2;994,7;;20,1;14,7;20,8;19,9;14,9;14,5;71;69;71;;;;
2025/05/03;0000 UTC;;995,4;995,4;995,2;;19,9;14,6;20,4;19,9;14,9;14,4;71;70;71;;;;
2025/05/03;0100 UTC;;995,6;995,6;995,4;;19,4;14,4;20,3;19,3;14,9;14,2;73;71;73;;;;
2025/05/03;0200 UTC;;995,7;995,7;995,6;;18,1;13,8;19,8;17,9;14,8;13,4;76;73;76;;;;
2025/05/03;0300 UTC;;995,7;995,8;995,7;;18;14;18,9;17,8;14,5;13,7;77;76;77;;;;
2025/05/03;0400 UTC;;995,2;995,7;995,2;;17,3;13,6;18,2;17,2;14,2;13,6;79;77;79;;;;
2025/05/03;0500 UTC;;994,7;995,2;994,7;;17,4;14;17,6;17,3;14,2;13,7;81;79;81;;;;
2025/05/03;0600 UTC;;994,2;994,7;994,2;;17,8;14,7;18;16,8;14,9;13,5;82;81;82;;;;
2025/05/03;0700 UTC;;993,8;994,2;993,8;;16,6;13,7;17,8;16,5;14,7;13,4;83;82;83;;;;
2025/05/03;0800 UTC;;993,8;993,8;993,8;;16,9;14,1;17,1;16,6;14,2;13,8;84;83;84;;;;
2025/05/03;0900 UTC;;994,4;994,4;993,8;0;16,7;14,1;17;15,9;14,2;13,1;85;83;85;;;;
2025/05/03;1000 UTC;;994,8;994,8;994,4;294,3;18;15,2;18;16,7;15,3;14;85;84;84;;;;
2025/05/03;1100 UTC;;995,3;995,3;994,8;1047,6;20,8;17,4;21,1;18;17,8;15,2;84;81;81;;;;
2025/05/03;1200 UTC;;995,8;995,8;995,3;1672,5;22,2;18;22,6;20,5;18,7;17;81;77;77;;;;
2025/05/03;1300 UTC;;995,5;995,8;995,5;1638,1;23,9;18,8;24,3;22;19,3;17,9;78;72;73;;;;
2025/05/03;1400 UTC;;994,9;995,5;994,9;2167,1;25;18,8;25,3;23,9;19,8;18,4;73;68;69;;;;
2025/05/03;1500 UTC;;994;994,9;994;2663,3;27;18,8;27;24,7;19,4;17,9;69;60;61;;;;
2025/05/03;1600 UTC;;993,2;994;993,2;2776;25,9;16,8;27,7;25,8;19;16,4;61;55;57;;;;
2025/05/03;1700 UTC;;992,4;993,2;992,4;2414,3;27,5;15,8;28,1;25,5;17,9;15,8;58;49;49;;;;
2025/05/03;1800 UTC;;992,1;992,4;992,1;2089,5;27,4;14,8;28,2;27,2;16,6;14,8;50;46;46;;;;
2025/05/03;1900 UTC;;992,6;992,6;992,1;1108,2;25,2;15,1;27,9;25,2;15,8;14,1;53;45;53;;;;
2025/05/03;2000 UTC;;992,8;992,8;992,5;284;23,8;15,5;25,5;23,8;15,8;15;60;53;60;;;;
2025/05/03;2100 UTC;;993;993;992,8;12,3;21,6;15,7;23,8;21,5;15,8;15,5;69;60;69;;;;
2025/05/03;2200 UTC;;993,9;993,9;993;;20,5;15,7;21,7;20,5;16;15,7;74;69;74;;;;
2025/05/03;2300 UTC;;994,3;994,3;993,9;;20;15,9;20,6;19,9;16;15,6;77;74;77;;;;
2025/05/04;0000 UTC;;994,8;994,8;994,3;;19,4;15,8;20;19,4;16;15,6;80;77;80;;;;
2025/05/04;0100 UTC;;994,9;994,9;994,7;;19,3;15,9;19,4;19,1;15,9;15,6;81;79;81;;;;
2025/05/04;0200 UTC;;994,8;995;994,8;;18,8;15,6;19,4;18,8;16,1;15,6;82;81;82;;;;
2025/05/04;0300 UTC;;994,5;994,9;994,5;;18,5;15,6;18,9;18,4;15,8;15,3;83;82;83;;;;
2025/05/04;0400 UTC;;993,7;994,5;993,7;;18,2;15,4;18,6;18,2;15,6;15,3;84;83;83;;;;
2025/05/04;0500 UTC;;993,4;993,7;993,4;;18,3;15,6;18,3;18;15,6;15,2;84;83;84;;;;
2025/05/04;0600 UTC;;993,4;993,4;993,3;;18,3;15,7;18,3;18;15,7;15,3;85;84;85;;;;
2025/05/04;0700 UTC;;992,9;993,5;992,9;;18,6;16;18,6;18,1;16;15,4;85;84;85;;;;
2025/05/04;0800 UTC;;993,2;993,2;992,9;;18,4;15,9;18,6;18,1;16;15,5;85;85;85;;;;
2025/05/04;0900 UTC;;993,6;993,6;993,1;2,3;18,5;16;18,5;18,3;16;15,8;86;85;85;;;;
2025/05/04;1000 UTC;;994,1;994,1;993,6;175,9;19,1;16,6;19,2;18,5;16,7;16;86;85;85;;;;
2025/05/04;1100 UTC;;994,6;994,6;994,1;662,6;20,6;17,9;20,6;19,1;17,9;16,6;85;84;84;;;;
2025/05/04;1200 UTC;;994,8;994,9;994,6;1778,4;23,7;20;23,7;20,7;20,1;18,1;85;80;80;;;;
2025/05/04;1300 UTC;;994,8;994,9;994,8;1943,9;24,8;20,1;25,2;23,7;20,8;19,2;80;75;75;;;;
2025/05/04;1400 UTC;;994,2;994,8;994,2;2296,1;26;19,5;26,9;24,4;20,6;18,9;75;66;67;;;;
2025/05/04;1500 UTC;;993,4;994,2;993,4;2317,3;27,1;19,1;27,5;25,8;20,6;18,3;68;60;61;;;;
2025/05/04;1600 UTC;;992,7;993,4;992,7;1889,7;26,8;18,2;27,6;26,4;19,4;18,1;62;59;59;;;;
2025/05/04;1700 UTC;;992,2;992,7;992,2;1593;26,2;17;27,8;26,2;18,9;16,9;60;55;57;;;;
2025/05/04;1800 UTC;;992,1;992,2;991,9;1481,6;25,6;17;28,1;25,6;18,3;16,4;60;53;59;;;;
2025/05/04;1900 UTC;;992,6;992,6;992,1;912,1;25,3;17,1;26;25,2;17,9;17;62;59;61;;;;
2025/05/04;2000 UTC;;993,4;993,4;992,6;334;22,7;16,7;25,3;22,7;17,4;16,6;69;61;69;;;;
2025/05/04;2100 UTC;;993,4;993,5;993,3;9,5;22,1;16,8;22,7;22,1;16,9;16,7;72;69;72;;;;
2025/05/04;2200 UTC;;993,9;993,9;993,4;;21,4;16,9;22,1;21,4;16,9;16,6;76;72;76;;;;
2025/05/04;2300 UTC;;994,6;994,6;993,9;;21,5;17,1;21,5;21,3;17,2;16,9;77;76;76;;;;
2025/05/05;0000 UTC;;994,8;994,9;994,6;;21,3;17;21,5;21,3;17,1;16,9;76;76;76;;;;
2025/05/05;0100 UTC;;994,8;994,8;994,6;;21,2;17,1;21,6;21,1;17,2;17;78;76;78;;;;
2025/05/05;0200 UTC;;994,8;994,8;994,7;;21,5;16,8;21,5;20,7;17,1;16,7;78;75;75;;;;
2025/05/05;0300 UTC;;994,7;994,9;994,7;;21,7;17;21,7;21,3;17,1;16,6;75;74;75;;;;
2025/05/05;0400 UTC;;994,6;994,7;994,6;;20,8;16,7;21,7;20,8;17;16,6;77;75;77;;;;
2025/05/05;0500 UTC;;994,1;994,6;994,1;;21,2;17;21,4;20,8;17,2;16,8;78;77;77;;;;
2025/05/05;0600 UTC;;993,8;994,1;993,8;;20,5;16,6;21,2;20,5;17;16,6;78;77;78;;;;
2025/05/05;0700 UTC;;993,7;993,8;993,7;;19,9;16,4;20,5;19,9;16,5;16,2;80;78;80;;;;
2025/05/05;0800 UTC;;993,9;993,9;993,6;;20,5;17;20,5;19,9;17;16,4;80;80;80;;;;
2025/05/05;0900 UTC;;994,5;994,5;993,9;;20,2;16,8;20,5;20,1;17;16,7;81;80;81;;;;
2025/05/05;1000 UTC;;995;995;994,5;248;21,3;17,8;21,3;20,2;17,8;16,7;81;80;80;;;;
2025/05/05;1100 UTC;;995,4;995,4;995;1043,1;23,3;18,8;23,3;21,4;18,8;17,9;80;76;76;;;;
2025/05/05;1200 UTC;;995,8;995,8;995,4;1612,2;24,4;18,7;24,8;23,1;19,5;18,4;76;70;70;;;;
2025/05/05;1300 UTC;;995,7;995,9;995,7;1829,4;25,5;19;26,1;24,3;20,1;18,3;71;67;67;;;;
2025/05/05;1400 UTC;;995;995,7;995;1450,9;25,7;18,8;26,3;24,7;19,6;18,2;68;65;66;;;;
2025/05/05;1500 UTC;;994,2;995;994,2;1194,3;25,7;19,3;26;24,8;19,6;18;69;65;67;;;;
2025/05/05;1600 UTC;;993,5;994,2;993,5;1196,1;25,1;18,7;27,1;24,6;19,7;17,9;68;63;68;;;;
2025/05/05;1700 UTC;;993;993,5;993;1490,5;24,9;18,3;27,2;24,9;20,1;18,3;68;64;67;;;;
2025/05/05;1800 UTC;;992,9;993,1;992,8;905,1;24,6;18,7;24,9;23,1;19;17,5;72;67;70;;;;
2025/05/05;1900 UTC;;993,3;993,3;992,9;1093;24,2;18,3;24,9;23,7;18,9;17,7;70;68;70;;;;
2025/05/05;2000 UTC;;993,6;993,6;993,3;444,8;22,7;17,4;24,4;22,7;18,4;17,3;72;69;72;;;;
2025/05/05;2100 UTC;;993,8;993,8;993,6;16,9;21,6;17,4;22,7;21,6;17,5;17,2;77;72;77;;;;
2025/05/05;2200 UTC;;994,3;994,3;993,8;;21,4;17,7;21,6;21,3;17,7;17,5;79;77;79;;;;
2025/05/05;2300 UTC;;994,7;994,7;994,3;;21,3;17,9;21,6;21,3;17,9;17,7;81;79;81;;;;
2025/05/06;0000 UTC;;994,6;994,8;994,6;;21,3;18;21,4;21,2;18,1;17,9;82;81;82;;;;
2025/05/06;0100 UTC;;994,9;994,9;994,6;;21;17,8;21,3;21;18,2;17,8;82;82;82;;;;
2025/05/06;0200 UTC;;994,8;995;994,8;,4;20,5;17,5;21;20,4;17,7;17,3;83;82;83;;;;
2025/05/06;0300 UTC;;994,4;994,8;994,4;,7;20,4;17,6;20,6;20,4;17,6;17,5;84;83;84;;;;
2025/05/06;0400 UTC;;993,7;994,5;993,7;;20,6;17,9;20,6;20,4;17,9;17,6;84;84;84;;;;
2025/05/06;0500 UTC;;993,1;993,8;993,1;,2;20,3;17,6;20,6;20,3;17,8;17,6;85;84;85;;;;
2025/05/06;0600 UTC;;992,7;993,1;992,7;;20,2;17,6;20,3;20,2;17,6;17,5;85;85;85;;;;
2025/05/06;0700 UTC;;992,6;992,7;992,6;;20,3;17,7;20,3;20,2;17,7;17,6;85;85;85;;;;
2025/05/06;0800 UTC;;992,9;992,9;992,6;;20,4;17,8;20,4;20,2;17,8;17,6;85;85;85;;;;
2025/05/06;0900 UTC;;993,8;993,8;992,9;1,7;20,2;17,7;20,4;20,2;17,8;17,7;86;85;85;;;;
2025/05/06;1000 UTC;;994,6;994,6;993,8;89,6;20,3;17,8;20,5;20,1;18;17,6;86;85;85;;;;
2025/05/06;1100 UTC;;994,8;994,8;994,6;374,3;21,1;18,5;21,1;20,1;18,5;17,6;86;85;85;;;;
2025/05/06;1200 UTC;;995,5;995,6;994,8;439,7;20,8;18,3;21,6;20,8;19;18,2;86;84;85;;;;
2025/05/06;1300 UTC;;995,3;995,5;995,1;1453,2;23,1;20,1;23,2;20,8;20,5;18,4;86;82;83;;;;
2025/05/06;1400 UTC;;994,4;995,3;994,4;2428;25,4;21,2;25,6;23,1;21,5;19,7;83;77;77;;;;
2025/05/06;1500 UTC;;993,4;994,4;993,4;2246,8;26,2;20,7;26,3;24,9;21,8;20,2;77;72;72;;;;
2025/05/06;1600 UTC;;992,8;993,4;992,8;1110,9;25,1;19,4;26,2;25,1;20,5;19,3;72;70;71;;;;
2025/05/06;1700 UTC;;991,9;992,8;991,9;1070,8;25,4;19,4;26,3;24,7;20,5;19,2;72;69;69;;;;
2025/05/06;1800 UTC;;991,8;991,9;991,7;1063,5;26,3;19,8;26,3;25,4;20,3;19,5;70;67;68;;;;
2025/05/06;1900 UTC;;992;992;991,7;1146,5;25,6;19;27,1;25,6;20,3;19;68;65;67;;;;
2025/05/06;2000 UTC;;992,5;992,5;992;281,3;24,5;19;25,7;24,5;19,2;18,9;72;67;72;;;;
2025/05/06;2100 UTC;;992,4;992,6;992,3;10,8;22,9;18,2;24,5;22,9;19;18,2;75;72;75;;;;
2025/05/06;2200 UTC;;993;993;992,4;;21,8;17,8;22,9;21,8;18,2;17,8;78;75;78;;;;
2025/05/06;2300 UTC;;993,8;993,8;993;;21,3;17,7;21,8;21,2;17,8;17,4;80;78;80;;;;
2025/05/07;0000 UTC;;994,5;994,5;993,8;;20,7;17,5;21,3;20,6;17,8;17,3;82;80;82;;;;
2025/05/07;0100 UTC;;994,6;994,8;994,5;;21,5;18,3;21,6;20,7;18,4;17,6;82;82;82;;;;
2025/05/07;0200 UTC;;994,4;994,7;994,4;;20,9;17,8;21,5;20,9;18,3;17,8;83;82;83;;;;
2025/05/07;0300 UTC;;994,2;994,5;994,2;;20,9;18,1;20,9;20,6;18,1;17,7;84;83;84;;;;
2025/05/07;0400 UTC;;993,6;994,2;993,6;;20,9;18,1;21;20,7;18,1;17,8;84;84;84;;;;
2025/05/07;0500 UTC;;993;993,6;993;;20,6;17,8;20,9;20,6;18,1;17,8;84;84;84;;;;
2025/05/07;0600 UTC;;992,7;993;992,6;;20,4;17,8;20,6;20,3;17,9;17,6;85;84;85;;;;
2025/05/07;0700 UTC;;992,4;992,7;992,4;;19,7;17,1;20,4;19,6;17,7;17;85;85;85;;;;
2025/05/07;0800 UTC;;992,7;992,7;992,4;;20,4;17,9;20,4;19,7;17,9;17,2;86;85;86;;;;
2025/05/07;0900 UTC;;993,4;993,4;992,7;,8;20,6;18,2;20,6;20,3;18,2;17,9;86;86;86;;;;
2025/05/07;1000 UTC;;993,8;993,8;993,4;109,2;20,8;18,5;20,9;20,6;18,5;18,2;86;86;86;;;;
2025/05/07;1100 UTC;;994,3;994,3;993,8;473,9;21,7;19,2;21,8;20,8;19,4;18,4;87;86;86;;;;
2025/05/07;1200 UTC;;994,6;994,7;994,3;1518,4;23,9;20,4;24,6;21,5;21,6;19;86;81;81;;;;
2025/05/07;1300 UTC;;994,5;994,7;994,5;1374,8;24,7;20,9;25,4;23,7;21,8;20,4;82;80;80;;;;
2025/05/07;1400 UTC;;993,8;994,5;993,8;1174,5;25;20,7;26,3;24,7;22,1;20,7;80;77;77;;;;
2025/05/07;1500 UTC;;993;993,8;992,9;1422,4;26;21,5;26,3;24,5;22;20,2;78;76;76;;;;
2025/05/07;1600 UTC;;992,4;993;992,4;945,8;23,9;20,4;26,6;22,8;22;18,9;81;74;81;;;;
2025/05/07;1700 UTC;;991,7;992,4;991,7;1350;24,7;20,8;25,3;23,9;21,6;20,3;81;78;79;;;;
2025/05/07;1800 UTC;;991,3;991,7;991,1;987,2;23,5;19,6;25,6;23,5;21,3;19,6;79;76;79;;;;
2025/05/07;1900 UTC;;991,2;991,3;991,1;847,8;24,4;20,5;24,7;23,1;20,9;19,5;81;79;79;;;;
2025/05/07;2000 UTC;;991,9;991,9;991,2;427,3;23,7;19,9;24,6;23,7;20,8;19,9;79;78;79;;;;
2025/05/07;2100 UTC;;992,7;992,7;991,9;12,4;22,7;19,4;23,7;22,7;19,9;19,4;82;79;82;;;;
2025/05/07;2200 UTC;;993,1;993,1;992,7;;22,2;19,2;22,7;22,2;19,5;19,2;83;82;83;;;;
2025/05/07;2300 UTC;;993,9;993,9;993,1;;22,6;19,7;22,6;22,1;19,7;19,1;84;83;84;;;;
2025/05/08;0000 UTC;;993,9;994;993,9;;22,5;19,7;22,6;22,5;19,8;19,7;84;84;84;;;;
2025/05/08;0100 UTC;;994,1;994,1;993,8;;22,3;19,6;22,5;22,3;19,7;19,5;85;84;85;;;;
2025/05/08;0200 UTC;;993,9;994,1;993,9;;22,2;19,5;22,3;22,2;19,6;19,5;85;85;85;;;;
2025/05/08;0300 UTC;;993,4;993,9;993,4;;22,1;19,5;22,2;22,1;19,6;19,5;85;85;85;;;;
2025/05/08;0400 UTC;;992,9;993,4;992,9;;21,9;19,4;22,1;21,9;19,5;19,4;85;85;85;;;;
2025/05/08;0500 UTC;;992,3;992,9;992,3;;21,8;19,3;21,9;21,8;19,4;19,3;86;85;86;;;;
2025/05/08;0600 UTC;;992,1;992,3;992,1;;21,7;19,3;21,8;21,7;19,3;19,3;86;86;86;;;;
2025/05/08;0700 UTC;;992,1;992,1;992,1;,2;21,6;19,3;21,7;21,6;19,3;19,2;86;86;86;;;;
2025/05/08;0800 UTC;;992,4;992,4;992,1;,1;21,6;19,3;21,7;21,6;19,3;19,3;87;86;87;;;;
2025/05/08;0900 UTC;;993;993;992,4;1,3;21,6;19,3;21,7;21,6;19,3;19,3;87;87;87;;;;
2025/05/08;1000 UTC;;993,8;993,8;993;62,5;21,9;19,6;21,9;21,6;19,6;19,3;87;87;87;;;;
2025/05/08;1100 UTC;;994,5;994,5;993,8;303,5;22,1;19,7;22,3;21,8;20;19,5;87;87;87;;;;
2025/05/08;1200 UTC;;995,1;995,1;994,5;812,5;23,3;20,8;23,4;22;20,9;19,7;87;86;86;;;;
2025/05/08;1300 UTC;;994,9;995,2;994,9;706,9;23,6;21,1;23,9;22,9;21,4;20,3;86;85;86;;;;
2025/05/08;1400 UTC;;994,3;995;994,3;1616,4;24,9;21,8;25,3;23,6;22,4;21;87;83;83;;;;
2025/05/08;1500 UTC;;992,9;994,3;992,9;1944,9;26,5;22,9;26,8;24,8;23,5;21,7;84;80;81;;;;
2025/05/08;1600 UTC;;991,9;992,9;991,9;2412,8;27,5;22,9;27,7;26,5;23,7;22,3;81;76;76;;;;
2025/05/08;1700 UTC;;991,2;991,9;991,2;1937,7;28,5;22,6;29,1;27,5;23,9;22;77;70;71;;;;
2025/05/08;1800 UTC;;991;991,2;990,9;1501,2;27,9;22;29,1;27,7;22,9;21,5;71;68;70;;;;
2025/05/08;1900 UTC;;991,1;991,1;991;890,1;26,6;20,4;28,4;26,6;22;20,3;70;67;69;;;;
2025/05/08;2000 UTC;;991,5;991,5;991,1;372,9;25,3;20,2;26,8;25,3;20,7;20;73;69;73;;;;
2025/05/08;2100 UTC;;992,1;992,1;991,5;17,5;23,6;20;25,3;23,5;20,1;19,6;80;73;80;;;;
2025/05/08;2200 UTC;;992,7;992,7;992,1;;23,1;19,9;23,6;23,1;20;19,9;82;80;82;;;;
2025/05/08;2300 UTC;;993,5;993,5;992,7;;22,9;19,7;23,2;22,9;20;19,7;83;82;82;;;;
2025/05/09;0000 UTC;;993,9;993,9;993,5;;22,3;19,3;22,9;22,3;19,8;19,3;83;82;83;;;;
2025/05/09;0100 UTC;;994,1;994,2;993,9;;21,8;19;22,3;21,8;19,4;19;84;83;84;;;;
2025/05/09;0200 UTC;;993,9;994,1;993,9;;21,3;18,7;21,8;21,3;19,1;18,6;85;84;85;;;;
2025/05/09;0300 UTC;;993,8;994;993,8;;21,2;18,6;21,4;21,2;18,8;18,6;85;85;85;;;;
2025/05/09;0400 UTC;;993,2;993,8;993,2;;21,2;18,7;21,3;21;18,8;18,4;86;85;86;;;;
2025/05/09;0500 UTC;;992,7;993,2;992,7;;21;18,5;21,2;20,9;18,7;18,4;86;86;86;;;;
2025/05/09;0600 UTC;;992,2;992,7;992,2;;21,1;18,7;21,1;20,8;18,7;18,3;86;86;86;;;;
2025/05/09;0700 UTC;;992,2;992,3;992,1;,6;21,5;19,1;21,5;21,1;19,1;18,7;86;86;86;;;;
2025/05/09;0800 UTC;;992,2;992,2;992,1;1,5;21,6;19,2;21,7;21,4;19,3;19,1;87;86;86;;;;
2025/05/09;0900 UTC;;992,8;992,8;992,2;1,8;21,4;19;21,6;21,3;19,2;19;87;86;87;;;;
2025/05/09;1000 UTC;;993,6;993,6;992,8;132,7;22,1;19,8;22,1;21,4;19,8;19,1;87;87;87;;;;
2025/05/09;1100 UTC;;994,3;994,3;993,6;344,2;22,5;20,3;22,5;21,9;20,3;19,6;87;87;87;;;;
2025/05/09;1200 UTC;;994,6;994,7;994,3;1337,2;25,6;22,5;25,6;22,5;22,5;20,4;87;83;83;;;;
2025/05/09;1300 UTC;;994,5;994,7;994,5;1601;26,3;22,3;26,9;25;23,3;21,8;84;79;79;;;;
2025/05/09;1400 UTC;;993,9;994,5;993,9;2857,4;28,1;22,4;29;26,2;24,1;22,1;80;70;71;;;;
2025/05/09;1500 UTC;;993,1;993,9;993,1;2433,7;28,4;21,8;29,6;27,9;23;21,6;72;66;68;;;;
2025/05/09;1600 UTC;;992,3;993,1;992,3;2459;28,8;21,3;30,6;28,4;23;21,3;68;63;64;;;;
2025/05/09;1700 UTC;;991,8;992,3;991,8;1651,3;27,1;20,7;30,6;26,6;22,6;19,8;68;60;68;;;;
2025/05/09;1800 UTC;;991,7;991,8;991,6;892,4;28,4;21,4;28,4;26,4;21,4;20,3;70;65;66;;;;
2025/05/09;1900 UTC;;992,1;992,1;991,6;586,6;27,2;20,3;28,5;27,2;21,3;20,3;66;64;66;;;;
2025/05/09;2000 UTC;;992,4;992,4;992,1;293,2;26,4;19,7;27,6;26,4;20,8;19,7;67;65;67;;;;
2025/05/09;2100 UTC;;992,7;992,7;992,4;10,9;23,6;18,8;26,4;23,6;19,7;18,7;75;67;75;;;;
2025/05/09;2200 UTC;;993;993;992,7;;22,6;18,6;23,6;22,6;19,1;18,6;78;75;78;;;;
2025/05/09;2300 UTC;;993,6;993,6;993;;22;18,6;22,6;22;18,9;18,5;81;78;81;;;;
2025/05/10;0000 UTC;;993,7;993,7;993,6;;22,1;19;22,1;21,9;19;18,6;83;81;83;;;;
2025/05/10;0100 UTC;;993,8;993,8;993,7;;22,3;19,4;22,4;21,6;19,4;18,6;84;83;83;;;;
2025/05/10;0200 UTC;;993,4;993,8;993,4;;22,5;19,7;22,7;22,1;19,9;19,2;84;83;84;;;;
2025/05/10;0300 UTC;;993,1;993,4;993,1;;22,3;19,5;22,9;22,3;20,1;19,5;84;84;84;;;;
2025/05/10;0400 UTC;;992,9;993,1;992,8;;22,1;19,4;22,6;22,1;19,8;19,4;85;84;85;;;;
2025/05/10;0500 UTC;;992,8;992,9;992,8;;21,8;19,3;22,3;21,8;19,6;19,2;85;85;85;;;;
2025/05/10;0600 UTC;;992,6;992,8;992,6;;20,8;18,2;21,8;20,8;19,2;18,2;86;85;85;;;;
2025/05/10;0700 UTC;;992,8;992,8;992,6;;20,3;17,9;21,1;20,3;18,7;17,9;86;85;86;;;;
2025/05/10;0800 UTC;;993,3;993,3;992,8;;20;17,7;20,4;20;18,1;17,7;87;86;87;;;;
2025/05/10;0900 UTC;;994,1;994,1;993,2;;19,6;17,3;20,1;19,6;17,8;17,3;87;87;87;;;;
2025/05/10;1000 UTC;;994,9;994,9;994,1;214,3;20,2;18;20,2;19,5;18;17,2;87;87;87;;;;
2025/05/10;1100 UTC;;995,8;995,8;994,9;712,2;21,6;19,3;21,6;20,2;19,4;18,1;87;87;87;;;;
2025/05/10;1200 UTC;;996,4;996,4;995,8;1483;24,4;21,4;24,4;21,5;21,4;19,2;87;84;84;;;;
2025/05/10;1300 UTC;;996,5;996,6;996,4;1950,3;26,1;22;26,7;24,3;22,8;21,3;84;78;78;;;;
2025/05/10;1400 UTC;;995,4;996,5;995,4;2531,3;28,1;22,6;28,6;26,1;23,5;22;79;72;72;;;;
2025/05/10;1500 UTC;;994,2;995,4;994,2;2716,6;30;22,6;30,4;28,1;23,7;21,9;73;63;64;;;;
2025/05/10;1600 UTC;;993,3;994,2;993,3;2687;30,2;21,3;31;29,1;22,7;20,9;65;59;59;;;;
2025/05/10;1700 UTC;;992,6;993,3;992,6;1587,5;29;21,8;30,8;28;22,1;20,5;66;59;65;;;;
2025/05/10;1800 UTC;;992,4;992,7;992,3;1431,7;27,5;20;29,5;27,5;21,9;19,8;66;61;64;;;;
2025/05/10;1900 UTC;;992,4;992,4;992,2;676,1;26,6;20,1;28,1;26,6;20,4;19,6;68;62;68;;;;
2025/05/10;2000 UTC;;992,7;992,7;992,4;386,2;24,8;19,5;26,9;24,8;20,5;19,5;72;68;72;;;;
2025/05/10;2100 UTC;;993,2;993,2;992,7;9,3;23,9;19,5;24,8;23,9;19,6;19,4;76;72;76;;;;
2025/05/10;2200 UTC;;993,5;993,5;993,2;;23,1;18,8;24,1;23,1;19,6;18,8;77;75;77;;;;
2025/05/10;2300 UTC;;994;994,1;993,5;;22,5;18,1;23,2;22,5;18,9;18;77;76;76;;;;
2025/05/11;0000 UTC;;994,5;994,5;994;;22,1;18,2;22,5;21,8;18,2;17,7;78;76;78;;;;
2025/05/11;0100 UTC;;994,4;994,5;994,4;;21,6;17,9;22,3;21,5;18,4;17,8;80;78;80;;;;
2025/05/11;0200 UTC;;994,4;994,6;994,4;;22,4;18,6;22,5;21,6;18,8;17,9;80;79;79;;;;
2025/05/11;0300 UTC;;994;994,4;994;;22,3;18,6;22,6;22,3;18,8;18,5;79;79;79;;;;
2025/05/11;0400 UTC;;993,9;994,1;993,9;;21,3;17,8;22,3;21,3;18,5;17,8;80;79;80;;;;
2025/05/11;0500 UTC;;993,5;993,9;993,5;;22;18,6;22;21,1;18,6;17,7;81;80;81;;;;
2025/05/11;0600 UTC;;993,4;993,6;993,4;;22,2;18,9;22,3;21,5;18,9;18,1;82;81;81;;;;
2025/05/11;0700 UTC;;993,4;993,5;993,4;;21,3;18,1;22,2;21,2;18,9;18;82;81;82;;;;
2025/05/11;0800 UTC;;993,6;993,6;993,4;;20,9;18;21,3;20,9;18,3;17,9;83;82;83;;;;
2025/05/11;0900 UTC;;994,1;994,1;993,6;,1;20,5;17,8;21;19,9;18;16,9;85;83;85;;;;
2025/05/11;1000 UTC;;994,9;994,9;994,1;240,7;23,3;20,2;23,3;20,4;20,2;17,7;85;82;83;;;;
2025/05/11;1100 UTC;;995,4;995,4;994,9;917,1;25,1;21,3;25,1;21,9;21,3;18,7;83;79;79;;;;
2025/05/11;1200 UTC;;995,8;995,8;995,4;1714,2;26,9;21,3;27,3;25,1;22,3;21;79;71;72;;;;
2025/05/11;1300 UTC;;995,8;995,8;995,8;2099,8;27,5;20,7;28,2;26,5;22;20;73;65;67;;;;
2025/05/11;1400 UTC;;995,2;995,8;995,2;1938,9;28,9;20,7;29,2;27,1;21,8;19,7;67;61;61;;;;
2025/05/11;1500 UTC;;994,4;995,2;994,4;2541,6;28,4;19,3;30;27,7;21;19,3;63;57;58;;;;
2025/05/11;1600 UTC;;993,5;994,4;993,5;1613,4;28,1;19,4;30,6;27,7;21,2;19;61;56;59;;;;
2025/05/11;1700 UTC;;992,6;993,5;992,6;2355,5;29,6;19,1;30,9;28,1;20,8;19,1;60;53;53;;;;
2025/05/11;1800 UTC;;992,1;992,6;992,1;1354,9;29,9;19,5;30,2;27,8;20,2;18,4;58;53;54;;;;
2025/05/11;1900 UTC;;992,6;992,6;992,1;780,6;28;20;29,9;26,7;20;18,3;63;52;62;;;;
2025/05/11;2000 UTC;;992,9;992,9;992,6;326,5;25,8;19,4;28,1;25,8;20;19,1;68;60;68;;;;
2025/05/11;2100 UTC;;993,9;993,9;992,9;9,3;24,4;19,4;25,8;24,4;19,4;19,1;74;68;74;;;;
2025/05/11;2200 UTC;;994,4;994,4;993,9;;24;19,6;24,4;24;19,7;19,4;77;74;77;;;;
2025/05/11;2300 UTC;;995,1;995,1;994,4;;22,6;18,9;24;22,6;19,6;18,8;79;77;79;;;;
2025/05/12;0000 UTC;;995,5;995,5;995,1;;21,9;18,6;22,6;21,9;18,9;18,5;82;79;82;;;;
2025/05/12;0100 UTC;;995,8;995,8;995,5;;21,3;18,4;21,9;21,3;18,7;18,3;83;81;83;;;;
2025/05/12;0200 UTC;;996,2;996,2;995,8;;21,5;18,6;21,5;21,2;18,6;18,2;84;83;84;;;;
2025/05/12;0300 UTC;;996,1;996,2;996;0;21,8;18,9;21,8;21,5;18,9;18,6;84;83;84;;;;
2025/05/12;0400 UTC;;995,6;996,1;995,6;;21,9;19,2;21,9;21,7;19,2;18,9;84;84;84;;;;
2025/05/12;0500 UTC;;995,1;995,6;995,1;1,2;22;19,1;22;21,9;19,2;19,1;84;84;84;;;;
2025/05/12;0600 UTC;;994,8;995,1;994,8;4,7;21,5;18,7;22;21,5;19,1;18,7;84;84;84;;;;
2025/05/12;0700 UTC;;994,6;994,8;994,6;2;21,4;18,6;21,5;21,4;18,7;18,6;84;84;84;;;;
2025/05/12;0800 UTC;;994,9;994,9;994,5;2,4;21,4;18,4;21,6;21,3;18,6;18,4;84;83;83;;;;
2025/05/12;0900 UTC;;995,5;995,5;994,9;1,9;21,2;18;21,4;21,2;18,4;18;83;82;82;;;;
2025/05/12;1000 UTC;;996,1;996,1;995,5;114,2;21,2;18;21,2;21;18,1;17,9;82;82;82;;;;
2025/05/12;1100 UTC;;996,7;996,8;996,1;163,2;20,7;17,5;21,2;20,7;18;17,5;83;82;82;;;;
2025/05/12;1200 UTC;;997,2;997,2;996,7;323,2;20,7;17,5;20,7;20,6;17,6;17,3;82;81;82;;;;
2025/05/12;1300 UTC;;997,5;997,5;997,2;489,9;20,4;17,4;20,7;20,1;17,5;17;83;81;83;;;;
2025/05/12;1400 UTC;;997,1;997,5;997,1;414,5;20,2;17,4;20,4;20;17,4;17,1;84;83;84;;;;
2025/05/12;1500 UTC;;996,4;997,1;996,4;356,6;20,9;18;21;20,1;18,1;17,3;84;83;83;;;;
2025/05/12;1600 UTC;;995,7;996,4;995,7;322,5;21,4;18,4;21,4;20,8;18,5;18;84;83;83;;;;
2025/05/12;1700 UTC;;995,2;995,7;995,2;398,3;22;18,8;22,1;21,3;18,9;18,4;83;82;82;;;;
2025/05/12;1800 UTC;;995,2;995,3;995,2;538,4;22,6;19,1;22,6;22;19,1;18,8;82;80;81;;;;
2025/05/12;1900 UTC;;995,4;995,4;995,2;336,2;22,4;18,8;22,7;22,3;19,2;18,8;81;80;80;;;;
2025/05/12;2000 UTC;;995,4;995,5;995,3;104,7;21,2;18,1;22,4;21,2;18,8;18,1;83;80;83;;;;
2025/05/12;2100 UTC;;995,7;995,7;995,4;5,5;21,1;18,1;21,2;21,1;18,1;18;83;83;83;;;;
2025/05/12;2200 UTC;;996,1;996,1;995,7;;21,8;18,6;21,9;21,1;18,7;18,1;83;82;82;;;;
2025/05/12;2300 UTC;;996,6;996,6;996,1;;21,7;18,6;21,9;21,6;18,7;18,6;83;82;83;;;;
2025/05/13;0000 UTC;;996,6;996,8;996,6;;21,4;18,2;21,8;21,4;18,6;18,2;83;82;82;;;;
2025/05/13;0100 UTC;;996,7;996,8;996,5;;20,9;17,7;21,4;20,9;18,2;17,7;82;82;82;;;;
2025/05/13;0200 UTC;;996,5;996,8;996,5;;20,7;17,5;21;20,7;17,7;17,5;82;82;82;;;;
2025/05/13;0300 UTC;;996;996,5;996;;20,5;17,4;20,7;20,5;17,5;17,4;82;82;82;;;;
2025/05/13;0400 UTC;;995,3;996;995,3;;20,3;17,3;20,5;20,2;17,4;17,2;83;82;83;;;;
2025/05/13;0500 UTC;;994,7;995,3;994,7;;20,2;17,3;20,5;20,2;17,4;17,2;83;83;83;;;;
2025/05/13;0600 UTC;;994,3;994,7;994,2;;20,2;17,3;20,3;20,2;17,4;17,2;84;83;84;;;;
2025/05/13;0700 UTC;;994;994,2;994;;20,2;17,4;20,3;20,1;17,4;17,3;84;84;84;;;;
2025/05/13;0800 UTC;;994,2;994,2;994;1,2;20,2;17,4;20,3;20,2;17,4;17,3;84;84;84;;;;
2025/05/13;0900 UTC;;994,5;994,5;994,1;,2;20;17,2;20,2;19,9;17,4;17,2;84;84;84;;;;
2025/05/13;1000 UTC;;995,2;995,2;994,5;131,5;20,5;17,7;20,5;20;17,7;17,2;84;84;84;;;;
2025/05/13;1100 UTC;;995,9;995,9;995,2;608,3;21,9;18,6;21,9;20,5;18,6;17,7;84;82;82;;;;
2025/05/13;1200 UTC;;996,5;996,5;995,9;1008,6;22,9;19,1;23;21,9;19,3;18,4;82;79;79;;;;
2025/05/13;1300 UTC;;996,5;996,7;996,5;1066,3;23,8;19,5;23,8;22,8;19,7;19;79;77;77;;;;
2025/05/13;1400 UTC;;995,9;996,5;995,9;1160,4;23,7;19,2;24,4;22,9;19,9;18,3;77;75;76;;;;
2025/05/13;1500 UTC;;995,3;995,9;995,2;1139,5;24;18,7;24,6;22;19,8;17,8;79;72;72;;;;
2025/05/13;1600 UTC;;994,6;995,3;994,6;815,7;23,7;18,7;23,9;21,4;18,9;17,1;78;72;74;;;;
2025/05/13;1700 UTC;;994,1;994,6;994,1;904,8;23,9;18,3;24,4;23,7;18,9;18,1;74;70;71;;;;
2025/05/13;1800 UTC;;994,3;994,4;994,1;469,6;23,3;17,9;24;22,4;18,4;17;72;69;72;;;;
2025/05/13;1900 UTC;;994,4;994,5;994,3;342,6;23;17,3;23,5;22,8;17,9;16,8;72;68;70;;;;
2025/05/13;2000 UTC;;995;995;994,4;202,6;21,4;15,8;23;21,4;17,3;15,8;71;70;70;;;;
2025/05/13;2100 UTC;;995,1;995,1;994,9;5,7;21;15,6;21,4;20,9;15,7;15,4;72;70;72;;;;
2025/05/13;2200 UTC;;995,5;995,5;995,1;;20,7;15,9;21;20,6;16;15,6;74;72;74;;;;
2025/05/13;2300 UTC;;996;996;995,5;;20,5;16,3;20,7;20,2;16,3;15,8;76;74;76;;;;
2025/05/14;0000 UTC;;996,3;996,3;996;;20,5;16;20,6;20,5;16,3;16;77;76;76;;;;
2025/05/14;0100 UTC;;996,3;996,4;996,3;;20,2;15,9;20,5;20,1;16;15,8;76;76;76;;;;
2025/05/14;0200 UTC;;996,1;996,4;996,1;;19,7;15,7;20,2;19,7;15,8;15,6;77;76;77;;;;
2025/05/14;0300 UTC;;995,7;996,1;995,7;;19,6;15,7;19,7;19,6;15,8;15,6;78;77;78;;;;
2025/05/14;0400 UTC;;995;995,7;995;;19,6;15,8;19,6;19,5;15,8;15,6;79;78;79;;;;
2025/05/14;0500 UTC;;994,4;995;994,4;;19,4;15,8;19,7;19,4;15,8;15,7;79;79;79;;;;
2025/05/14;0600 UTC;;994;994,5;994;;19,4;15,8;19,5;19,3;15,8;15,7;80;79;80;;;;
2025/05/14;0700 UTC;;993,9;994;993,9;;19,4;15,8;19,4;19,3;15,8;15,7;80;80;80;;;;
2025/05/14;0800 UTC;;994,1;994,1;993,9;;19,6;15,9;19,6;19,3;15,9;15,7;80;79;79;;;;
2025/05/14;0900 UTC;;994,4;994,4;993,9;;19,4;15,5;19,7;19,4;15,9;15,5;79;78;78;;;;
2025/05/14;1000 UTC;;995,1;995,1;994,4;117,2;19,6;15,6;19,7;19,3;15,7;15,5;78;78;78;;;;
2025/05/14;1100 UTC;;995,7;995,8;995;650,9;21,9;17,3;21,9;19,6;17,3;15,6;78;75;75;;;;
2025/05/14;1200 UTC;;996,4;996,5;995,8;1707,3;23,3;17,1;23,5;21,9;17,7;17,1;75;68;68;;;;
2025/05/14;1300 UTC;;996,3;996,5;996,2;2199,2;24,2;17;24,5;23,3;17,9;16,3;68;63;64;;;;
2025/05/14;1400 UTC;;996;996,3;996;1960,2;23,6;16,3;24,9;23,4;17,6;16;65;62;64;;;;
2025/05/14;1500 UTC;;995,2;996,1;995,2;2213,1;24,6;16,1;26;23,4;18,2;16;65;59;59;;;;
2025/05/14;1600 UTC;;994,6;995,2;994,6;575,9;22,6;16;24,9;22,5;16,7;15,8;67;59;67;;;;
2025/05/14;1700 UTC;;994,2;994,6;994,1;634,5;22,1;16,4;24,4;21,9;17,7;15,6;70;65;70;;;;
2025/05/14;1800 UTC;;994,3;994,4;994,2;406,9;21,7;17;22,1;20,5;17;15,5;75;70;75;;;;
2025/05/14;1900 UTC;;994,2;994,3;994,2;641,3;22,7;17,7;22,7;21,7;17,7;17;75;73;73;;;;
2025/05/14;2000 UTC;;994,8;994,8;994,2;264,6;19,8;15,5;23,1;19,7;17,9;15,4;77;72;77;;;;
2025/05/14;2100 UTC;;995,2;995,2;994,7;6,2;20,5;15,7;20,9;19,8;16,1;15,6;77;74;74;;;;
2025/05/14;2200 UTC;;995,6;995,6;995,2;;20,5;15,9;20,7;20,4;16;15,7;75;74;75;;;;
2025/05/14;2300 UTC;;996,3;996,3;995,6;;20,6;16,3;20,8;20,4;16,4;15,9;76;75;76;;;;
2025/05/15;0000 UTC;;996,4;996,4;996,2;;19,8;15,9;20,7;19,8;16,3;15,9;78;76;78;;;;
2025/05/15;0100 UTC;;996,6;996,7;996,4;;19,5;15,8;19,8;19,5;16;15,8;79;78;79;;;;
2025/05/15;0200 UTC;;996,6;996,7;996,5;;19,1;15,7;19,5;19,1;15,9;15,6;80;79;80;;;;
2025/05/15;0300 UTC;;996,4;996,7;996,4;;19;15,6;19,3;18,9;15,8;15,5;81;80;81;;;;
2025/05/15;0400 UTC;;996,1;996,4;996,1;;18,6;15,4;19;18,6;15,6;15,4;82;81;82;;;;
2025/05/15;0500 UTC;;995,5;996,1;995,5;;18,4;15,3;18,7;18,4;15,5;15,2;82;82;82;;;;
2025/05/15;0600 UTC;;995,3;995,5;995,3;;18,7;15,7;18,7;18,3;15,7;15,3;83;82;83;;;;
2025/05/15;0700 UTC;;995,2;995,3;995,1;;18,9;16;19;18,7;16;15,7;83;83;83;;;;
2025/05/15;0800 UTC;;995,1;995,2;995;;19;16,1;19;18,9;16,1;15,9;83;83;83;;;;
2025/05/15;0900 UTC;;995,3;995,4;995,1;;19,1;16,3;19,1;19;16,3;16,1;84;83;84;;;;
2025/05/15;1000 UTC;;995,9;995,9;995,3;89,5;19,5;16,7;19,5;19,1;16,7;16,3;84;83;83;;;;
2025/05/15;1100 UTC;;996,7;996,7;995,8;315,2;19,6;16,7;20;19,5;17;16,6;84;83;83;;;;
2025/05/15;1200 UTC;;996,9;997;996,7;720,4;21,2;18;21,2;19,6;18;16,7;84;82;82;;;;
2025/05/15;1300 UTC;;997,3;997,3;996,9;776,1;21,1;17,5;21,7;21,1;18,1;17,5;82;79;80;;;;
2025/05/15;1400 UTC;;996,5;997,3;996,5;1336;23;18,9;23,2;20,4;19,3;17,1;82;78;78;;;;
2025/05/15;1500 UTC;;995,6;996,5;995,6;1488,5;23,2;18,2;23,8;22,6;19,3;18,2;78;74;74;;;;
2025/05/15;1600 UTC;;995,2;995,6;995,2;796,7;22,5;18;23,2;21,6;18,3;17,3;78;74;76;;;;
2025/05/15;1700 UTC;;994,7;995,2;994,7;863,4;21,8;17,9;22,6;21,5;18,4;17,5;79;75;78;;;;
2025/05/15;1800 UTC;;994,6;994,7;994,4;623,9;21,1;17,5;22,8;21;18,5;17,3;80;76;80;;;;
2025/05/15;1900 UTC;;994,7;994,8;994,5;450,2;20,5;17,3;21,7;20,5;18,1;17,3;82;80;82;;;;
2025/05/15;2000 UTC;;995;995;994,6;153,5;20,7;17,6;20,9;20,5;17,7;17,3;83;82;83;;;;
2025/05/15;2100 UTC;;995,4;995,4;994,9;6,6;20,8;17,8;20,8;20,5;17,8;17,5;83;83;83;;;;
2025/05/15;2200 UTC;;995,6;995,6;995,3;;20,7;17,8;20,8;20,7;17,9;17,7;83;83;83;;;;
2025/05/15;2300 UTC;;995,9;995,9;995,5;;20,6;17,7;20,7;20,5;17,8;17,6;84;83;84;;;;
2025/05/16;0000 UTC;;996,2;996,2;995,9;;20,7;17,8;20,8;20,5;17,9;17,6;84;83;83;;;;
2025/05/16;0100 UTC;;996,4;996,4;996,2;;20,4;17,6;20,7;20,1;17,8;17,3;84;83;84;;;;
2025/05/16;0200 UTC;;996,2;996,4;996,2;;20,3;17,5;20,6;20,3;17,8;17,5;84;84;84;;;;
2025/05/16;0300 UTC;;996,3;996,3;996,2;;20,4;17,6;20,4;20,3;17,6;17,5;84;84;84;;;;
2025/05/16;0400 UTC;;996;996,3;996;;20,2;17,5;20,4;20,2;17,7;17,5;85;84;85;;;;
2025/05/16;0500 UTC;;995,5;996;995,5;;20,2;17,6;20,3;20,2;17,6;17,5;85;85;85;;;;
2025/05/16;0600 UTC;;995,2;995,6;995,2;;20;17,5;20,2;20;17,6;17,4;85;85;85;;;;
2025/05/16;0700 UTC;;995,1;995,2;995;;19,8;17,3;20,1;19,7;17,5;17,2;86;85;86;;;;
2025/05/16;0800 UTC;;995,5;995,5;995,1;0;19,5;17,1;19,8;19,5;17,3;17,1;86;86;86;;;;
2025/05/16;0900 UTC;;996;996;995,5;,6;19;16,6;19,5;19;17,1;16,6;86;86;86;;;;
2025/05/16;1000 UTC;;996,6;996,6;996;78,5;19,1;16,8;19,1;18,9;16,9;16,6;87;86;87;;;;
2025/05/16;1100 UTC;;997,2;997,3;996,6;126,8;19,2;16,9;19,3;19,1;17;16,8;87;87;87;;;;
2025/05/16;1200 UTC;;997,7;997,7;997,2;226,7;19,8;17,6;19,8;19,2;17,6;16,9;87;87;87;;;;
2025/05/16;1300 UTC;;997,7;998;997,6;356,4;20,4;18,1;20,6;19,7;18,3;17,5;87;87;87;;;;
2025/05/16;1400 UTC;;997,1;997,7;997,1;614;20,9;18,6;21,1;20,4;18,8;18,1;87;86;87;;;;
2025/05/16;1500 UTC;;996,6;997,1;996,6;762,2;21,7;19,4;21,8;20,8;19,4;18,4;87;86;87;;;;
2025/05/16;1600 UTC;;996;996,6;996;776,2;22;19,5;22;21,2;19,5;18,7;87;86;86;;;;
2025/05/16;1700 UTC;;995,3;996;995,3;1016,7;22,8;20,2;22,8;21,1;20,3;18,7;86;85;85;;;;
2025/05/16;1800 UTC;;995,2;995,4;995,1;459;20,8;18,4;22,8;20,2;20;17,8;86;84;86;;;;
2025/05/16;1900 UTC;;995,2;995,2;994,8;535,2;21,5;18,6;22,1;20,8;19,2;18,3;87;83;83;;;;
2025/05/16;2000 UTC;;995,6;995,6;995;134,7;20,9;18;21,7;20,9;18,5;18;84;82;84;;;;
2025/05/16;2100 UTC;;995,9;996;995,6;3,5;20,4;17,5;20,9;20,1;18;17,5;85;83;83;;;;
2025/05/16;2200 UTC;;995,8;995,9;995,5;4,4;20,7;17,4;21;20,3;17,7;17,3;83;81;82;;;;
2025/05/16;2300 UTC;;996,2;996,4;995,8;,6;20,7;17,4;20,9;20,6;17,6;17,4;82;81;82;;;;
2025/05/17;0000 UTC;;996,6;996,7;996,2;;20,1;17;20,7;20,1;17,4;17;83;82;83;;;;
2025/05/17;0100 UTC;;996,9;997;996,6;;20,3;17,4;20,5;19,9;17,6;17;84;83;84;;;;
2025/05/17;0200 UTC;;996,9;997;996,8;;20;17,2;20,3;19,9;17,4;17,2;84;84;84;;;;
2025/05/17;0300 UTC;;996,9;997;996,8;;19,6;16,9;20;19,6;17,3;16,9;84;84;84;;;;
2025/05/17;0400 UTC;;996,5;996,9;996,5;;19;16,4;19,7;19;17;16,4;85;84;85;;;;
2025/05/17;0500 UTC;;996,1;996,5;996,1;;19;16,4;19,1;18,8;16,5;16,2;85;85;85;;;;
2025/05/17;0600 UTC;;995,7;996,1;995,7;;18,5;16;19,1;18,5;16,5;16;85;85;85;;;;
2025/05/17;0700 UTC;;995,8;995,8;995,4;;18,8;16,4;18,8;18,5;16,4;16;86;85;86;;;;
2025/05/17;0800 UTC;;996;996;995,6;;18,6;16,2;18,9;18,6;16,5;16,2;86;86;86;;;;
2025/05/17;0900 UTC;;996,5;996,5;996;1,1;18,7;16,4;18,8;18,6;16,4;16,2;86;86;86;;;;
2025/05/17;1000 UTC;;996,9;996,9;996,4;164,7;19,1;16,7;19,2;18,7;16,8;16,4;86;86;86;;;;
2025/05/17;1100 UTC;;997,6;997,6;996,9;569,1;20,5;17,9;20,5;19,1;17,9;16,6;86;85;85;;;;
2025/05/17;1200 UTC;;998,1;998,1;997,6;882,5;20,9;18,3;21,3;20,4;18,7;17,8;86;84;85;;;;
2025/05/17;1300 UTC;;998,1;998,4;998,1;1525,5;23,7;20,4;23,8;20,8;20,6;18,4;86;82;82;;;;
2025/05/17;1400 UTC;;997,6;998,1;997,5;1703,9;23,2;19,3;25,5;22,7;21,6;19,3;83;77;79;;;;
2025/05/17;1500 UTC;;996,7;997,7;996,7;1909,1;24,7;20;25,3;22;21,1;18;80;75;75;;;;
2025/05/17;1600 UTC;;995,9;996,7;995,9;2788,3;25,7;20;26,4;24,3;21,3;19,2;76;70;71;;;;
2025/05/17;1700 UTC;;995,3;995,9;995,3;1646,2;23,9;18,6;26,9;22,3;20,9;16,7;74;65;72;;;;
2025/05/17;1800 UTC;;995;995,3;995;876,7;25;19,9;25,7;23,6;20,1;18,5;75;69;73;;;;
2025/05/17;1900 UTC;;994,8;995;994,8;999;25;18;25,6;24,7;19,7;17,9;73;64;65;;;;
2025/05/17;2000 UTC;;995,1;995,1;994,8;342,2;22,9;17,1;25;22,9;18;17,1;70;65;70;;;;
2025/05/17;2100 UTC;;995,3;995,3;995,1;6,2;20,7;16;22,9;20,7;17,1;15,9;74;70;74;;;;
2025/05/17;2200 UTC;;995,6;995,6;995,3;;20;15,9;20,8;20;16,1;15,8;77;74;77;;;;
2025/05/17;2300 UTC;;996;996;995,6;;19,7;16;20;19,6;16;15,7;79;77;79;;;;
2025/05/18;0000 UTC;;996,2;996,2;996;;19,2;15,8;19,8;19,1;16;15,7;81;79;81;;;;
2025/05/18;0100 UTC;;996,1;996,3;996;;19;15,8;19,4;18,9;16,1;15,7;82;81;82;;;;
2025/05/18;0200 UTC;;996;996,1;996;;18,8;15,8;19,2;18,6;16;15,6;83;82;83;;;;
2025/05/18;0300 UTC;;995,8;996;995,8;;18,7;15,9;19;18,5;16;15,6;84;83;84;;;;
2025/05/18;0400 UTC;;995,4;996;995,4;;18,9;16,2;19,1;18,6;16,4;15,8;84;83;84;;;;
2025/05/18;0500 UTC;;995,1;995,4;995;;18,8;16,2;18,9;18,3;16,2;15,7;85;84;85;;;;
2025/05/18;0600 UTC;;995;995,2;994,8;;19,5;17;19,5;18,8;17;16,2;86;85;86;;;;
2025/05/18;0700 UTC;;994,7;995;994,5;;19,5;17;19,6;19,4;17,2;16,9;86;86;86;;;;
2025/05/18;0800 UTC;;995;995;994,6;;19,2;16,7;19,6;19,1;17,1;16,7;86;86;86;;;;
2025/05/18;0900 UTC;;995,6;995,6;995;,3;19,2;16,8;19,2;19,1;16,9;16,6;86;86;86;;;;
2025/05/18;1000 UTC;;996,3;996,3;995,6;182,3;19,7;17,4;19,7;19;17,4;16,7;87;86;87;;;;
2025/05/18;1100 UTC;;996,8;996,8;996,3;583,1;20,6;18,2;20,6;19,7;18,2;17,3;87;85;86;;;;
2025/05/18;1200 UTC;;997,5;997,5;996,8;1478,2;23,2;19,9;23,4;20,7;20,3;18,2;86;82;82;;;;
2025/05/18;1300 UTC;;997,4;997,6;997,4;1787,4;24,7;20,5;25;22,9;21,2;19,6;83;77;77;;;;
2025/05/18;1400 UTC;;996,7;997,4;996,7;2633,4;26,7;20,2;26,8;24,7;21,5;19,8;78;67;68;;;;
2025/05/18;1500 UTC;;996;996,7;996;2393,3;26,4;19,3;26,9;25;20,3;18,6;69;64;65;;;;
2025/05/18;1600 UTC;;994,9;996;994,9;2374,7;27,5;18,2;27,6;25,7;20;17,6;66;57;57;;;;
2025/05/18;1700 UTC;;994,4;994,9;994,4;2290,7;26,3;17,6;28,3;25,7;18,9;16,6;59;55;59;;;;
2025/05/18;1800 UTC;;994,5;994,5;994,3;1360,1;24,7;16,7;27,9;24,7;18,3;16,5;61;55;61;;;;
2025/05/18;1900 UTC;;994,6;994,6;994,5;1023,1;25,4;17,3;25,8;24,5;17,6;16,6;62;59;61;;;;
2025/05/18;2000 UTC;;995;995;994,6;367,7;23,7;16,9;25,4;23,7;17,3;16,9;66;60;66;;;;
2025/05/18;2100 UTC;;995,8;995,8;995;9,4;22,3;16,8;23,7;22,3;16,9;16,3;71;65;71;;;;
2025/05/18;2200 UTC;;996,4;996,4;995,8;;21,3;16,8;22,3;21,3;16,9;16,7;75;71;75;;;;
2025/05/18;2300 UTC;;996,8;996,8;996,4;;20,3;16,5;21,3;20,3;16,8;16,4;79;75;79;;;;
2025/05/19;0000 UTC;;996,8;996,8;996,7;;20,5;17;20,5;20;17;16,4;80;79;80;;;;
2025/05/19;0100 UTC;;996,8;996,8;996,7;;20,1;16,8;20,5;20,1;17;16,8;81;80;81;;;;
2025/05/19;0200 UTC;;996,8;996,9;996,8;;19,7;16,5;20,1;19,7;16,8;16,5;82;81;82;;;;
2025/05/19;0300 UTC;;996,6;996,8;996,6;;19,1;16,1;19,7;19,1;16,5;16,1;83;82;83;;;;
2025/05/19;0400 UTC;;996,3;996,6;996,3;;18,9;16,1;19,2;18,8;16,3;15,8;84;82;84;;;;
2025/05/19;0500 UTC;;995,9;996,3;995,9;;18;15,4;19;17,9;16,2;15,2;84;84;84;;;;
2025/05/19;0600 UTC;;995,4;995,9;995,4;;17,6;15,1;18,2;17,4;15,5;14,8;85;84;85;;;;
2025/05/19;0700 UTC;;995;995,4;995;;17,9;15,4;18;17,3;15,5;14,7;86;85;85;;;;
2025/05/19;0800 UTC;;995,2;995,2;994,9;;17,9;15,5;17,9;17,7;15,5;15,2;86;85;86;;;;
2025/05/19;0900 UTC;;995,8;995,8;995,2;;16,9;14,6;17,9;16,7;15,5;14,3;86;86;86;;;;
2025/05/19;1000 UTC;;996,4;996,4;995,8;110,4;18,3;16;18,3;16,9;16;14,8;87;86;87;;;;
2025/05/19;1100 UTC;;996,8;996,8;996,4;852;20,8;18,1;20,8;18,3;18,3;16,1;87;85;85;;;;
2025/05/19;1200 UTC;;997,2;997,2;996,8;1630,8;23,3;19,9;23,4;20,7;20,1;18,1;85;81;81;;;;
2025/05/19;1300 UTC;;997;997,2;997;1709,1;24,7;20,2;25,1;23,1;21,1;19,6;82;76;76;;;;
2025/05/19;1400 UTC;;996,3;997;996,3;2324,1;26,2;20,3;26,5;24,1;21,3;19,4;78;68;70;;;;
2025/05/19;1500 UTC;;995,3;996,3;995,3;2320,7;26,8;19,1;27,3;24,6;20,5;17,9;70;62;63;;;;
2025/05/19;1600 UTC;;994,4;995,3;994,4;2140,5;26,8;18,5;27,3;25,5;19,5;17,5;63;59;60;;;;
2025/05/19;1700 UTC;;993,8;994,4;993,8;1863,1;24,8;17,2;27,2;24,8;18,9;17,1;63;59;63;;;;
2025/05/19;1800 UTC;;993,3;993,8;993,3;1705;26,3;17,1;26,9;24,7;18,8;16,6;64;57;57;;;;
2025/05/19;1900 UTC;;993,3;993,4;993,2;1133,3;25,8;16,8;26,5;25,3;17,5;16,4;59;57;58;;;;
2025/05/19;2000 UTC;;993,8;993,8;993,3;387;23,9;16,3;25,8;23,9;17;16,1;62;58;62;;;;
2025/05/19;2100 UTC;;994,2;994,2;993,8;7,3;23;16,6;24;23;16,6;16,3;67;62;67;;;;
2025/05/19;2200 UTC;;994,7;994,7;994,2;;22,4;16,7;23;22,3;16,7;16,5;70;67;70;;;;
2025/05/19;2300 UTC;;995,3;995,3;994,7;;21,4;16,7;22,4;21,4;16,7;16,4;75;70;75;;;;
2025/05/20;0000 UTC;;995,7;995,7;995,3;;21,4;17,1;21,7;21,4;17,2;16,7;76;75;76;;;;
2025/05/20;0100 UTC;;996;996,1;995,7;;21;17;21,4;21;17,3;17;78;77;78;;;;
2025/05/20;0200 UTC;;995,7;996;995,7;;20,3;16,7;21;20,3;17;16,6;80;78;80;;;;
2025/05/20;0300 UTC;;995,3;995,7;995,3;;20,2;16,8;20,4;20,1;16,9;16,6;81;80;81;;;;
2025/05/20;0400 UTC;;994,8;995,3;994,8;;20;16,9;20,2;19,9;16,9;16,7;82;81;82;;;;
2025/05/20;0500 UTC;;994,4;994,8;994,3;;19,9;16,9;20,1;19,8;17;16,8;83;82;83;;;;
2025/05/20;0600 UTC;;994,2;994,4;994,2;;19,6;16,7;19,9;19,3;16,9;16,4;84;83;84;;;;
2025/05/20;0700 UTC;;994,1;994,2;994;;19,3;16,6;19,7;19,3;16,9;16,6;84;84;84;;;;
2025/05/20;0800 UTC;;994,4;994,4;994,1;;19,2;16,6;19,3;19,2;16,6;16,5;85;84;85;;;;
2025/05/20;0900 UTC;;994,8;994,8;994,4;,5;19;16,4;19,3;19;16,6;16,4;85;85;85;;;;
2025/05/20;1000 UTC;;995,3;995,3;994,7;95,2;19,4;16,9;19,4;19;16,9;16,4;85;85;85;;;;
2025/05/20;1100 UTC;;996;996,1;995,3;365,9;20,1;17,5;20,1;19,4;17,5;16,8;85;85;85;;;;
2025/05/20;1200 UTC;;996,2;996,2;996;997,8;22,2;19,1;22,3;20,1;19,2;17,6;85;82;82;;;;
2025/05/20;1300 UTC;;996,1;996,3;996,1;1419,4;24,2;20,2;24,4;22,1;20,5;18,9;83;78;78;;;;
2025/05/20;1400 UTC;;995,3;996,1;995,3;1791,7;25,9;21;25,9;24,1;21,1;19,9;78;74;74;;;;
2025/05/20;1500 UTC;;994,6;995,3;994,6;1499;24,7;18,7;26,4;24,7;21,1;18,6;74;68;69;;;;
2025/05/20;1600 UTC;;993,5;994,6;993,5;1008,5;26,1;19,8;26,1;24;19,9;18,2;71;68;68;;;;
2025/05/20;1700 UTC;;992,9;993,5;992,9;1074,3;26,3;19,5;26,4;25,6;19,7;19,1;68;66;66;;;;
2025/05/20;1800 UTC;;992,5;992,9;992,5;1322,2;26,1;18,6;26,9;26;19,6;18,6;66;63;64;;;;
2025/05/20;1900 UTC;;993,1;993,1;992,5;520,8;22,2;17,5;26,5;22,2;19,1;17,2;74;63;74;;;;
2025/05/20;2000 UTC;;993,7;993,7;993;69,7;21,2;18,1;22,2;20,9;18,1;17,4;82;74;82;;;;
2025/05/20;2100 UTC;;993,9;993,9;993,7;4,4;21,1;18,1;21,2;20,8;18,2;17,9;83;82;83;;;;
2025/05/20;2200 UTC;;994,5;994,5;993,9;,7;21,1;18,2;21,2;21;18,4;18,1;84;83;84;;;;
2025/05/20;2300 UTC;;994,6;994,7;994,5;,5;20,8;18,1;21,1;20,8;18,3;18,1;84;84;84;;;;
2025/05/21;0000 UTC;;994,4;994,6;994,4;;20,6;18;20,9;20,6;18,2;18;85;84;85;;;;
2025/05/21;0100 UTC;;994,3;994,4;994,3;;20,4;17,7;20,6;20,3;17,9;17,7;85;85;85;;;;
2025/05/21;0200 UTC;;994;994,3;994;;19,9;17,4;20,4;19,9;17,8;17,4;85;85;85;;;;
2025/05/21;0300 UTC;;993,8;994,1;993,8;;19,7;17,2;20,1;19,7;17,6;17,2;86;85;86;;;;
2025/05/21;0400 UTC;;993,5;993,8;993,5;;19,6;17,1;19,8;19,5;17,3;17,1;86;86;86;;;;
2025/05/21;0500 UTC;;993,4;993,5;993,3;;19,6;17,3;19,7;19,6;17,3;17,1;86;86;86;;;;
2025/05/21;0600 UTC;;993,3;993,4;993,3;;19,7;17,3;19,7;19,6;17,3;17,2;87;86;87;;;;
2025/05/21;0700 UTC;;993,1;993,4;993,1;,4;19,8;17,5;19,8;19,6;17,5;17,3;87;87;87;;;;
2025/05/21;0800 UTC;;993,3;993,3;993,1;;19,7;17,4;19,8;19,6;17,5;17,4;87;87;87;;;;
2025/05/21;0900 UTC;;993,8;993,8;993,3;,6;19,6;17,4;19,7;19,6;17,5;17,4;87;87;87;;;;
2025/05/21;1000 UTC;;994,1;994,1;993,8;127;19,5;17,4;19,6;19,4;17,4;17,2;88;87;87;;;;
2025/05/21;1100 UTC;;994,7;994,7;994,1;656,3;20,4;18,2;20,8;19,4;18,6;17,3;88;87;87;;;;
2025/05/21;1200 UTC;;995,4;995,4;994,7;1217,4;22;19,2;22;20,3;19,4;17,9;87;84;84;;;;
2025/05/21;1300 UTC;;995,3;995,4;995,3;2015,2;23,8;20,2;24,8;22;21,3;19,3;85;80;80;;;;
2025/05/21;1400 UTC;;994,5;995,3;994,5;1570;25,4;21,4;25,4;23,8;21,7;20,4;81;78;79;;;;
2025/05/21;1500 UTC;;993,7;994,5;993,7;1719,6;26,6;21,1;26,8;25,4;21,7;20,8;79;71;72;;;;
2025/05/21;1600 UTC;;992,7;993,7;992,7;2370,1;27;20;28;26,1;21,3;20;72;65;65;;;;
2025/05/21;1700 UTC;;992,2;992,7;992,2;2301,6;26,6;19,6;28,3;26,2;21,2;19;67;63;66;;;;
2025/05/21;1800 UTC;;992;992,2;992;1775,5;27;19,4;28,6;26,6;20,5;18,7;66;60;63;;;;
2025/05/21;1900 UTC;;992;992;991,9;1020,6;26,9;19;27,5;26,7;19,5;18,9;63;61;62;;;;
2025/05/21;2000 UTC;;992,3;992,3;991,9;292,2;24,9;18;26,9;24,9;19,1;18;66;62;66;;;;
2025/05/21;2100 UTC;;992,7;992,8;992,3;4,6;22,4;18;24,9;22,2;18;17,5;76;66;76;;;;
2025/05/21;2200 UTC;;993,1;993,1;992,7;;21,6;17,9;22,4;21,6;18,1;17,7;79;76;79;;;;
2025/05/21;2300 UTC;;993,6;993,6;993,1;;20,8;17,6;21,7;20,8;18,2;17,6;82;79;82;;;;
2025/05/22;0000 UTC;;993,8;993,8;993,6;;20,6;17,6;20,8;20,4;17,6;17,3;83;82;83;;;;
2025/05/22;0100 UTC;;993,8;993,9;993,8;;20,6;17,7;20,8;20,6;18;17,6;84;83;84;;;;
2025/05/22;0200 UTC;;993,8;993,8;993,7;;20,6;17,7;20,6;20,3;17,8;17,4;84;83;84;;;;
2025/05/22;0300 UTC;;993,8;994;993,8;;20,5;17,9;20,8;20;18;17,3;85;84;85;;;;
2025/05/22;0400 UTC;;993,5;993,8;993,5;;20,4;17,8;21,3;20,4;18,6;17,8;85;84;85;;;;
2025/05/22;0500 UTC;;993,1;993,5;993,1;;20;17,5;20,5;20;18;17,5;86;85;85;;;;
2025/05/22;0600 UTC;;992,9;993,1;992,9;;19,8;17,4;20,1;19,7;17,6;17,3;86;85;86;;;;
2025/05/22;0700 UTC;;993,1;993,1;992,9;;19,7;17,3;20;19,7;17,7;17,3;86;86;86;;;;
2025/05/22;0800 UTC;;993,5;993,5;993;;19,6;17,3;19,8;19,5;17,5;17,2;87;86;86;;;;
2025/05/22;0900 UTC;;994,1;994,1;993,5;,1;19,6;17,3;19,9;19,6;17,6;17,3;87;86;87;;;;
2025/05/22;1000 UTC;;994,7;994,7;994,1;113,6;19,9;17,7;19,9;19,5;17,7;17,3;87;87;87;;;;
2025/05/22;1100 UTC;;995,5;995,5;994,7;710,9;20,8;18,5;20,9;19,9;18,6;17,7;87;87;87;;;;
2025/05/22;1200 UTC;;995,9;995,9;995,5;1109;22,9;20,1;22,9;20,6;20,1;18,3;87;84;85;;;;
2025/05/22;1300 UTC;;995,7;995,9;995,7;1621,3;24,6;20,8;25,5;22,9;21,8;20,1;85;78;79;;;;
2025/05/22;1400 UTC;;995;995,7;995;1858,6;27,1;21,8;27,3;24,4;22,3;20,6;80;72;73;;;;
2025/05/22;1500 UTC;;993,9;995;993,9;1197,3;25,5;20,1;27,3;25,3;21,7;19,8;73;70;72;;;;
2025/05/22;1600 UTC;;993;994;993;1402,9;28,3;21;28,3;25,4;21,3;19,9;73;65;65;;;;
2025/05/22;1700 UTC;;992,4;993;992,4;2434,6;28,7;20;29,2;27,9;20,9;19,5;64;59;60;;;;
2025/05/22;1800 UTC;;992;992,4;992;1880,9;28,5;19;29,2;27,7;20,3;18,9;60;56;57;;;;
2025/05/22;1900 UTC;;992,2;992,2;992;789,3;26,8;18;28,8;26,8;19,4;18;60;56;59;;;;
2025/05/22;2000 UTC;;992,5;992,5;992,2;308,3;24,3;17,5;26,9;24,3;18,5;17,5;66;59;66;;;;
2025/05/22;2100 UTC;;993;993;992,5;4,9;23;18,2;24,3;23;18,2;17,3;74;66;74;;;;
2025/05/22;2200 UTC;;993,4;993,4;993;;21,9;18,1;23;21,9;18,3;18,1;79;74;79;;;;
2025/05/22;2300 UTC;;994;994;993,4;;21,3;18;21,9;21,3;18,2;18;82;79;82;;;;
2025/05/23;0000 UTC;;994,3;994,3;994;;21,2;18,1;21,3;20,9;18,1;17,8;83;82;83;;;;
2025/05/23;0100 UTC;;994,5;994,5;994,3;;21,1;18,2;21,2;20,9;18,2;17,9;83;82;83;;;;
2025/05/23;0200 UTC;;994,6;994,6;994,5;;20,8;17,9;21,4;20,7;18,4;17,8;84;83;84;;;;
2025/05/23;0300 UTC;;994,3;994,6;994,3;;20,4;17,6;20,9;20,4;18,1;17,6;84;84;84;;;;
2025/05/23;0400 UTC;;994,2;994,4;994,1;;20;17,4;20,5;19,7;17,8;17,1;85;84;85;;;;
2025/05/23;0500 UTC;;993,7;994,2;993,7;;20;17,4;20,3;19,8;17,7;17,3;85;85;85;;;;
2025/05/23;0600 UTC;;993,5;993,7;993,4;;19,7;17,2;20;19,5;17,4;17;86;85;86;;;;
2025/05/23;0700 UTC;;993,4;993,5;993,3;;19,6;17,2;20;19,5;17,6;17;86;86;86;;;;
2025/05/23;0800 UTC;;993,5;993,5;993,4;;19,6;17,2;19,8;19,5;17,5;17,1;86;86;86;;;;
2025/05/23;0900 UTC;;994,1;994,1;993,5;;19,4;17,1;19,6;19,2;17,2;16,8;87;86;87;;;;
2025/05/23;1000 UTC;;995;995;994,1;147,1;20,4;18,2;20,4;19,4;18,2;17,1;87;87;87;;;;
2025/05/23;1100 UTC;;995,4;995,4;995;578;21,4;19,1;21,4;20,4;19,1;18,3;87;87;87;;;;
2025/05/23;1200 UTC;;995,7;995,7;995,4;1294,8;23,4;20,5;23,4;21,2;20,6;18,9;87;84;84;;;;
2025/05/23;1300 UTC;;995,5;995,7;995,5;999,6;25,2;21,6;25,5;23;22,2;20,1;84;80;80;;;;
2025/05/23;1400 UTC;;994,8;995,5;994,8;1136,4;27;22,1;27,1;25;22,5;21;80;74;74;;;;
2025/05/23;1500 UTC;;994;994,8;994;2061;26,7;20,1;28,3;26,2;22,1;20,1;74;66;67;;;;
2025/05/23;1600 UTC;;993;994;993;2061,6;28,7;21,1;29,2;26,7;22,3;20,1;69;64;64;;;;
2025/05/23;1700 UTC;;992,4;993;992,4;2097,2;27,7;19;29,4;27,7;21,7;19;64;58;59;;;;
2025/05/23;1800 UTC;;992;992,4;992;2075,8;28,9;20,2;29,7;27,6;20,6;19;60;56;60;;;;
2025/05/23;1900 UTC;;992,1;992,1;992;1002;27,6;18,4;29;26,9;20,1;18,4;61;57;57;;;;
2025/05/23;2000 UTC;;992,4;992,4;992,1;243,2;24,4;18,3;27,6;24,4;18,5;18,2;69;57;69;;;;
2025/05/23;2100 UTC;;992,9;992,9;992,4;5,5;22,3;18;24,4;22,3;18,3;17,9;77;69;77;;;;
2025/05/23;2200 UTC;;993,7;993,7;992,9;;21,9;18,4;22,4;21,9;18,7;18;81;77;81;;;;
2025/05/23;2300 UTC;;994,3;994,3;993,7;;21,3;18,2;21,9;21,3;18,4;18,2;83;81;83;;;;
2025/05/24;0000 UTC;;994,8;994,8;994,3;;21;18,1;21,4;20,9;18,3;18;84;83;84;;;;
2025/05/24;0100 UTC;;995,1;995,2;994,8;;20,3;17,6;21,1;20,3;18,2;17,6;84;84;84;;;;
2025/05/24;0200 UTC;;994,9;995,1;994,9;;19,9;17,1;20,4;19,9;17,6;17,1;84;83;84;;;;
2025/05/24;0300 UTC;;994,4;994,9;994,4;;19,7;16,8;20;19,6;17,2;16,7;84;83;83;;;;
2025/05/24;0400 UTC;;994,1;994,5;994,1;;19,3;16,5;19,7;19,2;16,8;16,3;84;83;84;;;;
2025/05/24;0500 UTC;;994,1;994,1;994;;19,1;16,4;19,3;19,1;16,5;16,3;84;84;84;;;;
2025/05/24;0600 UTC;;994,4;994,5;994,1;;20,4;17,9;20,4;19,1;17,9;16,4;86;84;86;;;;
2025/05/24;0700 UTC;;994,4;994,4;994,3;;20,8;18,3;20,8;20,4;18,4;17,9;86;86;86;;;;
2025/05/24;0800 UTC;;994,7;994,7;994,4;;20,2;17,7;20,8;20,2;18,4;17,7;86;86;86;;;;
2025/05/24;0900 UTC;;995,4;995,4;994,7;;19,9;17,5;20,2;19,9;17,8;17,4;86;86;86;;;;
2025/05/24;1000 UTC;;996,1;996,1;995,4;119,7;20,3;17,8;20,3;19,9;17,8;17,4;86;86;86;;;;
2025/05/24;1100 UTC;;996,9;996,9;996,1;400,6;21,2;18,6;21,3;20,3;18,7;17,8;86;85;85;;;;
2025/05/24;1200 UTC;;997,4;997,4;996,9;1095,2;23,4;20,2;23,6;21,2;20,4;18,7;85;82;82;;;;
2025/05/24;1300 UTC;;997;997,4;997;1355,2;24,8;21;24,8;23,2;21;19,8;82;79;79;;;;
2025/05/24;1400 UTC;;996,4;997;996,4;2467,7;26,9;21,6;26,9;24,4;21,7;19,9;79;72;73;;;;
2025/05/24;1500 UTC;;995,9;996,4;995,9;1576,2;27,4;21;27,4;25,1;21,6;19,5;73;68;68;;;;
2025/05/24;1600 UTC;;994,9;995,9;994,9;1989,3;27,9;20,3;28,2;25,8;21,2;19,3;69;63;63;;;;
2025/05/24;1700 UTC;;994,1;994,9;994,1;1958,7;27,9;19,4;28,2;26,3;20,2;18,7;64;59;60;;;;
2025/05/24;1800 UTC;;993,8;994,1;993,8;1684,3;27,5;18,7;28,4;26,5;19,8;17,8;60;58;59;;;;
2025/05/24;1900 UTC;;993,9;993,9;993,8;1060,7;26,7;17,9;27,6;26,7;18,8;17,7;59;57;59;;;;
2025/05/24;2000 UTC;;994,4;994,4;993,9;305,4;25,1;17,1;26,7;25;17,9;17,1;61;58;61;;;;
2025/05/24;2100 UTC;;995,1;995,1;994,4;6,1;23;17,9;25,1;22,9;18;17,1;73;61;73;;;;
2025/05/24;2200 UTC;;995,9;995,9;995,1;;22;17,8;23;22;17,9;17,8;77;73;77;;;;
2025/05/24;2300 UTC;;996,8;996,8;995,9;;21,7;17,8;22,1;21,7;18;17,7;78;77;78;;;;
2025/05/25;0000 UTC;;997,1;997,1;996,8;;20,9;17,3;21,7;20,9;17,8;17,3;80;78;80;;;;
2025/05/25;0100 UTC;;997,3;997,4;997,1;;21,1;17,6;21,1;20,8;17,7;17,2;81;80;81;;;;
2025/05/25;0200 UTC;;997,2;997,4;997,2;;20,9;17,6;21,1;20,9;17,7;17,6;82;81;82;;;;
2025/05/25;0300 UTC;;997;997,2;997;;20,9;17,6;21;20,9;17,7;17,6;82;81;82;;;;
2025/05/25;0400 UTC;;996,6;997,1;996,6;;20,7;17,5;20,9;20,7;17,7;17,5;82;82;82;;;;
2025/05/25;0500 UTC;;996,2;996,6;996,2;;20,3;17,2;20,7;20,3;17,5;17,2;83;82;82;;;;
2025/05/25;0600 UTC;;996;996,2;996;;19,9;16,9;20,3;19,9;17,2;16,9;83;82;83;;;;
2025/05/25;0700 UTC;;995,9;996;995,9;;19,7;16,6;19,9;19,7;16,9;16,6;83;82;82;;;;
2025/05/25;0800 UTC;;996,1;996,1;995,9;;19,5;16,4;19,7;19,5;16,6;16,3;82;82;82;;;;
2025/05/25;0900 UTC;;996,5;996,5;996,1;;19,1;15,9;19,5;19,1;16,4;15,9;82;82;82;;;;
2025/05/25;1000 UTC;;997,1;997,1;996,5;193,6;19,8;16,5;19,8;18,7;16,6;15,7;83;81;81;;;;
2025/05/25;1100 UTC;;997,7;997,7;997,1;871;21,5;17,4;21,6;19,8;17,5;16,6;81;78;78;;;;
2025/05/25;1200 UTC;;998,2;998,2;997,7;1610,1;23,3;18,2;23,3;21,5;18,5;17,3;78;73;73;;;;
2025/05/25;1300 UTC;;998,2;998,3;998,2;2146,5;24,3;18,1;24,6;23,2;18,6;17,7;73;68;68;;;;
2025/05/25;1400 UTC;;997,6;998,2;997,6;2201,6;25,2;17,9;25,8;24,1;18,7;17,2;69;64;64;;;;
2025/05/25;1500 UTC;;996,6;997,6;996,6;2539;26,3;17,9;27;24,3;19,1;17,2;65;59;60;;;;
2025/05/25;1600 UTC;;995,4;996,6;995,4;1862,8;25,9;17,4;27,1;25;18,3;16,6;62;57;59;;;;
2025/05/25;1700 UTC;;994,6;995,4;994,6;2305,6;27,1;17,1;27,6;25,7;18,8;16,7;60;54;54;;;;
2025/05/25;1800 UTC;;994,2;994,7;994,2;1481;26,6;16,1;27,1;25,2;17,3;15,8;57;53;53;;;;
2025/05/25;1900 UTC;;994,5;994,5;994,2;866,4;25,2;15,7;26,7;24,9;16,4;15,1;56;52;56;;;;
2025/05/25;2000 UTC;;994,9;994,9;994,5;322,6;24,1;15,4;25,8;24,1;16;15,3;58;54;58;;;;
2025/05/25;2100 UTC;;995,2;995,2;994,9;5,1;22,6;15,4;24,1;22,6;15,5;15,3;64;58;64;;;;
2025/05/25;2200 UTC;;995,8;995,8;995,2;;21,1;15,3;22,6;21,1;15,7;15,3;69;64;69;;;;
2025/05/25;2300 UTC;;996,3;996,3;995,8;;21,3;16,3;21,4;20,9;16,4;15,3;74;69;74;;;;
2025/05/26;0000 UTC;;996,5;996,6;996,2;;20,4;16,1;21,4;20,4;16,5;16;76;74;76;;;;
2025/05/26;0100 UTC;;996,4;996,6;996,4;;20,3;16,4;20,5;20,3;16,5;16,2;79;77;79;;;;
2025/05/26;0200 UTC;;996,4;996,5;996,3;;20,2;16,7;20,3;19,8;16,7;16,1;80;79;80;;;;
2025/05/26;0300 UTC;;995,9;996,4;995,9;;20,3;17;20,3;20,1;17;16,7;81;80;81;;;;
2025/05/26;0400 UTC;;995,3;996;995,3;;20,2;17,1;20,4;20,2;17,1;17;82;81;82;;;;
2025/05/26;0500 UTC;;994,6;995,3;994,6;;20,3;17,3;20,4;20,2;17,3;17,1;83;82;83;;;;
2025/05/26;0600 UTC;;994,2;994,6;994,2;;20,5;17,5;20,5;20,3;17,5;17,3;83;83;83;;;;
2025/05/26;0700 UTC;;993,9;994,2;993,9;;20,2;17,4;20,5;20,2;17,5;17,3;84;83;84;;;;
2025/05/26;0800 UTC;;994,2;994,2;993,9;;20,2;17,5;20,3;20,2;17,5;17,3;84;84;84;;;;
2025/05/26;0900 UTC;;994,7;994,7;994,2;,7;20,3;17,6;20,3;20,2;17,6;17,5;84;84;84;;;;
2025/05/26;1000 UTC;;995,6;995,6;994,7;74,8;20,5;17,8;20,5;20,3;17,9;17,6;85;84;85;;;;
2025/05/26;1100 UTC;;996;996;995,6;263,8;20,7;18,2;20,8;20,5;18,2;17,9;85;85;85;;;;
2025/05/26;1200 UTC;;996,8;996,8;996;537,4;21;18,4;21,1;20,6;18,6;18;86;85;85;;;;
2025/05/26;1300 UTC;;996,8;996,9;996,8;1320,9;23,4;20,2;23,4;20,8;20,4;18,2;86;82;83;;;;
2025/05/26;1400 UTC;;996,1;996,8;996,1;1988,7;25;21;25;22,8;21;19,5;83;78;78;;;;
2025/05/26;1500 UTC;;995,3;996,1;995,3;1519,1;25,4;20;25,9;24,7;21,2;19,8;78;72;72;;;;
2025/05/26;1600 UTC;;994,4;995,3;994,4;1374,6;26,3;19,6;27;25,3;21,3;19,5;73;67;67;;;;
2025/05/26;1700 UTC;;993,7;994,4;993,7;1089;25,6;19,4;28;24,1;21,4;18,3;73;65;68;;;;
2025/05/26;1800 UTC;;993,5;993,7;993,5;956,7;25,8;18,5;26,5;25,6;19,8;18,5;69;64;64;;;;
2025/05/26;1900 UTC;;993,7;993,7;993,4;859,1;24,9;18,7;25,9;24,9;19,7;18,5;70;64;68;;;;
2025/05/26;2000 UTC;;994,2;994,2;993,7;296,4;23,5;17,9;25;23,5;19;17,9;71;68;71;;;;
2025/05/26;2100 UTC;;994,3;994,4;994,1;7,5;22,4;17,6;23,5;22,4;17,8;17,4;74;71;74;;;;
2025/05/26;2200 UTC;;994,9;994,9;994,3;;21,8;17,6;22,4;21,8;17,8;17,5;77;74;77;;;;
2025/05/26;2300 UTC;;995,4;995,4;994,9;;21,4;17,8;21,9;21,4;17,9;17,6;80;77;80;;;;
2025/05/27;0000 UTC;;995,9;995,9;995,4;;21,5;18,1;21,6;21,3;18,1;17,8;81;80;81;;;;
2025/05/27;0100 UTC;;996,3;996,3;995,9;;21,5;18,4;21,7;21,5;18,4;18,1;82;81;82;;;;
2025/05/27;0200 UTC;;996;996,3;996;;21,2;18,4;21,6;21,1;18,5;18,2;84;82;84;;;;
2025/05/27;0300 UTC;;995,9;996;995,8;;21,3;18,7;21,3;21,1;18,7;18,4;85;84;85;;;;
2025/05/27;0400 UTC;;995,6;995,9;995,6;;21,3;18,8;21,3;21,2;18,8;18,7;86;85;86;;;;
2025/05/27;0500 UTC;;995,1;995,6;995,1;,5;21,1;18,8;21,3;21,1;18,8;18,7;86;86;86;;;;
2025/05/27;0600 UTC;;994,7;995,1;994,7;,6;21;18,7;21,2;21;18,8;18,7;87;86;87;;;;
2025/05/27;0700 UTC;;994,5;994,7;994,4;,4;20,9;18,7;21,1;20,9;18,8;18,6;87;87;87;;;;
2025/05/27;0800 UTC;;994,7;994,7;994,5;,6;20,6;18,4;20,9;20,6;18,7;18,4;87;87;87;;;;
2025/05/27;0900 UTC;;995,3;995,3;994,7;1,3;20,7;18,6;20,8;20,6;18,7;18,4;88;87;88;;;;
2025/05/27;1000 UTC;;995,9;995,9;995,3;56,2;20,7;18,7;20,9;20,7;18,8;18,5;88;88;88;;;;
2025/05/27;1100 UTC;;996,7;996,7;995,9;321,7;21;18,9;21,2;20,6;19,1;18,5;88;88;88;;;;
2025/05/27;1200 UTC;;997,4;997,4;996,7;612,7;22,3;19,7;22,5;21;20;18,9;88;85;86;;;;
2025/05/27;1300 UTC;;997,3;997,4;997,3;1602,2;25,5;21,8;25,9;22,2;22,4;19,7;86;79;80;;;;
2025/05/27;1400 UTC;;996,8;997,3;996,8;1000,6;25,4;21,4;25,8;23,5;22,2;20,1;82;78;78;;;;
2025/05/27;1500 UTC;;995,7;996,8;995,7;1625,4;25,8;21;27,2;24,8;22,6;20,7;79;74;75;;;;
2025/05/27;1600 UTC;;994,8;995,7;994,8;1566,6;28,3;22;28,3;25,7;22,3;20,8;75;69;69;;;;
2025/05/27;1700 UTC;;994,3;994,8;994,3;1708,3;25,1;20,5;28,2;25,1;22,1;20;75;68;75;;;;
2025/05/27;1800 UTC;;993,8;994,3;993,8;859,8;26,4;20,9;26,5;25,1;21,2;20,4;76;72;72;;;;
2025/05/27;1900 UTC;;994,2;994,2;993,8;508,6;24,3;19,4;26,4;24,3;20,8;19,4;75;71;75;;;;
2025/05/27;2000 UTC;;994,4;994,4;994,2;151,7;23,2;18,8;24,3;23,2;19,4;18,8;77;74;76;;;;
2025/05/27;2100 UTC;;994,7;994,7;994,4;6,1;22,2;18,5;23,2;22,2;18,8;18,2;79;76;79;;;;
2025/05/27;2200 UTC;;995,3;995,3;994,7;;21,5;18,2;22,3;21,5;18,7;18,2;82;79;82;;;;
2025/05/27;2300 UTC;;995,8;995,8;995,3;;21;18,1;21,5;21;18,4;18,1;83;82;83;;;;
2025/05/28;0000 UTC;;996,4;996,4;995,8;;20,7;18;21,2;20,6;18,2;17,8;84;83;84;;;;
2025/05/28;0100 UTC;;996,7;996,7;996,4;;20,2;17,6;20,8;20,1;18,2;17,5;85;84;85;;;;
2025/05/28;0200 UTC;;997;997;996,7;;20,6;18,1;20,7;19,9;18,2;17,3;86;85;86;;;;
2025/05/28;0300 UTC;;996,7;997;996,7;;20,6;18,2;20,7;20,2;18,3;17,8;87;86;86;;;;
2025/05/28;0400 UTC;;996,4;996,7;996,3;;20,5;18,1;20,8;20,4;18,6;18;87;86;87;;;;
2025/05/28;0500 UTC;;995,7;996,4;995,7;;20,1;17,8;20,4;19,9;18,1;17,6;87;86;87;;;;
2025/05/28;0600 UTC;;995,3;995,7;995,3;;20,2;18;20,2;20;18;17,7;87;87;87;;;;
2025/05/28;0700 UTC;;994,8;995,3;994,8;;20,3;18,1;20,3;20,1;18,1;17,8;87;87;87;;;;
2025/05/28;0800 UTC;;995;995;994,7;;20,3;18,1;20,4;20,3;18,2;18,1;87;87;87;;;;
2025/05/28;0900 UTC;;994,9;995,1;994,9;,7;20,4;18,3;20,4;20,3;18,3;18,1;87;87;87;;;;
2025/05/28;1000 UTC;;995,3;995,3;994,9;154,9;21,3;19,2;21,3;20,4;19,2;18,3;88;87;88;;;;
2025/05/28;1100 UTC;;995,9;995,9;995,3;640,5;21,6;19,3;22;21,2;19,7;19;88;87;87;;;;
2025/05/28;1200 UTC;;996,5;996,5;995,9;1329,2;23,9;20,6;24,1;21,7;21;19,4;87;82;82;;;;
2025/05/28;1300 UTC;;996,7;997;996,5;949,4;25,5;21,5;25,8;23,8;22;20,5;82;78;79;;;;
2025/05/28;1400 UTC;;995,8;996,7;995,8;1329,6;26,4;21,6;26,7;24,8;22,2;20,9;80;75;75;;;;
2025/05/28;1500 UTC;;995,1;995,8;995,1;2684,8;27,2;20,8;28,8;26,3;22,5;20,7;75;67;68;;;;
2025/05/28;1600 UTC;;994,8;995,1;994,7;1451,9;27;20,2;27,8;26,6;21,6;20;69;66;67;;;;
2025/05/28;1700 UTC;;994,6;994,8;994,5;915,2;24,6;19,4;27,4;24,6;20,3;18,9;73;63;73;;;;
2025/05/28;1800 UTC;;994,8;994,9;994,6;491,8;22,6;19,2;24,6;22,6;19,8;19;81;73;81;;;;
2025/05/28;1900 UTC;;994,8;995,1;994,8;370,1;22,3;19,2;22,7;22;19,5;18,6;83;81;82;;;;
2025/05/28;2000 UTC;;994,7;994,8;994,6;201,4;21,7;18,7;22,3;21,7;19,3;18,7;83;82;83;;;;
2025/05/28;2100 UTC;;994,7;994,7;994,4;6,9;20,7;17,9;21,7;20,7;18,7;17,9;84;83;84;;;;
2025/05/28;2200 UTC;;994,9;995;994,6;;20,7;18;20,7;20,5;18;17,8;85;84;85;;;;
2025/05/28;2300 UTC;;995,2;995,2;994,8;;20,9;18,4;21,1;20,7;18,5;18,1;85;85;85;;;;
2025/05/29;0000 UTC;;995,3;995,4;995,2;;21,3;18,8;21,3;20,8;18,8;18,3;86;85;86;;;;
2025/05/29;0100 UTC;;995,5;995,5;995,3;;21,3;18,9;21,4;21,2;18,9;18,8;86;86;86;;;;
2025/05/29;0200 UTC;;995,6;995,7;995,5;;21,2;18,9;21,3;21,2;19;18,9;87;86;87;;;;
2025/05/29;0300 UTC;;995,2;995,6;995,2;;21,1;18,9;21,2;21;18,9;18,7;87;87;87;;;;
2025/05/29;0400 UTC;;994,8;995,2;994,8;;20,9;18,8;21,1;20,9;18,9;18,7;88;87;88;;;;
2025/05/29;0500 UTC;;994,6;994,8;994,5;;20,9;18,8;21;20,8;18,9;18,7;88;88;88;;;;
2025/05/29;0600 UTC;;994,4;994,6;994,3;1,1;20,6;18,6;20,9;20,6;18,8;18,6;88;88;88;;;;
2025/05/29;0700 UTC;;994;994,5;994;;20,7;18,7;20,7;20,6;18,7;18,6;89;88;88;;;;
2025/05/29;0800 UTC;;994;994,1;994;;20,6;18,7;20,7;20,6;18,7;18,6;89;88;89;;;;
2025/05/29;0900 UTC;;994,5;994,5;994;1,1;20,7;18,7;20,7;20,6;18,7;18,6;89;88;88;;;;
2025/05/29;1000 UTC;;994,9;994,9;994,5;76;21,1;19,1;21,1;20,7;19,1;18,7;88;88;88;;;;
2025/05/29;1100 UTC;;995,8;995,8;994,9;208,8;21,3;19,3;21,4;21;19,3;19;88;88;88;;;;
2025/05/29;1200 UTC;;996,1;996,1;995,8;518,7;22,2;19,9;22,2;21,2;19,9;19;88;87;87;;;;
2025/05/29;1300 UTC;;996,1;996,2;996,1;1000,3;23,5;20,6;23,6;22,2;20,8;19,9;87;84;84;;;;
2025/05/29;1400 UTC;;995,6;996,1;995,6;1021,5;23,3;20,7;23,6;23;21;20,4;86;84;86;;;;
2025/05/29;1500 UTC;;994,6;995,6;994,6;2276,4;26;22,6;26;23,3;22,8;20,7;87;80;82;;;;
2025/05/29;1600 UTC;;993,6;994,6;993,6;1563,9;26,4;22,1;26,7;25,4;22,9;21,7;82;77;77;;;;
2025/05/29;1700 UTC;;992,8;993,6;992,8;1575,8;27,3;22,2;27,4;26,4;23;21,8;78;73;74;;;;
2025/05/29;1800 UTC;;992,9;992,9;992,7;1028,8;24,7;20,6;28;24,7;22,6;20,5;78;71;78;;;;
2025/05/29;1900 UTC;;993;993;992,9;189,9;23,1;20,2;24,7;23,1;20,6;20;84;78;84;;;;
2025/05/29;2000 UTC;;993,3;993,3;993;73;23;20,4;23,3;22,8;20,5;20;85;84;85;;;;
2025/05/29;2100 UTC;;993,6;993,6;993,3;1,5;22,9;20,3;23;22,8;20,3;20,2;85;85;85;;;;
2025/05/29;2200 UTC;;994,2;994,2;993,6;;22,5;20,1;22,9;22,5;20,4;20;86;85;86;;;;
2025/05/29;2300 UTC;;994,6;994,6;994,2;;22,3;20;22,5;22,2;20,1;19,9;87;86;87;;;;
2025/05/30;0000 UTC;;994,7;994,7;994,6;;22,1;19,8;22,3;22,1;20;19,8;87;87;87;;;;
2025/05/30;0100 UTC;;994,3;994,8;994,2;;22;19,9;22,1;22;19,9;19,8;88;87;88;;;;
2025/05/30;0200 UTC;;994;994,3;994;;22,1;19,9;22,1;22;19,9;19,9;88;87;87;;;;
2025/05/30;0300 UTC;;993,7;994;993,7;;22,2;20;22,2;22,1;20;19,9;87;87;87;;;;
2025/05/30;0400 UTC;;993,4;994;993,4;;22;19,7;22,2;22;20;19,7;87;87;87;;;;
2025/05/30;0500 UTC;;993,4;993,6;993,3;;22;19,9;22;21,9;19,9;19,7;88;87;88;;;;
2025/05/30;0600 UTC;;992,9;993,4;992,9;;22;19,9;22;21,9;19,9;19,7;88;87;88;;;;
2025/05/30;0700 UTC;;993,2;993,2;992,8;,3;21,7;19,5;22;21,6;19,9;19,4;88;88;88;;;;
2025/05/30;0800 UTC;;993,3;993,4;993,2;;21,1;19;21,7;21,1;19,6;19;88;88;88;;;;
2025/05/30;0900 UTC;;993,5;993,6;993,3;,9;21;18,9;21,2;21;19,2;18,8;88;87;88;;;;
2025/05/30;1000 UTC;;993,6;993,6;993,5;69,5;21,1;19,1;21,1;21;19,1;18,9;88;88;88;;;;
2025/05/30;1100 UTC;;994,3;994,4;993,6;309,6;22;19,6;22;21,1;19,7;19,1;88;87;87;;;;
2025/05/30;1200 UTC;;995,1;995,1;994,3;583,8;22,6;19,8;22,7;22;20,1;19,7;87;84;84;;;;
2025/05/30;1300 UTC;;995,2;995,3;995,1;955,8;23,5;20,3;23,6;22,5;20,6;19,7;85;82;82;;;;
2025/05/30;1400 UTC;;994,8;995,2;994,8;1107,8;24,1;20,6;24,4;23,3;20,9;20;83;80;81;;;;
2025/05/30;1500 UTC;;994,4;994,8;994,4;1171,4;24,9;21;25,2;24,1;21,5;20,6;81;79;79;;;;
2025/05/30;1600 UTC;;993,3;994,4;993,2;1317,2;25,7;21,4;25,9;24,5;21,7;20,6;80;77;77;;;;
2025/05/30;1700 UTC;;992,8;993,3;992,8;751,4;25,3;20,8;25,9;25,1;21,6;20,8;78;76;76;;;;
2025/05/30;1800 UTC;;992,5;992,8;992,5;804,9;25,6;20,7;25,7;25,1;21,1;20,5;76;74;74;;;;
2025/05/30;1900 UTC;;992,4;992,5;992,4;621,5;25,5;20,7;25,8;25,3;21;20,5;75;74;75;;;;
2025/05/30;2000 UTC;;992,8;992,8;992,4;159,8;24,3;19,9;25,5;24,3;20,6;19,9;77;75;77;;;;
2025/05/30;2100 UTC;;993,5;993,5;992,8;1,9;23,5;19,6;24,3;23,5;20;19,6;79;77;79;;;;
2025/05/30;2200 UTC;;994,1;994,1;993,5;;22,9;19,8;23,5;22,9;19,8;19,6;83;79;83;;;;
2025/05/30;2300 UTC;;994,5;994,5;994,1;;22,8;20;22,9;22,8;20;19,8;84;83;84;;;;
2025/05/31;0000 UTC;;995;995;994,5;,1;22,4;19,7;22,8;22,3;20;19,5;85;84;85;;;;
2025/05/31;0100 UTC;;995,2;995,2;995;,2;22,4;19,9;22,4;22,3;19,9;19,6;86;85;86;;;;
2025/05/31;0200 UTC;;994,8;995,2;994,8;;22,3;19,8;22,4;22,2;19,9;19,8;86;86;86;;;;
2025/05/31;0300 UTC;;994,8;994,9;994,7;1,8;20,9;18,5;22,3;20,9;19,8;18,5;86;85;86;;;;
2025/05/31;0400 UTC;;994,6;994,9;994,6;2;20,2;17,7;20,9;20,2;18,5;17,7;86;85;86;;;;
2025/05/31;0500 UTC;;994,4;994,6;994,4;0;19,9;17,5;20,2;19,9;17,7;17,5;86;86;86;;;;
2025/05/31;0600 UTC;;994,3;994,5;994,2;;19,7;17,3;20;19,7;17,5;17,3;86;86;86;;;;
2025/05/31;0700 UTC;;994,5;994,5;994,1;;19,6;17,3;19,7;19,6;17,4;17,3;87;86;87;;;;
2025/05/31;0800 UTC;;994,4;994,5;994,4;,7;19,5;17,2;19,7;19,5;17,4;17,1;87;86;87;;;;
2025/05/31;0900 UTC;;994,9;994,9;994,4;2,1;19,6;17,4;19,7;19,5;17,4;17,2;87;87;87;;;;
2025/05/31;1000 UTC;;995,6;995,6;994,9;54,2;19,7;17,4;19,8;19,6;17,5;17,3;87;87;87;;;;
2025/05/31;1100 UTC;;996,1;996,1;995,6;361,5;20,5;18;20,6;19,7;18,3;17,4;87;86;86;;;;
2025/05/31;1200 UTC;;996,8;996,8;996,1;549,4;20,9;18,2;21,2;20,4;18,6;18;86;85;85;;;;
2025/05/31;1300 UTC;;996,8;996,8;996,7;1125,2;21,7;19,2;21,7;20,9;19,2;18,2;86;85;86;;;;
2025/05/31;1400 UTC;;996,6;996,8;996,6;1146,4;21,9;19,2;22;21,2;19,4;18,7;86;85;85;;;;
2025/05/31;1500 UTC;;995,9;996,6;995,9;1186;22,6;19,8;22,8;21,7;20;19;85;83;84;;;;
2025/05/31;1600 UTC;;995;995,9;995;793,9;22,1;19,4;22,8;22;20;19,1;85;83;85;;;;
2025/05/31;1700 UTC;;994,7;995;994,7;677,4;22,5;19,5;22,7;22,1;20;19,4;85;83;83;;;;
2025/05/31;1800 UTC;;994,4;994,7;994,3;640,6;23,2;19,9;23,5;22,5;20,4;19,5;84;82;82;;;;
2025/05/31;1900 UTC;;994,3;994,4;994,3;357,8;23,5;20,1;23,5;23,1;20,3;19,9;82;82;82;;;;
2025/05/31;2000 UTC;;994,7;994,7;994,3;179,1;22,9;19,6;23,5;22,9;20,1;19,6;82;81;82;;;;
2025/05/31;2100 UTC;;995,2;995,2;994,7;3,3;22,4;19,3;22,9;22,4;19,6;19,3;83;82;83;;;;
2025/05/31;2200 UTC;;995,6;995,6;995,2;;21,9;19,1;22,4;21,9;19,3;19,1;84;83;84;;;;
2025/05/31;2300 UTC;;995,8;995,8;995,6;;21,5;18,9;21,9;21,4;19,1;18,8;85;84;85;;;;
2025/06/01;0000 UTC;;996,1;996,1;995,8;;21,4;18,9;21,5;21,3;19;18,8;86;85;86;;;;
2025/06/01;0100 UTC;;996,2;996,2;996,1;;21,4;18,9;21,4;21,3;19;18,9;86;86;86;;;;
2025/06/01;0200 UTC;;996,1;996,2;996,1;;21,3;18,9;21,4;21,3;19;18,9;86;86;86;;;;
2025/06/01;0300 UTC;;995,7;996,1;995,7;;20,9;18,6;21,3;20,9;18,9;18,6;86;86;86;;;;
2025/06/01;0400 UTC;;995,4;995,7;995,4;;21;18,6;21;20,9;18,6;18,5;86;86;86;;;;
2025/06/01;0500 UTC;;995,2;995,4;995,2;;21,1;18,7;21,1;21;18,8;18,6;87;86;86;;;;
2025/06/01;0600 UTC;;994,9;995,2;994,9;,1;21,1;18,8;21,2;21,1;18,8;18,7;86;86;86;;;;
2025/06/01;0700 UTC;;994,8;994,9;994,7;,4;21,1;18,8;21,1;21,1;18,8;18,7;87;86;87;;;;
2025/06/01;0800 UTC;;994,9;995;994,8;;21,1;18,8;21,1;21;18,8;18,7;87;87;87;;;;
2025/06/01;0900 UTC;;995,4;995,4;994,9;;20,9;18,7;21,1;20,9;18,8;18,6;87;87;87;;;;
2025/06/01;1000 UTC;;995,9;995,9;995,4;56,2;21;18,8;21,1;20,9;18,9;18,6;87;87;87;;;;
2025/06/01;1100 UTC;;996,5;996,5;995,9;164,4;21,3;19,1;21,3;20,9;19,1;18,7;87;87;87;;;;
2025/06/01;1200 UTC;;997,1;997,1;996,5;470,7;22,4;19,9;22,4;21,2;19,9;18,9;87;86;86;;;;
2025/06/01;1300 UTC;;997,1;997,2;997,1;1269,3;24,2;21,1;24,4;22,4;21,5;20,1;87;82;83;;;;
2025/06/01;1400 UTC;;996,8;997,1;996,8;1558;26,1;22;26,1;24;22;20,7;83;78;78;;;;
2025/06/01;1500 UTC;;996,1;996,9;996,1;1979,1;26,8;21,4;27,1;25,5;22,5;20,8;78;72;72;;;;
2025/06/01;1600 UTC;;995,2;996,1;995,2;2439,9;26,8;21;28,1;26,6;22,1;20,8;73;68;71;;;;
2025/06/01;1700 UTC;;994,7;995,2;994,6;1318,4;27,1;21,4;27,6;26,2;21,8;20,1;72;68;71;;;;
2025/06/01;1800 UTC;;994,5;994,7;994,4;1213,4;26,8;20,3;27,5;26,5;21,7;20,2;71;67;67;;;;
2025/06/01;1900 UTC;;994,6;994,6;994,4;920,8;26,4;19,6;27,6;26,4;20,9;19,6;68;65;66;;;;
2025/06/01;2000 UTC;;994,9;994,9;994,6;199,7;24,7;19,4;26,4;24,7;19,9;19,4;72;66;72;;;;
2025/06/01;2100 UTC;;995,3;995,3;994,9;1,9;22,8;18,4;24,7;22,8;19,4;18,4;76;72;76;;;;
2025/06/01;2200 UTC;;996;996;995,3;;21,9;18,4;22,9;21,8;18,7;18,2;81;76;81;;;;
2025/06/01;2300 UTC;;996,6;996,6;996;;21,6;18,6;21,9;21,4;18,7;18,3;83;81;83;;;;
2025/06/02;0000 UTC;;996,9;996,9;996,6;;21,2;18,5;21,8;21,1;18,8;18,4;85;83;85;;;;
2025/06/02;0100 UTC;;997,1;997,2;996,8;;21,7;19,1;21,8;21,2;19,3;18,5;86;85;85;;;;
2025/06/02;0200 UTC;;997,1;997,3;997;;21,3;18,9;21,7;21;19,1;18,6;86;85;86;;;;
2025/06/02;0300 UTC;;997;997,2;996,9;;21,1;18,8;21,4;21,1;19;18,8;87;86;87;;;;
2025/06/02;0400 UTC;;997;997,1;996,9;;21,3;19,1;21,5;21,1;19,2;18,8;87;87;87;;;;
2025/06/02;0500 UTC;;996,5;997;996,5;;20,9;18,8;21,3;20,9;19,1;18,8;88;87;88;;;;
2025/06/02;0600 UTC;;996,1;996,5;996,1;;21,2;19,1;21,2;20,9;19,1;18,8;88;88;88;;;;
2025/06/02;0700 UTC;;996,2;996,2;996,1;,6;21,1;19;21,2;21,1;19,2;19;88;88;88;;;;
2025/06/02;0800 UTC;;996,4;996,4;996,2;,7;20,9;18,8;21,1;20,9;19;18,8;88;88;88;;;;
2025/06/02;0900 UTC;;997,1;997,1;996,4;,8;21,1;19;21,1;20,7;19;18,6;88;88;88;;;;
2025/06/02;1000 UTC;;997,8;997,8;997,1;77;21,1;19;21,2;20,9;19,1;18,8;88;88;88;;;;
2025/06/02;1100 UTC;;998,5;998,5;997,8;483,3;22;19,9;22,1;21,1;20;19;88;88;88;;;;
2025/06/02;1200 UTC;;998,8;998,8;998,5;802,4;22,7;20,1;23,1;21,8;20,6;19,6;88;85;85;;;;
2025/06/02;1300 UTC;;998,6;999;998,6;1608,8;25;21,5;25,1;22,7;21,9;20,1;86;81;81;;;;
2025/06/02;1400 UTC;;998,4;998,7;998,4;874,6;24,5;21,1;24,9;22,8;21,4;19,8;84;81;81;;;;
2025/06/02;1500 UTC;;997,5;998,4;997,5;1966,5;25,3;20,8;26,9;24;22,7;20,6;82;76;76;;;;
2025/06/02;1600 UTC;;996,8;997,5;996,8;1186,5;25,5;20,7;26;24,7;21,6;20,3;78;75;75;;;;
2025/06/02;1700 UTC;;996,5;996,8;996,4;740,2;22,4;19,1;25,7;22,4;21,1;19;82;75;82;;;;
2025/06/02;1800 UTC;;996,2;996,5;996,2;487;23,5;20,3;23,6;22,4;20,5;19,1;83;82;82;;;;
2025/06/02;1900 UTC;;996,7;996,7;996,2;408,8;21,1;18,4;23,9;21,1;20,6;18,4;85;81;85;;;;
2025/06/02;2000 UTC;;996,8;996,9;996,6;78,2;21,1;18,5;21,2;20,9;18,5;18,3;85;85;85;;;;
2025/06/02;2100 UTC;;997,1;997,1;996,8;2,2;21,2;18,7;21,3;21;18,7;18,4;85;85;85;;;;
2025/06/02;2200 UTC;;997,1;997,1;997;;21,3;18,8;21,4;21,2;18,9;18,7;86;85;86;;;;
2025/06/02;2300 UTC;;997,5;997,5;997,1;;21,4;18,9;21,4;21,3;19;18,9;86;86;86;;;;
2025/06/03;0000 UTC;;997,5;997,6;997,5;;20,6;18,3;21,4;20,6;18,9;18,3;87;86;87;;;;
2025/06/03;0100 UTC;;997,3;997,5;997,1;1;20,6;18,3;20,6;20,5;18,3;18,2;87;87;87;;;;
2025/06/03;0200 UTC;;997,2;997,4;997,2;;20,7;18,5;20,7;20,5;18,5;18,3;87;87;87;;;;
2025/06/03;0300 UTC;;997,2;997,2;997;,3;20,8;18,6;20,9;20,7;18,7;18,5;88;87;87;;;;
2025/06/03;0400 UTC;;997;997,2;997;;20,9;18,8;21;20,8;18,8;18,6;88;87;88;;;;
2025/06/03;0500 UTC;;996,8;997;996,8;;20,8;18,7;21;20,8;18,9;18,7;88;88;88;;;;
2025/06/03;0600 UTC;;996,5;996,8;996,4;,2;20,6;18,6;20,8;20,6;18,7;18,5;88;88;88;;;;
2025/06/03;0700 UTC;;996,3;996,6;996,3;;20,3;18,3;20,7;20,2;18,6;18,1;88;88;88;;;;
2025/06/03;0800 UTC;;996,4;996,4;996,2;;19,8;17,8;20,4;19,8;18,3;17,8;88;88;88;;;;
2025/06/03;0900 UTC;;996,9;996,9;996,3;;18,9;16,9;19,8;18,9;17,8;16,9;88;88;88;;;;
2025/06/03;1000 UTC;;997,3;997,3;996,9;94,1;19,6;17,6;19,6;18,7;17,6;16,7;89;88;89;;;;
2025/06/03;1100 UTC;;997,7;997,7;997,3;322,2;20,1;18,2;20,1;19,5;18,2;17,6;89;89;89;;;;
2025/06/03;1200 UTC;;998;998,1;997,6;922,7;21,8;19,3;22;20;19,6;18,1;89;85;86;;;;
2025/06/03;1300 UTC;;998,5;998,5;998;1471,8;23,4;20,5;23,4;21,6;20,5;19,1;86;83;84;;;;
2025/06/03;1400 UTC;;997,5;998,5;997,5;1436,7;24,2;20,6;24,5;22,8;21,3;19,7;84;80;80;;;;
2025/06/03;1500 UTC;;996,8;997,5;996,7;920,3;23,7;19,8;24,9;23,6;21,1;19,6;81;78;79;;;;
2025/06/03;1600 UTC;;995,8;996,7;995,8;1328,9;24,1;20,1;24,3;23,6;20,5;19,7;80;78;78;;;;
2025/06/03;1700 UTC;;995,1;995,8;995,1;1453,4;24,6;20,2;24,9;23,9;20,8;19,9;79;76;77;;;;
2025/06/03;1800 UTC;;995;995,2;994,9;1088,9;24,4;19,9;25,2;24,3;20,8;19,9;78;76;76;;;;
2025/06/03;1900 UTC;;995,3;995,3;994,8;280;21,2;18,3;24,4;21,1;20;17,9;84;76;84;;;;
2025/06/03;2000 UTC;;995,6;995,6;995,3;115;21,4;18,8;21,4;21,1;18,8;18,3;85;84;85;;;;
2025/06/03;2100 UTC;;995,7;995,8;995,6;3,3;21,2;18,7;21,4;21,1;18,8;18,6;86;85;86;;;;
2025/06/03;2200 UTC;;995,8;995,9;995,5;,1;20,9;18,5;21,2;20,9;18,7;18,5;86;86;86;;;;
2025/06/03;2300 UTC;;996,1;996,1;995,8;;20,8;18,5;21;20,8;18,7;18,5;87;86;87;;;;
2025/06/04;0000 UTC;;996,3;996,3;996,1;;20,7;18,5;20,8;20,6;18,5;18,3;87;87;87;;;;
2025/06/04;0100 UTC;;996,1;996,3;996,1;;20,6;18,3;20,7;20,6;18,5;18,3;87;87;87;;;;
2025/06/04;0200 UTC;;996,2;996,2;996,1;;20,5;18,3;20,6;20,4;18,4;18,3;87;87;87;;;;
2025/06/04;0300 UTC;;995,9;996,2;995,9;;20,4;18,2;20,5;20,4;18,3;18,2;87;87;87;;;;
2025/06/04;0400 UTC;;995,6;995,9;995,5;;20,5;18,3;20,6;20,4;18,4;18,2;88;87;88;;;;
2025/06/04;0500 UTC;;995,1;995,6;995,1;;20,1;18,1;20,5;20,1;18,4;18;88;88;88;;;;
2025/06/04;0600 UTC;;994,6;995,2;994,5;;20,4;18,3;20,4;20,1;18,4;18,1;88;88;88;;;;
2025/06/04;0700 UTC;;994,4;994,6;994,3;;19,9;17,9;20,4;19,9;18,3;17,9;88;88;88;;;;
2025/06/04;0800 UTC;;994,5;994,5;994,2;;19,8;17,9;20,1;19,7;18,2;17,7;89;88;89;;;;
2025/06/04;0900 UTC;;995,1;995,1;994,5;;19,4;17,6;19,8;19,4;17,9;17,6;89;89;89;;;;
2025/06/04;1000 UTC;;995,5;995,6;995,1;84,6;20;18,1;20;19,4;18,2;17,6;89;89;89;;;;
2025/06/04;1100 UTC;;996;996;995,4;466;20,8;18,8;20,8;19,9;18,9;18,1;89;89;89;;;;
2025/06/04;1200 UTC;;996,5;996,6;996;1025,7;22,2;19,9;22,2;20,7;19,9;18,7;89;86;87;;;;
2025/06/04;1300 UTC;;996,4;996,6;996,4;1567,7;24,3;21,1;24,5;22,2;21,5;19,8;87;82;82;;;;
2025/06/04;1400 UTC;;995,5;996,4;995,5;1548,5;25;21,3;25,4;24,3;21,9;20,9;83;80;80;;;;
2025/06/04;1500 UTC;;994,6;995,6;994,6;1845,4;25,9;21,9;26,5;24,9;22,5;20,9;81;77;78;;;;
2025/06/04;1600 UTC;;993,5;994,6;993,5;1670,7;27,1;21,6;27,3;26;22,5;20,8;78;72;72;;;;
2025/06/04;1700 UTC;;992,9;993,5;992,9;1700,6;26,6;20,8;28,2;26,5;22,4;20,8;72;69;71;;;;
2025/06/04;1800 UTC;;992,8;993;992,8;603,3;24,9;20,2;26,6;24,9;20,9;20,1;75;71;75;;;;
2025/06/04;1900 UTC;;992,9;992,9;992,7;714,6;25,3;20,5;26,4;24,9;21,3;20,2;76;73;75;;;;
2025/06/04;2000 UTC;;993,3;993,3;992,9;133,4;23,4;19,6;25,3;23,4;20,5;19,6;79;74;79;;;;
2025/06/04;2100 UTC;;993,8;993,8;993,3;2,4;22,7;19,5;23,4;22,4;19,5;19;82;79;82;;;;
2025/06/04;2200 UTC;;994,3;994,3;993,8;;22,2;19,2;22,7;22,1;19,5;19,1;83;82;83;;;;
2025/06/04;2300 UTC;;994,7;994,8;994,3;;21,6;18,9;22,2;21,6;19,2;18,8;84;83;84;;;;
2025/06/05;0000 UTC;;994,9;994,9;994,7;;21;18,5;21,6;21;18,9;18,4;85;84;85;;;;
2025/06/05;0100 UTC;;995;995,1;994,9;;21,2;18,7;21,2;21;18,7;18,4;86;85;85;;;;
2025/06/05;0200 UTC;;994,6;995;994,6;;22;19,2;22;21,2;19,2;18,6;85;84;84;;;;
2025/06/05;0300 UTC;;994,4;994,7;994,4;;22;19,3;22;21,8;19,3;19,1;85;84;84;;;;
2025/06/05;0400 UTC;;994;994,5;994;;22;19,1;22,3;22;19,4;19,1;84;84;84;;;;
2025/06/05;0500 UTC;;994;994,1;993,9;;21,2;18,6;22,1;21,2;19,2;18,5;85;84;85;;;;
2025/06/05;0600 UTC;;993,6;994;993,6;;20,9;18,2;21,3;20,9;18,6;18,2;85;85;85;;;;
2025/06/05;0700 UTC;;993,7;993,7;993,5;;20,3;17,8;21;20,3;18,3;17,8;86;85;86;;;;
2025/06/05;0800 UTC;;993,7;993,7;993,5;;19,4;17;20,4;19,3;17,9;17;86;86;86;;;;
2025/06/05;0900 UTC;;994,1;994,2;993,7;;18,9;16,7;19,7;18,9;17,4;16,6;87;86;87;;;;
2025/06/05;1000 UTC;;994,5;994,5;994;160,7;19,3;17,1;19,3;18,9;17,2;16,6;87;87;87;;;;
2025/06/05;1100 UTC;;995;995;994,5;618,7;20,3;18,1;20,5;19,3;18,4;17,2;88;87;87;;;;
2025/06/05;1200 UTC;;995,2;995,3;995;1316,2;21,8;19,3;21,8;20,1;19,3;17,9;88;85;86;;;;
2025/06/05;1300 UTC;;994,7;995,2;994,7;2076,4;25,3;21,9;25,3;21,8;21,9;19,3;86;81;81;;;;
2025/06/05;1400 UTC;;994,2;994,7;994,2;2289,4;27;21,1;27,3;25;22,8;21;81;70;70;;;;
2025/06/05;1500 UTC;;993,4;994,2;993,4;2190,7;27,9;20,5;28;26,4;21,9;19,8;71;64;64;;;;
2025/06/05;1600 UTC;;992,3;993,4;992,3;2765,9;28,9;20,8;28,9;27,5;21,3;20,1;65;61;62;;;;
2025/06/05;1700 UTC;;991,7;992,3;991,7;1634,7;27,5;19,1;29,1;26,9;20,8;19;63;59;60;;;;
2025/06/05;1800 UTC;;991,4;991,8;991,4;1498,7;28,6;19,1;29,3;27,1;19,9;18,6;61;55;56;;;;
2025/06/05;1900 UTC;;991,3;991,4;991,3;820,8;27,3;18,5;28,6;25,9;19,1;17,7;62;56;58;;;;
2025/06/05;2000 UTC;;991,7;991,7;991,2;335,8;24,6;17,4;27,3;24,6;18,4;17,4;64;58;64;;;;
2025/06/05;2100 UTC;;992,4;992,4;991,7;3,8;22,9;17,1;24,6;22,9;17,4;17;70;64;70;;;;
2025/06/05;2200 UTC;;992,9;992,9;992,4;;22,3;17,1;23;21,8;17,2;16,5;72;70;72;;;;
2025/06/05;2300 UTC;;993,2;993,3;992,9;;20,9;16,3;22,3;20,8;17;16,1;75;72;75;;;;
2025/06/06;0000 UTC;;993,4;993,4;993,1;;20,2;16,1;21,1;20,2;16,7;16;77;75;77;;;;
2025/06/06;0100 UTC;;993,3;993,5;993,3;;21;17,4;21,2;20,2;17,4;16,1;80;77;80;;;;
2025/06/06;0200 UTC;;993,2;993,3;993,1;;20,8;17,3;21,2;20,3;17,6;16,6;81;79;80;;;;
2025/06/06;0300 UTC;;993,3;993,3;993,1;;21,1;17,6;21,4;20,7;17,8;17,1;81;80;80;;;;
2025/06/06;0400 UTC;;993;993,3;993;;20,6;17,1;21,1;20;17,6;16,6;82;80;81;;;;
2025/06/06;0500 UTC;;992,3;993;992,3;;20,7;17,4;20,9;19,8;17,6;16,4;82;81;81;;;;
2025/06/06;0600 UTC;;992;992,3;992;;20;16,8;20,7;20;17,4;16,7;82;81;82;;;;
2025/06/06;0700 UTC;;991,9;992;991,8;;18,9;16,1;20;18,7;16,9;15,8;84;82;84;;;;
2025/06/06;0800 UTC;;992,3;992,3;991,9;;18,7;16;18,9;18,6;16,1;15,8;84;84;84;;;;
2025/06/06;0900 UTC;;992,9;992,9;992,3;;18,5;15,9;18,7;18,2;15,9;15,6;85;84;85;;;;
2025/06/06;1000 UTC;;993,6;993,6;992,9;206;19;16,4;19;18,3;16,4;15,7;85;85;85;;;;
2025/06/06;1100 UTC;;994,4;994,4;993,6;769,1;20,6;17,6;21,1;18,9;18,2;16,2;85;83;83;;;;
2025/06/06;1200 UTC;;994,8;994,9;994,4;1410,6;23;19,4;23,2;20,6;19,7;17,7;84;80;80;;;;
2025/06/06;1300 UTC;;994,6;994,8;994,6;2075,9;25,3;20,4;25,5;23;21;19,4;81;74;74;;;;
2025/06/06;1400 UTC;;993,7;994,7;993,7;2224,4;27,6;21;27,6;25,3;21,1;20,2;75;67;68;;;;
2025/06/06;1500 UTC;;992,7;993,8;992,7;2541,1;28,3;19,9;29;27,4;21,5;19,8;68;60;61;;;;
2025/06/06;1600 UTC;;991,6;992,7;991,6;2498;28,9;19,4;29,5;28,2;20,7;19,1;62;55;57;;;;
2025/06/06;1700 UTC;;991;991,6;991;2086,8;29,8;19,4;30,1;28,6;19,7;18,6;57;52;54;;;;
2025/06/06;1800 UTC;;990,9;991;990,9;1653,3;29,8;18,4;30,1;28,8;19,6;17,9;54;50;50;;;;
2025/06/06;1900 UTC;;990,8;991;990,8;1029,6;28;17,4;30;28;18,4;17,2;53;48;53;;;;
2025/06/06;2000 UTC;;990,8;990,9;990,8;307,7;25,6;17,3;28;25,5;17,6;17,1;60;53;60;;;;
2025/06/06;2100 UTC;;991,4;991,4;990,8;4,7;23,5;16,9;25,6;23,5;17,7;16,8;67;60;67;;;;
2025/06/06;2200 UTC;;991,7;991,7;991,4;;22,8;16,7;23,6;22,8;17,2;16,7;68;67;68;;;;
2025/06/06;2300 UTC;;991,8;992;991,7;;22,2;16,9;23;21,3;17;16;72;68;72;;;;
2025/06/07;0000 UTC;;992,2;992,2;991,8;;20,4;15,7;22,5;20,4;17,1;15,7;74;71;74;;;;
2025/06/07;0100 UTC;;992,2;992,3;992,2;;20,4;16,2;21,3;20,3;16,9;15,6;77;74;77;;;;
2025/06/07;0200 UTC;;992;992,2;992;;20,1;16,5;20,5;20;16,5;16,1;80;77;80;;;;
2025/06/07;0300 UTC;;991,7;992;991,7;;19,5;16,1;20,2;19,4;16,6;16;81;80;81;;;;
2025/06/07;0400 UTC;;991,7;991,7;991,6;;19,3;16,2;19,6;19,3;16,4;16,1;82;81;82;;;;
2025/06/07;0500 UTC;;991,6;991,7;991,3;;19,4;16,5;19,6;19,3;16,6;16,2;84;82;84;;;;
2025/06/07;0600 UTC;;991,4;991,7;991,4;,2;19,7;17;19,7;19,4;17;16,6;85;84;85;;;;
2025/06/07;0700 UTC;;991,7;991,7;991,4;;19,9;17,4;19,9;19,6;17,4;17;85;85;85;;;;
2025/06/07;0800 UTC;;992;992;991,7;;19,7;17,3;19,9;19,7;17,4;17,2;86;85;86;;;;
2025/06/07;0900 UTC;;992,4;992,5;992;0;19,7;17,5;19,7;19,6;17,5;17,3;87;86;87;;;;
2025/06/07;1000 UTC;;993,2;993,2;992,4;86,6;20;17,9;20;19,6;17,9;17,3;88;87;88;;;;
2025/06/07;1100 UTC;;994,3;994,3;993,2;257,2;20,5;18,5;20,7;20;18,6;17,9;88;88;88;;;;
2025/06/07;1200 UTC;;994,7;994,8;994,3;591,8;22;19,5;22;20,5;19,5;18,5;88;86;86;;;;
2025/06/07;1300 UTC;;994,9;994,9;994,7;750,6;22,9;19,9;22,9;22;20,1;19,4;86;83;83;;;;
2025/06/07;1400 UTC;;994,4;994,9;994,4;963,6;23,9;20,4;23,9;22,9;20,7;19,8;83;81;81;;;;
2025/06/07;1500 UTC;;993,4;994,4;993,4;1274,8;25,1;21,1;25,5;23,9;21,5;20,4;81;77;78;;;;
2025/06/07;1600 UTC;;992,7;993,4;992,7;1530,8;25,6;20,5;26,7;25;22,2;20,4;78;73;73;;;;
2025/06/07;1700 UTC;;992,1;992,7;992,1;1527,1;26,3;20,8;26,8;25,2;21,7;19,9;74;71;72;;;;
2025/06/07;1800 UTC;;991,8;992,1;991,7;1579,7;25,4;19,5;27,4;25,4;21,3;19,5;72;68;70;;;;
2025/06/07;1900 UTC;;991,9;992;991,8;623,8;26,2;19,9;26,5;25,3;20,5;19,6;72;68;68;;;;
2025/06/07;2000 UTC;;992,3;992,3;991,9;284,4;23,6;18,7;26,2;23,6;19,8;18,7;74;68;74;;;;
2025/06/07;2100 UTC;;993;993;992,3;5,8;22,6;18,5;23,6;22,6;18,7;18,3;78;74;78;;;;
2025/06/07;2200 UTC;;993,3;993,4;993;;21,2;17,9;22,6;21,2;18,5;17,9;82;78;82;;;;
2025/06/07;2300 UTC;;993,7;993,7;993,3;;20,7;17,8;21,2;20,6;17,9;17,6;83;82;83;;;;
2025/06/08;0000 UTC;;994,1;994,1;993,7;;20,5;17,7;20,7;20,3;17,8;17,5;84;83;84;;;;
2025/06/08;0100 UTC;;994,1;994,1;994;;20,1;17,6;20,6;19,9;17,9;17,3;85;84;85;;;;
2025/06/08;0200 UTC;;993,9;994,2;993,9;;20,9;18,4;20,9;20;18,5;17,4;86;85;86;;;;
2025/06/08;0300 UTC;;993,8;993,9;993,8;0;20,8;18,4;20,9;20,8;18,4;18,3;86;86;86;;;;
2025/06/08;0400 UTC;;993,5;993,8;993,5;;21,2;18,8;21,2;20,8;18,8;18,4;86;86;86;;;;
2025/06/08;0500 UTC;;993;993,5;993;;21;18,7;21,3;21;18,9;18,7;87;86;87;;;;
2025/06/08;0600 UTC;;992,7;993;992,6;,4;21;18,8;21,1;21;18,8;18,7;87;87;87;;;;
2025/06/08;0700 UTC;;992,7;992,7;992,6;;21;18,7;21,1;20,9;18,8;18,7;87;87;87;;;;
2025/06/08;0800 UTC;;992,8;992,8;992,6;;20,9;18,7;21;20,9;18,8;18,6;87;87;87;;;;
2025/06/08;0900 UTC;;992,9;993;992,7;;20,8;18,6;20,9;20,8;18,7;18,6;87;87;87;;;;
2025/06/08;1000 UTC;;993,8;993,8;992,9;50,3;20,9;18,7;21;20,8;18,8;18,6;87;87;87;;;;
2025/06/08;1100 UTC;;994,3;994,3;993,8;397,3;21,7;19,4;21,8;20,9;19,5;18,7;87;87;87;;;;
2025/06/08;1200 UTC;;994,5;994,5;994,3;717,8;22,9;20,1;23,2;21,3;20,6;19;87;84;84;;;;
2025/06/08;1300 UTC;;994,3;994,5;994,3;947,8;23,5;20,5;25,1;22,8;22,2;20;85;82;83;;;;
2025/06/08;1400 UTC;;993,6;994,3;993,6;1699,3;26,8;22,7;26,8;23,5;22,7;20,4;83;77;78;;;;
2025/06/08;1500 UTC;;992,5;993,6;992,5;1401;25,7;20,8;27,3;25,7;22,7;20,7;78;73;74;;;;
2025/06/08;1600 UTC;;991,4;992,5;991,4;1966,9;26,8;20,5;28,2;25,7;22,2;20,4;75;67;69;;;;
2025/06/08;1700 UTC;;990,3;991,4;990,3;1476,6;28,1;21,1;28,9;26,6;21,9;20,5;70;65;66;;;;
2025/06/08;1800 UTC;;989,5;990,3;989,5;1770,2;28,1;19,7;29,3;27,8;21,7;19,7;66;60;60;;;;
2025/06/08;1900 UTC;;989,2;989,5;989,2;1040,8;27,9;19,2;28,6;27,3;20,1;18,5;61;57;59;;;;
2025/06/08;2000 UTC;;989,4;989,4;989,1;350,6;24,9;17,5;27,9;24,9;19,1;17,5;64;58;64;;;;
2025/06/08;2100 UTC;;989,8;989,8;989,4;3,2;23,8;17,1;24,9;23,8;17,7;17;66;64;66;;;;
2025/06/08;2200 UTC;;990,4;990,4;989,8;;22,3;16,5;23,8;22,1;17,1;16,3;70;66;70;;;;
2025/06/08;2300 UTC;;990,9;990,9;990,4;;20,8;15,9;22,3;20,7;16,5;15,7;74;70;74;;;;
2025/06/09;0000 UTC;;991,2;991,2;990,9;;21,2;17,2;21,9;20,7;17,5;15,9;78;74;78;;;;
2025/06/09;0100 UTC;;991,5;991,5;991,2;;20,9;17,2;21,3;20,8;17,5;17,1;80;78;80;;;;
2025/06/09;0200 UTC;;991,1;991,5;991,1;;21,5;17,8;21,9;20,8;18,1;17,2;80;79;79;;;;
2025/06/09;0300 UTC;;991;991,1;991;;20,8;17,2;21,5;20,6;17,8;16,9;80;79;80;;;;
2025/06/09;0400 UTC;;990,7;991;990,7;;20,8;17,2;20,9;20,5;17,4;17;81;80;80;;;;
2025/06/09;0500 UTC;;990,2;990,7;990,2;;20,7;17,2;20,8;20,1;17,3;16,6;81;80;80;;;;
2025/06/09;0600 UTC;;989,9;990,3;989,9;;20,3;16,7;21,1;20,3;17,4;16,7;80;79;80;;;;
2025/06/09;0700 UTC;;989,9;989,9;989,8;;18,7;15,5;20,4;18,6;16,8;15,3;82;80;82;;;;
2025/06/09;0800 UTC;;990;990,1;989,9;;18,4;15,3;18,8;18,4;15,7;15,3;83;82;82;;;;
2025/06/09;0900 UTC;;990,6;990,7;990;;17,9;15,1;18,4;17,8;15,4;14,8;84;82;83;;;;
2025/06/09;1000 UTC;;991,1;991,2;990,6;127;18,6;15,8;18,6;17,7;15,8;14,9;84;83;84;;;;
2025/06/09;1100 UTC;;991,9;992;991,1;762,2;20,3;17,2;20,3;18,6;17,2;15,8;84;82;83;;;;
2025/06/09;1200 UTC;;992,2;992,3;991,9;1506,1;23,4;19,3;23,4;20,3;19,5;17,4;83;78;78;;;;
2025/06/09;1300 UTC;;992,1;992,3;992,1;2053,7;26,4;20,4;26,5;23,4;20,7;19,6;78;70;70;;;;
2025/06/09;1400 UTC;;991,6;992,1;991,5;2402;27,7;19,5;28,4;26,1;20,9;19,5;70;61;61;;;;
2025/06/09;1500 UTC;;990,4;991,6;990,4;2570,9;28,8;18,6;29,4;27,6;20,2;18,6;62;54;54;;;;
2025/06/09;1600 UTC;;989,2;990,4;989,2;2497,8;30,4;18,2;30,7;28,8;19,7;18,2;56;48;48;;;;
2025/06/09;1700 UTC;;988,3;989,2;988,3;2206,6;30,2;16,7;31;29,9;18,6;16,3;49;43;44;;;;
2025/06/09;1800 UTC;;987,9;988,3;987,7;1693,2;30,2;15,6;31;30,1;17,1;15,6;45;41;41;;;;
2025/06/09;1900 UTC;;988,1;988,2;987,9;1034,9;28,9;16,3;30,3;28,9;16,4;15,3;46;41;46;;;;
2025/06/09;2000 UTC;;988,4;988,4;988,1;336,7;25,3;16,2;28,9;25,3;16,7;16,2;57;46;57;;;;
2025/06/09;2100 UTC;;989;989;988,4;4,6;23,2;16,2;25,3;23,2;16,6;16;65;57;65;;;;
2025/06/09;2200 UTC;;989,5;989,5;989;;22,1;16;23,2;22;16,2;15,7;68;65;68;;;;
2025/06/09;2300 UTC;;990;990;989,5;;21,2;15,9;22,2;21,2;16,2;15,7;72;68;72;;;;
2025/06/10;0000 UTC;;990,4;990,4;990;;20,7;16,3;21,2;20,6;16,3;15,8;76;72;76;;;;
2025/06/10;0100 UTC;;990,8;990,9;990,4;;20,6;17;21,1;20,6;17,2;16,3;80;76;80;;;;
2025/06/10;0200 UTC;;990,7;990,9;990,7;;21,1;18,1;21,1;20,6;18,1;17,1;83;80;83;;;;
2025/06/10;0300 UTC;;990,7;990,9;990,7;1;21,1;18,4;21,2;21;18,4;18,1;85;83;85;;;;
2025/06/10;0400 UTC;;990,3;990,8;990,3;;20,9;18,3;21,1;20,9;18,4;18,2;85;85;85;;;;
2025/06/10;0500 UTC;;990,2;990,4;990,2;;20,9;18,4;20,9;20,8;18,4;18,3;86;85;86;;;;
2025/06/10;0600 UTC;;989,9;990,2;989,9;,2;20,9;18,4;20,9;20,7;18,4;18,2;86;85;86;;;;
2025/06/10;0700 UTC;;990;990;989,7;;20,8;18,4;20,9;20,8;18,5;18,3;86;86;86;;;;
2025/06/10;0800 UTC;;990,6;990,6;990;;20,9;18,5;20,9;20,8;18,5;18,4;86;86;86;;;;
2025/06/10;0900 UTC;;991;991;990,6;1,1;20,9;18,6;21;20,9;18,6;18,5;86;86;86;;;;
2025/06/10;1000 UTC;;991,8;991,8;991;135,3;21;18,7;21,1;20,2;18,7;18;87;86;87;;;;
2025/06/10;1100 UTC;;992,5;992,5;991,8;412,4;21,9;19,2;22;20,9;19,4;18,5;87;85;85;;;;
2025/06/10;1200 UTC;;993,1;993,1;992,5;564,3;22,8;19,8;22,9;21,8;20,1;19,1;85;83;83;;;;
2025/06/10;1300 UTC;;992,6;993,1;992,6;903,6;24,1;20,5;24,2;22,8;20,8;19,8;83;80;80;;;;
2025/06/10;1400 UTC;;992;992,6;992;2327,5;26,6;21,3;27;24,1;22;20,5;81;73;73;;;;
2025/06/10;1500 UTC;;991,1;992;991,1;2475,4;28,2;21,3;28,4;26,3;21,7;20,7;73;66;66;;;;
2025/06/10;1600 UTC;;989,9;991,1;989,9;2409,9;28,4;20;29,1;27,6;21,4;20;67;61;61;;;;
2025/06/10;1700 UTC;;989,2;989,9;989,2;2161,4;29,4;19,3;29,8;28,2;20,8;19,3;62;54;54;;;;
2025/06/10;1800 UTC;;989,2;989,3;989,1;1662,8;30;19,2;30,2;29,3;20;18,5;55;52;52;;;;
2025/06/10;1900 UTC;;989,3;989,3;989,2;1005,8;28,1;18,3;30,2;28,1;19,3;17,9;55;50;55;;;;
2025/06/10;2000 UTC;;989,9;989,9;989,3;300;25,2;17,8;28,1;25,2;18,3;17,8;63;55;63;;;;
2025/06/10;2100 UTC;;990,3;990,3;989,9;4,7;22,9;17,2;25,2;22,9;17,8;17,1;70;63;70;;;;
2025/06/10;2200 UTC;;990,7;990,7;990,3;;21,7;17;23;21,7;17,4;16,9;75;70;75;;;;
2025/06/10;2300 UTC;;991,7;991,7;990,8;;21,7;17,3;21,9;21,5;17,4;16,9;76;75;76;;;;
2025/06/11;0000 UTC;;992,3;992,3;991,7;;21,6;17,8;21,8;21,5;17,9;17,3;79;76;79;;;;
2025/06/11;0100 UTC;;992,5;992,5;992,3;;22,1;18,9;22,1;21,1;18,9;17,5;82;79;82;;;;
2025/06/11;0200 UTC;;992,2;992,5;992,1;;22,5;19,5;22,5;22,1;19,5;18,9;83;82;83;;;;
2025/06/11;0300 UTC;;992,5;992,5;992,2;1,6;21,4;18,4;22,5;21,3;19,6;18,4;84;83;83;;;;
2025/06/11;0400 UTC;;992,6;992,6;992,4;2,1;20,7;17,7;21,4;20,7;18,4;17,7;84;83;83;;;;
2025/06/11;0500 UTC;;992,1;992,6;992,1;3,8;20,3;17,2;20,7;20,3;17,7;17,1;83;82;82;;;;
2025/06/11;0600 UTC;;991,8;992,1;991,8;2,6;20,3;17;20,4;20,2;17,2;16,9;82;82;82;;;;
2025/06/11;0700 UTC;;991,7;991,8;991,6;;20,1;16,9;20,3;20,1;17,1;16,9;82;82;82;;;;
2025/06/11;0800 UTC;;992,1;992,2;991,7;;20;16,7;20,2;19,9;17;16,7;82;82;82;;;;
2025/06/11;0900 UTC;;992,6;992,6;992,1;;19,5;16,3;20;19,4;16,7;16,3;82;82;82;;;;
2025/06/11;1000 UTC;;993,4;993,4;992,6;96,1;19,7;16,6;19,7;19,4;16,7;16,3;83;82;83;;;;
2025/06/11;1100 UTC;;994,1;994,1;993,4;333,2;20,3;17;20,5;19,6;17,3;16,5;83;81;81;;;;
2025/06/11;1200 UTC;;994,2;994,2;994,1;575,3;21,2;17,7;21,2;20,1;17,7;16,8;82;80;81;;;;
2025/06/11;1300 UTC;;994,5;994,5;994,1;860,1;21,7;17,8;22,1;21,2;18,3;17,6;81;78;79;;;;
2025/06/11;1400 UTC;;994;994,5;994;398,8;22,1;18,1;22,1;21,6;18,2;17,7;79;78;78;;;;
2025/06/11;1500 UTC;;993,2;994;993,2;590;22,5;18,1;22,7;22;18,5;17,9;78;76;77;;;;
2025/06/11;1600 UTC;;992,5;993,3;992,5;510,9;22,9;18,3;23,1;22,1;18,7;17,8;77;76;76;;;;
2025/06/11;1700 UTC;;991,9;992,5;991,9;482,7;22,3;17,7;23,2;22,2;18,7;17,7;76;75;75;;;;
2025/06/11;1800 UTC;;991,8;991,9;991,7;466,9;22,3;17,7;22,9;22,2;18,2;17,6;76;75;75;;;;
2025/06/11;1900 UTC;;992;992;991,8;162,3;21,8;17,4;22,4;21,8;17,9;17,4;76;75;76;;;;
2025/06/11;2000 UTC;;992,2;992,2;992;50,1;21,3;17,1;21,8;21,3;17,4;17,1;77;76;77;;;;
2025/06/11;2100 UTC;;992,6;992,6;992,2;3,5;21;16,9;21,3;21;17,1;16,9;77;77;77;;;;
2025/06/11;2200 UTC;;993,2;993,2;992,6;,2;20,5;16,5;21;20,5;16,9;16,5;78;77;78;;;;
2025/06/11;2300 UTC;;993,8;993,8;993,2;,4;20,2;16,4;20,5;20,2;16,5;16,4;79;78;79;;;;
2025/06/12;0000 UTC;;994,2;994,2;993,8;,1;19,9;16,2;20,2;19,9;16,4;16,2;80;79;79;;;;
2025/06/12;0100 UTC;;994,7;994,7;994,2;;19,6;15,5;20;19,6;16,2;15,5;79;77;77;;;;
2025/06/12;0200 UTC;;994,6;994,8;994,6;;19,4;15,1;19,7;19,4;15,5;15,1;78;76;77;;;;
2025/06/12;0300 UTC;;994,2;994,6;994,2;;18,8;14,6;19,4;18,7;15,1;14,6;77;77;77;;;;
2025/06/12;0400 UTC;;993,9;994,2;993,9;;19;14,7;19,1;18,7;14,8;14,6;77;76;76;;;;
2025/06/12;0500 UTC;;993,6;993,9;993,6;;18,7;14,7;19;18,7;14,7;14,6;77;76;77;;;;
2025/06/12;0600 UTC;;993,2;993,6;993,2;;18;14,5;18,7;18;14,7;14,4;80;77;80;;;;
2025/06/12;0700 UTC;;993,6;993,7;993,2;;18,3;14,7;18,3;18;14,8;14,5;80;80;80;;;;
2025/06/12;0800 UTC;;994,1;994,1;993,5;;18,2;14,1;18,4;18,2;14,7;14,1;80;77;77;;;;
2025/06/12;0900 UTC;;994,2;994,2;994;;17,9;13,5;18,2;17,9;14,1;13,5;77;76;76;;;;
2025/06/12;1000 UTC;;995,1;995,1;994,2;14,3;17,7;12,7;17,9;17,7;13,6;12,7;76;73;73;;;;
2025/06/12;1100 UTC;;996,4;996,4;995,1;68,1;17,6;12,9;17,7;17;12,9;12,4;75;73;74;;;;
2025/06/12;1200 UTC;;997;997;996,4;245,5;17,8;12,7;17,8;17,5;13;12,4;74;72;72;;;;
2025/06/12;1300 UTC;;997;997,1;997;507,5;18,2;13;18,3;17,8;13;12,6;72;71;72;;;;
2025/06/12;1400 UTC;;996,7;997;996,7;541,7;19,1;12,8;19,1;18,2;13,1;12,6;72;67;67;;;;
2025/06/12;1500 UTC;;995,9;996,7;995,9;982,8;20,2;12,4;20,3;19,1;13;12,2;67;61;61;;;;
2025/06/12;1600 UTC;;995,4;995,9;995,4;1100,8;20,2;11,9;21,1;19,9;13,3;11,9;62;59;59;;;;
2025/06/12;1700 UTC;;995;995,4;995;832,7;20,3;12,1;20,8;20,2;12,6;11,9;60;59;60;;;;
2025/06/12;1800 UTC;;994,9;995;994,8;950,9;20,7;12,5;21,5;20,3;13,2;12,3;60;59;59;;;;
2025/06/12;1900 UTC;;994,9;994,9;994,8;530,2;20,9;13;21,2;20,7;13,2;12,4;61;59;61;;;;
2025/06/12;2000 UTC;;995,5;995,5;994,9;194,9;20,2;12,8;21,1;20,2;13,3;12,8;63;61;62;;;;
2025/06/12;2100 UTC;;996;996;995,5;3,1;19,3;12,6;20,2;19,3;12,9;12,5;65;62;65;;;;
2025/06/12;2200 UTC;;996,6;996,6;996;;18,7;12,5;19,4;18,7;12,7;12,5;67;65;67;;;;
2025/06/12;2300 UTC;;996,9;996,9;996,6;;18;11,8;18,9;17,9;12,6;11,6;67;66;67;;;;
2025/06/13;0000 UTC;;997,3;997,3;996,9;;17,2;11,6;18;17,2;11,8;11,5;70;67;70;;;;
2025/06/13;0100 UTC;;997,5;997,6;997,2;;16,4;11,5;17,3;16,4;11,9;11,5;73;70;73;;;;
2025/06/13;0200 UTC;;997,7;997,7;997,4;;16,9;12,2;16,9;16,4;12,2;11,5;74;73;74;;;;
2025/06/13;0300 UTC;;997,4;997,8;997,4;;16,7;12,2;16,9;16,6;12,3;12,1;75;74;75;;;;
2025/06/13;0400 UTC;;997,6;997,6;997,3;;16,5;12,2;16,8;16,2;12,3;11,9;76;75;76;;;;
2025/06/13;0500 UTC;;997,2;997,6;997,2;;16,2;12,2;16,6;16,1;12,3;12,1;77;76;77;;;;
2025/06/13;0600 UTC;;997,1;997,2;997;;16,3;12,3;16,4;16,2;12,3;12,2;77;77;77;;;;
2025/06/13;0700 UTC;;997,4;997,4;997;;16,2;12,2;16,3;16,2;12,3;12,2;77;77;77;;;;
2025/06/13;0800 UTC;;997,9;997,9;997,4;;16,1;12;16,3;16,1;12,2;12;77;77;77;;;;
2025/06/13;0900 UTC;;998,5;998,5;997,9;;15,7;11,7;16,1;15,7;12;11,7;77;77;77;;;;
2025/06/13;1000 UTC;;999,1;999,2;998,5;93,8;16,5;12,4;16,5;15,7;12,4;11,7;77;77;77;;;;
2025/06/13;1100 UTC;;999,9;999,9;999,1;564,8;18,2;13,4;18,4;16,5;13,8;12,4;77;73;74;;;;
2025/06/13;1200 UTC;;1000,3;1000,3;999,9;1432,6;19,6;14;19,7;18,2;14,3;13,4;74;69;70;;;;
2025/06/13;1300 UTC;;1000,3;1000,4;1000,3;1984,9;21,2;14,7;21,6;19,6;15,2;14;70;66;66;;;;
2025/06/13;1400 UTC;;999,9;1000,3;999,9;2166,5;21,7;14,4;22,9;21;15,8;14;67;62;63;;;;
2025/06/13;1500 UTC;;999,3;999,9;999,3;1807,1;21,9;13,9;23,8;21,4;15,7;13,5;64;58;61;;;;
2025/06/13;1600 UTC;;998,7;999,3;998,7;1010,5;22,7;13,9;23;21,9;14,4;13,7;61;57;58;;;;
2025/06/13;1700 UTC;;998,2;998,7;998,2;1332,3;23,3;14;23,8;22,5;14,9;13,4;58;55;56;;;;
2025/06/13;1800 UTC;;998,3;998,3;998,1;1166,6;22,4;13,1;23,7;22,1;14,5;12,7;57;55;56;;;;
2025/06/13;1900 UTC;;998,6;998,6;998,3;433,2;20,8;12,7;22,4;20,8;13,4;12,5;60;55;60;;;;
2025/06/13;2000 UTC;;998,8;998,8;998,6;211,3;19,9;12,2;20,8;19,9;12,8;12,2;61;60;61;;;;
2025/06/13;2100 UTC;;999,2;999,2;998,8;4,6;18,4;12,1;19,9;18,4;12,3;12;67;61;67;;;;
2025/06/13;2200 UTC;;999,7;999,7;999,2;;17,7;12;18,4;17,6;12,1;11,8;69;67;69;;;;
2025/06/13;2300 UTC;;1000,4;1000,5;999,7;;17;11,7;17,7;17;12;11,6;71;69;71;;;;
2025/06/14;0000 UTC;;1000,9;1000,9;1000,4;;16,6;12;17;16,4;12,1;11,4;74;71;74;;;;
2025/06/14;0100 UTC;;1000,8;1000,9;1000,8;;16;11,9;16,6;15,9;12;11,8;77;74;77;;;;
2025/06/14;0200 UTC;;1000,6;1000,9;1000,6;;15,7;11,9;16;15,7;12,2;11,7;78;77;78;;;;
2025/06/14;0300 UTC;;1000,3;1000,6;1000,3;;15,3;11,8;15,7;15,3;11,9;11,7;80;78;80;;;;
2025/06/14;0400 UTC;;1000;1000,3;1000;;14,9;11,6;15,5;14,9;12;11,5;80;80;80;;;;
2025/06/14;0500 UTC;;1000;1000,1;999,9;;15,5;12,2;15,5;14,9;12,2;11,6;81;80;81;;;;
2025/06/14;0600 UTC;;999,8;1000;999,7;;15;11,7;15,5;15;12,2;11,7;81;80;81;;;;
2025/06/14;0700 UTC;;1000,1;1000,1;999,8;;14,9;11,7;15,2;14,9;11,9;11,7;81;81;81;;;;
2025/06/14;0800 UTC;;1000,2;1000,3;1000;;14,4;11,3;14,9;14,3;11,7;11,2;82;81;82;;;;
2025/06/14;0900 UTC;;1000,7;1000,7;1000,2;;15,2;12,3;15,2;14,3;12,3;11,3;83;82;83;;;;
2025/06/14;1000 UTC;;1001,3;1001,3;1000,7;57,1;15,8;12,9;15,8;15,2;12,9;12,2;83;83;83;;;;
2025/06/14;1100 UTC;;1002,1;1002,1;1001,3;497,8;17,3;13,8;17,3;15,8;14;12,9;83;80;80;;;;
2025/06/14;1200 UTC;;1002,3;1002,5;1002,1;963,3;18,8;14,6;19,1;17,3;15,3;13,9;80;77;77;;;;
2025/06/14;1300 UTC;;1002,4;1002,4;1002,1;1259,4;21;15,4;21;18,7;15,4;14,4;77;70;71;;;;
2025/06/14;1400 UTC;;1001,9;1002,4;1001,8;2128,1;22,6;13,7;23,2;20,9;15,9;13,7;71;57;57;;;;
2025/06/14;1500 UTC;;1000,9;1001,9;1000,9;2192,5;23,7;12,9;23,7;22,2;14,2;12,2;58;51;51;;;;
2025/06/14;1600 UTC;;1000,3;1000,9;1000,3;2034,5;23,8;11,2;24,4;22,4;13,5;9,9;52;44;45;;;;
2025/06/14;1700 UTC;;999,5;1000,3;999,5;2279,2;24,1;9,2;24,6;23,8;11,6;9,2;46;39;39;;;;
2025/06/14;1800 UTC;;999,1;999,5;999,1;1691,8;23,3;9,3;24,6;22,6;10;8,5;41;39;41;;;;
2025/06/14;1900 UTC;;999,2;999,2;999;1047,4;22,7;8,2;23,3;22,7;9,1;7,7;41;38;40;;;;
2025/06/14;2000 UTC;;999,2;999,2;999,1;377,9;20;7,4;22,7;20;8,4;7,4;44;40;44;;;;
2025/06/14;2100 UTC;;999,7;999,7;999,1;6,4;18,1;9,3;20;18,1;9,3;7,4;57;44;57;;;;
2025/06/14;2200 UTC;;1000,1;1000,1;999,7;;17,2;11,2;18,1;17,2;11,2;9,3;67;57;67;;;;
2025/06/14;2300 UTC;;1000,3;1000,3;1000;;16,6;11,5;17,2;16,5;11,5;11,1;72;67;72;;;;
2025/06/15;0000 UTC;;1000,4;1000,5;1000,3;;16,5;11,7;16,7;16,1;11,9;11,2;74;72;73;;;;
2025/06/15;0100 UTC;;1000,4;1000,5;1000,4;;16,4;12;16,6;16;12;11,4;75;73;75;;;;
2025/06/15;0200 UTC;;1000,6;1000,7;1000,4;;14,8;10,9;16,4;14,8;12;10,7;77;75;77;;;;
2025/06/15;0300 UTC;;1000,4;1000,7;1000,4;;15,6;11,8;16;14,8;12,1;10,9;78;77;78;;;;
2025/06/15;0400 UTC;;999,8;1000,4;999,8;;15,5;12;15,7;15,4;12;11,7;80;78;80;;;;
2025/06/15;0500 UTC;;999,3;999,8;999,3;;15,3;12,1;15,6;15,1;12,1;11,7;81;80;81;;;;
2025/06/15;0600 UTC;;998,6;999,3;998,6;;14,4;11,3;15,4;14,4;12,2;11,3;82;81;82;;;;
2025/06/15;0700 UTC;;998,7;998,7;998,5;;14,1;11,2;14,4;13,9;11,4;11;83;82;83;;;;
2025/06/15;0800 UTC;;998,6;998,7;998,5;;14,1;11,4;14,3;14,1;11,5;11,2;83;83;83;;;;
2025/06/15;0900 UTC;;998,7;999,1;998,6;;14,9;12,2;15,1;14,1;12,4;11,4;84;83;84;;;;
2025/06/15;1000 UTC;;999,5;999,5;998,7;109,7;15,3;12,8;15,3;14,9;12,8;12,2;85;84;85;;;;
2025/06/15;1100 UTC;;1000,4;1000,4;999,4;630,1;16,6;13,9;16,6;15,4;13,9;12,8;85;84;84;;;;
2025/06/15;1200 UTC;;1000,9;1000,9;1000,4;1362,6;19,4;16,1;19,7;16,6;16,5;14;85;81;81;;;;
2025/06/15;1300 UTC;;1000,8;1001;1000,8;1842,1;20,6;16,5;20,9;19,4;17,1;15,9;82;77;78;;;;
2025/06/15;1400 UTC;;1000;1000,8;1000;1721,6;22,2;17,3;22,5;20,3;17,8;16,2;79;74;74;;;;
2025/06/15;1500 UTC;;999,3;1000,1;999,3;1872,7;24;18,2;24;22;18,2;16,7;74;69;70;;;;
2025/06/15;1600 UTC;;998,5;999,3;998,5;1115,6;23,1;16,5;24;22,4;17,7;16,3;70;67;67;;;;
2025/06/15;1700 UTC;;997,8;998,5;997,8;1191,2;23,5;16,1;24,2;23;17,3;16,1;68;63;63;;;;
2025/06/15;1800 UTC;;997,6;997,8;997,6;581;22,3;16,3;23,8;22;16,6;15,6;70;63;69;;;;
2025/06/15;1900 UTC;;997,8;997,8;997,6;403,7;22,5;16;22,8;22,3;16,4;16;69;66;67;;;;
2025/06/15;2000 UTC;;998;998;997,7;138,4;20,3;15,4;22,5;20,3;16;15,4;73;67;73;;;;
2025/06/15;2100 UTC;;998,2;998,2;997,8;3;18,8;15,1;20,3;18,8;15,6;15,1;79;73;79;;;;
2025/06/15;2200 UTC;;998,5;998,6;998,1;;18,4;15,1;18,8;18,3;15,3;14,9;81;79;81;;;;
2025/06/15;2300 UTC;;998,9;998,9;998,5;;18,5;15,4;18,5;18,2;15,5;15;82;81;82;;;;
2025/06/16;0000 UTC;;998,9;998,9;998,8;;18,2;15,3;18,5;18,2;15,5;15,3;83;82;83;;;;
2025/06/16;0100 UTC;;998,9;999;998,8;;17,7;15,1;18,2;17,3;15,2;14,6;85;83;85;;;;
2025/06/16;0200 UTC;;999;999;998,8;;17,6;15;18,1;17,6;15,4;15;85;84;84;;;;
2025/06/16;0300 UTC;;998,9;999,1;998,9;;17,8;15,2;18;17,6;15,3;14,9;85;84;85;;;;
2025/06/16;0400 UTC;;998,6;998,9;998,6;;17,8;15,3;17,8;17,7;15,3;15,1;85;85;85;;;;
2025/06/16;0500 UTC;;998,1;998,6;998,1;;17,5;15;17,8;17,5;15,3;15;85;85;85;;;;
2025/06/16;0600 UTC;;997,7;998,1;997,6;;16,9;14,6;17,5;16,6;15,1;14,2;86;85;86;;;;
2025/06/16;0700 UTC;;997,6;997,8;997,5;;17,4;15,1;17,4;16,8;15,1;14,4;86;86;86;;;;
2025/06/16;0800 UTC;;998;998;997,6;;17,5;15,2;17,5;17,3;15,2;15;86;86;86;;;;
2025/06/16;0900 UTC;;998,2;998,3;998;;17,7;15,5;17,7;17,5;15,5;15,2;86;86;86;;;;
2025/06/16;1000 UTC;;998,9;998,9;998,1;68,4;18,1;15,8;18,2;17,7;15,9;15,5;87;86;87;;;;
2025/06/16;1100 UTC;;999,5;999,5;998,9;201,9;18,8;16,5;18,8;18,1;16,6;15,9;87;87;87;;;;
2025/06/16;1200 UTC;;1000;1000,1;999,5;362,6;19,3;17;19,3;18,7;17;16,5;87;86;86;;;;
2025/06/16;1300 UTC;;1000,1;1000,2;1000;888,4;21,6;18,6;21,7;19,3;18,6;17;86;83;83;;;;
2025/06/16;1400 UTC;;999,9;1000,2;999,9;1110,9;22;18,4;22,3;21,3;19;18;83;80;80;;;;
2025/06/16;1500 UTC;;999,1;999,9;999,1;1576,2;24,2;20,3;24,2;21;20,3;17,7;83;78;79;;;;
2025/06/16;1600 UTC;;998,4;999,1;998,4;1267,2;21,7;18,1;24,6;21,3;20,5;17,7;81;75;80;;;;
2025/06/16;1700 UTC;;997,7;998,4;997,7;1270,6;23,6;18,7;23,7;21,6;19,4;18;80;74;74;;;;
2025/06/16;1800 UTC;;997,6;997,7;997,6;504,4;22,8;17,9;23,6;22,4;18,7;17,6;76;73;74;;;;
2025/06/16;1900 UTC;;997,6;997,7;997,6;569,7;22,5;17,9;22,7;22,1;18;17,6;76;74;76;;;;
2025/06/16;2000 UTC;;998;998;997,6;220,2;21,8;17,4;22,5;21,8;18;17,4;76;75;76;;;;
2025/06/16;2100 UTC;;998,2;998,2;998;4,3;20;15,9;21,8;19,9;17,4;15,9;78;76;77;;;;
2025/06/16;2200 UTC;;998,6;998,6;998,2;;19,5;16;20,2;19,5;16,3;15,9;80;77;80;;;;
2025/06/16;2300 UTC;;998,9;998,9;998,6;;18,8;15,7;19,5;18,8;16;15,7;82;80;82;;;;
2025/06/17;0000 UTC;;999,3;999,3;998,9;;18,6;15,6;18,9;18,6;15,8;15,6;83;82;83;;;;
2025/06/17;0100 UTC;;999,6;999,6;999,3;;18,5;15,6;18,8;18,5;15,9;15,6;84;83;84;;;;
2025/06/17;0200 UTC;;999,6;999,7;999,6;;18;15,4;18,5;17,9;15,8;15,2;85;84;85;;;;
2025/06/17;0300 UTC;;999,3;999,6;999,3;;18;15,4;18,2;17,6;15,6;15;85;84;85;;;;
2025/06/17;0400 UTC;;998,9;999,4;998,9;;17,7;15,2;18,1;17,6;15,5;15,1;85;85;85;;;;
2025/06/17;0500 UTC;;998,5;998,9;998,5;;17,7;15,2;17,8;17,5;15,4;15,1;86;85;86;;;;
2025/06/17;0600 UTC;;998,2;998,6;998,2;;17,4;15;17,7;17,3;15,2;14,9;86;86;86;;;;
2025/06/17;0700 UTC;;998;998,2;998;;16,9;14,5;17,4;16,9;15,1;14,5;86;86;86;;;;
2025/06/17;0800 UTC;;998,1;998,2;998;;17,1;14,8;17,3;16,9;15;14,6;87;86;87;;;;
2025/06/17;0900 UTC;;998,2;998,3;998,1;;16,4;14,1;17,1;16,4;14,9;14,1;87;86;87;;;;
2025/06/17;1000 UTC;;998,6;998,7;998,1;133,2;17,5;15,3;17,6;16,3;15,5;14;87;87;87;;;;
2025/06/17;1100 UTC;;999,1;999,1;998,6;677;19,1;16,6;19,1;17,4;16,6;15,2;87;85;85;;;;
2025/06/17;1200 UTC;;999,7;999,7;999,1;1242,6;21;18;21;19,1;18,1;16,7;86;83;83;;;;
2025/06/17;1300 UTC;;999,7;999,9;999,6;1650,9;22,8;18,9;23;20,4;19,3;17,3;83;79;79;;;;
2025/06/17;1400 UTC;;999,4;999,7;999,4;1444,1;23,8;19,2;23,9;22,7;19,7;18,6;79;75;75;;;;
2025/06/17;1500 UTC;;998,5;999,5;998,5;1614,2;24,1;18,8;25,5;23,4;20,3;18,3;75;71;72;;;;
2025/06/17;1600 UTC;;998,1;998,6;998,1;1217,4;22,1;17,9;25,5;22,1;19,9;17,7;77;70;77;;;;
2025/06/17;1700 UTC;;997,7;998,1;997,7;824,1;23,9;18,9;23,9;22,1;19,4;18;78;74;74;;;;
2025/06/17;1800 UTC;;997,5;997,7;997,5;653,1;24,3;17,8;24,3;23,7;18,8;17,6;74;67;67;;;;
2025/06/17;1900 UTC;;997,7;997,7;997,4;567;23,6;17,1;24,3;23,6;17,8;17,1;68;66;67;;;;
2025/06/17;2000 UTC;;998;998;997,6;219,4;22,3;16;23,6;22,3;17,1;16;68;66;68;;;;
2025/06/17;2100 UTC;;998,1;998,1;998;6,5;20,6;15,5;22,3;20,5;16;15,4;72;68;72;;;;
2025/06/17;2200 UTC;;998,4;998,5;998,1;;19;14,9;20,6;19;15,4;14,7;77;72;77;;;;
2025/06/17;2300 UTC;;998,7;998,7;998,4;;18,6;14,9;19,1;18,6;15,1;14,7;79;77;79;;;;
2025/06/18;0000 UTC;;999;999;998,7;;18,7;15,2;18,8;18,1;15,4;14,5;80;79;80;;;;
2025/06/18;0100 UTC;;999;999,1;998,9;;18,4;15,1;18,8;18,2;15,5;14,8;81;80;81;;;;
2025/06/18;0200 UTC;;999,1;999,1;999;;18,7;15,5;18,7;18;15,5;14,8;82;81;82;;;;
2025/06/18;0300 UTC;;998,9;999,1;998,9;;18,9;15,8;19,1;18,7;16,1;15,6;83;82;82;;;;
2025/06/18;0400 UTC;;998,7;998,9;998,7;;18,8;16;19;18,4;16;15,4;84;82;84;;;;
2025/06/18;0500 UTC;;998,4;998,7;998,4;;18,6;15,9;19;18,5;16,2;15,8;84;84;84;;;;
2025/06/18;0600 UTC;;998,1;998,4;998,1;;18,6;16;18,6;18,5;16;15,9;85;84;85;;;;
2025/06/18;0700 UTC;;998,1;998,3;998,1;;18,8;16,3;18,8;18,6;16,3;16;85;85;85;;;;
2025/06/18;0800 UTC;;998,2;998,3;998,1;;19;16,5;19;18,8;16,6;16,3;86;85;86;;;;
2025/06/18;0900 UTC;;998,6;998,6;998,2;;19,2;16,8;19,2;19;16,8;16,5;86;86;86;;;;
2025/06/18;1000 UTC;;999,2;999,2;998,6;35,9;19,7;17,4;19,7;19,2;17,4;16,8;86;86;86;;;;
2025/06/18;1100 UTC;;999,8;999,8;999,2;223,5;20,1;17,7;20,2;19,6;17,8;17,3;86;86;86;;;;
2025/06/18;1200 UTC;;1000;1000,1;999,8;711;21,4;18,6;21,6;20;19,1;17,6;86;84;84;;;;
2025/06/18;1300 UTC;;999,9;1000,1;999,9;1553,5;23,2;19,6;23,7;21,4;20,6;18,8;85;80;80;;;;
2025/06/18;1400 UTC;;999,4;999,9;999,4;1288,9;23,7;19,3;24,3;23,1;20,3;18,9;80;76;76;;;;
2025/06/18;1500 UTC;;998,7;999,4;998,7;1747,2;24,7;19,1;25,3;23,4;20,5;18,3;77;69;71;;;;
2025/06/18;1600 UTC;;997,7;998,7;997,6;2421,3;26,7;19;26,9;24,6;19,6;18,5;71;62;63;;;;
2025/06/18;1700 UTC;;997,1;997,7;997,1;2018,4;26,6;18,8;26,7;24,7;19;17,1;64;61;62;;;;
2025/06/18;1800 UTC;;997;997,2;996,9;1696;26,2;18,4;26,9;24,4;19,1;17,1;66;61;62;;;;
2025/06/18;1900 UTC;;997,3;997,3;997;597,3;22,8;17,5;26,2;22,5;18,5;16,7;72;62;72;;;;
2025/06/18;2000 UTC;;997,4;997,5;997,3;149,6;21,7;16,7;22,9;21,7;17,6;16,6;73;71;73;;;;
2025/06/18;2100 UTC;;997,6;997,6;997,4;3,9;20,9;16,4;21,7;20,8;16,7;16,3;76;73;76;;;;
2025/06/18;2200 UTC;;998;998;997,6;;19,9;16,1;20,9;19,9;16,4;16;79;76;79;;;;
2025/06/18;2300 UTC;;998,5;998,5;998;;19,3;15,8;19,9;19,3;16,1;15,8;80;79;80;;;;
2025/06/19;0000 UTC;;999;999;998,5;;18,9;15,8;19,3;18,8;15,9;15,7;82;80;82;;;;
2025/06/19;0100 UTC;;998,9;999;998,8;;18,4;15,5;18,9;18,3;15,9;15,4;83;82;83;;;;
2025/06/19;0200 UTC;;998,6;998,9;998,6;;18;15,3;18,5;17,9;15,6;15,1;84;83;84;;;;
2025/06/19;0300 UTC;;998,4;998,6;998,4;;17,9;15,2;18,1;17,1;15,4;14,5;85;84;85;;;;
2025/06/19;0400 UTC;;998,4;998,4;998,3;;17,1;14,5;17,9;17,1;15,3;14,5;85;84;85;;;;
2025/06/19;0500 UTC;;998,2;998,4;998,2;;16,6;14,1;17,1;16,6;14,5;14,1;85;85;85;;;;
2025/06/19;0600 UTC;;997,7;998,2;997,6;;16,5;14,2;16,7;16,4;14,3;14;86;85;86;;;;
2025/06/19;0700 UTC;;997,8;997,8;997,6;;16,6;14,3;17;16,6;14,6;14,3;86;86;86;;;;
2025/06/19;0800 UTC;;997,8;997,8;997,6;;16,5;14,2;16,6;16,4;14,3;14,1;86;86;86;;;;
2025/06/19;0900 UTC;;998,3;998,3;997,7;;17,2;15;17,2;16,4;15;14,1;87;86;87;;;;
2025/06/19;1000 UTC;;998,7;998,7;998,2;99,3;17,8;15,6;17,8;17,2;15,6;15;87;87;87;;;;
2025/06/19;1100 UTC;;999,6;999,6;998,7;346,8;18,4;16,1;18,4;17,6;16,2;15,4;87;87;87;;;;
2025/06/19;1200 UTC;;999,9;1000;999,6;945;20,2;17,8;20,3;18,4;17,9;16,1;87;86;86;;;;
2025/06/19;1300 UTC;;1000,1;1000,1;999,9;872,4;20,2;17,7;21,5;20,2;18,9;17,6;86;84;85;;;;
2025/06/19;1400 UTC;;999,5;1000,1;999,5;855,1;21;18,3;21,3;20;18,6;17,5;86;84;84;;;;
2025/06/19;1500 UTC;;998,6;999,5;998,6;1608,1;22,9;19,5;22,9;20,9;19,6;18,1;85;81;81;;;;
2025/06/19;1600 UTC;;997,5;998,6;997,5;1747,7;23,6;19,3;24,7;22,7;20,9;19,3;82;77;77;;;;
2025/06/19;1700 UTC;;997,1;997,5;997;1002,8;22,9;18,6;24,7;22,5;20,4;18,4;78;75;76;;;;
2025/06/19;1800 UTC;;996,8;997,1;996,7;719,5;22,6;18;23,7;22,1;19,2;17,6;77;75;75;;;;
2025/06/19;1900 UTC;;996,8;996,8;996,7;395,2;22,6;17,6;23,2;22,5;18,2;17,6;75;73;74;;;;
2025/06/19;2000 UTC;;996,7;996,8;996,6;144,8;22,4;17,2;22,5;22,3;17,6;16,9;74;71;72;;;;
2025/06/19;2100 UTC;;996,9;996,9;996,7;5,6;21,1;16,7;22,4;21,1;17,2;16,7;76;72;76;;;;
2025/06/19;2200 UTC;;997,3;997,3;996,9;;20,5;16,6;21,1;20,4;16,6;16,6;78;76;78;;;;
2025/06/19;2300 UTC;;997,8;997,9;997,3;;20,2;16,4;20,6;20,2;16,7;16,4;79;78;79;;;;
2025/06/20;0000 UTC;;998,2;998,2;997,8;;19,6;16,4;20,2;19,6;16,5;16,3;81;79;81;;;;
2025/06/20;0100 UTC;;998,6;998,6;998,2;;18,8;15,9;19,5;18,8;16,2;15,9;83;81;83;;;;
2025/06/20;0200 UTC;;998,4;998,6;998,4;;18,7;16;18,9;18,5;16,2;15,7;84;83;84;;;;
2025/06/20;0300 UTC;;998;998,4;998;;18,6;16,1;18,8;18,2;16,1;15,5;85;84;85;;;;
2025/06/20;0400 UTC;;997,5;998;997,5;;18,2;15,8;18,6;17,9;16,1;15,4;86;85;86;;;;
2025/06/20;0500 UTC;;997,2;997,5;997,2;;17,7;15,3;18,2;17,4;15,8;14,9;86;85;86;;;;
2025/06/20;0600 UTC;;997,1;997,3;997,1;;17,3;15;18,1;16,9;15,7;14,4;86;85;86;;;;
2025/06/20;0700 UTC;;997,3;997,3;997,1;;17,7;15,5;17,9;16,7;15,7;14,4;87;86;87;;;;
2025/06/20;0800 UTC;;997,3;997,3;997,2;;17,5;15,3;17,8;17,5;15,5;15,2;87;87;87;;;;
2025/06/20;0900 UTC;;997,6;997,6;997,3;;16,6;14,5;17,5;16,6;15,3;14,4;87;87;87;;;;
2025/06/20;1000 UTC;;998;998;997,6;99,4;16,6;14,5;17,1;16,2;15;14,1;88;87;87;;;;
2025/06/20;1100 UTC;;998,6;998,6;998;485,9;18,3;16,2;18,3;16,6;16,2;14,4;88;87;88;;;;
2025/06/20;1200 UTC;;998,8;998,8;998,6;812,8;19,3;17,2;19,4;18,2;17,4;16,1;88;87;87;;;;
2025/06/20;1300 UTC;;998,5;998,9;998,5;1373,3;21,2;18,5;21,5;19,1;19;16,9;88;85;85;;;;
2025/06/20;1400 UTC;;997,6;998,5;997,6;2056,4;23,6;19,6;25;21,1;21,5;18,4;86;77;78;;;;
2025/06/20;1500 UTC;;996,6;997,6;996,6;2742;26,5;20,7;26,5;23,6;21,6;19,9;79;70;70;;;;
2025/06/20;1600 UTC;;995,3;996,6;995,3;1885,4;25,6;18,8;26,6;24,7;20,6;18;70;65;66;;;;
2025/06/20;1700 UTC;;994,2;995,3;994,2;1809;26,5;17,6;26,8;24,8;19;17,1;66;58;58;;;;
2025/06/20;1800 UTC;;993,8;994,3;993,8;1164,9;26,7;16,7;26,9;25,1;18,2;16,4;61;54;54;;;;
2025/06/20;1900 UTC;;993,7;993,8;993,6;1113,2;25,8;15,6;26,8;25,8;16,7;15,4;54;53;53;;;;
2025/06/20;2000 UTC;;994;994;993,7;372,5;22,5;14,7;25,8;22,5;15,5;14,7;61;53;61;;;;
2025/06/20;2100 UTC;;994,3;994,3;994;4,6;20,6;14,5;22,5;20,5;14,9;14,3;68;61;68;;;;
2025/06/20;2200 UTC;;994,7;994,7;994,2;;19,9;15;20,7;19,8;15;14,2;73;68;73;;;;
2025/06/20;2300 UTC;;994,9;994,9;994,7;;18,6;14,9;19,9;18,6;15,3;14,7;79;73;79;;;;
2025/06/21;0000 UTC;;995,3;995,3;994,9;;18,2;15;18,7;18;15,2;14,8;82;79;82;;;;
2025/06/21;0100 UTC;;995,4;995,4;995,3;;18,3;15,4;18,3;17,9;15,5;14,8;84;82;83;;;;
2025/06/21;0200 UTC;;995;995,4;995;;18,7;15,5;18,9;18,3;15,8;15,3;84;81;81;;;;
2025/06/21;0300 UTC;;994,7;995;994,7;;18,4;15,2;19,3;18,2;16;15;82;81;82;;;;
2025/06/21;0400 UTC;;994,3;994,7;994,3;;18,3;15,3;18,4;17,8;15,4;14,7;83;82;83;;;;
2025/06/21;0500 UTC;;993,7;994,3;993,7;;18,3;15,4;18,3;17,9;15,4;14,9;83;82;83;;;;
2025/06/21;0600 UTC;;993,2;993,7;993,2;;18,2;15,5;18,5;17,6;15,7;14,7;85;83;84;;;;
2025/06/21;0700 UTC;;993,2;993,2;993;;17,8;15,2;18,4;17,3;15,8;14,6;85;84;85;;;;
2025/06/21;0800 UTC;;993,8;993,8;993,2;;16,5;13,9;17,8;16,5;15,3;13,9;85;84;85;;;;
2025/06/21;0900 UTC;;993,9;993,9;993,6;;16,1;13,6;16,7;16,1;14,3;13,6;86;85;85;;;;
2025/06/21;1000 UTC;;994;994;993,8;133,6;17,2;14,9;17,2;16,1;14,9;13,7;87;85;86;;;;
2025/06/21;1100 UTC;;994,8;994,8;994;770,6;18,6;15,9;19,1;17,1;16,5;14,6;87;84;84;;;;
2025/06/21;1200 UTC;;995,1;995,2;994,8;1471,3;20,9;17,8;20,9;18,6;17,9;15,8;85;82;82;;;;
2025/06/21;1300 UTC;;994,6;995,1;994,6;2022,6;24,5;20,4;24,5;20,9;20,4;17,7;82;77;78;;;;
2025/06/21;1400 UTC;;994;994,6;994;2379,2;25,8;18,8;26,2;24;20,2;18,7;78;65;65;;;;
2025/06/21;1500 UTC;;992,9;994;992,9;2557,7;26,7;17,8;27,7;25,6;19,6;17,8;66;58;58;;;;
2025/06/21;1600 UTC;;991,5;992,9;991,5;2500,6;28,1;17,8;28,2;26,6;19;17,5;60;54;54;;;;
2025/06/21;1700 UTC;;990,7;991,5;990,7;2211,7;28,4;16,8;28,9;27,7;18;16,6;54;49;50;;;;
2025/06/21;1800 UTC;;990,4;990,7;990,3;1717,4;28,3;16,2;28,9;28,1;17,5;16;51;48;48;;;;
2025/06/21;1900 UTC;;990,4;990,4;990,2;1080,7;27,3;16,3;28,8;27,3;16,8;15,6;51;46;51;;;;
2025/06/21;2000 UTC;;990,8;990,8;990,4;359,8;24;15,8;27,3;24;16,4;15,8;60;51;60;;;;
2025/06/21;2100 UTC;;991,1;991,1;990,8;4,9;22,2;15,7;24;22,2;15,9;15,6;67;60;67;;;;
2025/06/21;2200 UTC;;991,5;991,5;991,1;;21,9;16,2;22,3;21,8;16,4;15,6;70;67;70;;;;
2025/06/21;2300 UTC;;991,7;991,8;991,5;;22;16,7;22,2;21,7;16,8;16,1;72;70;72;;;;
2025/06/22;0000 UTC;;992,2;992,2;991,7;;20,9;16,3;22,1;20,9;16,8;16,3;75;72;75;;;;
2025/06/22;0100 UTC;;992,3;992,3;992,2;;20,8;17,1;20,9;20,4;17,1;16,2;79;75;79;;;;
2025/06/22;0200 UTC;;992,2;992,4;992,2;;20,3;17;20,8;20,2;17,1;16,9;81;79;81;;;;
2025/06/22;0300 UTC;;991,8;992,2;991,8;;20,1;17;20,3;20,1;17,1;16,9;83;81;83;;;;
2025/06/22;0400 UTC;;991,3;991,8;991,3;;20,5;17,4;20,6;20,1;17,4;17;83;82;83;;;;
2025/06/22;0500 UTC;;990,7;991,3;990,7;;20,9;17,6;21;20,4;17,8;17,3;83;81;81;;;;
2025/06/22;0600 UTC;;990,5;990,8;990,5;;19,9;16,7;20,9;19,8;17,6;16,5;82;81;82;;;;
2025/06/22;0700 UTC;;990,5;990,5;990,3;;19,2;16,2;20,1;19,1;16,9;16,1;83;81;83;;;;
2025/06/22;0800 UTC;;990,7;990,7;990,5;;18,7;15,8;19,3;18,6;16,3;15,8;84;82;84;;;;
2025/06/22;0900 UTC;;991,2;991,2;990,7;;17,7;15;19;17,7;16,2;14,9;85;83;84;;;;
2025/06/22;1000 UTC;;992;992;991,2;131,2;18,6;15,9;18,7;17,6;16,1;14,9;85;84;84;;;;
2025/06/22;1100 UTC;;992,8;992,8;992;752;20,9;18;20,9;18,6;18;16;85;83;83;;;;
2025/06/22;1200 UTC;;993,1;993,1;992,7;1431,3;24;20,1;24;20,9;20,2;17,9;83;78;79;;;;
2025/06/22;1300 UTC;;993,2;993,3;993,1;1997,5;25,6;19,9;25,8;23,8;20,4;19,5;79;71;71;;;;
2025/06/22;1400 UTC;;992,8;993,2;992,8;2305;27,5;20;27,6;25,4;20,6;19,1;72;64;64;;;;
2025/06/22;1500 UTC;;991,9;992,8;991,9;2123,5;28,1;19,2;28,4;26,5;20,1;18,3;64;58;59;;;;
2025/06/22;1600 UTC;;990,7;991,9;990,7;2119,3;28;17,7;29;26,5;19,9;17,7;61;54;54;;;;
2025/06/22;1700 UTC;;989,9;990,7;989,9;2245,5;29,2;17,4;29,6;27,7;18,5;16,9;54;48;49;;;;
2025/06/22;1800 UTC;;989,5;989,9;989,5;1990,2;28,8;16,2;29,4;28,6;17,5;16;49;45;46;;;;
2025/06/22;1900 UTC;;989,5;989,6;989,4;1149,5;27,6;15,1;29;27,6;16,4;15,1;47;44;46;;;;
2025/06/22;2000 UTC;;990;990;989,5;364,6;24,5;15;27,6;24,5;15,1;14,8;56;46;56;;;;
2025/06/22;2100 UTC;;990,4;990,4;990;5,9;22,2;15;24,5;22,2;15,4;15;64;56;64;;;;
2025/06/22;2200 UTC;;990,9;990,9;990,4;;21,1;15,5;22,2;20,8;15,5;14,8;71;64;71;;;;
2025/06/22;2300 UTC;;991,4;991,4;990,9;;20,8;16,6;21,5;20,7;16,6;15,5;77;71;77;;;;
2025/06/23;0000 UTC;;991,9;991,9;991,4;;20,8;17,2;21;20,6;17,2;16,7;80;77;80;;;;
2025/06/23;0100 UTC;;992,5;992,5;991,9;;20,9;17,4;21,1;20,7;17,6;17,1;81;80;81;;;;
2025/06/23;0200 UTC;;992,4;992,5;992,4;;20,2;16,9;20,9;20,1;17,5;16,9;82;81;82;;;;
2025/06/23;0300 UTC;;992,4;992,5;992,4;;19,7;16,5;20,2;19,5;16,9;16,3;82;81;82;;;;
2025/06/23;0400 UTC;;992,2;992,4;992,2;;19,6;16,3;20,3;19,6;16,9;16,1;82;80;81;;;;
2025/06/23;0500 UTC;;991,9;992,2;991,9;;20,2;16,9;20,2;19,3;17;16,1;82;81;81;;;;
2025/06/23;0600 UTC;;991,6;991,9;991,6;;20,2;17;20,5;20,1;17,3;16,8;82;81;82;;;;
2025/06/23;0700 UTC;;991,6;991,7;991,6;;19,8;16,7;20,3;19,7;17,2;16,6;83;82;83;;;;
2025/06/23;0800 UTC;;991,7;991,7;991,5;;19,8;16,9;19,9;19,3;17;16,3;84;82;83;;;;
2025/06/23;0900 UTC;;992,1;992,1;991,7;;19,3;16,5;19,8;19,2;16,8;16,2;84;83;83;;;;
2025/06/23;1000 UTC;;992,7;992,7;992;134,7;20,9;17,9;20,9;19,1;17,9;16,2;84;83;83;;;;
2025/06/23;1100 UTC;;993,5;993,5;992,6;745,7;22,7;18,9;22,7;21;19;17,9;83;79;79;;;;
2025/06/23;1200 UTC;;994,2;994,2;993,5;1430,4;24,2;19,4;24,2;22,6;19,7;18,7;79;74;75;;;;
2025/06/23;1300 UTC;;994,3;994,3;994,2;1962,4;25,6;19,2;25,6;23,8;19,6;18,4;75;68;68;;;;
2025/06/23;1400 UTC;;993,7;994,3;993,7;2097,6;26,1;18,4;27;25,1;19,8;18;68;62;63;;;;
2025/06/23;1500 UTC;;992,6;993,7;992,6;1936,7;27;18;27,9;25,5;19,9;17;64;56;58;;;;
2025/06/23;1600 UTC;;991,2;992,6;991,2;2493;27,6;16,8;28,5;27;18,6;16;58;50;52;;;;
2025/06/23;1700 UTC;;990,4;991,2;990,4;2290,4;28,1;15,9;28,5;27,3;17,3;15,6;53;47;48;;;;
2025/06/23;1800 UTC;;989,5;990,4;989,5;1746,2;28,1;14,3;28,5;27,9;16,4;14;48;42;43;;;;
2025/06/23;1900 UTC;;989,5;989,5;989,2;1080,3;26,8;14,3;28,3;26,8;15,1;14,2;47;43;46;;;;
2025/06/23;2000 UTC;;990,1;990,1;989,5;361,4;24;14,2;26,8;24;14,6;14,1;54;46;54;;;;
2025/06/23;2100 UTC;;990,8;990,8;990,1;5,3;22,3;14,1;24;22,3;14,4;14;60;54;60;;;;
2025/06/23;2200 UTC;;991,1;991,1;990,8;;20,3;15,2;22,3;20,3;15,3;13,8;73;60;73;;;;
2025/06/23;2300 UTC;;991,8;991,8;991,1;;19,8;15,6;20,3;19,8;15,8;15,2;77;73;77;;;;
2025/06/24;0000 UTC;;992,5;992,5;991,8;;19,6;15,8;20,1;19,6;16,1;15,7;79;77;79;;;;
2025/06/24;0100 UTC;;992,7;992,8;992,5;;20,1;16,7;20,2;19,6;16,7;15,8;81;79;81;;;;
2025/06/24;0200 UTC;;992,2;992,7;992,2;;20,5;17,2;20,5;20;17,2;16,7;82;81;82;;;;
2025/06/24;0300 UTC;;992;992,2;992;;20,6;17,2;20,7;20,4;17,5;17;82;81;81;;;;
2025/06/24;0400 UTC;;991,4;992;991,4;;20,2;16,9;20,6;20;17,2;16,7;82;81;81;;;;
2025/06/24;0500 UTC;;990,9;991,5;990,9;;19,7;16,6;20,2;19,5;16,9;16,3;82;81;82;;;;
2025/06/24;0600 UTC;;990,8;990,9;990,6;;19,3;16,2;19,7;19,2;16,6;16,2;83;82;82;;;;
2025/06/24;0700 UTC;;990,7;990,8;990,6;;19,6;16,5;20;19,3;16,9;16,1;83;82;83;;;;
2025/06/24;0800 UTC;;991,4;991,4;990,7;;18,6;15,7;19,6;18,6;16,6;15,7;83;82;83;;;;
2025/06/24;0900 UTC;;992,1;992,1;991,4;;17,6;14,9;18,6;17,6;15,6;14,9;84;83;84;;;;
2025/06/24;1000 UTC;;992,7;992,7;992,1;95,5;17,9;15,4;17,9;17,2;15,4;14,6;85;84;85;;;;
2025/06/24;1100 UTC;;993;993;992,6;628,4;20;17,2;20,2;17,9;17,7;15,4;86;84;84;;;;
2025/06/24;1200 UTC;;993,5;993,5;993;1434,4;23,6;19,5;23,8;20;20;17,4;84;77;78;;;;
2025/06/24;1300 UTC;;993,7;993,7;993,5;2026,3;25,3;20;25,4;23,6;20,2;19,4;78;72;73;;;;
2025/06/24;1400 UTC;;993,4;993,7;993,4;2252,6;26,6;19,5;26,9;24,9;20;19,4;73;65;65;;;;
2025/06/24;1500 UTC;;992,5;993,4;992,5;2484,5;27,3;19,3;27,8;26,3;20,1;19;65;61;62;;;;
2025/06/24;1600 UTC;;991,2;992,5;991,2;2486,9;29,5;19,2;29,5;27,3;20;17,8;62;52;54;;;;
2025/06/24;1700 UTC;;990,6;991,3;990,6;2053,4;29,7;17,7;29,8;28,3;19;16,9;54;49;49;;;;
2025/06/24;1800 UTC;;989,8;990,6;989,8;1670,4;30;16,6;30;29,1;17,6;16,2;49;44;45;;;;
2025/06/24;1900 UTC;;989,7;989,8;989,4;993,8;28,5;16,2;30;27,9;16,6;15,3;48;43;47;;;;
2025/06/24;2000 UTC;;989,8;989,9;989,7;361,8;24,9;16,1;28,5;24,9;16,3;15,9;58;47;58;;;;
2025/06/24;2100 UTC;;990,3;990,3;989,7;8,4;23;15,8;25;22,9;16,2;15,6;64;58;64;;;;
2025/06/24;2200 UTC;;991,1;991,1;990,3;;22,2;16,7;23;21,8;16,7;15,4;71;64;71;;;;
2025/06/24;2300 UTC;;991,6;991,6;991;;21,9;17,3;22,5;21,9;17,4;16,8;75;71;75;;;;
2025/06/25;0000 UTC;;992,4;992,5;991,6;;21,1;17,2;22;21,1;17,4;17,1;78;75;78;;;;
2025/06/25;0100 UTC;;992,9;992,9;992,4;;21,1;17,5;21,3;21;17,6;17,2;80;78;80;;;;
2025/06/25;0200 UTC;;993,1;993,2;992,9;;21,1;17,8;21,2;20,9;17,8;17,4;81;80;81;;;;
2025/06/25;0300 UTC;;993,4;993,4;993,1;;21,1;18;21,2;20,9;18;17,7;82;81;82;;;;
2025/06/25;0400 UTC;;993,3;993,5;993,3;;21,1;18;21,1;20,2;18;17,2;84;82;83;;;;
2025/06/25;0500 UTC;;993;993,3;993;;20,4;17,4;21,1;20,3;18,1;17,3;83;82;83;;;;
2025/06/25;0600 UTC;;993,1;993,2;993;;20;17,4;20,4;19,7;17,4;16,9;85;83;85;;;;
2025/06/25;0700 UTC;;993,6;993,6;993,1;;20,7;18,1;20,7;20;18,1;17,5;85;85;85;;;;
2025/06/25;0800 UTC;;994,3;994,4;993,5;,1;19,1;16,5;20,7;19,1;18,1;16,5;85;84;85;;;;
2025/06/25;0900 UTC;;995,1;995,1;994,3;;18,8;16,2;19,1;18,8;16,5;16,2;85;85;85;;;;
2025/06/25;1000 UTC;;995,9;995,9;995,1;16,2;18,1;15,7;18,8;18,1;16,2;15,7;86;85;86;;;;
2025/06/25;1100 UTC;;996,6;996,6;995,9;97,7;18,2;15,8;18,2;18,1;15,8;15,6;86;86;86;;;;
2025/06/25;1200 UTC;;997,4;997,6;996,6;206,2;18,6;15,8;18,6;18,2;15,9;15,7;86;84;84;;;;
2025/06/25;1300 UTC;;997,9;998;997,4;549,6;18,7;16,2;18,9;18,4;16,2;15,7;85;83;85;;;;
2025/06/25;1400 UTC;;997,9;998;997,8;872,6;19;16,3;19,2;18,6;16,5;15,9;85;84;85;;;;
2025/06/25;1500 UTC;;997,2;997,9;997,2;888,1;20,3;17,5;20,3;19;17,5;16,3;85;84;84;;;;
2025/06/25;1600 UTC;;996,6;997,2;996,6;565,3;20,5;17,1;20,5;19,9;17,3;16,9;84;81;81;;;;
2025/06/25;1700 UTC;;995,9;996,6;995,9;328,1;20,5;16,8;20,5;20,3;17,1;16,7;81;79;79;;;;
2025/06/25;1800 UTC;;996,2;996,2;995,9;313;20,3;16,4;20,5;20,3;16,8;16,3;79;78;78;;;;
2025/06/25;1900 UTC;;996,7;996,7;996,2;217;20;15,9;20,3;20;16,4;15,9;78;77;77;;;;
2025/06/25;2000 UTC;;997,1;997,1;996,7;88,8;20;15,9;20;19,8;16;15,8;78;77;77;;;;
2025/06/25;2100 UTC;;997,3;997,3;997,1;3,5;19,8;15,4;20;19,7;15,9;15,4;77;76;76;;;;
2025/06/25;2200 UTC;;998;998;997,3;;19,4;14,8;19,8;19,3;15,3;14,8;76;75;75;;;;
2025/06/25;2300 UTC;;998,5;998,6;998;;19;14,5;19,4;18,9;14,8;14,5;75;75;75;;;;
2025/06/26;0000 UTC;;998,9;998,9;998,5;;18,7;14,4;19;18,7;14,5;14,3;76;75;76;;;;
2025/06/26;0100 UTC;;998,9;999;998,9;;18,6;14,3;18,7;18,6;14,4;14,3;76;76;76;;;;
2025/06/26;0200 UTC;;998,7;999;998,7;;18;13,9;18,6;18;14,3;13,9;77;76;77;;;;
2025/06/26;0300 UTC;;998,4;998,7;998,4;;18,1;14;18,2;18;14,1;13,9;77;77;77;;;;
2025/06/26;0400 UTC;;998;998,4;998;;18,1;13,9;18,3;18,1;14,2;13,9;77;76;77;;;;
2025/06/26;0500 UTC;;997,6;998;997,6;,2;18,1;13,9;18,2;18,1;14;13,9;77;76;77;;;;
2025/06/26;0600 UTC;;997;997,6;997;,1;18,2;14;18,2;18,1;14,1;14;77;77;77;;;;
2025/06/26;0700 UTC;;996,7;997;996,7;;18,2;14,1;18,2;18,1;14,1;14;77;77;77;;;;
2025/06/26;0800 UTC;;996,9;997;996,7;;18,2;14,2;18,2;18,1;14,2;14,1;78;77;78;;;;
2025/06/26;0900 UTC;;997,8;997,8;996,9;;17,2;13,8;18,2;17,2;14,2;13,7;80;77;80;;;;
2025/06/26;1000 UTC;;998,5;998,5;997,8;27,3;17,3;14,2;17,3;17,1;14,2;13,8;82;80;82;;;;
2025/06/26;1100 UTC;;998,8;998,8;998,4;265,1;18,2;15,2;18,2;17,2;15,2;14,2;83;82;83;;;;
2025/06/26;1200 UTC;;999,1;999,1;998,8;674,7;19,4;16,3;19,5;18,1;16,4;15,1;83;82;82;;;;
2025/06/26;1300 UTC;;998,8;999,1;998,8;779,6;20,8;17,1;20,8;19,4;17,2;16,2;82;80;80;;;;
2025/06/26;1400 UTC;;998,2;998,8;998,2;1121,9;21,7;17,5;21,9;20,6;17,9;16,7;80;76;77;;;;
2025/06/26;1500 UTC;;997,2;998,2;997,2;894,9;22,5;17,7;22,8;21,7;18,2;17,3;77;74;75;;;;
2025/06/26;1600 UTC;;995,9;997,2;995,9;1358,6;23,1;17,7;23,7;22,1;18,5;17,4;76;72;72;;;;
2025/06/26;1700 UTC;;995,5;996;995,5;910,1;21,6;17,8;23,8;20,8;18,6;16,6;79;72;79;;;;
2025/06/26;1800 UTC;;995,2;995,5;995,2;932,8;22,2;17,9;23,5;21,5;19,3;17,7;79;76;77;;;;
2025/06/26;1900 UTC;;995,2;995,2;995,1;221,3;21,5;17,8;22,2;21,4;18;17,6;79;77;79;;;;
2025/06/26;2000 UTC;;995,2;995,4;995,1;99,4;20,7;17,3;21,5;20,7;17,8;17,2;81;79;81;;;;
2025/06/26;2100 UTC;;995,3;995,3;995,2;6,9;20,7;17,5;20,8;20,6;17,5;17,3;82;81;82;;;;
2025/06/26;2200 UTC;;995,7;995,7;995,3;;20,4;17,4;20,7;20,4;17,5;17,3;83;82;83;;;;
2025/06/26;2300 UTC;;995,9;996;995,7;;20,2;17,3;20,5;20,2;17,5;17,3;83;83;83;;;;
2025/06/27;0000 UTC;;996,5;996,5;995,9;;20,2;17,3;20,3;20,1;17,4;17,2;84;83;84;;;;
2025/06/27;0100 UTC;;996,6;996,7;996,6;;19,8;17,1;20,2;19,8;17,3;17;84;84;84;;;;
2025/06/27;0200 UTC;;996,6;996,7;996,6;;19,7;17,1;19,9;19,5;17,1;16,7;85;84;85;;;;
2025/06/27;0300 UTC;;996,2;996,6;996,1;;18,9;16,3;19,7;18,9;17,1;16,3;85;85;85;;;;
2025/06/27;0400 UTC;;995,9;996,2;995,9;;19,5;17;19,6;18,9;17,1;16,4;85;85;85;;;;
2025/06/27;0500 UTC;;995,7;995,9;995,7;;19,5;17,1;19,7;19,5;17,2;17;86;85;86;;;;
2025/06/27;0600 UTC;;995,4;995,7;995,4;;19,5;17,1;19,6;19,5;17,1;17,1;86;86;86;;;;
2025/06/27;0700 UTC;;995,4;995,4;995,3;;19,4;17;19,5;19,3;17,1;17;86;86;86;;;;
2025/06/27;0800 UTC;;995,7;995,7;995,4;;19,4;17;19,4;19,4;17,1;17;86;86;86;;;;
2025/06/27;0900 UTC;;995,7;995,8;995,6;;19,3;17;19,4;19,3;17,1;16,9;87;86;87;;;;
2025/06/27;1000 UTC;;996,4;996,4;995,7;59;19,4;17,2;19,4;19,2;17,2;16,9;87;87;87;;;;
2025/06/27;1100 UTC;;997,3;997,3;996,4;341,9;20;17,7;20,1;19,4;17,7;17,2;87;86;86;;;;
2025/06/27;1200 UTC;;997,8;997,8;997,3;644,2;21,5;18,8;21,6;19,9;18,9;17,6;86;84;84;;;;
2025/06/27;1300 UTC;;997,8;997,9;997,8;1297,2;23;19,6;23,4;21,6;20,3;18,9;85;81;81;;;;
2025/06/27;1400 UTC;;997,5;997,8;997,5;996;24;19,7;24,3;23;20,2;19,3;81;77;77;;;;
2025/06/27;1500 UTC;;996,7;997,5;996,7;1862,1;23,6;19,5;24,5;23,1;20,3;19;79;76;78;;;;
2025/06/27;1600 UTC;;995,8;996,7;995,8;2269;26,2;20,3;26,6;23,6;20,8;19,4;78;69;70;;;;
2025/06/27;1700 UTC;;995,3;995,8;995,3;960,5;25;19,5;26,2;24;20,2;18,7;73;69;72;;;;
2025/06/27;1800 UTC;;995;995,3;995;1671,7;26,1;19,4;26,7;24,9;20,7;19;72;66;66;;;;
2025/06/27;1900 UTC;;994,9;995;994,9;1119,1;25,7;18,8;26,6;25,7;19,7;18,7;66;65;66;;;;
2025/06/27;2000 UTC;;995,4;995,4;994,9;503;23,2;17,9;26,2;23,2;19,4;17,9;72;65;72;;;;
2025/06/27;2100 UTC;;995,8;995,8;995,4;7,5;21,3;17,6;23,2;21,3;18,2;17,6;79;72;79;;;;
2025/06/27;2200 UTC;;996,1;996,2;995,8;;21,3;18,1;21,4;21,3;18,1;17,7;82;79;82;;;;
2025/06/27;2300 UTC;;996,4;996,4;996,1;;21,5;18,3;21,5;21,3;18,3;18,1;82;82;82;;;;
2025/06/28;0000 UTC;;996,5;996,5;996,3;;21,4;18,1;21,5;21,3;18,3;18;82;82;82;;;;
2025/06/28;0100 UTC;;996,8;996,9;996,5;;21,1;17,9;21,4;21,1;18,2;17,9;82;81;82;;;;
2025/06/28;0200 UTC;;996,8;996,9;996,8;;20,6;17,7;21,1;20,6;18;17,6;83;82;83;;;;
2025/06/28;0300 UTC;;996,9;996,9;996,8;;19,8;17,1;20,6;19,7;17,7;17;85;83;85;;;;
2025/06/28;0400 UTC;;996,7;997;996,7;;19,5;16,9;19,8;19,2;17,2;16,6;85;85;85;;;;
2025/06/28;0500 UTC;;996,1;996,7;996;;18,9;16,4;19,6;18,5;17;16;86;85;86;;;;
2025/06/28;0600 UTC;;995,9;996,1;995,8;;17,9;15,4;19,2;17,9;16,7;15,4;86;85;86;;;;
2025/06/28;0700 UTC;;996;996,1;995,8;;17,3;14,9;18,9;17,2;16,6;14,8;87;85;86;;;;
2025/06/28;0800 UTC;;996,5;996,5;996;;17,9;15,6;17,9;17,2;15,6;14,9;87;86;86;;;;
2025/06/28;0900 UTC;;996,9;996,9;996,5;;17,6;15,3;17,9;17,6;15,6;15,3;87;86;87;;;;
2025/06/28;1000 UTC;;997,3;997,3;996,9;66,3;18,2;16;18,3;17,5;16;15,3;87;87;87;;;;
2025/06/28;1100 UTC;;997,9;997,9;997,3;368,8;19,3;17,1;19,4;18,2;17,1;16;87;87;87;;;;
2025/06/28;1200 UTC;;998,4;998,4;997,9;986,2;20,8;18,3;21,1;19,3;18,7;17,1;87;86;86;;;;
2025/06/28;1300 UTC;;998,5;998,6;998,4;1449,9;23,3;19,8;23,8;20,8;20,6;18,4;86;80;81;;;;
2025/06/28;1400 UTC;;998,2;998,6;998,2;1403,6;25,4;20,7;25,5;23,2;20,9;19,5;81;75;75;;;;
2025/06/28;1500 UTC;;997,6;998,2;997,6;2439;26,1;20,1;26,7;24,1;21,1;19,3;77;68;69;;;;
2025/06/28;1600 UTC;;996,6;997,6;996,6;1060,6;26,1;19,8;26,2;24,2;20;18,8;73;68;68;;;;
2025/06/28;1700 UTC;;996,1;996,6;996,1;2406,1;27,4;18,3;27,8;25,4;20,4;18,3;68;58;58;;;;
2025/06/28;1800 UTC;;995,8;996,1;995,8;1296,8;27,1;17,6;27,4;25,7;18,4;16,8;59;55;56;;;;
2025/06/28;1900 UTC;;995,8;995,8;995,7;759,9;25,7;17,3;27,2;24,2;17,7;16,2;62;55;60;;;;
2025/06/28;2000 UTC;;996,1;996,1;995,8;382,2;23,4;16,2;25,7;23,4;17,3;16,2;64;58;64;;;;
2025/06/28;2100 UTC;;996,3;996,3;996,1;6,4;21;15,8;23,4;20,9;16,3;15,6;72;64;72;;;;
2025/06/28;2200 UTC;;996,5;996,5;996,3;;19,9;15,7;21;19,9;16,1;15,6;77;72;77;;;;
2025/06/28;2300 UTC;;996,9;996,9;996,5;;19,1;15,7;19,9;19;15,7;15,4;81;77;81;;;;
2025/06/29;0000 UTC;;997,6;997,6;996,9;;19,6;16,4;19,6;18,9;16,4;15,5;82;81;82;;;;
2025/06/29;0100 UTC;;997,7;997,8;997,6;;20,3;17,6;20,3;19,5;17,6;16,4;85;82;85;;;;
2025/06/29;0200 UTC;;997,4;997,7;997,4;;19,9;17,3;20,3;19,8;17,6;17,1;85;84;85;;;;
2025/06/29;0300 UTC;;997,1;997,4;997,1;;19;16,7;19,9;18,9;17,4;16,6;86;85;86;;;;
2025/06/29;0400 UTC;;996,7;997,1;996,7;;18,5;16,2;19,2;18,5;16,9;16,2;87;86;87;;;;
2025/06/29;0500 UTC;;996,1;996,7;996,1;;18,1;15,9;18,5;18,1;16,2;15,8;87;87;87;;;;
2025/06/29;0600 UTC;;995,6;996,1;995,6;;18,4;16,2;18,5;18,1;16,3;15,9;87;87;87;;;;
2025/06/29;0700 UTC;;995,4;995,6;995,4;;18,1;16;18,4;17,8;16,2;15,6;87;87;87;;;;
2025/06/29;0800 UTC;;995,4;995,4;995,3;;18,7;16,6;18,7;18,1;16,6;16;88;87;88;;;;
2025/06/29;0900 UTC;;995,7;995,7;995,4;;18,6;16,5;18,7;18,4;16,6;16,3;88;87;88;;;;
2025/06/29;1000 UTC;;996;996;995,7;102,1;18,9;16,7;19;18,5;16,9;16,4;88;87;87;;;;
2025/06/29;1100 UTC;;996,7;996,7;996;371;19,2;17;19,4;18,8;17,2;16,6;88;87;87;;;;
2025/06/29;1200 UTC;;997,2;997,2;996,6;1037,3;22,1;19,4;22,1;19,2;19,4;17;88;84;85;;;;
2025/06/29;1300 UTC;;997,1;997,3;997,1;2170,5;24,2;20,5;24,3;21,4;20,7;18,5;85;79;80;;;;
2025/06/29;1400 UTC;;996,8;997,2;996,8;2161,6;25,2;20;25,4;23,6;20,8;19,3;80;72;73;;;;
2025/06/29;1500 UTC;;996,1;996,8;996,1;1626,9;25;18,6;25,7;24,4;20,4;18,5;73;68;68;;;;
2025/06/29;1600 UTC;;995,3;996,1;995,3;1955,5;25,5;17,9;26,8;24,8;19,8;17,8;68;62;63;;;;
2025/06/29;1700 UTC;;994,9;995,3;994,9;2278,9;27,2;17,2;27,7;25,5;19,3;17,2;64;54;55;;;;
2025/06/29;1800 UTC;;994,5;994,9;994,5;1873,2;26,9;15,9;28,3;26,7;18,1;15,9;56;51;51;;;;
2025/06/29;1900 UTC;;994,4;994,5;994,3;1124,2;27,4;15,9;28,2;26,9;17;15,8;52;49;49;;;;
2025/06/29;2000 UTC;;994,6;994,6;994,4;373,2;25,1;14,6;27,4;25,1;15,9;14,5;52;49;52;;;;
2025/06/29;2100 UTC;;994,7;994,7;994,6;5,3;22,7;14,4;25,1;22,7;14,8;14,4;60;52;60;;;;
2025/06/29;2200 UTC;;994,9;994,9;994,6;;21,6;14,4;23;21,6;14,7;14,3;64;60;64;;;;
2025/06/29;2300 UTC;;995,4;995,4;994,8;;19,6;15,2;21,6;19,6;15,2;14,1;76;64;76;;;;
2025/06/30;0000 UTC;;995,7;995,7;995,4;;20;16,3;20,1;19,5;16,4;15,2;80;76;79;;;;
2025/06/30;0100 UTC;;996;996;995,7;;19,3;15,9;20,1;19,3;16,7;15,9;81;79;80;;;;
2025/06/30;0200 UTC;;996,2;996,3;996;;18,6;15,5;19,3;18,6;16;15,5;82;80;82;;;;
2025/06/30;0300 UTC;;996;996,3;996;;18,9;15,9;19,2;18,6;16,2;15,6;83;82;83;;;;
2025/06/30;0400 UTC;;995,7;996;995,6;;17,5;14,7;19;17,5;16,3;14,7;84;82;83;;;;
2025/06/30;0500 UTC;;995,5;995,7;995,5;;17,7;15,1;18,7;17;16,1;14,2;85;83;85;;;;
2025/06/30;0600 UTC;;995,4;995,5;995,3;;17,7;15,2;18;17,4;15,5;14,8;85;85;85;;;;
2025/06/30;0700 UTC;;994,9;995,4;994,9;;17,3;14,8;18;17,3;15,5;14,8;86;85;86;;;;
2025/06/30;0800 UTC;;995;995;994,9;;16,6;14,3;17,7;16,4;15,4;14;86;85;86;;;;
2025/06/30;0900 UTC;;995,2;995,2;995;,4;16,8;14,6;16,9;16,6;14,7;14,3;87;86;87;;;;
2025/06/30;1000 UTC;;995,3;995,3;995,2;94,5;16,8;14,7;16,9;16,7;14,7;14,5;87;87;87;;;;
2025/06/30;1100 UTC;;996;996;995,3;477,9;17,8;15,7;17,8;16,7;15,7;14,5;88;87;88;;;;
2025/06/30;1200 UTC;;996,4;996,4;996;1001,3;19;16,9;19;17,5;16,9;15,3;88;87;87;;;;
2025/06/30;1300 UTC;;996,8;996,8;996,4;1538,7;21,3;18,7;21,3;18,7;18,7;16,5;87;85;85;;;;
2025/06/30;1400 UTC;;996,5;996,8;996,5;2356,6;24,4;20,6;24,6;21,2;20,9;18,3;85;79;80;;;;
2025/06/30;1500 UTC;;996;996,5;996;2713,1;27;20,9;27,5;24,4;22,2;20,7;80;69;70;;;;
2025/06/30;1600 UTC;;995,2;996;995,2;2430,7;27;19,5;28,6;26,6;21,4;19,3;70;63;63;;;;
2025/06/30;1700 UTC;;994,6;995,2;994,6;2009,9;27,5;19,1;28,3;26,7;20;19;64;60;60;;;;
2025/06/30;1800 UTC;;994,2;994,6;994,2;1807,1;28,1;18,7;28,3;27,5;19,7;18,3;61;56;57;;;;
2025/06/30;1900 UTC;;994,3;994,4;994,2;1085,7;26;17,4;28,2;26;18,6;17,4;59;55;59;;;;
2025/06/30;2000 UTC;;994,6;994,6;994,3;374,8;24;17,5;26,5;24;17,7;17,1;67;58;67;;;;
2025/06/30;2100 UTC;;994,8;994,8;994,6;9,5;21,8;17;24;21,8;17,5;17;74;67;74;;;;
2025/06/30;2200 UTC;;995,1;995,1;994,7;;20,8;16,5;21,8;20,8;17;16,4;77;74;76;;;;
2025/06/30;2300 UTC;;995,6;995,6;995,1;;20,1;16,3;20,8;19,7;16,6;15,8;79;76;79;;;;
2025/07/01;0000 UTC;;995,9;995,9;995,6;;19,9;16,4;20,1;19,5;16,4;15,9;80;79;80;;;;
2025/07/01;0100 UTC;;996,3;996,3;995,9;;19,2;16;19,9;19,1;16,4;15,8;82;80;82;;;;
2025/07/01;0200 UTC;;996,1;996,3;996,1;;18,9;15,9;19,2;18,7;16;15,6;83;82;83;;;;
2025/07/01;0300 UTC;;996,2;996,2;996,1;;18,5;15,7;18,9;18,5;15,9;15,6;84;83;84;;;;
2025/07/01;0400 UTC;;996;996,3;996;;18,7;16,1;18,7;18,2;16,1;15,5;85;84;85;;;;
2025/07/01;0500 UTC;;995,9;996;995,8;;18,5;16;18,9;18,5;16,4;16;85;85;85;;;;
2025/07/01;0600 UTC;;995,9;996;995,9;;18;15,6;18,6;18;16;15,6;86;85;86;;;;
2025/07/01;0700 UTC;;996;996;995,9;;18;15,6;18,2;17,7;15,8;15,3;86;86;86;;;;
2025/07/01;0800 UTC;;996,1;996,1;996;;17,3;15;18,5;17;16,1;14,6;86;85;86;;;;
2025/07/01;0900 UTC;;996,6;996,6;996,1;;16,5;14,2;17,4;16,4;15,1;14,2;87;86;87;;;;
2025/07/01;1000 UTC;;997,3;997,3;996,6;102,2;16,8;14,6;16,8;16;14,6;13,8;87;86;87;;;;
2025/07/01;1100 UTC;;998;998;997,3;533,3;17,8;15,6;17,9;16,8;15,8;14,7;87;87;87;;;;
2025/07/01;1200 UTC;;998,8;998,8;998;625,1;19,3;17,2;19,3;17,8;17,2;15,8;88;87;87;;;;
2025/07/01;1300 UTC;;998,9;999;998,8;1000;21,7;18,5;21,7;19,1;18,8;16,9;87;81;82;;;;
2025/07/01;1400 UTC;;998,3;998,9;998,3;1517,1;23,5;19,3;23,7;21,7;19,6;18,5;83;77;77;;;;
2025/07/01;1500 UTC;;997,6;998,3;997,6;2201,9;25,9;18,7;26,7;23,6;20,1;18,5;77;65;65;;;;
2025/07/01;1600 UTC;;996,8;997,5;996,8;1763,6;26,2;18;27,1;24,9;19,4;17,6;66;60;61;;;;
2025/07/01;1700 UTC;;996,3;996,8;996,3;1645,3;26,6;17,6;27,8;25,7;19,2;17,5;62;58;58;;;;
2025/07/01;1800 UTC;;996,1;996,3;996,1;1203,9;26,1;17,4;26,9;25,2;18,1;16,7;60;57;59;;;;
2025/07/01;1900 UTC;;996,2;996,2;996;1289,3;26;16,8;27,2;26;17,6;16,7;59;55;57;;;;
2025/07/01;2000 UTC;;996,6;996,6;996,2;168,3;22,7;15,8;26,1;22,6;17;15,6;65;57;65;;;;
2025/07/01;2100 UTC;;996,7;996,7;996,6;7,2;20,2;14,8;22,7;20,1;15,8;14,7;71;65;71;;;;
2025/07/01;2200 UTC;;997,4;997,4;996,7;;19;14,4;20,2;19;14,9;14,4;75;71;75;;;;
2025/07/01;2300 UTC;;997,8;997,8;997,4;;17,7;13,8;19;17,6;14,5;13,7;78;75;78;;;;
2025/07/02;0000 UTC;;998;998;997,8;;17,6;14,1;17,8;17,3;14,1;13,6;80;78;80;;;;
2025/07/02;0100 UTC;;998,2;998,2;998;;18,1;14,6;18,1;17,5;14,6;14;80;80;80;;;;
2025/07/02;0200 UTC;;998,3;998,4;998,2;;17,4;14,1;18,2;17,3;14,8;14;81;80;81;;;;
2025/07/02;0300 UTC;;998,3;998,3;998,3;;17,7;14,5;17,7;17,3;14,5;14;82;81;82;;;;
2025/07/02;0400 UTC;;998,1;998,4;998,1;;16,8;13,8;17,7;16,7;14,5;13,7;82;81;82;;;;
2025/07/02;0500 UTC;;998;998,1;997,9;;16,6;13,7;16,9;16,6;13,9;13,7;83;82;83;;;;
2025/07/02;0600 UTC;;997,8;998;997,8;;16,2;13,5;16,6;16,2;13,8;13,4;84;83;84;;;;
2025/07/02;0700 UTC;;997,8;997,8;997,7;;15,8;13,2;16,4;15,8;13,7;13,1;84;83;84;;;;
2025/07/02;0800 UTC;;997,8;997,9;997,8;;16;13,4;16,1;15,3;13,5;12,6;85;84;85;;;;
2025/07/02;0900 UTC;;998,3;998,3;997,8;;16,4;14;16,4;15,9;14;13,4;85;85;85;;;;
2025/07/02;1000 UTC;;998,6;998,6;998,3;122,9;16,3;13,9;16,5;16,1;14;13,6;86;85;85;;;;
2025/07/02;1100 UTC;;999,2;999,2;998,6;786,7;18,5;15,8;18,5;16,3;15,9;13,9;86;84;84;;;;
2025/07/02;1200 UTC;;999,9;999,9;999,2;1335,1;21,4;18,1;21,5;18,5;18,5;15,9;85;81;82;;;;
2025/07/02;1300 UTC;;999,9;1000;999,9;2023,5;23,5;19,3;23,7;21,4;19,6;18;82;76;77;;;;
2025/07/02;1400 UTC;;999,5;1000;999,5;1652,1;24,8;18,3;25,6;23,1;20;18,3;77;67;67;;;;
2025/07/02;1500 UTC;;998,8;999,5;998,8;2300;25,9;17,5;26,4;24,3;19,3;17;68;60;60;;;;
2025/07/02;1600 UTC;;998;998,9;998;1887,1;26,1;17,4;26,9;24,1;18,7;16,2;63;58;59;;;;
2025/07/02;1700 UTC;;997,4;998;997,4;2246,1;25,7;15,8;27,3;25,2;17,8;15,8;59;52;54;;;;
2025/07/02;1800 UTC;;997;997,4;997;1640,4;26,1;15,6;26,6;25,2;16,9;15,6;57;52;52;;;;
2025/07/02;1900 UTC;;997,1;997,2;997;1089,2;25;16,2;26,7;24,4;16,7;15,6;60;52;58;;;;
2025/07/02;2000 UTC;;997,5;997,5;997,1;400,8;23,1;15,5;25,1;23,1;16,2;15,5;62;57;62;;;;
2025/07/02;2100 UTC;;997,8;997,8;997,5;9,7;21,1;15,1;23,1;21;15,5;14,9;69;62;69;;;;
2025/07/02;2200 UTC;;998,4;998,4;997,8;;19,8;15;21,1;19,8;15,2;14,8;74;69;74;;;;
2025/07/02;2300 UTC;;998,9;998,9;998,4;;18,8;14,6;19,9;18,8;15,2;14,6;77;74;77;;;;
2025/07/03;0000 UTC;;999,2;999,2;998,9;;18,9;15,2;18,9;18,5;15,2;14,5;79;77;79;;;;
2025/07/03;0100 UTC;;999,5;999,5;999,2;;18,6;15,2;19;18,6;15,5;15,1;81;79;81;;;;
2025/07/03;0200 UTC;;999,5;999,6;999,4;;18,3;15,2;18,6;18,2;15,3;15;82;81;82;;;;
2025/07/03;0300 UTC;;999,4;999,5;999,4;;18,6;15,6;18,7;18,3;15,6;15,2;83;82;83;;;;
2025/07/03;0400 UTC;;999,2;999,4;999,2;;18;15,1;18,6;17,9;15,6;15;83;83;83;;;;
2025/07/03;0500 UTC;;998,6;999,2;998,6;;17,9;15;18,3;17,8;15,4;14,9;83;83;83;;;;
2025/07/03;0600 UTC;;998,4;998,6;998,4;;18,3;15,5;18,3;17,9;15,5;15,1;84;83;84;;;;
2025/07/03;0700 UTC;;998,4;998,5;998,4;;18,1;15,4;18,3;17,8;15,5;15,1;85;84;84;;;;
2025/07/03;0800 UTC;;998,5;998,5;998,4;,2;18,2;15,6;18,2;17,9;15,6;15,2;85;84;85;;;;
2025/07/03;0900 UTC;;998,8;998,8;998,5;,2;18;15,4;18,3;18;15,7;15,4;85;85;85;;;;
2025/07/03;1000 UTC;;999,4;999,4;998,8;76,7;18,2;15,6;18,3;18;15,7;15,4;85;85;85;;;;
2025/07/03;1100 UTC;;999,8;999,8;999,4;680,3;19,4;16,5;19,8;18,2;16,9;15,6;85;83;83;;;;
2025/07/03;1200 UTC;;1000,3;1000,3;999,8;1162,2;21,5;17,7;21,5;19,3;17,9;16,3;84;79;79;;;;
2025/07/03;1300 UTC;;1000,2;1000,4;1000,2;2057,3;23,4;18,4;23,4;21,4;18,5;17,3;80;73;73;;;;
2025/07/03;1400 UTC;;999,7;1000,2;999,7;2073,4;23,9;17,9;24,4;22,6;18,7;17,1;74;69;69;;;;
2025/07/03;1500 UTC;;998,8;999,7;998,8;2209,4;23,8;16,6;26,1;23,8;19;16,5;69;62;64;;;;
2025/07/03;1600 UTC;;997,8;998,8;997,8;1894,8;25,5;17,5;25,8;23,8;18,3;16,1;65;60;61;;;;
2025/07/03;1700 UTC;;997,2;997,8;997,2;1854,8;24;16;26,2;23,9;18;15,5;62;57;61;;;;
2025/07/03;1800 UTC;;997,1;997,2;997,1;1555,5;23,8;15,7;25,4;23,4;17,2;15,6;63;59;61;;;;
2025/07/03;1900 UTC;;997,3;997,3;997;537;23,1;15,7;24,7;23,1;16,7;15,6;63;60;63;;;;
2025/07/03;2000 UTC;;997,6;997,6;997,3;166,6;21,6;15,4;23,1;21,6;15,8;15,4;68;63;68;;;;
2025/07/03;2100 UTC;;997,8;997,8;997,6;8,3;20,4;15,6;21,6;20,4;15,6;15,4;74;68;74;;;;
2025/07/03;2200 UTC;;998,1;998,1;997,8;;19,9;15,8;20,4;19,9;15,8;15,6;77;74;77;;;;
2025/07/03;2300 UTC;;998,4;998,4;998,1;;19,4;15,6;19,9;19,4;15,8;15,6;79;77;79;;;;
2025/07/04;0000 UTC;;998,7;998,7;998,4;;18,9;15,4;19,4;18,8;15,7;15,3;80;79;80;;;;
2025/07/04;0100 UTC;;999;999;998,7;;18,9;15,7;19;18,9;15,7;15,5;82;80;82;;;;
2025/07/04;0200 UTC;;998,8;999;998,8;;18,4;15,4;18,9;18,4;15,7;15,4;83;82;83;;;;
2025/07/04;0300 UTC;;998,5;998,8;998,5;,3;18,3;15,5;18,4;18,2;15,5;15,4;84;83;84;;;;
2025/07/04;0400 UTC;;998,3;998,5;998,2;;18,2;15,5;18,3;18,2;15,5;15,4;84;84;84;;;;
2025/07/04;0500 UTC;;997,7;998,3;997,7;;18,1;15,5;18,2;18;15,6;15,5;85;84;85;;;;
2025/07/04;0600 UTC;;997,5;997,7;997,5;;18,1;15,5;18,1;18;15,5;15,4;85;85;85;;;;
2025/07/04;0700 UTC;;997,4;997,5;997,4;,9;18;15,5;18,1;18;15,6;15,5;85;85;85;;;;
2025/07/04;0800 UTC;;997,4;997,5;997,4;,5;17,8;15,4;18;17,8;15,5;15,4;86;85;86;;;;
2025/07/04;0900 UTC;;997,8;997,8;997,4;;17,9;15,5;17,9;17,8;15,5;15,4;86;86;86;;;;
2025/07/04;1000 UTC;;998,4;998,4;997,8;45,6;17,9;15,5;18;17,9;15,6;15,5;86;86;86;;;;
2025/07/04;1100 UTC;;998,9;998,9;998,4;208,6;18,1;15,8;18,3;17,8;16;15,5;87;86;86;;;;
2025/07/04;1200 UTC;;999,5;999,5;998,9;252,4;18,7;16,3;18,7;18,1;16,3;15,7;86;86;86;;;;
2025/07/04;1300 UTC;;999,6;999,7;999,5;332,9;18,8;16,3;19;18,7;16,5;16,2;86;85;85;;;;
2025/07/04;1400 UTC;;999,1;999,6;999,1;590;19,4;17;19,8;18,7;17,4;16,3;87;85;86;;;;
2025/07/04;1500 UTC;;998,6;999,1;998,6;952,3;19,9;17,6;20,1;19,3;17,8;16,9;87;85;86;;;;
2025/07/04;1600 UTC;;997,9;998,6;997,9;652,3;19,7;17,3;20,2;19,6;17,8;17,2;87;86;86;;;;
2025/07/04;1700 UTC;;997,3;997,9;997,3;476,3;19,3;17;19,9;19,3;17,6;17;87;86;86;;;;
2025/07/04;1800 UTC;;996,9;997,3;996,9;550;20;17,5;20,1;19,3;17,7;16,9;87;86;86;;;;
2025/07/04;1900 UTC;;997,1;997,1;996,8;362,5;19,6;17;20;19,6;17,6;16,8;86;84;85;;;;
2025/07/04;2000 UTC;;997,3;997,3;997;119,4;19,3;16,8;19,6;19,3;17;16,8;85;85;85;;;;
2025/07/04;2100 UTC;;997,4;997,5;997,3;8;18,9;16,5;19,3;18,9;16,8;16,5;86;85;86;;;;
2025/07/04;2200 UTC;;997,7;997,7;997,4;;18,9;16,5;18,9;18,8;16,5;16,4;86;86;86;;;;
2025/07/04;2300 UTC;;998,5;998,6;997,6;;19,4;16,4;19,6;18,9;16,9;16,4;86;83;83;;;;
2025/07/05;0000 UTC;;998,9;998,9;998,5;;18,4;15,1;19,4;18,4;16,3;15,1;83;81;81;;;;
2025/07/05;0100 UTC;;999,4;999,4;998,9;;17,7;14,3;18,5;17,7;15,1;14,3;81;80;81;;;;
2025/07/05;0200 UTC;;999,4;999,5;999,4;;17,4;14;17,9;17,3;14,5;13,9;81;80;80;;;;
2025/07/05;0300 UTC;;999,2;999,5;999,1;;17,2;13,8;17,5;17,1;14,1;13,7;81;80;81;;;;
2025/07/05;0400 UTC;;998,8;999,1;998,8;;16,9;13,7;17,2;16,7;13,9;13,5;81;81;81;;;;
2025/07/05;0500 UTC;;998,2;998,8;998,2;;16,9;13,7;17,1;16,8;13,8;13,6;81;81;81;;;;
2025/07/05;0600 UTC;;997,8;998,2;997,8;;17;13,6;17;16,7;13,7;13,5;82;81;81;;;;
2025/07/05;0700 UTC;;998,1;998,1;997,7;;17;13,5;17,1;16,9;13,7;13,5;81;80;80;;;;
2025/07/05;0800 UTC;;998,2;998,2;998;;17;13,4;17,1;16,9;13,5;13,4;80;79;79;;;;
2025/07/05;0900 UTC;;998,4;998,4;998,2;;16,8;13,2;17,1;16,8;13,4;13,2;79;79;79;;;;
2025/07/05;1000 UTC;;999;999;998,4;87,9;17,1;13,6;17,1;16,7;13,6;13,2;80;79;80;;;;
2025/07/05;1100 UTC;;999,9;999,9;999;530,2;18,3;14,2;18,5;17,1;14,5;13,6;80;77;77;;;;
2025/07/05;1200 UTC;;1000,2;1000,3;999,9;783,8;19,7;15;19,7;18,2;15;14,1;77;74;74;;;;
2025/07/05;1300 UTC;;1000,3;1000,5;1000,2;1013,9;20,4;15,1;20,4;19,6;15,2;14,7;74;71;72;;;;
2025/07/05;1400 UTC;;999,8;1000,3;999,8;1597,7;21,2;15,2;21,8;20,4;16;15,1;72;69;69;;;;
2025/07/05;1500 UTC;;998,8;999,8;998,8;1787;22;15,6;22,6;21,2;16,4;15,2;69;66;67;;;;
2025/07/05;1600 UTC;;997,7;998,8;997,7;1685,6;22,5;15,4;22,9;21,9;16;15,2;67;64;64;;;;
2025/07/05;1700 UTC;;996,7;997,7;996,7;1916,3;23,6;15,6;24;22,3;16,2;15,1;65;60;61;;;;
2025/07/05;1800 UTC;;996,5;996,7;996,5;1303,1;22,8;14,7;24;22,3;15,9;14,3;62;59;60;;;;
2025/07/05;1900 UTC;;996,4;996,5;996,3;846,7;23,1;14,5;24;22;15,8;14,1;61;58;59;;;;
2025/07/05;2000 UTC;;996,7;996,7;996,3;362,8;21,1;13,4;23,1;21,1;14,5;13,4;62;57;62;;;;
2025/07/05;2100 UTC;;997;997,1;996,6;9;18,2;12,8;21,1;18,2;13,4;12,6;71;62;71;;;;
2025/07/05;2200 UTC;;997,6;997,6;997;;17,1;12,8;18,2;16,9;12,8;12,4;76;71;76;;;;
2025/07/05;2300 UTC;;998,1;998,1;997,6;;16,4;12,7;17,1;16,3;12,9;12,5;79;76;79;;;;
2025/07/06;0000 UTC;;998,5;998,5;998,1;;16,5;13;16,6;16,2;13,1;12,7;80;79;80;;;;
2025/07/06;0100 UTC;;998,5;998,6;998,5;;16,3;13;16,5;15,9;13,3;12,6;81;80;81;;;;
2025/07/06;0200 UTC;;998,5;998,6;998,5;;16,3;13,2;16,4;16;13,3;12,9;82;81;82;;;;
2025/07/06;0300 UTC;;998,2;998,5;998,2;;16;12,8;16,5;16;13,3;12,8;82;81;82;;;;
2025/07/06;0400 UTC;;997,6;998,2;997,6;;16;13;16,1;15,7;13,2;12,6;83;81;82;;;;
2025/07/06;0500 UTC;;997,2;997,6;997,2;;15,2;12,3;16,1;15,2;13,1;12,3;83;82;83;;;;
2025/07/06;0600 UTC;;996,6;997,2;996,6;;14,9;12,1;15,4;14,9;12,6;12,1;84;83;84;;;;
2025/07/06;0700 UTC;;996,5;996,6;996,5;;14,2;11,6;15;14,2;12,3;11,6;84;84;84;;;;
2025/07/06;0800 UTC;;996,7;996,7;996,4;;14;11,5;14,4;14;11,9;11,5;85;84;85;;;;
2025/07/06;0900 UTC;;996,7;996,8;996,6;;13,8;11,3;14,1;13,8;11,7;11,3;85;85;85;;;;
2025/07/06;1000 UTC;;997,4;997,4;996,7;118,2;14;11,6;14;13,4;11,7;11;86;85;86;;;;
2025/07/06;1100 UTC;;998;998;997,4;745,7;16,1;13,6;16,1;13,9;13,6;11,5;86;85;85;;;;
2025/07/06;1200 UTC;;998,6;998,6;998;1455,6;18,9;15,7;19,2;16,1;16;13,6;85;81;81;;;;
2025/07/06;1300 UTC;;998,7;998,8;998,6;1968,9;21,3;17,3;21,3;19;17,5;15,7;82;77;78;;;;
2025/07/06;1400 UTC;;998,2;998,7;998,2;2687,6;22,9;17,1;23,6;21,1;18,5;16,7;78;70;70;;;;
2025/07/06;1500 UTC;;997,4;998,2;997,4;1943,6;24,5;17,2;24,5;22,2;17,5;15,7;70;64;64;;;;
2025/07/06;1600 UTC;;996,4;997,4;996,3;2284,8;23,5;14,6;25,3;23,5;17,3;14,6;64;57;57;;;;
2025/07/06;1700 UTC;;995,5;996,4;995,4;1089,7;23,3;14,6;25,8;23,2;17;14,3;59;56;58;;;;
2025/07/06;1800 UTC;;995;995,4;995;1236,7;25,4;14,8;25,5;23,3;15,3;14,1;58;52;52;;;;
2025/07/06;1900 UTC;;995,1;995,1;994,9;1178,6;24,6;13,6;25,7;24,5;15,2;13,5;53;50;51;;;;
2025/07/06;2000 UTC;;995,5;995,5;995,1;404,3;22,5;13,1;24,8;22,5;13,8;12,9;55;50;55;;;;
2025/07/06;2100 UTC;;995,9;995,9;995,5;9,5;19,3;13;22,5;19,3;13,1;12,7;67;55;67;;;;
2025/07/06;2200 UTC;;996,5;996,5;995,9;;18;13,6;19,3;18;13,7;12,9;75;67;75;;;;
2025/07/06;2300 UTC;;997,3;997,3;996,5;;17,5;13,7;18,1;17,4;13,9;13,5;78;75;78;;;;
2025/07/07;0000 UTC;;997,9;997,9;997,3;;17,4;13,8;17,6;17;13,8;13,3;80;78;80;;;;
2025/07/07;0100 UTC;;998,4;998,5;997,9;;17,2;13,8;17,6;17,1;14;13,7;81;80;81;;;;
2025/07/07;0200 UTC;;998,7;998,7;998,4;;17,5;14,3;17,5;17,2;14,3;13,8;82;80;81;;;;
2025/07/07;0300 UTC;;998,6;998,7;998,6;;17,7;14,4;17,7;17,2;14,4;14;82;81;81;;;;
2025/07/07;0400 UTC;;998,3;998,7;998,3;;17;13,7;17,7;17;14,4;13,7;81;81;81;;;;
2025/07/07;0500 UTC;;997,8;998,3;997,8;;16;13;17;16;13,6;12,9;82;81;82;;;;
2025/07/07;0600 UTC;;997,6;997,8;997,6;;16,2;13,2;16,3;15,9;13,3;12,9;83;82;83;;;;
2025/07/07;0700 UTC;;997,8;997,8;997,6;;16;13;16,4;16;13,4;13;83;82;83;;;;
2025/07/07;0800 UTC;;998,1;998,1;997,8;;15,3;12,5;16;15,3;13,2;12,5;83;83;83;;;;
2025/07/07;0900 UTC;;998,6;998,6;998,1;;15,1;12,3;15,6;15;12,9;12,2;84;83;84;;;;
2025/07/07;1000 UTC;;999,2;999,2;998,6;125;16,5;13,4;16,5;15;13,4;12,2;84;82;82;;;;
2025/07/07;1100 UTC;;1000,2;1000,2;999,2;747,1;18,9;15;18,9;16,5;15,1;13,4;82;78;78;;;;
2025/07/07;1200 UTC;;1000,6;1000,6;1000,2;1481;20,4;15,3;20,5;18,9;15,6;14,7;78;72;73;;;;
2025/07/07;1300 UTC;;1000,6;1000,7;1000,6;2044,9;21,6;15,6;21,8;20,1;15,9;14,9;73;68;69;;;;
2025/07/07;1400 UTC;;1000,2;1000,6;1000,2;2197,8;23,2;16,2;23,3;21,5;16,7;14,7;69;65;65;;;;
2025/07/07;1500 UTC;;999,4;1000,2;999,4;2477,9;24,1;14,9;24,5;22,1;15,9;14,5;65;56;56;;;;
2025/07/07;1600 UTC;;998,5;999,4;998,5;2428,2;23,9;12,9;25,3;23,3;15,6;12,9;57;50;50;;;;
2025/07/07;1700 UTC;;997,7;998,5;997,7;2008,8;25,2;12,8;25,5;23;13,8;11,7;51;46;46;;;;
2025/07/07;1800 UTC;;997,2;997,7;997,2;1492,8;23,7;10,8;25,3;23;12,8;10,7;48;43;44;;;;
2025/07/07;1900 UTC;;997,2;997,2;997,1;964,3;23,8;12;24,3;22,9;12,6;10,7;49;44;48;;;;
2025/07/07;2000 UTC;;997,9;997,9;997,2;273,5;21;11,8;23,8;21;12;11,5;56;47;56;;;;
2025/07/07;2100 UTC;;998,6;998,6;997,9;9,8;18,3;11,5;21;18,2;12,2;11,5;65;56;65;;;;
2025/07/07;2200 UTC;;999,1;999,1;998,6;;16,7;11,3;18,2;16,7;11,9;11,2;70;65;70;;;;
2025/07/07;2300 UTC;;999,4;999,4;999,1;;16,1;11,3;17,1;16,1;12;11,2;73;70;73;;;;
2025/07/08;0000 UTC;;999,9;999,9;999,4;;16,4;11,9;16,5;16;12;11,3;75;73;75;;;;
2025/07/08;0100 UTC;;1000,1;1000,1;999,9;;16,2;12,2;16,4;16;12,2;11,7;77;75;77;;;;
2025/07/08;0200 UTC;;1000,1;1000,2;1000,1;;16;12,1;16,4;15,9;12,4;11,9;78;77;78;;;;
2025/07/08;0300 UTC;;1000;1000,2;1000;;15,2;11,7;16;15,2;12,1;11,6;79;78;79;;;;
2025/07/08;0400 UTC;;999,6;1000;999,6;;14,4;11,1;15,3;14,4;11,8;11,1;81;79;81;;;;
2025/07/08;0500 UTC;;999;999,6;999;;14,4;11,4;14,6;14,2;11,5;10,9;82;81;82;;;;
2025/07/08;0600 UTC;;998,6;999;998,5;;14,1;11,1;14,6;14,1;11,6;11,1;82;82;82;;;;
2025/07/08;0700 UTC;;998,4;998,6;998,3;;13,9;11;14,2;13,9;11,3;11;83;82;83;;;;
2025/07/08;0800 UTC;;998,4;998,4;998,2;;14;11,2;14,2;13,7;11,4;10,9;83;83;83;;;;
2025/07/08;0900 UTC;;998,8;998,8;998,4;;12,7;10,1;14;12,6;11,2;9,9;84;83;84;;;;
2025/07/08;1000 UTC;;999;999;998,7;124;14,4;11,7;14,4;12,7;11,7;10,1;84;84;84;;;;
2025/07/08;1100 UTC;;999,5;999,5;999;747,6;16,8;13,8;16,9;14,4;13,9;11,8;84;82;82;;;;
2025/07/08;1200 UTC;;999,6;999,7;999,5;1462,7;19,3;15,6;19,3;16,8;15,7;13,7;82;79;79;;;;
2025/07/08;1300 UTC;;999,6;999,6;999,5;2033,3;21,4;16,3;21,5;19,3;16,7;15,6;79;72;73;;;;
2025/07/08;1400 UTC;;999,2;999,6;999,2;2183,5;21,8;15,1;23,8;21,3;17,3;15,1;73;66;66;;;;
2025/07/08;1500 UTC;;998,1;999,2;998,1;2393,6;24,4;16,3;24,5;21,7;17,1;14,6;67;59;61;;;;
2025/07/08;1600 UTC;;996,9;998,1;996,9;2441;24,1;14,3;24,9;23,6;16,1;14,3;61;54;54;;;;
2025/07/08;1700 UTC;;996;996,8;996;1696,3;24,5;14,5;25,4;23,8;15,4;13,9;55;53;54;;;;
2025/07/08;1800 UTC;;995,4;996;995,4;1193,7;24,5;13,7;25,7;23,8;15,3;13,5;54;50;51;;;;
2025/07/08;1900 UTC;;995,5;995,5;995,3;618,2;23,5;14;24,5;23,4;14;13,5;55;51;55;;;;
2025/07/08;2000 UTC;;996;996;995,5;256,5;21,9;13,9;23,7;21,9;14,4;13,9;61;55;61;;;;
2025/07/08;2100 UTC;;996,4;996,5;996;12,7;20,3;14,2;21,9;20,2;14,2;13,7;68;61;68;;;;
2025/07/08;2200 UTC;;997;997;996,4;;19,3;13,8;20,3;19,2;14,5;13,8;71;68;71;;;;
2025/07/08;2300 UTC;;997,6;997,6;997;;17,9;13,3;19,3;17,9;13,9;13,3;74;71;74;;;;
2025/07/09;0000 UTC;;998,1;998,1;997,6;;17,5;13,5;17,9;17,5;13,7;13,3;78;74;78;;;;
2025/07/09;0100 UTC;;998,3;998,3;998,1;;17,1;13,6;17,5;16,9;13,6;13,2;80;78;80;;;;
2025/07/09;0200 UTC;;998,2;998,4;998,2;;16,9;13,7;17,1;16,8;13,8;13,4;81;80;81;;;;
2025/07/09;0300 UTC;;997,9;998,2;997,8;;16,7;13,7;17;16,6;13,9;13,5;83;81;82;;;;
2025/07/09;0400 UTC;;997,5;997,9;997,5;;16,7;13,8;17;16,5;14,1;13,5;83;82;83;;;;
2025/07/09;0500 UTC;;997;997,5;997;;16,5;13,8;16,8;15,4;14;12,5;84;82;84;;;;
2025/07/09;0600 UTC;;996,8;997;996,8;;16,2;13,5;16,6;16,1;13,9;13,3;84;84;84;;;;
2025/07/09;0700 UTC;;996,8;996,9;996,8;;16,6;14;16,6;16;14;13,3;85;84;85;;;;
2025/07/09;0800 UTC;;996,8;996,9;996,7;;16,6;14,1;16,7;16,6;14,1;14;85;85;85;;;;
2025/07/09;0900 UTC;;997,2;997,2;996,8;;16,8;14,2;16,8;16,6;14,2;14,1;85;85;85;;;;
2025/07/09;1000 UTC;;997,9;997,9;997,2;53;17,2;14,7;17,2;16,8;14,7;14,2;85;85;85;;;;
2025/07/09;1100 UTC;;998,6;998,6;997,9;326,8;18,3;15,7;18,3;17,2;15,7;14,7;85;85;85;;;;
2025/07/09;1200 UTC;;999,2;999,2;998,6;396,5;18,6;15,8;18,8;18,3;16;15,6;85;84;84;;;;
2025/07/09;1300 UTC;;999,3;999,3;999,2;1064;20,9;17,6;20,9;18,6;17,6;15,9;84;81;81;;;;
2025/07/09;1400 UTC;;999,1;999,4;999,1;1465,2;21,6;17,7;21,9;20,6;18,1;17,1;81;78;79;;;;
2025/07/09;1500 UTC;;998,5;999,1;998,5;1859,7;22,1;17,6;22,5;21,2;18,2;17,1;80;75;76;;;;
2025/07/09;1600 UTC;;997,7;998,5;997,7;2141,8;22,8;17,3;24;21,9;18,6;17,1;76;70;71;;;;
2025/07/09;1700 UTC;;997,2;997,7;997,2;2082,1;22,7;16,9;24,2;22,1;18,7;16,7;73;69;70;;;;
2025/07/09;1800 UTC;;996,9;997,2;996,8;1508,3;22,9;17;23,4;22,7;17,6;16,7;71;69;69;;;;
2025/07/09;1900 UTC;;997,1;997,2;996,9;781,8;22,1;16,6;23;22,1;17,3;16,5;71;69;71;;;;
2025/07/09;2000 UTC;;997,6;997,6;997,2;229,4;20,9;16,4;22,3;20,9;16,9;16,4;75;71;75;;;;
2025/07/09;2100 UTC;;998,1;998,2;997,6;13,7;20,3;16,3;20,9;20,3;16,4;16,2;78;75;78;;;;
2025/07/09;2200 UTC;;998,9;998,9;998,1;;19,8;16,2;20,3;19,8;16,3;16,2;80;78;80;;;;
2025/07/09;2300 UTC;;999,5;999,5;998,9;;19,2;16;19,8;19,2;16,2;16;82;80;82;;;;
2025/07/10;0000 UTC;;999,9;999,9;999,5;;19,2;16,1;19,2;19,1;16,1;16;82;82;82;;;;
2025/07/10;0100 UTC;;1000,2;1000,2;999,9;;19,2;16,3;19,3;19,1;16,3;16,1;83;82;83;;;;
2025/07/10;0200 UTC;;1000,4;1000,4;1000,2;,1;19;16,1;19,2;19;16,3;16,1;84;83;84;;;;
2025/07/10;0300 UTC;;1000,3;1000,4;1000,3;;18,6;15,8;19;18,5;16,1;15,8;84;84;84;;;;
2025/07/10;0400 UTC;;1000;1000,3;1000;;18,4;15,7;18,6;18,4;15,8;15,7;84;84;84;;;;
2025/07/10;0500 UTC;;999,6;1000;999,6;;18,1;15,4;18,4;18;15,7;15,3;85;84;85;;;;
2025/07/10;0600 UTC;;999,3;999,6;999,2;;17,8;15,2;18,1;17,8;15,4;15,2;85;84;85;;;;
2025/07/10;0700 UTC;;999,3;999,3;999,1;;17,7;15,1;17,8;17,6;15,3;15,1;85;85;85;;;;
2025/07/10;0800 UTC;;999,2;999,3;999,1;;17,6;15;17,9;17,6;15,3;15;85;85;85;;;;
2025/07/10;0900 UTC;;999,7;999,7;999,2;;17,7;15,2;17,8;17,4;15,3;14,8;85;85;85;;;;
2025/07/10;1000 UTC;;1000,1;1000,1;999,7;51,6;17,7;15,3;17,7;17,5;15,3;15;86;85;86;;;;
2025/07/10;1100 UTC;;1000,7;1000,7;1000,1;255,1;18,3;15,8;18,3;17,7;15,8;15,3;86;85;85;;;;
2025/07/10;1200 UTC;;1001,3;1001,3;1000,7;810,4;19,4;16,7;19,5;18,3;16,9;15,8;86;84;84;;;;
2025/07/10;1300 UTC;;1001,3;1001,4;1001,3;839,5;20,3;17,3;20,3;19,4;17,4;16,5;84;82;83;;;;
2025/07/10;1400 UTC;;1001,1;1001,4;1001,1;679,1;19,2;16,6;20,7;19,2;17,6;16,5;85;82;85;;;;
2025/07/10;1500 UTC;;1000,3;1001,1;1000,3;1576;21,4;18;21,6;19,2;18,4;16,6;85;81;81;;;;
2025/07/10;1600 UTC;;999,6;1000,3;999,6;684,4;20,5;17,6;21,4;19,2;18,1;16,2;84;81;84;;;;
2025/07/10;1700 UTC;;999,1;999,6;999,1;1297,9;21,4;18,2;21,4;20,1;18,2;17;84;81;82;;;;
2025/07/10;1800 UTC;;998,7;999,1;998,6;1684,4;20,6;17;22,8;20,6;19,1;17;82;79;80;;;;
2025/07/10;1900 UTC;;998,9;998,9;998,7;591,4;20;16;20,9;19,8;17,5;16;81;78;78;;;;
2025/07/10;2000 UTC;;999,3;999,3;998,8;150,4;18,4;15;20;18,4;16;15;81;78;81;;;;
2025/07/10;2100 UTC;;999,7;999,7;999,3;7,3;18,2;15,3;18,4;17,7;15,4;14,7;84;81;84;;;;
2025/07/10;2200 UTC;;1000,3;1000,3;999,7;;18,4;15,8;18,4;18,1;15,8;15,3;85;84;84;;;;
2025/07/10;2300 UTC;;1000,8;1000,8;1000,3;;18,6;16,1;18,6;18,4;16,1;15,8;85;84;85;;;;
2025/07/11;0000 UTC;;1000,8;1001;1000,8;;18,4;15,8;18,7;18,4;16,2;15,8;86;85;85;;;;
2025/07/11;0100 UTC;;1001,1;1001,1;1000,8;,3;18,3;15,9;18,4;17,8;15,9;15,2;86;84;86;;;;
2025/07/11;0200 UTC;;1000,9;1001,1;1000,9;,2;18,3;15,9;18,3;18,2;15,9;15,9;86;86;86;;;;
2025/07/11;0300 UTC;;1000,7;1001;1000,6;;18,2;15,9;18,3;18,2;15,9;15,8;86;86;86;;;;
2025/07/11;0400 UTC;;1000,1;1000,7;1000,1;;18,1;15,8;18,3;18,1;15,9;15,8;86;86;86;;;;
2025/07/11;0500 UTC;;999,7;1000,1;999,7;;18;15,7;18,1;18;15,8;15,7;87;86;87;;;;
2025/07/11;0600 UTC;;999,2;999,7;999,2;0;17,9;15,7;18;17,9;15,8;15,7;87;87;87;;;;
2025/07/11;0700 UTC;;999,4;999,4;999,2;;17,9;15,7;18;17,9;15,8;15,6;87;87;87;;;;
2025/07/11;0800 UTC;;999,2;999,4;999,2;;17,9;15,7;18;17,9;15,7;15,7;87;87;87;;;;
2025/07/11;0900 UTC;;999,7;999,7;999,2;;17,7;15,5;17,9;17,7;15,7;15,5;87;87;87;;;;
2025/07/11;1000 UTC;;1000,2;1000,3;999,6;55,6;17,8;15,6;17,8;17,7;15,6;15,5;87;87;87;;;;
2025/07/11;1100 UTC;;1000,9;1000,9;1000,2;294,1;18,5;16,3;18,5;17,8;16,3;15,6;87;87;87;;;;
2025/07/11;1200 UTC;;1001,5;1001,5;1000,9;538,1;19,4;16,9;19,6;18,5;17,2;16,1;87;85;85;;;;
2025/07/11;1300 UTC;;1001,5;1001,6;1001,5;677,9;20,2;17,5;20,4;19,4;17,7;16,9;86;84;84;;;;
2025/07/11;1400 UTC;;1001,2;1001,6;1001,2;1240,4;22;18,7;22,3;20,2;19,2;17,7;85;81;82;;;;
2025/07/11;1500 UTC;;1000,3;1001,2;1000,3;1338,8;22,1;18,3;23,2;21,7;19,6;18,3;82;79;79;;;;
2025/07/11;1600 UTC;;999,6;1000,3;999,5;1275,6;22,2;18,2;23,9;22;19,9;18,1;80;75;78;;;;
2025/07/11;1700 UTC;;999;999,7;999;696;21,5;18,3;22,2;19,7;18,3;16,5;83;78;82;;;;
2025/07/11;1800 UTC;;998,8;999;998,7;1138,5;22,2;18,2;22,6;21,5;18,8;18,1;82;77;78;;;;
2025/07/11;1900 UTC;;998,8;998,8;998,7;731,5;21,7;17,6;22,5;21,4;18,4;17,4;79;77;78;;;;
2025/07/11;2000 UTC;;998,9;998,9;998,7;245,6;21;17,2;21,7;21;17,6;17,2;80;78;79;;;;
2025/07/11;2100 UTC;;999,3;999,3;998,9;12,5;20;16,7;21;20;17,2;16,6;81;79;81;;;;
2025/07/11;2200 UTC;;999,6;999,6;999,3;;19,1;16,2;20;19;16,7;16;83;81;83;;;;
2025/07/11;2300 UTC;;1000,1;1000,1;999,6;;19;16,3;19,1;18,7;16,3;16;84;83;84;;;;
2025/07/12;0000 UTC;;1000,4;1000,4;1000,1;;18,6;16;19,1;18,5;16,4;15,9;85;84;85;;;;
2025/07/12;0100 UTC;;1000,6;1000,6;1000,4;;18,6;16;18,6;18,3;16,1;15,7;85;85;85;;;;
2025/07/12;0200 UTC;;1000,4;1000,6;1000,4;;18,1;15,6;18,6;18;16;15,6;86;85;86;;;;
2025/07/12;0300 UTC;;1000,5;1000,5;1000,3;;18;15,7;18,1;17,8;15,7;15,3;86;86;86;;;;
2025/07/12;0400 UTC;;999,9;1000,5;999,9;;17,9;15,6;18,2;17,9;15,8;15,6;86;86;86;;;;
2025/07/12;0500 UTC;;999,3;999,9;999,3;;17,9;15,6;17,9;17,8;15,6;15,5;87;86;87;;;;
2025/07/12;0600 UTC;;999;999,3;999;;17,8;15,5;18,2;17,8;16;15,5;87;86;86;;;;
2025/07/12;0700 UTC;;998,8;999;998,7;;17,5;15,3;17,8;17,4;15,6;15,1;87;86;87;;;;
2025/07/12;0800 UTC;;998,9;999;998,8;;18,3;16,2;18,3;17,5;16,2;15,3;87;87;87;;;;
2025/07/12;0900 UTC;;999,2;999,2;998,9;;18,3;16,2;18,3;18,1;16,2;16;87;87;87;;;;
2025/07/12;1000 UTC;;999,7;999,7;999,1;44,8;18,4;16,3;18,4;18;16,3;15,9;88;87;88;;;;
2025/07/12;1100 UTC;;1000,4;1000,4;999,7;409,3;18,8;16,5;18,9;18,2;16,7;16,1;88;86;86;;;;
2025/07/12;1200 UTC;;1001,1;1001,1;1000,4;512;19,3;17;19,4;18,7;17;16,4;87;86;87;;;;
2025/07/12;1300 UTC;;1001,1;1001,2;1001,1;662,7;19;16,7;19,4;18,8;17,2;16,5;87;86;87;;;;
2025/07/12;1400 UTC;;1000,7;1001,1;1000,7;1449;21;18;21,2;19;18,5;16,7;87;83;83;;;;
2025/07/12;1500 UTC;;1000,1;1000,7;1000,1;1480,7;20,3;17,3;21,7;19,8;18,7;16,9;85;81;83;;;;
2025/07/12;1600 UTC;;999,2;1000,1;999,2;2212,4;22,7;18,7;23,3;20,3;19,7;17,1;83;77;78;;;;
2025/07/12;1700 UTC;;998,8;999,2;998,8;1208,4;22,3;17,7;23,1;21,9;19;17,5;78;75;75;;;;
2025/07/12;1800 UTC;;998,9;999;998,7;621,3;18,4;15,3;22,5;18,4;18;15,2;83;75;82;;;;
2025/07/12;1900 UTC;;998,5;998,9;998,4;485,1;20;16,8;20;18,2;16,9;15,1;83;82;82;;;;
2025/07/12;2000 UTC;;999;999;998,5;174;19,5;16,5;20,1;19,5;16,9;16,5;83;82;83;;;;
2025/07/12;2100 UTC;;998,8;999,1;998,8;6,8;19,4;16,3;19,5;19,1;16,5;16,2;84;82;82;;;;
2025/07/12;2200 UTC;;999,2;999,2;998,8;;18,6;15,7;19,5;18,6;16,3;15,7;83;82;83;;;;
2025/07/12;2300 UTC;;999,4;999,4;999,1;;18,5;15,7;18,8;18,5;15,9;15,6;84;83;84;;;;
2025/07/13;0000 UTC;;1000,1;1000,2;999,3;;17,8;15,2;18,6;17,6;15,9;14,9;85;84;85;;;;
2025/07/13;0100 UTC;;1000,1;1000,3;1000,1;;17,7;15,2;17,8;17,7;15,3;15,2;86;85;86;;;;
2025/07/13;0200 UTC;;1000,1;1000,1;1000;;17,6;15,2;17,7;17,6;15,3;15,2;86;85;86;;;;
2025/07/13;0300 UTC;;1000,3;1000,5;1000,1;,3;17,7;15,1;17,9;17,6;15,3;15,1;86;85;85;;;;
2025/07/13;0400 UTC;;999,6;1000,3;999,6;1,2;17,3;15;17,7;17,3;15,2;14,9;86;85;86;;;;
2025/07/13;0500 UTC;;999,5;999,7;999,4;1,1;17,2;14,8;17,3;17,2;15;14,8;86;86;86;;;;
2025/07/13;0600 UTC;;999,2;999,6;999,2;2;17;14,6;17,3;17;14,8;14,6;86;85;86;;;;
2025/07/13;0700 UTC;;999,1;999,2;999;;17,1;14,7;17,1;16,9;14,7;14,6;86;86;86;;;;
2025/07/13;0800 UTC;;999,1;999,1;999;;17,5;15;17,5;17,1;15,1;14,7;86;85;85;;;;
2025/07/13;0900 UTC;;999,5;999,5;999,1;;17,3;14,8;17,6;17,3;15;14,8;85;85;85;;;;
2025/07/13;1000 UTC;;1000;1000;999,5;54;17,6;15;17,6;17,3;15;14,8;85;85;85;;;;
2025/07/13;1100 UTC;;1000,7;1000,7;1000;338,4;18,5;15,6;18,5;17,6;15,7;15,1;85;83;83;;;;
2025/07/13;1200 UTC;;1001,2;1001,2;1000,7;864,3;19,9;16,5;19,9;18,5;16,5;15,6;83;80;81;;;;
2025/07/13;1300 UTC;;1001,3;1001,4;1001,2;1729,7;21,5;16,9;22,1;19,9;17,9;16,4;81;75;75;;;;
2025/07/13;1400 UTC;;1001;1001,3;1001;1903,9;22,6;16,8;22,9;21,4;17,7;16,4;76;70;70;;;;
2025/07/13;1500 UTC;;1000,4;1001;1000,4;2228,1;23,2;16,5;24,1;22,4;18;16,4;70;66;66;;;;
2025/07/13;1600 UTC;;999,7;1000,4;999,7;1800,1;23,1;16,5;24,4;21,8;17,9;15,5;70;65;66;;;;
2025/07/13;1700 UTC;;999;999,7;999;1273,9;24,4;16,8;24,4;23,1;16,8;15,7;67;62;62;;;;
2025/07/13;1800 UTC;;998,6;999;998,6;1108,1;22,8;14,8;24,6;22,8;16,7;14,7;62;60;61;;;;
2025/07/13;1900 UTC;;998,5;998,6;998,3;885,3;22,3;14,8;24;22,3;15,9;14,6;63;59;63;;;;
2025/07/13;2000 UTC;;999,1;999,1;998,5;394,7;20,7;14,6;22,4;20,7;15,2;14,5;68;63;68;;;;
2025/07/13;2100 UTC;;999,3;999,3;999,1;11,8;18,8;13,8;20,7;18,8;14,5;13,8;72;68;72;;;;
2025/07/13;2200 UTC;;999,6;999,7;999,3;;18,3;13,9;18,8;18;14;13,5;76;72;75;;;;
2025/07/13;2300 UTC;;1000;1000;999,6;;18;13,5;18,3;17,9;13,8;13,4;76;75;75;;;;
2025/07/14;0000 UTC;;1000,3;1000,3;1000;;17,2;13;18,1;17,2;13,6;13;76;75;76;;;;
2025/07/14;0100 UTC;;1000,7;1000,8;1000,3;;16,1;12,3;17,5;16;13,3;12,1;78;76;78;;;;
2025/07/14;0200 UTC;;1000,8;1000,8;1000,6;;16,4;12,7;16,6;16,1;12,8;12,4;79;78;79;;;;
2025/07/14;0300 UTC;;1000,6;1000,8;1000,6;;16;12,5;16,4;15,9;12,8;12,3;80;79;80;;;;
2025/07/14;0400 UTC;;1000,5;1000,7;1000,5;;15,6;12,2;16;15,5;12,5;12,1;80;80;80;;;;
2025/07/14;0500 UTC;;1000,2;1000,5;1000,2;;14,5;11,4;15,6;14,5;12,2;11,4;82;80;82;;;;
2025/07/14;0600 UTC;;1000;1000,2;1000;;14,6;11,7;14,7;14,1;11,7;11,1;83;82;83;;;;
2025/07/14;0700 UTC;;999,8;1000;999,8;;14,4;11,5;14,9;14,3;12;11,4;83;82;83;;;;
2025/07/14;0800 UTC;;999,7;999,8;999,6;;14,1;11,4;14,4;14;11,6;11,2;84;83;84;;;;
2025/07/14;0900 UTC;;999,9;999,9;999,6;;13,7;11,1;14,1;13,6;11,4;10,9;84;84;84;;;;
2025/07/14;1000 UTC;;1000,3;1000,3;999,8;143,4;14,6;12;14,6;13,7;12;11,1;85;84;85;;;;
2025/07/14;1100 UTC;;1000,7;1000,7;1000,2;761,7;16,8;13,9;16,9;14,6;14,1;12;85;83;83;;;;
2025/07/14;1200 UTC;;1001;1001,1;1000,7;1494,1;19,6;15,7;19,8;16,8;16,2;14,1;84;78;78;;;;
2025/07/14;1300 UTC;;1001,3;1001,3;1001;1967,7;21,5;16,6;21,9;19,5;17,1;15,6;79;74;74;;;;
2025/07/14;1400 UTC;;1000,8;1001,3;1000,8;2443,6;22,6;16,3;23,3;21,3;17,7;15,8;74;67;67;;;;
2025/07/14;1500 UTC;;1000;1000,8;1000;2734,6;23,3;15,7;24,7;22,6;17,5;15,6;68;62;62;;;;
2025/07/14;1600 UTC;;999,1;1000;999,1;2521,2;24,5;15,6;25,3;23,3;17,3;15,2;63;57;58;;;;
2025/07/14;1700 UTC;;998,3;999,1;998,3;2221,1;24,9;14,7;25,6;24,6;16,2;14,6;58;53;53;;;;
2025/07/14;1800 UTC;;997,9;998,3;997,9;1306,5;24,9;14,3;25,3;24,6;15,2;14;54;51;52;;;;
2025/07/14;1900 UTC;;997,7;997,9;997,7;929,1;24,9;13,9;25,4;24,4;14,7;13,4;52;50;51;;;;
2025/07/14;2000 UTC;;997,8;997,8;997,6;537,9;22,3;13,4;25,1;22,3;14,2;13,4;57;51;57;;;;
2025/07/14;2100 UTC;;998;998;997,7;20,4;20;14,2;22,3;20;14,4;13,2;69;57;69;;;;
2025/07/14;2200 UTC;;998,5;998,5;998;;18,6;14,1;20;18,4;14,1;13,8;75;69;75;;;;
2025/07/14;2300 UTC;;999;999;998,5;;17,5;13,6;18,6;17,4;14,1;13,5;78;75;78;;;;
2025/07/15;0000 UTC;;999,5;999,5;999;;16,7;13,2;17,6;16,7;13,7;13,2;80;78;80;;;;
2025/07/15;0100 UTC;;1000,1;1000,1;999,5;;16,9;13,8;17;16,6;13,9;13,2;82;80;82;;;;
2025/07/15;0200 UTC;;999,9;1000,1;999,9;;17,4;14,4;17,4;16,7;14,4;13,7;83;82;83;;;;
2025/07/15;0300 UTC;;999,5;999,9;999,5;;17,6;14,8;17,7;17,4;14,8;14,4;83;83;83;;;;
2025/07/15;0400 UTC;;998,9;999,5;998,9;;17,5;14,8;17,7;17,5;14,9;14,7;84;83;84;;;;
2025/07/15;0500 UTC;;998,4;998,9;998,4;,1;17,3;14,6;17,6;17,2;14,9;14,5;84;84;84;;;;
2025/07/15;0600 UTC;;998;998,4;998;;17,3;14,7;17,4;17,2;14,8;14,5;85;84;85;;;;
2025/07/15;0700 UTC;;997,8;998;997,8;;17,2;14,7;17,3;17,2;14,8;14,6;85;85;85;;;;
2025/07/15;0800 UTC;;997,7;997,8;997,7;;17,6;15,1;17,6;17,2;15,1;14,7;85;85;85;;;;
2025/07/15;0900 UTC;;998;998;997,7;,1;17,7;15,3;17,7;17,5;15,3;15;86;85;86;;;;
2025/07/15;1000 UTC;;998,4;998,4;998;36,1;17,9;15,5;17,9;17,7;15,5;15,3;86;86;86;;;;
2025/07/15;1100 UTC;;998,8;998,8;998,4;211;18,3;15,9;18,4;17,8;16,1;15,5;86;86;86;;;;
2025/07/15;1200 UTC;;999,2;999,2;998,8;537,2;19,5;16,9;19,5;18,3;17;15,9;86;85;85;;;;
2025/07/15;1300 UTC;;999,3;999,4;999,2;803,4;21;18;21;19,5;18;16,9;85;83;83;;;;
2025/07/15;1400 UTC;;998,8;999,3;998,8;1299,9;22,7;18,6;22,8;21;19,1;18;83;78;78;;;;
2025/07/15;1500 UTC;;998,2;998,8;998,2;1960,6;24,3;18,4;24,6;22,6;19,1;17,9;78;69;70;;;;
2025/07/15;1600 UTC;;997;998,2;997;2532;25,3;18,4;26;24,1;19,6;17,1;70;63;66;;;;
2025/07/15;1700 UTC;;996,2;997;996,2;1741,1;25,6;17,3;25,7;23,9;18;16,6;66;60;60;;;;
2025/07/15;1800 UTC;;995,9;996,2;995,9;1677;25,1;15,3;26,2;24,9;17,4;15,2;60;54;54;;;;
2025/07/15;1900 UTC;;995,7;996;995,7;975,5;24,8;14,9;25,7;24,7;16,1;14,9;56;54;54;;;;
2025/07/15;2000 UTC;;995,6;995,7;995,5;432,1;23;14,1;24,8;23;15;14,1;58;54;58;;;;
2025/07/15;2100 UTC;;995,6;995,6;995,5;11;20,9;13,8;23;20,9;14,1;13,4;64;58;64;;;;
2025/07/15;2200 UTC;;995,8;995,8;995,5;;18,7;14,3;21,1;18,6;14,3;13;75;64;75;;;;
2025/07/15;2300 UTC;;996,3;996,3;995,8;;18,1;14,6;19;18,1;15;14,4;80;76;80;;;;
2025/07/16;0000 UTC;;996,8;996,8;996,3;;17,9;14,9;18,1;17,7;14,9;14,5;83;80;82;;;;
2025/07/16;0100 UTC;;997;997,1;996,8;;17,7;14,9;18,2;17,6;15,2;14,5;84;82;84;;;;
2025/07/16;0200 UTC;;996,9;997,1;996,9;;18,1;15,4;18,2;17,5;15,5;14,7;85;83;85;;;;
2025/07/16;0300 UTC;;996,9;996,9;996,8;;18;15,4;18,2;17,8;15,6;15,1;85;84;85;;;;
2025/07/16;0400 UTC;;996,6;996,9;996,6;0;18,1;15,5;18,3;17,8;15,7;15,1;85;84;85;;;;
2025/07/16;0500 UTC;;996;996,6;996;;17,6;15,1;18,3;17,5;15,8;14,9;85;85;85;;;;
2025/07/16;0600 UTC;;995,7;996;995,7;;18,1;15,7;18,1;17,5;15,7;15;86;85;86;;;;
2025/07/16;0700 UTC;;995,7;995,7;995,6;;17,4;15;18,1;17,4;15,6;15;86;85;86;;;;
2025/07/16;0800 UTC;;995,9;995,9;995,7;;17,8;15,4;17,8;17,3;15,5;14,9;86;86;86;;;;
2025/07/16;0900 UTC;;996,4;996,4;995,9;;18,2;15,9;18,2;17,8;15,9;15,4;86;86;86;;;;
2025/07/16;1000 UTC;;996,9;996,9;996,4;73,3;18,4;16,1;18,5;18,2;16,2;15,9;87;86;87;;;;
2025/07/16;1100 UTC;;997,5;997,5;996,9;444,9;19,4;17,1;19,6;18,4;17,4;16,1;87;86;87;;;;
2025/07/16;1200 UTC;;998,1;998,1;997,5;1134;20,4;17,6;20,8;19,2;18;16,8;87;83;84;;;;
2025/07/16;1300 UTC;;998,1;998,2;998,1;2069,7;22;17,6;23,2;20,4;19,2;17,6;84;76;76;;;;
2025/07/16;1400 UTC;;997,6;998,1;997,6;1984;24,3;18;24,8;21,8;19,5;17,5;78;68;68;;;;
2025/07/16;1500 UTC;;996,9;997,5;996,9;2296,8;25,6;18,2;25,6;23,6;18,6;16,6;68;62;64;;;;
2025/07/16;1600 UTC;;996,1;996,9;996,1;2610,2;25,8;16,2;26,6;24,8;18,3;16,2;64;54;55;;;;
2025/07/16;1700 UTC;;995,4;996,1;995,4;1382;24,7;14,5;26,1;24,2;17;14,2;59;51;53;;;;
2025/07/16;1800 UTC;;995,1;995,4;995;1566,6;24,9;13;27;24,7;15,3;12,9;54;44;48;;;;
2025/07/16;1900 UTC;;995,3;995,3;995,1;969,8;25;13,5;25,6;24,2;14,4;13;51;48;49;;;;
2025/07/16;2000 UTC;;995,6;995,6;995,3;287,5;22,5;12,8;25;22,5;13,4;12,3;54;48;54;;;;
2025/07/16;2100 UTC;;996;996;995,6;17,4;19,8;12;22,5;19,8;12,8;11,6;61;54;61;;;;
2025/07/16;2200 UTC;;996,3;996,3;996;;18,3;13;19,8;18,2;13,1;11,9;71;61;71;;;;
2025/07/16;2300 UTC;;996,8;996,8;996,3;;17,3;13,1;18,3;17,3;13,4;12,9;76;71;76;;;;
2025/07/17;0000 UTC;;997,3;997,3;996,8;;17,1;13,4;17,5;17,1;13,5;13,2;79;76;79;;;;
2025/07/17;0100 UTC;;997,6;997,6;997,3;;17,4;14;17,4;17;14;13,4;81;79;81;;;;
2025/07/17;0200 UTC;;997,8;997,8;997,5;;17,6;14,5;17,7;17,3;14,5;14;82;81;82;;;;
2025/07/17;0300 UTC;;997,5;997,8;997,5;;17,2;14,2;17,8;17,2;14,7;14,2;82;82;82;;;;
2025/07/17;0400 UTC;;997,1;997,5;997,1;,3;18,3;15,5;18,3;17,1;15,5;14,1;83;82;83;;;;
2025/07/17;0500 UTC;;996,6;997,1;996,6;,7;18,2;15,4;18,3;18,1;15,6;15,3;84;83;84;;;;
2025/07/17;0600 UTC;;996,1;996,7;996,1;,1;18,2;15,6;18,3;18,2;15,6;15,5;85;84;85;;;;
2025/07/17;0700 UTC;;996,1;996,2;996,1;,5;17,9;15,4;18,2;17,9;15,6;15,4;85;85;85;;;;
2025/07/17;0800 UTC;;996,3;996,4;996,1;,4;17,9;15,4;18;17,8;15,5;15,3;85;85;85;;;;
2025/07/17;0900 UTC;;996,6;996,7;996,3;;17,9;15,5;18;17,8;15,5;15,4;86;85;86;;;;
2025/07/17;1000 UTC;;996,9;996,9;996,6;60,4;18;15,5;18;17,9;15,6;15,5;86;86;86;;;;
2025/07/17;1100 UTC;;997,6;997,6;996,9;690,5;19,7;16,9;19,7;17,9;17,1;15,5;86;83;84;;;;
2025/07/17;1200 UTC;;998,2;998,2;997,6;1195,1;21,9;18,5;21,9;19,3;18,5;16,4;84;81;81;;;;
2025/07/17;1300 UTC;;998;998,2;998;1732,3;21,8;17,2;23,3;21;19,1;17,2;81;74;75;;;;
2025/07/17;1400 UTC;;997,2;998;997,2;2286,9;24;17,3;24,2;21,7;18,6;16,3;75;66;66;;;;
2025/07/17;1500 UTC;;996,4;997,2;996,4;2506,3;23,3;15,3;26;23,3;17,6;15,1;66;58;61;;;;
2025/07/17;1600 UTC;;995,4;996,4;995,4;2300,6;24,8;14,6;26,2;23,3;17;13,8;62;51;53;;;;
2025/07/17;1700 UTC;;994,7;995,4;994,7;1366,2;25,3;14,5;25,6;24,5;15,1;14,2;54;50;51;;;;
2025/07/17;1800 UTC;;994,5;994,8;994,4;1094,7;24,7;13,6;25,2;24,6;14,7;13,6;53;50;50;;;;
2025/07/17;1900 UTC;;994,5;994,5;994,4;869,7;24,4;12,8;25,4;24,4;14;12,7;51;47;48;;;;
2025/07/17;2000 UTC;;994,7;994,7;994,5;284,6;22,7;13,3;24,4;22,7;13,5;12,5;55;48;55;;;;
2025/07/17;2100 UTC;;995,1;995,1;994,7;15,3;20,4;13,5;22,7;20,4;13,6;12,9;65;55;65;;;;
2025/07/17;2200 UTC;;995,8;995,8;995,1;;20,3;14,6;20,5;20,2;14,6;13,5;70;65;70;;;;
2025/07/17;2300 UTC;;996,2;996,2;995,8;;19,9;14,9;20,3;19,9;14,9;14,6;73;70;73;;;;
2025/07/18;0000 UTC;;996,6;996,6;996,2;;19,6;15,3;19,9;19,6;15,3;14,9;76;73;76;;;;
2025/07/18;0100 UTC;;996,5;996,6;996,5;;19,2;15,4;19,6;19,2;15,4;15,3;79;76;79;;;;
2025/07/18;0200 UTC;;996,4;996,6;996,3;;19,5;15,6;19,5;19;15,8;15,4;80;78;78;;;;
2025/07/18;0300 UTC;;996,1;996,4;996,1;;19,6;15,5;19,6;19,2;15,7;15,3;78;77;77;;;;
2025/07/18;0400 UTC;;995,8;996,1;995,8;;19,4;15,3;19,6;19;15,5;15,2;78;77;78;;;;
2025/07/18;0500 UTC;;995,2;995,8;995,2;;18,8;15;19,4;18,8;15,4;15;79;77;79;;;;
2025/07/18;0600 UTC;;994,9;995,3;994,9;;18,3;14,7;18,8;18,3;15,1;14,7;80;79;80;;;;
2025/07/18;0700 UTC;;994,7;994,9;994,6;;18,5;15,1;18,5;18,2;15,1;14,7;81;80;80;;;;
2025/07/18;0800 UTC;;994,9;994,9;994,6;;17,9;14,7;18,6;17,9;15,1;14,6;82;80;82;;;;
2025/07/18;0900 UTC;;995,5;995,6;994,9;;17,7;14,6;18,1;17,6;14,9;14,5;82;82;82;;;;
2025/07/18;1000 UTC;;996;996;995,5;120,8;18,5;15,5;18,6;17,3;15,8;14,3;84;82;83;;;;
2025/07/18;1100 UTC;;996,2;996,4;996;673,2;20,8;17,4;20,8;18,5;17,5;15,5;83;81;81;;;;
2025/07/18;1200 UTC;;996,6;996,6;996,2;1431,2;22,9;18,6;23;20,8;18,6;17,3;81;76;77;;;;
2025/07/18;1300 UTC;;996,4;996,7;996,4;2080;24,6;18,1;24,7;22,9;18,9;17,8;77;66;67;;;;
2025/07/18;1400 UTC;;995,8;996,4;995,8;2474,1;26;17,2;26,4;24,7;18,8;17;67;58;59;;;;
2025/07/18;1500 UTC;;995,1;995,8;995,1;2233;25,7;16,1;27,2;25,7;17,5;15,7;59;53;55;;;;
2025/07/18;1600 UTC;;994,2;995,1;994,2;2335,5;27,9;15,7;28;25,7;17,3;15,3;56;47;47;;;;
2025/07/18;1700 UTC;;993,5;994,2;993,5;2314,2;28;14,1;28,3;26,9;15,9;13,9;47;42;43;;;;
2025/07/18;1800 UTC;;993,2;993,6;993,2;1937,7;28,8;13,8;28,8;27,9;14,7;12,9;44;39;40;;;;
2025/07/18;1900 UTC;;992,9;993,2;992,9;1250;27,3;12,6;28,8;27,3;13,5;12,3;41;38;40;;;;
2025/07/18;2000 UTC;;993,3;993,3;992,9;398,1;24,3;13,7;27,3;24,3;13,9;12,7;51;40;51;;;;
2025/07/18;2100 UTC;;993,8;993,8;993,3;16,1;21,3;14;24,3;21,3;14;13,6;63;52;63;;;;
2025/07/18;2200 UTC;;994,1;994,1;993,8;;20,2;14,5;21,3;20,2;14,5;13,9;70;63;70;;;;
2025/07/18;2300 UTC;;994,6;994,6;994;;20,8;15,8;21,1;20,2;15,8;14,5;73;70;73;;;;
2025/07/19;0000 UTC;;994,9;994,9;994,6;;20,2;15,7;20,9;20,2;15,9;15,6;75;73;75;;;;
2025/07/19;0100 UTC;;995,4;995,4;995;;20,4;16,4;20,4;19,9;16,4;15,7;78;76;78;;;;
2025/07/19;0200 UTC;;995,4;995,5;995,3;;19,8;16,2;20,4;19,7;16,6;16,1;80;78;80;;;;
2025/07/19;0300 UTC;;995,3;995,5;995,2;;19,4;16;19,8;19,4;16,4;15,9;81;80;81;;;;
2025/07/19;0400 UTC;;995,3;995,4;995,3;;19;15,7;19,5;19;16,2;15,7;82;81;81;;;;
2025/07/19;0500 UTC;;995,1;995,3;995,1;;18,7;15,7;19;18,2;15,7;15,1;83;81;82;;;;
2025/07/19;0600 UTC;;994,8;995,1;994,8;;18,7;15,7;19,1;18,6;15,9;15,5;83;82;82;;;;
2025/07/19;0700 UTC;;994,9;995;994,7;;19;16;19,2;18,5;16,1;15,4;83;82;82;;;;
2025/07/19;0800 UTC;;995,1;995,1;994,9;;19,1;15,9;19,3;19;16,1;15,8;82;81;82;;;;
2025/07/19;0900 UTC;;995,3;995,3;995,1;;18,4;15,2;19,2;18,4;16;15,2;82;81;82;;;;
2025/07/19;1000 UTC;;995,7;995,7;995,3;218,1;19;15,9;19;18;15,9;14,9;82;82;82;;;;
2025/07/19;1100 UTC;;996,5;996,5;995,7;563,3;20,1;17;20,1;19;17;15,9;83;82;82;;;;
2025/07/19;1200 UTC;;996,9;996,9;996,5;1391,6;22,9;18,9;22,9;20,1;18,9;17;82;78;78;;;;
2025/07/19;1300 UTC;;996,6;996,9;996,6;2067,3;25,5;19,3;25,6;22,8;19,8;18,6;78;68;68;;;;
2025/07/19;1400 UTC;;996;996,6;996;2405,6;26,7;18,7;27,1;25,1;19,5;18,3;69;61;61;;;;
2025/07/19;1500 UTC;;995;996;995;2639,1;28,3;18,2;28,3;26,7;18,9;17,6;61;54;54;;;;
2025/07/19;1600 UTC;;994,1;995;994,1;2676,6;29,1;17,4;29,1;27,8;18,1;16,8;54;49;49;;;;
2025/07/19;1700 UTC;;993,5;994,1;993,5;2231,5;29,1;16,4;29,5;27,7;17,6;15,8;50;46;46;;;;
2025/07/19;1800 UTC;;993;993,5;992,9;1707,8;28,7;15,6;29,9;28;16,5;14,8;47;43;45;;;;
2025/07/19;1900 UTC;;993,3;993,3;992,9;1367,2;27,1;14,9;29,3;27,1;16,2;14,8;47;43;47;;;;
2025/07/19;2000 UTC;;993,7;993,7;993,3;433,1;25,3;14,9;27,3;25,3;15,4;14,6;53;47;53;;;;
2025/07/19;2100 UTC;;993,9;993,9;993,6;20,3;22,7;15,3;25,3;22,7;15,5;14,9;63;53;63;;;;
2025/07/19;2200 UTC;;994,6;994,6;993,9;;22,1;17,1;22,9;22,1;17,1;15,3;73;63;73;;;;
2025/07/19;2300 UTC;;995,5;995,5;994,6;;20,9;17;22,1;20,9;17;16,9;78;73;78;;;;
2025/07/20;0000 UTC;;995,8;995,8;995,5;;20,3;17;20,9;20,3;17,1;16,9;81;78;81;;;;
2025/07/20;0100 UTC;;996,2;996,3;995,8;;20,7;17,7;20,7;20,3;17,7;17;83;81;83;;;;
2025/07/20;0200 UTC;;996,5;996,5;996,2;;20,7;17,8;20,8;20,6;17,9;17,7;83;83;83;;;;
2025/07/20;0300 UTC;;996,5;996,5;996,4;,3;19,9;17;20,8;19,9;17,9;17;84;83;83;;;;
2025/07/20;0400 UTC;;996,1;996,5;996,1;,6;19,6;16,8;19,9;19,6;17;16,8;84;83;84;;;;
2025/07/20;0500 UTC;;995,8;996,1;995,8;1,1;19,4;16,5;19,6;19,4;16,8;16,5;84;84;84;;;;
2025/07/20;0600 UTC;;995,6;995,8;995,6;;19,2;16,4;19,4;19,2;16,6;16,4;84;84;84;;;;
2025/07/20;0700 UTC;;995,7;995,7;995,5;;19;16,2;19,2;19;16,4;16,2;84;84;84;;;;
2025/07/20;0800 UTC;;996;996;995,7;;18,9;16,1;19,1;18,9;16,2;16,1;84;84;84;;;;
2025/07/20;0900 UTC;;996,3;996,3;995,9;;18,7;15,9;18,9;18,7;16,1;15,9;84;84;84;;;;
2025/07/20;1000 UTC;;996,8;996,8;996,3;62,4;18,8;16;18,8;18,7;16;15,9;84;83;83;;;;
2025/07/20;1100 UTC;;997,6;997,6;996,8;235,4;19,2;16;19,3;18,8;16,2;15,8;84;82;82;;;;
2025/07/20;1200 UTC;;998,2;998,2;997,6;503,4;20,2;16,4;20,4;19,2;16,8;16;82;79;79;;;;
2025/07/20;1300 UTC;;998;998,2;997,9;1728,6;22,1;16,8;22,9;20,2;18;16,4;79;72;72;;;;
2025/07/20;1400 UTC;;997,5;998;997,4;1578,9;23,4;17,5;24,1;22;18,1;16,6;72;68;70;;;;
2025/07/20;1500 UTC;;997,1;997,5;997;852,5;22,8;16,8;23,4;22,5;17,4;16,6;70;69;69;;;;
2025/07/20;1600 UTC;;996;997,1;996;1266,5;23,1;16,8;24,4;22,5;18,1;16,5;69;67;68;;;;
2025/07/20;1700 UTC;;995,4;996,1;995,4;1013,2;23,9;17,1;24,2;23,1;17,6;16,8;68;66;66;;;;
2025/07/20;1800 UTC;;994,9;995,4;994,9;933,6;23,8;16,9;24,1;23,5;17,4;16,8;67;65;65;;;;
2025/07/20;1900 UTC;;994,9;994,9;994,8;926,9;23,4;16,5;24,5;23,4;17,5;16,4;66;64;65;;;;
2025/07/20;2000 UTC;;995,2;995,2;994,9;363,4;21,9;16;23,5;21,9;16,8;16;69;65;69;;;;
2025/07/20;2100 UTC;;995,7;995,7;995,2;15,1;20,5;15,9;21,9;20,3;16,1;15,5;75;69;75;;;;
2025/07/20;2200 UTC;;995,9;995,9;995,7;;19,5;15,6;20,6;19,5;16,1;15,6;78;75;78;;;;
2025/07/20;2300 UTC;;996,4;996,4;995,9;;19,5;15,9;19,7;19,2;15,9;15,5;80;78;80;;;;
2025/07/21;0000 UTC;;996,9;996,9;996,4;;19,6;16,2;19,6;19,3;16,2;15,8;81;80;81;;;;
2025/07/21;0100 UTC;;997;997;996,8;;19,3;16,1;19,6;19,3;16,2;16;81;81;81;;;;
2025/07/21;0200 UTC;;997,2;997,3;997;;18,9;15,7;19,4;18,9;16,1;15,7;82;81;82;;;;
2025/07/21;0300 UTC;;997,1;997,3;997,1;;18,8;15,6;19;18,8;15,8;15,6;82;82;82;;;;
2025/07/21;0400 UTC;;996,4;997,1;996,4;;18,5;15,4;18,8;18,5;15,7;15,4;82;82;82;;;;
2025/07/21;0500 UTC;;995,5;996,4;995,5;;18,2;15,2;18,5;18,1;15,4;15,2;83;82;83;;;;
2025/07/21;0600 UTC;;995,4;995,5;995,3;;18,3;15,3;18,3;18,1;15,3;15,1;83;83;83;;;;
2025/07/21;0700 UTC;;995,5;995,5;995,3;;18,2;15,3;18,4;18,1;15,4;15,2;83;83;83;;;;
2025/07/21;0800 UTC;;995,5;995,7;995,5;;18;15,1;18,2;18;15,3;15,1;83;83;83;;;;
2025/07/21;0900 UTC;;995,9;995,9;995,5;;17,2;14,4;18;17,2;15,1;14,4;84;83;84;;;;
2025/07/21;1000 UTC;;996,5;996,5;995,9;109,2;17,5;14,7;17,6;17;14,9;14,2;84;84;84;;;;
2025/07/21;1100 UTC;;997,1;997,1;996,5;725,7;20;16,9;20;17,5;16,9;14,8;84;82;82;;;;
2025/07/21;1200 UTC;;997,7;997,7;997,1;1476,1;21,2;17,3;21,4;19,7;17,4;16,3;82;77;78;;;;
2025/07/21;1300 UTC;;997,6;997,7;997,5;1921,3;22,9;17,6;23,4;21,3;18,5;17,2;78;72;72;;;;
2025/07/21;1400 UTC;;996,9;997,6;996,9;2008,5;23,8;17,3;24,4;22,3;18,5;16,4;72;65;67;;;;
2025/07/21;1500 UTC;;996;996,9;996;2234,9;24,6;15,7;25,5;23,5;18;15,7;67;58;58;;;;
2025/07/21;1600 UTC;;995,2;996,1;995,2;1489,1;24,4;15,1;26;24,1;16,8;14,9;59;54;56;;;;
2025/07/21;1700 UTC;;994,4;995,2;994,4;1082,8;25,7;15,6;25,8;24,2;16;14,9;58;54;54;;;;
2025/07/21;1800 UTC;;994,1;994,5;994,1;922,3;25,6;15,3;25,9;24,3;15,9;14,6;56;53;53;;;;
2025/07/21;1900 UTC;;993,9;994,1;993,9;963,1;24,3;13,9;25,9;24,3;15,5;13,9;54;52;52;;;;
2025/07/21;2000 UTC;;994,2;994,2;993,9;363,4;22,8;14,1;24,5;22,8;14,6;13,7;58;52;58;;;;
2025/07/21;2100 UTC;;994,4;994,4;994,2;21,1;19,6;13,2;22,8;19,6;14,1;13,2;67;58;67;;;;
2025/07/21;2200 UTC;;995;995;994,4;;18,9;13,8;19,7;18,9;14;13,2;72;67;72;;;;
2025/07/21;2300 UTC;;995,4;995,4;995;;18,4;14,2;19,1;18,4;14,6;13,8;76;72;76;;;;
2025/07/22;0000 UTC;;995,8;995,8;995,4;;17,6;14,1;18,4;17,5;14,4;14;80;77;80;;;;
2025/07/22;0100 UTC;;996;996,1;995,8;;17,6;14,3;17,8;17,5;14,6;14,1;82;80;81;;;;
2025/07/22;0200 UTC;;995,9;996,1;995,8;;17,5;14,5;17,8;17,4;14,8;14,1;83;81;82;;;;
2025/07/22;0300 UTC;;995,7;995,9;995,6;;17,3;14,4;18;17,3;15;14,3;84;82;83;;;;
2025/07/22;0400 UTC;;995,2;995,7;995,2;;16,2;13,4;17,4;16,2;14,7;13,4;84;83;84;;;;
2025/07/22;0500 UTC;;994,7;995,2;994,7;;17,2;14,7;17,4;16,2;14,8;13,4;85;84;85;;;;
2025/07/22;0600 UTC;;994,3;994,7;994,3;,1;16,6;14,2;17,2;16,6;14,5;14;85;85;85;;;;
2025/07/22;0700 UTC;;994,4;994,4;994,2;;16,3;13,9;16,6;16,1;14,1;13,7;86;85;86;;;;
2025/07/22;0800 UTC;;994,6;994,6;994,4;;16,7;14,3;16,7;16,3;14,3;13,9;86;86;86;;;;
2025/07/22;0900 UTC;;995,3;995,3;994,5;,5;17,1;14,9;17,1;16,6;14,9;14,3;87;86;87;;;;
2025/07/22;1000 UTC;;995,6;995,7;995,3;64,7;17,4;15,2;17,6;17,1;15,4;14,9;87;87;87;;;;
2025/07/22;1100 UTC;;996,3;996,3;995,6;328,1;18,3;16;18,3;17,4;16,1;15,3;87;87;87;;;;
2025/07/22;1200 UTC;;997,1;997,1;996,3;814,4;19;16,6;19,5;18,2;17,3;15,9;87;86;86;;;;
2025/07/22;1300 UTC;;997,1;997,2;997,1;1443,4;21,5;18,3;21,8;19;19;16,7;87;82;82;;;;
2025/07/22;1400 UTC;;996,6;997,1;996,6;2215,9;24;19,5;24;21,3;19,8;18;83;75;76;;;;
2025/07/22;1500 UTC;;995,6;996,6;995,6;2452,1;26,4;19,1;26,5;23,7;20,1;18,5;76;64;64;;;;
2025/07/22;1600 UTC;;994,8;995,6;994,8;1705,7;25,4;17,1;26,4;24,1;18,8;16,7;65;60;60;;;;
2025/07/22;1700 UTC;;993,9;994,8;993,9;2495,7;27;17,9;27,4;25,4;18,6;16,5;62;56;57;;;;
2025/07/22;1800 UTC;;993,5;993,9;993,5;1829,9;25,8;16,5;27,5;25,7;18;16,2;57;55;56;;;;
2025/07/22;1900 UTC;;993,6;993,6;993,5;1185,1;25,6;15,8;26,4;25,6;16,9;15,8;57;55;55;;;;
2025/07/22;2000 UTC;;994,2;994,2;993,6;458,3;24,2;15,4;26,4;24,2;16,7;15,4;58;54;58;;;;
2025/07/22;2100 UTC;;994,4;994,4;994,2;14,6;20,8;15,4;24,1;20,8;15,5;14,7;71;58;71;;;;
2025/07/22;2200 UTC;;995;995;994,4;;20,4;16,2;21;20,4;16,4;15,4;77;71;77;;;;
2025/07/22;2300 UTC;;995,6;995,6;995;;19,7;16,3;20,4;19,7;16,5;16,1;81;77;81;;;;
2025/07/23;0000 UTC;;996,1;996,1;995,5;;19,2;16,2;19,8;19,1;16,6;16,1;83;81;83;;;;
2025/07/23;0100 UTC;;996,2;996,3;996;;18,6;15,8;19,3;18,6;16,2;15,7;84;83;84;;;;
2025/07/23;0200 UTC;;996,2;996,3;996,2;;18,7;16;18,9;18,5;16,3;15,8;85;84;85;;;;
2025/07/23;0300 UTC;;995,9;996,2;995,9;;18,5;16,2;19,2;18,3;16,7;15,9;86;85;86;;;;
2025/07/23;0400 UTC;;995,4;995,9;995,4;;18,4;16;18,9;18,3;16,6;15,9;87;86;86;;;;
2025/07/23;0500 UTC;;995,2;995,4;995,2;;18,5;16,2;18,7;18,3;16,4;15,9;86;86;86;;;;
2025/07/23;0600 UTC;;994,9;995,2;994,9;;17,6;15,3;18,6;17,6;16,2;15,2;86;86;86;;;;
2025/07/23;0700 UTC;;994,9;994,9;994,8;;16,4;14,1;17,8;16,3;15,5;13,9;87;86;86;;;;
2025/07/23;0800 UTC;;995,2;995,2;994,9;;16,9;14,7;17,1;16,4;14,9;14,2;87;86;87;;;;
2025/07/23;0900 UTC;;995,7;995,7;995,1;;16,7;14,6;16,9;16,5;14,7;14,3;87;87;87;;;;
2025/07/23;1000 UTC;;996,4;996,4;995,7;112,7;16,8;14,7;16,9;16,6;14,8;14,5;87;87;87;;;;
2025/07/23;1100 UTC;;997;997;996,4;573,1;17,8;15,6;17,9;16,8;15,8;14,7;88;87;87;;;;
2025/07/23;1200 UTC;;997,4;997,4;997;1402,8;21,3;18,7;21,3;17,7;18,7;15,6;88;85;85;;;;
2025/07/23;1300 UTC;;997,1;997,4;997,1;1971,7;24,2;19,9;24,7;21,3;20,7;18,6;85;76;77;;;;
2025/07/23;1400 UTC;;996,6;997,1;996,6;2431,8;25,1;18,9;26,3;24,2;20,5;18,8;77;68;68;;;;
2025/07/23;1500 UTC;;995,7;996,6;995,7;1994,9;27,6;19,8;27,7;25;20;18,5;69;60;63;;;;
2025/07/23;1600 UTC;;994,8;995,7;994,8;2496,4;27,5;18,3;28,3;26,8;20;17,4;62;56;57;;;;
2025/07/23;1700 UTC;;994,2;994,8;994,2;1981,6;27,4;17,3;28,9;27;19,2;17,1;57;53;54;;;;
2025/07/23;1800 UTC;;993,8;994,2;993,7;1894,9;28,6;16,3;29,3;26,8;18,3;16,1;54;47;48;;;;
2025/07/23;1900 UTC;;993,9;993,9;993,8;1233;27,7;15,2;28,9;27,7;16,4;14,8;48;43;47;;;;
2025/07/23;2000 UTC;;994,4;994,4;993,9;473;25,2;14,9;27,7;25,2;15,2;14,8;53;46;53;;;;
2025/07/23;2100 UTC;;994,8;994,8;994,4;14,5;21,7;14,5;25,2;21,7;14,9;14,5;64;53;64;;;;
2025/07/23;2200 UTC;;995,4;995,4;994,8;;21,3;16,8;21,7;21,1;16,8;14,4;76;64;76;;;;
2025/07/23;2300 UTC;;995,6;995,6;995,4;;20,2;16,7;21,3;20,2;16,8;16,5;80;76;80;;;;
2025/07/24;0000 UTC;;996;996;995,6;;20,2;16,8;20,6;20,1;17,1;16,7;82;80;81;;;;
2025/07/24;0100 UTC;;996,2;996,2;996;;20,3;17,1;20,8;19,9;17,5;16,6;82;81;82;;;;
2025/07/24;0200 UTC;;996,1;996,3;996,1;;20,4;17,3;20,5;20,1;17,3;16,9;83;82;82;;;;
2025/07/24;0300 UTC;;996;996,1;996;;19,5;16,5;20,5;19,5;17,3;16,5;83;82;83;;;;
2025/07/24;0400 UTC;;995,6;996;995,6;;19,9;16,9;20,1;19,3;17,2;16,3;83;82;83;;;;
2025/07/24;0500 UTC;;995,2;995,6;995,2;;19,3;16,5;20;19,3;17,1;16,4;84;83;84;;;;
2025/07/24;0600 UTC;;995;995,2;995;;19,2;16,4;19,5;19,1;16,7;16,3;84;83;84;;;;
2025/07/24;0700 UTC;;995,4;995,4;995;;18,1;15,5;19,2;18,1;16,5;15,5;85;84;85;;;;
2025/07/24;0800 UTC;;996;996;995,4;;18;15,5;18,3;18;15,8;15,5;85;85;85;;;;
2025/07/24;0900 UTC;;996,6;996,6;996;;17,9;15,5;18;17,8;15,6;15,4;86;85;86;;;;
2025/07/24;1000 UTC;;997,1;997,1;996,6;82,9;18,2;15,8;18,2;17,9;15,8;15,5;86;86;86;;;;
2025/07/24;1100 UTC;;997,4;997,4;997,1;408,9;18,9;16,6;18,9;18;16,6;15,6;87;86;87;;;;
2025/07/24;1200 UTC;;997,9;997,9;997,4;989,4;20;17,7;21,1;18,6;19;16,4;88;86;87;;;;
2025/07/24;1300 UTC;;997,8;998;997,8;1910,3;23,7;20,1;24,4;20;20,9;17,8;87;79;80;;;;
2025/07/24;1400 UTC;;997,3;997,8;997,3;1944,2;25,4;20,2;25,9;23,7;21,4;19,2;81;72;73;;;;
2025/07/24;1500 UTC;;996,7;997,3;996,7;2025,7;26;18,5;26,7;25;20,1;17,9;73;63;64;;;;
2025/07/24;1600 UTC;;995,7;996,7;995,7;1689,1;26,7;18,4;27,3;25,1;19,4;17;65;59;60;;;;
2025/07/24;1700 UTC;;994,8;995,7;994,8;2390,5;27,8;17,8;28,1;26,6;18,7;16,6;60;54;55;;;;
2025/07/24;1800 UTC;;994,3;994,8;994,3;1484,6;25,7;15,5;27,7;25,7;17,7;15,5;56;52;53;;;;
2025/07/24;1900 UTC;;994,6;994,6;994,3;1068;25,2;14,8;26,9;25,2;16;14,8;54;51;53;;;;
2025/07/24;2000 UTC;;994,9;994,9;994,6;462,2;24;15,1;25,8;24;15,6;15;58;53;58;;;;
2025/07/24;2100 UTC;;995;995;994,8;17;21,4;14,8;24;21,4;15,2;14,6;66;58;66;;;;
2025/07/24;2200 UTC;;995,7;995,7;995;;19,8;15,1;21,4;19,8;15,2;14,7;74;66;74;;;;
2025/07/24;2300 UTC;;996,3;996,3;995,7;;18,5;14,8;19,9;18,5;15,2;14,7;79;74;79;;;;
2025/07/25;0000 UTC;;996,7;996,7;996,3;;19,9;16,6;19,9;18,4;16,6;14,7;81;79;81;;;;
2025/07/25;0100 UTC;;997;997;996,7;;19,7;16,5;20,1;19,7;16,9;16,5;82;81;82;;;;
2025/07/25;0200 UTC;;996,9;997;996,8;;19,1;16,3;19,7;19;16,5;16;83;82;83;;;;
2025/07/25;0300 UTC;;996,7;996,9;996,7;;19,3;16,6;19,4;19,1;16,6;16,2;84;83;84;;;;
2025/07/25;0400 UTC;;996,6;996,8;996,6;0;19,5;16,8;19,6;19,2;17;16,5;85;84;85;;;;
2025/07/25;0500 UTC;;996,2;996,6;996,2;;19,2;16,5;19,5;19,1;16,8;16,5;85;84;85;;;;
2025/07/25;0600 UTC;;995,8;996,2;995,8;;19,3;16,8;19,4;19,2;16,8;16,6;85;85;85;;;;
2025/07/25;0700 UTC;;995,9;995,9;995,6;,7;19,3;16,8;19,4;19,2;16,9;16,7;86;85;86;;;;
2025/07/25;0800 UTC;;995,8;995,9;995,7;;19,2;16,8;19,3;19,2;16,8;16,7;86;85;86;;;;
2025/07/25;0900 UTC;;996;996;995,8;;18,9;16,4;19,3;18,8;16,8;16,4;86;86;86;;;;
2025/07/25;1000 UTC;;996,2;996,3;996;49,4;18,8;16,5;18,9;18,6;16,5;16,2;86;86;86;;;;
2025/07/25;1100 UTC;;996,9;996,9;996,2;526,1;20,2;17,6;20,2;18,8;17,6;16,4;86;85;85;;;;
2025/07/25;1200 UTC;;997,6;997,6;996,9;793,3;20,9;17,7;21,1;20;18,4;17,4;85;82;82;;;;
2025/07/25;1300 UTC;;997,6;997,7;997,5;1358,6;22,7;18,8;23,2;20,9;19,5;17,9;82;78;78;;;;
2025/07/25;1400 UTC;;997,2;997,6;997,2;2005,3;25;19,3;25;22,7;19,8;18,1;78;70;70;;;;
2025/07/25;1500 UTC;;996,4;997,2;996,4;2432;25,5;18,3;27;23,8;20;17;70;62;64;;;;
2025/07/25;1600 UTC;;995,4;996,4;995,4;1975,7;26,4;17,3;26,6;24,5;18,5;16,2;64;58;58;;;;
2025/07/25;1700 UTC;;994,5;995,4;994,5;2500,4;27,4;16,1;27,8;26,4;18;15,7;58;49;50;;;;
2025/07/25;1800 UTC;;993,9;994,5;993,9;1727,5;27,5;14,4;27,9;25,9;16,1;14,2;50;45;45;;;;
2025/07/25;1900 UTC;;993,6;993,9;993,6;1314;26,2;13,6;27,5;26,1;14,3;13,2;46;44;46;;;;
2025/07/25;2000 UTC;;993,6;993,7;993,5;502,4;23,4;12,6;26,2;23,4;13,6;12,6;51;45;51;;;;
2025/07/25;2100 UTC;;993,6;993,6;993,5;14,2;20,8;12,5;23,4;20,8;12,7;12,2;59;51;59;;;;
2025/07/25;2200 UTC;;993,8;993,8;993,6;;20;12,8;20,9;19,6;12,9;12,4;64;59;64;;;;
2025/07/25;2300 UTC;;994,1;994,1;993,8;;18,9;13,6;20;18,8;14,1;12,5;72;63;72;;;;
2025/07/26;0000 UTC;;994,3;994,3;994,1;;19,8;15;19,9;18,8;15,1;13,6;74;72;73;;;;
2025/07/26;0100 UTC;;994,8;994,8;994,3;;19;15;19,9;18,2;15;14,1;78;73;78;;;;
2025/07/26;0200 UTC;;995,2;995,2;994,8;;19,1;15,4;19,4;18,3;15,7;14,6;80;78;79;;;;
2025/07/26;0300 UTC;;995,5;995,5;995,2;;17,8;14,7;19,2;17,6;15,5;14,3;82;79;82;;;;
2025/07/26;0400 UTC;;995,4;995,5;995,3;;17,2;14,3;18;17,2;14,9;14,2;83;82;83;;;;
2025/07/26;0500 UTC;;995,1;995,5;995,1;;17,1;14,4;17,3;16,7;14,5;13,8;84;83;84;;;;
2025/07/26;0600 UTC;;994,8;995,1;994,8;;16,5;13,8;17,2;16,5;14,5;13,8;85;84;84;;;;
2025/07/26;0700 UTC;;994,6;994,8;994,5;;16,9;14,4;17;16,5;14,4;13,8;85;84;85;;;;
2025/07/26;0800 UTC;;994,9;995;994,6;;16,2;13,8;16,9;15,5;14,4;12,9;86;84;85;;;;
2025/07/26;0900 UTC;;995,5;995,5;994,9;;16,6;14,2;16,6;16,2;14,2;13,8;86;85;86;;;;
2025/07/26;1000 UTC;;995,7;995,7;995,4;98,8;16,9;14,6;17;16,6;14,7;14,2;86;86;86;;;;
2025/07/26;1100 UTC;;996,5;996,5;995,7;509;18,2;15,8;18,2;16,9;15,8;14,6;87;86;86;;;;
2025/07/26;1200 UTC;;997,1;997,2;996,5;939,6;19,2;16,8;19,3;18,2;17;15,9;87;86;86;;;;
2025/07/26;1300 UTC;;997,1;997,5;997,1;1081,3;22,2;19,2;22,2;19,1;19,2;16,6;86;83;83;;;;
2025/07/26;1400 UTC;;996,6;997,1;996,5;2130,1;26,2;21,6;26,2;22,2;21,6;19,1;83;76;76;;;;
2025/07/26;1500 UTC;;995,6;996,6;995,6;1339,2;26,1;20,1;26,7;24,1;21;19,3;76;70;70;;;;
2025/07/26;1600 UTC;;994,6;995,6;994,6;2201;26,3;17,6;27,5;25,3;20,3;17,6;70;59;59;;;;
2025/07/26;1700 UTC;;993,7;994,6;993,7;1917,3;28,1;17,3;28,4;25,9;18,8;17,3;61;52;52;;;;
2025/07/26;1800 UTC;;993,4;993,7;993,4;1487,3;27,6;16,5;28,1;26,4;17,2;15,8;53;51;51;;;;
2025/07/26;1900 UTC;;993,4;993,5;993,4;1047;27,1;15,4;27,8;26,6;16,7;14,9;51;48;49;;;;
2025/07/26;2000 UTC;;993,6;993,6;993,4;312,5;23,7;16,5;27,2;23,7;16,5;14,7;64;48;64;;;;
2025/07/26;2100 UTC;;994,1;994,1;993,6;18,4;21,9;16,1;23,7;21,9;16,5;16,1;70;64;70;;;;
2025/07/26;2200 UTC;;994,6;994,6;994,1;;20,8;16;22;20,8;16,3;15,9;74;70;74;;;;
2025/07/26;2300 UTC;;995,2;995,2;994,6;;19,9;15,9;20,8;19,9;16;15,6;78;74;78;;;;
2025/07/27;0000 UTC;;995,7;995,7;995,2;;19,5;16;19,9;19,5;16,1;15,8;80;78;80;;;;
2025/07/27;0100 UTC;;996;996;995,7;;19,6;15,8;20;19,4;16,2;15,7;80;79;79;;;;
2025/07/27;0200 UTC;;996,2;996,4;996;;19,2;15,5;19,6;19,1;15,8;15,4;79;78;79;;;;
2025/07/27;0300 UTC;;996,3;996,4;996,2;;19,2;15,8;19,5;19;15,9;15,5;81;79;81;;;;
2025/07/27;0400 UTC;;996;996,3;996;;18,7;15,5;19,3;18,6;16;15,3;82;81;82;;;;
2025/07/27;0500 UTC;;995,5;996;995,5;;18,9;15,7;19,2;18,7;16;15,5;82;81;82;;;;
2025/07/27;0600 UTC;;995,2;995,5;995,2;;19;16;19;18,5;16;15,4;83;82;83;;;;
2025/07/27;0700 UTC;;995,1;995,3;995,1;;19,2;16,1;19,3;19;16,3;15,9;83;82;83;;;;
2025/07/27;0800 UTC;;995,1;995,2;995;;18,7;15,7;19,2;18,7;16,2;15,7;83;83;83;;;;
2025/07/27;0900 UTC;;995,8;995,8;995,1;;17,9;15;19;17,9;16,1;15;84;83;83;;;;
2025/07/27;1000 UTC;;996,1;996,1;995,8;172,7;20,4;17,3;20,4;17,6;17,3;14,8;84;82;82;;;;
2025/07/27;1100 UTC;;996,9;996,9;996,1;752,6;21,9;18;22,4;20,4;18,8;17,2;82;78;79;;;;
2025/07/27;1200 UTC;;997,2;997,2;996,9;1316,4;23,6;18,3;24,3;21,8;19,5;18;79;71;72;;;;
2025/07/27;1300 UTC;;997,3;997,4;997,2;1888,4;25;18,1;25,4;23,4;18,9;17,4;72;65;66;;;;
2025/07/27;1400 UTC;;996,9;997,3;996,9;2166,9;25,4;17,2;26,3;24,3;18,4;16,8;66;60;60;;;;
2025/07/27;1500 UTC;;995,8;996,9;995,8;2267;25,2;16,3;27;24,9;18,3;16,3;61;57;58;;;;
2025/07/27;1600 UTC;;994,6;995,8;994,6;2176,3;26,1;14,9;27,9;24,3;18,2;14,9;63;50;50;;;;
2025/07/27;1700 UTC;;993,7;994,6;993,7;2576,9;27;15,1;28,9;26;16,9;14,6;51;47;48;;;;
2025/07/27;1800 UTC;;993,3;993,7;993,3;1836,9;26,6;14,7;28;26,5;15,7;14,3;49;46;48;;;;
2025/07/27;1900 UTC;;993,7;993,7;993,3;549,5;25,7;15,8;26,9;24,6;16,1;14,3;56;48;54;;;;
2025/07/27;2000 UTC;;993,9;993,9;993,7;489,7;23,9;14,5;25,8;23,9;15,7;14;56;51;56;;;;
2025/07/27;2100 UTC;;994;994,1;993,8;20;22,1;14,5;23,9;22;14,9;14,5;62;56;62;;;;
2025/07/27;2200 UTC;;994,5;994,5;994;;19,8;14,5;22,1;19,7;14,5;14,1;72;62;72;;;;
2025/07/27;2300 UTC;;995;995;994,5;;18,8;14,5;19,8;18,8;14,7;14,5;76;72;76;;;;
2025/07/28;0000 UTC;;995,7;995,7;995;;18,3;14,6;18,9;18,3;14,8;14,5;79;76;79;;;;
2025/07/28;0100 UTC;;995,8;995,8;995,6;;18,3;15;18,4;17,6;15;14,2;81;79;81;;;;
2025/07/28;0200 UTC;;995,6;995,8;995,6;;19,6;16,1;19,9;18,2;16,4;14,8;82;80;80;;;;
2025/07/28;0300 UTC;;995,6;995,6;995,5;;19,9;16,2;20,2;19,4;16,5;15,8;80;79;79;;;;
2025/07/28;0400 UTC;;995,1;995,6;995,1;;19,4;15,9;20;19,4;16,3;15,8;80;79;80;;;;
2025/07/28;0500 UTC;;994,8;995,1;994,8;;18,7;15,4;19,4;18,6;15,9;15,3;82;80;82;;;;
2025/07/28;0600 UTC;;994,3;994,8;994,3;;19;15,7;19,4;18,7;16,1;15,6;82;81;81;;;;
2025/07/28;0700 UTC;;994,4;994,4;994,1;;18,9;15,6;19,3;18,9;16;15,6;82;81;81;;;;
2025/07/28;0800 UTC;;994,8;994,8;994,4;;17,7;14,6;18,9;17,7;15,7;14,6;82;81;82;;;;
2025/07/28;0900 UTC;;995,1;995,2;994,8;;17,2;14,4;17,7;17;14,7;14,1;84;82;84;;;;
2025/07/28;1000 UTC;;995,7;995,7;995,1;148,1;19;16,1;19;17,1;16,1;14,3;84;83;83;;;;
2025/07/28;1100 UTC;;996,1;996,1;995,7;802,5;21,2;17,7;21,4;18,8;18;15,7;83;80;81;;;;
2025/07/28;1200 UTC;;996,5;996,6;996,1;1561,4;23,4;18,3;23,4;21;18,8;17,5;81;73;73;;;;
2025/07/28;1300 UTC;;996,5;996,7;996,5;2167,8;25,2;17,2;25,3;23,2;18,4;17,2;73;61;61;;;;
2025/07/28;1400 UTC;;995,8;996,6;995,8;2536,6;25,9;16,6;26,4;24,9;17,8;16,4;62;56;56;;;;
2025/07/28;1500 UTC;;995;995,8;995;2554,3;27,1;16;27,7;25,8;17,8;15,4;57;50;51;;;;
2025/07/28;1600 UTC;;993,9;995;993,9;2362,3;26,9;14,9;28,2;26,3;16,7;14;52;45;48;;;;
2025/07/28;1700 UTC;;993;993,9;993;2197;27,4;14,3;28,9;26,9;15,9;13,4;48;42;44;;;;
2025/07/28;1800 UTC;;992,2;993;992,2;1828,4;28,1;13,9;28,9;27,4;15,1;13,3;45;41;42;;;;
2025/07/28;1900 UTC;;992,1;992,2;992;1291,5;27,6;12,9;28,4;27,6;13,9;12,6;42;39;40;;;;
2025/07/28;2000 UTC;;992,1;992,1;991,9;507,7;25,3;12,9;27,7;25,3;13;12,6;46;40;46;;;;
2025/07/28;2100 UTC;;992,4;992,4;992,1;18,6;22,5;12,8;25,3;22,5;13;12,6;54;46;54;;;;
2025/07/28;2200 UTC;;993;993;992,4;;21,7;13,8;23;21,5;14,4;12,8;61;54;61;;;;
2025/07/28;2300 UTC;;993,2;993,3;993;;21,1;15,4;21,8;21;15,7;13,8;70;61;70;;;;
2025/07/29;0000 UTC;;993,4;993,5;993,2;;20,7;15,8;21,1;20,1;15,9;15;73;70;73;;;;
2025/07/29;0100 UTC;;993,3;993,4;993,2;;20,7;15,9;20,8;20,5;15,9;15,7;74;73;74;;;;
2025/07/29;0200 UTC;;993,2;993,3;993,2;;20;15,4;20,7;20;15,8;15,4;75;74;75;;;;
2025/07/29;0300 UTC;;992,8;993,2;992,8;;20,2;15,6;20,3;19,9;15,7;15,4;76;75;75;;;;
2025/07/29;0400 UTC;;992,4;992,8;992,4;;19,6;15,1;20,2;19,6;15,6;15,1;75;75;75;;;;
2025/07/29;0500 UTC;;991,7;992,4;991,7;;19,2;15;19,7;19,1;15,2;14,8;77;75;77;;;;
2025/07/29;0600 UTC;;991;991,8;991;;18,9;14,8;19,4;18,9;15,3;14,8;78;77;77;;;;
2025/07/29;0700 UTC;;990,7;991;990,7;;19,1;15;19,3;18,8;15,2;14,7;78;77;77;;;;
2025/07/29;0800 UTC;;990,8;990,8;990,6;;18,5;14,4;19,2;18,5;15;14,4;77;77;77;;;;
2025/07/29;0900 UTC;;991,6;991,6;990,8;;16,9;13,4;18,5;16,7;14,3;13,1;80;77;80;;;;
2025/07/29;1000 UTC;;991,6;991,7;991,5;143,8;17,8;14,4;17,8;16,6;14,4;13,2;81;80;80;;;;
2025/07/29;1100 UTC;;992;992;991,6;765,5;21;16,9;21;17,8;16,9;14,4;81;77;77;;;;
2025/07/29;1200 UTC;;992,1;992,2;991,9;1497;23,8;17,5;23,8;21;18,4;16,9;77;68;68;;;;
2025/07/29;1300 UTC;;991,7;992,2;991,7;2073,9;25,7;17,4;25,7;23,6;17,8;17;68;60;60;;;;
2025/07/29;1400 UTC;;991,2;991,7;991,2;2459,3;27,8;17,2;27,8;25,7;17,6;16,8;60;53;53;;;;
2025/07/29;1500 UTC;;990,2;991,2;990,2;2655,3;29,2;16,2;29,7;27,5;17,5;15,8;53;46;46;;;;
2025/07/29;1600 UTC;;989,1;990,2;989,1;2606,1;30,7;15,3;30,7;29,1;16,6;15,1;46;39;39;;;;
2025/07/29;1700 UTC;;988,3;989,1;988,3;2311,6;31,2;13,5;31,6;30,7;15,3;13,2;39;34;34;;;;
2025/07/29;1800 UTC;;987,9;988,3;987,8;1804,2;31,1;12,9;31,9;31;14;12,6;35;32;33;;;;
2025/07/29;1900 UTC;;987,9;987,9;987,8;1185,2;30,1;14,3;31,4;30,1;14,3;12,8;38;32;38;;;;
2025/07/29;2000 UTC;;988,5;988,5;987,9;414,6;27;14,7;30,1;27;14,8;14,2;47;38;47;;;;
2025/07/29;2100 UTC;;989,3;989,3;988,5;15,2;25,2;15,8;27;25;15,8;14,8;56;47;56;;;;
2025/07/29;2200 UTC;;990,3;990,3;989,3;;23,6;16,5;25,3;23,6;16,5;15,8;64;56;64;;;;
2025/07/29;2300 UTC;;991,4;991,4;990,3;;22;16,8;23,6;22;16,8;16,5;72;64;72;;;;
2025/07/30;0000 UTC;;992,5;992,5;991,4;;21,4;16,8;22;21,4;16,9;16,8;75;72;75;;;;
2025/07/30;0100 UTC;;993;993,1;992,5;;21;16,6;21,4;20,9;16,8;16,6;76;75;76;;;;
2025/07/30;0200 UTC;;993,3;993,4;992,9;,6;20,6;16,1;21;20,6;16,6;16,1;77;76;76;;;;
2025/07/30;0300 UTC;;993,5;993,5;993,2;,3;20,2;15,9;20,6;20,2;16,1;15,9;76;76;76;;;;
2025/07/30;0400 UTC;;993,4;993,5;993,2;;20,1;15,8;20,3;20,1;15,9;15,8;76;76;76;;;;
2025/07/30;0500 UTC;;993,2;993,5;993,2;;19,8;15,7;20,1;19,8;15,8;15,7;77;76;77;;;;
2025/07/30;0600 UTC;;993,4;993,5;993,2;;19,4;15,5;19,8;19,4;15,7;15,5;78;77;78;;;;
2025/07/30;0700 UTC;;993,4;993,5;993,3;;18,8;15,2;19,4;18,8;15,5;15,2;80;78;80;;;;
2025/07/30;0800 UTC;;993,9;993,9;993,4;;18,7;15,3;18,8;18,5;15,3;15,1;81;80;80;;;;
2025/07/30;0900 UTC;;994,4;994,4;993,9;2,9;18,7;15,1;18,8;18,7;15,4;15,1;80;79;79;;;;
2025/07/30;1000 UTC;;995;995;994,4;40,4;18,8;15,1;18,8;18,7;15,1;15;79;79;79;;;;
2025/07/30;1100 UTC;;995,8;995,8;995;246,6;19,3;15,2;19,3;18,8;15,4;15,1;79;77;77;;;;
2025/07/30;1200 UTC;;996,6;996,6;995,8;351,6;19,6;15,1;19,7;19,2;15,4;14,9;77;75;76;;;;
2025/07/30;1300 UTC;;996,9;996,9;996,6;589,7;20,3;15,4;20,5;19,6;15,6;15,1;76;73;74;;;;
2025/07/30;1400 UTC;;996,8;997;996,8;609,1;20,7;15,3;20,8;20,1;15,6;15,1;74;71;71;;;;
2025/07/30;1500 UTC;;996,1;996,8;996,1;1109,9;21,6;15,5;21,6;20,7;15,9;15,2;72;68;69;;;;
2025/07/30;1600 UTC;;995,5;996,1;995,5;929;21,8;15,6;22,1;21,6;15,9;15,3;69;67;68;;;;
2025/07/30;1700 UTC;;995,2;995,5;995,2;367,9;21,2;15,4;21,8;21,1;15,6;15,1;69;67;69;;;;
2025/07/30;1800 UTC;;995,1;995,2;995;452,8;21,2;15,3;21,6;21,1;15,6;15,2;70;68;69;;;;
2025/07/30;1900 UTC;;995,4;995,4;995,1;234,6;20,8;15,3;21,2;20,7;15,5;15,1;71;69;71;;;;
2025/07/30;2000 UTC;;996;996;995,4;80,4;20,2;15,1;20,8;20,2;15,3;15,1;73;71;73;;;;
2025/07/30;2100 UTC;;996,5;996,5;996;3,8;19,8;15,1;20,2;19,4;15,2;14,8;75;73;75;;;;
2025/07/30;2200 UTC;;997,1;997,1;996,5;;19,5;14,7;19,8;19,5;15,1;14,7;75;74;74;;;;
2025/07/30;2300 UTC;;997,5;997,6;997,1;;19,3;14,6;19,5;19,3;14,8;14,6;74;74;74;;;;
2025/07/31;0000 UTC;;998;998;997,5;;19,2;14,5;19,3;19,1;14,6;14,5;74;74;74;;;;
2025/07/31;0100 UTC;;998,5;998,5;998;;19;14,3;19,2;19;14,5;14,3;74;74;74;;;;
2025/07/31;0200 UTC;;998,6;998,7;998,5;;18,8;14;19;18,8;14,3;14;74;74;74;;;;
2025/07/31;0300 UTC;;998,6;998,7;998,5;;18,6;13,7;18,8;18,6;14;13,7;74;73;73;;;;
2025/07/31;0400 UTC;;998,4;998,7;998,4;;18,5;13,4;18,6;18,4;13,7;13,4;73;72;72;;;;
2025/07/31;0500 UTC;;998,1;998,5;998,1;;18,3;13,3;18,5;18,3;13,4;13,3;73;72;73;;;;
2025/07/31;0600 UTC;;997,9;998,1;997,7;;18,2;13,2;18,3;18,2;13,3;13,2;73;73;73;;;;
2025/07/31;0700 UTC;;998,1;998,1;997,8;;18,4;13,2;18,4;18,1;13,3;13,2;73;72;72;;;;
2025/07/31;0800 UTC;;998,5;998,5;998,1;0;18,2;13;18,4;18,2;13,2;13;72;72;72;;;;
2025/07/31;0900 UTC;;999,3;999,3;998,5;;18,2;12,9;18,2;18,1;13;12,9;72;72;72;;;;
2025/07/31;1000 UTC;;999,6;999,6;999,2;88,4;18,3;13,1;18,3;18;13,1;12,9;72;71;71;;;;
2025/07/31;1100 UTC;;1000,3;1000,4;999,6;196;18,8;13,2;18,8;18,3;13,2;13;71;70;70;;;;
2025/07/31;1200 UTC;;1001,5;1001,5;1000,3;523,2;19,5;13,2;19,5;18,8;13,4;13,1;70;67;67;;;;
2025/07/31;1300 UTC;;1001,2;1001,5;1001,2;919,6;21,7;14,5;21,7;19,5;14,7;13,1;67;63;64;;;;
2025/07/31;1400 UTC;;1000,9;1001,2;1000,8;2446,3;22,7;14,3;23,6;21,7;15,2;13,3;64;57;59;;;;
2025/07/31;1500 UTC;;1000,5;1000,8;1000,5;824,4;22;13,6;23,2;21,9;14,6;13,5;59;57;59;;;;
2025/07/31;1600 UTC;;1000;1000,5;1000;477,3;22,1;14;22,1;21,8;14,1;13,5;61;59;60;;;;
2025/07/31;1700 UTC;;999,4;1000;999,4;837,9;22,5;14,1;22,9;22,1;14,6;13,8;60;59;59;;;;
2025/07/31;1800 UTC;;999,2;999,4;999,2;620,5;22,3;14,1;23;22,2;14,6;13,8;60;58;60;;;;
2025/07/31;1900 UTC;;999,4;999,5;999,2;294,4;22,1;14;22,5;22;14,2;13,8;61;59;60;;;;
2025/07/31;2000 UTC;;999,8;999,8;999,4;189,8;21,3;13;22,1;21,3;14;13;60;59;59;;;;
2025/07/31;2100 UTC;;1000,1;1000,1;999,8;13,5;20,2;12,9;21,3;20,2;13;12,6;63;58;63;;;;
2025/07/31;2200 UTC;;1000,9;1000,9;1000,1;;19,6;13,4;20,3;19,6;13,4;12,9;67;63;67;;;;
2025/07/31;2300 UTC;;1001,7;1001,7;1001;;19,2;13,2;19,6;19,2;13,4;13;69;67;69;;;;
2025/08/01;0000 UTC;;1002,3;1002,3;1001,7;;18,7;13,7;19,2;18,7;13,7;13,2;72;69;72;;;;
2025/08/01;0100 UTC;;1002,3;1002,3;1002,2;;18,5;14;18,8;18,5;14;13,7;75;72;75;;;;
2025/08/01;0200 UTC;;1002,6;1002,6;1002,3;;18,5;14;18,6;18,5;14,1;13,9;75;75;75;;;;
2025/08/01;0300 UTC;;1002,3;1002,6;1002,3;;18,3;13,8;18,5;18,2;14;13,8;76;75;76;;;;
2025/08/01;0400 UTC;;1001,9;1002,3;1001,9;;17,9;13,6;18,3;17,9;13,8;13,6;76;75;76;;;;
2025/08/01;0500 UTC;;1001,6;1001,9;1001,6;;17,6;13,4;17,9;17,6;13,7;13,4;77;76;77;;;;
2025/08/01;0600 UTC;;1001,2;1001,6;1001,1;;17,3;13,2;17,6;17,3;13,4;13,1;77;76;77;;;;
2025/08/01;0700 UTC;;1001,2;1001,3;1001,1;;17,1;12,9;17,4;17,1;13,2;12,9;77;76;76;;;;
2025/08/01;0800 UTC;;1001,4;1001,4;1001,2;;16,8;12,6;17,1;16,7;12,8;12,6;77;76;77;;;;
2025/08/01;0900 UTC;;1002,1;1002,1;1001,4;;16,8;12,7;17;16,7;12,8;12,6;77;76;77;;;;
2025/08/01;1000 UTC;;1002,4;1002,4;1002,1;71,6;17,2;13;17,3;16,7;13,1;12,6;77;76;76;;;;
2025/08/01;1100 UTC;;1003;1003;1002,4;340,1;18,4;13,7;18,5;17,2;13,8;13;76;74;74;;;;
2025/08/01;1200 UTC;;1003,3;1003,3;1002,9;852,9;20,1;14,5;20,1;18,4;14,5;13,6;74;70;70;;;;
2025/08/01;1300 UTC;;1003,3;1003,5;1003,3;1449;21,7;14,2;22,2;20;15,2;14;70;62;62;;;;
2025/08/01;1400 UTC;;1002,6;1003,3;1002,6;2274,5;24;15,2;24;21,5;15,2;13,2;63;56;58;;;;
2025/08/01;1500 UTC;;1002;1002,6;1002;1711,8;23,5;13,8;24,8;22,1;15,5;13;58;53;54;;;;
2025/08/01;1600 UTC;;1001,2;1002;1001,2;1218,8;22,7;12,4;25;22,4;14,2;12,2;55;50;52;;;;
2025/08/01;1700 UTC;;1000,5;1001,2;1000,5;1313,2;23,2;12;24,6;22,7;13;11,7;53;47;49;;;;
2025/08/01;1800 UTC;;1000,1;1000,5;1000,1;1233,4;23,1;11,6;24,7;22,9;13;11;51;46;48;;;;
2025/08/01;1900 UTC;;1000,1;1000,1;999,9;884,4;22,7;11,1;24,3;22,7;12,6;10,9;49;46;48;;;;
2025/08/01;2000 UTC;;1000,4;1000,4;1000,1;353,6;21;10,8;22,7;21;11,1;10,8;52;47;52;;;;
2025/08/01;2100 UTC;;1000,6;1000,6;1000,3;25,2;18,8;10,3;20,9;18,8;10,8;10,3;58;52;58;;;;
2025/08/01;2200 UTC;;1000,9;1000,9;1000,6;;18;10,8;18,8;17,8;10,8;10,2;63;58;63;;;;
2025/08/01;2300 UTC;;1001,4;1001,5;1000,9;;16,6;10,7;18;16,6;10,8;10,4;68;63;68;;;;
2025/08/02;0000 UTC;;1001,4;1001,5;1001,4;;16,7;11,7;16,7;16,3;11,7;10,6;72;68;72;;;;
2025/08/02;0100 UTC;;1001,6;1001,7;1001,4;;16,1;11,7;16,7;15,9;11,8;11,4;75;72;75;;;;
2025/08/02;0200 UTC;;1001,6;1001,7;1001,5;;15,2;11,4;16,1;15,1;11,6;11;78;75;78;;;;
2025/08/02;0300 UTC;;1001,4;1001,7;1001,4;;15;11,3;15,6;14,9;11,7;11,2;79;78;79;;;;
2025/08/02;0400 UTC;;1001,2;1001,4;1001,2;;14,3;10,8;15;13,6;11,6;9,8;81;77;80;;;;
2025/08/02;0500 UTC;;1000,9;1001,2;1000,7;;13,2;9,9;15,1;13,2;11,8;9,9;81;79;80;;;;
2025/08/02;0600 UTC;;1000,2;1000,9;1000,2;;14,1;11,1;14,4;13,2;11,3;10;82;80;82;;;;
2025/08/02;0700 UTC;;1000,2;1000,3;1000;;13,6;10,8;14,1;13,4;11;10,4;83;82;83;;;;
2025/08/02;0800 UTC;;1000,4;1000,4;1000,1;;14,2;11,4;14,3;13,6;11,4;10,8;83;83;83;;;;
2025/08/02;0900 UTC;;1000,7;1000,7;1000,3;;14,2;11,6;14,2;13,9;11,6;11,2;84;83;84;;;;
2025/08/02;1000 UTC;;1000,8;1000,9;1000,7;90,2;14,9;12,2;15;14,3;12,2;11,6;84;84;84;;;;
2025/08/02;1100 UTC;;1001,5;1001,5;1000,8;375,2;16,5;13,6;16,5;14,9;13,7;12,2;84;83;83;;;;
2025/08/02;1200 UTC;;1001,8;1001,8;1001,5;884,3;18,2;15,1;18,2;16,4;15,1;13,4;83;81;82;;;;
2025/08/02;1300 UTC;;1002,1;1002,1;1001,8;1182,1;20,4;16,4;20,6;18,2;16,7;14,9;82;78;78;;;;
2025/08/02;1400 UTC;;1001,6;1002,1;1001,6;1561,4;21,6;16,5;22,1;20,2;17,2;15,9;78;73;73;;;;
2025/08/02;1500 UTC;;1000,6;1001,6;1000,6;1859,4;22,4;16,8;23,1;19,3;17,7;15;78;71;71;;;;
2025/08/02;1600 UTC;;999,6;1000,6;999,6;1373,5;22,6;16,2;23,3;21,5;17,5;16;72;67;67;;;;
2025/08/02;1700 UTC;;999,2;999,6;999,2;999,2;20,5;16,3;22,9;20;17;15;77;67;77;;;;
2025/08/02;1800 UTC;;999;999,1;998,9;1032,5;21,2;16,2;22,2;20,6;17,4;15,9;77;72;74;;;;
2025/08/02;1900 UTC;;999,3;999,3;999;593,5;19,2;15,1;21,4;19;16,3;14,6;77;72;77;;;;
2025/08/02;2000 UTC;;999,6;999,7;999,3;201,1;19,3;15,1;19,8;19,2;15,5;15;77;76;77;;;;
2025/08/02;2100 UTC;;999,4;999,7;999,4;10,8;19,2;15,2;19,3;18,5;15,2;14,7;79;77;78;;;;
2025/08/02;2200 UTC;;999,8;999,8;999,4;,6;18,9;14,9;19,2;18,8;15,1;14,8;78;77;78;;;;
2025/08/02;2300 UTC;;1000,2;1000,2;999,8;0;17,9;14,2;19,1;17,9;15;14,2;79;77;79;;;;
2025/08/03;0000 UTC;;1000,3;1000,3;1000,2;;17,4;14;18;17,4;14,4;14;81;79;81;;;;
2025/08/03;0100 UTC;;1000,3;1000,4;1000,2;;17;14;17,6;17;14,4;13,9;83;81;83;;;;
2025/08/03;0200 UTC;;1000,2;1000,3;1000,2;;17;14,2;17,2;16,8;14,3;14;84;83;84;;;;
2025/08/03;0300 UTC;;1000,1;1000,2;1000;;16,5;13,8;17;16,4;14,2;13,7;84;83;84;;;;
2025/08/03;0400 UTC;;999,7;1000,1;999,7;;15,6;13;16,7;15,6;14,1;13;85;84;85;;;;
2025/08/03;0500 UTC;;999,1;999,7;999,1;;14,9;12,5;15,8;14,5;13,2;11,9;86;84;85;;;;
2025/08/03;0600 UTC;;998,4;999,1;998,4;;14,8;12,4;14,9;13,9;12,5;11,4;86;85;86;;;;
2025/08/03;0700 UTC;;998,3;998,5;998,2;;14,9;12,4;15,3;14,6;13;12,2;86;85;86;;;;
2025/08/03;0800 UTC;;998,8;998,8;998,2;;15,4;13,1;15,4;14,8;13,1;12,4;86;86;86;;;;
2025/08/03;0900 UTC;;999;999;998,7;;15,4;13,1;15,5;14,9;13,2;12,5;86;86;86;;;;
2025/08/03;1000 UTC;;999,6;999,6;999;64,4;16;13,7;16;15,4;13,7;13,1;86;86;86;;;;
2025/08/03;1100 UTC;;1000,1;1000,1;999,5;678,3;17,8;15,4;18;16;15,6;13,7;87;86;86;;;;
2025/08/03;1200 UTC;;1000;1000,2;1000;939,7;19,1;16,4;19,2;17,8;16,6;15,4;86;84;84;;;;
2025/08/03;1300 UTC;;1000,2;1000,3;1000;793,3;20,4;17,5;20,4;19,1;17,7;16,4;85;83;84;;;;
2025/08/03;1400 UTC;;999,9;1000,2;999,9;1362,9;20,4;17,7;20,7;19,5;17,8;16,6;85;82;84;;;;
2025/08/03;1500 UTC;;998,9;999,9;998,9;2186,9;22,4;19,1;22,4;20;19,3;17,2;85;80;81;;;;
2025/08/03;1600 UTC;;997,6;998,9;997,6;1842,5;23,3;19;24;21,5;19,8;17,9;81;76;77;;;;
2025/08/03;1700 UTC;;997,1;997,6;997,1;1266,2;21;17,4;23,8;20,5;19,3;16,2;80;73;80;;;;
2025/08/03;1800 UTC;;997;997,1;997;637,2;20,7;17,5;21;20,1;17,5;17;83;80;82;;;;
2025/08/03;1900 UTC;;997,1;997,1;996,9;635,8;21,3;17,4;21,6;20,7;18;17,4;82;78;78;;;;
2025/08/03;2000 UTC;;997,7;997,7;997,1;176,7;18,7;15,8;21,4;18,5;17,6;15,4;83;76;83;;;;
2025/08/03;2100 UTC;;997,9;997,9;997,7;21,6;18,9;16,1;18,9;18,6;16,1;15,8;84;83;84;;;;
2025/08/03;2200 UTC;;998,1;998,2;997,9;;18,9;16,2;19,1;18,8;16,3;16;84;84;84;;;;
2025/08/03;2300 UTC;;999;999;998,1;;19;16,3;19;18,6;16,3;16;85;84;84;;;;
2025/08/04;0000 UTC;;999,5;999,5;999;;18,7;16,1;19;18,7;16,3;16;85;84;85;;;;
2025/08/04;0100 UTC;;999,6;999,7;999,5;;18,7;16,1;18,8;18,6;16,2;16;85;85;85;;;;
2025/08/04;0200 UTC;;999,5;999,7;999,4;;18,6;16,2;18,7;18,3;16,2;15,8;86;85;86;;;;
2025/08/04;0300 UTC;;999,2;999,6;999,2;;18,2;15,8;18,6;18,2;16,2;15,7;86;86;86;;;;
2025/08/04;0400 UTC;;998,5;999,2;998,5;;18;15,7;18,4;17,8;16;15,4;86;86;86;;;;
2025/08/04;0500 UTC;;997,9;998,5;997,9;;17,7;15,5;18,1;17,6;15,7;15,3;86;86;86;;;;
2025/08/04;0600 UTC;;997,6;997,9;997,5;;17,7;15,2;18,2;17,7;15,8;15,2;87;85;86;;;;
2025/08/04;0700 UTC;;997,2;997,6;997,2;;17;14,8;17,7;17;15,2;14,7;87;86;87;;;;
2025/08/04;0800 UTC;;997,3;997,3;997,1;;16,6;14,4;17,3;16,4;15,1;14,1;87;86;87;;;;
2025/08/04;0900 UTC;;997,2;997,7;997,2;;16,2;14;16,9;15,9;14,7;13,7;88;87;87;;;;
2025/08/04;1000 UTC;;998;998;997,2;184;17,1;15,1;17,1;14,9;15,1;12,6;88;85;88;;;;
2025/08/04;1100 UTC;;998,5;998,5;998;891,2;19,8;17,2;19,8;16,8;17,2;14,6;88;85;85;;;;
2025/08/04;1200 UTC;;999,1;999,2;998,5;1673,6;22,7;19,1;22,7;19,6;19,1;16,9;85;80;80;;;;
2025/08/04;1300 UTC;;999,6;999,7;999,1;2097,9;23,8;18,2;24,5;22,2;19,6;17,7;81;69;71;;;;
2025/08/04;1400 UTC;;999,2;999,6;999,2;1629,4;24;17,1;24,4;23,4;18,4;17;71;65;65;;;;
2025/08/04;1500 UTC;;998,3;999,2;998,3;2039,7;25,4;17,5;25,7;23,7;18;16,7;66;61;62;;;;
2025/08/04;1600 UTC;;997,5;998,3;997,5;1689,8;25;17,1;25,9;24;17,9;16,3;63;60;61;;;;
2025/08/04;1700 UTC;;996,7;997,5;996,7;1262;25,9;16,8;26,2;24;17,7;16,2;63;57;57;;;;
2025/08/04;1800 UTC;;996,1;996,7;996,1;1797,9;26,8;15,5;27,4;25,9;17,6;15,2;58;50;50;;;;
2025/08/04;1900 UTC;;995,9;996,1;995,9;1386,5;26,1;14,3;27,2;25,5;15,7;14;50;48;48;;;;
2025/08/04;2000 UTC;;996,1;996,1;995,9;357,8;23,3;14,1;26,1;23,3;14,3;13,4;56;48;56;;;;
2025/08/04;2100 UTC;;996,6;996,6;996,1;17,8;20,7;13,9;23,2;20,3;14;13,2;65;56;65;;;;
2025/08/04;2200 UTC;;997,1;997,1;996,6;;19,6;15,2;20,8;19,5;15,2;14,1;76;65;76;;;;
2025/08/04;2300 UTC;;997,6;997,6;997,1;;18,9;15,2;19,6;18,9;15,5;15,1;79;76;79;;;;
2025/08/05;0000 UTC;;998;998;997,6;;18,1;15;18,9;18,1;15,2;14,9;82;79;82;;;;
2025/08/05;0100 UTC;;998,1;998,2;998;;17,7;14,9;18,1;17,7;15,2;14,8;83;82;83;;;;
2025/08/05;0200 UTC;;998,2;998,2;998;;17,8;15,1;18;17,5;15,3;14,7;84;83;84;;;;
2025/08/05;0300 UTC;;998;998,2;998;;17,4;14,8;18,1;17,3;15,5;14,7;85;84;85;;;;
2025/08/05;0400 UTC;;997,6;997,9;997,6;;16,7;14,2;17,7;16,7;15,2;14,2;85;85;85;;;;
2025/08/05;0500 UTC;;997,1;997,6;997,1;;16,2;13,8;17;15,7;14,5;13,2;86;85;86;;;;
2025/08/05;0600 UTC;;996,9;997,2;996,9;;16,9;14,5;16,9;16,2;14,5;13,7;86;85;86;;;;
2025/08/05;0700 UTC;;996,8;997;996,8;;16;13,8;16,9;15,6;14,5;13,3;87;85;87;;;;
2025/08/05;0800 UTC;;997,1;997,1;996,8;;15,8;13,6;16,6;15,8;14,4;13,5;87;86;87;;;;
2025/08/05;0900 UTC;;997,4;997,4;996,9;;15,8;13,6;16;14,8;13,7;12,5;87;86;87;;;;
2025/08/05;1000 UTC;;997,9;997,9;997,4;167,9;16,4;14,2;16,5;15,8;14,3;13,6;87;87;87;;;;
2025/08/05;1100 UTC;;998,6;998,6;997,9;642,4;18,4;16,1;18,5;16,4;16,3;14,2;87;86;87;;;;
2025/08/05;1200 UTC;;999,3;999,3;998,6;1200,2;20,6;17,9;20,8;18,4;18,2;16,3;87;84;84;;;;
2025/08/05;1300 UTC;;999,2;999,4;999,2;1886,4;23,6;19,3;23,8;20,6;20;17,9;85;77;77;;;;
2025/08/05;1400 UTC;;998,5;999,2;998,5;1789,3;24,2;18,7;24,7;23,1;20,1;18,3;78;72;72;;;;
2025/08/05;1500 UTC;;997,4;998,5;997,4;2325,4;25,7;17,8;26,2;24,1;19,7;17,4;72;62;62;;;;
2025/08/05;1600 UTC;;996,3;997,4;996,3;1816,7;26,1;17,1;26,9;24,6;18,4;16,5;63;58;58;;;;
2025/08/05;1700 UTC;;995,6;996,3;995,6;1374,4;25,7;16,3;26,4;25,2;17,3;16,2;59;56;56;;;;
2025/08/05;1800 UTC;;995,2;995,6;995,2;1539,9;26,8;15,8;26,9;25,5;16,9;15,1;57;51;51;;;;
2025/08/05;1900 UTC;;995,1;995,2;994,9;993,3;24,8;14,9;27;24,8;15,8;14,4;54;49;54;;;;
2025/08/05;2000 UTC;;995,7;995,7;995,1;393,1;23,4;15,3;25,5;23,4;15,6;14,6;60;53;60;;;;
2025/08/05;2100 UTC;;996;996;995,7;26,1;21,1;15,2;23,4;21,1;15,4;15,2;69;60;69;;;;
2025/08/05;2200 UTC;;996,2;996,2;996;;19,3;14,8;21,1;19,3;15,3;14,7;75;69;75;;;;
2025/08/05;2300 UTC;;997;997;996,2;;18,2;14,6;19,3;18,1;14,9;14,3;79;75;79;;;;
2025/08/06;0000 UTC;;997,3;997,3;997;3,3;17,9;14,5;18,5;17,9;15;14,5;81;79;81;;;;
2025/08/06;0100 UTC;;997,2;997,4;997,2;;17,7;14,7;18;17,6;14,9;14,4;83;81;83;;;;
2025/08/06;0200 UTC;;997,1;997,3;997;;17,4;14,6;17,7;17,3;14,9;14,4;84;83;84;;;;
2025/08/06;0300 UTC;;996,9;997,1;996,9;;17,4;14,7;17,8;17,3;15,3;14,6;85;84;84;;;;
2025/08/06;0400 UTC;;996,6;997;996,6;;17,5;15;17,5;16,9;15;14,3;85;84;85;;;;
2025/08/06;0500 UTC;;996,1;996,6;996,1;;17;14,5;17,6;16,7;15,1;14,1;85;85;85;;;;
2025/08/06;0600 UTC;;995,7;996,3;995,7;;15,7;13,3;17,1;15,7;14,7;13,3;86;85;86;;;;
2025/08/06;0700 UTC;;995,6;995,7;995,4;;15,4;13,1;15,9;15,3;13,6;13;86;86;86;;;;
2025/08/06;0800 UTC;;995,8;995,9;995,5;;16,1;13,8;16,1;15,4;13,9;13,1;87;86;87;;;;
2025/08/06;0900 UTC;;996,1;996,1;995,7;;16,2;14;16,2;15,9;14;13,6;87;87;87;;;;
2025/08/06;1000 UTC;;997;997,1;996,1;75,6;17,3;15,2;17,4;16,2;15,2;14,1;87;87;87;;;;
2025/08/06;1100 UTC;;997,3;997,3;997;410;18,3;16,2;18,5;17,3;16,4;15,2;88;87;88;;;;
2025/08/06;1200 UTC;;998,1;998,1;997,3;689,5;19,3;17,1;19,4;18,2;17,2;16,1;88;87;87;;;;
2025/08/06;1300 UTC;;998,1;998,3;998,1;1556;22,2;19;22,3;19,3;19,5;17,1;87;81;82;;;;
2025/08/06;1400 UTC;;997,4;998,1;997,3;1607,8;22,3;18,1;23,1;21,5;19,6;18;82;76;77;;;;
2025/08/06;1500 UTC;;996,4;997,4;996,4;1718,8;23,8;17,9;24,6;22,3;19,4;17,8;78;70;70;;;;
2025/08/06;1600 UTC;;995,2;996,5;995,2;2395,8;25,9;17,9;26,6;23,8;19,2;17,3;70;62;62;;;;
2025/08/06;1700 UTC;;994,3;995,2;994,3;2446,7;25,9;16,8;26,5;25,4;18,6;16,4;63;56;57;;;;
2025/08/06;1800 UTC;;993,9;994,3;993,9;1967,6;25,7;16,3;27,5;24,9;17,6;15,5;57;53;56;;;;
2025/08/06;1900 UTC;;994;994;993,7;1323;24,5;15,3;26,2;24,5;16,7;15,3;57;54;57;;;;
2025/08/06;2000 UTC;;994,3;994,4;994;339,8;23,3;15,1;24,5;23,3;15,8;15,1;60;57;60;;;;
2025/08/06;2100 UTC;;994,6;994,6;994,2;32,4;20,8;14,9;23,3;20,8;15,2;14,9;69;60;69;;;;
2025/08/06;2200 UTC;;995,4;995,4;994,6;;19,6;14,8;20,9;19,6;15,2;14,7;74;69;74;;;;
2025/08/06;2300 UTC;;995,9;995,9;995,4;;18,7;14,7;19,6;18,7;14,9;14,6;77;74;77;;;;
2025/08/07;0000 UTC;;996,2;996,2;995,9;;17,8;14,4;18,7;17,6;14,6;14;81;77;81;;;;
2025/08/07;0100 UTC;;996,3;996,4;996,2;;17,5;14,4;17,9;17,5;14,5;14,3;82;80;82;;;;
2025/08/07;0200 UTC;;996;996,3;996;;17,4;14,6;17,6;17,2;14,6;14,3;84;82;84;;;;
2025/08/07;0300 UTC;;995,8;996;995,7;;18,1;15,4;18,2;17,1;15,5;14,3;84;83;84;;;;
2025/08/07;0400 UTC;;995,5;995,9;995,5;;18,5;15,8;18,5;18,1;15,8;15,4;85;84;85;;;;
2025/08/07;0500 UTC;;995,3;995,6;995,3;;18,4;15,8;18,5;18,3;15,9;15,7;85;85;85;;;;
2025/08/07;0600 UTC;;994,5;995,3;994,5;;18,4;15,8;18,4;18,2;15,9;15,7;85;85;85;;;;
2025/08/07;0700 UTC;;994,6;994,6;994,4;;18,2;15,7;18,4;18,1;15,8;15,6;85;85;85;;;;
2025/08/07;0800 UTC;;994,9;994,9;994,6;,6;18,3;15,8;18,3;18,2;15,9;15,7;86;85;86;;;;
2025/08/07;0900 UTC;;995,2;995,3;994,9;1,3;18,1;15,7;18,3;18,1;15,8;15,7;86;85;86;;;;
2025/08/07;1000 UTC;;995,6;995,6;995,2;68;18;15,7;18,1;17,9;15,8;15,6;86;86;86;;;;
2025/08/07;1100 UTC;;996,2;996,2;995,6;166,4;18,4;15,9;18,5;17,9;16,1;15,5;86;85;85;;;;
2025/08/07;1200 UTC;;996,4;996,5;996,2;861,9;20,6;17,4;20,6;18,4;17,4;16;86;82;82;;;;
2025/08/07;1300 UTC;;996,4;996,4;996,3;1217,8;21,5;17,6;22;20,6;18,2;17,4;82;78;78;;;;
2025/08/07;1400 UTC;;995,5;996,4;995,5;2367,7;24,9;19,1;24,9;21,4;20,1;17,1;79;70;70;;;;
2025/08/07;1500 UTC;;994,7;995,5;994,7;2377,7;24,2;17,3;25,5;23,9;19;16,8;70;64;66;;;;
2025/08/07;1600 UTC;;993,9;994,7;993,9;2129,1;25,3;16,9;26,5;23,9;18,6;16,6;66;60;60;;;;
2025/08/07;1700 UTC;;993,1;993,9;993,1;2174,3;25,1;15,5;27,4;25,1;18;15,4;61;54;55;;;;
2025/08/07;1800 UTC;;992,5;993,1;992,5;1818,2;26,6;15,4;26,9;25;17;15;56;49;50;;;;
2025/08/07;1900 UTC;;992,3;992,5;992,2;1291,9;26;14,9;27;26;16;14,8;52;49;50;;;;
2025/08/07;2000 UTC;;992,7;992,7;992,3;530,3;24;14,5;26;24;15,1;14,5;55;50;55;;;;
2025/08/07;2100 UTC;;992,8;992,8;992,7;33,1;20,5;13,7;24;20,5;14,5;13,6;65;55;65;;;;
2025/08/07;2200 UTC;;993,4;993,4;992,8;;19,4;13,5;20,7;19,4;14,1;13,4;69;65;69;;;;
2025/08/07;2300 UTC;;993,8;993,8;993,4;;19,2;14,6;19,4;18,4;14,6;13,1;74;69;74;;;;
2025/08/08;0000 UTC;;994;994,1;993,8;;18,6;14,9;19,3;18,1;14,9;14,2;79;74;79;;;;
2025/08/08;0100 UTC;;994,2;994,2;994;;18,1;14,8;18,7;17,5;15;14,1;81;78;81;;;;
2025/08/08;0200 UTC;;994,2;994,3;994,2;;17,3;14,3;18,1;17,2;14,9;14,1;83;81;82;;;;
2025/08/08;0300 UTC;;993,9;994,2;993,9;;16,9;14;17,4;16,4;14,4;13,6;84;82;83;;;;
2025/08/08;0400 UTC;;993,4;993,9;993,4;;17,3;14,5;17,5;16,8;14,7;13,9;84;83;84;;;;
2025/08/08;0500 UTC;;992,9;993,4;992,9;;16;13,4;17,3;16;14,5;13,4;85;84;84;;;;
2025/08/08;0600 UTC;;992,7;992,9;992,6;;15,6;12,9;16,7;15,6;14,2;12,9;85;84;84;;;;
2025/08/08;0700 UTC;;992,6;992,7;992,5;;15,2;12,8;15,7;15,1;13,3;12,5;85;84;85;;;;
2025/08/08;0800 UTC;;992,9;992,9;992,6;;14,5;12,1;15,2;14,5;12,7;12,1;86;85;86;;;;
2025/08/08;0900 UTC;;993,7;993,7;992,9;;14,5;12,2;14,7;14,4;12,4;12;86;86;86;;;;
2025/08/08;1000 UTC;;994,4;994,4;993,7;106,5;15;12,7;15;14,2;12,7;11,8;86;86;86;;;;
2025/08/08;1100 UTC;;995;995;994,4;662,4;16,8;14,5;16,9;15;14,7;12,8;87;86;87;;;;
2025/08/08;1200 UTC;;994,9;995,1;994,9;1375,2;18,9;16,3;18,9;16,4;16,3;14,2;87;85;85;;;;
2025/08/08;1300 UTC;;994,8;995;994,8;2172,5;23,4;19,5;23,4;19;19,5;16,6;85;78;79;;;;
2025/08/08;1400 UTC;;993,9;994,8;993,9;2669,5;25,6;18,1;26,4;23,5;20;17,6;79;62;63;;;;
2025/08/08;1500 UTC;;992,7;993,9;992,7;2865,3;27,3;16,9;28,3;25,6;18,6;16,7;63;52;53;;;;
2025/08/08;1600 UTC;;991,6;992,7;991,6;2803;28,4;15,8;29;26,9;17,6;15,8;54;46;46;;;;
2025/08/08;1700 UTC;;990,6;991,6;990,6;2492,3;29;14,3;29,5;28,3;16,1;13,5;47;39;41;;;;
2025/08/08;1800 UTC;;989,9;990,6;989,9;1966;28,6;12,2;29,4;28,5;14,3;12;41;35;36;;;;
2025/08/08;1900 UTC;;989,9;990;989,9;1310,6;28,1;11,9;29,1;28,1;13;11,1;37;34;37;;;;
2025/08/08;2000 UTC;;990,1;990,1;989,9;545,9;25,5;11,6;28,2;25,5;12,5;11,2;42;37;42;;;;
2025/08/08;2100 UTC;;990,3;990,3;990,1;36,9;21,5;12,4;25,5;21,5;12,7;11,6;56;42;56;;;;
2025/08/08;2200 UTC;;990,8;990,8;990,3;;19,8;13;21,4;19,8;13;12,4;65;56;65;;;;
2025/08/08;2300 UTC;;991,1;991,1;990,5;;19,6;14,4;20;19;14,6;12,8;72;65;72;;;;
2025/08/09;0000 UTC;;991,7;991,7;991,1;;19,3;14,9;19,7;18,8;15;14,1;76;72;76;;;;
2025/08/09;0100 UTC;;992,1;992,2;991,7;;18,7;14,4;19,5;18,6;15,2;14,4;77;76;76;;;;
2025/08/09;0200 UTC;;991,9;992,1;991,9;;18,4;14,6;19;18;14,9;14,1;79;76;78;;;;
2025/08/09;0300 UTC;;991,3;992;991,3;;18,6;14,6;19,2;18,3;15,3;14,4;79;78;78;;;;
2025/08/09;0400 UTC;;990,6;991,3;990,6;;18,9;14,8;19,4;18,6;15,3;14,6;78;77;77;;;;
2025/08/09;0500 UTC;;989,6;990,6;989,6;;19;14,9;19,3;18,7;15,1;14,6;78;76;77;;;;
2025/08/09;0600 UTC;;989,6;989,7;989,5;;18,1;14;19,1;17,8;14,9;13,6;77;76;77;;;;
2025/08/09;0700 UTC;;989,6;989,6;989,2;;17,4;13,4;18,3;17,1;14,3;13,2;79;76;77;;;;
2025/08/09;0800 UTC;;988,9;989,6;988,9;;16,6;13,1;17,4;16,4;13,6;12,8;81;77;80;;;;
2025/08/09;0900 UTC;;989,4;989,4;988,9;;16,1;12,9;17;15,9;13,6;12,7;81;80;81;;;;
2025/08/09;1000 UTC;;990,1;990,1;989,4;187,4;17,7;14,4;17,7;16,1;14,4;12,9;82;81;81;;;;
2025/08/09;1100 UTC;;990,5;990,6;990,1;866,9;20,1;16,3;20,1;16,5;16,3;13,2;82;78;78;;;;
2025/08/09;1200 UTC;;991,2;991,3;990,5;1485;21,9;16,6;22,3;20,1;17,1;16,3;79;71;72;;;;
2025/08/09;1300 UTC;;991,4;991,5;991,1;1891,3;24,4;17,1;24,8;21,5;17,9;16,2;72;64;64;;;;
2025/08/09;1400 UTC;;990,6;991,4;990,6;2346,3;26,2;16,8;26,2;24,1;18,1;16,2;64;56;56;;;;
2025/08/09;1500 UTC;;989,7;990,6;989,7;2594,4;28,6;16,4;28,9;25,7;17,4;15,7;56;47;47;;;;
2025/08/09;1600 UTC;;988,7;989,7;988,7;2636;29,8;12,5;30,3;28,4;16,4;12,4;48;34;34;;;;
2025/08/09;1700 UTC;;987,7;988,7;987,7;2466,5;30,5;11,6;30,6;29,6;13;11,3;35;31;31;;;;
2025/08/09;1800 UTC;;987,3;987,7;987,3;1901,8;31,1;10,6;31,3;30,2;11,7;10,6;31;28;28;;;;
2025/08/09;1900 UTC;;987,2;987,3;987,1;1222,2;30,7;10,1;31,6;30,4;10,8;9,7;29;27;28;;;;
2025/08/09;2000 UTC;;987,5;987,5;987,1;456,5;27,5;11,3;30,7;27,5;11,3;9,9;36;28;36;;;;
2025/08/09;2100 UTC;;988;988;987,5;39,2;24,6;12,1;27,5;24,6;12,3;11,3;46;36;46;;;;
2025/08/09;2200 UTC;;988,5;988,5;988;;22,2;12,8;24,6;22,2;13,2;11,9;55;46;55;;;;
2025/08/09;2300 UTC;;989,2;989,2;988,5;;21,2;14,4;22,3;21,2;14,4;12,8;65;55;65;;;;
2025/08/10;0000 UTC;;989,3;989,3;989,1;;20,4;15,9;21,3;20,4;16;14,5;76;65;76;;;;
2025/08/10;0100 UTC;;990;990,1;989,2;;20,5;16,7;20,5;20,1;16,7;16;79;76;79;;;;
2025/08/10;0200 UTC;;990;990,2;990;;19,9;16,5;20,5;19,7;16,7;16,2;81;79;81;;;;
2025/08/10;0300 UTC;;990;990,2;990;;20,2;17;20,2;19,8;17;16,4;82;81;82;;;;
2025/08/10;0400 UTC;;989,7;990;989,7;;19,9;16,9;20,2;19,8;17;16,8;83;82;83;;;;
2025/08/10;0500 UTC;;989,7;989,8;989,6;;19,9;17,1;19,9;19,7;17,1;16,8;84;83;84;;;;
2025/08/10;0600 UTC;;989,8;989,8;989,6;;20,1;17,3;20,1;19,9;17,3;17,1;84;84;84;;;;
2025/08/10;0700 UTC;;989,6;989,9;989,6;;20,2;17,6;20,2;20,1;17,6;17,4;85;84;85;;;;
2025/08/10;0800 UTC;;990,2;990,2;989,6;;20,4;17,8;20,4;20,2;17,8;17,6;85;85;85;;;;
2025/08/10;0900 UTC;;991;991;990,2;;20,4;17,8;20,5;20,4;17,8;17,8;85;85;85;;;;
2025/08/10;1000 UTC;;991,6;991,6;991;62,5;20,5;18;20,7;20,4;18,2;17,8;85;85;85;;;;
2025/08/10;1100 UTC;;992,1;992,1;991,6;227;20,5;18;20,8;20,5;18,3;18;86;85;86;;;;
2025/08/10;1200 UTC;;993;993;992,1;251;20,9;18,3;20,9;20,5;18,3;18;86;85;85;;;;
2025/08/10;1300 UTC;;993,2;993,3;993;739,7;22,2;19;22,5;20,9;19,4;18,3;85;82;82;;;;
2025/08/10;1400 UTC;;993;993,2;993;1320,4;23,3;19,6;23,8;22,2;20,3;19,1;83;79;80;;;;
2025/08/10;1500 UTC;;992,1;993;992,1;2121,5;24,3;19,6;25,5;23;21;19,2;80;75;75;;;;
2025/08/10;1600 UTC;;991,3;992,1;991,3;1631,2;25,4;19,8;26,1;24,3;21,2;19,4;76;71;71;;;;
2025/08/10;1700 UTC;;990,4;991,3;990,4;1597,3;25,8;19,4;27,1;25,3;20,7;19,1;71;66;68;;;;
2025/08/10;1800 UTC;;990,1;990,4;990,1;718,8;24,7;18,9;26;24,7;19,7;18,9;70;67;70;;;;
2025/08/10;1900 UTC;;990,4;990,4;990;707,2;24,7;19;25,7;24,6;19,9;18,8;71;69;70;;;;
2025/08/10;2000 UTC;;991,2;991,2;990,4;173,8;22,6;17,6;24,8;22,6;19,1;17,6;74;70;74;;;;
2025/08/10;2100 UTC;;991,7;991,7;991,2;16,6;20,8;16,7;22,6;20,8;17,6;16,7;77;74;77;;;;
2025/08/10;2200 UTC;;992,1;992,1;991,7;;20,5;16,6;20,9;20,5;16,7;16,6;78;77;78;;;;
2025/08/10;2300 UTC;;993;993;992,1;;20;16,1;20,5;20;16,6;16,1;78;78;78;;;;
2025/08/11;0000 UTC;;993,5;993,5;993;;19,5;15,4;20;19,5;16;15,4;78;77;77;;;;
2025/08/11;0100 UTC;;993,9;993,9;993,5;,2;19,4;15,3;19,6;19,4;15,4;15,2;77;77;77;;;;
2025/08/11;0200 UTC;;994;994,1;993,9;;19,2;15,1;19,4;19,2;15,3;15,1;77;77;77;;;;
2025/08/11;0300 UTC;;994,2;994,3;994;;19,3;14,9;19,3;19,2;15,2;14,9;77;76;76;;;;
2025/08/11;0400 UTC;;993,8;994,2;993,8;;19,2;14,4;19,3;19,2;14,9;14,4;76;74;74;;;;
2025/08/11;0500 UTC;;993,2;993,9;993;;19,1;14,1;19,3;19,1;14,5;14;74;72;72;;;;
2025/08/11;0600 UTC;;993,2;993,5;993,1;;18,9;13,6;19,2;18,9;14,1;13,6;72;71;71;;;;
2025/08/11;0700 UTC;;992,9;993,4;992,9;;18,6;13,6;18,9;18,6;13,6;13,5;73;71;73;;;;
2025/08/11;0800 UTC;;993,3;993,3;992,9;;18,1;13,6;18,6;18,1;13,8;13,6;75;73;75;;;;
2025/08/11;0900 UTC;;993,5;993,5;993,1;1,2;17,7;13,5;18,1;17,7;13,6;13,5;77;75;77;;;;
2025/08/11;1000 UTC;;994;994;993,5;70,8;17,8;13,8;17,8;17,6;13,8;13,5;78;77;77;;;;
2025/08/11;1100 UTC;;994,6;994,6;994;258,6;18,3;14,1;18,3;17,8;14,1;13,8;77;76;76;;;;
2025/08/11;1200 UTC;;994,9;995;994,6;616,3;19,6;14,6;19,7;18,3;14,8;14;76;73;73;;;;
2025/08/11;1300 UTC;;995;995,2;994,9;879,4;20,6;14,9;20,6;19,6;14,9;14,4;73;70;70;;;;
2025/08/11;1400 UTC;;994,6;995,1;994,6;1042,3;21;14,9;21,2;20,4;15,1;14,5;70;68;68;;;;
2025/08/11;1500 UTC;;994,1;994,7;994,1;460,9;20,6;14,7;21;20,4;14,9;14,3;69;68;69;;;;
2025/08/11;1600 UTC;;993,2;994,1;993,2;977,1;21,4;14,9;21,9;20,6;15,6;14,5;69;66;67;;;;
2025/08/11;1700 UTC;;992,7;993,2;992,7;365,9;20,7;14,7;21,5;20,6;15,1;14,5;69;67;69;;;;
2025/08/11;1800 UTC;;992,4;992,7;992,3;242,5;20,1;14,7;20,7;20,1;14,8;14,5;71;69;71;;;;
2025/08/11;1900 UTC;;993,1;993,1;992,3;127,8;18,5;14;20,1;18,5;14,9;14;75;71;75;;;;
2025/08/11;2000 UTC;;992,7;993,4;992,7;98;18,1;14,6;18,5;18,1;14,7;14;80;75;80;;;;
2025/08/11;2100 UTC;;993,4;993,4;992,7;19,9;18;14,8;18,1;17,9;14,8;14,5;82;80;82;;;;
2025/08/11;2200 UTC;;993,4;993,5;993,4;;17,9;14,9;18;17,9;15;14,8;83;82;83;;;;
2025/08/11;2300 UTC;;993,9;993,9;993,4;,3;18;15;18;17,8;15;14,9;83;83;83;;;;
2025/08/12;0000 UTC;;994,5;994,5;993,9;1,6;18,4;15,1;18,5;17,9;15,2;15;83;81;81;;;;
2025/08/12;0100 UTC;;994,3;994,5;994,2;,4;18,3;14,8;18,5;18;15,1;14,6;81;80;80;;;;
2025/08/12;0200 UTC;;994,4;994,6;994,3;;18,2;14,6;18,4;18,2;14,8;14,5;80;79;79;;;;
2025/08/12;0300 UTC;;994,2;994,4;994,2;;18,3;14,5;18,3;18,2;14,6;14,5;79;78;78;;;;
2025/08/12;0400 UTC;;994;994,3;994;;18,3;14,3;18,3;18,2;14,5;14,3;78;78;78;;;;
2025/08/12;0500 UTC;;993,6;994;993,6;;18;14,3;18,3;17,5;14,3;13,8;80;78;79;;;;
2025/08/12;0600 UTC;;993,2;993,6;993,2;;18;14,1;18,1;18;14,3;14,1;79;78;78;;;;
2025/08/12;0700 UTC;;993,2;993,5;993,2;0;17,8;14;18;17,7;14,1;14;79;78;79;;;;
2025/08/12;0800 UTC;;993,2;993,3;992,9;;17,6;13,9;17,8;17,6;14;13,9;79;79;79;;;;
2025/08/12;0900 UTC;;993,7;993,7;993,2;,5;17,6;13,9;17,7;17,5;14;13,8;79;79;79;;;;
2025/08/12;1000 UTC;;994;994,1;993,6;45,7;17,8;13,8;17,8;17,6;13,9;13,8;79;78;78;;;;
2025/08/12;1100 UTC;;994,7;994,7;994;157,8;18,2;14,2;18,2;17,8;14,2;13,9;78;77;77;;;;
2025/08/12;1200 UTC;;995,2;995,2;994,6;600,3;19,6;15,1;19,6;18,2;15,1;14,1;77;75;75;;;;
2025/08/12;1300 UTC;;995,4;995,6;995,2;598,4;20,2;15,2;20,4;19,3;15,5;14,7;75;73;73;;;;
2025/08/12;1400 UTC;;994,9;995,4;994,9;1222,4;21,1;15,4;21,8;19,9;16,4;15;74;69;70;;;;
2025/08/12;1500 UTC;;994,4;994,9;994,4;583,9;20,8;15,2;21,2;20,7;15,5;15,1;71;70;70;;;;
2025/08/12;1600 UTC;;994;994,4;994;650,7;20,9;15,4;21,5;20,2;16,1;15;73;70;71;;;;
2025/08/12;1700 UTC;;993,8;994;993,7;219,7;18,7;14;20,9;18,7;15,4;14;74;71;74;;;;
2025/08/12;1800 UTC;;993,3;993,8;993,3;449,3;18,5;15;18,8;18,3;15,2;13,9;80;74;80;;;;
2025/08/12;1900 UTC;;993,6;993,6;993,3;210,5;18,7;15,5;18,7;18,5;15,5;15;82;80;82;;;;
2025/08/12;2000 UTC;;994,1;994,1;993,6;218,8;19,5;15,9;19,7;18,7;16,2;15,5;82;80;80;;;;
2025/08/12;2100 UTC;;994,2;994,3;994,1;22,1;19,3;15,5;19,5;19,3;15,9;15,5;80;79;79;;;;
2025/08/12;2200 UTC;;994,8;994,8;994,2;;19,2;15,4;19,4;19,1;15,5;15,3;79;78;79;;;;
2025/08/12;2300 UTC;;995,4;995,4;994,8;;18,7;15;19,2;18,7;15,4;15;79;79;79;;;;
2025/08/13;0000 UTC;;995,5;995,5;995,3;;18,5;15,1;18,7;18,5;15,1;14,9;81;79;81;;;;
2025/08/13;0100 UTC;;995,6;995,7;995,4;;18,6;15,2;18,7;18,5;15,3;15,1;81;81;81;;;;
2025/08/13;0200 UTC;;995,6;995,8;995,6;;18,5;15,1;18,7;18,5;15,3;15,1;81;80;80;;;;
2025/08/13;0300 UTC;;995,2;995,6;995,2;;17,9;14,8;18,5;17,9;15,1;14,8;82;80;82;;;;
2025/08/13;0400 UTC;;994,9;995,3;994,9;;17,6;14,7;17,9;17,6;14,8;14,7;83;82;83;;;;
2025/08/13;0500 UTC;;994,6;994,9;994,6;,5;17,5;14,7;17,6;17,5;14,8;14,6;84;83;84;;;;
2025/08/13;0600 UTC;;994,5;994,6;994,5;,7;17,5;14,8;17,6;17,5;14,8;14,7;84;84;84;;;;
2025/08/13;0700 UTC;;994,3;994,5;994,2;,9;17,5;14,9;17,6;17,5;14,9;14,8;85;84;85;;;;
2025/08/13;0800 UTC;;994,9;994,9;994,3;,6;17,6;15;17,6;17,5;15;14,9;85;85;85;;;;
2025/08/13;0900 UTC;;995,4;995,4;994,8;1,1;17,7;15,1;17,7;17,6;15,1;15;85;85;85;;;;
2025/08/13;1000 UTC;;995,8;995,8;995,4;133,6;18;15,4;18;17,6;15,4;15;85;85;85;;;;
2025/08/13;1100 UTC;;996,3;996,3;995,8;433;19;16,2;19,1;18;16,3;15,4;85;84;84;;;;
2025/08/13;1200 UTC;;996,8;996,8;996,3;956,4;20,7;17,5;20,8;19;17,6;16,2;84;81;82;;;;
2025/08/13;1300 UTC;;996,9;997;996,8;1400,7;21,8;17,9;22,2;20,7;18,4;17,4;82;78;78;;;;
2025/08/13;1400 UTC;;996,4;996,9;996,4;991,7;22,5;18;22,6;21,8;18,3;17,7;79;75;76;;;;
2025/08/13;1500 UTC;;995,8;996,5;995,8;1083,6;23,4;18;23,9;22,5;19;17,7;76;72;72;;;;
2025/08/13;1600 UTC;;995,1;995,8;995,1;1302,4;23,6;17,6;24,4;23,4;18,6;17,4;72;68;69;;;;
2025/08/13;1700 UTC;;994,6;995,1;994,6;593,2;23,3;17,5;23,7;23,3;17,9;17,4;70;69;70;;;;
2025/08/13;1800 UTC;;994,2;994,6;994,2;1148,4;24;17,4;24,6;23;18,3;17,3;71;67;67;;;;
2025/08/13;1900 UTC;;994,5;994,5;994,1;471,3;21,2;16,3;24,1;21,2;17,7;16,2;74;67;74;;;;
2025/08/13;2000 UTC;;994,9;994,9;994,5;207,6;21,2;17;21,5;21;17,2;16,3;77;74;77;;;;
2025/08/13;2100 UTC;;994,9;994,9;994,7;46,1;20,2;16,3;21,3;20,2;17;16,3;78;76;78;;;;
2025/08/13;2200 UTC;;995,5;995,5;994,9;;19,5;15,8;20,3;19,5;16,5;15,8;80;78;79;;;;
2025/08/13;2300 UTC;;995,9;995,9;995,5;;18,8;15,6;19,4;18,7;15,8;15,3;82;79;82;;;;
2025/08/14;0000 UTC;;996,1;996,2;995,9;;18,7;15,7;18,9;18,6;15,8;15,5;83;82;83;;;;
2025/08/14;0100 UTC;;996,1;996,2;996,1;;18,8;15,9;18,8;18,6;15,9;15,6;83;83;83;;;;
2025/08/14;0200 UTC;;996,2;996,4;996,1;;18,6;15,8;18,8;18,5;15,9;15,6;84;83;84;;;;
2025/08/14;0300 UTC;;995,9;996,3;995,9;;18,6;15,9;18,7;18,1;16;15,3;85;84;85;;;;
2025/08/14;0400 UTC;;995,4;995,9;995,4;;18,2;15,7;18,7;18,1;16;15,5;85;84;85;;;;
2025/08/14;0500 UTC;;995;995,4;995;,4;18,5;16;18,6;18,2;16;15,6;85;85;85;;;;
2025/08/14;0600 UTC;;994,9;995;994,9;0;18,5;16;18,5;18,4;16,1;15,9;85;85;85;;;;
2025/08/14;0700 UTC;;994,7;994,9;994,7;;18,5;16;18,6;18,5;16,1;16;86;85;86;;;;
2025/08/14;0800 UTC;;994,8;994,8;994,6;,3;18,5;16,3;18,6;18,3;16,3;16;87;86;87;;;;
2025/08/14;0900 UTC;;995,3;995,3;994,8;2,3;18,5;16,3;18,6;18,5;16,4;16,2;87;87;87;;;;
2025/08/14;1000 UTC;;995,9;995,9;995,3;120,7;18,8;16,5;18,8;18,5;16,6;16,3;87;87;87;;;;
2025/08/14;1100 UTC;;996,6;996,6;995,8;335,2;18,9;16,7;19,1;18,6;16,9;16,4;87;87;87;;;;
2025/08/14;1200 UTC;;997,2;997,2;996,6;585,5;19,8;17,6;19,9;18,9;17,7;16,7;87;87;87;;;;
2025/08/14;1300 UTC;;997;997,3;997;1990,4;23,3;19,8;23,3;19,7;20;17,3;87;81;81;;;;
2025/08/14;1400 UTC;;996,4;997;996,4;2669,4;25,2;20,2;25,6;23,3;21,3;20,1;81;73;74;;;;
2025/08/14;1500 UTC;;995,7;996,4;995,7;2917,5;27,8;19,8;28,1;25,3;21,4;19,3;75;62;62;;;;
2025/08/14;1600 UTC;;994,7;995,7;994,7;1902,3;28,5;18,8;29,5;26,1;20,5;18,3;63;55;56;;;;
2025/08/14;1700 UTC;;993,9;994,7;993,9;2301,6;28,8;16,9;29,6;27,2;20;16,9;57;49;49;;;;
2025/08/14;1800 UTC;;993,6;993,9;993,5;1784,1;28,6;14,7;29,6;28;17,2;14,2;49;42;43;;;;
2025/08/14;1900 UTC;;993,7;993,7;993,5;826,9;28,5;14,3;29,4;27,6;14,9;13,1;43;39;42;;;;
2025/08/14;2000 UTC;;994,1;994,1;993,7;510;25,9;12,9;28,6;25,9;14,2;12,9;45;40;45;;;;
2025/08/14;2100 UTC;;994,6;994,6;994,1;29,1;22,5;12,6;25,9;22,5;13;12,3;53;45;53;;;;
2025/08/14;2200 UTC;;995,2;995,2;994,6;;20,4;14;22,6;20,3;14;12,7;67;54;67;;;;
2025/08/14;2300 UTC;;996;996;995,2;;20,1;15,5;20,4;19,9;15,5;13,9;75;67;75;;;;
2025/08/15;0000 UTC;;996,5;996,5;996;;19,7;16,2;20,1;19,3;16,2;15,5;80;75;80;;;;
2025/08/15;0100 UTC;;997,1;997,1;996,5;;20;17;20,1;19,5;17;16;83;80;83;;;;
2025/08/15;0200 UTC;;997,4;997,4;997,1;;19,7;16,8;20,1;19,7;17,1;16,8;83;83;83;;;;
2025/08/15;0300 UTC;;998;998;997,4;;19,9;17,1;19,9;19,5;17,1;16,6;84;83;84;;;;
2025/08/15;0400 UTC;;997,8;998,2;997,8;;19,6;16,9;20,1;19,5;17,3;16,8;85;84;85;;;;
2025/08/15;0500 UTC;;997,7;997,8;997,6;;19,8;17,2;19,8;19,5;17,2;16,8;85;84;85;;;;
2025/08/15;0600 UTC;;997,5;997,7;997,5;;19,1;16,4;19,8;19,1;17,2;16,4;85;84;84;;;;
2025/08/15;0700 UTC;;997,5;997,6;997,5;;18,8;16;19,2;18,8;16,4;16;84;84;84;;;;
2025/08/15;0800 UTC;;997,6;997,6;997,5;;17,7;15,1;18,8;17,7;16;15,1;84;84;84;;;;
2025/08/15;0900 UTC;;998,2;998,2;997,5;;17,9;15,1;17,9;17,4;15,1;14,8;85;84;84;;;;
2025/08/15;1000 UTC;;998,8;998,8;998,2;123,3;18,5;15,5;18,5;17,8;15,5;15,1;84;83;83;;;;
2025/08/15;1100 UTC;;999,3;999,3;998,8;708,5;19,7;16,2;19,7;18,5;16,3;15,5;83;80;80;;;;
2025/08/15;1200 UTC;;1000;1000;999,3;1459,8;22,4;17,5;22,4;19,7;17,5;16,1;80;74;74;;;;
2025/08/15;1300 UTC;;999,9;1000,1;999,9;1400,4;23;17,3;23;21,5;17,5;16,1;74;69;70;;;;
2025/08/15;1400 UTC;;999,4;1000;999,4;1507,2;23,8;16,6;24,6;22,3;18,1;16,2;70;64;64;;;;
2025/08/15;1500 UTC;;998,4;999,4;998,4;1379,9;25,4;17,3;25,4;23,3;17,6;16;65;61;61;;;;
2025/08/15;1600 UTC;;997,7;998,4;997,7;2011,9;25,7;16,4;26,4;24,3;17,8;15,4;61;55;56;;;;
2025/08/15;1700 UTC;;996,8;997,7;996,8;1522,5;24,5;15,3;27,1;24,4;17,3;15,2;57;53;57;;;;
2025/08/15;1800 UTC;;996,5;996,8;996,5;1234,4;25,2;15,6;26,1;24,2;16,4;14,4;57;53;55;;;;
2025/08/15;1900 UTC;;996,7;996,7;996,5;1040,4;23,8;14,1;25,6;23,8;15,8;14,1;55;52;54;;;;
2025/08/15;2000 UTC;;997;997;996,7;356,1;22,7;14,1;24;22,7;14,4;13,8;59;54;59;;;;
2025/08/15;2100 UTC;;997,7;997,7;997;38,5;20,9;14,1;22,7;20,9;14,3;14;65;59;65;;;;
2025/08/15;2200 UTC;;998,1;998,1;997,7;;19,4;14;20,9;19,4;14,1;13,8;71;65;71;;;;
2025/08/15;2300 UTC;;998,5;998,5;998,1;;18,9;14,5;19,6;18,7;14,6;14;76;71;76;;;;
2025/08/16;0000 UTC;;998,9;998,9;998,5;;18,2;14,4;18,9;18,2;14,5;14,3;78;76;78;;;;
2025/08/16;0100 UTC;;999,4;999,4;998,9;;18;14,4;18,2;17,9;14,4;14,2;80;78;80;;;;
2025/08/16;0200 UTC;;999,5;999,5;999,3;;17,4;13,9;18;17,4;14,3;13,9;80;79;80;;;;
2025/08/16;0300 UTC;;999,3;999,6;999,3;;17,5;14,2;17,5;17,3;14,2;13,9;81;80;81;;;;
2025/08/16;0400 UTC;;999;999,4;999;;17;13,8;17,4;17;14,2;13,8;82;81;82;;;;
2025/08/16;0500 UTC;;998,6;999;998,6;;17,1;14;17,3;16,9;14,2;13,8;82;82;82;;;;
2025/08/16;0600 UTC;;998,1;998,6;998,1;;16,7;13,7;17,1;16,7;14;13,7;83;82;83;;;;
2025/08/16;0700 UTC;;998;998,1;997,9;;16,8;13,9;16,9;16,7;14;13,7;83;83;83;;;;
2025/08/16;0800 UTC;;998;998;997,8;;16,9;14,1;16,9;16,4;14,1;13,5;83;83;83;;;;
2025/08/16;0900 UTC;;998,3;998,3;998;;16,6;13,8;17;16,5;14,1;13,7;84;83;84;;;;
2025/08/16;1000 UTC;;998,9;998,9;998,3;247,5;17,9;15;17,9;16,5;15;13,8;84;83;83;;;;
2025/08/16;1100 UTC;;999,2;999,2;998,9;954,1;19,7;16,1;19,7;17,8;16,1;14,9;83;79;80;;;;
2025/08/16;1200 UTC;;999,5;999,5;999,2;1675;21,6;16,7;22;19,7;17,3;16,1;80;74;74;;;;
2025/08/16;1300 UTC;;999,3;999,5;999,3;1769;23,3;16,7;23,7;21;17,8;16,2;74;67;67;;;;
2025/08/16;1400 UTC;;998,6;999,3;998,6;1147,1;23,2;15,6;23,7;22,1;16,9;15,6;68;62;62;;;;
2025/08/16;1500 UTC;;997,7;998,6;997,7;1542,8;24,5;15,5;24,7;23,2;16,2;15,3;63;57;57;;;;
2025/08/16;1600 UTC;;996,6;997,7;996,6;1806,6;25;14,6;25,5;23,9;15,8;14,6;58;53;53;;;;
2025/08/16;1700 UTC;;995,5;996,6;995,5;1445,7;25,2;13,7;25,5;24,9;15,1;13,5;53;49;49;;;;
2025/08/16;1800 UTC;;995,4;995,5;995,3;1008,1;24,4;14,2;25,5;24,2;14,8;13,2;54;48;53;;;;
2025/08/16;1900 UTC;;995,6;995,6;995,3;785,2;23,5;14,5;24,6;23,5;14,7;14,1;57;53;57;;;;
2025/08/16;2000 UTC;;995,9;995,9;995,6;351,7;22;13,9;23,7;22;14,8;13,9;60;57;60;;;;
2025/08/16;2100 UTC;;996,6;996,6;995,9;33,9;20,6;13,6;22;20,6;13,8;13,4;64;60;64;;;;
2025/08/16;2200 UTC;;997,1;997,1;996,6;;20,1;14;20,7;20,1;14;13,6;68;64;68;;;;
2025/08/16;2300 UTC;;997,7;997,7;997,1;;19,7;14;20,1;19,7;14;13,9;69;68;69;;;;
2025/08/17;0000 UTC;;998,1;998,1;997,7;;19,4;13,9;19,8;19,4;14,1;13,9;71;69;71;;;;
2025/08/17;0100 UTC;;998,2;998,2;998;;18,6;13,7;19,4;18,6;13,9;13,7;73;71;73;;;;
2025/08/17;0200 UTC;;998;998,3;998;;18,3;13,8;18,6;18,2;13,9;13,6;75;73;75;;;;
2025/08/17;0300 UTC;;997,4;998,1;997,4;;17,7;13,7;18,3;16,9;13,8;12,9;78;75;77;;;;
2025/08/17;0400 UTC;;997,6;997,6;997,4;;16,9;13,2;17,9;16,6;13,8;12,7;78;77;78;;;;
2025/08/17;0500 UTC;;997,2;997,6;997,2;;17,5;13,9;17,5;16,9;13,9;13,2;79;78;79;;;;
2025/08/17;0600 UTC;;996,6;997,2;996,6;;17,3;13,9;17,7;17,2;14,1;13,7;80;79;80;;;;
2025/08/17;0700 UTC;;996,3;996,6;996,3;;16,9;13,5;17,6;16,9;14,1;13,5;80;80;80;;;;
2025/08/17;0800 UTC;;996,6;996,6;996,3;;16,2;13;16,9;16,2;13,4;13;81;80;81;;;;
2025/08/17;0900 UTC;;997,3;997,3;996,6;;15,7;12,8;16,3;15,7;13,2;12,7;83;81;83;;;;
2025/08/17;1000 UTC;;997,5;997,5;997,2;250,4;16,1;13,2;16,1;15,5;13,2;12,6;83;83;83;;;;
2025/08/17;1100 UTC;;998,1;998,1;997,5;980,8;19,2;15,8;19,2;16,1;15,8;13,3;83;80;80;;;;
2025/08/17;1200 UTC;;998,6;998,7;998,1;1706,5;21,2;16,2;21,8;19,2;17,3;15,8;80;73;73;;;;
2025/08/17;1300 UTC;;998,2;998,7;998,2;2507,3;23,7;16,4;23,7;21,2;17,1;15,8;73;64;64;;;;
2025/08/17;1400 UTC;;997,6;998,2;997,6;2589,5;25,4;15,9;25,5;22,2;17;14,6;64;56;56;;;;
2025/08/17;1500 UTC;;996,6;997,6;996,6;1978,1;24,3;13,6;26,8;23,3;15,8;13,5;57;50;51;;;;
2025/08/17;1600 UTC;;995,5;996,6;995,5;2280,1;26,3;13,2;26,5;23,7;15,1;13,1;53;44;44;;;;
2025/08/17;1700 UTC;;994,4;995,5;994,4;2188,7;25,2;11,8;27,5;25;13,7;11,7;46;41;43;;;;
2025/08/17;1800 UTC;;994;994,4;994;1718,1;26,7;11,1;27,2;24,9;13,1;11,1;45;38;38;;;;
2025/08/17;1900 UTC;;993,9;994,1;993,9;1300,2;26,1;10,3;27,1;25,6;11,7;10,2;40;36;37;;;;
2025/08/17;2000 UTC;;994,2;994,2;993,9;555,8;23,7;11,9;26,3;23,7;11,9;10,2;47;37;47;;;;
2025/08/17;2100 UTC;;994,9;994,9;994,2;47,4;21;13,1;23,7;21;13,1;12;61;48;61;;;;
2025/08/17;2200 UTC;;995,4;995,4;994,9;;19,1;13;21;19;13,1;12,8;68;61;68;;;;
2025/08/17;2300 UTC;;996;996;995,4;;17,4;12,5;19,1;17,4;13;12,5;73;68;73;;;;
2025/08/18;0000 UTC;;996,3;996,3;996;;16,6;12,3;17,4;16,6;12,7;12,2;76;73;76;;;;
2025/08/18;0100 UTC;;996,4;996,6;996,3;;16,4;12,4;16,9;16,4;12,8;12,2;77;76;77;;;;
2025/08/18;0200 UTC;;995,9;996,4;995,9;;16,6;12,6;16,9;16,3;12,8;12,3;78;77;77;;;;
2025/08/18;0300 UTC;;995,9;996;995,9;;16,1;12,4;16,6;16;12,7;12,1;79;77;79;;;;
2025/08/18;0400 UTC;;995,7;996;995,7;;15,4;12;16,1;15,3;12,4;11,7;80;78;80;;;;
2025/08/18;0500 UTC;;995,4;995,7;995,3;;14,6;11,3;15,5;14,6;12,1;11,3;81;80;80;;;;
2025/08/18;0600 UTC;;995,3;995,5;995,3;;15,7;12,6;15,8;14,5;12,6;11,2;82;80;81;;;;
2025/08/18;0700 UTC;;995,3;995,3;995,1;0;16;13;16,1;15,5;13,1;12,4;82;81;82;;;;
2025/08/18;0800 UTC;;995,5;995,5;995,2;;16,1;13,1;16,3;15,9;13,3;12,8;83;82;82;;;;
2025/08/18;0900 UTC;;996,4;996,4;995,5;,8;15,9;13;16,3;15,7;13,3;12,8;83;82;83;;;;
2025/08/18;1000 UTC;;997,3;997,3;996,4;91,3;16,7;13,9;16,7;15,9;13,9;13;83;83;83;;;;
2025/08/18;1100 UTC;;998,2;998,2;997,3;426;18,7;15,5;18,7;16,7;15,5;13,8;83;82;82;;;;
2025/08/18;1200 UTC;;998,9;998,9;998,2;754,1;20,7;16,7;20,7;18,6;16,7;15,4;82;78;78;;;;
2025/08/18;1300 UTC;;998,9;999;998,7;1418,6;22,8;16,4;23,3;20,8;17,6;16,4;78;67;67;;;;
2025/08/18;1400 UTC;;998;998,9;998;1642,4;24,6;16,3;24,6;22,8;16,7;15,7;67;59;60;;;;
2025/08/18;1500 UTC;;997;998;997;2911,8;25,3;15,3;26,5;24,2;16,7;14,1;60;52;54;;;;
2025/08/18;1600 UTC;;996,3;997;996,3;1320,6;24,9;14,1;25,8;24,5;15,4;13,9;54;51;51;;;;
2025/08/18;1700 UTC;;995,6;996,3;995,6;828,5;24,2;13,3;25,2;24,2;14,4;13,2;51;50;50;;;;
2025/08/18;1800 UTC;;995,6;995,6;995,5;428,3;23,7;13,6;24,4;23,6;13,8;13,3;53;50;53;;;;
2025/08/18;1900 UTC;;996,1;996,1;995,6;235,6;22,6;14,2;23,6;22,6;14,3;13,3;59;53;59;;;;
2025/08/18;2000 UTC;;996,5;996,5;996,1;247,9;21,9;13,9;22,6;21,9;14,6;13,9;61;59;60;;;;
2025/08/18;2100 UTC;;996,8;996,8;996,5;26,1;19,7;13,2;21,9;19,7;13,8;13,1;66;60;66;;;;
2025/08/18;2200 UTC;;997,5;997,5;996,8;;19,4;14,1;19,8;19,1;14,2;13,2;71;66;71;;;;
2025/08/18;2300 UTC;;998,2;998,2;997,5;;19,2;14,3;19,6;19,2;14,4;14;73;71;73;;;;
2025/08/19;0000 UTC;;998,4;998,4;998,1;;19,3;14,8;19,3;18,7;14,8;14,1;75;73;75;;;;
2025/08/19;0100 UTC;;998,6;998,6;998,4;;19,3;14,6;19,6;19,3;15;14,6;75;74;74;;;;
2025/08/19;0200 UTC;;998,7;998,8;998,6;;19,1;14,6;19,4;19;14,7;14,6;76;74;76;;;;
2025/08/19;0300 UTC;;998,5;998,8;998,5;;18,8;14,6;19,1;18,8;14,7;14,5;76;76;76;;;;
2025/08/19;0400 UTC;;998,1;998,5;998,1;;18,5;14,6;18,8;18,5;14,6;14,5;78;76;78;;;;
2025/08/19;0500 UTC;;997,5;998,1;997,5;;18,6;14,7;18,7;18,5;14,8;14,6;78;78;78;;;;
2025/08/19;0600 UTC;;997,3;997,6;997,3;;18,3;14,6;18,6;18,3;14,7;14,6;79;78;79;;;;
2025/08/19;0700 UTC;;997,4;997,4;997,3;;18,1;14,6;18,3;18,1;14,7;14,6;80;79;80;;;;
2025/08/19;0800 UTC;;997,5;997,5;997,3;;17,1;13,8;18,1;17,1;14,6;13,8;81;80;81;;;;
2025/08/19;0900 UTC;;998;998;997,5;;16,8;13,7;17,2;16,8;14;13,6;82;81;82;;;;
2025/08/19;1000 UTC;;998,8;998,8;998;174,5;17,4;14,4;17,4;16,7;14,4;13,6;83;82;83;;;;
2025/08/19;1100 UTC;;999,3;999,3;998,8;910,3;19,9;16,1;19,9;17,4;16,1;14,4;83;79;79;;;;
2025/08/19;1200 UTC;;999,8;999,8;999,3;1256,1;22,3;17,1;22,3;19,6;17,5;15,7;79;73;73;;;;
2025/08/19;1300 UTC;;999,7;999,9;999,7;2275,9;23,2;15,6;24,5;22,2;17,9;15,6;73;62;62;;;;
2025/08/19;1400 UTC;;998,9;999,7;998,9;2268,3;24,4;15,3;25,9;22,1;17,2;15,1;65;56;57;;;;
2025/08/19;1500 UTC;;997,8;998,9;997,8;1808,6;24,6;14,1;26,3;23,1;16,5;14,1;59;52;52;;;;
2025/08/19;1600 UTC;;997,2;997,9;997,2;1443,6;24,7;13,4;26,7;23,9;15,3;13,1;54;48;50;;;;
2025/08/19;1700 UTC;;996,7;997,2;996,7;1822,3;24,7;13,9;25,8;24,2;15,2;13,4;54;49;51;;;;
2025/08/19;1800 UTC;;996,3;996,7;996,3;2089,2;25,7;13,6;26,4;24,6;15,1;13,2;51;46;47;;;;
2025/08/19;1900 UTC;;996,5;996,5;996,3;1178,2;24,1;12,9;25,8;23,7;13,6;12,4;50;47;50;;;;
2025/08/19;2000 UTC;;996,8;996,8;996,5;499,2;22;11,8;24,2;22;13;11,8;52;49;52;;;;
2025/08/19;2100 UTC;;997,1;997,1;996,8;45,5;19,3;10,6;22;19,3;11,9;10,6;57;52;57;;;;
2025/08/19;2200 UTC;;997,2;997,3;997;;17,9;10,8;19,4;17,9;11;10,5;63;57;63;;;;
2025/08/19;2300 UTC;;997,6;997,6;997,2;;16,5;10,8;17,9;16,5;11,4;10,7;69;63;69;;;;
2025/08/20;0000 UTC;;997,8;997,9;997,6;;16,5;11,3;16,6;16,1;11,4;10,6;71;69;71;;;;
2025/08/20;0100 UTC;;997,9;998;997,8;;16;11,2;16,6;15,9;11,5;10,9;73;71;73;;;;
2025/08/20;0200 UTC;;997,9;997,9;997,8;;15,4;10,9;16,4;15,4;11,6;10,9;75;73;75;;;;
2025/08/20;0300 UTC;;997,6;997,9;997,6;;15,7;11,5;16;15,4;11,6;10,9;76;75;76;;;;
2025/08/20;0400 UTC;;997,4;997,6;997,3;;14,3;10,5;15,7;14,2;11,4;10,2;78;76;78;;;;
2025/08/20;0500 UTC;;997,4;997,5;997,4;;14,1;10,6;14,5;14;10,7;10,3;79;78;79;;;;
2025/08/20;0600 UTC;;997,5;997,5;997,4;;13,9;10,6;14,3;13,8;10,8;10,4;80;79;80;;;;
2025/08/20;0700 UTC;;997,6;997,7;997,5;;13,7;10,5;14;13,4;10,7;10;81;80;81;;;;
2025/08/20;0800 UTC;;997,8;997,8;997,6;;12,8;9,7;13,8;12,8;10,6;9,7;82;81;82;;;;
2025/08/20;0900 UTC;;998,3;998,3;997,8;0;12,9;9,9;14,2;12,8;11,4;9,7;83;82;82;;;;
2025/08/20;1000 UTC;;998,7;998,7;998,3;298,9;15,8;12,6;15,8;12,9;12,6;10;83;81;81;;;;
2025/08/20;1100 UTC;;999,2;999,2;998,6;1019,3;18,4;15;18,4;15,8;15;12,7;82;80;80;;;;
2025/08/20;1200 UTC;;999,6;999,7;999,2;1796,3;22;17,3;22;18,5;17,3;15;80;74;75;;;;
2025/08/20;1300 UTC;;999,6;999,7;999,5;2454,1;24,1;16,2;24,1;22;17,8;15,6;75;61;62;;;;
2025/08/20;1400 UTC;;999;999,6;999;2807,3;25,1;14,4;26;23,2;16,2;14,2;62;51;52;;;;
2025/08/20;1500 UTC;;998,1;999;998,1;2678,2;25,1;12,2;26,7;24,8;14,9;11,9;52;44;45;;;;
2025/08/20;1600 UTC;;997,2;998,1;997,2;2334,7;26,2;11,8;27,5;25,1;13,6;11,6;45;41;41;;;;
2025/08/20;1700 UTC;;996,1;997,2;996,1;1488;26,5;11,7;26,8;25,7;12,4;11,4;42;40;40;;;;
2025/08/20;1800 UTC;;995,6;996,1;995,6;1653,8;26,2;11,5;28,1;25,8;13,1;10,7;40;37;40;;;;
2025/08/20;1900 UTC;;995,6;995,7;995,5;893,9;25,1;11,5;26,3;25,1;11,9;11;43;39;43;;;;
2025/08/20;2000 UTC;;995,8;995,8;995,6;480,3;22,5;13,6;25,1;22,5;13,8;11,4;57;43;57;;;;
2025/08/20;2100 UTC;;995,4;995,8;995,4;54,7;20;13,7;22,5;20;13,8;13,6;67;57;67;;;;
2025/08/20;2200 UTC;;995,9;995,9;995,4;;19;14,3;20;19;14,3;13,6;74;67;74;;;;
2025/08/20;2300 UTC;;996,4;996,4;995,9;;17,9;14;19;17,8;14,3;13,9;78;74;78;;;;
2025/08/21;0000 UTC;;996,7;996,8;996,4;;17,9;14,6;18,1;17,5;14,7;13,8;81;78;81;;;;
2025/08/21;0100 UTC;;996,7;996,8;996,5;;17,5;14,3;18,3;17,5;15;14,3;82;80;81;;;;
2025/08/21;0200 UTC;;996,9;996,9;996,7;;16,9;14,1;17,5;16,8;14,4;13,8;83;81;83;;;;
2025/08/21;0300 UTC;;996,8;996,9;996,7;;17;14,2;17,3;16,7;14,5;13,8;84;83;83;;;;
2025/08/21;0400 UTC;;996,3;996,8;996,3;;16,6;14;17;16,5;14,2;13,7;84;83;84;;;;
2025/08/21;0500 UTC;;995,7;996,3;995,7;;16,1;13,5;16,7;16,1;14;13,4;85;84;85;;;;
2025/08/21;0600 UTC;;995,6;995,8;995,5;;15,3;12,9;16,1;15,1;13,5;12,5;85;84;85;;;;
2025/08/21;0700 UTC;;995,6;995,7;995,5;;15,5;13,1;15,5;14,9;13,1;12,4;86;85;86;;;;
2025/08/21;0800 UTC;;996;996;995,6;;16,1;13,7;16,1;15,5;13,7;13,1;86;86;86;;;;
2025/08/21;0900 UTC;;996,7;996,7;996;1,7;16,1;13,7;16,2;16;13,9;13,7;86;86;86;;;;
2025/08/21;1000 UTC;;997,1;997,2;996,7;211,6;16,8;14,5;16,8;16,1;14,5;13,7;86;86;86;;;;
2025/08/21;1100 UTC;;997,8;997,8;997,1;664,3;18,3;15,9;18,4;16,8;16;14,5;86;86;86;;;;
2025/08/21;1200 UTC;;998,5;998,5;997,7;1652,7;21,3;17,9;21,5;18;18,2;15,6;86;81;81;;;;
2025/08/21;1300 UTC;;998,3;998,6;998,3;2065,7;23,6;18,8;24,1;21,3;19,6;17,9;81;74;74;;;;
2025/08/21;1400 UTC;;997,7;998,3;997,7;1550,8;24,3;17,8;25;23,3;19,2;17,5;75;67;67;;;;
2025/08/21;1500 UTC;;996,7;997,7;996,7;1930,1;25,4;17,1;26,6;23,9;18,8;17,1;68;60;60;;;;
2025/08/21;1600 UTC;;995,8;996,7;995,8;1446;26,5;16,5;26,8;25,2;17,8;16,4;61;54;54;;;;
2025/08/21;1700 UTC;;994,9;995,8;994,9;1607;26,4;15,5;28,1;26,3;17,3;15,5;55;50;51;;;;
2025/08/21;1800 UTC;;994,5;994,9;994,5;1472,6;28,3;17;28,3;26,1;17;15,2;53;49;50;;;;
2025/08/21;1900 UTC;;995;995;994,5;1040,8;24,1;17,2;28,5;23,4;17,5;15,6;65;49;65;;;;
2025/08/21;2000 UTC;;995,2;995,2;995;576,4;22,4;16,1;24,5;22,4;17,5;16,1;68;65;67;;;;
2025/08/21;2100 UTC;;995,2;995,3;995,2;52,7;20,6;15,4;22,4;20,6;16,1;15,4;73;67;73;;;;
2025/08/21;2200 UTC;;995,5;995,5;995,1;;19,7;15,7;20,6;19,6;15,7;15,3;78;73;78;;;;
2025/08/21;2300 UTC;;996,1;996,1;995,5;;18,9;15,4;19,9;18,9;16;15,4;80;78;80;;;;
2025/08/22;0000 UTC;;996,6;996,6;996,1;;19,4;15,8;19,5;18,8;16;15,3;81;80;80;;;;
2025/08/22;0100 UTC;;996,9;996,9;996,6;;19,1;15,7;19,4;19;16;15,5;81;80;80;;;;
2025/08/22;0200 UTC;;996,8;997,1;996,8;;18,8;15,6;19,3;18,5;15,9;15,2;82;80;82;;;;
2025/08/22;0300 UTC;;996,4;996,9;996,4;;18,3;15,2;18,9;18;15,6;14,9;82;81;82;;;;
2025/08/22;0400 UTC;;995,8;996,4;995,8;;17,9;14,8;18,6;17,8;15,5;14,8;83;82;82;;;;
2025/08/22;0500 UTC;;995,4;995,8;995,4;;17,3;14,4;18;17,3;15;14,4;83;82;83;;;;
2025/08/22;0600 UTC;;994,9;995,4;994,9;;17,1;14,4;17,3;16,6;14,4;13,8;84;83;84;;;;
2025/08/22;0700 UTC;;995,1;995,1;994,8;0;17,4;14,8;17,5;17,1;14,9;14,4;85;84;84;;;;
2025/08/22;0800 UTC;;995,3;995,3;995;;17,5;14,9;17,5;17,2;14,9;14,6;85;84;85;;;;
2025/08/22;0900 UTC;;995,8;995,8;995,3;2,2;17,2;14,7;17,5;17,1;14,9;14,6;85;85;85;;;;
2025/08/22;1000 UTC;;996,3;996,3;995,8;145,3;18,3;15,8;18,3;17,2;15,8;14,8;86;85;86;;;;
2025/08/22;1100 UTC;;997;997;996,3;572;19,9;17,1;19,9;18,2;17,1;15,8;86;84;84;;;;
2025/08/22;1200 UTC;;997,6;997,6;997;1077,2;22,3;18,3;22,7;19,8;19;17;84;78;78;;;;
2025/08/22;1300 UTC;;997,4;997,6;997,4;1704,9;24,8;18,5;25,7;22,3;19,7;18,3;79;68;68;;;;
2025/08/22;1400 UTC;;997;997,4;997;2261,1;25,6;17,6;26,7;24,2;19,5;16,5;69;59;61;;;;
2025/08/22;1500 UTC;;996,2;997;996,2;2610,8;27,2;16,1;27,7;24,7;17,9;15,6;61;51;51;;;;
2025/08/22;1600 UTC;;995,3;996,2;995,3;2226,3;28,3;15,1;28,5;25,7;16,3;14,1;52;45;45;;;;
2025/08/22;1700 UTC;;994,3;995,3;994,3;1749,6;27,8;13,5;28,3;25,4;15,2;13,1;48;41;41;;;;
2025/08/22;1800 UTC;;993,9;994,4;993,8;1934,5;27,2;11,5;28,4;25,7;14,5;11,3;44;37;37;;;;
2025/08/22;1900 UTC;;994,3;994,3;993,9;1251,6;26,3;11,5;27,6;25;12,2;10,4;42;35;40;;;;
2025/08/22;2000 UTC;;994,4;994,4;994,2;660,6;25;10,9;26,7;25;11,4;10,1;41;37;41;;;;
2025/08/22;2100 UTC;;995;995;994,4;49,2;21,5;14,1;25;21,5;14,2;11;63;41;63;;;;
2025/08/22;2200 UTC;;995,4;995,4;995;;21,1;14,6;21,5;21,1;14,8;14,1;66;63;66;;;;
2025/08/22;2300 UTC;;995,9;995,9;995,4;;19,7;14;21,1;19,7;14,6;14;70;66;70;;;;
2025/08/23;0000 UTC;;996,5;996,5;995,9;;20,1;14,7;20,3;19,5;14,7;13,9;71;70;71;;;;
2025/08/23;0100 UTC;;997,3;997,3;996,5;;19,8;14,7;20,1;19,8;14,9;14,6;72;71;72;;;;
2025/08/23;0200 UTC;;997,4;997,4;997,3;;19,6;14,5;20,1;19,6;14,9;14,5;73;72;73;;;;
2025/08/23;0300 UTC;;997;997,4;997;;19,1;14,3;19,7;19;14,6;14,1;74;72;74;;;;
2025/08/23;0400 UTC;;996,6;997;996,5;;18,3;14,1;19,1;18;14,4;13,7;77;74;76;;;;
2025/08/23;0500 UTC;;996,1;996,6;996,1;;18,6;14,3;19,6;18,3;15,2;14,2;77;75;76;;;;
2025/08/23;0600 UTC;;995,6;996,1;995,6;;18,9;14,7;18,9;18,4;14,7;14,3;77;76;77;;;;
2025/08/23;0700 UTC;;995,3;995,6;995,3;;17,7;14;18,9;17,7;14,7;13,9;79;77;79;;;;
2025/08/23;0800 UTC;;995,4;995,4;995,2;;17,2;13,7;18;17,2;14,3;13,7;80;79;80;;;;
2025/08/23;0900 UTC;;996,2;996,2;995,4;;16,9;13,5;17,3;16,8;13,8;13,3;81;80;81;;;;
2025/08/23;1000 UTC;;996,9;996,9;996,2;294,8;18,6;15,1;18,6;16,9;15,1;13,5;81;80;80;;;;
2025/08/23;1100 UTC;;997,2;997,2;996,9;1039,7;21,9;17,3;21,9;18,6;17,3;15,1;80;75;75;;;;
2025/08/23;1200 UTC;;998;998;997,2;1478,4;23,9;18;24,2;21,9;18,3;16,6;75;68;70;;;;
2025/08/23;1300 UTC;;998;998,3;998;1673,2;25;16,2;25,4;23,3;18,1;15,9;70;58;58;;;;
2025/08/23;1400 UTC;;997,3;998;997,3;2453,6;26,8;16,7;27;25;17,2;15,4;58;52;54;;;;
2025/08/23;1500 UTC;;996,4;997,3;996,4;1521,8;26,7;16,7;26,8;25,5;16,7;15,6;55;53;54;;;;
2025/08/23;1600 UTC;;995,2;996,4;995,2;1783,5;27,3;15,9;27,7;25,9;16,8;15,2;54;49;50;;;;
2025/08/23;1700 UTC;;994,4;995,2;994,4;2080,2;27;15,1;28,6;26,8;16,6;14,4;50;45;48;;;;
2025/08/23;1800 UTC;;994,2;994,4;994,1;1096,7;25,9;15,7;27,5;25,9;16;14,9;54;48;54;;;;
2025/08/23;1900 UTC;;994,4;994,6;994,2;603,5;24,9;16;26;24,9;16,2;15,5;58;54;58;;;;
2025/08/23;2000 UTC;;994,8;994,9;994,4;333,3;22,2;16,1;24,9;22,2;16,5;15,8;68;58;68;;;;
2025/08/23;2100 UTC;;994,7;994,8;994,7;23;20,7;16;22,2;20,7;16,2;15,8;74;68;74;;;;
2025/08/23;2200 UTC;;995,3;995,3;994,7;;19,8;16;20,7;19,6;16,3;15,7;79;74;79;;;;
2025/08/23;2300 UTC;;995,9;995,9;995,3;;20;16,7;20;19,6;16,7;15,9;81;79;81;;;;
2025/08/24;0000 UTC;;996;996,2;995,9;;19,6;16,6;20,1;19,6;16,9;16,6;83;81;83;;;;
2025/08/24;0100 UTC;;996,4;996,4;996;;19,4;16,6;19,7;19,4;16,8;16,5;84;83;84;;;;
2025/08/24;0200 UTC;;996,6;996,6;996,4;;19,5;16,7;19,5;19,1;16,7;16,3;84;84;84;;;;
2025/08/24;0300 UTC;;996,4;996,6;996,4;;19,7;16,9;19,7;19,3;16,9;16,4;84;84;84;;;;
2025/08/24;0400 UTC;;996;996,4;996;;19,3;16,6;20;19,3;17,1;16,5;84;83;84;;;;
2025/08/24;0500 UTC;;995,8;996;995,8;;19,9;17;19,9;19,3;17;16,5;84;84;84;;;;
2025/08/24;0600 UTC;;995,4;995,8;995,4;;19,6;16,9;19,9;19,6;17;16,8;84;84;84;;;;
2025/08/24;0700 UTC;;995,5;995,5;995,4;;19,3;16,7;19,6;19,3;16,9;16,6;85;84;85;;;;
2025/08/24;0800 UTC;;995,7;995,7;995,4;,2;19,4;16,7;19,4;19,3;16,7;16,7;85;85;85;;;;
2025/08/24;0900 UTC;;996,2;996,2;995,7;2,6;19,1;16,6;19,4;19,1;16,8;16,6;85;85;85;;;;
2025/08/24;1000 UTC;;996,6;996,6;996,2;288,8;21,1;18,2;21,1;19;18,2;16,5;86;84;84;;;;
2025/08/24;1100 UTC;;997,2;997,2;996,6;757,9;22,6;18,8;22,8;21;19,4;18;84;79;80;;;;
2025/08/24;1200 UTC;;997,7;997,7;997,2;843,3;22,7;18,7;23,4;22,2;19,2;18,2;80;77;78;;;;
2025/08/24;1300 UTC;;997,5;997,8;997,5;1985,1;26,3;19,8;26,6;22,7;20,6;18,9;79;67;67;;;;
2025/08/24;1400 UTC;;997,1;997,5;997,1;2212,7;27,3;18,8;28,4;25,2;20,3;18,5;69;59;60;;;;
2025/08/24;1500 UTC;;996,4;997,1;996,4;2020,3;26,9;18,1;28,2;26,2;19,6;17,8;62;58;59;;;;
2025/08/24;1600 UTC;;995;996,4;995;1740,9;27,9;17,6;28,9;26,8;19,2;17,3;59;53;54;;;;
2025/08/24;1700 UTC;;994,2;995;994,2;1069,8;28,1;18,1;28,1;25,8;18,1;16,7;60;53;54;;;;
2025/08/24;1800 UTC;;994;994,2;993,9;1290,1;28,1;16,4;28,3;27,5;17,8;15,8;54;48;49;;;;
2025/08/24;1900 UTC;;994,3;994,4;993,9;687,5;25,4;16,7;28,3;25;17,1;16,1;60;49;58;;;;
2025/08/24;2000 UTC;;994,5;994,5;994,2;469,9;25;16,5;25,6;25;16,9;16,3;59;57;59;;;;
2025/08/24;2100 UTC;;994,8;994,9;994,5;42,7;22,5;16,2;25;22,5;16,5;16,2;68;59;68;;;;
2025/08/24;2200 UTC;;995,5;995,5;994,8;;21,3;15,7;22,5;21,2;16,1;15,6;71;67;71;;;;
2025/08/24;2300 UTC;;996,1;996,1;995,5;;21;15,8;21,3;21;16;15,6;72;71;72;;;;
2025/08/25;0000 UTC;;996,7;996,7;996,1;;19,9;15,6;21;19,6;15,7;15,2;76;72;76;;;;
2025/08/25;0100 UTC;;997;997;996,7;;20,6;16,5;20,8;19,8;16,6;15,5;77;76;77;;;;
2025/08/25;0200 UTC;;997,4;997,4;997;;20,9;17;21,1;20,5;17;16,4;78;77;78;;;;
2025/08/25;0300 UTC;;997,4;997,5;997,3;;20,2;16,6;21;20,2;17,1;16,6;80;78;80;;;;
2025/08/25;0400 UTC;;997,1;997,4;997,1;;20,1;16,8;20,3;20;16,9;16,4;81;80;81;;;;
2025/08/25;0500 UTC;;996,8;997,1;996,8;;19,7;16,5;20,2;19,7;16,9;16,4;82;81;82;;;;
2025/08/25;0600 UTC;;996,3;996,8;996,3;;19,3;16,1;19,8;19,1;16,6;15,9;82;81;82;;;;
2025/08/25;0700 UTC;;996,3;996,3;996,2;;18,7;15,7;19,3;18,7;16,2;15,7;83;82;83;;;;
2025/08/25;0800 UTC;;996,8;996,8;996,3;;19,2;16,2;19,2;18,6;16,3;15,6;83;83;83;;;;
2025/08/25;0900 UTC;;997;997;996,8;1,2;18,8;15,9;19,2;18,8;16,2;15,8;83;82;83;;;;
2025/08/25;1000 UTC;;997,4;997,4;997;299,9;20,9;17,6;20,9;18,8;17,6;15,9;83;81;81;;;;
2025/08/25;1100 UTC;;998,3;998,3;997,4;998,9;23;18,6;23,5;20,9;19,2;17,4;81;76;76;;;;
2025/08/25;1200 UTC;;998,8;998,8;998,3;1704,2;25,2;19;25,2;22,7;19,4;18,2;77;69;69;;;;
2025/08/25;1300 UTC;;998,9;999,1;998,8;2033,3;25,7;17,7;26,8;24,7;19,3;17,7;69;61;62;;;;
2025/08/25;1400 UTC;;997,9;998,9;997,9;2722,4;27,4;17,5;28,4;25,5;19,3;17,5;63;55;55;;;;
2025/08/25;1500 UTC;;997,1;997,9;997,1;2323,2;27,2;16,6;29,3;26,6;18,7;16,2;56;51;52;;;;
2025/08/25;1600 UTC;;996,3;997,1;996,3;2178,4;28,9;16,1;29,8;27,2;17,9;15;52;44;46;;;;
2025/08/25;1700 UTC;;995,4;996,3;995,4;1981,4;28,5;14,5;30,1;27,9;16,9;14,2;46;40;43;;;;
2025/08/25;1800 UTC;;994,8;995,4;994,8;1263,6;28,8;15,8;29,2;27,5;16,6;14,2;48;42;45;;;;
2025/08/25;1900 UTC;;994,9;994,9;994,7;1526,2;27,7;15,2;29,4;27,5;16,1;15;47;43;47;;;;
2025/08/25;2000 UTC;;995,3;995,3;994,9;555,2;24,8;15,6;27,8;24,8;15,7;15;57;47;57;;;;
2025/08/25;2100 UTC;;995,8;995,8;995,3;33,7;22,8;15,6;24,8;22,7;15,6;15,3;64;57;64;;;;
2025/08/25;2200 UTC;;996,5;996,5;995,8;;21,3;15,4;22,8;21,3;15,7;15,4;69;64;69;;;;
2025/08/25;2300 UTC;;997,1;997,1;996,4;;20,2;15,4;21,3;20,2;15,6;15,3;74;69;74;;;;
2025/08/26;0000 UTC;;997,5;997,5;997,1;;19,4;15,2;20,2;19,4;15,3;15,1;76;74;76;;;;
2025/08/26;0100 UTC;;998;998;997,5;;18,9;15;19,4;18,8;15,2;14,9;78;76;78;;;;
2025/08/26;0200 UTC;;998,3;998,3;998;;18,1;14,6;19,1;18,1;15,3;14,6;80;78;80;;;;
2025/08/26;0300 UTC;;997,9;998,3;997,9;;17,8;14,4;18,1;17,8;14,7;14,4;81;80;81;;;;
2025/08/26;0400 UTC;;997,5;997,9;997,5;;17,6;14,5;17,9;17,5;14,6;14,3;82;81;82;;;;
2025/08/26;0500 UTC;;997,2;997,5;997,2;;17,5;14,6;17,7;17,5;14,7;14,5;83;82;83;;;;
2025/08/26;0600 UTC;;997,2;997,3;997,2;;17,2;14,4;17,7;16,9;14,8;13,9;84;83;83;;;;
2025/08/26;0700 UTC;;996,9;997,3;996,9;;16,5;13,8;17,2;16,5;14,5;13,8;84;83;84;;;;
2025/08/26;0800 UTC;;997,1;997,1;996,9;;15,8;13,2;16,7;15,7;14,1;13,1;85;84;85;;;;
2025/08/26;0900 UTC;;997,6;997,6;997,1;,8;15,4;12,9;15,8;15,1;13,3;12,5;85;85;85;;;;
2025/08/26;1000 UTC;;998,2;998,2;997,6;231,6;16,1;13,6;16,3;15,3;13,8;12,8;86;85;85;;;;
2025/08/26;1100 UTC;;998,6;998,7;998,2;690,7;18,6;16,1;18,6;16,1;16,1;13,6;86;85;86;;;;
2025/08/26;1200 UTC;;999,2;999,2;998,6;1234;22,2;18,9;22,2;18,2;18,9;15,7;86;82;82;;;;
2025/08/26;1300 UTC;;999,2;999,3;999,2;1985,3;23,9;18,3;25,4;21,8;20,8;18,3;82;70;71;;;;
2025/08/26;1400 UTC;;998,7;999,2;998,7;1833;24,8;17,5;26,3;23,7;19,7;16,9;72;64;64;;;;
2025/08/26;1500 UTC;;997,7;998,7;997,7;3073,6;27,5;16,5;28,6;24,6;18,7;16,5;65;51;51;;;;
2025/08/26;1600 UTC;;996,6;997,7;996,6;1907,9;29,1;15,4;29,2;25,6;16,3;14,7;53;43;43;;;;
2025/08/26;1700 UTC;;995,7;996,7;995,7;1765;27,9;13,4;29,3;26,4;15,5;13,1;46;41;41;;;;
2025/08/26;1800 UTC;;995,6;995,7;995,3;1822,4;27;12,5;28,8;26,3;14,6;12,3;44;38;41;;;;
2025/08/26;1900 UTC;;995,7;995,7;995,6;1089,1;27;12,5;27,8;26,7;13,6;12,2;42;40;41;;;;
2025/08/26;2000 UTC;;996,1;996,1;995,6;625,9;24,5;11,7;27;24,5;12,5;11,7;45;40;45;;;;
2025/08/26;2100 UTC;;996,6;996,6;996,1;31,5;21,2;11,5;24,5;21,2;11,8;11,5;54;45;54;;;;
2025/08/26;2200 UTC;;996,9;996,9;996,5;;19,9;11,9;21,2;19,8;12,1;11,4;60;54;60;;;;
2025/08/26;2300 UTC;;997,7;997,7;996,9;;18,3;12,1;20;18,2;12,2;11,4;67;60;67;;;;
2025/08/27;0000 UTC;;998,4;998,4;997,7;;17,7;12,5;18,3;17,6;12,5;11,9;72;67;72;;;;
2025/08/27;0100 UTC;;998,7;998,8;998,4;;17,3;12,7;17,8;17,3;12,8;12,5;74;72;74;;;;
2025/08/27;0200 UTC;;999;999;998,7;;16,5;12,5;17,3;16,5;12,6;12,3;77;74;77;;;;
2025/08/27;0300 UTC;;998,6;999,1;998,6;;16,7;13,1;17,2;16,5;13,4;12,5;79;77;79;;;;
2025/08/27;0400 UTC;;998;998,6;998;;15,8;12,4;16,8;15,5;13,2;12;80;79;80;;;;
2025/08/27;0500 UTC;;997,8;998,1;997,7;;15,6;12,3;16,1;15,6;12,8;12,3;81;80;81;;;;
2025/08/27;0600 UTC;;997,4;997,8;997,4;;15,6;12,6;15,9;15,4;12,8;12,2;82;81;82;;;;
2025/08/27;0700 UTC;;997,5;997,5;997,3;;15,6;12,7;15,7;15,2;12,8;12,2;83;82;83;;;;
2025/08/27;0800 UTC;;997,6;997,6;997,5;;15,2;12,4;15,7;15;12,8;12,1;84;83;84;;;;
2025/08/27;0900 UTC;;998,2;998,2;997,6;2,2;15,3;12,6;15,6;14,9;12,9;12,1;84;83;84;;;;
2025/08/27;1000 UTC;;998,7;998,7;998,2;215,2;16,2;13,6;16,2;14,7;13,6;12;85;84;85;;;;
2025/08/27;1100 UTC;;999,1;999,1;998,7;1024,7;19,8;16,7;19,8;16,1;16,7;13,5;85;82;82;;;;
2025/08/27;1200 UTC;;999,6;999,7;999,1;1847,9;22,7;18,1;23,2;19,9;18,8;16,7;82;75;75;;;;
2025/08/27;1300 UTC;;999,6;999,7;999,6;1834,7;24,6;17,3;24,9;22,6;19;16,7;76;64;64;;;;
2025/08/27;1400 UTC;;998,9;999,6;998,9;3022,7;25,8;15,4;26,9;24,6;17,7;14,9;64;51;53;;;;
2025/08/27;1500 UTC;;998,1;998,9;998,1;2441,1;26,7;14,8;28,4;25,3;16,5;13,6;53;46;48;;;;
2025/08/27;1600 UTC;;997,1;998,1;997,1;2842,5;28,4;12,3;28,6;25,9;15,4;12,3;48;37;37;;;;
2025/08/27;1700 UTC;;996,1;997,1;996,1;2368,3;27,4;10,5;29,7;27;13,1;10,2;37;34;35;;;;
2025/08/27;1800 UTC;;995,6;996,1;995,6;2183,7;28,9;9,2;29,8;27,4;11,4;8,8;36;28;29;;;;
2025/08/27;1900 UTC;;995,6;995,6;995,4;1332,4;27,3;13,1;29,4;26,4;13,4;9,2;42;29;42;;;;
2025/08/27;2000 UTC;;996,3;996,3;995,6;650,2;24,7;14;27,3;24,7;14,1;13,1;52;42;52;;;;
2025/08/27;2100 UTC;;996,8;996,8;996,3;33,2;22,2;14,8;24,7;22;14,8;14;63;52;63;;;;
2025/08/27;2200 UTC;;997,4;997,4;996,8;;20,6;14,8;22,2;20,6;14,8;14,6;69;63;69;;;;
2025/08/27;2300 UTC;;998,4;998,4;997,4;;20;15,2;20,8;19,9;15,3;14,8;74;69;74;;;;
2025/08/28;0000 UTC;;998,6;998,6;998,4;;18,9;14,9;20;18,8;15,3;14,6;78;74;78;;;;
2025/08/28;0100 UTC;;998,6;998,6;998,5;;18;14,6;18,9;17,8;14,8;14,3;80;77;80;;;;
2025/08/28;0200 UTC;;998,7;998,8;998,6;;18,5;15,2;18,5;17,8;15,2;14,5;82;80;82;;;;
2025/08/28;0300 UTC;;998,5;998,7;998,5;;18,4;15,4;18,5;17,6;15,4;14,5;83;81;83;;;;
2025/08/28;0400 UTC;;998,4;998,6;998,3;;18,4;15,5;18,5;18;15,6;15;83;82;83;;;;
2025/08/28;0500 UTC;;997,9;998,4;997,9;;18,6;15,8;18,6;18,4;15,8;15,5;83;83;83;;;;
2025/08/28;0600 UTC;;997,6;997,9;997,6;;18,5;15,7;18,6;18,5;15,8;15,7;84;83;84;;;;
2025/08/28;0700 UTC;;997,5;997,7;997,5;;18,4;15,7;18,5;18,3;15,7;15,5;84;84;84;;;;
2025/08/28;0800 UTC;;997,7;997,7;997,5;;18,5;15,8;18,6;18,3;15,9;15,6;84;84;84;;;;
2025/08/28;0900 UTC;;998,1;998,1;997,7;1,7;18,5;16;18,5;18,4;16;15,8;85;84;85;;;;
2025/08/28;1000 UTC;;998,7;998,8;998,1;115,6;18,9;16,4;19,1;18,5;16,5;15,9;85;85;85;;;;
2025/08/28;1100 UTC;;999,3;999,3;998,7;500,5;19,5;17;19,7;18,9;17,1;16,4;86;85;85;;;;
2025/08/28;1200 UTC;;999,7;999,7;999,3;582,6;21,3;18,3;21,3;19,5;18,5;17;85;83;83;;;;
2025/08/28;1300 UTC;;999,5;999,8;999,5;1545,7;23;19,2;23,2;21,3;19,7;18,2;83;78;79;;;;
2025/08/28;1400 UTC;;998,5;999,6;998,5;2290,8;26,1;20,1;26,3;23;21;19;79;70;70;;;;
2025/08/28;1500 UTC;;997,4;998,5;997,4;2637,6;27,2;18,1;28,5;24,7;20,1;17,7;69;57;58;;;;
2025/08/28;1600 UTC;;996,1;997,4;996,1;2863;28,8;16,5;29,2;26,3;18,8;16,3;58;47;47;;;;
2025/08/28;1700 UTC;;995,2;996,2;995,2;2254,2;28,9;15,5;29,5;27,1;17,3;14,8;49;44;44;;;;
2025/08/28;1800 UTC;;994,6;995,2;994,6;1592,2;29;14,2;29,8;27,1;15,9;13,3;46;40;40;;;;
2025/08/28;1900 UTC;;994,7;994,8;994,4;1302,4;27,4;15,2;29,3;26,3;15,6;13,8;49;40;47;;;;
2025/08/28;2000 UTC;;995,2;995,2;994,7;531,3;25;14,7;27,7;25;15,3;14,4;53;47;53;;;;
2025/08/28;2100 UTC;;995,8;995,8;995,2;32,9;22,7;14,6;25;22,7;14,7;14,4;60;53;60;;;;
2025/08/28;2200 UTC;;996,3;996,3;995,8;;21,1;15;22,7;21,1;15,1;14,5;68;60;68;;;;
2025/08/28;2300 UTC;;996,8;996,8;996,3;;19,7;15;21,1;19,7;15,2;15;74;68;74;;;;
2025/08/29;0000 UTC;;996,9;997;996,8;;18,6;14,7;19,7;18,6;15;14,6;78;74;78;;;;
2025/08/29;0100 UTC;;997,1;997,2;996,9;;18,3;14,8;18,6;18,2;14,9;14,5;80;78;80;;;;
2025/08/29;0200 UTC;;997,1;997,2;997,1;;18;14,8;18,3;17,9;14,8;14,6;82;80;82;;;;
2025/08/29;0300 UTC;;996,7;997,1;996,7;;17,9;14,9;18,3;17,8;15,2;14,6;82;82;82;;;;
2025/08/29;0400 UTC;;996;996,7;996;;18,1;15,2;18,1;17,9;15,2;14,9;83;82;83;;;;
2025/08/29;0500 UTC;;995,4;996;995,4;;18;15,1;18,2;18;15,4;15,1;84;83;83;;;;
2025/08/29;0600 UTC;;995,1;995,4;995,1;;17,5;14,8;18,2;17,3;15,3;14,5;84;83;84;;;;
2025/08/29;0700 UTC;;995,2;995,3;995;;17,3;14,6;17,6;17,1;14,9;14,4;84;84;84;;;;
2025/08/29;0800 UTC;;995,3;995,3;995,2;;16,9;14,3;17,3;16,7;14,6;14,1;85;84;85;;;;
2025/08/29;0900 UTC;;995,7;995,7;995,3;3,1;17,1;14,6;17,1;16,8;14,6;14,3;85;85;85;;;;
2025/08/29;1000 UTC;;996,1;996,1;995,7;172,5;18,1;15,6;18,1;17;15,6;14,6;86;85;86;;;;
2025/08/29;1100 UTC;;996,6;996,6;996,1;636,2;19,6;17;19,9;18;17,3;15,5;86;85;85;;;;
2025/08/29;1200 UTC;;996,8;996,9;996,6;1751,1;23,3;19,5;23,3;19,5;19,6;16,9;86;78;79;;;;
2025/08/29;1300 UTC;;996,5;996,8;996,5;2254,7;24,3;18,5;25,5;23,3;20,4;18,5;79;70;70;;;;
2025/08/29;1400 UTC;;996;996,5;996;1974,9;25,2;17,4;26,6;23,9;19,9;17,2;71;61;62;;;;
2025/08/29;1500 UTC;;994,8;996;994,8;2137,3;28,4;17,7;28,4;25,1;18,8;17,1;63;52;52;;;;
2025/08/29;1600 UTC;;994;994,9;994;1957,4;26,7;15,9;29;25,9;18,2;15,5;55;50;51;;;;
2025/08/29;1700 UTC;;993,1;994;993,1;2367,4;26,7;15;29;26,6;17,1;15;51;45;49;;;;
2025/08/29;1800 UTC;;992,9;993,1;992,9;1723,5;26,9;15,1;28,8;26,4;17;14,6;51;46;49;;;;
2025/08/29;1900 UTC;;993,1;993,1;992,8;1413,8;26,1;15,1;28;26,1;15,7;14,4;51;47;51;;;;
2025/08/29;2000 UTC;;993,5;993,6;993,1;447;24,1;15,1;26,1;24,1;15,7;14,9;57;51;57;;;;
2025/08/29;2100 UTC;;994,2;994,2;993,5;33;21,9;15,3;24,1;21,9;15,5;15,1;66;57;66;;;;
2025/08/29;2200 UTC;;995;995;994,2;;21,4;15,6;21,9;21,4;15,6;15,2;69;66;69;;;;
2025/08/29;2300 UTC;;995,6;995,6;994,9;;20,2;15,3;21,4;20,2;15,6;15,3;74;69;74;;;;
2025/08/30;0000 UTC;;996,2;996,2;995,6;;19;14,9;20,2;19;15,4;14,8;77;74;77;;;;
2025/08/30;0100 UTC;;996,7;996,7;996,2;;18,6;15;18,9;18,6;15;14,8;79;77;79;;;;
2025/08/30;0200 UTC;;996,8;996,8;996,6;;18,2;14,9;18,6;18,2;15;14,7;81;79;81;;;;
2025/08/30;0300 UTC;;996,2;996,8;996,2;;18,3;15,1;18,6;18,2;15,4;14,9;82;81;82;;;;
2025/08/30;0400 UTC;;995,7;996,2;995,7;;18;15;18,5;18;15,5;15;83;82;83;;;;
2025/08/30;0500 UTC;;995,2;995,7;995,2;;17,9;15;18,2;17,9;15,3;15;83;83;83;;;;
2025/08/30;0600 UTC;;994,8;995,2;994,8;;17,4;14,7;17,9;17,4;15;14,6;84;83;84;;;;
2025/08/30;0700 UTC;;994,8;994,8;994,7;;17,3;14,7;17,4;16,8;14,7;14,2;85;84;85;;;;
2025/08/30;0800 UTC;;995,1;995,1;994,8;;16,7;14,2;17,4;16,7;14,8;14,2;85;85;85;;;;
2025/08/30;0900 UTC;;995,9;995,9;995,1;4,3;16,3;13,9;16,7;16,3;14,2;13,8;86;85;86;;;;
2025/08/30;1000 UTC;;996,4;996,4;995,9;256,6;17,4;15,1;17,5;16,3;15,2;13,9;86;86;86;;;;
2025/08/30;1100 UTC;;997;997;996,4;688,3;19;16,7;19,2;17,3;16,9;14,9;87;86;86;;;;
2025/08/30;1200 UTC;;997,4;997,5;997;1369,6;21,6;18,5;21,6;19,1;18,6;16,7;87;82;82;;;;
2025/08/30;1300 UTC;;997,2;997,5;997,2;2329;23,8;18,5;25,6;21,6;20,4;18,5;83;72;72;;;;
2025/08/30;1400 UTC;;996,2;997,2;996,2;2902,5;27,3;19,2;27,4;23,8;20,7;18,2;73;60;61;;;;
2025/08/30;1500 UTC;;995,3;996,2;995,3;2875,9;27,9;17,3;28,7;25,5;19,8;17;61;52;52;;;;
2025/08/30;1600 UTC;;994,4;995,3;994,4;2539,3;28,7;16,2;28,9;26,9;17,9;15;53;46;47;;;;
2025/08/30;1700 UTC;;993,6;994,3;993,6;2047,3;28,4;14,7;29,8;27,1;16,5;13,3;47;40;43;;;;
2025/08/30;1800 UTC;;993,2;993,6;993,2;1784,9;28;12,6;29,9;27,5;14,9;12,6;43;36;39;;;;
2025/08/30;1900 UTC;;993,6;993,6;993,1;1284,4;26,9;14;28,9;26,9;14;12,1;45;36;45;;;;
2025/08/30;2000 UTC;;994,1;994,1;993,6;428,8;24,8;15,1;26,9;24,8;15,3;14,1;55;45;55;;;;
2025/08/30;2100 UTC;;995;995;994,1;39,9;22,6;15,1;24,8;22,6;15,2;14,8;63;55;63;;;;
2025/08/30;2200 UTC;;995,8;995,8;995;;21,3;15,5;22,7;21,3;15,6;15;70;63;70;;;;
2025/08/30;2300 UTC;;996,7;996,7;995,8;;20,6;15,8;21,4;20,5;15,8;15,5;74;70;74;;;;
2025/08/31;0000 UTC;;997,2;997,2;996,7;;20;15,8;20,6;20;15,9;15,6;77;74;77;;;;
2025/08/31;0100 UTC;;997,4;997,5;997,2;;19,5;15,8;20;19,5;16;15,8;79;77;79;;;;
2025/08/31;0200 UTC;;997,5;997,5;997,4;;19,2;15,9;19,6;19,2;16;15,7;81;79;81;;;;
2025/08/31;0300 UTC;;997,1;997,5;997,1;;19,1;16;19,4;18,9;16,2;15,7;83;81;82;;;;
2025/08/31;0400 UTC;;996,6;997,1;996,6;;19;16,1;19,2;19;16,1;16;83;82;83;;;;
2025/08/31;0500 UTC;;996,3;996,6;996,3;;18,9;16,1;19;18,8;16,2;15,9;84;83;84;;;;
2025/08/31;0600 UTC;;996,2;996,4;996,1;;19;16,4;19,1;18,9;16,4;16,1;85;84;85;;;;
2025/08/31;0700 UTC;;996,2;996,3;996,1;;18,8;16,2;19,1;18,8;16,4;16,2;85;85;85;;;;
2025/08/31;0800 UTC;;996,6;996,6;996,2;;18,6;16,1;18,8;18,6;16,3;16,1;85;85;85;;;;
2025/08/31;0900 UTC;;997,3;997,3;996,6;2,4;18,5;16,1;18,7;18,4;16,2;16;86;85;86;;;;
2025/08/31;1000 UTC;;997,7;997,7;997,3;235,1;18,9;16,4;18,9;18,5;16,5;16,1;86;86;86;;;;
2025/08/31;1100 UTC;;998,3;998,3;997,7;979,9;21;18,2;21,1;18,9;18,3;16,5;86;83;84;;;;
2025/08/31;1200 UTC;;998,7;998,7;998,3;1111,8;22,4;18,8;22,8;21;19,4;18;84;80;80;;;;
2025/08/31;1300 UTC;;998,5;998,8;998,5;2365,2;25,7;20,1;25,8;22,4;20,5;18,7;81;71;71;;;;
2025/08/31;1400 UTC;;997,8;998,5;997,8;2770,7;25,7;18,5;26,5;24,4;20,3;17,9;71;65;65;;;;
2025/08/31;1500 UTC;;997,2;997,8;997,2;1599,4;25,3;17,6;27,4;24,8;19,8;17,4;66;60;63;;;;
2025/08/31;1600 UTC;;996,4;997,3;996,4;2053,4;25,8;17,2;27,6;25,1;19,1;17,2;64;57;59;;;;
2025/08/31;1700 UTC;;995,7;996,4;995,7;2169;27;16,8;29;25,3;18,7;16,2;60;50;54;;;;
2025/08/31;1800 UTC;;995,7;995,7;995,4;1311,6;26;15,6;28,6;25,8;17,5;15,6;56;50;53;;;;
2025/08/31;1900 UTC;;996,2;996,2;995,6;1367,6;26,3;15,6;27,3;25,9;16,8;15,4;54;51;52;;;;
2025/08/31;2000 UTC;;996,7;996,7;996,2;583,1;23,9;15,1;26,3;23,9;16;15,1;58;51;58;;;;
2025/08/31;2100 UTC;;997,5;997,6;996,7;29,1;22,5;15,5;23,9;22,5;15,5;15,1;65;58;65;;;;
2025/08/31;2200 UTC;;997,9;997,9;997,5;;21,6;15,9;22,5;21,5;15,9;15,5;70;65;70;;;;
2025/08/31;2300 UTC;;998,7;998,7;997,9;;20,5;15,8;21,6;20,5;15,9;15,7;74;70;74;;;;
