REGIAO:;CO
UF:;DF
ESTACAO:;BRAZLANDIA
CODIGO (WMO):;A042
LATITUDE:;-15,59972221
LONGITUDE:;-48,1311111
ALTITUDE:;1143
DATA DE FUNDACAO:;19/07/17
Data;Hora UTC;PRECIPITAO TOTAL, HORRIO (mm);PRESSAO ATMOSFERICA AO NIVEL DA ESTACAO, HORARIA (mB);PRESSO ATMOSFERICA MAX.NA HORA ANT. (AUT) (mB);PRESSO ATMOSFERICA MIN. NA HORA ANT. (AUT) (mB);RADIACAO GLOBAL (Kj/m);TEMPERATURA DO AR - BULBO SECO, HORARIA (C);TEMPERATURA DO PONTO DE ORVALHO (C);TEMPERATURA MXIMA NA HORA ANT. (AUT) (C);TEMPERATURA MNIMA NA HORA ANT. (AUT) (C);TEMPERATURA ORVALHO MAX. NA HORA ANT. (AUT) (C);TEMPERATURA ORVALHO MIN. NA HORA ANT. (AUT) (C);UMIDADE REL. MAX. NA HORA ANT. (AUT) (%);UMIDADE REL. MIN. NA HORA ANT. (AUT) (%);UMIDADE RELATIVA DO AR, HORARIA (%);VENTO, DIREO HORARIA (gr) ( (gr));VENTO, RAJADA MAXIMA (m/s);VENTO, VELOCIDADE HORARIA (m/s);
2024/01/01;0000 UTC;0;887,1;887,1;886,6;;20,8;18,5;21,5;20,7;18,8;18,4;87;84;87;22;1;0;
2024/01/01;0100 UTC;0;888;888;887,1;;20,9;17,9;21,3;20,8;18,7;17,9;87;83;83;320;1,6;0;
2024/01/01;0200 UTC;0;888,6;888,6;888;;20,6;17,8;21,2;20,5;18,1;17,7;84;82;84;353;3,1;,1;
2024/01/01;0300 UTC;0;888,4;888,7;888,4;;20,9;18,6;20,9;20,5;18,7;17,8;88;84;87;327;2,9;1;
2024/01/01;0400 UTC;0;887,8;888,4;887,8;;20,4;18,4;21;20,4;18,8;18,4;89;87;89;334;4,3;,4;
2024/01/01;0500 UTC;0;887,2;887,8;887,2;;20;18,4;20,5;19,9;18,7;18,3;91;89;91;332;2,5;0;
2024/01/01;0600 UTC;0;886,7;887,2;886,7;;20,2;18,7;20,2;19,7;18,7;18,2;91;91;91;286;2,5;,6;
2024/01/01;0700 UTC;0;886,3;886,7;886,3;;19,9;18,5;20,2;19,9;18,7;18,5;91;91;91;37;2,4;0;
2024/01/01;0800 UTC;0;886,7;886,7;886,2;;19,2;18;19,9;19,2;18,5;17,9;93;91;93;28;,7;0;
2024/01/01;0900 UTC;0;887;887;886,7;13;19,1;18;19,4;18,9;18,2;17,8;94;93;93;344;1,2;0;
2024/01/01;1000 UTC;0;887,6;887,6;887;321,2;20,3;19,1;20,3;19,1;19,1;18,1;94;92;92;14;0;0;
2024/01/01;1100 UTC;0;887,9;887,9;887,6;845,2;21,7;18,5;21,9;20,3;19,1;18,4;92;81;82;319;3,9;1,4;
2024/01/01;1200 UTC;0;888,3;888,4;887,9;1837,2;23,6;18;24,3;21,7;19,6;17,8;84;68;71;306;5,2;2,9;
2024/01/01;1300 UTC;0;888,7;888,8;888,3;2246;25,2;17,6;25,4;23,1;19,3;16,9;73;63;63;297;6,6;3,4;
2024/01/01;1400 UTC;0;887,9;888,7;887,9;2418;25,4;18,7;25,5;23,7;19,3;16,5;71;61;66;218;6;,9;
2024/01/01;1500 UTC;0;887,1;887,9;887,1;1163,8;24,5;16,9;25,7;23,4;19;16,3;73;59;63;280;7,6;2,5;
2024/01/01;1600 UTC;0;886,2;887,1;886,2;2944,5;25,5;16,8;27,1;24,5;19,6;16,4;69;55;59;260;5,6;3,4;
2024/01/01;1700 UTC;0;885,4;886,2;885,4;2684,3;27,1;16,2;27,8;25,2;18,3;15,6;60;49;51;275;6,6;2,1;
2024/01/01;1800 UTC;0;884,6;885,4;884,6;2123,1;26,4;18,7;27,6;25;20,2;15,6;70;50;63;289;6,3;2,6;
2024/01/01;1900 UTC;0;884;884,6;884;1883,1;26,2;18,1;26,7;25,3;19,4;16,5;66;56;61;264;6,7;3,7;
2024/01/01;2000 UTC;0;883,9;884;883,9;1729,8;25;19,3;28;24,8;19,6;16,8;71;54;70;265;6,4;3,2;
2024/01/01;2100 UTC;0;884,3;884,3;883,9;683,9;22,3;18,7;25,3;22,3;19,5;18,2;80;68;80;308;6,3;1,4;
2024/01/01;2200 UTC;0;885;885;884,3;47,8;21,3;19,3;22,4;21,3;19,3;18,8;89;80;89;20;4,1;1,3;
2024/01/01;2300 UTC;0;885,5;885,5;884,9;;21;19,1;21,3;20,9;19,3;19,1;90;89;89;9;3,3;,5;
2024/01/02;0000 UTC;0;886,4;886,4;885,5;;20,6;18,9;21;20,6;19,1;18,9;90;89;90;40;2,9;,3;
2024/01/02;0100 UTC;0;887;887,1;886,4;;20,5;19;20,6;20,4;19,1;18,8;91;90;91;42;2,6;,1;
2024/01/02;0200 UTC;0;887,3;887,3;887,1;;20,1;18,3;20,6;20,1;19;18,3;91;89;89;334;4,2;2,4;
2024/01/02;0300 UTC;0;886,9;887,4;886,9;;19,7;18,3;20,1;19,7;18,3;18,1;91;89;91;9;4,2;0;
2024/01/02;0400 UTC;0;886,2;886,9;886,2;;19,6;18,3;19,7;19,6;18,4;18,3;93;91;93;287;1,4;0;
2024/01/02;0500 UTC;0;885,4;886,2;885,4;;19,5;18,3;19,6;19,5;18,3;18,3;93;93;93;54;1,8;0;
2024/01/02;0600 UTC;0;885,4;885,4;885,4;;19,7;18,6;19,8;19,5;18,6;18,3;93;93;93;329;1,7;,3;
2024/01/02;0700 UTC;0;885,2;885,4;885,1;;19,7;18,5;19,8;19,7;18,6;18,5;93;93;93;346;1,7;0;
2024/01/02;0800 UTC;0;885,5;885,5;885,1;;19,7;18,6;19,7;19,6;18,6;18,4;93;93;93;9;1,8;,1;
2024/01/02;0900 UTC;,8;885,7;885,7;885,5;,5;19,5;18,5;19,7;19,5;18,6;18,5;94;93;94;13;2,8;,4;
2024/01/02;1000 UTC;1,8;886;886;885,7;58;19,6;18,5;19,6;19,5;18,6;18,4;94;94;94;21;3,1;,2;
2024/01/02;1100 UTC;1;886,2;886,2;886;181;19,7;18,6;19,8;19,6;18,8;18,5;94;93;94;12;3,8;1,3;
2024/01/02;1200 UTC;,4;886,3;886,3;886,2;534;20,4;19,3;20,5;19,7;19,3;18,6;94;93;93;10;4,1;1,7;
2024/01/02;1300 UTC;,2;886,6;886,6;886,3;1235,6;21,3;19,2;21,3;20,4;19,4;18,9;93;87;88;349;5,4;2,8;
2024/01/02;1400 UTC;0;886,5;886,6;886,5;2452,4;22;19,4;22,6;21,3;20,1;19;89;83;85;358;5,8;2,8;
2024/01/02;1500 UTC;0;885,8;886,5;885,8;2498,8;23,3;19,1;23,8;21,8;20;18,7;87;76;78;302;5,3;1,3;
2024/01/02;1600 UTC;3,2;885,1;885,8;885,1;1087,2;22,3;19,8;23,4;21,5;19,8;18,6;88;77;86;243;4,1;,8;
2024/01/02;1700 UTC;,2;884,2;885,1;884,2;2234,4;26,1;20,5;26,1;22,3;20,5;18,1;86;64;71;292;5,1;2,1;
2024/01/02;1800 UTC;0;883,4;884,2;883,4;2535;26,4;18,8;26,7;23,6;21,2;17,5;78;60;63;276;5,7;2,3;
2024/01/02;1900 UTC;0;883;883,4;883;1976,3;25,5;18,2;27,1;25,1;20,5;17,4;71;59;64;264;5,9;1,8;
2024/01/02;2000 UTC;0;882,8;883;882,8;536,5;23,6;19,2;25,6;23,6;19,4;18,2;77;64;77;341;5,2;2,1;
2024/01/02;2100 UTC;0;883,5;883,5;882,8;295,6;22,4;19,4;23,8;22,4;19,8;19,1;83;76;83;360;5,3;1;
2024/01/02;2200 UTC;0;884,2;884,3;883,5;53,3;21,5;19,3;22,4;21,5;19,5;19,3;87;83;87;4;3,3;,6;
2024/01/02;2300 UTC;0;884,8;884,9;884,2;;21,3;19,4;21,6;21,2;19,5;19,3;90;87;89;354;2,9;,4;
2024/01/03;0000 UTC;0;885,4;885,4;884,8;;21,2;19,5;21,3;21,1;19,6;19,4;90;89;90;356;2,9;,7;
2024/01/03;0100 UTC;0;885,7;885,7;885,4;;20,9;19,5;21,2;20,8;19,6;19,3;92;90;92;332;3,8;,1;
2024/01/03;0200 UTC;0;885,7;885,8;885,6;;20,1;18,9;21;20,1;19,7;18,9;93;92;93;277;3,4;1,2;
2024/01/03;0300 UTC;5,6;885,4;885,7;885,4;;19,9;18,8;20,2;19,9;19;18,8;93;93;93;299;3;0;
2024/01/03;0400 UTC;5;884,8;885,4;884,8;;19,9;18,8;19,9;19,8;18,9;18,7;94;93;93;351;1,2;0;
2024/01/03;0500 UTC;,6;884,4;884,8;884,4;;19,9;18,8;20;19,8;19;18,7;94;93;94;353;2,6;0;
2024/01/03;0600 UTC;8;884,3;884,4;884,2;;19,6;18,6;19,9;19,5;18,8;18,5;94;94;94;334;2,7;1;
2024/01/03;0700 UTC;18,4;884,4;884,5;884,2;;19,4;18,4;19,7;19,3;18,7;18,3;94;94;94;322;3,4;,1;
2024/01/03;0800 UTC;12,6;884,6;884,6;884,4;;19,4;18,5;19,4;19,3;18,5;18,4;95;94;95;348;4,5;,3;
2024/01/03;0900 UTC;,6;885,3;885,3;884,6;3,1;19,6;18,7;19,6;19,4;18,7;18,6;95;95;95;342;3,9;1,3;
2024/01/03;1000 UTC;,2;886,1;886,1;885,3;96,3;19,6;18,7;19,8;19,5;18,9;18,6;95;95;95;1;3,8;1;
2024/01/03;1100 UTC;14,6;886,5;886,5;886,1;245,1;19,7;18,9;19,8;19,6;19;18,7;95;95;95;357;4;1,2;
2024/01/03;1200 UTC;25,2;887;887;886,5;185;19,3;18,4;19,9;19,3;19;18,4;95;95;95;28;4,2;,9;
2024/01/03;1300 UTC;11,6;887,5;887,5;887;240,3;19,8;18,9;20;19,3;19,1;18,4;95;95;95;357;3,5;,4;
2024/01/03;1400 UTC;2,8;887,3;887,5;887,3;742,2;20,7;19,8;20,7;19,8;19,8;19;95;94;94;13;4,3;1;
2024/01/03;1500 UTC;1,2;886,8;887,3;886,8;1491,9;21;19,5;21,8;20,6;20,5;19,3;94;90;91;327;7;4;
2024/01/03;1600 UTC;1,4;886,1;886,8;886,1;525,8;20,6;19,2;21,1;20,6;19,8;19,1;92;91;92;331;6,9;3,4;
2024/01/03;1700 UTC;1,2;885,4;886,1;885,4;730,3;20,8;19,3;20,8;20,4;19,4;19;92;91;91;330;6,1;3,5;
2024/01/03;1800 UTC;1,8;884,6;885,4;884,6;609,7;20,7;19,3;21,1;20,7;19,6;19,1;92;90;91;331;5,5;2,6;
2024/01/03;1900 UTC;,8;883,9;884,6;883,9;574,8;20,8;18,8;21,3;20,6;19,9;18,8;92;88;88;328;4,9;2,9;
2024/01/03;2000 UTC;,2;883,7;883,9;883,7;692,2;21,3;19,5;21,5;20,4;19,7;18,5;91;88;89;343;4,9;1,6;
2024/01/03;2100 UTC;0;884,4;884,4;883,7;385,3;20,7;18,8;21,4;20,7;19,6;18,8;89;88;89;341;6,3;2,3;
2024/01/03;2200 UTC;0;885,3;885,3;884,4;65;20,1;18,6;20,7;20,1;18,9;18,6;91;89;91;343;4,4;,2;
2024/01/03;2300 UTC;0;886,1;886,1;885,3;;20,1;18,7;20,1;19,9;18,7;18,5;92;91;92;355;2,3;0;
2024/01/04;0000 UTC;0;886,6;886,6;886,1;;19,9;18,7;20,1;19,8;18,8;18,7;93;92;93;360;1,9;,2;
2024/01/04;0100 UTC;0;886,9;887;886,6;;19,9;18,9;19,9;19,7;18,9;18,6;94;93;94;1;3,9;1,6;
2024/01/04;0200 UTC;0;887;887,1;886,9;;19,8;18,8;19,9;19,8;18,9;18,8;94;94;94;349;4,4;1,1;
2024/01/04;0300 UTC;0;886,6;887;886,6;;19,9;18,9;19,9;19,8;19;18,8;94;94;94;344;5,5;1,1;
2024/01/04;0400 UTC;0;885,9;886,6;885,9;;19,8;18,8;19,9;19,8;18,9;18,8;94;94;94;337;6,4;3,1;
2024/01/04;0500 UTC;,2;885,5;885,9;885,5;;19,7;18,7;19,8;19,7;18,9;18,7;94;94;94;350;7,2;2,3;
2024/01/04;0600 UTC;0;885;885,5;885;;19,6;18,7;19,7;19,6;18,7;18,7;94;94;94;348;5,9;2;
2024/01/04;0700 UTC;,4;885,1;885,1;884,9;;19,5;18,6;19,7;19,5;18,8;18,6;94;94;94;356;5;2,4;
2024/01/04;0800 UTC;,4;885,4;885,4;885,1;0;19,4;18,5;19,5;19,3;18,6;18,5;95;94;95;354;5,2;1,2;
2024/01/04;0900 UTC;1;885,7;885,8;885,4;3,9;19,3;18,5;19,4;19,3;18,6;18,5;95;95;95;7;6,7;2,5;
2024/01/04;1000 UTC;,6;886,6;886,6;885,7;102,2;19,5;18,7;19,5;19,3;18,7;18,5;95;95;95;347;7;2;
2024/01/04;1100 UTC;4,4;887,1;887,1;886,6;132,4;19,7;18,9;19,7;19,4;18,9;18,6;95;95;95;345;4,6;1,1;
2024/01/04;1200 UTC;2;887,6;887,6;887,1;199,3;19,9;19,1;20;19,7;19,1;18,9;95;95;95;346;4;1,9;
2024/01/04;1300 UTC;1,6;887,8;887,9;887,6;363,5;20,3;19,4;20,4;19,9;19,5;19;95;95;95;328;5,4;2,4;
2024/01/04;1400 UTC;,6;887,5;887,8;887,5;592,5;20,6;19,7;20,6;20,2;19,7;19,3;95;94;94;334;5,6;3,7;
2024/01/04;1500 UTC;1,2;886,7;887,5;886,7;768,5;20,6;19,6;20,7;20,3;19,7;19,2;94;93;94;344;6,3;2,5;
2024/01/04;1600 UTC;,2;885,7;886,7;885,7;1537;20,8;19,2;21,5;20,5;20,3;19,1;94;90;90;329;8,5;3,4;
2024/01/04;1700 UTC;0;884,9;885,7;884,9;2698;23,4;20;23,6;20,7;20,7;19;91;80;81;326;7,9;3,1;
2024/01/04;1800 UTC;,2;885;885;884,9;1790,3;23;20,8;23,6;22;20,9;19,4;90;79;88;330;7,2;3,4;
2024/01/04;1900 UTC;0;884,6;885;884,6;1670,6;24,1;20;24,7;22,3;21,3;18,8;88;74;78;263;6,7;2;
2024/01/04;2000 UTC;3,4;884,8;884,8;884,6;707,5;21,3;19,7;25,3;20,9;21;18,7;92;73;91;302;5,4;2,4;
2024/01/04;2100 UTC;,2;884,9;885,3;884,8;357,7;21,3;19,5;21,4;21;19,7;19,4;91;89;90;280;4,1;0;
2024/01/04;2200 UTC;0;886,1;886,1;884,9;90,5;21;19,4;21,3;21;19,5;19,3;91;89;91;289;0;0;
2024/01/04;2300 UTC;0;886,6;886,6;886,1;;20,6;19,2;21;20,6;19,7;19,2;92;91;92;198;2,1;,1;
2024/01/05;0000 UTC;;;;;;;;;;;;;;;;;;
2024/01/05;0100 UTC;;;;;;;;;;;;;;;;;;
2024/01/05;0200 UTC;;;;;;;;;;;;;;;;;;
2024/01/05;0300 UTC;0;887,3;887,6;887,3;;19,5;18,7;19,7;19,4;18,8;18,6;95;95;95;10;4;,2;
2024/01/05;0400 UTC;0;886,7;887,3;886,7;;19,4;18,6;19,6;19,4;18,7;18,6;95;95;95;17;3,1;,7;
2024/01/05;0500 UTC;,4;886,2;886,7;886,2;;19,1;18,3;19,4;19;18,6;18,2;95;95;95;12;3,7;,2;
2024/01/05;0600 UTC;,8;885,5;886,2;885,5;;19,1;18,3;19,2;19,1;18,4;18,3;95;95;95;19;3,9;1;
2024/01/05;0700 UTC;0;885,3;885,5;885,3;;19,1;18,3;19,2;19,1;18,3;18,3;95;95;95;7;3,5;,7;
2024/01/05;0800 UTC;0;885,6;885,6;885,3;;19,2;18,4;19,2;19,1;18,4;18,2;95;95;95;347;3,5;,1;
2024/01/05;0900 UTC;,2;886,1;886,1;885,6;3,5;19,3;18,5;19,4;19,2;18,6;18,4;95;95;95;332;3,9;2,2;
2024/01/05;1000 UTC;0;886,5;886,5;886,1;176,4;19,6;18,7;19,6;19,2;18,7;18,4;95;95;95;343;4;1,6;
2024/01/05;1100 UTC;0;887,1;887,1;886,4;409,3;20;19,2;20,1;19,5;19,2;18,7;95;95;95;348;5;2,5;
2024/01/05;1200 UTC;,2;887,6;887,6;887,1;771;20,5;19,6;20,5;20;19,7;19,1;95;94;94;338;6,2;3,1;
2024/01/05;1300 UTC;3;887,9;887,9;887,6;430,2;19,7;18,6;20,6;19,6;19,7;18,5;94;94;94;338;7,7;2,9;
2024/01/05;1400 UTC;2,8;887,6;888;887,6;737,7;20,3;19;20,3;19,6;19,1;18,6;94;93;93;336;6,4;3,4;
2024/01/05;1500 UTC;0;887,3;;;122;21,1;19,3;;;;;;;89;;;;
2024/01/05;1600 UTC;1;887,1;887,4;887,1;1094,3;19;17,7;21,1;18,9;19,2;17,5;92;88;92;345;12,9;5,8;
2024/01/05;1700 UTC;,2;886,6;887,1;886,6;757,1;19,5;18,3;19,5;18,9;18,3;17,5;93;92;93;338;11;2,8;
2024/01/05;1800 UTC;0;885,4;886,6;885,4;1456,1;21,2;18,8;21,3;19,6;19,4;18,3;93;86;86;311;7,3;4,7;
2024/01/05;1900 UTC;0;884,7;885,4;884,6;1394,2;22,3;18,9;22,4;21,3;19,3;18,1;88;80;81;297;8,6;4;
2024/01/05;2000 UTC;0;884,7;884,7;884,5;1177,5;22,1;18,8;23,2;21,9;19,8;18,3;82;78;81;260;7,6;3,7;
2024/01/05;2100 UTC;0;885,2;885,2;884,7;610,5;21,5;18,5;23;21,5;19,7;18,2;85;78;83;267;6,3;2,5;
2024/01/05;2200 UTC;0;885,7;885,7;885,1;36,2;20,5;18,8;21,5;20,5;18,8;18,5;90;83;90;270;3,8;,5;
2024/01/05;2300 UTC;0;886,3;886,3;885,7;;20;18,7;20,5;20;19;18,7;92;90;92;7;2,1;0;
2024/01/06;0000 UTC;,2;886,9;886,9;886,2;;19,9;18,7;20,1;19,9;18,8;18,7;93;92;93;15;2,1;0;
2024/01/06;0100 UTC;0;887,9;887,9;886,9;;19,8;18,7;20;19,7;18,8;18,6;94;93;94;349;2,5;,3;
2024/01/06;0200 UTC;0;888,2;888,2;887,9;;19,8;18,9;20;19,8;19;18,7;94;94;94;353;3,3;,7;
2024/01/06;0300 UTC;0;887,5;888,2;887,5;;19,5;18,6;19,8;19,5;18,9;18,6;94;94;94;354;4;1,3;
2024/01/06;0400 UTC;0;887;887,5;887;;19,4;18,6;19,6;19,4;18,7;18,5;95;94;95;354;4,5;1,9;
2024/01/06;0500 UTC;0;886,5;887;886,5;;19,3;18,5;19,4;19,2;18,6;18,4;95;95;95;345;4,6;1,5;
2024/01/06;0600 UTC;,2;886,2;886,6;886,2;;19,2;18,4;19,3;19,2;18,5;18,4;95;95;95;333;4,3;2;
2024/01/06;0700 UTC;0;886,2;886,2;886;;19,1;18,4;19,3;19;18,5;18,3;95;95;95;320;4,2;1,9;
2024/01/06;0800 UTC;0;886,3;886,3;886,1;;19;18,2;19,1;18,9;18,4;18,1;95;95;95;344;3,5;,7;
2024/01/06;0900 UTC;0;886,9;886,9;886,3;5,8;19;18,2;19;18,9;18,2;18,1;95;95;95;352;3,3;,8;
2024/01/06;1000 UTC;,2;887,5;887,5;886,9;173,3;19,2;18,4;19,3;19;18,5;18,2;95;95;95;264;4;2,4;
2024/01/06;1100 UTC;0;887,8;887,9;887,4;708,7;19,8;19;19,9;19;19,1;18,3;95;95;95;297;4,2;1,9;
2024/01/06;1200 UTC;0;888,3;888,3;887,8;1170;20,7;19,6;20,9;19,7;20;18,9;95;93;93;274;3,9;2,3;
2024/01/06;1300 UTC;0;888,2;888,5;888,2;2047,6;22,1;19;23,2;20,6;20,1;18,2;93;77;83;290;4,9;2,1;
2024/01/06;1400 UTC;0;887,9;888,2;887,9;1425,7;22,9;19,2;22,9;22;19,5;18,5;84;78;79;335;4,2;2,3;
2024/01/06;1500 UTC;0;887,5;887,9;887,5;3071,7;24;18,7;25,5;22,9;20;18,2;81;68;72;300;6,5;3,6;
2024/01/06;1600 UTC;0;886,7;887,5;886,7;3539,2;25,6;17,2;27,1;23,9;19,8;17,2;75;58;60;257;6,5;2,5;
2024/01/06;1700 UTC;0;885,8;886,7;885,8;3703,2;26,9;18,2;28;25,3;19,7;16,8;64;54;59;220;6,6;3,1;
2024/01/06;1800 UTC;0;884,9;885,8;884,8;2693,2;27,4;18,3;27,6;26,4;19;17,3;61;55;57;239;5,4;2,3;
2024/01/06;1900 UTC;0;884,5;884,9;884,5;1699,7;26,3;18,1;27,4;26,2;19,7;17,3;64;55;61;276;6,1;3,3;
2024/01/06;2000 UTC;0;884,4;884,6;884,3;1231,4;25,8;18,6;27;25,8;19,1;17,3;64;58;64;312;5,7;2,1;
2024/01/06;2100 UTC;0;884,8;884,8;884,4;322,8;23,9;19,2;26,2;23,9;19,8;18,1;75;62;75;279;5,2;3;
2024/01/06;2200 UTC;0;885,6;885,6;884,7;116,2;23,6;19,5;24,2;23,6;19,6;19;78;75;78;263;5,2;0;
2024/01/06;2300 UTC;0;886,4;886,5;885,6;;22,4;19,9;23,6;22,4;20;19,5;86;78;86;320;2,7;1,7;
2024/01/07;0000 UTC;0;887,5;887,5;886,4;;21,7;18,2;22,4;21,7;20,3;18,2;89;80;80;68;6,1;3,6;
2024/01/07;0100 UTC;13;888,2;888,6;887,5;;18,2;16,8;21,8;18,2;18;16,5;92;77;92;228;10,9;2;
2024/01/07;0200 UTC;,2;887,6;888,2;887,5;;18,5;17,2;18,6;18,2;17,3;16,8;93;92;92;279;4,1;,1;
2024/01/07;0300 UTC;,8;887,3;887,7;887,3;;18,6;17,1;19,1;18,4;17,6;17,1;93;90;91;188;4,4;1,3;
2024/01/07;0400 UTC;,2;886,3;887,3;886,3;;18,4;17,2;18,7;18,3;17,3;17;93;91;93;355;3,8;0;
2024/01/07;0500 UTC;0;885,8;886,3;885,8;;17,7;16,4;18,4;17,7;17,1;16,4;93;92;92;238;3;,1;
2024/01/07;0600 UTC;0;886,1;886,1;885,8;;17,3;15,9;17,9;17,3;16,5;15,9;92;91;91;358;2,9;,2;
2024/01/07;0700 UTC;0;886,3;886,3;886,1;;18,5;16,8;18,5;17,1;16,8;15,8;93;90;90;78;2,9;0;
2024/01/07;0800 UTC;0;886,5;886,5;886,3;;18;15,5;18,5;17,9;16,8;15,5;90;84;85;60;2,2;,2;
2024/01/07;0900 UTC;0;886,9;886,9;886,5;5;18,3;16,3;18,7;17,9;16,4;15,5;88;84;88;52;1,7;,1;
2024/01/07;1000 UTC;0;887,6;887,6;886,9;455,4;20,3;18,2;20,3;18,3;18,3;16,3;90;88;88;13;2,8;,2;
2024/01/07;1100 UTC;0;887,9;887,9;887,6;1364,2;22,4;18,4;22,5;20,3;19,3;18,2;88;78;78;339;3,1;,5;
2024/01/07;1200 UTC;0;888,3;888,3;887,9;1966,5;23,7;17,7;23,8;21,8;19,3;17,7;82;69;69;267;3,3;,7;
2024/01/07;1300 UTC;0;888,6;888,6;888,3;2674,3;24,4;17,9;24,8;23,5;18,9;16,8;72;62;67;253;4,6;1,9;
2024/01/07;1400 UTC;0;888,1;888,6;888,1;3024,5;25,6;18,2;26;24,3;19;17,2;68;62;64;223;4,9;2,2;
2024/01/07;1500 UTC;0;887,7;888,1;887,7;2398,6;25,3;18,3;26,8;24,8;19,2;17,1;67;58;65;323;6,3;1,9;
2024/01/07;1600 UTC;0;886,8;887,7;886,8;1241;22,6;18;25,5;22,6;20,1;17,8;78;65;75;159;6;1,6;
2024/01/07;1700 UTC;0;885,7;886,8;885,7;2241;27,2;18,5;27,2;22,6;18,7;16,1;76;54;59;320;3,8;,5;
2024/01/07;1800 UTC;0;885;885,7;884,9;3336,2;27,5;17,9;27,9;26,9;19,5;16,8;62;52;56;210;5,9;1,5;
2024/01/07;1900 UTC;0;884,4;885;884,3;2713,8;27,9;17,5;28,5;27,3;19,1;17;59;52;53;252;5,5;2,9;
2024/01/07;2000 UTC;0;884,5;884,5;884,1;1888,3;27,3;18,3;28,4;27,2;18,7;16,9;58;51;58;276;6,9;3;
2024/01/07;2100 UTC;0;885,2;885,2;884,4;643,7;25,5;18,7;27,6;25,5;18,8;17,5;66;56;66;223;5,2;2;
2024/01/07;2200 UTC;0;887,2;887,2;885,2;43,8;20,5;17,6;25,5;20,5;19,4;16,6;85;61;84;109;14,6;4,9;
2024/01/07;2300 UTC;2,2;887,1;887,3;887;;19,8;17,8;20,5;19,4;18;17,4;89;84;88;130;11,8;,3;
2024/01/08;0000 UTC;,2;888;888;887;;19,5;18,1;20,1;19,4;18,4;17,7;92;88;92;200;4,3;,9;
2024/01/08;0100 UTC;0;888,1;888,1;887,9;;19,7;18,5;19,7;19,5;18,5;18,1;93;92;93;62;2,5;,8;
2024/01/08;0200 UTC;0;888,2;888,3;888,1;;20,4;18,8;20,4;19,7;19;18,5;93;91;91;7;2,3;0;
2024/01/08;0300 UTC;0;887,4;888,2;887,4;;20;18,7;20,4;20;18,8;18,7;93;90;92;178;1,9;,2;
2024/01/08;0400 UTC;,2;886,8;887,4;886,8;;20;18,8;20;20;18,8;18,7;93;92;93;174;3,8;1,5;
2024/01/08;0500 UTC;0;885,7;886,8;885,7;;19,6;18,7;20;19,6;18,9;18,6;94;93;94;155;3,9;,4;
2024/01/08;0600 UTC;0;885,7;885,7;885,4;;19,7;18,8;19,8;19,6;18,9;18,6;95;94;95;181;3,2;,2;
2024/01/08;0700 UTC;0;885,8;886;885,7;;19,8;18,9;19,9;19,7;19;18,8;95;95;95;70;2;0;
2024/01/08;0800 UTC;0;886,2;886,2;885,8;;19,6;18,7;19,9;19,6;19;18,7;95;95;95;13;2,1;0;
2024/01/08;0900 UTC;0;886,8;886,8;886,2;2,6;19,8;18,9;19,8;19,5;18,9;18,6;95;95;95;82;1,1;0;
2024/01/08;1000 UTC;0;887,4;887,4;886,8;92,9;20,2;19,3;20,2;19,8;19,3;18,9;95;94;94;275;1,1;0;
2024/01/08;1100 UTC;0;887,6;887,6;887,4;261,1;20,5;19,4;20,6;20,2;19,6;19,3;94;93;93;345;0;0;
2024/01/08;1200 UTC;,4;887,7;887,7;887,5;658,6;21,2;19,7;21,4;20,5;20;19,3;93;90;91;6;2,9;,4;
2024/01/08;1300 UTC;0;887,6;887,7;887,4;1303,7;21,6;19,5;22,1;20,8;20,4;19,2;93;87;88;9;4,8;1,3;
2024/01/08;1400 UTC;0;887,6;887,7;887,6;1541,1;22,9;19,5;22,9;21,2;20,1;19,1;88;82;82;344;4,8;2,1;
2024/01/08;1500 UTC;0;887,3;887,6;887,3;1829,8;23,5;19,3;24,7;22,9;20,7;18,9;83;73;77;358;5,5;3;
2024/01/08;1600 UTC;0;887;887,3;887;2191;24,2;19,7;24,7;23;20,3;19,3;82;74;76;331;6,4;3,7;
2024/01/08;1700 UTC;0;886,5;887;886,5;1467,9;22,5;19,7;25,2;22,5;20,5;18,6;84;72;84;293;8,3;4,4;
2024/01/08;1800 UTC;1;885,8;886,5;885,8;815,4;22,7;19,1;22,9;21,7;20,4;18,9;90;79;80;312;7;4,2;
2024/01/08;1900 UTC;,4;885,5;885,8;885,5;1015;23,4;18,5;23,4;22,5;20,4;18,1;84;74;74;319;8,3;5,4;
2024/01/08;2000 UTC;0;885,5;885,5;885,3;1472,7;24,4;18;24,5;23,4;19,7;17,7;75;68;68;308;10,5;6;
2024/01/08;2100 UTC;0;886;886;885,3;987,5;22,9;18,2;24,6;22,9;18,7;17,5;75;67;75;330;9,7;4,8;
2024/01/08;2200 UTC;0;886,9;886,9;885,9;128,3;21,6;18,3;22,9;21,6;18,7;18;82;75;82;354;6,8;1,8;
2024/01/08;2300 UTC;0;887,4;887,5;886,8;;20,2;18,3;21,6;20,2;18,8;17,9;89;82;89;358;6,9;3,2;
2024/01/09;0000 UTC;0;888,2;888,2;887,4;;20,3;18,9;20,3;20,1;19;18,3;92;89;92;343;6,5;1,1;
2024/01/09;0100 UTC;0;888,5;888,5;888,1;;19,7;18,6;20,3;19,7;19;18,6;93;92;93;355;5,3;,5;
2024/01/09;0200 UTC;0;888,9;889;888,5;;19,8;18,6;19,8;19,7;18,7;18,6;93;93;93;5;3,6;,3;
2024/01/09;0300 UTC;,2;888,4;888,9;888,4;;19,7;18,6;19,9;19,7;18,7;18,5;93;93;93;356;2,2;,2;
2024/01/09;0400 UTC;0;888;888,4;887,9;;19,6;18,4;19,8;19,6;18,6;18,4;93;93;93;33;2;0;
2024/01/09;0500 UTC;0;887,9;888;887,9;;19,6;18,1;19,7;19,6;18,4;18,1;93;91;91;20;1,7;0;
2024/01/09;0600 UTC;0;887,3;887,9;887,3;;19,5;17,8;19,7;19,4;18,1;17,8;92;90;90;35;1,6;0;
2024/01/09;0700 UTC;0;887,5;887,5;887,3;;19,5;17,6;19,7;19,3;17,8;17,5;90;88;89;7;3,1;,8;
2024/01/09;0800 UTC;0;887,7;887,7;887,5;;19,2;17,8;19,5;19,1;18,1;17,6;93;89;91;17;4,1;1,9;
2024/01/09;0900 UTC;0;888,1;888,1;887,7;2,2;19;17,5;19,3;19;17,8;17,3;91;89;91;17;3,8;,6;
2024/01/09;1000 UTC;0;888,4;888,4;888,1;178,9;19,8;18,3;19,8;18,9;18,3;17,4;92;91;91;28;2,3;,3;
2024/01/09;1100 UTC;0;889,2;889,2;888,4;677,4;21;18,8;21,1;19,8;19,1;18,3;91;87;87;358;3,3;,7;
2024/01/09;1200 UTC;0;889,5;889,5;889,2;1984,6;23,7;19,4;23,7;20,9;20;18,5;88;75;77;8;5,9;2,2;
2024/01/09;1300 UTC;0;889,8;889,8;889,5;2463,8;24,2;18,2;24,5;23,2;19,2;17,7;77;67;69;8;6,9;2,7;
2024/01/09;1400 UTC;0;889,6;889,8;889,6;3257,8;25,3;18,6;25,7;24,3;19,1;17,5;71;63;66;360;6,9;2,5;
2024/01/09;1500 UTC;0;888,8;889,6;888,8;3964;26,5;17,7;27,5;25;19,9;17,4;67;58;59;3;6,7;2,8;
2024/01/09;1600 UTC;0;888;888,8;888;3435,1;27;18,4;27,4;25,7;19,1;17,2;64;56;59;5;7;2,4;
2024/01/09;1700 UTC;0;887,2;888;887,1;2367,1;23,1;18,2;28,2;23,1;19;16,6;74;52;74;49;13,3;8,1;
2024/01/09;1800 UTC;,8;886,6;887,5;886,6;1238,3;21,7;19,3;23,1;20,8;19,3;17,8;89;74;86;41;13,3;5;
2024/01/09;1900 UTC;0;886,1;886,6;886;2430;21,9;18,1;23;21,7;19,6;17,9;87;77;79;28;11,3;4,1;
2024/01/09;2000 UTC;0;885,6;886,1;885,5;663,6;21,3;18,1;22;21,3;18,3;17,8;83;78;82;9;8,4;1,5;
2024/01/09;2100 UTC;0;886,3;886,3;885,6;223,7;20,7;17,9;21,3;20,7;18,2;17,9;85;82;84;9;4,7;,6;
2024/01/09;2200 UTC;0;886,9;886,9;886,3;17,2;20,7;17,5;20,8;20,7;18;17,5;84;82;82;84;2,6;0;
2024/01/09;2300 UTC;0;887,4;887,5;886,9;;21,2;17,4;21,4;20,7;18,1;17,3;84;77;79;81;2;,8;
2024/01/10;0000 UTC;0;888;888;887,4;;22;16,7;22,4;21,2;17,5;16,1;79;68;72;88;2,5;0;
2024/01/10;0100 UTC;0;888,3;888,3;888;;21,2;18,7;21,9;21,1;18,7;16,7;86;72;86;193;,9;0;
2024/01/10;0200 UTC;0;888,7;888,7;888,3;;21;18,6;21,3;21;18,9;18,4;87;84;86;169;3,9;1,6;
2024/01/10;0300 UTC;0;888,4;888,7;888,4;;20,5;18,7;21;20,5;18,8;18,4;90;85;90;161;4,4;1,6;
2024/01/10;0400 UTC;0;888;888,4;888;;20,3;19;20,5;20,3;19;18,6;92;89;92;143;4;,8;
2024/01/10;0500 UTC;0;887,7;888;887,7;;20,4;18,7;20,4;20,3;19;18,6;92;90;90;151;3,4;,4;
2024/01/10;0600 UTC;0;887,3;887,7;887,3;;20,3;18,7;20,4;20,2;18,7;18,6;91;90;91;151;2,6;,2;
2024/01/10;0700 UTC;0;887,2;887,3;887,2;;20,2;18,9;20,3;20,2;18,9;18,7;92;91;92;153;3,8;1,6;
2024/01/10;0800 UTC;0;887,8;887,8;887,2;;20,1;18,8;20,2;20,1;18,9;18,7;92;92;92;137;3,8;,6;
2024/01/10;0900 UTC;0;888,5;888,5;887,8;,2;19,6;17,9;20,2;19,5;18,8;17,8;92;88;90;95;6,7;3,1;
2024/01/10;1000 UTC;0;888,7;888,7;888,5;78,8;19,7;17,8;19,7;19,5;17,9;17,7;90;89;89;100;6,5;1,5;
2024/01/10;1100 UTC;0;889,2;889,2;888,6;526,7;20,8;18,4;20,8;19,7;18,4;17,8;89;85;86;101;4,8;,9;
2024/01/10;1200 UTC;0;889,1;889,3;889,1;903,5;22,4;18;22,4;20,8;18,3;17,5;86;75;76;24;4,5;1,1;
2024/01/10;1300 UTC;0;889,4;889,4;889,1;2412,8;24;18,4;25,4;22,3;19;17,5;78;63;71;14;5,9;2,6;
2024/01/10;1400 UTC;0;888,9;889,3;888,9;1414,7;23,7;19,1;25,4;23,6;19,3;18,3;76;68;75;15;5,6;2,1;
2024/01/10;1500 UTC;,6;888,7;888,9;888,6;1148,4;23,5;19,4;23,8;23,1;19,5;18,9;80;75;78;352;6,6;2,7;
2024/01/10;1600 UTC;11,6;888,6;888,8;888,5;476,8;20;18,5;23,6;20;19,7;18,5;92;76;91;300;6,1;2,1;
2024/01/10;1700 UTC;21,2;888,3;888,7;888,3;200,6;20,6;19,5;21;20;19,6;18,8;94;91;93;47;5,3;1,4;
2024/01/10;1800 UTC;2,6;887,8;888,3;887,8;99;19,9;18,9;20,7;19,9;19,6;18,8;94;93;94;252;4,6;,9;
2024/01/10;1900 UTC;2,4;886,9;887,8;886,9;181,8;20,2;19,2;20,2;19,8;19,2;18,8;94;94;94;278;2,5;0;
2024/01/10;2000 UTC;,2;887;887;886,6;282;20,5;19,5;20,5;20;19,5;19;94;94;94;265;0;0;
2024/01/10;2100 UTC;,2;887,4;887,4;887;202;20;19;20,5;20;19,5;19;94;94;94;294;2,6;,7;
2024/01/10;2200 UTC;0;887,5;887,5;887,4;37,6;19,7;18,8;20,1;19,7;19,1;18,8;94;94;94;296;3,4;0;
2024/01/10;2300 UTC;0;887,8;887,8;887,5;;19,2;18,3;19,7;19,2;18,8;18,3;94;94;94;318;1,4;0;
2024/01/11;0000 UTC;0;888,6;888,6;887,8;;19,3;18,4;19,5;19,1;18,6;18,2;95;94;95;216;1,2;0;
2024/01/11;0100 UTC;0;889,2;889,2;888,6;;19;18,1;19,3;19;18,4;18,1;95;95;95;282;1,2;0;
2024/01/11;0200 UTC;0;889,3;889,3;889,1;;19;18,1;19;19;18,1;18,1;95;95;95;203;1,4;0;
2024/01/11;0300 UTC;0;888,7;889,3;888,7;;18,9;18,1;19;18,9;18,2;18;95;95;95;194;0;0;
2024/01/11;0400 UTC;0;888;888,7;888;;19,1;18,1;19,1;18,9;18,2;18;95;94;94;126;0;0;
2024/01/11;0500 UTC;0;887,9;888,1;887,9;;18,7;17,6;19,2;18,6;18,1;17,5;94;93;93;206;,9;0;
2024/01/11;0600 UTC;0;888,1;888,2;887,9;;18,9;17,6;19;18,6;17,9;17,4;93;92;92;112;0;0;
2024/01/11;0700 UTC;0;888;888,1;887,9;;18,7;17;19,1;18,6;17,6;17;92;88;90;110;1,8;0;
2024/01/11;0800 UTC;0;888;888;887,8;;18,2;16,7;18,9;18,2;17,2;16,6;91;88;91;52;2;,1;
2024/01/11;0900 UTC;0;888,7;888,7;887,9;1,6;18,6;16,8;18,7;18,2;16,9;16,6;91;88;89;22;1,4;0;
2024/01/11;1000 UTC;0;889,2;889,2;888,6;130;19,3;17,4;19,3;18,5;17,5;16,7;91;89;89;58;,9;0;
2024/01/11;1100 UTC;0;889,6;889,6;889,2;485,3;21;17,6;21;19,3;17,9;17,4;89;80;81;239;0;0;
2024/01/11;1200 UTC;0;889,9;889,9;889,6;958,2;21,8;17,7;21,8;21;18,5;17,3;83;76;78;138;2,2;,1;
2024/01/11;1300 UTC;0;889,7;890;889,7;1300,2;22,7;16,5;22,9;21,7;18,1;16,4;80;68;68;204;2,3;,2;
2024/01/11;1400 UTC;0;889,6;889,7;889,5;2720,9;25,5;18,5;25,8;22,7;19;16,5;71;61;65;262;2,9;,2;
2024/01/11;1500 UTC;0;889,2;889,7;889,2;2583,2;25;18,5;26,3;24,4;18,7;16,8;68;58;67;283;4,6;2,1;
2024/01/11;1600 UTC;0;888,5;889,2;888,5;3724,5;26,4;18,5;26,7;24,9;19,4;17,5;69;58;62;251;5,9;3;
2024/01/11;1700 UTC;0;887,8;888,5;887,7;2752,4;26,7;17,9;28,2;25,6;18,9;16,2;64;52;58;256;7,3;3,1;
2024/01/11;1800 UTC;0;886,9;887,8;886,9;438,3;25;17,2;26,7;25;17,9;17;64;57;62;252;7,1;2,6;
2024/01/11;1900 UTC;0;886,4;887,1;886,4;1402,3;26,3;17,5;26,7;25;18,5;16,9;65;56;58;285;5,3;3;
2024/01/11;2000 UTC;0;886,3;886,7;886,3;1458,1;26,3;17;27;25,9;17,9;15,7;59;52;57;308;5,5;1,3;
2024/01/11;2100 UTC;0;885,7;886,4;885,7;822;24,9;17,9;26,8;24,9;17,9;16,3;65;53;65;281;4;1,1;
2024/01/11;2200 UTC;0;886,5;886,5;885,7;160,5;23,1;18,8;24,9;23,1;18,9;17,9;77;65;77;31;2,9;0;
2024/01/11;2300 UTC;0;886,6;886,7;886,4;;22;18,9;23,1;22;19,2;18,7;83;77;82;334;0;0;
2024/01/12;0000 UTC;0;887,7;887,7;886,6;;22,1;18,7;22,1;21,4;19,2;18,7;86;81;81;110;1,7;0;
2024/01/12;0100 UTC;0;888,5;888,5;887,7;;20,9;18,3;22,1;20,2;18,8;18,1;89;81;85;95;2,1;0;
2024/01/12;0200 UTC;0;888,5;888,7;888,5;;20,6;18,2;21,6;20,5;18,8;18,1;87;83;86;63;1,6;0;
2024/01/12;0300 UTC;0;888,4;888,7;888,4;;20,7;18,2;21,1;20,5;18,5;18;87;84;86;6;2,5;,1;
2024/01/12;0400 UTC;0;888;888,4;887,8;;20,5;17,9;20,7;20,3;18,2;17,9;87;85;85;14;2;,2;
2024/01/12;0500 UTC;4;888,5;888,8;888;;17,2;15,5;20,5;17,1;18,2;15,4;91;81;90;225;10,1;2,6;
2024/01/12;0600 UTC;10,4;886,9;888,4;886,9;;17,2;15,8;17,4;16,8;15,9;15;91;89;91;147;5;,9;
2024/01/12;0700 UTC;0;886;886,9;886;;17,4;15,7;17,8;17,2;16,2;15,6;91;89;90;72;3,5;1;
2024/01/12;0800 UTC;0;886,6;886,6;885,9;;18;16,2;18,5;17,4;16,2;15,3;90;84;89;90;2,8;0;
2024/01/12;0900 UTC;0;887,2;887,2;886,6;4;17;15,1;18,4;16,8;16,3;15;92;84;88;55;3,1;1,7;
2024/01/12;1000 UTC;0;887,5;887,5;887,2;376,5;20,7;17,5;20,7;16,9;17,5;15,1;90;81;82;48;2,5;0;
2024/01/12;1100 UTC;,2;887,8;887,8;887,5;1182,4;22,7;18,6;22,7;20,7;18,7;17,1;82;77;78;352;1,3;0;
2024/01/12;1200 UTC;0;888,1;888,1;887,8;1968;23,8;18,7;24;22,7;19,4;18,3;79;73;73;269;3,3;1,1;
2024/01/12;1300 UTC;0;888,2;888,3;888,1;2312;25,2;19,9;25,2;23,8;19,9;18,4;75;68;72;304;3,8;1,8;
2024/01/12;1400 UTC;0;888,1;888,3;888,1;3533,6;27,3;17,5;27,4;25,3;19,8;16,2;72;55;55;355;4,6;1,9;
2024/01/12;1500 UTC;0;887,3;888,1;887,3;3780;27,9;17,4;28,1;26,5;18,1;16,3;59;50;53;335;6,9;2,3;
2024/01/12;1600 UTC;0;886,8;887,3;886,8;3615,5;27,4;15,7;29,4;26,8;17,6;13,8;53;41;49;341;5,6;1,5;
2024/01/12;1700 UTC;0;886,1;886,8;886,1;3670,9;28,6;16,3;29;27,4;17,7;16,3;54;46;47;307;6,7;2,8;
2024/01/12;1800 UTC;0;885,3;886,1;885,3;3016,9;28,8;15,6;29,4;27,8;17,6;14,5;52;42;45;306;6,2;2,7;
2024/01/12;1900 UTC;0;884,8;885,3;884,8;2755,3;28,3;16;29,3;28,3;16,7;14;48;41;47;301;6;3,4;
2024/01/12;2000 UTC;0;884,3;884,9;884,2;1526,2;28,3;15,4;28,8;27,5;16,7;14,3;50;42;45;298;5,8;3,2;
2024/01/12;2100 UTC;0;884,7;884,7;884;782;26,4;16,2;28,4;26,4;16,2;14,5;54;43;53;315;5,9;,7;
2024/01/12;2200 UTC;0;885,5;885,6;884,7;105;24,9;17,7;26,4;24,9;17,7;16,1;64;53;64;334;2,9;,7;
2024/01/12;2300 UTC;0;886,4;886,4;885,5;;23,9;18,3;24,9;23,8;18,4;17,8;72;64;71;320;2,7;,8;
2024/01/13;0000 UTC;0;887,4;887,4;886,4;;22,3;19;24,3;22,2;19;18,3;82;69;81;12;4,1;,8;
2024/01/13;0100 UTC;0;888;888;887,4;;21,5;18,7;22,3;21,5;19;18,6;84;81;84;27;3;0;
2024/01/13;0200 UTC;0;887,8;888,1;887,8;;22,2;18,6;22,2;21,4;18,8;18,2;85;79;80;295;1,2;0;
2024/01/13;0300 UTC;0;887,5;887,8;887,3;;22,4;18,6;22,5;21,9;18,7;18,5;82;79;79;183;1,3;0;
2024/01/13;0400 UTC;0;886,9;887,5;886,9;;22;18,6;22,4;22;18,6;18,5;81;79;81;177;2,2;,3;
2024/01/13;0500 UTC;0;886,8;887;886,7;;22;18,8;22;21,8;18,8;18,6;83;81;82;134;3;0;
2024/01/13;0600 UTC;0;886,7;886,8;886,5;;21,3;18,8;22,1;21,3;18,9;18,7;86;82;86;175;3,3;1,4;
2024/01/13;0700 UTC;0;886,7;886,8;886,6;;21;18,9;21,3;20,8;19;18,7;88;86;88;188;3,3;,3;
2024/01/13;0800 UTC;0;886,6;886,7;886,4;;20,5;18,9;21;20,5;19;18,8;90;88;90;172;3,8;1,8;
2024/01/13;0900 UTC;0;887,4;887,5;886,6;;20,6;18,7;20,6;20,3;18,9;18,7;91;89;89;142;3,3;,7;
2024/01/13;1000 UTC;0;888,3;888,3;887,3;43,1;21,3;19;21,3;20,6;19;18,6;89;87;87;135;3,7;,3;
2024/01/13;1100 UTC;0;888,5;888,5;888,2;94,2;20,9;18,9;21,3;20,9;19,1;18,9;89;87;89;207;4,2;0;
2024/01/13;1200 UTC;,4;888,9;888,9;888,5;251,4;21;19,2;21;20,5;19,2;18,7;91;88;89;124;5,3;,2;
2024/01/13;1300 UTC;,2;889,6;889,7;888,9;1068,3;22,1;18,9;22,1;21;19,3;18,5;89;82;82;113;6;2;
2024/01/13;1400 UTC;0;889,5;889,7;889,5;1901,3;24,4;19,1;24,7;22,1;19,7;18,7;84;71;72;133;4,9;,8;
2024/01/13;1500 UTC;0;889,1;889,5;889;2395,9;25,5;18,2;26;24;19,6;17,7;74;62;64;111;5,6;1,1;
2024/01/13;1600 UTC;0;888,1;889,1;888,1;1951,1;26,5;18,8;26,5;25,2;19,2;17,4;67;61;63;152;4,6;,9;
2024/01/13;1700 UTC;0;887,4;888,1;887,4;2209,9;26;18,3;27;25,5;19,2;17,6;67;60;63;167;4,9;,6;
2024/01/13;1800 UTC;0;886,5;887,4;886,5;2376,4;27,4;17,2;28,5;26;18,8;16,9;63;52;54;47;4,3;,8;
2024/01/13;1900 UTC;0;885,6;886,5;885,6;1701,4;28;17,1;28;25,6;18,6;17;64;51;52;6;5,9;,6;
2024/01/13;2000 UTC;0;885,5;885,6;885,3;1814;27,3;16,5;28,6;27,2;17,8;15,7;54;47;52;351;3,8;,4;
2024/01/13;2100 UTC;0;886,3;886,3;885,5;768,3;26,8;17,8;28,2;26,8;18,1;15,8;59;48;58;211;4,6;1,8;
2024/01/13;2200 UTC;35,6;887,2;887,6;886,2;138,4;21,1;17;26,8;19,2;18,1;16,2;87;58;77;245;9,6;3,7;
2024/01/13;2300 UTC;6,4;887,6;887,6;887;;21,2;18;21,5;20,2;18,4;16,8;87;77;82;1;7;,4;
2024/01/14;0000 UTC;,2;888,1;888,1;887,5;;21,6;18,2;21,7;20,2;18,7;17,9;89;81;81;108;3,3;1,3;
2024/01/14;0100 UTC;0;889;889;888,1;2,2;22,3;17,9;22,3;21,5;18,3;17,9;81;76;76;110;3,3;,6;
2024/01/14;0200 UTC;0;889,3;889,3;889;;21,6;17,7;22,8;21,6;18,3;17,7;79;75;79;126;2,1;,1;
2024/01/14;0300 UTC;0;888,8;889,3;888,8;;20,5;18,1;21,6;20,1;18,5;17,5;88;79;86;291;1,7;0;
2024/01/14;0400 UTC;0;888,4;888,8;888,4;;20,6;18,6;21,1;20,1;18,8;17,8;89;84;88;200;2,1;,8;
2024/01/14;0500 UTC;0;888,1;888,4;888,1;;21,4;18,6;21,4;20,6;18,7;18,4;88;84;84;142;3,1;1,1;
2024/01/14;0600 UTC;0;888,2;888,3;888,1;;20,8;18,8;21,5;19,5;19;17,5;92;83;88;128;2,9;,2;
2024/01/14;0700 UTC;0;888,4;888,5;888,2;;20,5;18,2;21,6;20,5;18,9;18,1;88;84;86;149;3,5;,9;
2024/01/14;0800 UTC;0;888,2;888,4;888,2;;20,9;18,5;21,2;20,2;18,5;17,9;87;84;86;90;5,8;3,5;
2024/01/14;0900 UTC;0;889,2;889,2;888,2;;20,9;19,2;20,9;20,4;19,2;18,4;90;86;90;84;6,8;2,6;
2024/01/14;1000 UTC;0;890;890;889,2;172;21,5;19,4;21,5;20,9;19,4;19,1;90;88;88;79;7,2;3,1;
2024/01/14;1100 UTC;0;890,2;890,3;890;848,4;23,4;19,8;23,5;21,5;20,1;19,5;88;79;80;17;5,8;1,9;
2024/01/14;1200 UTC;0;890,8;890,8;890,2;921,4;23,8;20,2;24,1;22,6;20,4;19,6;86;77;80;12;6,5;2,4;
2024/01/14;1300 UTC;0;891,3;891,3;890,8;1311,8;21,7;19,6;24,4;21,7;20,6;19,4;88;78;88;348;7,9;4,1;
2024/01/14;1400 UTC;0;891,3;891,6;891,1;876,7;22,8;19,9;22,8;21,4;20,1;19,4;89;83;84;325;7;,1;
2024/01/14;1500 UTC;,6;890,6;891,3;890,6;690;22,3;18,4;23,3;22,3;20,4;18,4;85;79;79;23;7;3;
2024/01/14;1600 UTC;0;889,9;890,6;889,9;3695,9;26,1;18,2;26,1;22,2;19,1;17,4;79;61;62;6;7,8;3,1;
2024/01/14;1700 UTC;0;889,1;889,9;889,1;3817,1;27,4;18,3;27,4;25,5;18,4;15,6;63;51;58;360;6,1;2,5;
2024/01/14;1800 UTC;0;888,1;889,1;888,1;2860;25,9;18;27,6;25,9;19,1;16;63;50;62;317;7;2,8;
2024/01/14;1900 UTC;22,4;888,4;888,4;887,5;549,4;19,7;18,5;26,1;19;18,7;17,5;93;61;93;318;13,7;4,5;
2024/01/14;2000 UTC;,2;888,6;889,1;888,4;184,5;20,5;19,2;20,5;19,2;19,2;17,2;93;88;92;360;7,3;0;
2024/01/14;2100 UTC;0;889,1;889,2;888,6;258,4;20,6;18,9;20,9;20,4;19,5;18,8;92;89;90;11;4,4;1,5;
2024/01/14;2200 UTC;1,4;889,5;889,6;889,1;20,6;20;18,7;20,6;20;19;18,7;93;90;93;359;4,5;1,2;
2024/01/14;2300 UTC;,2;889,7;889,9;889,4;;19,7;18,6;20;19,7;18,7;18,5;93;92;93;217;3;1,4;
2024/01/15;0000 UTC;0;889,6;889,8;889,6;;19,8;18,7;19,8;19,6;18,8;18,5;94;93;94;168;2,4;0;
2024/01/15;0100 UTC;0;889,9;890;889,6;;19,3;18,3;19,8;19,3;18,7;18,3;94;93;94;202;2,4;,8;
2024/01/15;0200 UTC;,2;890,9;890,9;889,9;;19,3;17,9;19,4;19,2;18,4;17,9;94;92;92;163;2,6;,3;
2024/01/15;0300 UTC;0;890,8;891,1;890,8;;19,3;18,2;19,3;19;18,2;17,7;93;91;93;155;2,9;,8;
2024/01/15;0400 UTC;0;890,4;890,8;890,4;;19,2;18,2;19,3;19,1;18,2;18,1;94;93;94;147;3;,7;
2024/01/15;0500 UTC;0;889,7;890,4;889,7;;18,9;17,9;19,3;18,9;18,3;17,9;94;94;94;181;3,5;,4;
2024/01/15;0600 UTC;0;889,7;889,8;889,7;;18,7;17,8;18,9;18,4;17,9;17,4;94;94;94;116;2,1;0;
2024/01/15;0700 UTC;0;889,6;889,7;889,5;;18,5;17,4;19;18,3;17,9;17,2;94;93;93;215;2;0;
2024/01/15;0800 UTC;0;889,9;889,9;889,6;;18,7;17,5;18,8;18,4;17,6;17,3;94;92;92;118;1,7;,1;
2024/01/15;0900 UTC;0;890,2;890,2;889,8;;19,2;17,3;19,3;18,4;17,6;17;92;89;89;102;2,2;,8;
2024/01/15;1000 UTC;0;890,7;890,7;890,2;169,5;19,8;17,8;19,8;19;17,8;17,2;90;88;88;157;2,2;0;
2024/01/15;1100 UTC;0;891,2;891,2;890,7;1093,2;23,4;18;23,4;19,8;19;17,5;89;71;72;135;2,5;,2;
2024/01/15;1200 UTC;0;891,5;891,5;891,2;2067,8;24,3;17,1;24,6;23,2;18,8;17,1;75;64;64;197;3,6;1,9;
2024/01/15;1300 UTC;0;892,1;892,1;891,5;2757,4;24,7;18,4;25,1;23,9;19,2;17,2;71;63;68;185;4,7;2,1;
2024/01/15;1400 UTC;0;891,9;892,2;891,9;2390,1;25,3;18,1;25,4;24,4;18,8;17,3;69;61;64;206;5,1;2,3;
2024/01/15;1500 UTC;0;891,3;891,9;891,3;2160,3;25,3;17,2;27,6;25,2;18,5;16,1;64;53;61;146;4,5;,4;
2024/01/15;1600 UTC;0;890,6;891,3;890,6;982,2;24,3;17,7;25,5;22,8;17,8;16,5;70;60;66;102;4,6;,2;
2024/01/15;1700 UTC;0;889,4;890,6;889,4;3242,9;27,8;17,7;28,6;24,3;18,7;16,7;67;51;54;257;3,5;1,6;
2024/01/15;1800 UTC;0;888,6;889,4;888,6;3557,7;28,7;17,8;28,8;27,5;18,6;16,1;56;49;52;299;4,5;,6;
2024/01/15;1900 UTC;0;888,3;888,6;888,2;2378,8;25,4;17,6;29,6;25,4;18,2;15,4;62;44;62;65;9,1;3,9;
2024/01/15;2000 UTC;0;888,5;888,5;888,2;905,6;25,4;15,7;26;25;17,7;15,5;63;54;55;105;8,7;0;
2024/01/15;2100 UTC;0;888,4;888,6;888,3;317,3;23,8;17,5;25,5;23,6;18,1;15,5;71;54;68;182;3,4;,9;
2024/01/15;2200 UTC;0;888,8;888,8;888,4;54,8;22,8;18;23,9;22,5;18,1;17,1;75;66;75;124;4,2;,1;
2024/01/15;2300 UTC;0;889,3;889,3;888,8;;21,9;17,6;22,8;21,8;18,2;17,6;78;75;76;81;2,5;1,5;
2024/01/16;0000 UTC;0;889,9;889,9;889,3;;21,5;17,3;22,1;21,3;17,8;17,2;81;73;77;83;2,5;,1;
2024/01/16;0100 UTC;0;890,6;890,6;889,9;;20,4;17,6;21,9;20,3;17,6;17;84;75;84;65;2,6;,8;
2024/01/16;0200 UTC;0;891;891;890,6;;21,1;17,7;21,2;19,9;17,8;17,3;86;81;81;67;3,5;1;
2024/01/16;0300 UTC;0;890,4;891;890,4;;20,2;17,4;21,3;20,1;17,8;17,3;84;79;84;44;3,8;1,2;
2024/01/16;0400 UTC;0;889,8;890,4;889,8;;20,4;17,3;20,6;19,9;17,5;17,2;85;82;82;83;3,1;,2;
2024/01/16;0500 UTC;0;889,4;889,8;889,4;;19,7;17,4;20,4;19,3;17,5;17,1;88;82;87;271;1,6;0;
2024/01/16;0600 UTC;0;889,1;889,4;889,1;;19,5;17,1;20,4;18,9;17,5;16,7;88;82;86;30;2,5;,2;
2024/01/16;0700 UTC;0;889,1;889,2;889,1;;19;16,9;19,5;18,3;17,2;16,4;90;85;87;54;1,8;0;
2024/01/16;0800 UTC;0;889,4;889,4;889;;18,8;17,1;19,6;18,6;17,5;16,5;90;86;90;138;1,4;0;
2024/01/16;0900 UTC;0;889,7;889,7;889,4;,5;18,9;17,3;19,1;18,5;17,5;16,7;90;89;90;133;1,4;0;
2024/01/16;1000 UTC;0;890;890,1;889,6;300,8;21,1;18,2;21,1;18,9;18,5;17,2;90;84;84;98;1,5;0;
2024/01/16;1100 UTC;0;890,5;890,5;890;1162,8;24,7;18,6;24,7;21,1;19,1;17,6;84;66;69;104;1,1;0;
2024/01/16;1200 UTC;0;890,9;890,9;890,5;2136,9;26,3;18;26,3;24,4;18,8;17,3;69;59;60;52;4,6;1,3;
2024/01/16;1300 UTC;0;890,9;891,1;890,9;2466,2;27,3;18,7;27,3;24,8;19,4;17;68;56;59;39;4,6;1;
2024/01/16;1400 UTC;0;890,7;890,9;890,7;2899,8;27,8;17;28,4;26,3;17,9;15,1;59;46;52;37;7,7;2,8;
2024/01/16;1500 UTC;0;890,1;890,7;890;3090,5;28,6;16,5;29,3;26,6;18,3;14,9;58;44;48;18;7,3;2,7;
2024/01/16;1600 UTC;0;889,3;890,1;889,2;3991,6;28,6;16,3;29,6;27,9;17,3;15,2;51;44;47;12;9,1;2,9;
2024/01/16;1700 UTC;0;888,5;889,3;888,5;2813,8;28,7;17,8;29,4;25,9;19;16,1;64;45;52;17;8,2;2,9;
2024/01/16;1800 UTC;0;887,8;888,5;887,8;3536,5;29,6;16,3;29,7;28,3;17,7;14,7;52;41;45;360;7,3;3;
2024/01/16;1900 UTC;0;887,4;887,8;887,3;1898,8;26,8;18,7;29,6;26;18,7;16;61;44;61;355;9,8;2,9;
2024/01/16;2000 UTC;0;886,9;887,4;886,9;1775,3;27,2;17,1;27,7;26,1;18;16,6;61;52;54;338;8,1;2;
2024/01/16;2100 UTC;0;887,3;887,3;886,8;972,4;26,5;17,3;27,7;26,5;17,4;16,4;57;52;57;23;4,9;0;
2024/01/16;2200 UTC;0;888,1;888,1;887,3;95,9;23;17,6;26,5;23;19,1;16,9;73;57;72;155;5,9;2,1;
2024/01/16;2300 UTC;0;888,8;888,8;888,1;;23,1;16,8;23,1;22,6;17,7;16,4;72;67;68;138;5,5;,3;
2024/01/17;0000 UTC;0;889,4;889,4;888,8;;23,3;16,7;23,4;23,1;16,8;16,2;68;64;67;138;3,6;,4;
2024/01/17;0100 UTC;0;889,6;889,6;889,2;;21,6;17,9;23,3;21,5;17,9;16,7;80;66;79;165;3,1;0;
2024/01/17;0200 UTC;0;890,5;890,5;889,6;;20,1;18;22,3;20,1;18,1;17,4;88;74;88;27;2,7;,9;
2024/01/17;0300 UTC;0;890,1;890,5;890,1;;21,2;17,7;22,3;20,1;18,2;17,4;88;74;80;12;3,7;,5;
2024/01/17;0400 UTC;0;889,1;890,2;889,1;;21,6;16,4;22,2;20,7;18,2;16,4;85;70;72;112;2,8;,7;
2024/01/17;0500 UTC;0;888,9;889,1;888,9;;21,2;17,7;21,7;19,5;18;16,2;88;71;80;105;2,7;,1;
2024/01/17;0600 UTC;0;888,8;888,9;888,8;;20,1;16,2;21,6;20,1;17,6;16,2;80;74;78;199;2,1;0;
2024/01/17;0700 UTC;0;888,9;888,9;888,8;;19;16,2;20,2;19;17,1;16,2;86;78;84;349;0;0;
2024/01/17;0800 UTC;0;889,1;889,1;888,8;;20,3;15,9;20,3;19;16,7;15,8;85;76;76;83;0;0;
2024/01/17;0900 UTC;0;889,9;889,9;889,1;0;19,6;16,6;20,3;19,6;17,1;15,7;84;76;83;124;1,9;0;
2024/01/17;1000 UTC;0;890,7;890,8;889,9;299,1;23;16,7;23;19,4;17,3;15,9;84;67;67;108;1,7;0;
2024/01/17;1100 UTC;0;891,1;891,1;890,7;1170,5;24,9;17,5;25;23;17,9;16,2;69;62;63;39;2,8;,8;
2024/01/17;1200 UTC;0;891,2;891,4;891,1;2107;26,8;16,9;26,8;24,8;18,2;15,8;67;52;54;63;6,8;4;
2024/01/17;1300 UTC;0;891,3;891,4;891,2;2702,4;27,3;15,3;27,9;26,5;16,9;14,3;55;45;48;54;7,7;3;
2024/01/17;1400 UTC;0;891;891,4;891;3398,4;28,8;15,3;29;26,9;16,7;14,5;51;42;44;65;6,8;2,9;
2024/01/17;1500 UTC;0;890,5;891;890,5;3447,4;29,9;16,2;29,9;27,8;16,3;13,6;48;38;44;63;7,6;2,4;
2024/01/17;1600 UTC;0;890;890,6;890;3073,9;29,2;15,1;30,5;27,9;16,3;13,8;47;37;42;54;7,6;1,4;
2024/01/17;1700 UTC;0;889,3;890,1;889,3;1560;28,7;13,8;30,5;28,1;16,2;13,1;48;34;40;79;4,8;,8;
2024/01/17;1800 UTC;0;888,2;889,3;888,2;2057,8;28,5;14,9;31;28,4;16,3;13,1;47;34;44;11;5,2;1,6;
2024/01/17;1900 UTC;0;887,5;888,2;887,5;1054,4;28,4;15;29,6;27,7;17,3;13,8;51;39;44;16;5,7;,4;
2024/01/17;2000 UTC;0;886,7;887,5;886,7;869,8;29,5;12,1;29,6;27,4;15,6;12,1;48;34;34;74;5,8;1,7;
2024/01/17;2100 UTC;0;886,8;886,8;886,5;1006,1;28,5;12,7;30,2;28,5;12,9;11,3;38;32;38;81;6,1;1,8;
2024/01/17;2200 UTC;0;887,4;887,4;886,8;118,8;25,5;14,4;28,5;25,5;14,4;12;50;36;50;83;4,6;1,7;
2024/01/17;2300 UTC;0;888,2;888,2;887,4;;24,4;14,6;25,6;24,3;14,6;13,9;54;48;54;82;2,9;1,4;
2024/01/18;0000 UTC;0;889;889;888,2;;23,2;15;24,9;23,2;15,1;14,5;60;53;60;76;2,1;0;
2024/01/18;0100 UTC;0;889,4;889,4;889;;24,4;14;24,5;23,2;15,1;14;60;52;53;103;2,3;,9;
2024/01/18;0200 UTC;0;889,3;889,5;889,3;;23,2;15,5;24,6;22,1;15,5;13,9;64;52;62;74;3;1,5;
2024/01/18;0300 UTC;0;889,5;889,6;889,3;;22,1;15,7;23,9;22,1;15,9;15,3;67;59;67;79;2,7;1,4;
2024/01/18;0400 UTC;0;889,3;889,6;889,3;;23;15,4;23;21,2;15,9;15,3;70;62;62;73;2,9;,1;
2024/01/18;0500 UTC;0;888,6;889,3;888,6;;21,9;15,8;23;20,9;15,8;15,2;71;62;68;94;1,5;0;
2024/01/18;0600 UTC;0;887,9;888,6;887,9;;22,8;15,9;23;21,5;16;15,6;69;64;65;94;3,6;2,2;
2024/01/18;0700 UTC;0;887,7;887,9;887,7;;22,5;15,9;22,8;19,6;16,3;15,8;79;65;66;83;3,5;1,9;
2024/01/18;0800 UTC;0;887,9;888;887,6;;20,3;16,1;22,6;19,6;16,1;15,2;79;64;77;329;2,9;0;
2024/01/18;0900 UTC;0;888,3;888,3;887,8;;21,1;16,1;21,7;20,3;16,1;15,5;77;68;73;38;3;,6;
2024/01/18;1000 UTC;0;889,3;889,3;888,3;346,1;23,3;17,3;23,3;20,7;17,3;16,1;76;68;69;81;3,8;,4;
2024/01/18;1100 UTC;0;889,7;889,7;889,3;1207,5;24,6;16,6;24,6;23,3;17,6;16,5;69;61;61;9;4,7;1,6;
2024/01/18;1200 UTC;0;890;890;889,7;2085,6;25,6;17,2;25,6;24,4;17,2;16,1;62;57;60;19;5,4;2,3;
2024/01/18;1300 UTC;0;890,2;890,2;890;3108,8;26,6;16,6;26,7;25,4;17,4;15,8;60;52;54;17;7,1;2,8;
2024/01/18;1400 UTC;0;890,1;890,2;890,1;3688,7;27,3;16,2;27,6;26,4;17,8;15,9;57;51;51;329;6,8;1,8;
2024/01/18;1500 UTC;0;889,4;890,1;889,4;3918,6;28,3;16,5;28,7;27,2;18,2;16;54;47;49;4;5,5;1,8;
2024/01/18;1600 UTC;0;889;889,5;889;3300,7;29,3;16,4;30;27,6;17,4;15,2;52;44;46;324;5,8;1,1;
2024/01/18;1700 UTC;0;888;889;888;2594,7;29,1;17,4;30,9;27,6;17,7;15,8;51;40;49;238;5,8;1,9;
2024/01/18;1800 UTC;0;887,2;888;887,2;640,8;25,7;14,7;29,5;24,9;16,9;14,2;57;45;51;171;7,2;1,8;
2024/01/18;1900 UTC;0;887,2;887,3;886,9;2017,4;25,6;18,9;29,4;25,6;19,4;14,3;67;42;66;215;7,5;3;
2024/01/18;2000 UTC;,2;887;887,4;886,9;877,5;24,2;20,2;25,6;23,5;20,4;18,9;82;66;78;274;4,6;,5;
2024/01/18;2100 UTC;0;887,2;887,2;886,7;528,3;24,9;17,4;25,3;23,3;20,8;17;81;60;63;168;4,3;1,9;
2024/01/18;2200 UTC;3,6;888,4;888,4;887,1;54,7;21,7;18,4;24,9;21,7;19,5;17,5;83;63;81;60;9,4;1,9;
2024/01/18;2300 UTC;2,4;888,6;888,6;888,2;;21,1;19,1;22;21,1;19,3;18,4;88;81;88;149;9,4;2,2;
2024/01/19;0000 UTC;0;889,2;889,2;888,6;;21,1;19,4;21,1;20,8;19,5;18,8;91;87;90;185;4,4;2;
2024/01/19;0100 UTC;0;889,9;889,9;889,2;;20,5;18,5;21,1;20,5;19,4;18,5;91;88;88;162;4,5;2,4;
2024/01/19;0200 UTC;0;889,8;890,1;889,8;;19,9;18;20,5;19,9;18,5;18;89;88;89;145;6,1;1;
2024/01/19;0300 UTC;,2;888,9;889,8;888,9;;20;17,7;20;19,6;18;17,7;89;86;86;137;3,3;,3;
2024/01/19;0400 UTC;0;888,1;888,9;888,1;;20,6;17;20,7;20;17,7;17;86;79;79;132;3;,7;
2024/01/19;0500 UTC;0;887,9;888,1;887,9;;21;16,6;21;20,5;17;16,5;80;76;76;120;2,9;,3;
2024/01/19;0600 UTC;0;887,7;887,9;887,7;;21,3;17,3;21,3;21;17,3;16,5;78;74;78;132;2,4;0;
2024/01/19;0700 UTC;0;887,8;887,8;887,6;;21;17,9;21,6;21;17,9;17,3;82;77;82;135;2;0;
2024/01/19;0800 UTC;0;888,6;888,6;887,8;;19,9;17;21;19,7;18;16,7;87;81;83;114;1,6;0;
2024/01/19;0900 UTC;0;889,3;889,3;888,6;;19,8;17,5;21,2;18,8;18,1;16,6;90;80;87;325;2,4;0;
2024/01/19;1000 UTC;0;889,9;889,9;889,3;135,9;20,4;17,9;20,9;19,1;18;16,9;89;83;86;96;1;0;
2024/01/19;1100 UTC;0;890,1;890,2;889,9;1105,6;26,1;19,2;26,1;20,4;19,7;18,1;86;66;66;85;1,3;0;
2024/01/19;1200 UTC;0;890,5;890,6;890,1;2010,7;26,9;16,2;26,9;25,3;20,1;15,6;72;50;52;11;3,1;,5;
2024/01/19;1300 UTC;0;890,4;890,5;890,3;2814,8;27,1;16,3;27,8;26,7;17,7;15,6;57;50;51;360;5,8;1,4;
2024/01/19;1400 UTC;0;890;890,4;890;3488,3;27,9;16,2;28,3;27;18,3;16;56;48;49;338;5,1;1,2;
2024/01/19;1500 UTC;0;889,5;890;889,5;3993,4;29,3;17,7;29,6;27,8;18,2;15,7;53;45;50;286;4,9;,7;
2024/01/19;1600 UTC;0;888,7;889,5;888,7;2738,2;29,1;17,5;30;28,1;18,2;15,5;51;44;50;295;4,8;,9;
2024/01/19;1700 UTC;0;887,6;888,7;887,6;2498,1;28;17,5;30,8;28;18,8;15,7;53;42;53;294;6,2;2,5;
2024/01/19;1800 UTC;0;886,4;887,6;886,4;2509,1;29,1;17,1;30,4;28;18,7;16,8;55;47;48;294;6,3;3,3;
2024/01/19;1900 UTC;0;885,8;886,4;885,8;1991,4;29,2;17;29,8;28,5;18,3;16,4;52;46;48;329;5,6;,7;
2024/01/19;2000 UTC;0;885,7;885,8;885,5;627,5;26,4;18,3;29,2;26,4;18,3;16,7;61;48;61;196;4,4;2,1;
2024/01/19;2100 UTC;0;885,8;885,8;885,6;131,6;25,7;16,9;26,4;24,5;19,6;16,7;71;58;58;189;5,4;,1;
2024/01/19;2200 UTC;0;886,4;886,4;885,7;41,7;24,5;17,5;25,8;24;18,4;16,6;71;57;65;140;2,6;0;
2024/01/19;2300 UTC;0;887;887,1;886,4;;24,6;17,6;24,8;23;18,9;17,5;77;64;65;81;2,4;1,2;
2024/01/20;0000 UTC;0;887,9;887,9;887;;23,8;16,6;24,7;23;18,3;16,5;74;63;64;57;2,4;,3;
2024/01/20;0100 UTC;0;888,5;888,5;887,9;;24,7;17,3;24,8;23,5;18,2;16,5;70;61;63;77;1,6;0;
2024/01/20;0200 UTC;0;888,8;888,8;888,5;;23;18,3;24,7;22,7;19,6;17,1;82;62;75;153;3,8;1,7;
2024/01/20;0300 UTC;0;888,6;889;888,5;;20,7;18,3;23;20,7;18,8;18,2;86;75;86;168;8;3,1;
2024/01/20;0400 UTC;0;888,2;888,6;888,1;;19,8;18,3;20,7;19,7;18,5;18;91;86;91;201;5,9;2,3;
2024/01/20;0500 UTC;0;887,5;888,3;887,5;;19,4;17,8;20;19,4;18,4;17,8;91;90;90;106;3,9;0;
2024/01/20;0600 UTC;0;886,9;887,6;886,9;;18,7;17,5;19,6;18,7;18,4;17,4;93;90;93;46;1,4;,1;
2024/01/20;0700 UTC;0;886,9;886,9;886,8;;20,5;16,5;20,5;18,7;18;16,5;93;78;78;141;2,7;1;
2024/01/20;0800 UTC;0;887,2;887,2;886,9;;20,5;16,1;20,8;20,4;16,5;16;78;75;76;173;4,1;,6;
2024/01/20;0900 UTC;0;887,6;887,6;887,2;;19,6;17,2;20,5;18,8;17,2;16,1;87;76;86;146;2,5;,4;
2024/01/20;1000 UTC;0;888,1;888,1;887,6;121,8;19,8;17,3;19,8;19,5;17,6;17,2;88;85;85;144;2,8;,8;
2024/01/20;1100 UTC;0;888,5;888,6;888,1;607,7;22,3;16,8;22,3;19,8;17,5;16,7;85;70;71;132;2,7;0;
2024/01/20;1200 UTC;0;888,8;888,9;888,5;1482,1;23,7;16,3;23,7;22,3;17;15,7;72;63;63;169;3,4;1,8;
2024/01/20;1300 UTC;0;888,8;888,9;888,8;1882,4;24,8;15,7;25,1;23,7;17;15,5;64;57;57;180;3,3;1;
2024/01/20;1400 UTC;0;888,5;888,8;888,5;3120,3;27,3;17,3;28;24,8;17,6;14,7;59;50;54;210;4,4;,9;
2024/01/20;1500 UTC;0;887,9;888,5;887,9;3864,5;28,9;15;29,1;27,3;17,6;15;55;43;43;284;4,4;1,2;
2024/01/20;1600 UTC;0;887,3;887,9;887,3;3126,1;29,9;15,6;30;27,8;16,6;13,2;50;37;42;1;5,4;1,3;
2024/01/20;1700 UTC;0;886,7;887,3;886,7;3632;28,8;15,6;30,5;28,8;16,3;11;45;32;45;332;6,1;2,3;
2024/01/20;1800 UTC;0;886;886,7;886;2765,3;29,4;17;29,9;28,6;18,6;13,5;52;38;47;327;6,2;2,8;
2024/01/20;1900 UTC;0;885,2;886;885,2;1961,9;29,4;16,4;30;27,3;18,8;15,1;56;42;45;326;6,2;2,4;
2024/01/20;2000 UTC;0;885;885,2;884,9;1930,9;28,8;14,2;29,7;28,5;17,4;14,2;49;40;41;334;6,8;3,5;
2024/01/20;2100 UTC;0;885,2;885,2;885;1035;27,8;16,4;28,9;27,8;16,7;14,7;50;41;50;307;6,7;2,9;
2024/01/20;2200 UTC;0;885,8;885,8;885,2;188,5;25;16,7;27,8;25;16,9;15,6;60;48;60;329;4,6;,9;
2024/01/20;2300 UTC;0;886,5;886,5;885,8;;24;15,8;25,1;23,8;17;15,8;63;60;60;321;3;1,3;
2024/01/21;0000 UTC;0;887,4;887,4;886,5;;23;15,9;24,3;22,8;15,9;15,4;65;58;64;10;3;0;
2024/01/21;0100 UTC;0;888,1;888,1;887,4;;23,3;17,9;23,9;23;17,9;15,9;72;63;72;303;2,3;,4;
2024/01/21;0200 UTC;0;888,4;888,5;888,1;;22,6;18,1;23,6;22,5;18,2;17,9;76;71;76;272;2,4;0;
2024/01/21;0300 UTC;0;888,3;888,5;888,3;;22,6;18,5;22,9;21,3;18,5;17,9;81;75;78;352;1,2;0;
2024/01/21;0400 UTC;0;888,1;888,3;888;;22,7;18;22,9;22,3;18,5;17,9;78;74;75;300;1,7;,1;
2024/01/21;0500 UTC;0;887,7;888,1;887,7;;21,8;18;22,7;21,3;18,1;17,7;81;75;79;258;1,6;0;
2024/01/21;0600 UTC;0;887,4;887,7;887,3;;21,9;18,1;22,2;21,6;18,3;18;81;78;79;202;1,3;,1;
2024/01/21;0700 UTC;0;887,2;887,4;887,2;;21,2;18;22;21,1;18,2;18;83;79;82;213;1,8;0;
2024/01/21;0800 UTC;0;887,3;887,4;887,2;;21,1;17,7;22;21,1;18,2;17,5;82;78;81;185;1;0;
2024/01/21;0900 UTC;0;888,2;888,2;887,3;;21;17,8;21,3;20,8;18;17,7;83;81;82;213;1,8;,3;
2024/01/21;1000 UTC;0;888,7;888,7;888,2;263,6;22,1;18,1;22,1;20,9;18,3;17,9;83;78;78;192;3,2;1;
2024/01/21;1100 UTC;0;888,9;889;888,7;789;22,9;18,4;22,9;21,8;18,7;18;80;76;76;163;3,5;1,5;
2024/01/21;1200 UTC;0;889,5;889,5;888,9;1735,8;24,4;18,9;24,7;22,8;19,9;18,3;80;71;72;182;3,7;,7;
2024/01/21;1300 UTC;0;889,6;889,6;889,5;2136,8;25,6;19,3;26,3;24,4;20,1;18,7;74;65;68;261;6,1;3,4;
2024/01/21;1400 UTC;0;889,2;889,6;889,2;3035,7;27;18;27,9;25,3;19,7;16,8;68;53;58;274;6,3;3,5;
2024/01/21;1500 UTC;0;888,5;889,2;888,5;3544,1;28,3;17,9;28,4;26,8;19,9;16,6;63;51;53;268;6,9;3,6;
2024/01/21;1600 UTC;0;887,7;888,5;887,6;4187,1;27,8;17,2;29,4;27,4;19,9;16,6;61;49;52;236;8,8;5,3;
2024/01/21;1700 UTC;0;886,9;887,7;886,9;3851,9;28,7;17;29,3;27,6;18,4;15,6;55;44;49;264;8,8;4,3;
2024/01/21;1800 UTC;0;885,9;886,9;885,9;3332,2;29,6;16,9;29,7;27,9;18;15,1;54;42;46;256;7,6;3,2;
2024/01/21;1900 UTC;0;885,8;885,9;885,6;2496,9;24,7;18;29,6;24,7;18,4;16,1;67;46;66;341;14,5;3,9;
2024/01/21;2000 UTC;0;887,3;887,3;885,8;181,7;19,5;16,9;25,1;19,5;18,6;16,1;85;63;85;220;12,1;5,2;
2024/01/21;2100 UTC;2,2;887;887,3;886,9;32,3;20,3;17,9;20,3;19,1;17,9;16,9;89;85;86;127;9,3;,6;
2024/01/21;2200 UTC;,8;887,6;887,6;886,9;19,9;20,9;18,5;21;20,3;18,5;17,7;86;82;86;173;3,2;0;
2024/01/21;2300 UTC;0;888,4;888,4;887,6;;20,7;18,9;21,1;20,4;18,9;18,4;90;85;90;105;2,1;0;
2024/01/22;0000 UTC;0;889;889;888,4;;21,3;18,8;21,4;20,7;19,1;18,6;90;85;86;139;1,3;0;
2024/01/22;0100 UTC;0;889,3;889,3;888,9;;20,7;18,8;21,3;20,7;19,1;18,8;89;86;89;337;0;0;
2024/01/22;0200 UTC;0;888,9;889,3;888,8;;21;18,6;21;20,7;19;18,6;89;87;87;215;0;0;
2024/01/22;0300 UTC;0;888,8;888,9;888,8;;20,7;18,6;21;20,7;18,7;18,5;88;86;88;310;,8;0;
2024/01/22;0400 UTC;0;888,4;888,8;888,4;;21;18,4;21,1;20,1;18,9;18,4;91;85;85;332;2,5;,4;
2024/01/22;0500 UTC;0;888,2;888,4;888;;20,7;18,2;21;20,5;18,7;18,2;89;85;85;297;2,5;0;
2024/01/22;0600 UTC;0;888;888,2;887,9;;20,1;18;20,9;20;18,3;17,9;90;83;88;53;1,8;,6;
2024/01/22;0700 UTC;0;888;888;887,9;;20;18,2;20,5;20;18,2;17,7;89;84;89;1;1,8;0;
2024/01/22;0800 UTC;0;888,5;888,5;888;;19,9;18,3;20,1;19,8;18,3;18,1;91;89;90;264;1,6;,1;
2024/01/22;0900 UTC;1,2;889,1;889,1;888,5;;19,5;17,9;20,1;19,5;18,4;17,9;91;89;91;188;3;,7;
2024/01/22;1000 UTC;,8;889,5;889,5;889,1;131,9;20;18,2;20;19,4;18,4;17,9;91;89;89;298;2,3;0;
2024/01/22;1100 UTC;3,2;889,9;889,9;889,5;345,7;20,1;18,6;20,1;19,3;18,7;17,8;93;89;91;352;3,1;0;
2024/01/22;1200 UTC;0;890;890,1;889,8;791,4;21,6;18,6;21,6;20,1;19;18,4;91;83;83;303;2,7;,6;
2024/01/22;1300 UTC;0;889,8;890;889,7;1623,3;22,7;18,9;22,7;21,6;19;18,2;84;77;79;262;5,5;2,4;
2024/01/22;1400 UTC;0;889,2;889,9;889,2;3139,7;24,2;18,8;24,7;22,5;19,5;18,3;81;71;72;266;5,3;2,7;
2024/01/22;1500 UTC;0;888,5;889,2;888,5;3768,8;25,3;18,8;25,8;23,8;19,9;18;75;64;68;268;7,1;4,3;
2024/01/22;1600 UTC;0;888;888,5;888;3644,4;25,8;18,2;26,6;25,3;19,9;17,8;70;61;63;262;7,7;3,7;
2024/01/22;1700 UTC;0;886,9;888;886,9;3405,4;27,4;17,9;27,7;25,7;19,7;17,9;66;56;56;265;10,4;4,9;
2024/01/22;1800 UTC;0;886,2;886,9;886,2;2550,2;25,8;19,2;28,3;25,8;20;17,7;67;55;67;274;10,4;4,5;
2024/01/22;1900 UTC;0;885,6;886,2;885,4;2467,7;26;18,9;26,8;23,9;20,5;18,5;80;63;65;248;9,2;3,2;
2024/01/22;2000 UTC;0;885,2;885,7;885;1193,3;25,4;18,8;26,1;25,3;20,2;18,5;72;65;67;261;8;4,4;
2024/01/22;2100 UTC;0;886,6;886,7;885,2;254;21,7;19,5;25,5;21,7;19,5;18,3;87;65;87;191;8;3,9;
2024/01/22;2200 UTC;2,4;886,8;886,8;886,3;32,6;21;18,6;21,7;20,4;19,6;18;88;82;86;6;7,1;0;
2024/01/22;2300 UTC;0;887,2;887,2;886,7;;21,5;19,2;22;20,9;19,6;18,5;89;83;87;265;2;0;
2024/01/23;0000 UTC;0;887,8;887,9;887,2;;21,5;19,3;21,7;20,8;19,5;19;90;87;87;209;2;0;
2024/01/23;0100 UTC;0;888,1;888,1;887,8;;21,1;19,1;21,5;20,7;19,3;18,8;90;87;88;24;2,1;0;
2024/01/23;0200 UTC;0;888,3;888,4;888,1;;21,1;18,9;21,6;20,9;19,5;18,8;89;86;88;55;1,3;0;
2024/01/23;0300 UTC;0;888;888,4;888;;21,6;19,2;21,7;20,9;19,4;18,9;89;86;86;23;1,9;,1;
2024/01/23;0400 UTC;0;887,2;888;887,2;;21,3;19,2;21,6;21,1;19,3;19,1;89;86;88;13;1,6;0;
2024/01/23;0500 UTC;0;887;887,2;886,9;;21,4;19,6;21,6;21,3;19,6;19,1;90;87;90;169;3,8;,9;
2024/01/23;0600 UTC;0;886,5;887;886,5;;20,5;19;21,4;20,5;19,6;19;92;89;91;146;4,7;,5;
2024/01/23;0700 UTC;0;886,1;886,6;886,1;;19,6;17,9;20,5;19,5;18,9;17,8;91;87;90;93;2,7;0;
2024/01/23;0800 UTC;0;886,1;886,1;885,9;;19,3;17,9;19,6;19,2;18;17,7;91;90;91;41;2,3;1,2;
2024/01/23;0900 UTC;0;887,2;887,2;886,1;;20,2;18,9;20,2;19,3;19;17,9;93;91;92;286;3,6;1,4;
2024/01/23;1000 UTC;,8;888,2;888,2;887,2;18,5;19,1;18,1;20,3;19,1;19;18,1;94;92;94;266;7,7;3,5;
2024/01/23;1100 UTC;5,6;888,1;888,2;888;68,5;19,4;18,3;19,4;19,1;18,3;18;94;93;94;68;5,5;0;
2024/01/23;1200 UTC;,6;888;888,2;888;582;21;19,4;21;19,3;19,6;18,3;94;91;91;1;4,5;2,3;
2024/01/23;1300 UTC;0;888,1;888,1;888;2154,8;22,1;19;22,4;21;19,8;18,8;90;82;83;339;6,7;3,8;
2024/01/23;1400 UTC;0;888,2;888,3;888,1;1770,4;23,3;18,5;23,3;21,5;19,8;18,5;87;74;74;316;6,9;4;
2024/01/23;1500 UTC;,2;887,4;888,2;887,4;2243,8;24,2;19,9;24,4;21,9;20,4;18,4;86;73;77;315;7;2,9;
2024/01/23;1600 UTC;0;886,4;887,4;886,4;2961,3;25,9;19,5;25,9;24,2;20,5;18,3;78;66;68;326;7,7;3,5;
2024/01/23;1700 UTC;0;885,6;886,4;885,6;2812,7;25,8;18,1;26,4;24,5;20,3;17,8;75;62;63;292;8,7;4,3;
2024/01/23;1800 UTC;0;884,7;885,6;884,7;2272,4;21,9;18,6;27,8;21,9;20,7;18;82;60;82;265;12,5;6,4;
2024/01/23;1900 UTC;0;884,4;884,9;884,4;844,3;22,2;19,4;22,4;21,6;19,8;18,8;86;82;84;256;12,5;3,3;
2024/01/23;2000 UTC;0;884;884,4;884;1296,5;23,3;18,3;23,6;22,1;19,9;18,2;86;73;74;270;7,5;2,9;
2024/01/23;2100 UTC;0;884,2;884,3;884;745,7;23,2;19;23,9;23,1;19,1;18,2;77;72;77;272;5,2;1;
2024/01/23;2200 UTC;0;884,3;884,3;884;216,8;22,3;19,4;23,7;22,3;19,5;18,9;84;76;84;285;3,4;,1;
2024/01/23;2300 UTC;0;884,9;884,9;884,3;;21,3;19,4;22,3;21,3;19,6;19,4;90;84;89;30;1,9;0;
2024/01/24;0000 UTC;0;885,2;885,2;884,9;;20,8;19,3;21,3;20,8;19,6;19,3;91;89;91;31;2,3;,1;
2024/01/24;0100 UTC;0;886,1;886,1;885,2;;20,7;19,1;20,8;20,6;19,3;19,1;92;90;90;351;2,8;,7;
2024/01/24;0200 UTC;0;886,1;886,2;886;;20,5;18,9;20,8;20,4;19,1;18,8;91;90;91;357;3,5;2,2;
2024/01/24;0300 UTC;0;885,7;886,2;885,7;;20,5;19,3;20,6;20,4;19,3;18,9;92;91;92;360;3,8;1;
2024/01/24;0400 UTC;0;885,1;885,8;885,1;;20,4;19,2;20,6;20,4;19,4;19,2;93;92;93;3;2,9;,3;
2024/01/24;0500 UTC;0;884,6;885,1;884,6;;20,3;19,3;20,4;20;19,3;18,9;94;93;94;331;2,4;,2;
2024/01/24;0600 UTC;0;884,2;884,6;884,2;;20,5;19,3;20,6;20,3;19,5;19,3;94;93;93;335;4,2;2,1;
2024/01/24;0700 UTC;0;883,7;884,2;883,7;;20,5;19,2;20,6;20,5;19,4;19,2;93;92;92;327;4,8;2;
2024/01/24;0800 UTC;0;884;884;883,7;;20,3;19,1;20,5;20,3;19,3;19,1;93;92;93;342;4,4;2,4;
2024/01/24;0900 UTC;0;884,5;884,5;884;;20,3;19,2;20,3;20,2;19,2;19,1;93;93;93;336;4,9;2,4;
2024/01/24;1000 UTC;0;885;885;884,5;48,5;20,5;19;20,5;20,2;19,2;18,8;93;91;91;321;5,6;2,8;
2024/01/24;1100 UTC;0;885,5;885,5;885;484,1;21,5;18,8;21,5;20,5;19,2;18,8;91;85;85;308;8,2;5,4;
2024/01/24;1200 UTC;0;886;886;885,5;715,6;21,7;19,1;21,8;21,4;19,3;18,8;86;84;85;318;8,2;4,6;
2024/01/24;1300 UTC;,6;886,3;886,3;886;1195,1;21,7;19,7;22,3;21,1;20,2;19,1;91;84;88;307;9;5,7;
2024/01/24;1400 UTC;,2;886,1;886,3;886,1;1119;21,9;19,7;22,1;21,3;19,9;19,1;90;86;87;318;8,5;4,8;
2024/01/24;1500 UTC;0;885,4;886,1;885,4;1459,2;22,2;19,8;23;21,3;20,8;19,2;90;84;86;332;9,1;4,8;
2024/01/24;1600 UTC;,6;884,9;885,4;884,9;1756,5;21,8;20,6;22,7;21,1;20,6;19,6;93;86;93;329;11;6,2;
2024/01/24;1700 UTC;,2;884,2;884,9;884,2;1713,6;22;20;23;21,3;21,3;19,6;93;85;88;314;9,6;4,7;
2024/01/24;1800 UTC;,6;883,6;884,2;883,6;1726,3;24;20,1;24,1;21,6;20,9;19,6;92;78;79;283;8,6;4;
2024/01/24;1900 UTC;0;882,7;883,6;882,7;1450,4;24;19,2;24,7;23,1;20,2;18,9;83;72;75;296;7,4;4,4;
2024/01/24;2000 UTC;0;882,6;882,7;882,4;1192,2;24,3;19,5;24,7;23,1;20,6;19;83;73;75;304;8,1;4,1;
2024/01/24;2100 UTC;0;882,9;883;882,6;272,6;23,2;19,6;24,4;23,1;19,8;19,5;81;75;80;294;6,8;2,2;
2024/01/24;2200 UTC;2,6;883,8;883,8;882,8;88,4;20,7;18,7;23,3;20,7;20,2;18,7;89;80;89;302;10,1;4,4;
2024/01/24;2300 UTC;,2;884,5;884,5;883,8;0;20,5;19,3;20,6;20,4;19,4;18,8;93;89;93;249;10,1;,8;
2024/01/25;0000 UTC;0;884,9;884,9;884,5;;20,3;19,1;20,7;20,3;19,4;19;93;91;93;36;3,5;0;
2024/01/25;0100 UTC;0;885,3;885,3;884,8;;20,5;19,2;20,5;20,1;19,3;19;93;92;92;23;1,9;0;
2024/01/25;0200 UTC;,2;885,6;885,6;885,3;;20,7;19,4;20,8;20,5;19,4;19,2;92;92;92;356;2,1;,3;
2024/01/25;0300 UTC;0;885,2;885,6;885,2;;20,6;19,3;20,7;20,6;19,6;19,3;93;92;93;25;3,5;0;
2024/01/25;0400 UTC;0;884,3;885,2;884,3;;20,6;19,3;20,6;20,5;19,4;19,2;93;92;92;138;,9;0;
2024/01/25;0500 UTC;0;884;884,3;883,9;;20,1;18,9;20,6;20,1;19,4;18,9;93;92;93;231;2,4;,6;
2024/01/25;0600 UTC;0;883,8;884;883,8;;20;19;20,1;20;19,1;18,8;94;93;94;270;2,6;,9;
2024/01/25;0700 UTC;0;883,6;883,8;883,5;;19,9;19;20,1;19,9;19,2;19;95;94;95;274;2,6;,7;
2024/01/25;0800 UTC;,2;883,5;883,6;883,4;;19,9;19;20;19,8;19,1;19;95;95;95;274;2,9;1,6;
2024/01/25;0900 UTC;0;883,8;883,9;883,5;,5;19,9;19;20;19,8;19,1;19;95;95;95;271;3,6;1,3;
2024/01/25;1000 UTC;0;884,5;884,5;883,8;100,2;20,2;19,4;20,2;19,9;19,4;19,1;95;95;95;260;2,6;,7;
2024/01/25;1100 UTC;0;884,9;885;884,5;315,3;20,3;19,5;20,5;20,1;19,6;19,3;95;95;95;265;3,2;1,1;
2024/01/25;1200 UTC;0;885,4;885,6;884,9;547,8;21,1;20,2;21,1;20,2;20,2;19,4;95;95;95;262;4;1,4;
2024/01/25;1300 UTC;0;885,5;885,5;885,3;1900,9;23;19,1;23,4;21,1;21,7;19;95;78;79;273;3,2;1,2;
2024/01/25;1400 UTC;0;885,7;885,7;885,4;2565,3;22,6;19,8;25;22,4;20,1;18,5;85;69;85;354;5,1;2,3;
2024/01/25;1500 UTC;0;885,4;885,8;885,4;2676,2;24,6;20,1;24,9;22,5;20,7;19,1;86;73;76;360;5,5;1,2;
2024/01/25;1600 UTC;0;884,8;885,4;884,8;1677,9;24,3;19,1;25;24;20,5;18,3;78;68;73;331;5,6;3;
2024/01/25;1700 UTC;0;884,1;884,9;884,1;1734,8;25,5;19,2;25,7;23,8;19,8;18;77;65;68;293;6,2;2,7;
2024/01/25;1800 UTC;0;883,6;884,1;883,6;2534,4;25,4;18,6;26,4;25,1;19,7;17,7;70;61;66;271;5,6;2,8;
2024/01/25;1900 UTC;0;883,2;883,6;883,2;1807,5;24,9;18,8;25,8;24,9;19,5;18,2;71;63;69;264;6,1;3;
2024/01/25;2000 UTC;0;882,8;883,2;882,7;778;24,1;19,1;24,9;24,1;19,5;18,7;75;69;73;271;5,3;2,1;
2024/01/25;2100 UTC;0;883,4;883,4;882,7;453;23,3;19,5;24,1;23,3;19,8;19,1;80;73;79;271;4,6;2,5;
2024/01/25;2200 UTC;0;884;884;883,4;104,4;22,1;19,6;23,4;22,1;19,7;19,4;86;79;86;273;3,8;1,2;
2024/01/25;2300 UTC;0;884,9;884,9;884;;21,6;19,5;22,1;21,5;19,6;19,4;88;86;88;307;2,9;0;
2024/01/26;0000 UTC;0;885,6;885,6;884,9;;21,6;20;21,7;21,5;20;19,5;90;88;90;294;3,1;,6;
2024/01/26;0100 UTC;0;886;886;885,6;;21;19,3;21,6;20,8;20;18,4;91;85;90;280;4;,6;
2024/01/26;0200 UTC;0;886,2;886,3;885,9;;20,9;19,5;21;20,7;19,5;19,2;92;90;92;55;2,5;0;
2024/01/26;0300 UTC;,2;886;886,3;886;;21,1;19,7;21,2;20,9;19,9;19,4;92;90;92;310;6,3;1,7;
2024/01/26;0400 UTC;37,6;885,4;886,1;885,3;,5;19,7;18,6;21;19,2;19,1;18,2;94;90;93;327;6,3;,4;
2024/01/26;0500 UTC;0;884,8;885,5;884,8;;19,4;18,1;20,2;19,3;18,7;18;93;90;93;51;2,5;,3;
2024/01/26;0600 UTC;0;884,8;884,9;884,8;;19,7;18,4;19,7;19,2;18,4;18;93;92;92;355;1,8;0;
2024/01/26;0700 UTC;0;884,9;885;884,7;;20;18,9;20;19,7;19;18,4;94;92;94;35;1;0;
2024/01/26;0800 UTC;0;885,1;885,1;884,9;;20;19;20,1;19,9;19,1;18,9;94;94;94;212;0;0;
2024/01/26;0900 UTC;0;885,7;885,7;885,1;;20;18,9;20;19,9;19;18,9;94;93;93;251;,9;0;
2024/01/26;1000 UTC;,2;886,1;886,1;885,7;117,3;20,3;19,2;20,3;20;19,2;18,8;93;93;93;23;0;0;
2024/01/26;1100 UTC;0;886,7;886,7;886,1;458,6;21,1;19,7;21,2;20,3;19,8;19,2;93;91;91;5;0;0;
2024/01/26;1200 UTC;0;886,8;887;886,6;838,1;22;18,8;22;21,1;19,7;18,7;91;82;82;248;2,9;,3;
2024/01/26;1300 UTC;0;886,8;886,9;886,8;1998;23,1;18;23,6;21,9;19,1;17,6;83;72;73;231;4,6;,5;
2024/01/26;1400 UTC;0;886,6;886,9;886,6;2449,8;24,1;18;25,3;22,9;19;17,2;75;62;68;274;2,7;1,4;
2024/01/26;1500 UTC;,6;886,3;886,7;886,3;818,6;22,1;18,5;24,5;22,1;19;17,8;80;68;80;207;6,5;,9;
2024/01/26;1600 UTC;7,4;886,5;886,6;885,9;562,9;19,9;18,5;22,6;19,9;19,6;18,1;91;78;91;266;5;1,3;
2024/01/26;1700 UTC;10,8;885,4;886,5;885,4;1004;21,5;19,8;21,5;19,9;19,8;18,5;93;89;90;79;3,7;,5;
2024/01/26;1800 UTC;,2;885,2;885,4;885,1;947,3;21,7;18,9;22,9;21,5;20;17,8;90;74;84;5;2,4;,6;
2024/01/26;1900 UTC;13,6;885,2;885,6;885,2;133,8;18,2;17,2;21,7;18,2;19;17,2;94;84;94;6;6,5;3,3;
2024/01/26;2000 UTC;4,8;884,5;885,2;884,4;490,4;19,9;18,3;19,9;18,1;18,4;17,1;94;91;91;123;5,6;,3;
2024/01/26;2100 UTC;0;884,7;884,7;884,3;257,3;20,3;18,6;20,3;19,9;18,7;18,3;92;89;90;77;3,6;0;
2024/01/26;2200 UTC;0;885,1;885,1;884,7;55,3;19,6;18,3;20,4;19,6;18,6;18,3;92;89;92;202;2,6;0;
2024/01/26;2300 UTC;,2;885,6;885,6;885,1;;19,9;18,7;19,9;19,5;18,7;18,2;93;92;93;133;1,2;0;
2024/01/27;0000 UTC;0;886,1;886,1;885,6;;18,6;17,2;20,1;18,6;18,7;17,2;93;88;91;51;1,7;0;
2024/01/27;0100 UTC;0;886,7;886,7;886,1;;19,4;17,3;19,4;18,5;17,8;17,1;93;88;88;83;2,2;0;
2024/01/27;0200 UTC;0;886,7;886,8;886,6;;19;17;19,7;18,8;17,2;16,7;88;84;88;58;1,8;1;
2024/01/27;0300 UTC;0;886,7;887;886,7;;18,7;17,2;19,1;18,5;17,2;16,6;91;87;91;46;2,1;,4;
2024/01/27;0400 UTC;0;886,2;886,7;886,2;;18,8;16,9;19,2;18,7;17,4;16,9;91;88;89;46;2,1;,7;
2024/01/27;0500 UTC;0;885,9;886,2;885,9;;19,2;17,5;19,4;18,8;17,5;16,8;90;86;90;16;2;,1;
2024/01/27;0600 UTC;0;885,7;885,9;885,6;;19,3;17,5;19,4;19,1;17,7;17,2;91;88;89;10;2,7;,5;
2024/01/27;0700 UTC;0;885,5;885,7;885,5;;19,1;17,5;19,3;19,1;17,7;17,4;90;89;90;42;2,4;,8;
2024/01/27;0800 UTC;0;885,9;885,9;885,4;;19,3;17,4;19,7;19,1;17,5;17;90;84;89;297;2,6;0;
2024/01/27;0900 UTC;0;886,3;886,3;885,9;;19,6;17,4;19,6;19,2;17,7;17,4;90;87;87;330;0;0;
2024/01/27;1000 UTC;0;886,9;886,9;886,3;100,8;19,3;18,1;19,7;19;18,1;17,4;93;87;93;285;2,8;0;
2024/01/27;1100 UTC;0;887,4;887,4;886,9;314,5;20,2;18,3;20,2;19,3;18,6;18,1;93;89;89;32;0;0;
2024/01/27;1200 UTC;0;888,1;888,1;887,4;599,8;21;18,3;21;20,2;18,6;18,1;89;84;85;330;1,3;0;
2024/01/27;1300 UTC;0;888,1;888,2;888;2196,5;22,7;18,4;23,2;21;20,2;18,1;87;75;77;249;3,6;2,2;
2024/01/27;1400 UTC;0;887,9;888,2;887,9;1706,2;24,2;18,7;24,2;22,1;19;18,1;79;70;72;272;3,9;2,2;
2024/01/27;1500 UTC;0;887,6;887,9;887,6;2057,2;24,2;17,9;25,1;23,8;19,5;17,7;74;65;68;286;4,5;2,1;
2024/01/27;1600 UTC;0;886,8;887,6;886,8;1811,8;24,5;19,3;25,4;24,2;19,3;17,8;73;64;73;260;4,5;,9;
2024/01/27;1700 UTC;0;886,3;886,8;886,2;1327;23,8;19,8;25,2;23,4;19,8;18;78;65;78;217;4,9;1,6;
2024/01/27;1800 UTC;1,2;885,4;886,3;885,4;2322,2;25,8;18,2;26,5;22;20,1;17,7;86;60;63;335;4,3;,5;
2024/01/27;1900 UTC;0;884,8;885,4;884,8;2800,4;25,9;18,8;27,4;25,8;20,1;17,9;67;58;65;12;3,4;1,1;
2024/01/27;2000 UTC;0;884,7;884,9;884,6;1006,1;25;19,8;26,8;24,9;20,1;18,5;75;63;73;303;5,2;3,1;
2024/01/27;2100 UTC;0;884,9;884,9;884,6;1336,3;26,8;17,6;26,9;25;20,3;17,6;74;57;57;252;5,2;1,5;
2024/01/27;2200 UTC;0;885,8;885,8;884,9;274;22,9;19,3;27;22,9;19,4;17,5;81;56;81;73;6,1;2,1;
2024/01/27;2300 UTC;0;886,4;886,5;885,8;;21,7;18,8;22,9;21,7;19,5;18,8;85;80;84;36;6,4;3,4;
2024/01/28;0000 UTC;0;887,4;887,4;886,4;;20,6;19;22;20,6;19,2;18,9;91;82;91;9;6,1;1,4;
2024/01/28;0100 UTC;0;887,8;887,9;887,4;;20;18,9;20,6;20;19,2;18,9;94;91;93;19;5;1,8;
2024/01/28;0200 UTC;0;888,5;888,5;887,8;;19,7;18,7;20;19,7;18,9;18,7;94;93;94;300;4,4;0;
2024/01/28;0300 UTC;0;888,4;888,7;888,4;;19,8;18,8;19,8;19,3;18,8;18,3;94;94;94;86;,9;0;
2024/01/28;0400 UTC;0;888,1;888,4;888,1;;19,8;18,7;19,9;19,5;18,8;18,6;94;93;93;7;2;,2;
2024/01/28;0500 UTC;0;887,6;888;887,6;;19,8;18,7;19,8;19,6;18,7;18,5;94;93;93;310;2,9;1,1;
2024/01/28;0600 UTC;0;887,4;887,6;887,3;;19,8;18,8;19,9;19,7;18,9;18,7;94;93;94;321;3,5;2,4;
2024/01/28;0700 UTC;0;887,3;887,4;887,2;;19,8;18,8;19,8;19,7;18,9;18,8;94;94;94;336;3,7;,7;
2024/01/28;0800 UTC;,4;887,5;887,5;887,3;;19,8;18,9;19,8;19,6;18,9;18,7;95;94;95;302;3,7;1,4;
2024/01/28;0900 UTC;0;888;888;887,5;;19,6;18,5;19,8;19,6;18,9;18,5;95;93;94;337;4;0;
2024/01/28;1000 UTC;,2;888,7;888,7;888;44,7;19,8;18,8;19,8;19,6;18,8;18,5;94;94;94;296;5,2;2,5;
2024/01/28;1100 UTC;0;889,4;889,4;888,7;246,3;20,6;19,3;20,6;19,8;19,4;18,8;94;92;92;304;4,4;1,7;
2024/01/28;1200 UTC;0;889,8;889,8;889,4;846,3;21,3;19,3;21,8;20,6;19,5;18,8;92;86;88;349;4,4;1,4;
2024/01/28;1300 UTC;4,8;890,1;890,1;889,8;1220,8;21,6;18,9;22;19,9;20,1;18,3;93;84;84;299;6,7;3,5;
2024/01/28;1400 UTC;,4;890,2;890,2;890,1;1782,4;21,3;19,4;23;21,2;19,8;18,7;89;78;89;319;6,7;3,5;
2024/01/28;1500 UTC;0;889,6;890,2;889,5;2524,9;22,7;19,7;24,4;21,3;20,3;18,2;89;72;83;355;7,3;2,7;
2024/01/28;1600 UTC;10;889,6;889,9;889,6;569,6;20,3;19;22,7;19,7;20;18,3;93;82;93;300;6,3;1,1;
2024/01/28;1700 UTC;2;888,6;889,6;888,6;2440,7;23,6;19,2;23,8;20,3;21,2;19;93;76;76;336;4,9;2,2;
2024/01/28;1800 UTC;0;888;888,6;887,9;1836,9;24,1;19,1;24,7;23,6;20,2;18,8;81;71;74;320;6,3;3,7;
2024/01/28;1900 UTC;0;887;888;887;2232,7;24,6;19,6;25,1;24;20,1;19,1;77;70;74;355;6,3;3;
2024/01/28;2000 UTC;0;886,9;887;886,7;1253,2;23,7;19,3;25;23,6;20,3;18,6;77;70;76;355;5,5;1,6;
2024/01/28;2100 UTC;0;887,3;887,4;886,8;249;23,3;19,4;23,7;23,2;19,8;19,1;81;76;79;323;4,9;2,5;
2024/01/28;2200 UTC;0;887,7;887,7;887,3;268,6;21,3;19,7;23,4;21,3;20,4;19,3;92;79;90;348;5,9;0;
2024/01/28;2300 UTC;0;888,8;888,8;887,7;;20,6;19,2;21,3;20,6;19,7;19,1;92;89;92;341;6,8;3,2;
2024/01/29;0000 UTC;0;889,4;889,4;888,8;;20,3;19;20,6;20,3;19,1;18,9;92;91;92;353;5,4;2,3;
2024/01/29;0100 UTC;0;889,9;889,9;889,4;;20,3;19,2;20,4;20,3;19,3;19;93;92;93;347;4,3;1;
2024/01/29;0200 UTC;0;890,2;890,3;889,9;;20,2;19,1;20,4;20,2;19,2;19;94;93;94;353;3,7;1,7;
2024/01/29;0300 UTC;,8;890,1;890,3;890,1;;19,8;18,8;20,2;19,8;19,2;18,8;94;94;94;334;6,2;3,7;
2024/01/29;0400 UTC;1,2;889,6;890,2;889,6;;19,7;18,8;19,8;19,6;18,8;18,6;94;94;94;335;7;1,5;
2024/01/29;0500 UTC;0;889;889,6;889;,1;19,8;18,7;19,9;19,7;18,9;18,7;94;93;93;325;4,7;1,6;
2024/01/29;0600 UTC;0;888,8;889;888,8;;19,9;18,8;19,9;19,7;18,8;18,6;94;93;94;316;3,3;1,5;
2024/01/29;0700 UTC;0;889;889;888,8;;19,6;18,5;19,9;19,6;18,8;18,5;94;93;94;325;4,3;2,9;
2024/01/29;0800 UTC;0;889,1;889,1;889;;19,3;18,3;19,6;19,3;18,5;18,2;94;94;94;333;4,9;1,7;
2024/01/29;0900 UTC;0;889,7;889,7;889,1;;19,5;18,4;19,5;19,3;18,4;18,3;94;93;93;296;4,6;2;
2024/01/29;1000 UTC;0;890,3;890,3;889,7;56,5;19,7;18,5;19,7;19,4;18,5;18,3;93;93;93;310;3,9;1;
2024/01/29;1100 UTC;0;891,1;891,1;890,3;167,8;19,8;18,6;19,8;19,5;18,6;18,3;93;92;93;309;2,6;,7;
2024/01/29;1200 UTC;,2;891,5;891,5;891,1;444;19,9;18,7;20;19,5;18,8;18,3;94;93;93;324;4,2;2,1;
2024/01/29;1300 UTC;0;891,7;891,7;891,5;1365,7;21,8;18,1;21,9;19,9;19,4;18,1;93;80;80;296;4,6;2,5;
2024/01/29;1400 UTC;0;891,6;891,7;891,6;1993,1;23,5;18,8;23,5;21,5;19;17,7;82;75;75;276;5;2,6;
2024/01/29;1500 UTC;0;890,7;891,6;890,7;2799,4;24,6;17,6;24,8;22,9;19,3;17,5;76;65;65;251;6,2;2,6;
2024/01/29;1600 UTC;0;890,3;890,7;890,3;3720,4;25,2;17,4;25,7;23,6;19,2;17,4;72;62;62;269;6,5;3,8;
2024/01/29;1700 UTC;0;889,5;890,3;889,5;2335,8;24,5;17,5;25,9;24,3;18,8;16,8;69;61;65;265;6,4;2,4;
2024/01/29;1800 UTC;0;888,8;889,5;888,8;2871;26,4;17,7;26,4;24,6;19;17,1;67;58;59;258;7;3,3;
2024/01/29;1900 UTC;0;888,1;888,8;888,1;2258,4;24,8;17,1;27,2;24,8;19,1;16,9;66;58;62;256;7;3,2;
2024/01/29;2000 UTC;0;887,6;888,2;887,6;365,8;22,6;18,5;24,8;21,9;18,8;16,8;80;62;78;205;5,9;1,9;
2024/01/29;2100 UTC;0;887,7;887,7;887,5;407,5;22,6;19,1;23,6;22,6;19,1;18,3;81;73;81;315;4,4;,5;
2024/01/29;2200 UTC;0;887,7;887,7;887,6;53,1;21,3;19,1;22,6;21,3;19,1;18,7;87;80;87;31;3,8;,2;
2024/01/29;2300 UTC;0;888,6;888,6;887,7;;21;18,8;21,5;21;19,5;18,8;89;86;87;32;2,2;,3;
2024/01/30;0000 UTC;0;889,4;889,4;888,6;;20,7;18,2;21;20,6;18,8;18,1;88;85;85;12;2,2;,1;
2024/01/30;0100 UTC;0;890,2;890,2;889,4;;20,7;18,4;20,9;20,5;18,6;18,1;88;85;87;358;2,2;,1;
2024/01/30;0200 UTC;0;890,3;890,4;890,2;;20,9;18,8;20,9;20,6;18,8;18,4;88;87;88;138;1,5;0;
2024/01/30;0300 UTC;0;889,7;890,4;889,7;;20,2;18,7;21;20,2;19;18,5;91;88;91;61;1,3;,1;
2024/01/30;0400 UTC;0;889,3;889,7;889,3;;20,3;18,9;20,6;20;19,1;18,6;92;90;92;25;1,3;0;
2024/01/30;0500 UTC;0;888,7;889,3;888,7;;20,2;18,8;20,4;20,2;19;18,8;92;91;92;342;1;0;
2024/01/30;0600 UTC;0;888,4;888,7;888,4;;19,6;18,4;20,2;19,6;18,8;18,4;93;92;93;3;0;0;
2024/01/30;0700 UTC;0;888,4;888,5;888,4;;19;18;19,7;19;18,6;18;94;93;94;57;1,2;0;
2024/01/30;0800 UTC;0;888,4;888,5;888,3;;19,5;18,6;19,5;18,9;18,6;17,9;94;94;94;319;1,2;0;
2024/01/30;0900 UTC;0;888,8;888,8;888,4;;19,7;18,7;19,7;19,4;18,7;18,5;94;94;94;285;0;0;
2024/01/30;1000 UTC;0;889,3;889,5;888,8;140,3;20,2;19,1;20,2;19,5;19,2;18,5;94;93;93;295;0;0;
2024/01/30;1100 UTC;0;889,9;889,9;889,3;556,5;20,9;18,6;20,9;20;19,1;18,4;93;87;87;323;2,3;,5;
2024/01/30;1200 UTC;0;890,2;890,2;889,8;1456,2;22,2;18,8;22,2;20,8;19;18;87;79;81;342;2,3;0;
2024/01/30;1300 UTC;0;890,4;890,4;890,2;2496,1;23,5;18,5;24,8;22,2;20,1;18,4;81;69;74;259;3,3;,8;
2024/01/30;1400 UTC;0;890,3;890,6;890,3;1280,4;24,2;19;24,5;23,5;19,4;17,9;75;68;73;303;3,8;,7;
2024/01/30;1500 UTC;,4;889,9;890,3;889,9;1026,2;23,6;18,1;24,4;21,6;19,5;17,4;87;70;71;213;6,7;2,1;
2024/01/30;1600 UTC;0;889,1;889,9;889,1;3235,3;26,1;19,2;26,3;23,6;20,3;18;76;63;66;292;4,8;1;
2024/01/30;1700 UTC;0;888,4;889,1;888,4;2386,3;26,3;17,2;27,1;25,9;18,8;17,2;66;57;57;245;4,7;2,6;
2024/01/30;1800 UTC;0;887,3;888,4;887,2;3367,5;27,3;17,1;28,3;26,3;18,7;16,2;60;51;54;269;6,1;2,7;
2024/01/30;1900 UTC;0;886,8;887,3;886,7;2807;28,2;16,8;28,6;27,1;18,2;15,7;56;47;50;253;6,1;2,9;
2024/01/30;2000 UTC;0;886,7;886,8;886,6;1154;27;17,1;28,5;26,6;17,9;16;58;48;55;182;5,8;1,1;
2024/01/30;2100 UTC;0;886,6;886,8;886,5;620,1;25,3;16,8;27,1;25,3;17,6;16,6;61;53;60;180;3,8;1;
2024/01/30;2200 UTC;0;887,3;887,3;886,6;169,9;24,1;17,6;26;24;18,4;16,6;70;57;67;39;2,7;0;
2024/01/30;2300 UTC;0;888,1;888,1;887,3;;22,7;19,6;24,2;22,7;19,6;17,5;83;66;82;357;3,4;,3;
2024/01/31;0000 UTC;0;888,9;888,9;888,1;;22;19,5;22,8;21,9;19,6;19,5;86;82;86;349;2,8;,5;
2024/01/31;0100 UTC;0;889,7;889,7;888,9;;21,9;19,6;22,1;21,8;19,6;19,4;87;85;86;38;2,5;0;
2024/01/31;0200 UTC;0;889,9;890,1;889,7;;21,7;19,3;22,3;21,7;19,6;19,3;87;83;86;9;2,7;,2;
2024/01/31;0300 UTC;0;889,2;889,9;889,2;;21,2;19,4;21,8;21,1;19,7;19,3;90;86;90;7;3,2;,8;
2024/01/31;0400 UTC;0;889;889,2;888,9;;20,6;19,2;21,2;20,6;19,5;19,1;91;89;91;357;4,4;2,1;
2024/01/31;0500 UTC;0;888,8;889;888,8;;20,2;19;20,6;20,1;19,2;18,8;93;91;93;27;5,5;1,2;
2024/01/31;0600 UTC;0;888,2;888,8;888,2;;19,7;17,5;20,7;19,7;19;17,5;93;84;87;50;5,7;1,4;
2024/01/31;0700 UTC;0;888;888,2;888;;18,7;16,9;19,8;18,7;17,6;16,9;89;85;89;53;2,7;1,7;
2024/01/31;0800 UTC;0;887,9;888;887,8;;19,2;16,7;19,2;18,6;17,3;16,6;91;85;85;49;2,4;,1;
2024/01/31;0900 UTC;0;888,4;888,4;887,9;;19,1;16,7;19,5;18,9;16,9;16,5;87;84;86;35;1,3;0;
2024/01/31;1000 UTC;0;888,9;888,9;888,4;195,9;20,7;18,2;20,7;19;18,2;16,7;87;85;85;64;1,1;0;
2024/01/31;1100 UTC;0;889,5;889,5;888,8;747,6;21,9;18,9;21,9;20,7;19,1;18,2;86;83;83;17;,9;0;
2024/01/31;1200 UTC;0;889,8;889,8;889,5;1350,6;23,2;18,3;23,6;21,9;19,7;18,3;84;74;74;320;2,9;,5;
2024/01/31;1300 UTC;0;890;890;889,8;1984,7;24;19,3;24,4;23,2;20,2;18,5;78;72;75;333;3,8;2;
2024/01/31;1400 UTC;0;889,8;890;889,8;2524,6;25;19,3;25,5;24;20,4;17,9;77;64;71;346;4,9;1,3;
2024/01/31;1500 UTC;0;889,3;889,8;889,3;3469,9;23,9;20;27,1;23,9;20,1;16,2;79;52;79;314;5,8;3,3;
2024/01/31;1600 UTC;0;888,7;889,3;888,7;2525,3;23;19,1;25,9;23;21,2;19,1;83;69;79;9;7,2;1,6;
2024/01/31;1700 UTC;0;888,4;888,7;887,8;1348,4;24,1;19,5;24,4;22,9;19,9;19;82;73;75;357;4,3;1,4;
2024/01/31;1800 UTC;0;887,5;888,4;887,5;561,1;23,7;18,9;24,3;23,5;19,7;18,8;77;73;75;349;3,8;,2;
2024/01/31;1900 UTC;0;887,9;888,1;887,3;520,9;22,3;19,2;24,2;22,2;19,6;18,2;83;71;83;177;5,9;2,7;
2024/01/31;2000 UTC;0;887,9;888;887,5;159,2;21,1;18,6;22,3;21,1;19,3;18,6;87;82;85;174;6,3;2,7;
2024/01/31;2100 UTC;0;888,1;888,3;887,9;147,4;20,5;18,6;21,1;20,5;18,7;18,2;89;85;89;166;6,9;2,8;
2024/01/31;2200 UTC;0;887,7;888,2;887,7;105,5;20,6;18,4;20,6;20,4;18,8;18,3;89;87;87;138;5,4;1,1;
2024/01/31;2300 UTC;0;888;888;887,6;;20,3;18,1;20,6;20,3;18,4;18,1;88;87;87;112;3,9;,5;
2024/02/01;0000 UTC;0;888,7;888,7;888;;19,9;17,7;20,5;19,9;18,1;17,7;88;85;88;106;6,9;3;
2024/02/01;0100 UTC;0;889,8;889,8;888,8;;19,6;17,6;19,9;19,4;17,7;17,4;89;86;88;100;6,9;3;
2024/02/01;0200 UTC;0;890,2;890,3;889,6;;19,6;17,6;19,7;19,5;17,7;17,5;89;88;88;145;6,1;,2;
2024/02/01;0300 UTC;0;889,3;890,2;889,3;;19,5;17,6;19,9;19,5;17,7;17,5;89;86;89;147;3,8;2;
2024/02/01;0400 UTC;0;888,4;889,3;888,4;;19;17,2;19,5;19;17,6;17,2;89;89;89;62;3,8;,3;
2024/02/01;0500 UTC;0;888,2;888,5;887,9;;18,9;17,4;19,4;18,5;17,7;17;92;89;91;39;3,9;,8;
2024/02/01;0600 UTC;0;887,9;888,2;887,9;;18,9;17,1;19,4;18,6;17,7;17,1;91;89;90;33;4,1;,1;
2024/02/01;0700 UTC;0;888,3;888,3;887,9;;19,8;17,1;19,8;18,8;17,4;16,8;90;84;85;100;3,1;,9;
2024/02/01;0800 UTC;3,4;888,4;888,7;888,3;;19,2;17,5;19,8;19;17,5;16,9;90;85;90;91;7,7;3,5;
2024/02/01;0900 UTC;0;889,2;889,2;888,4;0;19,1;17,4;19,2;18,8;17,5;17,3;92;90;90;55;5,5;1,8;
2024/02/01;1000 UTC;0;889,7;889,7;889,2;112,9;19,2;17,2;19,3;18,9;17,4;17,1;90;88;88;44;5,8;3,1;
2024/02/01;1100 UTC;0;889,9;889,9;889,7;879;21,3;17,2;21,3;19,2;18,2;17,1;88;77;78;20;5,9;1,9;
2024/02/01;1200 UTC;0;890,2;890,3;889,9;1166,1;22,5;17,9;22,5;20,8;18,1;17;81;75;75;7;6,4;2,6;
2024/02/01;1300 UTC;0;890,4;890,4;890,2;1089,3;22,1;17,8;22,5;21,4;18,1;17,3;79;74;77;11;6,4;2,4;
2024/02/01;1400 UTC;0;890,2;890,5;890,2;1331;23,2;18,9;23,2;22;18,9;17,4;78;75;77;18;6,3;1;
2024/02/01;1500 UTC;0;889,5;890,2;889,5;2525,2;25,1;17,7;25,2;22,6;19,8;16,9;81;61;64;345;6,1;2,5;
2024/02/01;1600 UTC;0;889;889,5;889;3221,2;25,9;17,1;26,9;24,8;18,3;15,4;66;53;58;337;7,2;3,4;
2024/02/01;1700 UTC;0;888,2;889;888,2;2936,3;25,8;18,2;27,3;25,7;19;16,7;65;55;63;10;7;2,4;
2024/02/01;1800 UTC;0;887,3;888,2;887,3;1831,8;25;18,3;26,1;25;18,8;17,1;66;59;66;345;7,2;3,4;
2024/02/01;1900 UTC;0;886,9;887,4;886,7;1059,5;24,7;17,8;25,1;24,7;18,5;16,7;67;60;65;358;6,5;2;
2024/02/01;2000 UTC;0;887,2;887,2;886,8;1117,6;25,1;17,4;25,5;24,7;18,8;16,6;69;58;62;302;4,9;0;
2024/02/01;2100 UTC;0;887,4;887,4;887;685,8;24,2;19,5;25,7;24,2;19,6;17,2;75;60;75;280;3;,2;
2024/02/01;2200 UTC;0;888,1;888,2;887,4;143,3;22,9;20,2;24,2;22,9;20,2;19,4;85;75;85;223;2,6;,6;
2024/02/01;2300 UTC;0;889,2;889,2;888,1;;21,2;17,1;22,9;21,2;20,2;16,8;86;74;77;151;7,5;1,1;
2024/02/02;0000 UTC;0;889,4;889,4;889,1;;19,8;17,7;21,2;19,8;17,8;17,1;88;77;88;55;3,2;,3;
2024/02/02;0100 UTC;0;889,6;889,6;889,3;;20,1;17,4;20,9;19,7;17,9;17,4;88;83;84;61;2,1;,1;
2024/02/02;0200 UTC;0;890,2;890,2;889,6;;19,2;15,6;20,6;19,2;17,7;15,6;87;79;79;56;3,3;2,5;
2024/02/02;0300 UTC;0;890;890,3;890;;20;14,5;20,8;19,1;15,5;14,4;79;67;70;88;3,7;,9;
2024/02/02;0400 UTC;0;889,9;890,1;889,8;;19,8;14,6;20,2;18,4;15;14,4;80;69;72;142;3;0;
2024/02/02;0500 UTC;0;889,3;889,9;889,3;;20,2;15,1;20,3;19,4;15,3;14,5;76;69;73;101;2,5;,1;
2024/02/02;0600 UTC;0;888,8;889,3;888,8;;20,2;15,9;20,3;19,8;16;15,1;78;73;76;137;1,8;0;
2024/02/02;0700 UTC;0;888,7;888,8;888,6;;19;16,3;20,2;18,9;16,3;15,9;84;76;84;159;2,3;,4;
2024/02/02;0800 UTC;0;888,9;889;888,7;;18,9;16,6;19,2;18,9;16,9;16,3;88;84;87;143;4,3;1,6;
2024/02/02;0900 UTC;2,4;889,2;889,2;888,9;;18,8;16,8;19,2;18,7;17;16,6;88;86;88;109;5,9;1,2;
2024/02/02;1000 UTC;0;889,9;889,9;889,2;127,1;19,2;17,1;19,2;18,7;17,2;16,7;88;86;88;104;7,1;3;
2024/02/02;1100 UTC;0;890,6;890,6;889,9;1021,8;21;17,7;21,4;19,2;18,2;17,1;89;80;81;107;5,9;2,4;
2024/02/02;1200 UTC;0;890,8;890,8;890,6;1062,8;22,2;18,3;22,2;21;18,4;17,5;82;77;78;100;5,9;2,1;
2024/02/02;1300 UTC;0;890,8;890,9;890,8;2340,9;24,5;17,8;24,6;22,3;18,7;17,3;78;65;66;68;7,4;4;
2024/02/02;1400 UTC;0;890,7;890,8;890,7;1975,7;25,1;17,2;26;24,4;19;16,7;69;58;61;45;7,9;3,9;
2024/02/02;1500 UTC;0;890,2;890,7;890,2;3456,4;26,5;14,3;27,3;24,9;18,2;12,8;63;41;47;62;7,9;3,6;
2024/02/02;1600 UTC;0;889,4;890,2;889,4;2558,1;27,3;17;27,3;25,7;17,3;14,1;57;47;54;54;7,8;2,9;
2024/02/02;1700 UTC;0;888,3;889,4;888,2;2735,3;27,1;16,6;28;26,1;17,6;15,4;57;49;53;62;8,3;3,4;
2024/02/02;1800 UTC;0;887,3;888,3;887,3;2463,8;26,7;15,8;28,1;26,5;16,8;13,5;53;42;51;61;8;3,6;
2024/02/02;1900 UTC;0;887,2;887,5;887,2;829,3;25,9;17,5;26,7;25,8;17,6;15,4;60;50;60;59;8;3;
2024/02/02;2000 UTC;0;887,2;887,2;887;543,9;25,1;16,8;25,9;25,1;17,6;16,7;62;59;60;72;6,6;2,2;
2024/02/02;2100 UTC;0;887,5;887,5;887,2;199;24,1;16,2;25,1;24;17,1;15,8;63;58;62;73;6;,9;
2024/02/02;2200 UTC;0;888,3;888,3;887,5;26,5;23,4;16,4;24,3;23,4;16,6;16,1;65;61;65;82;3,1;,4;
2024/02/02;2300 UTC;0;888,8;888,8;888,3;;23,4;15,9;23,5;23;16,6;15,3;67;61;63;146;2,5;,3;
2024/02/03;0000 UTC;0;889,5;889,5;888,8;;21,7;17,8;23,4;21,7;17,8;15,7;78;62;78;156;3,6;1,6;
2024/02/03;0100 UTC;0;890;890;889,5;;20,8;17,8;21,7;20,8;18;17,6;83;78;83;150;3,6;1,4;
2024/02/03;0200 UTC;0;890,4;890,4;890;;20,4;17,8;20,8;20,4;17,8;17,6;85;82;85;158;3,8;1,3;
2024/02/03;0300 UTC;0;890,3;890,4;890,3;;21,5;17,3;21,7;20,4;18,1;17,3;85;77;77;110;5,3;1,4;
2024/02/03;0400 UTC;0;889,6;890,3;889,6;;20,7;17,3;21,5;20,5;17,5;17,3;82;77;81;93;4,6;,7;
2024/02/03;0500 UTC;0;888,9;889,6;888,9;;20,7;15,9;20,8;20,5;17,3;15,9;81;74;74;95;4,5;2;
2024/02/03;0600 UTC;0;888,2;888,9;888,2;;19,9;15,2;20,8;19,9;15,9;15,2;75;73;75;86;4,8;1,6;
2024/02/03;0700 UTC;0;888,1;888,2;888;;20,3;14,3;20,3;19,8;15,2;14,3;75;68;68;96;4,4;2,4;
2024/02/03;0800 UTC;0;888,3;888,4;888,1;;20,2;13,9;20,5;20,2;14,3;13,8;69;66;67;89;5,8;3,4;
2024/02/03;0900 UTC;0;888,7;888,7;888,3;;19,8;14,1;20,3;19,7;14,1;13,8;70;67;70;57;5,8;,4;
2024/02/03;1000 UTC;0;889,3;889,3;888,7;115,6;20,1;14,9;20,1;19,2;15;14;74;70;72;128;2,2;0;
2024/02/03;1100 UTC;0;890;890;889,3;465,4;21;14,8;21;20,1;15,2;14,4;74;67;68;136;2,7;0;
2024/02/03;1200 UTC;0;890,3;890,3;890;1248,6;23,7;16,4;23,7;21;16,6;14,7;69;63;64;75;5,3;2,6;
2024/02/03;1300 UTC;0;890,4;890,4;890,3;2152,4;24;16,4;24,7;23,5;17,1;16,1;66;61;63;72;10,7;5,1;
2024/02/03;1400 UTC;0;890,5;890,6;890,4;2833,8;25,2;17,2;25,5;24;17,9;16,5;65;60;61;71;9,5;4,7;
2024/02/03;1500 UTC;0;890,3;890,5;890,2;3067,9;25,3;17,5;26,4;24,8;17,8;16,3;63;56;62;67;11,8;4;
2024/02/03;1600 UTC;0;889,9;890,3;889,9;2149;25,7;17,2;25,7;24,9;17,7;16,5;63;59;60;42;8,9;3,4;
2024/02/03;1700 UTC;0;889,1;889,9;889,1;2443,7;26,3;17,8;26,9;25,2;17,8;16,7;62;55;60;63;7,4;2,9;
2024/02/03;1800 UTC;0;888,2;889,1;888,2;1654,9;26,2;17;26,6;25,5;17,7;16,1;60;55;57;58;7,8;4;
2024/02/03;1900 UTC;0;887,7;888,2;887,7;1672,7;25,3;15,6;26,5;25,3;17,1;15,6;60;53;55;73;7,9;4,1;
2024/02/03;2000 UTC;0;887,7;887,7;887,6;871,5;23,7;17,4;25,7;23,7;18,1;15,8;68;55;68;86;7;2,8;
2024/02/03;2100 UTC;0;888;888,1;887,7;257;22,9;17,4;23,7;22,9;17,8;17,3;72;68;71;78;7,2;2,2;
2024/02/03;2200 UTC;0;888,3;888,3;888;70,1;22,2;17,7;22,9;22,1;17,7;17,4;76;71;76;72;5,3;1,8;
2024/02/03;2300 UTC;0;888,9;888,9;888,3;;21,6;17,6;22,2;21,6;17,7;17,5;78;76;78;29;4,3;0;
2024/02/04;0000 UTC;0;889,9;889,9;888,9;;21,4;17,5;22,1;21,4;17,6;17,2;78;74;78;46;3,5;,2;
2024/02/04;0100 UTC;0;890,3;890,4;889,9;;20,8;18;21,4;20,8;18;17,5;84;78;84;33;2,3;0;
2024/02/04;0200 UTC;0;890,5;890,5;890,3;;21;18,4;21,1;20,6;18,5;18,1;86;84;85;263;0;0;
2024/02/04;0300 UTC;0;890,3;890,5;890,3;;20,2;18,4;21;20,2;18,4;18,2;89;85;89;51;0;0;
2024/02/04;0400 UTC;0;889,9;890,3;889,9;;20,2;18,3;20,3;19,9;18,6;18,2;91;89;89;57;0;0;
2024/02/04;0500 UTC;,2;889,4;889,9;889,4;;19,8;17,7;20,3;19,8;18,3;17,7;89;86;88;42;1,9;0;
2024/02/04;0600 UTC;0;888,8;889,4;888,8;;19,3;18,1;19,8;19,2;18,1;17,7;93;88;93;57;1,3;,1;
2024/02/04;0700 UTC;,2;888,8;888,9;888,8;;19,3;18,3;19,5;19,2;18,4;18;94;93;94;27;1,8;0;
2024/02/04;0800 UTC;0;888,9;888,9;888,7;;19,2;17,1;19,7;19,2;18,5;17,1;94;87;88;299;1,9;0;
2024/02/04;0900 UTC;0;889,2;889,2;888,8;;19,4;16,1;19,5;19;17,2;16;88;81;81;67;1,8;,1;
2024/02/04;1000 UTC;0;889,9;889,9;889,2;93,4;20;16,3;20;19;16,6;16,1;84;79;79;50;1,8;0;
2024/02/04;1100 UTC;0;890,2;890,2;889,9;352,2;20,4;17,4;20,4;20;17,4;16;83;77;83;20;2,4;,5;
2024/02/04;1200 UTC;0;890,7;890,7;890,2;967,9;21,8;16,7;21,8;20,4;18,1;16,6;84;72;73;47;4,3;2;
2024/02/04;1300 UTC;0;890,5;890,7;890,5;1874,9;24,5;16,5;24,6;21,8;17,1;15,6;74;58;61;65;6,3;2,9;
2024/02/04;1400 UTC;0;890,5;890,6;890,4;2481,4;24,4;13,6;25;24,2;16,1;13,1;61;49;51;50;8,4;3,3;
2024/02/04;1500 UTC;0;889,9;890,5;889,9;2268,5;25,5;13,1;25,5;24,2;14,1;11,8;52;43;46;68;6,9;2,9;
2024/02/04;1600 UTC;0;889,5;889,9;889,5;3267,6;25,9;14,2;26,7;25,2;14,9;11,5;51;41;48;59;7,2;1,6;
2024/02/04;1700 UTC;0;889,1;889,6;889,1;2229,7;26,6;15,6;26,8;25,5;16,2;13,2;54;45;51;13;5,5;1,2;
2024/02/04;1800 UTC;0;888,2;889,1;888,2;2424,5;27;14,8;27,7;26;16,3;13,7;52;46;47;32;4,1;1,3;
2024/02/04;1900 UTC;0;887,5;888,2;887,5;2188,1;26,4;15,2;27,7;26,2;15,6;14;51;45;50;60;4,4;,7;
2024/02/04;2000 UTC;0;887;887,5;887;1021,4;25,9;15,7;26,6;25,8;15,9;14,6;54;48;53;63;4,7;,4;
2024/02/04;2100 UTC;0;887,2;887,2;886,9;603,4;24;16,9;26;24;17,3;14,8;65;50;65;83;6,1;3;
2024/02/04;2200 UTC;0;887,6;887,6;887,2;64,6;22,5;16,9;24;22,4;17;16,9;71;65;71;80;6,4;2,2;
2024/02/04;2300 UTC;0;888,1;888,1;887,6;;22,1;17,3;22,6;22;17,4;16,9;75;70;74;74;5,9;1,9;
2024/02/05;0000 UTC;0;888,8;888,8;888,1;;21,7;17,2;22,2;21,7;17,5;17,1;76;73;76;58;3,7;,8;
2024/02/05;0100 UTC;0;889,4;889,4;888,8;;22;17,6;22;21,4;17,6;17,2;78;75;76;81;2,5;,3;
2024/02/05;0200 UTC;0;889,8;889,9;889,4;;20,5;18,2;22,1;20,5;18,2;17,4;87;76;87;243;3,5;,2;
2024/02/05;0300 UTC;0;889,6;889,8;889,5;;20;18,4;20,5;20;18,5;18,2;91;87;91;232;1,9;0;
2024/02/05;0400 UTC;,4;889,5;889,6;889,5;;20;18,7;20;19,9;18,7;18,5;92;91;92;168;,8;0;
2024/02/05;0500 UTC;0;889,1;889,5;889;;20,5;18,8;20,5;20;18,9;18,5;92;90;90;137;1,6;0;
2024/02/05;0600 UTC;0;888,9;889,1;888,9;;19,8;18,3;20,6;19,7;18,8;18,1;91;88;91;211;2,1;0;
2024/02/05;0700 UTC;0;888,5;888,9;888,4;;20,3;18,4;20,4;19,8;18,8;18,4;92;89;89;140;2,5;,4;
2024/02/05;0800 UTC;0;888,8;888,8;888,5;;20,1;18,2;20,3;20,1;18,5;18,2;89;88;89;145;3,4;,8;
2024/02/05;0900 UTC;0;889;889;888,8;;19,9;18,2;20,1;19,9;18,2;18,2;90;89;90;154;3;,5;
2024/02/05;1000 UTC;0;889,1;889,1;889;173,6;20,9;18,6;20,9;19,9;18,8;18,2;90;87;87;126;2,7;,1;
2024/02/05;1100 UTC;0;889,3;889,3;889;546,7;21,9;19;21,9;20,9;19,1;18,5;87;84;84;143;4,5;,7;
2024/02/05;1200 UTC;0;889,9;889,9;889,3;1307,8;23,7;18,2;23,7;21,8;19,3;17,6;84;70;71;86;4,6;1,7;
2024/02/05;1300 UTC;0;890,1;890,2;889,9;1602,6;24,9;17,2;25;23,8;18,5;17,1;72;61;62;75;5,3;1,9;
2024/02/05;1400 UTC;0;890,1;890,3;890,1;1848,2;25,5;17,9;25,9;24,9;18,4;15,9;64;57;63;3;5,5;1,9;
2024/02/05;1500 UTC;0;889,5;890,1;889,5;2727,4;26,3;17,4;26,5;25,4;18,9;17,2;64;57;58;8;6,2;2,7;
2024/02/05;1600 UTC;0;888,7;889,5;888,7;2874;26,6;17,7;26,9;26,1;18,3;16,3;61;53;58;3;6,9;2,3;
2024/02/05;1700 UTC;0;888,2;888,7;888,1;1807,7;25,6;17,2;27;25,4;18,3;16,9;63;54;60;38;8,4;3;
2024/02/05;1800 UTC;0;887,9;888,2;887,7;716,9;23,7;18,4;25,5;23,6;18,5;16,3;73;57;72;352;7;3,6;
2024/02/05;1900 UTC;0;887,6;887,9;887,5;581,4;21,6;17,5;23,7;21,6;18,7;17,4;81;71;78;10;7,9;1,9;
2024/02/05;2000 UTC;,2;888,2;888,3;887,5;131,7;20,8;18,5;21,7;20,8;18,6;17,6;87;78;87;1;5;,4;
2024/02/05;2100 UTC;,2;888,4;888,4;888,2;81,9;20,8;18,8;20,8;20,6;18,8;18,3;89;86;88;322;2,6;,2;
2024/02/05;2200 UTC;0;889,2;889,2;888,4;18,3;19,9;17,5;20,9;19,9;18,7;16,8;88;79;87;265;6,2;0;
2024/02/05;2300 UTC;1,8;889,7;889,7;889,2;;19,2;17,8;19,9;19,2;17,8;17,5;92;87;92;275;3;,1;
2024/02/06;0000 UTC;,8;890,2;890,2;889,7;;18,9;17,7;19,2;18,9;18;17,7;93;92;93;203;2,4;,2;
2024/02/06;0100 UTC;,2;890,8;890,8;890,2;;19;17,7;19;18,8;17,7;17,4;93;91;92;157;2,4;,3;
2024/02/06;0200 UTC;,2;891;891;890,8;;19,2;18;19,2;19;18,1;17,7;93;92;93;173;4,2;1,9;
2024/02/06;0300 UTC;0;890,7;891;890,7;;19,1;17,9;19,2;19;18,1;17,9;93;93;93;167;4,2;1,7;
2024/02/06;0400 UTC;,2;890,1;890,7;890,1;;19;17,9;19,1;19;17,9;17,9;93;93;93;154;4,2;1,7;
2024/02/06;0500 UTC;0;889,7;890,1;889,7;;19;17,8;19;19;17,9;17,8;93;93;93;158;4;1,9;
2024/02/06;0600 UTC;0;889,6;889,7;889,5;;19;17,8;19;19;17,8;17,8;93;93;93;134;4,8;1,1;
2024/02/06;0700 UTC;0;889,7;889,8;889,6;;19;17,8;19;19;17,8;17,7;93;92;92;134;3,6;,1;
2024/02/06;0800 UTC;,2;889,5;889,7;889,5;;19;17,7;19;18,9;17,8;17,7;92;92;92;171;2,9;,3;
2024/02/06;0900 UTC;0;889,7;889,7;889,4;;18,9;17,5;19;18,8;17,7;17,5;93;91;91;98;2,2;,1;
2024/02/06;1000 UTC;0;890,3;890,3;889,7;182,3;19,4;17,5;19,6;18,9;17,8;17,3;91;89;89;347;2,3;0;
2024/02/06;1100 UTC;0;890,6;890,6;890,2;778,4;21,6;17,5;21,6;19,4;18,1;17,4;89;77;77;71;2,5;,9;
2024/02/06;1200 UTC;0;891;891;890,6;1970,1;24,5;17,1;24,5;21,6;18,5;17,1;80;63;64;78;3,9;,7;
2024/02/06;1300 UTC;0;891,2;891,3;891;2372,1;25,7;17,1;26,2;24,2;17,7;16,4;67;56;59;37;4,2;1,2;
2024/02/06;1400 UTC;0;891,1;891,2;891,1;2336,4;26,8;16,9;26,9;25,6;18,9;16,1;65;53;55;355;4,6;1,5;
2024/02/06;1500 UTC;0;890,8;891,1;890,8;2856,9;26,9;16,5;27,6;26,5;18,7;15,7;60;51;53;353;6,2;2,8;
2024/02/06;1600 UTC;0;890,3;890,8;890,2;1674;24,5;18,2;27,3;24,4;18,9;15,4;69;50;68;165;6,1;2,2;
2024/02/06;1700 UTC;2,4;890,1;890,3;889,8;832,3;21,7;17,5;24,8;21,7;19,2;16,9;78;68;77;315;5,6;,6;
2024/02/06;1800 UTC;3,4;889,3;890,1;889,3;1023,8;23,6;18,4;23,6;21,1;19,6;17,4;86;70;73;143;4,8;1,6;
2024/02/06;1900 UTC;0;888,8;889,3;888,6;1119;23,7;18,6;24;22,5;19,1;18,1;79;71;73;80;6,2;3,1;
2024/02/06;2000 UTC;0;888,6;889,1;888,5;888,8;21,6;18,8;23,7;21,1;19,2;18,2;87;73;84;57;9,4;2,4;
2024/02/06;2100 UTC;0;888,8;888,8;888,4;314,1;21,1;19,1;21,8;20,9;19,3;18,7;89;83;88;20;5,4;,5;
2024/02/06;2200 UTC;0;889,1;889,1;888,6;39,9;20,6;18,4;21,6;20,6;19,1;17,7;88;79;87;1;3,3;,1;
2024/02/06;2300 UTC;0;889,7;889,7;889,1;;20,6;18,4;20,8;20,3;18,7;18,2;90;87;87;170;1,7;0;
2024/02/07;0000 UTC;0;890,3;890,4;889,7;;20,5;18,1;20,6;20,4;18,6;18;89;86;86;342;1,3;0;
2024/02/07;0100 UTC;0;890,7;890,7;890,3;;21;17,9;21;20,2;18,6;17,9;90;83;83;121;2,2;,1;
2024/02/07;0200 UTC;0;890,9;891;890,7;;20,6;18;21,3;20,6;18;17,2;85;78;85;91;2,1;0;
2024/02/07;0300 UTC;0;890,4;890,9;890,4;;20,6;17,2;21,6;20,6;17,9;17,1;85;75;81;74;2,4;,3;
2024/02/07;0400 UTC;0;889,9;890,4;889,8;;20,5;16,8;21,2;20,4;17,4;16,7;83;76;79;31;1,9;0;
2024/02/07;0500 UTC;0;889,3;889,9;889,3;;20,7;18,4;21;19,8;18,4;16,6;90;76;87;124;1,4;0;
2024/02/07;0600 UTC;0;888,6;889,3;888,6;;20,7;17,6;20,9;20,7;18,4;17,2;87;79;82;89;1;0;
2024/02/07;0700 UTC;0;888,4;888,6;888,4;;20,6;17,5;21,1;20,5;17,6;16,7;83;76;83;161;1,2;0;
2024/02/07;0800 UTC;0;888,8;888,8;888,4;;21,1;17,2;21,1;20,4;18;17,2;86;79;79;95;1,9;,2;
2024/02/07;0900 UTC;0;888,8;888,9;888,7;;19,7;16,8;21;19,7;17,2;16,7;83;78;83;72;4;2,2;
2024/02/07;1000 UTC;0;889,2;889,2;888,8;168;20,7;18;20,7;19,2;18,1;16,8;88;83;85;69;4,8;2,1;
2024/02/07;1100 UTC;0;889,8;889,8;889,2;765,9;21,6;18,6;21,7;20,7;18,9;18;86;83;83;10;4,1;1,9;
2024/02/07;1200 UTC;0;890,4;890,4;889,7;1649,1;23;18,7;23,6;21,5;19,3;18,4;84;73;77;7;4,3;1;
2024/02/07;1300 UTC;0;890,4;890,5;890,4;2225,4;24,5;18,4;24,7;23;19,2;18,2;78;68;69;350;5,2;2,6;
2024/02/07;1400 UTC;0;890,4;890,5;890,4;1954,1;24,8;18,6;25,4;24,3;19,1;17,5;71;65;68;350;5,8;2,8;
2024/02/07;1500 UTC;0;890,2;890,4;890,1;2265;24,9;18,7;26,3;24,7;19,9;17,6;70;62;69;337;7,4;3,5;
2024/02/07;1600 UTC;0;889,6;890,2;889,5;1324,7;25,2;17,7;25,5;24,1;19;16,9;73;61;63;41;7,4;,6;
2024/02/07;1700 UTC;0;888,2;889,6;888,2;1076,4;22,9;19,4;25,3;22,7;19,8;17,3;82;61;80;170;4,5;,8;
2024/02/07;1800 UTC;0;887,3;888,2;887,3;1091,6;24,5;19;24,5;22,8;20;18,4;82;69;71;162;2,7;,1;
2024/02/07;1900 UTC;0;887;887,3;886,9;1430,2;25;18,5;25,1;23,5;20;18,2;80;67;67;283;6,2;3;
2024/02/07;2000 UTC;0;886,3;887;886,3;1545,1;24,4;18,6;25,5;24,3;19,1;16,9;72;61;70;8;5,4;1,5;
2024/02/07;2100 UTC;0;887;887,1;886,2;551,3;23,6;19,4;24,9;23,6;19,4;18,2;77;67;77;253;4,2;1,8;
2024/02/07;2200 UTC;0;887,3;887,3;886,9;62,3;22,8;19,6;23,6;22,8;19,7;19,4;82;77;82;310;3,1;0;
2024/02/07;2300 UTC;0;887,9;888;887,2;;22,5;19,2;22,8;22,4;19,8;19,2;84;81;81;322;1,2;0;
2024/02/08;0000 UTC;0;888,6;888,6;887,8;;21,9;19,5;22,5;21,7;19,5;19,1;87;81;87;65;1,4;,1;
2024/02/08;0100 UTC;0;889;889;888,6;;22,3;19,2;22,3;21,7;19,5;19,1;87;82;83;346;1,4;0;
2024/02/08;0200 UTC;0;889,5;889,5;889;;21,8;19;22,4;21,8;19,5;19;85;83;84;135;4;,7;
2024/02/08;0300 UTC;0;889,3;889,6;889,3;;21,6;18,7;21,9;21,3;19,1;18,6;87;83;83;89;4;2,4;
2024/02/08;0400 UTC;0;888,7;889,3;888,7;;20,4;17,8;21,7;20,4;18,7;17,7;85;82;85;92;6,8;3,1;
2024/02/08;0500 UTC;0;888,1;888,7;888,1;;20,2;18,2;20,4;20,2;18,2;17,9;88;85;88;83;6;2,8;
2024/02/08;0600 UTC;,8;888;888,2;887,9;;20;18,3;20,3;20;18,3;18,1;90;87;90;125;5;,4;
2024/02/08;0700 UTC;7,6;888,1;888,2;888;;19,4;18,2;20;19,2;18,3;17,9;93;90;93;140;3,3;,6;
2024/02/08;0800 UTC;5,6;888;888,1;887,9;;19,3;18,2;19,4;19,3;18,3;18,2;93;93;93;151;2,6;0;
2024/02/08;0900 UTC;3;887,5;888;887,5;;19,1;18;19,3;19,1;18,2;18;94;93;93;142;2,5;,5;
2024/02/08;1000 UTC;,8;888,4;888,4;887,5;43,3;19,2;18,1;19,2;19;18,1;17,9;94;93;94;147;2,6;,1;
2024/02/08;1100 UTC;0;888,6;888,6;888,4;457,3;20,3;18,6;20,3;19,2;18,8;18,1;94;90;90;99;2,6;,3;
2024/02/08;1200 UTC;0;889;889;888,5;596,4;21,5;18,8;21,5;20,3;19;18,5;90;84;85;82;2,6;1,1;
2024/02/08;1300 UTC;0;889,1;889,3;889;1015,9;22,6;20,2;22,7;21,5;20,2;18,4;86;80;86;7;3,3;1,1;
2024/02/08;1400 UTC;0;889;889,3;889;2732,5;23,8;18,7;24,1;22,5;20,4;18,6;87;72;73;352;3,9;1,7;
2024/02/08;1500 UTC;0;888,6;889;888,5;3053,5;24,8;19,6;25,7;23,5;20,7;18,5;79;70;73;357;5,1;1,7;
2024/02/08;1600 UTC;0;887,8;888,6;887,8;3473,6;25,4;19,4;26;24,4;20,6;17,4;75;64;69;9;6,3;2,4;
2024/02/08;1700 UTC;0;886,5;887,8;886,5;3086,7;26,3;18,5;26,7;25,1;19,8;17,5;69;59;62;323;5,8;2;
2024/02/08;1800 UTC;0;885,8;886,5;885,8;1972,2;26,4;18,1;27;25,6;19,1;17,6;65;58;60;277;5,8;2;
2024/02/08;1900 UTC;0;885;885,8;885;469,9;24,3;19;26,4;24,3;19,1;17,6;72;59;72;276;5,2;2,3;
2024/02/08;2000 UTC;0;885,5;885,5;885;163,5;23,1;19,4;24,3;23,1;19,6;18,8;80;71;80;201;4,7;1,9;
2024/02/08;2100 UTC;1,2;886;886;885,5;146,1;21,8;19,8;23,1;21,8;19,9;19,2;89;80;88;67;3,3;,2;
2024/02/08;2200 UTC;0;886,7;886,7;886;95,5;21,1;19,7;22;21,1;20,2;19,7;92;88;92;3;4,5;1,8;
2024/02/08;2300 UTC;0;886,9;886,9;886,5;;20,5;19;21,1;20,5;19,7;19;92;91;92;14;5,3;0;
2024/02/09;0000 UTC;0;888,1;888,1;886,9;;21;19,3;21;20,3;19,3;18,8;92;90;90;111;1,3;0;
2024/02/09;0100 UTC;0;888,7;888,7;888,1;;20,7;19;21;20,3;19,2;18,7;91;89;90;76;1,3;0;
2024/02/09;0200 UTC;0;889;889;888,7;;21,1;19;21,1;20,7;19,1;18,8;90;87;88;324;1,2;0;
2024/02/09;0300 UTC;,2;888,8;889;888,8;;21,2;19,4;21,6;21;19,4;18,9;90;86;89;278;1,1;0;
2024/02/09;0400 UTC;1,4;888,1;888,8;888,1;;20,7;19,3;21,2;20,6;19,4;19,2;92;89;92;98;3,4;0;
2024/02/09;0500 UTC;4,4;887,4;888,1;887,4;,6;18,5;17,4;20,9;18,5;19,6;17,3;93;91;93;248;6,1;3,4;
2024/02/09;0600 UTC;2,8;887,3;887,4;886,8;;18,6;17,7;18,6;18,4;17,7;17,3;94;93;94;305;6;0;
2024/02/09;0700 UTC;1;886,9;887,3;886,9;;18,9;18;18,9;18,6;18;17,7;94;94;94;90;2,1;0;
2024/02/09;0800 UTC;0;886,7;887;886,6;;19,2;18,2;19,2;18,8;18,2;17,8;94;94;94;115;1,3;0;
2024/02/09;0900 UTC;0;886,8;886,8;886,6;;19,2;18,3;19,3;19;18,4;18;94;94;94;102;1,8;0;
2024/02/09;1000 UTC;0;887,4;887,4;886,8;164,2;19,5;18,5;19,5;19;18,5;17,9;94;93;93;18;2,1;,2;
2024/02/09;1100 UTC;0;888,2;888,2;887,4;746,6;20,5;18,9;20,6;19,5;19,2;18,5;94;90;90;350;2,1;,1;
2024/02/09;1200 UTC;0;888,8;888,8;888,2;1658,5;22,7;18,6;23;20,5;20,3;18,2;91;76;78;333;2;0;
2024/02/09;1300 UTC;0;888,8;888,9;888,8;1491,6;23,5;18,4;24,1;22,5;19,9;18,2;81;73;73;161;1,6;0;
2024/02/09;1400 UTC;0;888,8;888,8;888,7;1734,2;24,8;19,4;25,2;23,5;20,1;18,5;76;69;72;318;2,8;,2;
2024/02/09;1500 UTC;0;888,5;888,8;888,5;1833,3;25,2;19,3;26;24,5;20,1;18,8;75;66;70;325;4,7;1,1;
2024/02/09;1600 UTC;0;887,9;888,5;887,9;3208,9;26,1;18,7;27,3;25,1;20,4;17,8;72;60;64;317;5,4;1,6;
2024/02/09;1700 UTC;0;887;887,9;887;2309,8;26,4;19,2;27,3;26,1;20,6;18,4;69;61;65;301;4,8;1,7;
2024/02/09;1800 UTC;1,4;886,1;887,1;886,1;1446,9;23,9;19,3;27,5;23,9;19,8;18;75;58;75;318;5,4;1,6;
2024/02/09;1900 UTC;11,4;885,3;886,2;885,3;484,2;22,7;19,2;24;21,3;19,5;18,4;86;71;81;264;8,1;1,8;
2024/02/09;2000 UTC;0;884,9;885,3;884,9;1369,9;25,1;19,8;25,4;22,7;20,8;18,9;83;71;73;270;5;3,2;
2024/02/09;2100 UTC;0;885,4;885,4;884,9;742,3;23,9;19,5;25,1;23,9;20,1;19,3;76;72;76;273;6,2;2,7;
2024/02/09;2200 UTC;0;885,9;885,9;885,2;80,4;23;19,9;23,9;23;19,9;19,5;83;76;83;263;4,2;,1;
2024/02/09;2300 UTC;0;887,1;887,1;885,8;;22,7;20;23,1;22,7;20,2;19,9;86;82;85;78;4,5;2,5;
2024/02/10;0000 UTC;18,8;888,5;888,7;886,9;;18,4;17,5;22,7;18,4;20;16,2;94;78;94;348;9,8;,6;
2024/02/10;0100 UTC;7,2;888,7;888,7;887,9;;19,1;18,3;19,2;18,4;18,3;17,4;95;94;95;195;3,7;2,1;
2024/02/10;0200 UTC;2,2;889,2;889,2;888,7;;19,5;18,6;19,6;19,1;18,7;18,3;95;95;95;202;4,2;1,1;
2024/02/10;0300 UTC;1,6;888,6;889,2;888,5;;19,6;18,7;19,6;19,3;18,7;18,4;95;95;95;164;3,2;0;
2024/02/10;0400 UTC;,4;888;888,6;887,9;;19,4;18,5;19,7;19;18,8;18,1;95;94;95;176;1,5;,1;
2024/02/10;0500 UTC;,2;887,6;888;887,5;0;19,1;17,8;19,6;19,1;18,7;17,8;95;92;92;152;4,4;1,7;
2024/02/10;0600 UTC;,2;887,2;887,6;887,1;;19,4;18,3;19,6;19,1;18,5;17,8;93;92;93;203;3,2;,6;
2024/02/10;0700 UTC;,4;887,3;887,3;887;;19,4;18,4;19,4;19;18,4;18;94;93;94;154;5,1;2,2;
2024/02/10;0800 UTC;,4;887,5;887,5;887,2;;19,5;18,5;19,6;19,4;18,6;18,4;94;94;94;147;5,2;2,4;
2024/02/10;0900 UTC;1,8;887;887,5;887;;19,3;18,1;19,5;19,2;18,4;18;94;93;93;125;4,7;,8;
2024/02/10;1000 UTC;0;887,5;887,5;886,9;85,4;19,7;18,2;19,7;19,3;18,2;17,9;93;91;91;79;5,8;2,6;
2024/02/10;1100 UTC;0;888,1;888,1;887,5;575,3;20,9;18,7;20,9;19,7;18,9;18,3;92;87;87;81;8,1;3,4;
2024/02/10;1200 UTC;0;889,2;889,2;888,1;1008,2;21,4;18,4;21,7;20,9;19;18,2;88;82;83;88;6,9;3,2;
2024/02/10;1300 UTC;0;889,5;889,6;889,2;1269,9;22,5;18,9;22,7;21,4;19,2;18,4;85;77;80;81;7,4;3,3;
2024/02/10;1400 UTC;0;889,2;889,5;889,2;1743,1;23,9;18,4;24,2;22,4;19,4;18;81;71;71;55;7,8;2,9;
2024/02/10;1500 UTC;0;888,6;889,2;888,6;2741,7;24,7;19,8;25,2;23,8;19,8;18;74;66;74;6;6,8;2,9;
2024/02/10;1600 UTC;0;888,4;888,6;888,4;2594,4;24,6;19,7;25,1;23,8;19,8;18,2;75;67;74;348;6,8;2,6;
2024/02/10;1700 UTC;0;887,5;888,4;887,5;3847,2;24,1;19;26,1;24;20,9;19;78;68;73;6;8;3,7;
2024/02/10;1800 UTC;0;887,3;887,5;887,3;1122,6;20,9;19,4;24,1;20,9;20,3;19,2;91;73;91;347;7,4;3,3;
2024/02/10;1900 UTC;6,8;887;887,5;887;205,4;19,5;18,4;20,9;19,5;19,5;18,3;93;91;93;11;8,2;2,6;
2024/02/10;2000 UTC;,2;887;887,1;886,8;208,8;20,1;18,6;20,1;19,5;18,6;18,1;93;90;92;29;7,5;1,9;
2024/02/10;2100 UTC;0;887,1;887,1;886,9;116,7;20,3;18,6;20,5;20,1;19,1;18,4;93;89;90;37;6,5;1,5;
2024/02/10;2200 UTC;0;887,4;887,4;887;13,2;19,6;18,5;20,3;19,6;18,7;18,5;93;90;93;7;5,1;0;
2024/02/10;2300 UTC;0;888,3;888,3;887,4;;19,9;18,9;19,9;19,6;18,9;18,5;94;93;94;6;3,2;,1;
2024/02/11;0000 UTC;,2;889,1;889,1;888,3;;19,7;18,7;19,9;19,6;19;18,7;94;94;94;1;3,5;,9;
2024/02/11;0100 UTC;0;889,8;889,8;889,1;;19,5;18,4;19,8;19,5;18,8;18,4;94;94;94;1;5,7;1,7;
2024/02/11;0200 UTC;0;890,1;890,1;889,8;;19,5;18,5;19,5;19,4;18,5;18,4;94;94;94;5;4,3;,7;
2024/02/11;0300 UTC;0;890,1;890,2;890;;19,6;18,6;19,6;19,4;18,6;18,5;94;94;94;13;5;1,3;
2024/02/11;0400 UTC;0;889,4;890,1;889,4;;19,4;18,1;19,6;19,4;18,6;18,1;94;92;92;20;5;2,5;
2024/02/11;0500 UTC;0;888,9;889,5;888,9;;19,2;17,9;19,4;19,2;18,1;17,9;93;92;92;22;4,9;2,2;
2024/02/11;0600 UTC;,2;888,7;888,9;888,7;;19;17,6;19,2;19;17,9;17,6;92;91;91;22;4,7;2;
2024/02/11;0700 UTC;0;888,4;888,7;888,4;;19;17,8;19,1;19;17,8;17,6;92;91;92;24;4,5;,8;
2024/02/11;0800 UTC;0;888,4;888,5;888,4;;18,9;17,6;19;18,8;17,8;17,6;93;92;92;37;3;,5;
2024/02/11;0900 UTC;0;888,6;888,6;888,4;;19,4;18;19,4;18,9;18;17,6;92;91;91;44;4,6;2,4;
2024/02/11;1000 UTC;0;889,7;889,7;888,6;35,8;19,5;17,9;19,5;19,4;18;17,9;91;90;91;43;6,7;2,6;
2024/02/11;1100 UTC;0;890,4;890,4;889,7;340,6;19,1;17,7;19,5;19,1;17,9;17,6;92;90;92;17;9,1;4;
2024/02/11;1200 UTC;1;891,4;891,5;890,4;362,2;18,6;17,6;19,1;18,6;17,8;17,5;93;92;93;3;9,1;3,1;
2024/02/11;1300 UTC;1,4;892;892;891,4;920,6;18,9;17,7;19,2;18,6;18,1;17,5;94;93;93;12;9,1;4,4;
2024/02/11;1400 UTC;,2;892,1;892,1;892;774,8;19,2;18;19,3;18,9;18,1;17,7;93;92;93;356;9,2;3;
2024/02/11;1500 UTC;,4;891,8;892,2;891,8;1084,9;20,9;19,4;20,9;19,2;19,4;17,8;93;90;91;5;7,2;3,1;
2024/02/11;1600 UTC;,2;891,1;891,8;891,1;2490,1;21,9;18,9;22,3;20,9;19,6;18,1;91;79;83;331;8,1;3,9;
2024/02/11;1700 UTC;1,6;890,7;891,2;890,7;838,8;19,3;18;22,7;19,1;19,7;17,1;92;79;92;34;10,1;3,7;
2024/02/11;1800 UTC;2,4;890,3;890,7;890,3;774,3;19,8;18,3;19,9;19,3;18,6;18;93;91;91;19;7,4;1,9;
2024/02/11;1900 UTC;5,6;889,9;890,3;889,9;409,7;19,1;18,1;19,9;19;18,6;17,8;94;91;94;24;4,6;1,9;
2024/02/11;2000 UTC;4,2;889,9;889,9;889,7;180,7;18,6;17,3;19,2;18,5;18,1;17,2;94;92;92;45;7;2,4;
2024/02/11;2100 UTC;2,8;890,1;890,1;889,9;66,2;18,5;17,2;18,6;18,4;17,5;17,2;93;92;92;18;5,5;1,2;
2024/02/11;2200 UTC;,8;890,4;890,4;890,1;13,5;18,3;17,3;18,5;18,3;17,3;17,2;94;92;94;13;3,8;,5;
2024/02/11;2300 UTC;1,2;890,9;890,9;890,4;;18,3;17,4;18,3;18,2;17,4;17,3;95;94;94;13;3;,2;
2024/02/12;0000 UTC;,6;891,4;891,4;890,9;;18,2;17,3;18,3;18,2;17,4;17,2;94;94;94;10;2,3;0;
2024/02/12;0100 UTC;0;892,1;892,1;891,5;;18,4;17,3;18,4;18,2;17,3;17,2;94;93;93;8;2,2;,1;
2024/02/12;0200 UTC;0;892,5;892,5;892,1;;18,8;17,5;18,8;18,4;17,5;17,2;93;92;92;79;3,2;,6;
2024/02/12;0300 UTC;1,8;892,4;892,5;892,4;;18,5;17,3;18,9;18,5;17,7;17,3;93;92;93;7;6,4;1,5;
2024/02/12;0400 UTC;,2;891,3;892,4;891,3;;18;17;18,5;18;17,3;17;94;93;94;37;6,4;,9;
2024/02/12;0500 UTC;0;891,2;891,5;891,2;;18,1;16,8;18,3;18;17,1;16,8;94;91;92;52;4,3;1,8;
2024/02/12;0600 UTC;0;890,6;891,2;890,6;;18,3;16,8;18,4;17,9;16,9;16,7;93;91;91;75;3,3;,2;
2024/02/12;0700 UTC;0;890,5;890,6;890,3;;18,6;16,9;18,7;18,1;17,1;16,7;92;90;90;95;3,7;,8;
2024/02/12;0800 UTC;0;890,4;890,5;890,2;;18,6;16,9;18,7;18,3;17,1;16,8;92;90;90;86;4,5;1,5;
2024/02/12;0900 UTC;0;890,4;890,5;890,3;;18,8;17;19,4;18,5;17;16,6;90;84;89;122;4,8;1,4;
2024/02/12;1000 UTC;0;890,9;890,9;890,4;113,6;18,7;17,3;18,8;18,5;17,3;16,9;92;89;92;142;4,8;,2;
2024/02/12;1100 UTC;0;891,6;891,6;890,9;417,9;20,1;17,6;20,2;18,7;17,9;17,3;92;85;85;130;1,9;,2;
2024/02/12;1200 UTC;0;891,9;892;891,6;1792,3;22,6;17,1;22,6;20,1;18,2;16,3;87;69;71;84;8,5;3,8;
2024/02/12;1300 UTC;0;892,2;892,3;891,9;2733,5;24,1;16,8;24,3;22,5;18,1;16,8;74;63;64;75;8,5;4,9;
2024/02/12;1400 UTC;0;892,1;892,3;892;3150,7;25;17,4;25,1;24,1;17,8;16,2;66;60;63;66;9,2;4;
2024/02/12;1500 UTC;0;891,7;892,1;891,7;3400,1;25,3;17,2;26,2;24,8;18,2;16,3;63;57;61;78;8,6;3,3;
2024/02/12;1600 UTC;0;891;891,7;891;3347,8;26,2;17,7;26,8;25,1;18,2;16;63;54;60;90;8;3;
2024/02/12;1700 UTC;0;890,2;891;890,2;2615,1;26,8;17,9;26,8;25,5;18,4;16,4;62;55;58;72;7,7;3,1;
2024/02/12;1800 UTC;0;889,6;890,2;889,6;2010,4;25,8;17,1;27,5;25,4;18,4;16,5;62;54;59;71;7,8;3,7;
2024/02/12;1900 UTC;0;889,1;889,6;889,1;1840;26,3;17;27,5;25,5;18,3;16,5;61;53;57;94;7,6;2,8;
2024/02/12;2000 UTC;0;889;889,1;889;1627,2;25,5;16,2;27,3;25,5;18,2;15,9;60;53;56;80;7,7;3,5;
2024/02/12;2100 UTC;0;889,3;889,3;889;691,5;25;16,2;26,4;24,7;17,1;16;60;54;58;78;7,3;2,9;
2024/02/12;2200 UTC;0;889,8;889,8;889,3;83;22,8;15,4;25,1;22,6;16;14,5;64;54;63;65;6,8;1,5;
2024/02/12;2300 UTC;0;890,5;890,5;889,8;;21,7;16;23;21,4;16,1;15,3;71;62;70;355;5;1,1;
2024/02/13;0000 UTC;0;891;891;890,5;;22,2;16,9;22,6;21,6;16,9;15,9;72;68;72;92;5,1;1,5;
2024/02/13;0100 UTC;0;891,8;891,8;891;;22;17,3;22,5;21,8;17,3;16,9;75;71;75;94;7;2,7;
2024/02/13;0200 UTC;0;892;892,1;891,8;;21,7;17,3;22;21,4;17,4;17,2;77;75;76;83;6,8;3;
2024/02/13;0300 UTC;0;891,5;891,9;891,5;;21,2;17,1;21,7;21,1;17,3;17,1;78;76;78;80;7,2;3,3;
2024/02/13;0400 UTC;0;890,5;891,5;890,5;;20,6;16,9;21,2;20,4;17,2;16,9;81;78;79;80;7,1;4,4;
2024/02/13;0500 UTC;0;889,7;890,5;889,7;;20,4;16,6;20,7;20,3;16,9;16,6;80;78;79;79;9;4,7;
2024/02/13;0600 UTC;0;889,5;889,7;889,5;;20,4;15,3;21,1;20;16,6;15,2;79;69;72;76;7,7;1,8;
2024/02/13;0700 UTC;0;889,5;889,6;889,5;;19,5;14,9;20,4;18,3;15,5;14,9;82;72;75;55;6,7;4;
2024/02/13;0800 UTC;0;889,6;889,7;889,5;;20,5;15,2;20,7;19,1;15,3;14,7;76;71;72;77;9,8;5,3;
2024/02/13;0900 UTC;0;890,2;890,2;889,6;;20;15,4;20,9;19,8;15,5;15,1;75;71;75;73;9,8;3,4;
2024/02/13;1000 UTC;0;891,1;891,1;890,2;163,4;21,2;15,7;21,5;20;15,8;15,3;75;68;71;105;8,1;1,2;
2024/02/13;1100 UTC;0;891,7;891,7;891,1;1017,1;22,7;16,2;22,8;21,2;16,5;15,7;72;67;67;83;7,7;3,4;
2024/02/13;1200 UTC;0;892;892;891,6;1965,7;24,2;16,8;24,3;22,7;17,4;16;68;62;63;87;7,1;3,1;
2024/02/13;1300 UTC;0;892;892,1;892;2804,2;26,1;16,8;26,1;24,1;17,7;15,8;65;54;57;75;8,5;3,9;
2024/02/13;1400 UTC;0;892,1;892,1;892;3446,7;27,1;15,9;27,2;26;17,5;15,6;58;49;50;51;8,7;4,4;
2024/02/13;1500 UTC;0;891,7;892,2;891,6;3859,2;28,2;16;28,2;26,9;17,4;13,9;54;44;48;60;8,3;4,5;
2024/02/13;1600 UTC;0;891;891,7;891;3910,8;28,8;15,2;28,9;27,9;16,6;12,8;48;37;44;70;8,3;2,7;
2024/02/13;1700 UTC;0;890,6;891;890,6;3879,5;28,7;12,9;29,3;28,5;16,3;11,3;47;34;38;18;7,9;2,6;
2024/02/13;1800 UTC;0;890;890,6;890;3579,9;29,4;13,2;29,8;28,6;16,1;11,4;46;33;37;324;6,7;1;
2024/02/13;1900 UTC;0;889,4;890;889,4;2680,4;28,8;13,7;30;28,5;15,2;9,2;43;27;40;353;6,3;2,9;
2024/02/13;2000 UTC;0;889,3;889,4;889,1;1413,9;26,8;15,2;29,7;26,8;15,5;12;49;33;49;79;7,2;2,7;
2024/02/13;2100 UTC;0;889,8;889,8;889,4;122,5;24,9;17,7;26,8;24,9;17,8;15,1;65;49;64;253;5,2;,1;
2024/02/13;2200 UTC;0;890,2;890,2;889,8;45,5;23,7;17,2;24,9;23,1;18,2;16,5;74;62;67;89;3,7;,3;
2024/02/13;2300 UTC;0;890,8;890,8;890,2;;23,7;13,9;24,3;22,5;17,8;13,9;74;54;54;96;3,5;1,5;
2024/02/14;0000 UTC;0;891,2;891,2;890,8;;22,9;13,1;23,8;22,8;14;13,1;55;53;54;86;4,5;2,5;
2024/02/14;0100 UTC;0;891,2;891,2;891,1;;22,3;13,3;22,9;21,2;13,4;13;61;54;57;90;4,7;2,3;
2024/02/14;0200 UTC;0;891,3;891,3;891,2;;19,3;14,4;22,5;19,2;14,5;13,2;74;56;73;51;4,5;1,6;
2024/02/14;0300 UTC;0;891,3;891,5;891,3;;20;14,3;20,7;19,3;14,5;14,1;73;67;70;72;3;0;
2024/02/14;0400 UTC;0;891,1;891,4;891,1;;19,3;14,9;20,3;18,8;15,1;14,3;78;69;76;67;4,7;2,3;
2024/02/14;0500 UTC;0;890,8;891,2;890,8;;19,6;15;20,1;19,3;15,1;14,9;76;73;75;64;4,3;2,3;
2024/02/14;0600 UTC;0;890,3;890,8;890,3;;20,4;15,2;20,4;19,6;15,2;14,9;75;72;72;74;5,8;3;
2024/02/14;0700 UTC;0;890,4;890,4;890,3;;19,4;15,3;20,4;19,4;15,4;15,2;77;72;77;22;6;1,1;
2024/02/14;0800 UTC;0;890,5;890,5;890,3;;18,9;16,1;19,7;18,6;16,1;15,3;84;77;84;35;5,6;1;
2024/02/14;0900 UTC;0;890,8;890,8;890,5;;19,2;15,5;20,2;18,8;16,3;15,4;83;76;79;31;4,4;1,2;
2024/02/14;1000 UTC;0;891,4;891,4;890,8;169,3;20,8;16;20,8;18,6;16;15,3;81;74;74;43;5,4;2,3;
2024/02/14;1100 UTC;0;891,9;891,9;891,4;998,8;23,2;16,5;23,2;20,8;16,8;15,9;75;66;66;8;4,3;1,3;
2024/02/14;1200 UTC;0;892,3;892,3;891,9;1946,5;24,6;16,4;24,7;23,2;17;16,2;67;60;60;356;5,6;3;
2024/02/14;1300 UTC;0;892,4;892,4;892,3;2788,1;25,7;16,9;25,9;24,5;17,6;16;62;56;58;2;5,8;2,3;
2024/02/14;1400 UTC;0;892;892,4;892;3461,4;26,5;16,2;26,8;25,5;17,5;15,7;60;52;53;347;5,6;2,1;
2024/02/14;1500 UTC;0;891,5;892,1;891,5;3829,8;27,7;16,3;28;26,4;17,8;14,9;56;47;50;328;5,1;1,6;
2024/02/14;1600 UTC;0;890,8;891,5;890,8;2990,9;28,4;14,9;28,8;27;17,5;14;53;42;44;291;4,5;,6;
2024/02/14;1700 UTC;0;889,8;890,8;889,8;3057,4;28,9;15,4;29,1;27,4;16,2;13,3;50;38;44;262;4,8;,8;
2024/02/14;1800 UTC;0;889,2;889,8;889,2;2328,8;28,6;15,7;29,6;27,8;17,1;14,3;50;40;46;342;4,9;,6;
2024/02/14;1900 UTC;0;888,6;889,2;888,5;1467,5;29,1;16,9;29,7;27,6;17,3;14,5;53;41;48;279;3,7;2;
2024/02/14;2000 UTC;,4;888,7;888,7;888,3;1513,6;23,6;16,6;29,8;23,6;17,9;15,7;65;44;65;130;9,5;2,9;
2024/02/14;2100 UTC;,8;888,6;888,7;888,5;413,1;24,7;18,4;26,4;23,1;19,9;17,2;79;62;68;69;9,5;,2;
2024/02/14;2200 UTC;0;888,9;888,9;888,6;118,8;23,4;19;25;23,4;19,8;17,9;76;65;76;113;2,1;0;
2024/02/14;2300 UTC;0;889,5;889,5;888,9;;23,6;18,1;23,9;22,3;19;17,6;79;72;72;94;2;0;
2024/02/15;0000 UTC;0;890,6;890,6;889,5;;23,6;17,5;23,9;22,8;18,4;17,3;73;67;69;117;2,8;,4;
2024/02/15;0100 UTC;0;891;891;890,7;;22,9;16,4;23,6;22,6;17,9;16,3;72;67;67;137;4,8;,5;
2024/02/15;0200 UTC;0;890,8;891;890,8;;21,8;15,6;23,2;21,4;16,4;15,4;71;62;68;57;2,4;,1;
2024/02/15;0300 UTC;0;890,2;890,8;890,2;;22,4;15,3;22,5;20,8;16,1;15,1;74;64;64;88;2;0;
2024/02/15;0400 UTC;0;889,8;890,2;889,8;;22,3;15,1;22,7;21,9;15,6;14,8;67;61;64;94;1,2;0;
2024/02/15;0500 UTC;0;889,2;889,8;889,2;;21,6;15,4;22,5;20,7;15,7;15,1;72;63;68;85;2,5;,8;
2024/02/15;0600 UTC;0;889;889,2;888,9;;22;15,4;22,1;21,1;15,5;15,3;71;66;66;68;2;0;
2024/02/15;0700 UTC;0;889;889;888,8;;21,2;15,6;22,1;20,8;15,9;15,4;74;66;70;62;1,3;0;
2024/02/15;0800 UTC;0;889,4;889,4;889;;20,9;15,7;21,8;20,9;16;15,5;72;68;72;69;0;0;
2024/02/15;0900 UTC;0;889,9;889,9;889,4;;20,8;15,2;21,5;19,9;15,7;14,8;74;66;70;76;1,8;,4;
2024/02/15;1000 UTC;0;890,2;890,2;889,9;168,3;21,8;15,5;21,8;19,6;15,5;14,7;75;65;68;70;2,2;,4;
2024/02/15;1100 UTC;0;890,7;890,7;890,2;950,5;24,6;16,6;24,6;21,8;17,4;15,1;68;58;61;51;2,8;1;
2024/02/15;1200 UTC;0;891,2;891,2;890,7;2005,8;26,2;14,9;26,3;24,6;17,1;13,6;62;46;50;8;4,6;2,1;
2024/02/15;1300 UTC;0;891,4;891,4;891,2;2782,6;26,3;16,7;26,6;25,7;17,7;14,3;59;48;55;355;6,3;2,5;
2024/02/15;1400 UTC;0;891,3;891,4;891,3;3273,6;27,2;17,5;27,5;26,1;18,3;16,3;60;52;55;13;5,9;1,4;
2024/02/15;1500 UTC;0;890,9;891,3;890,8;3913,3;28,4;16,2;28,8;27,1;18,1;15,6;57;46;48;352;7,7;1,7;
2024/02/15;1600 UTC;0;890,1;890,9;890,1;2907;27,4;15,7;29;27,4;18,1;15,2;54;45;49;283;6,3;2,6;
2024/02/15;1700 UTC;0;889,2;890,1;889,2;1289,9;28,5;16,8;28,6;27,4;17,4;15,4;53;47;49;314;6,5;2,4;
2024/02/15;1800 UTC;0;888,5;889,2;888,5;2614,1;28,7;16;30;28,1;17,9;15,4;52;43;46;318;6,4;3,2;
2024/02/15;1900 UTC;0;887,8;888,5;887,8;2409;28,8;16,1;30,1;28,3;17,1;15,3;50;41;46;292;7,3;2,9;
2024/02/15;2000 UTC;0;887,9;887,9;887,5;1680,7;27,9;17,3;30,1;27,9;17,3;14,6;53;41;53;249;7,1;2,5;
2024/02/15;2100 UTC;0;888,5;888,6;887,9;216,4;23,7;17,2;27,9;23,6;18,2;17;68;53;67;164;10,1;4,2;
2024/02/15;2200 UTC;0;888,7;888,7;888,4;50,4;23,4;17,4;23,8;23,1;17,7;17,1;71;67;69;152;7,4;1,1;
2024/02/15;2300 UTC;0;889,3;889,3;888,7;;23,3;17,4;23,5;23,3;17,4;17,1;69;68;69;127;3,5;,1;
2024/02/16;0000 UTC;0;889,9;889,9;889,3;;22,8;17,1;23,4;21,8;18;16,9;79;68;70;118;2,5;0;
2024/02/16;0100 UTC;0;890,4;890,4;889,9;;22,8;17,5;23,3;22;17,5;16,9;75;68;72;154;3,9;1;
2024/02/16;0200 UTC;0;890,4;890,6;890,4;;22,1;17,6;22,8;22;18,1;17,6;78;72;76;117;5,2;1;
2024/02/16;0300 UTC;0;890,3;890,5;890,2;;22,3;16,7;22,6;21,9;17,6;16,5;76;69;70;127;4,1;0;
2024/02/16;0400 UTC;0;889,8;890,3;889,8;;22,4;17;22,5;22;17,1;16,4;73;69;71;121;2,3;,2;
2024/02/16;0500 UTC;0;889,7;890;889,7;;20,5;18;22,5;20,5;18;16,9;85;71;85;247;3,9;1,1;
2024/02/16;0600 UTC;0;889,8;889,8;889,6;;19,5;18,3;20,6;19,4;18,3;17,8;93;84;93;226;5,6;2,2;
2024/02/16;0700 UTC;,2;889,5;889,8;889,5;;19,4;18,3;19,5;19,3;18,3;18,2;93;93;93;119;3,8;0;
2024/02/16;0800 UTC;,2;889,2;889,5;889,2;;19,9;17,9;20;19,4;18,5;17,9;93;88;88;79;1,6;,2;
2024/02/16;0900 UTC;0;889,8;889,8;889,2;;19,8;18,3;20,1;19,5;18,4;17,9;92;88;91;175;5;2,7;
2024/02/16;1000 UTC;0;890;890;889,7;115,1;20;18,5;20;19,8;18,5;18,3;91;91;91;176;5;1,4;
2024/02/16;1100 UTC;0;890,3;890,4;890;435,4;20,9;18,5;20,9;20,1;18,9;18,4;91;87;87;152;4,4;,9;
2024/02/16;1200 UTC;0;890,6;890,6;890,3;1721,7;23,6;18;23,6;20,8;18,7;17,4;87;70;71;162;3,7;,8;
2024/02/16;1300 UTC;0;890,7;890,8;890,6;2689,7;25,4;17;26;23,4;18,8;16,6;73;58;60;90;4,4;,7;
2024/02/16;1400 UTC;0;890,6;890,7;890,5;2363;26,1;18;26,5;25;19;16,7;67;58;61;237;4,4;,5;
2024/02/16;1500 UTC;0;890;890,6;890;2340,7;26,4;19,9;26,6;24,6;20,3;17,3;72;59;68;32;4,9;1,8;
2024/02/16;1600 UTC;0;889,1;890;889,1;2163,8;26,4;17,5;27,2;26,4;19,6;16,4;68;54;58;267;6,2;2,9;
2024/02/16;1700 UTC;0;888,3;889,1;888,3;3160,2;27,1;17,1;28,1;26,4;19,1;16,5;62;52;54;274;7,3;2,8;
2024/02/16;1800 UTC;0;887,5;888,3;887,5;1832,8;26,7;18;27,9;26,3;18,2;16,2;60;51;59;266;6,5;2,6;
2024/02/16;1900 UTC;0;887,1;887,5;887;1360,8;24,7;17,5;27,8;24,7;19,3;16,9;64;54;64;239;8,5;4,6;
2024/02/16;2000 UTC;0;887,3;887,3;886,9;276,6;22;17,1;24,7;22;18,1;17,1;77;64;74;177;8,5;2,3;
2024/02/16;2100 UTC;,2;887,1;887,8;887,1;93;20,1;18,6;22;20;18,6;16,8;91;73;91;251;7,7;2,3;
2024/02/16;2200 UTC;,2;887,8;887,8;887;34,6;20,6;17,9;20,6;19,9;18,6;17,8;91;84;85;232;4,1;,5;
2024/02/16;2300 UTC;0;888,3;888,4;887,8;;20,8;17,9;21,2;20,5;17,9;17,4;85;80;83;70;2,2;0;
2024/02/17;0000 UTC;0;889,3;889,3;888,3;;21,8;17,6;21,9;20,7;17,9;17,5;84;76;77;161;4,5;2;
2024/02/17;0100 UTC;0;890,1;890,1;889,3;;20,9;17,5;21,8;20,9;17,8;17,4;81;77;81;80;4,6;2,1;
2024/02/17;0200 UTC;,2;890,1;890,3;890,1;;20,1;18,1;20,9;20;18,1;17,5;88;81;88;13;4,4;,3;
2024/02/17;0300 UTC;0;889,4;890,1;889,4;;20;18,1;20,4;20;18,1;17,8;89;85;89;8;4,2;1;
2024/02/17;0400 UTC;0;888,8;889,4;888,8;;19,6;18,5;20;19,6;18,5;18;93;89;93;4;3,5;1;
2024/02/17;0500 UTC;0;888,5;888,9;888,5;;19,5;18,5;19,6;19,5;18,7;18,5;94;93;94;353;3,3;,3;
2024/02/17;0600 UTC;0;888,2;888,6;888,2;;19,4;18,4;19,5;19,4;18,5;18,4;94;94;94;13;4,5;1,1;
2024/02/17;0700 UTC;0;888;888,3;888;;19,3;18,4;19,4;19,3;18,4;18,3;94;94;94;12;4,5;,6;
2024/02/17;0800 UTC;,2;887,7;888;887,6;;19,5;18,3;19,5;19,3;18,5;18,3;94;93;93;12;3,6;,7;
2024/02/17;0900 UTC;0;887,8;887,8;887,6;;19,7;17,6;19,8;19,5;18,3;17,6;93;87;87;10;3,3;,3;
2024/02/17;1000 UTC;0;888,2;888,2;887,8;138,3;20,1;18,2;20,1;19,4;18,2;17,5;90;87;89;30;2,5;,2;
2024/02/17;1100 UTC;0;888,8;888,8;888,2;631,1;22,2;17,9;22,2;20,1;18,4;17,8;89;77;77;346;2,1;0;
2024/02/17;1200 UTC;0;889,4;889,4;888,8;825,5;22,8;18,2;22,8;22;18,7;17,4;79;75;75;308;1,6;0;
2024/02/17;1300 UTC;0;889,5;889,5;889,4;1996,5;24,7;18,3;24,9;22,7;19,5;18;78;68;68;293;4,6;2,1;
2024/02/17;1400 UTC;0;889,3;889,6;889,3;2652,6;26,3;19,2;26,3;24,4;19,8;18,1;71;64;65;276;6,8;3;
2024/02/17;1500 UTC;0;888,7;889,3;888,7;2114;25,2;17,4;26,5;24,8;19,3;17,2;69;61;62;291;7;3,7;
2024/02/17;1600 UTC;0;888,7;888,8;888,5;1381,4;23,6;17,9;25,7;23,6;18,9;17,1;72;62;71;282;6,4;3,6;
2024/02/17;1700 UTC;0;887,9;888,7;887,9;810,2;22,6;20;23,5;22,3;20,1;18;86;71;85;262;6,4;1,7;
2024/02/17;1800 UTC;0;886,9;887,9;886,9;2302,5;23,7;19,6;24,5;22,5;20,9;19,1;86;76;78;289;5,2;2,5;
2024/02/17;1900 UTC;0;886,1;886,9;886,1;1295,5;23,9;19,2;24;23,4;19,9;18,8;79;74;75;276;6,1;3,1;
2024/02/17;2000 UTC;0;886,4;886,5;885,9;811,4;22,9;19;23,9;22,9;19,7;19;79;74;79;272;7,1;3,6;
2024/02/17;2100 UTC;0;886,4;886,5;886,2;399,1;21,1;19;23;21,1;19,2;18,7;88;78;88;321;7,7;4,9;
2024/02/17;2200 UTC;0;887,2;887,2;886,3;93,7;20,7;18,5;21,3;20,7;19,1;18,3;88;85;87;312;7,7;,2;
2024/02/17;2300 UTC;0;887,6;887,7;887,1;;20,5;18,4;20,7;20,5;18,6;18,4;88;87;88;296;2,6;,4;
2024/02/18;0000 UTC;0;888,6;888,6;887,6;;20,3;18,5;20,5;20,3;18,6;18,4;90;88;90;322;2,3;,1;
2024/02/18;0100 UTC;0;888,8;889;888,5;;19,9;18,4;20,3;19,8;18,7;18,4;92;90;91;73;1,5;,1;
2024/02/18;0200 UTC;0;889,1;889,2;888,8;;20,5;18,5;20,6;19,8;18,8;18,3;91;89;89;273;2,1;0;
2024/02/18;0300 UTC;0;888,9;889,2;888,9;;20;18,4;20,5;20;18,5;18,4;91;88;91;250;2,3;,5;
2024/02/18;0400 UTC;0;888,2;888,9;888,2;;20;18,8;20;19,8;18,8;18,4;93;91;93;166;2,3;0;
2024/02/18;0500 UTC;0;887,9;888,2;887,9;;20,1;18,5;20,3;20;18,9;18,4;93;90;90;220;1,9;0;
2024/02/18;0600 UTC;0;887,5;887,9;887,5;;19,8;18,6;20,1;19,7;18,6;18,4;93;90;93;343;1,1;0;
2024/02/18;0700 UTC;0;887,6;887,6;887,4;;19,6;18,4;19,9;19,6;18,6;18,4;93;92;93;219;2,4;,5;
2024/02/18;0800 UTC;0;887,6;887,7;887,5;;19,5;18,4;19,6;19,5;18,5;18,4;94;93;94;256;2,9;,1;
2024/02/18;0900 UTC;0;887,6;887,7;887,5;;19,4;18,5;19,5;19,4;18,5;18,4;94;94;94;21;1,6;0;
2024/02/18;1000 UTC;0;888,2;888,2;887,6;37,8;19,5;18,6;19,6;19,4;18,6;18,4;94;94;94;356;2,3;,1;
2024/02/18;1100 UTC;0;888,5;888,5;888,2;457,2;20,7;19,4;20,7;19,5;19,5;18,5;94;92;92;334;3,1;1,5;
2024/02/18;1200 UTC;0;888,9;889;888,5;721,1;21,7;19,3;22;20,7;19,9;19,1;92;86;86;289;4,7;2;
2024/02/18;1300 UTC;0;889;889;888,8;1388,2;23;19;23,2;21,6;20;18,6;87;77;78;290;6,3;3,4;
2024/02/18;1400 UTC;0;889;889;888,8;1404,3;23,3;18,7;23,6;22,8;19,3;18,5;79;75;76;261;6,3;3,9;
2024/02/18;1500 UTC;0;888,5;889;888,4;2302,5;24,4;18,8;25,2;23,2;19,9;18,3;78;68;71;282;6,9;3,8;
2024/02/18;1600 UTC;0;887,3;888,5;887,3;2249,2;23,8;18,6;25,6;23,8;20,3;18,4;75;67;73;309;9,2;5,6;
2024/02/18;1700 UTC;0;886,1;887,3;886,1;1604,4;25,5;18,6;26;23;19,7;17,9;80;65;65;265;9,2;3,8;
2024/02/18;1800 UTC;,8;885,4;886,1;885,4;1341;20,3;18;26,7;20,3;19,7;17,3;87;59;87;300;10,1;5,6;
2024/02/18;1900 UTC;,6;884,4;885,4;884,4;1461,9;23,2;19,9;23,2;20,2;20,3;18;89;81;82;351;10,1;2,1;
2024/02/18;2000 UTC;,2;884,5;884,5;884,3;1420,2;24,6;19;25,2;23,2;20,5;18,6;82;69;71;289;7,4;2,8;
2024/02/18;2100 UTC;0;885,4;885,4;884,4;498,1;23,2;19,4;24,6;23,2;19,5;18,8;79;71;79;346;4,8;1,5;
2024/02/18;2200 UTC;0;885,8;885,8;885,1;57,8;21,9;19,2;23,2;21,9;19,4;19;84;79;84;356;3,3;,8;
2024/02/18;2300 UTC;6;887,1;887,1;885,8;;18,9;17,5;21,9;18,9;19,5;17,5;93;84;91;159;5,2;,5;
2024/02/19;0000 UTC;5,2;887,3;887,4;887;;18,9;17,6;19,5;18,9;18;17,5;92;89;92;66;3,6;1,8;
2024/02/19;0100 UTC;0;887,8;887,9;887,2;;19,6;18;19,8;18,9;18,1;17,6;92;89;91;80;3,4;0;
2024/02/19;0200 UTC;0;888,1;888,2;887,7;;19,7;18,3;20;19,5;18,3;17,8;92;88;92;152;2,6;0;
2024/02/19;0300 UTC;0;887,9;888,1;887,9;;19,8;18,4;20,2;19,7;19;18,4;93;91;91;354;6,3;1,8;
2024/02/19;0400 UTC;,2;887,2;887,9;887,2;;18,8;17,9;19,8;18,8;18,3;17,9;94;91;94;29;6,3;1,7;
2024/02/19;0500 UTC;0;886,1;887,3;886,1;;18,6;17,7;18,8;18,6;17,9;17,7;94;94;94;20;4,1;,9;
2024/02/19;0600 UTC;0;885,3;886,1;885,3;;18,6;17,9;18,6;18,5;17,9;17,7;95;94;95;50;2,9;0;
2024/02/19;0700 UTC;0;885,3;885,3;885,1;;18,8;18,1;18,8;18,6;18,1;17,8;95;95;95;52;1,3;0;
2024/02/19;0800 UTC;0;885,7;885,7;885,2;;18,9;18,1;18,9;18,8;18,1;18;95;95;95;351;2,8;,7;
2024/02/19;0900 UTC;0;886,1;886,2;885,7;;18,9;18,2;18,9;18,8;18,2;18;95;95;95;5;3,2;,8;
2024/02/19;1000 UTC;0;886,7;886,7;886,1;88,1;19,1;18,3;19,1;18,9;18,3;18,1;95;95;95;345;3,6;,7;
2024/02/19;1100 UTC;0;887,2;887,2;886,7;480,1;19,9;19,1;19,9;19;19,1;18,2;95;95;95;353;3,4;1,3;
2024/02/19;1200 UTC;0;887,7;887,7;887,2;1193,9;21,2;18,9;21,4;19,9;19,7;18,6;95;85;86;342;5;2;
2024/02/19;1300 UTC;0;887,8;887,9;887,7;778,7;21,6;18,9;21,8;21,2;19,2;18,5;87;82;84;330;5,5;3,1;
2024/02/19;1400 UTC;0;887,4;887,8;887,4;1677;22,7;18,9;23,5;21,7;19,4;18,3;85;75;79;326;6,9;3,9;
2024/02/19;1500 UTC;0;887;887,4;887;1510,2;23,4;18,4;24;22,7;19,2;18;79;72;74;298;8;4,5;
2024/02/19;1600 UTC;0;886,4;887;886,4;1202,7;22,5;18,5;23,8;22,5;19;17,9;78;71;78;277;8;4,4;
2024/02/19;1700 UTC;0;885,5;886,4;885,4;1845,2;21,7;18,2;24,3;21,7;20,2;17,9;84;73;81;310;10,8;6,4;
2024/02/19;1800 UTC;1,2;884,5;885,5;884,5;2143,3;24,2;19,7;24,2;20,8;20,6;18,3;92;75;76;309;10,8;4,3;
2024/02/19;1900 UTC;0;884,3;884,5;884,1;1383,1;22;18,9;25,1;21,9;20,2;18,5;85;71;83;323;9,3;4,9;
2024/02/19;2000 UTC;0;883,9;884,3;883,9;790,8;22;19,5;22,4;21,7;20,1;18,5;87;81;85;339;8,4;2,4;
2024/02/19;2100 UTC;0;884,3;884,3;883,9;576,9;21,9;19,2;22,9;21,9;19,7;18,8;86;79;85;328;7;4,2;
2024/02/19;2200 UTC;0;884,6;884,7;884,3;38,5;20,9;19,5;21,9;20,8;19,5;19,1;91;84;91;342;6,4;2,5;
2024/02/19;2300 UTC;,2;885,2;885,2;884,5;;20,7;19,4;21,1;20,7;19,9;19,4;93;91;93;338;7;2,7;
2024/02/20;0000 UTC;0;885,8;885,8;885,2;;20,6;19,3;20,7;20,6;19,5;19,2;93;92;92;319;5,5;1,6;
2024/02/20;0100 UTC;0;886,3;886,3;885,8;;20,3;19,2;20,6;20,2;19,4;19,2;94;92;94;335;4,1;2,6;
2024/02/20;0200 UTC;,4;886,4;886,5;886,3;;20,1;19,1;20,3;20;19,2;19,1;94;94;94;323;4,4;2;
2024/02/20;0300 UTC;,6;885,8;886,4;885,8;;19,8;18,9;20,1;19,8;19,1;18,9;95;94;95;335;4,3;2,7;
2024/02/20;0400 UTC;,2;885,3;885,8;885,3;;19,7;18,9;19,8;19,6;19;18,8;95;95;95;336;5,8;2,4;
2024/02/20;0500 UTC;,2;884,8;885,3;884,8;;19,6;18,8;19,7;19,5;18,9;18,7;95;95;95;318;5,3;2,8;
2024/02/20;0600 UTC;,4;884,2;884,8;884,2;;19,8;19;19,8;19,6;19;18,8;95;95;95;322;5,3;2,7;
2024/02/20;0700 UTC;2,4;884,1;884,2;884;,1;19,3;18,4;19,9;19,3;19,1;18,4;95;94;94;326;6,5;4,4;
2024/02/20;0800 UTC;,8;884,2;884,2;883,8;;19,4;18,3;19,6;19;18,6;18;94;93;93;324;8,8;5,7;
2024/02/20;0900 UTC;1,2;884,5;884,5;884,2;;19,2;18,3;19,4;19,2;18,4;18,2;95;93;95;340;9,5;2;
2024/02/20;1000 UTC;,8;884,6;884,6;884,4;57,3;19,4;18,6;19,4;19,1;18,6;18,3;95;95;95;347;4,4;1,8;
2024/02/20;1100 UTC;,2;885,1;885,1;884,6;189;19,5;18,7;19,6;19,3;18,7;18,5;95;95;95;335;4,1;2,8;
2024/02/20;1200 UTC;,2;885,4;885,4;885,1;389,2;20,3;19,4;20,3;19,5;19,4;18,7;95;95;95;318;5,3;3,4;
2024/02/20;1300 UTC;,2;885,5;885,6;885,4;747,2;20,5;19,5;20,6;20,1;19,6;19,1;95;94;94;343;5,7;2,7;
2024/02/20;1400 UTC;,4;885,3;885,5;885,2;697,6;20,5;18,9;20,9;20,5;19,9;18,9;94;90;91;319;9,4;4,2;
2024/02/20;1500 UTC;1;884,9;885,4;884,9;373,7;20,5;19;20,5;20,1;19,1;18,6;92;91;91;309;9,5;4,8;
2024/02/20;1600 UTC;4;884;884,9;884;530,3;20,9;19,7;20,9;19,9;19,7;18,7;94;91;93;297;8,1;3,4;
2024/02/20;1700 UTC;0;883,2;884;883,2;1207,5;21,6;19,1;21,7;20,9;20;19;93;85;86;289;7,7;3,6;
2024/02/20;1800 UTC;,4;882,6;883,2;882,6;717,5;20,9;19,4;21,6;20,9;19,9;18,9;92;86;91;263;6,7;3,3;
2024/02/20;1900 UTC;0;882,4;882,6;882,3;943,8;21,7;19,5;21,9;20,9;20,2;19,3;92;86;87;295;5,8;3;
2024/02/20;2000 UTC;8,2;882,6;882,7;882,4;137,5;20,1;19;21,7;19,6;19,5;18,4;94;87;94;344;8,4;1,2;
2024/02/20;2100 UTC;1,8;882,8;882,9;882,6;223,7;20,2;19,1;20,3;20;19,2;18,9;94;93;93;297;4,4;1,7;
2024/02/20;2200 UTC;0;883,4;883,4;882,8;44,7;20;18,9;20,2;20;19,1;18,9;93;93;93;7;3,1;0;
2024/02/20;2300 UTC;0;884,1;884,1;883,3;;19,9;18,9;20,1;19,9;19;18,8;94;93;94;339;2;,2;
2024/02/21;0000 UTC;1,2;885;885;884,1;;19,6;18,6;20;19,5;19;18,5;94;94;94;339;2,8;,2;
2024/02/21;0100 UTC;0;885,4;885,5;885;;19,7;18,8;19,9;19,6;19;18,6;95;94;95;14;4,2;1,3;
2024/02/21;0200 UTC;0;885,2;885,4;885,1;;19,5;18,7;19,7;19,5;18,8;18,6;95;95;95;341;4,4;1,4;
2024/02/21;0300 UTC;,2;884,9;885,2;884,9;;19,4;18,7;19,5;19,4;18,7;18,6;95;95;95;347;3,9;1,6;
2024/02/21;0400 UTC;0;884,1;884,9;884,1;;19,4;18,7;19,5;19,4;18,7;18,7;95;95;95;349;4,3;1,9;
2024/02/21;0500 UTC;,4;883,7;884,2;883,7;;19,5;18,7;19,5;19,4;18,7;18,7;96;95;96;357;4,8;1,9;
2024/02/21;0600 UTC;,8;883,1;883,7;883,1;;19,4;18,6;19,5;19,4;18,7;18,6;96;96;96;357;5,1;2,3;
2024/02/21;0700 UTC;,4;883;883,1;882,9;;19,4;18,7;19,4;19,3;18,7;18,6;96;96;96;359;5;1,3;
2024/02/21;0800 UTC;,2;883,2;883,2;882,8;0;19,1;18,4;19,4;19,1;18,7;18,4;96;96;96;5;6,2;1,7;
2024/02/21;0900 UTC;0;883,6;883,6;883,2;0;19;18,3;19,1;19;18,4;18,3;96;96;96;354;4,6;1,3;
2024/02/21;1000 UTC;0;884,2;884,2;883,6;31,9;19,3;18,6;19,3;19;18,6;18,3;96;96;96;332;3,4;,5;
2024/02/21;1100 UTC;,6;885,1;885,1;884,2;131,6;19,4;18,7;19,5;19,3;18,8;18,6;96;96;96;2;2,2;,2;
2024/02/21;1200 UTC;1,2;885,5;885,5;885,1;259,4;19,7;18,9;19,7;19,4;19;18,7;96;96;96;3;2,7;,3;
2024/02/21;1300 UTC;,8;885,4;885,5;885,4;626,6;20,2;19,5;20,2;19,6;19,5;18,9;96;96;96;360;3;1;
2024/02/21;1400 UTC;0;885,4;885,5;885,4;1255,2;21,1;20,4;21,2;20,2;20,4;19,5;96;95;95;4;4,2;1,5;
2024/02/21;1500 UTC;0;884,9;885,4;884,9;1437,8;21,8;20,2;21,8;20,9;20,9;20,1;95;91;91;10;4,5;,8;
2024/02/21;1600 UTC;0;884,2;884,9;884,2;1583,8;21,8;18,9;22,1;21,5;20,2;18,9;91;83;83;360;3,5;1,2;
2024/02/21;1700 UTC;0;883,3;884,2;883,3;1763,1;23,1;19;23,1;21,8;19,6;18,1;85;74;78;324;3,8;1,5;
2024/02/21;1800 UTC;,2;882,6;883,3;882,5;1918,2;24,1;19,1;24,7;23;19,5;18,1;78;69;74;302;5,1;2,1;
2024/02/21;1900 UTC;0;882;882,5;882;893,3;22,5;19,3;24,1;22,4;19,5;18,6;83;73;83;341;5,8;3,1;
2024/02/21;2000 UTC;6,4;882;882,1;881,8;411,5;21,3;19,7;22,4;20,6;19,7;18,9;92;83;91;50;6,1;,1;
2024/02/21;2100 UTC;0;882,1;882,1;881,9;770,7;21,9;19,5;22,2;21,3;20,3;19,4;91;85;87;3;2,1;,1;
2024/02/21;2200 UTC;0;882,4;882,4;882,1;44;21;19,5;21,9;20,9;19,6;19,3;91;87;91;360;2,6;0;
2024/02/21;2300 UTC;0;883,2;883,2;882,4;;20,4;19,3;21;20,3;19,5;19,2;93;91;93;11;1,6;0;
2024/02/22;0000 UTC;0;884,4;884,4;883,2;;19,9;18,9;20,4;19,9;19,3;18,8;94;93;94;14;1,3;0;
2024/02/22;0100 UTC;0;885,1;885,1;884,3;;19,6;18,7;20;19,6;19;18,6;94;94;94;334;1,7;,4;
2024/02/22;0200 UTC;0;885,5;885,6;885,1;;19,7;18,8;19,8;19,4;19;18,5;95;94;94;350;2,2;,1;
2024/02/22;0300 UTC;0;885,4;885,5;885,4;;19,9;18,9;19,9;19,6;18,9;18,6;94;94;94;319;2,3;,3;
2024/02/22;0400 UTC;,2;885,2;885,4;885,2;;19,8;18,8;20;19,8;19;18,8;94;94;94;340;1,9;,3;
2024/02/22;0500 UTC;0;884,9;885,3;884,9;;19,2;18,2;19,8;19,2;18,8;18,2;94;94;94;339;2,7;1,1;
2024/02/22;0600 UTC;0;884,8;884,9;884,7;;19;17,9;19,4;19;18,3;17,8;94;93;93;308;3,2;1,5;
2024/02/22;0700 UTC;0;884,5;884,8;884,5;;19;17,8;19,4;19;18,2;17,8;93;93;93;324;3,7;,2;
2024/02/22;0800 UTC;0;885,1;885,1;884,5;;19,3;18,2;19,4;18,8;18,2;17,6;94;93;93;314;2,6;,9;
2024/02/22;0900 UTC;0;885,4;885,4;885;;19,1;18,1;19,4;19,1;18,4;18;94;93;94;331;4,3;2,4;
2024/02/22;1000 UTC;0;885,9;885,9;885,4;79,4;19,3;18,1;19,4;19;18,2;17,9;94;92;93;328;3,9;1,4;
2024/02/22;1100 UTC;0;886,7;886,7;885,9;592,8;20,5;18,2;20,8;19,3;18,9;18,1;93;86;87;302;5;3,3;
2024/02/22;1200 UTC;0;887,5;887,5;886,7;979;20,8;18,5;21,5;20,5;19;18,1;87;83;87;344;5,3;2,8;
2024/02/22;1300 UTC;0;887,7;887,7;887,5;1914,2;22,8;19,1;22,8;20,7;19,5;18,4;87;79;80;339;5,6;3,3;
2024/02/22;1400 UTC;0;887,6;887,7;887,5;2786,7;23,2;19,5;24,2;22,5;19,5;18;80;71;79;357;6,3;2,2;
2024/02/22;1500 UTC;0;887,2;887,6;887,2;3685,6;25,3;18,2;25,8;23,3;19,9;17,2;79;61;65;356;6,4;2,6;
2024/02/22;1600 UTC;0;886,7;887,2;886,7;2642,5;23,3;19,2;25,8;23,3;20,2;17,4;77;63;77;344;11,4;4,5;
2024/02/22;1700 UTC;7,8;886;886,7;886;707,9;22,3;20,5;23,4;20,2;20,5;18,4;92;77;89;255;8,3;0;
2024/02/22;1800 UTC;,8;885,2;886;885,2;1794,3;24,7;19,7;24,8;22,2;20,6;19,1;89;72;74;308;5,3;2,8;
2024/02/22;1900 UTC;0;885,2;885,2;885;1534,5;22,7;18,4;24,9;22,7;20,5;18;78;67;77;290;8;3,4;
2024/02/22;2000 UTC;0;884,7;885,3;884,7;819,6;22,9;19,1;22,9;22,5;19,2;18,4;81;77;79;288;5,8;1,8;
2024/02/22;2100 UTC;0;885;885;884,6;632,7;22,2;18,9;23,3;22,2;19,2;18,4;81;74;81;355;3,8;1,2;
2024/02/22;2200 UTC;0;885,6;885,6;885;79,2;20,7;19;22,2;20,7;19,5;18,8;90;81;90;8;3,1;0;
2024/02/22;2300 UTC;0;886,2;886,2;885,6;;20;18,3;20,7;20;19;18,3;91;90;90;60;1,5;,1;
2024/02/23;0000 UTC;0;887,1;887,1;886,2;;19,7;18,1;20,2;19,4;18,5;17,9;92;89;91;43;1,8;,2;
2024/02/23;0100 UTC;0;887,9;887,9;887,1;;20,1;18,6;20,1;19,5;18,6;18;92;91;91;332;2,3;,1;
2024/02/23;0200 UTC;0;888,2;888,2;887,9;;20,4;18,9;20,4;20;18,9;18,6;92;91;91;13;2,2;,2;
2024/02/23;0300 UTC;0;888;888,2;888;;20,6;18,9;20,7;20,4;19;18,8;91;90;90;24;2,4;,6;
2024/02/23;0400 UTC;0;887,6;888;887,5;;19,9;18,6;20,6;19,9;18,9;18,6;92;90;92;9;2,6;0;
2024/02/23;0500 UTC;0;887,6;887,7;887,6;;19,8;18,7;19,9;19,6;18,8;18,4;93;92;93;42;1,4;0;
2024/02/23;0600 UTC;0;887,4;887,7;887,4;;20,3;19;20,3;19,8;19;18,7;94;93;93;6;4,9;1;
2024/02/23;0700 UTC;0;887,4;887,5;887,4;;19,9;18,7;20,3;19,9;19;18,7;93;92;93;10;4,9;,5;
2024/02/23;0800 UTC;0;887,5;887,5;887,4;;19,8;18,5;20;19,8;18,8;18,5;93;92;92;9;3,9;,7;
2024/02/23;0900 UTC;0;888;888;887,5;;19,4;18,1;19,8;19,4;18,5;18,1;93;92;92;20;3,3;1;
2024/02/23;1000 UTC;0;888,9;888,9;888;103,4;20;18,5;20;19,4;18,5;18,1;92;91;91;17;3,6;,6;
2024/02/23;1100 UTC;0;889,9;889,9;888,9;407,5;20,6;18,5;20,6;20;18,7;18,3;91;87;88;356;3,4;,9;
2024/02/23;1200 UTC;0;890,4;890,4;889,9;922,5;21,5;18,8;21,6;20,6;19,1;18,4;88;84;85;352;3,8;1,4;
2024/02/23;1300 UTC;2,8;890,9;890,9;890,4;646,3;19,7;18,4;21,6;19,7;19;18,4;93;84;93;23;5,3;2,1;
2024/02/23;1400 UTC;1,4;890,6;890,9;890,6;2382,6;22,2;19,2;22,5;19,6;20;18,3;93;81;83;19;5,8;2,4;
2024/02/23;1500 UTC;,4;890,2;890,7;890,2;1946;22,8;19,4;22,8;21,4;20;18,7;88;81;82;25;5,4;,8;
2024/02/23;1600 UTC;0;889,5;890,2;889,5;2378,7;23,8;18,6;24;22,6;19,7;18,3;82;72;73;357;5,6;1;
2024/02/23;1700 UTC;0;888,6;889,5;888,6;3957,5;25,4;18,3;25,8;23,8;19,8;17,8;77;63;65;1;6,4;2;
2024/02/23;1800 UTC;0;887,8;888,6;887,8;3135;25,4;19,7;26;25;20,1;17,6;71;62;70;299;5,7;2,2;
2024/02/23;1900 UTC;0;887,2;887,8;887,2;1934,7;25,6;18,3;26,5;24,7;20,6;18;75;62;64;338;6,4;3,2;
2024/02/23;2000 UTC;0;887,4;887,6;887,2;1711,5;24,6;18,2;26;24,6;19;17,5;67;61;67;334;7,1;3,2;
2024/02/23;2100 UTC;0;888,2;888,2;887,3;221,4;21,5;19,4;24,6;21,5;19,9;18,2;88;67;88;63;6,2;,2;
2024/02/23;2200 UTC;0;888,7;888,7;888,2;8,1;21,1;18,3;21,7;21,1;19,6;18,1;88;81;84;170;4,3;1,8;
2024/02/23;2300 UTC;11;889,9;889,9;888,7;;19,9;18,6;21,1;19,5;18,6;18;93;84;93;192;7,4;,5;
2024/02/24;0000 UTC;1,6;890,9;890,9;889,9;;19,8;18,5;20,1;19,7;18,9;18,5;93;92;92;68;3,3;,6;
2024/02/24;0100 UTC;6,2;891,6;891,6;890,8;;19,8;18,6;20,5;19,5;19;18,2;93;89;93;14;6,3;2,5;
2024/02/24;0200 UTC;0;891,2;891,7;891,2;;19,3;18,3;19,8;19,2;18,6;18,2;94;93;94;36;6,3;,9;
2024/02/24;0300 UTC;0;890,7;891,2;890,7;;19,5;18,2;19,8;19,3;18,6;18,1;94;91;92;9;3,7;,1;
2024/02/24;0400 UTC;0;890,5;890,7;890,4;;19,7;18,6;19,7;19,4;18,6;18,2;93;92;93;27;5,6;1,5;
2024/02/24;0500 UTC;0;890,1;890,5;890,1;;19,7;18,6;19,9;19,7;18,7;18,6;93;93;93;9;5,4;1,2;
2024/02/24;0600 UTC;0;889,9;890,1;889,9;;19,1;18;19,7;19,1;18,6;18;93;93;93;43;4,3;0;
2024/02/24;0700 UTC;,2;889,8;889,9;889,7;;19,1;17,8;19,4;18,8;18,2;17,6;93;92;92;117;1,6;0;
2024/02/24;0800 UTC;0;890,2;890,2;889,8;;18,9;17,6;19,3;18,9;17,8;17,5;92;91;92;54;2,1;,4;
2024/02/24;0900 UTC;0;890,4;890,5;890,2;;18,5;17,3;18,9;18,2;17,6;17;94;92;93;72;2,5;1;
2024/02/24;1000 UTC;0;890,9;890,9;890,4;129,1;19,5;17,8;19,5;18,5;17,8;17,3;93;90;90;57;3;0;
2024/02/24;1100 UTC;0;891,9;891,9;890,9;615,4;21,2;17,8;21,4;19,5;18,3;17,7;90;81;81;1;3,2;,2;
2024/02/24;1200 UTC;0;892,3;892,3;891,9;1438,8;22,7;18,7;22,9;21,2;19;17,7;83;76;78;335;2,4;,2;
2024/02/24;1300 UTC;0;892,5;892,6;892,3;1718,7;23,9;17,4;24,3;22,6;18,9;17;78;65;67;19;5,7;1,7;
2024/02/24;1400 UTC;0;892,4;892,5;892,2;3510,4;24,9;18,1;25,7;23,8;19;17;71;64;66;355;7,9;3,4;
2024/02/24;1500 UTC;0;892;892,4;892;3891,2;25,9;19;26,2;24,8;19,4;17,9;69;62;66;344;7,9;2,6;
2024/02/24;1600 UTC;0;891,4;892;891,4;3798,9;26,6;19,1;26,9;25,5;20,3;17,3;68;58;63;349;6,2;1,9;
2024/02/24;1700 UTC;0;890,6;891,4;890,6;3926,8;27,8;18;27,8;26,3;19,2;17;63;54;55;352;5,9;2,3;
2024/02/24;1800 UTC;0;889,9;890,6;889,9;3441,8;28,2;17,8;28,4;27,1;19,1;16,9;60;50;53;3;5,8;2,5;
2024/02/24;1900 UTC;0;889,1;889,9;889,1;2892,7;28,1;16,9;28,7;27,9;18,1;16,4;54;48;51;52;6,6;3,5;
2024/02/24;2000 UTC;0;889,1;889,2;888,8;1561,8;28;15,7;28,3;26,3;17,7;14,6;57;43;47;46;6,8;3,6;
2024/02/24;2100 UTC;0;889,4;889,4;889;978,7;26,8;16,9;28;26,8;17,3;15,9;55;47;55;15;6,8;2,1;
2024/02/24;2200 UTC;0;889,4;889,5;889,3;110,6;23,3;14,1;26,8;22,8;17,4;13,5;61;54;56;78;7,3;2;
2024/02/24;2300 UTC;0;890;890;889,3;;23;17,5;23,5;21,4;17,5;13,8;75;56;72;88;4,3;2,4;
2024/02/25;0000 UTC;0;891,1;891,1;890;;20,9;17,8;23,2;20,9;18;17,5;83;71;82;72;4,3;1;
2024/02/25;0100 UTC;0;891,8;891,8;891,1;;20,9;17,8;22,5;20,7;18,1;17,5;83;75;82;75;4,2;,1;
2024/02/25;0200 UTC;0;891,6;891,9;891,6;;20,6;17,1;21,8;20,6;18,3;16,9;83;76;80;167;3,3;,1;
2024/02/25;0300 UTC;0;891,4;891,6;891,3;;19,6;16,3;20,8;19,5;17,6;16;83;77;82;53;2,2;0;
2024/02/25;0400 UTC;0;891,3;891,5;891,3;;20,4;16,4;21,4;19,6;16,6;15,8;82;71;78;97;3;0;
2024/02/25;0500 UTC;0;890,9;891,4;890,9;;19,8;16,3;20,8;19,8;16,4;16;80;75;80;208;2,2;,6;
2024/02/25;0600 UTC;0;890,9;890,9;890,8;;19;15,9;19,9;19;16,9;15,9;86;80;82;74;2,7;1,1;
2024/02/25;0700 UTC;0;890,8;890,9;890,7;;19,7;16,8;20;18,2;16,9;15,7;87;82;83;81;5,1;2,8;
2024/02/25;0800 UTC;0;890,9;890,9;890,8;;19,8;17;20,1;19,7;17,1;16,8;84;83;84;86;6;3,5;
2024/02/25;0900 UTC;0;891,1;891,1;890,9;;19,9;17,5;20;19;17,6;16,8;88;84;86;87;6,3;1,5;
2024/02/25;1000 UTC;0;891,5;891,5;891;140,4;20,9;18;20,9;19,9;18;17,5;87;84;84;132;6,3;,8;
2024/02/25;1100 UTC;0;891,8;891,8;891,4;914,5;22,9;18,3;22,9;20,9;18,8;18,1;84;75;76;84;9,3;5,4;
2024/02/25;1200 UTC;0;892,5;892,5;891,9;1921,2;24,6;19,2;24,6;22,9;19,2;18,2;76;71;72;82;10,3;4,2;
2024/02/25;1300 UTC;0;892,6;892,6;892,4;2783,9;25,9;18,8;25,9;24,4;19,2;18,2;72;63;65;84;8,5;3,9;
2024/02/25;1400 UTC;0;892,5;892,7;892,5;2662,3;26,7;18,2;26,8;25,4;18,8;17,5;65;59;60;95;7,2;2,7;
2024/02/25;1500 UTC;0;892,1;892,5;892,1;2994;27,9;17,4;28;26,3;18,6;16,4;61;51;53;104;8;3;
2024/02/25;1600 UTC;0;891,2;892,1;891,2;3478,9;28,6;16,5;28,8;27,1;18,2;16;56;48;48;99;8,3;2,9;
2024/02/25;1700 UTC;0;890,3;891,2;890,3;3218,9;29,3;16,9;29,7;27,8;18;16,3;53;46;47;102;7,7;3,5;
2024/02/25;1800 UTC;0;889,5;890,3;889,5;3148,7;29,3;16,4;30,6;28,3;17,8;15,5;51;41;46;103;7,6;2,9;
2024/02/25;1900 UTC;0;888,7;889,5;888,7;2462,5;29,2;16,2;30;28,7;17,6;15,2;49;42;45;94;8;3,7;
2024/02/25;2000 UTC;0;888,5;888,7;888,4;1884,9;28,8;16,7;29,7;28,7;17;15,2;49;42;48;93;8,4;2,8;
2024/02/25;2100 UTC;0;888,7;888,8;888,5;653,9;26,3;18,2;29;26,3;18,2;15,8;61;46;61;72;8,9;2,7;
2024/02/25;2200 UTC;0;889,1;889,1;888,7;75,2;23,8;17,9;26,3;23,8;18,4;17,2;69;59;69;71;6,8;1;
2024/02/25;2300 UTC;0;889,4;889,4;889;;23,7;17,9;24;23,1;18,1;17,6;73;68;70;88;3,8;1,7;
2024/02/26;0000 UTC;0;889,6;889,6;889,3;;23;17,6;23,8;23;17,9;17,6;72;69;72;87;4,8;,9;
2024/02/26;0100 UTC;0;889,9;890;889,6;;22,4;17,9;23;22,2;17,9;17,6;76;72;76;86;4,4;2,3;
2024/02/26;0200 UTC;0;890,1;890,2;889,9;;21,9;17,8;22,5;21,8;18;17,8;78;76;78;96;4,6;,9;
2024/02/26;0300 UTC;0;889,7;890,1;889,7;;21,4;17,5;21,9;21,2;17,8;17,4;79;77;78;107;3,6;1,1;
2024/02/26;0400 UTC;0;889,3;889,8;889,3;;20,9;17,3;21,4;20,8;17,5;17,2;80;78;80;104;4,9;,8;
2024/02/26;0500 UTC;0;889,1;889,3;889;;19,6;16,5;21;19,6;17,3;16,3;83;79;83;217;4,3;0;
2024/02/26;0600 UTC;0;888,9;889,1;888,9;;18,9;16,5;19,5;18,7;17,2;16,4;88;83;86;358;1,5;0;
2024/02/26;0700 UTC;0;889,2;889,2;888,9;;18,2;16;18,9;18;16,7;16;89;86;87;323;0;0;
2024/02/26;0800 UTC;0;889,1;889,2;889;;18,2;15,6;18,5;17,7;16,2;15,3;88;84;84;40;2,3;,7;
2024/02/26;0900 UTC;0;889,4;889,4;889,1;;17,3;15,3;18,2;17,2;15,6;15;88;84;88;18;2,9;0;
2024/02/26;1000 UTC;0;890;890;889,4;149,5;20,2;16;20,2;17,3;16;15,2;89;77;77;35;0;0;
2024/02/26;1100 UTC;0;890,5;890,5;890;917,9;22,5;16,2;22,5;20,2;16,5;15,5;77;67;68;78;5;1,9;
2024/02/26;1200 UTC;0;890,8;890,8;890,4;1935,6;23,8;16;23,8;22,5;16,8;15,3;69;60;62;77;7,2;3,5;
2024/02/26;1300 UTC;0;891;891;890,8;2788,2;24,8;15,6;25,1;23,7;16,4;15,3;63;56;57;78;7,9;3,1;
2024/02/26;1400 UTC;0;890,8;891,1;890,8;3451,7;26;14,4;26,4;24,6;16;12,4;57;44;49;96;8,7;3,6;
2024/02/26;1500 UTC;0;890,5;890,8;890,5;3847;26,6;11,7;27,2;25,4;14,2;10,2;49;36;40;98;9,4;4,2;
2024/02/26;1600 UTC;0;889,8;890,5;889,8;3983,6;27,6;13,8;27,7;26,4;13,9;11,8;44;39;43;113;9,1;3,4;
2024/02/26;1700 UTC;0;889,1;889,8;889;3698,1;27,6;11,9;28,2;27;13,6;11,4;44;36;38;122;8,2;3,4;
2024/02/26;1800 UTC;0;888,4;889,1;888,4;3385,8;28,4;12,3;28,5;27,3;13,6;10,5;42;33;37;99;9,1;2,7;
2024/02/26;1900 UTC;0;887,9;888,4;887,9;2203,1;27,9;10,7;28,5;26,7;12,9;9,7;42;33;34;91;8;2,9;
2024/02/26;2000 UTC;0;887,7;887,9;887,7;1803,9;27,3;12;28,3;27;12,5;9,5;39;31;39;91;8,4;3;
2024/02/26;2100 UTC;0;887,8;887,8;887,7;580,2;25,4;12,3;27,4;25,3;12,6;10,6;45;36;44;88;7,8;2,6;
2024/02/26;2200 UTC;0;887,9;887,9;887,8;95;23,6;13,2;25,4;23,6;13,4;12,3;52;44;52;104;5,8;1,8;
2024/02/26;2300 UTC;0;888,1;888,1;887,7;;21,1;13,5;23,7;21,1;13,6;12,8;62;51;62;84;5,4;1,6;
2024/02/27;0000 UTC;0;888,3;888,3;888,1;;20,8;13,2;21,4;20,8;13,6;13,2;63;60;62;90;4,4;2,3;
2024/02/27;0100 UTC;0;888,4;888,5;888,3;;21;13,2;21,3;20,7;13,3;13;63;59;61;99;5;3,1;
2024/02/27;0200 UTC;0;888,5;888,5;888,4;;20,6;13,5;21;20,5;13,5;13,2;64;61;64;100;5,8;3,3;
2024/02/27;0300 UTC;0;888,1;888,6;888,1;;19,6;13,8;20,6;19,4;13,8;13,5;70;64;69;88;5,8;2,2;
2024/02/27;0400 UTC;0;887,9;888,1;887,9;;20;13,8;20,4;19,5;13,9;13,6;70;65;67;92;4,7;2,8;
2024/02/27;0500 UTC;0;887,6;887,9;887,6;;20,1;13,9;20,4;20;13,9;13,7;67;66;67;96;4,7;2,5;
2024/02/27;0600 UTC;0;887,6;887,7;887,5;;19,9;14;20,1;19,8;14;13,8;69;67;69;98;4,7;2,5;
2024/02/27;0700 UTC;0;887,8;887,9;887,6;;17,9;14,1;20,1;17,9;14,2;13,9;78;68;78;339;4,7;0;
2024/02/27;0800 UTC;0;887,8;887,8;887,7;;17,3;14,3;17,9;17,1;14,5;14,1;83;78;83;275;1,3;0;
2024/02/27;0900 UTC;0;888,1;888,1;887,7;;17,4;14,1;19,2;17,2;14,8;13,9;83;74;81;54;3,5;,1;
2024/02/27;1000 UTC;0;888,8;888,8;888,1;169;19,3;15,1;19,3;17,1;15,1;14,2;84;77;77;345;1,7;0;
2024/02/27;1100 UTC;0;889,1;889,1;888,8;976,9;22,9;16,1;23;18,7;16,7;14,4;78;65;66;77;2,3;,2;
2024/02/27;1200 UTC;0;889,5;889,5;889;1976,1;23,9;16,6;24,2;22,8;17,3;16,1;69;62;63;92;6;3,1;
2024/02/27;1300 UTC;0;889,5;889,7;889,5;2787,8;25,4;15,9;25,5;23,8;17,1;15,1;65;54;56;85;7,2;3;
2024/02/27;1400 UTC;0;889,3;889,6;889,3;2741,7;26,6;13,9;26,6;24,9;16,4;13,2;57;45;46;60;6,8;2,8;
2024/02/27;1500 UTC;0;888,9;889,3;888,9;2716;27,3;10,5;27,6;25,7;14,9;10,5;50;35;35;33;7,8;,6;
2024/02/27;1600 UTC;0;888,3;888,9;888,3;3548;27,9;13,8;28,1;26,4;15,2;9,7;47;34;42;84;7;2,5;
2024/02/27;1700 UTC;0;887,8;888,3;887,8;1910,2;26,4;14,7;28;26,3;15,2;11,9;48;37;48;30;5,3;1,1;
2024/02/27;1800 UTC;0;887,2;887,8;887,1;2801,6;27,3;14,1;28,7;26,4;16,1;12,9;49;38;44;351;4,9;1;
2024/02/27;1900 UTC;0;886,7;887,2;886,7;1227,8;27,3;13;28,8;26,7;14,8;12,8;48;39;41;360;5,1;,3;
2024/02/27;2000 UTC;0;886,6;886,7;886,5;1592,4;27,9;13,2;28,6;27;14,4;11,7;45;36;40;355;4,1;,6;
2024/02/27;2100 UTC;0;886,7;886,7;886,5;836,3;26,2;14,4;27,9;26,2;14,4;12,5;48;39;48;18;4,5;,5;
2024/02/27;2200 UTC;0;886,9;887;886,7;108,8;23,6;14,9;26,2;23,6;14,9;13,8;58;47;58;41;2,3;0;
2024/02/27;2300 UTC;0;887,3;887,3;886,9;;22,1;14,4;23,6;22,1;15,6;14,3;65;58;62;80;2,3;1,1;
2024/02/28;0000 UTC;0;887,6;887,6;887,3;;22,1;13,9;22,9;22;14,5;13,7;62;57;60;78;2,3;0;
2024/02/28;0100 UTC;0;888,5;888,5;887,6;;22;14,5;22,9;21,5;14,9;13,9;64;57;62;80;2,6;1;
2024/02/28;0200 UTC;0;889;889;888,5;;21,4;15;22;20,5;15,1;14,4;70;63;67;82;2,6;1,5;
2024/02/28;0300 UTC;0;889;889,1;889;;20,1;15,2;21,8;19,6;15,3;15;75;66;73;66;3,2;0;
2024/02/28;0400 UTC;0;888,8;889;888,7;;20,1;15;21;19,7;15,4;14,8;75;69;72;54;2,6;0;
2024/02/28;0500 UTC;0;888,3;888,9;888,3;;20,9;15;21;19,7;15,2;14,9;74;68;69;13;0;0;
2024/02/28;0600 UTC;0;888;888,3;888;;20,9;15,1;21,3;19,4;15,4;14,7;76;68;70;94;2;,5;
2024/02/28;0700 UTC;0;888,1;888,1;888;;20,3;15;20,9;19,6;15,3;14,8;75;69;72;111;1,7;0;
2024/02/28;0800 UTC;0;888,3;888,3;888,1;;19,5;14,8;20,7;19,4;15,2;14,8;76;70;75;25;2,2;,2;
2024/02/28;0900 UTC;0;888,5;888,5;888,3;;19,1;15,3;19,8;19;15,3;14,8;79;74;78;26;2,7;0;
2024/02/28;1000 UTC;0;888,8;888,8;888,5;145,9;20,8;16,3;20,8;19;16,3;15,2;80;75;76;26;,9;0;
2024/02/28;1100 UTC;0;889,2;889,2;888,8;903,5;23,4;17,6;23,4;20,8;17,6;16,2;76;67;70;37;3,2;,8;
2024/02/28;1200 UTC;0;889,6;889,6;889,2;1893,8;25,1;18,3;25,1;23,4;18,4;17;70;64;66;346;3,9;1,7;
2024/02/28;1300 UTC;0;889,7;889,8;889,6;2702,2;26,1;17,5;26,4;24,8;19,1;17,5;67;59;59;6;5,9;2,3;
2024/02/28;1400 UTC;0;889,7;889,8;889,6;3457,3;26,8;16,1;27,4;26,1;18,3;13,3;61;43;52;345;5,9;2,4;
2024/02/28;1500 UTC;0;889,2;889,7;889,2;3885,6;28,2;15,6;28,5;26,7;17,1;14,2;54;44;46;340;6,9;3;
2024/02/28;1600 UTC;0;888,6;889,3;888,6;3973,3;28,6;14,1;29;27,9;17;13,9;51;40;41;352;6,9;3;
2024/02/28;1700 UTC;0;888,3;888,6;888,3;3871,8;29,5;16,5;29,5;28,4;16,5;11,6;47;33;45;10;6,9;2,3;
2024/02/28;1800 UTC;0;887,8;888,3;887,8;3250;29,3;13,5;29,8;28,6;16,3;11,4;46;33;38;330;5,4;2,9;
2024/02/28;1900 UTC;0;887,1;887,8;887,1;2673,7;29,5;10,6;29,8;29,2;13,7;10,6;38;30;31;21;6,4;1,4;
2024/02/28;2000 UTC;0;887;887,1;886,9;1796;29,1;11,3;29,8;29,1;12,1;7,6;35;25;33;349;5,3;1,2;
2024/02/28;2100 UTC;0;887;887;886,9;837,8;28,2;14,2;29,1;28,2;15,4;10,7;45;32;42;275;3,5;1,4;
2024/02/28;2200 UTC;0;887,4;887,4;887;102,2;25,1;16,2;28,2;25,1;16,3;14,1;58;42;58;259;3,5;,5;
2024/02/28;2300 UTC;0;887,8;887,8;887,4;;23,6;16,2;25,1;23,6;16,4;15,7;63;57;63;231;2;0;
2024/02/29;0000 UTC;0;888,3;888,3;887,8;;23,1;16,3;23,6;21,8;16,6;15,8;71;63;66;193;2;0;
2024/02/29;0100 UTC;0;889;889;888,3;;22,2;16;23,3;21,6;16,6;15,9;71;64;68;69;1,2;0;
2024/02/29;0200 UTC;0;889,4;889,4;889;;23,5;15,9;23,6;22,1;16,6;15,5;68;61;63;248;1,7;0;
2024/02/29;0300 UTC;0;889,5;889,5;889,4;;23,6;16,3;23,8;23,1;16,9;15,7;67;61;64;150;1,9;0;
2024/02/29;0400 UTC;0;889;889,5;889;;22,3;16,3;23,6;21,5;16,7;15,9;73;62;69;69;1,5;0;
2024/02/29;0500 UTC;0;888,4;889;888,4;;22;16;22,6;20,9;16,4;15,7;75;67;69;61;2,6;0;
2024/02/29;0600 UTC;0;888,3;888,4;888,2;;21,9;15,1;22,4;20,6;16,2;15;73;64;65;51;2,1;,3;
2024/02/29;0700 UTC;0;888,3;888,3;888,2;;20,4;15,4;22;20,4;15,5;15,1;73;65;73;34;2,1;,1;
2024/02/29;0800 UTC;0;888,6;888,6;888,2;;21,4;15,7;21,9;20,2;15,9;15,4;75;68;70;29;1,9;0;
2024/02/29;0900 UTC;0;889;889;888,6;;21,5;15,9;21,8;21;16,2;15,7;74;68;71;98;0;0;
2024/02/29;1000 UTC;0;889,7;889,7;889;142,6;22,5;16,1;22,7;20;16,6;15,8;78;67;67;105;1,6;0;
2024/02/29;1100 UTC;0;890,2;890,2;889,8;870,2;24,6;16,3;24,8;22,4;17,5;15,8;72;58;60;206;2,4;,6;
2024/02/29;1200 UTC;0;890,9;890,9;890,2;1852;26;17,7;26,1;24,6;17,7;16,1;63;58;60;177;4,5;2,1;
2024/02/29;1300 UTC;0;890,9;891;890,9;2605,6;27,7;17,7;27,7;25,9;18,6;16,8;61;55;55;170;5,1;1,2;
2024/02/29;1400 UTC;0;890,9;890,9;890,8;2998,3;26,9;17,5;28,5;26,9;18,8;16,6;59;52;56;285;5,1;1,6;
2024/02/29;1500 UTC;0;890,4;890,9;890,3;2122,7;29,3;18,5;29,3;27;18,7;16,6;57;49;52;270;5,6;2,6;
2024/02/29;1600 UTC;0;889,5;890,4;889,5;2169,5;28;17,9;29,5;27,9;18,6;15,9;54;45;54;255;6,5;1,8;
2024/02/29;1700 UTC;0;888,5;889,5;888,5;1703,2;28,8;18,5;29;26,8;19,1;16,2;58;48;54;8;4,2;1,2;
2024/02/29;1800 UTC;0;887,4;888,5;887,4;3196,3;29,9;17;30,3;27,9;19,7;16,5;58;45;46;176;6,5;,3;
2024/02/29;1900 UTC;0;887,2;887,5;887,2;2316,8;29,6;17,1;30,6;29,2;18,1;16;50;44;47;259;5,5;1,5;
2024/02/29;2000 UTC;0;887,3;887,4;887,2;588,6;27;17,9;29,8;26,8;17,9;16,2;58;46;57;318;6,5;2,9;
2024/02/29;2100 UTC;0;887;887,3;887;713,2;26,1;18,6;28,4;26;18,8;17,5;65;53;63;346;6,5;,5;
2024/02/29;2200 UTC;0;887;887;886,8;63,3;24,8;18,9;26,2;24,3;19,7;18,3;74;62;70;238;2,7;0;
2024/02/29;2300 UTC;0;887,3;887,3;886,9;;24,1;18,8;25;24;19;18,4;72;67;72;166;0;0;
2024/03/01;0000 UTC;0;887,7;887,7;887,2;;23,4;18,8;24,6;22,6;19;18,3;80;69;75;57;2,6;0;
2024/03/01;0100 UTC;0;888;888;887,7;;22,8;18,7;23,9;22,5;19,3;18,3;81;72;77;53;1,6;0;
2024/03/01;0200 UTC;0;888,5;888,5;888;;23,1;19;23,1;22;19,1;18,4;81;77;78;89;1;0;
2024/03/01;0300 UTC;0;888,4;888,7;888,4;;21,3;19,4;23,1;21,3;19,7;18,4;89;77;89;57;2,6;0;
2024/03/01;0400 UTC;0;888,4;888,6;888,3;;21,7;18,9;22,1;20,9;19,3;18,9;89;83;84;56;1,4;0;
2024/03/01;0500 UTC;0;888,5;888,5;888,3;;21,7;19;22,3;21,5;19,4;18,6;86;81;85;191;0;0;
2024/03/01;0600 UTC;0;888,3;888,5;888,2;;21,4;19,5;21,7;21;19,6;19;90;85;89;349;0;0;
2024/03/01;0700 UTC;0;888;888,4;888;;21,5;19,8;21,5;20,4;19,8;18,5;91;87;90;201;1,1;0;
2024/03/01;0800 UTC;0;888,1;888,1;887,9;;21,2;19,7;21,5;20,8;19,8;19;91;88;91;171;2,2;0;
2024/03/01;0900 UTC;0;888,1;888,1;887,9;;20,2;18,9;21,3;20;19,8;18,4;93;90;93;92;,9;0;
2024/03/01;1000 UTC;0;888,6;888,6;888,1;131,6;21,6;20,1;21,6;20,2;20,1;19,1;93;91;91;190;1,4;0;
2024/03/01;1100 UTC;0;889,4;889,4;888,6;754,4;23,1;19,3;23,2;21,6;20,3;19,3;91;79;79;179;4,3;1,8;
2024/03/01;1200 UTC;0;889,8;889,8;889,4;1487;25,2;19;25,4;23,1;20,3;19;80;68;69;176;4,6;1,8;
2024/03/01;1300 UTC;0;890,4;890,6;889,8;1371,5;24,6;20;25,5;23,5;20,1;18,9;78;68;76;164;9,8;3;
2024/03/01;1400 UTC;0;890,2;890,4;890,1;2203,2;26,4;19,2;26,5;24,6;20,2;18,9;76;65;65;152;6,9;2,9;
2024/03/01;1500 UTC;0;889,7;890,2;889,7;2350,7;27,1;19,1;27,6;25,9;19,5;18,5;67;59;62;109;7;3;
2024/03/01;1600 UTC;0;889,1;889,8;889,1;2137,9;27,2;18,6;27,6;26,7;19,6;18,3;64;58;59;95;6,5;1,6;
2024/03/01;1700 UTC;0;887,9;889,1;887,9;1964,7;27,9;18,2;28;26,9;19,8;18,2;64;55;55;134;5,3;,4;
2024/03/01;1800 UTC;0;887,1;887,9;887,1;1467;27,5;18,5;28,3;27,4;19,6;17,6;61;54;58;173;3,5;1,2;
2024/03/01;1900 UTC;0;886,4;887,2;886,4;1823,4;28,7;17,7;28,9;27,5;19,3;17;60;49;51;176;3,5;1,4;
2024/03/01;2000 UTC;0;886,1;886,4;885,9;1865,3;29;18,1;29,6;28,6;18,8;16,8;54;47;52;228;3,6;1,8;
2024/03/01;2100 UTC;0;886;886,1;885,8;786,4;27,7;18,9;29;27,7;19,2;17,5;59;50;59;234;3,7;2;
2024/03/01;2200 UTC;0;886,3;886,3;885,8;42,9;25,8;19,1;27,7;25,7;19,8;18,8;70;59;67;180;3,7;,2;
2024/03/01;2300 UTC;,4;886,8;886,8;886,2;;22,1;19,2;25,8;21,6;19,9;19;87;67;84;77;4,2;,6;
2024/03/02;0000 UTC;0;888;888;886,8;;22,8;20,2;23,5;21,7;20,4;19,2;86;79;85;86;2,7;0;
2024/03/02;0100 UTC;0;888,9;888,9;888;;21,7;19,9;22,8;21,7;20,3;19,7;90;85;90;69;1,8;,2;
2024/03/02;0200 UTC;0;889,3;889,3;888,9;;22,3;20,5;22,7;21,6;20,7;19,9;91;88;90;69;1,8;0;
2024/03/02;0300 UTC;0;889,1;889,3;889;;21,7;20;22,8;21,7;20,9;19,9;90;87;90;67;2;,1;
2024/03/02;0400 UTC;0;888,6;889,2;888,6;;21,8;20,2;22,2;21,6;20,6;19,9;91;90;91;65;1,7;0;
2024/03/02;0500 UTC;0;888;888,8;887,9;;21,6;20;22,4;21,6;20,9;20;92;90;91;122;0;0;
2024/03/02;0600 UTC;0;887,4;888;887,4;;20,4;18,9;22;20,4;20,6;18,8;92;90;91;67;1,5;0;
2024/03/02;0700 UTC;0;887,1;887,4;887,1;;21,4;19,6;21,7;20,4;20,2;19;93;90;90;143;,9;0;
2024/03/02;0800 UTC;0;886,9;887,1;886,9;;21,4;19,8;21,7;21;19,9;19,2;91;88;90;137;1,3;0;
2024/03/02;0900 UTC;0;887,3;887,3;886,9;;19,7;18,5;21,4;19,6;19,8;18,3;93;89;93;38;1,2;0;
2024/03/02;1000 UTC;0;888;888;887,3;149,6;20,7;19,3;20,7;19,3;19,3;17,9;94;91;92;54;2,5;1,7;
2024/03/02;1100 UTC;0;888,8;888,8;888;867,5;23,7;20,3;23,9;20,7;20,8;19,4;92;78;81;337;2,5;0;
2024/03/02;1200 UTC;0;889,2;889,2;888,8;1770,9;25,5;19,4;25,6;23,7;20,8;19,2;83;68;69;232;2,3;,5;
2024/03/02;1300 UTC;0;889,4;889,4;889,2;2571,4;27,7;18,9;27,7;25,6;20,8;17,9;71;56;59;177;4,8;1,3;
2024/03/02;1400 UTC;0;889,1;889,4;889,1;2911,5;27,9;19,3;29,4;27,5;20,2;17,3;60;50;59;20;5,2;,5;
2024/03/02;1500 UTC;0;888,4;889,2;888,4;1483,3;26,7;20,7;28,1;26,6;22,4;20,3;73;60;69;2;5,9;2,2;
2024/03/02;1600 UTC;19,2;889;889;887,9;267,9;20,7;17,8;26,7;18,9;20,9;15,5;85;67;84;211;16;5,4;
2024/03/02;1700 UTC;8;887,3;889,2;887;78,9;20;18,1;20,7;19,3;18,3;17;91;81;89;200;9,7;1,3;
2024/03/02;1800 UTC;,6;886,2;887,4;886;232,2;20,3;18,6;20,3;19,8;18,8;18,1;91;89;90;55;4,3;2,1;
2024/03/02;1900 UTC;,2;885,6;886,3;885,4;1099,7;24,1;20,3;24,1;20,3;20,3;18,2;90;77;79;150;4,8;1,6;
2024/03/02;2000 UTC;0;885,7;885,8;885,6;1903,5;25,9;19,5;26,6;24,2;20,6;18,2;79;62;68;138;4,8;,2;
2024/03/02;2100 UTC;0;886,3;886,4;885,7;418;24,5;19,3;25,9;24,5;20,2;19;75;68;73;151;2,4;,1;
2024/03/02;2200 UTC;0;886,4;886,5;886,2;32,7;23,3;19,2;24,5;23,1;20;19,1;81;73;78;131;2,1;,2;
2024/03/02;2300 UTC;0;886,4;886,5;886,2;;23,1;18,8;23,5;22,5;19,4;18,7;82;75;77;146;4,2;,7;
2024/03/03;0000 UTC;0;887,5;887,5;886,4;;22,3;19,1;23,1;22,3;19,3;18,8;83;77;82;171;4,7;1,7;
2024/03/03;0100 UTC;0;888,4;888,5;887,5;;21,2;18,3;22,3;20,4;19,1;18,3;89;79;84;76;4,2;1;
2024/03/03;0200 UTC;0;889;889;888,4;;20,8;17,4;21,4;20,3;18,3;17,3;86;79;80;49;2,3;0;
2024/03/03;0300 UTC;0;888,3;889;888,3;;21,9;17;22,2;20,7;17,5;16,9;81;72;74;113;2,4;,4;
2024/03/03;0400 UTC;0;887,6;888,3;887,5;;19,9;17,9;22,3;19,9;17,9;16,6;88;71;88;286;2,2;0;
2024/03/03;0500 UTC;4,4;887,1;887,8;887;;19,8;18,2;20,6;19,7;18,6;17,9;91;87;90;141;4,5;,5;
2024/03/03;0600 UTC;,2;886,7;887,1;886,6;;19,6;17,7;19,9;19,4;18,4;17,7;92;88;89;128;2,9;,1;
2024/03/03;0700 UTC;0;886,8;886,8;886,6;;18,8;17,2;19,6;18,7;17,9;17,1;93;89;90;56;3,1;2,1;
2024/03/03;0800 UTC;0;886,8;886,8;886,5;;18,4;16,5;19,1;18,4;17,5;16,5;92;88;89;70;3,1;,2;
2024/03/03;0900 UTC;0;886,5;886,8;886,5;;19,4;16,8;19,6;18,2;17,3;16,4;91;85;85;96;3;,9;
2024/03/03;1000 UTC;0;887,4;887,4;886,5;134;20,1;17,5;20,2;18,4;17,9;16,6;90;85;85;119;2,5;0;
2024/03/03;1100 UTC;0;888;888;887,4;729,9;22,2;19,2;22,3;19,8;19,4;17,4;88;80;83;234;1,3;0;
2024/03/03;1200 UTC;0;888,9;888,9;888;1825,6;24,6;19,3;24,6;22,1;20,1;18,8;83;72;73;155;2,9;,9;
2024/03/03;1300 UTC;0;889;889,1;888,9;2561,7;26,5;20,5;27,5;24,5;20,6;19,3;75;62;69;7;4;1,1;
2024/03/03;1400 UTC;0;888,5;889;888,5;2026,7;26;19,3;27;25,4;21;19,3;72;66;67;16;5,8;1,1;
2024/03/03;1500 UTC;1,4;888;888,6;888;371;20,8;18,4;26;20,8;19,3;17,9;86;66;86;145;6,5;,8;
2024/03/03;1600 UTC;,2;886,7;888;886,7;249,3;21;18,8;21;20,7;18,9;17,9;88;84;87;47;3,8;0;
2024/03/03;1700 UTC;0;886,1;886,7;886,1;786,1;23,1;18,1;23,2;21;19;17,1;88;69;73;153;2,9;1,1;
2024/03/03;1800 UTC;0;886,5;886,8;886;590,2;23,8;18,8;23,9;23,1;20,1;18,4;80;73;74;131;5,7;,8;
2024/03/03;1900 UTC;0;886,8;887;886,3;663,3;21,4;18,6;24,3;21,4;19,6;18,3;84;73;84;183;9;4,7;
2024/03/03;2000 UTC;0;887;887,5;886,8;102,3;20,1;18,1;21,5;20;18,8;18;90;84;88;340;9;2,9;
2024/03/03;2100 UTC;0;886,7;887,1;886,7;57,6;19,4;17,8;20,1;19,3;18,1;17,7;92;87;91;335;5,9;,9;
2024/03/03;2200 UTC;0;886,8;886,8;886,5;22,7;18,7;17,4;19,4;18,7;17,8;17,4;93;91;92;37;3,2;,2;
2024/03/03;2300 UTC;0;887,4;887,4;886,8;;18,7;17;19,1;18,5;17,4;16,9;92;88;90;62;2,3;,5;
2024/03/04;0000 UTC;0;888,3;888,3;887,4;;19;17;19,1;18,7;17,2;16,9;90;87;88;44;2,2;,2;
2024/03/04;0100 UTC;0;888,8;888,8;888,3;;18,9;16,9;19,1;18,9;17;16,8;88;86;88;25;3;,5;
2024/03/04;0200 UTC;0;889,3;889,3;888,8;;19,1;17,1;19,1;18,6;17,2;16,9;91;88;88;11;2,8;,5;
2024/03/04;0300 UTC;0;889,3;889,5;889,3;;18,5;17,5;19,2;18,5;17,6;16,9;94;87;94;28;6,7;1,4;
2024/03/04;0400 UTC;0;888,3;889,3;888,3;;18,4;17,5;18,5;18,4;17,6;17,4;94;94;94;24;3,7;,6;
2024/03/04;0500 UTC;0;887,4;888,3;887,4;;18,4;17,5;18,6;18,4;17,6;17,5;94;94;94;33;2,7;0;
2024/03/04;0600 UTC;0;887,2;887,3;887,1;;18,6;17,5;18,8;18,4;17,8;17,5;94;94;94;240;1;0;
2024/03/04;0700 UTC;0;887,1;887,2;886,9;;18,6;17,5;19;18,6;17,9;17,4;94;93;93;120;1,6;0;
2024/03/04;0800 UTC;0;886,9;887,1;886,8;;18,4;17,4;18,6;18,2;17,5;17,2;94;93;94;61;2,2;1;
2024/03/04;0900 UTC;0;887,6;887,6;886,9;;18,6;17,5;18,7;18,4;17,7;17,4;94;93;93;199;2,1;0;
2024/03/04;1000 UTC;0;888,1;888,1;887,6;55,3;19,2;17,7;19,2;18,6;17,8;17,5;93;91;91;237;1,2;0;
2024/03/04;1100 UTC;0;888,8;888,8;888,1;480,1;20,6;18,6;20,6;19,1;18,8;17,7;92;87;88;26;2,3;0;
2024/03/04;1200 UTC;0;889,3;889,3;888,8;1609,7;22,4;18,5;22,6;20,6;19,1;17,9;88;78;79;355;4,2;2,1;
2024/03/04;1300 UTC;0;889,7;889,7;889,3;2308,2;21,7;18,4;23,4;21,7;19,6;18,2;82;75;81;352;6,3;3;
2024/03/04;1400 UTC;0;889,8;889,9;889,7;1051,2;22,5;18,3;22,6;21,6;19,1;18,1;84;77;77;11;4,9;2;
2024/03/04;1500 UTC;0;889,1;889,9;889,1;2732,3;24,9;19,1;25,1;22,4;19,9;18,2;79;68;70;4;4,3;2;
2024/03/04;1600 UTC;0;888,5;889,1;888,5;3292,5;26,3;18,8;26,3;24,4;20;17,7;73;63;63;21;6,3;1,7;
2024/03/04;1700 UTC;0;887,5;888,5;887,5;1991,7;24;18,2;26,4;24;20,2;17,8;71;62;70;302;5,7;2,4;
2024/03/04;1800 UTC;0;886,8;887,5;886,8;2032,3;25,6;18,2;26,5;22,8;20,1;17,5;75;62;64;357;6,3;1,3;
2024/03/04;1900 UTC;0;886,7;886,8;886,6;767,6;23;18,4;26,2;22,7;18,8;17,5;76;61;75;168;5,2;,8;
2024/03/04;2000 UTC;1;887,2;887,2;886,6;252,4;19,4;17,8;23,1;19,4;18,9;17,8;92;75;91;11;7,7;2,1;
2024/03/04;2100 UTC;2,6;887,7;887,7;887,2;44,8;19,5;18,3;19,5;19;18,3;17,6;93;91;93;37;6;,9;
2024/03/04;2200 UTC;2;887,9;887,9;887,7;1;19,6;18,5;19,6;19,5;18,5;18,3;93;93;93;32;2,8;,2;
2024/03/04;2300 UTC;1,8;888,1;888,1;887,9;;19,7;18,5;19,7;19,6;18,6;18,5;93;93;93;50;3;2;
2024/03/05;0000 UTC;,4;889;889;888,1;;19,6;18,3;19,7;19,4;18,5;18,1;93;92;92;63;3;0;
2024/03/05;0100 UTC;0;889,6;889,6;889;;19,5;18,1;19,7;19,5;18,4;18,1;92;92;92;66;1,2;0;
2024/03/05;0200 UTC;0;889,5;889,6;889,5;;19,3;18;19,8;19,3;18,2;18;92;91;92;50;2;,7;
2024/03/05;0300 UTC;0;889,5;889,5;889,4;;19,5;17,9;19,6;19,2;18,2;17,9;93;91;91;6;2;,3;
2024/03/05;0400 UTC;0;889,1;889,5;889,1;;19,6;18,1;19,6;19,3;18,1;17,8;91;91;91;16;2,5;,1;
2024/03/05;0500 UTC;0;888,7;889,1;888,7;;19,3;18,1;19,6;19,3;18,1;18;92;91;92;22;3,2;,6;
2024/03/05;0600 UTC;0;888,3;888,7;888,2;;19,7;18,4;19,8;19,2;18,4;18;93;92;92;34;2,9;,7;
2024/03/05;0700 UTC;0;888,4;888,4;888,3;;19,2;18;19,8;19,2;18,4;18;93;91;93;9;3;,4;
2024/03/05;0800 UTC;0;888,9;888,9;888,4;;19,4;18;19,4;19,1;18,1;18;93;92;92;8;3;,1;
2024/03/05;0900 UTC;,2;889,3;889,3;888,9;;19,4;18,1;19,6;19,4;18,1;18;92;91;92;13;3,8;,6;
2024/03/05;1000 UTC;0;889,8;889,8;889,3;31,3;19,4;17,9;19,4;19,2;18;17,8;92;91;91;29;3,4;1,3;
2024/03/05;1100 UTC;0;890,8;890,8;889,8;440,6;20,2;18,1;20,3;19,4;18,7;17,9;91;87;88;37;7,3;3,1;
2024/03/05;1200 UTC;3,8;891,3;891,3;890,8;305,7;18,8;17,6;20,2;18,7;18,5;17,3;93;88;93;70;6,6;1,9;
2024/03/05;1300 UTC;,2;890,7;891,3;890,7;907,5;20,4;18,3;20,4;18,8;18,4;17,5;93;88;88;41;4,7;1,4;
2024/03/05;1400 UTC;0;890,2;890,7;890,1;1450,6;22,3;17,5;22,6;20,4;18,8;17;88;73;74;12;3,9;1,3;
2024/03/05;1500 UTC;0;889,7;890,2;889,7;2234,7;24,3;17,2;24,6;22,3;18,9;17,2;79;64;65;311;5,3;2,2;
2024/03/05;1600 UTC;0;888,7;889,7;888,7;2601,6;25,3;17;25,5;24,3;18,6;16,6;68;59;60;359;5,6;2,5;
2024/03/05;1700 UTC;0;888,1;888,7;888,1;3179,3;26,2;18,5;26,8;25,2;19,2;16,9;64;57;63;339;5,7;2,9;
2024/03/05;1800 UTC;0;887,5;888,1;887,5;2600,9;26,1;18,1;27,2;25,9;19,6;17,7;65;57;61;304;6,7;2,3;
2024/03/05;1900 UTC;0;886,9;887,5;886,9;1954,6;25,8;18,3;27,5;25,2;19,2;17,1;67;56;63;4;5,2;1,9;
2024/03/05;2000 UTC;0;886,9;887;886,9;685,1;24,5;18,4;26,6;24,5;19;17,3;71;58;69;321;4,8;3;
2024/03/05;2100 UTC;0;886,9;887,2;886,8;553,2;24,5;16,8;25,2;24,1;19,1;16,2;73;58;62;305;6;2,8;
2024/03/05;2200 UTC;0;887,9;887,9;886,9;73,9;22,5;18;24,5;22,4;18;16,6;76;62;76;331;4,8;0;
2024/03/05;2300 UTC;0;888,3;888,3;887,9;;21,8;17,6;22,6;21,7;18,1;17,2;78;72;77;40;3,1;0;
2024/03/06;0000 UTC;0;889,2;889,2;888,3;;21,5;17,9;22,1;21;18;17,5;83;75;80;79;0;0;
2024/03/06;0100 UTC;0;889,7;889,7;889,2;;21,2;17,9;21,6;20,7;18,1;17,7;84;80;82;54;1,2;0;
2024/03/06;0200 UTC;0;889,6;889,9;889,6;;19,9;18,3;21,2;19,6;18,3;17,8;90;82;90;73;1,6;0;
2024/03/06;0300 UTC;0;889,4;889,6;889,4;;20;18,3;20,5;19,8;18,4;18;90;87;90;254;1,4;0;
2024/03/06;0400 UTC;0;889,1;889,4;889;;20,4;18,3;20,4;19,8;18,6;18,1;90;88;88;88;0;0;
2024/03/06;0500 UTC;0;888,8;889,1;888,7;;20,7;18,4;20,8;20;18,7;18,2;90;86;86;94;1,7;,2;
2024/03/06;0600 UTC;0;888,2;888,8;888,2;;20,4;17,9;21;20,2;18,4;17,9;88;84;86;75;1,7;0;
2024/03/06;0700 UTC;0;887,9;888,3;887,8;;20,3;17,9;20,6;20,1;18,2;17,9;88;85;86;108;1,8;0;
2024/03/06;0800 UTC;0;888;888;887,9;;19,2;17,3;20,6;19,2;18;17,3;89;84;89;80;2,4;1;
2024/03/06;0900 UTC;0;888,4;888,4;888;;19,6;17,6;19,9;19,1;18;17,3;91;88;88;75;3,4;1,2;
2024/03/06;1000 UTC;0;888,9;888,9;888,4;160,6;20,7;18;20,7;19,6;18,1;17,6;89;84;84;355;2,7;,1;
2024/03/06;1100 UTC;0;889,5;889,5;888,9;582,5;21,9;18,7;21,9;20,7;18,7;17,9;84;82;82;347;1,8;,2;
2024/03/06;1200 UTC;0;890,1;890,1;889,5;1356,5;23,4;18,8;23,4;21,8;19,2;18,4;83;76;76;355;4,4;1,9;
2024/03/06;1300 UTC;0;890,6;890,6;890,1;2420,1;25,8;19,2;25,8;23,3;19,3;17,9;77;64;67;14;5,2;1,9;
2024/03/06;1400 UTC;0;890,7;890,7;890,6;3398,1;25,8;17,6;26,1;24,9;19,7;17,3;71;59;61;5;6,9;3,3;
2024/03/06;1500 UTC;0;889,7;890,7;889,7;3877,9;26,9;18,1;27,2;25,5;19,4;17,6;65;58;59;19;7,1;2,8;
2024/03/06;1600 UTC;0;888,8;889,7;888,8;3746,7;27,3;19,1;27,6;26,1;19,6;17;65;56;61;356;7;2,7;
2024/03/06;1700 UTC;0;888;888,8;887,9;3418,5;25,7;18,8;28,2;25,7;19,8;17,9;66;57;66;9;11;3,9;
2024/03/06;1800 UTC;0;887,3;888;887,3;1859,8;22,9;18,7;26,1;22,5;20,4;18,4;80;66;77;11;11;2,2;
2024/03/06;1900 UTC;0;886,9;887,4;886,9;351,6;23,7;19,5;23,7;22,9;19,5;18,7;78;76;77;7;5;,4;
2024/03/06;2000 UTC;0;886,7;886,9;886,7;268,4;24;19,9;24;23,7;20;19,4;78;76;78;15;2,6;0;
2024/03/06;2100 UTC;0;886,9;887;886,7;205,4;23,1;19,8;24,2;23,1;20,2;19,4;82;75;82;32;1,8;0;
2024/03/06;2200 UTC;0;887,1;887,2;886,8;19,7;22,1;19,2;23,5;21,7;19,8;19,1;85;77;83;134;1,5;0;
2024/03/06;2300 UTC;0;887,6;887,6;887,1;;21,5;19,1;22,1;20,9;19,3;18,6;88;84;86;86;1,6;,2;
2024/03/07;0000 UTC;0;888,6;888,7;887,6;;21,9;19,1;22,3;21,3;19,4;18,8;87;83;84;181;1,8;0;
2024/03/07;0100 UTC;0;889,6;889,6;888,6;;21,2;19,6;21,9;20,5;19,6;18,4;91;84;90;140;0;0;
2024/03/07;0200 UTC;0;890;890,1;889,6;;21,1;19,3;21,5;20,9;19,6;19;90;88;90;75;1,3;0;
2024/03/07;0300 UTC;0;889,8;890,1;889,7;;21,9;19,5;22;21;19,7;19,3;90;86;86;122;3,7;,4;
2024/03/07;0400 UTC;0;889,4;889,8;889,4;;21,1;19,5;21,9;21;19,5;19,2;91;86;90;152;3,8;,8;
2024/03/07;0500 UTC;0;888,7;889,4;888,7;;20,9;19,2;21,1;20,8;19,5;19,2;91;90;90;105;3,4;0;
2024/03/07;0600 UTC;0;888,9;888,9;888,6;;20,9;18,2;21;20,8;19,1;18,2;90;84;84;108;2,3;,1;
2024/03/07;0700 UTC;0;889,1;889,1;888,7;;20,9;17,9;21;20,7;18,2;17,8;85;82;83;121;2,7;0;
2024/03/07;0800 UTC;0;889,2;889,3;889,1;;21,1;18,2;21,2;20,9;18,3;17,8;85;82;84;128;2,6;,3;
2024/03/07;0900 UTC;0;889,6;889,6;889,1;;20,4;18,2;21,1;20,4;18,4;17,9;87;83;87;78;3,1;,3;
2024/03/07;1000 UTC;0;890,3;890,3;889,6;84,5;20,7;18,9;20,9;20,3;18,9;18,2;90;87;90;74;4,4;2;
2024/03/07;1100 UTC;0;890,8;890,8;890,3;730,4;21;17,9;21;19,9;19,3;17,6;90;82;83;38;12,6;5,3;
2024/03/07;1200 UTC;0;891,1;891,2;890,8;1869,8;23,1;18,3;23,2;21;18,5;17,5;83;73;75;28;10,7;3;
2024/03/07;1300 UTC;0;891,5;891,5;891;2531,1;24,4;18,2;24,4;22,7;18,7;16,8;76;65;68;7;7,2;2,8;
2024/03/07;1400 UTC;0;891,5;891,6;891,4;3473,3;25,1;17,8;25,3;23,9;18,3;16,9;68;61;64;10;8,1;2,8;
2024/03/07;1500 UTC;0;891,5;891,6;891,4;3777,2;25,4;17,7;26,4;25;19,2;17,4;66;61;62;15;8,8;4,4;
2024/03/07;1600 UTC;0;890,2;891,5;890,2;3197,2;26,3;17,3;26,7;24,9;19;17,2;66;57;57;22;9,3;3,7;
2024/03/07;1700 UTC;0;889,2;890,2;889,2;3449,8;26,4;17,8;27,2;25,1;18,8;15,7;61;52;59;23;9,4;3,5;
2024/03/07;1800 UTC;0;888,5;889,2;888,5;2183,5;26;17,8;26,9;25;18,6;16,8;64;57;61;14;7,2;3,5;
2024/03/07;1900 UTC;0;888,2;888,5;888,1;1169,7;25,2;18;26;25,1;18,4;17,6;65;60;65;21;7;3,3;
2024/03/07;2000 UTC;0;888,1;888,3;888;734,7;24,7;18;25,3;24,5;18,9;17,7;70;64;66;17;6,8;1,1;
2024/03/07;2100 UTC;0;888,2;888,2;888,1;483,3;23,8;18,4;25,3;23,8;18,4;17,2;72;61;72;313;3,6;,1;
2024/03/07;2200 UTC;0;888,7;888,7;888,1;13,1;22,9;18,1;23,8;21,9;18,6;18,1;81;72;75;77;1,7;,3;
2024/03/07;2300 UTC;0;888,9;888,9;888,5;;21,9;17,7;23;21,9;18,2;17,5;77;74;77;82;3,1;1,9;
2024/03/08;0000 UTC;0;889,4;889,4;888,8;;21,1;17,6;22,1;21,1;18;17,6;81;77;80;72;3;,7;
2024/03/08;0100 UTC;0;889,9;889,9;889,3;;21,9;17,5;22,5;21;18;17,4;81;75;76;108;2,8;,7;
2024/03/08;0200 UTC;0;890,3;890,3;889,9;;22;17,3;22,1;21,1;17,3;16,8;78;73;75;177;3,1;0;
2024/03/08;0300 UTC;0;890;890,3;890;;22,4;17,8;22,8;21,6;17,8;17;77;73;75;135;2,9;,3;
2024/03/08;0400 UTC;0;889,3;890;889,3;;20,8;17,3;22,4;20,8;17,8;17,2;80;75;80;60;3;1,2;
2024/03/08;0500 UTC;0;889;889,3;889;;21,1;17,3;21,1;20,1;17,8;17,1;86;79;79;48;3,4;1,7;
2024/03/08;0600 UTC;0;888,9;889;888,9;;21,6;17,3;21,9;20,7;17,5;17,1;81;76;77;42;4;,8;
2024/03/08;0700 UTC;0;888,8;888,9;888,7;;20,3;17,3;21,8;20,3;17,6;17,3;83;76;83;7;4,4;,8;
2024/03/08;0800 UTC;0;889,2;889,2;888,8;;20;17,6;20,3;19,3;17,7;17,3;89;83;86;14;3,5;1,3;
2024/03/08;0900 UTC;0;889,4;889,4;889,2;;19,9;17,4;20,4;19,4;17,8;17,2;88;84;86;44;3,7;2,1;
2024/03/08;1000 UTC;0;890,1;890,1;889,4;112,6;21,5;18;21,5;19,8;18;17,3;86;80;80;84;3,8;2,4;
2024/03/08;1100 UTC;0;890,6;890,6;890,1;860,5;23,7;19,1;23,7;21,5;19,2;17,9;81;75;75;69;4,6;2,7;
2024/03/08;1200 UTC;0;891,1;891,1;890,6;1464,3;25,3;18,8;25,3;23,7;19,5;18,8;76;67;67;69;8;4,1;
2024/03/08;1300 UTC;0;891,2;891,2;891,1;2538,7;26,6;19,1;27;25;19,6;17,9;69;59;64;63;9,6;4,3;
2024/03/08;1400 UTC;0;891;891,2;891;3167,6;27,1;17,8;28,1;25,8;19,4;17,2;64;55;57;50;8,9;4;
2024/03/08;1500 UTC;0;890,6;891;890,6;3079,6;27,4;18,7;28,2;26,5;19,2;16,8;61;52;59;3;7,7;2,6;
2024/03/08;1600 UTC;0;889,7;890,6;889,7;2982,6;28,6;18,6;29,1;27;19,7;17,3;61;52;55;343;6,6;2,1;
2024/03/08;1700 UTC;0;888,7;889,7;888,7;1919;27,3;18;28,7;27,3;18,9;17,6;59;52;57;22;6,6;,9;
2024/03/08;1800 UTC;0;887,7;888,7;887,7;1672,3;28;17,7;29,5;27,2;19,2;17,1;59;49;54;3;5,6;1,4;
2024/03/08;1900 UTC;0;887;887,7;886,9;1384,2;27,4;18,2;29,3;27,3;18,5;17,5;57;51;57;350;6,4;2,7;
2024/03/08;2000 UTC;0;887;887,1;886,9;429,2;26,5;18;28;26,5;18,6;17,8;60;55;60;9;5,6;1,1;
2024/03/08;2100 UTC;0;887,3;887,3;887;105,2;25;19;26,5;25;19,1;17,7;69;58;69;283;4,2;0;
2024/03/08;2200 UTC;0;887,5;887,6;887,1;19;23,7;18,6;25;23,2;19,4;18,6;77;69;73;68;2,1;0;
2024/03/08;2300 UTC;0;888,2;888,2;887,5;;22,9;17,9;23,7;22,9;18,6;17,6;74;70;73;75;2,1;0;
2024/03/09;0000 UTC;0;889;889;888,2;;23,8;19,2;23,8;22,3;19,3;17,8;79;72;75;177;3,2;,8;
2024/03/09;0100 UTC;0;889,6;889,6;889;;22,9;19,6;23,8;22;19,6;18,8;84;75;82;135;3;,2;
2024/03/09;0200 UTC;0;890,1;890,1;889,6;;22,7;19,3;23;22,5;19,6;19,2;82;80;81;133;2,1;,3;
2024/03/09;0300 UTC;0;890,1;890,2;889,9;;22,2;19,2;22,7;22,2;19,3;19;83;81;83;163;3,2;1,4;
2024/03/09;0400 UTC;0;889,5;890,1;889,5;;20,4;18,9;22,2;20;19,3;18,1;91;83;91;115;3,2;0;
2024/03/09;0500 UTC;0;889;889,5;889;;21,2;19,7;21,2;20;19,7;18,3;92;89;91;168;2,5;,9;
2024/03/09;0600 UTC;0;888,5;889;888,5;;21,3;19;21,4;21,1;19,6;19;91;87;87;119;2,5;,1;
2024/03/09;0700 UTC;0;888,3;888,6;888,3;;21,2;18,4;21,5;21;19;18,2;87;83;84;114;2;,1;
2024/03/09;0800 UTC;0;888,4;888,4;888,3;;21;17,9;21,6;20,7;18,4;17,8;85;80;82;76;3,7;,5;
2024/03/09;0900 UTC;0;889;889;888,4;;20,8;18;21,5;20,4;18,3;17,7;86;81;84;40;3,9;1,1;
2024/03/09;1000 UTC;0;889,3;889,3;888,9;112,6;20,9;18,4;20,9;20,4;18,4;17,8;86;84;85;33;3,9;,8;
2024/03/09;1100 UTC;0;889,5;889,5;889,2;816,7;23;18,9;23,1;20,9;19,4;18,4;86;77;78;17;5,6;2,6;
2024/03/09;1200 UTC;0;889,7;889,7;889,4;1735,4;24,8;19,3;24,8;23;19,5;18,6;79;70;72;22;8,1;4,1;
2024/03/09;1300 UTC;0;890;890;889,7;2655,6;25,6;19,5;25,7;24,8;19,8;18,8;72;67;69;15;9,3;4,4;
2024/03/09;1400 UTC;0;890,2;890,2;890;3313,8;26,8;19,7;26,8;25,2;20,1;18,8;70;64;65;11;9,3;3,3;
2024/03/09;1500 UTC;0;889,8;890,2;889,8;3059,1;27;19,3;27,2;26,2;19,9;18,6;66;60;63;9;7,4;3,7;
2024/03/09;1600 UTC;0;889;889,8;889;3110;27,8;18,6;28,4;26,8;20;18;64;56;57;357;7,5;3,1;
2024/03/09;1700 UTC;0;888;889,1;888;3355,2;28,7;18,3;28,9;27,3;19,1;17,2;59;51;53;344;7;2,7;
2024/03/09;1800 UTC;0;887,2;888;887,2;3566,4;29,7;17,9;29,9;28,5;19,4;17;55;48;49;316;6;2,3;
2024/03/09;1900 UTC;0;886,6;887,2;886,6;2707,6;29,3;17,4;30;28,5;18,6;16,2;53;43;49;355;5,4;1,9;
2024/03/09;2000 UTC;0;886,7;886,8;886,5;699;26,7;18,8;30,2;26,7;18,9;16,8;62;46;62;170;4,9;,4;
2024/03/09;2100 UTC;0;887,2;887,2;886,6;155,2;24,9;20,1;26,7;24,9;20,4;18,8;75;62;74;7;4,3;,5;
2024/03/09;2200 UTC;6,8;888;888;887,2;4,8;22;19,8;24,9;21,4;20,4;19,1;91;74;88;138;8,7;2,1;
2024/03/09;2300 UTC;34,4;888,7;889;888;1,2;20,1;19;22,4;20,1;20,1;18,8;93;83;93;237;7,5;2,7;
2024/03/10;0000 UTC;2,4;889,4;889,5;888,7;;20,8;19,3;21,2;20,1;20;19,1;94;90;92;42;4,1;0;
2024/03/10;0100 UTC;0;889,6;889,6;889;;20,7;19,4;21;20,6;19,6;19,2;92;91;92;62;1,7;0;
2024/03/10;0200 UTC;0;889,9;890;889,6;;20,9;19,7;21;20,3;19,8;19,1;94;92;93;200;2,7;0;
2024/03/10;0300 UTC;0;889,4;890;889,4;;21,4;19,8;21,4;20,9;19,8;19,4;93;90;91;119;2,1;0;
2024/03/10;0400 UTC;1,4;888,9;889,4;888,9;;21;19,8;21,7;20,9;19,9;19,6;93;89;93;179;4,4;1,1;
2024/03/10;0500 UTC;0;888,5;889;888,5;;20,4;19;21,1;20,4;19,9;19;93;91;91;204;3,8;0;
2024/03/10;0600 UTC;0;888,3;888,5;888,3;;20,4;18,9;20,6;20,2;19,1;18,7;91;91;91;201;2;0;
2024/03/10;0700 UTC;0;888,3;888,3;888,1;;20,2;19,1;20,5;20,2;19,2;18,9;94;91;94;203;3,1;2,2;
2024/03/10;0800 UTC;0;888,8;888,8;888,2;;19,8;18,9;20,2;19,8;19,1;18,8;94;93;94;221;4;1;
2024/03/10;0900 UTC;0;889,5;889,6;888,8;;19,8;18,9;19,9;19,7;19;18,8;95;94;95;204;2,4;,8;
2024/03/10;1000 UTC;0;890,2;890,2;889,5;2,3;19,9;18,9;20,1;19,8;19,1;18,9;95;94;94;178;5,7;3,2;
2024/03/10;1100 UTC;0;891;891;890,2;16,7;19,7;18,7;19,9;19,6;18,9;18,6;94;94;94;184;8,1;3,5;
2024/03/10;1200 UTC;,8;890,9;891,1;890,8;64,5;19,5;18,5;19,7;19,5;18,7;18,5;94;94;94;145;7,8;2,9;
2024/03/10;1300 UTC;1,8;890,8;891;890,8;257,7;19,9;18,7;19,9;19,4;18,8;18,4;94;93;93;153;5,8;1,5;
2024/03/10;1400 UTC;0;890,5;890,7;890,2;1287,5;22,8;18,9;23;19,9;20;18,7;93;78;79;177;5;1,1;
2024/03/10;1500 UTC;0;890,2;890,5;890,2;2227,9;24,3;20,1;24,4;22,7;20,4;18,6;81;73;77;246;4,4;2,5;
2024/03/10;1600 UTC;,2;889,2;890,2;889,2;3941;26,7;18,6;27,1;23,9;20,7;16,7;79;54;61;233;5;1,1;
2024/03/10;1700 UTC;0;888,5;889,2;888,5;3808,7;27,8;18,8;28,2;26,2;18,8;16;61;50;58;301;5;2,3;
2024/03/10;1800 UTC;0;887,6;888,5;887,6;3613;27,8;18,8;28,8;27,4;19,4;16,1;60;48;58;323;5,5;1,8;
2024/03/10;1900 UTC;0;887,1;887,6;887;2481;27,9;18,1;29;26,7;20,3;17,3;64;52;55;266;6,7;3,3;
2024/03/10;2000 UTC;0;886,8;887,2;886,8;1992;26;18,7;28,1;24,7;20,1;18,2;75;55;64;357;8,8;2,4;
2024/03/10;2100 UTC;0;887;887;886,8;821,4;25,3;18,5;27,1;25,3;19,5;18,2;66;60;66;250;5;2,9;
2024/03/10;2200 UTC;0;887,6;887,6;887;35,3;24,1;17,9;25,2;24;18,9;17,8;71;66;68;222;4,9;,2;
2024/03/10;2300 UTC;0;888,2;888,2;887,6;;22,6;19,3;24,1;22,2;19,4;17,8;84;68;81;100;1,5;0;
2024/03/11;0000 UTC;0;889;889;888,2;;23,8;18,4;23,9;22,7;19,2;18,3;81;71;72;198;1,3;0;
2024/03/11;0100 UTC;0;889,4;889,4;889;;22,3;19,3;23,8;22,3;19,7;18,3;83;72;83;105;0;0;
2024/03/11;0200 UTC;0;889,3;889,5;889,3;;22,9;19;23;22;19,5;18,9;85;78;79;94;2,5;,3;
2024/03/11;0300 UTC;0;889,1;889,4;889,1;;22,4;18,7;22,9;21,8;19;18,7;83;78;79;102;2,3;,1;
2024/03/11;0400 UTC;0;889;889,1;889;;22;19,4;22,4;21;19,5;18,1;87;79;85;165;2,4;0;
2024/03/11;0500 UTC;0;888,5;889;888,5;;20,6;19;22;20,3;19,5;18,7;91;85;91;136;1,5;0;
2024/03/11;0600 UTC;0;888,3;888,5;888,3;;21;18,8;21,2;20,4;19,2;18,5;91;87;88;41;0;0;
2024/03/11;0700 UTC;0;888,1;888,4;888,1;;20,4;18,5;21,3;20,4;18,9;18,4;89;86;89;91;0;0;
2024/03/11;0800 UTC;0;887,9;888,1;887,9;;21;18,3;21,3;20,1;18,9;18,2;90;84;85;85;3,9;2,1;
2024/03/11;0900 UTC;0;888,4;888,4;887,9;;20,6;18,5;21,1;20,6;18,7;18,3;88;85;88;86;4,4;1,5;
2024/03/11;1000 UTC;0;888,9;888,9;888,4;146,1;21,3;19,2;21,3;20,1;19,2;18,3;90;88;88;77;3,2;1,9;
2024/03/11;1100 UTC;0;889,3;889,3;888,9;885,6;24,4;19,6;24,4;21,3;20,1;19,2;88;74;74;44;3,6;2;
2024/03/11;1200 UTC;0;889,9;889,9;889,3;1789,1;25,6;18,5;26,1;24,4;19,9;18,2;75;63;65;20;4,6;1,9;
2024/03/11;1300 UTC;0;890;890;889,9;2517,4;27,1;19,3;27,2;25,6;19,3;17,7;67;60;62;2;5,2;2;
2024/03/11;1400 UTC;0;890;890,3;890;3321,4;27,8;17,3;28,3;26,7;20,1;17,2;64;52;53;6;6;2,1;
2024/03/11;1500 UTC;0;889,6;890,1;889,6;3226,8;28,7;18,5;28,8;27,1;20,1;16,5;63;50;54;14;6,4;2,6;
2024/03/11;1600 UTC;0;888,8;889,7;888,8;3995,8;29,1;18,1;29,4;28,1;19,7;17,7;58;50;52;338;7,2;3,1;
2024/03/11;1700 UTC;0;888,4;888,8;888,4;3192,2;28,7;18,5;29,8;28,5;20,1;17;57;47;54;291;7,2;1,1;
2024/03/11;1800 UTC;0;887,8;888,4;887,8;1795,9;27;19,7;28,8;25,7;20,3;18,3;69;53;64;233;8,5;1,7;
2024/03/11;1900 UTC;0;887;887,8;887;803,7;26,9;20;27,3;26,5;20,3;19,2;68;64;66;105;4,4;,4;
2024/03/11;2000 UTC;0;887,2;887,3;887;202,5;25,9;20,3;26,9;25,9;20,3;19,6;71;65;71;3;5,5;,8;
2024/03/11;2100 UTC;0;887,6;887,7;887,2;155,5;25,5;20,1;25,9;25,5;20,7;19,8;75;70;72;44;3;,2;
2024/03/11;2200 UTC;0;888;888;887,6;28;24,2;20,5;25,5;24,1;20,8;19,9;82;71;80;323;1,9;0;
2024/03/11;2300 UTC;0;888,6;888,6;888;;23,4;20,5;24,2;23,1;20,6;20,4;85;80;84;11;1,8;,1;
2024/03/12;0000 UTC;0;889,4;889,4;888,6;;23,1;20,6;23,4;22,8;20,7;20,4;87;84;86;91;2;0;
2024/03/12;0100 UTC;0;890;890,1;889,4;;23,2;20,6;23,2;22,8;20,7;20,3;87;85;85;170;,9;0;
2024/03/12;0200 UTC;0;890,4;890,4;890;;22,8;20,6;23,2;21,8;20,7;19,9;91;85;88;141;1,1;0;
2024/03/12;0300 UTC;0;890;890,4;890;;22,3;20,1;23,1;22,3;20,6;20;88;85;87;56;1,6;,2;
2024/03/12;0400 UTC;0;889,5;890;889,5;;22,4;19,1;22,4;21,8;20,2;19,1;89;82;82;33;2,3;,2;
2024/03/12;0500 UTC;0;889,3;889,6;889,3;;21,3;18,6;22,5;21,3;19,1;18,5;84;81;84;59;2,3;,2;
2024/03/12;0600 UTC;0;889,3;889,5;889,2;;21,9;18,9;21,9;20,7;18,9;18,1;86;83;83;71;2,4;0;
2024/03/12;0700 UTC;0;888,7;889,3;888,7;;21,7;18,5;22;21;19;18,4;86;82;82;101;1,4;0;
2024/03/12;0800 UTC;0;888,5;888,7;888,4;;21,8;17,9;22,1;20,7;18,5;17,9;85;78;78;90;2;,9;
2024/03/12;0900 UTC;0;888,9;888,9;888,5;;21;18,6;21,8;20,8;18,8;17,9;86;78;86;88;2;0;
2024/03/12;1000 UTC;0;889,5;889,5;888,9;92;21,6;18,5;21,8;20,9;18,8;18,2;87;81;82;166;1,8;0;
2024/03/12;1100 UTC;0;890,4;890,4;889,5;851,2;25,3;19,5;25,3;21,6;20,5;18,6;84;69;70;10;1,6;0;
2024/03/12;1200 UTC;0;891;891;890,4;1760,3;26,7;19,4;26,7;25,3;20,6;18,9;72;64;64;17;2,1;0;
2024/03/12;1300 UTC;0;891,2;891,3;891;1087,1;25,6;20,1;27,2;25,5;20,4;18,3;73;62;72;173;2,8;,6;
2024/03/12;1400 UTC;0;891,3;891,4;891,1;882,5;25,1;20,2;25,9;24,9;20,5;19,4;75;70;74;95;3,6;2,1;
2024/03/12;1500 UTC;1,4;890,8;891,4;890,8;759;23,1;20;25,1;23;20,1;19;84;73;83;188;7,1;,5;
2024/03/12;1600 UTC;,2;890;890,8;890;1119,8;24,5;19,7;24,6;23,1;20,7;19;85;72;75;243;3;,5;
2024/03/12;1700 UTC;0;888,9;890;888,9;2780,2;27,5;19,3;28,3;24,4;20,9;19;77;59;61;34;3;,5;
2024/03/12;1800 UTC;0;888,3;888,9;888,2;1788,1;27,3;18,7;28,6;27,2;20,4;18,7;65;56;60;338;5,1;2;
2024/03/12;1900 UTC;0;887,9;888,3;887,9;1786,7;28,5;18,2;28,7;27,2;20,1;17,7;62;53;54;339;3,9;,1;
2024/03/12;2000 UTC;0;887,7;887,9;887,7;898,8;26,8;21;28,5;26,5;21,1;17,4;71;52;70;7;3,9;1,9;
2024/03/12;2100 UTC;0;887,9;888;887,5;568;24,7;19,6;26,9;24,7;21,1;19,6;77;68;73;350;4,5;2,2;
2024/03/12;2200 UTC;0;888,7;888,8;887,9;11;23,6;19,7;24,7;23,6;19,8;19,1;79;73;79;40;3,8;,9;
2024/03/12;2300 UTC;0;888,7;888,9;888,6;;23,1;20,3;23,7;23;20,8;19,7;86;78;84;60;2,8;0;
2024/03/13;0000 UTC;0;889,5;889,5;888,7;;23,4;20,2;23,5;22,3;20,6;19,7;86;82;82;181;3;1,2;
2024/03/13;0100 UTC;0;889,8;889,9;889,5;;21,9;19,7;23,7;21,9;20,2;19,6;88;79;88;48;3;,3;
2024/03/13;0200 UTC;0;890;890;889,7;;22,1;20,1;22,4;21,7;20,3;19,7;90;87;88;83;1,5;0;
2024/03/13;0300 UTC;0;890,2;890,2;889,9;;22,5;20,3;22,7;22,1;20,4;20;88;86;87;143;2,8;,7;
2024/03/13;0400 UTC;0;889,7;890,2;889,7;;22,9;19,7;22,9;22,4;20,4;19,7;88;83;83;137;3;,4;
2024/03/13;0500 UTC;0;889;889,7;889;;22,5;19,3;22,9;22,5;19,7;19,1;83;79;83;124;2,4;0;
2024/03/13;0600 UTC;0;888,9;889;888,6;;21,6;19,5;22,5;21,6;19,7;19,2;88;83;88;84;4;2,5;
2024/03/13;0700 UTC;0;889,2;889,2;888,8;;21,2;19,3;22;21,2;19,5;19;89;85;89;55;4,8;1,5;
2024/03/13;0800 UTC;0;889,2;889,3;889,2;;22;19,4;22;21,1;19,8;19,4;90;85;85;84;5,8;2,7;
2024/03/13;0900 UTC;0;889,7;889,7;889;;21,6;19,4;22,2;21,6;19,4;19,2;88;83;88;72;6,1;1,8;
2024/03/13;1000 UTC;0;890,2;890,2;889,7;26,3;21,8;19,6;21,8;21,4;19,7;19,4;89;87;87;51;4;1,3;
2024/03/13;1100 UTC;0;890,3;890,3;890,2;603;23,9;20,7;24;21,8;21,1;19,5;87;83;83;60;6,4;3,2;
2024/03/13;1200 UTC;0;891,1;891,1;890,3;788,6;24,2;20,6;24,2;23,4;20,7;20,2;84;80;80;354;6,6;2,2;
2024/03/13;1300 UTC;0;890,9;891,1;890,8;2450,8;26,6;20,8;26,6;24,1;21,1;20,1;81;69;70;15;6;2,5;
2024/03/13;1400 UTC;0;890,9;891,1;890,8;2901;27,4;20,3;27,6;26,2;21,1;19,6;72;62;65;1;6;2,8;
2024/03/13;1500 UTC;0;890,1;890,9;890,1;2993,3;26,6;19,1;28,2;26,6;20,5;18,8;66;58;63;12;7,3;2,6;
2024/03/13;1600 UTC;1;889,1;890,2;889,1;424,7;23,4;20,6;26,7;23,4;21,1;19,1;84;63;84;160;5,1;,4;
2024/03/13;1700 UTC;,2;888,6;889,1;888,3;378,9;22,9;20,2;23,4;22,4;20,9;20,1;89;84;85;171;2,9;,9;
2024/03/13;1800 UTC;0;887,8;888,7;887,6;1457;26;20,4;26,1;22,9;21,6;20,1;85;71;72;85;2,6;,1;
2024/03/13;1900 UTC;0;887,5;887,8;887,1;1291,2;26,8;20;27,8;26;21,6;19;74;60;66;51;2,3;,2;
2024/03/13;2000 UTC;0;888;888,4;887,5;422,7;23,3;20,3;27,2;23,3;21,5;19,4;84;63;83;250;9,3;5,3;
2024/03/13;2100 UTC;39,2;889,2;889,2;888;76,5;20,5;19,5;23,3;20,5;20,5;19,3;94;83;94;333;14;6,1;
2024/03/13;2200 UTC;45,2;889,7;889,7;888,9;2,2;18,8;18;20,4;18,8;19,2;17,9;95;94;95;256;15,1;3,4;
2024/03/13;2300 UTC;,8;889,9;890,2;889,7;;18,8;18,1;19,3;18,7;18,5;17,9;95;95;95;95;7,3;,2;
2024/03/14;0000 UTC;,2;890,4;890,4;889,9;;19,1;18,2;19,4;18,8;18,6;17,9;95;95;95;33;2,1;0;
2024/03/14;0100 UTC;0;890,8;890,9;890,4;;19;17,8;19,2;18,8;18,2;17,7;95;92;93;49;3,4;2;
2024/03/14;0200 UTC;0;890,3;890,8;890,3;;19,7;18;19,7;18,9;18,3;17,7;93;90;90;92;3,4;,1;
2024/03/14;0300 UTC;0;889,1;890,3;889,1;;20;17,7;20,2;19,6;18,2;17,7;90;86;87;140;3,4;,2;
2024/03/14;0400 UTC;0;889,2;889,2;889;;19,4;18,4;20,3;19;18,4;17,1;94;85;94;17;5,3;2,6;
2024/03/14;0500 UTC;0;889;889,2;889;;19,9;18,2;19,9;18,9;18,9;18;95;90;90;105;5,3;,8;
2024/03/14;0600 UTC;0;889;889,2;888,9;;19,2;18,3;20;19;18,3;17,5;94;88;94;155;2,8;1,4;
2024/03/14;0700 UTC;0;889,1;889,1;888,9;;19,9;18,2;19,9;19,2;18,4;18,2;94;90;90;149;2,7;,9;
2024/03/14;0800 UTC;0;889,3;889,3;889;;19,4;18,3;20,2;19,2;18,3;17,8;94;87;94;43;3,8;1,1;
2024/03/14;0900 UTC;7,6;889,8;889,8;889,3;;19,9;18,6;20;19,4;18,9;18,2;94;91;92;342;6,3;,1;
2024/03/14;1000 UTC;,8;890,2;890,2;889,8;18,3;19,9;18,8;19,9;19,6;18,8;18,4;94;92;94;183;1,5;0;
2024/03/14;1100 UTC;,8;891,2;891,2;890,2;210;20,3;19,1;20,7;19,9;19,7;18,8;94;93;93;148;5,4;2,4;
2024/03/14;1200 UTC;2;891,1;891,3;891;401,7;21,2;19,8;21,2;20,2;19,8;19,1;93;91;91;85;6,3;,2;
2024/03/14;1300 UTC;0;890,7;891,1;890,5;1383,8;23,6;20;23,6;21,2;20,5;19,8;92;80;80;165;2,2;0;
2024/03/14;1400 UTC;0;890,8;890,9;890,7;2054,8;24,9;20,7;25,5;23,6;21,2;19,6;83;73;77;10;2,4;,2;
2024/03/14;1500 UTC;0;890,4;890,8;890,4;2592,4;25;19,8;26,7;24,8;20,9;19,2;77;68;73;339;6,9;3,8;
2024/03/14;1600 UTC;0;889,7;890,4;889,7;1161,6;26,1;17,6;26,2;24,7;19,7;17,1;73;58;60;340;6,1;1,4;
2024/03/14;1700 UTC;0;888,3;889,7;888,3;2381,6;27,5;20,7;27,8;25,8;20,7;17,3;69;57;67;184;5,3;,8;
2024/03/14;1800 UTC;0;887,5;888,3;887,5;3286;28,1;18,1;28,9;26,8;20,4;17,2;67;51;55;327;6,5;3,6;
2024/03/14;1900 UTC;0;887,4;887,6;887,3;1714,6;24,1;20,2;28,7;24,1;20,3;17,3;79;51;79;29;10,5;2,6;
2024/03/14;2000 UTC;0;887,2;887,5;887,2;618,4;24,2;20;24,5;23,9;20,7;20;81;76;77;27;6,2;1,1;
2024/03/14;2100 UTC;0;887,4;887,5;887;381,7;24,3;20,3;24,5;24,1;20,5;19,6;79;75;78;349;3,8;1,3;
2024/03/14;2200 UTC;0;887,4;887,6;887,4;28,2;22,4;20,2;24,3;22,4;20,4;20,2;87;78;87;45;3,2;0;
2024/03/14;2300 UTC;0;887,6;887,6;887,4;;22,9;19,9;23;21,6;20,4;19,7;90;83;83;97;2,3;,3;
2024/03/15;0000 UTC;0;888,2;888,2;887,6;;21,4;19,1;23;21,4;20,1;19,1;89;83;87;60;2;0;
2024/03/15;0100 UTC;0;889,1;889,1;888,2;;22,5;19,9;22,8;21,3;20;18,7;87;78;85;172;1,8;0;
2024/03/15;0200 UTC;0;889;889,2;889;;21,4;19,8;22,6;21,4;20,3;19,5;91;85;91;232;2,1;0;
2024/03/15;0300 UTC;0;888,8;889;888,7;;21;18,8;21,5;20,5;20,3;18,7;93;87;87;77;2,5;1,4;
2024/03/15;0400 UTC;0;888,5;888,8;888,5;;22;18,8;22,3;21;18,9;18,3;87;80;82;131;2,5;0;
2024/03/15;0500 UTC;0;887,9;888,5;887,9;;21,3;18,1;22;21,3;19,2;18,1;84;79;82;117;2;0;
2024/03/15;0600 UTC;0;887,3;887,9;887,3;;21,7;17,9;21,9;21,2;18,2;17,9;82;79;79;112;2,1;,2;
2024/03/15;0700 UTC;0;887,1;887,3;887,1;;21,2;18,2;22,1;21,2;18,4;17,9;83;78;83;85;3;1,6;
2024/03/15;0800 UTC;0;887,5;887,5;887,1;;19,8;18,3;21,8;19,7;18,5;17,4;91;81;91;219;3;0;
2024/03/15;0900 UTC;0;887,8;887,8;887,5;;20,6;18,7;20,6;19,6;18,8;18,2;92;89;89;63;3;,9;
2024/03/15;1000 UTC;0;888,6;888,6;887,8;102;21,8;19,1;21,9;20,2;19,2;18,3;90;84;85;68;4,9;2,1;
2024/03/15;1100 UTC;0;888,9;888,9;888,6;680,8;23,4;19,6;23,7;21,8;20,3;19,1;85;78;79;60;6,5;2,3;
2024/03/15;1200 UTC;0;889,4;889,4;888,9;1667,1;25,5;19,3;25,5;23,4;20,4;19;80;69;69;41;8,9;4,4;
2024/03/15;1300 UTC;0;889,5;889,5;889,4;2291,8;26,1;20,1;26,5;25,2;20,1;18,6;71;63;70;19;10,5;2,7;
2024/03/15;1400 UTC;0;889,4;889,6;889,4;2621,3;27,1;19,8;27,2;25,5;20,6;19,4;71;64;64;25;7,8;3,7;
2024/03/15;1500 UTC;0;888,9;889,4;888,9;3389,7;27,5;20;28;26,6;21;19;67;60;64;4;7,8;3,5;
2024/03/15;1600 UTC;0;888;888,9;888;3462,9;27,7;19,4;29;26,9;20,5;18,6;64;55;60;13;7,4;3;
2024/03/15;1700 UTC;0;886,8;888;886,8;3004,5;29,1;19;29,5;27,8;20,5;18,1;62;52;55;11;8,1;3,2;
2024/03/15;1800 UTC;0;885,7;886,8;885,7;3299,3;29,3;18,9;30;28,8;20;18;56;50;54;13;6,4;2,5;
2024/03/15;1900 UTC;0;885,1;885,7;885,1;2369;28;18,4;29,7;28;20,2;17,8;60;50;56;39;6,6;1,8;
2024/03/15;2000 UTC;0;885,1;885,1;885;874,4;27,2;19,1;28,5;27;20;18,1;63;55;61;42;6,2;,5;
2024/03/15;2100 UTC;0;885,4;885,4;885;134,3;26,4;19,6;27,3;26,4;19,8;18,2;67;58;66;283;2,4;,1;
2024/03/15;2200 UTC;0;885,6;885,6;885,2;12,5;24,9;20,4;26,4;24,8;20,4;19,1;76;65;76;226;3;1;
2024/03/15;2300 UTC;0;886,2;886,2;885,6;;24,4;19,8;25,2;24,3;20,3;19,4;77;73;76;136;3,8;1,1;
2024/03/16;0000 UTC;1,2;887,1;887,1;886,2;;22,5;20;24,4;22,5;20,8;19,5;86;74;86;150;6;2,6;
2024/03/16;0100 UTC;0;887,5;887,5;887,1;;21,9;19,8;22,5;21,9;20;19,5;88;85;88;151;6;1,4;
2024/03/16;0200 UTC;6,8;887,8;888,1;887,5;,5;21,1;18,6;22,7;20,6;19,8;17,9;88;76;85;318;10,8;2,7;
2024/03/16;0300 UTC;0;887,5;887,8;887,5;;21,1;19,1;21,8;20,7;19,1;18,2;88;81;88;89;4,6;2,2;
2024/03/16;0400 UTC;0;887,4;887,5;887,4;;21,4;19,2;21,7;21,1;19,3;19;88;85;87;107;3,1;,9;
2024/03/16;0500 UTC;0;886,8;887,4;886,8;;20,8;19,3;21,4;20,8;19,3;19;91;87;91;137;3;,1;
2024/03/16;0600 UTC;0;886;886,8;886;;21,9;18,9;22,2;20,8;19,5;18,9;91;82;83;103;4;1,9;
2024/03/16;0700 UTC;0;885,9;886;885,8;;20,5;18,6;22;20,5;19,1;18,5;89;83;89;345;4;,4;
2024/03/16;0800 UTC;0;886;886;885,8;;21,1;18,5;21,4;20,2;19,1;18,3;91;84;85;5;3,4;,3;
2024/03/16;0900 UTC;0;886,5;886,5;886;;21,2;18;21,4;20,6;18,5;17,8;87;81;82;29;4;2,1;
2024/03/16;1000 UTC;0;887;887,1;886,5;126,2;21,3;18,5;21,3;20,7;18,5;17,8;86;82;84;5;4;1,7;
2024/03/16;1100 UTC;0;887,5;887,5;887;869,5;23,8;19,5;23,8;21,3;19,8;18,5;84;77;77;9;3,4;1,3;
2024/03/16;1200 UTC;0;888,1;888,1;887,5;1763,3;25;20,3;25;23,8;20,3;19,4;78;74;75;12;5,9;2,9;
2024/03/16;1300 UTC;0;888,1;888,2;888;2419,4;25,9;20,2;26,3;24,8;20,9;19,7;76;69;71;7;8;3,9;
2024/03/16;1400 UTC;0;888,2;888,4;888,1;2927,5;26,2;19,8;27;25,5;20,8;19,6;73;66;68;6;8;3;
2024/03/16;1500 UTC;0;887,6;888,2;887,6;3720,5;27,7;19,9;27,9;26,2;20,9;19,1;70;60;63;347;7,2;3,3;
2024/03/16;1600 UTC;0;886,8;887,6;886,8;3928,2;28,5;18,9;29,7;27,7;20,8;18,4;65;54;56;347;7;2,7;
2024/03/16;1700 UTC;0;885,7;886,8;885,7;3529,7;29,5;18;29,9;28,1;20,6;17,6;61;49;50;354;7,1;2,6;
2024/03/16;1800 UTC;0;885,1;885,8;885,1;2882,2;28,9;19,5;30,1;28,3;20,1;17,3;60;47;57;8;6,3;2,9;
2024/03/16;1900 UTC;0;884,7;885,1;884,5;2388,6;29,3;18,7;29,7;28,5;20,4;17,9;59;52;53;24;5,8;2,3;
2024/03/16;2000 UTC;4,4;885,3;885,5;884,7;213,4;22,9;20,6;29,3;22,9;20,9;17,5;87;51;87;126;6;2,4;
2024/03/16;2100 UTC;,6;885,5;885,5;885,1;161,7;23,1;20,9;24;22,9;21,2;19,1;88;77;87;11;7,2;,9;
2024/03/16;2200 UTC;0;886;886;885,5;12,3;22,6;20,6;23,1;22,4;21;20,5;90;87;88;22;2,8;,2;
2024/03/16;2300 UTC;0;887;887;886;;22,7;20,5;22,8;22,4;20,5;20,2;88;86;87;349;2,8;1;
2024/03/17;0000 UTC;0;887,6;887,6;887;;22,1;20,3;22,7;22,1;20,5;20,3;90;87;90;304;2,6;0;
2024/03/17;0100 UTC;0;888;888,3;887,6;;21,8;19,9;22,5;21,8;20,6;19,9;90;88;89;337;3,1;,2;
2024/03/17;0200 UTC;0;888,2;888,3;887,9;;21,3;19,7;22;21,3;20,2;19,7;91;89;91;220;2,7;0;
2024/03/17;0300 UTC;0;888,4;888,4;888,1;;21,2;19,8;21,5;21,1;20;19,7;92;91;92;197;2,3;,1;
2024/03/17;0400 UTC;0;887,9;888,5;887,9;;20,8;19,4;21,4;20,8;20;19,4;92;91;92;90;1,6;0;
2024/03/17;0500 UTC;0;887,9;888;887,8;;20,5;19,3;20,8;20,3;19,7;19;93;92;93;207;1,5;0;
2024/03/17;0600 UTC;0;887,6;887,9;887,4;;20,7;19,7;20,8;20,3;19,7;19,1;94;92;94;133;2,7;,1;
2024/03/17;0700 UTC;0;887,7;887,8;887,6;;20,8;19,4;21,1;20,7;19,8;19,4;94;91;92;165;3,1;,2;
2024/03/17;0800 UTC;0;887,7;887,7;887,4;;20,2;19,2;20,8;20,1;19,5;19,1;94;92;94;145;3;,4;
2024/03/17;0900 UTC;,2;888,2;888,2;887,7;;20,5;19,1;20,6;20,2;19,4;19,1;94;91;91;138;2,4;,2;
2024/03/17;1000 UTC;0;889,1;889,1;888,2;64,4;20,2;18,7;20,6;19,6;19,1;18,2;92;90;91;64;2,2;0;
2024/03/17;1100 UTC;0;890;890;889,1;399,2;21,1;19,8;21,4;20,3;19,8;18,8;92;88;92;15;3,3;1,1;
2024/03/17;1200 UTC;0;890,6;890,6;890;1021,9;21,7;20;22,3;21,1;20,9;19,8;93;89;90;338;4,6;2,8;
2024/03/17;1300 UTC;0;890,5;890,8;890,5;1614,5;22,5;20,6;24,6;21,6;22,1;19,9;91;83;89;353;4,8;2,2;
2024/03/17;1400 UTC;0;890,3;890,5;890,2;933,6;22,8;19,8;24,9;22,5;21,6;19,8;90;76;83;64;8,9;3,4;
2024/03/17;1500 UTC;4,4;889,2;890,3;889,2;1547,4;25,1;20,7;25,2;21,1;21,8;19,1;91;76;77;48;8,9;2,5;
2024/03/17;1600 UTC;0;888,5;889,2;888,5;3480,9;27,2;20,5;27,2;25,1;21,3;19,6;78;66;67;8;5,3;1,6;
2024/03/17;1700 UTC;0;888,1;888,5;888,1;2263,2;25,5;19,5;27,7;25,5;21,4;19,1;71;62;69;4;6,2;2,7;
2024/03/17;1800 UTC;0;887,4;888,1;887,4;1454,9;26,4;19,5;26,4;25,3;20,2;18,9;72;66;66;11;5,6;2,1;
2024/03/17;1900 UTC;0;886,7;887,4;886,7;2505,8;27,6;18,4;27,8;25,9;20,3;18;68;56;57;18;5,5;2;
2024/03/17;2000 UTC;0;886,4;886,7;886,4;1596,6;27,2;18,3;27,7;27,2;19,2;17,4;61;54;58;351;4,6;1,7;
2024/03/17;2100 UTC;0;886,6;886,8;886,4;423,9;25,2;19,6;27,2;25,2;19,6;18,2;71;58;71;338;3,1;,1;
2024/03/17;2200 UTC;0;886,6;886,7;886,5;5,7;23,4;20,3;25,2;23,4;20,4;19,4;83;70;83;243;4,3;,9;
2024/03/17;2300 UTC;0;887,2;887,2;886,6;;22,8;20,5;23,3;22,2;20,6;20,1;89;83;87;207;2,4;1;
2024/03/18;0000 UTC;0;887,9;887,9;887,2;;22,7;20,4;22,8;22,4;20,5;20;87;86;87;164;2,1;,8;
2024/03/18;0100 UTC;0;888,3;888,3;887,8;;22,2;20,1;22,7;22,1;20,4;20;88;86;88;142;2,3;,3;
2024/03/18;0200 UTC;0;888,9;888,9;888,3;;21,2;19,7;22,4;21;20,2;19,2;92;87;92;11;2;0;
2024/03/18;0300 UTC;0;889,2;889,2;888,9;;22,3;19,7;22,6;21;20,2;19,5;92;84;85;147;2,3;,7;
2024/03/18;0400 UTC;0;888,8;889,2;888,8;;21,7;19,5;22,3;21,7;19,8;19,5;88;85;87;139;2,6;0;
2024/03/18;0500 UTC;0;888,2;888,8;888,2;;21,7;19,5;21,9;21,4;19,8;19,3;89;86;87;158;2,4;,3;
2024/03/18;0600 UTC;0;887,9;888,2;887,9;;21,9;19,2;21,9;21,7;19,5;19,2;87;85;85;149;2,2;,8;
2024/03/18;0700 UTC;0;888;888;887,8;;21,2;19,6;22;20,5;19,6;18,7;91;85;90;166;2,2;,5;
2024/03/18;0800 UTC;0;888,2;888,2;887,8;;21,3;19,4;21,4;20,3;19,5;18,4;91;87;89;152;2,3;,9;
2024/03/18;0900 UTC;0;888,5;888,5;888,2;;20,7;19;21,5;20,2;19,3;18,4;91;87;90;206;2,3;0;
2024/03/18;1000 UTC;0;888,8;888,8;888,5;98,5;21,8;19,3;21,8;20,1;19,4;18,6;92;86;86;151;2,6;1,4;
2024/03/18;1100 UTC;0;889,4;889,4;888,8;829,5;23,1;20;23,1;21,7;20;19,2;86;82;82;174;4,4;2,2;
2024/03/18;1200 UTC;0;889,8;889,8;889,4;1776,3;23,9;20,6;24,3;23;21;19,7;84;80;82;196;4,7;2,8;
2024/03/18;1300 UTC;0;889,6;889,9;889,6;2613,5;25,9;20;26,4;23,8;21,2;19,8;83;70;70;180;4,7;1,3;
2024/03/18;1400 UTC;0;889,1;889,6;889,1;3015,3;27,7;19,6;27,9;25,9;21,1;18,2;72;57;61;205;3,6;1,3;
2024/03/18;1500 UTC;0;888,6;889,1;888,6;2447,3;28,8;19,2;28,8;27,1;20,7;17,5;65;53;56;25;3,6;1;
2024/03/18;1600 UTC;0;887,8;888,6;887,8;3212,6;29,2;17,3;29,8;27,9;19,7;17;58;48;49;5;5,6;2,2;
2024/03/18;1700 UTC;0;886,9;887,8;886,9;3481,7;30,1;18,2;30,5;29;18,2;16,3;51;43;49;339;5,7;2,6;
2024/03/18;1800 UTC;0;886;886,9;886;1636,8;29,1;18,6;30,2;28,8;18,6;16,6;54;45;53;277;5,6;2,2;
2024/03/18;1900 UTC;2,8;885,8;886;885,5;865,8;22,5;19,1;30,4;22,5;20;17,6;81;49;81;181;8,1;3,8;
2024/03/18;2000 UTC;6,6;885,6;885,9;885,5;337;24;21,3;24;22,4;21,3;19,5;90;81;85;230;9,2;,3;
2024/03/18;2100 UTC;0;885,3;885,7;885,1;341;24,4;20,8;24,6;23,7;21,6;20,4;87;80;80;80;2,9;,9;
2024/03/18;2200 UTC;0;886,1;886,1;885,3;79,5;24,4;20,5;24,6;23,8;21,2;20,4;84;78;79;116;3,8;,8;
2024/03/18;2300 UTC;,2;887,2;887,2;886,1;1,7;22,5;20,1;24,7;22,5;21,2;19,9;86;76;86;84;9;3,6;
2024/03/19;0000 UTC;1,4;887,5;887,6;887,1;;21,5;20,1;22,5;21,5;20,4;20;92;86;92;360;5,8;,6;
2024/03/19;0100 UTC;0;888,2;888,2;887,5;;21,5;20,4;21,6;21,5;20,4;20,1;93;92;93;24;2;,6;
2024/03/19;0200 UTC;0;888,2;888,5;888,2;;21,8;20,4;21,9;21,5;20,7;20,4;94;92;92;147;2,3;,7;
2024/03/19;0300 UTC;0;888,4;888,4;888,2;;21,2;20,1;21,9;21,2;20,4;20;93;90;93;232;2,6;1,4;
2024/03/19;0400 UTC;0;887,9;888,4;887,9;;20,4;19,4;21,2;20,4;20,1;19,4;94;93;94;240;4,3;,7;
2024/03/19;0500 UTC;0;887,2;887,9;887,2;;20,8;19,9;20,8;20,3;19,9;19,3;94;94;94;108;2,2;,5;
2024/03/19;0600 UTC;0;886,7;887,2;886,7;;21;19,6;21,2;20,8;20;19,4;94;91;91;147;2,3;0;
2024/03/19;0700 UTC;0;886,5;886,7;886,3;;20,3;19,2;21,2;20,3;19,7;19,1;93;91;93;243;0;0;
2024/03/19;0800 UTC;0;886,4;886,5;886,3;;20,3;19;20,6;20,2;19,5;19;94;92;92;86;1;0;
2024/03/19;0900 UTC;,2;886,9;886,9;886,4;;20;18,8;20,4;19,8;19,2;18,5;93;92;93;217;1,8;0;
2024/03/19;1000 UTC;0;887,4;887,4;886,8;130;21;19,6;21;19,9;19,6;18,7;93;92;92;181;2,1;,1;
2024/03/19;1100 UTC;0;888,1;888,1;887,4;828,8;23,6;20,2;23,6;21;20,2;19,3;92;79;81;131;2,9;,8;
2024/03/19;1200 UTC;0;888,5;888,5;888,1;1749,6;26,6;20,6;26,7;23,6;21,3;19,6;81;66;70;95;3,9;1,8;
2024/03/19;1300 UTC;0;888,3;888,6;888,3;2589,4;28,4;18,6;28,4;26,4;21;17,8;70;53;55;26;4;1,9;
2024/03/19;1400 UTC;0;888,1;888,3;888;3092,5;28,1;19,8;28,7;27;20,8;17,8;67;53;61;350;5,1;3,1;
2024/03/19;1500 UTC;0;887,7;888,1;887,7;925;27,8;18,9;28,4;26,7;19,9;18,3;66;58;58;345;5,5;2,7;
2024/03/19;1600 UTC;0;886,6;887,7;886,6;3323,2;29,6;18,2;30,3;27,8;19,9;16,9;61;48;50;312;6,3;3;
2024/03/19;1700 UTC;0;885,4;886,6;885,4;2978;26,8;19,8;30,5;26,7;20,2;17,1;65;47;65;53;8,4;5;
2024/03/19;1800 UTC;0;885,2;885,8;885,2;511,3;22,4;18,4;27,2;22,3;20,2;18;82;64;78;240;8,5;2,8;
2024/03/19;1900 UTC;0;884,2;885,2;884,2;1044;25,6;19,4;25,6;22,1;19,4;18,3;81;68;69;229;4,6;1,1;
2024/03/19;2000 UTC;0;883,8;884,3;883,8;1600,7;27;17,6;28,2;25,6;19,5;17,2;69;52;56;259;3;,6;
2024/03/19;2100 UTC;0;884,5;884,5;883,8;324,2;25,2;19,7;27;25,2;19,7;17,6;72;56;71;2;3,9;1,7;
2024/03/19;2200 UTC;0;885,6;885,6;884,4;16,3;23,2;19,6;25,2;23,2;19,8;19,5;80;71;80;43;3,5;2;
2024/03/19;2300 UTC;0;886,2;886,2;885,6;;23,1;19,8;23,5;22,8;20;19,5;84;78;82;298;3,4;1,1;
2024/03/20;0000 UTC;0;887,2;887,2;886,2;;22,4;19,4;23,4;22,4;19,9;19,3;84;79;83;274;3,4;1,7;
2024/03/20;0100 UTC;0;887,9;887,9;887,2;;22,1;19,9;22,4;22;19,9;19,4;88;83;88;201;4,1;2,4;
2024/03/20;0200 UTC;0;886,9;887,9;886,8;;21;19,1;22,1;21;19,9;19,1;89;86;89;32;3,5;0;
2024/03/20;0300 UTC;0;886;886,9;886;;20,8;19,5;21,1;20,6;19,5;19,1;92;89;92;66;2,7;1,4;
2024/03/20;0400 UTC;0;886;886,1;885,8;;21,6;19,1;21,9;20,8;19,8;19,1;92;85;86;94;2,5;,5;
2024/03/20;0500 UTC;0;886,3;886,3;885,9;;20,5;19,1;21,8;20,5;19,4;18,8;92;86;91;119;2,1;0;
2024/03/20;0600 UTC;0;885,9;886,3;885,9;;20,5;19,3;20,6;20,4;19,4;19;93;91;93;227;1,7;0;
2024/03/20;0700 UTC;0;885,4;885,9;885,4;;20;19,1;20,5;20;19,3;19;94;93;94;138;2,1;0;
2024/03/20;0800 UTC;0;885,3;885,4;885,1;;20,3;19,3;20,3;19,9;19,4;19;95;94;94;139;1,5;,2;
2024/03/20;0900 UTC;0;885,7;885,7;885,3;;20,5;19,1;20,7;20,3;19,5;19,1;94;92;92;131;3;,9;
2024/03/20;1000 UTC;0;886;886;885,7;94,3;20,4;18,4;20,7;20,4;19,1;18,3;92;87;88;81;2,6;,1;
2024/03/20;1100 UTC;0;886,7;886,7;886;570,7;22,3;19,4;22,3;20,4;19,6;18,5;90;83;83;98;1,7;0;
2024/03/20;1200 UTC;0;887,8;887,8;886,7;930,8;23,7;19,5;24,1;22,3;19,9;18,6;84;75;77;76;2,6;,7;
2024/03/20;1300 UTC;0;887,9;888;887,8;1354,2;25,6;19,9;25,6;23,6;20,4;19,6;80;71;71;144;3,1;,4;
2024/03/20;1400 UTC;0;887,7;887,9;887,7;2391,1;25,5;20,8;26,1;25,3;21,3;19,4;77;68;75;2;5;2,6;
2024/03/20;1500 UTC;0;887,3;887,8;887,3;1076,7;23,8;19,1;25,6;23,8;21,1;19,1;81;75;75;78;5,5;1,7;
2024/03/20;1600 UTC;0;886,4;887,3;886,3;613,2;23,5;19,3;23,9;22,4;19,5;18,4;80;74;77;149;4;,6;
2024/03/20;1700 UTC;0;884,9;886,4;884,9;2053,6;27,2;20,8;27,2;23,5;21,4;18,8;77;68;68;176;3,2;,9;
2024/03/20;1800 UTC;0;884,2;885;884,1;2814,7;27,3;18,2;28,7;26,2;21,4;17,8;73;54;58;3;5,5;2,3;
2024/03/20;1900 UTC;0;883,9;884,2;883,9;1583,5;27,3;19,3;28,2;26,9;20,4;18,5;65;57;62;360;5,3;3,3;
2024/03/20;2000 UTC;0;884;884;883,8;895;23,4;20,1;27,8;23,4;20,3;18,3;82;58;82;359;8,6;2,9;
2024/03/20;2100 UTC;0;883,7;884;883,7;162,8;22,5;20,1;23,4;22,5;20,2;20;87;82;87;22;6,5;,7;
2024/03/20;2200 UTC;0;884,5;884,5;883,7;16,4;21,9;20;22,5;21,9;20,1;19,9;89;86;89;9;3,6;1,8;
2024/03/20;2300 UTC;0;886;886;884,5;;21,4;19,5;21,9;21,4;20,1;19,5;91;88;89;351;3,4;,2;
2024/03/21;0000 UTC;0;887,1;887,1;886;;21,1;19,8;21,4;21;19,8;19,4;92;89;92;70;1,6;0;
2024/03/21;0100 UTC;0;887,4;887,4;887;;20,8;18,7;21,2;20,4;19,9;18,7;92;88;88;64;3,1;1,5;
2024/03/21;0200 UTC;0;888;888;887,4;;21,6;18,6;21,7;20,8;18,9;18,4;88;82;83;335;2,5;,8;
2024/03/21;0300 UTC;0;887,8;888;887,8;;21,1;18,8;21,7;21;18,8;18,4;87;83;87;350;3,1;1,6;
2024/03/21;0400 UTC;0;887,1;887,8;887,1;;20,5;18,6;21,2;20,5;18,8;18,6;89;86;89;19;3,1;1;
2024/03/21;0500 UTC;0;886,5;887,1;886,5;;19,9;18,3;20,6;19,8;18,8;18,2;91;89;91;37;2,9;1,6;
2024/03/21;0600 UTC;0;886,4;886,6;886,4;;20,5;18,7;20,5;19,9;18,7;18,1;91;88;89;34;2,4;,1;
2024/03/21;0700 UTC;0;886,2;886,5;886,2;;19,7;18;20,7;19,7;18,9;18;91;89;90;56;2,6;1,9;
2024/03/21;0800 UTC;0;886,3;886,3;886,1;;20,2;18,4;20,5;19,6;18,8;18;91;89;89;341;2,6;,3;
2024/03/21;0900 UTC;0;886,9;886,9;886,3;;19,4;18,1;20,2;19,4;18,4;18;92;89;92;3;2,9;,7;
2024/03/21;1000 UTC;0;887,7;887,7;886,9;89,8;20,4;19,1;20,4;19,4;19,1;18,1;93;92;92;306;2;,1;
2024/03/21;1100 UTC;0;888,9;888,9;887,7;310,1;21,2;19,4;21,2;20,4;19,6;19,1;92;89;90;207;1,6;,1;
2024/03/21;1200 UTC;0;889,5;889,5;888,9;1330,4;23,2;19,4;23,7;21,2;20,5;19,4;90;79;79;312;2,6;,7;
2024/03/21;1300 UTC;0;889,7;889,7;889,5;1146,7;23,5;19,5;23,9;23;20,1;19;82;75;78;287;4,4;2,2;
2024/03/21;1400 UTC;0;889;889,7;889;1404,1;24,8;19;24,8;23,3;19,8;18,9;79;70;70;305;3,8;,7;
2024/03/21;1500 UTC;0;888,5;889;888,5;2789,1;26,3;19,2;26,4;24,2;20,2;18,6;75;65;65;297;4,2;1,8;
2024/03/21;1600 UTC;0;887,7;888,5;887,6;1726,8;25,6;19,6;26,5;23,6;20,6;18,3;83;61;69;260;4,9;1,6;
2024/03/21;1700 UTC;0;886,7;887,7;886,7;2131,2;25,9;19,8;26,5;25,6;20,7;18,8;71;65;69;336;4,1;1,7;
2024/03/21;1800 UTC;0;885,8;886,7;885,8;1409,2;25,8;20,1;26,6;25,6;20,2;18,9;71;65;71;306;3,7;1,6;
2024/03/21;1900 UTC;0;885,9;886,1;885,8;782,3;23,1;20,3;26;23,1;20,9;19,2;86;70;84;266;8,6;5,1;
2024/03/21;2000 UTC;0;885,8;886;885,6;1064;23,7;19,8;24,8;23,1;20,6;19;84;71;79;247;9;5,4;
2024/03/21;2100 UTC;0;886,2;886,2;885,8;659,5;23,1;19,4;24,4;23,1;20,3;19,3;80;75;79;281;8,4;1,9;
2024/03/21;2200 UTC;0;886,5;886,6;886,2;19,2;22;19,5;23,1;21,8;19,6;19,3;86;79;86;201;2,8;,9;
2024/03/21;2300 UTC;0;887,5;887,5;886,5;;21,4;19,2;22,1;21,3;19,6;19;88;84;87;37;2,7;,4;
2024/03/22;0000 UTC;0;888,4;888,4;887,5;;21,6;19;21,8;20,9;19,4;18,8;89;85;85;190;2,2;0;
2024/03/22;0100 UTC;0;888,9;888,9;888,4;;21,4;19,4;21,7;21,2;19,5;18,8;88;85;88;190;2,4;1,3;
2024/03/22;0200 UTC;0;888,9;889,1;888,9;;21;19,2;21,4;20,7;19,4;19;90;88;90;162;2,4;,4;
2024/03/22;0300 UTC;0;888,6;888,9;888,5;;20,6;18,9;21;20,5;19,2;18,6;90;87;90;158;1,8;,2;
2024/03/22;0400 UTC;0;888;888,6;888;;20,6;18;21;20,5;19;17,9;90;85;86;175;2,5;,9;
2024/03/22;0500 UTC;0;887,3;888;887,2;;20,2;17,8;20,6;20,1;18,1;17,8;87;85;86;175;2,4;,7;
2024/03/22;0600 UTC;0;886,8;887,4;886,8;;19,8;17,5;20,3;19,8;17,8;17,5;87;85;86;142;3,2;,2;
2024/03/22;0700 UTC;0;886,8;886,8;886,5;;19,4;17,4;19,9;19,3;17,8;17,3;90;86;88;145;2,2;,1;
2024/03/22;0800 UTC;0;887,3;887,3;886,8;;19,9;18;19,9;19,4;18,1;17,4;90;88;89;166;3,9;1,8;
2024/03/22;0900 UTC;0;887,3;887,6;887,3;;19,5;18,1;19,9;19,5;18,2;18;92;89;92;148;4,6;1,4;
2024/03/22;1000 UTC;0;887,9;887,9;887,3;72,5;19,5;18,4;19,5;19,3;18,4;18;93;91;93;161;5,5;2,8;
2024/03/22;1100 UTC;0;888,3;888,3;887,9;476,3;20,3;18,6;20,3;19,5;18,9;18,4;93;90;90;136;5,5;2;
2024/03/22;1200 UTC;0;888,7;888,7;888,3;1115,2;21,7;19;21,7;20,3;19,1;18,3;90;84;84;103;5,4;3,1;
2024/03/22;1300 UTC;0;889,1;889,1;888,7;2030,1;24;19,2;24,2;21,7;19,7;18,7;86;73;74;106;5,4;2,3;
2024/03/22;1400 UTC;0;888,9;889,2;888,8;3231,9;26,2;18,6;26,3;24;19,6;18,4;75;61;63;90;5;1,8;
2024/03/22;1500 UTC;0;888,5;888,9;888,5;3216,9;26,5;19;28;26,2;20,1;17,5;65;55;63;15;5,8;2,3;
2024/03/22;1600 UTC;0;887,6;888,5;887,6;2823,3;27,6;19,4;27,9;26,3;20,4;18,7;66;60;61;349;5,4;2,8;
2024/03/22;1700 UTC;0;886,4;887,6;886,3;3080,9;28,1;18,7;28,4;27,3;19,7;17,9;62;54;57;328;6,6;3,6;
2024/03/22;1800 UTC;0;885,6;886,4;885,5;1960,5;27,1;19;28,6;27,1;20,1;18,2;63;54;61;327;6,6;3,1;
2024/03/22;1900 UTC;0;885;885,6;885;408,4;25,2;19,6;27,1;24,8;19,8;17,6;73;57;71;58;5,3;2,1;
2024/03/22;2000 UTC;0;885,3;885,3;885;667,5;26,5;19;26,6;25,1;20,5;19;74;63;63;2;4,6;2,3;
2024/03/22;2100 UTC;0;885,5;885,5;885,2;470,6;25,6;18,6;26,9;25,6;19,4;18,3;66;61;65;340;4,6;1,8;
2024/03/22;2200 UTC;0;886,3;886,7;885,5;24,1;22,1;18,8;25,6;22,1;19,4;18,6;82;65;82;63;8,3;2,4;
2024/03/22;2300 UTC;0;886,8;886,8;886,3;;21,3;18,7;22,1;21,3;19,1;18,6;85;82;85;70;6,2;1,8;
2024/03/23;0000 UTC;0;887,4;887,4;886,8;;21,8;18,6;22,6;21,2;19,1;18,4;86;78;82;41;2,9;,1;
2024/03/23;0100 UTC;0;887,8;887,8;887,4;;21,6;19;22,3;21,5;19;18,5;85;81;85;242;2,5;,7;
2024/03/23;0200 UTC;0;888,3;888,3;887,7;;21,6;19;22;21,5;19,2;18,8;86;83;85;111;2,2;,2;
2024/03/23;0300 UTC;0;887,8;888,4;887,8;;21,9;18,8;22,1;21,6;19,3;18,8;86;82;83;50;2;,4;
2024/03/23;0400 UTC;0;886,9;887,8;886,9;;21,8;19;22,3;21,6;19;18,8;85;81;84;28;2,4;,4;
2024/03/23;0500 UTC;0;886,3;886,9;886,2;;21,3;18,6;22;21,3;19;18,6;85;81;84;350;1,9;,1;
2024/03/23;0600 UTC;0;885,9;886,3;885,9;;21,4;18,8;22;21,1;19;18,6;87;81;85;237;2,5;,1;
2024/03/23;0700 UTC;0;885,8;885,9;885,7;;21,1;18,9;21,4;20,9;19;18,7;88;85;87;209;1,4;0;
2024/03/23;0800 UTC;0;885,9;886;885,7;;21,2;19;21,3;20,8;19,2;18,9;89;87;87;36;1,7;,3;
2024/03/23;0900 UTC;1;886,5;886,5;885,9;;19,9;18,9;21,2;19,9;19,4;18,9;94;87;94;353;6,7;2;
2024/03/23;1000 UTC;0;887,2;887,2;886,5;13,8;19,8;18,9;20;19,7;19;18,6;94;94;94;353;4,5;,8;
2024/03/23;1100 UTC;0;888,1;888,1;887,2;98,2;19,9;18,9;20,2;19,8;19,2;18,8;94;94;94;230;2,6;,6;
2024/03/23;1200 UTC;0;889,1;889,1;888,1;271,1;20,1;19;20,5;19,5;19,5;18,5;94;93;94;240;2,9;1,3;
2024/03/23;1300 UTC;0;889,6;889,6;889,1;580;20,2;19;20,3;19,7;19,1;18,5;94;93;93;251;3,3;2,2;
2024/03/23;1400 UTC;0;889,6;889,7;889,6;532,5;20,9;19,1;21;20,1;19,3;18,9;93;90;90;278;4;1,9;
2024/03/23;1500 UTC;0;889,4;889,7;889,4;1343,8;21,7;18,7;21,7;20,8;19,4;18,5;90;83;83;251;4,8;2,4;
2024/03/23;1600 UTC;0;888,3;889,4;888,3;1346,8;22,5;19,1;22,5;21;19,2;18,6;87;80;81;263;4,6;3;
2024/03/23;1700 UTC;0;887,5;888,3;887,5;1539,9;22,4;18,8;22,7;22,1;19;18;81;77;81;213;4,6;2,4;
2024/03/23;1800 UTC;0;887;887,5;886,9;901,7;23;19;23,1;22,2;19,4;18,4;81;77;79;157;4,9;2,5;
2024/03/23;1900 UTC;0;887,1;887,1;886,8;1175,3;23,3;18,4;23,6;22,9;19,5;18,2;79;73;74;163;4,5;1,5;
2024/03/23;2000 UTC;0;887,2;887,2;887,1;471,5;22,8;19;23,4;22,8;19,1;18,2;79;73;79;166;4,9;2,3;
2024/03/23;2100 UTC;0;887,7;887,7;887,2;252,8;22,2;18,3;22,8;22,2;19;18,3;80;77;79;111;5;2,2;
2024/03/23;2200 UTC;0;888,3;888,3;887,7;17,4;21;18,5;22,2;21;18,7;18,2;86;79;86;85;5,6;2,9;
2024/03/23;2300 UTC;0;888,8;888,8;888,3;;20,1;18,3;21;20,1;18,7;18,3;89;86;89;56;5,8;2,2;
2024/03/24;0000 UTC;,2;888,2;888,8;888,2;;19,6;18,2;20,1;19,6;18,3;18,1;92;89;92;68;4,4;0;
2024/03/24;0100 UTC;0;888;888,3;888;;20,3;18,3;20,3;19,5;18,5;18,2;92;88;88;110;2,4;,5;
2024/03/24;0200 UTC;0;888;888;887,9;;20,1;18,3;20,5;20,1;18,4;18,2;90;87;90;155;3,1;,5;
2024/03/24;0300 UTC;,2;888,2;888,3;888;;19,7;18,5;20,1;19,6;18,6;18,2;93;90;93;31;2,9;0;
2024/03/24;0400 UTC;,2;888,2;888,2;888;;20,1;18,5;20,1;19,6;18,6;18,4;93;90;91;142;1,8;0;
2024/03/24;0500 UTC;0;887,7;888,2;887,7;;20,4;17,9;20,5;19,9;18,7;17,9;92;85;85;95;4,2;2,4;
2024/03/24;0600 UTC;,2;887,5;887,7;887,5;;19,5;18,1;20,4;19,4;18,1;17,8;92;85;91;20;4,6;,3;
2024/03/24;0700 UTC;,2;887,2;887,5;887,2;;19,2;17,7;19,5;19,2;18,1;17,7;92;91;91;128;2,1;,1;
2024/03/24;0800 UTC;0;887,7;887,7;887,2;;19;17,5;19,2;19;17,7;17,4;91;91;91;94;2,4;,5;
2024/03/24;0900 UTC;0;887,9;887,9;887,6;;18,7;17,3;19,1;18,7;17,5;17,3;91;90;91;60;4,3;0;
2024/03/24;1000 UTC;0;888,2;888,2;887,9;83,8;19,7;17,4;19,7;18,6;17,6;17,3;92;87;87;101;2,6;,7;
2024/03/24;1100 UTC;0;888,8;888,8;888,2;361,7;20,3;18;20,3;19,4;18;17,3;89;86;87;59;3,3;1,8;
2024/03/24;1200 UTC;0;889,1;889,2;888,8;1787,4;22,3;18,6;22,5;20,3;18,9;18;87;79;80;83;6,8;4;
2024/03/24;1300 UTC;0;889,1;889,2;889,1;2465,7;23,9;18,7;24,4;22,3;19,4;18,3;81;71;73;94;6,3;2,7;
2024/03/24;1400 UTC;0;888,9;889,1;888,9;991,1;23,8;18,7;24,6;23,4;19,4;17,7;76;68;73;53;5,5;2,9;
2024/03/24;1500 UTC;0;888,2;888,9;888,2;1605,3;26,5;18,4;26,5;22,9;19,3;17,9;78;60;61;31;6,3;2,1;
2024/03/24;1600 UTC;0;887,2;888,2;887,2;3842,6;27;17,5;27,3;25,9;19,2;16,6;64;55;56;356;7,5;2,6;
2024/03/24;1700 UTC;0;886,2;887,2;886,2;3312;27,1;17,3;27,7;26,4;19,3;16,1;62;50;55;5;5,9;2,3;
2024/03/24;1800 UTC;0;885,3;886,2;885,3;2732,4;26,7;17,7;28,8;26,3;18,5;16,5;61;49;58;92;5,1;1,4;
2024/03/24;1900 UTC;,4;885,1;885,4;885,1;669,8;23,2;19,7;26,7;23,1;19,7;17,6;81;58;81;145;5,9;,9;
2024/03/24;2000 UTC;,2;885,3;885,3;885;618,9;24,2;18,8;24,7;23,2;20,6;18,6;82;70;72;170;4,3;1,5;
2024/03/24;2100 UTC;0;885,6;885,6;885,2;126,9;22,3;18,5;24,2;22,3;19,2;17,8;80;72;79;253;4,1;0;
2024/03/24;2200 UTC;0;886,3;886,3;885,6;8,7;21,8;19,2;22,3;21,7;19,4;18,4;86;79;85;40;3,2;0;
2024/03/24;2300 UTC;,2;886,6;886,7;886,3;;21,5;19,1;21,8;21,3;19,5;19,1;89;85;86;71;1,4;,3;
2024/03/25;0000 UTC;0;887,3;887,3;886,6;;21,5;19;21,6;20,8;19,4;18,9;91;86;86;77;4,4;2,2;
2024/03/25;0100 UTC;0;887,9;887,9;887,3;;20,7;18,9;21,9;20,6;19;18,7;90;84;90;41;5,6;2,6;
2024/03/25;0200 UTC;0;887,8;887,9;887,7;;20,2;17,8;20,7;20,2;18,9;17,8;91;85;86;77;4,2;,1;
2024/03/25;0300 UTC;0;887,5;887,8;887,4;;20,8;19,4;20,9;20,2;19,4;17,9;92;86;92;98;4,6;2,9;
2024/03/25;0400 UTC;0;887,3;887,7;887,3;;20,6;19,1;20,9;20,6;19,4;19,1;92;91;91;149;4,5;0;
2024/03/25;0500 UTC;0;886,7;887,3;886,7;;20,7;19;20,8;20,2;19,3;18,9;93;89;90;41;2,8;,9;
2024/03/25;0600 UTC;0;886,1;886,7;886,1;;20,8;18,6;21;20,6;19;18,6;90;86;87;20;4;,1;
2024/03/25;0700 UTC;0;886;886,1;885,9;;20,8;18,6;20,8;20,5;18,7;18,5;89;87;87;83;3,6;2;
2024/03/25;0800 UTC;0;886,3;886,3;886;;20,5;18,4;20,8;20,5;18,6;18,4;88;86;87;40;4,1;1,8;
2024/03/25;0900 UTC;0;886,4;886,4;886,2;;20;17,8;20,5;20;18,4;17,8;89;87;87;59;7,1;3,8;
2024/03/25;1000 UTC;0;886,7;886,8;886,3;102,5;19,7;17,2;20,1;19,5;17,8;17,2;87;85;85;63;7,6;3,7;
2024/03/25;1100 UTC;0;887,3;887,3;886,7;549,4;21,1;17;21,1;19,7;17,4;16,8;85;77;77;51;7,6;3,8;
2024/03/25;1200 UTC;0;887,6;887,6;887,2;1067,2;22,7;17,4;23,4;21,1;17,8;16,4;78;67;72;15;7,7;2,5;
2024/03/25;1300 UTC;0;887,7;887,7;887,6;603,4;22,6;18,2;22,8;22,3;18,3;17;76;70;76;3;7,4;2,5;
2024/03/25;1400 UTC;0;887,6;887,8;887,5;1809,5;24,6;17,2;24,7;22,5;18,9;17,2;77;63;63;24;7,5;3,8;
2024/03/25;1500 UTC;0;887,5;887,6;887,5;2223,6;24,3;17,8;24,8;23,9;18,3;16,5;68;61;67;4;8,4;4;
2024/03/25;1600 UTC;0;886,8;887,5;886,8;2041,2;24,5;18,1;24,6;23,8;18,6;17,7;71;67;68;360;8,1;3,1;
2024/03/25;1700 UTC;0;885,9;886,8;885,9;2156,9;24,7;17,9;25,5;24,3;18,8;17,5;69;63;66;356;6,5;2,8;
2024/03/25;1800 UTC;0;885,6;885,9;885,6;1308,2;23,9;17,7;25,1;23,7;18,5;17,4;72;64;68;317;5,9;2,5;
2024/03/25;1900 UTC;0;885,6;885,6;885,3;773,3;23,4;18,5;24,1;23,4;18,5;17,3;74;67;74;288;4,7;2,8;
2024/03/25;2000 UTC;14;885,9;885,9;885,5;185,4;19,1;18,2;23,6;19;18,9;17,9;94;73;94;67;8,3;0;
2024/03/25;2100 UTC;,6;886;886;885,8;79;20;18,9;20;19,2;18,9;18,2;95;93;93;94;1,4;0;
2024/03/25;2200 UTC;0;886,2;886,2;886;11,2;19,8;18,7;20,1;19,7;19;18,5;93;93;93;295;0;0;
2024/03/25;2300 UTC;,2;886,9;886,9;886,3;;19,8;18,8;19,9;19,6;18,8;18,6;94;93;94;124;0;0;
2024/03/26;0000 UTC;0;887,5;887,5;886,9;;20,1;19;20,2;19,6;19,2;18,6;94;93;93;56;1,7;0;
2024/03/26;0100 UTC;0;888;888;887,5;;20,2;19;20,3;20;19,1;18,9;93;93;93;194;1,5;0;
2024/03/26;0200 UTC;0;888,3;888,3;888;;19,8;18,8;20,2;19,7;19;18,6;94;93;94;112;1,2;0;
2024/03/26;0300 UTC;0;888,5;888,5;888,3;;19,6;18,4;19,9;19,6;18,8;18,4;94;93;93;105;1,2;0;
2024/03/26;0400 UTC;0;888,2;888,5;888,2;;19,8;18,6;19,8;19,6;18,6;18,3;93;92;93;125;1,3;0;
2024/03/26;0500 UTC;0;887,5;888,1;887,5;;19,8;18,7;19,9;19,7;18,7;18,5;93;93;93;158;1,6;0;
2024/03/26;0600 UTC;0;886,9;887,5;886,9;;19,6;18,6;19,9;19,5;18,8;18,4;94;93;94;151;0;0;
2024/03/26;0700 UTC;0;886,8;886,9;886,6;;19,7;18,5;19,7;19,2;18,6;18;94;93;93;159;1,6;,1;
2024/03/26;0800 UTC;0;886,9;886,9;886,8;;19,7;18,7;19,8;19,7;18,7;18,6;94;93;94;167;2,4;,4;
2024/03/26;0900 UTC;0;887,5;887,5;886,9;;19,6;18,5;19,7;19,6;18,7;18,5;94;94;94;159;2,6;,4;
2024/03/26;1000 UTC;0;887,9;887,9;887,5;58;19,5;18,5;19,6;19,5;18,5;18,4;94;93;93;142;2,8;1;
2024/03/26;1100 UTC;0;888,4;888,4;887,9;672,5;21,1;18,9;21,1;19,5;19;18,4;93;87;87;153;3,4;1;
2024/03/26;1200 UTC;0;889;889;888,4;1433,6;21,7;18,2;22,5;21,1;19,4;18,1;88;79;80;208;4,4;2,7;
2024/03/26;1300 UTC;0;889,3;889,3;889;1924,8;24,3;19,5;24,3;21,7;19,5;17,7;83;72;75;201;4,4;1;
2024/03/26;1400 UTC;0;889,4;889,6;889,2;1943;24,5;18,5;25;23,2;19,2;17,6;75;65;69;168;3,2;,5;
2024/03/26;1500 UTC;0;888,8;889,4;888,8;2834,2;25,6;18,2;26,2;24,4;19,2;17,1;69;59;63;348;5,8;2,8;
2024/03/26;1600 UTC;0;888;888,8;888;3770,5;26,9;17,9;26,9;25,7;19,7;17;67;56;58;4;7,1;3,9;
2024/03/26;1700 UTC;0;886,9;888;886,9;3457;27,2;17,4;27,4;26,1;18,3;16,5;62;53;55;346;7,1;3,3;
2024/03/26;1800 UTC;0;885,9;886,9;885,9;3271,5;27,4;17,8;27,7;26,9;18;16;59;50;56;359;8,5;3,2;
2024/03/26;1900 UTC;0;885,7;886;885,7;1908,4;24,1;18;27,8;24,1;18,1;15,6;69;48;69;24;9,9;4,7;
2024/03/26;2000 UTC;0;885,4;885,7;885,3;492,7;23,2;17,5;24,3;23,2;18,3;17,5;72;68;70;30;8,9;2,9;
2024/03/26;2100 UTC;0;885,9;886;885,4;163;22,3;18;23,2;22,2;18;17,4;77;70;77;7;6,5;1,7;
2024/03/26;2200 UTC;0;886,6;886,6;885,9;2,9;21,3;18,2;22,3;21,1;18,2;17,9;83;77;82;12;3,6;,2;
2024/03/26;2300 UTC;0;887,3;887,3;886,6;;21,5;17,9;21,6;21,2;18,3;17,8;83;79;80;230;1,8;,1;
2024/03/27;0000 UTC;0;888,2;888,2;887,3;;21,1;18,8;21,6;21,1;18,9;17,7;87;79;87;158;3;,9;
2024/03/27;0100 UTC;0;888,6;888,6;888,2;;21,1;18,7;21,5;21,1;18,8;18,3;87;82;86;151;4;2,1;
2024/03/27;0200 UTC;0;888,6;888,7;888,5;;20,7;18,9;21,1;20,7;18,9;18,4;89;85;89;155;4;1,5;
2024/03/27;0300 UTC;0;888,1;888,6;888,1;;20,5;18,5;20,7;20,5;18,9;18,5;90;88;88;131;3,3;,3;
2024/03/27;0400 UTC;0;887,5;888,1;887,5;;20,4;18,4;20,5;20,3;18,5;18,3;89;87;89;103;4,3;1,9;
2024/03/27;0500 UTC;0;887,2;887,5;887,2;;20,3;18,4;20,4;20,2;18,4;18,4;89;89;89;130;5,3;1;
2024/03/27;0600 UTC;0;887,2;887,4;887,2;;20,2;18,2;20,3;20,1;18,4;18,1;89;88;88;84;5,7;3,2;
2024/03/27;0700 UTC;0;887,3;887,4;887,2;;20,1;18,2;20,3;20,1;18,3;18,2;89;88;89;84;5,7;2,6;
2024/03/27;0800 UTC;0;887,2;887,3;887,1;;20,1;18,1;20,2;20;18,2;18,1;89;88;89;93;5,7;2,6;
2024/03/27;0900 UTC;0;887,5;887,6;887,2;;20,2;18,1;20,2;19,9;18,2;18;89;88;88;100;5,2;2,6;
2024/03/27;1000 UTC;0;887,7;887,7;887,4;76,9;20,3;18,2;20,3;20;18,2;18,1;89;88;88;93;6,6;2,6;
2024/03/27;1100 UTC;0;888,5;888,5;887,7;382,1;20,9;18,4;20,9;20,3;18,6;18,1;88;85;85;98;6,6;1,7;
2024/03/27;1200 UTC;0;889,1;889,1;888,5;710,4;21,6;18,3;21,7;20,7;18,6;18,2;86;81;81;77;5;3;
2024/03/27;1300 UTC;0;889,2;889,3;889;1113,3;22,6;18,9;22,9;21,6;19;18,3;82;77;79;79;5,3;2,9;
2024/03/27;1400 UTC;0;888,9;889,2;888,9;1496,9;24,7;18,8;25,1;22,6;19,6;18,6;79;70;70;6;5,1;2,1;
2024/03/27;1500 UTC;0;888,6;888,9;888,6;2267,2;25,4;18,4;26,1;24,7;19,4;17,9;70;63;65;4;8,2;3,5;
2024/03/27;1600 UTC;0;887,8;888,6;887,8;2354,2;26,3;18,7;26,3;24,6;19,3;17,9;71;62;63;23;7,3;3;
2024/03/27;1700 UTC;10,2;888;888;887,2;1222,7;19,5;18,4;26,8;19,4;19,9;17,7;93;61;93;44;12;5,9;
2024/03/27;1800 UTC;3,8;887,2;888;887,2;237,5;20,5;18,9;20,5;18,9;18,9;17,7;94;91;91;314;10,6;,4;
2024/03/27;1900 UTC;,2;886,9;887,2;886,9;641,9;21,1;19,3;21,1;20,2;19,3;18,5;91;89;90;267;2,1;,5;
2024/03/27;2000 UTC;,2;887,2;887,2;886,9;408,5;20,6;18,9;21,6;20,6;19,5;18,2;90;81;90;359;5,2;,4;
2024/03/27;2100 UTC;,4;887,8;887,8;887,2;118,8;20,3;18,7;20,7;20,2;18,9;18,4;90;88;90;158;1,8;0;
2024/03/27;2200 UTC;,2;888,6;888,6;887,8;2,5;19,7;18,5;20,4;19,7;18,7;18,3;93;88;93;4;2,3;,4;
2024/03/27;2300 UTC;,4;888,6;888,8;888,6;;19,7;18,4;19,8;19,6;18,6;18,4;93;92;92;96;2;0;
2024/03/28;0000 UTC;0;889,3;889,3;888,6;;20,2;18,9;20,2;19,7;18,9;18,4;92;91;92;171;3,1;1,5;
2024/03/28;0100 UTC;0;889,7;889,7;889,3;;20,1;19,1;20,2;20,1;19,1;18,8;94;92;94;151;4,2;1,8;
2024/03/28;0200 UTC;0;889,7;889,8;889,6;;19,9;19;20,1;19,9;19,2;19;94;94;94;160;4,2;1,8;
2024/03/28;0300 UTC;0;890;890;889,7;;19,8;18,8;19,9;19,8;19;18,8;94;94;94;157;4,1;1;
2024/03/28;0400 UTC;0;889,6;890;889,5;;19,7;18,7;19,8;19,7;18,8;18,7;94;94;94;161;3,5;1,3;
2024/03/28;0500 UTC;0;888,9;889,6;888,9;;19,6;18,6;19,7;19,6;18,7;18,5;94;93;93;159;3,5;1,7;
2024/03/28;0600 UTC;0;888,9;889;888,7;;19,7;18,6;19,7;19,6;18,6;18,5;94;93;93;95;3,5;,7;
2024/03/28;0700 UTC;2,4;889,1;889,1;888,8;;19,7;18,6;19,8;19,6;18,7;18,5;94;93;94;33;3,3;0;
2024/03/28;0800 UTC;12,4;889,3;889,4;889,1;,8;18,4;17,3;19,7;18,4;18,7;17,3;94;93;93;57;11,1;2;
2024/03/28;0900 UTC;4,6;889,4;889,4;889,2;;18,9;17,8;19,2;18,3;17,9;17,3;94;92;93;36;7,7;4;
2024/03/28;1000 UTC;1,2;889,8;889,8;889,3;25,4;18,9;18;19;18,9;18;17,8;94;93;94;34;8,3;2,9;
2024/03/28;1100 UTC;0;890,5;890,5;889,7;188,4;19,4;18,4;19,4;18,9;18,4;18;94;94;94;31;5,3;,2;
2024/03/28;1200 UTC;0;891,2;891,2;890,6;777,9;20,9;19;20,9;19,4;19,2;18,4;94;88;89;328;2,7;,9;
2024/03/28;1300 UTC;0;891,1;891,2;891;2252,4;24,4;19,7;24,4;20,9;20,2;18,7;89;74;75;27;6,8;2,4;
2024/03/28;1400 UTC;0;890,8;891,1;890,8;2374,4;24,1;19,3;25,1;23,8;20,4;18,8;77;71;75;7;7,8;3,3;
2024/03/28;1500 UTC;0;890,3;890,8;890,3;3143,8;25,6;18,8;25,9;24,1;20;18,5;77;65;66;18;8,9;4;
2024/03/28;1600 UTC;0;889,5;890,3;889,5;3682,9;26,4;19,3;26,6;25,4;19,7;18,3;70;62;65;5;8,9;3,3;
2024/03/28;1700 UTC;0;888,7;889,5;888,7;3004,1;25,6;18,7;27;25,5;20,2;18,1;67;61;66;348;6,9;2,6;
2024/03/28;1800 UTC;0;888,9;888,9;888,4;2352,1;22;18,5;27,5;22;20;18,1;80;59;80;325;12,9;7,2;
2024/03/28;1900 UTC;11,4;889,4;889,5;888,8;111;19,7;18,8;22;19,3;18,8;17,8;95;80;95;24;11,7;,2;
2024/03/28;2000 UTC;1,6;889,4;889,9;889,4;50,2;19,9;19;20;19,7;19;18,8;95;94;94;58;2,3;,1;
2024/03/28;2100 UTC;,8;889,5;889,5;889;42,9;20,4;19,4;20,4;19,9;19,4;19;94;94;94;167;1,6;,1;
2024/03/28;2200 UTC;0;889,6;889,6;889,4;2,6;20,3;19,2;20,4;20,3;19,4;19,2;94;94;94;169;2,3;,7;
2024/03/28;2300 UTC;0;890;890;889,6;;20,2;19,2;20,3;20,1;19,3;19,1;94;94;94;178;2,5;,5;
2024/03/29;0000 UTC;0;890,8;890,8;890;;20,2;19,2;20,2;20,1;19,2;19,1;94;94;94;155;4,2;2,2;
2024/03/29;0100 UTC;,2;891,5;891,5;890,8;;20,1;19,1;20,2;20;19,3;19,1;94;94;94;148;4,4;1,1;
2024/03/29;0200 UTC;0;891,7;891,8;891,5;;20,2;19,1;20,3;20,1;19,2;19,1;94;93;93;102;3,6;,2;
2024/03/29;0300 UTC;0;891,2;891,7;891,2;;20;19;20,2;19,9;19,1;18,8;94;93;94;170;2,4;,8;
2024/03/29;0400 UTC;0;891,1;891,2;890,9;;20;19;20,1;20;19,1;19;94;94;94;136;3,5;,5;
2024/03/29;0500 UTC;0;890,6;891,1;890,6;;19,7;18,7;20;19,7;19;18,7;94;94;94;149;2,8;,9;
2024/03/29;0600 UTC;0;890,6;890,7;890,5;;19,8;18,5;19,9;19,6;18,8;18,5;94;92;92;126;4,3;1,4;
2024/03/29;0700 UTC;0;890;890,6;890;;19,4;18,1;19,8;19,4;18,5;18,1;92;92;92;137;4,5;1,4;
2024/03/29;0800 UTC;0;889,9;890,1;889,8;;19,5;18,1;19,6;19,3;18,1;17,9;92;91;91;115;5;1,9;
2024/03/29;0900 UTC;0;890,1;890,1;889,8;;19,4;18,2;19,5;19,2;18,2;18;93;91;93;114;6,6;2;
2024/03/29;1000 UTC;0;890,6;890,6;890;53,8;20;18,3;20;19,4;18,5;18,2;93;90;90;98;7,2;4,1;
2024/03/29;1100 UTC;0;891,2;891,3;890,6;418,7;20,5;18,7;20,6;20;18,9;18,3;91;89;89;100;8,7;4,3;
2024/03/29;1200 UTC;0;891,8;891,9;891,2;1469;22,3;18,9;22,3;20,5;19,3;18,5;90;81;81;91;9,1;4,3;
2024/03/29;1300 UTC;0;892,3;892,5;891,8;1844,7;22,6;18,8;23,2;21,9;19,8;18,6;83;78;79;79;9,1;3,2;
2024/03/29;1400 UTC;0;892,1;892,4;892,1;2741,5;25,7;20,2;25,7;22,6;20,2;18,8;80;70;72;56;8,6;4;
2024/03/29;1500 UTC;0;891,4;892,1;891,4;3263;26,2;19,1;26,6;24,5;19,8;18,2;71;63;65;62;8,8;3,6;
2024/03/29;1600 UTC;0;890,6;891,4;890,6;2860,3;25,9;18,4;27,4;25,9;19,8;17,7;66;58;63;59;6,3;2,6;
2024/03/29;1700 UTC;0;889,8;890,6;889,8;1917,2;26,3;18,8;27,6;25,8;19,8;17,8;66;57;63;30;5,3;1,8;
2024/03/29;1800 UTC;0;889;889,8;889;1412,5;26,5;18,4;27,6;26,1;19,7;17,8;65;56;61;355;4,9;2;
2024/03/29;1900 UTC;0;888,1;889;888,1;2096,9;27,9;17,7;28,3;26,4;19,8;17,6;64;54;54;29;4,6;2;
2024/03/29;2000 UTC;0;888,1;888,1;887,9;1293,3;26,2;18,2;28,5;26,2;18,7;16,5;61;50;61;80;5;2,8;
2024/03/29;2100 UTC;0;888,1;888,1;888;88,1;24,1;19,6;26,2;24,1;19,7;18,2;76;61;76;47;4,5;1,1;
2024/03/29;2200 UTC;0;888,2;888,2;888;5,1;22,4;18,9;24,1;22,2;19,8;18,8;81;76;80;55;2,9;2,4;
2024/03/29;2300 UTC;0;888,7;888,7;888,2;;21,9;18,7;22,5;21,7;18,9;18,6;83;80;82;49;2,9;1,9;
2024/03/30;0000 UTC;0;889,6;889,6;888,7;;22,4;18;22,6;21,8;18,7;18;82;76;76;78;3,1;1,8;
2024/03/30;0100 UTC;0;890,5;890,5;889,6;;21,9;18,5;22,4;21,5;18,7;17,9;82;76;81;81;4,1;2,4;
2024/03/30;0200 UTC;0;890,3;890,5;890,3;;22,3;18,6;22,5;21,6;18,6;18,2;83;77;80;90;5,1;3,2;
2024/03/30;0300 UTC;0;889,9;890,3;889,9;;21,7;19,3;22,4;21,1;19,4;18,6;87;80;86;83;5,5;2,2;
2024/03/30;0400 UTC;0;890;890;889,8;;21,4;19,2;22;21;19,4;19;89;85;87;96;5;1,7;
2024/03/30;0500 UTC;0;889,6;890;889,5;;20,1;18,6;21,7;20,1;19,4;18,5;91;86;91;222;3,5;0;
2024/03/30;0600 UTC;0;889,2;889,7;889,2;;21,2;18,9;21,3;20,1;19,3;18,6;92;87;87;105;2,9;1,7;
2024/03/30;0700 UTC;0;888,8;889,2;888,8;;20,9;18,8;21,3;20,7;19,1;18,6;88;86;87;79;4,3;2,7;
2024/03/30;0800 UTC;0;888,7;888,9;888,7;;20,2;18,7;20,9;19,9;18,9;18,3;91;87;91;6;4,3;,1;
2024/03/30;0900 UTC;0;888,8;888,8;888,6;;20,3;18,3;20,9;20;18,9;18,1;91;87;88;75;4,9;1,5;
2024/03/30;1000 UTC;0;889,2;889,2;888,8;122,9;21,4;19,1;21,4;20,1;19,1;18,1;89;86;87;62;4,5;2,3;
2024/03/30;1100 UTC;0;890;890;889,2;527;23,2;20;23,3;21,4;20,3;19;87;82;82;18;4,5;,1;
2024/03/30;1200 UTC;0;890,6;890,6;890;1918,1;25,4;19,7;25,6;23,3;20,3;19,2;83;69;71;43;5,3;2,8;
2024/03/30;1300 UTC;0;890,9;890,9;890,6;1976,3;25,1;19,7;27,2;25,1;20,1;18,2;72;60;72;335;5,3;2,5;
2024/03/30;1400 UTC;0;890,9;891,1;890,9;1219;25,6;19,5;26,7;25,1;20,5;19,3;73;66;69;325;4,4;2,5;
2024/03/30;1500 UTC;0;890,3;891;890,3;416,2;21,6;17,1;25,8;21,6;19,9;16,6;80;66;76;104;7,1;3,2;
2024/03/30;1600 UTC;0;889,5;890,3;889,5;2745,6;27,5;18,3;27,5;21,5;20,1;16,3;80;53;57;242;5,9;1,3;
2024/03/30;1700 UTC;0;888,7;889,5;888,7;2894,1;27,6;17,4;28,7;26,9;18,6;16,8;58;51;54;290;6,4;2,5;
2024/03/30;1800 UTC;0;888,4;888,7;888;1764;25,9;18,9;28,2;25,9;19,1;16,4;66;51;65;262;5,3;3,9;
2024/03/30;1900 UTC;0;888,1;888,6;888;392,7;23,8;19;25,9;23,7;19,7;18,9;77;65;74;206;8,3;2;
2024/03/30;2000 UTC;0;887,9;888,1;887,8;384;23,2;19,2;24;23,2;19,4;18,8;79;73;78;246;3,5;1,6;
2024/03/30;2100 UTC;0;888;888,1;887,9;150,1;22,4;19,4;23,2;22,4;19,6;19,2;84;78;83;229;2,9;,3;
2024/03/30;2200 UTC;0;887,7;888;887,7;0;22,1;19;22,4;21,9;19,5;19;85;83;83;133;1,7;0;
2024/03/30;2300 UTC;0;888,1;888,1;887,5;;21,1;19,4;22,1;21,1;19,6;18,9;90;82;90;62;1,9;,4;
2024/03/31;0000 UTC;0;889,9;889,9;888,1;;20,9;19;21,8;20,9;19,5;18,9;91;85;89;65;2,6;,6;
2024/03/31;0100 UTC;0;890,4;890,4;889,9;;20,9;18,8;21,6;20,9;19,1;18,8;89;85;88;222;1,9;,2;
2024/03/31;0200 UTC;0;890,5;890,5;890,3;;21,1;19,1;21,2;20,6;19,4;18,7;91;88;88;261;2,1;0;
2024/03/31;0300 UTC;0;890,1;890,4;890,1;;20,9;19;21,1;20,8;19,1;18,8;89;88;89;232;1,3;,1;
2024/03/31;0400 UTC;0;889,2;890,1;889,2;;20,6;18,7;21;20,2;19;18,4;91;89;89;104;1,9;,3;
2024/03/31;0500 UTC;0;888,7;889,2;888,7;;20,7;18,5;20,8;20,5;18,7;18,4;89;86;87;159;1,7;,1;
2024/03/31;0600 UTC;0;888,1;888,8;888,1;;20,8;18,4;20,8;20,2;18,5;18,1;88;86;86;167;1,5;,3;
2024/03/31;0700 UTC;0;888,2;888,2;888;;20,8;18,8;21;20,8;18,8;18,4;88;86;88;167;3,2;1,1;
2024/03/31;0800 UTC;0;888,4;888,5;888,2;;20,3;19,1;20,8;20,3;19,1;18,8;92;88;92;157;3,3;,9;
2024/03/31;0900 UTC;0;888,6;888,6;888,3;;20,4;19;20,4;20,3;19,1;19;93;92;92;148;3;1,1;
2024/03/31;1000 UTC;0;889,1;889,1;888,6;56,3;20,6;18,8;20,6;20,3;19;18,7;92;89;89;157;3,8;1,5;
2024/03/31;1100 UTC;0;889,7;889,7;889,1;657,8;21,8;18,9;21,9;20,6;19,3;18,8;90;83;84;152;3,6;1,4;
2024/03/31;1200 UTC;0;890,4;890,4;889,7;897,7;22,6;18,1;22,7;21,7;19,1;18,1;84;76;76;172;3,7;1,8;
2024/03/31;1300 UTC;0;890,7;890,7;890,4;1401,6;24,1;19,3;24,2;22,5;19,4;18,3;80;74;74;157;4,9;1,8;
2024/03/31;1400 UTC;0;890,3;890,7;890,3;1698;24,8;19,4;24,9;23,8;19,7;18,4;76;69;72;151;4,6;1,7;
2024/03/31;1500 UTC;0;889,6;890,3;889,6;2327,4;26,1;20,2;26,1;24,4;20,4;18,9;73;68;70;185;4;1;
2024/03/31;1600 UTC;0;888,6;889,6;888,6;3123,8;28,5;18,4;28,7;25,9;20,2;17,7;70;54;54;214;4;,5;
2024/03/31;1700 UTC;0;887,5;888,6;887,5;3358,8;28,6;17;28,9;26,9;19,1;16,6;59;48;49;178;5,5;1,1;
2024/03/31;1800 UTC;0;886,6;887,5;886,6;2715,2;28,2;17,6;29,3;28,1;19;16,5;56;47;53;199;4,9;1,6;
2024/03/31;1900 UTC;0;886,4;886,6;886,3;842,6;27,1;18,3;28,2;27;20,2;17,2;65;51;59;187;4,7;2,3;
2024/03/31;2000 UTC;0;886,8;886,8;886,2;355;23,4;18,3;27,2;23,4;19,8;18,3;76;59;73;207;9,4;5,7;
2024/03/31;2100 UTC;0;886,6;886,8;886,3;87,2;23,2;17,5;23,7;23,2;17,9;17,5;73;68;70;168;9,4;2,1;
2024/03/31;2200 UTC;0;886,9;886,9;886,4;5,1;22,8;18,5;23,2;22,7;18,6;17,4;77;70;77;160;4,5;1,3;
2024/03/31;2300 UTC;0;887,4;887,4;886,9;;22,8;19,7;22,8;22,6;19,7;18,6;83;77;83;146;3,5;1,4;
2024/04/01;0000 UTC;0;887,7;887,7;887,4;;22,7;19,9;22,9;22,7;20;19,7;84;83;84;149;3,5;1,8;
2024/04/01;0100 UTC;0;888,1;888,1;887,7;;22,3;19,8;22,7;22,3;19,9;19,8;86;84;85;153;3,1;1,3;
2024/04/01;0200 UTC;0;888,5;888,5;888,1;;22,1;18,5;22,4;22,1;19,7;18,5;85;80;80;136;2,7;,6;
2024/04/01;0300 UTC;0;888,5;888,5;888,3;;22,6;17,6;22,6;22;18,5;17,6;80;74;74;120;2,6;,6;
2024/04/01;0400 UTC;0;888;888,5;888;;22,4;17,2;22,6;22,2;17,6;17,2;75;73;73;141;3,9;1,7;
2024/04/01;0500 UTC;0;887,8;888;887,8;;22,3;18,5;22,6;22,1;18,6;17,2;79;73;79;133;4,4;1,4;
2024/04/01;0600 UTC;0;887,8;887,8;887,6;;21,4;18,4;22,3;21,4;18,5;18,3;83;79;83;140;4,1;,3;
2024/04/01;0700 UTC;0;887,4;887,9;887,4;;21,4;18,9;21,4;21;18,9;18,3;86;83;85;149;2,6;,9;
2024/04/01;0800 UTC;0;887,6;887,6;887,3;;20,9;18,6;21,4;20,9;19;18,6;87;85;87;178;3;,1;
2024/04/01;0900 UTC;0;888,2;888,2;887,6;;19,2;18;20,9;19,1;18,7;17,8;93;87;93;27;2,3;,7;
2024/04/01;1000 UTC;0;888,5;888,5;888,1;100,6;20,6;19;20,7;19,2;19;18;93;90;90;46;2,8;1,8;
2024/04/01;1100 UTC;0;888,6;888,6;888,4;808,6;23,6;19,6;23,6;20,6;20,2;19;90;78;78;47;2,6;,9;
2024/04/01;1200 UTC;0;889;889;888,6;1659,8;23,8;20;25,4;23,4;20,3;19,3;81;70;79;344;5,3;3,5;
2024/04/01;1300 UTC;0;889,3;889,3;889;1732,5;24,7;20;25,8;23,1;20,9;19,7;84;72;75;13;6,5;2,6;
2024/04/01;1400 UTC;0;889;889,3;889;2699,8;25,4;19,9;26,1;24,7;21,2;19,4;76;68;72;18;7,4;2,7;
2024/04/01;1500 UTC;0;888,3;889;888,3;2141,5;25,9;19,9;26,1;25;20,7;19,3;74;68;70;1;7;2,3;
2024/04/01;1600 UTC;0;887,7;888,3;887,7;2930,3;26,4;20,3;27;25,5;21;19,4;72;65;69;3;6,1;3,1;
2024/04/01;1700 UTC;0;887;887,7;887;2987,2;27,6;19,2;27,9;26,3;21,3;18,6;72;58;60;11;6,6;3,2;
2024/04/01;1800 UTC;0;886;887,1;886;2095,4;27,5;19,4;27,6;26,5;20,1;18,4;67;59;61;359;6,2;2,6;
2024/04/01;1900 UTC;0;885,3;886;885,3;1290,2;26,2;18,2;27,5;26,2;19,7;17;63;53;62;353;6,4;2,6;
2024/04/01;2000 UTC;0;885,7;885,7;885,2;594,3;25,8;19,4;26,2;25,7;19,5;18,3;68;62;68;337;4,9;2,2;
2024/04/01;2100 UTC;0;885,7;885,9;885,7;222,8;24,5;19,9;25,8;24,5;20;19,3;76;68;76;347;3,7;1,2;
2024/04/01;2200 UTC;0;886,6;886,7;885,7;,2;23,7;20;24,5;23,7;20,2;19,9;80;76;80;341;2,6;,1;
2024/04/01;2300 UTC;0;887;887;886,5;;23,3;20,3;23,7;22,9;20,4;20;85;80;83;253;1,8;0;
2024/04/02;0000 UTC;0;887,4;887,4;887;;23,1;20,2;23,6;23;20,4;20,1;84;82;84;217;1,9;,6;
2024/04/02;0100 UTC;0;887,7;887,7;887,4;;22,4;19,9;23,1;22,4;20,3;19,9;86;84;86;123;1,9;0;
2024/04/02;0200 UTC;0;888,3;888,3;887,7;;21,5;19,6;22,4;21,5;20,3;19,5;90;86;89;40;2;,8;
2024/04/02;0300 UTC;0;888,3;888,6;888,3;;22,2;19,9;22,2;21,5;20,1;19,5;89;87;87;334;1,6;0;
2024/04/02;0400 UTC;0;888,2;888,3;888,2;;22,1;20,1;22,5;21,9;20,2;19,8;88;86;88;177;3,7;1,6;
2024/04/02;0500 UTC;0;887,9;888,2;887,9;;21,7;19,8;22,1;21,6;20,1;19,8;90;88;89;138;3,7;,2;
2024/04/02;0600 UTC;0;887,5;887,9;887,5;;21,5;19,7;21,8;21,5;19,8;19,7;90;89;89;108;2,6;0;
2024/04/02;0700 UTC;0;886,9;887,5;886,9;;21,4;19,8;21,5;21,1;19,8;19,5;91;89;91;176;1,4;0;
2024/04/02;0800 UTC;0;887,6;887,6;886,9;;21,3;19,9;21,5;21,1;19,9;19,7;92;90;92;129;2,9;0;
2024/04/02;0900 UTC;0;888,2;888,2;887,6;;20,8;18,9;21,7;20,8;20;18,9;92;89;89;167;6,4;2,9;
2024/04/02;1000 UTC;18,6;889,4;889,4;888,2;6,1;19,3;18,3;20,8;18,9;18,8;17,8;94;88;94;167;10,7;3,5;
2024/04/02;1100 UTC;2;889,6;889,7;889,1;103,4;19,5;18,6;19,6;19,1;18,6;18,1;94;94;94;138;6,7;,6;
2024/04/02;1200 UTC;0;890;890;889,6;521,9;20,8;19,6;20,8;19,5;19,6;18,6;94;92;93;136;3,5;,1;
2024/04/02;1300 UTC;0;890,1;890,2;890;1093;22,4;19,1;22,5;20,8;19,7;19,1;93;82;82;201;3,9;2,4;
2024/04/02;1400 UTC;,2;889,7;890,1;889,7;1675,1;23,9;19,4;24,1;22,2;20;18,6;84;75;76;250;3,8;1,3;
2024/04/02;1500 UTC;0;889,1;889,7;889,1;2462,4;25,4;19,3;25,6;23,9;20,7;18,5;77;68;69;234;4,8;2,4;
2024/04/02;1600 UTC;0;888;889,1;888;1754,8;25,2;18,4;26,2;24,6;19,6;17,8;72;61;66;244;6,9;4,3;
2024/04/02;1700 UTC;0;886,4;888;886,4;3749;26,6;18;27,1;25;19;17,4;67;57;59;248;6,9;2,3;
2024/04/02;1800 UTC;0;885,9;886,4;885,9;1385,8;24,1;18,6;27,5;24,1;19,9;17,6;72;57;72;183;5,8;3,4;
2024/04/02;1900 UTC;8,2;885,4;886,1;885,4;874,1;23,9;20,6;24,2;21,5;21;18,8;89;72;82;124;5,8;1,8;
2024/04/02;2000 UTC;0;885,7;885,7;885,2;979,9;24,1;19,6;24,2;23,9;20,9;19,4;83;76;76;81;4,1;2,1;
2024/04/02;2100 UTC;0;885,5;885,8;885,5;450,9;22,8;18,5;24,4;22,8;20;18,4;77;73;77;85;4,1;2,1;
2024/04/02;2200 UTC;0;885,9;885,9;885,5;3,9;21;18,8;22,8;21;18,8;18,4;87;77;87;75;4,1;1,9;
2024/04/02;2300 UTC;0;886,9;886,9;885,9;;21,6;18,6;21,9;20,7;18,8;18,2;87;82;83;82;2,7;,7;
2024/04/03;0000 UTC;0;888;888;886,9;;21,4;17,9;21,9;21,1;18,7;17,8;83;79;81;57;2;,8;
2024/04/03;0100 UTC;0;888,5;888,5;888;;21;18,5;21,9;20,9;18,5;17,9;86;80;86;88;2;0;
2024/04/03;0200 UTC;0;888,7;888,8;888,4;;20,6;19;21,6;20,6;19;18,6;90;84;90;155;6,4;3,1;
2024/04/03;0300 UTC;0;888,5;888,7;888,4;;20,2;19;20,7;20,2;19,1;18,9;92;90;92;128;6,1;1,1;
2024/04/03;0400 UTC;0;887,7;888,5;887,7;;20,3;18,6;20,4;20,2;19;18,6;92;90;90;126;3,4;,7;
2024/04/03;0500 UTC;0;886,8;887,7;886,8;;19,8;18,2;20,4;19,7;18,6;18,1;91;89;91;107;2,5;,3;
2024/04/03;0600 UTC;0;886,4;886,8;886,4;;19,2;18;19,9;19,1;18,3;17,9;93;90;93;63;2,5;1,6;
2024/04/03;0700 UTC;0;886,3;886,5;886,3;;19,6;17,8;20,2;19,2;18,5;17,8;93;88;89;76;2,6;1;
2024/04/03;0800 UTC;0;886,5;886,5;886,2;;19,3;17,6;19,7;19,3;18,1;17,6;91;89;90;51;2,5;1,5;
2024/04/03;0900 UTC;0;886,8;886,8;886,5;;19,1;17,6;19,6;18,9;18;17,3;93;89;91;51;2,9;,3;
2024/04/03;1000 UTC;0;887,7;887,7;886,8;72,8;20;18,2;20;18,7;18,2;17,1;92;89;90;75;2,5;1,5;
2024/04/03;1100 UTC;0;888,3;888,3;887,7;577,8;21,6;18,9;21,7;20;19,2;18,2;90;84;85;60;4;1,8;
2024/04/03;1200 UTC;0;889;889;888,3;1200,1;24,2;20,2;24,2;21,6;20,8;19;87;78;78;41;4,5;2,6;
2024/04/03;1300 UTC;0;889,1;889,2;889;2570,7;25,3;19,9;25,6;24,1;20,6;19,2;79;71;72;9;6,1;2,3;
2024/04/03;1400 UTC;0;889;889,2;889;2872,1;25,1;19,7;25,6;24,6;20;18,6;74;67;72;8;6,9;3;
2024/04/03;1500 UTC;0;888,4;889;888,4;3038,2;26,3;18,9;26,7;24,8;20,5;18,8;73;63;64;10;5,8;2,8;
2024/04/03;1600 UTC;0;887,4;888,4;887,4;3199,9;27,3;19,1;27,3;26,3;20;18,2;67;59;61;342;7,4;1,8;
2024/04/03;1700 UTC;0;886,6;887,4;886,6;1036,6;24,3;19,1;27,4;23,6;20,1;17,6;73;58;73;159;5,8;2;
2024/04/03;1800 UTC;0;886,1;886,6;886;2354,3;27,1;18,9;27,1;24,3;19,9;17,9;74;60;61;142;4,7;1,1;
2024/04/03;1900 UTC;0;886;886,1;885,9;1117,4;25,1;19,1;27;25,1;19,4;18,3;71;60;69;92;4,3;1,8;
2024/04/03;2000 UTC;0;886,5;886,5;885,8;340,4;24,1;19,9;25,4;24,1;19,9;18,9;77;68;77;201;3,5;,8;
2024/04/03;2100 UTC;0;887,2;887,2;886,5;107,4;22,7;19,3;24,2;22,7;20,2;18,6;82;74;81;16;3,9;,9;
2024/04/03;2200 UTC;0;887,9;887,9;886,9;;20,8;18,3;22,7;20,8;19,4;18;85;81;85;15;4,6;2,2;
2024/04/03;2300 UTC;0;889,2;889,2;887,9;;20,9;18,8;21;20,8;18,9;18,3;88;85;88;293;4,7;,3;
2024/04/04;0000 UTC;,4;889,6;889,6;889,1;;20,5;19,2;21;20,5;19,2;18,6;92;87;92;209;1,7;0;
2024/04/04;0100 UTC;1;888,9;889,6;888,9;;20,4;19,1;20,5;20,2;19,2;18,7;93;91;92;91;2,4;1,3;
2024/04/04;0200 UTC;,2;887,9;888,9;887,9;;20,2;19,1;20,6;20,2;19,2;18,9;93;91;93;59;3,5;1,8;
2024/04/04;0300 UTC;,2;887,7;887,9;887,7;;20,7;18,9;20,9;20,2;19,3;18,8;93;89;89;129;4,3;,3;
2024/04/04;0400 UTC;0;888;888,1;887,7;;20,4;19,1;20,7;20,4;19,1;18,8;92;89;92;208;2,6;1,8;
2024/04/04;0500 UTC;0;887,9;888,1;887,9;;20,2;19,1;20,4;20,2;19,2;19;93;92;93;150;2,9;1,4;
2024/04/04;0600 UTC;0;887,5;887,9;887,5;;20;18,9;20,2;19,8;19;18,7;94;93;93;109;3,1;,7;
2024/04/04;0700 UTC;0;887,5;887,6;887,5;;20,1;18,3;20,3;19,9;18,9;18,3;93;89;89;96;2,5;1,7;
2024/04/04;0800 UTC;0;887,6;887,6;887,4;;19,9;18,2;20,5;19,9;18,5;18,2;90;88;90;71;3;1,2;
2024/04/04;0900 UTC;0;888,1;888,1;887,6;;20,6;18,9;20,6;19,8;18,9;18,2;92;90;90;75;3,4;2,1;
2024/04/04;1000 UTC;0;888,9;888,9;888,1;80,4;21,2;19,5;21,2;20,5;19,6;18,8;92;89;90;40;3,2;0;
2024/04/04;1100 UTC;0;889,4;889,4;888,9;593,6;22,5;19,9;22,6;21,2;20,2;19,3;90;85;85;2;3,2;,7;
2024/04/04;1200 UTC;0;890,3;890,3;889,4;1005,6;23,1;20,3;23,4;22,4;20,6;19,7;87;83;84;344;4,1;2,3;
2024/04/04;1300 UTC;0;890,5;890,5;890,3;1331,6;24,4;20,5;24,4;23,1;21,1;20,3;86;79;79;345;4,1;2,2;
2024/04/04;1400 UTC;6,2;890,1;890,6;890,1;536,4;21,2;19,2;24,5;20,1;20,8;17,7;90;73;88;133;7;2,6;
2024/04/04;1500 UTC;0;889,3;890,1;889,3;1215,9;23,8;19,9;23,8;21,2;20;18,9;88;77;79;98;4,7;2,3;
2024/04/04;1600 UTC;0;888,7;889,3;888,7;562,3;21,6;19,2;24,2;21,2;21;18,7;87;75;86;13;4,9;1,4;
2024/04/04;1700 UTC;0;888,1;888,7;888,1;822,2;22,2;19,7;22,7;21,5;19,8;18,5;86;81;86;76;5,8;2,2;
2024/04/04;1800 UTC;,2;887,2;888,1;887,2;1759,4;23,2;20,1;23,2;21,9;20,6;18,8;88;79;83;59;5,1;2,1;
2024/04/04;1900 UTC;,2;886,6;887,2;886,6;1494,8;24,2;18,8;24,6;23,1;20,1;18,7;83;71;72;30;5,1;2,2;
2024/04/04;2000 UTC;0;887;887;886,5;493,9;23;19,8;24,2;23;19,8;18,5;82;71;82;23;4,1;1,9;
2024/04/04;2100 UTC;0;887,6;887,6;887;130,9;22,2;20,1;23,1;22,2;20,1;19,6;88;81;88;52;4,1;,4;
2024/04/04;2200 UTC;0;888,1;888,1;887,6;;21,8;19,1;22,2;21,6;20,1;19;91;83;85;78;2,5;,9;
2024/04/04;2300 UTC;0;888,8;888,8;888;;21,3;19,1;21,8;21,3;19,4;19,1;88;85;87;34;4;0;
2024/04/05;0000 UTC;0;889,7;889,7;888,8;;21,8;19,4;22;21,1;19,5;19,1;90;85;86;82;3,6;2,5;
2024/04/05;0100 UTC;0;890;890;889,6;;21,5;19,3;22;21,4;19,4;19,2;88;85;87;98;3,6;,4;
2024/04/05;0200 UTC;0;889,6;890;889,6;;21;19,4;21,5;21;19,5;19,2;91;87;90;318;1,9;0;
2024/04/05;0300 UTC;0;889,5;889,8;889,5;;20,7;19,2;21,2;20,7;19,4;19,1;91;89;91;208;1,1;0;
2024/04/05;0400 UTC;0;889,2;889,6;889,2;;20,6;19,3;20,9;20,6;19,4;19,2;92;91;92;140;1,1;0;
2024/04/05;0500 UTC;0;888,5;889,2;888,5;;20,6;19;20,8;20,6;19,4;19;92;90;90;99;2,2;,5;
2024/04/05;0600 UTC;0;888;888,5;888;;20,1;18,7;20,6;20;19,1;18,6;92;90;92;65;3,1;,5;
2024/04/05;0700 UTC;0;887,8;888,1;887,8;;20;18,6;20,3;19,9;19;18,4;92;91;91;78;2;0;
2024/04/05;0800 UTC;0;887,7;887,9;887,6;;19,2;17,9;20;19,2;18,7;17,9;94;91;93;33;2,1;0;
2024/04/05;0900 UTC;0;888,1;888,1;887,7;;19,8;18,6;19,9;19,1;18,8;18;94;92;92;316;1,8;0;
2024/04/05;1000 UTC;0;888,7;888,7;888,1;63,5;20,4;18,5;20,5;19,6;18,5;18,2;92;88;89;48;4,4;2,5;
2024/04/05;1100 UTC;0;889,7;889,7;888,7;382,4;21,9;18,7;21,9;20,4;19,1;18,4;89;82;82;100;3,8;1,2;
2024/04/05;1200 UTC;0;890,1;890,1;889,7;795;22,9;18,4;22,9;21,9;19;18,2;84;76;76;62;4,1;2;
2024/04/05;1300 UTC;0;890,6;890,6;890,1;1641,8;23,7;20,1;24,5;22,9;20,1;18;81;70;80;342;5;2,7;
2024/04/05;1400 UTC;0;890,5;890,7;890,5;1851,8;24;19,3;24,4;23,4;20;18,9;81;73;75;356;6,2;3;
2024/04/05;1500 UTC;0;889,9;890,5;889,9;1832,2;24,7;19,3;24,7;24;19,9;18,1;76;68;72;13;5;2,3;
2024/04/05;1600 UTC;0;888,7;889,9;888,7;2495,4;25,7;18,4;25,9;24,4;20;17,4;72;62;64;25;4,9;2;
2024/04/05;1700 UTC;0;887,5;888,7;887,5;3076,7;26,8;17,8;26,8;25,4;20;16,3;69;53;58;308;5,2;1,3;
2024/04/05;1800 UTC;0;886,7;887,5;886,7;3185,5;27,5;18;28;26,8;19,2;16,9;61;52;56;322;4,9;2,3;
2024/04/05;1900 UTC;1,8;886,4;886,8;886,4;785,1;25;21,5;27,5;23,2;21,6;17,6;84;56;81;85;7,4;0;
2024/04/05;2000 UTC;,2;886,6;886,6;886,3;1216,1;26,8;19,6;27,6;25;21,5;18;81;58;65;359;2,2;,3;
2024/04/05;2100 UTC;0;887,1;887,1;886,6;173,5;23,4;19,4;26,9;23,4;19,6;17,8;78;61;78;50;2,3;,7;
2024/04/05;2200 UTC;0;887,3;887,3;887;,1;22,9;18,8;23,4;22,7;19,4;18,7;81;76;78;241;2,4;0;
2024/04/05;2300 UTC;2,8;888;888,1;887,3;;20,6;18,8;23,5;20,6;19,2;18,6;89;75;89;169;7,1;1,9;
2024/04/06;0000 UTC;,4;888,9;888,9;888;;20,1;18,7;20,7;20,1;19,1;18,7;92;89;92;355;4,9;1,7;
2024/04/06;0100 UTC;,2;889,3;889,3;888,8;;20,4;19,3;20,4;20,1;19,3;18,7;94;92;93;36;3,8;1,4;
2024/04/06;0200 UTC;1,2;889,2;889,4;889,2;;20,4;19,4;20,4;20,2;19,4;19,2;94;93;94;79;3,8;,7;
2024/04/06;0300 UTC;0;889;889,2;889;;20,1;19,1;20,7;20,1;19,5;18,9;94;92;94;233;2,8;0;
2024/04/06;0400 UTC;0;888,5;889;888,5;;19,8;18,9;20,1;19,8;19,1;18,9;95;94;95;115;1,9;,2;
2024/04/06;0500 UTC;0;887,9;888,4;887,9;;20,3;18,3;20,6;19,6;19,5;18,3;95;88;88;78;3;1;
2024/04/06;0600 UTC;0;887,3;887,9;887,3;;19,5;18,2;20,5;19,4;18,7;18,1;92;88;92;50;2,9;0;
2024/04/06;0700 UTC;0;887;887,3;887;;20;18,7;20;19,3;18,7;18,1;93;92;93;31;2,6;,8;
2024/04/06;0800 UTC;0;887,2;887,2;887;;20,2;18,8;20,5;19,9;19;18,6;93;91;92;139;2,2;0;
2024/04/06;0900 UTC;0;887,5;887,5;887,2;;19,4;18,4;20,2;19,1;18,8;17,9;94;92;94;89;1,9;,1;
2024/04/06;1000 UTC;0;888,3;888,3;887,4;91;20,6;19,1;20,6;19,4;19,3;18,4;94;91;91;92;2;,2;
2024/04/06;1100 UTC;0;889;889;888,3;663,3;22,4;19,2;22,6;20,1;19,7;18,5;91;82;82;42;3,8;1,6;
2024/04/06;1200 UTC;0;889,6;889,6;889;1697,9;24,6;19;24,6;22,4;19,7;18,6;83;71;71;52;4,6;2,1;
2024/04/06;1300 UTC;0;890;890;889,6;1842,1;25,1;19,1;25,5;23,5;19,8;18,5;77;68;69;8;6,2;3,3;
2024/04/06;1400 UTC;0;889,6;890;889,6;2549;25,8;20,3;25,8;24,1;20,3;17,9;75;67;72;14;7,3;3,4;
2024/04/06;1500 UTC;0;888,7;889,6;888,7;2261,5;25,6;19,5;26,6;24,9;20;18,1;71;63;69;345;7,3;1,8;
2024/04/06;1600 UTC;0;887,6;888,7;887,6;3436,7;26,6;18,5;27,2;25,6;20,2;18,2;69;60;61;2;5,9;2,9;
2024/04/06;1700 UTC;0;886,4;887,7;886,4;3269,9;27,7;18,2;27,9;26,5;19,4;16,7;63;51;56;12;6,2;3;
2024/04/06;1800 UTC;0;886,4;886,5;886,3;1412,6;24,5;19,4;27,7;24,4;19,7;16,9;74;55;73;345;7,1;2,2;
2024/04/06;1900 UTC;0;886,6;886,7;886,2;424,8;20,6;18,7;24,4;20,6;20,3;18,5;89;73;89;69;7,7;3,5;
2024/04/06;2000 UTC;2,8;887;887;886,2;205,6;21;19,4;21,4;20,2;19,9;18,6;92;89;90;147;5,5;1;
2024/04/06;2100 UTC;0;887;887,1;886,9;62,9;21,1;19,7;21,3;21;19,9;19,3;92;89;92;189;3;0;
2024/04/06;2200 UTC;0;887,4;887,4;887;;21;19,9;21,2;21;19,9;19,7;93;92;93;62;1,6;,3;
2024/04/06;2300 UTC;,2;888;888;887,4;;21;19,5;21;20,8;19,9;19,5;94;91;91;2;2,2;1,1;
2024/04/07;0000 UTC;0;888,6;888,6;888;;20,6;19;21;20,6;19,4;19;92;90;91;15;3;1,2;
2024/04/07;0100 UTC;0;888,7;888,8;888,6;;20,3;19;20,6;20,3;19,3;19;93;91;92;39;2,8;1;
2024/04/07;0200 UTC;0;889,2;889,2;888,7;;19,7;18,3;20,3;19,7;19;18,2;92;89;92;33;3,1;1,1;
2024/04/07;0300 UTC;0;889,2;889,2;889,1;;19,5;18,5;19,8;19,4;18,7;18,2;94;92;94;21;2,8;0;
2024/04/07;0400 UTC;0;888,7;889,2;888,7;;19,8;18,3;20,1;19,3;18,9;18,3;94;91;91;65;1,9;,6;
2024/04/07;0500 UTC;0;888,4;888,7;888,4;;19,4;18,2;19,8;19,1;18,4;17,9;93;91;93;13;1,9;,1;
2024/04/07;0600 UTC;0;888,1;888,4;888,1;;19,4;18,1;19,7;19,2;18,5;18;93;92;92;73;1,8;,5;
2024/04/07;0700 UTC;0;888,1;888,2;888,1;;19,6;18,1;20;19,2;18,6;17,9;93;91;91;64;2,7;1,7;
2024/04/07;0800 UTC;0;888,2;888,3;888,1;;20;18,3;20,1;19,4;18,5;18;93;90;90;42;3,4;2,1;
2024/04/07;0900 UTC;0;888,6;888,6;888,2;;19,9;18,2;20;19,4;18,5;18;92;90;90;77;3,4;1,8;
2024/04/07;1000 UTC;0;889,1;889,1;888,6;110,5;20,5;18,5;20,5;19,8;18,6;18,1;91;89;89;41;3,4;1,7;
2024/04/07;1100 UTC;0;889,6;889,7;889,1;567,6;21,8;19,2;21,8;20,4;19,2;18,4;89;84;85;43;6,1;2,7;
2024/04/07;1200 UTC;0;890,1;890,2;889,6;1380,2;23;18,8;23,1;21,8;19,5;18,5;85;76;77;53;7,1;3,4;
2024/04/07;1300 UTC;0;890,3;890,3;890,1;1995,8;23,8;18,7;24,4;22,6;19,6;18,3;79;71;73;64;8,4;3,8;
2024/04/07;1400 UTC;0;889,9;890,3;889,9;2514,5;24,9;18,9;25;23,7;19,7;18,1;75;67;69;53;9,3;4,4;
2024/04/07;1500 UTC;0;889,1;889,9;889,1;3165,4;26,1;18,7;26,5;24,5;19,5;17,7;70;61;64;42;9,3;4;
2024/04/07;1600 UTC;0;888,2;889,1;888,2;2759,1;25,8;17,9;27;24,8;19,7;17,8;70;59;62;56;9,2;4,2;
2024/04/07;1700 UTC;0;887,2;888,2;887,2;1750,2;25,9;18;27,4;25,2;19,3;17,8;66;57;62;51;8,5;3;
2024/04/07;1800 UTC;0;886,7;887,2;886,7;2632,3;26,1;18,1;27,4;25,4;19,6;17,8;68;57;61;73;8,1;3,8;
2024/04/07;1900 UTC;0;886,6;886,8;886,6;803,3;25,2;18,8;26,3;24,8;19,5;17,7;71;62;68;46;7,6;4,3;
2024/04/07;2000 UTC;0;887,1;887,1;886,6;637,9;22,3;18,8;25,7;22,3;19,1;18,5;81;66;81;84;10,4;4,1;
2024/04/07;2100 UTC;0;887,6;887,6;887;109,1;22,7;18,4;22,8;22,2;19;18,4;81;77;77;37;6,5;1,3;
2024/04/07;2200 UTC;0;888;888;887,6;;21,3;18,8;22,8;21,3;19;18,3;86;76;85;23;4,1;1,3;
2024/04/07;2300 UTC;0;888,7;888,7;888;;21,2;18,4;21,3;20,8;18,7;18,2;86;83;84;37;4,3;1,4;
2024/04/08;0000 UTC;0;889,1;889,1;888,7;;20,4;18,2;21,2;20,4;18,4;18,2;87;83;87;54;3,7;1,8;
2024/04/08;0100 UTC;0;889,1;889,2;889,1;;21,1;18,1;21,6;20,4;18,4;18,1;87;81;83;101;4;1,7;
2024/04/08;0200 UTC;0;889,4;889,5;889,1;;20,6;17,8;21,2;20,6;18,2;17,8;84;83;84;104;4,1;0;
2024/04/08;0300 UTC;0;889,5;889,6;889,4;;20,6;18;21,3;20,3;18,1;17,8;86;81;85;75;5;1,7;
2024/04/08;0400 UTC;0;889,2;889,6;889,2;;20,7;17,6;20,7;20,2;18;17,6;86;82;82;68;4,1;1,5;
2024/04/08;0500 UTC;0;888,9;889,2;888,8;;20,8;17,1;21;20,7;17,5;17,1;82;79;79;69;5,5;2,6;
2024/04/08;0600 UTC;0;888,4;888,9;888,4;;20,7;16,9;20,9;20,6;17,2;16,9;81;79;79;77;6,8;3,6;
2024/04/08;0700 UTC;0;888,1;888,4;888,1;;20,6;16,7;20,8;20,5;16,9;16,6;79;77;78;83;6,8;3,2;
2024/04/08;0800 UTC;0;888;888,1;888;;20,3;16,4;20,6;20,3;16,7;16,3;79;77;78;70;6,6;3,1;
2024/04/08;0900 UTC;0;888,4;888,4;888;;20,1;16,2;20,4;20;16,4;16,2;79;78;79;82;7,4;4,3;
2024/04/08;1000 UTC;0;889;889;888,4;74,8;19,9;15,6;20,1;19,7;16,2;15,6;80;76;76;51;7,4;3,7;
2024/04/08;1100 UTC;0;889,3;889,3;889;615,3;21,2;15,4;21,7;19,9;16,1;15,4;76;69;70;67;9,7;4,8;
2024/04/08;1200 UTC;0;889,7;889,8;889,3;1534,1;22,9;16,6;23;21,2;16,6;15,5;71;66;68;58;9,7;5,4;
2024/04/08;1300 UTC;0;889,9;890;889,7;2429,2;24,6;16,4;25,1;22,9;17,3;16;67;59;60;51;9,1;4,4;
2024/04/08;1400 UTC;0;889,4;889,9;889,4;2951,3;25,7;17,7;26,2;24,4;17,7;15,7;61;54;61;24;7,6;3,2;
2024/04/08;1500 UTC;0;888,7;889,4;888,7;3208,4;25,5;17,7;26,5;25;19,1;17,3;65;61;62;353;8,1;3,7;
2024/04/08;1600 UTC;0;888;888,7;887,9;3332,2;26,7;18,7;26,7;25,1;19;17,3;65;58;62;12;7,5;3,6;
2024/04/08;1700 UTC;0;887,5;888;887,5;3423,1;26,6;18,1;27,1;25,8;19,1;17,5;64;58;60;339;7,1;3,9;
2024/04/08;1800 UTC;0;886,8;887,5;886,8;2925,6;26,7;18,1;27,5;26;19,1;17,3;61;56;59;1;7,1;3;
2024/04/08;1900 UTC;0;886,2;886,8;886,2;2157,2;26,8;18,3;27,3;26,5;18,5;17,4;61;55;60;355;6,9;3,1;
2024/04/08;2000 UTC;0;886,3;886,3;886,1;1242,8;26;17,6;26,9;26;18,4;17,2;61;57;60;349;6,4;2,2;
2024/04/08;2100 UTC;0;886,4;886,4;886,3;407,2;24,3;18,1;26,2;24,3;18,1;17,3;68;59;68;14;4,1;,3;
2024/04/08;2200 UTC;0;886,8;886,8;886,3;,1;22,8;17,9;24,3;22,4;18,4;17,9;78;68;74;78;2,3;1,2;
2024/04/08;2300 UTC;0;887,2;887,2;886,8;;21,3;18,2;23;21,3;18,3;17,8;82;73;82;64;3;1,5;
2024/04/09;0000 UTC;0;888;888;887,2;;21,6;18,1;22,5;21,3;18,3;18;82;77;80;77;4,1;2,2;
2024/04/09;0100 UTC;0;888,2;888,2;888;;21,3;16,9;21,6;21;18;16,9;82;76;76;78;3,8;2,4;
2024/04/09;0200 UTC;0;888,6;888,6;888,2;;21,3;16,5;21,5;21;16,9;16,4;77;73;74;66;3,7;2,1;
2024/04/09;0300 UTC;0;888,9;888,9;888,6;;21,6;16,6;21,7;21,1;16,7;16,4;75;72;73;47;3,7;2,3;
2024/04/09;0400 UTC;0;888,6;889;888,6;;21;17;22;20,2;17;16,6;81;73;78;94;5,6;,8;
2024/04/09;0500 UTC;0;888,4;888,6;888,3;;19,7;17,4;21;19,3;17,4;16,8;87;78;87;67;5,6;1,9;
2024/04/09;0600 UTC;0;888,2;888,5;888,2;;19,7;17,3;20,4;19,7;17,8;17,2;87;84;86;62;5,7;2,5;
2024/04/09;0700 UTC;0;888;888,2;888;;19,6;17;19,9;19,4;17,4;17;86;85;85;49;5,2;3,6;
2024/04/09;0800 UTC;0;888,1;888,2;888;;18,9;16,7;19,6;18,9;17;16,6;87;85;87;45;6,4;2,7;
2024/04/09;0900 UTC;0;888,4;888,5;888,1;;18,7;16,4;19,1;18,6;16,9;16,4;88;86;87;36;4,2;2,1;
2024/04/09;1000 UTC;0;888,9;888,9;888,4;118,2;19,6;17;19,6;18,5;17;16,4;89;85;85;43;4,7;2,8;
2024/04/09;1100 UTC;0;889,3;889,3;888,9;563,2;22,1;17,8;22,2;19,6;18,1;17,1;86;75;77;25;4,7;2,6;
2024/04/09;1200 UTC;0;889,8;889,8;889,2;1694,1;24,4;17,9;25;22,1;18,5;17;77;65;67;6;8,2;2,2;
2024/04/09;1300 UTC;0;890,1;890,2;889,8;2507,1;25,7;17;26,3;24,3;18,2;16,6;67;57;59;6;6,3;3,1;
2024/04/09;1400 UTC;0;889,9;890,1;889,8;3036,1;26;16,8;26,6;25,5;17,7;15,9;61;52;57;355;6,5;3,6;
2024/04/09;1500 UTC;0;889,4;889,9;889,4;3405,4;26,9;17;27,3;26,1;18;16,1;58;51;54;358;6,6;2,9;
2024/04/09;1600 UTC;0;888,3;889,4;888,3;3387,6;27,8;16,2;28,4;26,7;17,7;15,3;55;46;49;341;5,7;2,1;
2024/04/09;1700 UTC;0;887,5;888,3;887,5;2756,5;27,5;16,6;28,5;26,9;17;14,9;55;45;51;352;5,2;2,1;
2024/04/09;1800 UTC;0;886,6;887,5;886,6;2672;29,1;16,7;29,1;27;17,2;15,7;52;46;47;300;8,2;1,7;
2024/04/09;1900 UTC;0;886;886,6;886;1473,8;28,5;16,5;29,1;27,6;17,1;15,3;51;46;48;35;5,2;,8;
2024/04/09;2000 UTC;0;885,9;886;885,8;1062,6;27;17,2;29,2;26,9;17,7;16,4;56;46;55;331;5,1;2,3;
2024/04/09;2100 UTC;0;886,4;886,4;885,9;275,4;25,3;17,9;27,3;25,3;18;16,8;63;52;63;78;4,9;1,5;
2024/04/09;2200 UTC;0;886,7;886,8;886,4;;22,7;18;25,3;22,7;18;17,2;75;64;75;184;5,6;2,4;
2024/04/09;2300 UTC;0;887,1;887,1;886,7;;22,5;17,9;22,9;21,6;18,3;17,7;81;73;75;91;3,9;1,9;
2024/04/10;0000 UTC;0;887,4;887,4;887,1;;22,1;18,6;23,8;22,1;18,6;17,5;81;68;81;66;3,1;0;
2024/04/10;0100 UTC;0;887,8;887,9;887,4;;22,5;18,1;23,1;21,9;18,9;17,9;82;73;76;38;2,6;,6;
2024/04/10;0200 UTC;0;888,1;888,1;887,8;;22,7;17,8;23;22,2;18,6;17,8;79;73;74;19;2,1;0;
2024/04/10;0300 UTC;0;888,1;888,4;888,1;;21,8;19,4;22,9;21,8;19,4;18;86;74;86;176;6,3;1,7;
2024/04/10;0400 UTC;0;887,8;888,1;887,8;;21,4;19,5;21,8;21,4;19,5;19,4;89;86;89;151;4,1;1,7;
2024/04/10;0500 UTC;0;887,6;887,8;887,6;;21,3;19,4;21,4;21,2;19,5;19,3;89;89;89;159;3,5;1,7;
2024/04/10;0600 UTC;0;887,2;887,7;887,2;;21,1;19,4;21,3;21;19,5;19,3;90;89;90;134;2,8;,1;
2024/04/10;0700 UTC;0;886,9;887,2;886,8;;20,7;19,1;21,2;20,7;19,4;19,1;91;89;91;129;1,9;0;
2024/04/10;0800 UTC;0;886,7;886,9;886,6;;20,7;18,4;20,9;20,3;19,1;18,3;91;86;87;107;3,2;,6;
2024/04/10;0900 UTC;0;887,1;887,1;886,7;;21,2;18,6;21,2;20,7;18,7;18,4;87;85;85;101;4,7;2,4;
2024/04/10;1000 UTC;0;887,8;887,8;887,1;51,4;20,6;18,4;21,2;20,4;18,6;18,1;87;85;87;14;4,1;0;
2024/04/10;1100 UTC;0;888,4;888,4;887,8;404,1;22,6;18,8;22,6;20,6;18,9;18,5;87;79;79;88;4;2,5;
2024/04/10;1200 UTC;0;889,2;889,2;888,4;1612,7;25;18,9;25;22,6;19;18,2;79;68;69;63;5,5;2,4;
2024/04/10;1300 UTC;0;889,4;889,4;889,2;1529,5;24,6;18,6;26,1;24,4;19,2;17,7;71;62;69;12;5,5;1,2;
2024/04/10;1400 UTC;0;888,7;889,4;888,7;1943,8;25,8;18,3;26,6;24,4;19,4;18,1;71;62;63;12;6,9;3,3;
2024/04/10;1500 UTC;0;887,9;888,7;887,9;3491,6;27,6;18,4;27,6;25,3;19,9;17,3;67;54;57;344;7,9;3,4;
2024/04/10;1600 UTC;0;886,9;887,9;886,9;3638,8;27,5;17,1;28,1;27;18,4;16,5;58;51;53;335;6,6;3,7;
2024/04/10;1700 UTC;0;886;886,9;886;2238,7;27;16,5;28,5;27;17,8;15,4;56;45;53;347;6;2,3;
2024/04/10;1800 UTC;0;885,3;886;885,3;868,8;26,5;17,4;27,4;25,4;18,2;16,3;63;52;57;154;4,6;,6;
2024/04/10;1900 UTC;,2;885;885,4;885;405,7;23,3;19,4;26,6;23,2;19,8;16,7;81;55;78;117;5,7;2,4;
2024/04/10;2000 UTC;14,2;885,7;885,8;885;105,8;19,2;17,1;23,3;18,8;19,4;17;91;76;88;31;8,5;1,9;
2024/04/10;2100 UTC;,8;886,1;886,1;885,6;25,6;20,2;18,7;20,6;19,2;19;17,1;92;88;91;281;4,6;,7;
2024/04/10;2200 UTC;1;886,6;886,6;886,1;;20,4;19,1;20,4;20,1;19,1;18,7;93;91;92;64;2,8;,3;
2024/04/10;2300 UTC;,8;887,2;887,2;886,6;;20,4;19;20,7;20,4;19,1;18,8;92;90;92;287;2,8;,4;
2024/04/11;0000 UTC;0;887,7;887,7;887,2;;20,1;19,1;20,4;20,1;19,1;18,9;94;92;94;241;3,9;2,3;
2024/04/11;0100 UTC;0;888,2;888,2;887,7;;20,1;19,2;20,2;19,8;19,2;18,9;95;94;95;171;3,9;1,3;
2024/04/11;0200 UTC;0;888,6;888,7;888,2;;20,3;19,3;20,4;20,1;19,4;19,2;95;94;94;143;4,2;2;
2024/04/11;0300 UTC;0;888,4;888,7;888,4;;20,4;19;20,4;20,3;19,3;19;94;92;92;132;4,1;,7;
2024/04/11;0400 UTC;0;888,2;888,4;888,2;;20;18,7;20,5;20;19;18,7;92;91;92;52;2,9;0;
2024/04/11;0500 UTC;,2;887,9;888,2;887,9;;20,3;18,9;20,3;20;19;18,7;93;91;91;161;1,9;0;
2024/04/11;0600 UTC;0;887,6;887,9;887,6;;20,3;19;20,3;20;19;18,6;93;91;92;129;1,4;0;
2024/04/11;0700 UTC;0;887,3;887,6;887,2;;19,8;18,5;20,4;19,8;19;18,5;92;91;92;49;2;1;
2024/04/11;0800 UTC;0;887,5;887,5;887,2;;20,2;18,3;20,3;19,8;18,6;18,2;92;89;89;213;2;0;
2024/04/11;0900 UTC;0;887,9;887,9;887,5;;19,8;18,4;20,2;19,8;18,6;18,3;92;89;92;51;1,9;1,4;
2024/04/11;1000 UTC;0;888,4;888,4;887,9;39,2;20,7;18,6;20,8;19,8;18,6;18,1;92;85;88;97;2,1;,2;
2024/04/11;1100 UTC;0;889,3;889,3;888,4;325,9;21,8;18,9;21,8;20,7;18,9;17,9;88;81;83;63;2,7;0;
2024/04/11;1200 UTC;0;889,6;889,7;889,3;984,2;23,5;18,7;23,6;21,8;19,5;18;84;74;74;302;1,4;,1;
2024/04/11;1300 UTC;0;890;890;889,6;1989,4;24,3;18,5;24,6;23,5;19,6;17,2;75;65;70;268;3,9;2,1;
2024/04/11;1400 UTC;0;889,5;890;889,5;1914,2;23,8;18,7;25,3;23,7;19,7;17,8;78;67;73;244;5,5;1,7;
2024/04/11;1500 UTC;,6;889,6;889,7;889,4;118,4;20,4;18,8;23,7;20,4;19,3;18,3;90;73;90;112;5,3;2,5;
2024/04/11;1600 UTC;,2;889;889,6;889;420,2;20,6;18,8;20,7;20,4;18,9;18,6;90;89;90;63;7,2;2,7;
2024/04/11;1700 UTC;,8;887,7;889;887,7;905,4;21,6;19,4;21,6;20,6;19,7;18,8;91;87;88;81;5,4;3,1;
2024/04/11;1800 UTC;,2;887,2;887,7;887,2;2484,2;25,2;19,4;25,2;21,6;20,8;18,4;88;69;70;77;5;2;
2024/04/11;1900 UTC;0;886,6;887,2;886,6;2189;25,9;17,5;26,2;25;19,6;17,1;71;58;60;98;4,6;,2;
2024/04/11;2000 UTC;0;886,5;886,6;886,4;327,8;23,2;19,9;25,9;23;19,9;17,1;82;59;82;25;4,3;1,3;
2024/04/11;2100 UTC;0;886,8;886,8;886,4;368,6;22,6;19,5;23,9;22,6;20,4;19,4;83;77;83;357;3,3;1,2;
2024/04/11;2200 UTC;0;887,7;887,7;886,8;;20,8;19,1;22,6;20,8;19,5;19,1;91;83;90;68;3,1;1,8;
2024/04/11;2300 UTC;0;888,1;888,1;887,7;;21,3;18,9;21,3;20,8;19;17,9;90;82;86;94;5;2,9;
2024/04/12;0000 UTC;0;888,8;888,8;888,1;;20,4;18,6;21,5;20,3;18,9;18,2;89;84;89;201;5;,1;
2024/04/12;0100 UTC;0;889,1;889,3;888,8;;21,9;17,5;22;20,4;18,9;17,5;90;75;76;90;5,6;3,2;
2024/04/12;0200 UTC;0;889;889,1;888,9;;21,4;17,7;22;21;17,7;17,2;80;75;79;104;5,6;3;
2024/04/12;0300 UTC;0;888,9;889;888,8;;19,7;17,2;21,4;19,7;17,7;17,1;86;79;86;275;5,5;0;
2024/04/12;0400 UTC;0;888,8;888,9;888,7;;20,5;16,7;20,6;19,6;17,4;16,7;86;79;79;97;2,5;1;
2024/04/12;0500 UTC;0;888,6;888,9;888,6;;21,2;17;21,2;19,1;17,3;16,4;86;77;77;92;2,5;,4;
2024/04/12;0600 UTC;0;888,2;888,6;888,2;;20,3;17;21,5;20,3;17,4;16,8;82;75;81;31;2,7;0;
2024/04/12;0700 UTC;0;887,9;888,2;887,9;;21,1;16,8;21,5;20,2;17,3;16,7;82;75;77;123;2,9;,6;
2024/04/12;0800 UTC;0;888;888;887,8;;20,3;16,7;21,2;20,3;17;16,5;80;76;80;136;3,5;,2;
2024/04/12;0900 UTC;0;888,4;888,4;888;;19,2;16,8;20,6;19,1;17,5;16,6;87;80;86;30;2,9;,8;
2024/04/12;1000 UTC;0;888,9;888,9;888,4;54,8;20;17,6;20,5;18,9;17,6;16,7;88;82;86;71;3;1,6;
2024/04/12;1100 UTC;0;889,5;889,5;888,9;300,9;21,6;18,1;21,9;20;18,4;17,6;86;78;80;16;2,6;0;
2024/04/12;1200 UTC;0;889,9;889,9;889,5;591,6;23;19,8;23,2;21,4;19,9;18,1;84;80;83;70;3,3;1,7;
2024/04/12;1300 UTC;0;890,5;890,5;889,9;982,9;22,3;19,1;23;22,1;19,8;18,8;83;80;82;72;8;3,6;
2024/04/12;1400 UTC;0;889,9;890,5;889,9;1428,3;23,7;19,9;23,7;21,5;20,1;18,4;88;79;79;72;7;4;
2024/04/12;1500 UTC;0;889,1;890;889,1;2174,6;24,6;18,8;25,1;23,6;20,2;18,7;80;69;70;66;8,8;4,5;
2024/04/12;1600 UTC;0;888,4;889,1;888,4;1662,3;24,4;19,1;26;24;19,9;18,6;74;67;72;352;7,9;4;
2024/04/12;1700 UTC;0;887,6;888,4;887,6;1862,2;24,9;19,8;25,8;24,4;20,4;18,9;74;70;73;16;7,2;2,3;
2024/04/12;1800 UTC;0;887,2;887,6;887,2;1309,9;25,3;19,8;25,6;24,5;20,2;19;76;68;72;349;4,6;1,7;
2024/04/12;1900 UTC;0;887;887,2;886,7;976,5;25;19;25,3;24,6;19,9;19;73;69;69;43;5,8;1,5;
2024/04/12;2000 UTC;0;887,4;887,4;886,9;676,5;21,8;18,8;25;21,7;19,1;17;84;67;83;95;9,2;4,2;
2024/04/12;2100 UTC;0;887,9;887,9;887,4;164,6;21,1;18,8;21,8;20,9;18,9;18,4;88;83;86;91;7,6;2,2;
2024/04/12;2200 UTC;,2;887,9;888;887,8;;21,1;18,9;21,4;20,9;19;18,7;88;86;87;73;4,7;1;
2024/04/12;2300 UTC;0;888,6;888,6;887,9;;21,3;19;21,4;21,1;19,2;18,9;88;86;87;96;4,6;2;
2024/04/13;0000 UTC;0;889,4;889,4;888,5;;21,1;18,2;21,3;20,8;19;18,2;88;83;84;89;5,2;1,8;
2024/04/13;0100 UTC;0;889,6;889,6;889,4;;20,7;18,3;21,2;20,7;18,3;18,1;86;83;86;88;4,9;2;
2024/04/13;0200 UTC;0;889,3;889,6;889,3;;21;18,3;21,1;20,7;18,4;18,3;86;84;84;96;4,5;2;
2024/04/13;0300 UTC;,2;889,3;889,3;889,2;;20,8;18,3;21,1;20,6;18,3;18,1;87;83;86;20;3,5;0;
2024/04/13;0400 UTC;0;889,2;889,3;889,2;;20,8;18,2;20,9;20,6;18,4;18,2;87;85;86;8;2,8;,1;
2024/04/13;0500 UTC;0;888,6;889,2;888,6;;21,5;18;21,5;20,7;18,3;18;86;81;81;83;4,7;2,5;
2024/04/13;0600 UTC;0;888,2;888,6;888,2;;21,1;18;21,6;20,9;18;17,8;83;80;83;82;5;2,4;
2024/04/13;0700 UTC;0;888,3;888,4;888,2;;20,5;17,9;21,4;20,5;18;17,9;85;81;85;70;5;1,9;
2024/04/13;0800 UTC;0;888,1;888,3;888,1;;20,6;17,6;20,8;20,5;17,9;17,5;85;82;83;77;4,7;2,7;
2024/04/13;0900 UTC;0;888,7;888,7;888,1;;20,8;17,4;21;20,4;17,6;17,4;84;81;81;82;4,6;1;
2024/04/13;1000 UTC;0;889,1;889,2;888,7;50,5;20,6;17,7;20,8;20,5;17,8;17,4;84;81;84;115;2,7;,3;
2024/04/13;1100 UTC;0;889,8;889,8;889,1;275,4;20,9;17,9;20,9;20,6;18;17,6;84;82;83;89;5;2,3;
2024/04/13;1200 UTC;0;890,2;890,2;889,8;849,9;22,2;17,4;22,2;20,9;18;17,4;83;74;74;77;7,5;4;
2024/04/13;1300 UTC;0;890,6;890,6;890,1;1565,2;23,6;17,7;23,8;22,2;18,2;16,9;75;67;70;73;9,5;4,1;
2024/04/13;1400 UTC;0;890,1;890,6;890,1;2610,7;25,2;16,6;25,9;23,6;17,8;16,6;69;58;59;97;8,2;4;
2024/04/13;1500 UTC;0;889,4;890,2;889,4;3300,3;26,3;17,1;27,3;25,1;18,8;16,3;62;54;57;69;8,3;4,2;
2024/04/13;1600 UTC;0;888,6;889,4;888,6;2526;26,5;16,6;27,4;25,2;18;15,8;62;52;54;74;7,6;3,4;
2024/04/13;1700 UTC;0;888;888,6;888;1985,1;27,4;16,5;27,6;25,6;17,7;15,8;58;50;51;100;6,2;3,1;
2024/04/13;1800 UTC;0;887,2;888;887,2;2454,2;26,9;16,8;27,9;26,2;17,6;15,8;56;50;54;74;7;3,8;
2024/04/13;1900 UTC;0;886,6;887,2;886,5;1708;25,7;15,6;28,1;25,5;17;15,3;56;48;54;91;7,1;3,7;
2024/04/13;2000 UTC;0;886,3;886,6;886,3;1132;26,2;15,6;27,1;25,5;16,3;15,1;55;50;52;80;7;3,3;
2024/04/13;2100 UTC;0;886,8;886,8;886,3;344,5;23,3;16;26,2;23,3;16,2;15;63;51;63;73;5,8;2;
2024/04/13;2200 UTC;0;887,4;887,4;886,8;;21,1;16;23,3;20,7;16,2;15,9;75;63;73;57;3,4;1,7;
2024/04/13;2300 UTC;0;887,7;887,7;887,4;;21,5;15,4;22,1;21,1;16;15,4;73;67;68;82;5;3;
2024/04/14;0000 UTC;0;888;888;887,7;;21,6;15,3;21,8;21;15,4;15,1;69;66;67;88;4,8;3,1;
2024/04/14;0100 UTC;0;888,3;888,3;888;;20,6;15,7;21,7;20,3;15,7;15,3;74;67;73;83;4,5;2,5;
2024/04/14;0200 UTC;0;888,3;888,4;888,1;;19,8;15,9;21,4;19,7;15,9;15,6;79;70;79;51;4;1,5;
2024/04/14;0300 UTC;0;888,1;888,4;888,1;;20,2;16,5;20,7;19,8;16,5;16;80;77;79;111;4;,2;
2024/04/14;0400 UTC;0;887,6;888,1;887,6;;20,3;16,3;20,4;19,6;16,5;16,2;82;77;78;90;3,4;1,9;
2024/04/14;0500 UTC;0;887,3;887,6;887,3;;20,3;16,6;20,6;19,9;16,6;16,2;80;77;79;92;4,4;2,4;
2024/04/14;0600 UTC;0;887,5;887,5;887,3;;19,3;16,4;20,4;19,3;16,5;16,4;83;79;83;78;4,1;2,3;
2024/04/14;0700 UTC;0;887,4;887,5;887,3;;19,9;16,5;20,1;19,2;16,6;16,4;84;80;81;81;4,9;2;
2024/04/14;0800 UTC;0;887,6;887,6;887,4;;20,2;16,6;20,2;19,4;16,6;16,3;83;79;80;82;5,6;3,4;
2024/04/14;0900 UTC;0;888;888;887,6;;19,7;16,6;20,2;19,2;16,7;16,4;84;80;82;78;6;3,7;
2024/04/14;1000 UTC;0;888,6;888,6;888;76,3;20,1;16,8;20,1;19,5;16,9;16,6;83;81;82;82;6,5;3,5;
2024/04/14;1100 UTC;0;889,4;889,5;888,6;528,2;21,5;17,2;21,5;20,1;17,4;16,8;82;76;77;63;7;3,1;
2024/04/14;1200 UTC;0;889,9;889,9;889,4;1635,3;23,1;17,6;23,3;21,4;18;17;77;71;71;65;7,6;3,9;
2024/04/14;1300 UTC;0;890,1;890,2;889,9;2492,1;24,6;17,5;24,8;23;18,2;17;72;63;65;62;9,4;4,8;
2024/04/14;1400 UTC;0;889,6;890,2;889,6;2906,1;25,9;16,3;26,1;24,2;17,5;15,7;66;53;56;58;9;3,5;
2024/04/14;1500 UTC;0;888,9;889,6;888,9;2508,7;26;15,9;26,7;25,3;17,3;15;58;50;54;72;6,3;2,4;
2024/04/14;1600 UTC;0;888,2;888,9;888,2;2593;27,1;16,5;27,4;25,6;17,2;14,5;57;47;52;70;7,1;2,2;
2024/04/14;1700 UTC;0;887,4;888,2;887,4;3181,9;27,8;14,8;27,9;25,9;17,1;13,8;55;43;45;38;5,2;1,6;
2024/04/14;1800 UTC;0;886,6;887,4;886,6;2831,2;26,9;15,7;28,3;26,9;16,6;14,6;50;44;50;79;5,8;2,5;
2024/04/14;1900 UTC;0;886,1;886,6;886,1;1969,4;27,5;13,7;28;26,1;15,8;13,7;53;42;43;71;6,3;3,3;
2024/04/14;2000 UTC;0;885,9;886,1;885,9;1020,8;26,6;15,5;27,5;25,6;15,5;13,2;52;43;51;81;6,3;2,6;
2024/04/14;2100 UTC;0;886,1;886,1;885,9;359,6;24,4;15,5;26,7;24,4;15,8;14,7;57;48;57;86;5,1;2,4;
2024/04/14;2200 UTC;0;886,4;886,4;886,1;;23;16;24,4;23;16,1;15,5;65;57;65;90;3,8;2,3;
2024/04/14;2300 UTC;0;887;887;886,3;;22,5;16,2;23;22,5;16,3;16;68;65;68;88;4,7;2,5;
2024/04/15;0000 UTC;0;888,2;888,2;887;;21,7;16,5;22,5;21,7;16,5;16,2;72;68;72;103;4,6;1,8;
2024/04/15;0100 UTC;0;888,6;888,7;888,2;;21,1;17;21,8;20,8;17,1;16,5;79;72;77;91;5,2;2,8;
2024/04/15;0200 UTC;0;888,7;888,8;888,6;;20,5;16,8;21,3;20,5;17;16,7;79;77;79;80;5,2;2,7;
2024/04/15;0300 UTC;0;888,8;888,8;888,6;;20,3;16,6;20,6;19,8;16,9;16,5;82;79;79;84;4,8;2,2;
2024/04/15;0400 UTC;0;888,6;888,8;888,5;;20;16,5;20,3;19,3;16,6;16,2;83;78;80;83;3,9;1,2;
2024/04/15;0500 UTC;0;888,3;888,6;888,3;;19,8;16,6;20,3;19,6;16,8;16,4;83;80;82;85;5;2,6;
2024/04/15;0600 UTC;0;887,9;888,3;887,9;;19,9;16;20,2;19,7;16,6;16;82;78;78;83;4,7;2,6;
2024/04/15;0700 UTC;0;887,7;888;887,7;;19,8;15,5;20,1;19,8;16;15,5;78;75;76;86;6;3,3;
2024/04/15;0800 UTC;0;887,6;887,7;887,6;;19,1;15,7;19,9;19,1;15,7;15,5;80;76;80;88;6,4;2,9;
2024/04/15;0900 UTC;0;888;888;887,6;;18,6;15,5;19,2;18,3;15,7;15,3;83;80;82;73;6;2,5;
2024/04/15;1000 UTC;0;888,5;888,5;888;112,1;19,6;16,3;19,6;18,5;16,3;15,5;83;81;81;64;7,2;2,8;
2024/04/15;1100 UTC;0;889;889;888,5;503,3;21,1;16,8;21,1;19,6;16,9;16,3;81;77;77;77;9,8;4,9;
2024/04/15;1200 UTC;0;889,6;889,6;889;1473,7;23,1;17,5;23,1;21,1;17,6;16,8;77;71;71;67;10,2;5;
2024/04/15;1300 UTC;0;889,8;889,8;889,6;2435,8;24,5;17,5;24,9;23;17,8;17;72;63;65;73;10,6;5,2;
2024/04/15;1400 UTC;0;889,5;889,8;889,5;2820,9;25,6;17,3;25,9;24,2;18,2;16,9;65;59;60;59;9,5;5,2;
2024/04/15;1500 UTC;0;888,9;889,5;888,9;3267,8;25,9;16,7;26,8;25,1;17,9;16,5;63;54;57;58;9,4;4,2;
2024/04/15;1600 UTC;0;888,3;888,9;888,3;2654,1;27;17,1;27;25,2;17,8;16,1;62;53;55;76;7,8;4,6;
2024/04/15;1700 UTC;0;887,6;888,4;887,6;2492,4;27,4;16,9;27,4;25,7;17,2;15,6;58;51;53;41;8,2;3,8;
2024/04/15;1800 UTC;0;887,1;887,6;887,1;2471,6;26,5;15,5;27,7;25,9;16,9;14,6;53;47;51;36;9,4;4;
2024/04/15;1900 UTC;0;886,8;887,1;886,7;1270,8;25,8;15,6;27,6;25;16,2;14,1;55;45;53;40;7,9;2,5;
2024/04/15;2000 UTC;0;886,7;886,8;886,7;1348,8;26,5;16,1;27,2;25,8;16,8;15;55;48;53;12;6,1;2,2;
2024/04/15;2100 UTC;0;886,5;886,8;886,5;361,6;23,5;16,9;26,5;23,5;17;15,8;67;52;67;61;4,9;,8;
2024/04/15;2200 UTC;0;886,9;886,9;886,5;,1;22,6;17,6;24,2;22,6;17,6;16,8;74;64;74;83;4;2,2;
2024/04/15;2300 UTC;0;887,5;887,5;886,8;;22,4;17,4;22,8;22,3;17,6;17,3;74;72;73;92;4,4;2,2;
2024/04/16;0000 UTC;0;888,5;888,5;887,5;;21,8;17,4;22,4;21,5;17,4;17,3;77;73;76;84;4,7;3;
2024/04/16;0100 UTC;0;889,3;889,3;888,5;;22,2;17,7;22,3;21,7;17,8;17,4;77;75;76;86;7,6;4,4;
2024/04/16;0200 UTC;0;889,6;889,6;889,3;;21,5;17,9;22,3;21,5;18;17,8;80;76;80;79;8,3;4,2;
2024/04/16;0300 UTC;0;889,8;889,8;889,6;;20,8;17,8;21,5;20,8;18;17,8;83;80;83;78;9,5;4,3;
2024/04/16;0400 UTC;0;889,5;889,8;889,5;;20,7;17,7;21;20,6;17,8;17,6;83;82;83;82;8,4;4,5;
2024/04/16;0500 UTC;0;889,4;889,5;889,3;;20;17,6;20,7;20;17,7;17,5;86;83;86;79;8,5;4,7;
2024/04/16;0600 UTC;0;889,1;889,5;889,1;;19,9;17,4;20,1;19,9;17,6;17,4;86;85;86;87;10,5;5,8;
2024/04/16;0700 UTC;0;888,9;889,1;888,9;;19,6;17,3;19,9;19,5;17,5;17,3;88;86;87;76;10;4,5;
2024/04/16;0800 UTC;0;889,1;889,2;888,8;;19,3;17,2;19,7;19,2;17,4;17,2;88;86;88;54;9,1;3,3;
2024/04/16;0900 UTC;0;889,6;889,6;889,1;;19,3;17,2;19,4;19,1;17,3;17,1;89;88;88;11;8,3;2;
2024/04/16;1000 UTC;0;890,2;890,2;889,6;85,5;19,9;17,2;20;19,3;17,3;17,1;88;84;85;63;6,7;3,7;
2024/04/16;1100 UTC;0;890,8;890,8;890,1;578,6;21,4;17,7;21,4;19,9;17,7;17,2;85;79;79;38;9;2,8;
2024/04/16;1200 UTC;0;891,2;891,2;890,8;1141,9;22,5;17,7;22,5;21,3;17,8;17,2;79;74;74;70;7,2;4,2;
2024/04/16;1300 UTC;0;891;891,3;891;2431,5;24;17,7;24,2;22,5;18,2;17,3;75;67;68;64;10,3;6,5;
2024/04/16;1400 UTC;0;890,6;891,1;890,6;2978,4;25;17,6;25,4;23,8;18,5;17,2;68;63;63;45;11;6,1;
2024/04/16;1500 UTC;0;889,8;890,6;889,8;3347,8;26,1;17,7;26,5;24,9;18,5;17,3;65;59;60;63;9,5;4,3;
2024/04/16;1600 UTC;0;889,1;889,8;889,1;3265,4;27,4;18,1;27,5;25,9;18,6;16,7;62;53;57;45;9,4;3,4;
2024/04/16;1700 UTC;0;888,5;889,2;888,5;2864,4;27,1;17,3;28;26,4;18,2;16,8;59;51;55;65;6,4;2,2;
2024/04/16;1800 UTC;0;887,8;888,5;887,8;2764,1;26,7;16,7;28,9;26,7;18,4;16,2;57;48;54;37;6,2;2,5;
2024/04/16;1900 UTC;0;887,5;887,8;887,5;994;27,3;17,9;27,5;25,8;18,3;16,8;63;52;57;50;5,2;1,8;
2024/04/16;2000 UTC;0;887,5;887,5;887,5;1230,8;26,7;17,3;27,4;26,6;17,8;16,7;58;53;57;36;5,9;3;
2024/04/16;2100 UTC;0;887,6;887,6;887,5;370,9;24;18;26,7;24;18,1;17,4;69;57;69;65;5,2;1,6;
2024/04/16;2200 UTC;0;888,2;888,2;887,6;;23,8;18;24,4;23,2;18,1;17,9;73;67;70;85;5,2;3,1;
2024/04/16;2300 UTC;0;888,4;888,4;888,2;;22,4;18,1;23,8;22,2;18,1;17,9;77;70;77;78;5,2;2,6;
2024/04/17;0000 UTC;0;888,9;888,9;888,4;;21,9;18,1;22,4;21,9;18,2;18;79;77;79;84;6,1;3,2;
2024/04/17;0100 UTC;0;889,4;889,5;888,9;;21,6;18,1;22,1;21,6;18,3;18,1;81;79;81;81;6,1;2;
2024/04/17;0200 UTC;0;889,4;889,5;889,3;;21,2;18,4;21,7;21,1;18,4;18,1;84;80;84;85;11,1;6,2;
2024/04/17;0300 UTC;0;889,6;889,6;889,3;;21;18,1;21,2;20,9;18,4;18,1;85;83;83;85;12,7;5,5;
2024/04/17;0400 UTC;0;889,5;889,7;889,4;;21;17,7;21,1;20,9;18,1;17,7;84;82;82;81;10,5;4,7;
2024/04/17;0500 UTC;0;889,2;889,5;889,2;;20,8;17,6;21;20,7;17,7;17,6;83;82;82;26;9,8;2,8;
2024/04/17;0600 UTC;0;889;889,2;889;;20,9;17,3;21,2;20,8;17,6;17,2;82;78;80;38;6,9;2,3;
2024/04/17;0700 UTC;0;888,7;889;888,7;;20,6;17,4;21;20,5;17,4;17,3;82;79;82;48;8,1;4,2;
2024/04/17;0800 UTC;0;888,5;888,7;888,4;;20,1;17,4;20,7;20,1;17,5;17,2;84;82;84;72;9,5;4,3;
2024/04/17;0900 UTC;0;889,1;889,1;888,5;;19,9;17,2;20,2;19,7;17,5;17,2;86;84;84;39;8,2;1,7;
2024/04/17;1000 UTC;0;889,7;889,7;889,1;42,2;19,6;17,1;20;19,2;17,2;16,8;86;83;86;309;5,2;0;
2024/04/17;1100 UTC;0;889,7;889,8;889,6;363,8;21,5;17,1;21,6;19,6;17,3;17;86;76;76;51;4,5;2,2;
2024/04/17;1200 UTC;0;890,2;890,2;889,7;1014,5;23,2;17,4;23,2;21,5;17,9;17;77;70;70;68;5,1;1,4;
2024/04/17;1300 UTC;0;889,9;890,2;889,9;2383,9;25,8;16;25,8;23,1;17,9;16;71;55;55;74;9,3;4,8;
2024/04/17;1400 UTC;0;889,6;890;889,6;2961,5;26,9;16,7;26,9;25,7;16,8;15,6;57;51;54;56;9,7;4,6;
2024/04/17;1500 UTC;0;888,9;889,6;888,9;3266,2;27,4;16,2;28,1;26,5;17,5;15,8;55;49;50;60;9,3;3,9;
2024/04/17;1600 UTC;0;888,2;888,9;888,2;2921;27,9;17;28,6;27;17,5;15,8;53;47;52;81;7,4;2,4;
2024/04/17;1700 UTC;0;887,2;888,2;887,2;2258,9;28,5;16,6;28,7;27,1;18;16;56;47;48;20;5,7;1,8;
2024/04/17;1800 UTC;0;886,7;887,2;886,7;1821,8;27;17,6;29,8;26,9;17,8;16,4;57;46;57;82;4,8;2,3;
2024/04/17;1900 UTC;0;886,4;886,7;886,4;1101,1;27,9;16,8;29,4;27;18,5;16,4;57;47;51;139;3,7;1,3;
2024/04/17;2000 UTC;0;886,4;886,6;886,4;428,6;24,4;18,5;28,1;24,4;18,7;16,8;70;51;70;345;3,8;1,5;
2024/04/17;2100 UTC;0;886,6;886,6;886,4;45,1;24,9;17,9;24,9;24,3;19;17,6;72;64;65;76;3,1;1,2;
2024/04/17;2200 UTC;0;887,1;887,1;886,6;;23,5;18,9;25,1;23,3;19;17;76;61;76;236;3,1;,1;
2024/04/17;2300 UTC;0;887,5;887,5;887,1;;24,3;17;24,6;23,5;18,7;16,7;76;62;64;123;3,4;,1;
2024/04/18;0000 UTC;0;887,9;887,9;887,5;;23,4;17,5;24,3;23,4;17,5;16,9;69;63;69;104;3,5;1,3;
2024/04/18;0100 UTC;0;888,1;888,1;887,8;;22,9;17,6;23,5;22,9;17,7;17,5;72;69;72;86;5,3;2,8;
2024/04/18;0200 UTC;0;888,1;888,2;888;;22,1;17,8;22,9;22;17,8;17,6;77;72;77;78;7,6;4,4;
2024/04/18;0300 UTC;0;887,8;888,1;887,8;;22;17,6;22,4;22;18;17,6;77;76;76;85;8,4;4,6;
2024/04/18;0400 UTC;0;887,2;887,8;887,2;;21,8;17,4;22,2;21,8;17,6;17,4;77;75;76;94;8,7;4;
2024/04/18;0500 UTC;0;886,8;887,3;886,8;;21,4;17,6;21,9;21,4;17,7;17,4;79;76;79;105;7,2;2,7;
2024/04/18;0600 UTC;0;886,7;886,8;886,6;;21,4;17,6;21,5;21,1;17,7;17,5;80;79;79;96;6;3,2;
2024/04/18;0700 UTC;0;886,8;886,8;886,6;;20,4;17,7;21,4;20;17,7;17,2;85;79;84;86;6;1,1;
2024/04/18;0800 UTC;0;887,2;887,2;886,8;;19,7;17,5;20,6;19,5;17,7;17,3;88;83;87;72;4,3;2,8;
2024/04/18;0900 UTC;0;887,7;887,7;887,2;;21,1;17,5;21,2;19,7;17,7;17,4;87;80;80;82;6;3,2;
2024/04/18;1000 UTC;0;888,1;888,1;887,7;106,5;21,3;17,6;21,3;20,9;17,6;17,5;81;79;79;82;6,9;3,3;
2024/04/18;1100 UTC;0;888,8;888,8;888,1;462,9;22,8;17,1;23,1;21,3;17,7;17,1;79;70;70;100;7,1;2,9;
2024/04/18;1200 UTC;0;889,6;889,6;888,8;1118,4;23,9;17,5;24,4;22,6;17,8;17,1;72;65;67;86;7,1;3,2;
2024/04/18;1300 UTC;0;889,8;889,8;889,6;1724,5;25,2;17,7;25,7;23,9;18,2;17,2;67;61;63;78;7,3;2,5;
2024/04/18;1400 UTC;0;889,4;889,8;889,4;2801,2;26,8;18,1;26,8;25,2;18,5;16,9;63;56;59;73;7,5;2,6;
2024/04/18;1500 UTC;0;888,6;889,4;888,6;2865,3;27,3;17,8;27,6;26,2;18,4;16,4;59;52;56;22;6,6;2,7;
2024/04/18;1600 UTC;0;888,1;888,6;888,1;2480,2;28,1;16,8;28,3;26,7;18,4;16;59;49;50;47;6;2;
2024/04/18;1700 UTC;0;887,3;888,1;887,3;2413,8;28;16,4;29,3;26,9;17,7;15,3;54;44;49;75;5;1,4;
2024/04/18;1800 UTC;0;886,6;887,3;886,6;1235,9;27,7;15,2;28,8;26,9;17,7;14,1;56;42;47;134;3,8;,4;
2024/04/18;1900 UTC;0;886,2;886,6;886,2;1177,8;27;16,2;28,9;27;16,9;14,6;53;42;52;70;5;1,3;
2024/04/18;2000 UTC;0;886,2;886,2;886,1;857,8;27,5;16,7;29;26,9;17,4;14,1;53;42;52;287;2,6;,9;
2024/04/18;2100 UTC;0;886,6;886,6;886,1;299,7;25,9;17,6;27,7;25,9;18,4;16,2;62;50;60;231;2,5;0;
2024/04/18;2200 UTC;0;887,2;887,2;886,6;;25,4;16,6;26,4;25,4;18,3;15,6;64;52;58;125;3,3;,2;
2024/04/18;2300 UTC;0;887,8;887,8;887,2;;24,2;17,2;25,4;23,4;17,4;16,6;68;58;65;95;3,7;2,3;
2024/04/19;0000 UTC;0;888,2;888,2;887,8;;23,2;17,5;24,2;23,1;17,5;17,2;70;65;70;92;5,5;2,1;
2024/04/19;0100 UTC;0;888,8;888,8;888,2;;22,7;17,6;23,2;22,7;17,7;17,4;73;70;73;88;5,2;3;
2024/04/19;0200 UTC;0;889;889,1;888,8;;22,3;17,8;22,8;22,2;17,8;17,6;76;73;76;91;4,8;1,2;
2024/04/19;0300 UTC;0;888,7;889;888,7;;22,3;17,8;22,5;21,4;17,9;17,7;79;75;76;81;5,8;3,2;
2024/04/19;0400 UTC;0;888,3;888,7;888,3;;20,7;17,8;22,3;20,4;17,8;17,3;83;76;83;144;5,4;,1;
2024/04/19;0500 UTC;0;888,1;888,3;888,1;;20,2;17,7;21,5;19,9;17,8;17,3;86;79;86;225;2,6;0;
2024/04/19;0600 UTC;0;887,7;888,1;887,7;;20,7;18,2;21;20,2;18,2;17,7;86;83;86;159;3,2;1,8;
2024/04/19;0700 UTC;0;887,5;887,7;887,4;;20,4;18;20,7;20,4;18,4;18;87;86;86;140;3,4;,9;
2024/04/19;0800 UTC;0;887,2;887,5;887,2;;19,4;17,6;20,5;19,4;18;17,4;89;84;89;49;2,5;0;
2024/04/19;0900 UTC;0;887,5;887,5;887,2;;20,7;17,3;21,1;19,4;17,8;17,3;89;79;81;93;3,7;1,7;
2024/04/19;1000 UTC;0;888;888;887,5;39,5;20,1;17,1;20,8;20,1;17,5;17,1;84;81;83;69;4,4;,5;
2024/04/19;1100 UTC;0;888,9;888,9;888;443;23,3;17,7;23,3;19,9;18;17,1;85;70;71;89;3,9;,9;
2024/04/19;1200 UTC;0;889,5;889,5;888,9;1591,9;24,3;16,7;24,5;23,3;17,6;16,4;71;62;63;83;7,7;4,8;
2024/04/19;1300 UTC;0;889,9;889,9;889,5;2084,3;25,4;16,8;26;24,3;17,9;16,8;64;58;59;44;7,4;4,1;
2024/04/19;1400 UTC;0;890;890,1;889,9;2579,5;26,2;17;26,9;25,1;18,5;16,6;64;54;57;61;7,8;3,8;
2024/04/19;1500 UTC;0;889,3;890;889,2;2989,1;27,2;16,8;27,2;25,9;17,9;16,3;60;52;53;77;7,8;2,2;
2024/04/19;1600 UTC;0;888,6;889,3;888,6;2728,8;27,5;17,3;28,5;26,9;18,2;16;57;49;54;3;5,5;1,7;
2024/04/19;1700 UTC;0;887,7;888,6;887,7;1435,1;27,2;17,3;28,3;26,8;18;16;58;50;55;18;7,2;2,3;
2024/04/19;1800 UTC;0;887,3;887,7;887,3;1149,4;26,8;17,3;28,6;26,8;18,4;15,8;57;48;56;95;4,8;1,5;
2024/04/19;1900 UTC;0;887,5;887,8;887,3;497,3;23,4;17,9;26,8;22,5;18,8;17;78;56;72;15;8,8;2;
2024/04/19;2000 UTC;0;887,3;887,6;887,3;369,7;23,6;18,6;23,6;22,6;18,8;17,7;77;71;74;71;3,9;,8;
2024/04/19;2100 UTC;0;887,7;887,8;887,3;276,6;23,4;18,9;24,5;23,4;18,9;17,8;76;68;76;222;4,2;1,1;
2024/04/19;2200 UTC;0;888,2;888,2;887,7;;23,5;18;23,6;23,1;19,1;18;78;71;71;142;3,5;,7;
2024/04/19;2300 UTC;0;888,6;888,6;888,1;;23,2;18,2;23,6;22,5;18,5;17,9;77;70;74;99;3,6;2;
2024/04/20;0000 UTC;0;889,5;889,5;888,6;;22,3;18,2;23,3;22,2;18,3;18,1;78;73;78;100;3,6;,2;
2024/04/20;0100 UTC;0;889,7;889,7;889,5;;22,3;18,1;22,6;21,8;18,3;18;80;77;77;142;2,2;,2;
2024/04/20;0200 UTC;0;889,8;889,9;889,7;;21,4;17,8;22,4;21,4;18,1;17,7;80;77;80;102;2,2;0;
2024/04/20;0300 UTC;0;890,2;890,2;889,8;;21,7;18,1;21,7;20,7;18,1;17,6;83;80;80;198;2,2;,5;
2024/04/20;0400 UTC;0;889,6;890,2;889,6;;22;17,7;22,3;21,7;18;17,7;80;75;77;26;2,4;0;
2024/04/20;0500 UTC;0;888,9;889,6;888,9;;21,4;17,4;22,2;21,3;17,9;17,4;79;76;78;50;4,3;1,4;
2024/04/20;0600 UTC;0;888,6;889;888,6;;21,5;17,4;21,6;21,2;17,4;17,3;79;77;77;47;4,3;,5;
2024/04/20;0700 UTC;0;888,5;888,7;888,5;;21,3;17,6;21,6;21,1;17,7;17,4;80;77;80;78;7,1;3,3;
2024/04/20;0800 UTC;0;888,7;888,8;888,5;;21,1;17,7;21,3;21;17,8;17,6;82;80;81;81;8,6;4,6;
2024/04/20;0900 UTC;0;889,2;889,2;888,7;;20,7;17,6;21,1;20,6;17,8;17,6;83;81;83;82;9,5;5;
2024/04/20;1000 UTC;0;889,9;889,9;889,2;59,9;20,9;17,5;20,9;20,6;17,6;17,5;83;81;81;76;8,7;3,8;
2024/04/20;1100 UTC;0;890,8;890,8;889,9;541,1;22,4;17,9;22,4;20,9;17,9;17,5;81;75;76;96;7,5;3,5;
2024/04/20;1200 UTC;0;891,5;891,5;890,8;1609,1;23,8;18;24;22,3;18,3;17,7;76;69;70;74;6,7;2,6;
2024/04/20;1300 UTC;0;891,6;891,7;891,5;2448,6;25,2;17,9;25,5;23,7;18,7;17,4;72;62;64;75;6,9;3,9;
2024/04/20;1400 UTC;0;891,2;891,6;891,2;2099,6;25,2;17,2;25,8;24,5;18,2;17;66;60;61;75;6,9;4,3;
2024/04/20;1500 UTC;0;890,4;891,2;890,4;2364,4;26,1;17,6;26,7;25,1;18,4;17,1;63;57;59;84;7,3;2,7;
2024/04/20;1600 UTC;0;889,6;890,4;889,6;2080,4;26,9;18,1;27;25,7;18,6;16,8;62;53;59;76;6,9;2,6;
2024/04/20;1700 UTC;0;888,9;889,6;888,9;2269,9;27,3;16,5;28;26,3;18,1;16,5;59;50;52;76;6,7;2,7;
2024/04/20;1800 UTC;0;888,4;888,9;888,4;1595,8;27,5;17,1;27,9;26,1;17,8;15,8;58;49;53;70;7,2;2,5;
2024/04/20;1900 UTC;0;888,2;888,5;888,2;1443,4;27;17,1;27,6;26,3;17,6;16,4;57;52;55;83;6,7;3,4;
2024/04/20;2000 UTC;0;888,2;888,4;888,2;1009;26;16,9;27,2;26;17,2;16,3;58;52;57;105;8,5;4;
2024/04/20;2100 UTC;0;888,4;888,4;888,2;302,3;24,5;17,3;26,2;24,5;17,3;16,9;64;57;64;98;8,5;2,5;
2024/04/20;2200 UTC;0;888,3;888,4;888,2;;23;16,9;24,5;23;17,3;16,9;69;64;69;94;6,9;3,4;
2024/04/20;2300 UTC;0;889,4;889,4;888,3;;22;17,2;23,1;22;17,2;16,9;74;68;74;89;8,1;3,8;
2024/04/21;0000 UTC;0;889,8;889,9;889,4;;21,1;16,9;22,1;21;17,2;16,8;77;74;77;81;6,9;2,2;
2024/04/21;0100 UTC;0;890,1;890,1;889,8;;21,3;16,7;21,4;21;16,9;16,7;77;75;75;81;7,6;4,3;
2024/04/21;0200 UTC;0;890,6;890,6;890,1;;20,8;16,1;21,3;20,8;16,7;16,1;76;74;75;76;8,7;4,4;
2024/04/21;0300 UTC;0;890;890,7;890;;20,7;16;20,8;20,4;16,1;15,8;75;73;74;83;8,4;4,9;
2024/04/21;0400 UTC;0;889,3;890;889,3;;20,2;16,5;20,7;20,2;16,5;16;79;74;79;87;8,8;4,2;
2024/04/21;0500 UTC;0;888,8;889,3;888,8;;19,9;16,7;20,4;19,9;16,8;16,5;82;79;82;99;7,8;2,8;
2024/04/21;0600 UTC;0;888,7;889;888,6;;19;16,7;19,9;19;17;16,5;87;82;87;14;7;1,4;
2024/04/21;0700 UTC;0;888,7;888,8;888,6;;19,1;16,6;19,4;18,9;16,9;16,5;87;84;85;49;8,4;2,9;
2024/04/21;0800 UTC;0;888,6;888,7;888,5;;18,5;16,4;19,1;18,3;16,7;16,1;88;85;88;80;6,3;1,6;
2024/04/21;0900 UTC;0;889,2;889,2;888,6;;18,3;16,3;18,6;18,1;16,5;16,1;89;87;88;81;7;2,6;
2024/04/21;1000 UTC;0;889,9;889,9;889,1;64,4;18,7;16,3;18,8;17,7;16,4;15,9;90;86;86;93;6,1;1,9;
2024/04/21;1100 UTC;0;890,6;890,7;889,9;378,1;19,6;16,4;19,7;18,4;16,9;16,2;88;82;82;102;6,3;2,6;
2024/04/21;1200 UTC;0;891,2;891,2;890,6;1638;22,1;17,1;22,1;19,6;17,3;16,2;82;72;73;68;7,3;2,5;
2024/04/21;1300 UTC;0;891,5;891,6;891,2;2477,3;24;15,9;24,2;22,1;17,5;15,8;73;60;61;80;7,1;3,6;
2024/04/21;1400 UTC;0;891,1;891,5;891,1;2369,9;24,3;17;24,7;23,3;17;15,5;64;60;64;80;7,9;3;
2024/04/21;1500 UTC;0;890,5;891,1;890,4;2891,5;25,5;15,6;26;23,6;16,8;15,1;63;52;54;77;7,4;3,6;
2024/04/21;1600 UTC;0;889,5;890,5;889,5;2446,6;26;15,8;26,2;24,6;16,6;14,9;59;52;53;115;7,2;2,6;
2024/04/21;1700 UTC;0;888,7;889,5;888,7;3123,8;26,2;15,3;27,7;25,4;17,1;14,1;55;47;51;68;6,8;2,5;
2024/04/21;1800 UTC;0;888,2;888,7;888,2;2290,6;25,6;14,8;27,2;25,5;16;13,3;54;43;51;116;5,9;2,5;
2024/04/21;1900 UTC;0;888;888,2;888;1079,6;26,5;13,9;27;25,2;16,1;13,9;54;46;46;120;5,1;1,9;
2024/04/21;2000 UTC;0;887,9;888;887,9;912,9;25,4;13,9;26,8;24,5;15;13,2;55;43;49;88;6,6;3,5;
2024/04/21;2100 UTC;0;888,2;888,2;888;245,6;23,1;14,7;25,4;23,1;14,8;13,9;60;49;59;94;6,6;2,1;
2024/04/21;2200 UTC;0;888,7;888,7;888,2;;22;15,5;23,1;22;15,5;14,8;66;59;66;99;5,3;2,6;
2024/04/21;2300 UTC;0;889,1;889,1;888,7;;21,2;15,9;22;21,1;15,9;15,5;72;66;72;87;5,3;2,2;
2024/04/22;0000 UTC;0;889,5;889,5;889,1;;20,7;15,9;21,2;20,6;16;15,8;74;72;74;85;4,4;2,1;
2024/04/22;0100 UTC;0;889,6;889,6;889,4;;20,7;15,8;20,9;20,1;16;15,8;77;73;73;91;5;2,3;
2024/04/22;0200 UTC;0;889,7;889,7;889,5;;19,9;15,7;20,8;19,9;15,9;15,7;77;73;77;78;5,3;1,4;
2024/04/22;0300 UTC;0;889,6;889,8;889,6;;19,9;15,9;19,9;19,2;16;15,6;80;77;78;100;3,9;2,3;
2024/04/22;0400 UTC;0;889,4;889,7;889,3;;19,8;15,8;20,3;19,8;15,9;15,8;78;76;78;95;5,4;1,1;
2024/04/22;0500 UTC;0;889;889,4;889;;19,6;15,9;19,9;19,4;16;15,7;80;78;79;88;3,9;1,5;
2024/04/22;0600 UTC;0;888,4;889;888,4;;19,8;15,8;19,9;19,5;16;15,7;80;77;77;84;6,4;3,8;
2024/04/22;0700 UTC;0;888,4;888,5;888,3;;19,3;15,9;19,9;19,2;15,9;15,7;81;77;81;79;7,3;3,5;
2024/04/22;0800 UTC;0;888,4;888,5;888,3;;18,4;15,9;19,3;18,4;16;15,8;86;81;86;26;7,3;1,5;
2024/04/22;0900 UTC;0;888,7;888,7;888,4;;18,3;15,8;18,8;18,1;16,1;15,7;87;84;85;33;5,4;1,7;
2024/04/22;1000 UTC;0;889,4;889,4;888,7;89,8;19,1;16;19,2;18,2;16,1;15,7;86;82;82;53;7,2;1,9;
2024/04/22;1100 UTC;0;889,6;889,6;889,4;438;20,8;16,3;20,8;19,1;16,6;16;82;75;76;33;6,4;2,8;
2024/04/22;1200 UTC;0;889,9;889,9;889,6;1606,9;22,9;16,7;22,9;20,8;17,2;16,4;77;67;68;46;7,5;4,4;
2024/04/22;1300 UTC;0;890,2;890,3;889,9;2390,6;24,2;16,3;24,3;22,9;17;15,8;68;60;61;69;8,9;3,8;
2024/04/22;1400 UTC;0;889,8;890,3;889,8;2617,9;24,4;16,4;25,3;24,2;16,8;15,3;62;55;61;83;6,7;2,9;
2024/04/22;1500 UTC;0;889,2;889,8;889,2;3572,9;26,2;15,6;27;24,5;17,5;15;62;50;52;33;5,8;2,3;
2024/04/22;1600 UTC;0;888,6;889,2;888,6;1768,9;26,4;15,8;26,7;25;16,6;15;59;50;52;97;3,9;,9;
2024/04/22;1700 UTC;0;887,8;888,6;887,8;1206,2;25,7;15,8;26,4;25,5;16,6;15,2;57;51;54;74;4;1,1;
2024/04/22;1800 UTC;0;887,3;887,8;887,3;1120,4;26,3;15,4;27,1;25,7;16,3;14,6;55;48;51;230;2,8;1;
2024/04/22;1900 UTC;0;887,1;887,3;887;1109;25,4;16,2;27,3;25,4;16,7;14,8;58;46;57;302;3,9;2,2;
2024/04/22;2000 UTC;0;887,2;887,2;887,1;960,1;26,4;16;26,9;25,2;16,8;14,9;59;49;53;197;3,8;,6;
2024/04/22;2100 UTC;0;887,4;887,4;887,2;387,8;24,1;16,3;26,6;24,1;16,4;14,8;62;49;62;90;4,4;1,8;
2024/04/22;2200 UTC;0;887,5;887,6;887,4;;22,9;16,1;24,1;22,9;16,5;16,1;67;62;65;94;3,9;2,3;
2024/04/22;2300 UTC;0;888;888;887,5;;22,4;16,5;23;22,3;16,5;16;70;65;69;90;5,2;3;
2024/04/23;0000 UTC;0;888,4;888,4;888;;22,1;16,6;22,4;21,9;16,6;16,5;71;69;71;85;5,7;2,6;
2024/04/23;0100 UTC;0;888,8;888,8;888,4;;22,2;17,3;22,3;22;17,3;16,7;74;71;74;84;6,1;3,5;
2024/04/23;0200 UTC;0;889,1;889,1;888,7;;21,3;17,5;22,2;21,3;17,5;17,3;79;74;79;55;6,3;,2;
2024/04/23;0300 UTC;0;888,8;889,1;888,8;;21,5;17,4;21,7;21,2;17,5;17,4;79;76;77;79;5,4;3,3;
2024/04/23;0400 UTC;0;888,7;888,9;888,7;;21,3;17,4;21,8;21,1;17,4;17,3;79;76;79;78;6,8;3,1;
2024/04/23;0500 UTC;0;888,5;888,7;888,5;;20,5;17,4;21,3;20,3;17,4;17,3;83;79;83;81;5,5;2,2;
2024/04/23;0600 UTC;0;888,5;888,6;888,5;;19,6;17;20,5;19,6;17,4;17;85;82;85;82;3,1;,1;
2024/04/23;0700 UTC;0;888,2;888,5;888,2;;19,6;17,1;19,8;19,3;17,3;16,7;87;84;85;66;3,7;2,1;
2024/04/23;0800 UTC;0;888,4;888,4;888,1;;19,2;16,8;19,7;19,2;17,2;16,8;86;85;86;45;4,6;2,2;
2024/04/23;0900 UTC;0;888,9;888,9;888,4;;19,3;16,9;19,7;18,8;17,3;16,7;88;85;86;71;4,2;,8;
2024/04/23;1000 UTC;0;889,3;889,3;888,8;90,8;19,7;17,3;19,7;18,6;17,3;16,7;90;86;86;77;4;2,3;
2024/04/23;1100 UTC;0;890;890;889,3;425,9;22,3;18,1;22,4;19,7;18,4;17,4;86;77;77;64;4,4;2,4;
2024/04/23;1200 UTC;0;890,3;890,3;890;1608,4;24,3;18;24,4;22,3;18,5;17,7;78;67;68;51;6,2;3,5;
2024/04/23;1300 UTC;0;890,6;890,6;890,3;2321,5;25,6;16,6;26;24,3;18,4;16,6;69;57;57;37;6,4;3;
2024/04/23;1400 UTC;0;890,3;890,7;890,2;2553,8;26,1;15,6;27,4;25;19,1;15,6;63;51;52;37;5,4;1,9;
2024/04/23;1500 UTC;0;889,5;890,2;889,5;2880,7;26,6;18,4;27,6;26;18,4;15,9;61;50;61;27;5,1;2,1;
2024/04/23;1600 UTC;0;888,8;889,5;888,8;3467,7;28,1;17,3;28,7;26,5;19,2;16,6;62;51;52;333;6,8;2,8;
2024/04/23;1700 UTC;0;888;888,8;888;1492,3;26,5;16,2;28,5;26;17,6;15;58;48;53;215;5,4;1,2;
2024/04/23;1800 UTC;0;887,5;888;887,5;1014,5;27;15,9;27,4;26,4;16,8;15,3;55;48;51;202;2,7;,5;
2024/04/23;1900 UTC;0;887,2;887,5;887,1;1666,8;27,4;14,7;29;26,8;16,3;12,8;52;39;46;303;4,8;1,6;
2024/04/23;2000 UTC;0;887,4;887,4;887,2;1240,1;27;15,3;28,2;27;15,8;13,3;49;40;49;339;4,6;1,3;
2024/04/23;2100 UTC;0;887,6;887,6;887,4;229;25,8;16,2;27,3;25,8;16,7;14,6;57;46;56;256;2,9;,1;
2024/04/23;2200 UTC;0;887,9;887,9;887,6;;24,3;17,4;25,8;23,8;17,5;16,3;67;56;66;91;1,4;0;
2024/04/23;2300 UTC;0;888,5;888,5;887,9;;24;16,8;24,3;23,6;18;16,7;70;63;64;143;0;0;
2024/04/24;0000 UTC;0;889,1;889,2;888,5;;23,6;17;24;21,6;17,3;16,5;74;64;67;133;3,4;,6;
2024/04/24;0100 UTC;0;889,7;889,7;889,1;;22,6;17,6;23,7;22,6;17,6;16,9;74;66;73;109;4,6;2,2;
2024/04/24;0200 UTC;0;889,8;890;889,7;;20,7;18;22,6;20,7;18;17,5;84;73;84;85;6,9;3,4;
2024/04/24;0300 UTC;0;889,8;889,9;889,8;;20,6;17,6;20,8;20,5;18;17,6;86;82;83;62;7,1;3,6;
2024/04/24;0400 UTC;0;889,7;889,9;889,7;;20,5;17,1;21;20,5;17,5;16,8;82;77;81;18;7,3;2,7;
2024/04/24;0500 UTC;0;889,3;889,8;889,3;;18,8;16,9;20,5;18,8;17,6;16,9;90;81;88;11;7;2,4;
2024/04/24;0600 UTC;0;888,9;889,3;888,9;;20,2;16,1;20,2;18,8;16,9;16,1;89;77;77;89;5,2;1,9;
2024/04/24;0700 UTC;0;888,5;888,9;888,5;;20,6;15,9;20,6;20,2;16,4;15,9;79;74;75;206;2,8;,6;
2024/04/24;0800 UTC;0;888,4;888,5;888,2;;19,3;16,9;20,6;19,3;16,9;15,9;86;74;86;355;2,8;1,4;
2024/04/24;0900 UTC;0;889;889;888,4;;20,2;16,8;20,3;19,3;17;16,6;86;80;81;89;2,8;,5;
2024/04/24;1000 UTC;0;889,4;889,4;889;99,2;21,2;17,4;21,2;20;17,4;16,8;82;78;79;78;2,4;1,1;
2024/04/24;1100 UTC;0;889,9;889,9;889,4;410,1;23,3;17,8;23,3;21,2;17,8;17,1;80;70;71;57;3,4;1,4;
2024/04/24;1200 UTC;0;890,5;890,5;889,9;1546,5;25,2;18,2;25,2;23,3;18,6;17,3;72;65;65;34;8,4;2,5;
2024/04/24;1300 UTC;0;890,7;890,8;890,5;1831,6;25,7;18;26;24,5;18,7;17,4;68;60;63;18;8,4;2,7;
2024/04/24;1400 UTC;0;890,6;890,9;890,6;2848,5;26,3;17;26,5;25;18,4;16,6;64;56;57;1;7,3;3,3;
2024/04/24;1500 UTC;0;889,8;890,7;889,8;3240;26,6;17,1;27,4;26,3;18,2;16,5;60;54;56;23;6,8;3;
2024/04/24;1600 UTC;0;889;889,8;889;3278,2;27,5;17,4;27,8;26,6;18,4;15,7;58;50;54;331;7;3,5;
2024/04/24;1700 UTC;0;888,4;889;888,4;3122,5;27,8;13,8;28,5;26,9;17,1;13,8;55;42;42;12;6,4;2,6;
2024/04/24;1800 UTC;0;887,7;888,4;887,7;2993;28,3;15,3;29,1;27,6;17,1;11,7;50;35;45;292;5,9;3;
2024/04/24;1900 UTC;0;887,4;887,7;887,4;1622,1;28,3;15,5;28,6;27,4;16,7;14,7;49;44;46;249;5,9;2,1;
2024/04/24;2000 UTC;0;887,6;887,6;887,3;1272,3;27,5;16,2;28,5;27,2;17,1;14,9;53;45;50;195;5,4;2,6;
2024/04/24;2100 UTC;0;887,9;887,9;887,6;325,5;25,9;16,8;27,6;25,9;17,2;16;57;50;57;169;4,5;1,3;
2024/04/24;2200 UTC;0;888,3;888,3;887,9;;24,8;17,8;25,9;24,8;17,9;16,1;65;56;65;175;4,6;1,5;
2024/04/24;2300 UTC;0;888,9;888,9;888,3;;23,8;17,4;24,8;23,8;18,1;17,3;68;65;68;158;4;,3;
2024/04/25;0000 UTC;0;889,2;889,2;888,9;;23,4;17,4;23,9;23,4;17,5;17,4;69;68;69;154;3;1,3;
2024/04/25;0100 UTC;0;889,5;889,5;889,2;;22,3;17,1;23,5;21,9;17,4;17,1;74;69;73;99;3,9;1,3;
2024/04/25;0200 UTC;0;889,3;889,5;889,3;;22,4;17,5;22,7;22,1;17,6;17,1;75;72;74;97;6,3;1,4;
2024/04/25;0300 UTC;0;889,4;889,5;889,3;;22,2;17,2;22,7;22,2;17,5;17,2;74;72;73;147;4,8;0;
2024/04/25;0400 UTC;0;888,8;889,4;888,8;;21,2;17,2;22,3;21;17,2;17;78;73;78;153;3;0;
2024/04/25;0500 UTC;0;888,1;888,8;888;;21,8;16,7;22,2;21,1;17,1;16,7;78;71;73;87;5,1;3,3;
2024/04/25;0600 UTC;0;887,7;888,1;887,6;;21,2;16,9;21,8;21,1;17;16,7;77;73;77;87;6,1;3,2;
2024/04/25;0700 UTC;0;887,4;887,7;887,4;;20,2;16,9;21,3;20,2;17,1;16,9;81;77;81;75;6,2;2,7;
2024/04/25;0800 UTC;0;887,4;887,4;887,3;;20,4;17;20,4;19,5;17,2;16,9;85;81;81;81;4,8;3,2;
2024/04/25;0900 UTC;0;887,7;887,7;887,3;;19,9;16,9;20,7;19,8;17,1;16,7;83;79;83;78;5,3;2,9;
2024/04/25;1000 UTC;0;888,6;888,6;887,7;87,7;20,1;17,1;20,3;19,2;17,1;16,7;86;81;83;77;5,4;1,6;
2024/04/25;1100 UTC;0;889,4;889,4;888,6;391,3;23,4;17,5;23,4;20,1;17,9;17,1;83;70;70;49;3,4;,1;
2024/04/25;1200 UTC;0;890,1;890,1;889,4;1584,2;24,9;17;24,9;23,4;17,8;16,9;71;61;62;58;6,8;3,8;
2024/04/25;1300 UTC;0;890,4;890,4;890,1;2363,7;26,3;16,1;26,4;24,9;17,1;15,9;62;53;53;57;8;3,9;
2024/04/25;1400 UTC;0;890,1;890,4;890,1;2072,7;25,8;16;26,8;25,6;17,5;15,6;58;51;55;87;7,1;1,8;
2024/04/25;1500 UTC;0;889,3;890,1;889,3;2196,9;26,9;16,1;27,6;25,8;17,2;14,6;57;49;51;69;7,1;2,9;
2024/04/25;1600 UTC;0;888,4;889,3;888,4;1430,5;27;15,6;28;26;17,3;14,4;54;47;50;83;5,7;2,3;
2024/04/25;1700 UTC;0;887,7;888,4;887,7;1646,6;27,6;15,2;28,5;26,5;16,9;15,2;53;46;47;102;6,2;1,2;
2024/04/25;1800 UTC;0;886,9;887,7;886,9;1759,3;27,9;15,4;28,5;26,8;16,8;14,9;51;45;47;60;6,8;2,9;
2024/04/25;1900 UTC;0;886,8;886,9;886,7;1118,7;27,8;15,2;28,4;26,3;16,1;14,4;50;43;46;68;6,8;2,2;
2024/04/25;2000 UTC;0;886,9;886,9;886,7;1096,6;26,6;14,7;28,3;26,6;15,4;14,1;48;42;48;81;6,3;2,1;
2024/04/25;2100 UTC;0;887,3;887,3;886,9;251,7;25,3;16;27,2;25,3;16;13,6;56;43;56;116;4,4;1,2;
2024/04/25;2200 UTC;0;887,5;887,5;887,3;;23,5;16,6;25,3;23,5;16,7;16;65;56;65;90;4,4;1,5;
2024/04/25;2300 UTC;0;887,9;887,9;887,5;;22,9;16,2;23,5;22,7;16,6;16,2;67;65;66;97;4,7;2;
2024/04/26;0000 UTC;0;888,7;888,7;887,9;;22,7;16,1;22,9;22,5;16,2;16;67;65;66;97;4;,6;
2024/04/26;0100 UTC;0;888,9;888,9;888,7;;22,6;16,3;22,9;22,5;16,3;16;68;66;68;110;4,7;,7;
2024/04/26;0200 UTC;0;889,1;889,1;888,9;;21,6;16,3;22,7;20,9;16,6;16,2;75;68;72;143;4,4;0;
2024/04/26;0300 UTC;0;889;889,1;888,9;;21,9;16,3;22,3;21,2;16,5;16,2;73;69;70;97;4,8;1,1;
2024/04/26;0400 UTC;0;888,6;889;888,6;;22;16,1;22,1;21,2;16,4;16,1;73;69;69;68;6,5;3,1;
2024/04/26;0500 UTC;0;888,3;888,6;888,2;;22;15,7;23;21,8;16,1;15,6;70;64;67;92;8,8;3,7;
2024/04/26;0600 UTC;0;888;888,3;888;;19,1;15,5;22,2;19,1;15,8;15,3;79;67;79;48;7,1;1;
2024/04/26;0700 UTC;0;887,6;888;887,6;;20,2;15,5;21,5;19,1;15,6;15,4;79;69;74;73;6,3;1;
2024/04/26;0800 UTC;0;887,4;887,6;887,4;;20,1;16;20,3;19,7;16;15,3;77;74;77;52;4;,6;
2024/04/26;0900 UTC;0;888;888;887,4;;19,5;15,6;20,2;19,3;16;15,6;80;76;78;166;5,1;0;
2024/04/26;1000 UTC;0;888,6;888,6;888;84,4;20,2;16;20,3;19,2;16;15,6;81;76;77;111;3,3;,6;
2024/04/26;1100 UTC;0;888,9;888,9;888,6;353,6;22,2;16,7;22,2;20,1;16,9;16;78;71;71;72;5,9;1,3;
2024/04/26;1200 UTC;0;889,4;889,4;888,9;1604,9;23,5;16,5;23,5;22,2;16,8;16,1;71;64;65;82;8,8;4,9;
2024/04/26;1300 UTC;0;889,8;889,9;889,4;2363,1;25;16,3;25,4;23,4;17,2;16,1;65;58;59;82;10,3;4,9;
2024/04/26;1400 UTC;0;889,6;889,9;889,6;2901,7;26,4;16,6;26,7;24,9;17,5;15,6;61;53;55;84;10,2;4,6;
2024/04/26;1500 UTC;0;889,1;889,7;889,1;3140,2;27,6;15,7;27,9;26,3;17,2;15,3;57;48;48;100;9,2;3,8;
2024/04/26;1600 UTC;0;888,5;889,2;888,5;2491,2;27,6;15;28,1;26,1;16,5;14,2;53;43;46;95;7,8;3,7;
2024/04/26;1700 UTC;0;887,5;888,5;887,5;2532,2;28,3;14,5;28,4;26,6;15,8;13,5;49;42;43;94;8,3;3,5;
2024/04/26;1800 UTC;0;886,9;887,5;886,9;1619,6;27,9;13,8;28,5;27;15,7;13,6;48;42;42;104;7,9;2,2;
2024/04/26;1900 UTC;0;886,8;886,9;886,7;1838,4;27,6;14,3;28,1;27,1;15,7;13,6;48;41;44;97;7,2;3,2;
2024/04/26;2000 UTC;0;887,1;887,1;886,8;1084,9;26,7;13,6;27,9;26,7;15;13,1;47;42;44;82;6,8;3,3;
2024/04/26;2100 UTC;0;887,2;887,2;887;254,7;24,7;15,5;26,7;24,6;15,6;13,6;57;44;57;93;6;,2;
2024/04/26;2200 UTC;0;887,3;887,3;887,2;;23,6;15,9;24,7;23,6;16;15,4;62;56;62;107;5;1,3;
2024/04/26;2300 UTC;0;887,8;887,8;887,3;;22,6;15,6;23,6;22,5;16;15,6;66;62;65;101;5;1,6;
2024/04/27;0000 UTC;0;888,4;888,4;887,8;;21,7;15,7;22,7;21,6;15,8;15,3;69;63;69;72;5,5;1,1;
2024/04/27;0100 UTC;0;888,3;888,5;888,3;;22,3;16,1;22,5;21,6;16,2;15,3;69;64;68;84;6,2;2,5;
2024/04/27;0200 UTC;0;888,6;888,6;888,3;;21,8;15,2;22,3;21,7;16,1;15,2;68;66;66;84;7;2,3;
2024/04/27;0300 UTC;0;888,3;888,6;888,3;;22,1;14,5;22,3;21,4;15,3;14,5;67;61;62;83;7,8;4,3;
2024/04/27;0400 UTC;0;887,9;888,3;887,8;;20,6;14,7;22,4;20,6;14,8;14,1;69;60;69;74;9,5;1,9;
2024/04/27;0500 UTC;0;887,6;887,9;887,6;;19,6;15;21,1;19,5;15;14,7;75;68;75;27;5,4;0;
2024/04/27;0600 UTC;0;887,4;887,6;887,4;;20,5;15,1;20,7;19,6;15,3;14,9;75;71;71;68;4,2;2,4;
2024/04/27;0700 UTC;0;887,1;887,4;887,1;;20,5;15;21,1;20,5;15,2;14,9;71;68;70;82;8,6;4,5;
2024/04/27;0800 UTC;0;887,1;887,2;887;;20;14,8;20,5;19,9;15;14,8;73;70;72;73;8,7;4,3;
2024/04/27;0900 UTC;0;887,7;887,7;887;;19,3;14,6;20,3;19,3;14,8;14,5;75;71;75;64;8,4;4,4;
2024/04/27;1000 UTC;0;888,4;888,4;887,7;81,4;18,8;14,9;19,2;18,3;14,9;14,5;80;75;78;60;8,1;3,1;
2024/04/27;1100 UTC;0;888,9;888,9;888,3;333,6;21,2;15,3;21,2;18,8;15,3;14,9;78;69;69;51;7,2;3,6;
2024/04/27;1200 UTC;0;889,7;889,7;888,9;1567,4;23,3;15,9;23,3;21,2;16;15,1;69;61;63;65;7,2;3,7;
2024/04/27;1300 UTC;0;889,9;890;889,7;2319,2;24,9;15,2;25;23,3;16,3;15,1;64;55;55;52;8,1;3,9;
2024/04/27;1400 UTC;0;889,7;890;889,7;2861,1;25,8;15,8;26;24,9;16,1;14,9;57;52;54;67;9,5;3,2;
2024/04/27;1500 UTC;0;889,1;889,7;889,1;3173,1;26,3;14,9;27,2;25,4;16,5;14,8;56;48;50;47;12,2;2,8;
2024/04/27;1600 UTC;0;888,4;889,1;888,4;3225,5;28;14,6;28,5;26,3;16,3;13,5;53;43;44;32;7,7;,8;
2024/04/27;1700 UTC;0;887,6;888,4;887,6;3026;27,6;16,8;28,2;27;16,8;13,7;52;42;52;12;5,4;2,2;
2024/04/27;1800 UTC;0;887,3;887,6;887,2;2540,7;27,3;14,8;28,4;27,1;17,2;14,2;53;44;46;29;6,5;2,6;
2024/04/27;1900 UTC;0;887,3;887,3;887,2;2073,8;27,5;14,2;28,2;27,3;16,3;13,9;50;42;44;4;5,9;2,7;
2024/04/27;2000 UTC;0;887,4;887,4;887,3;1259,8;26,5;14,5;27,8;26,5;15;14;48;44;48;10;6,4;1,9;
2024/04/27;2100 UTC;0;887,5;887,6;887,4;139,7;23,5;15,5;26,5;23,5;16;14;61;47;61;46;5,1;1,5;
2024/04/27;2200 UTC;0;887,8;887,8;887,5;;22,6;14,7;23,5;22,3;15,7;14,7;65;60;61;74;3,1;2,1;
2024/04/27;2300 UTC;0;888;888;887,8;;21,9;14,7;23,5;21,9;14,9;14,3;64;57;64;66;3,5;1,1;
2024/04/28;0000 UTC;0;888,3;888,3;888;;20,5;15,1;22,3;20,4;15,2;14,7;71;62;71;39;4,2;,7;
2024/04/28;0100 UTC;0;888,6;888,6;888,3;;20,7;14,7;21,4;20,1;15,2;14,6;73;66;68;80;2,7;,3;
2024/04/28;0200 UTC;0;888,7;888,7;888,6;;22;13,9;22,5;20,3;14,7;13,8;70;58;60;102;4,1;1,9;
2024/04/28;0300 UTC;0;888,7;888,8;888,7;;21,1;14,2;22,1;21;14,2;13,8;65;60;65;88;5;2,4;
2024/04/28;0400 UTC;0;888,4;888,7;888,4;;20,4;14,5;21,5;20,3;14,6;14,2;69;63;69;82;4,4;2,6;
2024/04/28;0500 UTC;0;888;888,4;888;;19,1;14,8;20,6;19,1;14,9;14,5;76;69;76;75;3,7;2,5;
2024/04/28;0600 UTC;0;888;888,1;887,9;;19,5;15,2;19,5;18,7;15,3;14,8;79;76;76;63;3,6;2,4;
2024/04/28;0700 UTC;0;888,2;888,2;888;;19,2;15,1;19,7;18,9;15,3;15;79;75;77;36;3,7;1,7;
2024/04/28;0800 UTC;0;888,2;888,3;888,2;;19,4;15;20,1;18,8;15,2;14,9;78;73;76;70;4,3;1,8;
2024/04/28;0900 UTC;0;888,6;888,6;888,2;;19;15,2;19,4;18,7;15,4;14,9;80;76;79;58;3,6;2,3;
2024/04/28;1000 UTC;0;889,4;889,4;888,6;83;20,4;16;20,4;18,9;16,1;15,2;79;75;76;60;4,3;1,9;
2024/04/28;1100 UTC;0;890;890;889,4;314,2;22,3;15,9;22,3;20,4;16,3;15,7;76;66;67;71;5,1;2,6;
2024/04/28;1200 UTC;0;890,1;890,2;889,9;1560,5;23,8;16,9;23,8;22,3;16,9;15,7;68;64;66;87;8,5;4;
2024/04/28;1300 UTC;0;890,5;890,5;890,1;2314,4;25,4;17;25,4;23,6;17,6;16,5;66;59;60;70;7,7;3;
2024/04/28;1400 UTC;0;890,2;890,5;890,1;2889,5;26,4;15,4;27;25,4;18,1;15,1;62;50;51;192;4,9;1,8;
2024/04/28;1500 UTC;0;889,4;890,2;889,4;3153,5;27,5;16,1;27,9;26;16,6;14,4;53;46;50;103;4,3;1,5;
2024/04/28;1600 UTC;0;888,5;889,4;888,5;2522,4;28,8;15,8;28,9;26,5;17,3;14,7;52;44;45;208;5,8;1;
2024/04/28;1700 UTC;0;887,6;888,5;887,6;2206,3;28,4;15;29,7;27;17,1;14,1;52;41;44;151;5,3;1,4;
2024/04/28;1800 UTC;0;887,1;887,6;887,1;1405,4;28,2;14,8;29,2;27,3;16,1;13,9;48;40;44;118;5,6;,7;
2024/04/28;1900 UTC;0;886,8;887,1;886,8;543,6;27,3;15,3;28,2;27,1;16,1;14,3;51;44;48;57;3,8;1,1;
2024/04/28;2000 UTC;0;886,8;886,9;886,7;281;25,5;17,7;27,3;25,5;17,9;15,3;62;48;62;24;3,8;0;
2024/04/28;2100 UTC;0;886,9;886,9;886,8;83,1;24,7;16,6;25,5;24,5;19,7;16,5;75;60;61;130;1,9;0;
2024/04/28;2200 UTC;0;887,2;887,2;886,9;;24,4;16,3;25,8;23,7;16,9;15,9;66;55;61;97;3,5;2;
2024/04/28;2300 UTC;0;887,5;887,5;887,2;;23;16,9;24,4;23;16,9;16,2;69;61;69;95;4,7;1,9;
2024/04/29;0000 UTC;0;888;888;887,5;;23,2;17;23,2;22,6;17,2;16,9;71;68;68;87;6,8;3,8;
2024/04/29;0100 UTC;0;888,3;888,3;887,9;;22,8;16,5;23,2;22,5;17;16,5;69;68;68;82;6,8;3,3;
2024/04/29;0200 UTC;0;888,5;888,5;888,2;;22,4;17,1;22,9;22,2;17,3;16,4;73;67;72;80;7,5;3,3;
2024/04/29;0300 UTC;0;888,6;888,6;888,4;;22;17,3;22,5;21,4;17,4;16,9;77;71;75;81;7,4;3,3;
2024/04/29;0400 UTC;0;888,5;888,6;888,4;;20,9;17;22,2;20,9;17,3;17;78;72;78;73;5,5;2,6;
2024/04/29;0500 UTC;0;888,2;888,5;888,1;;21,1;17;21,6;20,9;17,2;16,9;78;75;77;78;6,1;3,7;
2024/04/29;0600 UTC;0;888,1;888,2;888;;19,6;16,8;21,1;19,6;17;16,7;84;77;84;51;5,6;2,2;
2024/04/29;0700 UTC;0;887,9;888,1;887,8;;20,5;16,5;20,8;19,5;17,1;16,5;84;77;78;87;6,2;3,4;
2024/04/29;0800 UTC;0;888,1;888,1;887,8;;20;16,4;20,5;20;16,5;16,4;80;78;80;89;6,8;3,4;
2024/04/29;0900 UTC;0;888,5;888,5;888,1;;20,2;15,7;20,6;19,7;16,4;15,7;80;75;75;83;6;2,9;
2024/04/29;1000 UTC;0;889;889;888,4;80,9;20,4;15,4;20,6;19,9;15,7;15,2;75;73;73;72;5,4;2,8;
2024/04/29;1100 UTC;0;889,8;889,8;889;314,5;23;16,1;23;20,4;16,1;15,1;73;64;65;356;5,6;1,5;
2024/04/29;1200 UTC;0;890,7;890,7;889,8;1558;24,9;16,7;25,2;22,8;17,5;15,6;66;60;60;42;4,9;2,6;
2024/04/29;1300 UTC;0;890,9;890,9;890,7;2320,8;26,2;16,1;26,3;24,8;17,5;15,6;61;52;54;49;7,6;3,9;
2024/04/29;1400 UTC;0;890,6;890,9;890,6;2829,8;27,5;16,7;27,6;25,8;17,3;14,8;56;48;52;55;7,6;2,5;
2024/04/29;1500 UTC;0;890;890,6;890;1932,4;27,2;16,1;28,1;25,7;17,7;14,8;59;46;51;83;6,3;2;
2024/04/29;1600 UTC;0;889,1;890;889,1;2811,2;28,2;16;28,4;26;17,2;15,1;57;46;48;62;6,8;3,2;
2024/04/29;1700 UTC;0;888,3;889,1;888,3;2990,2;28,5;14,7;29;26,9;16,6;13,6;50;39;43;30;7,1;3;
2024/04/29;1800 UTC;0;888;888,3;888;1351,9;26,8;15,2;29,1;26,8;15,2;12,9;49;39;49;69;5,9;1,8;
2024/04/29;1900 UTC;0;887,9;888;887,8;1060,9;28,4;15,2;28,5;26,8;16,1;13,7;51;43;45;81;3,7;,6;
2024/04/29;2000 UTC;0;888,1;888,1;887,9;485,2;26,1;17,1;28,7;25,2;17,9;14,8;64;43;58;59;3,6;,1;
2024/04/29;2100 UTC;0;888,2;888,2;888,1;117,7;23,8;15,9;26,2;22,8;17,3;15,9;69;55;61;70;3,3;1,8;
2024/04/29;2200 UTC;0;888,5;888,5;888,2;;22,9;15,3;23,8;22;16;15,3;68;61;62;86;3,3;1,2;
2024/04/29;2300 UTC;0;888,9;888,9;888,5;;22,8;14,6;23;21,8;15,6;14,6;66;60;60;101;3,7;1,9;
2024/04/30;0000 UTC;0;889,2;889,2;888,9;;21,3;14,4;22,9;21,3;14,6;14,4;65;59;65;82;4,1;,7;
2024/04/30;0100 UTC;0;888,9;889,2;888,9;;22,1;14,2;22,5;21,2;14,5;14,2;65;60;61;91;5,8;3,3;
2024/04/30;0200 UTC;0;888,7;888,9;888,7;;21,8;14,6;22,2;21,7;14,6;14,2;64;61;64;88;6,9;4,1;
2024/04/30;0300 UTC;0;888,7;888,7;888,6;;21,4;15,1;22;21,3;15,1;14,6;67;63;67;85;7;4,1;
2024/04/30;0400 UTC;0;888,7;888,7;888,7;;20,4;15,6;21,5;20,4;15,7;15,1;74;67;74;69;7,1;2,2;
2024/04/30;0500 UTC;0;888,5;888,8;888,5;;20,7;15,2;21,3;20,4;15,7;14,9;74;68;71;70;5,4;2,4;
2024/04/30;0600 UTC;0;888,4;888,5;888,4;;19,4;14,7;20,7;19,2;15,2;14,6;75;71;74;59;4,5;2,1;
2024/04/30;0700 UTC;0;888,5;888,6;888,4;;20,6;13,3;20,8;19,1;14,6;13,3;75;63;63;22;3,3;1,1;
2024/04/30;0800 UTC;0;888,8;888,8;888,5;;20;13,5;20,9;19,7;13,8;13,2;67;62;66;22;4,2;1,5;
2024/04/30;0900 UTC;0;889;889;888,7;;19,1;13,8;20,2;18,8;13,9;13,4;72;66;71;56;3,5;1,4;
2024/04/30;1000 UTC;0;889,4;889,4;889;70;20,4;14,5;20,4;18,9;14,5;13,7;72;68;69;68;2,7;,6;
2024/04/30;1100 UTC;0;889,7;889,7;889,4;317;23,1;15,8;23,1;20,4;16;14,5;71;64;64;86;5,5;2,9;
2024/04/30;1200 UTC;0;890,1;890,1;889,7;1568,7;25,3;16,7;25,3;23,1;16,9;15,7;64;58;59;71;6,8;3;
2024/04/30;1300 UTC;0;890,6;890,6;890,1;2323,3;26,3;15,5;26,4;25,2;16,5;15,2;59;50;51;66;8,8;4,4;
2024/04/30;1400 UTC;0;890,4;890,6;890,4;2826,3;26,9;17;27;26,1;17;15,2;55;50;55;61;8,9;4,1;
2024/04/30;1500 UTC;0;889,9;890,4;889,9;3249,4;27,4;15,3;27,8;26,7;16,7;14,2;54;44;48;49;8,3;3,4;
2024/04/30;1600 UTC;0;889,2;889,9;889,2;3394;27,6;13,5;28,7;27,5;15,5;12,8;48;40;42;34;6,7;2,5;
2024/04/30;1700 UTC;0;888,7;889,2;888,7;3217,7;28,6;14,2;28,9;27,6;15,7;12,5;48;37;41;354;6,6;2,6;
2024/04/30;1800 UTC;0;888,3;888,7;888,2;2520,2;28,5;14,7;29,2;27,9;15,8;13,3;46;39;43;30;6,4;2,6;
2024/04/30;1900 UTC;0;888,1;888,3;888,1;1933,4;28;14,4;28,9;27,8;15,1;13,5;45;39;43;21;6,6;2,7;
2024/04/30;2000 UTC;0;888,3;888,3;888,1;800,4;27,2;15;28;26,8;15,2;13,8;48;42;47;44;5,4;2,5;
2024/04/30;2100 UTC;0;888,5;888,5;888,3;183,8;24;16;27,2;24;16,2;14,6;61;46;61;65;4,5;1,4;
2024/04/30;2200 UTC;0;888,8;888,8;888,5;;23,5;15;24;23,3;16;15;63;59;59;84;2,9;2,3;
2024/04/30;2300 UTC;0;889,4;889,4;888,8;;23;14,5;23,7;22,5;15;14,5;61;58;59;82;3,2;2,1;
2024/05/01;0000 UTC;0;889,6;889,6;889,4;;22,2;14,4;23,3;21,9;14,8;14,4;64;57;62;75;3;1,2;
2024/05/01;0100 UTC;0;889,7;889,7;889,6;;22,9;14,6;23,4;21,2;14,9;14,4;67;58;60;86;2,7;1,7;
2024/05/01;0200 UTC;0;889,7;889,8;889,7;;21,7;15,2;23,3;21,4;15,2;14,4;67;58;66;63;3,2;1,8;
2024/05/01;0300 UTC;0;889,4;889,7;889,4;;21,9;16,1;22,5;21,5;16,1;15,2;70;63;70;80;3,4;1,7;
2024/05/01;0400 UTC;0;889,1;889,4;889,1;;21,3;16,7;22,1;20,9;16,7;16,1;76;69;75;39;3,4;1;
2024/05/01;0500 UTC;0;888,6;889,1;888,6;;21,5;16,7;21,6;20,6;16,8;16,5;77;74;74;56;4,1;2,3;
2024/05/01;0600 UTC;0;888,2;888,6;888,2;;20,9;16,3;21,8;20,9;16,7;16,3;75;72;75;61;4,9;1,9;
2024/05/01;0700 UTC;0;888,2;888,2;888,1;;21,1;16;21,1;20,9;16,4;16;75;73;73;83;5,6;3,6;
2024/05/01;0800 UTC;0;888,3;888,3;888,2;;19,9;15,8;21,3;19,9;16;15,8;77;71;77;61;6,1;3,1;
2024/05/01;0900 UTC;0;888,5;888,5;888,3;;18,7;15,6;19,9;18,6;16;15,5;83;77;82;43;5,4;2;
2024/05/01;1000 UTC;0;889,2;889,2;888,5;60,7;20,4;15,6;20,4;18,7;15,8;15,5;83;74;74;39;4,8;1,8;
2024/05/01;1100 UTC;0;889,7;889,7;889,2;309,3;22,6;15,5;22,6;20,5;15,7;15,3;74;64;64;356;5,6;1,7;
2024/05/01;1200 UTC;0;890,4;890,4;889,7;1546,3;24,8;14,9;24,8;22,5;15,9;14,9;65;54;54;52;7,5;3,9;
2024/05/01;1300 UTC;0;890,8;890,8;890,4;2304,7;25,7;14,8;25,9;24,7;15,7;14,5;56;51;51;44;9,1;4;
2024/05/01;1400 UTC;0;890,3;890,8;890,3;2057,2;25,2;14,9;26,7;25,2;16,1;14,3;54;48;53;37;7,1;1,9;
2024/05/01;1500 UTC;0;889,7;890,3;889,7;1725,1;26,2;15;26,6;25,1;16,1;14;55;47;50;53;6,3;1,5;
2024/05/01;1600 UTC;0;888,9;889,7;888,9;3169,2;26,4;13,9;28,2;26,2;16,6;13,1;54;40;46;73;5,2;2,7;
2024/05/01;1700 UTC;0;888,4;888,9;888,4;1888,7;27;14,7;28;26,1;15,3;12,9;50;40;47;58;6;1,2;
2024/05/01;1800 UTC;0;887,8;888,4;887,8;1298;26;14,7;28,2;26;15,7;13,8;52;43;50;15;5,9;1,2;
2024/05/01;1900 UTC;0;887,4;887,8;887,4;1189,3;25,8;14,7;27,9;25,7;15,3;13,3;52;42;51;34;4,4;,5;
2024/05/01;2000 UTC;0;887,5;887,6;887,4;677,5;24,7;16,2;27,4;24,6;16,4;13,7;60;44;59;44;4,7;,9;
2024/05/01;2100 UTC;0;887,5;887,6;887,5;190,9;22,8;15,6;25,1;22,8;17;15,3;65;57;64;46;2,5;1,6;
2024/05/01;2200 UTC;0;887,5;887,5;887,4;;23,4;14,4;23,9;22,7;15,7;14,4;65;57;57;80;2,9;1,5;
2024/05/01;2300 UTC;0;887,8;887,8;887,5;;22,2;14,3;23,5;22,1;14,6;14,3;61;57;61;79;3,2;2,1;
2024/05/02;0000 UTC;0;888,1;888,1;887,8;;21,7;14;22,2;20,7;14,4;13,9;66;61;62;91;2,9;1,8;
2024/05/02;0100 UTC;0;888,1;888,2;888,1;;21;14,3;21,7;20,4;14,3;13,8;67;61;66;89;3,5;1,9;
2024/05/02;0200 UTC;0;887,8;888,1;887,8;;21,6;14,4;21,9;21;14,5;14,2;65;62;64;88;5,9;3,7;
2024/05/02;0300 UTC;0;887,5;887,8;887,5;;21,3;14,5;21,9;21,3;14,5;14,3;65;62;65;84;6,7;3,6;
2024/05/02;0400 UTC;0;887,3;887,6;887,3;;21,2;14,5;21,4;20,8;14,5;14,3;66;65;66;86;6,4;4,1;
2024/05/02;0500 UTC;0;886,8;887,3;886,8;;20,7;14,1;21,2;20,6;14,5;14,1;67;65;66;84;7;4;
2024/05/02;0600 UTC;0;886,5;886,8;886,5;;20,4;14;20,7;20,3;14,2;14;68;66;67;88;6,7;3,9;
2024/05/02;0700 UTC;0;886,4;886,5;886,3;;20,2;13,8;20,5;20,2;14,2;13,7;68;66;67;85;6,4;4;
2024/05/02;0800 UTC;0;886,6;886,6;886,4;;19,4;13,2;20,2;19,4;13,9;13,2;68;67;67;85;6;2,3;
2024/05/02;0900 UTC;0;887;887;886,6;;18,9;13,1;19,9;17,7;13,3;13;75;66;69;60;3,4;1,7;
2024/05/02;1000 UTC;0;887,6;887,6;887;58,5;18,7;13,8;19;18;13,8;13,1;75;69;73;43;3,2;1,3;
2024/05/02;1100 UTC;0;888,2;888,2;887,6;317,3;22,3;15;22,3;18,7;15,1;13,8;73;63;63;76;6,2;3,8;
2024/05/02;1200 UTC;0;888,7;888,7;888,2;1557,3;24,4;15,4;24,5;22,3;15,9;15;64;57;57;72;7,4;4,2;
2024/05/02;1300 UTC;0;888,8;888,9;888,7;2307,8;25,7;14,2;26;24,4;16,2;14,2;59;49;49;50;8,3;4,4;
2024/05/02;1400 UTC;0;888,4;888,9;888,4;2867,4;26,4;13,3;26,8;25,6;15,5;12,7;53;43;45;74;8,5;3,4;
2024/05/02;1500 UTC;0;887,7;888,5;887,7;3066,1;27;14,4;27,7;26;15,8;13,6;51;43;46;1;6,5;2,9;
2024/05/02;1600 UTC;0;886,9;887,7;886,9;3247,3;28;13,1;28,3;26,8;14,5;11,4;46;36;40;337;6,8;2,5;
2024/05/02;1700 UTC;0;886,3;886,9;886,3;2888,2;28,1;12,9;28,9;26,6;14,6;9,8;45;32;39;3;6,9;2,1;
2024/05/02;1800 UTC;0;885,8;886,3;885,8;2620,4;28,2;13,5;28,4;27,8;14,8;11,3;45;36;40;308;5,5;2,6;
2024/05/02;1900 UTC;0;885,7;885,8;885,6;1883;28,2;12,7;28,6;27,7;14,4;11,7;43;37;38;354;7,9;2,2;
2024/05/02;2000 UTC;0;885,9;885,9;885,7;1194,7;27,6;13,7;28,4;27,6;14,3;13,1;44;39;42;341;5;2,5;
2024/05/02;2100 UTC;0;886,3;886,3;885,9;264,5;24;15,3;27,6;24;15,5;13,6;59;42;58;40;5;1,7;
2024/05/02;2200 UTC;0;886,6;886,6;886,3;;23,1;15,1;24,1;22,9;15,4;15;62;58;61;77;2,8;1,7;
2024/05/02;2300 UTC;0;887;887;886,6;;22,6;14,7;23,3;22,5;15,1;14,6;63;59;61;75;3;1,4;
2024/05/03;0000 UTC;0;887,2;887,3;887;;23,5;13,8;23,5;21,4;14,8;13,7;66;54;55;91;3,3;2,3;
2024/05/03;0100 UTC;0;887,4;887,4;887,2;;22,7;13,9;23,5;22,4;14,2;13,8;60;55;58;87;3,8;2,7;
2024/05/03;0200 UTC;0;887,3;887,4;887,2;;20,7;14;22,9;20,7;14,1;13,3;66;56;66;82;5;2,7;
2024/05/03;0300 UTC;0;887;887,3;887;;21,2;14,5;21,7;20,5;14,5;14;67;63;66;90;4,1;2,5;
2024/05/03;0400 UTC;0;886,7;887;886,7;;21;15,4;21,4;21;15,4;14,5;71;66;71;87;5,3;3,1;
2024/05/03;0500 UTC;0;886,4;886,7;886,4;;20,8;15,7;21,1;20,7;15,8;15,4;73;71;73;88;5,5;3,4;
2024/05/03;0600 UTC;0;886;886,4;886;;21,2;15,7;21,3;20,8;15,8;15,7;73;71;71;85;6,9;3,7;
2024/05/03;0700 UTC;0;886,1;886,1;885,9;;21;15,8;21,2;20,8;15,9;15,7;73;71;72;87;6,5;3,5;
2024/05/03;0800 UTC;0;886,4;886,4;886,1;;20,7;15,8;21,2;20,6;15,9;15,7;74;71;74;77;5,9;3;
2024/05/03;0900 UTC;0;887;887;886,4;;20,7;15,8;20,7;20,3;15,9;15,8;76;74;74;85;6,6;4;
2024/05/03;1000 UTC;0;887,7;887,7;887;31,5;20,8;15,7;20,8;20,3;15,8;15,7;75;73;73;81;7;3,6;
2024/05/03;1100 UTC;0;888,4;888,4;887,7;451,5;22,7;16,1;22,7;20,8;16,1;15,7;73;66;66;95;10;4,5;
2024/05/03;1200 UTC;0;889,1;889,1;888,4;1526,3;24,4;16,1;24,6;22,7;16,5;15,9;66;60;60;85;10;4,4;
2024/05/03;1300 UTC;0;889,4;889,4;889,1;2265,9;26,4;16,1;26,4;24,4;16,8;15,7;62;52;53;100;9,3;3,6;
2024/05/03;1400 UTC;0;889,1;889,5;889,1;2462;26,6;15,9;27,6;26,1;16,7;15,1;54;48;52;115;7;3;
2024/05/03;1500 UTC;0;888,2;889,1;888,2;2948;27,6;15,6;28,9;26,2;17,1;14,6;53;45;48;109;8,1;2,4;
2024/05/03;1600 UTC;0;887,6;888,2;887,6;2040,4;26,8;14,7;28,7;26,8;16,1;13,8;49;43;47;92;7,6;2,6;
2024/05/03;1700 UTC;0;886,9;887,6;886,9;1783,2;27,9;14,8;28,6;26,8;16,2;14,5;50;44;45;122;7,4;2,3;
2024/05/03;1800 UTC;0;886,3;886,9;886,3;933,3;27,1;14,7;28,3;27,1;15,6;13,9;48;43;47;87;5,2;2,5;
2024/05/03;1900 UTC;0;886;886,3;886;1058,4;26,1;14,8;28,4;26,1;15,6;14,2;50;42;50;78;6,6;2,4;
2024/05/03;2000 UTC;0;886,3;886,3;886;781,2;26,4;15;27,9;26,1;15,7;14,5;50;45;50;80;6,5;3,8;
2024/05/03;2100 UTC;0;886,8;886,8;886,3;212,6;24,3;14,8;26,4;24,3;15,1;14,7;55;48;55;79;6,5;2,1;
2024/05/03;2200 UTC;0;887,1;887,1;886,8;;23,3;15,3;24,6;22,9;15,4;14,8;62;55;61;102;4,5;1,3;
2024/05/03;2300 UTC;0;887,5;887,5;887,1;;23,3;14,6;23,5;22,5;15,3;14,6;63;58;58;92;7,4;3,3;
2024/05/04;0000 UTC;0;887,9;887,9;887,5;;22,7;14,6;23,5;22,6;14,7;14,4;61;57;60;90;7,8;4,5;
2024/05/04;0100 UTC;0;888,1;888,1;887,9;;22,4;14,8;22,8;22,2;14,8;14,6;63;60;62;85;10;4,9;
2024/05/04;0200 UTC;0;888,3;888,3;888,1;;21,3;14,9;22,4;21,3;14,9;14,8;67;62;67;81;10;4,3;
2024/05/04;0300 UTC;0;888,3;888,4;888,2;;21,6;14,6;21,8;21,2;15;14,6;67;65;65;79;8,7;4,5;
2024/05/04;0400 UTC;0;888,1;888,4;888,1;;20,8;14,4;21,8;20,6;14,7;14,4;68;64;67;79;10,2;3,8;
2024/05/04;0500 UTC;0;887,7;888,1;887,7;;20,6;14,1;21,1;20,5;14,4;14;67;65;66;85;7,8;3,3;
2024/05/04;0600 UTC;0;888;888;887,7;;20,7;12,4;20,9;20,2;14,1;12,1;67;58;59;82;6,4;4,2;
2024/05/04;0700 UTC;0;888,2;888,2;888;;20,1;12,3;21;20,1;12,4;12;61;57;60;86;6,8;3,3;
2024/05/04;0800 UTC;0;888,3;888,4;888,2;;19,3;12;20,3;19,3;12,3;11,9;62;59;62;90;6,3;2,8;
2024/05/04;0900 UTC;0;888,8;888,8;888,3;;19,2;11,9;19,7;19;12;11,8;63;61;62;89;5,9;3,3;
2024/05/04;1000 UTC;0;889,5;889,5;888,8;64,4;19,5;12,3;19,5;17,4;12,3;11,7;70;62;63;92;5,1;3,3;
2024/05/04;1100 UTC;0;890,3;890,3;889,5;378,2;21,5;13,7;21,5;19,6;13,8;12,3;65;61;61;91;5,6;3,3;
2024/05/04;1200 UTC;0;890,7;890,7;890,3;1576,4;23,9;13,6;24;21,4;14,1;13,2;62;51;53;84;8,3;3,9;
2024/05/04;1300 UTC;0;890,9;891;890,7;2337,6;25,2;13,3;25,3;23,8;13,7;12,5;53;47;47;78;7,7;3,9;
2024/05/04;1400 UTC;0;890,7;891;890,7;2875,1;26,5;12,3;26,9;25;13,9;11,7;49;41;41;94;8,4;3,2;
2024/05/04;1500 UTC;0;890;890,7;890;3168;27,2;13,4;27,2;26,1;13,8;10,3;45;36;43;100;7;3,3;
2024/05/04;1600 UTC;0;889,1;890;889;3218,8;27,4;11,5;27,9;26,9;12,8;10,2;43;34;37;87;6,8;3,3;
2024/05/04;1700 UTC;0;888,3;889,1;888,3;2991;27,8;11,9;28,3;27,2;12,9;10,5;41;34;37;98;7,2;3,3;
2024/05/04;1800 UTC;0;888;888,4;888;2535;27,9;9,7;28,3;27,6;12;9,1;38;31;32;76;7,2;3,2;
2024/05/04;1900 UTC;0;888;888;887,9;1854,1;27,3;9,8;28,2;27,3;10,3;8,8;34;30;33;70;8,1;3,1;
2024/05/04;2000 UTC;0;888,5;888,6;887,9;1036,8;26;9,6;27,4;26;11,1;9;38;32;36;78;6,1;3;
2024/05/04;2100 UTC;0;888,8;888,9;888,5;231,4;23,6;10,8;26;23,6;10,9;9;44;34;44;88;5,4;1,8;
2024/05/04;2200 UTC;0;889,3;889,3;888,8;;21,8;10,2;23,7;21,8;10,8;10;48;43;48;87;3,2;2,1;
2024/05/04;2300 UTC;0;889,8;889,8;889,3;;21,9;10,5;22;21,3;10,5;10;50;47;48;100;4,2;2,6;
2024/05/05;0000 UTC;0;890,4;890,4;889,8;;20,6;11;22;20,2;11;10,3;55;47;54;97;5,3;3,3;
2024/05/05;0100 UTC;0;890,7;890,7;890,4;;19,2;11,6;20,6;19;11,6;11,1;62;54;61;90;5;2,2;
2024/05/05;0200 UTC;0;890,7;890,7;890,6;;20,1;12,4;20,3;18,7;12,4;11,6;65;60;61;99;4,7;3;
2024/05/05;0300 UTC;0;890,5;890,7;890,5;;19,1;13,3;20,2;18,9;13,3;12,5;69;61;69;93;4,9;2,7;
2024/05/05;0400 UTC;0;890,2;890,6;890,2;;19;14,3;19,7;18,9;14,3;13,3;74;68;74;87;4,3;1,8;
2024/05/05;0500 UTC;0;889,8;890,2;889,7;;18,9;14,4;19,4;18,8;14,5;14,3;76;73;75;90;5,1;1,9;
2024/05/05;0600 UTC;0;889,7;889,8;889,7;;19,4;15,1;19,4;18,2;15,1;14,3;79;75;76;97;6,1;3,4;
2024/05/05;0700 UTC;0;889,6;889,7;889,6;;18,5;14,9;19,4;18;15,1;14,6;82;76;80;112;6,1;2;
2024/05/05;0800 UTC;0;889,8;889,8;889,5;;17,9;14,8;18,5;17,8;14,9;14,7;83;80;82;100;5,4;2,8;
2024/05/05;0900 UTC;0;890,3;890,3;889,8;;17,9;14,6;18,1;17,9;14,9;14,6;82;81;81;100;5,8;3,2;
2024/05/05;1000 UTC;0;891;891;890,3;64,7;18,4;14,5;18,4;17,7;14,6;14,4;81;78;78;100;5,8;3,3;
2024/05/05;1100 UTC;0;891,5;891,5;891;405;20,4;14,7;20,4;18,4;15;14,4;78;69;70;87;7,3;3,9;
2024/05/05;1200 UTC;0;891,8;891,9;891,5;1534,7;22;14,9;22,1;20,4;15,4;14,6;71;64;64;86;9;4,7;
2024/05/05;1300 UTC;0;892;892;891,8;2289,5;24;14,8;24;22;15,7;14,4;65;56;56;95;9,2;4,3;
2024/05/05;1400 UTC;0;891,6;892;891,6;2597,4;24,4;13,8;24,5;23,3;15,1;13,6;57;51;52;89;8,7;4,5;
2024/05/05;1500 UTC;0;890,7;891,6;890,7;2992,3;25,7;14,2;25,7;24,4;15,1;13;53;47;49;83;8,9;2,9;
2024/05/05;1600 UTC;0;889,7;890,7;889,7;3262;26,5;14,1;26,5;25,1;14,5;12,6;50;44;47;77;9;3,1;
2024/05/05;1700 UTC;0;889;889,7;888,9;3097,9;26,5;12,8;27,5;25,5;15,1;12,7;49;42;43;75;8,2;3,6;
2024/05/05;1800 UTC;0;888,5;889;888,5;1779,8;25,8;12,9;27,5;25,2;14,2;12,2;47;41;45;69;7,2;2,9;
2024/05/05;1900 UTC;0;888,5;888,6;888,4;1881,9;26,8;12,7;27,1;25,6;13,5;11,6;46;40;42;38;8,4;3,1;
2024/05/05;2000 UTC;0;889;889;888,5;1085,9;25,7;13;26,8;25,7;13,6;11,7;46;40;45;73;8,4;1,7;
2024/05/05;2100 UTC;0;889,3;889,3;889;226,3;23,6;13,1;25,7;23,3;13,5;12,1;54;44;52;83;5;2;
2024/05/05;2200 UTC;0;889,4;889,5;889,3;;22;14,1;23,6;22;14,1;13,2;61;52;61;91;3,6;2,4;
2024/05/05;2300 UTC;0;889,9;889,9;889,4;;21;14,3;22,1;20,8;14,4;14,1;66;61;65;85;4,3;2,9;
2024/05/06;0000 UTC;0;890,3;890,3;889,9;;20,9;14,5;21,5;20,8;14,5;14,3;67;64;67;88;5;2,9;
2024/05/06;0100 UTC;0;890,2;890,4;890,2;;19,7;14,8;20,9;19,6;14,8;14,4;73;67;73;85;5;1,7;
2024/05/06;0200 UTC;0;889,9;890,2;889,9;;20,3;15,2;20,5;19,7;15,3;14,8;73;71;72;88;7;3,2;
2024/05/06;0300 UTC;0;889,7;889,9;889,7;;19,4;15,2;20,3;19,4;15,3;15,1;77;72;77;99;5,6;2,8;
2024/05/06;0400 UTC;0;889,3;889,7;889,3;;19,3;15,3;19,6;19,2;15,4;15,2;78;77;78;76;5,6;2,8;
2024/05/06;0500 UTC;0;888,6;889,3;888,6;;19,5;15,3;19,5;19;15,4;15,2;79;77;77;87;6,1;3,7;
2024/05/06;0600 UTC;0;888,5;888,6;888,4;;19,2;15;19,5;18,8;15,3;15;79;76;77;85;6,1;3,3;
2024/05/06;0700 UTC;0;888,7;888,7;888,4;;18,7;15,1;19,5;18,6;15,1;14,9;80;76;80;98;5,4;2,5;
2024/05/06;0800 UTC;0;889,1;889,1;888,7;;18,2;15;18,7;18;15,1;14,9;82;80;82;110;5,3;1,9;
2024/05/06;0900 UTC;0;889,5;889,5;889,1;;17,8;15;18,3;17,8;15,1;15;84;82;84;100;6;3,1;
2024/05/06;1000 UTC;0;890;890;889,5;57,7;18,3;15,5;18,3;17,8;15,6;15;84;84;84;95;7,1;3,6;
2024/05/06;1100 UTC;0;890,5;890,5;889,9;335,8;19,6;16,2;19,8;18,2;16,3;15,5;85;80;80;98;8,2;4,2;
2024/05/06;1200 UTC;0;891,2;891,3;890,5;992,2;21;16,9;21;19,6;17,3;16,1;81;77;78;85;9,3;4,6;
2024/05/06;1300 UTC;0;891,4;891,4;891,2;1673,4;22;17;22,6;20,2;17,9;16,5;85;71;73;88;10,1;5,1;
2024/05/06;1400 UTC;0;890,7;891,4;890,7;1721,6;23;16,8;23,1;22,1;17,7;16,5;74;68;68;86;9,7;5;
2024/05/06;1500 UTC;0;889,7;890,7;889,7;2400;23,8;16,8;24,5;23,1;17,6;16,6;69;63;65;79;9,4;4;
2024/05/06;1600 UTC;0;888,7;889,7;888,7;2300,4;24,6;16,9;25,3;23,5;18,3;16,6;68;61;62;91;8,7;4,3;
2024/05/06;1700 UTC;0;887,7;888,7;887,7;2238,4;25,4;17,2;26;24,2;17,9;16,3;65;58;60;81;8,2;3,7;
2024/05/06;1800 UTC;0;887;887,7;887;1984,4;26,5;15,6;26,9;24,7;17,4;15,6;61;50;51;61;7,5;4;
2024/05/06;1900 UTC;0;887,1;887,1;887;1741,3;26,4;15,2;27;24,8;16,7;15,2;58;50;50;44;8,7;3,6;
2024/05/06;2000 UTC;0;887,3;887,3;887,1;865,3;25,3;15,6;26,7;24,5;15,9;15,1;58;49;55;78;7,2;2,8;
2024/05/06;2100 UTC;0;887,7;887,7;887,3;223,2;23,6;16,3;25,3;23,6;16,3;15,1;63;54;63;98;5,4;1,6;
2024/05/06;2200 UTC;0;888,2;888,2;887,7;;22,1;16,4;23,6;21,7;16,4;16,2;72;63;70;87;3,7;2,2;
2024/05/06;2300 UTC;0;888,8;888,8;888,2;;21,5;16,3;22,3;21,3;16,4;16,1;73;69;72;94;4,4;1,7;
2024/05/07;0000 UTC;0;889,1;889,1;888,8;;20,9;16,3;21,5;20,7;16,4;16,2;76;72;75;93;3,8;2,2;
2024/05/07;0100 UTC;0;888,9;889,1;888,9;;20,4;16,1;20,9;20,4;16,4;16,1;77;75;76;90;4,8;2,6;
2024/05/07;0200 UTC;0;889,1;889,1;888,9;;20,3;15,3;20,6;19,2;16;15,3;80;72;73;96;4,5;2,6;
2024/05/07;0300 UTC;0;889,1;889,2;889,1;;19,7;15,2;20,3;19,4;15,4;15,2;77;73;75;103;4,5;2,4;
2024/05/07;0400 UTC;0;888,8;889,1;888,8;;20,1;15,1;20,3;19,4;15,3;14,9;76;72;73;79;5,1;2,5;
2024/05/07;0500 UTC;0;888,3;888,8;888,3;;20,1;15,2;20,7;19,9;15,5;14,8;74;71;74;82;9;3,9;
2024/05/07;0600 UTC;0;888;888,3;888;;19,3;15,1;20,4;19,3;15,4;15,1;77;72;77;303;7,8;,1;
2024/05/07;0700 UTC;0;887,6;888;887,6;;19,1;15,6;19,9;18,6;15,9;14,9;81;76;80;116;3,3;,6;
2024/05/07;0800 UTC;0;887,7;887,7;887,5;;19;15,3;20,1;18,7;15,7;14,9;80;75;79;34;3,5;,9;
2024/05/07;0900 UTC;0;888;888;887,6;;19,1;15,4;19,6;18,4;15,6;14,9;81;77;79;81;5,7;1,8;
2024/05/07;1000 UTC;0;888,5;888,5;888;67,6;19;15,4;19,3;18,5;15,5;15,1;82;79;80;105;5,7;,9;
2024/05/07;1100 UTC;0;889;889;888,5;381,2;20,6;15,9;20,6;19;16,1;15,5;80;75;75;63;5,1;2,1;
2024/05/07;1200 UTC;0;889,8;889,8;889;1380,4;21,4;16,4;21,9;20,5;16,5;15,8;76;70;73;67;6,5;3;
2024/05/07;1300 UTC;0;889,9;890;889,7;2033,5;22,9;16,4;23,1;21;17;16,1;74;66;67;84;10,6;4,7;
2024/05/07;1400 UTC;0;889,8;889,9;889,8;3048,3;24,1;16;25,1;22,8;17,5;15,5;68;58;60;79;9,8;4,1;
2024/05/07;1500 UTC;0;889,4;889,8;889,4;2389,4;24,5;15,5;25,3;23,8;16,9;15,4;63;57;57;86;8,5;3,8;
2024/05/07;1600 UTC;0;888,7;889,4;888,7;2626,7;26;15,3;26,3;24,3;16,3;14,6;59;50;52;106;8,6;4,4;
2024/05/07;1700 UTC;0;887,9;888,8;887,9;2800,8;26;14,9;26,4;25,4;16,1;14,6;55;49;50;83;9,1;4,6;
2024/05/07;1800 UTC;0;887,3;887,9;887,3;2333,8;25,8;14,5;26,7;25,5;15,6;14,2;53;48;50;89;8,2;3,8;
2024/05/07;1900 UTC;0;887,1;887,3;887,1;1760,6;25,7;14,7;26,2;25,5;15,1;14,1;52;48;50;94;7,9;3,3;
2024/05/07;2000 UTC;0;887,2;887,2;887;985;24,6;14,7;26;24,6;15;14,2;54;49;54;77;6,5;3,2;
2024/05/07;2100 UTC;0;887,5;887,5;887,2;215;22,2;14,3;24,6;22,2;14,7;14,2;61;53;61;83;6,2;2;
2024/05/07;2200 UTC;0;887,8;887,8;887,5;;21,2;14,5;22,2;20,8;14,6;14,4;67;61;66;84;4,5;2,7;
2024/05/07;2300 UTC;0;888,3;888,3;887,8;;20,8;14,4;21,3;20,4;14,5;14,3;68;65;67;88;5,3;2,8;
2024/05/08;0000 UTC;0;888,4;888,4;888,3;;20;14,2;20,8;19,8;14,4;14,1;70;67;69;84;5,3;3,2;
2024/05/08;0100 UTC;0;888,4;888,6;888,4;;19,8;13,9;20;19,3;14,2;13,9;72;69;69;86;5;3,2;
2024/05/08;0200 UTC;0;888,6;888,7;888,4;;19,2;13,7;19,8;19;13,9;13,7;72;69;70;90;5,4;3,1;
2024/05/08;0300 UTC;0;888,4;888,6;888,4;;19,2;13,7;19,4;18,6;13,8;13,5;73;70;71;83;6,5;3,9;
2024/05/08;0400 UTC;0;888,5;888,5;888,3;;18,7;13,5;19,2;18,6;13,8;13,5;72;70;72;99;5,9;2,6;
2024/05/08;0500 UTC;0;888,4;888,5;888,3;;17,7;13,1;19;17,6;13,5;13;75;70;74;75;5,8;2,2;
2024/05/08;0600 UTC;0;888,1;888,4;888,1;;16,1;13,1;17,7;15,6;13,2;12,8;84;74;83;59;4,5;3,2;
2024/05/08;0700 UTC;0;888;888,1;888;;16,9;13,1;17;16,1;13,2;13;83;78;78;72;4,5;2,6;
2024/05/08;0800 UTC;0;888,3;888,3;888;;17,3;13,2;17,5;16,7;13,3;13;79;76;77;92;4,9;2,3;
2024/05/08;0900 UTC;0;888,8;888,8;888,3;;15,3;12,8;17,3;15,3;13,3;12,6;86;77;85;62;3,7;2,2;
2024/05/08;1000 UTC;0;889,1;889,1;888,8;69,5;17;14,4;17;15,2;14,5;12,8;88;85;85;59;6,7;3,6;
2024/05/08;1100 UTC;0;889,6;889,6;889,1;379;19,9;15,3;19,9;17;15,4;14,5;85;75;75;68;7,2;4;
2024/05/08;1200 UTC;0;890,3;890,3;889,6;1550,8;21,8;15,1;21,9;19,9;15,6;15;75;66;66;60;10,6;4,9;
2024/05/08;1300 UTC;0;890,5;890,6;890,3;2289,9;23,5;15,5;23,6;21,7;15,8;14,7;67;58;61;60;9,3;4,1;
2024/05/08;1400 UTC;0;890,3;890,7;890,3;2821,8;24,8;14,5;25;23,4;15,7;13,8;61;51;53;45;7;3,6;
2024/05/08;1500 UTC;0;890,1;890,3;890;3134,4;26;12,8;26,2;24,5;15,9;12,1;55;41;44;354;8,3;2,9;
2024/05/08;1600 UTC;0;889,6;890,1;889,6;3165,6;25,9;13;26,8;25,4;14;11,7;48;41;45;2;6,4;2,9;
2024/05/08;1700 UTC;0;889,1;889,6;889,1;2940,7;26,1;14,1;26,9;25,7;15,1;12,3;50;43;47;4;6,4;2,9;
2024/05/08;1800 UTC;0;888,7;889,1;888,7;2328,5;26,8;14,3;27,3;25,7;14,7;13;49;43;46;12;6,3;2,2;
2024/05/08;1900 UTC;0;888,7;888,7;888,6;1793,8;26,7;13,9;27,5;26,4;14,8;12,4;48;39;45;19;4,7;,9;
2024/05/08;2000 UTC;0;888,9;888,9;888,6;977,2;26,4;13,9;27,1;26,4;14,2;12,6;46;41;46;328;3,5;1,4;
2024/05/08;2100 UTC;0;889,3;889,3;888,9;201,9;23,2;14,9;26,4;23,2;14,9;13,7;60;46;60;341;3,3;0;
2024/05/08;2200 UTC;0;889,8;889,8;889,3;;21,7;14,6;23,2;21;15,2;14,6;68;59;64;77;1,9;,8;
2024/05/08;2300 UTC;0;890,4;890,4;889,8;;21,5;14,7;21,9;20,8;14,9;14,6;68;64;65;124;2,2;,5;
2024/05/09;0000 UTC;0;890,8;890,8;890,4;;19,8;15;21,6;19,8;15,1;14,6;74;65;74;76;3,8;2,1;
2024/05/09;0100 UTC;0;891;891;890,8;;20,5;14,9;20,5;19,7;15,2;14,8;75;70;70;82;4;2,7;
2024/05/09;0200 UTC;0;890,9;891;890,9;;20,6;15,1;20,7;20,1;15,1;14,8;72;70;71;93;5,3;3,2;
2024/05/09;0300 UTC;0;890,8;890,9;890,8;;20,2;14,8;20,6;20;15,1;14,8;72;70;71;89;5,3;2,9;
2024/05/09;0400 UTC;0;890,5;890,8;890,5;;19,8;14,6;20,2;19,6;14,9;14,5;73;71;72;95;4,6;2,8;
2024/05/09;0500 UTC;0;890,3;890,5;890,3;;19,4;14,6;19,9;19,4;14,7;14,6;74;72;73;92;5,2;3,3;
2024/05/09;0600 UTC;0;889,6;890,3;889,6;;19,1;14,3;19,4;19,1;14,5;14,3;74;73;73;87;6;3,8;
2024/05/09;0700 UTC;0;889,6;889,7;889,5;;19,4;14,2;19,5;19,1;14,3;14,2;74;72;72;86;6,1;3,8;
2024/05/09;0800 UTC;0;889,7;889,7;889,5;;18,8;14,2;19,4;18,6;14,3;14,1;76;72;75;88;5,9;3,7;
2024/05/09;0900 UTC;0;890,1;890,1;889,7;;18,6;14,2;18,8;18,2;14,3;14,1;77;75;76;94;6;2,6;
2024/05/09;1000 UTC;0;890,5;890,5;890,1;66,4;18,4;14,3;18,7;18,1;14,3;14,1;78;75;77;121;4,9;,4;
2024/05/09;1100 UTC;0;890,9;890,9;890,5;369,5;20,5;14,5;20,5;18,3;14,6;14,2;77;68;68;97;7,3;4;
2024/05/09;1200 UTC;0;891,4;891,4;890,9;1528,1;22;15;22,1;20,5;15,2;14,4;69;64;64;87;8,3;4,8;
2024/05/09;1300 UTC;0;891,7;891,7;891,4;2258,9;23,8;14,7;24,1;21,8;15,8;14,3;65;56;57;101;8,3;3,9;
2024/05/09;1400 UTC;0;891,4;891,7;891,4;2798,5;25,3;13,6;25,5;23,5;15,7;13,6;60;48;48;79;6,9;3;
2024/05/09;1500 UTC;0;890,7;891,4;890,7;3077,8;26,6;13,3;26,8;25,3;14,9;12,1;51;42;44;99;5,8;2,1;
2024/05/09;1600 UTC;0;890;890,7;890;3115,1;27,9;13,2;27,9;26,1;14,3;11,1;48;37;40;85;6,9;2;
2024/05/09;1700 UTC;0;889,2;890;889,2;2905,9;27,2;11,1;28,2;27,1;14,2;10,6;44;34;37;150;6,3;2,5;
2024/05/09;1800 UTC;0;888,6;889,2;888,6;2461,1;27,3;11,3;27,9;27;12,8;10,1;41;34;37;84;6,7;2,5;
2024/05/09;1900 UTC;0;888,4;888,6;888,3;1781,9;27,2;12;27,6;26,9;14,3;11,8;45;37;39;93;7,5;3,2;
2024/05/09;2000 UTC;0;888,5;888,5;888,3;983;25,9;13,4;27,4;25,9;13,4;11,7;47;38;46;90;7,1;2,7;
2024/05/09;2100 UTC;0;888,8;888,8;888,5;205;23,4;13,6;25,9;23,4;13,7;12,6;54;44;54;90;5,8;1,7;
2024/05/09;2200 UTC;0;889;889;888,7;;21,7;14,1;23,4;21,3;14,2;13,6;64;54;62;97;3,7;2;
2024/05/09;2300 UTC;0;889,5;889,5;889;;21,1;13,9;21,8;20,7;14,1;13,8;65;62;64;122;4,3;,8;
2024/05/10;0000 UTC;0;889,7;889,7;889,5;;20,4;14,3;21,1;19,6;14,5;13,9;70;64;68;142;3,5;,4;
2024/05/10;0100 UTC;0;889,4;889,7;889,4;;20,5;14,2;21,5;20;14,5;14;69;64;67;100;7,1;1,6;
2024/05/10;0200 UTC;0;889,1;889,4;889,1;;19;14,3;20,8;18,9;14,3;14;74;66;74;135;5,2;,9;
2024/05/10;0300 UTC;0;888,8;889,1;888,8;;19,6;13,8;20;18,6;14,2;13,7;75;68;69;84;8,2;4,4;
2024/05/10;0400 UTC;0;888,7;888,8;888,6;;18,4;13,6;19,6;18,4;13,8;13,6;74;69;74;80;7,4;3,6;
2024/05/10;0500 UTC;0;888,2;888,7;888,2;;18,1;13,5;18,6;17,8;13,7;13,4;77;73;75;90;6,8;4,2;
2024/05/10;0600 UTC;0;888,1;888,3;888,1;;17,5;12,9;18,1;17,3;13,5;12,9;77;74;74;86;7,2;3,3;
2024/05/10;0700 UTC;0;888;888,1;888;;16,8;12,6;17,6;16,7;12,9;12,4;77;72;77;72;4,9;2,6;
2024/05/10;0800 UTC;0;888,4;888,4;888;;17,5;12,6;17,8;16,8;12,6;12,2;77;71;73;101;5,6;2,7;
2024/05/10;0900 UTC;0;888,9;888,9;888,4;;17,1;12,9;17,5;17;12,9;12,6;77;73;76;114;5,3;2,2;
2024/05/10;1000 UTC;0;889,7;889,7;888,9;63,7;17,3;13,1;17,7;16,8;13,1;12,7;78;74;76;85;5,5;2,1;
2024/05/10;1100 UTC;0;890,4;890,4;889,7;389,3;19;13,9;19;17,3;13,9;13,1;77;72;72;85;3,9;2;
2024/05/10;1200 UTC;0;890,8;890,8;890,4;1374,6;21,6;14,1;21,6;19;14,5;13,6;72;61;62;84;5,9;3,2;
2024/05/10;1300 UTC;0;891;891;890,8;2232,2;22,8;14,2;23,5;21,6;14,9;13,9;64;57;58;77;7,4;3,3;
2024/05/10;1400 UTC;0;890,9;891,1;890,9;2807,1;23,5;13,5;24,7;22,8;15,1;12,8;59;48;53;66;9,4;4,2;
2024/05/10;1500 UTC;0;890,2;890,9;890,2;3226,4;24,9;13,2;25,2;23,2;14,3;12,7;54;47;48;49;9,5;3,7;
2024/05/10;1600 UTC;0;889,4;890,2;889,4;3025,3;24,4;12,5;26,3;24,4;14,3;11,5;51;42;47;71;7,2;3,2;
2024/05/10;1700 UTC;0;888,7;889,4;888,7;2859,1;25,8;12,6;26,4;24,2;13,9;11,8;49;43;44;55;7,2;2,6;
2024/05/10;1800 UTC;0;888,1;888,7;888,1;2498,9;26,2;13;26,3;25,3;13,7;11,6;47;41;44;7;6,4;2,4;
2024/05/10;1900 UTC;0;887,7;888,1;887,7;1774,4;25,8;12,2;26,3;25,5;13,2;11,3;45;40;43;53;4,6;2;
2024/05/10;2000 UTC;0;887,7;887,7;887,7;978,4;24,9;11,8;25,9;24,9;13,4;11,4;48;41;44;80;4,8;2,2;
2024/05/10;2100 UTC;0;888;888;887,7;203,5;22,2;13,1;24,9;22,1;13,4;12;58;44;56;74;3,3;1,7;
2024/05/10;2200 UTC;0;888,2;888,2;887,9;;21,3;13;22,3;20,2;13,5;13;65;56;59;84;3,4;2,3;
2024/05/10;2300 UTC;0;888,5;888,5;888,2;;20;13,2;21,3;19,7;13,2;12,8;66;59;65;80;3,9;2,5;
2024/05/11;0000 UTC;0;888,7;888,7;888,5;;20,6;12,5;20,8;20;13,2;12,4;65;59;60;98;3,3;2,1;
2024/05/11;0100 UTC;0;889;889;888,7;;19,9;12;20,7;19,9;12,5;12;61;58;60;105;3,2;1,9;
2024/05/11;0200 UTC;0;888,9;889;888,9;;18,6;12,1;20,2;18,2;12,3;11,7;67;59;66;84;4,7;2,3;
2024/05/11;0300 UTC;0;888,8;888,9;888,8;;19;12;19,7;18,2;12,4;11,9;68;61;64;92;4;2,2;
2024/05/11;0400 UTC;0;888,6;888,9;888,6;;19,4;13;19,8;18,9;13;12;67;61;67;102;3,4;1,9;
2024/05/11;0500 UTC;0;888,5;888,6;888,5;;18,6;14;19,4;18,2;14,1;13;76;67;74;92;3,6;2,2;
2024/05/11;0600 UTC;0;888,2;888,5;888,2;;16,9;13,8;18,7;16,4;14,4;13,1;84;74;82;73;3,6;2,2;
2024/05/11;0700 UTC;0;887,9;888,2;887,9;;16,6;14,3;17,7;16,4;14,5;13,8;86;81;86;74;3,9;2,3;
2024/05/11;0800 UTC;0;888;888,1;887,9;;17,6;14,2;18,1;16,6;14,6;14,2;87;79;81;80;5,1;2,7;
2024/05/11;0900 UTC;0;888,6;888,6;888;;17,2;13,8;17,8;17,1;14,3;13,8;82;79;80;81;4,3;2,5;
2024/05/11;1000 UTC;0;889,6;889,6;888,6;70,7;18,7;13,4;18,7;17,2;14,1;13,3;80;71;71;98;4,4;2,9;
2024/05/11;1100 UTC;0;890,4;890,4;889,6;414,6;20,6;13,8;20,6;18,6;14;13,4;73;65;65;97;4,4;2,7;
2024/05/11;1200 UTC;0;891,1;891,1;890,4;1285,1;22,9;13,4;23,1;20,6;14,3;12,9;65;53;55;77;4,6;2,2;
2024/05/11;1300 UTC;0;891,3;891,3;891,1;2185,2;24,8;12,6;24,8;22,9;13,5;11,1;55;43;47;52;5,4;1,8;
2024/05/11;1400 UTC;0;890,6;891,3;890,6;2797,2;25,4;12,8;25,4;24;13,3;10,5;50;41;45;11;6,9;2,3;
2024/05/11;1500 UTC;0;890,1;890,6;890,1;3137,1;26,2;10,1;26,5;25;11,5;6,5;45;29;36;15;6;1,9;
2024/05/11;1600 UTC;0;889,5;890,1;889,5;3157,5;26,6;9,2;27,2;25,5;11,1;8,4;39;31;33;307;6,4;2,8;
2024/05/11;1700 UTC;0;888,5;889,5;888,5;2957,4;27,1;10,8;27,4;26,2;11,6;8,8;38;32;36;343;6,7;2,5;
2024/05/11;1800 UTC;0;888,3;888,5;888,2;2347,6;26,6;10,1;27,4;26,2;11,8;9,1;40;32;36;346;5,7;2,4;
2024/05/11;1900 UTC;0;888,1;888,3;888,1;1643;26,2;10,9;28,4;26,2;11,3;9,6;39;33;38;305;5,1;1,6;
2024/05/11;2000 UTC;0;888,4;888,4;888,1;586,8;24,9;11,7;26,7;24,9;12;10,7;44;37;44;347;3,7;1,2;
2024/05/11;2100 UTC;0;888,6;888,6;888,3;173,3;23,4;12,6;25,3;23,4;13,3;11,7;51;43;51;245;2,8;,7;
2024/05/11;2200 UTC;0;888,7;888,7;888,6;;21,3;12,2;23,4;21,3;12,9;12,1;57;51;56;278;2;0;
2024/05/11;2300 UTC;0;889;889;888,7;;21,2;12,4;21,6;20,5;12,7;11,8;60;55;57;94;1,6;,3;
2024/05/12;0000 UTC;0;889,3;889,3;889;;21,1;11,6;21,6;20,3;12,3;11,4;58;53;55;7;1,8;0;
2024/05/12;0100 UTC;0;889,4;889,4;889,3;;20,9;11,2;21,3;20,3;11,6;10,7;57;51;54;201;0;0;
2024/05/12;0200 UTC;0;889,3;889,4;889,2;;20,6;10,7;20,9;19,9;11,6;10,7;58;52;53;118;1,7;,7;
2024/05/12;0300 UTC;0;889,4;889,4;889,3;;19,1;11,2;20,6;19;11,3;10,6;61;53;60;140;1,8;,7;
2024/05/12;0400 UTC;0;889,2;889,5;889,2;;19,6;10,7;20;19,1;11,3;10,7;61;56;56;102;3;1,9;
2024/05/12;0500 UTC;0;888,6;889,2;888,6;;20,2;10,7;20,3;19,5;10,8;10,6;57;54;54;98;3,7;2,3;
2024/05/12;0600 UTC;0;888,2;888,6;888,2;;18,8;10,7;20,2;17,6;10,7;10,3;63;54;59;88;3,5;2;
2024/05/12;0700 UTC;0;887,9;888,2;887,9;;19,3;10,1;19,8;16,5;10,7;10,1;67;55;55;97;3,3;2;
2024/05/12;0800 UTC;0;887,9;887,9;887,8;;18,8;10,3;19,7;17,6;10,5;9,9;62;53;58;108;3;1,7;
2024/05/12;0900 UTC;0;888,2;888,2;887,9;;18;10,6;19,3;16,6;10,6;9,9;64;56;62;92;3;1;
2024/05/12;1000 UTC;0;888,9;888,9;888,2;62,3;18,8;11,1;19,7;17,4;11,3;10,4;64;56;61;73;4,1;2;
2024/05/12;1100 UTC;0;889,3;889,3;888,9;363,1;22,1;13;22,1;18,3;13,6;11,2;66;56;56;75;4,1;,7;
2024/05/12;1200 UTC;0;889,7;889,7;889,3;1492,1;24,7;14,1;24,7;22,1;15,4;13;60;52;52;29;4,1;1,7;
2024/05/12;1300 UTC;0;890;890,1;889,7;2213,2;25,1;13,1;25,2;24,4;14,7;12,5;53;45;47;358;6,3;3;
2024/05/12;1400 UTC;0;889,8;890,1;889,8;2790;25,8;10,9;26,1;25;13,8;9,8;50;37;39;15;6,1;2,7;
2024/05/12;1500 UTC;0;889,2;889,8;889,2;3081;26,4;12;26,8;25,7;12,7;9,3;43;35;41;359;7,4;2,5;
2024/05/12;1600 UTC;0;888,4;889,2;888,4;3102,4;26,9;12,2;27,5;26,1;13;10,2;43;36;40;42;7;2,2;
2024/05/12;1700 UTC;0;887,6;888,4;887,6;2888,2;27,2;9,7;27,7;26,5;12,9;9,7;42;33;33;355;5,3;2,2;
2024/05/12;1800 UTC;0;887,4;887,6;887,4;2439,8;27,6;9;27,9;26,9;11,2;8,2;36;30;31;337;5,6;2,8;
2024/05/12;1900 UTC;0;887,2;887,4;887,2;1762,2;27,6;10,7;27,9;27;11,5;9;38;31;35;308;5,5;1,8;
2024/05/12;2000 UTC;0;887,5;887,5;887,2;960;26,8;10,4;27,8;26,7;11,2;9,3;38;32;36;345;4;1,4;
2024/05/12;2100 UTC;0;887,8;887,8;887,5;194,4;23,4;12,1;26,8;23,1;12,3;10,3;50;35;49;322;3,7;,9;
2024/05/12;2200 UTC;0;888,1;888,1;887,8;;22;12,6;24,2;22;12,8;12;55;47;55;285;2,3;,4;
2024/05/12;2300 UTC;0;888,5;888,5;888,1;;21,9;12,9;22,4;21,1;12,9;12,5;59;54;57;142;1,9;0;
2024/05/13;0000 UTC;0;889;889;888,5;;20,5;12,1;22,2;20,4;13;12;59;55;59;85;4,3;2,5;
2024/05/13;0100 UTC;0;889,2;889,2;889;;21,5;11,9;21,8;20,5;12,3;11,8;59;53;54;100;3,6;1,5;
2024/05/13;0200 UTC;0;889,2;889,2;889,1;;19,3;12,2;21,5;18,3;12,4;11,8;67;54;64;67;2,6;,9;
2024/05/13;0300 UTC;0;888,9;889,2;888,9;;20,2;12,3;21,1;19,3;12,4;12;64;56;60;74;2,2;,2;
2024/05/13;0400 UTC;0;888,7;888,9;888,7;;20,5;12,9;20,9;20;12,9;12,3;62;59;62;100;1,9;1,1;
2024/05/13;0500 UTC;0;888,2;888,7;888,2;;18,7;13;20,8;18,6;13;12,7;70;61;69;149;3,2;2,2;
2024/05/13;0600 UTC;0;888,1;888,3;888,1;;20;12,1;20,1;18,7;13;12,1;69;60;60;134;3,3;,7;
2024/05/13;0700 UTC;0;888,1;888,1;888,1;;19,9;12,2;20,1;19,8;12,3;12;61;60;61;144;2,1;,7;
2024/05/13;0800 UTC;0;888,4;888,4;888,1;;19,6;12;20,3;19,5;12,2;12;62;59;62;141;2,5;,6;
2024/05/13;0900 UTC;0;888,9;888,9;888,4;;19,7;12,1;20;19,6;12,1;12;62;60;61;148;2,8;1,6;
2024/05/13;1000 UTC;0;889,6;889,6;888,9;52;20,3;12;20,3;19,4;12,1;12;63;59;59;149;2,9;1,7;
2024/05/13;1100 UTC;0;890,3;890,3;889,6;363,8;22,1;12,4;22,1;20,3;12,7;11,9;59;53;54;155;2,8;1,4;
2024/05/13;1200 UTC;0;890,8;890,8;890,3;1448;23,6;12,3;23,6;22,1;12,4;11,4;55;47;49;176;5,2;3,1;
2024/05/13;1300 UTC;0;891,1;891,1;890,8;2174,4;24,8;12,7;25,4;23,6;13,4;11,7;51;44;47;191;6,6;3,3;
2024/05/13;1400 UTC;0;890,9;891,2;890,9;2670,8;25,8;11,9;26,3;24,8;13,2;11,8;47;42;42;183;6,6;2,5;
2024/05/13;1500 UTC;0;890,2;890,9;890,2;2214,6;26,8;12,7;27;25,1;13,7;11,8;46;41;42;135;4,5;,8;
2024/05/13;1600 UTC;0;889,4;890,2;889,4;2866,9;27,8;13,7;29,1;26,7;15;12,5;46;37;42;237;5,4;2,5;
2024/05/13;1700 UTC;0;888,7;889,4;888,7;1869,4;27,6;13,1;28,7;27;15,2;12,8;45;39;41;180;4,9;1,5;
2024/05/13;1800 UTC;0;888,3;888,7;888,3;2204;28,4;14,3;28,9;27,5;14,5;12,9;43;39;42;191;4,9;2,3;
2024/05/13;1900 UTC;0;888,2;888,3;888,1;2005,3;28,5;13,2;28,9;27,9;14,2;12,8;42;38;39;292;4,5;1,6;
2024/05/13;2000 UTC;0;888,5;888,5;888,2;1243,1;27,6;14;29,2;27,6;14,7;12,7;44;37;44;291;4,6;2,7;
2024/05/13;2100 UTC;0;889;889;888,5;273,5;25,4;15,2;27,6;25,4;15,3;13,7;53;43;53;257;4,2;,3;
2024/05/13;2200 UTC;0;889,2;889,2;888,9;;22,5;15,4;25,4;22,5;15,6;15;64;53;64;26;1,5;0;
2024/05/13;2300 UTC;0;889,5;889,5;889,2;;24,5;15;24,5;22,4;15,6;14,9;64;55;55;167;2,2;1,1;
2024/05/14;0000 UTC;0;889,7;889,7;889,5;;23,1;14,8;24,6;23,1;15;14,7;59;55;59;214;3,1;,8;
2024/05/14;0100 UTC;0;889,5;889,7;889,5;;22,3;15,1;23,1;22;15,1;14,8;65;59;64;148;2,4;,7;
2024/05/14;0200 UTC;0;889,5;889,7;889,5;;22,2;15;22,3;22;15,4;15;66;64;64;159;2,4;1,6;
2024/05/14;0300 UTC;0;889,5;889,6;889,5;;21,6;14,8;22,3;21,5;15;14,7;66;63;65;155;2,4;1,2;
2024/05/14;0400 UTC;0;889,3;889,5;889,3;;20,7;14,7;21,6;20,7;14,8;14,7;69;65;69;159;2,2;,6;
2024/05/14;0500 UTC;0;888,9;889,3;888,9;;20,8;14,8;21,2;20,3;15,2;14,7;72;68;68;148;2,5;,4;
2024/05/14;0600 UTC;0;888,7;888,9;888,7;;18,9;14,7;20,8;18,9;14,8;14,6;76;68;76;178;2,1;0;
2024/05/14;0700 UTC;0;888,6;888,8;888,6;;19;14,1;19,1;18,1;14,7;14,1;80;73;73;104;1,4;,1;
2024/05/14;0800 UTC;0;889;889;888,6;;19,1;13,6;19,1;18,6;14,1;13,6;75;70;70;111;2;,5;
2024/05/14;0900 UTC;0;889,7;889,7;889;;19,5;13,5;19,5;19;13,6;13,3;70;68;68;125;2,5;1;
2024/05/14;1000 UTC;0;890,3;890,3;889,7;54,8;20,5;13,5;20,5;19,4;13,7;13,4;68;64;64;125;3;,5;
2024/05/14;1100 UTC;0;890,8;890,8;890,3;360,4;22,2;14,2;22,2;20,4;14,4;13,6;66;60;60;143;3,7;1,6;
2024/05/14;1200 UTC;0;891,2;891,2;890,8;1420,1;25,1;13,7;25,4;22,2;15,4;13,7;61;49;49;139;4,9;1,4;
2024/05/14;1300 UTC;0;891,2;891,3;891,2;2129,3;26,4;14,9;26,4;24,7;15,2;12,9;51;45;49;152;5,5;1,9;
2024/05/14;1400 UTC;0;890,7;891,2;890,7;2647,1;27;14,1;27,2;25,8;15,4;13,5;50;44;45;178;6,1;2,7;
2024/05/14;1500 UTC;0;890;890,7;890;2911,4;26,9;13,7;28,3;26,8;15,3;13;48;41;44;163;6,1;2,7;
2024/05/14;1600 UTC;0;889,3;890;889,3;1933,7;27,2;14,7;28;26,8;15,3;13,2;47;42;47;170;5,6;,8;
2024/05/14;1700 UTC;0;888,4;889,3;888,4;2041,4;28,5;13,6;29,5;27,2;15,4;12,9;47;38;40;191;4,7;2,3;
2024/05/14;1800 UTC;0;887,8;888,4;887,8;1506,5;27,9;13,9;29,5;27,7;15,6;13,1;45;38;42;87;4,6;,7;
2024/05/14;1900 UTC;0;887,6;887,8;887,6;1536,6;29,2;13,9;29,5;27,6;14,8;13,3;45;38;39;219;3,7;1;
2024/05/14;2000 UTC;0;887,8;887,8;887,6;914,3;27,3;14,2;29,2;27,3;14,6;13,3;45;39;45;202;4,5;2,3;
2024/05/14;2100 UTC;0;888;888;887,8;72,7;25,9;15,2;27,3;25,9;15,2;14,3;52;45;52;162;4,7;1,6;
2024/05/14;2200 UTC;0;888,4;888,4;888;;24,5;15,3;25,9;24,5;15,3;15;56;52;56;164;3,2;1,1;
2024/05/14;2300 UTC;0;888,6;888,7;888,4;;23,9;14,9;24,5;23,6;15,5;14,9;59;56;57;143;3,1;1,1;
2024/05/15;0000 UTC;0;888,8;888,8;888,6;;23,4;14,3;23,9;23,4;14,9;14,3;57;56;57;133;3,1;,4;
2024/05/15;0100 UTC;0;889,1;889,1;888,8;;22,4;14,7;23,5;22,4;14,7;14,4;62;57;62;157;3,4;1,8;
2024/05/15;0200 UTC;0;889,1;889,2;889;;22,4;14,2;22,6;21,7;15,3;14,2;67;59;60;125;4,4;1,4;
2024/05/15;0300 UTC;0;888,8;889,1;888,8;;21,7;13,9;22,5;21,5;14,2;13,8;62;59;62;160;5,2;2,4;
2024/05/15;0400 UTC;0;888,6;888,9;888,6;;21,4;12,7;21,7;21,1;14;12,7;63;58;58;155;6;2,4;
2024/05/15;0500 UTC;0;888,3;888,6;888,3;;20,9;11,7;21,4;20,8;12,8;11,7;59;55;56;150;4,7;1,8;
2024/05/15;0600 UTC;0;888,1;888,3;888,1;;20,5;11,3;21,3;20,5;11,7;11,3;56;53;56;157;4,6;1,7;
2024/05/15;0700 UTC;0;888,2;888,2;888,1;;19,1;13;20,8;19,1;13;11,3;68;55;68;159;4,8;2,5;
2024/05/15;0800 UTC;0;888,5;888,5;888,2;;18,8;12;19,1;18,7;13;12;68;64;64;162;4,2;1,9;
2024/05/15;0900 UTC;0;888,9;888,9;888,5;;19,3;10,9;19,6;18,4;12,3;10,9;67;58;58;150;3,9;,9;
2024/05/15;1000 UTC;0;889,7;889,7;888,9;55,7;20,2;11,3;20,2;18,8;11,4;10,9;61;57;57;123;5,5;1,9;
2024/05/15;1100 UTC;0;890;890;889,7;399,5;22;11,3;22;20,2;11,5;10,9;57;50;50;109;8,3;3,1;
2024/05/15;1200 UTC;0;890,6;890,6;890;1444,2;24,3;11,2;24,3;22;11,5;10,7;50;43;44;111;8,3;3,5;
2024/05/15;1300 UTC;0;890,8;890,8;890,5;2172,5;25,7;10,7;26,1;24,1;12;9,5;44;38;39;120;8,3;3,4;
2024/05/15;1400 UTC;0;890,5;890,8;890,5;2708,5;27,2;10;27,2;25,7;11,9;9,8;41;34;34;117;9,2;4;
2024/05/15;1500 UTC;0;889,7;890,5;889,7;3018,4;27,8;9,7;28,2;26,9;11,1;9,6;36;32;32;113;8,6;3,5;
2024/05/15;1600 UTC;0;888,9;889,7;888,9;3062,2;27,8;9,1;28,5;27,6;11,4;9,1;36;30;31;74;7,7;3,2;
2024/05/15;1700 UTC;0;888,1;888,9;888,1;2870,4;28,5;10;29;27,8;10,7;7,3;34;26;31;103;5,9;1,5;
2024/05/15;1800 UTC;0;887,5;888,1;887,5;2388,2;28,7;9,8;29,2;28,3;10,6;7,7;33;26;31;76;6,5;3,3;
2024/05/15;1900 UTC;0;887,5;887,6;887,4;1727;28;9,1;28,7;27,9;9,6;8,2;32;28;31;78;6,7;3,2;
2024/05/15;2000 UTC;0;887,7;887,7;887,5;938,8;26,9;10,1;28,1;26,8;10,3;8,5;36;29;35;83;6;3;
2024/05/15;2100 UTC;0;888;888;887,7;181,5;24,5;11,5;26,9;24,5;11,5;10,2;44;35;44;101;5;1,6;
2024/05/15;2200 UTC;0;888,4;888,4;888;;23,3;11,7;24,5;23,1;11,7;11,3;49;44;48;97;4,9;2,6;
2024/05/15;2300 UTC;0;888,7;888,7;888,4;;22,7;11,4;23,3;22,6;11,8;11,4;50;48;49;100;6,5;3,4;
2024/05/16;0000 UTC;0;889,1;889,1;888,7;;21,8;11,1;23,1;21,8;11,5;11;51;47;51;91;6,9;3,5;
2024/05/16;0100 UTC;0;889,4;889,4;889,1;;21,2;11,2;22,1;21,2;11,2;10,8;53;49;53;87;6,7;3,8;
2024/05/16;0200 UTC;0;889,4;889,4;889,3;;20,9;11,2;21,7;20,7;11,5;11,1;55;51;54;88;7,5;3,9;
2024/05/16;0300 UTC;0;889,3;889,5;889,3;;20,5;10,7;20,9;20,4;11,1;10,7;54;53;53;88;6,9;3,5;
2024/05/16;0400 UTC;0;889,1;889,4;889,1;;19,8;10,2;20,6;19,8;10,7;10,2;54;52;54;80;6,2;3,3;
2024/05/16;0500 UTC;0;888,7;889,1;888,7;;19,5;9,9;19,9;19,2;10,4;9,9;56;53;54;82;5,8;3,8;
2024/05/16;0600 UTC;0;888,6;888,9;888,6;;21,1;7,7;21,3;19,1;9,9;7,7;54;42;42;90;5,7;3,3;
2024/05/16;0700 UTC;0;888,4;888,6;888,4;;20,1;8,3;21,1;19,7;8,5;7,8;48;42;47;99;5,5;3,2;
2024/05/16;0800 UTC;0;888,3;888,4;888,1;;19,6;7,8;20,1;19,3;8,3;7,8;48;46;47;95;5,5;3,8;
2024/05/16;0900 UTC;0;888,9;888,9;888,3;;19,3;7,3;20;19,3;7,8;7,2;47;44;46;97;6,1;3,6;
2024/05/16;1000 UTC;0;889,5;889,5;888,9;55,4;19,4;8,1;19,4;18,7;8,1;7,4;49;46;48;89;6,1;3,5;
2024/05/16;1100 UTC;0;890,1;890,1;889,5;463,1;21,4;11,2;21,4;19,4;11,3;8,2;53;48;52;75;7,6;4,2;
2024/05/16;1200 UTC;0;890,8;890,8;890,1;1476,4;23,4;11,7;23,5;21,4;12,2;11,2;53;47;48;68;9,6;4,9;
2024/05/16;1300 UTC;0;891,1;891,1;890,8;2213,1;25,1;11,6;25,5;23,4;12,7;11,6;49;42;43;71;9,4;4,9;
2024/05/16;1400 UTC;0;890,9;891,1;890,8;2742,4;26,2;12,2;26,4;25;12,5;11;44;39;42;54;9,6;4,9;
2024/05/16;1500 UTC;0;890,3;890,9;890,2;3027,1;26,3;10,5;27,1;26,1;12,5;9,6;43;34;37;48;9,3;4,6;
2024/05/16;1600 UTC;0;889,7;890,3;889,7;3042,5;27,3;10;27,7;26,2;12;10;40;33;34;27;8,8;3,3;
2024/05/16;1700 UTC;0;889,1;889,7;889,1;2839,9;27,6;7,9;27,8;26,9;11,1;7,1;36;28;29;55;7,5;3,7;
2024/05/16;1800 UTC;0;888,5;889,1;888,5;2386,2;27,6;8,8;28,1;27,1;10,6;7,6;35;28;31;51;6,7;2,3;
2024/05/16;1900 UTC;0;888,4;888,5;888,4;1710,2;27,2;10,1;27,9;27,1;11,1;9,3;36;31;34;58;5,5;3,1;
2024/05/16;2000 UTC;0;888,5;888,5;888,4;911,9;26;11,4;27,3;26;11,9;9,9;41;34;40;82;5;2,6;
2024/05/16;2100 UTC;0;888,8;888,9;888,5;176,5;23,9;11,4;26,1;23,9;12,4;11,1;46;39;45;92;5,5;2,8;
2024/05/16;2200 UTC;0;889,2;889,2;888,9;;21,7;11,4;23,9;21,7;11,5;11,1;52;45;52;86;4,9;2,8;
2024/05/16;2300 UTC;0;889,7;889,7;889,2;;20,8;10,8;21,7;20,8;11,4;10,7;53;51;53;87;5,9;3;
2024/05/17;0000 UTC;0;890,2;890,2;889,7;;20;11;20,8;19,9;11;10,8;56;53;56;85;4,9;2,9;
2024/05/17;0100 UTC;0;890,4;890,5;890,2;;19,2;10,8;20,2;19,1;11,1;10,8;60;55;58;89;5,6;2,8;
2024/05/17;0200 UTC;0;890,6;890,6;890,4;;19,1;10,6;19,6;18,8;10,9;10,5;60;56;58;93;5,4;2,9;
2024/05/17;0300 UTC;0;890,8;890,8;890,5;;18,3;10,5;19,1;18,3;10,6;10,5;61;58;61;91;4,6;2,5;
2024/05/17;0400 UTC;0;890,9;890,9;890,7;;18,2;10,7;18,6;18;10,7;10,5;62;60;61;96;4,3;2,4;
2024/05/17;0500 UTC;0;890,6;891;890,5;;18,7;10,8;18,7;17,9;10,9;10,7;63;60;60;93;5,1;3,2;
2024/05/17;0600 UTC;0;890,4;890,6;890,4;;18,8;10,7;19;18,3;10,9;10,7;61;59;59;101;5,1;2,7;
2024/05/17;0700 UTC;0;890,3;890,4;890,3;;18,1;10,5;18,8;17,6;10,8;10,5;64;59;61;82;4,1;2;
2024/05/17;0800 UTC;0;890,6;890,6;890,3;;18;10,5;18,7;17,7;10,7;10,4;63;59;62;73;2,7;1,8;
2024/05/17;0900 UTC;0;891,2;891,2;890,6;;18,2;10,8;19,1;17,7;10,8;10,5;63;58;62;91;3,9;2,6;
2024/05/17;1000 UTC;0;891,7;891,7;891,2;42,5;17,4;11,3;18,3;17,2;11,3;10,7;68;62;68;82;4,1;2,5;
2024/05/17;1100 UTC;0;892,1;892,1;891,7;499,6;20,4;12,6;20,4;17,3;12,7;11,3;68;61;61;83;4,8;2,4;
2024/05/17;1200 UTC;0;892,6;892,6;892,1;1462,6;22,8;12,9;22,8;20,4;13,5;12,6;62;54;54;69;5,1;3,2;
2024/05/17;1300 UTC;0;892,6;892,7;892,5;2177,8;24,3;12,1;24,3;22,6;13,5;11,6;55;45;47;102;6,9;3,4;
2024/05/17;1400 UTC;0;892,3;892,7;892,3;2747,3;24,8;11,7;25,2;23,8;13;11;49;43;44;101;8,7;3,6;
2024/05/17;1500 UTC;0;891,4;892,3;891,4;3033,7;25,8;12,1;25,8;24,7;13,1;10,9;47;40;42;111;7,7;2,9;
2024/05/17;1600 UTC;0;890,7;891,4;890,7;2813,9;26,1;10;26,6;25,1;12,7;10;44;36;36;136;6,4;2,7;
2024/05/17;1700 UTC;0;890;890,7;889,9;2827,1;26,9;11,7;26,9;25,9;11,9;9,4;40;34;39;82;7;1,8;
2024/05/17;1800 UTC;0;889,7;890;889,7;2045,7;26,3;11,1;27,5;25,8;12,5;9,7;40;34;39;94;6,1;2,5;
2024/05/17;1900 UTC;0;889,5;889,7;889,4;1517,5;26,1;10,2;27;25,8;11,9;9,2;40;35;37;86;7,4;3,1;
2024/05/17;2000 UTC;0;889,7;889,7;889,5;855,2;25;10,6;26,1;24,9;11;9,6;41;36;40;82;5,4;2,2;
2024/05/17;2100 UTC;0;890;890;889,6;159;22,6;11,6;25;22,5;11,7;10,6;50;41;50;89;4,3;2,2;
2024/05/17;2200 UTC;0;890,3;890,3;889,9;;21,2;12,1;22,7;21,2;12,1;11,7;56;50;56;93;4,2;2,2;
2024/05/17;2300 UTC;0;890,8;890,8;890,3;;20,7;12,5;21,5;20,6;12,5;12,1;60;55;60;96;4;2,3;
2024/05/18;0000 UTC;0;891,4;891,4;890,8;;19,8;12,5;20,7;19,8;12,7;12,4;63;60;63;95;5,3;3,1;
2024/05/18;0100 UTC;0;891,6;891,6;891,4;;17,5;12,5;19,8;17,4;12,6;12,4;73;63;73;76;5,3;2,7;
2024/05/18;0200 UTC;0;891,5;891,6;891,5;;17,1;12;18;17,1;12,5;12;73;70;72;70;3,9;1,7;
2024/05/18;0300 UTC;0;891,4;891,5;891,3;;17,2;11,3;17,5;16,3;12,1;11,3;75;68;68;76;3,8;2;
2024/05/18;0400 UTC;0;890,7;891,4;890,7;;16,2;10,9;18,3;16,1;11,3;10,7;71;63;71;53;4,3;2,2;
2024/05/18;0500 UTC;0;890;890,7;890;;16,2;10,6;16,5;16,1;10,9;10,5;71;68;69;49;3,3;2,1;
2024/05/18;0600 UTC;0;889,9;890;889,9;;17,1;10;17,1;15,9;10,6;10;70;63;63;45;3,5;,4;
2024/05/18;0700 UTC;0;890;890,1;889,9;;16;9,9;17,2;15,6;10,1;9,6;68;61;67;77;2,7;,3;
2024/05/18;0800 UTC;0;890,3;890,3;890;;16,3;10;17,2;13,8;10,2;9,1;76;62;66;103;2,7;1,3;
2024/05/18;0900 UTC;0;890,7;890,7;890,3;;15,1;10,4;17,1;13,5;10,7;9,7;80;64;73;84;3,7;2;
2024/05/18;1000 UTC;0;891,1;891,1;890,7;55;17;10,5;17;15,1;10,6;10;73;66;66;87;3,1;1,9;
2024/05/18;1100 UTC;0;891,8;891,8;891,1;556,8;19,6;11,7;19,6;16,9;11,8;10,4;66;60;60;91;2,6;,9;
2024/05/18;1200 UTC;0;892,4;892,4;891,8;1458,5;22,6;11,8;22,8;19,7;12,6;11,1;61;49;51;91;4,3;2,1;
2024/05/18;1300 UTC;0;892,4;892,6;892,4;2168,8;24,2;11,1;24,3;22,6;12,7;10,6;52;42;44;54;8;4;
2024/05/18;1400 UTC;0;892,3;892,4;892,2;2721,2;24,1;10,5;24,8;23,8;11,6;10,1;45;41;42;47;8,9;4,1;
2024/05/18;1500 UTC;0;891,5;892,3;891,5;3002,7;25,2;10,7;25,5;24,1;12,3;10;46;39;40;61;7,1;2,9;
2024/05/18;1600 UTC;0;890,7;891,5;890,7;3024,4;26,1;12,6;26,4;24,8;13;10;46;38;43;7;7,1;3;
2024/05/18;1700 UTC;0;890;890,7;890;2748,2;25,5;11,9;26,4;25;13,3;11,3;45;41;43;324;7,1;2,3;
2024/05/18;1800 UTC;0;889,5;890,1;889,5;2461,5;26;12,2;27;25,4;13,3;11,7;46;40;42;360;5,6;2,4;
2024/05/18;1900 UTC;0;889,3;889,5;889,3;1852,3;25,8;12;26,7;25,8;13,3;11,9;45;41;42;11;5,8;1,9;
2024/05/18;2000 UTC;0;889,6;889,6;889,3;866,1;25,2;12,6;26,3;25,1;13;12,1;46;42;45;345;4,4;1,9;
2024/05/18;2100 UTC;0;889,9;889,9;889,6;170,5;22,4;13;25,2;22,3;13,2;12,3;56;45;55;26;3,5;,5;
2024/05/18;2200 UTC;0;890,4;890,4;889,9;;21,7;12,9;22,4;20,9;13,1;12,7;61;55;57;103;2,5;1,4;
2024/05/18;2300 UTC;0;890,9;890,9;890,4;;21,2;11,9;22,2;21,2;12,9;11,8;58;52;55;82;2,8;1,8;
2024/05/19;0000 UTC;0;891;891,1;890,8;;19,9;12,4;21,6;19,3;12,5;11,8;64;55;62;87;3,5;2,3;
2024/05/19;0100 UTC;0;891;891,1;891;;20,2;12,1;20,7;19,8;12,4;12,1;62;58;60;93;5,4;2,7;
2024/05/19;0200 UTC;0;891;891,1;891;;19,9;12,6;20,2;19,4;12,6;12,1;64;60;63;93;4,9;3,1;
2024/05/19;0300 UTC;0;890,7;891;890,7;;19,3;12,9;20;18,9;12,9;12,5;67;63;66;100;5,1;3;
2024/05/19;0400 UTC;0;890,4;890,8;890,4;;18,9;13,1;19,3;18,9;13,2;12,8;69;66;69;98;5,3;3,3;
2024/05/19;0500 UTC;0;889,9;890,4;889,9;;18,7;12,7;19;18,6;13,1;12,7;70;68;68;97;5;3,3;
2024/05/19;0600 UTC;0;889,5;889,9;889,5;;17,5;12,6;18,7;17,5;12,8;12,5;73;68;73;91;5,1;2,6;
2024/05/19;0700 UTC;0;889,3;889,5;889,3;;18,2;12,5;18,3;17,5;12,7;12,5;73;69;69;104;5,9;2,9;
2024/05/19;0800 UTC;0;889,7;889,7;889,3;;17,9;12,3;18,3;17,8;12,5;12,3;70;69;70;97;5,1;3,2;
2024/05/19;0900 UTC;0;890,1;890,1;889,7;;17,7;12,3;17,9;17,1;12,4;12,2;73;70;71;94;5,1;3,1;
2024/05/19;1000 UTC;0;891;891;890,1;52,4;18,4;12,1;18,5;17,6;12,3;12,1;71;67;67;111;5,1;1,5;
2024/05/19;1100 UTC;0;891,8;891,8;891;567,5;20,8;13,4;20,8;16,8;13,4;11,5;75;62;63;124;3,5;,1;
2024/05/19;1200 UTC;0;892,4;892,4;891,8;1418,4;22,9;13;23,1;20,8;13,8;12,8;63;54;54;96;6,2;2,4;
2024/05/19;1300 UTC;0;892,3;892,4;892,3;2146,8;24,1;13,1;24,3;22,6;13,6;12,7;55;49;50;74;6,9;3,8;
2024/05/19;1400 UTC;0;892;892,4;892;2687,2;25,6;13;25,6;23,9;13,6;12,3;52;45;46;99;7;2,8;
2024/05/19;1500 UTC;0;891,3;892;891,3;2953,8;26;12,6;26,6;25;14,9;12,3;50;43;43;98;6;1,9;
2024/05/19;1600 UTC;0;890,4;891,3;890,4;2847,2;27,7;11,7;28;25,3;14;11,5;47;37;37;5;5,1;2,1;
2024/05/19;1700 UTC;0;889,6;890,4;889,6;2838,4;27,3;10,2;27,9;26,8;12,4;9,7;40;33;34;16;6;2,5;
2024/05/19;1800 UTC;0;889,3;889,6;889,2;2410;28;11;28,7;27,1;12,1;9,4;38;33;35;316;6,8;2,7;
2024/05/19;1900 UTC;0;889,3;889,3;889,2;1924;27,3;12,3;28,3;27,2;12,9;10,8;40;34;40;330;6,8;1,8;
2024/05/19;2000 UTC;0;889,6;889,6;889,3;992,5;26,6;12,7;27,6;26,3;13,1;11,7;43;38;42;1;4,8;1,4;
2024/05/19;2100 UTC;0;890;890;889,6;196,6;24,8;13,2;26,6;24,8;13,4;12,3;49;42;48;354;2,9;,2;
2024/05/19;2200 UTC;0;890,4;890,4;890;;23,2;13,8;24,8;23,2;14,4;13,1;56;48;56;84;1,8;,1;
2024/05/19;2300 UTC;0;890,6;890,6;890,4;;22,3;13,5;23,7;22,2;14,1;13,2;59;53;57;78;2,7;1,6;
2024/05/20;0000 UTC;0;890,9;890,9;890,6;;21,3;13,6;22,3;21;13,8;13,4;62;57;61;84;3,9;2,5;
2024/05/20;0100 UTC;0;891,1;891,1;890,9;;21,2;13,6;22;21,1;13,6;13,5;62;59;62;92;4,7;1,9;
2024/05/20;0200 UTC;0;891,1;891,2;891,1;;20,9;13,6;21,2;20,8;13,7;13,5;63;62;63;97;4,6;2,7;
2024/05/20;0300 UTC;0;890,8;891,1;890,7;;19,9;13,6;20,9;19,9;13,8;13,5;67;63;67;115;4,7;1,1;
2024/05/20;0400 UTC;0;890,6;890,8;890,6;;19,9;13,6;20,4;19,6;13,8;13,5;68;65;67;94;5,3;2,3;
2024/05/20;0500 UTC;0;890,2;890,6;890,2;;19;13,8;19,9;19;14;13,5;72;67;72;122;5;,8;
2024/05/20;0600 UTC;0;889,8;890,2;889,8;;19,6;14,3;19,6;18,9;14,3;13,8;73;71;72;89;5,8;3,3;
2024/05/20;0700 UTC;0;889,6;889,8;889,6;;19,5;14,4;19,8;19,4;14,5;14,2;72;71;72;87;5,9;3,5;
2024/05/20;0800 UTC;0;889,8;889,8;889,6;;19,2;14,4;19,6;19,1;14,5;14,3;74;72;74;82;6,4;3,8;
2024/05/20;0900 UTC;0;890,1;890,1;889,8;;19,1;14,9;19,2;18,9;14,9;14,3;77;74;76;84;6,5;3,9;
2024/05/20;1000 UTC;0;890,7;890,7;890,1;53,2;19,5;15;19,5;18,7;15,2;14,9;79;75;75;112;6,1;2,1;
2024/05/20;1100 UTC;0;891,2;891,2;890,7;580,1;21,2;15,6;21,2;19,5;15,7;15;75;70;70;94;7,5;4,2;
2024/05/20;1200 UTC;0;891,8;891,8;891,2;944,1;21,8;15,7;22,2;21;16,1;15,4;71;68;68;89;8,9;4,7;
2024/05/20;1300 UTC;0;891,8;892;891,8;1203,8;23,7;16,5;23,7;21,8;16,8;15,7;68;64;64;91;8,6;4,6;
2024/05/20;1400 UTC;0;891,5;891,8;891,5;2215,9;26,2;14,3;26,6;23,7;16,6;14,3;64;48;48;86;8,5;3,3;
2024/05/20;1500 UTC;0;891;891,5;891;2071,2;25,5;15,8;26,4;25,3;15,8;13,3;55;46;55;78;7,6;3,2;
2024/05/20;1600 UTC;0;890;891;890;2500,2;26,8;16,1;27,3;25,3;16,3;13,3;56;44;52;105;6,6;2,3;
2024/05/20;1700 UTC;0;889,3;890;889,3;1546,4;26,7;15,6;27,3;25,1;16,7;15,1;56;49;51;46;6;2,6;
2024/05/20;1800 UTC;0;888,7;889,3;888,7;2151,1;25,7;15,8;27,7;25,6;16,6;14,8;56;47;54;38;6,7;2,7;
2024/05/20;1900 UTC;0;888,6;888,7;888,5;890,8;26,6;15,4;27,1;25,1;16,8;15,2;58;49;50;62;5,2;3;
2024/05/20;2000 UTC;0;888,8;888,8;888,6;306,3;24;16,2;26,6;23,9;16,2;15,1;62;50;62;76;5,1;1,7;
2024/05/20;2100 UTC;0;889,3;889,3;888,8;47,8;23,2;16,4;24;22,9;16,4;16,2;66;62;66;87;3,3;2,3;
2024/05/20;2200 UTC;0;889,6;889,6;889,3;;22,1;16,1;23,2;22,1;16,4;16,1;69;64;69;85;3,3;2;
2024/05/20;2300 UTC;0;890,1;890,1;889,6;;22,3;15,9;22,3;20,8;16,4;15,9;75;67;67;94;3;1,6;
2024/05/21;0000 UTC;0;890,5;890,5;890,1;;21,6;15,9;22,6;21,6;16,1;15,7;70;65;70;102;3,7;,1;
2024/05/21;0100 UTC;0;890,9;890,9;890,5;;21,5;16,3;21,9;21,5;16,3;15,9;72;70;72;90;5;2,3;
2024/05/21;0200 UTC;0;890,7;890,9;890,6;;21,1;16,3;21,5;21,1;16,4;16,3;74;72;74;84;6,6;3,5;
2024/05/21;0300 UTC;0;890,8;890,8;890,6;;20,6;16;21,3;20,6;16,4;16;75;73;75;90;6,3;1,9;
2024/05/21;0400 UTC;0;890,4;890,8;890,4;;19,9;16;20,7;19,9;16,1;16;78;75;78;84;4,5;2;
2024/05/21;0500 UTC;0;890;890,4;890;;19,7;16;19,9;18,6;16,1;15,6;84;78;79;103;3,9;1,1;
2024/05/21;0600 UTC;0;889,5;890;889,5;;20,5;15,2;20,6;18,3;15,9;15,2;82;72;72;75;6,1;2,8;
2024/05/21;0700 UTC;0;889,4;889,5;889,3;;19,2;14,8;20,7;19,2;15,2;14,7;76;71;76;6;6,4;,4;
2024/05/21;0800 UTC;0;889,7;889,7;889,3;;19,6;15,3;19,6;18,4;15,4;14,7;80;76;76;352;4,8;,6;
2024/05/21;0900 UTC;0;890,1;890,1;889,6;;19,6;15,1;19,8;19,3;15,4;15;77;75;75;89;7,5;3,5;
2024/05/21;1000 UTC;0;890,5;890,5;890,1;46,8;19,7;15;19,7;19,2;15,1;15;77;74;74;82;7,5;3,8;
2024/05/21;1100 UTC;0;891,3;891,3;890,5;594,8;21,2;15,4;21,2;19,7;15,7;15;75;70;70;74;9,1;4,5;
2024/05/21;1200 UTC;0;892,1;892,1;891,3;1395,7;23,5;14,7;23,5;21,2;15,5;14,3;70;57;58;49;8,6;3,7;
2024/05/21;1300 UTC;0;892,4;892,5;892,1;2101,2;24,3;14,5;24,3;23,5;15;13,7;58;53;54;65;10;4,4;
2024/05/21;1400 UTC;0;892,2;892,4;892,2;2642,1;25,3;14,1;25,6;24,1;14,7;13,8;55;49;50;56;10,3;6,1;
2024/05/21;1500 UTC;0;891,7;892,3;891,7;2202;25;14,5;26,1;24,4;14,8;13,7;54;48;52;78;10,3;3,4;
2024/05/21;1600 UTC;0;890,8;891,7;890,8;2648;26,6;13,9;26,7;24,7;15,3;13,7;53;46;46;70;9,6;5,2;
2024/05/21;1700 UTC;0;890,2;890,8;890,2;2504,4;26,4;14,2;27,3;24,9;14,4;12,7;50;42;47;78;8,9;3,8;
2024/05/21;1800 UTC;0;889,7;890,2;889,7;1893,3;25,9;14,2;27,1;25,4;14,6;12,9;49;44;48;87;8,8;2,6;
2024/05/21;1900 UTC;0;889,7;889,7;889,6;1229,3;25,9;13,7;26,8;24,8;14,5;13;50;43;47;81;7,4;2,1;
2024/05/21;2000 UTC;0;889,9;889,9;889,6;913,1;25,4;12,8;26,1;25,4;14;12,7;48;44;46;108;6,4;2,7;
2024/05/21;2100 UTC;0;890,3;890,3;889,9;98,9;23;13,5;25,4;22,9;13,6;12,9;56;46;55;90;5,8;1,7;
2024/05/21;2200 UTC;0;890,6;890,6;890,3;;21,9;13,9;23,1;21,8;13,9;13,5;60;55;60;91;3,6;1,9;
2024/05/21;2300 UTC;0;891,1;891,1;890,6;;21,1;13,6;21,9;20,9;13,9;13,6;63;60;62;98;3,9;2,3;
2024/05/22;0000 UTC;0;891,5;891,6;891,1;;20,7;13,5;21,1;20,6;13,8;13,5;64;62;64;100;5,5;3,4;
2024/05/22;0100 UTC;0;891,9;891,9;891,5;;20,1;13,3;20,7;20,1;13,6;13,3;66;64;65;94;6;3,4;
2024/05/22;0200 UTC;0;891,7;891,9;891,7;;19;12,9;20,1;18,8;13,4;12,9;68;65;68;104;6,1;2,1;
2024/05/22;0300 UTC;0;891,7;891,7;891,6;;18,4;11,9;18,9;18,4;12,8;11,9;69;65;66;97;5,4;3;
2024/05/22;0400 UTC;0;891,4;891,8;891,4;;17,7;12;18,5;17,6;12,1;11,9;70;66;69;91;5,4;3,2;
2024/05/22;0500 UTC;0;891,2;891,4;891,2;;17,6;12,1;18,2;17,6;12,2;12;70;68;70;107;5,3;2,4;
2024/05/22;0600 UTC;0;890,8;891,2;890,8;;17,9;11,7;18,4;17,6;12,2;11,7;70;66;67;101;5,4;3;
2024/05/22;0700 UTC;0;890,5;890,8;890,5;;17,3;11,7;17,9;17,3;11,8;11,6;70;67;70;92;6,7;3,7;
2024/05/22;0800 UTC;0;890,7;890,7;890,5;;17;11,6;17,5;16,8;11,8;11,6;72;69;71;94;6,8;3,4;
2024/05/22;0900 UTC;0;891,4;891,4;890,7;;16,5;11,7;17,1;16,5;11,7;11,6;73;70;73;95;6,1;2,9;
2024/05/22;1000 UTC;0;892;892;891,4;46,6;17,4;12,4;17,4;16,5;12,5;11,7;74;73;73;93;7,7;4,4;
2024/05/22;1100 UTC;0;892,3;892,4;892;606,1;18,9;13,5;18,9;17,4;13,5;12,5;73;71;71;89;10,5;6,2;
2024/05/22;1200 UTC;0;892,9;892,9;892,3;1425,2;21,1;14;21,1;18,9;14,2;13,4;71;63;64;75;11,3;6;
2024/05/22;1300 UTC;0;893;893,1;892,9;2150,3;22,8;14,1;22,8;21,1;14,4;13,6;64;58;58;65;12;6,4;
2024/05/22;1400 UTC;0;892,9;893;892,9;2687,2;24,3;14,1;24,3;22,7;14,7;13,8;59;53;53;75;12;4,9;
2024/05/22;1500 UTC;0;892,3;892,9;892,3;2956,7;25;11,8;25,2;23,7;14,7;11,8;55;44;44;65;9,4;3,6;
2024/05/22;1600 UTC;0;891,3;892,4;891,3;2982,4;25,7;12,1;26,4;24,5;13;10,7;48;38;43;47;7,7;2,7;
2024/05/22;1700 UTC;0;890,6;891,3;890,6;2793,7;26;10,6;26,7;25,5;12;9,8;43;35;38;58;6,6;2,7;
2024/05/22;1800 UTC;0;890,1;890,7;890,1;2292,2;26,3;10,9;26,4;25,7;11,1;9;39;34;38;73;6,1;1,8;
2024/05/22;1900 UTC;0;889,9;890,1;889,8;1645,9;25,5;11,6;26,5;25,5;11,9;10;43;36;42;60;5,8;3,5;
2024/05/22;2000 UTC;0;890,1;890,2;889,8;897;24,4;11,9;25,6;24,4;11,9;10,5;46;40;46;68;5,6;2,4;
2024/05/22;2100 UTC;0;890,3;890,3;890,1;173,8;21,2;12,4;24,4;21,2;12,4;11,5;57;45;57;67;4,3;1,5;
2024/05/22;2200 UTC;0;890,8;890,8;890,3;;20,1;11,8;21,2;19,8;12,4;11,8;60;57;59;74;3,3;2,2;
2024/05/22;2300 UTC;0;891,3;891,3;890,8;;20,8;10,9;21,2;20,1;11,8;10,9;59;53;53;95;3,2;2,2;
2024/05/23;0000 UTC;0;891,6;891,7;891,2;;20,5;11,2;20,9;18,8;11,3;10,9;62;53;55;97;3,2;1,9;
2024/05/23;0100 UTC;0;891,6;891,8;891,6;;20,4;11,6;20,5;20;11,6;11,3;58;55;57;96;2,8;2,2;
2024/05/23;0200 UTC;0;891,4;891,7;891,4;;18,9;11,5;20,5;18,7;11,9;11,5;63;57;62;95;4,5;1,7;
2024/05/23;0300 UTC;0;891,2;891,5;891,2;;19,6;12,4;19,8;18,8;12,5;11,5;63;61;63;91;4,3;2,2;
2024/05/23;0400 UTC;0;890,9;891,3;890,9;;18,9;12,9;19,6;18,8;12,9;12,3;68;63;68;92;4,6;2,3;
2024/05/23;0500 UTC;0;890,4;890,9;890,4;;17,3;13,3;18,9;16,6;13,4;12,6;80;68;77;347;4,1;,6;
2024/05/23;0600 UTC;0;890,2;890,4;890,2;;17,4;13,3;17,8;16,8;13,6;12,9;79;74;77;57;3,2;2,1;
2024/05/23;0700 UTC;0;890,4;890,4;890,2;;16,6;13,4;17,9;16,6;13,6;13,2;82;76;82;303;3;0;
2024/05/23;0800 UTC;0;890,6;890,6;890,4;;18;13,5;18,6;16,5;13,9;13,3;82;73;75;105;4,4;,4;
2024/05/23;0900 UTC;0;891,2;891,2;890,6;;18,6;13,3;18,6;17,9;13,5;13,2;75;71;71;96;4,6;2,9;
2024/05/23;1000 UTC;0;891,7;891,7;891,2;40,6;18,4;13,5;18,8;17,9;13,7;13,1;75;70;73;84;6,2;2;
2024/05/23;1100 UTC;0;891,9;891,9;891,7;573,8;20,2;14,4;20,2;18,4;14,6;13,6;74;69;69;69;5;2;
2024/05/23;1200 UTC;0;892,2;892,3;891,9;1379,8;21,7;15;22,1;20,2;15,5;14,5;70;65;66;63;6,7;2,9;
2024/05/23;1300 UTC;0;892,2;892,4;892,2;2086,1;23,6;15,3;23,9;21,6;16;15,1;67;59;60;65;6,7;3,7;
2024/05/23;1400 UTC;0;891,9;892,3;891,9;2713,2;24,6;14,2;25,4;23,5;16;14,2;61;51;53;63;7,2;3,4;
2024/05/23;1500 UTC;0;891,3;891,9;891,3;1659;24,5;14,2;25,6;24;15,3;13,6;56;51;53;74;6,1;2,2;
2024/05/23;1600 UTC;0;890,4;891,3;890,4;2086,2;25,7;12,2;26,6;24,4;14,8;11,8;53;41;43;22;6,6;2,4;
2024/05/23;1700 UTC;0;889,6;890,4;889,6;2810,4;26,9;11,3;28;25,7;13,6;10,8;45;36;38;12;5,4;2,4;
2024/05/23;1800 UTC;0;889,1;889,6;889,1;2463,8;26,3;11,9;27,8;26,2;12,6;10,4;41;35;41;325;6,6;2,3;
2024/05/23;1900 UTC;0;888,8;889,1;888,8;1775,8;26,8;13,4;27,4;25,7;13,4;11,1;44;37;44;7;5;2,3;
2024/05/23;2000 UTC;0;888,9;888,9;888,8;855,1;25,7;13,9;26,8;25,5;14,4;12,5;49;43;48;359;4,9;2,2;
2024/05/23;2100 UTC;0;889,2;889,2;888,9;206,5;22,9;14,7;25,7;22,9;14,8;13,7;60;48;60;42;4,2;1,1;
2024/05/23;2200 UTC;0;889,7;889,7;889,2;;21,9;14,1;22,9;21,6;14,8;14,1;64;60;61;78;3,2;2;
2024/05/23;2300 UTC;0;890,1;890,1;889,7;;20,4;14,1;21,9;20,4;14,2;14;67;61;67;69;3,9;2,4;
2024/05/24;0000 UTC;0;890,6;890,6;890,1;;19,9;14;20,5;19,6;14,3;14;71;67;69;29;3,4;,9;
2024/05/24;0100 UTC;0;890,8;890,8;890,6;;18,6;14,2;20;18,5;14,3;13,9;76;69;75;61;3,3;2,3;
2024/05/24;0200 UTC;0;890,5;890,8;890,5;;19,5;14,6;19,7;18,3;14,7;14,1;77;73;73;82;3,9;2,5;
2024/05/24;0300 UTC;0;890,4;890,7;890,4;;18;14,5;19,5;17,6;14,8;14;82;73;80;55;3,9;,3;
2024/05/24;0400 UTC;0;890,1;890,4;890,1;;19,4;14,7;19,5;17,9;14,9;14,4;81;75;75;84;4,4;3;
2024/05/24;0500 UTC;0;889,8;890,1;889,8;;18,9;14,7;19,4;18,4;14,9;14,6;79;75;77;83;4,8;2,1;
2024/05/24;0600 UTC;0;889,5;889,8;889,3;;18;14,5;19;17,8;14,8;14,3;80;76;80;69;4,7;2,1;
2024/05/24;0700 UTC;0;889,5;889,5;889,4;;17,5;14,1;18,3;17,3;14,5;14;82;78;80;59;3,4;2,2;
2024/05/24;0800 UTC;0;889,7;889,7;889,4;;17,9;14,1;17,9;17,3;14,3;13,8;81;78;79;37;3,4;1,6;
2024/05/24;0900 UTC;0;890;890;889,7;;17,3;13,7;18;17,3;14;13,6;79;76;79;55;3;2,2;
2024/05/24;1000 UTC;0;890,4;890,4;890;34,2;17,2;13,7;17,3;16,7;13,8;13,4;82;79;80;50;2,9;2,2;
2024/05/24;1100 UTC;0;890,7;890,7;890,4;577,9;21;14,2;21;17,2;14,6;13,7;80;65;65;25;3,4;1,9;
2024/05/24;1200 UTC;0;891,1;891,1;890,7;1384,3;23;14;23;21;15,1;13,9;65;57;57;5;4,9;2,6;
2024/05/24;1300 UTC;0;891,2;891,3;891,1;2072,3;24,7;14,3;24,7;22,9;14,8;13,6;59;51;52;4;5,4;2,2;
2024/05/24;1400 UTC;0;891,2;891,3;891,2;2473;24,3;12,9;26;24,1;14,4;12,8;52;46;49;359;5,5;1,4;
2024/05/24;1500 UTC;0;890,6;891,3;890,6;2343,1;24,8;13,2;26,7;24,3;13,6;11;50;39;48;243;5,3;2,6;
2024/05/24;1600 UTC;0;889,9;890,5;889,9;2801,5;26,5;12,5;27,1;24,8;14,1;11,7;49;40;42;265;6,5;3,1;
2024/05/24;1700 UTC;0;889,4;889,9;889,4;2311,8;27;13,7;27,6;25,7;14;12,2;46;40;44;204;6,7;,7;
2024/05/24;1800 UTC;0;889;889,4;889;1331,5;25,6;11;28,2;25,6;14,6;10,1;48;35;40;187;7,2;2,9;
2024/05/24;1900 UTC;0;888,8;889;888,6;1664;26,8;11,9;27,7;25,5;12,2;10;42;34;40;168;6,2;3,4;
2024/05/24;2000 UTC;0;888,7;888,8;888,6;798,8;25,9;10,4;27,1;25,9;12,4;9,9;41;36;38;157;6,4;3;
2024/05/24;2100 UTC;0;889;889;888,7;115,4;24,2;11,4;25,9;24,2;11,4;10,4;45;38;45;169;6,1;1,5;
2024/05/24;2200 UTC;0;889,3;889,3;889;;22,4;11,7;24,2;22,4;11,9;11,5;51;45;51;133;3,6;,5;
2024/05/24;2300 UTC;0;889,4;889,5;889,3;;22,2;12,2;22,5;21,8;12,2;11,7;54;51;53;120;2,3;,4;
2024/05/25;0000 UTC;0;889,7;889,7;889,4;;21,2;12,7;22,2;21,1;12,7;12,1;58;53;58;95;3,6;2,2;
2024/05/25;0100 UTC;0;890,1;890,1;889,7;;21,1;12,9;21,2;20,4;13,1;12,6;62;58;60;98;3,9;2,1;
2024/05/25;0200 UTC;0;889,8;890,2;889,7;;20;13,2;21,1;19,3;13,2;12,9;67;60;65;78;5,2;2,9;
2024/05/25;0300 UTC;0;889,9;890;889,8;;19,9;12,4;20,4;19,9;13,2;12,4;65;61;62;88;5,3;3,3;
2024/05/25;0400 UTC;0;889,5;889,9;889,4;;18,6;12,4;20,1;18,4;12,5;12,3;68;61;67;80;5,6;2,9;
2024/05/25;0500 UTC;0;889,1;889,5;889;;19,1;12,6;19,4;18,6;12,6;12,3;67;64;66;78;5,2;2,9;
2024/05/25;0600 UTC;0;889,1;889,1;889;;19,1;12,8;19,5;18,9;12,9;12,6;68;65;67;86;4,7;2,3;
2024/05/25;0700 UTC;0;889;889,2;889;;17,8;12,8;19,3;17,8;12,9;12,7;73;66;73;69;3,5;1,9;
2024/05/25;0800 UTC;0;889,2;889,2;889;;18;12,8;18,6;17,8;12,9;12,8;73;69;72;76;3,8;2,4;
2024/05/25;0900 UTC;0;889,5;889,6;889,2;;17,6;12,7;18;17,5;12,9;12,7;74;72;73;73;3,8;2,6;
2024/05/25;1000 UTC;0;890,1;890,1;889,5;42,9;17,9;12,7;18;17,5;12,7;12,5;73;71;72;76;4,2;2,5;
2024/05/25;1100 UTC;0;890,7;890,7;890,1;490,9;20,6;13,2;20,6;17,9;13,4;12,7;72;62;62;68;4,1;2,6;
2024/05/25;1200 UTC;0;891,5;891,5;890,7;1085,3;22,9;13,2;22,9;20,7;13,9;12,8;62;54;54;73;4,8;3;
2024/05/25;1300 UTC;0;891,5;891,6;891,4;1174,6;23,7;12,9;23,7;22,5;13,7;12,3;57;51;51;76;4,8;2,2;
2024/05/25;1400 UTC;0;891,2;891,5;891,1;2468,2;25,4;12,1;25,9;23,7;13,2;10;51;37;44;47;5;1,3;
2024/05/25;1500 UTC;0;890,8;891,2;890,8;2876,3;26,5;10,4;26,8;25,2;12,2;8,9;44;35;36;133;6,6;2,1;
2024/05/25;1600 UTC;0;890;890,8;889,9;2965,6;27,4;10,2;27,4;26,3;11,1;9,3;38;33;34;119;6,2;1,8;
2024/05/25;1700 UTC;0;889,3;890;889,3;2647,9;27,8;10;27,8;26,6;11;7,8;36;30;33;72;5,7;2,4;
2024/05/25;1800 UTC;0;888,8;889,3;888,7;2193,1;27;9,4;27,8;26,8;10,3;8,5;35;31;33;67;6,2;2,9;
2024/05/25;1900 UTC;0;888,7;888,8;888,6;1640,7;26,7;9;27,3;26,4;10;8;34;30;33;95;7,1;1,5;
2024/05/25;2000 UTC;0;889,2;889,2;888,7;868,2;25,8;9,4;27,2;25,8;10,6;9;38;33;36;100;4,6;2;
2024/05/25;2100 UTC;0;889,4;889,4;889,2;151,7;23,3;10;26;23,3;10,4;9,3;43;35;43;98;4,4;2,2;
2024/05/25;2200 UTC;0;889,7;889,7;889,4;;22;9,4;23,3;21,7;10,1;9,3;46;43;45;97;4,5;2,5;
2024/05/25;2300 UTC;0;890,1;890,1;889,7;;21,4;9,8;22;21,1;9,8;9,3;48;44;47;95;4,8;2,8;
2024/05/26;0000 UTC;0;890,4;890,4;890,1;;20,3;10;21,4;20,3;10;9,8;52;47;51;96;5,5;2,7;
2024/05/26;0100 UTC;0;890,7;890,8;890,4;;20,2;10,3;20,5;19,9;10,3;10;53;51;53;99;5,9;3,4;
2024/05/26;0200 UTC;0;890,8;890,8;890,7;;19,8;10,8;20,2;19,5;10,8;10,3;57;53;56;85;5,4;3,4;
2024/05/26;0300 UTC;0;890,6;890,8;890,6;;19,5;11;19,9;19,5;11,2;10,7;58;56;58;85;6,4;3;
2024/05/26;0400 UTC;0;890,5;890,7;890,4;;19,1;10,5;19,5;18,9;11;10,5;58;57;58;82;4,8;2,7;
2024/05/26;0500 UTC;0;890,1;890,5;890;;19,6;11;19,8;18,7;11;10,5;59;55;57;89;6,5;3,9;
2024/05/26;0600 UTC;0;889,6;890;889,6;;18,5;10,6;19,7;18,5;11,1;10,6;60;57;60;67;6,3;2,1;
2024/05/26;0700 UTC;0;889,2;889,6;889,2;;17,4;10,8;18,7;17;11;10,5;67;59;65;32;4,9;2,3;
2024/05/26;0800 UTC;0;889,5;889,5;889,2;;17,5;9,7;17,6;16,1;10,8;9,7;70;60;60;74;4,8;2,2;
2024/05/26;0900 UTC;0;889,9;890;889,5;;18,4;10,1;18,4;17;10,1;9;60;55;58;72;6,3;3,8;
2024/05/26;1000 UTC;0;890,5;890,5;889,9;41,4;18,4;11,1;19,1;18,3;11,1;10,2;63;58;63;54;7,7;2,5;
2024/05/26;1100 UTC;0;891,4;891,4;890,5;565,8;19,1;11,8;20,4;18,3;12,3;11,1;63;58;63;152;5,8;,6;
2024/05/26;1200 UTC;0;892,1;892,1;891,4;1348;22,2;12,9;22,4;19,1;13,5;11,5;64;55;56;83;5,5;3,2;
2024/05/26;1300 UTC;0;892,2;892,3;892,1;2059,6;23,8;12,3;23,8;22,2;13,3;11,4;56;46;49;72;6,3;2,8;
2024/05/26;1400 UTC;0;891,9;892,3;891,9;2606,9;25,2;7;25,9;23,8;12,9;7;50;31;31;91;9,2;4,3;
2024/05/26;1500 UTC;0;891,3;892;891,3;2883,7;26;7,4;26,3;25,1;9,1;5,7;35;28;31;88;9;4,6;
2024/05/26;1600 UTC;0;890,5;891,3;890,5;2912;26,7;5,8;27;25,7;9;5,5;34;26;26;71;8,4;3,8;
2024/05/26;1700 UTC;0;889,8;890,5;889,8;2719,2;27;5,9;27,4;26,5;7,7;5,4;30;24;26;50;8,4;4,3;
2024/05/26;1800 UTC;0;889,2;889,8;889,2;2286,1;27,1;7,6;27,9;26,8;8,1;5,5;29;25;29;39;7,7;3,2;
2024/05/26;1900 UTC;0;889,2;889,2;889,1;1642,5;26,7;8,1;27,7;26,6;8,2;6,1;31;26;31;39;7,1;3;
2024/05/26;2000 UTC;0;889,6;889,6;889,2;877,8;25,6;8,2;26,8;25,6;8,7;7,1;33;29;33;29;6,7;1,7;
2024/05/26;2100 UTC;0;889,6;889,6;889,5;161,1;21,6;10,1;25,6;21,6;10,3;7,8;48;33;48;60;4;2,1;
2024/05/26;2200 UTC;0;890;890;889,6;;21,2;9,5;21,8;20,8;10,1;9,4;49;46;47;79;3,1;1,7;
2024/05/26;2300 UTC;0;890,4;890,4;890;;20,1;10;21,4;20,1;10;9,4;52;47;52;124;3,5;,5;
2024/05/27;0000 UTC;0;890,7;890,7;890,4;;20,6;10,8;21;20,1;10,8;9,8;53;49;53;99;4,3;2,5;
2024/05/27;0100 UTC;0;890,9;891;890,7;;20,1;11,1;20,7;19,5;11,1;10,8;58;53;56;93;4,9;3,3;
2024/05/27;0200 UTC;0;891;891,1;890,9;;19,4;11,4;20,4;19,2;11,4;10,9;60;55;60;88;5,4;3,2;
2024/05/27;0300 UTC;0;890,8;891;890,8;;19;11,5;19,4;18,9;11,5;11,3;62;60;62;91;4,9;3,1;
2024/05/27;0400 UTC;0;890,5;890,8;890,5;;18,5;11,5;19;18,5;11,6;11,4;64;62;64;93;5,3;3,3;
2024/05/27;0500 UTC;0;890;890,5;890;;18,7;11,1;19;18,3;11,5;11,1;64;61;61;90;4,9;1,8;
2024/05/27;0600 UTC;0;889,8;890,1;889,8;;18,2;10,8;18,7;16,8;11,3;10,8;69;61;62;87;4,4;2,8;
2024/05/27;0700 UTC;0;889,9;889,9;889,7;;18,1;11;18,6;18;11;10,7;63;60;63;97;5,4;2,9;
2024/05/27;0800 UTC;0;890,1;890,1;889,8;;17,7;11,5;18,1;17,7;11,6;11;67;63;67;90;6,5;3,7;
2024/05/27;0900 UTC;0;890,7;890,7;890;;17,4;11,8;17,7;17,3;11,9;11,5;70;67;70;86;7,2;4,2;
2024/05/27;1000 UTC;0;891,4;891,4;890,7;39,5;16,7;11,6;17,4;16,6;11,8;11,5;72;70;72;46;7,2;2,8;
2024/05/27;1100 UTC;0;891,9;891,9;891,4;569,7;19,5;12,1;19,5;16,6;12,2;11,6;72;62;62;53;5,6;3,4;
2024/05/27;1200 UTC;0;892,6;892,6;891,9;1354,3;22;13,3;22,1;19,5;13,4;12,1;62;57;58;38;5,9;3,2;
2024/05/27;1300 UTC;0;892,6;892,8;892,6;2058,4;24,2;13,5;24,4;22;14,1;13,1;58;50;51;42;8,3;4;
2024/05/27;1400 UTC;0;892,4;892,7;892,4;2593;25;13,7;25,3;23,7;14,4;13,1;54;48;49;50;8,3;2,7;
2024/05/27;1500 UTC;0;891,9;892,4;891,9;2926,7;26,1;12,7;26,1;24,7;13,8;11,6;50;42;43;118;6,2;,6;
2024/05/27;1600 UTC;0;891,1;891,9;891,1;2465,4;25,3;12,4;26,9;24,8;13,4;11,1;47;37;45;101;5,1;,6;
2024/05/27;1700 UTC;0;890,5;891,1;890,5;1938,3;26,6;10,1;27,8;25,1;13,1;9,6;47;33;35;241;3,1;,8;
2024/05/27;1800 UTC;0;890,2;890,5;890,1;1942,5;27;11,3;27,6;25,6;12;10;41;35;38;329;11,3;2,2;
2024/05/27;1900 UTC;0;890;890,2;890;1842,3;26,5;11,3;27,2;26,3;12,3;10,3;41;36;39;8;4,1;1,9;
2024/05/27;2000 UTC;0;890,3;890,3;890;1067,1;25,4;11,8;26,9;25,4;12,4;10,9;43;38;43;37;5,3;2,2;
2024/05/27;2100 UTC;0;890,6;890,6;890,3;143,8;21,4;12,7;25,4;21,4;12,9;11,7;58;43;58;48;4,1;,9;
2024/05/27;2200 UTC;0;890,8;890,8;890,6;;21,1;12,2;21,5;20,3;13;12,2;63;56;57;75;2,6;1,8;
2024/05/27;2300 UTC;0;891,2;891,2;890,8;;20,8;11,9;21,5;20;12,3;11,9;61;55;57;85;4,7;2,5;
2024/05/28;0000 UTC;0;891,4;891,4;891,2;;20,7;11,4;21,5;20,3;11,9;11,4;57;54;55;86;5,2;3,3;
2024/05/28;0100 UTC;0;891,6;891,6;891,4;;20,3;11,2;20,8;20,2;11,3;11,1;56;55;56;89;5,2;2,6;
2024/05/28;0200 UTC;0;891,5;891,7;891,5;;20,1;11,7;20,3;19,8;11,7;11,2;59;56;58;86;5,5;3,5;
2024/05/28;0300 UTC;0;891,1;891,5;891,1;;19,9;11,8;20,2;19,7;11,8;11,6;60;58;60;88;5,8;3,6;
2024/05/28;0400 UTC;0;891,1;891,1;891;;19,5;11,9;20;19,4;12,1;11,7;62;59;61;83;6,1;3,6;
2024/05/28;0500 UTC;0;890,7;891,1;890,7;;19,9;12,1;20;18,2;12,4;11,8;67;61;61;88;5,2;3,3;
2024/05/28;0600 UTC;0;890,6;890,7;890,5;;19,3;11,8;19,9;19,3;12,2;11,8;63;61;62;92;5,9;3,5;
2024/05/28;0700 UTC;0;890,5;890,6;890,5;;19;11,6;19,6;18,9;11,9;11,6;63;61;62;87;6,4;4,1;
2024/05/28;0800 UTC;0;890,7;890,7;890,4;;18,7;11,5;19;18,7;11,6;11,4;63;62;63;89;6,3;3,6;
2024/05/28;0900 UTC;0;890,9;890,9;890,7;;18,5;11,5;18,7;18,4;11,7;11,5;65;63;64;88;6;3,7;
2024/05/28;1000 UTC;0;891,6;891,6;890,9;44,7;18,5;11,4;18,5;18;11,6;11,4;66;63;63;84;5,8;3,3;
2024/05/28;1100 UTC;0;892,1;892,1;891,6;571,3;21,2;11,8;21,2;18,5;11,8;11,4;64;55;55;76;5,5;2,6;
2024/05/28;1200 UTC;0;892,8;892,8;892,1;1325,4;23,3;11,1;23,3;21,2;12,6;11,1;55;46;46;55;4,5;2,5;
2024/05/28;1300 UTC;0;892,9;893;892,8;2049,7;24;11,6;24,1;23;11,9;10,4;48;43;46;77;5,6;3,1;
2024/05/28;1400 UTC;0;892,7;892,9;892,7;2573,8;25,2;11,2;25,6;23,7;11,9;10,4;47;40;42;115;6,6;3;
2024/05/28;1500 UTC;0;892,1;892,7;892,1;2667,2;26,1;11,4;26,9;24,5;12,4;9,9;43;36;40;97;4,9;2,1;
2024/05/28;1600 UTC;0;891,2;892,1;891,2;2230,1;26,3;10,2;27,3;24,8;12;9,2;41;34;36;176;5,5;1,1;
2024/05/28;1700 UTC;0;890,6;891,2;890,6;2377,1;26,6;8,5;27,3;25,9;10,6;8,1;36;30;32;133;6,1;2,6;
2024/05/28;1800 UTC;0;890;890,6;890;1585,8;25,8;6,8;27,7;25,6;9,5;6,6;35;29;30;166;6,1;,8;
2024/05/28;1900 UTC;0;889,9;890;889,8;1363,3;26,5;8,7;28,1;25,8;9,1;6,5;33;27;33;132;4,4;1,5;
2024/05/28;2000 UTC;0;890,2;890,2;889,9;574,3;25,4;10,1;26,6;25,2;10,3;7,8;39;31;38;78;3,9;2,2;
2024/05/28;2100 UTC;0;890,3;890,3;890,1;155,3;23,3;10,2;25,4;23,3;10,3;9,5;44;37;44;96;3,7;1,3;
2024/05/28;2200 UTC;0;890,7;890,8;890,3;;21,9;10,7;23,3;21,9;10,7;10,2;49;44;49;138;3,4;,9;
2024/05/28;2300 UTC;0;891,1;891,1;890,7;;20,9;10,6;22;20,9;10,8;10,3;52;49;52;149;2,3;0;
2024/05/29;0000 UTC;0;891,5;891,5;891;;20,9;10,5;21,3;20,6;10,8;10,5;53;50;51;146;2,6;1,1;
2024/05/29;0100 UTC;0;891,7;891,8;891,5;;19,8;11,2;21,1;19,8;11,2;10,5;58;51;58;148;4,1;1,4;
2024/05/29;0200 UTC;0;891,8;891,9;891,7;;19,7;13,2;20;19,6;13,2;11,3;66;58;66;149;4,7;2,2;
2024/05/29;0300 UTC;0;891,7;891,9;891,7;;18,5;13,1;19,7;18,5;13,5;13;71;66;71;165;4,8;2,8;
2024/05/29;0400 UTC;0;891,4;891,8;891,4;;17,3;14,7;18,5;17,2;14,7;13,1;85;71;85;155;6,2;3,2;
2024/05/29;0500 UTC;0;890,9;891,4;890,9;;16,9;15,2;17,3;16,9;15,2;14,7;90;85;90;162;6,1;2,8;
2024/05/29;0600 UTC;0;890,6;890,9;890,6;;16,5;15,1;16,9;16,3;15,2;14,9;92;90;91;157;5,1;2,4;
2024/05/29;0700 UTC;0;890,4;890,6;890,4;;16,2;14,6;16,6;16,2;15,1;14,6;91;89;90;151;4,9;1,6;
2024/05/29;0800 UTC;0;890,5;890,6;890,4;;15,7;14,4;16,3;15,7;14,8;14,4;92;90;92;136;4,7;1;
2024/05/29;0900 UTC;0;891;891;890,5;;15,6;14,2;15,9;15,4;14,6;13,9;92;90;91;157;3,3;,4;
2024/05/29;1000 UTC;0;891,6;891,6;891;19,8;15,5;14,6;15,7;14,9;14,6;13,6;94;91;94;158;4,2;2,1;
2024/05/29;1100 UTC;0;892,3;892,3;891,6;417,7;16,2;15,4;16,2;15,3;15,4;14,4;95;94;95;146;3,9;,6;
2024/05/29;1200 UTC;0;892,8;892,8;892,3;1321,7;20,1;15,7;20,2;16,2;16,9;15,4;95;76;76;122;6;3,1;
2024/05/29;1300 UTC;0;892,8;893;892,8;2020,7;22,9;15,6;22,9;20,1;16,5;15,3;78;63;63;126;6,7;2,8;
2024/05/29;1400 UTC;0;892,7;892,9;892,6;2502,5;24,5;14,9;24,6;22,5;16,4;13,8;65;53;55;111;6,8;2,5;
2024/05/29;1500 UTC;0;891,9;892,7;891,9;2921,7;25,2;11,4;25,9;24,1;14,7;11,4;55;42;42;79;6,3;2,6;
2024/05/29;1600 UTC;0;891;891,9;891;2739,8;26,1;11,8;26,7;24,6;12,6;10,1;44;38;41;83;5,3;1,9;
2024/05/29;1700 UTC;0;890,3;891;890,3;2110,8;26,3;10;26,9;25,7;11,7;9,3;41;34;36;168;4,2;1,4;
2024/05/29;1800 UTC;0;890;890,3;889,9;1713,4;25,5;10,5;27,7;25,3;12;8,8;40;34;39;135;5,3;1,2;
2024/05/29;1900 UTC;0;890;890;889,8;1243,8;25,8;8,7;27,1;24,9;11,9;8,7;43;33;34;90;5,5;2,3;
2024/05/29;2000 UTC;0;890,3;890,3;890;254,5;24,3;10,8;25,8;23,9;11,6;8,7;47;34;43;161;4,3;0;
2024/05/29;2100 UTC;0;890,6;890,6;890,3;67,9;22,7;11,9;24,5;22,6;12;10,3;51;41;51;95;5,4;,3;
2024/05/29;2200 UTC;0;891;891;890,6;;22;14;22,7;22;14,2;11,7;61;50;61;178;3,7;1,7;
2024/05/29;2300 UTC;0;891,5;891,5;891;;21,1;14,1;22;21;14,4;14;65;61;65;155;3,4;1,5;
2024/05/30;0000 UTC;0;891,8;891,8;891,4;;19,9;14,4;21,1;19,9;14,5;13,9;71;64;71;162;4,9;2,1;
2024/05/30;0100 UTC;0;892,2;892,2;891,8;;18,8;14,5;19,9;18,8;14,7;14,4;76;71;76;154;4,7;2;
2024/05/30;0200 UTC;0;892,1;892,2;892;;18,6;14,8;18,9;18,4;14,9;14,5;79;76;79;137;3,9;1,7;
2024/05/30;0300 UTC;0;891,9;892,1;891,8;;18,3;14,7;18,6;18,3;14,9;14,6;80;79;79;149;3,6;1,3;
2024/05/30;0400 UTC;0;891,7;892;891,7;;17,4;14,7;18,5;17,4;14,8;14,4;84;78;84;158;4,4;2,6;
2024/05/30;0500 UTC;0;891,3;891,7;891,2;;16,4;14,7;17,4;16,4;14,8;14,5;90;84;90;153;4,6;2,6;
2024/05/30;0600 UTC;0;891,2;891,3;891,1;;16,2;14,6;16,4;16,1;14,7;14,6;91;90;91;157;4,7;2,8;
2024/05/30;0700 UTC;0;890,9;891,2;890,9;;15,8;14,2;16,2;15,8;14,7;14,1;91;90;90;148;4,7;1,9;
2024/05/30;0800 UTC;0;890,7;890,9;890,7;;15,6;13,9;15,8;15,4;14,2;13,8;91;90;90;148;4;2,4;
2024/05/30;0900 UTC;0;891,2;891,2;890,7;;15,4;13,5;15,7;15,4;13,9;13,5;90;88;88;146;4;1,4;
2024/05/30;1000 UTC;0;891,6;891,6;891,2;36,2;16,8;13,5;16,8;15,3;13,9;13,4;89;81;81;142;3,6;2,1;
2024/05/30;1100 UTC;0;892,2;892,2;891,6;545,2;18,8;14,1;18,8;16,7;14,2;13,4;81;74;74;146;4,3;1,7;
2024/05/30;1200 UTC;0;892,6;892,6;892,2;1318;21,2;14;21,5;18,6;15,4;13,8;76;63;64;132;5;1,6;
2024/05/30;1300 UTC;0;892,7;892,8;892,5;2018,1;23,1;14,5;23,3;21,2;15,1;13,9;66;57;59;125;5,7;2,3;
2024/05/30;1400 UTC;0;892,4;892,8;892,4;2276,6;23,2;12,9;24,7;22,9;14,7;12,6;59;48;53;114;5,6;2,2;
2024/05/30;1500 UTC;0;891,9;892,4;891,8;2553,3;24,6;11,3;25,7;23,1;14,5;9;54;36;43;119;6,2;1,9;
2024/05/30;1600 UTC;0;891,1;891,9;891,1;2385,9;26,4;9,5;26,5;24,4;11,4;5,4;44;27;34;115;4,8;,9;
2024/05/30;1700 UTC;0;890,4;891,1;890,4;2427,2;26,4;9,5;26,8;25,1;10,6;8,3;38;32;34;111;6,4;2;
2024/05/30;1800 UTC;0;890,2;890,4;890,2;2125,3;26,3;7,3;27,5;25;10,5;7,3;36;30;30;115;4,8;,5;
2024/05/30;1900 UTC;0;890,1;890,2;889,9;1405,4;25,4;9;27,1;25,4;9,5;7,3;35;30;35;129;4,6;1,2;
2024/05/30;2000 UTC;0;890,3;890,3;890;911,2;25,5;9,3;26,1;25,4;9,9;8,6;37;34;36;103;4,5;2,1;
2024/05/30;2100 UTC;0;890,8;890,8;890,3;108;22,6;11,3;25,5;22,6;11,4;8,9;49;35;49;98;4,7;1,2;
2024/05/30;2200 UTC;0;891,1;891,1;890,8;;22,3;10,9;23;21,9;11,4;10,6;51;46;49;133;3,5;1;
2024/05/30;2300 UTC;0;891,7;891,7;891,1;;21,8;10,8;22,3;21,6;11,2;10,8;51;49;50;121;3,8;1,4;
2024/05/31;0000 UTC;0;892;892;891,7;;21;11,5;21,8;21;11,6;10,9;55;50;55;128;4,7;1,6;
2024/05/31;0100 UTC;0;892,1;892,2;892;;20,4;12;21;20,4;12;11,4;59;55;58;122;5,8;1,8;
2024/05/31;0200 UTC;0;892,1;892,1;892;;20,1;12,3;20,6;20,1;12,5;12;61;58;61;119;5,4;1,8;
2024/05/31;0300 UTC;0;892;892,1;892;;20,2;12,1;20,3;19,9;12,4;12;62;59;59;116;6,1;2,3;
2024/05/31;0400 UTC;0;891,8;892;891,8;;19,4;12,1;20,2;19,3;12,2;12;63;59;63;96;6,1;2,6;
2024/05/31;0500 UTC;0;891,5;891,8;891,5;;18,5;11,7;19,8;18,5;12,1;11,6;64;60;64;93;5,5;1,9;
2024/05/31;0600 UTC;0;891,2;891,5;891,2;;18,2;11,4;18,6;18,1;11,8;11,4;66;64;65;103;4,3;1,8;
2024/05/31;0700 UTC;0;891,1;891,2;891;;16,9;11,3;18,3;16,8;11,4;10,8;70;62;70;159;3,8;,5;
2024/05/31;0800 UTC;0;891,1;891,1;891;;17,5;10,1;17,5;16,8;11,3;10,1;70;62;62;109;4,4;1,6;
2024/05/31;0900 UTC;0;891,8;891,8;891,1;;16,4;9,7;17,9;16,4;10;7,9;64;54;64;144;4,4;1,5;
2024/05/31;1000 UTC;0;892,4;892,4;891,8;29;16,4;9,9;16,5;15,5;10,7;9,8;73;65;65;147;6,8;1,2;
2024/05/31;1100 UTC;0;892,7;892,7;892,4;676,7;19,7;8,8;19,8;16,4;10,8;8,7;66;49;50;97;9;4,6;
2024/05/31;1200 UTC;0;893,2;893,2;892,7;1550,8;21;10;21;19,5;10;8,6;51;48;49;95;9,7;4,7;
2024/05/31;1300 UTC;0;893,2;893,3;893,1;2174,7;22,9;10,9;22,9;20,9;11;9,6;51;46;47;85;9,9;5,3;
2024/05/31;1400 UTC;0;892,9;893,2;892,9;2617,1;24,2;10,9;24,5;22,6;11,2;10;47;42;43;88;9,9;5,1;
2024/05/31;1500 UTC;0;892,3;892,9;892,3;2821,5;25,2;11,2;25,2;23,8;11,9;10,2;45;39;41;107;10,8;3,9;
2024/05/31;1600 UTC;0;891,3;892,3;891,3;2078,1;24,8;9;25,7;23,9;11,6;8,8;44;35;37;123;8,3;3,1;
2024/05/31;1700 UTC;0;890,5;891,3;890,5;2302,2;26,4;9,8;26,4;23,9;10,7;8,5;40;34;35;116;6,6;2,2;
2024/05/31;1800 UTC;0;890,2;890,6;890;2362,2;24,9;8,7;26,5;24,9;10,5;8,1;38;34;36;87;8,4;3,9;
2024/05/31;1900 UTC;0;890,1;890,2;890,1;1496,3;25,3;9,4;26,5;24,1;10,5;8,7;41;34;37;75;8,4;2,4;
2024/05/31;2000 UTC;0;890,3;890,4;890,1;738,7;24,1;9,3;25,9;23,9;10;8,9;41;35;39;132;6,3;1,5;
2024/05/31;2100 UTC;0;890,8;890,8;890,3;78,7;22,2;10,3;24,2;22,2;10,4;9,4;47;39;47;101;4,6;1,6;
2024/05/31;2200 UTC;0;891,2;891,2;890,8;;21,6;9,7;22,3;21,6;10,2;9,6;48;46;47;112;4,3;1,7;
2024/05/31;2300 UTC;0;891,7;891,7;891,2;;20,4;9,5;21,6;20,1;9,7;9,5;51;46;50;98;5;2,3;
2024/06/01;0000 UTC;0;892;892;891,7;;19,5;10,5;20,4;19,3;10,5;9,4;56;49;56;96;5,1;3,3;
2024/06/01;0100 UTC;0;891,9;892,1;891,9;;18,8;11;19,6;18,7;11;10,5;61;56;60;95;5,5;2,9;
2024/06/01;0200 UTC;0;891,9;892;891,8;;18,1;11,3;18,8;18;11,3;10,9;65;60;65;95;5,2;3,2;
2024/06/01;0300 UTC;0;891,8;891,9;891,8;;17,6;11,2;18,3;17,4;11,3;11,1;67;64;66;97;6,5;3,8;
2024/06/01;0400 UTC;0;891,7;892;891,7;;17,5;11,8;17,6;17,3;11,8;11,2;69;66;69;92;6,5;3,5;
2024/06/01;0500 UTC;0;891,4;891,8;891,4;;17,4;12,4;17,7;17,4;12,4;11,8;72;69;72;85;7,4;4,4;
2024/06/01;0600 UTC;0;891,3;891,4;891,2;;16,9;12,6;17,4;16,8;12,6;12,3;76;72;76;87;7,5;4,1;
2024/06/01;0700 UTC;0;891,5;891,6;891,3;;16,6;12,7;17;16,5;12,7;12,5;78;76;78;89;8;4,5;
2024/06/01;0800 UTC;0;892;892;891,5;;16,2;12,8;16,6;16,1;12,9;12,6;81;77;81;90;8,8;4,4;
2024/06/01;0900 UTC;0;892,3;892,3;892;;15,9;12,9;16,2;15,7;12,9;12,8;83;80;83;99;9,5;4,6;
2024/06/01;1000 UTC;0;892,9;892,9;892,3;26,1;15,7;13;15,9;15,5;13;12,8;85;82;84;81;8,3;2,8;
2024/06/01;1100 UTC;0;893,4;893,4;892,9;547,2;17,1;13,2;17,1;15,7;13,3;13;84;78;78;85;10,2;5,5;
2024/06/01;1200 UTC;0;893,8;893,9;893,4;1343;18,8;13,7;18,8;17;13,8;13,1;78;72;73;75;11,9;6,6;
2024/06/01;1300 UTC;0;893,9;894;893,8;2057,5;21,1;13,5;21,3;18,8;14;13,2;72;62;62;67;12,9;6,1;
2024/06/01;1400 UTC;0;893,7;894;893,7;2568,3;22,1;12,7;22,4;20,5;13,8;12,6;64;55;55;56;12,6;6,2;
2024/06/01;1500 UTC;0;893,1;893,8;893,1;2820,8;23,1;11,9;23,9;21,8;13,1;11,5;56;48;49;57;12,1;5,9;
2024/06/01;1600 UTC;0;892,4;893,1;892,4;2715;23,8;11;24,3;22;12,6;10;53;42;45;60;11,5;5,6;
2024/06/01;1700 UTC;0;891,8;892,4;891,8;2663,6;24,5;9,5;24,6;22,6;11,3;7,8;46;35;39;47;10,6;5,2;
2024/06/01;1800 UTC;0;891,5;891,8;891,4;2175,8;23,2;10,1;24,9;22,8;11,1;8,2;44;35;44;66;9,9;3,1;
2024/06/01;1900 UTC;0;891,6;891,6;891,5;953,7;21,5;10,1;24,6;21,5;10,5;7,6;49;35;48;76;7,4;2,2;
2024/06/01;2000 UTC;0;891,7;891,7;891,5;357,6;20,5;10,9;23,5;20,5;10,9;9,2;54;41;54;69;6,1;1,3;
2024/06/01;2100 UTC;0;892,1;892,1;891,7;61,4;20,2;10,5;20,7;19,8;11,2;10,5;57;53;54;94;4,2;2,3;
2024/06/01;2200 UTC;0;892,3;892,3;892,1;;18,7;10,6;20,3;18,7;10,6;10,4;59;53;59;88;4,4;2,1;
2024/06/01;2300 UTC;0;893;893;892,3;;18,1;10,7;18,8;18;10,8;10,6;62;59;62;94;3,8;2,4;
2024/06/02;0000 UTC;0;893,2;893,2;893;;17,4;11,2;18,2;17,2;11,2;10,6;67;62;67;94;4,4;2,3;
2024/06/02;0100 UTC;0;893,4;893,4;893,1;;17,5;11,4;17,8;17,4;11,4;11,2;67;65;67;101;5;2,4;
2024/06/02;0200 UTC;0;893,2;893,4;893,2;;16,8;11,6;17,6;16,8;11,6;11,4;71;67;71;96;5,5;3,1;
2024/06/02;0300 UTC;0;893;893,2;893;;16,6;11,7;16,9;16,3;11,8;11,6;74;71;73;94;5,5;2,8;
2024/06/02;0400 UTC;0;892,8;893;892,8;;16,5;11,7;16,6;16,3;11,7;11,6;74;73;73;91;5,1;2,6;
2024/06/02;0500 UTC;0;892,4;892,8;892,4;;16;11,2;16,5;16;11,6;11,1;74;72;73;95;5,4;3;
2024/06/02;0600 UTC;0;892,1;892,4;892,1;;15,4;11,4;16;15,4;11,4;11;77;73;77;82;6;3;
2024/06/02;0700 UTC;0;892,2;892,2;892,1;;15,2;11,5;15,5;14,6;11,6;11,1;81;76;79;89;5,1;3,3;
2024/06/02;0800 UTC;0;892,3;892,3;892,2;;15,2;11,9;15,5;15,1;12;11,5;81;79;81;90;6,8;3,6;
2024/06/02;0900 UTC;0;892,9;892,9;892,3;;15,2;12,2;15,2;14,9;12,2;11,8;83;81;82;84;7;3,7;
2024/06/02;1000 UTC;0;893,2;893,3;892,9;15,4;14,9;12,2;15,2;14,8;12,3;12,1;84;82;84;89;8,1;3,7;
2024/06/02;1100 UTC;0;894;894;893,2;526,3;16,7;13;16,7;14,8;13;12,1;85;79;79;86;8,5;5;
2024/06/02;1200 UTC;0;894,3;894,3;894;1351,2;19,1;13,7;19,4;16,7;14,1;13;79;70;71;70;11,6;5,2;
2024/06/02;1300 UTC;0;894,4;894,5;894,2;1972,6;20,5;13,5;20,8;19;14,1;13;71;63;64;62;12,2;5,4;
2024/06/02;1400 UTC;0;894;894,5;893,9;2316,2;21,9;13,3;22,2;19,9;13,9;12,9;66;58;58;73;12,5;5,3;
2024/06/02;1500 UTC;0;893,2;894;893,2;2775,5;22,7;12;23,5;20,9;13,7;11,7;59;50;51;54;11,7;5,9;
2024/06/02;1600 UTC;0;892,3;893,2;892,3;2027,3;22,1;11,1;23,7;22;13,2;11,1;54;48;50;50;10;4;
2024/06/02;1700 UTC;0;891,7;892,3;891,7;2385,4;23;11;24,5;22;12,3;10,9;51;44;47;68;10,4;4,2;
2024/06/02;1800 UTC;0;891,2;891,7;891,1;2153,7;24,5;11,3;24,7;22,6;12,7;11,1;51;44;44;66;9,7;3,7;
2024/06/02;1900 UTC;0;891,1;891,2;891;2073,6;24,1;11,3;24,9;23,9;12,4;10,3;47;41;45;28;9,7;4,4;
2024/06/02;2000 UTC;0;891,3;891,3;891;978,6;22,8;11,1;24,1;22,8;11,5;10;48;41;48;50;8,2;4,3;
2024/06/02;2100 UTC;0;891,8;891,8;891,3;165,1;19;11,1;22,8;19;11,5;10,7;60;48;60;54;7,4;2,7;
2024/06/02;2200 UTC;0;892,4;892,4;891,8;;17,2;11,5;19;17,2;11,8;11,1;69;60;69;25;3,9;,4;
2024/06/02;2300 UTC;0;892,8;892,8;892,4;;17,7;11,7;18,1;16,9;11,9;11,2;71;66;68;70;4,5;2,2;
2024/06/03;0000 UTC;0;892,9;892,9;892,8;;19;11,2;19,1;17,3;12,1;11;70;60;60;84;4,4;2,6;
2024/06/03;0100 UTC;0;893;893,1;892,9;;18,6;13,5;19;18,1;13,7;11,2;74;60;72;95;5,6;2,5;
2024/06/03;0200 UTC;0;893;893;892,9;;17,9;13,7;18,6;17,9;13,9;13,3;77;72;77;95;6,4;3,8;
2024/06/03;0300 UTC;0;892,9;893;892,8;;17,5;13,8;17,9;17,5;13,9;13,7;79;77;79;90;7,6;3,7;
2024/06/03;0400 UTC;0;892,9;893;892,8;;17,3;13,8;17,5;17,2;13,8;13,7;80;79;80;88;7,2;3,7;
2024/06/03;0500 UTC;0;892,8;892,9;892,8;;17;14;17,4;17;14;13,8;82;80;82;90;8,2;4,2;
2024/06/03;0600 UTC;0;892,3;892,8;892,2;;16,5;13,8;17;16,5;13,9;13,8;84;82;84;87;9,6;4,5;
2024/06/03;0700 UTC;0;892,7;892,7;892,2;;16,1;13,7;16,5;16;13,9;13,7;86;84;86;87;8,2;4;
2024/06/03;0800 UTC;0;893;893;892,7;;16;13,8;16,2;15,9;13,8;13,7;87;86;87;86;9,1;4,4;
2024/06/03;0900 UTC;0;893,4;893,4;893;;15,7;13,7;16;15,6;13,8;13,7;88;87;88;86;9,1;4,4;
2024/06/03;1000 UTC;0;894;894;893,4;29,8;16;13,8;16;15,7;13,9;13,7;88;87;87;88;9,1;4,9;
2024/06/03;1100 UTC;0;894,7;894,7;894;591,8;17,3;14,3;17,3;16;14,3;13,7;87;82;83;83;10;4,7;
2024/06/03;1200 UTC;0;895,4;895,5;894,7;1356,6;19,4;14,6;19,5;17,2;14,9;14,1;83;74;74;45;8,4;3,9;
2024/06/03;1300 UTC;0;895,7;895,8;895,4;2032,4;21,6;14,4;21,9;19,4;15,1;14,3;74;63;64;60;9,5;3,3;
2024/06/03;1400 UTC;0;895,5;895,7;895,5;2408,3;23;13,8;23,2;21,3;15,1;13;66;55;56;53;6,7;2,7;
2024/06/03;1500 UTC;0;894,7;895,5;894,7;2005,7;23,2;12,2;25;22,4;14,2;10,9;58;44;50;113;5,7;1,8;
2024/06/03;1600 UTC;0;893,8;894,7;893,8;1548,5;25,2;11,7;25,2;23;13;9,8;51;41;43;342;3,8;,4;
2024/06/03;1700 UTC;0;893;893,8;893;1927;24,2;9,2;25,9;24,2;11,7;8,4;44;35;38;180;3,7;,7;
2024/06/03;1800 UTC;0;892,4;893;892,4;442,3;23,6;9,3;24,2;23,6;10,2;8,8;43;38;40;229;3,3;,2;
2024/06/03;1900 UTC;0;892;892,4;892;757;24,4;10,1;25;23,2;10,7;8,7;45;36;41;39;3,4;1,2;
2024/06/03;2000 UTC;0;892,1;892,1;892;727,9;23,3;12,2;24,8;22,7;13;9,5;55;39;50;49;3,4;1,8;
2024/06/03;2100 UTC;0;892,4;892,4;892,1;89,6;21,9;12;23,4;21,8;12,9;11,9;56;50;54;85;3;1,8;
2024/06/03;2200 UTC;0;892,5;892,5;892,4;;20,9;12,1;21,9;20,9;12,2;11,9;57;53;57;110;3;,3;
2024/06/03;2300 UTC;0;892,7;892,7;892,5;;20,3;11,3;21,1;20,3;12,1;11,3;57;54;56;97;2,6;1,2;
2024/06/04;0000 UTC;0;892,9;892,9;892,7;;19,6;10,8;20,3;19,6;11,3;10,5;57;54;57;99;3,9;2,2;
2024/06/04;0100 UTC;0;892,9;893;892,8;;19,5;11,2;19,7;19,1;11,2;10,8;59;57;59;97;4,6;2,7;
2024/06/04;0200 UTC;0;892,5;892,9;892,5;;18,8;12,3;19,5;18,8;12,3;11,2;66;59;66;89;6,3;3,6;
2024/06/04;0300 UTC;0;892,4;892,5;892,4;;18,3;12,9;19;18,2;12,9;12,3;71;66;71;88;7;3,7;
2024/06/04;0400 UTC;0;891,9;892,4;891,9;;18;13,5;18,4;17,9;13,5;12,9;75;71;75;92;7,9;4,5;
2024/06/04;0500 UTC;0;891,5;891,9;891,4;;17,8;13,7;18;17,6;13,7;13,4;77;75;77;86;7,9;3,9;
2024/06/04;0600 UTC;0;890,9;891,5;890,9;;17,8;13,8;18;17,7;13,8;13,6;78;76;78;88;7,1;4,4;
2024/06/04;0700 UTC;0;890,6;890,9;890,6;;17,4;13,8;17,8;17,4;13,8;13,7;79;77;79;87;7,5;4,1;
2024/06/04;0800 UTC;0;890,4;890,6;890,3;;17,1;13,7;17,6;17,1;13,9;13,7;81;79;81;89;10,2;5,5;
2024/06/04;0900 UTC;0;890,9;890,9;890,4;;16,4;13,8;17,1;16,4;13,9;13,7;85;81;85;91;9,8;4,9;
2024/06/04;1000 UTC;0;891,6;891,6;890,9;19,2;16,3;13,9;16,5;16,1;14;13,8;87;85;86;86;9,1;4,5;
2024/06/04;1100 UTC;0;892;892,1;891,6;583,3;18,6;14,3;18,6;16,3;14,4;13,9;86;76;76;83;9,7;5,5;
2024/06/04;1200 UTC;0;892,8;892,8;892;1299,1;20,2;14,3;20,4;18,6;14,6;14,2;76;68;69;80;11,8;5,3;
2024/06/04;1300 UTC;0;893;893,1;892,7;2035,4;21,9;14,3;22,1;20;14,8;14,1;70;62;62;83;10,6;5,3;
2024/06/04;1400 UTC;0;892,9;893,1;892,8;2555,4;22,9;13,6;23,3;21,8;14,9;13,3;63;54;56;88;11,1;5,5;
2024/06/04;1500 UTC;0;892,5;893;892,5;2872,5;24,3;12,6;24,6;22,9;14;12,2;56;47;48;89;9,3;3,9;
2024/06/04;1600 UTC;0;891,7;892,5;891,7;2334;24,6;12,3;25,1;23,9;13;11,4;49;44;46;87;8,4;4;
2024/06/04;1700 UTC;0;891;891,7;891;2233,9;25,4;9;26;24,5;12,5;9;47;35;35;107;7;1,6;
2024/06/04;1800 UTC;0;890,5;891;890,4;1678,1;25,3;10,4;25,7;24,7;11,5;8,9;42;35;39;89;6;2,3;
2024/06/04;1900 UTC;0;890,5;890,5;890,3;1233,9;24,8;10,4;25,3;24,3;11;9,3;42;37;40;100;5,4;2,6;
2024/06/04;2000 UTC;0;890,5;890,5;890,4;478,3;23,5;11;24,8;23,4;11,1;9,7;46;39;45;84;5,5;2,2;
2024/06/04;2100 UTC;0;890,9;890,9;890,5;141;20,7;11,8;23,5;20,6;11,9;11;57;45;56;66;4,4;1;
2024/06/04;2200 UTC;0;891,2;891,3;890,9;;19;11,5;20,7;18,6;11,9;11,5;64;56;62;73;4,5;2,4;
2024/06/04;2300 UTC;0;891,8;891,8;891,2;;19,5;11,5;20;19;11,5;10,9;62;56;60;87;6;3,1;
2024/06/05;0000 UTC;0;892,4;892,4;891,8;;19,1;12,1;19,7;19,1;12,2;11,6;64;60;64;85;6,4;3,6;
2024/06/05;0100 UTC;0;892,4;892,4;892,2;;18,8;13,2;19,5;18,7;13,2;12,1;70;64;70;89;6,4;3,2;
2024/06/05;0200 UTC;0;892;892,4;892;;18,4;13,3;18,8;18,4;13,3;13,1;72;70;72;85;6,4;3,6;
2024/06/05;0300 UTC;0;891,9;892;891,8;;18,1;13,2;18,6;18;13,4;13;74;71;73;92;7,1;3,6;
2024/06/05;0400 UTC;0;891,5;891,9;891,5;;17,9;13,3;18,3;17,8;13,4;13;74;72;74;88;7,2;4;
2024/06/05;0500 UTC;0;891,1;891,6;891,1;;17,8;13;18,1;17,8;13,3;13;75;73;73;93;7,3;3,6;
2024/06/05;0600 UTC;0;890,7;891,1;890,7;;17,9;12,8;18,2;17,7;13;12,8;73;72;72;94;7,7;3,6;
2024/06/05;0700 UTC;0;890,7;890,7;890,4;;17,6;12,8;18;17,6;12,9;12,8;74;72;74;92;7,7;4,1;
2024/06/05;0800 UTC;0;890,9;890,9;890,6;;17,5;12,8;17,6;17,3;12,9;12,7;75;74;74;89;8,6;4,2;
2024/06/05;0900 UTC;0;891,1;891,2;890,9;;17;12,9;17,5;16,8;12,9;12,6;77;74;77;86;9,6;4,9;
2024/06/05;1000 UTC;0;892,1;892,1;891,1;25,7;17;12,8;17,1;16,7;12,9;12,7;78;76;76;86;10,8;5,2;
2024/06/05;1100 UTC;0;892,6;892,7;892,1;538,7;18,2;13,1;18,2;17;13,2;12,8;76;72;72;87;11,4;6,8;
2024/06/05;1200 UTC;0;893,1;893,1;892,6;1311,9;19,7;13,4;19,7;18,1;13,8;13,1;73;67;67;86;12,2;6;
2024/06/05;1300 UTC;0;893,3;893,3;893;2057,6;21,3;13,5;21,4;19,6;13,9;13,2;68;60;61;82;12,1;6,9;
2024/06/05;1400 UTC;0;893,3;893,4;893,2;2559,2;23,5;13,3;23,6;21,3;14;12,6;62;52;53;81;12,1;5,4;
2024/06/05;1500 UTC;0;892,6;893,3;892,6;2813,3;24,3;10,6;24,6;23;13,5;10,5;54;41;42;91;11;5,2;
2024/06/05;1600 UTC;0;892;892,6;892;2853;24,8;10,1;25,5;24,2;12,3;8;46;34;40;93;9;4,5;
2024/06/05;1700 UTC;0;891,1;892;891,1;2558,8;25,7;7,9;25,9;23,9;10,6;7,3;41;32;32;82;9;2,1;
2024/06/05;1800 UTC;0;890,5;891,1;890,5;2173,4;25,5;8,3;26,1;24,5;9,4;7;36;31;34;103;6,2;2,6;
2024/06/05;1900 UTC;0;890,3;890,5;890,2;1397,1;24,9;7,6;25,8;23,9;9,7;7,4;38;32;33;77;6,6;2,6;
2024/06/05;2000 UTC;0;890,5;890,5;890,3;699,7;22,9;8,3;24,9;22,9;8,8;7,2;40;33;39;79;5,1;2,4;
2024/06/05;2100 UTC;0;890,9;890,9;890,5;154,5;21,8;7,7;23,4;21,8;8,5;7,6;41;37;40;97;3,6;1,2;
2024/06/05;2200 UTC;0;891,4;891,4;890,9;;20,2;8,9;21,8;20,1;8,9;7,7;48;40;48;96;3,4;1,9;
2024/06/05;2300 UTC;0;891,9;891,9;891,4;;19,6;10;20,3;19,5;10;9;54;48;54;96;4,3;2,8;
2024/06/06;0000 UTC;0;892,3;892,3;891,9;;18,9;10,9;19,8;18,7;10,9;10;60;53;59;95;4,6;2,3;
2024/06/06;0100 UTC;0;892,4;892,4;892,2;;18,7;11,2;19,2;18,7;11,2;10,9;62;59;62;99;4,8;3;
2024/06/06;0200 UTC;0;892,3;892,4;892,3;;18,6;12;18,7;18,3;12;11,2;66;62;66;102;5,3;2,7;
2024/06/06;0300 UTC;0;892,4;892,4;892,2;;18,4;12,3;18,8;18,3;12,3;12;68;65;68;94;5,7;3;
2024/06/06;0400 UTC;0;892;892,4;892;;17,8;12,5;18,5;17,8;12,6;12,3;71;67;71;99;5,7;2,9;
2024/06/06;0500 UTC;0;891,4;892;891,4;;18;12,7;18,1;17,4;12,8;12,5;73;71;71;95;8,4;4,3;
2024/06/06;0600 UTC;0;891;891,4;890,9;;17,2;12,9;18,1;17,2;13;12,7;76;71;76;73;9,3;3,5;
2024/06/06;0700 UTC;0;891;891,1;891;;16,7;13,1;17,2;16,4;13,3;12,7;80;76;79;83;6,5;1,8;
2024/06/06;0800 UTC;0;891,5;891,5;891;;16;13,1;16,9;16;13,3;12,8;83;79;83;106;6,5;,8;
2024/06/06;0900 UTC;0;891,7;891,7;891,4;;15,9;13,4;16,5;15,9;13,5;13,1;85;82;85;85;7,6;3,7;
2024/06/06;1000 UTC;0;892,4;892,4;891,7;17,9;16,2;13,6;16,2;15,7;13,7;13,2;86;85;85;89;6,3;4,1;
2024/06/06;1100 UTC;0;893,1;893,1;892,4;251,7;17,1;14,2;17,1;16,1;14,2;13,6;85;83;83;95;8,1;4,6;
2024/06/06;1200 UTC;0;893,6;893,6;893,1;957;19,2;15,1;19,2;17,1;15,1;14,1;83;77;77;93;8,6;4,9;
2024/06/06;1300 UTC;0;893,6;893,7;893,5;2069,7;20,6;15;20,7;18,7;15,2;14,4;77;69;71;86;8,6;4,4;
2024/06/06;1400 UTC;0;893,6;893,7;893,4;2091,3;20,9;14;22,3;20,4;15,2;13,8;71;61;64;70;9;3,7;
2024/06/06;1500 UTC;0;893;893,6;893;1970,9;23;13,2;23,4;20,9;15,2;12,8;65;52;54;86;6,8;3,1;
2024/06/06;1600 UTC;0;892;893;892;1838,6;24,3;10,9;25,3;22,6;13,7;10,2;55;41;43;90;7,7;3,7;
2024/06/06;1700 UTC;0;891,4;892;891,4;1372,4;23,4;13,3;24,8;23;13,3;11,1;53;43;53;86;7;2,8;
2024/06/06;1800 UTC;0;890,7;891,4;890,7;2056,3;24,5;12,6;25,4;23,4;13,5;12;53;45;48;65;8,4;2,7;
2024/06/06;1900 UTC;0;890,5;890,7;890,4;1306,3;24,8;12,2;25,5;23,2;13,3;11,7;52;44;45;68;7;2,4;
2024/06/06;2000 UTC;0;890,4;890,6;890,3;509;23,4;12,4;25,1;22;13,1;11,7;55;45;50;54;7,9;3;
2024/06/06;2100 UTC;0;890,8;890,8;890,3;159,3;20,6;12,5;23,4;20,3;12,6;11,9;61;49;60;72;5,8;1,5;
2024/06/06;2200 UTC;0;891,2;891,2;890,8;;19,6;12,2;20,6;19,6;12,4;12,1;62;59;62;106;2,9;1,1;
2024/06/06;2300 UTC;0;891,9;891,9;891,2;;19,7;11,8;20;19,5;12,2;11,8;62;60;60;93;3;2,1;
2024/06/07;0000 UTC;0;892,4;892,5;891,9;;19,6;12;19,8;19,1;12;11,6;62;60;62;96;3,9;2,6;
2024/06/07;0100 UTC;0;892,4;892,6;892,4;;18,8;12,3;19,6;18,8;12,4;12;66;62;66;86;4,2;2,6;
2024/06/07;0200 UTC;0;892,7;892,7;892,4;;18,4;12,4;18,8;18,2;12,5;12,3;69;66;68;97;4,2;2;
2024/06/07;0300 UTC;0;892,8;892,8;892,6;;17,6;12,4;18,6;17,6;12,5;12,2;72;68;72;146;4,2;,1;
2024/06/07;0400 UTC;0;892,4;892,8;892,4;;18,4;12,5;18,4;17,2;12,7;12,3;74;68;68;97;5,5;2,8;
2024/06/07;0500 UTC;0;891,8;892,4;891,8;;17,7;12,9;18,5;17,7;12,9;12,4;73;68;73;90;7,8;4,4;
2024/06/07;0600 UTC;0;891,6;891,9;891,6;;17,2;13,2;17,8;17,1;13,2;12,9;77;73;77;83;8,5;4,2;
2024/06/07;0700 UTC;0;891,6;891,6;891,4;;17;13,3;17,4;16,9;13,4;13,1;79;77;79;88;8,6;4,6;
2024/06/07;0800 UTC;0;891,9;891,9;891,6;;16,9;13,6;17,1;16,8;13,6;13,3;81;79;81;87;8,9;5,1;
2024/06/07;0900 UTC;0;892,2;892,2;891,9;;16,5;13,6;16,9;16,5;13,7;13,5;83;81;83;86;8,5;4,9;
2024/06/07;1000 UTC;0;892,6;892,6;892,2;30;16,5;13,8;16,6;16,3;13,8;13,6;84;83;84;90;9,3;4,8;
2024/06/07;1100 UTC;0;893,6;893,6;892,6;532,5;18;14,2;18;16,6;14,2;13,8;84;78;78;89;8,9;5,1;
2024/06/07;1200 UTC;0;894,3;894,4;893,6;1302,8;20;14,2;20;17,9;14,5;14;79;69;69;85;10,6;4,8;
2024/06/07;1300 UTC;0;894,3;894,5;894,3;2006,5;21,9;14,4;21,9;19,8;14,6;13,9;70;62;62;87;10,6;5,1;
2024/06/07;1400 UTC;0;894,3;894,4;894,2;2523;23,7;13,2;24,1;21,6;14,9;12,8;63;51;52;75;9,6;5,2;
2024/06/07;1500 UTC;0;894;894,3;893,9;2613,8;24,4;8,6;25,4;23,4;13,4;8,5;52;36;36;55;9,1;3,5;
2024/06/07;1600 UTC;0;893,3;894;893,3;2993,1;25,7;8,1;26,1;24,4;11,1;7,3;42;31;33;53;7,6;3,3;
2024/06/07;1700 UTC;0;892,5;893,3;892,5;2754,6;26,4;9,7;27,2;25,4;10;8,1;36;32;35;80;7,3;3,2;
2024/06/07;1800 UTC;0;891,8;892,5;891,8;2155,8;25,9;9,8;26,8;25,1;10;8,2;38;32;36;82;7,6;3,8;
2024/06/07;1900 UTC;0;891,7;891,8;891,7;1460;25,3;9,8;26;24,1;10,5;8,7;41;34;38;72;7,9;2,3;
2024/06/07;2000 UTC;0;891,7;891,7;891,6;898,8;24,3;9,4;25,6;24,3;9,9;8,4;39;35;39;39;7,3;2,9;
2024/06/07;2100 UTC;0;891,9;891,9;891,7;172,8;21;11;24,3;21;11;9,4;53;39;53;51;5,5;1,4;
2024/06/07;2200 UTC;0;892,3;892,3;891,9;;21,8;12,1;22,2;20,9;12,1;10,9;54;49;54;99;2,7;1,3;
2024/06/07;2300 UTC;0;892,5;892,5;892,3;;19,9;12,8;21,8;19,8;12,8;11,9;64;53;64;85;3,4;2,5;
2024/06/08;0000 UTC;0;893;893;892,5;;19,7;12,9;20,4;19,5;12,9;12,8;65;62;65;90;4,3;2,6;
2024/06/08;0100 UTC;0;893,2;893,2;893;;19,3;13;19,8;19,2;13;12,8;67;65;67;98;5,9;3,5;
2024/06/08;0200 UTC;0;893,2;893,2;893,2;;19;13,1;19,3;18,8;13,1;12,9;69;67;69;96;5,7;3,2;
2024/06/08;0300 UTC;0;893,2;893,2;893,2;;18,3;13,2;19;18,3;13,2;13;72;68;72;99;6,3;3,6;
2024/06/08;0400 UTC;0;892,9;893,2;892,9;;18,1;13,4;18,4;18;13,4;13,2;74;72;74;96;6,3;3,4;
2024/06/08;0500 UTC;0;892,5;892,9;892,5;;18;13,4;18,3;17,9;13,4;13,3;75;73;74;99;6;3,2;
2024/06/08;0600 UTC;0;892,1;892,5;892,1;;17,8;13,3;18;17,7;13,4;13,2;75;74;75;100;6,9;3,8;
2024/06/08;0700 UTC;0;892;892,2;892;;17,4;13,3;17,8;17,3;13,4;13,2;77;75;77;94;7,3;3,6;
2024/06/08;0800 UTC;0;892,4;892,5;892;;16,9;13,3;17,4;16,9;13,3;13,2;79;77;79;94;6,8;4;
2024/06/08;0900 UTC;0;892,9;892,9;892,4;;16,6;13,2;17;16,6;13,3;13,2;81;79;81;85;8;3,6;
2024/06/08;1000 UTC;0;893,4;893,4;892,9;28,3;16,8;13,4;16,8;16,2;13,5;13,1;83;81;81;85;7,1;3,7;
2024/06/08;1100 UTC;0;894,1;894,2;893,3;520,9;18,6;14,2;18,6;16,8;14,2;13,4;81;75;76;86;6,5;2,8;
2024/06/08;1200 UTC;0;894,5;894,6;894,1;1288,2;20,3;14,3;20,5;18,6;14,6;13,9;76;68;68;65;9,1;4,8;
2024/06/08;1300 UTC;0;894,7;894,8;894,5;1989,7;22,7;14,4;22,7;20,3;14,8;14;68;60;60;80;9,7;4,4;
2024/06/08;1400 UTC;0;894,6;894,9;894,5;2282,8;23,8;12,9;24,2;22,4;14,3;12,9;60;51;51;55;11,4;5,2;
2024/06/08;1500 UTC;0;893,8;894,6;893,8;2849,3;24,8;12,2;25,3;23,6;13,3;11,2;52;42;45;65;8,8;3,8;
2024/06/08;1600 UTC;0;893;893,9;893;2962;25,7;11,9;26,3;24,5;13,2;11,1;47;41;42;63;8;3,6;
2024/06/08;1700 UTC;0;892,3;893;892,2;2414,5;26,3;11,3;26,6;24,3;12,3;10,9;46;39;39;100;8;2,8;
2024/06/08;1800 UTC;0;891,7;892,3;891,6;2231,6;25,8;10,9;26,4;25,3;12;10,4;42;37;39;64;6,7;3;
2024/06/08;1900 UTC;0;891,4;891,7;891,4;1627,1;25,4;11,5;26,4;25,3;11,7;10,6;42;38;42;51;6,6;2,7;
2024/06/08;2000 UTC;0;891,6;891,6;891,4;850,5;24,4;11,6;25,6;24,4;11,8;10,7;45;40;45;48;5,9;3,1;
2024/06/08;2100 UTC;0;891,9;892;891,6;186;22;12,2;24,4;21,9;12,4;11,5;54;44;54;74;4,9;1,6;
2024/06/08;2200 UTC;0;892,4;892,4;891,9;;21;12,6;22;21;12,6;12,2;59;54;58;82;3,2;2,1;
2024/06/08;2300 UTC;0;892,7;892,7;892,4;;21,1;12,5;21,5;20,9;12,7;12,4;59;57;58;87;3,5;2,5;
2024/06/09;0000 UTC;0;893,3;893,3;892,7;;19,4;12,5;21,3;19,2;12,6;12,3;65;57;64;78;3,7;2,2;
2024/06/09;0100 UTC;0;893,5;893,6;893,3;;19,4;12,1;20,4;19,3;12,6;12;65;59;63;79;4,2;2,5;
2024/06/09;0200 UTC;0;893,3;893,6;893,3;;19,2;12,3;19,4;18,9;12,3;12,1;65;63;64;93;5,2;3;
2024/06/09;0300 UTC;0;892,9;893,3;892,9;;18,7;12,5;19,2;18,6;12,5;12,2;67;64;67;96;5,4;3,3;
2024/06/09;0400 UTC;0;892,4;892,9;892,4;;18,4;12,6;18,7;18,2;12,6;12,4;69;67;69;100;5,7;3,5;
2024/06/09;0500 UTC;0;891,9;892,4;891,9;;17,6;12,5;18,5;17,6;12,7;12,5;72;69;72;84;5,7;2,7;
2024/06/09;0600 UTC;0;891,4;891,9;891,4;;17,3;12,4;17,7;17,2;12,6;12,4;74;72;73;90;5,3;3,1;
2024/06/09;0700 UTC;0;891,2;891,4;891,1;;17,4;12,2;17,7;17,2;12,4;12,1;73;70;71;92;6;3,5;
2024/06/09;0800 UTC;0;891,3;891,3;891,2;;17,1;12,4;17,5;16,9;12,4;12,2;74;71;74;90;7,8;3,5;
2024/06/09;0900 UTC;0;891,6;891,6;891,3;;16,8;12,2;17,1;16,8;12,4;12,2;75;73;74;86;6,8;3,7;
2024/06/09;1000 UTC;0;892,1;892,1;891,5;27;16,5;12,4;16,8;16,4;12,4;12,2;77;74;77;85;6,3;3,7;
2024/06/09;1100 UTC;0;892,9;892,9;892,1;515,2;17,9;12,8;18;16,5;13;12,4;76;72;72;80;7,3;3,9;
2024/06/09;1200 UTC;0;893,6;893,6;892,9;1302,2;20;12,9;20;17,9;13,1;12,7;72;63;63;91;8,7;4,8;
2024/06/09;1300 UTC;0;893,8;893,8;893,6;1967,7;22,1;12,6;22,3;20;13,2;12,6;64;55;55;105;7,8;4,2;
2024/06/09;1400 UTC;0;893,7;893,8;893,7;2391,1;23,1;12,2;23,7;21,9;13,3;12,2;56;49;50;86;7,3;3,5;
2024/06/09;1500 UTC;0;893;893,7;893;2712,2;25,9;12;26;23,1;13,1;11,2;51;42;42;73;6,6;2,3;
2024/06/09;1600 UTC;0;892,1;893;892,1;2769,5;25,5;10,7;26,3;24,7;11,8;10,4;44;38;39;58;7,1;2,7;
2024/06/09;1700 UTC;0;890,9;892,1;890,9;2590,5;26,4;9,6;26,9;25;11,3;8,6;41;33;35;7;7,1;1,5;
2024/06/09;1800 UTC;0;890,3;890,9;890,3;2217,1;26,6;8,4;27,1;25,9;11,3;8,4;40;32;32;33;6;1,2;
2024/06/09;1900 UTC;0;890;890,3;890;1609;26,5;10,5;26,9;26;10,8;7,7;38;30;37;87;5,6;2,5;
2024/06/09;2000 UTC;0;889,9;890,1;889,9;831,9;25;8,9;26,5;25;10,5;8,5;37;34;36;91;5,2;2,9;
2024/06/09;2100 UTC;0;890,3;890,3;889,9;172;22,7;11,2;25;22,7;11,2;8,5;48;35;48;96;5;1,6;
2024/06/09;2200 UTC;0;891;891;890,3;;21,1;11,4;22,7;20,5;11,6;11,2;56;48;54;93;3,6;2,2;
2024/06/09;2300 UTC;0;891,4;891,4;891;;20,4;10,7;21,2;20,4;11,4;10,7;54;52;54;87;4,4;2,9;
2024/06/10;0000 UTC;0;891,7;891,7;891,4;;19,4;11,9;20,5;19,3;11,9;10,7;62;54;62;90;6;3,2;
2024/06/10;0100 UTC;0;892,1;892,1;891,8;;18,4;11,8;19,4;18,4;11,9;11,7;65;61;65;82;6,2;3,7;
2024/06/10;0200 UTC;0;891,9;892,2;891,9;;17,9;11,7;18,8;17,9;11,9;11,7;67;64;67;84;5,7;2,9;
2024/06/10;0300 UTC;0;891,7;891,9;891,7;;17,5;11,8;17,9;17,2;11,9;11,7;70;67;69;97;5;3;
2024/06/10;0400 UTC;0;891,5;891,8;891,5;;16,7;11,9;17,6;16,3;12;11,7;75;69;73;91;4,8;2,3;
2024/06/10;0500 UTC;0;891;891,5;891;;16,7;11,9;17,1;16,5;12,1;11,9;74;73;73;101;4,4;2,7;
2024/06/10;0600 UTC;0;890,5;891;890,5;;16,5;11,5;16,8;16,5;11,8;11,5;73;72;72;94;4,3;2,4;
2024/06/10;0700 UTC;0;890,4;890,6;890,4;;16;11;16,7;15,7;11,6;11;74;72;72;86;4,2;2,4;
2024/06/10;0800 UTC;0;890,5;890,5;890,2;;16,1;10,8;16,4;15,2;11;10,7;75;70;71;89;4,4;2,7;
2024/06/10;0900 UTC;0;891;891;890,5;;15,7;11,4;16,3;15,7;11,5;10,6;76;70;76;84;5,1;3,1;
2024/06/10;1000 UTC;0;891,3;891,3;891;24,7;15,2;12,3;15,7;14,7;12,4;11,3;84;76;83;76;4,7;2,7;
2024/06/10;1100 UTC;0;891,9;891,9;891,3;510,3;18;13,3;18;15,2;13,5;12,3;83;74;74;74;5,8;3,6;
2024/06/10;1200 UTC;0;892,8;892,8;891,9;1312,5;20,7;13,4;20,7;18;13,9;13,2;74;63;63;63;8;4,2;
2024/06/10;1300 UTC;0;893;893,1;892,8;2026,4;22,2;12,6;22,7;20,7;13,6;12,5;64;54;54;78;8;4,1;
2024/06/10;1400 UTC;0;892,8;893,1;892,8;2496,5;24;11,3;24,3;21,9;13;10,9;55;44;45;36;7,7;2,4;
2024/06/10;1500 UTC;0;892,4;892,8;892,4;2754,5;25,6;7,6;25,6;23,7;11,8;6,8;47;31;32;3;8,2;3,1;
2024/06/10;1600 UTC;0;891,4;892,4;891,4;2833,2;25,4;10,5;25,7;24,2;11,6;6,7;44;31;39;358;6,7;2,5;
2024/06/10;1700 UTC;0;890,8;891,4;890,8;2657,1;25,2;9,5;25,7;24,4;11,1;8,9;43;36;37;303;6,2;1,8;
2024/06/10;1800 UTC;0;890,3;890,8;890,3;2243;25,7;11;26,3;25;11,3;8,3;40;34;40;338;5,2;2,6;
2024/06/10;1900 UTC;0;890,2;890,3;890,1;1674,8;25,5;11,4;26,1;25,1;11,6;10,9;42;39;41;344;6,1;2,3;
2024/06/10;2000 UTC;0;890,2;890,2;890,1;936,6;25,1;11,9;25,9;25,1;12,3;11;44;41;44;345;5,1;1,9;
2024/06/10;2100 UTC;0;890,5;890,5;890,1;175,3;22,2;12,5;25,1;22,2;12,5;11,7;54;44;54;28;3,8;,1;
2024/06/10;2200 UTC;0;890,9;890,9;890,5;;21,2;12,3;22,2;21,2;12,7;12,3;57;54;57;81;3,1;2,3;
2024/06/10;2300 UTC;0;891,1;891,1;890,9;;20,8;12,4;21,2;20,4;12,5;12,3;60;57;59;95;3,5;2,1;
2024/06/11;0000 UTC;0;891,5;891,5;891,1;;20,5;12,2;21;20,5;12,4;12,2;59;58;59;102;3,9;2,2;
2024/06/11;0100 UTC;0;891,8;891,8;891,5;;19,4;11,8;20,7;19,3;12,2;11,5;62;56;62;89;4,6;2,7;
2024/06/11;0200 UTC;0;891,7;891,8;891,6;;18,9;13;19,6;18,3;13,1;11,8;70;61;68;83;5,6;3,2;
2024/06/11;0300 UTC;0;891,5;891,7;891,5;;19,1;13,2;19,2;18,8;13,4;13;70;68;69;86;5,5;3,5;
2024/06/11;0400 UTC;0;891,5;891,5;891,4;;19;13,4;19,1;18,7;13,5;13,2;71;69;70;89;5,3;2,7;
2024/06/11;0500 UTC;0;890,9;891,5;890,9;;18,9;13,5;20,6;18,8;13,7;13,3;71;64;71;87;6,3;2,8;
2024/06/11;0600 UTC;0;890,8;891;890,7;;18,2;13,4;19;17,8;13,6;13,2;75;71;73;113;5,3;1;
2024/06/11;0700 UTC;0;891,1;891,1;890,7;;18,2;13,5;18,5;17,9;13,6;13,3;75;73;74;138;5,3;1,2;
2024/06/11;0800 UTC;0;891,2;891,2;891;;17,1;13,3;18,3;16,9;13,8;13;79;73;78;141;3,3;,5;
2024/06/11;0900 UTC;0;891,5;891,5;891,2;;17,3;13,4;17,6;16,8;13,6;13,1;80;77;78;109;4,4;1;
2024/06/11;1000 UTC;0;892;892;891,5;27,7;18,1;13,6;18,1;17,2;13,6;13,3;78;75;75;96;6,5;2,9;
2024/06/11;1100 UTC;0;892,7;892,7;892;498,1;19,7;14;19,7;18,1;14,1;13,6;75;69;69;85;8,6;4,9;
2024/06/11;1200 UTC;0;893,1;893,2;892,7;1273,2;21,2;14,3;21,4;19,7;14,5;14;70;64;65;79;9,5;5,9;
2024/06/11;1300 UTC;0;893,4;893,4;893;1980,9;22,9;14,4;23,1;21,2;14,7;14,1;65;58;58;92;10,9;6,5;
2024/06/11;1400 UTC;0;893,3;893,5;893,2;2491,4;24,2;13,3;24,7;22,7;14,7;13,3;59;50;51;90;10,9;5,7;
2024/06/11;1500 UTC;0;892,7;893,3;892,7;2780;25,3;11,1;26,2;24,1;14,4;10;52;37;41;70;9,8;3,4;
2024/06/11;1600 UTC;0;892,1;892,8;892;2209,1;25,5;12,9;26,7;24,5;12,9;10,9;47;40;46;81;7,2;3,2;
2024/06/11;1700 UTC;0;891,1;892,1;891,1;2586,2;26,3;12;26,6;25,1;13,1;11,8;46;40;41;115;7,9;2,7;
2024/06/11;1800 UTC;0;890,9;891,1;890,8;2107,9;26,1;11,5;27;25,4;12,2;10,9;42;38;40;77;8;4,4;
2024/06/11;1900 UTC;0;891,1;891,1;890,8;1228,7;26,2;12,4;27,1;25;12,4;10,9;45;38;42;107;7,3;2,1;
2024/06/11;2000 UTC;0;891;891,1;890,9;556,4;24,2;12;26,3;24,2;12,5;11,8;48;41;46;82;6,4;2,4;
2024/06/11;2100 UTC;0;891,3;891,3;891;77,1;22,5;11,6;24,3;22,4;12,2;11,6;52;46;50;89;4,7;2,5;
2024/06/11;2200 UTC;0;891,7;891,7;891,3;;21,3;12;22,5;21,2;12,1;11,6;56;50;56;92;4,1;2,4;
2024/06/11;2300 UTC;0;891,8;891,8;891,7;;21;12,3;21,5;20,7;12,3;12;58;55;58;91;4,1;2,5;
2024/06/12;0000 UTC;0;892,4;892,4;891,8;;20,1;12,7;21;20;12,8;12,3;63;58;63;95;4,5;2;
2024/06/12;0100 UTC;0;892,6;892,6;892,4;;20;13;20,4;20;13,2;12,7;65;62;64;100;5,5;3,1;
2024/06/12;0200 UTC;0;892,4;892,6;892,4;;19,3;13;20;19,2;13;12,9;67;64;67;97;6,6;3,6;
2024/06/12;0300 UTC;0;892,1;892,4;892,1;;18,8;12,8;19,4;18,8;13;12,8;69;66;68;85;6,6;3;
2024/06/12;0400 UTC;0;891,8;892,1;891,8;;18,6;12,6;18,9;18,4;12,9;12,6;69;68;68;90;5,6;3,1;
2024/06/12;0500 UTC;0;891,2;891,8;891,2;;18,5;12,6;18,8;18,4;12,7;12,5;69;68;68;88;5,8;3,3;
2024/06/12;0600 UTC;0;890,9;891,2;890,9;;18;12,4;18,5;18;12,6;12,4;70;68;70;98;6,1;2,8;
2024/06/12;0700 UTC;0;890,9;890,9;890,8;;17,7;12,3;18;17,4;12,4;12,3;72;70;71;91;4,8;2,8;
2024/06/12;0800 UTC;0;891;891,1;890,9;;17;12,2;17,7;16,9;12,4;12,1;74;71;73;85;4,8;2,9;
2024/06/12;0900 UTC;0;891,2;891,3;891;;16,4;11,3;17;16,3;12,2;11,3;75;72;72;85;4,6;2,8;
2024/06/12;1000 UTC;0;891,8;891,8;891,2;24;16,6;10,8;16,6;16,1;11,4;10,7;72;68;68;90;4,2;2,6;
2024/06/12;1100 UTC;0;892,5;892,5;891,8;496,2;18,3;11,3;18,3;16,6;11,5;10,8;68;64;64;95;5,2;3;
2024/06/12;1200 UTC;0;892,8;892,8;892,5;1290,4;21,5;10,3;21,5;18,3;11,4;9,6;64;48;49;69;6,2;3,3;
2024/06/12;1300 UTC;0;893,1;893,1;892,8;2006,8;22,7;8,7;22,9;21,3;10,1;8,2;49;39;41;100;8,6;4,1;
2024/06/12;1400 UTC;0;892,8;893,2;892,8;2510,2;24,1;7,5;24,2;22,4;9,7;6,6;43;33;35;75;8,9;3,6;
2024/06/12;1500 UTC;0;892,2;892,8;892,2;2762,1;24,4;7,3;24,9;23,5;8,6;6,5;37;32;33;77;8;3,6;
2024/06/12;1600 UTC;0;891,3;892,2;891,2;2831;25,3;7,5;25,8;24,3;8,3;5,9;35;29;32;84;9,1;3,9;
2024/06/12;1700 UTC;0;890,5;891,3;890,4;2662;25,8;7,2;26,3;25,1;7,7;5,9;32;28;31;65;9,1;3,5;
2024/06/12;1800 UTC;0;889,9;890,5;889,9;2255,6;25,9;6,3;26,5;25,4;6,8;4,6;30;25;28;79;7,5;3;
2024/06/12;1900 UTC;0;890;890;889,9;1622,7;25,5;5,3;26,5;25,2;6,5;3,7;29;24;27;98;8,9;3,3;
2024/06/12;2000 UTC;0;890,2;890,2;889,9;878,8;24;4,9;25,6;24;5,7;4,1;29;27;29;94;8;3,5;
2024/06/12;2100 UTC;0;890,4;890,4;890,2;169;21,3;5,3;24;21,3;5,3;4,5;35;29;35;86;6,8;2,5;
2024/06/12;2200 UTC;0;890,8;890,8;890,4;;20,3;7;21,3;20,1;7,1;5,4;43;35;42;101;4,5;2,5;
2024/06/12;2300 UTC;0;890,9;890,9;890,8;;19,3;7,2;20,3;19,1;7,2;6,7;46;41;45;94;5,4;2,9;
2024/06/13;0000 UTC;0;891,3;891,3;890,9;;18,1;8,1;19,3;18,1;8,1;7,2;52;45;52;86;5;2,7;
2024/06/13;0100 UTC;0;891,6;891,6;891,3;;17,6;8,7;18,3;17,6;8,7;8,1;56;52;56;95;5,2;2,8;
2024/06/13;0200 UTC;0;891,3;891,6;891,3;;17,5;8,9;17,7;17;9,1;8,7;59;56;57;95;4,4;2,9;
2024/06/13;0300 UTC;0;891,1;891,3;891,1;;16,9;8,7;17,5;16,4;9;8,7;61;57;59;86;4,8;2,9;
2024/06/13;0400 UTC;0;891,1;891,2;891,1;;15,9;8,7;16,9;14,4;8,9;8,5;68;59;63;72;4,8;1,7;
2024/06/13;0500 UTC;0;891;891,1;891;;17;8,8;17;15,7;9;8,7;63;58;58;103;3,9;1,9;
2024/06/13;0600 UTC;0;890,5;891;890,5;;15,4;8,9;17;15,3;9,1;8,7;65;58;65;65;4,4;,6;
2024/06/13;0700 UTC;0;890,4;890,5;890,3;;15,5;9,8;15,9;15,3;9,8;9;69;65;69;73;4,2;2,7;
2024/06/13;0800 UTC;0;890,4;890,4;890,3;;16,6;10,3;16,7;15,4;10,3;9,7;69;66;67;79;5,5;2,8;
2024/06/13;0900 UTC;0;890,9;890,9;890,4;;16,9;10,5;17,2;16,5;10,6;10,3;67;65;66;82;6,3;3,8;
2024/06/13;1000 UTC;0;891,3;891,3;890,9;24,6;17;11,1;17,2;16,7;11,1;10,3;68;64;68;70;8,7;5;
2024/06/13;1100 UTC;0;891,8;891,9;891,3;497,7;18,7;12,1;18,7;17;12,1;11,1;69;65;65;42;8,7;3,1;
2024/06/13;1200 UTC;0;892,2;892,3;891,8;1264,1;20,7;12,5;20,9;18,7;13,1;12,1;65;59;59;47;11,9;7,5;
2024/06/13;1300 UTC;0;892,4;892,5;892,2;1971,5;22,8;12,8;22,8;20,5;13,2;12,5;61;53;53;39;11,9;5;
2024/06/13;1400 UTC;0;892;892,4;892;2490,9;23,3;12,7;23,9;22,1;13,2;12,3;55;50;51;42;12,8;6,4;
2024/06/13;1500 UTC;0;891,6;892,1;891,6;2674,2;23,7;13,1;24,7;22,7;13,7;12,6;55;49;52;22;11,9;3,9;
2024/06/13;1600 UTC;0;890,9;891,6;890,9;2537,9;24,9;12,8;25,6;23,5;13,6;12,2;52;45;47;54;9,6;3,9;
2024/06/13;1700 UTC;0;890,3;890,9;890,3;2138,2;24,8;12,5;26;23,8;13,3;11,5;50;42;46;25;9,4;4,1;
2024/06/13;1800 UTC;0;889,9;890,3;889,9;1299,5;24,1;12;25,6;23,9;13,1;11,7;50;44;47;52;8,7;4,1;
2024/06/13;1900 UTC;0;889,9;889,9;889,7;1380,4;24,2;11,5;25,7;24;12,8;10,9;48;41;45;38;8,9;4,5;
2024/06/13;2000 UTC;0;889,9;890;889,8;928,8;24;11,4;25;24;12;10,9;46;42;45;25;8,9;2,5;
2024/06/13;2100 UTC;0;890,2;890,2;889,9;171,6;20,9;12;24;20,9;12;11,2;56;45;56;67;6,1;1;
2024/06/13;2200 UTC;0;890,6;890,6;890,2;;20,2;12,2;21,4;20,2;12,3;12;60;56;60;93;3,4;1,8;
2024/06/13;2300 UTC;0;891;891;890,6;;19,9;12,4;20,2;19,6;12,4;12,2;63;60;62;88;3,7;1,9;
2024/06/14;0000 UTC;0;891,2;891,2;891;;19;13,7;19,9;18,9;13,7;12,5;71;62;71;73;4,5;2,1;
2024/06/14;0100 UTC;0;891,2;891,2;891,1;;19,1;13,4;20;19;13,9;13,4;71;67;70;72;6,4;2,5;
2024/06/14;0200 UTC;0;890,9;891,2;890,9;;18,7;13,2;19,3;18,7;13,5;13,2;70;68;70;74;5,5;3;
2024/06/14;0300 UTC;0;890,8;890,9;890,7;;18,9;13,1;18,9;18,5;13,2;13;70;69;69;83;7,5;4,4;
2024/06/14;0400 UTC;0;890,9;890,9;890,8;;18,5;12,9;18,9;18,3;13,1;12,9;71;69;70;73;7,5;3,9;
2024/06/14;0500 UTC;0;891;891,1;890,9;;18,2;12,5;18,6;18,2;13;12,5;70;68;69;77;7,6;3,1;
2024/06/14;0600 UTC;0;891,1;891,1;891;;17,3;12,5;18,2;15,9;12,6;12,1;79;70;73;79;5,7;2;
2024/06/14;0700 UTC;0;890,8;891,1;890,8;;17,1;12,5;17,8;16,7;12,6;12,2;75;71;74;78;7;2,4;
2024/06/14;0800 UTC;0;891,1;891,1;890,8;;16,9;12,1;17,5;16,7;12,6;12,1;74;72;74;91;6,9;2,1;
2024/06/14;0900 UTC;0;891,4;891,4;891,1;;15,7;11,7;16,9;14,8;12,2;11,4;82;73;77;65;4,2;1,8;
2024/06/14;1000 UTC;0;891,8;891,8;891,4;24,1;16,7;12,1;16,7;15;12,2;11,5;80;74;74;87;5,2;2,5;
2024/06/14;1100 UTC;0;892,7;892,7;891,8;492,3;18,9;12,5;18,9;16,7;12,5;12;74;66;66;84;6,4;1,7;
2024/06/14;1200 UTC;0;893,2;893,2;892,7;1265,6;20,2;12,8;20,3;18,6;12,8;12,1;67;61;62;83;8,2;4,4;
2024/06/14;1300 UTC;0;893,3;893,4;893,2;1974;23,2;12,8;23,4;20,2;13,1;12,2;62;52;52;74;7,6;3,4;
2024/06/14;1400 UTC;0;892,9;893,3;892,9;1901,2;24,4;9,7;24,8;22,7;12,5;9,7;53;39;39;40;10,1;3,3;
2024/06/14;1500 UTC;0;892,2;892,9;892,2;2052,1;25,7;8,3;25,7;23,3;10,7;6,8;44;31;33;20;8,8;3,8;
2024/06/14;1600 UTC;0;891,4;892,2;891,4;2864,8;25,4;8,5;26,4;24,4;9,1;7,4;37;32;34;5;8,5;3,7;
2024/06/14;1700 UTC;0;890,6;891,4;890,6;2420,5;26,6;9,3;26,6;24,7;9,5;8,4;37;33;34;13;8,6;3,2;
2024/06/14;1800 UTC;0;890,3;890,7;890,3;2309,9;25,6;8,9;26,6;24,8;9,7;8,1;36;32;35;360;7;3,7;
2024/06/14;1900 UTC;0;890,2;890,4;890,1;1680,4;25,2;8,1;26,2;25,2;9,5;8;36;32;34;9;6,7;3,1;
2024/06/14;2000 UTC;0;890,5;890,5;890,2;884,2;24,3;9,5;25,4;24,3;9,5;8;39;34;39;6;5,9;2,7;
2024/06/14;2100 UTC;0;891;891;890,5;166,7;20,6;10,3;24,3;20,6;10,3;9,3;52;39;52;49;5,9;1,3;
2024/06/14;2200 UTC;0;891,3;891,3;891;;20,7;9,2;21,2;20,3;10,4;9,2;52;47;48;87;4,5;2,9;
2024/06/14;2300 UTC;0;891,8;891,8;891,3;;19,1;9,2;20,8;19,1;9,3;9;53;47;53;77;5,2;2,9;
2024/06/15;0000 UTC;0;892,2;892,2;891,8;;19;9,5;19,2;18,1;9,6;9,2;57;53;54;78;4,5;2;
2024/06/15;0100 UTC;0;892;892,2;892;;20;9,4;20,3;18,8;9,6;9,4;55;50;50;77;4,1;1,9;
2024/06/15;0200 UTC;0;892;892,2;892;;18,7;9,6;20;18;9,7;9,3;57;50;56;91;4,4;2,2;
2024/06/15;0300 UTC;0;891,8;892,1;891,8;;17,5;11,1;18,7;17,1;11,2;9,6;67;56;66;60;3,8;2,2;
2024/06/15;0400 UTC;0;891,8;891,9;891,7;;18,1;12,3;18,3;17,4;12,3;11,2;70;66;69;92;4,4;,9;
2024/06/15;0500 UTC;0;891,4;891,8;891,4;;18,6;12,6;18,7;16,6;12,8;11,3;75;68;68;79;4,7;2,7;
2024/06/15;0600 UTC;0;891,2;891,4;891,2;;18,2;12,4;19,2;18,2;12,8;12,4;69;66;69;101;6,2;2,3;
2024/06/15;0700 UTC;0;891,4;891,4;891,2;;18,1;12,4;18,3;17,9;12,5;12,3;70;69;69;99;6;3,4;
2024/06/15;0800 UTC;0;891,7;891,7;891,4;;18,2;12,5;18,2;17,5;12,5;12,3;72;69;69;93;5,8;3,3;
2024/06/15;0900 UTC;0;892,4;892,4;891,7;;17,2;12,3;18,2;17,2;12,5;12,3;73;69;73;81;6,9;3;
2024/06/15;1000 UTC;0;892,9;892,9;892,4;25,4;16,9;12,5;17,2;16,6;12,5;12,2;76;73;75;74;5,8;3,4;
2024/06/15;1100 UTC;0;893,7;893,7;892,9;478,4;18;13,1;18,1;16,9;13,1;12,5;75;72;73;83;9,5;5,3;
2024/06/15;1200 UTC;0;894,3;894,4;893,7;1256;19,3;13,9;19,3;18;13,9;13;73;71;71;86;11,5;6,2;
2024/06/15;1300 UTC;0;894,5;894,6;894,3;1957,7;21,6;14,7;21,6;19;14,7;13,7;71;65;65;85;11,4;5,3;
2024/06/15;1400 UTC;0;894,3;894,5;894,3;2472,5;22,8;14,3;23,7;21,2;14,8;13,9;65;56;59;85;9,5;4,2;
2024/06/15;1500 UTC;0;893,7;894,3;893,7;2761,6;24,5;14,1;24,6;22,7;14,7;13,6;59;51;52;103;7,9;3,7;
2024/06/15;1600 UTC;0;892,9;893,7;892,9;3041,9;24,9;13,8;25,5;24;14,3;13;53;47;50;86;8,5;3,6;
2024/06/15;1700 UTC;0;892,2;892,9;892,2;2095,4;24,6;11,9;25,6;23,9;14;11,6;51;44;45;99;6,7;3,5;
2024/06/15;1800 UTC;0;891,6;892,2;891,6;2082,9;25,1;12,5;26,1;24,1;12,7;11,2;48;41;45;97;7;3,2;
2024/06/15;1900 UTC;0;891,4;891,6;891,4;1601,5;24,5;12;25,7;24,2;12,5;10,6;47;39;45;82;7,1;3,5;
2024/06/15;2000 UTC;0;891,5;891,5;891,4;718;24,1;11,9;24,8;23,6;12,6;11,7;50;44;47;90;7,2;2,5;
2024/06/15;2100 UTC;0;891,6;891,6;891,5;170,5;21,7;12,4;24,1;21,7;12,4;11,7;56;46;56;84;5,4;2;
2024/06/15;2200 UTC;0;891,8;891,8;891,6;;21,2;12,1;21,8;20,6;12,5;12;59;56;56;85;4;1,7;
2024/06/15;2300 UTC;0;892,2;892,2;891,8;;20,2;12,4;21,3;20,2;12,5;11,9;61;56;61;85;4,2;1,7;
2024/06/16;0000 UTC;0;892,3;892,3;892,2;;19,4;13,2;20,4;17,8;13,3;12,2;72;61;67;66;5,5;2,4;
2024/06/16;0100 UTC;0;892,3;892,5;892,3;;17,8;12,5;19,4;17,8;13;12,5;72;67;71;74;5,5;2,2;
2024/06/16;0200 UTC;0;892,3;892,4;892,3;;18,8;11,3;19;17,7;12,6;11,3;71;61;61;85;6,2;3,2;
2024/06/16;0300 UTC;0;892,2;892,3;892,2;;18,3;10,6;19;18,1;11,2;10,6;62;60;61;87;6,2;2,6;
2024/06/16;0400 UTC;0;892;892,2;892;;18,5;9;18,7;18,1;10,6;8,9;61;53;54;83;7;2,8;
2024/06/16;0500 UTC;0;891,7;892;891,7;;16,4;9,1;18,9;16;9,2;8,8;64;53;62;38;5,7;0;
2024/06/16;0600 UTC;0;891,1;891,7;891,1;;17,8;8,2;17,8;15,8;9,1;7,9;64;53;54;81;6;1,9;
2024/06/16;0700 UTC;0;890,7;891,2;890,7;;16,3;8,6;17,9;16,3;9;8,1;60;54;60;59;5,3;0;
2024/06/16;0800 UTC;0;890,9;890,9;890,7;;16,6;9,4;16,7;15,9;9,6;8,5;64;60;62;36;4,1;2,2;
2024/06/16;0900 UTC;0;891,2;891,2;890,8;;16,7;9;17,9;16,2;9,4;8,7;64;56;60;73;7,3;,3;
2024/06/16;1000 UTC;0;891,6;891,6;891,1;23,7;16,5;9,9;16,7;15,5;10,1;8,8;66;60;65;83;7;2,2;
2024/06/16;1100 UTC;0;892,3;892,3;891,6;501,1;18,1;10,8;18,1;16,4;11,1;9,8;66;62;62;57;7,2;2,1;
2024/06/16;1200 UTC;0;892,7;892,7;892,2;1283;20,2;11,6;20,2;18,1;11,7;10,8;63;58;58;62;8,4;3,7;
2024/06/16;1300 UTC;0;892,7;892,8;892,6;2005,7;21,4;10,2;21,8;19,9;11,6;10,2;58;49;49;65;9,9;5,8;
2024/06/16;1400 UTC;0;892,6;892,8;892,5;2518,7;22,6;11;23;20,9;11,1;10;52;46;48;68;11;3,7;
2024/06/16;1500 UTC;0;891,8;892,6;891,8;2759,7;23,7;11;23,8;22,1;11,8;10;50;43;45;78;8,9;2,9;
2024/06/16;1600 UTC;0;890,8;891,8;890,8;2836,1;24,6;10,6;24,7;23;10,9;9,4;46;40;41;82;7,9;2,7;
2024/06/16;1700 UTC;0;890;890,8;890;2651,6;24,9;10,2;25,5;24,4;10,9;9,5;42;38;39;91;10,3;3,7;
2024/06/16;1800 UTC;0;889,5;890;889,4;2251,9;25,2;9,7;25,6;24,7;10,2;9,1;39;36;37;104;7,1;3,3;
2024/06/16;1900 UTC;0;889,4;889,5;889,3;1642,2;25;9,4;25,6;24,7;10,1;8,7;39;35;37;90;7,5;2,8;
2024/06/16;2000 UTC;0;889,6;889,6;889,3;902,7;23,4;8;25,2;23,4;10;8;40;36;37;89;7,4;3,4;
2024/06/16;2100 UTC;0;890,1;890,1;889,6;178,7;21,2;8,1;23,5;21,2;8,5;7,1;43;36;43;87;5,9;2,6;
2024/06/16;2200 UTC;0;890,3;890,3;890,1;;19,6;8,5;21,2;19,6;8,5;8,1;49;43;49;88;4,1;2,8;
2024/06/16;2300 UTC;0;890,5;890,5;890,3;;18,3;9;19,7;18,3;9;8,6;54;49;54;94;4,5;2,4;
2024/06/17;0000 UTC;0;890,5;890,6;890,5;;17,2;9,2;18,6;17,2;9,3;9;60;54;60;84;4,5;3,1;
2024/06/17;0100 UTC;0;890,6;890,6;890,4;;16,3;9,1;17,3;15,8;9,4;9,1;65;60;62;77;4,5;2,6;
2024/06/17;0200 UTC;0;890,5;890,7;890,5;;17,1;9;17,2;16;9,2;8,9;64;59;59;90;5,5;3,1;
2024/06/17;0300 UTC;0;890,5;890,5;890,4;;16,7;9;17,3;16,6;9;8,9;60;58;60;87;6,1;3,4;
2024/06/17;0400 UTC;0;890,3;890,5;890,3;;16,5;8,8;16,7;16,1;9;8,8;62;60;60;83;5,3;3,4;
2024/06/17;0500 UTC;0;889,9;890,3;889,9;;15,7;8,3;16,7;15,7;8,9;8,3;63;59;62;70;5,5;1,9;
2024/06/17;0600 UTC;0;889,5;889,9;889,5;;15,3;8,7;15,7;13,5;8,7;8,1;71;62;65;73;4,2;2,5;
2024/06/17;0700 UTC;0;889,4;889,5;889,3;;15,1;8,4;16;15,1;8,7;8,4;65;62;64;80;4,6;3,1;
2024/06/17;0800 UTC;0;889,6;889,6;889,3;;12,9;8,7;15,1;12,5;8,7;7,5;76;65;75;157;4,3;0;
2024/06/17;0900 UTC;0;889,8;889,8;889,6;;14,4;8,5;14,4;12,1;8,8;8;77;68;68;98;3,6;2,1;
2024/06/17;1000 UTC;0;890,2;890,3;889,8;22,6;14,2;8,5;14,6;12,4;8,6;7,9;77;66;68;91;3,6;1,5;
2024/06/17;1100 UTC;0;890,8;890,8;890,2;495;17,1;10,1;17,1;14,3;10,1;8,4;68;63;63;58;6,6;3,5;
2024/06/17;1200 UTC;0;891,1;891,1;890,8;1278,1;19,7;9,8;19,8;17,2;10,4;9,6;63;52;53;64;10;4,7;
2024/06/17;1300 UTC;0;891;891,2;891;1990,9;22,2;8,9;22,5;19,7;10,1;8,1;53;41;43;57;9,1;4,8;
2024/06/17;1400 UTC;0;891;891,1;891;2500,5;22,5;9,2;23,1;21,8;9,7;8,2;45;41;43;2;8,3;3,2;
2024/06/17;1500 UTC;0;890,4;891;890,4;2766,8;23,9;7,4;24;22,5;9,4;6,8;43;35;35;4;7,1;2,6;
2024/06/17;1600 UTC;0;889,7;890,5;889,7;2833,9;23,8;6,4;24,6;23,3;7,5;5,6;36;31;33;346;6;1,7;
2024/06/17;1700 UTC;0;888,6;889,7;888,6;2656,9;24,9;6,3;25,6;23,9;7,1;5,7;33;29;30;125;4,9;,6;
2024/06/17;1800 UTC;0;888,2;888,6;888,1;2236,7;25,1;5,5;26,5;24,4;7,3;5,4;32;27;28;172;4,7;2,5;
2024/06/17;1900 UTC;0;887,9;888,2;887,9;1623,7;25,7;4,6;26,7;25,1;6,3;4,2;29;24;26;199;4,7;,8;
2024/06/17;2000 UTC;0;887,9;887,9;887,8;879;24,8;6,5;25,9;24,8;6,9;4,3;31;25;31;178;4,5;1;
2024/06/17;2100 UTC;0;888,3;888,3;887,9;170,4;21,4;8,9;25,1;21,2;9,1;6,3;46;30;45;43;2,6;,1;
2024/06/17;2200 UTC;0;888,6;888,6;888,3;;19,5;8,9;21,4;18,9;9,4;8,7;53;45;50;71;2,3;,6;
2024/06/17;2300 UTC;0;889,1;889,1;888,6;;20;8,4;20,1;19;9;8,3;52;47;47;86;3,4;,4;
2024/06/18;0000 UTC;0;889,4;889,4;889,1;;18,7;9;20,2;18,3;9;8,3;54;47;53;83;4,8;2,7;
2024/06/18;0100 UTC;0;889,6;889,6;889,4;;18,3;9,4;19,2;18,2;9,4;8,9;56;52;56;88;6,6;3,8;
2024/06/18;0200 UTC;0;889,7;889,7;889,5;;17,5;9,4;18,5;17,5;9,6;9,3;59;55;59;81;7,8;4,2;
2024/06/18;0300 UTC;0;889,3;889,7;889,3;;17;9,6;17,7;16,7;9,6;9,4;63;59;62;81;7,9;3,9;
2024/06/18;0400 UTC;0;889,3;889,4;889,2;;16,9;9,6;17,2;16,7;9,7;9,5;63;61;62;84;7,1;3,7;
2024/06/18;0500 UTC;0;888,9;889,3;888,9;;16,5;9,4;17;16,5;9,7;9,4;63;62;63;84;7,3;3,6;
2024/06/18;0600 UTC;0;888,6;888,9;888,6;;16,4;9,3;16,8;16,3;9,5;9,3;63;62;63;84;7;4,1;
2024/06/18;0700 UTC;0;888,6;888,6;888,4;;16,2;9,2;16,5;16,1;9,4;9,1;64;62;63;82;7,9;4,5;
2024/06/18;0800 UTC;0;888,9;888,9;888,6;;15,5;9,1;16,3;15,3;9,2;9;66;63;66;79;8,2;4,2;
2024/06/18;0900 UTC;0;889,3;889,3;888,8;;14,8;8,9;15,5;14,8;9,1;8,9;68;66;68;72;6,7;3,5;
2024/06/18;1000 UTC;0;889,6;889,6;889,3;21,4;14,6;8,5;14,8;13,7;8,9;8,3;71;67;67;73;5,1;2,8;
2024/06/18;1100 UTC;0;890,2;890,2;889,6;500,6;18,5;8,2;18,5;14,6;8,6;8,1;67;51;51;52;5,8;3,7;
2024/06/18;1200 UTC;0;890,9;891;890,3;1277,5;21,1;8;21,3;18,5;9;8;51;43;43;41;10;4,7;
2024/06/18;1300 UTC;0;891,1;891,1;891;1999,2;22;7,4;22,7;21;8,6;7,4;44;39;39;42;11;4,8;
2024/06/18;1400 UTC;0;891;891,2;891;2519,5;23,5;7;23,5;21,9;8;6,2;39;35;35;11;10,1;3,7;
2024/06/18;1500 UTC;0;890,3;891;890,3;2781;23,6;7,3;24,1;22,5;7,4;6,1;36;32;35;19;8,2;3,3;
2024/06/18;1600 UTC;0;889,5;890,3;889,4;2851,5;24,8;7,3;25,1;23,6;7,7;6,4;35;32;33;358;6,6;2,7;
2024/06/18;1700 UTC;0;888,6;889,5;888,6;2667,9;25,4;6,6;25,7;24,1;7,4;6,5;33;30;30;22;6,2;2,2;
2024/06/18;1800 UTC;0;888;888,7;888;2230,6;25,2;6,7;26,4;24,9;7,6;6,1;32;29;31;330;5,5;2,1;
2024/06/18;1900 UTC;0;887,8;888;887,7;1620,4;25,4;7,3;26,1;25;7,5;6,4;32;29;32;21;5,6;2;
2024/06/18;2000 UTC;0;888,1;888,1;887,7;875,2;24,2;7,5;25,7;24,2;7,9;6,7;35;30;34;12;4,8;2,1;
2024/06/18;2100 UTC;0;888,2;888,3;888,1;170,1;20,9;8,5;24,2;20,8;8,7;7,5;45;34;45;45;4;,4;
2024/06/18;2200 UTC;0;888,6;888,6;888,2;;18,5;8,1;20,9;18,5;8,6;7,5;51;43;51;67;3,3;2,6;
2024/06/18;2300 UTC;0;889;889;888,6;;18,4;8,9;19,1;18,2;8,9;8;54;50;54;72;4,2;2,7;
2024/06/19;0000 UTC;0;889,6;889,6;889;;19,3;9,4;19,3;18,4;9,4;8,9;55;52;53;82;5;1,9;
2024/06/19;0100 UTC;0;889,8;889,8;889,6;;18,3;8,8;19,7;18,1;9,3;8,5;54;50;54;83;3,9;2,4;
2024/06/19;0200 UTC;0;889,8;889,9;889,7;;18,6;9,3;19,3;18;9,3;8,8;55;52;55;87;3,5;2,3;
2024/06/19;0300 UTC;0;889,6;889,8;889,6;;18,1;9,6;18,9;17,5;9,7;9,3;59;54;57;96;3,7;2,1;
2024/06/19;0400 UTC;0;889,6;889,7;889,6;;17,9;9,8;18,6;17,4;9,9;9,4;61;56;59;84;4,2;2,5;
2024/06/19;0500 UTC;0;889,4;889,6;889,4;;18,6;9,4;18,7;17,7;9,9;9,4;60;55;55;88;4,3;2,6;
2024/06/19;0600 UTC;0;889,3;889,4;889,3;;17,9;9;18,6;16,8;9,4;8,5;59;53;56;82;4,1;2,6;
2024/06/19;0700 UTC;0;889,4;889,4;889,2;;17,4;9,1;18,3;17,4;9,2;8,9;58;55;58;90;4,1;2,4;
2024/06/19;0800 UTC;0;889,5;889,5;889,4;;17,6;9,4;17,7;16,8;9,5;9,1;61;58;59;87;4,2;2,7;
2024/06/19;0900 UTC;0;890;890;889,5;;16,6;9,6;17,6;16,6;10,1;9,2;65;59;63;87;4;1,4;
2024/06/19;1000 UTC;0;890,6;890,6;889,9;20,3;15,7;10,4;16,6;15,1;10,5;9,6;72;64;71;91;2,8;,6;
2024/06/19;1100 UTC;0;891,3;891,3;890,6;463,7;19,4;12,1;19,4;15,7;12,3;10,6;71;63;63;121;2,1;0;
2024/06/19;1200 UTC;0;891,9;892;891,3;1220,6;22,4;12,6;22,6;19,4;13,2;11,8;64;54;54;79;4;1,7;
2024/06/19;1300 UTC;0;892;892,1;891,9;1955,6;24,2;11,5;24,4;22,4;13,1;10,7;55;44;45;86;5,9;3,3;
2024/06/19;1400 UTC;0;891,8;892,1;891,8;1745,5;24,6;9,6;25,7;23,3;11,7;6,4;48;32;39;26;7,6;3,5;
2024/06/19;1500 UTC;0;891,2;891,9;891,2;1476;23,9;9,1;25,6;23,8;11;6,8;42;32;39;31;7,6;2,8;
2024/06/19;1600 UTC;0;890,2;891,2;890,2;2425,3;25,5;8,2;26,7;23,9;10,4;7,1;41;32;33;356;7,4;3,1;
2024/06/19;1700 UTC;0;889,4;890,2;889,4;2874,5;27,1;7,9;27,2;25,4;9,5;7,9;35;30;30;338;7,1;1,7;
2024/06/19;1800 UTC;0;888,9;889,4;888,9;1407,8;25,3;8,7;27,4;24,7;10,1;7,5;40;29;35;47;5,3;1;
2024/06/19;1900 UTC;0;888,8;888,9;888,7;1267,9;26,4;9,1;26,4;25;10,4;8,3;40;33;34;338;4,4;1,3;
2024/06/19;2000 UTC;0;889;889;888,8;943,9;24,9;9,4;26,7;24,8;10,1;8,5;39;33;38;80;5,2;1,4;
2024/06/19;2100 UTC;0;889,4;889,4;889;145,5;22,3;10,8;24,9;22,2;10,8;9,4;48;38;48;76;2,9;,8;
2024/06/19;2200 UTC;0;889,7;889,7;889,4;;21;11,4;22,5;20,7;11,6;10,8;56;48;54;82;3,3;2,2;
2024/06/19;2300 UTC;0;890,2;890,2;889,7;;20,5;11,1;21,2;20,4;11,4;11,1;56;53;55;98;5,6;2,4;
2024/06/20;0000 UTC;0;890,6;890,6;890,2;;20,4;11,3;20,7;19,6;11,6;10,7;57;53;56;93;5,6;2,9;
2024/06/20;0100 UTC;0;890,7;890,8;890,6;;19,6;12,7;20,4;19,5;12,7;11,1;65;56;64;93;5,5;2,4;
2024/06/20;0200 UTC;0;890,7;890,8;890,7;;18,9;12,9;19,6;18,8;13;12,6;68;64;68;88;5;2,3;
2024/06/20;0300 UTC;0;890,5;890,8;890,5;;18,5;13,2;19;18,5;13,3;12,9;72;68;72;86;5,3;2,1;
2024/06/20;0400 UTC;0;890,1;890,5;890,1;;18,5;13,3;18,7;18,4;13,5;13,3;72;71;72;93;6,8;3,8;
2024/06/20;0500 UTC;0;889,8;890,1;889,8;;18,1;13,3;18,6;18;13,4;13,2;74;72;74;86;6,2;2,8;
2024/06/20;0600 UTC;0;889,5;889,8;889,5;;18,2;13,3;18,4;18,1;13,4;13,2;74;72;73;93;5,9;3,1;
2024/06/20;0700 UTC;0;889,5;889,5;889,4;;18,4;13,2;18,7;18,1;13,5;13,2;73;71;72;93;6,9;3,3;
2024/06/20;0800 UTC;0;889,7;889,8;889,5;;18,1;13;18,5;18;13,3;13;72;71;72;92;7,7;4,3;
2024/06/20;0900 UTC;0;890,1;890,1;889,7;;17,9;12,6;18,2;17,9;13,1;12,6;73;70;72;90;8,1;4,8;
2024/06/20;1000 UTC;0;890,5;890,5;890,1;28,3;17,7;12,7;17,9;17,4;12,7;12,6;73;71;72;87;7,6;4,3;
2024/06/20;1100 UTC;0;891,2;891,2;890,4;517;18,9;12,9;18,9;17,7;12,9;12,7;72;68;68;90;9,6;5,4;
2024/06/20;1200 UTC;0;891,7;891,7;891,2;1381,2;20,5;12,6;21;18,9;12,9;12,4;68;59;60;84;11,4;6,5;
2024/06/20;1300 UTC;0;891,9;892;891,7;2028,4;22,8;13,1;23;20,5;13,3;12,6;61;53;54;73;11,3;5,7;
2024/06/20;1400 UTC;0;891,8;891,9;891,8;2490,4;24,1;12,2;24,4;22,5;13,7;12,2;56;47;47;75;10,2;5;
2024/06/20;1500 UTC;0;891,2;891,8;891,2;2742,7;25;13;25,4;23,8;13;12,1;49;44;47;84;8,8;4,8;
2024/06/20;1600 UTC;0;890,4;891,2;890,4;2863,2;25,1;12,1;25,8;24,6;13,1;11,1;47;41;44;78;8,5;4,4;
2024/06/20;1700 UTC;0;889,5;890,4;889,5;1823,1;25,6;11,8;26;24;12,2;10,1;46;40;42;67;8,2;2,7;
2024/06/20;1800 UTC;0;889;889,5;889;1831,8;25,3;11,7;26,5;24,1;11,9;10,2;46;37;43;83;7,8;3,4;
2024/06/20;1900 UTC;0;888,9;889;888,9;692,2;23,9;10,9;26;23,8;11,7;10,5;46;40;44;91;6,7;2,6;
2024/06/20;2000 UTC;0;889;889,1;888,9;388,8;23,4;10,2;24,4;23,4;11;10,1;44;41;43;89;5,8;2,6;
2024/06/20;2100 UTC;0;889,1;889,1;888,9;120;21,1;10,4;23,4;21,1;10,6;10,1;50;43;50;65;5,3;1,4;
2024/06/20;2200 UTC;0;889,1;889,1;889;;19,1;10,7;21,1;19;10,9;10,4;59;50;58;89;3;,3;
2024/06/20;2300 UTC;0;889,7;889,7;889,1;;17,8;11,2;19,3;17,6;11,2;10,6;65;58;65;46;2,5;0;
2024/06/21;0000 UTC;0;890,1;890,1;889,7;;19,6;11,3;19,9;17,5;11,4;11,1;66;58;59;74;7;3,9;
2024/06/21;0100 UTC;0;890,5;890,6;890,1;;19,4;11,4;19,7;19,3;11,5;11,3;60;58;60;84;7;3,9;
2024/06/21;0200 UTC;0;890,6;890,7;890,5;;18,5;11,5;19,6;18,5;11,5;11,3;64;59;64;87;6,6;3,6;
2024/06/21;0300 UTC;0;890,6;890,6;890,5;;18;11,5;18,6;17,9;11,5;11,3;66;63;66;86;6,6;4;
2024/06/21;0400 UTC;0;890,4;890,6;890,4;;17,6;11,2;18;17,5;11,5;11,2;67;66;66;84;7,2;3,7;
2024/06/21;0500 UTC;0;889,9;890,4;889,9;;17,5;10,9;17,7;17,3;11,2;10,9;67;65;65;85;7,2;3,5;
2024/06/21;0600 UTC;0;889,3;889,9;889,3;;17,6;10,8;17,8;17,4;10,9;10,7;65;63;64;86;6,4;3,9;
2024/06/21;0700 UTC;0;889,1;889,4;889,1;;17,4;10,7;17,7;17,2;10,9;10,6;66;64;65;89;6,5;3,5;
2024/06/21;0800 UTC;0;889,3;889,3;889,1;;17,2;10,6;17,5;17,1;10,7;10,6;65;64;65;91;6,8;3,6;
2024/06/21;0900 UTC;0;889,5;889,5;889,3;;16,7;10,7;17,4;16,7;10,8;10,5;68;64;68;85;8;4,1;
2024/06/21;1000 UTC;0;889,8;889,8;889,5;19,7;16,6;10,9;16,8;15,9;10,9;10,7;71;68;69;90;7,7;4,3;
2024/06/21;1100 UTC;0;890,6;890,6;889,8;470,4;18,7;11,1;18,7;16,5;11,1;10,8;69;61;61;73;6,8;2,8;
2024/06/21;1200 UTC;0;891,2;891,2;890,6;1237,6;20,9;12,4;20,9;18,7;12,4;10,8;61;58;58;63;9,5;4,3;
2024/06/21;1300 UTC;0;891,4;891,5;891,2;1947,2;22;11,5;22,7;20,8;12,7;11,5;58;50;51;72;10;4,5;
2024/06/21;1400 UTC;0;891,3;891,5;891,3;2414;22,8;11;23,4;22;12,1;9,6;52;42;47;81;10,2;4,2;
2024/06/21;1500 UTC;0;890,7;891,3;890,7;2711,5;24,3;9,8;24,4;22,8;11,4;9,3;48;39;40;50;9,2;4,2;
2024/06/21;1600 UTC;0;889,8;890,7;889,8;2571,3;23,9;10,1;24,7;23,3;10,6;8,2;43;36;42;69;9,9;3,4;
2024/06/21;1700 UTC;0;888,9;889,8;888,9;2130;24;9,4;25,3;23,5;10,3;8,8;42;36;40;77;7,4;3,4;
2024/06/21;1800 UTC;0;888,3;888,9;888,3;1454,5;24,4;9,5;25,4;23,2;9,6;8,1;42;33;39;42;7,6;3,8;
2024/06/21;1900 UTC;0;888,2;888,3;888,2;1690,5;24,6;9,3;25,2;24;9,9;8,5;40;35;38;9;6,6;3,4;
2024/06/21;2000 UTC;0;888,5;888,5;888,2;948,3;23,9;9,7;24,8;23,9;9,8;8,8;41;37;41;32;6,6;2;
2024/06/21;2100 UTC;0;888,8;888,8;888,5;186;20;10,3;23,8;20;10,4;9,6;54;41;54;56;5,2;2;
2024/06/21;2200 UTC;0;889,3;889,3;888,8;;18,1;10,6;20;18;10,7;10,3;62;54;62;36;3,3;,3;
2024/06/21;2300 UTC;0;889,8;889,8;889,3;;19;10,7;19;18;10,8;10,5;62;59;59;77;3,3;1,9;
2024/06/22;0000 UTC;0;890,3;890,3;889,8;;18,7;10,6;19,1;18,6;10,8;10,6;60;58;59;80;3,3;2;
2024/06/22;0100 UTC;0;890,7;890,7;890,3;;18,4;10,8;18,8;17,7;11;10,6;64;59;61;77;2,8;,7;
2024/06/22;0200 UTC;0;890,5;890,7;890,5;;17,8;10,9;18,9;17,7;11;10,7;64;60;64;110;4,1;1,8;
2024/06/22;0300 UTC;0;890,6;890,6;890,5;;18,5;11;18,5;17,6;11,1;10,8;65;61;61;100;4,7;2,5;
2024/06/22;0400 UTC;0;890,3;890,6;890,3;;17;10,6;18,7;17;11;10,6;66;61;66;89;4,3;1,8;
2024/06/22;0500 UTC;0;890,1;890,3;890,1;;17,3;9,7;17,6;17;10,6;9,6;66;60;61;87;4,1;2,7;
2024/06/22;0600 UTC;0;889,8;890,1;889,8;;16,7;9,3;17,3;16,4;9,7;9,3;63;61;62;90;4,2;2,5;
2024/06/22;0700 UTC;0;889,7;889,8;889,6;;16,9;9,3;17,3;16,7;9,3;9,2;62;59;61;78;4,7;1,4;
2024/06/22;0800 UTC;0;890;890;889,7;;16,8;10,2;17,1;15,7;10,3;9,2;67;61;65;61;3,9;1,7;
2024/06/22;0900 UTC;0;890,3;890,3;890;;17,5;10,6;18;16,6;10,8;10,2;67;63;64;44;4,2;1,5;
2024/06/22;1000 UTC;0;890,7;890,7;890,3;13,5;17,4;10,6;17,8;17,1;10,8;10,5;66;63;64;31;4,2;1,3;
2024/06/22;1100 UTC;0;891,3;891,3;890,7;282,5;18,5;11,1;18,7;17,4;11,2;10,6;65;62;62;358;4,7;1,7;
2024/06/22;1200 UTC;0;891,9;891,9;891,3;1181,3;21,1;11,2;21,5;18,5;11,8;11;62;53;53;57;7,9;3,8;
2024/06/22;1300 UTC;0;892,2;892,3;891,9;1909,2;22,3;11;22,7;20,7;12,2;11;55;48;49;61;8;4;
2024/06/22;1400 UTC;0;892,1;892,3;892,1;2316,6;22,9;8,5;24,1;21,9;11,6;7,5;50;36;40;57;9;3,2;
2024/06/22;1500 UTC;0;891,2;892,1;891,2;2077,1;24;9,2;24,8;22,4;9,5;7,6;43;34;39;19;7;2,2;
2024/06/22;1600 UTC;0;890,5;891,2;890,5;2272,5;24,3;8,7;25,3;23,1;9,7;7,9;41;35;37;43;6,4;3,2;
2024/06/22;1700 UTC;0;889,5;890,4;889,5;1319,6;23,4;9,6;24,3;23,2;10,5;8,6;43;37;42;74;5,9;1,9;
2024/06/22;1800 UTC;0;888,3;889,5;888,3;2378;25,2;8,9;25,8;23,3;10,7;8,5;43;35;36;112;12,6;3,4;
2024/06/22;1900 UTC;0;888,8;888,9;888,3;1776;24,9;8,6;26;24,5;9,3;8;37;34;36;353;12,6;2;
2024/06/22;2000 UTC;0;888,9;888,9;888,7;897,1;23,9;8,5;24,9;23,9;8,9;8,1;38;35;38;358;4,8;1,8;
2024/06/22;2100 UTC;0;889,2;889,2;888,9;169,3;20,5;9,7;23,9;20,5;9,9;8,6;50;38;50;64;4;1,4;
2024/06/22;2200 UTC;0;889,5;889,5;889,2;;20,1;9,9;20,7;19,6;10,1;9,7;54;50;52;90;3,1;2,2;
2024/06/22;2300 UTC;0;889,8;889,8;889,5;;18;9,5;20,1;17,9;9,9;9,5;58;52;58;72;4,2;2,3;
2024/06/23;0000 UTC;0;890,2;890,2;889,8;;18;9,3;18,4;17,5;9,6;9,3;58;57;57;76;3,9;2,5;
2024/06/23;0100 UTC;0;890,5;890,5;890,2;;18,7;9,1;18,8;18;9,2;9;57;53;54;83;4,3;2,6;
2024/06/23;0200 UTC;0;890,5;890,5;890,4;;18,1;9,3;18,7;16,5;9,5;9;62;54;57;96;4,3;2,5;
2024/06/23;0300 UTC;0;890,4;890,5;890,4;;17,9;9,8;18,3;17,6;10;9,3;60;56;59;91;4,7;2,8;
2024/06/23;0400 UTC;0;890,4;890,4;890,3;;17,7;9,8;18,1;17,6;9,9;9,8;60;59;60;97;6;3,5;
2024/06/23;0500 UTC;0;890;890,4;890;;17,4;9,5;17,8;17,3;9,8;9,5;60;59;60;93;5,8;3,4;
2024/06/23;0600 UTC;0;889,8;890;889,8;;17,4;9,1;17,6;17,2;9,5;9,1;60;58;58;96;5,8;3,5;
2024/06/23;0700 UTC;0;889,6;889,8;889,6;;17,1;8,6;17,4;16,8;9;8,6;59;57;58;93;5,4;3;
2024/06/23;0800 UTC;0;889,6;889,7;889,6;;17,1;8,5;17,3;16,7;8,6;8,5;59;57;57;89;5,4;3,3;
2024/06/23;0900 UTC;0;890,1;890,1;889,5;;16,8;8,5;17,2;16,4;8,6;8,4;60;57;58;94;5;2,6;
2024/06/23;1000 UTC;0;890,4;890,4;890,1;18,7;16,9;8,5;17;16;8,6;8,4;61;57;57;92;3,9;2,8;
2024/06/23;1100 UTC;0;891,2;891,2;890,4;462,3;19,5;9,4;19,5;16,9;9,4;8,4;58;51;52;86;4,4;2,3;
2024/06/23;1200 UTC;0;891,9;891,9;891,2;1233,1;21,3;8,9;21,4;19,5;9,5;8,5;53;45;45;82;6,7;3,8;
2024/06/23;1300 UTC;0;891,9;892;891,8;1949,7;23;8,9;23,1;21,1;9,8;8,3;46;40;40;69;6,5;2,6;
2024/06/23;1400 UTC;0;891,8;891,9;891,7;2458,9;24,7;8,2;25;22,8;9,2;7,7;41;35;35;79;5,2;1;
2024/06/23;1500 UTC;0;891,3;891,8;891,3;2663,7;23,8;7,5;24,8;23,6;8,4;7,4;37;34;35;305;5,9;2,5;
2024/06/23;1600 UTC;0;890,3;891,3;890,3;2923,6;25,7;7,6;25,9;23,6;8,7;7,5;37;32;32;329;5,9;1,3;
2024/06/23;1700 UTC;0;889,5;890,3;889,5;2734,8;26;8,6;26;25;8,6;7,4;34;32;33;303;6;2,4;
2024/06/23;1800 UTC;0;889;889,5;889;2254,8;25,8;7,9;26,5;25,2;8,6;7,6;34;31;32;274;5,8;2,2;
2024/06/23;1900 UTC;0;888,7;889;888,7;1659,4;25,5;7,7;26,2;25,2;8,3;7,4;33;31;32;304;6,5;2,1;
2024/06/23;2000 UTC;0;888,7;888,8;888,6;904,2;25;7,7;25,9;25;8,1;7,2;33;31;33;293;5,4;1,8;
2024/06/23;2100 UTC;0;889,2;889,2;888,7;185,5;21,8;8,7;25;21,8;8,7;7,2;43;32;43;347;2,8;,6;
2024/06/23;2200 UTC;0;889,5;889,5;889,2;;19,7;9,3;21,8;19,4;9,4;8,7;52;43;51;69;2,2;1,1;
2024/06/23;2300 UTC;0;889,9;889,9;889,5;;19,8;9;20,7;19,7;9,3;8,9;51;47;50;94;2;,4;
2024/06/24;0000 UTC;0;890,4;890,4;889,9;;19,5;9,2;20,5;19,2;9,3;8,8;52;47;51;136;2,2;,6;
2024/06/24;0100 UTC;0;890,8;890,8;890,4;;19,3;8,9;19,8;19,1;9,7;8,8;54;50;51;97;4,2;3;
2024/06/24;0200 UTC;0;890,8;890,8;890,7;;18,2;10;19,4;16,7;10,4;8,9;63;51;59;67;4,7;2,1;
2024/06/24;0300 UTC;0;890,7;890,8;890,6;;18,3;9,9;18,6;16,8;10,3;9,8;64;57;58;81;3,5;1,6;
2024/06/24;0400 UTC;0;890,3;890,7;890,3;;18;9,9;18,3;17,4;10;9,8;61;58;59;67;2,5;1,4;
2024/06/24;0500 UTC;0;890;890,3;890;;18,4;9,8;19;17,5;10,1;9,5;61;55;57;91;4;2,6;
2024/06/24;0600 UTC;0;889,6;890;889,6;;18;10;18,6;17,5;10;9,7;61;57;60;80;3,8;1,4;
2024/06/24;0700 UTC;0;889,7;889,7;889,6;;17,6;10,6;19;17,2;10,6;9,9;64;56;64;201;3,6;0;
2024/06/24;0800 UTC;0;890;890;889,7;;19;10,9;19,2;17,5;10,9;10,2;64;57;59;91;5,6;2,9;
2024/06/24;0900 UTC;0;890,2;890,2;890;;18,5;11;19,1;18,2;11,1;10,9;63;59;62;84;5,6;1,6;
2024/06/24;1000 UTC;0;890,6;890,6;890,2;12,2;18,8;10,8;19,3;18,5;11,1;10,7;62;58;60;103;3,9;1,5;
2024/06/24;1100 UTC;0;891,4;891,4;890,6;302,5;20,2;10,8;20,2;17,9;11,1;10,4;64;54;55;95;3,6;1,5;
2024/06/24;1200 UTC;0;892,2;892,2;891,4;857,7;23,3;9,4;23,3;19,2;12,3;8,6;61;40;41;100;3,3;1,3;
2024/06/24;1300 UTC;0;892,3;892,4;892,2;1377,5;23,9;6,2;24,2;23,2;9,1;5,8;41;32;32;30;3,9;,1;
2024/06/24;1400 UTC;0;892,1;892,3;892,1;2469,7;25,5;6,9;25,5;24;7,4;5,9;34;30;31;331;3,9;1,1;
2024/06/24;1500 UTC;0;891,4;892,1;891,4;2831,8;25,6;7,8;26,1;24,2;7,8;6,1;33;30;32;348;6,4;3,3;
2024/06/24;1600 UTC;0;890,5;891,4;890,5;3022,4;26,3;7,3;26,8;25;7,8;6,5;32;28;30;8;6,4;2,3;
2024/06/24;1700 UTC;0;889,8;890,5;889,8;2862,4;26,2;7,7;27,2;25,7;7,8;6,5;32;28;31;6;5,8;2,4;
2024/06/24;1800 UTC;0;889,3;889,8;889,3;2473,4;26,3;6,7;27,2;25,6;8,1;6;31;27;29;313;6,1;1,3;
2024/06/24;1900 UTC;0;889,3;889,3;889,2;1757,6;25,8;7,3;26,7;25,6;7,8;6,7;31;29;31;296;6,6;3,3;
2024/06/24;2000 UTC;0;889,7;889,7;889,3;911;25;7,6;26;25;7,7;7,1;33;30;33;311;5,2;2;
2024/06/24;2100 UTC;0;890;890;889,7;151,6;22,3;8,6;24,9;22,1;8,9;7,5;43;33;41;22;2,9;1,1;
2024/06/24;2200 UTC;0;890,2;890,2;890;;21,3;9,1;22,6;21,2;9,4;8,5;47;41;46;48;2,4;1,3;
2024/06/24;2300 UTC;0;890,5;890,5;890,2;;22,2;8,5;22,2;21,1;10;8,5;49;42;42;78;2,5;1;
2024/06/25;0000 UTC;0;890,9;890,9;890,5;;21,6;10;22,3;21,5;10,1;8,2;48;41;48;138;3,4;,6;
2024/06/25;0100 UTC;0;891,1;891,1;890,9;;20,7;9,6;21,9;20,2;10,1;9,3;51;44;49;102;3,7;1,8;
2024/06/25;0200 UTC;0;891;891,1;891;;18,2;9,3;20,9;17,9;9,5;8,9;57;46;56;69;4,1;1;
2024/06/25;0300 UTC;0;891;891,1;891;;17,6;9,4;19;17,6;9,5;9,1;59;53;59;58;3,5;2,1;
2024/06/25;0400 UTC;0;890,7;891;890,7;;17,8;9,9;18,6;16,7;10;9,4;63;57;60;66;4,3;2,9;
2024/06/25;0500 UTC;0;890,5;890,7;890,5;;17,6;9,4;18,3;17,4;9,9;9,3;60;58;58;46;4,6;2,2;
2024/06/25;0600 UTC;0;890,2;890,5;890,2;;18,1;8,4;18,4;17,3;9,4;8,4;58;52;53;30;3,4;1,9;
2024/06/25;0700 UTC;0;890,1;890,2;890;;17;8,3;18,5;16,8;8,6;8,3;58;52;56;71;3,6;,7;
2024/06/25;0800 UTC;0;890,1;890,2;890;;16,7;8,1;17,7;16,5;8,4;8,1;58;54;57;81;3,2;1,2;
2024/06/25;0900 UTC;0;890,3;890,3;890,1;;17,8;8;17,8;16,7;8,3;7,9;57;53;53;83;5,1;2,9;
2024/06/25;1000 UTC;0;890,8;890,8;890,3;16,7;18,1;7,9;18,2;17,5;8;7,8;54;51;51;85;4,9;3;
2024/06/25;1100 UTC;0;891,8;891,8;890,8;447,6;20,1;8,7;20,1;18,1;8,7;7,8;52;47;48;80;4,8;2,8;
2024/06/25;1200 UTC;0;892,5;892,6;891,8;1211,9;22,8;8,4;22,9;20,1;9,2;8;49;39;40;68;5,3;3;
2024/06/25;1300 UTC;0;892,7;892,8;892,5;1926,7;24,3;7,1;24,3;22,8;8,7;6,3;40;32;33;107;6,1;2,1;
2024/06/25;1400 UTC;0;892,5;892,7;892,5;2442,1;25,4;7,4;25,4;24;7,7;6,3;34;31;32;114;7,2;2,1;
2024/06/25;1500 UTC;0;891,9;892,6;891,9;2723,3;25,5;7,3;26,3;24,5;8,2;6,5;33;29;31;143;7,9;2,1;
2024/06/25;1600 UTC;0;891;891,9;890,9;2805,2;26,1;6,4;27;25,4;7,5;5,9;32;27;29;109;7,8;3,3;
2024/06/25;1700 UTC;0;890,1;891;890;2632,4;26,5;6,2;26,8;25,7;7,6;5,8;30;27;28;116;8,2;3,8;
2024/06/25;1800 UTC;0;889,6;890,1;889,6;2211,7;26,1;6,7;27,1;25,8;7,2;5,8;30;27;29;128;8,2;2,8;
2024/06/25;1900 UTC;0;889,4;889,6;889,4;1624,4;26,4;7,1;26,9;25,9;7,6;6,4;30;28;29;107;7,1;2,4;
2024/06/25;2000 UTC;0;889,7;889,7;889,4;889,4;25,3;7;26,4;25,2;7,7;6,8;32;29;31;96;6,3;2,5;
2024/06/25;2100 UTC;0;889,9;889,9;889,7;179,3;23;7,5;25,3;23;7,5;7;37;31;37;87;4,5;1,7;
2024/06/25;2200 UTC;0;890,2;890,2;889,9;;21,5;8,3;23,1;21,5;8,4;7,5;43;37;43;100;3,2;1,6;
2024/06/25;2300 UTC;0;890,6;890,6;890,2;;20,8;8,4;21,7;20,2;8,6;8,1;47;42;45;100;3,8;2;
2024/06/26;0000 UTC;0;891;891;890,6;;20,1;8,7;21,3;19,9;8,7;8,3;48;43;48;92;4,7;2,5;
2024/06/26;0100 UTC;0;891,3;891,3;891;;19,1;9,3;20,1;19;9,3;8,6;53;48;53;92;4,8;3,1;
2024/06/26;0200 UTC;0;891,5;891,5;891,3;;18,7;9,2;19,5;18,7;9,3;9,2;54;52;54;86;4,7;2,8;
2024/06/26;0300 UTC;0;891,5;891,5;891,4;;18,5;8,9;18,7;17,9;9,2;8,9;56;54;54;91;5;3;
2024/06/26;0400 UTC;0;891,2;891,5;891,2;;18;8,8;18,9;17,9;9;8,8;55;52;55;90;5;2,5;
2024/06/26;0500 UTC;0;890,9;891,2;890,9;;17,9;8,8;18;17,4;8,9;8,7;57;55;55;94;3,6;2,4;
2024/06/26;0600 UTC;0;890,5;890,9;890,5;;17,7;8,6;18,2;17,6;8,8;8,6;56;54;55;92;4;2,8;
2024/06/26;0700 UTC;0;890,4;890,5;890,3;;17;8,3;17,7;17;8,6;8,2;57;54;56;91;4,1;2,7;
2024/06/26;0800 UTC;0;890,3;890,4;890,3;;16,6;8,2;17,5;15,9;8,6;8,1;61;55;57;101;4,1;2,2;
2024/06/26;0900 UTC;0;890,6;890,6;890,3;;16,7;7,8;17,7;16,4;8,2;7,7;57;52;55;92;4;2,3;
2024/06/26;1000 UTC;0;891;891;890,6;17,3;18,1;8;18,1;16,2;8,1;7,7;58;52;52;87;4,4;2,5;
2024/06/26;1100 UTC;0;891,6;891,6;891;456,7;20,1;8,7;20,2;17,9;8,9;7,9;52;47;48;85;3,9;1,4;
2024/06/26;1200 UTC;0;892,1;892,1;891,6;1225,2;22,5;7,8;22,6;20,1;9;7,3;48;37;39;50;6;3,4;
2024/06/26;1300 UTC;0;892,3;892,3;892;1943,6;23,7;7,3;23,7;22,5;8,4;6,9;39;35;35;34;7,8;2,7;
2024/06/26;1400 UTC;0;892;892,3;892;2457,7;24;7,8;24,3;23,3;8,4;7;37;35;36;10;7;2,4;
2024/06/26;1500 UTC;0;891,3;892;891,3;2701,2;24,7;7,4;25,1;23,7;8,7;7,1;38;33;33;8;6,4;2,3;
2024/06/26;1600 UTC;0;890,6;891,3;890,6;2772,6;26;8,1;26;24,1;8,1;7;35;32;32;329;7,8;3,1;
2024/06/26;1700 UTC;0;889,9;890,6;889,9;2605,1;26,2;7,5;26,3;24,8;8,2;6,7;33;30;31;47;6,8;2;
2024/06/26;1800 UTC;0;889,3;889,9;889,3;2195;26,1;7,2;26,2;25;7,5;6,4;32;29;30;338;5,7;1,6;
2024/06/26;1900 UTC;0;889,2;889,3;889,1;1585,2;26,1;7,6;26,5;25,6;7,6;6,2;31;28;31;311;6,9;3,4;
2024/06/26;2000 UTC;0;889,4;889,4;889,2;912,9;25,1;7,4;26,1;25;7,8;6,9;33;30;32;262;6,9;2,6;
2024/06/26;2100 UTC;0;889,8;889,8;889,4;196,4;22;9;25,1;22;9;7,1;43;32;43;278;4,7;1;
2024/06/26;2200 UTC;0;889,9;889,9;889,8;;20,1;9;22;20;9,4;9;50;43;49;298;2,6;0;
2024/06/26;2300 UTC;0;890,1;890,1;889,9;;18,9;8,9;20,1;18,9;9,2;8,8;53;49;52;60;2,2;,2;
2024/06/27;0000 UTC;0;890,3;890,3;890,1;;19,2;8,5;20,1;18,8;9,3;8,5;53;48;50;71;1,5;,2;
2024/06/27;0100 UTC;0;890,5;890,6;890,3;;18,9;8,4;20,3;18,9;8,6;8,2;51;46;51;71;1,5;0;
2024/06/27;0200 UTC;0;890,2;890,6;890,2;;18,7;8,3;19;18,6;8,6;8,2;51;50;51;62;,8;0;
2024/06/27;0300 UTC;0;890;890,2;890;;18,2;8,4;19;17,7;8,5;8,1;54;50;53;74;2,1;,6;
2024/06/27;0400 UTC;0;889,6;890;889,6;;19;8;19,2;18,1;8,4;8;53;48;49;125;2;0;
2024/06/27;0500 UTC;0;889,5;889,7;889,5;;18,7;8,2;19;18,1;8,3;8;52;49;51;134;1;0;
2024/06/27;0600 UTC;0;889,2;889,5;889,2;;17,7;8,3;18,8;17,7;8,3;8,1;54;50;54;160;1,4;0;
2024/06/27;0700 UTC;0;889;889,2;889;;18;8,3;18,3;17,4;8,4;8,1;55;52;53;152;1,6;,2;
2024/06/27;0800 UTC;0;889,5;889,5;889;;17,4;8,2;18,1;17;8,3;8,1;57;52;55;128;1,5;,1;
2024/06/27;0900 UTC;0;889,9;889,9;889,5;;17,6;8,2;17,8;17,1;8,4;8,2;56;53;54;144;2,1;1,2;
2024/06/27;1000 UTC;0;890;890;889,8;17,3;17,5;8,4;17,6;16,7;8,5;8,2;58;54;55;143;2,2;1,3;
2024/06/27;1100 UTC;0;890,8;890,8;890;420,3;20,6;9,3;20,7;17,5;10,3;8,3;58;47;48;142;2,2;0;
2024/06/27;1200 UTC;0;891,3;891,3;890,8;1170,8;22,5;9;22,5;20,6;9,6;8,2;49;40;42;169;2,5;,9;
2024/06/27;1300 UTC;0;891,4;891,4;891,2;1891,8;23,6;6,8;24,4;22,5;9,3;6,6;43;33;34;157;3,9;2,1;
2024/06/27;1400 UTC;0;890,8;891,4;890,8;2410,7;24,6;7;25,5;23,5;7,9;6,2;35;31;33;213;6;1,9;
2024/06/27;1500 UTC;0;889,8;890,8;889,8;2656,3;25,4;6,1;26,6;24,4;8,1;6;33;28;29;24;5,5;1,5;
2024/06/27;1600 UTC;0;888,9;889,8;888,9;2734,3;25,5;6,6;26,4;25;7,4;6,1;31;28;30;184;5,4;2,4;
2024/06/27;1700 UTC;0;887,8;888,9;887,8;2506,6;26,6;7,4;27,1;25,5;7,7;6,3;31;28;30;353;5,7;,9;
2024/06/27;1800 UTC;0;887,1;887,8;887,1;2171,4;27,1;8,1;27,4;25,5;8,1;6,2;30;28;30;288;5,2;2,2;
2024/06/27;1900 UTC;0;886,8;887,1;886,8;1285,6;26;8;27,3;25,7;8,6;7,3;33;29;32;20;5,3;2,1;
2024/06/27;2000 UTC;0;887,2;887,2;886,8;832;25,2;8,2;26,3;25,2;8,7;8;34;32;34;10;5,5;1,8;
2024/06/27;2100 UTC;0;887,3;887,3;887,1;171,1;22,3;9,2;25,2;22,3;9,2;8,1;43;34;43;32;4,2;,8;
2024/06/27;2200 UTC;0;887,5;887,5;887,3;;19,9;9,3;22,3;19,9;9,6;9,2;51;43;51;52;3;1,8;
2024/06/27;2300 UTC;0;887,6;887,7;887,5;;20;9;20,5;18,9;9,7;9;55;48;49;70;2,7;,4;
2024/06/28;0000 UTC;0;888;888;887,6;;18,7;9,3;20,5;18,2;9,3;8,5;55;47;55;218;1,9;,8;
2024/06/28;0100 UTC;0;888,5;888,5;888;;19,1;8,8;19,2;18,2;9,4;8,5;55;50;51;38;2,4;0;
2024/06/28;0200 UTC;0;888,4;888,5;888,4;;19,3;8,7;19,7;18,5;9;8,5;53;49;50;95;1,9;,6;
2024/06/28;0300 UTC;0;888;888,4;888;;18,5;9,2;19,6;18,1;9,2;8,7;56;50;54;80;2,3;1,3;
2024/06/28;0400 UTC;0;888;888,1;887,9;;18,1;8,9;18,8;17,2;9,1;8,7;58;53;55;70;2,9;1,4;
2024/06/28;0500 UTC;0;887,8;888;887,8;;18,1;8,7;18,4;17,7;8,9;8,6;56;54;54;48;2,7;1,9;
2024/06/28;0600 UTC;0;887,8;887,8;887,6;;17,5;8,7;18,3;17,2;8,8;8,5;57;53;56;65;2,7;,9;
2024/06/28;0700 UTC;0;887,9;887,9;887,8;;17,4;8,6;18;17;8,7;8,5;58;55;56;65;2,6;1,4;
2024/06/28;0800 UTC;0;888;888;887,9;;18,2;8,5;18,8;16,9;8,8;8,4;58;52;53;92;2,5;1,4;
2024/06/28;0900 UTC;0;888,4;888,4;888;;18,1;7,8;18,7;17,4;8,4;7,8;55;49;51;85;2,6;1,4;
2024/06/28;1000 UTC;0;889;889;888,4;18,5;17,9;8,1;18,2;17,5;8,1;7,8;53;51;53;104;2,2;1,6;
2024/06/28;1100 UTC;0;889,8;889,8;889;443,8;20,6;9,1;20,6;17,9;9,2;7,9;53;48;48;105;2,6;,6;
2024/06/28;1200 UTC;0;890,6;890,6;889,8;1205,5;23,8;8,1;24;19,7;10,7;7,4;55;35;37;23;2,5;,5;
2024/06/28;1300 UTC;0;890,7;890,8;890,6;1907,2;24;7,4;24,7;23,2;9,6;6,7;41;33;35;335;5,1;2,9;
2024/06/28;1400 UTC;0;890,6;890,8;890,5;2456,1;24,6;8;25,3;24;9,2;7,4;38;33;35;341;6,6;3,2;
2024/06/28;1500 UTC;0;890;890,6;890;2724,6;25;7,7;26,2;24;8,9;7,1;37;31;33;9;7,3;3,5;
2024/06/28;1600 UTC;0;889,2;890;889,2;2797,5;25,8;7,4;26,5;24,9;8,7;6,9;34;30;31;346;10,9;5,2;
2024/06/28;1700 UTC;0;888,4;889,2;888,4;2638;26,7;7,7;27;25,6;8,5;7,3;33;30;30;348;11,3;4,3;
2024/06/28;1800 UTC;0;888;888,4;887,9;2256,6;26,8;7,3;27,2;26;8,2;6,5;31;28;29;337;8,2;3,9;
2024/06/28;1900 UTC;0;887,9;888;887,8;1661,1;26,1;7,3;27,3;26;8,2;6,7;31;28;30;316;8;4;
2024/06/28;2000 UTC;0;888,4;888,4;887,9;933,2;25,4;7,2;26,6;25,4;7,9;6,7;32;29;31;317;8;3,4;
2024/06/28;2100 UTC;0;888,9;888,9;888,4;202,6;23;8,3;25,5;22,9;8,3;6,7;39;31;39;303;5,3;1,9;
2024/06/28;2200 UTC;0;889,3;889,3;888,9;;20,8;8,8;23;20,7;8,8;8,3;46;39;46;55;3,2;,8;
2024/06/28;2300 UTC;0;889,6;889,6;889,3;;20;9,2;21,1;19,8;9,3;8,8;50;46;50;92;2,1;,2;
2024/06/29;0000 UTC;0;890,1;890,1;889,6;;19,9;9,3;20,7;19,2;9,5;8,9;52;47;50;28;2,1;0;
2024/06/29;0100 UTC;0;890,5;890,5;890,1;;19,9;9,3;20,1;18,7;9,4;8,9;54;49;50;74;2,3;1;
2024/06/29;0200 UTC;0;890,6;890,6;890,5;;19,8;9,1;20,3;18,4;9,5;8,7;56;49;50;73;2,2;,3;
2024/06/29;0300 UTC;0;890,6;890,6;890,5;;18,9;9;19,7;18,9;9,2;8,9;53;50;53;65;1,6;0;
2024/06/29;0400 UTC;0;890,3;890,6;890,3;;19,1;8,7;19,5;18,8;9;8,6;53;49;51;118;2;,1;
2024/06/29;0500 UTC;0;890,1;890,3;890,1;;17,4;8,9;19,4;16,2;9,2;7,9;62;50;57;63;3,3;0;
2024/06/29;0600 UTC;0;890;890,1;889,9;;18,1;8,5;18,6;17,4;8,9;8,4;58;52;53;139;1,8;0;
2024/06/29;0700 UTC;0;889,8;890;889,8;;18;8;18,9;18;8,6;8;54;50;52;111;1,6;,6;
2024/06/29;0800 UTC;0;890,1;890,1;889,8;;17,2;8;18;16,9;8,1;7,9;56;52;55;114;1,9;,6;
2024/06/29;0900 UTC;0;890,4;890,4;890,1;;17,3;8;17,4;17;8;7,9;55;54;54;111;2;1,3;
2024/06/29;1000 UTC;0;890,9;890,9;890,4;16,1;17,5;8,1;17,9;17,2;8,1;7,8;54;52;54;102;2;,8;
2024/06/29;1100 UTC;0;891,5;891,5;890,9;440,6;19,2;8,6;19,3;17,5;10,6;8;59;49;50;137;2,1;,2;
2024/06/29;1200 UTC;0;892,1;892,1;891,5;1197,6;21,4;8,4;21,4;19,2;9,3;7,7;52;42;43;164;4;2,3;
2024/06/29;1300 UTC;0;892,3;892,3;892,1;1922,1;23,2;8,7;23,4;21,4;9;8;44;39;40;168;4;2,2;
2024/06/29;1400 UTC;0;892;892,3;892;2448,3;24,4;6,9;25;23,1;9,1;6,1;40;31;33;186;4,5;1,3;
2024/06/29;1500 UTC;0;891,4;892;891,4;2694,6;25,5;6,9;25,8;24,4;7,8;6,4;33;31;31;210;6,2;1,8;
2024/06/29;1600 UTC;0;890,5;891,4;890,5;2782,9;26,1;6,3;26,4;25,1;7,7;6;32;28;28;190;5,9;2,3;
2024/06/29;1700 UTC;0;889,5;890,5;889,5;2618,7;26,7;5,8;26,9;25,6;6,7;4,6;29;25;26;198;8;1,9;
2024/06/29;1800 UTC;0;888,9;889,5;888,9;2235,9;26,9;4,7;27,1;26;6,4;3,5;27;23;24;181;7,3;2,8;
2024/06/29;1900 UTC;0;888,9;888,9;888,8;1641,9;26,2;4,8;27;26;5,6;4;27;23;25;180;6,6;2,9;
2024/06/29;2000 UTC;0;889;889;888,9;891,5;25,6;5,5;26,6;25,5;5,8;4,4;28;25;28;186;5,1;2,4;
2024/06/29;2100 UTC;0;889,3;889,3;889;190,4;23,5;6,4;25,6;23,5;6,5;5,5;33;28;33;180;5,1;1,7;
2024/06/29;2200 UTC;0;889,7;889,7;889,3;;21,7;7,2;23,5;21,7;7,8;6,3;40;33;39;157;3,7;1,3;
2024/06/29;2300 UTC;0;889,8;889,8;889,7;;20,8;6,9;21,7;20,7;7,2;6,8;42;39;41;136;2,5;,9;
2024/06/30;0000 UTC;0;890,1;890,1;889,8;;20,2;7,3;20,9;20,2;7,4;6,9;43;40;43;126;2,7;,6;
2024/06/30;0100 UTC;0;890,4;890,4;890,1;;21;6,2;21,3;20,2;7,3;6;43;37;38;112;3,3;,8;
2024/06/30;0200 UTC;0;890,2;890,4;890,2;;19,9;6,9;21,3;19,3;6,9;6;44;37;43;88;4,6;2,8;
2024/06/30;0300 UTC;0;889,9;890,2;889,9;;20,3;4,8;21,1;19,9;6,9;4,8;43;35;36;103;4,3;2,1;
2024/06/30;0400 UTC;0;889,8;890;889,7;;19,4;6,8;20,3;19,2;6,8;4,7;44;36;44;104;4,7;2,4;
2024/06/30;0500 UTC;0;889,5;889,8;889,5;;17,7;7,5;19,4;17,7;7,5;6,8;51;44;51;112;4,3;,6;
2024/06/30;0600 UTC;0;889,1;889,5;889,1;;17,1;8,4;18,5;16,7;8,4;7,5;57;49;57;110;3,3;,7;
2024/06/30;0700 UTC;0;888,9;889,1;888,9;;15,5;8,6;17,3;15,4;8,6;8;64;55;64;137;2,3;0;
2024/06/30;0800 UTC;0;889;889;888,9;;17;8,2;17,6;15,4;8,8;8,1;64;54;56;106;3,4;1,5;
2024/06/30;0900 UTC;0;889,4;889,4;888,9;;16,1;8,3;17,2;16,1;8,4;8;60;56;60;113;3,1;1,1;
2024/06/30;1000 UTC;0;889,9;889,9;889,4;15,3;18,2;7,8;18,3;16,1;8,3;7,7;60;50;51;97;4,3;2,5;
2024/06/30;1100 UTC;0;890,8;890,8;889,9;439,7;20,4;8,4;20,4;18,2;8,4;7,8;51;46;46;87;4,9;2,6;
2024/06/30;1200 UTC;0;891,4;891,4;890,8;1197,8;23,7;6,9;23,7;20,4;8,6;6,7;46;34;34;91;4,4;2,5;
2024/06/30;1300 UTC;0;891,5;891,6;891,4;1926;24,7;3,9;24,8;23,7;7,2;3,3;34;25;26;96;5,5;2,8;
2024/06/30;1400 UTC;0;891,3;891,6;891,3;2454;25,2;3,7;26,3;24,6;5,6;3,1;27;23;25;63;5,1;1,4;
2024/06/30;1500 UTC;0;890,6;891,3;890,5;2718,2;26,4;1,9;27;25,2;4,2;1,9;26;20;20;97;9,4;2,4;
2024/06/30;1600 UTC;0;889,5;890,6;889,5;2793,7;27,2;3,3;27,3;25,7;3,6;1,3;23;19;21;135;5,6;1,5;
2024/06/30;1700 UTC;0;888,5;889,5;888,5;2605,4;27,3;3,6;28,2;26,6;5,2;2,3;24;20;22;311;5,2;1,5;
2024/06/30;1800 UTC;0;887,9;888,5;887,9;2191,2;27,8;2;27,9;26,8;4,7;1,1;24;18;19;194;5,6;2,8;
2024/06/30;1900 UTC;0;888;888;887,8;1579,2;26,9;2;27,8;26,7;3;1,4;21;19;20;156;5,6;1,4;
2024/06/30;2000 UTC;0;888,2;888,2;888;864,6;26,5;2,3;27,1;26,5;3,4;1,8;22;20;21;137;3,8;1,6;
2024/06/30;2100 UTC;0;888,6;888,6;888,2;185,6;23;3,8;26,5;23;4,3;2,1;30;21;29;73;3,4;0;
2024/06/30;2200 UTC;0;888,9;888,9;888,6;;21,3;4,3;23;20,8;4,6;3,5;34;28;33;92;2,8;,7;
2024/06/30;2300 UTC;0;889,5;889,5;888,9;;21,9;3,5;22,5;21,3;4,4;3,3;33;29;30;90;3,3;2,2;
2024/07/01;0000 UTC;0;890;890;889,5;;20,4;2,8;21,9;20,4;3,6;2,8;31;29;31;81;3,6;2;
2024/07/01;0100 UTC;0;890,2;890,2;890;;21,1;2,7;21,3;18,9;3,2;2,6;34;29;30;96;4,5;2,7;
2024/07/01;0200 UTC;0;890,1;890,2;890,1;;19,6;2,5;21,3;19,5;2,6;2,4;32;29;32;90;4,8;2,5;
2024/07/01;0300 UTC;0;889,9;890,1;889,8;;19,9;2,1;20,6;19,6;2,5;2;32;29;31;89;5,5;3,3;
2024/07/01;0400 UTC;0;889,6;889,9;889,6;;19,7;3,6;20,4;19,7;3,7;2,1;34;30;34;90;6,4;3,7;
2024/07/01;0500 UTC;0;889,4;889,7;889,4;;19,2;4,8;19,9;19,1;4,8;3,6;39;34;39;85;6,4;3,6;
2024/07/01;0600 UTC;0;889,1;889,4;889,1;;18,6;5,7;19,3;18,6;5,8;4,9;43;39;43;87;6,3;3,7;
2024/07/01;0700 UTC;0;889,1;889,1;888,9;;18,9;5,6;18,9;18,5;5,9;5,6;43;42;42;86;6,3;4;
2024/07/01;0800 UTC;0;889,4;889,4;889,1;;18,8;6,3;18,9;18,6;6,4;5,4;44;41;44;88;6,1;3,5;
2024/07/01;0900 UTC;0;889,9;889,9;889,4;;18,9;5,4;19,3;18,7;6,3;5,4;44;40;41;96;5,7;3,5;
2024/07/01;1000 UTC;0;890,6;890,6;889,9;15,3;19,5;4,4;19,5;17,4;5,5;4,4;45;37;37;85;6;3,6;
2024/07/01;1100 UTC;0;891,5;891,5;890,6;399,4;21,4;4,9;21,4;19,5;5,3;4,1;38;34;34;79;6;2,6;
2024/07/01;1200 UTC;0;892,1;892,1;891,5;1187,4;23,7;6,1;23,7;21,4;6,1;4,6;34;31;32;96;5,6;2,9;
2024/07/01;1300 UTC;0;892,2;892,3;892,1;1910;24,8;6;24,9;23,3;6,5;5,3;33;29;30;91;6,9;4,2;
2024/07/01;1400 UTC;0;892,2;892,3;892,2;2438,3;26,3;5,8;26,3;24,8;7;4,6;31;25;27;70;6,7;2,5;
2024/07/01;1500 UTC;0;892;892,2;891,9;2572,8;27,3;5,2;27,3;25,6;6,4;3,6;29;23;24;105;5,9;2,5;
2024/07/01;1600 UTC;0;891,1;892;891,1;1654;25,7;4,8;27,3;25,4;5,7;3,9;27;23;26;46;5,1;1,4;
2024/07/01;1700 UTC;0;890,1;891,1;890,1;1502,9;26,8;4,9;26,8;25,6;5,7;4,2;27;24;25;264;4,4;,8;
2024/07/01;1800 UTC;0;889,8;890,1;889,7;1652,9;26,5;4,6;27,7;25,9;6;4,2;26;24;25;111;4,7;1,8;
2024/07/01;1900 UTC;0;889,8;889,8;889,7;1169,5;27;5;27,8;25,8;6;4,6;28;24;25;181;5,3;1,8;
2024/07/01;2000 UTC;0;890;890;889,8;504,9;25,4;5,1;27;25,4;5,6;4,5;28;24;27;155;4,2;,2;
2024/07/01;2100 UTC;0;890,4;890,4;890;180,5;23,1;6,8;25,4;23,1;6,8;4,8;35;27;35;108;2,7;,1;
2024/07/01;2200 UTC;0;890,8;890,8;890,4;;21,1;6,7;23,1;21,1;6,9;6,1;40;34;39;98;2,7;,7;
2024/07/01;2300 UTC;0;891,2;891,2;890,8;;21,6;5,6;21,7;21;6,9;5,6;40;35;35;98;4,5;2,6;
2024/07/02;0000 UTC;0;891,4;891,4;891,2;;21,3;6,8;21,7;20,7;6,8;5,5;40;35;39;95;5;3;
2024/07/02;0100 UTC;0;891,6;891,7;891,4;;20,7;7;21,4;20,5;7,1;6,8;41;39;41;93;5,4;3,3;
2024/07/02;0200 UTC;0;891,6;891,7;891,6;;20,3;6,8;20,9;20,1;7,1;6,8;43;41;42;90;5;2,9;
2024/07/02;0300 UTC;0;891,3;891,6;891,3;;19,7;6,7;20,5;19,7;6,8;6,6;43;41;43;89;5,8;3,4;
2024/07/02;0400 UTC;0;891;891,3;891;;19,7;5,8;20,2;19,4;6,9;5,5;44;38;40;85;7,3;3,7;
2024/07/02;0500 UTC;0;890,4;891;890,4;;19,2;5,6;19,7;18,9;6,1;5,6;43;40;41;83;6,8;4,2;
2024/07/02;0600 UTC;0;890;890,4;890;;19,2;5,7;19,8;19,1;5,7;5;41;38;41;83;7,9;4,8;
2024/07/02;0700 UTC;0;889,9;890;889,8;;18,1;6,4;19,2;18;6,4;5,7;46;41;46;86;8,9;3,8;
2024/07/02;0800 UTC;0;890,2;890,2;889,9;;18;6,1;18,3;17,9;6,5;6,1;47;45;46;80;7,7;4;
2024/07/02;0900 UTC;0;890,6;890,6;890,2;;18,1;5,2;18,2;17,7;6,1;5,1;46;42;43;79;8,5;4,5;
2024/07/02;1000 UTC;0;891,1;891,1;890,6;14,3;17,8;6,1;18,1;17,5;6,1;5,1;47;43;46;80;8,9;4,4;
2024/07/02;1100 UTC;0;891,7;891,7;891,1;437,6;19;7,5;19;17,6;7,5;6,2;48;46;47;82;9,2;4,3;
2024/07/02;1200 UTC;0;892,3;892,3;891,7;1204,4;21,4;7,6;21,4;19;8,1;7,5;47;41;41;78;8,4;4,5;
2024/07/02;1300 UTC;0;892,7;892,7;892,3;1917,6;22,6;8,3;22,9;21,3;8,4;7,3;41;38;40;82;10,8;5,5;
2024/07/02;1400 UTC;0;892,5;892,7;892,5;2448,8;23,5;8;23,9;22,6;9;7,7;40;37;37;80;10;6,1;
2024/07/02;1500 UTC;0;891,9;892,5;891,9;2728,5;24,8;6,9;25,3;23,5;8,9;6,5;39;30;32;92;10,1;3,7;
2024/07/02;1600 UTC;0;891,1;891,9;891,1;2799,3;25,8;6,1;26,5;24,7;7,2;4;33;25;29;120;7,4;2,6;
2024/07/02;1700 UTC;0;890,2;891,1;890,2;2633,2;26;6,4;26,7;25,4;6,9;3,6;30;24;29;77;6,9;3,6;
2024/07/02;1800 UTC;0;889,8;890,2;889,8;2229,9;26;4,6;26,6;25,3;7,2;4,2;30;25;25;100;8,3;3,4;
2024/07/02;1900 UTC;0;889,7;889,9;889,6;1586,9;25;4;26,3;25;5,1;1,8;27;21;26;100;8,3;2,6;
2024/07/02;2000 UTC;0;890;890;889,7;818;24,6;4,7;25,4;24,6;4,8;3,3;28;25;28;113;6,7;2,8;
2024/07/02;2100 UTC;0;890,5;890,5;890;189,2;22,5;6;24,6;22,5;6;4,8;34;28;34;106;6,4;2,5;
2024/07/02;2200 UTC;0;890,8;890,8;890,5;;21,1;6,1;22,5;21,1;6,4;5,8;38;34;38;111;5,6;2,2;
2024/07/02;2300 UTC;0;891,2;891,2;890,8;;19,9;6,7;21,1;19,8;6,7;6,1;42;38;42;96;5,4;2,6;
2024/07/03;0000 UTC;0;891,7;891,7;891,2;;18,5;7,5;19,9;18,5;7,5;6,7;49;42;49;97;5,3;3,6;
2024/07/03;0100 UTC;0;891,8;891,9;891,6;;17,9;8,2;18,6;17,8;8,2;7,5;53;49;53;90;5,8;3,3;
2024/07/03;0200 UTC;0;891,8;891,9;891,8;;17,5;9,2;17,9;17;9,2;8,2;59;53;58;106;5,4;1,2;
2024/07/03;0300 UTC;0;891,6;891,8;891,6;;17,4;8,7;17,5;16,8;9,2;8,7;60;57;57;108;5,1;2,3;
2024/07/03;0400 UTC;0;891,2;891,6;891,2;;16,7;9,1;18;16,5;9,1;8,7;61;55;61;77;5,8;2,2;
2024/07/03;0500 UTC;0;890,5;891,2;890,5;;16,9;9,2;17,1;16,6;9,4;9;61;60;60;96;6;3,5;
2024/07/03;0600 UTC;0;889,9;890,5;889,9;;17;9,4;17,3;16,8;9,5;9,2;62;60;61;90;8,3;4,8;
2024/07/03;0700 UTC;0;889,8;889,9;889,7;;16,1;9,9;17,1;16,1;9,9;9,4;67;61;67;85;8,8;4,2;
2024/07/03;0800 UTC;0;889,9;889,9;889,8;;16,7;11,4;16,7;15,8;11,4;9,9;71;67;71;84;7,9;4,7;
2024/07/03;0900 UTC;0;889,8;889,9;889,6;;16,5;11,4;16,9;16,4;11,5;11,3;72;70;72;82;8,9;4,9;
2024/07/03;1000 UTC;0;890,3;890,3;889,8;15,4;16,3;12;16,5;16,1;12;11,3;76;72;76;76;8,9;4,5;
2024/07/03;1100 UTC;0;891,1;891,1;890,3;442,9;17,9;12,6;17,9;16,3;12,6;12;76;71;71;66;8,6;3,4;
2024/07/03;1200 UTC;0;891,7;891,8;891,1;1207,5;19,9;12,8;19,9;17,9;13,1;12,5;71;63;64;75;9,9;6;
2024/07/03;1300 UTC;0;891,8;891,9;891,7;1932,3;21,5;12,6;21,8;19,9;13,1;12,4;64;56;57;75;10;5,6;
2024/07/03;1400 UTC;0;891,8;891,9;891,8;2257;22,6;12,2;23,6;21,3;13;11,9;57;49;52;64;9,3;4;
2024/07/03;1500 UTC;0;891,2;891,8;891,1;1795,3;23,5;11;23,7;22,1;12,9;10,2;54;45;45;60;7,3;2,7;
2024/07/03;1600 UTC;0;890,3;891,2;890,3;1412,6;23,5;9,1;24,9;22,6;11,8;8,7;49;38;40;20;5,2;2;
2024/07/03;1700 UTC;0;889,2;890,3;889,2;1997,8;25,3;8,3;25,6;23;10,3;8;44;34;34;34;5,9;3;
2024/07/03;1800 UTC;0;888,8;889,2;888,8;2217,9;24,8;8,3;25,7;24,1;9,1;7,6;37;33;35;57;6,8;2,5;
2024/07/03;1900 UTC;0;888,7;888,8;888,6;1095,8;24;9,4;25,5;24;9,4;7,9;40;33;40;71;4,9;2;
2024/07/03;2000 UTC;0;889,1;889,1;888,7;345,2;23,2;10,3;24;23;10,3;9,1;45;39;44;74;4,3;1,7;
2024/07/03;2100 UTC;0;889,3;889,3;889,1;110,6;21,2;10,2;23,2;21,2;10,5;10;49;44;49;86;3,8;2;
2024/07/03;2200 UTC;0;889,5;889,5;889,3;;19,9;10,1;21,2;19,9;10,3;10;53;49;53;84;3,7;2,2;
2024/07/03;2300 UTC;0;889,8;889,8;889,5;;19,3;10,6;20,1;19,3;10,6;10,1;57;53;57;80;4,5;2,4;
2024/07/04;0000 UTC;0;890,1;890,1;889,8;;18,3;11,2;19,4;16,8;11,3;10,6;68;57;63;73;4,5;2,5;
2024/07/04;0100 UTC;0;890,2;890,2;890;;19;11,5;19,4;18,2;11,6;11,2;64;60;62;85;5,1;3,4;
2024/07/04;0200 UTC;0;890;890,2;890;;17,8;11,5;19;17,8;11,7;11,5;67;62;67;77;5,1;2,9;
2024/07/04;0300 UTC;0;889,7;890;889,7;;18,4;11,6;18,4;17,6;11,7;11,5;68;64;64;93;5,4;3,2;
2024/07/04;0400 UTC;0;889,6;889,7;889,6;;17,5;11,4;18,4;17,5;11,6;11,4;67;64;67;91;5,1;3;
2024/07/04;0500 UTC;0;889;889,6;889;;17,9;11,6;18,1;17,5;11,6;11,3;67;65;66;94;5,2;3;
2024/07/04;0600 UTC;0;888,3;889;888,3;;18,2;11,1;18,2;17,6;11,6;11,1;67;63;63;98;5;3,3;
2024/07/04;0700 UTC;0;888,1;888,3;888,1;;17,8;10,9;18,2;17,7;11,1;10,9;65;63;64;97;4,9;3;
2024/07/04;0800 UTC;0;888,5;888,5;888;;17,4;10,7;17,9;17,4;10,9;10,7;65;64;65;92;6;2,8;
2024/07/04;0900 UTC;0;889;889;888,5;;17,3;10,8;17,6;17,2;10,9;10,7;66;64;66;96;5,2;3,2;
2024/07/04;1000 UTC;0;889,8;889,8;889;16,3;17,1;10,7;17,3;16,8;10,8;10,4;67;65;66;93;5,8;3,6;
2024/07/04;1100 UTC;0;890,6;890,6;889,7;446,1;18,8;11,1;18,8;17,1;11,2;10,7;66;61;61;93;6,6;3,8;
2024/07/04;1200 UTC;0;891,3;891,3;890,6;1157,6;20,2;10,3;20,3;18,8;11,3;9,8;61;53;53;80;8,1;5;
2024/07/04;1300 UTC;0;891,7;891,7;891,3;1751,4;21,7;9,9;22,1;19,9;10,8;9,6;54;46;47;90;8;4,5;
2024/07/04;1400 UTC;0;891,6;891,8;891,5;2376,7;23,4;9;23,5;21,6;10,3;7,6;48;37;40;122;7;2,9;
2024/07/04;1500 UTC;0;890,7;891,6;890,7;2471;23,7;7,9;24,4;22,7;8,8;6,8;40;34;36;145;7,2;2,1;
2024/07/04;1600 UTC;0;889,6;890,7;889,6;2797,7;25,2;8;25,2;23,7;8,9;7,4;37;33;33;143;7,2;1,2;
2024/07/04;1700 UTC;0;888,7;889,6;888,7;2649,2;25,2;7,6;25,8;24,1;8,6;7,1;35;32;33;95;6,5;1,5;
2024/07/04;1800 UTC;0;888,3;888,8;888,3;2248,6;25;6,8;25,9;24,7;8,5;6,8;34;31;31;97;5,4;2,5;
2024/07/04;1900 UTC;0;888;888,3;888;1677,6;25,1;6,9;25,9;24,8;7,8;6,7;33;31;31;108;5,8;2,2;
2024/07/04;2000 UTC;0;888,2;888,2;888;930,4;24,2;7,5;25,3;24,2;8;6,9;35;31;34;92;5,2;2,7;
2024/07/04;2100 UTC;0;888,7;888,7;888,2;201,1;22,3;8,2;24,2;22,2;8,3;7,6;41;34;41;112;5,2;,4;
2024/07/04;2200 UTC;0;889,2;889,2;888,7;;20,6;8,7;22,3;20,6;8,7;8,2;47;41;46;95;3,1;2;
2024/07/04;2300 UTC;0;889,8;889,8;889,2;;19,7;9,3;20,7;19,7;9,3;8,8;51;46;51;86;4,4;2,6;
2024/07/05;0000 UTC;0;890,3;890,3;889,8;;19,6;9,6;19,9;19,2;9,7;9,3;54;51;52;88;6,2;3,4;
2024/07/05;0100 UTC;0;890,7;890,7;890,3;;18,3;9,6;19,7;18,3;9,7;9,5;57;52;57;81;5,6;2,6;
2024/07/05;0200 UTC;0;890,9;890,9;890,7;;18,2;9,9;18,7;17,8;10;9,6;60;56;59;84;6,6;3,5;
2024/07/05;0300 UTC;0;890,5;890,9;890,5;;18,3;9,2;18,6;17,7;10;9,2;60;55;55;89;6,3;3,1;
2024/07/05;0400 UTC;0;890,2;890,6;890,2;;17,7;9,3;18,4;17,4;9,3;9;59;55;58;87;7,9;4,3;
2024/07/05;0500 UTC;0;889,8;890,2;889,8;;17,1;9,2;17,7;17,1;9,5;9,2;60;58;60;85;8,4;4,5;
2024/07/05;0600 UTC;0;889,5;889,8;889,4;;17;8,7;17,5;17;9,2;8,7;60;57;58;83;8,2;4;
2024/07/05;0700 UTC;0;889,4;889,5;889,3;;17,1;8,4;17,5;16,8;8,9;8,3;59;55;56;88;8,1;4,3;
2024/07/05;0800 UTC;0;889,9;889,9;889,4;;17,1;8,4;17,3;16,8;8,5;8,4;58;56;57;87;7,9;4;
2024/07/05;0900 UTC;0;890,2;890,2;889,9;;17;8,4;17,1;16,8;8,4;8,3;58;56;57;87;7,2;4,2;
2024/07/05;1000 UTC;0;890,8;890,8;890,2;15,5;16,9;8,6;17,1;16,8;8,6;8,4;58;57;58;92;8,9;5;
2024/07/05;1100 UTC;0;891,5;891,5;890,8;444,4;18;9;18;16,9;9;8,5;58;55;56;90;10;5,5;
2024/07/05;1200 UTC;0;892,2;892,2;891,5;1206,6;20,1;9,5;20,3;18;9,9;8,9;56;50;50;92;10;4,2;
2024/07/05;1300 UTC;0;892,7;892,7;892,2;1933,9;21,6;9,4;21,9;20;10,2;9,2;51;45;46;86;8,5;5;
2024/07/05;1400 UTC;0;892,7;892,8;892,6;2462,4;23,4;8,8;23,9;21,6;9,8;8,6;47;38;39;79;8,4;3,5;
2024/07/05;1500 UTC;0;892,2;892,7;892,2;2709,8;25,1;7,9;25,1;23,1;9,7;7,1;41;33;34;120;6,1;1,2;
2024/07/05;1600 UTC;0;891,2;892,2;891,2;2771,8;25,4;7,6;25,7;24;8,2;6,8;35;31;32;115;4,7;1,1;
2024/07/05;1700 UTC;0;890,4;891,2;890,4;2502,8;26;7,2;26,3;24,8;8,4;7,1;34;30;30;224;4,9;,8;
2024/07/05;1800 UTC;0;890;890,4;890;2020,7;26,1;7,6;26,7;25,8;8,5;7,3;32;30;31;119;5,1;2,2;
2024/07/05;1900 UTC;0;889,9;890;889,8;1470,8;26,5;7,8;26,9;25,6;8,3;7,4;32;30;31;94;4,8;,7;
2024/07/05;2000 UTC;0;890,2;890,2;889,9;821,4;25;8,5;26,5;25;8,8;7,6;35;30;35;80;4,7;2,6;
2024/07/05;2100 UTC;0;890,6;890,6;890,2;184,6;22,8;10,1;25,1;22,8;10,1;8,5;45;35;45;91;4,3;1,7;
2024/07/05;2200 UTC;0;891;891;890,6;;21,1;9,9;22,8;21,1;10,1;9,8;49;44;49;84;4;2,6;
2024/07/05;2300 UTC;0;891,5;891,5;891;;19,5;10,2;21,1;19,5;10,3;9,9;55;49;55;74;4,3;2,3;
2024/07/06;0000 UTC;0;891,8;891,8;891,5;;18,1;10,2;19,5;17,6;10,4;10,2;62;55;60;47;4;2,8;
2024/07/06;0100 UTC;0;892;892;891,8;;18,5;10,3;18,5;17,7;10,3;10,1;61;59;59;87;3,9;2,4;
2024/07/06;0200 UTC;0;892,1;892,2;892;;17,9;10,1;18,5;17,3;10,3;10,1;63;59;60;86;4,5;2,4;
2024/07/06;0300 UTC;0;892,2;892,2;892,1;;18;10,1;18,4;17,9;10,2;9,9;60;58;60;88;5;2,4;
2024/07/06;0400 UTC;0;892;892,2;892;;17,7;10,3;18,6;16,9;10,4;9,9;64;58;62;88;4,7;2,7;
2024/07/06;0500 UTC;0;891,5;892;891,5;;16,8;10,4;17,7;16,8;10,5;10,2;66;62;66;63;4,1;2,3;
2024/07/06;0600 UTC;0;891,2;891,5;891,1;;16,7;10,4;16,8;16,2;10,5;10,2;68;66;66;61;4;1,7;
2024/07/06;0700 UTC;0;891,1;891,2;891,1;;16,8;10,4;17,2;16,5;10,6;10,3;67;64;66;75;5;2,6;
2024/07/06;0800 UTC;0;891,2;891,2;891;;17,7;10,2;17,7;16,4;10,5;10,1;67;61;61;82;5,4;2,6;
2024/07/06;0900 UTC;0;891,6;891,6;891,2;;17,5;9,7;17,8;17,3;10,1;9,7;62;60;60;86;5,5;3,2;
2024/07/06;1000 UTC;0;892;892;891,5;14,8;17,6;9,2;17,6;17,1;9,6;9,1;61;58;58;81;6;3,3;
2024/07/06;1100 UTC;0;892,6;892,6;892;451,7;20,1;10,3;20,1;17,7;10,3;9,1;58;53;53;78;6,7;3,5;
2024/07/06;1200 UTC;0;893,3;893,3;892,6;1226,2;22;10,6;22;20;10,7;10,2;54;48;48;70;7,4;3,7;
2024/07/06;1300 UTC;0;893,5;893,5;893,3;1944,4;23,6;9,1;23,8;21,9;11,1;8,8;49;39;40;52;7,7;4,5;
2024/07/06;1400 UTC;0;893,4;893,6;893,3;2468,1;24,6;9,8;24,7;23,3;10,2;9,1;42;38;39;35;8,2;3,6;
2024/07/06;1500 UTC;0;893,1;893,4;893,1;2725,7;24,5;8,8;25,4;24,1;10,3;8,5;40;35;37;39;7,4;1,8;
2024/07/06;1600 UTC;0;892,1;893,1;892,1;2797,3;25,6;8,1;26,5;24,4;10,1;8;38;32;33;129;5,8;1;
2024/07/06;1700 UTC;0;891,4;892,1;891,4;2649,9;26,1;8,3;26,8;25,4;9,5;8,2;36;32;32;11;11,5;2,3;
2024/07/06;1800 UTC;0;890,7;891,4;890,7;2283,1;26,4;8,3;27,2;26;8,9;7,7;34;30;32;340;6,1;1,4;
2024/07/06;1900 UTC;0;890,4;890,7;890,4;1665,9;26,4;8,7;27,5;26,3;9,3;8,3;34;31;33;359;5,4;2,3;
2024/07/06;2000 UTC;0;890,5;890,5;890,3;930,1;25,8;9,1;26,6;25,8;9,3;8,6;35;33;35;337;4,9;1,8;
2024/07/06;2100 UTC;0;890,8;890,8;890,5;206,6;22,2;10,4;25,8;22,2;10,5;9;47;35;47;58;4,3;,4;
2024/07/06;2200 UTC;0;891;891;890,8;;22,4;8,9;22,9;21,3;10,5;8,8;49;41;42;81;3,3;1,6;
2024/07/06;2300 UTC;0;891,3;891,3;891;;20,7;10,7;22,4;20,6;10,7;8,9;53;42;53;85;5,3;2,9;
2024/07/07;0000 UTC;0;891,8;891,8;891,3;;19,1;11;20,7;18,3;11,1;10,3;61;53;59;73;4,8;2,5;
2024/07/07;0100 UTC;0;891,9;892;891,8;;18,4;11;19,3;18,1;11,1;11;63;59;62;69;3,5;2,1;
2024/07/07;0200 UTC;0;891,6;891,9;891,6;;19,7;10,5;19,9;18,4;11;10,4;62;55;55;83;6,1;4;
2024/07/07;0300 UTC;0;891,5;891,7;891,5;;18,8;10,4;19,7;18,8;10,4;10,2;58;55;58;94;6,1;3,2;
2024/07/07;0400 UTC;0;891,6;891,6;891,5;;18,7;10,9;18,9;18,5;10,9;10,4;61;58;61;96;5,9;3,8;
2024/07/07;0500 UTC;0;891,3;891,6;891,3;;18,5;10,9;18,7;18,2;11;10,8;62;61;61;95;6,6;4;
2024/07/07;0600 UTC;0;891;891,3;891;;18;10,9;18,5;17,9;11;10,8;64;61;64;90;6,6;3,8;
2024/07/07;0700 UTC;0;890,7;891;890,7;;18,1;10,8;18,4;17,4;11;10,7;65;62;62;83;6,2;4;
2024/07/07;0800 UTC;0;890,8;890,9;890,7;;17,7;10,3;18,3;17,7;10,8;10,3;62;60;62;84;6,2;3,4;
2024/07/07;0900 UTC;0;890,7;890,8;890,6;;17,4;10,3;17,7;17;10,4;10,2;65;62;63;71;6,5;3,8;
2024/07/07;1000 UTC;0;891,4;891,4;890,7;18,1;17;10,3;17,4;16,9;10,3;10,2;65;63;65;58;6;2,8;
2024/07/07;1100 UTC;0;891,9;891,9;891,4;450,7;19,5;11,2;19,5;16,9;11,3;10,3;65;58;59;65;7,6;4,2;
2024/07/07;1200 UTC;0;892,8;892,8;892;1235,3;22,4;10,4;22,4;19,5;11,3;10,4;59;47;47;60;8,1;3,3;
2024/07/07;1300 UTC;0;892,9;893;892,8;1962,5;23,8;7,8;24,3;22,1;10,5;7,5;47;35;36;52;7,8;4,2;
2024/07/07;1400 UTC;0;892,8;893;892,8;2485,5;24,9;7,1;25,1;23,8;8,7;7,1;37;32;32;358;7,8;3,7;
2024/07/07;1500 UTC;0;892,2;892,8;892,2;2765,1;25,8;1,4;26,1;24,5;7,4;-,4;33;18;20;3;7,8;3,9;
2024/07/07;1600 UTC;0;891,5;892,3;891,5;2850,1;26;2,9;26,5;25,3;4,8;1,5;26;20;22;10;7,5;2,6;
2024/07/07;1700 UTC;0;890,4;891,5;890,4;2693,8;27;2,4;27,7;25,9;4;2,3;24;20;20;14;7,3;2,1;
2024/07/07;1800 UTC;0;889,9;890,4;889,9;2309,1;27,2;3,2;27,4;26,4;3,4;2,1;22;20;21;319;5,5;1,6;
2024/07/07;1900 UTC;0;889,7;889,9;889,7;1700,2;27,1;2,9;27,7;26,9;3,6;2,3;22;20;21;323;5,7;1,7;
2024/07/07;2000 UTC;0;889,9;889,9;889,7;947,1;26,7;2,9;27,5;26,5;3,9;2,6;23;21;21;344;4,1;1,5;
2024/07/07;2100 UTC;0;890,1;890,1;889,8;223,3;23,2;3,6;26,8;23,2;3,8;2,5;28;21;28;304;2,9;,2;
2024/07/07;2200 UTC;0;890,5;890,5;890,1;;21,6;4,4;23,2;21,3;4,5;3,3;33;28;33;62;2,3;,3;
2024/07/07;2300 UTC;0;890,7;890,7;890,5;;21,4;4,3;22,4;21,1;5,1;4,1;35;32;33;121;2;0;
2024/07/08;0000 UTC;0;891,1;891,1;890,7;;20;4,5;21,9;19,7;4,5;3,2;37;30;36;75;4;2,4;
2024/07/08;0100 UTC;0;891,4;891,4;891,1;;20,8;5,3;20,8;19;5,8;4,7;41;36;36;83;3,4;1,8;
2024/07/08;0200 UTC;0;891,5;891,5;891,4;;18,9;6;20,8;18,3;6,2;5,3;44;36;43;70;3;1,6;
2024/07/08;0300 UTC;0;891,5;891,5;891,4;;20,3;4,7;20,3;18,9;6;4,7;43;36;36;81;2,9;2,2;
2024/07/08;0400 UTC;0;891,2;891,5;891,2;;18,1;6,3;20,4;17,9;6,4;4,7;47;36;46;76;2,9;1,1;
2024/07/08;0500 UTC;0;890,7;891,2;890,7;;18;6,1;19,2;17,5;6,3;5,8;47;42;46;56;2,8;2,1;
2024/07/08;0600 UTC;0;890,2;890,7;890,2;;17,7;5,8;18,3;17,6;6,2;5,7;47;45;45;56;2,9;1,9;
2024/07/08;0700 UTC;0;890;890,2;890;;17,9;5,3;18;17,4;5,8;5;46;43;44;66;2,8;2;
2024/07/08;0800 UTC;0;890;890,1;890;;16,9;6,1;18,4;16,9;6,1;4,9;49;41;49;85;2,8;0;
2024/07/08;0900 UTC;0;890,1;890,1;890;;16,5;7,7;18;16,5;7,7;6,1;56;49;56;55;1,9;1,3;
2024/07/08;1000 UTC;0;890,5;890,5;890,1;18,7;17,5;7,6;17,8;16,3;7,8;7,5;57;51;52;63;1,9;,6;
2024/07/08;1100 UTC;0;891,2;891,2;890,5;431,5;21,9;7,5;21,9;17,3;9,2;7,5;53;40;40;34;1,8;0;
2024/07/08;1200 UTC;0;891,6;891,6;891,2;1126;23,2;7;23,4;21,5;8,2;6,6;42;35;35;16;2,6;1;
2024/07/08;1300 UTC;0;891,7;891,7;891,6;1843,6;25,3;5,7;25,4;23,2;7,9;4,6;36;28;29;267;2,9;,7;
2024/07/08;1400 UTC;0;891,5;891,7;891,4;2353,4;25,9;4,5;26,4;24,7;6,7;3,6;29;24;25;239;4,9;1,9;
2024/07/08;1500 UTC;0;890,7;891,5;890,7;2682,2;26,9;4,8;27,1;25,5;5,9;4,3;27;24;24;228;5,6;1,6;
2024/07/08;1600 UTC;0;889,8;890,7;889,8;2801,6;27,2;4,5;27,8;26,2;5,5;4,1;26;22;23;300;5,2;1,6;
2024/07/08;1700 UTC;0;889;889,8;889;2633,8;27,6;4,6;28,6;26,8;5,8;3,7;24;21;23;136;5,2;2,2;
2024/07/08;1800 UTC;0;888,4;889;888,4;2221,1;27,9;3,9;28,6;27,5;5,2;3,2;23;21;22;167;6,1;2,3;
2024/07/08;1900 UTC;0;888,3;888,4;888,3;1618,4;27,6;4;28,6;27,3;4,9;3,5;23;21;22;170;5,3;2,4;
2024/07/08;2000 UTC;0;888,4;888,4;888,3;898,5;26,9;4,5;27,7;26,9;5,1;3,7;24;22;24;162;5,2;1,8;
2024/07/08;2100 UTC;0;888,3;888,4;888,3;196,5;25;5;26,9;25;5,7;4,4;28;24;28;183;3,9;1,2;
2024/07/08;2200 UTC;0;888,6;888,6;888,3;;21,5;5,8;25;20,6;7;5;41;28;36;61;3,2;2,2;
2024/07/08;2300 UTC;0;889,1;889,1;888,6;;20,3;7;21,5;19,7;7;5,8;42;36;42;90;3,5;1;
2024/07/09;0000 UTC;0;889,5;889,5;889,1;;18,1;7,1;22,2;17,6;7,1;5,7;50;35;49;49;4;2;
2024/07/09;0100 UTC;0;889,7;889,7;889,5;;19;6,6;20;18,1;7,1;6,5;49;42;44;50;3,5;2,8;
2024/07/09;0200 UTC;0;889,6;889,7;889,6;;18,1;6,7;19;17,9;7;6,5;48;44;47;43;3,4;0;
2024/07/09;0300 UTC;0;889,4;889,6;889,4;;20,5;7,4;20,5;18;7,5;6,5;50;43;43;77;3,4;2,4;
2024/07/09;0400 UTC;0;889,4;889,6;889,4;;18,1;7,8;20,7;18,1;7,8;7,3;51;42;51;59;3,7;2,1;
2024/07/09;0500 UTC;0;888,9;889,4;888,9;;19,2;7,5;19,6;17,9;8;7,4;51;46;47;75;3;2;
2024/07/09;0600 UTC;0;888,5;888,9;888,5;;18,7;7,3;20,1;18,7;7,6;7,3;48;44;48;68;3,5;2;
2024/07/09;0700 UTC;0;888,4;888,5;888,3;;17,9;7,2;19;17,9;7,5;7,1;50;46;50;52;4;2,9;
2024/07/09;0800 UTC;0;888,4;888,4;888,3;;18;7,5;18,7;17,6;7,5;6,9;50;46;50;69;3,7;2,5;
2024/07/09;0900 UTC;0;888,6;888,6;888,4;;16,5;7,9;18,1;16,4;7,9;7,6;57;50;57;35;3,4;1,1;
2024/07/09;1000 UTC;0;889,1;889,1;888,6;16,2;18;8,1;18;16,5;8,1;7,9;57;52;52;56;4,9;2,9;
2024/07/09;1100 UTC;0;889,7;889,7;889,1;387,3;21,1;8,6;21,1;17,8;8,7;8,1;53;44;45;43;3,7;1,4;
2024/07/09;1200 UTC;0;890,1;890,1;889,7;1133;23,6;8,4;23,6;21,1;9;8,1;45;37;38;8;6;2,6;
2024/07/09;1300 UTC;0;890,3;890,4;890,1;1906,3;24,5;7,8;24,5;23,5;8,7;7,3;38;34;34;360;7,2;4;
2024/07/09;1400 UTC;0;890,1;890,3;890,1;2457,1;25,7;8,2;25,7;24,3;8,4;7,5;35;32;33;13;8,7;3,2;
2024/07/09;1500 UTC;0;889,6;890,1;889,6;2726,7;26,6;6,9;26,7;25,2;8,7;6,8;34;29;29;6;7,2;3,4;
2024/07/09;1600 UTC;0;888,8;889,7;888,8;2678;26,5;7,7;27,3;26;8,1;6,4;31;28;30;2;6,7;2,8;
2024/07/09;1700 UTC;0;887,9;888,8;887,9;2620,9;27,4;7;27,9;26,4;7,9;6,3;30;27;28;343;6,3;2,1;
2024/07/09;1800 UTC;0;887,3;887,9;887,3;2212,7;27,7;7,1;28;26,6;7,6;6,4;29;27;27;342;5,9;2,3;
2024/07/09;1900 UTC;0;887;887,3;887;1658,1;27;7,3;27,8;26,8;7,7;6,7;29;27;29;13;5;1,8;
2024/07/09;2000 UTC;0;886,9;887;886,9;952,1;26,8;7,3;27,4;26,7;7,6;6,9;29;28;29;344;4,7;2,2;
2024/07/09;2100 UTC;0;887,2;887,2;886,9;217,4;23,7;7,5;26,8;23,7;7,6;6,8;35;28;35;343;4,3;,2;
2024/07/09;2200 UTC;0;887,3;887,4;887,2;;22,6;7,7;23,7;21,5;8,5;7,4;43;35;38;91;2,2;1,6;
2024/07/09;2300 UTC;0;887,7;887,7;887,3;;20,8;7,3;22,9;20,8;7,8;7,1;42;37;42;63;4,1;2,6;
2024/07/10;0000 UTC;0;888,5;888,5;887,7;;20,5;7,4;21,2;19,6;7,9;7,2;47;41;43;60;3,5;1,4;
2024/07/10;0100 UTC;0;888,9;888,9;888,5;;19,8;7,8;21;19,5;7,8;7,2;46;41;46;48;2,4;1,4;
2024/07/10;0200 UTC;0;888,9;889;888,9;;18,9;8;19,9;18,8;8,3;7,8;50;46;49;66;2,5;1;
2024/07/10;0300 UTC;0;889;889;888,9;;18;8,5;20;17,2;8,6;7,4;56;46;54;167;2,6;0;
2024/07/10;0400 UTC;0;888,9;889;888,9;;19,2;8;19,4;18;8,6;7,9;54;48;48;93;1;0;
2024/07/10;0500 UTC;0;888,6;888,9;888,6;;19,1;7,7;19,3;18,8;8;7,7;49;48;48;77;1,3;0;
2024/07/10;0600 UTC;0;888,1;888,6;888,1;;19,1;7,5;19,2;18,8;7,8;7,5;48;47;47;97;2,1;1,7;
2024/07/10;0700 UTC;0;887,8;888,1;887,8;;20;7,4;20,1;19;7,5;7,3;47;43;44;88;2,4;1,9;
2024/07/10;0800 UTC;0;888;888,1;887,8;;17,8;8;20,1;17,5;8;7,4;53;44;53;84;3,8;2;
2024/07/10;0900 UTC;0;888,3;888,4;888;;18,9;8,1;19;16,5;8,1;7,7;57;49;49;100;3,1;2,4;
2024/07/10;1000 UTC;0;888,9;888,9;888,3;15,2;17,7;8,5;19,3;16,7;8,6;7,9;58;48;55;42;3,6;2,3;
2024/07/10;1100 UTC;0;889,5;889,5;888,9;422,5;21,3;9,1;21,3;17,5;10;8,5;56;46;46;41;2,9;,8;
2024/07/10;1200 UTC;0;890,3;890,3;889,5;1174,4;23,8;7,9;24;21,3;9,5;7,9;47;36;36;4;4,5;2,2;
2024/07/10;1300 UTC;0;890,6;890,6;890,3;1903;24,9;8,3;25,3;23,7;8,6;7,5;37;34;35;19;5,4;2,6;
2024/07/10;1400 UTC;0;890,6;890,7;890,6;2439;25,7;8,1;26,2;24,6;8,6;7,3;35;32;33;1;6;3,3;
2024/07/10;1500 UTC;0;889,9;890,6;889,8;2707,5;26,4;7,9;26,6;25,3;8,3;6,6;33;29;31;17;6,7;2,9;
2024/07/10;1600 UTC;0;889;889,9;889;2795,3;26,8;7,6;27,4;25,2;8,3;6,9;32;29;30;342;9,1;3;
2024/07/10;1700 UTC;0;888,4;889;888,4;2646,3;27,5;7;28,1;26,4;7,9;6,4;30;27;27;26;6,2;1,7;
2024/07/10;1800 UTC;0;887,8;888,4;887,8;2248,8;27,5;6,4;28;26,8;7,7;5,4;29;25;26;36;5,9;2,9;
2024/07/10;1900 UTC;0;887,5;887,8;887,5;1663,3;27,5;7;28,2;27,1;7,2;6;28;25;27;11;6;2;
2024/07/10;2000 UTC;0;887,7;887,7;887,5;930,2;26,6;6,9;27,5;26,6;7,5;6,7;29;27;29;13;5,3;1,7;
2024/07/10;2100 UTC;0;888,2;888,2;887,7;224;23,9;7,1;26,7;23,9;7,6;7;34;29;34;25;3,4;,7;
2024/07/10;2200 UTC;0;888,5;888,5;888,2;;22,2;7,2;23,9;21,7;7,7;7,1;40;34;38;69;2,4;,4;
2024/07/10;2300 UTC;0;889,2;889,2;888,5;;22;7,6;22,8;21,4;8;7,2;42;37;40;121;1,5;0;
2024/07/11;0000 UTC;0;889,9;889,9;889,2;;20,7;8,3;22;20;8,4;7,3;46;39;45;67;5,6;1,9;
2024/07/11;0100 UTC;0;890;890;889,9;;19,9;8,8;20,9;19,7;8,8;8,4;49;45;49;59;3,1;1,9;
2024/07/11;0200 UTC;0;889,9;890;889,9;;20;8,3;20,1;19,2;8,9;8,3;51;47;47;56;3,1;2,5;
2024/07/11;0300 UTC;0;889,9;889,9;889,8;;19,4;7,8;20,1;19,3;8,4;7,8;48;46;47;53;3,5;2,5;
2024/07/11;0400 UTC;0;889,8;889,9;889,8;;19,6;7,3;19,8;19,2;7,8;7,3;47;45;45;59;2,9;1,9;
2024/07/11;0500 UTC;0;889,5;889,8;889,5;;20,6;6,9;20,7;19,6;7,3;6,9;45;41;41;73;2,6;1,1;
2024/07/11;0600 UTC;0;889,4;889,5;889,3;;20,3;7,1;21,3;19,9;7,3;6,5;44;39;43;76;2,4;1,3;
2024/07/11;0700 UTC;0;889,4;889,4;889,3;;20,6;7,8;20,8;20,2;7,9;7,1;44;41;44;83;2,7;1,8;
2024/07/11;0800 UTC;0;889,9;889,9;889,4;;18,7;7,5;20,8;18,1;8;7,4;51;43;48;81;3,3;2;
2024/07/11;0900 UTC;0;890,3;890,3;889,9;;19,5;7,7;19,5;18;7,8;7,3;50;47;47;87;4,1;2,7;
2024/07/11;1000 UTC;0;890,8;890,8;890,3;14,9;19,4;8;19,8;19,4;8,1;7,7;48;46;48;87;4,3;2,5;
2024/07/11;1100 UTC;0;891,5;891,5;890,8;430,7;21,5;8,8;21,5;19,4;8,8;8,1;49;44;44;81;4,8;2,7;
2024/07/11;1200 UTC;0;892,3;892,4;891,5;1184,1;25,2;7,4;25,3;21,5;9,1;7,4;44;32;32;51;6,2;3,8;
2024/07/11;1300 UTC;0;892,4;892,5;892,3;1921,3;26,3;7,5;26,4;25;7,7;6,7;33;30;30;26;8,4;3,5;
2024/07/11;1400 UTC;0;892,3;892,5;892,3;2453,7;26,9;7,4;27,4;25,9;8,2;6,3;31;27;29;30;8,1;3,8;
2024/07/11;1500 UTC;0;891,8;892,4;891,8;2731,5;27,2;7,4;27,5;26,4;7,9;6,6;30;27;29;3;8,3;3,7;
2024/07/11;1600 UTC;0;891,1;891,8;891,1;2787,4;27,6;6,2;28,5;26,7;7,9;6;30;25;26;66;8,6;3,6;
2024/07/11;1700 UTC;0;890,2;891,1;890,1;2608;28,4;6,4;28,9;27,4;7,7;6,4;29;25;25;51;10,3;3,3;
2024/07/11;1800 UTC;0;889,8;890,2;889,7;2273,5;28,5;5,2;29,1;28;6,8;4,7;26;22;23;59;10,3;5;
2024/07/11;1900 UTC;0;890;890;889,7;1694,4;27,8;5,9;28,7;27,7;6,4;4,7;25;22;25;62;9,9;3,4;
2024/07/11;2000 UTC;0;890,5;890,5;890;950,4;26,9;7,1;28;26,9;7,4;5,9;29;25;28;60;7,4;2;
2024/07/11;2100 UTC;0;890,8;890,8;890,5;218,9;24,5;7,9;26,9;24,5;8;6,9;35;28;35;81;5,6;2,1;
2024/07/11;2200 UTC;0;891,4;891,4;890,8;;22,9;7,4;24,5;22,9;8,1;7,3;37;35;37;88;4,2;2,5;
2024/07/11;2300 UTC;0;892,1;892,1;891,4;;21,5;7,2;22,9;21,4;7,3;7;40;36;40;86;4,2;2,9;
2024/07/12;0000 UTC;0;892,8;892,8;892,1;;20,7;7,2;21,4;20,6;7,3;7,1;42;40;42;89;4,2;2,9;
2024/07/12;0100 UTC;0;893,2;893,2;892,8;;20,8;7,4;21,3;20,5;7,5;7;42;40;42;86;5,9;3,2;
2024/07/12;0200 UTC;0;893,4;893,4;893,2;;20,6;8,4;20,8;20,2;8,4;7,4;46;42;45;92;5,9;2,9;
2024/07/12;0300 UTC;0;893,3;893,4;893,2;;20;8,8;20,6;19,9;8,8;8,3;48;45;48;92;6;2,4;
2024/07/12;0400 UTC;0;893;893,3;893;;20,3;9,1;20,5;19,8;9,1;8,7;49;48;49;98;5,6;3,6;
2024/07/12;0500 UTC;0;892,6;893,1;892,6;;20;8,9;20,5;20;9,2;8,9;49;48;49;103;5,2;3;
2024/07/12;0600 UTC;0;892,5;892,6;892,4;;19,6;8,6;20,4;19,6;8,9;8,5;49;47;49;99;6,5;4,3;
2024/07/12;0700 UTC;0;892,6;892,6;892,5;;19,2;8,6;19,9;19,1;8,7;8,5;51;48;50;90;7,5;4,5;
2024/07/12;0800 UTC;0;892,7;892,8;892,5;;18,1;8,7;19,2;18,1;8,9;8,6;54;50;54;82;7,8;3,7;
2024/07/12;0900 UTC;0;893,1;893,1;892,7;;18,2;9,1;18,5;18,1;9,1;8,8;56;54;55;88;7,2;3,3;
2024/07/12;1000 UTC;0;893,4;893,4;893,1;14,9;18,7;9,5;18,7;18,1;9,6;9,1;56;55;55;82;6,2;3,5;
2024/07/12;1100 UTC;0;894,2;894,2;893,4;444;19,9;10,5;19,9;18,7;10,5;9,5;55;54;55;77;6,9;3,8;
2024/07/12;1200 UTC;0;894,8;894,8;894,2;1214,5;21,8;11,3;21,9;19,9;11,5;10,5;56;51;51;61;7,1;4;
2024/07/12;1300 UTC;0;894,7;894,9;894,7;1947,7;24;11,1;24,1;21,7;11,7;10,8;52;43;44;59;7,1;2,7;
2024/07/12;1400 UTC;0;894,4;894,7;894,4;2491,7;25;9,9;25,5;24;11,6;8,3;45;35;39;96;7;3,7;
2024/07/12;1500 UTC;0;893,8;894,5;893,8;2774,5;25,8;9,1;25,9;24,8;10,8;7,2;40;32;35;92;8,1;3,8;
2024/07/12;1600 UTC;0;893;893,9;893;2840,3;26,9;8,4;27,1;25,2;9,5;6,3;36;28;31;88;8,7;3,3;
2024/07/12;1700 UTC;0;892,1;893,1;892,1;2685,2;26,9;8,1;27,6;26;8,4;6,5;32;27;30;93;10,2;3,6;
2024/07/12;1800 UTC;0;891,8;892,1;891,7;2292,9;26,8;7,7;27,7;26,5;8,6;7,4;31;29;30;115;10,2;3;
2024/07/12;1900 UTC;0;891,9;891,9;891,7;1707,7;26,9;6,3;27,4;26,4;8,4;6,3;31;27;27;95;7,9;3,4;
2024/07/12;2000 UTC;0;892,3;892,3;891,8;980;26;7,3;27;26;7,6;5,9;31;26;30;107;8,2;3,5;
2024/07/12;2100 UTC;0;892,4;892,4;892,3;234,9;23,4;7,1;26;23,4;7,5;6,3;35;30;35;90;8,2;1,9;
2024/07/12;2200 UTC;0;892,6;892,6;892,4;;21,5;7,7;23,5;21,5;7,9;7,1;41;35;41;84;4,6;2,9;
2024/07/12;2300 UTC;0;893,1;893,1;892,6;;20,5;7,8;21,5;20,3;7,8;7,5;44;41;44;90;4,5;2,6;
2024/07/13;0000 UTC;0;893,6;893,6;893,1;;20,6;8,1;20,9;20,2;8,3;7,6;45;43;45;91;4,5;2,3;
2024/07/13;0100 UTC;0;893,7;893,7;893,5;;18,4;8,8;20,7;18,2;8,8;8,1;54;45;54;87;4,5;,9;
2024/07/13;0200 UTC;0;893,6;893,7;893,6;;19,1;9,5;19,3;18,4;9,6;8,8;54;52;54;96;6,8;4,2;
2024/07/13;0300 UTC;0;893,7;893,8;893,6;;18,3;9,7;19,2;18,3;9,7;9,5;57;54;57;104;6,8;2,1;
2024/07/13;0400 UTC;0;893,3;893,7;893,3;;18,3;9,4;18,4;18;9,7;9,4;58;56;56;100;5;3,2;
2024/07/13;0500 UTC;0;892,8;893,3;892,8;;17,6;9,5;18,3;17,6;9,5;9,4;59;56;59;105;5,1;2,9;
2024/07/13;0600 UTC;0;892,1;892,8;892,1;;17,7;9,5;17,9;17,4;9,6;9,4;60;58;59;102;5,8;2,4;
2024/07/13;0700 UTC;0;892,2;892,2;892;;17,1;10;17,8;17,1;10,2;9,5;63;59;63;112;4,8;2;
2024/07/13;0800 UTC;0;892,5;892,5;892,2;;15,9;9,6;17,2;15,8;10,3;9,6;67;63;66;94;4,9;2,2;
2024/07/13;0900 UTC;0;892,8;892,9;892,5;;15,6;8,2;15,9;15,6;9,6;8,1;67;60;61;87;6,3;3,3;
2024/07/13;1000 UTC;0;893,4;893,4;892,8;15,8;15,7;8;16;15,4;8,3;7,9;62;60;60;87;7,8;3,6;
2024/07/13;1100 UTC;0;893,9;893,9;893,4;455,5;17;8,4;17;15,7;8,6;8;60;57;57;92;9,4;4,9;
2024/07/13;1200 UTC;0;894,5;894,5;893,9;1248,5;19;8,8;19,1;16,9;8,9;8,5;58;51;51;76;10,2;5;
2024/07/13;1300 UTC;0;894,7;894,8;894,5;1987,7;20,5;8,8;21,3;19;9,5;8,3;52;45;47;94;10,5;4;
2024/07/13;1400 UTC;0;894,5;894,8;894,5;2525;21,5;8;22;20,5;8,9;7,8;47;41;42;94;9,6;5,2;
2024/07/13;1500 UTC;0;893,8;894,5;893,8;2797,9;22,2;6,5;22,9;21,5;8,3;6,2;42;34;36;87;10,4;5,2;
2024/07/13;1600 UTC;0;893,3;893,9;893,2;2898,6;23,7;6,7;23,7;22;7;5,7;38;33;33;79;10,5;4,8;
2024/07/13;1700 UTC;0;892,2;893,3;892,2;2738,6;24,2;7;24,4;22,9;7,2;5,2;35;30;33;107;12,3;4,7;
2024/07/13;1800 UTC;0;891,7;892,2;891,6;2345,9;24,1;5,3;24,6;23,5;7;4,8;34;29;30;97;10,2;4,7;
2024/07/13;1900 UTC;0;891,8;891,8;891,5;1723,1;23,7;3,9;24,8;23,6;6;3,4;31;25;28;84;9,2;4,1;
2024/07/13;2000 UTC;0;892,1;892,1;891,8;978,1;22,9;3,3;24,1;22,9;4,2;3;29;26;28;85;9,3;3,7;
2024/07/13;2100 UTC;0;892,3;892,3;892,1;246,7;20,3;4,4;22,9;20,3;4,4;3,5;35;28;35;80;8,5;2,8;
2024/07/13;2200 UTC;0;892,6;892,6;892,3;;18,4;5,7;20,3;17,9;5,7;4,5;44;35;43;83;5,3;3,4;
2024/07/13;2300 UTC;0;893,2;893,2;892,6;;18,2;5,8;18,8;18,1;5,9;5,6;45;42;44;97;5,3;2,9;
2024/07/14;0000 UTC;0;893,7;893,7;893,2;;17,3;5,9;18,3;17,3;5,9;5,6;47;44;47;92;4,6;2,4;
2024/07/14;0100 UTC;0;893,7;893,8;893,7;;16,4;6,3;17,3;16,3;6,3;5,8;51;47;51;87;4,7;2,7;
2024/07/14;0200 UTC;0;893,6;893,7;893,6;;16,5;6,8;16,8;16,2;6,8;6,3;53;50;53;91;4,5;2,6;
2024/07/14;0300 UTC;0;893,3;893,6;893,3;;15,8;6,8;16,6;15,4;6,9;6,7;57;52;55;103;4,5;2,3;
2024/07/14;0400 UTC;0;893,1;893,4;893,1;;13,8;6,8;16,1;13,6;6,9;6,4;63;54;63;54;4,3;1,8;
2024/07/14;0500 UTC;0;892,8;893,1;892,8;;14,6;6,3;15,6;13,8;6,9;6,3;63;55;58;68;3;2;
2024/07/14;0600 UTC;0;892,5;892,8;892,4;;14,2;6,6;14,9;14,1;6,6;6,4;60;57;60;68;4,5;2,6;
2024/07/14;0700 UTC;0;892,4;892,5;892,4;;13,2;6,6;14,7;13,2;6,7;6,4;64;58;64;56;4,5;3,6;
2024/07/14;0800 UTC;0;892,3;892,4;892,2;;15;6,7;15;12,9;6,8;6,5;65;58;58;78;5,4;3;
2024/07/14;0900 UTC;0;892,5;892,5;892,3;;14,7;7,4;15,2;14,6;7,4;6,6;62;57;62;54;7,1;3,9;
2024/07/14;1000 UTC;0;892,8;892,8;892,5;16,3;14,7;7,7;14,8;13,3;7,7;7,2;67;61;63;57;7,1;3,7;
2024/07/14;1100 UTC;0;893,5;893,5;892,7;469,8;16,7;8,3;16,7;14,7;8,3;7,7;63;57;57;60;9,6;4,7;
2024/07/14;1200 UTC;0;893,8;893,9;893,5;1167,3;18,8;8,6;19;16,7;9,1;8,3;57;51;51;58;11;6,4;
2024/07/14;1300 UTC;0;894,2;894,3;893,8;1972;20,1;8,5;20,5;18,7;9;8,3;52;47;47;42;12,7;5,7;
2024/07/14;1400 UTC;0;894;894,3;894;2540,2;21,7;8,2;22,1;19,8;8,9;8;48;41;42;52;11;5,4;
2024/07/14;1500 UTC;0;893,4;894,1;893,3;2825,2;22,3;5,8;23,1;21,2;8,6;5,8;44;34;34;360;9;3,4;
2024/07/14;1600 UTC;0;892,5;893,4;892,5;2899,2;23,4;6,6;23,8;22,1;7,7;6;39;33;34;3;8,4;2,8;
2024/07/14;1700 UTC;0;891,7;892,5;891,6;2666,7;23,6;6,3;24,2;22,6;7,2;6;35;32;33;19;7,8;2,3;
2024/07/14;1800 UTC;0;891,3;891,7;891,2;2219,8;23,8;6,2;24,7;23,2;7,2;5,8;34;31;32;57;5,8;2,3;
2024/07/14;1900 UTC;0;891;891,3;891;1572;23,8;6,5;24,6;23,7;7,2;5,8;33;31;33;110;9,1;1,9;
2024/07/14;2000 UTC;0;891,3;891,3;891;900,3;23;6;24;23;6,5;5,8;34;31;33;85;5,1;2,6;
2024/07/14;2100 UTC;0;891,6;891,6;891,3;234,9;20,5;7,2;23;20,5;7,2;6;42;33;42;85;4,3;2;
2024/07/14;2200 UTC;0;891,8;891,8;891,6;;18,6;7,8;20,5;18;7,9;7,2;51;42;50;81;4,8;3,3;
2024/07/14;2300 UTC;0;892,3;892,3;891,8;;18,2;8;19;18,2;8;7,7;51;48;51;80;5,6;2,8;
2024/07/15;0000 UTC;0;892,9;892,9;892,3;;17,4;8;18,3;17,2;8,2;7,9;55;51;54;76;4,1;2,1;
2024/07/15;0100 UTC;0;893,4;893,4;892,9;;17,2;8,2;17,9;17;8,3;7,8;56;52;56;100;6,2;3;
2024/07/15;0200 UTC;0;893,2;893,4;893,2;;16,9;8,1;17,6;16,9;8,3;8;56;54;56;96;4,6;2,3;
2024/07/15;0300 UTC;0;893,2;893,2;893,1;;16,1;7,8;17,1;16,1;8,1;7,7;58;55;58;92;4,4;2,8;
2024/07/15;0400 UTC;0;893;893,2;893;;15,7;8;16,4;15,7;8;7,8;60;57;60;92;5;3,3;
2024/07/15;0500 UTC;0;892,6;893;892,6;;15,7;7,9;15,9;15,6;8;7,9;60;59;60;99;5;3,3;
2024/07/15;0600 UTC;0;892,5;892,6;892,4;;15,2;7,8;15,7;15;7,9;7,8;62;59;61;99;6;3,7;
2024/07/15;0700 UTC;0;892,4;892,5;892,4;;15,1;7,8;15,3;15;7,9;7,8;62;61;62;91;6,5;3,5;
2024/07/15;0800 UTC;0;892,6;892,6;892,4;;14,7;7,8;15,2;14,7;8;7,8;63;62;63;86;5,3;3,1;
2024/07/15;0900 UTC;0;893,2;893,2;892,6;;14,2;7,7;14,7;13,8;7,9;7,7;66;63;65;85;4,4;2,7;
2024/07/15;1000 UTC;0;893,6;893,6;893,2;17,2;15;7,6;15,1;14,1;7,8;7,6;65;61;61;95;4,7;2,7;
2024/07/15;1100 UTC;0;894,1;894,1;893,6;463,5;17,4;8,2;17,4;15;8,4;7,6;61;55;55;92;4,5;2;
2024/07/15;1200 UTC;0;894,8;894,8;894,1;1170,2;19,9;8,2;20;17,4;8,6;7,7;55;46;47;80;6,3;3,2;
2024/07/15;1300 UTC;0;894,9;894,9;894,7;1975,2;21,3;6,1;21,6;19,8;8;6;47;37;37;42;8,1;3,2;
2024/07/15;1400 UTC;0;894,7;895;894,6;2530,6;22,5;5,4;23,1;21,3;6,8;5,3;38;33;33;82;7,6;3,5;
2024/07/15;1500 UTC;0;894,3;894,7;894,3;2821,6;22,8;5,5;23,4;21,8;6,5;5,4;35;32;33;10;8,9;3,9;
2024/07/15;1600 UTC;0;893,4;894,3;893,4;2911;23,6;6,2;24,1;22,8;6,4;5,3;33;31;33;43;8,1;1,9;
2024/07/15;1700 UTC;0;892,5;893,4;892,5;2707,8;24,7;6,3;25,3;23,4;7,2;5,3;34;30;31;32;6,4;1,9;
2024/07/15;1800 UTC;0;892;892,5;892;2318,9;25;6,4;25,2;23,9;7,2;5,7;32;29;30;63;7,1;2;
2024/07/15;1900 UTC;0;892,1;892,1;891,9;1684,2;24,9;6,9;25,2;24,3;7,5;6;33;29;31;116;6,8;2,7;
2024/07/15;2000 UTC;0;892,4;892,4;892,1;897,1;23,4;6,8;24,9;23,4;7;6,3;34;31;34;83;5,7;2,6;
2024/07/15;2100 UTC;0;892,7;892,7;892,4;205,7;21,5;7,4;23,6;21,5;7,4;6,5;40;33;40;98;4,5;1,9;
2024/07/15;2200 UTC;0;893,1;893,1;892,7;;19,8;7,6;21,5;19,8;7,6;7,4;45;40;45;87;4,5;2,7;
2024/07/15;2300 UTC;0;893,4;893,4;893,1;;18,9;8;19,8;18,6;8;7,6;50;45;49;88;6,2;3,5;
2024/07/16;0000 UTC;0;894;894;893,4;;18,1;8,2;18,9;17,9;8,2;7,9;53;49;53;93;6,9;4;
2024/07/16;0100 UTC;0;894,1;894,1;894;;17,7;8,4;18,1;17,6;8,4;8,2;55;53;54;90;6,9;3,6;
2024/07/16;0200 UTC;0;894,1;894,2;894;;17,3;8,7;17,7;17,1;8,8;8,4;58;54;57;87;8,6;4,7;
2024/07/16;0300 UTC;0;893,8;894,1;893,8;;17,1;8,6;17,4;16,8;8,7;8,5;58;57;57;90;9;4,6;
2024/07/16;0400 UTC;0;893,5;893,8;893,4;;16,7;8,5;17,1;16,6;8,6;8,5;59;57;58;88;8,6;4,4;
2024/07/16;0500 UTC;0;893,2;893,5;893,2;;16;8,5;16,7;15,9;8,6;8,4;61;58;61;84;8;4;
2024/07/16;0600 UTC;0;893;893,2;892,9;;15,6;8,6;16,2;15,4;8,6;8,5;64;61;63;78;6,7;3,3;
2024/07/16;0700 UTC;0;892,6;893;892,6;;15,7;8,3;15,7;15,2;8,6;8,2;64;61;61;85;6,3;4,1;
2024/07/16;0800 UTC;0;892,8;892,8;892,6;;15,6;8,1;15,7;15,2;8,2;8;62;61;61;84;6;3,3;
2024/07/16;0900 UTC;0;893,1;893,1;892,8;;14,4;7,9;15,6;14,4;8,1;7,8;65;61;65;85;5,7;2,6;
2024/07/16;1000 UTC;0;893,6;893,6;893,1;16,6;15,1;7,9;15,2;14,4;8;7,8;65;62;62;86;5,4;3,2;
2024/07/16;1100 UTC;0;894,3;894,3;893,6;465,3;17,3;8,6;17,3;15,1;8,6;7,9;62;56;56;87;5,4;2,5;
2024/07/16;1200 UTC;0;894,7;894,7;894,3;1167,1;19,7;8,6;19,8;17,3;8,8;8,2;56;48;49;86;7,7;3,9;
2024/07/16;1300 UTC;0;895,1;895,1;894,7;1985,1;21,6;7,8;21,6;19,7;8,9;7,4;50;41;41;91;9,3;4,3;
2024/07/16;1400 UTC;0;894,9;895,1;894,8;2556,4;23;6,1;23,4;21,5;8;5,5;42;33;34;54;8,8;4,7;
2024/07/16;1500 UTC;0;894,2;894,9;894,2;2831;24;6,5;24,4;22,5;6,8;5,6;35;32;33;49;8,4;3,3;
2024/07/16;1600 UTC;0;893,3;894,2;893,3;2926,9;24,8;6,2;25,5;23,5;6,7;5,2;33;29;30;63;7,9;3,2;
2024/07/16;1700 UTC;0;892,5;893,3;892,5;2739,7;25,2;6,5;26;24,4;7;5,2;31;28;30;62;7,9;2,3;
2024/07/16;1800 UTC;0;892,1;892,5;892,1;2336,4;25,3;6;26,3;24,8;6,7;5,2;31;27;29;63;7,9;2,1;
2024/07/16;1900 UTC;0;892,1;892,1;892;1748,1;25,5;6,3;26,5;25,3;6,7;5,2;29;26;29;22;5,7;2,6;
2024/07/16;2000 UTC;0;892,5;892,5;892,1;999,8;24,6;6;25,7;24,6;6,7;6;31;29;30;15;5,3;2,5;
2024/07/16;2100 UTC;0;893;893;892,5;241,4;22,3;6,5;24,8;22,1;6,6;5,8;37;30;36;59;4,1;,4;
2024/07/16;2200 UTC;0;893,4;893,4;893;;20,4;8,3;22,3;20,1;8,3;6,4;46;36;46;81;4,8;2,7;
2024/07/16;2300 UTC;0;894;894;893,4;;19,4;8,9;20,5;19,3;8,9;8,2;51;46;51;92;5,5;3,1;
2024/07/17;0000 UTC;0;894,6;894,6;894;;19,2;8,2;19,5;18,9;9;8,2;52;49;49;87;5,7;3,5;
2024/07/17;0100 UTC;0;895;895;894,6;;18,3;8,1;19,3;18,2;8,2;7,8;52;48;52;93;5,8;3,1;
2024/07/17;0200 UTC;0;895;895;894,9;;17,7;8,4;18,3;17,6;8,4;8;55;52;55;95;6;3,8;
2024/07/17;0300 UTC;0;894,8;895;894,8;;17,4;8,8;17,8;17,4;8,8;8,4;57;54;57;90;7,1;3,8;
2024/07/17;0400 UTC;0;894,5;894,8;894,5;;17,3;9;17,5;17,2;9;8,8;58;57;58;88;7,1;3,8;
2024/07/17;0500 UTC;0;894,1;894,5;894,1;;17;9;17,3;16,8;9;8,9;60;58;59;89;6,3;3,6;
2024/07/17;0600 UTC;0;893,4;894,1;893,4;;16,7;8,9;17,1;16,6;9;8,8;60;59;60;82;6,4;3,6;
2024/07/17;0700 UTC;0;893,3;893,6;893,3;;16,5;8,5;17,4;16,5;8,9;8,5;60;57;59;90;6,4;3;
2024/07/17;0800 UTC;0;893,4;893,4;893,3;;15,9;8,4;16,7;15,9;8,5;8,4;61;58;61;97;5,5;3,1;
2024/07/17;0900 UTC;0;893,9;893,9;893,4;;15,6;8,5;16,1;15,6;8,5;8,4;63;61;63;94;6,1;3,9;
2024/07/17;1000 UTC;0;894,7;894,7;893,9;16,9;15,8;8,7;15,8;15,3;8,7;8,5;64;62;62;90;6,3;3,7;
2024/07/17;1100 UTC;0;895,4;895,4;894,7;467,3;18,2;9,1;18,2;15,8;9,1;8,6;62;55;55;85;6,3;2,7;
2024/07/17;1200 UTC;0;895,8;895,8;895,3;1176,8;20,8;8,1;20,9;18,2;9,1;7,8;55;44;44;70;6,5;3,8;
2024/07/17;1300 UTC;0;895,9;896;895,8;1988,2;22,6;6,8;22,6;20,6;8,2;6,2;44;35;36;59;7,6;4;
2024/07/17;1400 UTC;0;896;896,1;895,9;2536,5;23,3;6,8;23,3;21,9;7,5;6;39;35;35;96;7,2;2,6;
2024/07/17;1500 UTC;0;895,5;896;895,5;2816,8;23,4;5,7;23,7;22,4;7,1;5,3;37;31;32;160;6,7;1,1;
2024/07/17;1600 UTC;0;894,4;895,5;894,4;2895,4;24,4;5,7;24,8;23;6,6;5,3;33;29;30;119;5,9;1,6;
2024/07/17;1700 UTC;0;893,4;894,4;893,4;2691,7;25;5;25,7;24,1;6,7;4,8;31;27;28;142;5,5;2,2;
2024/07/17;1800 UTC;0;892,8;893,4;892,8;2236,4;25,8;5;26;24,4;6,2;4,4;29;26;26;170;7,6;1,3;
2024/07/17;1900 UTC;0;892,6;892,9;892,6;1705,2;25;4,9;26,1;24,8;5,8;4,4;29;25;27;168;6,2;3,1;
2024/07/17;2000 UTC;0;892,8;892,8;892,6;953,7;24,6;4,5;25,4;24,6;5,9;4,5;29;27;27;135;5,8;2,2;
2024/07/17;2100 UTC;0;892,9;893;892,8;220,8;22,5;4,6;24,6;22,5;4,9;4,2;31;27;31;111;4,4;1,2;
2024/07/17;2200 UTC;0;893,3;893,3;892,9;;20,6;4,9;22,6;20,6;4,9;4,4;36;31;36;107;4,3;1;
2024/07/17;2300 UTC;0;893,8;893,8;893,3;;19,5;8,2;20,6;19,4;8,2;5;48;36;48;99;4,7;2,9;
2024/07/18;0000 UTC;0;893,9;893,9;893,8;;18,8;8,5;19,6;18,8;8,5;8,2;51;48;51;94;6,7;2,8;
2024/07/18;0100 UTC;0;894;894,1;893,9;;18;8,5;18,8;17,9;8,6;8,4;54;51;54;88;5,3;3,3;
2024/07/18;0200 UTC;0;893,8;894;893,8;;18,2;8,6;18,5;17,5;8,8;8,4;55;53;54;91;7;3,5;
2024/07/18;0300 UTC;0;893,4;893,8;893,4;;16,9;8,3;18,1;16,9;8,6;8,3;57;54;57;88;5,8;3;
2024/07/18;0400 UTC;0;892,9;893,5;892,9;;16,3;8,3;17;15,9;8,4;8,2;60;57;59;88;4,9;3;
2024/07/18;0500 UTC;0;892,5;892,9;892,5;;15,8;8,2;16,5;15,5;8,3;8,1;62;58;61;92;5,2;2,3;
2024/07/18;0600 UTC;0;892,3;892,5;892,2;;16,3;8,2;16,5;15,5;8,4;8,1;62;58;59;100;4,3;2,8;
2024/07/18;0700 UTC;0;892;892,3;892;;16,2;8,1;16,5;15,8;8,2;8;60;58;59;99;4,9;3;
2024/07/18;0800 UTC;0;892,4;892,4;892;;15,6;8,1;16,2;15,5;8,2;8,1;62;59;61;97;5,4;3,4;
2024/07/18;0900 UTC;0;892,6;892,6;892,4;;15,3;7,9;15,6;14,6;8,2;7,8;64;61;62;92;4,6;2,6;
2024/07/18;1000 UTC;0;893,3;893,3;892,6;24,3;16;7,5;16;15;7,9;7,5;62;57;57;96;4,7;2,6;
2024/07/18;1100 UTC;0;893,7;893,7;893,3;405,9;17,7;8,2;17,7;16;8,3;7,5;58;54;54;84;4,7;2,7;
2024/07/18;1200 UTC;0;894,5;894,5;893,7;1069,1;20,1;8,1;20,3;17,7;8,5;7,7;54;44;46;76;6,8;3,8;
2024/07/18;1300 UTC;0;894,6;894,7;894,4;1984,9;21,8;7;22,1;20,2;8,2;5,9;46;35;38;68;7,5;4;
2024/07/18;1400 UTC;0;894,4;894,7;894,4;2515,1;22,7;6,3;23,4;21,8;7,2;6,1;38;34;35;70;7,8;3;
2024/07/18;1500 UTC;0;893,6;894,4;893,6;2802,8;24,9;7;25,1;22,6;7,8;6,4;36;31;32;97;6,7;2,9;
2024/07/18;1600 UTC;0;892,8;893,7;892,8;2861,9;25,2;6,6;25,8;24;7,3;6;32;29;30;92;8,3;3,7;
2024/07/18;1700 UTC;0;891,9;892,8;891,8;2754,5;25,7;6,3;26,5;24,9;7,1;5,7;31;27;29;84;8,3;2,7;
2024/07/18;1800 UTC;0;891,2;891,9;891,2;2357,8;26,7;6,9;26,7;25,4;7,2;5,9;30;27;29;104;6,7;2,5;
2024/07/18;1900 UTC;0;891;891,2;891;1766,6;25,7;5,8;27;25,7;7,3;5,8;30;27;28;93;6,3;3,7;
2024/07/18;2000 UTC;0;891,4;891,4;891;1030,9;25,1;6;25,9;25;6,5;5,7;30;28;29;98;6,2;3,3;
2024/07/18;2100 UTC;0;891,8;891,8;891,4;259,3;22,8;6,4;25,1;22,7;6,4;5,8;35;29;35;105;6,3;2;
2024/07/18;2200 UTC;0;892,3;892,3;891,8;;20,7;7,3;22,8;20,7;7,4;6,4;42;35;42;92;4,3;1,9;
2024/07/18;2300 UTC;0;893;893;892,3;;19,8;7,9;20,7;19,8;7,9;7,3;46;42;46;93;4,4;2,6;
2024/07/19;0000 UTC;0;893,6;893,6;893;;18,7;8,1;19,8;18,3;8,2;7,9;52;46;50;79;4,1;2,7;
2024/07/19;0100 UTC;0;893,8;893,8;893,6;;18,9;7,8;19,6;18,5;8,2;7,8;51;47;49;84;5,2;2,4;
2024/07/19;0200 UTC;0;893,8;893,9;893,7;;18,4;8,1;19,4;18,2;8,1;7,7;51;47;51;89;4,7;2,4;
2024/07/19;0300 UTC;0;893,6;893,8;893,6;;17;8,4;18,8;17;8,5;8,1;57;51;57;99;4,9;,6;
2024/07/19;0400 UTC;0;893,5;893,7;893,5;;16,6;8,8;17;15,8;8,9;8,3;62;57;60;81;3,1;,8;
2024/07/19;0500 UTC;0;892,9;893,5;892,9;;15,3;8,8;16,6;15,1;8,9;8,4;65;60;65;99;2,2;0;
2024/07/19;0600 UTC;0;892,6;892,9;892,6;;16,6;8,6;17,1;15,2;9,1;8,5;65;58;59;154;3,1;,6;
2024/07/19;0700 UTC;0;892,6;892,7;892,6;;17,1;8,2;18;16,3;8,8;8,2;60;54;56;94;5,9;2;
2024/07/19;0800 UTC;0;892,7;892,7;892,6;;16,5;8,1;17,5;16,4;8,3;8;58;54;58;103;5,9;,1;
2024/07/19;0900 UTC;0;893,2;893,3;892,7;;16,4;8,5;16,9;15,8;8,5;8;61;57;59;122;4,1;,6;
2024/07/19;1000 UTC;0;893,9;893,9;893,2;18,6;15,7;8,2;16,6;15,3;8,4;8;63;58;61;129;4,1;1;
2024/07/19;1100 UTC;0;894,7;894,7;893,9;464,3;17,3;8,6;17,4;15,6;8,8;8,2;61;55;57;141;4,3;,6;
2024/07/19;1200 UTC;0;895,3;895,3;894,7;1177,4;21;8,1;21;17,3;8,9;8,1;57;44;44;56;6,5;2,7;
2024/07/19;1300 UTC;0;895,5;895,5;895,3;1997,6;22,7;6,4;22,9;21;8,7;6,1;44;34;35;77;10,8;5,5;
2024/07/19;1400 UTC;0;895,5;895,7;895,5;2557,6;23,4;6,6;23,5;22,2;6,8;5,8;36;33;34;60;11,2;5,2;
2024/07/19;1500 UTC;0;895;895,6;895;2840,4;24,3;7;24,9;22,6;7,4;6,1;35;32;33;64;9,9;3,9;
2024/07/19;1600 UTC;0;894,1;895,1;894,1;2913,9;24,8;6,8;25,6;23,9;7,5;6,2;33;30;31;75;9;3,4;
2024/07/19;1700 UTC;0;892,9;894,1;892,9;2739,7;26,1;6,7;26,3;24,6;7,4;6;32;28;29;81;7,8;2;
2024/07/19;1800 UTC;0;892,3;892,9;892,3;2351,7;26;6,1;26,7;25,2;7;5,8;31;27;28;104;7,2;2,6;
2024/07/19;1900 UTC;0;892,4;892,4;892,2;1758,5;26;7,3;26,3;25,3;7,3;5,6;31;27;30;109;8,4;2,7;
2024/07/19;2000 UTC;0;892,8;892,8;892,4;1022,2;24,6;5,7;26,1;24,6;7;5,7;31;29;30;129;6,6;2,9;
2024/07/19;2100 UTC;0;893,2;893,2;892,8;252,6;22,4;5,8;24,6;22,4;6,2;5,6;34;30;34;107;5,9;1,2;
2024/07/19;2200 UTC;0;893,6;893,6;893,2;;21,3;6,4;22,4;21,3;6,4;5,7;38;34;38;98;5,1;2,5;
2024/07/19;2300 UTC;0;893,9;893,9;893,6;;19,6;7,1;21,3;19,6;7,1;6,3;44;38;44;96;4,7;2,8;
2024/07/20;0000 UTC;0;894,2;894,2;893,9;;18,6;7,7;19,6;18,5;7,7;7,1;49;44;49;86;4,3;2,8;
2024/07/20;0100 UTC;0;894,6;894,6;894,2;;18,1;7,8;18,7;18;7,8;7,7;51;49;51;85;5;2,9;
2024/07/20;0200 UTC;0;894,6;894,7;894,6;;17,5;7,9;18,4;17,4;7,9;7,8;53;50;53;87;5,4;2,5;
2024/07/20;0300 UTC;0;894,5;894,6;894,5;;16,9;7,9;17,6;16,7;8;7,8;56;53;56;90;4,5;2,3;
2024/07/20;0400 UTC;0;894,1;894,5;894,1;;16,2;8,1;16,9;16,2;8,2;7,9;58;56;58;88;4,3;2,7;
2024/07/20;0500 UTC;0;893,5;894,1;893,5;;16,4;8,4;16,6;16,1;8,5;8,1;60;58;59;96;4,9;3,2;
2024/07/20;0600 UTC;0;893,3;893,5;893,2;;15,7;8,4;16,4;15,4;8,4;8,2;62;59;62;94;5,1;2,4;
2024/07/20;0700 UTC;0;892,9;893,3;892,9;;16;7,9;16;15,4;8,4;7,9;63;59;59;104;4,2;2,2;
2024/07/20;0800 UTC;0;892,9;892,9;892,7;;15,7;7,4;16;15,4;7,9;7,4;60;58;58;93;4,6;2,9;
2024/07/20;0900 UTC;0;893,1;893,1;892,9;;15,4;7;15,9;15,4;7,4;7;58;56;57;95;5,2;3,5;
2024/07/20;1000 UTC;0;893,7;893,7;893,1;18,1;15;6,9;15,4;14,9;7;6,9;59;57;58;100;6,4;2,7;
2024/07/20;1100 UTC;0;894,3;894,3;893,7;472,2;17,1;7,3;17,1;15;7,3;6,9;58;52;52;91;5,2;3;
2024/07/20;1200 UTC;0;894,8;894,8;894,3;1198,1;19,7;7,6;19,7;17,1;7,9;7;52;44;45;73;6,8;3,5;
2024/07/20;1300 UTC;0;894,8;895;894,8;2027;22;5,8;22,1;19,7;7,9;5,8;46;35;35;87;9,9;4,3;
2024/07/20;1400 UTC;0;894,8;894,9;894,8;2589,8;22,6;6,3;23,1;21,4;6,8;5,4;38;34;35;56;9,8;4,4;
2024/07/20;1500 UTC;0;894,2;894,8;894,2;2880,6;23,8;5,6;24,1;22,2;6,8;5,1;36;30;31;79;8,9;4,1;
2024/07/20;1600 UTC;0;893,2;894,2;893,2;2958,5;24,8;4,6;25,4;23,4;6,3;4,6;32;27;27;88;8,8;3,4;
2024/07/20;1700 UTC;0;892,5;893,3;892,5;2789,9;25;4,1;25,9;24,3;6;3,7;30;25;26;75;9;3,9;
2024/07/20;1800 UTC;0;891,9;892,5;891,9;2414,8;25,5;1,9;26,1;24,9;4,6;1,7;26;21;22;93;8,1;3,3;
2024/07/20;1900 UTC;0;891,5;891,9;891,5;1825,9;25,3;2,9;25,9;24,7;3,5;1,8;25;22;23;90;7,6;3,6;
2024/07/20;2000 UTC;0;891,3;891,5;891,3;1064,2;24;3,9;25,4;24;4;2,4;27;23;27;85;7,4;2,9;
2024/07/20;2100 UTC;0;891,6;891,7;891,3;260,3;21,7;4,4;24;21,7;4,4;3,8;32;27;32;101;5,6;1,8;
2024/07/20;2200 UTC;0;892;892;891,7;;19,4;5,4;21,7;19,4;5,5;4,4;40;32;40;85;3,6;2,5;
2024/07/20;2300 UTC;0;892,6;892,6;892;;18,8;5,3;19,6;18,8;5,6;5,1;41;40;41;100;3,9;2,3;
2024/07/21;0000 UTC;0;892,9;892,9;892,6;;18,4;6;18,9;18;6;5,1;44;40;44;100;4,4;3;
2024/07/21;0100 UTC;0;892,9;893;892,9;;17,4;6,3;18,4;17,4;6,4;6;48;44;48;89;5,1;2,8;
2024/07/21;0200 UTC;0;893,3;893,3;892,9;;17,1;7;17,6;16,9;7;6,4;52;48;51;85;5,1;2,7;
2024/07/21;0300 UTC;0;892,9;893,3;892,9;;16,2;7,1;17,2;16,1;7,2;6,9;55;51;55;85;4,8;3,2;
2024/07/21;0400 UTC;0;892,4;892,9;892,4;;16,3;6,8;16,3;16;7,1;6,8;55;53;53;95;4,8;3,1;
2024/07/21;0500 UTC;0;891,8;892,4;891,8;;15,8;6,4;16,3;15,1;6,8;6,4;56;53;54;92;4,4;2,3;
2024/07/21;0600 UTC;0;891,5;891,8;891,5;;14,6;6,4;15,8;14,6;6,6;6,4;58;54;58;99;3,6;1,4;
2024/07/21;0700 UTC;0;891,5;891,6;891,3;;14,9;6,7;14,9;12,8;6,9;6,1;66;58;58;88;3,2;2,2;
2024/07/21;0800 UTC;0;891,6;891,6;891,4;;14,5;7,6;15;14,4;7,6;6,7;63;58;63;92;5,1;2,8;
2024/07/21;0900 UTC;0;892,2;892,2;891,6;;13,8;9,3;14,7;13,4;9,3;7,6;74;63;74;79;5,1;2,9;
2024/07/21;1000 UTC;0;892,7;892,7;892,2;19;14,2;9,7;14,2;13,5;9,8;9,3;77;74;74;67;4,8;2,9;
2024/07/21;1100 UTC;0;893,2;893,2;892,7;474,5;16,7;9,9;16,7;14,1;10,1;9,6;74;64;64;44;4,8;1,9;
2024/07/21;1200 UTC;0;893,7;893,7;893,2;1196,9;20,1;8,7;20,2;16,7;10,2;8,5;65;47;48;71;7,6;4,4;
2024/07/21;1300 UTC;0;894;894;893,6;2025,5;21,5;7,5;21,6;20;8,9;7,3;49;40;41;65;10,9;6,6;
2024/07/21;1400 UTC;0;893,9;894,1;893,8;2585,7;23,4;7,6;23,4;20,9;8,2;7,1;42;36;36;56;10,9;5,5;
2024/07/21;1500 UTC;0;893,4;894;893,4;2865,4;23;6,8;24;22,1;8;6,2;40;33;35;76;10,2;4,8;
2024/07/21;1600 UTC;0;892,5;893,4;892,5;2930,4;24,2;6,9;24,7;22,6;8;5,9;36;31;33;46;10,1;3,7;
2024/07/21;1700 UTC;0;891,7;892,5;891,7;2761,2;24,5;6,6;25,3;23,9;7,4;6,1;34;31;32;32;11;2,5;
2024/07/21;1800 UTC;0;891,1;891,7;891;2376,9;24,9;5,9;25,6;24,3;7,4;5,8;32;29;30;60;9,2;2,8;
2024/07/21;1900 UTC;0;890,9;891,1;890,9;1792;24,8;6,1;25,3;24,6;6,4;5,7;31;29;30;78;8,4;3,5;
2024/07/21;2000 UTC;0;891;891;890,9;1054;23,9;6,4;24,9;23,7;6,6;5,7;33;30;32;86;6,7;3,3;
2024/07/21;2100 UTC;0;891,3;891,3;891;274,9;21,7;7;23,9;21,7;7,1;6,2;39;32;39;86;6,7;2,2;
2024/07/21;2200 UTC;0;891,9;891,9;891,2;;19,5;7,8;21,7;19,5;7,8;7;47;39;47;88;3,7;2,5;
2024/07/21;2300 UTC;0;892,6;892,6;891,9;;18,8;8,1;19,5;18,8;8,1;7,8;50;47;50;102;4,5;2,2;
2024/07/22;0000 UTC;0;893,1;893,1;892,6;;17,6;8,2;18,9;17,6;8,2;8;54;50;54;95;4,1;2,2;
2024/07/22;0100 UTC;0;893,6;893,6;893;;17,2;8,3;17,7;17,2;8,4;8,2;56;54;56;92;4,6;2,4;
2024/07/22;0200 UTC;0;893,5;893,7;893,5;;16,6;8,3;17,4;16,5;8,4;8,2;58;56;58;90;4,4;2,7;
2024/07/22;0300 UTC;0;893,5;893,6;893,5;;16;8,2;16,6;15,8;8,3;8,1;61;58;60;90;5;2,4;
2024/07/22;0400 UTC;0;893,1;893,5;893,1;;15,9;8;16,3;15,2;8,4;8;63;58;59;103;4,7;2,6;
2024/07/22;0500 UTC;0;892,8;893,1;892,8;;15,5;7,7;16,2;15,4;8,1;7,7;60;58;59;98;4,9;3;
2024/07/22;0600 UTC;0;892,7;892,8;892,7;;15;7,6;15,6;14,9;7,7;7,5;61;59;61;93;4,9;2,9;
2024/07/22;0700 UTC;0;893;893;892,7;;15,3;7,4;15,3;14,8;7,6;7,4;62;59;59;99;5,3;3,2;
2024/07/22;0800 UTC;0;892,9;893;892,8;;15,4;6;15,5;14,6;7,4;6;60;54;54;97;4,5;3,1;
2024/07/22;0900 UTC;0;892,9;892,9;892,7;;14,5;6,1;15,4;14,3;6,2;5,8;57;53;57;90;4,9;2,5;
2024/07/22;1000 UTC;0;893,4;893,4;892,9;20,6;14,9;6,2;14,9;14,2;6,3;6,1;58;56;56;89;5;2,8;
2024/07/22;1100 UTC;0;893,8;893,8;893,4;480,9;17,4;7,1;17,4;14,9;7,2;6,2;56;51;51;71;4,5;2;
2024/07/22;1200 UTC;0;894,3;894,3;893,7;1204,3;20,4;7,3;20,4;17,4;7,4;6,5;51;41;43;71;8,7;5,3;
2024/07/22;1300 UTC;0;894,7;894,8;894,2;2039,2;21,7;6,2;22,3;20,4;7,5;5,8;43;36;37;72;10,8;4,4;
2024/07/22;1400 UTC;0;894,7;894,8;894,6;2595,3;22,3;6,9;23,1;21,3;7,2;6,1;38;34;37;92;10,1;3,9;
2024/07/22;1500 UTC;0;893,9;894,7;893,9;2877,9;23,3;6,8;23,9;22,1;7,6;6,1;38;33;34;78;10,9;4;
2024/07/22;1600 UTC;0;893;893,9;893;2960,6;24,6;6,4;25,2;23,1;7,5;6,1;35;31;31;66;10,2;3,4;
2024/07/22;1700 UTC;0;892,2;893;892,2;2785,8;25,1;6,2;25,6;23,9;8;6,2;34;30;30;109;8,4;3,2;
2024/07/22;1800 UTC;0;891,8;892,3;891,8;2381,2;24,4;6,1;25,6;24,3;7,3;6;32;30;31;67;8,4;3,4;
2024/07/22;1900 UTC;0;891,8;891,8;891,6;1780,3;24,6;6,6;25,1;24,3;7;6;32;30;32;104;8,4;3,4;
2024/07/22;2000 UTC;0;891,8;891,8;891,7;1026,8;23,4;6,2;24,7;23,4;6,8;6;33;31;33;81;7,2;3,4;
2024/07/22;2100 UTC;0;892,2;892,2;891,8;267,3;21,7;6,6;23,5;21,6;6,6;5,9;38;32;38;97;6,4;2,3;
2024/07/22;2200 UTC;0;892,6;892,6;892,2;;20,2;6,9;21,7;20,1;6,9;6,3;42;38;42;108;4,5;2,1;
2024/07/22;2300 UTC;0;893,1;893,2;892,6;;19,1;7,5;20,2;19;7,5;6,8;47;42;47;102;5,3;2,8;
2024/07/23;0000 UTC;0;893,6;893,6;893,1;;18,4;7,7;19,1;18,2;7,8;7,5;50;47;50;98;5,3;2,9;
2024/07/23;0100 UTC;0;893,7;893,7;893,6;;17,4;7,8;18,6;17,4;7,9;7,6;53;49;53;91;5,9;2,4;
2024/07/23;0200 UTC;0;893,8;893,8;893,7;;16,7;7,7;17,6;16,6;7,9;7,6;56;53;55;91;5;2,5;
2024/07/23;0300 UTC;0;893,7;893,8;893,6;;15,9;7,9;17,3;15,9;8,1;7,7;59;54;59;90;4,5;2,9;
2024/07/23;0400 UTC;0;893,2;893,7;893,2;;16,4;7,9;16,7;15,2;8,3;7,8;62;57;57;99;4,8;2,7;
2024/07/23;0500 UTC;0;892,9;893,2;892,9;;16,5;7,4;17;16,2;7,8;7,4;57;54;55;97;4,5;2;
2024/07/23;0600 UTC;0;892,7;892,9;892,7;;16,4;7,5;16,9;16,1;7,5;7,3;56;53;56;93;3,6;2,1;
2024/07/23;0700 UTC;0;892,5;892,7;892,5;;15,9;7,7;16,6;15,5;7,7;7,5;59;55;58;95;3,6;2,3;
2024/07/23;0800 UTC;0;892,8;892,8;892,5;;14,4;7,7;15,9;13,5;7,8;7,1;66;58;64;92;3,3;1,4;
2024/07/23;0900 UTC;0;892,9;892,9;892,7;;14;7,6;14,5;13,4;7,8;7,2;68;64;65;80;2,8;1,5;
2024/07/23;1000 UTC;0;893,3;893,3;892,9;21,9;14,4;7,9;14,4;13,5;7,9;7,3;68;64;65;68;2,9;,8;
2024/07/23;1100 UTC;0;894;894;893,3;475,7;18,3;8,9;18,3;14,4;9;7,7;65;53;54;74;4,3;1,5;
2024/07/23;1200 UTC;0;894,5;894,5;894;1210,8;20,4;7,8;20,5;18,3;9,2;7,8;55;44;44;66;8,2;4,7;
2024/07/23;1300 UTC;0;894,8;894,8;894,4;2053,8;22,1;7,7;22,1;20,1;8,5;7,4;46;39;40;68;10,2;4,6;
2024/07/23;1400 UTC;0;894,8;894,8;894,7;2610,7;22,5;6,9;23,1;21,2;8,3;6,4;41;35;37;71;10,2;4,7;
2024/07/23;1500 UTC;0;894,2;894,8;894,2;2891,9;24,1;6,7;24,3;22,1;7,8;6,1;38;32;33;50;10,7;3,5;
2024/07/23;1600 UTC;0;893,6;894,2;893,6;2975,4;24,9;5,8;25,1;23,7;6,8;5,2;33;29;29;83;8,5;4;
2024/07/23;1700 UTC;0;892,6;893,6;892,6;2796,6;25,7;5,1;26,1;24,6;6,3;4,7;30;26;27;92;7,4;3,3;
2024/07/23;1800 UTC;0;892;892,6;892;2415,6;26,3;5,5;26,7;25,4;5,5;4,1;27;24;26;77;8,7;3,2;
2024/07/23;1900 UTC;0;891,8;892;891,8;1816,3;25,7;5,3;26,5;25,3;6;4,4;28;25;27;98;7,7;3,4;
2024/07/23;2000 UTC;0;892;892;891,8;1063,4;24,5;5,6;25,8;24,5;5,7;4,4;30;26;30;76;6,6;3,1;
2024/07/23;2100 UTC;0;892,3;892,3;892;279,9;22,8;4,9;24,6;22,8;6;4,9;32;30;31;108;5,4;1,8;
2024/07/23;2200 UTC;0;892,6;892,6;892,3;;20,4;4,9;22,8;20,4;5;4,8;36;31;36;97;5,1;3,2;
2024/07/23;2300 UTC;0;893,1;893,1;892,6;;19,7;5,3;20,4;19,6;5,3;4,8;39;36;39;96;6;3,6;
2024/07/24;0000 UTC;0;893,6;893,6;893,1;;19;5,1;19,7;19;5,3;5;40;39;40;98;5,8;3,3;
2024/07/24;0100 UTC;0;893,9;894;893,6;;18,1;6,1;19;18;6,1;5,2;45;40;45;103;5,9;3,4;
2024/07/24;0200 UTC;0;894,1;894,1;893,9;;17,7;6,4;18,2;17,6;6,4;6;48;45;47;99;5,5;3,2;
2024/07/24;0300 UTC;0;894;894,1;894;;16,6;6,9;17,8;16,5;7;6,4;53;47;53;85;5,3;3,1;
2024/07/24;0400 UTC;0;893,8;894;893,8;;16,7;6,5;17;16,1;7;6,5;54;50;51;94;4,8;3;
2024/07/24;0500 UTC;0;893,2;893,8;893,2;;16,5;6,2;17,3;16,5;6,5;6,1;51;48;51;85;4,5;2,3;
2024/07/24;0600 UTC;0;892,7;893,2;892,7;;15,8;5,9;17,3;15,4;6,3;5,6;52;47;52;75;4,3;1,5;
2024/07/24;0700 UTC;0;892,8;892,9;892,7;;16,9;5,7;17,4;15,8;5,9;5,2;52;45;48;89;4,7;2,6;
2024/07/24;0800 UTC;0;892,9;892,9;892,8;;15,9;6;16,9;15,7;6;5,7;52;48;52;94;5,9;3,5;
2024/07/24;0900 UTC;0;893,1;893,2;892,9;;15,2;6,2;15,9;15;6,4;6;56;52;55;74;7,5;2,8;
2024/07/24;1000 UTC;0;893,5;893,5;893,1;22,3;15,7;6,9;15,7;15,1;6,9;6,2;57;55;56;66;6,8;3,6;
2024/07/24;1100 UTC;0;894,3;894,3;893,5;473,2;17,7;7,7;17,7;15,7;7,7;6,9;56;52;52;69;6,5;3,3;
2024/07/24;1200 UTC;0;894,7;894,7;894,2;1234,2;20,3;7;20,4;17,7;8,1;7;52;42;42;67;7,9;4,4;
2024/07/24;1300 UTC;0;895,2;895,2;894,7;2084,1;21,2;6,5;21,7;20,2;7,5;6,1;43;37;39;69;8,9;5,3;
2024/07/24;1400 UTC;0;895,3;895,4;895,2;2653,2;22,9;6;23,2;21,2;6,8;5,2;39;33;34;51;10,3;4,4;
2024/07/24;1500 UTC;0;894,5;895,3;894,5;2943,1;23,4;6;24,1;22,2;6,8;5,3;35;30;33;62;9,6;4,1;
2024/07/24;1600 UTC;0;893,7;894,6;893,7;3028,1;24,8;6,3;25,2;23,3;7;4,4;33;27;31;73;7,8;3;
2024/07/24;1700 UTC;0;892,8;893,7;892,6;2849,5;26,1;4,7;26,2;24,4;6,9;4,7;31;25;25;20;8,3;2,8;
2024/07/24;1800 UTC;0;892,4;892,8;892,2;2441,2;25,9;6;27,2;25,3;6,9;4,7;29;25;28;22;10,9;3;
2024/07/24;1900 UTC;0;892,2;892,4;892,2;1843,1;25,9;5,9;26,4;25,4;6,4;4,6;29;25;28;2;8,6;2,7;
2024/07/24;2000 UTC;0;892,5;892,5;892,2;1086,9;25,3;4,6;26,3;25,2;6,2;4;29;25;26;70;6,4;1,9;
2024/07/24;2100 UTC;0;892,8;892,8;892,5;293,2;22,7;4,8;25,3;22,7;5,7;4,2;32;25;31;83;4,5;2,1;
2024/07/24;2200 UTC;0;893,1;893,1;892,8;;19,2;6;22,7;19,2;6,1;4,8;42;31;42;75;3,8;2,5;
2024/07/24;2300 UTC;0;893,8;893,8;893,1;;19,9;6,3;20,1;19;6,5;6;44;41;41;92;6;3,3;
2024/07/25;0000 UTC;0;894,2;894,2;893,8;;18,9;6,6;19,9;18,9;6,8;6,4;45;41;45;80;6,5;3,4;
2024/07/25;0100 UTC;0;894,4;894,5;894,1;;18,1;6,4;19,1;17,9;6,7;6,4;47;44;46;82;6,1;3,1;
2024/07/25;0200 UTC;0;894,5;894,5;894,4;;17,1;6,6;18,2;16,6;6,8;6,4;52;46;50;83;5,3;3,6;
2024/07/25;0300 UTC;0;894,3;894,5;894,3;;17,2;6,9;17,2;16,7;7;6,6;52;50;51;94;5,3;3;
2024/07/25;0400 UTC;0;894,1;894,3;894,1;;16,9;6,6;17,4;16,2;6,9;6,5;54;49;51;96;5,6;2,8;
2024/07/25;0500 UTC;0;893,6;894,1;893,6;;16,3;6,6;16,9;16,2;6,7;6,5;53;51;53;91;5;3,1;
2024/07/25;0600 UTC;0;893,2;893,6;893,2;;15,9;6,7;16,4;15,8;6,7;6,5;55;52;55;94;5,9;3,7;
2024/07/25;0700 UTC;0;893,1;893,2;893,1;;15,7;6,5;15,9;15,7;6,8;6,5;55;54;54;90;5,9;3,4;
2024/07/25;0800 UTC;0;892,8;893,1;892,8;;15,6;6,2;15,7;15,1;6,5;6,1;56;53;53;87;5,4;3,6;
2024/07/25;0900 UTC;0;893,2;893,2;892,8;;15,3;5,6;15,8;14,2;6,2;5,6;58;52;53;90;5,4;3,3;
2024/07/25;1000 UTC;0;893,5;893,5;893,2;22,7;15,2;5,7;15,3;14,8;5,7;5,5;54;53;53;94;5,1;3,3;
2024/07/25;1100 UTC;0;894,1;894,1;893,5;444,3;17,5;6,5;17,5;15,2;6,7;5,7;53;49;49;75;5,5;3,3;
2024/07/25;1200 UTC;0;894,9;894,9;894,1;1228,2;19,8;7,1;19,8;17,5;7,1;6,6;49;43;43;82;6,5;3,7;
2024/07/25;1300 UTC;0;895,2;895,2;894,8;2080,5;21,9;5,2;22;19,5;7,2;5,1;44;34;34;64;6,7;3,2;
2024/07/25;1400 UTC;0;895;895,2;895;2644,1;22,1;4,7;22,9;21,4;5,9;4,3;35;31;32;100;6,8;2,2;
2024/07/25;1500 UTC;0;894,4;895;894,4;2916,5;24;4,6;24,2;22,1;5,7;4,3;33;28;29;113;5,4;1,2;
2024/07/25;1600 UTC;0;893,6;894,4;893,6;2995,9;24,5;4,6;25,2;23;5,4;3,9;30;26;28;218;5,9;1,3;
2024/07/25;1700 UTC;0;892,4;893,6;892,4;2802,7;25,1;4,4;26;24,3;5,6;4;28;26;26;180;7,2;2,2;
2024/07/25;1800 UTC;0;891,5;892,4;891,5;2398,1;25,5;3,5;26,2;24,7;5,1;3,5;27;24;24;174;7,2;2,3;
2024/07/25;1900 UTC;0;891,3;891,5;891,3;1791,6;25,7;2,5;26,3;25,2;4,3;2,2;25;22;22;137;5,1;1,4;
2024/07/25;2000 UTC;0;891,3;891,4;891,2;968;24,7;2,7;25,9;24,7;3,2;1,5;25;21;24;115;5,2;1,4;
2024/07/25;2100 UTC;0;891,4;891,5;891,3;243,1;21,9;3,8;24,7;21,9;3,9;1,9;31;23;31;88;5;2,3;
2024/07/25;2200 UTC;0;891,4;891,4;891,3;;20,6;4,4;21,9;20,6;4,4;3,8;34;31;34;102;5,1;2,7;
2024/07/25;2300 UTC;0;891,8;891,8;891,4;;19,3;5,7;20,6;19,3;5,7;4,3;41;34;41;97;5,4;3,1;
2024/07/26;0000 UTC;0;892,3;892,3;891,8;;18,3;6,6;19,4;18,3;6,6;5,7;46;41;46;95;7;3,7;
2024/07/26;0100 UTC;0;892,2;892,3;892,2;;18;6,5;18,7;18;6,7;6,4;47;45;47;90;7,6;3,9;
2024/07/26;0200 UTC;0;892,2;892,3;892,1;;17,5;6,5;18,1;17,3;6,6;6,3;49;46;49;87;8,1;4,2;
2024/07/26;0300 UTC;0;892;892,2;892;;16,5;6,3;17,6;16,5;6,5;6,1;51;48;51;84;7,4;4;
2024/07/26;0400 UTC;0;891,6;892;891,6;;16,4;6,1;16,8;16,1;6,3;6;51;49;51;89;7,7;3,6;
2024/07/26;0500 UTC;0;891,1;891,6;891,1;;16,3;6,2;16,8;16,1;6,3;6,1;52;49;51;84;8;4,4;
2024/07/26;0600 UTC;0;890,9;891,1;890,8;;16;6;16,4;15,7;6,2;6;52;51;51;91;7,6;4,5;
2024/07/26;0700 UTC;0;890,9;890,9;890,8;;15,6;6;16;15,2;6,1;5,7;53;51;53;85;7,9;3,9;
2024/07/26;0800 UTC;0;891,2;891,2;890,9;;15,7;6,1;15,9;15;6,2;6;55;52;53;89;6,1;2,9;
2024/07/26;0900 UTC;0;891,4;891,4;891,1;;15,8;5,7;15,8;15,1;6,1;5,7;54;51;51;91;4,7;2,8;
2024/07/26;1000 UTC;0;891,8;891,8;891,4;23,7;15,3;5,9;15,8;14,3;5,9;5,5;56;51;54;79;4,8;2,8;
2024/07/26;1100 UTC;0;892,4;892,4;891,8;420,3;17,7;6,6;17,7;15,1;6,8;5,8;54;48;48;71;4,4;2,2;
2024/07/26;1200 UTC;0;893,1;893,1;892,4;1231,1;21,2;4,6;21,5;17,7;6,9;4,6;48;34;34;85;5,8;1,9;
2024/07/26;1300 UTC;0;893,4;893,5;893,1;2072;23,1;4,1;23,3;21,2;5,3;3,1;35;28;29;1;6,2;3;
2024/07/26;1400 UTC;0;893;893,4;893;2649,9;23,6;4,6;24,4;23,1;5,8;4;31;28;29;6;8,5;4,7;
2024/07/26;1500 UTC;0;892,6;893;892,6;2942,4;24,3;3,8;25;23,5;5,5;3,7;30;26;27;357;10,2;4,5;
2024/07/26;1600 UTC;0;891,7;892,6;891,7;3022;24,6;3,7;25,8;23,6;4,8;2,4;29;23;26;332;10,2;2,5;
2024/07/26;1700 UTC;0;890,7;891,7;890,7;2829,5;25,9;4,6;26,1;24,7;5,2;3,6;27;24;25;36;7,5;1,5;
2024/07/26;1800 UTC;0;889,9;890,7;889,9;2419,1;26;4,9;27;25,5;5,8;4,2;27;24;26;359;6,6;1,6;
2024/07/26;1900 UTC;0;889,8;890;889,8;1835,7;26,3;2,8;26,9;25,9;5,4;2,8;26;22;22;33;6,6;2,6;
2024/07/26;2000 UTC;0;890,1;890,1;889,8;1085,1;25,6;4,3;26,7;25,6;4,3;2,6;25;21;25;48;7,1;2,9;
2024/07/26;2100 UTC;0;890,2;890,2;890,1;291,9;22,3;4,8;25,6;22,3;4,9;3,6;32;25;32;64;5;1,2;
2024/07/26;2200 UTC;0;890,6;890,6;890,2;;19,7;5,7;22,3;19,7;6;4,9;40;32;40;71;3,2;2,2;
2024/07/26;2300 UTC;0;891,2;891,2;890,6;;18,6;5,4;20;18,6;5,6;4,9;42;38;42;60;3,8;2,7;
2024/07/27;0000 UTC;0;891,4;891,4;891,2;;19;5,7;19;18,4;5,8;5,4;43;41;42;73;4,2;2;
2024/07/27;0100 UTC;0;891,6;891,6;891,4;;19,5;5,5;19,6;18,2;5,9;5,5;44;40;40;98;5,6;3,3;
2024/07/27;0200 UTC;0;891,5;891,6;891,5;;19;6,1;19,5;16,8;6,3;5,5;49;40;43;93;5,6;2,9;
2024/07/27;0300 UTC;0;891,4;891,5;891,4;;18,2;6,6;19;18;6,6;6;47;43;47;102;4,3;2,4;
2024/07/27;0400 UTC;0;891,2;891,5;891,2;;18,1;6,4;18,5;17,9;6,6;6,3;47;46;46;98;5,4;3,7;
2024/07/27;0500 UTC;0;891;891,2;891;;17,3;6,2;18,1;17,3;6,3;6,2;48;46;48;101;5,4;2,6;
2024/07/27;0600 UTC;0;890,8;891;890,8;;17;6,7;17,3;16,9;6,7;6,2;51;48;51;103;5,2;3;
2024/07/27;0700 UTC;0;890,6;890,8;890,5;;16,8;7;17,7;16,8;7;6,7;52;49;52;90;5,8;2,7;
2024/07/27;0800 UTC;0;890,5;890,7;890,5;;17,2;7,2;17,3;16,6;7,2;7;53;51;52;101;6,2;3,3;
2024/07/27;0900 UTC;0;890,9;890,9;890,3;;16,5;7,3;17,3;16,1;7,4;7;56;51;55;92;5;2,5;
2024/07/27;1000 UTC;0;891,8;891,8;890,9;23,1;17,4;9,4;17,5;15,7;9,4;7,1;60;54;59;84;6;3,2;
2024/07/27;1100 UTC;0;892,6;892,6;891,8;378,4;19,1;11,9;19,1;17,4;11,9;9,4;65;59;63;59;6,8;3,6;
2024/07/27;1200 UTC;0;893,4;893,4;892,6;1184,5;21,6;13,4;21,6;19,1;13,4;11,9;63;59;60;47;8,8;4,5;
2024/07/27;1300 UTC;0;893,6;893,6;893,3;2089,9;22,9;13,4;23,2;21,4;13,6;12,9;60;54;55;51;9,6;5,4;
2024/07/27;1400 UTC;0;893,6;893,8;893,5;1745;23,1;11,8;23,4;21,9;13,6;11,8;57;49;49;38;9,3;3,3;
2024/07/27;1500 UTC;0;893,1;893,6;893;1580,5;23,1;10,4;24,2;22,3;13,1;10,3;54;44;44;10;7,1;2,7;
2024/07/27;1600 UTC;0;892,2;893,1;892,2;2774,7;23,9;9,6;25,7;23,1;11,4;8,7;45;36;40;117;6,3;1,5;
2024/07/27;1700 UTC;0;891,3;892,2;891,3;1713,9;24,5;9,8;26,1;23,9;10;8,7;40;34;39;69;5,3;,8;
2024/07/27;1800 UTC;0;891;891,3;891;1377,7;26,5;9,2;26,6;24,5;10,5;9;40;34;34;2;4,3;1,1;
2024/07/27;1900 UTC;0;891,1;891,1;890,9;1128,7;25,7;9,1;26,5;24,9;10,1;8,6;38;33;35;66;6;3,2;
2024/07/27;2000 UTC;0;891,3;891,3;891,1;658,5;25,5;9,3;25,9;24;10,6;9;43;35;36;12;6;2,1;
2024/07/27;2100 UTC;0;891,7;891,7;891,3;338,9;22,8;10,4;25,5;22,8;10,5;7,6;45;33;45;25;4,8;1,4;
2024/07/27;2200 UTC;0;892,1;892,1;891,7;;21;10,2;22,8;20,8;10,7;10,1;51;45;50;76;3,4;1,9;
2024/07/27;2300 UTC;0;892,6;892,6;892,1;;20,6;9,1;21,1;20,3;10,1;9,1;50;47;48;81;3,4;2,3;
2024/07/28;0000 UTC;0;893,2;893,2;892,6;;20,1;9,6;20,6;19,7;9,6;9,1;52;48;51;77;3,4;2,2;
2024/07/28;0100 UTC;0;893,1;893,2;893,1;;20,2;9,6;20,7;20;9,7;9,4;51;49;51;83;3,7;2,4;
2024/07/28;0200 UTC;0;892,7;893,1;892,7;;19,8;9,7;20,3;19,5;9,8;9,5;53;50;52;83;3,7;2,4;
2024/07/28;0300 UTC;0;892,3;892,7;892,3;;19,3;11,2;19,8;18,7;11,2;9,7;60;52;59;90;6,2;2,5;
2024/07/28;0400 UTC;0;892;892,3;892;;17,8;11,4;19,3;17,6;11,5;11;67;59;66;82;4;2,1;
2024/07/28;0500 UTC;0;891,9;892;891,9;;18,5;11,7;18,7;17,6;11,8;11,3;67;64;65;89;4,2;2,8;
2024/07/28;0600 UTC;0;891,4;891,9;891,4;;17,8;11,6;18,7;17,8;11,8;11,6;67;64;67;89;5,5;3,2;
2024/07/28;0700 UTC;0;891,3;891,4;891,3;;17;11,5;18;17;11,7;11,5;70;67;70;82;5,6;2,7;
2024/07/28;0800 UTC;0;891,6;891,6;891,1;;16,3;11,1;17,4;16,3;11,6;11,1;72;68;71;76;4,7;2,7;
2024/07/28;0900 UTC;0;892,2;892,2;891,5;;17,1;10,6;17,4;15,5;11,1;10,6;74;65;65;84;4,2;2,2;
2024/07/28;1000 UTC;0;892,9;892,9;892,2;25,2;16,3;10,1;17,4;15,8;10,6;10,1;69;64;67;40;3,9;,6;
2024/07/28;1100 UTC;0;893,8;893,8;892,9;351,9;18,8;11;18,9;16,2;11;10,1;67;59;61;77;5,6;2,5;
2024/07/28;1200 UTC;0;894,4;894,4;893,8;1191,2;21,3;10,2;21,3;18,8;11,1;9,8;61;48;49;54;5,6;2,5;
2024/07/28;1300 UTC;0;894,7;894,7;894,4;2045,5;23,4;10,2;23,4;21,1;10,4;9,7;49;43;43;57;7,8;3,7;
2024/07/28;1400 UTC;0;894,4;894,7;894,4;2510,5;24,2;9,5;25;23;10,3;8,2;44;37;39;87;7,8;3,2;
2024/07/28;1500 UTC;0;893,8;894,4;893,8;2634,9;24,8;7,9;26,2;23,7;10,1;7,5;40;32;34;96;7,3;2,6;
2024/07/28;1600 UTC;0;892,8;893,8;892,8;2252,1;25,1;8;26,1;24,3;8,5;7,2;36;31;34;134;5,8;,8;
2024/07/28;1700 UTC;0;892,1;892,8;892,1;2671,7;27,5;8,3;27,8;24,8;8,7;7,3;34;29;30;10;6,2;1,7;
2024/07/28;1800 UTC;0;891,5;892,2;891,5;2701;27,2;7,7;27,7;26,4;8,2;7,2;31;28;29;339;7,7;2,4;
2024/07/28;1900 UTC;0;891,4;891,6;891,4;2057,7;27,2;7,4;27,5;26,5;7,8;7,1;30;28;28;360;6,9;1,2;
2024/07/28;2000 UTC;0;891,7;891,7;891,4;1127;25,7;7,2;27,3;25,7;7,8;7;31;28;31;66;5,9;,9;
2024/07/28;2100 UTC;0;892,1;892,1;891,7;258;24;8,4;25,7;24;8,4;7,1;37;31;37;79;3,7;2,1;
2024/07/28;2200 UTC;0;892,5;892,5;892,1;;22,3;8,9;24;22;9;8,4;43;37;42;90;3,4;1,8;
2024/07/28;2300 UTC;0;892,9;893;892,5;;21,5;9;22,4;21,5;9;8,8;45;42;45;92;3,9;2,3;
2024/07/29;0000 UTC;0;893,2;893,2;892,9;;20,6;9,1;21,5;20,5;9,1;9;48;45;48;86;4,4;2,6;
2024/07/29;0100 UTC;0;893,3;893,4;893,2;;20,2;9;20,8;20;9,1;8,9;49;47;48;90;5,4;3,1;
2024/07/29;0200 UTC;0;893,1;893,3;893,1;;20;8,7;20,3;19,8;9;8,7;49;48;48;89;5,4;3,3;
2024/07/29;0300 UTC;0;892,9;893,1;892,8;;20;8,4;20,1;19,6;8,8;8,4;49;47;47;87;5,7;3,2;
2024/07/29;0400 UTC;0;892,6;892,9;892,6;;19,2;8,5;20,1;19,2;8,6;8,3;50;47;50;86;5,9;3,4;
2024/07/29;0500 UTC;0;892,4;892,6;892,4;;19;8,7;19,6;19;8,8;8,5;51;50;51;89;5,4;2,8;
2024/07/29;0600 UTC;0;892,1;892,4;892,1;;18,8;8,9;19,4;18,6;8,9;8,7;53;50;53;90;6;3,5;
2024/07/29;0700 UTC;0;892,3;892,4;892,1;;18;8,8;19,1;18;9;8,8;55;52;55;77;7;3,4;
2024/07/29;0800 UTC;0;892,6;892,6;892,3;;18,1;8,7;18,8;18;9;8,7;55;52;54;78;6,3;3,6;
2024/07/29;0900 UTC;0;893;893;892,6;;18,2;8,4;18,4;17,6;8,9;8,4;56;52;53;83;5,6;3,4;
2024/07/29;1000 UTC;0;893,2;893,2;892,9;25,2;18,7;7,8;18,8;18,1;8,4;7,8;53;49;49;84;6,1;3,6;
2024/07/29;1100 UTC;0;893,6;893,6;893,2;327,6;20,9;8,4;20,9;18,6;8,4;7,8;49;45;45;78;6;3;
2024/07/29;1200 UTC;0;894,1;894,1;893,6;1192,7;23,3;7,2;23,7;20,9;8,3;7,1;45;35;36;51;6,5;3,8;
2024/07/29;1300 UTC;0;894,4;894,4;894,1;2050;24,6;7,4;25,1;23,3;8,5;7,3;37;33;33;62;6,9;3,2;
2024/07/29;1400 UTC;0;894;894,4;894;2609,6;26,7;7,8;26,8;24,5;8,3;7,2;34;30;30;93;6,5;1;
2024/07/29;1500 UTC;0;893,4;894;893,4;2889,5;27,5;8,5;27,5;25,9;8,5;7,2;32;29;30;341;5,9;1,1;
2024/07/29;1600 UTC;0;892,6;893,4;892,5;2986,8;27,3;7,6;27,9;26,6;8,3;7,2;30;28;29;312;6,7;3,1;
2024/07/29;1700 UTC;0;891,6;892,6;891,6;2921,7;27,8;7;28,4;26,9;8,3;6,8;30;27;27;5;6,7;1,3;
2024/07/29;1800 UTC;0;891;891,6;891;2653,8;29,6;4,3;29,8;27,5;7,5;4,3;27;20;20;312;5,7;2,3;
2024/07/29;1900 UTC;0;890,8;891;890,8;1909,7;27,9;4,8;29,6;27,9;4,8;,5;23;16;23;258;10,8;4,2;
2024/07/29;2000 UTC;0;891,4;891,4;890,8;548,3;26,9;5,4;27,9;26,8;6,4;5,3;27;23;25;194;10,8;2,4;
2024/07/29;2100 UTC;0;891,7;891,7;891,4;148,9;25,9;7;27;25,9;7;5,4;30;25;30;181;4,1;,7;
2024/07/29;2200 UTC;0;892,1;892,1;891,7;;24,5;7,5;25,8;24,5;7,6;6,8;34;30;34;104;2,7;,8;
2024/07/29;2300 UTC;0;892,5;892,5;892,1;;22,7;8,8;24,5;22,7;8,8;7,4;41;34;41;78;3,1;0;
2024/07/30;0000 UTC;0;892,8;892,8;892,5;;23,2;7,2;23,5;22,4;8,8;7,1;41;36;36;88;2,6;,2;
2024/07/30;0100 UTC;0;893;893;892,8;;21,8;7,7;23,2;20,6;9,7;7;49;36;40;75;3,6;1,1;
2024/07/30;0200 UTC;0;892,8;893;892,8;;21,3;8,6;21,9;21,3;8,6;7,8;44;40;44;73;2,6;1,8;
2024/07/30;0300 UTC;0;892,7;892,8;892,6;;20,8;9,4;21,8;20,7;9,5;8,6;48;43;48;29;2,6;1,2;
2024/07/30;0400 UTC;0;892,3;892,8;892,3;;21,7;9;22,1;20,8;9,6;8,8;48;43;44;72;4,6;2,2;
2024/07/30;0500 UTC;0;891,7;892,3;891,7;;21,4;9,3;21,9;21,4;9,3;8,8;46;43;46;84;6,1;3,5;
2024/07/30;0600 UTC;0;891,4;891,7;891,4;;21,2;9,7;21,6;21,1;9,7;9,3;48;46;48;84;6,1;3,2;
2024/07/30;0700 UTC;0;891,3;891,4;891,3;;20,9;9,9;21,3;20,6;9,9;9,6;50;48;49;78;5,3;2;
2024/07/30;0800 UTC;0;891,3;891,4;891,3;;20,7;10,1;21,3;20,4;10,1;9,8;51;48;51;83;5,9;3,4;
2024/07/30;0900 UTC;0;891,7;891,7;891,3;;20;9,7;20,8;20;10,2;9,7;52;50;51;75;5,8;2,3;
2024/07/30;1000 UTC;0;892,3;892,3;891,7;11,5;19,6;10;20,1;19,5;10;9,7;54;51;54;70;4,5;2,5;
2024/07/30;1100 UTC;0;893;893;892,3;232,9;21;10,2;21;19,6;10,5;10;54;50;50;57;4,3;2,7;
2024/07/30;1200 UTC;0;893,7;893,7;893;477,5;22,5;10,2;22,5;21;10,4;9,7;50;45;46;45;6,1;3,1;
2024/07/30;1300 UTC;0;893,9;894;893,7;1590,1;25;8,5;25,4;22,5;11;8,5;47;35;35;65;7,7;3,7;
2024/07/30;1400 UTC;0;893,5;894;893,5;2487,1;27;9,8;27;24,7;9,8;8,5;37;33;34;75;6,9;3,2;
2024/07/30;1500 UTC;0;893;893,5;893;2726,4;26,7;8,6;27,9;25,9;9,3;8,1;34;28;32;4;6,6;2,9;
2024/07/30;1600 UTC;0;892,1;893;892,1;1095,6;26,1;8,7;26,7;25,7;9;8;34;32;33;67;7;2,1;
2024/07/30;1700 UTC;0;891,4;892,1;891,4;1747,5;26,2;8,3;28,5;25,9;9,6;7,6;33;29;32;85;6,9;2,2;
2024/07/30;1800 UTC;0;890,7;891,4;890,7;1403,6;27,7;7,8;28,3;26;8,7;7,2;32;28;28;12;4,3;1,6;
2024/07/30;1900 UTC;0;890,7;890,7;890,6;1664,2;27;7,3;28,4;27;8,3;6,7;29;27;29;163;6,5;3;
2024/07/30;2000 UTC;0;891;891;890,7;642,5;25,3;7,7;28;25,3;8,2;7,2;33;28;33;75;5,8;1,6;
2024/07/30;2100 UTC;0;891,3;891,3;891;130,5;24,5;7,8;25,4;24,5;8,1;7,6;35;32;34;89;3,2;1,5;
2024/07/30;2200 UTC;0;891,6;891,6;891,3;;22,6;6,9;24,5;22,6;7,8;6,8;36;34;36;81;3,2;2;
2024/07/30;2300 UTC;0;891,9;891,9;891,6;;22,9;6,6;22,9;22;7,7;6,5;40;35;35;96;4;2,6;
2024/07/31;0000 UTC;0;892,2;892,2;891,9;;21,1;7,3;23;20,8;7,3;6,5;41;35;41;88;4,5;2,4;
2024/07/31;0100 UTC;0;892,4;892,4;892,2;;20,9;7,4;21,5;20,9;7,5;7,1;42;40;42;94;5,1;2,8;
2024/07/31;0200 UTC;0;892,4;892,5;892,4;;21;7;21;20,7;7,5;6,9;42;40;40;89;7;4;
2024/07/31;0300 UTC;0;892;892,4;892;;20,8;6,3;21;20,7;6,9;6,3;41;39;39;86;7,4;4,1;
2024/07/31;0400 UTC;0;891,7;892,1;891,7;;20,4;5,8;21;20,3;6,3;5,8;39;38;39;84;6,8;3;
2024/07/31;0500 UTC;0;890,9;891,7;890,9;;20,6;6,2;20,6;19,4;6,4;5,8;42;39;39;85;6,8;3,7;
2024/07/31;0600 UTC;0;890,7;891;890,7;;20,7;5,1;20,8;20,4;6,2;5;39;36;36;89;8,8;4,6;
2024/07/31;0700 UTC;0;890,7;890,7;890,6;;20,1;5,1;20,9;20;5,1;4,6;38;35;37;79;8,8;3,9;
2024/07/31;0800 UTC;0;891;891;890,7;;19,5;5,5;20,3;19,4;5,5;5,1;40;37;40;79;7,7;4,1;
2024/07/31;0900 UTC;0;891,4;891,5;891;;19;5,3;19,5;18,9;5,5;5,2;41;39;41;78;7,1;3,9;
2024/07/31;1000 UTC;0;892,1;892,1;891,4;25,3;18,9;6,3;19,3;18,8;6,3;5,3;44;40;44;81;7,2;4,1;
2024/07/31;1100 UTC;0;892,8;892,8;892,1;305,5;20,5;7;20,5;19;7,1;6,3;44;41;42;79;8,6;4,8;
2024/07/31;1200 UTC;0;893,6;893,6;892,8;1189,9;21,8;7,1;21,8;20,6;7,2;6,7;42;38;39;86;11,9;5,8;
2024/07/31;1300 UTC;0;894,1;894,1;893,6;2037,6;23,8;7,7;23,8;21,9;7,7;6,5;38;35;36;89;11,9;5;
2024/07/31;1400 UTC;0;894;894,2;894;2601,1;25,5;7,6;25,5;23,1;7,8;6,7;36;31;32;80;10,1;3,7;
2024/07/31;1500 UTC;0;893,5;894;893,5;2888;26,3;6,2;26,7;24,6;7,4;5,3;33;26;28;86;9;4,1;
2024/07/31;1600 UTC;0;892,6;893,5;892,6;2963,3;27,5;5,6;27,5;25,9;6,6;3,8;29;22;25;113;9,3;2,5;
2024/07/31;1700 UTC;0;891,8;892,7;891,7;2785,8;26,7;4,6;27,9;26,4;6,6;4,1;27;23;24;92;9,2;4,8;
2024/07/31;1800 UTC;0;891,2;891,8;891,2;2447,3;26,6;5,2;27,7;26,4;5,9;4,3;26;23;26;94;9,2;3,8;
2024/07/31;1900 UTC;0;891,4;891,4;891,1;1877,2;26,5;5,3;27,5;26,4;6,2;5,1;27;25;26;98;8,9;4,8;
2024/07/31;2000 UTC;0;891,7;891,7;891,4;1054,5;25,5;5,9;26,7;25,5;5,9;5,2;29;25;29;89;8,9;4,2;
2024/07/31;2100 UTC;0;892,1;892,1;891,7;278,9;23,7;7,1;25,5;23,6;7,1;5,9;34;29;34;89;8,1;3,4;
2024/07/31;2200 UTC;0;892,3;892,4;892,1;;21,4;8,1;23,7;21,4;8,1;7;42;34;42;93;5,8;2,5;
2024/07/31;2300 UTC;0;892,9;892,9;892,3;;20,7;8,1;21,5;20,7;8,2;8,1;44;42;44;85;5,1;2,4;
2024/08/01;0000 UTC;0;893,4;893,5;892,9;;20,1;8,3;20,7;20,1;8,3;8,1;47;44;47;98;4,6;1,6;
2024/08/01;0100 UTC;0;893,9;893,9;893,4;;19,3;8,7;20,1;19,2;8,8;8,3;51;47;51;106;4,3;1,8;
2024/08/01;0200 UTC;0;893,6;893,9;893,6;;19;9,3;19,6;19;9,3;8,8;53;50;53;98;7,3;4;
2024/08/01;0300 UTC;0;893,3;893,7;893,3;;18,6;9,7;19;18,5;9,7;9,2;56;53;56;96;9,3;4,7;
2024/08/01;0400 UTC;0;892,8;893,3;892,8;;17,8;9,9;18,6;17,8;9,9;9,7;60;56;60;87;9,8;5,6;
2024/08/01;0500 UTC;0;892,2;892,8;892,1;;17,3;10;17,8;17,1;10;9,9;63;60;62;88;10,9;5,7;
2024/08/01;0600 UTC;0;892;892,3;892;;16,8;10;17,5;16,8;10,1;9,9;64;61;64;91;12,1;6,3;
2024/08/01;0700 UTC;0;891,8;892;891,7;;16,3;10,1;16,8;16,3;10,1;10;67;64;67;87;12,1;6,5;
2024/08/01;0800 UTC;0;891,9;892;891,7;;15,9;10,2;16,4;15,9;10,3;10;69;67;69;90;12,5;6,7;
2024/08/01;0900 UTC;0;892,5;892,5;891,7;;15,5;10,6;16;15,4;10,7;10,2;73;69;73;90;12,6;6,6;
2024/08/01;1000 UTC;0;893;893;892,4;27,8;15,2;11,1;15,6;15,1;11,1;10,6;76;73;76;78;11,6;5,3;
2024/08/01;1100 UTC;0;893,7;893,8;893;304;16,9;11,8;16,9;15,2;11,8;11,1;76;72;72;80;11,2;5,3;
2024/08/01;1200 UTC;0;894,6;894,6;893,7;1226,7;19,1;12,4;19,1;16,8;12,4;11,7;72;65;65;80;11,3;5;
2024/08/01;1300 UTC;0;895;895,1;894,6;2082,8;21,6;11,7;21,6;19,1;12,2;11,5;65;54;54;64;11,3;3,9;
2024/08/01;1400 UTC;0;894,7;895,1;894,7;2506,3;22,6;10;23,3;21,3;11,9;9,2;54;43;45;75;9,9;4,8;
2024/08/01;1500 UTC;0;894,1;894,7;894,1;2579,5;23,9;9,4;24,3;21,9;11,2;8,9;47;39;40;90;9,1;3,8;
2024/08/01;1600 UTC;0;893,2;894,1;893,2;3245,3;25,2;7,4;26,2;23,9;9,2;7;40;31;32;78;10,8;3,9;
2024/08/01;1700 UTC;0;892;893,2;892;2597,1;25,7;6,3;26,1;24,2;7,7;5,9;33;29;29;66;10,1;4,3;
2024/08/01;1800 UTC;0;891,3;892,1;891,3;1494,4;25,9;5,9;26,1;23,9;7,4;4,7;32;28;28;65;10,1;4,3;
2024/08/01;1900 UTC;0;891,2;891,3;891,1;1989;25;6,1;26,6;24,6;6,8;5,2;31;27;30;94;10,5;4,2;
2024/08/01;2000 UTC;0;891,4;891,4;891,2;509,1;23,6;5,9;25,5;23,2;6,2;5,4;32;28;32;75;8,4;2,9;
2024/08/01;2100 UTC;0;891,6;891,6;891,3;312,9;22,3;5,9;24,3;22,3;6;4,6;34;28;34;87;8,5;2,7;
2024/08/01;2200 UTC;0;891,9;891,9;891,6;;20,8;7,8;22,4;20,7;7,8;5,9;43;34;43;81;5,4;3,4;
2024/08/01;2300 UTC;0;892,3;892,3;891,9;;19,4;8,9;21;19,3;8,9;7,8;51;43;51;90;6,1;2,1;
2024/08/02;0000 UTC;0;892,6;892,6;892,3;;18,8;9,7;19,5;18,8;9,7;8,9;56;51;56;92;5,6;3,2;
2024/08/02;0100 UTC;0;892,8;892,9;892,6;;19,5;10,2;19,5;18,7;10,3;9,7;57;55;55;86;7,8;4,4;
2024/08/02;0200 UTC;0;892,8;893;892,8;;18,8;9,9;19,5;18,6;10,2;9,8;57;55;56;85;7,7;4,1;
2024/08/02;0300 UTC;0;892,8;892,9;892,7;;18,3;9,7;18,8;18,2;9,8;9,6;58;56;57;86;7,3;3,9;
2024/08/02;0400 UTC;0;892,5;892,8;892,5;;18,1;9,6;18,3;18;9,7;9,5;58;57;58;81;7,3;3,6;
2024/08/02;0500 UTC;0;892;892,6;892;;17,9;9,8;18,3;17,9;9,8;9,5;59;57;59;82;10;4,6;
2024/08/02;0600 UTC;0;891,7;892,1;891,7;;17,2;10,3;17,9;17,1;10,3;9,8;64;59;64;78;10;4,3;
2024/08/02;0700 UTC;0;891,4;891,7;891,4;;16,5;10,5;17,2;16,3;10,6;10,2;68;64;68;79;8,5;5;
2024/08/02;0800 UTC;0;891,8;891,8;891,4;;16,2;10,9;16,6;16;10,9;10,6;71;68;71;83;10,4;5,7;
2024/08/02;0900 UTC;0;892,1;892,1;891,7;;15,6;11,2;16,2;15,5;11,2;10,8;75;70;75;82;9,8;5,5;
2024/08/02;1000 UTC;0;892,6;892,7;892,1;28,7;15,3;11,5;15,7;15,3;11,5;11,2;78;75;78;83;9,8;5;
2024/08/02;1100 UTC;0;893,6;893,6;892,6;293,9;16,7;12,2;16,7;15,3;12,3;11,5;78;75;75;74;8,8;4,5;
2024/08/02;1200 UTC;0;894,1;894,1;893,6;1229,7;19,3;12,7;19,3;16,7;12,9;12,3;75;65;66;67;8,7;4,8;
2024/08/02;1300 UTC;0;894,6;894,6;894,1;2095,5;20,6;11,5;21,1;19,2;13,1;11,5;66;56;56;68;11,7;6,1;
2024/08/02;1400 UTC;0;894,2;894,7;894,1;2656,6;22,5;11,1;22,9;20,5;12;10,8;56;48;49;77;10,3;5,8;
2024/08/02;1500 UTC;0;893,6;894,2;893,5;3017,8;22,7;10,9;23,5;21,8;11,4;10,2;50;45;47;59;10,3;4,5;
2024/08/02;1600 UTC;0;892,7;893,6;892,7;2944,6;23,7;8,7;24,6;22,3;11,5;8,7;48;38;39;62;9,1;4,4;
2024/08/02;1700 UTC;0;891,7;892,7;891,7;1852,7;24;7,7;24,6;22,4;10,3;6,3;43;32;35;45;10,3;4,5;
2024/08/02;1800 UTC;0;891,2;891,7;891,2;1239,8;23,4;7;24,8;22,8;8;6,7;37;32;35;46;10,3;5;
2024/08/02;1900 UTC;0;891,1;891,2;891;544,9;22,6;7,9;23,5;22,3;8,2;7;40;35;39;56;8,2;3,2;
2024/08/02;2000 UTC;0;891;891,1;891;580,6;22,8;8;23,7;21,7;8,3;7,6;41;36;39;31;6,5;2,2;
2024/08/02;2100 UTC;0;891,2;891,2;891;353;21,2;8,6;23,2;21,2;8,6;7,8;44;37;44;68;4,4;1,5;
2024/08/02;2200 UTC;0;891,5;891,5;891,2;;20,2;9,4;21,2;19,8;9,5;8,7;51;44;50;85;3,5;2,5;
2024/08/02;2300 UTC;0;892;892;891,5;;19,9;9,9;20,3;19,5;9,9;9,4;53;49;52;97;3,5;2,1;
2024/08/03;0000 UTC;0;892,5;892,5;892;;19,3;10,7;20,3;19,2;10,7;9,9;58;52;58;76;4,5;2,6;
2024/08/03;0100 UTC;0;892,9;892,9;892,5;;19,7;10,9;19,8;19,1;11,2;10,8;59;57;57;77;6,9;4;
2024/08/03;0200 UTC;0;892,7;892,9;892,7;;18,7;10,7;19,9;18,7;10,9;10,6;60;55;60;78;8,1;4,2;
2024/08/03;0300 UTC;0;892,5;892,7;892,5;;17,8;10,4;18,8;17,8;10,7;10,4;62;59;62;74;8,3;3,4;
2024/08/03;0400 UTC;0;892;892,5;892;;17,3;10,1;18,1;17,3;10,4;10,1;62;60;62;81;6,1;3;
2024/08/03;0500 UTC;0;891,6;892;891,6;;16,9;9,8;17,3;16,1;10,1;9,8;67;62;63;85;5,4;3,4;
2024/08/03;0600 UTC;0;891,1;891,6;891,1;;16;10,1;16,9;15,6;10,2;9,7;69;63;68;85;5,3;2,7;
2024/08/03;0700 UTC;0;891,1;891,1;890,9;;15,8;10,6;16,3;15,5;10,8;10,1;72;68;71;85;5,3;3,2;
2024/08/03;0800 UTC;0;891,3;891,3;891;;14,9;10,7;15,9;14,9;10,8;10,6;76;71;76;102;5,3;3,1;
2024/08/03;0900 UTC;0;891,8;891,8;891,2;;14,2;11,2;14,9;14,2;11,2;10,7;82;76;82;92;7,1;3,5;
2024/08/03;1000 UTC;0;892,1;892,1;891,8;32,9;14,3;11,6;14,4;13,1;11,7;10,8;88;82;84;83;6,2;3,2;
2024/08/03;1100 UTC;0;892,8;892,8;892,1;289,8;16,4;12,5;16,4;14,3;12,5;11,6;84;78;78;77;7,4;4,3;
2024/08/03;1200 UTC;0;893,4;893,4;892,8;1292,3;19,2;12,8;19,2;16,4;12,9;12,3;78;65;66;64;10,8;5,4;
2024/08/03;1300 UTC;0;893,8;893,8;893,3;2152,8;20,7;11,4;21;18,9;12,6;11,4;66;55;55;63;10,1;5,3;
2024/08/03;1400 UTC;0;893,7;894;893,7;2643,2;21,5;10,1;22,6;20,6;11,9;10;56;47;48;43;10;5,3;
2024/08/03;1500 UTC;0;893,2;893,7;893,2;2926,6;22,1;10,3;23,9;21,5;10,5;9,2;48;41;47;30;11,9;4,8;
2024/08/03;1600 UTC;0;892,4;893,2;892,3;2376,7;23,8;8,4;24,4;22;10,7;8,4;48;37;38;53;10,5;5,5;
2024/08/03;1700 UTC;0;891,4;892,4;891,4;2704,7;23,9;7,3;24,7;22,9;9,3;7,2;40;33;34;39;10,5;4,3;
2024/08/03;1800 UTC;0;890,7;891,4;890,7;2252,7;24,3;6,5;25,6;23,4;8,1;6,1;35;31;32;54;9,5;4;
2024/08/03;1900 UTC;0;890,4;890,7;890,4;1912,9;24,9;6,8;25,6;24,3;7,5;5,9;33;30;31;57;7,5;3,7;
2024/08/03;2000 UTC;0;890,5;890,5;890,4;1121;24,3;6,8;24,9;24;7;6,2;33;31;33;44;8,1;2,6;
2024/08/03;2100 UTC;0;890,8;890,8;890,4;327,2;21,5;7,2;24,3;21,5;7,2;6,4;40;33;40;58;5,9;2,2;
2024/08/03;2200 UTC;0;890,9;890,9;890,8;;19,5;8;21,5;19,5;8,1;7,2;48;40;48;69;4,4;1,8;
2024/08/03;2300 UTC;0;891,4;891,4;890,9;;19,9;7,9;19,9;19,1;8,2;7,8;48;46;46;83;3,7;2,5;
2024/08/04;0000 UTC;0;891,9;891,9;891,4;;19,2;8,2;20;18,9;8,2;7,7;49;46;49;87;5,4;3,3;
2024/08/04;0100 UTC;0;892;892;891,9;;18,4;9,3;19,3;18,3;9,3;8,2;55;49;55;81;6,7;3,9;
2024/08/04;0200 UTC;0;892,2;892,2;892;;17,8;9;18,5;17,7;9,3;9;57;55;57;88;7,3;3,4;
2024/08/04;0300 UTC;0;892,2;892,3;892,2;;17,1;8,4;17,9;17,1;9;8,4;57;56;57;83;5,6;3,3;
2024/08/04;0400 UTC;0;891,9;892,2;891,9;;16,8;7,4;17,6;16,8;8,5;7,4;57;52;54;80;5,3;1,8;
2024/08/04;0500 UTC;0;891,1;891,9;891,1;;15,6;7,5;16,9;15,6;7,8;7,3;59;54;58;55;3;2,1;
2024/08/04;0600 UTC;0;891,1;891,3;891,1;;16,3;7,8;16,8;15,5;7,8;7,4;59;54;57;96;4,1;2,2;
2024/08/04;0700 UTC;0;891,2;891,2;891,1;;15,6;9,3;16,4;15,6;9,3;7,9;66;57;66;102;3,9;1,9;
2024/08/04;0800 UTC;0;891,2;891,2;891,1;;15,1;10,3;15,6;14,9;10,3;9,3;73;66;73;103;3,6;1,9;
2024/08/04;0900 UTC;0;891,6;891,6;891,2;;15,3;11;15,4;14,9;11;10,3;75;73;75;91;4,7;2,9;
2024/08/04;1000 UTC;0;892,4;892,4;891,6;32,7;15,2;11,3;15,3;14,9;11,3;10,9;79;75;77;88;5,7;3,1;
2024/08/04;1100 UTC;0;893;893;892,3;302,8;17,4;12,1;17,5;15;12,4;11,2;78;71;71;61;5,1;1,9;
2024/08/04;1200 UTC;0;893,6;893,6;893;1288,8;20;12,8;20;17,4;12,9;12,1;71;62;63;66;6,7;3,4;
2024/08/04;1300 UTC;0;894,4;894,4;893,6;2129,8;21,4;11,9;21,6;20;12,8;11,6;63;54;55;47;10,2;5,5;
2024/08/04;1400 UTC;0;894,5;894,6;894,4;1972;21,7;11,4;22,7;21,1;12,2;10,1;55;47;52;65;10,2;3,4;
2024/08/04;1500 UTC;0;893,7;894,5;893,7;2562,6;22,8;8,9;24,3;21,4;11,5;8,4;52;38;41;41;10;4,6;
2024/08/04;1600 UTC;0;892,9;893,7;892,9;2292,2;24;8,3;24,7;22,8;10;8,1;42;35;37;56;9,6;4,1;
2024/08/04;1700 UTC;0;891,9;892,9;891,8;2092,3;24,2;7,4;25,8;23,5;9,4;7,2;39;32;34;51;9,3;3,5;
2024/08/04;1800 UTC;0;891,2;891,9;891,2;1562,6;25,8;7,9;25,8;23,7;8,3;6,4;35;31;32;44;7,9;2,9;
2024/08/04;1900 UTC;0;890,7;891,2;890,7;1165,1;25,3;6,3;26,3;23,6;7,7;6;34;29;30;49;8,1;3,2;
2024/08/04;2000 UTC;0;890,7;890,7;890,5;1054,8;24,9;6,2;25,7;24,3;6,7;5,7;31;28;30;51;6,8;3,2;
2024/08/04;2100 UTC;0;890,8;890,8;890,7;299,4;22,1;7,3;24,9;22,1;7,3;6,1;39;30;39;52;7,2;2,3;
2024/08/04;2200 UTC;0;891,1;891,1;890,8;;21,1;7,4;22,1;21;7,6;7,1;41;38;41;96;3,4;1,9;
2024/08/04;2300 UTC;0;891,6;891,6;891,1;;21;8,5;21,3;20,7;8,5;7,3;45;40;45;84;5;3;
2024/08/05;0000 UTC;0;892,3;892,3;891,6;;19,2;9,2;21;19,2;9,3;8,5;52;45;52;88;5;2,8;
2024/08/05;0100 UTC;0;892,5;892,5;892,3;;18,7;9,4;19,3;18,6;9,5;9,2;55;52;55;89;5,1;3,2;
2024/08/05;0200 UTC;0;892,7;892,7;892,5;;17,9;9,2;18,8;17,9;9,4;9,2;57;54;57;91;4,9;2,8;
2024/08/05;0300 UTC;0;892,7;892,7;892,6;;17,5;9;17,9;17,1;9,3;9;60;57;58;85;5,3;2,5;
2024/08/05;0400 UTC;0;892,3;892,7;892,3;;16,9;8,8;17,7;16,9;9,1;8,8;59;57;59;95;4,4;1,7;
2024/08/05;0500 UTC;0;891,5;892,3;891,5;;15,1;8,4;16,9;14,8;9;8,4;67;59;64;64;3,4;2,3;
2024/08/05;0600 UTC;0;891,1;891,5;891,1;;15,7;8,2;17;14,8;8,6;8;64;56;61;75;4;1,8;
2024/08/05;0700 UTC;0;891,2;891,3;891;;15,3;8,3;16,5;15,3;8,3;8;63;58;63;127;4,3;1;
2024/08/05;0800 UTC;0;891,2;891,3;891,1;;15,6;8,6;15,9;15,2;8,7;8,2;65;61;63;103;4,3;2,7;
2024/08/05;0900 UTC;0;891,6;891,6;891,2;;14,4;9;15,6;13,7;9;8,4;72;63;70;94;4,5;2,3;
2024/08/05;1000 UTC;0;892,4;892,4;891,6;17,9;15,2;9,2;15,2;14,3;9,2;8,8;70;67;68;100;6,5;3,8;
2024/08/05;1100 UTC;0;893,3;893,3;892,4;332,3;17,6;10,7;17,6;15;10,7;9,1;68;64;64;81;6,6;3,6;
2024/08/05;1200 UTC;0;894;894;893,2;1300,7;19,8;11;20;17,6;11,3;10,7;64;57;57;79;8,7;4,6;
2024/08/05;1300 UTC;0;894,3;894,3;894;2155,8;21,9;11;22,1;19,7;11,5;10,6;58;50;50;52;11,8;5,2;
2024/08/05;1400 UTC;0;893,8;894,3;893,8;2713,6;22,9;10,3;23,3;21,3;11,3;10,1;51;44;45;62;10,4;5,2;
2024/08/05;1500 UTC;0;893,4;893,9;893,2;2794,4;24;8,8;24,9;22,2;10,7;7,7;47;35;38;68;13,6;5,8;
2024/08/05;1600 UTC;0;892,4;893,4;892,4;2171,8;24,5;8;25,2;22,6;8,8;6,8;39;33;35;63;12,1;4,8;
2024/08/05;1700 UTC;0;891,4;892,5;891,4;2658,6;25,6;6,8;26,2;23,9;8,4;6,8;35;29;30;53;11;5;
2024/08/05;1800 UTC;0;890,8;891,4;890,8;2395,2;25,7;6,9;26,7;24,3;8;5,9;33;29;30;55;9,8;4,2;
2024/08/05;1900 UTC;0;890,7;890,9;890,7;1494,7;25,7;6,4;26,2;24;7,4;5,7;32;28;29;65;7,6;3,4;
2024/08/05;2000 UTC;0;890,7;890,7;890,6;1148,7;24,4;6,7;26,2;24,1;6,8;5,7;32;28;32;85;8,3;3;
2024/08/05;2100 UTC;0;891,1;891,1;890,7;369,6;22,9;6,4;24,5;22,9;7,1;6,1;35;31;35;74;8,1;2,2;
2024/08/05;2200 UTC;0;891,4;891,4;891,1;;22,3;6,5;22,9;22,2;6,8;6,4;37;35;36;86;5,5;3,2;
2024/08/05;2300 UTC;0;891,8;891,8;891,4;;20,6;7,7;22,4;20,5;7,7;6,5;43;36;43;86;5,5;2,1;
2024/08/06;0000 UTC;0;892,2;892,2;891,8;;20,4;9,1;20,7;20,1;9,1;7,7;48;43;48;88;5,4;3,1;
2024/08/06;0100 UTC;0;892,4;892,4;892,2;;19,6;9,4;20,4;19,6;9,5;9,1;52;48;52;89;5,4;3,4;
2024/08/06;0200 UTC;0;892,4;892,5;892,3;;18,9;9,5;19,7;18,5;9,5;9,3;56;51;54;84;6,3;3,2;
2024/08/06;0300 UTC;0;892,2;892,4;892,2;;18,2;9,5;19;18,1;9,6;9,3;57;54;57;71;5,9;3,2;
2024/08/06;0400 UTC;0;891,9;892,2;891,9;;17,4;9,7;18,5;17,4;9,8;9,5;61;56;61;68;7,5;3,1;
2024/08/06;0500 UTC;0;891,3;891,9;891,3;;16,4;9,7;17,5;16,3;9,8;9,7;65;61;65;72;5,4;2,4;
2024/08/06;0600 UTC;0;890,7;891,3;890,7;;16;8,9;16,5;15,9;9,7;8,8;65;63;63;71;3,7;2,4;
2024/08/06;0700 UTC;0;890;890,7;890;;16,4;9,2;16,8;15,8;9,2;8,7;63;59;62;63;5,7;3,2;
2024/08/06;0800 UTC;0;890;890,2;890;;16,7;10,1;16,9;16,3;10,1;9,2;65;61;65;75;6,5;3,6;
2024/08/06;0900 UTC;0;890,9;890,9;890;;16,8;10,3;16,8;16,4;10,3;10;66;64;65;83;6,7;4,1;
2024/08/06;1000 UTC;0;891,5;891,5;890,9;33;16,8;10,8;17;16,5;10,8;10,3;68;65;68;90;6,7;3,5;
2024/08/06;1100 UTC;0;891,9;891,9;891,5;400,9;18,3;11,7;18,3;16,8;11,7;10,8;68;65;66;79;7,5;4,4;
2024/08/06;1200 UTC;0;892,5;892,6;891,9;1305,6;20;12,3;20;18,2;12,5;11,7;66;61;61;82;8,9;4,4;
2024/08/06;1300 UTC;0;892,7;892,7;892,4;2221,1;21,6;12,3;21,9;19,8;12,8;12,1;62;55;55;54;11,4;6,3;
2024/08/06;1400 UTC;0;892,6;892,8;892,5;2376,6;22,1;11,1;23,1;20,9;12,5;11,1;57;47;50;51;12;4,9;
2024/08/06;1500 UTC;0;892;892,6;892;1816,3;22,1;10,7;24,5;21,7;12,1;9,4;52;39;48;60;10,8;4,1;
2024/08/06;1600 UTC;0;891;892;891;1905;23,2;10,7;24,8;22,1;11,6;9,1;50;41;45;74;9,1;4,5;
2024/08/06;1700 UTC;0;890,1;891;890,1;2014,9;22,9;9,9;25,2;22,9;11,7;9;46;38;44;85;10;3,7;
2024/08/06;1800 UTC;0;889,3;890,1;889,3;1218,6;24;9,6;24,1;22,9;10,4;8,4;44;39;40;77;7,3;2,9;
2024/08/06;1900 UTC;0;889,2;889,3;889;1173;23,4;7,4;25,3;23,2;9,7;7,4;40;35;36;104;7,3;2,5;
2024/08/06;2000 UTC;0;889,3;889,3;889,2;455;22,8;8,3;23,8;22,8;8,9;7,4;41;36;39;68;6,5;2,9;
2024/08/06;2100 UTC;0;889,7;889,7;889,3;120;21,7;8,2;22,8;21,7;8,5;7,8;42;38;42;53;4,8;2,5;
2024/08/06;2200 UTC;0;889,9;889,9;889,6;;20,9;8,6;21,7;20,6;8,8;8,2;46;42;45;79;4;1,5;
2024/08/06;2300 UTC;0;890,4;890,4;889,9;;20,5;8,8;21;20,5;8,9;8,5;47;45;47;74;3,8;1;
2024/08/07;0000 UTC;0;890,8;890,8;890,4;;20,6;9;21;20,3;9;8;48;43;47;91;3,6;2,3;
2024/08/07;0100 UTC;0;891,2;891,2;890,8;;19,5;7,7;20,7;19,5;9;7,5;50;44;46;71;4,6;2,4;
2024/08/07;0200 UTC;0;891,2;891,3;891,2;;19;6,8;19,8;18,9;7,8;6,8;47;44;45;86;5,1;2,7;
2024/08/07;0300 UTC;0;890,9;891,2;890,8;;18,1;5,6;19;16,9;7,1;5,6;52;43;44;91;4,7;2,7;
2024/08/07;0400 UTC;0;890,8;890,9;890,7;;17,6;5;18,1;17,4;5,7;4,9;46;43;43;86;5,8;3,4;
2024/08/07;0500 UTC;0;890,1;890,8;890,1;;17,2;4,1;17,8;17,2;4,9;4,1;43;42;42;87;5,8;3,6;
2024/08/07;0600 UTC;0;889,7;890,1;889,7;;16,6;2,6;17,3;16,6;4,1;2,5;42;37;39;82;5,8;3;
2024/08/07;0700 UTC;0;889,8;889,8;889,7;;16;2,4;16,9;15,8;2,8;2,4;41;38;40;83;4,7;2,8;
2024/08/07;0800 UTC;0;889,8;889,8;889,7;;16,2;2;16,7;15,6;2,5;1,7;41;36;38;84;4,4;2,9;
2024/08/07;0900 UTC;0;890;890;889,7;;16,5;2,1;16,7;15,7;2,2;1,9;40;37;38;96;5,2;3,1;
2024/08/07;1000 UTC;0;890,3;890,3;890;26,1;15,8;3,8;16,5;15,4;3,8;2;45;38;45;84;5,2;2,3;
2024/08/07;1100 UTC;0;890,7;890,7;890,3;362,5;19,2;5,9;19,2;15,8;5,9;3,8;45;41;42;65;4,6;2,7;
2024/08/07;1200 UTC;0;891,5;891,5;890,7;1270,1;21,4;6,7;22;19,2;6,7;5,6;42;36;39;59;9,1;5,3;
2024/08/07;1300 UTC;0;891,6;891,7;891,5;2121,1;22,1;4,7;23,1;21,4;7,3;4,7;39;32;32;41;9,9;5,4;
2024/08/07;1400 UTC;0;891,4;891,8;891,4;2436,7;23,4;,6;24;21,7;5,5;,2;34;22;22;20;9,9;4,1;
2024/08/07;1500 UTC;0;890,6;891,4;890,6;3069,5;24,5;2,2;25;23;3,3;-,1;26;21;23;347;9,9;4;
2024/08/07;1600 UTC;0;889,9;890,6;889,9;3103,7;24,8;3,6;25,2;23,9;4,8;1,3;28;22;25;27;8;3;
2024/08/07;1700 UTC;0;888,8;889,9;888,8;2908,8;25,4;3,3;26,2;24,8;4,4;3,1;26;23;24;340;8,4;2,8;
2024/08/07;1800 UTC;0;888,2;888,8;888,2;2520,4;25,3;3,6;26,9;25,2;4,4;3,3;25;23;25;39;7,5;3,8;
2024/08/07;1900 UTC;0;887,9;888,2;887,8;1919,4;26;4,3;26,7;25,3;4,6;3,3;26;23;25;359;7,5;2,4;
2024/08/07;2000 UTC;0;888;888;887,8;1158,5;25;4,2;26,2;24,9;4,6;3,6;26;24;26;5;6,7;2,4;
2024/08/07;2100 UTC;0;887,9;888;887,9;339,9;21,9;4,6;25;21,9;4,6;3,9;32;26;32;51;5,5;2,7;
2024/08/07;2200 UTC;0;888,5;888,5;887,9;;19,4;6,1;21,9;19,4;6,1;4,7;42;32;42;69;4,4;2,1;
2024/08/07;2300 UTC;0;889,2;889,2;888,5;;18,4;6,2;19,9;18,4;6,2;5,9;45;41;45;42;3,2;1,7;
2024/08/08;0000 UTC;0;889,7;889,7;889,2;;18,3;6,5;20;18,3;6,6;6,3;46;41;46;73;3,9;2,3;
2024/08/08;0100 UTC;0;890,1;890,1;889,7;;18,1;7,1;18,3;17,4;7,1;6,5;50;46;49;67;3,6;2,3;
2024/08/08;0200 UTC;0;890;890,1;890;;18,6;6,4;19,1;17,9;7;6,4;49;44;45;81;4,6;2,5;
2024/08/08;0300 UTC;0;889,8;890;889,8;;17,7;6,5;19;17,5;6,7;6,3;48;44;48;63;3,6;1,6;
2024/08/08;0400 UTC;0;889,3;889,8;889,3;;18,7;5,5;18,8;17;6,7;5,5;50;42;42;74;3,1;2,1;
2024/08/08;0500 UTC;0;888,7;889,3;888,7;;19,1;4,9;19,4;17,2;5,5;4,8;45;39;39;86;3,7;2,1;
2024/08/08;0600 UTC;0;888,7;888,8;888,7;;17,8;4,6;19,2;16,9;5,2;4,5;46;39;42;72;3,2;,4;
2024/08/08;0700 UTC;0;888,7;888,7;888,6;;18,7;3,2;19,2;16,8;4,9;3,2;45;35;36;83;3;1,7;
2024/08/08;0800 UTC;0;888,6;888,7;888,6;;19,3;3,3;19,3;18;3,6;2,9;38;34;35;78;3,3;2,1;
2024/08/08;0900 UTC;0;888,9;888,9;888,6;;18,7;3,6;19,3;16,5;4,1;3,1;43;35;37;79;3;1,7;
2024/08/08;1000 UTC;0;889,4;889,4;888,9;24,1;18,1;4,4;18,7;15,8;4,6;3,6;47;37;40;92;3,1;2,1;
2024/08/08;1100 UTC;0;889,9;889,9;889,4;346,4;20,8;5,8;20,8;18,1;5,8;4,2;42;37;38;88;3,8;2;
2024/08/08;1200 UTC;0;890,4;890,4;889,9;1340,8;24;4,6;24,2;20,8;6,1;4,5;37;28;28;93;4,1;1,4;
2024/08/08;1300 UTC;0;890,8;890,8;890,4;2423,8;24,7;4,9;25;23,2;5,5;4;30;27;28;351;5,3;2,7;
2024/08/08;1400 UTC;0;890,8;891;890,7;2860;25,1;5;25,5;23,8;5,9;4,1;30;27;27;357;6,7;3,2;
2024/08/08;1500 UTC;0;890;890,8;890;3044,1;25,5;5;25,9;24,8;5,7;4,6;28;26;27;339;6,3;3;
2024/08/08;1600 UTC;0;889,2;890;889,2;3008,7;25,9;4,9;27,1;25,2;5,8;4,8;27;25;26;354;7,6;2,7;
2024/08/08;1700 UTC;0;888,3;889,2;888,3;2885,3;27,2;5,7;27,2;25,1;5,7;4,4;27;25;25;279;7;3,2;
2024/08/08;1800 UTC;0;887,6;888,3;887,6;2502,6;26,7;4,8;27,4;25,8;5,6;4,3;26;24;24;277;7;2,8;
2024/08/08;1900 UTC;0;887,5;887,7;887,5;1920,9;27,2;5,1;27,7;26,4;5,7;4,5;25;24;24;12;6,9;2,4;
2024/08/08;2000 UTC;0;887,7;887,7;887,5;1177,7;26,5;5,5;27,5;26,5;6;4,8;26;24;26;358;5,4;2,2;
2024/08/08;2100 UTC;0;888,1;888,1;887,7;391;24,7;6,1;26,5;24,7;6,1;5,4;30;26;30;23;4,1;,4;
2024/08/08;2200 UTC;0;888,4;888,4;888,1;;23;6,3;24,7;23;6,5;6;34;30;34;57;3,5;1,6;
2024/08/08;2300 UTC;0;889,3;889,3;888,4;;22,6;6,5;23,4;22,5;6,7;6,2;36;33;35;25;3,8;1,5;
2024/08/09;0000 UTC;0;889,9;889,9;889,3;;20;7,4;22,6;20;7,4;6,5;44;35;44;55;3,9;1,9;
2024/08/09;0100 UTC;0;890,2;890,2;889,9;;19,7;7,6;20,7;19,6;7,7;7,4;46;42;46;46;4;,1;
2024/08/09;0200 UTC;0;890,4;890,4;890,2;;18,7;7,7;19,8;18,7;7,8;7,4;49;45;49;102;2,8;0;
2024/08/09;0300 UTC;0;890,5;890,5;890,4;;18,5;7,7;19,6;17,9;7,8;7,4;51;46;49;65;3;1;
2024/08/09;0400 UTC;0;890;890,5;890;;19,3;7,5;19,5;18;7,8;7,4;51;46;46;61;3;1,4;
2024/08/09;0500 UTC;0;889,4;890;889,4;;17,5;7,7;19,9;17,2;7,7;7,3;53;45;53;50;3,2;2,1;
2024/08/09;0600 UTC;0;888,8;889,4;888,8;;18,5;7,3;19,1;17,3;8;7,3;53;47;48;77;4,5;2,5;
2024/08/09;0700 UTC;0;888,8;888,8;888,7;;17,5;7,1;18,5;17,5;7,3;7,1;51;48;51;66;3,6;1,7;
2024/08/09;0800 UTC;0;889;889;888,8;;18,6;6,7;19,2;17,5;7,2;6,6;51;45;46;76;3,6;2,1;
2024/08/09;0900 UTC;0;889,4;889,4;889;;17,2;6,8;19;17,1;6,8;6,5;50;45;50;69;3,9;2,4;
2024/08/09;1000 UTC;0;889,7;889,7;889,4;34,8;17,9;6,4;18,5;17,2;6,8;6,3;50;45;47;70;3,9;2;
2024/08/09;1100 UTC;0;890,6;890,6;889,7;324,9;21,5;7,6;21,5;17,9;7,8;6,4;47;40;41;298;3,2;0;
2024/08/09;1200 UTC;0;891;891;890,6;1312;24,5;5,6;24,7;21,5;7,5;5,6;41;29;30;63;4,3;2,4;
2024/08/09;1300 UTC;0;891,4;891,4;891;2169,6;26,2;4,7;26,3;24,4;6,4;3;30;23;25;112;5;1;
2024/08/09;1400 UTC;0;891,3;891,5;891,3;2745;26,6;4,5;26,9;25,5;5;3,1;26;23;24;216;6,3;2,1;
2024/08/09;1500 UTC;0;890,5;891,4;890,5;3020,9;26,7;3,4;27,7;25,9;4,6;2,5;25;21;22;168;5,2;2,2;
2024/08/09;1600 UTC;0;889,6;890,5;889,6;3076,3;27,6;3,1;28,4;26,3;3,9;2,7;23;19;21;327;5,4;1,6;
2024/08/09;1700 UTC;0;888,4;889,6;888,4;2866,8;29,1;4,2;29,1;27,2;4,2;2,6;22;19;21;335;5,1;,9;
2024/08/09;1800 UTC;0;887,9;888,4;887,9;2479,7;29,1;3,3;29,4;27,8;4,1;1,7;21;17;19;288;6,2;1;
2024/08/09;1900 UTC;0;887,6;887,9;887,6;1878,9;28,3;2,1;29,4;28,2;3,6;1,9;20;18;19;261;5,1;3,2;
2024/08/09;2000 UTC;0;887,8;887,8;887,6;1109,3;28,4;3;28,9;28,1;3,4;2;20;18;20;279;4,9;1,7;
2024/08/09;2100 UTC;0;888;888;887,8;314,6;25,2;5,2;28,3;25,2;5,3;3;28;20;28;333;4,4;1,2;
2024/08/09;2200 UTC;0;888,3;888,3;888;;22,3;5,3;25,2;22,3;5,6;5,1;33;27;33;55;2,4;1,3;
2024/08/09;2300 UTC;0;888,9;888,9;888,3;;21,7;4,9;22,7;21,3;5,5;4,9;35;32;34;69;2,2;,6;
2024/08/10;0000 UTC;0;889,3;889,3;888,9;;21,6;4,7;22,6;21,4;5,1;4,2;34;30;33;191;2,4;0;
2024/08/10;0100 UTC;0;889,6;889,6;889,3;;21,3;4,3;22;21,2;4,7;4;33;31;33;219;1,2;0;
2024/08/10;0200 UTC;0;889,8;889,8;889,6;;19,7;3,7;21,2;19,7;4,5;3,7;35;33;35;60;3,5;2,2;
2024/08/10;0300 UTC;0;889,5;889,8;889,5;;19,7;4,1;21;19,5;4,1;3,6;36;32;36;40;3,7;1,5;
2024/08/10;0400 UTC;0;889,2;889,6;889,2;;19,3;5,9;20,3;17,4;7,7;4;53;34;42;171;4,8;,5;
2024/08/10;0500 UTC;0;888,8;889,2;888,7;;20,5;6,7;20,8;19,3;6,8;5,3;42;37;41;172;3,1;1,2;
2024/08/10;0600 UTC;0;888,5;888,8;888,5;;19,2;7,2;20,5;18,4;7,4;6,7;48;41;46;179;2,6;,8;
2024/08/10;0700 UTC;0;888,7;888,7;888,5;;17,8;8,7;19,3;17,8;8,8;7,2;55;46;55;161;6,5;3,2;
2024/08/10;0800 UTC;0;888,8;888,9;888,7;;15,8;9,8;17,8;15,8;9,8;8,7;68;55;68;168;7,4;3,2;
2024/08/10;0900 UTC;0;889,3;889,3;888,7;;15,4;10,7;15,8;15,4;10,7;9,8;73;68;73;168;6,5;3,2;
2024/08/10;1000 UTC;0;889,9;889,9;889,3;38,3;15;11;15,4;14,8;11,1;10,6;77;73;77;165;6,2;2,9;
2024/08/10;1100 UTC;0;890,2;890,2;889,9;345,1;15,3;11,4;15,3;15;11,4;10,9;78;76;78;175;6,1;3;
2024/08/10;1200 UTC;0;890,6;890,6;890,1;1228,7;17;11,9;17,1;15,3;12,2;11,3;78;72;72;168;6,1;2,4;
2024/08/10;1300 UTC;0;891;891;890,6;2048,5;18;12,4;19,1;16,9;13,4;11,7;75;68;70;183;5,5;2,9;
2024/08/10;1400 UTC;0;890,7;891;890,7;2613,4;19,3;12,4;19,7;17,9;13,2;12,2;71;64;64;169;6,7;3,3;
2024/08/10;1500 UTC;0;890,3;890,7;890,3;2904;20;12,7;20;18,7;13;11,8;66;63;63;175;7,5;4;
2024/08/10;1600 UTC;0;889,5;890,3;889,5;2997,9;21,6;11,8;22;18,9;12,6;11,5;64;53;54;186;7,5;3,8;
2024/08/10;1700 UTC;0;888,8;889,5;888,8;2818,3;23,1;11,5;23,1;20,8;12,4;11,3;56;48;48;173;8,2;3,4;
2024/08/10;1800 UTC;0;888,3;888,8;888,3;2430,4;24,2;11,4;24,5;22,8;11,8;10,8;49;44;45;173;6,2;2,8;
2024/08/10;1900 UTC;0;888,1;888,3;888;1828,2;23,6;11,1;24,5;23,4;11,5;10,8;46;43;45;180;6,2;3,2;
2024/08/10;2000 UTC;0;888,3;888,3;888,1;1086,2;22,8;11,1;24,4;22,8;11,5;10,9;48;43;48;182;6,2;3,6;
2024/08/10;2100 UTC;0;888,6;888,6;888,3;302,7;21,1;11,3;23;21,1;11,5;11,1;54;48;54;173;8;3,3;
2024/08/10;2200 UTC;0;889;889,1;888,6;;19,7;11,4;21,1;19,7;11,5;11,4;59;54;59;164;5,9;2,9;
2024/08/10;2300 UTC;0;889,3;889,3;889;;18,5;11,1;19,8;18,5;11,4;11,1;63;58;62;167;6,4;3,2;
2024/08/11;0000 UTC;0;889,5;889,5;889,3;;17,5;10,8;18,5;17,5;11,1;10,8;65;62;65;160;6,4;3;
2024/08/11;0100 UTC;0;889,7;889,8;889,5;;16,5;10,6;17,5;16,5;10,9;10,6;68;65;68;149;5,4;2,9;
2024/08/11;0200 UTC;0;889,7;889,8;889,7;;15,4;10,6;16,5;15,4;10,7;10,4;73;68;73;155;5,8;2,5;
2024/08/11;0300 UTC;0;889,4;889,7;889,4;;14,8;10,6;15,4;14,8;10,7;10,5;76;73;76;152;5,1;2,4;
2024/08/11;0400 UTC;0;889;889,4;889;;14,3;10,5;14,9;14,3;10,7;10,5;79;76;78;152;5,1;2;
2024/08/11;0500 UTC;0;888,7;889,1;888,7;;13,9;10,1;14,4;13,9;10,5;10,1;79;78;78;150;4,1;1,2;
2024/08/11;0600 UTC;0;888,4;888,7;888,4;;13,1;9,8;14;13,1;10,2;9,7;80;78;80;141;4,2;1,9;
2024/08/11;0700 UTC;0;888,5;888,5;888,4;;12,9;9,6;13,4;12,9;9,9;9,5;80;78;80;145;4,2;,9;
2024/08/11;0800 UTC;0;888,6;888,6;888,4;;11,6;8,5;12,9;11,6;9,6;8,4;83;80;81;87;2,5;0;
2024/08/11;0900 UTC;0;889,4;889,4;888,5;;12,2;8,8;12,7;11,6;9;8,4;81;76;80;134;3,5;1,1;
2024/08/11;1000 UTC;0;889,7;889,7;889,4;34,4;13,7;7,1;13,8;11,6;8,9;6,1;82;61;65;103;6,5;3,4;
2024/08/11;1100 UTC;0;890,1;890,2;889,6;345,7;16,8;7,4;16,8;13,6;7,9;6,9;65;54;54;102;6,5;2,3;
2024/08/11;1200 UTC;0;890,7;890,7;890,1;1273,7;21;8,7;21;16,8;8,9;7,3;54;44;45;167;4,9;,1;
2024/08/11;1300 UTC;0;890,9;890,9;890,6;2119,2;24,1;7,7;24,5;20,9;9,3;7,5;46;35;35;210;4,2;1,4;
2024/08/11;1400 UTC;0;890,7;890,9;890,7;2709;26,1;7;26,2;24,1;8;6,8;35;30;30;269;6,6;3,9;
2024/08/11;1500 UTC;0;890,3;890,7;890,3;2843,5;26,7;5,1;27,3;25,9;7,5;4,5;31;24;25;256;7,4;3,7;
2024/08/11;1600 UTC;0;889,5;890,3;889,5;2884;27,5;5,9;27,9;26,4;6,3;2,7;26;21;25;290;7,7;4,1;
2024/08/11;1700 UTC;0;888,7;889,6;888,7;2624,3;28,1;3,5;28,3;26,7;6,4;2,9;26;20;21;267;7,8;4,2;
2024/08/11;1800 UTC;0;888,1;888,7;888,1;2431,3;27,8;5,4;28,5;27,3;5,6;3,4;24;21;24;278;8,2;4,8;
2024/08/11;1900 UTC;0;888,3;888,4;888,1;1413,4;27,4;6,2;28,1;27;6,4;5,3;27;24;26;253;8,2;3,8;
2024/08/11;2000 UTC;0;888,8;888,8;888,3;755,8;26,9;7,4;27,8;26,4;7,5;6;30;25;29;315;6,2;3,8;
2024/08/11;2100 UTC;0;889,2;889,2;888,8;293;24,3;7,7;26,9;24,3;7,7;7,1;35;29;35;345;6,2;,8;
2024/08/11;2200 UTC;0;889,7;889,7;889,2;;22,3;8,4;24,2;22,3;8,5;7,7;41;35;41;33;2,4;1,1;
2024/08/11;2300 UTC;0;890,3;890,3;889,7;;21,7;8,4;22,6;21,7;8,6;8;43;39;42;354;2,5;,1;
2024/08/12;0000 UTC;0;891;891;890,3;;20,9;8,8;21,8;20,8;8,9;8,4;46;42;46;151;6,2;2,1;
2024/08/12;0100 UTC;0;891,4;891,4;890,9;;20,9;6,7;21,2;20,8;8,7;6,7;46;40;40;153;3,4;2,1;
2024/08/12;0200 UTC;0;891,4;891,5;891,3;;20,1;6;20,9;19,9;6,8;6;41;38;40;156;3,6;1,9;
2024/08/12;0300 UTC;0;891,5;891,5;891,2;;18,8;7;20,2;18,8;7;5,9;46;39;46;169;3,9;2,1;
2024/08/12;0400 UTC;0;891,1;891,5;891,1;;17,6;6,9;18,8;17,6;7,3;6,9;51;46;50;153;4,6;2,6;
2024/08/12;0500 UTC;0;890,8;891,1;890,7;;16,5;5,8;17,6;16,5;6,9;5,8;50;48;49;150;4,2;1,8;
2024/08/12;0600 UTC;0;890,5;890,8;890,4;;16,4;4;16,6;15,9;5,7;4;50;43;44;144;4,7;2,4;
2024/08/12;0700 UTC;0;890;890,5;890;;14,7;4,4;16,5;14,4;4,4;3,8;51;43;50;129;4,6;,3;
2024/08/12;0800 UTC;0;890,6;890,6;890;;14,9;5,8;15,7;14,2;5,8;4,3;55;48;55;153;5,1;3,1;
2024/08/12;0900 UTC;0;891,1;891,1;890,6;;16;-1,1;16,1;14,7;6;-1,1;56;31;31;155;5,1;2,7;
2024/08/12;1000 UTC;0;891,6;891,6;891,1;46,5;15,8;-1,6;16;15,6;-1;-1,8;32;30;30;143;4,2;2,3;
2024/08/12;1100 UTC;0;892,2;892,2;891,6;313,6;18,2;-1,6;18,2;15,8;-1,5;-2,3;30;25;26;159;4,9;3;
2024/08/12;1200 UTC;0;892,9;892,9;892,2;1362,8;19,2;-,8;19,2;18,1;,5;-1,5;30;26;26;160;6,1;3,5;
2024/08/12;1300 UTC;0;893,1;893,1;892,8;2198,3;21,8;,9;21,8;18,8;1,2;-1,4;28;24;25;171;6,5;2,2;
2024/08/12;1400 UTC;0;892,8;893,1;892,8;2752,5;24;,9;24,2;21,4;1,7;-,1;25;21;22;196;4,9;2,3;
2024/08/12;1500 UTC;0;892;892,8;892;3051,3;26,8;,7;27,1;23,9;2,3;,6;22;18;18;266;5,8;2,6;
2024/08/12;1600 UTC;0;891,2;892;891,2;3102,2;27,5;,6;28,2;26,1;1,6;-,5;20;16;17;225;8;3,6;
2024/08/12;1700 UTC;0;890,4;891,2;890,4;2905,2;27,8;-,5;28,9;27,2;1,6;-,7;18;15;16;218;9,1;4,8;
2024/08/12;1800 UTC;0;890;890,4;890;2520,7;27,6;-,9;28,6;27,2;,3;-1,1;17;15;16;198;12;5,4;
2024/08/12;1900 UTC;0;889,8;890;889,8;1913,6;27,4;-1,6;28,6;27,4;0;-1,6;16;15;15;184;9,3;4;
2024/08/12;2000 UTC;0;890;890,1;889,8;1099,5;26;-2,3;27,9;25,9;-1,2;-2,4;16;14;15;162;8,9;3,5;
2024/08/12;2100 UTC;0;890,3;890,3;890;289,8;23,9;-1,4;26;23,9;-1,3;-2,7;19;15;19;159;7;2,3;
2024/08/12;2200 UTC;0;890,6;890,6;890,3;;21,6;-1,6;23,9;21,6;-,7;-1,7;21;19;21;154;4,5;2,4;
2024/08/12;2300 UTC;0;891;891;890,6;;20,3;-2,1;21,6;20,3;-1,8;-2,6;22;20;22;158;5,7;2,9;
2024/08/13;0000 UTC;0;891,3;891,3;891;;19,3;-3;20,3;19,2;-2,3;-3,2;22;21;22;158;6,1;3;
2024/08/13;0100 UTC;0;891,5;891,5;891,3;;18,4;-3,4;19,3;18,2;-2,6;-3,4;24;22;22;155;5,2;3,4;
2024/08/13;0200 UTC;0;891,6;891,6;891,4;;17,3;-2,1;18,5;17,3;-2,1;-3,6;27;22;27;163;6,1;2,7;
2024/08/13;0300 UTC;0;891,5;891,6;891,4;;16,1;-2,5;17,3;15,9;-,8;-2,5;31;27;28;145;4,8;1,7;
2024/08/13;0400 UTC;0;891,2;891,5;891,2;;16;-3,7;16,3;15,9;-2,5;-3,7;28;25;26;149;3,8;2,1;
2024/08/13;0500 UTC;0;890,6;891,2;890,6;;16,4;-4,2;16,8;16;-3,7;-4,4;26;23;24;146;6,7;3,7;
2024/08/13;0600 UTC;0;890,4;890,6;890,3;;15,4;-4,3;16,4;15,2;-3,9;-4,3;26;24;26;135;6,7;2,3;
2024/08/13;0700 UTC;0;890,4;890,4;890,3;;15,6;-4,1;15,7;15;-4;-4,3;27;25;26;136;5,6;2,9;
2024/08/13;0800 UTC;0;890,4;890,5;890,4;;15,3;-3,3;15,7;14,8;-3,3;-4,2;28;25;28;143;5,6;3,1;
2024/08/13;0900 UTC;0;890,8;890,8;890,4;;14,4;-3;15,4;14,4;-3;-3,5;30;27;30;143;5,5;2,8;
2024/08/13;1000 UTC;0;891,1;891,1;890,8;48,7;14,8;-2,9;14,8;14;-2,8;-3;31;29;29;137;4,5;2;
2024/08/13;1100 UTC;0;891,7;891,7;891,1;325,8;16,9;-2,2;16,9;14,8;-1,4;-3;32;27;27;135;4,9;2,6;
2024/08/13;1200 UTC;0;892,4;892,4;891,7;1369,2;20,1;-2,9;20,4;16,9;-1,9;-2,9;27;21;21;141;6,4;2,7;
2024/08/13;1300 UTC;0;892,7;892,7;892,4;2216,7;23,4;-4;23,9;20,1;-2,2;-5;22;15;16;112;7,7;2,9;
2024/08/13;1400 UTC;0;892,4;892,7;892,4;2789,2;24,8;-5,6;25,9;22,9;-3,2;-5,6;17;13;13;80;7,4;3,5;
2024/08/13;1500 UTC;0;891,9;892,5;891,9;3053,2;26,1;-4,3;27,2;24,7;-3,6;-5,4;14;12;13;17;6,1;1,4;
2024/08/13;1600 UTC;0;890,8;891,9;890,8;3035,7;27,6;-1,5;28,2;25,9;-1,4;-4,7;15;13;15;97;7,3;1,9;
2024/08/13;1700 UTC;0;889,9;890,8;889,9;2822,5;28;-1,3;29,1;27,5;1,7;-2,3;18;14;15;282;6,7;2,2;
2024/08/13;1800 UTC;0;889,4;889,9;889,4;2461,1;29,2;,2;29,2;27,8;,2;-1,5;16;14;15;333;7,7;2;
2024/08/13;1900 UTC;0;889,5;889,5;889,4;1701,3;28,5;-,3;29,2;27,8;,8;-,5;17;15;15;345;6,3;3;
2024/08/13;2000 UTC;0;889,8;889,8;889,5;985,4;28,2;1,4;28,6;27,3;1,5;-,5;19;15;18;342;5,9;2,1;
2024/08/13;2100 UTC;0;890;890;889,8;241,7;24,6;2,3;28,2;24,6;2,5;,3;23;17;23;32;4;0;
2024/08/13;2200 UTC;0;890,4;890,4;890;;23,7;,9;24,6;23,1;3,1;,9;27;22;22;173;3;1,5;
2024/08/13;2300 UTC;0;891;891;890,4;;22,1;0;23,7;22,1;2,3;-,2;26;22;23;103;5,9;2,6;
2024/08/14;0000 UTC;0;891,4;891,4;891;;21,4;-,9;22,1;21,3;,1;-1;24;22;23;89;6,4;4,1;
2024/08/14;0100 UTC;0;891,6;891,6;891,4;;20,7;-1,5;21,4;20,6;-,6;-1,6;24;22;22;88;8;4,8;
2024/08/14;0200 UTC;0;891,8;891,9;891,6;;19,8;-1,4;20,8;19,8;-1,3;-1,5;24;22;24;92;9;4,7;
2024/08/14;0300 UTC;0;891,7;891,9;891,7;;19,8;-1,6;19,9;19,6;-1,4;-1,6;24;23;24;87;9;4,4;
2024/08/14;0400 UTC;0;891,2;891,7;891,1;;19,8;-2,3;20;19,6;-1,6;-2,3;24;22;22;90;7,9;4,7;
2024/08/14;0500 UTC;0;890,7;891,2;890,7;;19,9;-2,4;20;19,7;-2,3;-2,6;22;22;22;89;8,6;4,5;
2024/08/14;0600 UTC;0;890,2;890,8;890,2;;19,3;-2,3;20;19,3;-2,2;-2,5;23;22;23;91;8,6;5,3;
2024/08/14;0700 UTC;0;890,1;890,2;890,1;;19,2;-2;19,4;19;-2;-2,3;24;23;24;90;9,3;5,1;
2024/08/14;0800 UTC;0;890,5;890,5;890,1;;18,8;-1,6;19,3;18,7;-1,6;-2;25;24;25;89;9;5,5;
2024/08/14;0900 UTC;0;890,9;890,9;890,5;;18,4;-1,5;18,8;18,2;-1,3;-1,6;27;25;26;85;11,3;6,1;
2024/08/14;1000 UTC;0;891,2;891,3;890,8;45,6;18,4;2,7;18,6;17,9;2,7;-1,5;35;26;35;84;10,2;5,9;
2024/08/14;1100 UTC;0;891,9;891,9;891,2;407,6;18,9;7,3;19,3;18,4;7,3;2,6;47;35;47;73;12,2;5,9;
2024/08/14;1200 UTC;0;892,4;892,5;891,8;1204,3;21,7;7,7;21,8;18,9;8,3;7,3;47;41;41;55;11,2;4,7;
2024/08/14;1300 UTC;0;892,8;892,9;892,4;1932,7;24,3;7,9;24,3;21,7;8,2;7,2;41;35;35;55;9,1;4,7;
2024/08/14;1400 UTC;0;892,4;892,8;892,4;2063;26;8,6;26,2;23,5;8,9;7,4;37;32;33;41;9;5,3;
2024/08/14;1500 UTC;0;891,9;892,5;891,9;2959;27,3;8;28;26;9,3;7,4;33;28;29;52;8,7;4,8;
2024/08/14;1600 UTC;0;891,1;892;891,1;3044,7;28,9;7;29,2;27,3;8,3;6,1;30;23;25;36;10;3,1;
2024/08/14;1700 UTC;0;890,3;891,2;890,3;2446,5;29,6;8,4;29,6;27,3;8,7;6,1;28;24;27;63;10,1;3,6;
2024/08/14;1800 UTC;0;890;890,3;890;1994,3;28,8;4,3;29,7;27,8;8;4,3;27;21;21;360;7,9;2,1;
2024/08/14;1900 UTC;0;889,7;890;889,7;1655,2;28,6;6,7;29,5;28,4;6,8;3,9;25;20;25;207;5,3;1,1;
2024/08/14;2000 UTC;0;890,2;890,2;889,7;851;28;6,3;29,4;27,9;7,1;5,5;25;23;25;339;5,8;2,2;
2024/08/14;2100 UTC;0;890,6;890,6;890,2;160,3;25,4;8;28;25,4;8;6,3;33;25;33;51;3,7;1,3;
2024/08/14;2200 UTC;0;890,9;890,9;890,6;;23,9;7,4;25,4;23,9;8,1;7,2;35;33;35;76;3,7;2,1;
2024/08/14;2300 UTC;0;891,4;891,4;890,9;;22,6;9,2;24,1;22,6;9,2;7,3;43;34;43;71;3,6;1,9;
2024/08/15;0000 UTC;0;892;892;891,4;;20,4;10,3;22,7;20,1;10,3;9,2;53;43;52;35;3,6;,9;
2024/08/15;0100 UTC;0;892,4;892,4;892;;21,2;10,2;21,7;20,1;10,4;10,1;53;48;50;57;3,3;,6;
2024/08/15;0200 UTC;0;892,4;892,4;892,4;;21,4;11,9;21,5;20,4;11,9;10,2;55;49;54;79;4,3;2,4;
2024/08/15;0300 UTC;0;892,2;892,4;892,2;;21,4;12,6;21,9;21,2;12,7;11,9;57;54;57;74;5,5;2,9;
2024/08/15;0400 UTC;0;891,7;892,2;891,7;;20,8;12,5;21,7;20,7;12,6;12,5;59;56;59;69;6,1;3,5;
2024/08/15;0500 UTC;0;891,2;891,7;891,2;;19,8;12,4;21;19,8;12,6;12,4;62;59;62;54;6;2,8;
2024/08/15;0600 UTC;0;890,8;891,2;890,8;;19,4;12,3;19,8;19,2;12,4;12,2;64;62;64;46;5,6;3,1;
2024/08/15;0700 UTC;0;890,8;890,8;890,7;;19,2;12,2;19,7;19,1;12,3;12,1;64;62;64;46;6,9;3,8;
2024/08/15;0800 UTC;0;891,2;891,2;890,8;;18,7;12,3;19,5;18,6;12,5;12,2;67;63;66;44;6,9;3,9;
2024/08/15;0900 UTC;0;891,6;891,6;891,2;;18;12,4;18,7;17,8;12,5;12,3;70;66;70;42;6,2;3,4;
2024/08/15;1000 UTC;0;892,2;892,2;891,6;46,7;18,3;12,5;18,4;17,8;12,6;12,3;70;69;69;51;7,3;3,7;
2024/08/15;1100 UTC;0;892,8;892,8;892,2;358,6;20,6;13,1;20,6;18,3;13,1;12,5;69;62;62;54;7,3;2,9;
2024/08/15;1200 UTC;0;893,3;893,3;892,8;1315,6;22,9;12,6;23,3;20,5;13,1;12,6;62;52;52;45;8,6;5,2;
2024/08/15;1300 UTC;0;893,6;893,6;893,3;2131,9;25,6;12,8;25,7;22,9;13;12,1;52;44;45;10;8,1;2,6;
2024/08/15;1400 UTC;0;893,5;893,6;893,5;2682,3;26,8;12,3;26,9;25,1;13;11,9;45;41;41;343;6,3;3,4;
2024/08/15;1500 UTC;0;892,6;893,5;892,6;3027,4;27,7;10,9;28,5;26,7;12,7;10,8;41;34;35;330;7,5;3,7;
2024/08/15;1600 UTC;0;891,9;892,6;891,9;2120,6;28,3;11;28,9;26,8;12;10,6;37;33;34;299;8,9;2,2;
2024/08/15;1700 UTC;0;891,2;891,9;891,2;1229,2;27,1;10,6;29,2;26,9;11,2;10,4;36;32;36;11;6,1;2,3;
2024/08/15;1800 UTC;0;890,6;891,2;890,6;1915,8;28,6;9,5;30,7;27,1;11,3;9,2;36;27;30;55;8,1;1,3;
2024/08/15;1900 UTC;0;890,6;890,6;890,5;611,4;26,6;12,5;28,6;26,6;12,5;9,5;42;30;42;345;4,7;2,2;
2024/08/15;2000 UTC;0;891;891;890,6;463;27,8;9,8;27,8;26,5;12,4;9,3;42;32;33;48;4,5;1;
2024/08/15;2100 UTC;0;891,3;891,3;890,9;128,2;25,7;9,8;27,8;25,7;10,1;9,6;37;32;37;76;3,2;1,6;
2024/08/15;2200 UTC;0;891,6;891,6;891,3;;23,8;10,2;25,7;23,8;10,2;9,9;42;37;42;85;3,1;2;
2024/08/15;2300 UTC;0;892,1;892,1;891,6;;23,4;10,4;24,4;23,1;10,4;10;44;40;44;82;5;2,3;
2024/08/16;0000 UTC;0;892,4;892,4;892,1;;22,2;10,4;23,6;22,1;10,5;10,3;48;43;47;77;4,3;2,5;
2024/08/16;0100 UTC;0;892,6;892,6;892,4;;21,8;10,6;22,3;21,5;10,7;10,3;50;47;49;76;4,2;2,8;
2024/08/16;0200 UTC;0;892,5;892,6;892,5;;21,1;10,3;22,2;21,1;10,6;10,3;50;47;50;61;4,9;2,5;
2024/08/16;0300 UTC;0;892,3;892,5;892,3;;19,4;10,5;21,1;19,4;10,7;10,2;56;50;56;48;4,2;2,2;
2024/08/16;0400 UTC;0;891,8;892,3;891,8;;20;10,5;20,6;19;10,7;10,5;58;53;54;62;4,8;2,5;
2024/08/16;0500 UTC;0;891,5;891,8;891,5;;19,4;10,4;20,6;19,4;10,7;10,3;57;52;56;58;4,6;1,9;
2024/08/16;0600 UTC;0;891,2;891,5;891,2;;20,7;10,2;21,2;19,3;10,5;10,1;56;50;51;77;5,6;2,7;
2024/08/16;0700 UTC;0;891,1;891,2;891;;18,3;10,1;20,7;18,3;10,5;10;59;51;59;56;4,8;1,7;
2024/08/16;0800 UTC;0;891,2;891,2;891;;18,9;10,1;19,8;18,3;10,3;10;59;54;56;58;4,4;2,2;
2024/08/16;0900 UTC;0;891,9;891,9;891,2;;18,8;10,3;19,7;18,7;10,3;10;58;54;58;43;5,4;2,4;
2024/08/16;1000 UTC;0;892,5;892,5;891,9;47,2;20,6;10,5;20,6;18,7;10,7;10,3;58;52;52;47;6,8;3,6;
2024/08/16;1100 UTC;0;893,3;893,3;892,5;374,9;22,3;10,7;22,3;20,5;11;10,4;53;47;48;33;7,4;2,2;
2024/08/16;1200 UTC;0;893,8;893,8;893,3;1341,7;24,4;10,6;24,4;22,3;11;10,3;48;42;42;37;6,6;3,6;
2024/08/16;1300 UTC;0;893,8;893,9;893,8;2167,8;26,2;10;26,6;24,3;11;10;42;36;36;50;7,4;3,2;
2024/08/16;1400 UTC;0;893,3;893,8;893,3;2731;27,3;9,8;27,5;25,5;10,4;9,1;38;32;34;79;6;2,4;
2024/08/16;1500 UTC;0;892,6;893,3;892,6;3017,1;28,6;9,6;28,6;26,8;10,2;8,4;34;29;31;121;9,9;2,4;
2024/08/16;1600 UTC;0;891,7;892,6;891,7;3008,3;28,5;8;29,5;27,8;9,7;7,4;31;26;28;167;7,7;3,1;
2024/08/16;1700 UTC;0;890,6;891,8;890,6;2867;28,9;8,1;29,3;28,2;8,8;7,2;28;26;27;203;8,5;2,6;
2024/08/16;1800 UTC;0;890;890,6;890;2390;29,6;8,2;30;28,1;8,4;7,1;28;24;26;114;7,7;2,2;
2024/08/16;1900 UTC;0;889,8;890,1;889,8;1624,8;29,6;7,7;30,2;28,4;8,4;6,3;27;23;25;125;6,6;2,2;
2024/08/16;2000 UTC;0;890,1;890,1;889,7;706,1;28,4;7,1;29,6;28;7,9;6,7;28;25;26;100;7,4;2,9;
2024/08/16;2100 UTC;0;890,5;890,5;890,1;266,3;26,1;7,2;28,4;26,1;7,4;7;30;26;30;93;5,9;2,4;
2024/08/16;2200 UTC;0;890,8;890,8;890,5;;24,1;7,6;26,3;24,1;7,7;7,2;35;30;35;95;4,9;2,7;
2024/08/16;2300 UTC;0;891,4;891,4;890,8;;23,2;7,1;24,1;23,2;7,6;7,1;36;35;35;91;5,2;3,1;
2024/08/17;0000 UTC;0;891,8;891,8;891,3;;22,7;7,4;23,4;22,6;7,4;7;38;35;37;100;6,2;3,7;
2024/08/17;0100 UTC;0;891,9;892;891,7;;22,2;8;22,7;21,9;8,1;7,4;41;37;40;87;6,1;3,8;
2024/08/17;0200 UTC;0;892;892;891,9;;21,7;7,6;22,2;21,4;8;7,6;42;40;40;78;6,1;3,4;
2024/08/17;0300 UTC;0;891,9;892,1;891,9;;20,9;7,8;21,8;20,8;7,9;7,6;43;40;43;77;6,7;3,5;
2024/08/17;0400 UTC;0;891,6;892;891,6;;20,1;8,2;21,2;20;8,2;7,8;47;42;47;85;6,8;3,4;
2024/08/17;0500 UTC;0;891,2;891,6;891,2;;20,1;8,3;20,4;19,9;8,5;8,3;47;46;47;86;6,7;3,4;
2024/08/17;0600 UTC;0;890,9;891,3;890,9;;18,3;8,2;20,5;18,3;8,3;7,9;52;45;52;55;6,7;1,9;
2024/08/17;0700 UTC;0;890,7;890,9;890,7;;19,6;7,9;20;18,3;8,2;7,8;52;46;47;96;3,6;2,3;
2024/08/17;0800 UTC;0;890,9;890,9;890,7;;19,6;8,1;19,9;19,1;8,1;7,9;48;47;47;93;4,1;2,6;
2024/08/17;0900 UTC;0;891,5;891,5;890,9;;18,1;8,3;19,6;18,1;8,6;8;53;47;53;84;4,7;2,2;
2024/08/17;1000 UTC;0;891,9;891,9;891,5;54,2;17,8;8;18,1;16,9;8,5;7,9;57;53;53;65;3,4;2,2;
2024/08/17;1100 UTC;0;892,4;892,4;891,9;406,6;21,6;7,4;21,6;17,8;8;7,3;53;40;40;69;4,2;2,4;
2024/08/17;1200 UTC;0;892,9;892,9;892,4;1406,7;23,8;7,2;23,8;21,6;7,7;6,6;40;35;35;66;7;3,8;
2024/08/17;1300 UTC;0;893,2;893,2;892,9;2247,4;25,7;6;25,8;23,7;7,5;5,8;35;28;28;51;8,8;5,1;
2024/08/17;1400 UTC;0;892,8;893,2;892,8;2809,5;26,8;7,1;27,1;25,5;7,8;5,9;31;28;29;82;8,1;4,3;
2024/08/17;1500 UTC;0;892;892,9;892;3100,9;27,6;5,9;28,4;26,6;7,6;5,4;29;24;25;97;9,1;4,1;
2024/08/17;1600 UTC;0;891,1;892;891,1;3160,5;28,7;4,6;29,1;27,6;6,5;3,7;26;20;22;71;9;4,6;
2024/08/17;1700 UTC;0;890,2;891,2;890,2;2942,6;28,9;5,3;29,8;28,2;6,2;4,4;24;21;22;91;9;3,5;
2024/08/17;1800 UTC;0;889,4;890,2;889,4;2541,4;29,3;4,2;30,3;28,9;5,4;1,8;23;17;20;77;7,9;3,2;
2024/08/17;1900 UTC;0;889,4;889,5;889,3;1949,6;29;3,6;30,6;29;4,6;2,8;21;18;20;96;8,6;3,5;
2024/08/17;2000 UTC;0;889,8;889,8;889,4;1175,3;28,4;3,9;29,8;28,4;4,4;3,4;21;19;21;99;8,6;3;
2024/08/17;2100 UTC;0;890,1;890,1;889,8;340,5;26,2;5,1;28,4;26,2;5,6;4;26;21;26;86;6,4;1,9;
2024/08/17;2200 UTC;0;890,6;890,6;890,1;;23,8;3,2;26,2;23,8;5,1;3,1;26;24;26;91;4,2;2,4;
2024/08/17;2300 UTC;0;891,1;891,1;890,6;;22,9;3,4;24;22,8;3,5;3,1;28;26;28;91;4,5;2,5;
2024/08/18;0000 UTC;0;891,4;891,4;891,1;;22;3,7;22,9;21,5;3,9;3,4;31;28;30;79;4,5;2,7;
2024/08/18;0100 UTC;0;891,6;891,6;891,4;;20,8;4,3;22;20,8;4,3;3,7;34;30;34;89;3,5;,7;
2024/08/18;0200 UTC;0;891,8;891,8;891,5;;21,3;3,5;22,9;20,7;4,3;3,1;34;28;31;101;5,4;1,5;
2024/08/18;0300 UTC;0;891,7;891,9;891,7;;19,7;3,9;21,5;19,2;3,9;3,5;36;31;35;133;4,3;,1;
2024/08/18;0400 UTC;0;891,3;891,7;891,3;;20,2;3,4;20,4;19,2;3,9;3,4;36;33;33;150;3,6;,9;
2024/08/18;0500 UTC;0;891;891,3;891;;17,8;4,1;20,5;17,8;4,1;3,3;40;32;40;158;3,9;,1;
2024/08/18;0600 UTC;0;890,6;891;890,6;;17,8;2,8;18,3;17,2;4,3;2,8;41;36;37;167;2;0;
2024/08/18;0700 UTC;0;890,6;890,7;890,6;;19;2,1;20,1;17,6;2,8;1,8;37;30;32;118;3,5;,2;
2024/08/18;0800 UTC;0;890,8;890,8;890,5;;19,3;1,8;22,1;18,5;2,5;1,7;34;27;31;63;8,7;2,8;
2024/08/18;0900 UTC;0;891,2;891,2;890,8;;18,7;3,2;19,7;18,5;3,2;1,8;36;31;36;67;6,4;2,2;
2024/08/18;1000 UTC;0;891,8;891,8;891,2;62,1;18,2;4,1;19,3;17,5;4,2;3,3;40;35;39;66;4,9;1,7;
2024/08/18;1100 UTC;0;892,4;892,4;891,8;435;21,9;4,9;21,9;18,2;5;4;39;33;33;44;7,6;3,4;
2024/08/18;1200 UTC;0;892,9;893;892,4;1453,5;24,1;5,3;24,2;21,9;5,9;4,9;33;29;30;70;7,6;4,5;
2024/08/18;1300 UTC;0;893,3;893,3;892,9;2309,7;26,2;5;26,3;24,1;5,4;4,5;30;26;26;70;9,2;4,2;
2024/08/18;1400 UTC;0;893,2;893,5;893,2;2890,3;26,7;4;27,6;25,5;5,3;3,8;26;22;23;95;9,3;4,2;
2024/08/18;1500 UTC;0;892,6;893,3;892,6;3172,6;27,9;3,6;28,3;26,4;4,5;2,5;24;20;21;88;9,2;3,8;
2024/08/18;1600 UTC;0;891,6;892,6;891,5;3187,9;29,1;2,7;29,2;27,5;3,8;,9;21;18;18;88;9,3;4,1;
2024/08/18;1700 UTC;0;890,5;891,6;890,5;2987,4;29,2;-,3;29,8;28,4;2,9;-,4;19;14;15;83;8,5;3,6;
2024/08/18;1800 UTC;0;889,8;890,5;889,8;2562;29,3;-1,3;30,2;29;,5;-1,3;16;14;14;90;8,5;3,3;
2024/08/18;1900 UTC;0;889,4;889,8;889,3;1870,1;29,3;-,7;30;28,9;,2;-1,3;15;14;14;95;8;3,1;
2024/08/18;2000 UTC;0;889,6;889,6;889,3;1055,1;28,1;,7;29,4;28,1;1,1;-1;17;14;17;69;7,3;3;
2024/08/18;2100 UTC;0;889,9;889,9;889,6;303,1;25,4;,7;28,1;25,3;1,4;0;20;16;20;79;5,4;2,2;
2024/08/18;2200 UTC;0;890,6;890,6;889,9;;22,7;1,3;25,4;22,7;1,3;,5;24;20;24;82;4,3;2,9;
2024/08/18;2300 UTC;0;891;891;890,6;;20,9;,9;22,7;20,9;1,4;,7;26;24;26;66;4,9;1,6;
2024/08/19;0000 UTC;0;891,4;891,4;891;;22,1;,7;22,4;20,9;1,1;,6;26;24;24;81;6,3;3,9;
2024/08/19;0100 UTC;0;891,5;891,5;891,4;;21,6;1;22,3;21,4;1;,4;26;24;26;82;6,3;3,5;
2024/08/19;0200 UTC;0;891,5;891,6;891,5;;21,6;1,4;21,9;21,4;2;1,1;27;26;26;81;6,3;3,6;
2024/08/19;0300 UTC;0;891,5;891,6;891,5;;19;1,4;21,6;19;1,4;1,3;31;26;31;45;5,9;1,9;
2024/08/19;0400 UTC;0;891,1;891,5;891;;18,3;1,7;18,9;18;1,8;1,4;33;31;33;54;4,1;2,2;
2024/08/19;0500 UTC;0;890,8;891,1;890,8;;18,5;2,3;18,5;17,9;2,3;1,7;35;33;34;61;3,9;2,5;
2024/08/19;0600 UTC;0;890,6;890,8;890,6;;19,1;2;19,1;18;2,3;1,9;34;32;32;82;4,7;3,2;
2024/08/19;0700 UTC;0;890,4;890,6;890,4;;20;,6;20,2;19,1;2;,6;32;27;27;94;4,9;3,3;
2024/08/19;0800 UTC;0;890,6;890,6;890,4;;19,7;0;20,2;19,5;,6;-,1;27;26;27;87;5,5;3,6;
2024/08/19;0900 UTC;0;891,1;891,1;890,6;;17,6;,4;19,9;17,6;,4;-,1;31;26;31;71;6;2,7;
2024/08/19;1000 UTC;0;891,5;891,5;891,2;68,6;19,1;,8;19,1;17,5;,9;,5;32;29;29;73;;3;
2024/08/19;1100 UTC;0;892,3;892,3;891,5;428,9;21,8;1,8;21,8;19,2;1,9;,9;30;26;27;75;6;3,6;
2024/08/19;1200 UTC;0;893;893;892,3;1518;24,8;2;24,8;21,8;2,2;1,5;27;23;23;63;9;4,8;
2024/08/19;1300 UTC;0;893,3;893,3;893;2386,5;26,2;1;26,4;24,7;1,9;,1;23;18;19;77;9,6;4,5;
2024/08/19;1400 UTC;0;892,9;893,3;892,9;2943;27,6;-2,1;28,1;26,1;2;-2,1;20;14;14;78;9,1;4;
2024/08/19;1500 UTC;0;892,3;893;892,3;3230,6;28,3;-1,1;28,8;27,1;,8;-3,6;17;13;15;78;8,1;3,8;
2024/08/19;1600 UTC;0;891,3;892,3;891,3;3206,4;29,6;,2;29,6;28;1,3;-2,9;17;12;15;67;8,7;3,8;
2024/08/19;1700 UTC;0;890,3;891,3;890,3;3017,1;29,3;-1,5;30;28,6;,3;-1,7;15;13;14;44;9,7;3,7;
2024/08/19;1800 UTC;0;889,7;890,3;889,6;2618,8;29,5;-1;30;28,8;0;-2,2;15;13;14;49;8,5;3,1;
2024/08/19;1900 UTC;0;889,4;889,7;889,4;1995;29,1;-,1;30,1;28,8;,3;-,8;15;14;15;28;8,8;3,2;
2024/08/19;2000 UTC;0;889,3;889,4;889,3;1212,8;28,3;-,8;29,4;28,3;,8;-,8;16;15;15;41;6,8;2,9;
2024/08/19;2100 UTC;0;890;890;889,3;358,8;25,9;,7;28,3;25,9;1;-,9;20;15;19;87;6,2;1,9;
2024/08/19;2200 UTC;0;890,5;890,5;890;;23,5;,7;26;23,5;1,1;,7;22;19;22;89;5;3;
2024/08/19;2300 UTC;0;891,1;891,1;890,5;;23;,6;23,8;22,6;,6;,3;23;21;23;86;6,3;3,7;
2024/08/20;0000 UTC;0;891,7;891,7;891,1;;22,1;,8;23;21;1,1;,5;27;23;25;81;5,6;3,6;
2024/08/20;0100 UTC;0;892,2;892,2;891,7;;20,9;2;22,2;20,7;2;,8;29;24;29;79;5,2;2,4;
2024/08/20;0200 UTC;0;892,6;892,6;892,3;;20,2;2,8;21,2;19,7;2,8;2;32;28;32;78;;2,6;
2024/08/20;0300 UTC;0;892,5;892,7;892,5;;18,1;3,7;19;18;3,7;2,7;38;34;38;61;;3;
2024/08/20;0400 UTC;0;892;892,3;892;;18,8;3,2;20,1;18,1;3,9;3,2;39;33;35;75;;2,4;
2024/08/20;0500 UTC;0;891,6;891,9;891,6;;20,7;3;20,7;19;3,3;2,9;35;31;31;85;;4,1;
2024/08/20;0600 UTC;0;891,3;891,5;891,2;;18,2;2,7;20,3;18,2;3,2;2,7;36;32;36;64;;2,8;
2024/08/20;0700 UTC;0;891,4;891,4;891,3;;18,1;3,3;19,5;18,1;3,3;3;37;34;37;45;;2,8;
2024/08/20;0800 UTC;0;891,5;891,5;891,3;;17,4;4,1;18,7;17,4;4,1;3,7;41;37;41;65;;2,7;
2024/08/20;0900 UTC;0;891,9;891,9;891,4;;16,5;5;17,6;16,4;5,1;4,4;47;42;47;65;;2,4;
2024/08/20;1000 UTC;0;892,4;892,4;892;68,7;17,2;5,6;17,4;15,5;5,7;5,2;51;46;47;45;;3,4;
2024/08/20;1100 UTC;0;893;893;892,4;434,3;21,9;5,9;21,9;17,1;6,5;5,6;47;36;36;26;4,6;2,5;
2024/08/20;1200 UTC;0;893,7;893,7;893;1476;23,9;5,6;24,1;21,9;6,5;5,4;36;30;31;40;7,6;3,5;
2024/08/20;1300 UTC;0;894,1;894,1;893,7;2328,2;25,3;5;25,9;23,9;6,3;4,2;31;25;27;71;6,7;3,7;
2024/08/20;1400 UTC;0;894;894,2;894;2904,9;27,3;3,2;27,6;25,2;5,3;3;27;21;21;139;6,7;1,9;
2024/08/20;1500 UTC;0;893,2;894;893,2;3183,5;28,4;,9;29;26,8;4,2;,8;22;16;17;166;7,5;3,2;
2024/08/20;1600 UTC;0;892,3;893,2;892,3;3186,6;28,8;2,1;29,3;27,9;2,7;,1;19;16;18;128;7,9;3,7;
2024/08/20;1700 UTC;0;891,3;892,4;891,3;2993,6;29,3;-1,6;30,3;28,4;3,7;-1,9;19;13;13;109;8,1;2,5;
2024/08/20;1800 UTC;0;890,4;891,3;890,4;2585,2;29,4;,2;30,6;29,1;1;-1,7;15;13;15;98;8,1;3,1;
2024/08/20;1900 UTC;0;890;890,4;890;1986,6;29;-,6;29,9;28,8;,7;-1;15;14;15;99;8;3,4;
2024/08/20;2000 UTC;0;889,9;890;889,9;1229,8;28,2;-,8;29,6;28,1;-,8;-2,5;15;13;15;86;7,1;2,6;
2024/08/20;2100 UTC;0;890,1;890,1;889,9;359,5;25,6;1,1;28,3;25,6;1,2;-1,7;20;14;20;87;4,9;2,1;
2024/08/20;2200 UTC;0;890,3;890,3;890;;24;1;25,6;24;1,2;,9;22;20;22;92;4,6;2,6;
2024/08/20;2300 UTC;0;890,8;890,8;890,3;;22,2;2,9;24;22;2,9;1,1;28;22;28;90;5,9;3;
2024/08/21;0000 UTC;0;891,3;891,3;890,8;;21,6;3;22,4;21,6;3,2;2,9;30;28;29;92;4,8;2,8;
2024/08/21;0100 UTC;0;891,6;891,7;891,3;;21,4;2,4;21,8;21,1;3;2,4;30;29;29;80;6;4;
2024/08/21;0200 UTC;0;891,8;891,8;891,7;;20,6;2,7;21,4;20,6;2,7;2,3;30;29;30;81;;3,7;
2024/08/21;0300 UTC;0;891,6;891,8;891,6;;18,9;3,4;20;18,5;3,4;2,7;36;32;36;72;;2,7;
2024/08/21;0400 UTC;0;891;891,5;891;;18;3,2;19,2;18;3,7;3,1;38;35;37;72;;2,7;
2024/08/21;0500 UTC;0;890,5;890,9;890,5;;18,1;3,7;18,4;17,9;3,7;3;39;37;38;81;;2,8;
2024/08/21;0600 UTC;0;890,1;890,4;890,1;;18,9;3,8;19,6;18;3,9;3,7;39;35;37;102;;2,2;
2024/08/21;0700 UTC;0;889,9;890,1;889,9;;18,2;4;19,1;18,1;4,4;3,9;40;36;39;90;;2,5;
2024/08/21;0800 UTC;0;889,9;889,9;889,8;;18,2;3,8;18,8;17,5;4,1;3,5;41;36;38;78;;1,8;
2024/08/21;0900 UTC;0;890,6;890,7;890;;17,6;4,1;19,1;17,6;4,1;3,5;41;36;41;83;;1,5;
2024/08/21;1000 UTC;0;891,3;891,3;890,7;75,5;18,2;4,4;18,6;18;4,4;4;40;38;40;86;;1,7;
2024/08/21;1100 UTC;0;892;892;891,3;471,1;21;4,7;21;18,1;6,2;4,4;45;34;34;62;4,4;2,6;
2024/08/21;1200 UTC;0;892,5;892,5;892;1535,7;23,8;3,6;23,8;21;5,3;3,5;35;27;27;80;11,8;5,6;
2024/08/21;1300 UTC;0;893,1;893,1;892,5;2393,7;25;3,1;25,3;23,7;3,9;2,2;27;23;24;63;11,8;5,2;
2024/08/21;1400 UTC;0;892,7;893,2;892,7;2959,5;26,6;4;27;24,9;4,6;3,2;25;23;24;43;9,9;3,9;
2024/08/21;1500 UTC;0;892;892,8;892;3239;27;2,7;28,2;26,2;4,9;2,7;24;21;21;62;9,6;4,3;
2024/08/21;1600 UTC;0;891,1;892,1;891,1;3221,3;28,6;2,9;29,6;27;4,8;2,3;23;18;19;49;9;3;
2024/08/21;1700 UTC;0;890;891,1;890;3028,1;29,2;,9;29,8;28,1;3,3;,2;20;15;16;57;10,3;3,4;
2024/08/21;1800 UTC;0;889,2;890;889,2;2627,1;29,5;,2;30,2;28,7;2,1;-,7;18;14;15;47;7,4;3,5;
2024/08/21;1900 UTC;0;888,7;889,2;888,7;2006,2;29,3;,6;30,1;29,1;,7;-,8;16;14;16;102;7,5;2,5;
2024/08/21;2000 UTC;0;888,5;888,7;888,5;1231,1;28,9;0;29,7;28,9;1,2;-,7;16;14;15;66;6;2,8;
2024/08/21;2100 UTC;0;888,9;888,9;888,5;384,4;25,6;1,2;28,9;25,6;1,2;-,7;20;15;20;53;5,8;2,3;
2024/08/21;2200 UTC;0;889,5;889,5;888,9;;24,7;2,3;25,5;24,4;2,4;1,2;23;20;23;101;4,3;2,7;
2024/08/21;2300 UTC;0;890,3;890,3;889,5;;22,4;3,5;24,8;22,4;3,5;2,4;29;23;29;82;5;2,3;
2024/08/22;0000 UTC;0;890,7;890,7;890,3;;22,1;2,1;22,7;21,9;3,6;1,9;30;26;27;90;4,6;2,7;
2024/08/22;0100 UTC;0;891;891;890,8;;21,3;1,3;22,2;21,2;1,8;1,1;27;25;26;86;;2,7;
2024/08/22;0200 UTC;0;891;891,1;891;;20,8;1,4;21,8;20,8;1,4;1,2;28;26;28;86;;2,5;
2024/08/22;0300 UTC;0;890,6;890,9;890,6;;21,2;1,6;21,6;20,9;1,6;1,2;28;26;27;97;;3,9;
2024/08/22;0400 UTC;0;890,3;890,6;890,3;;20,8;2,6;21;20,6;2,6;1,7;30;28;30;88;;3,4;
2024/08/22;0500 UTC;0;889,9;890,3;889,9;;20,2;2,5;21;20,2;2,6;2,4;31;29;31;94;;2,6;
2024/08/22;0600 UTC;0;889,5;889,8;889,5;;20,2;2,4;20,4;19,9;2,6;2,3;32;31;31;99;;3;
2024/08/22;0700 UTC;0;889,2;889,4;889,1;;19,9;1,9;20,3;19,9;2,3;1,9;31;30;30;93;;3;
2024/08/22;0800 UTC;0;888,9;889,1;888,9;;20,2;1,4;20,5;19,6;2;1,3;31;28;29;93;;2,9;
2024/08/22;0900 UTC;0;889,1;889,1;889;;20,6;1,4;20,6;20,1;1,5;1,2;29;28;28;89;;3,6;
2024/08/22;1000 UTC;0;889,6;889,6;889,1;77,7;19,6;2,3;20,6;19,5;2,3;1,4;32;28;32;93;;4,2;
2024/08/22;1100 UTC;0;890,5;890,5;889,6;478,8;21,9;3,2;21,9;19,6;3,3;2,3;32;29;29;79;7;3,2;
2024/08/22;1200 UTC;0;891;891,1;890,5;1538,4;24,4;3,6;24,8;21,9;3,8;3,1;29;25;26;70;9;4,4;
2024/08/22;1300 UTC;0;891,5;891,5;891;2390,3;26,9;2,6;27,2;24,4;3,9;1,7;26;20;21;58;9;4,2;
2024/08/22;1400 UTC;0;891,4;891,6;891,3;2938,3;28,3;2,7;28,9;26,6;3,4;1,5;21;18;19;92;8,1;2,3;
2024/08/22;1500 UTC;0;890,9;891,4;890,9;3256,5;29,1;,9;29,1;27,5;2,7;-,5;20;15;16;298;6,7;2,7;
2024/08/22;1600 UTC;0;890,2;890,9;890,2;3258,5;28,9;-,1;29,8;28,4;,6;-,8;16;14;15;75;6,3;1,8;
2024/08/22;1700 UTC;0;889,3;890,2;889,3;3034,2;30,3;1;30,6;28,9;1,4;-,5;16;14;15;52;6;1,9;
2024/08/22;1800 UTC;0;888,5;889,3;888,5;2610,4;30,3;,7;30,4;29,2;,9;-,2;16;14;15;301;7,9;1;
2024/08/22;1900 UTC;0;888,2;888,5;888,2;1995,2;30;,2;30,9;29,6;,9;-,2;15;14;15;311;6,6;2;
2024/08/22;2000 UTC;0;888;888,2;888;1211,8;29,5;,3;30,8;29,4;,8;0;15;14;15;16;6,4;1,7;
2024/08/22;2100 UTC;0;888,4;888,4;888;363,7;26,7;2,1;29,6;26,7;2,1;,1;20;15;20;341;3,9;0;
2024/08/22;2200 UTC;0;888,8;888,8;888,4;;24,6;3,8;26,7;24,6;3,8;2;26;20;26;84;3,4;2;
2024/08/22;2300 UTC;0;889,6;889,6;888,8;;22,7;3,7;25;22,7;3,7;3;29;24;29;72;4,8;2,9;
2024/08/23;0000 UTC;0;890,2;890,2;889,7;;21,2;3,6;22,6;21,2;3,7;3,5;32;29;32;56;;2,3;
2024/08/23;0100 UTC;0;890,4;890,4;890,2;;20,7;4,3;21,6;20,6;4,3;3,7;34;31;34;26;;1,4;
2024/08/23;0200 UTC;0;890,6;890,6;890,5;;20,4;4,1;21,4;20,4;4,2;3,9;34;32;34;57;;2,5;
2024/08/23;0300 UTC;0;890,5;890,6;890,5;;19,9;3,9;20,5;19,1;4,4;3,9;38;34;35;24;;1,6;
2024/08/23;0400 UTC;0;889,8;890,3;889,8;;19,2;3,8;20,5;18,9;4;3,5;36;33;36;30;;,2;
2024/08/23;0500 UTC;0;889,1;889,7;889,1;;19,9;3,7;20,7;19;3,9;3,5;37;32;34;56;;1,9;
2024/08/23;0600 UTC;0;888,6;889,1;888,6;;19,4;5,4;20,9;19,4;5,4;3,9;40;33;40;36;;1;
2024/08/23;0700 UTC;0;888,5;888,6;888,4;;20;5,4;20,8;19,4;5,8;5;41;36;38;60;;2,5;
2024/08/23;0800 UTC;0;888,5;888,5;888,3;;18,8;5,5;21,3;18,8;5,5;4,8;42;35;42;57;;2,1;
2024/08/23;0900 UTC;0;889,1;889,1;888,6;;18,8;5,7;18,9;18,2;5,8;5,5;43;42;42;27;;1,4;
2024/08/23;1000 UTC;0;889,6;889,6;889,2;72,1;19,9;5,7;19,9;18,4;5,8;5,5;43;39;39;33;;1,9;
2024/08/23;1100 UTC;0;890,3;890,3;889,6;463,6;22,4;5,9;22,4;19,9;6,2;5,6;40;34;34;51;8,4;3,8;
2024/08/23;1200 UTC;0;890,9;890,9;890,3;1499,4;26;6,3;26,1;22,4;6,9;5,8;35;28;28;23;7,6;2,7;
2024/08/23;1300 UTC;0;891,2;891,2;890,9;2326,4;26,8;6,5;27,4;26;7;5,8;29;27;27;347;9,3;4;
2024/08/23;1400 UTC;0;891,1;891,3;891,1;2923;28,2;4,4;28,6;26,7;6,8;4,3;28;21;22;5;7,7;3,3;
2024/08/23;1500 UTC;0;890,4;891,1;890,4;3225,1;28,6;3,1;29,6;27,8;5,2;1,6;23;18;20;304;8,2;2,4;
2024/08/23;1600 UTC;0;889,4;890,4;889,4;3225,6;28,9;3,2;29,9;28,2;4,3;2,8;21;19;19;245;7,6;2;
2024/08/23;1700 UTC;0;888,6;889,5;888,6;2997,9;29,6;3,2;30,8;28,8;4,5;2,5;21;17;19;101;10,7;1,8;
2024/08/23;1800 UTC;0;887,9;888,6;887,9;2586,4;30;2,7;31,5;29,6;3,7;2,1;19;16;17;273;7,1;2;
2024/08/23;1900 UTC;0;887,6;887,9;887,5;1968,6;30,6;3,5;31,2;29,9;3,7;2,2;18;16;18;334;6,8;3,4;
2024/08/23;2000 UTC;0;887,5;887,6;887,5;1174,7;29,9;3,1;31,3;29,8;4,2;3;19;17;18;307;6,8;1,5;
2024/08/23;2100 UTC;0;887,6;887,6;887,5;343,2;27,5;4,4;30,1;27,5;4,6;3,2;23;18;23;16;4,4;,8;
2024/08/23;2200 UTC;0;888,1;888,1;887,6;;24,1;5,6;27,5;24,1;5,7;4,6;30;23;30;65;3,5;1,9;
2024/08/23;2300 UTC;0;888,6;888,6;888,1;;23;5,5;24,1;22,7;6;5,5;34;30;32;65;4,5;2,7;
2024/08/24;0000 UTC;0;889,2;889,2;888,8;;22,7;4,7;22,9;22,3;5,5;4,7;33;31;31;75;;2,7;
2024/08/24;0100 UTC;0;889,6;889,6;889,3;;21,8;4,7;23,2;21,5;4,7;4,2;33;29;33;36;;1,6;
2024/08/24;0200 UTC;0;889,7;889,8;889,6;;21,9;5,3;22,9;21,7;5,7;4,9;35;33;34;66;;1,5;
2024/08/24;0300 UTC;0;889,6;889,7;889,6;;20,3;6,4;20,7;20;6,4;5,5;41;37;40;55;;3,2;
2024/08/24;0400 UTC;0;889,5;889,7;889,5;;20,6;7;21,5;20;7,1;6,4;42;38;41;34;;1,7;
2024/08/24;0500 UTC;0;889,1;889,3;889,1;;20,2;7,1;21,5;20,2;7,4;6,6;43;39;43;62;;2,3;
2024/08/24;0600 UTC;0;888,9;889;888,9;;19,3;8;20,6;19,3;8;7,4;48;44;48;34;;2,3;
2024/08/24;0700 UTC;0;889,1;889,1;888,9;;19,4;7,9;19,8;19;8,1;7,9;49;47;47;51;;3,1;
2024/08/24;0800 UTC;0;889,3;889,3;889,1;;18,8;7,7;19,9;18,5;8;7,5;50;45;48;52;;3,7;
2024/08/24;0900 UTC;0;890;890;889,5;;19,3;7,4;19,4;18,9;7,5;7,4;48;46;46;57;;2,8;
2024/08/24;1000 UTC;0;890,5;890,5;890,1;67;19,4;7,7;19,4;18,8;7,7;7,4;48;47;47;53;;3,3;
2024/08/24;1100 UTC;0;891,2;891,2;890,5;464,9;23,2;6,9;23,3;19,4;7,9;6,7;47;35;35;20;4,4;2,3;
2024/08/24;1200 UTC;0;892,1;892,1;891,2;1433;24,4;6,3;24,9;23,1;7,5;6;35;30;31;8;6,7;4,1;
2024/08/24;1300 UTC;0;892,4;892,4;892,1;2256,2;26,1;6;26,2;24,4;6,5;5,7;32;28;28;2;7,6;4;
2024/08/24;1400 UTC;0;892,1;892,4;892,1;2846,8;27,8;6,4;27,9;25,7;7,1;5,5;29;25;26;20;8;3,7;
2024/08/24;1500 UTC;0;891,3;892,1;891,3;3172,7;28,7;4,9;29,1;27,6;6,5;3,7;26;21;22;313;6,7;3,1;
2024/08/24;1600 UTC;0;890,6;891,3;890,5;3185,4;29,3;3,5;30,3;28,6;5,4;3,3;22;19;19;203;7,7;2,7;
2024/08/24;1700 UTC;0;889,7;890,6;889,7;2407,3;29,4;4;30,7;28,7;4,5;2,7;21;18;20;171;7,2;2;
2024/08/24;1800 UTC;0;889,2;889,7;889,2;1920,2;30,8;4,7;30,8;29;4,7;3,3;21;18;19;230;4,9;,2;
2024/08/24;1900 UTC;0;889,1;889,2;888,9;1779,2;29,5;3,4;31,5;29,5;5;2,8;20;17;19;73;6;2,1;
2024/08/24;2000 UTC;0;889,3;889,3;889,1;377,7;28,9;4,8;29,5;28,7;5,1;3,5;22;19;22;172;3,9;0;
2024/08/24;2100 UTC;0;889,8;889,8;889,3;208,1;27,3;5,7;28,9;27,3;5,8;4,3;25;21;25;237;3;,5;
2024/08/24;2200 UTC;0;890,3;890,3;889,8;;26,2;5,5;27,3;25,8;6,1;5;28;25;27;166;2,1;0;
2024/08/24;2300 UTC;0;890,7;890,7;890,3;;25,2;5,5;26,2;24,5;6,5;5,3;30;27;28;69;3,7;,8;
2024/08/25;0000 UTC;0;891,1;891,1;890,7;;22,9;6,5;25,1;22,3;6,5;5,5;36;28;35;33;3,5;1,3;
2024/08/25;0100 UTC;0;891,4;891,4;891,1;;23,4;5,7;23,4;22,4;6,5;5,7;36;32;32;44;4;2,9;
2024/08/25;0200 UTC;0;891,5;891,5;891,4;;22,6;5,6;23,4;21,9;5,8;5,5;35;32;33;38;4;1,9;
2024/08/25;0300 UTC;0;891,3;891,5;891,3;;21,5;5,5;22,5;21,4;5,6;5,5;35;33;35;52;3,3;2,2;
2024/08/25;0400 UTC;0;890,6;891,3;890,6;;20,6;6,3;21,9;20,6;6,4;5,5;40;35;39;52;3,5;2,5;
2024/08/25;0500 UTC;0;889,9;890,6;889,9;;20,5;6,4;21;20,4;6,6;6,3;41;39;40;60;3,3;2,4;
2024/08/25;0600 UTC;0;889,5;889,9;889,5;;20,1;6,5;21,5;20,1;6,6;6,2;41;37;41;49;3,3;2,1;
2024/08/25;0700 UTC;0;889,8;889,8;889,4;;18,1;8,9;21,1;18,1;8,9;6,4;55;39;55;151;7,1;2,8;
2024/08/25;0800 UTC;0;890,4;890,4;890;;17,5;10;18,3;17,5;10;8,6;61;53;61;168;;3,9;
2024/08/25;0900 UTC;0;891,1;891,1;890,5;;16,8;10,9;17,1;16,8;10,9;9,9;68;62;68;175;;3,5;
2024/08/25;1000 UTC;0;891,5;891,5;891,2;49,9;16,5;11,2;16,6;16,3;11,5;11;73;69;71;145;;,8;
2024/08/25;1100 UTC;0;892,2;892,2;891,6;398,9;17,7;11,4;17,8;16,8;11,5;11;69;65;66;168;;3;
2024/08/25;1200 UTC;0;893;893;892,2;1208,3;19,9;11,7;20;17,7;11,9;11,4;67;59;59;171;5,9;2,5;
2024/08/25;1300 UTC;0;892,8;893,1;892,8;2025;23,8;11,5;23,8;19,9;12,2;11,4;59;46;46;158;4,7;2,5;
2024/08/25;1400 UTC;0;892,4;892,9;892,4;2399,4;26,5;9,6;26,5;23,8;11,9;9,2;46;35;35;168;4,5;2,3;
2024/08/25;1500 UTC;0;891,5;892,4;891,5;3001,1;28,3;7,1;28,9;26,3;9,4;6,6;35;25;26;18;6;2,4;
2024/08/25;1600 UTC;0;890,7;891,5;890,7;3303,2;29,6;7,6;29,9;27,8;8,2;6,6;27;24;25;23;6,6;,7;
2024/08/25;1700 UTC;0;889,9;890,7;889,9;2339,8;29,8;6,8;30,5;28,2;7,9;6,2;27;23;23;103;7,9;2,5;
2024/08/25;1800 UTC;0;889,3;889,9;889,3;2450,3;29,2;6,9;30,8;29;7,8;5,9;25;22;25;84;5,5;2;
2024/08/25;1900 UTC;0;889,3;889,3;889,2;1328,7;28,5;6;30,9;28,5;7,5;5,7;25;21;24;177;4,8;,9;
2024/08/25;2000 UTC;0;889,7;889,7;889,3;488,7;28,3;6,5;29;28,1;7;5,9;26;24;25;166;3;1,1;
2024/08/25;2100 UTC;0;890,4;890,4;889,7;67,7;26,3;9,8;28,3;26,3;10,3;6,4;36;25;35;172;5,2;2;
2024/08/25;2200 UTC;0;890,6;890,6;890,4;;25;9,6;26;25;9,9;9,5;38;36;38;153;;1,4;
2024/08/25;2300 UTC;0;891;891;890,7;;24,6;10,1;25,2;24,6;10,2;9,4;40;37;40;163;;1,7;
2024/08/26;0000 UTC;0;891,7;891,7;891,1;;23,8;9,9;24,5;23,7;10,3;9,8;42;40;41;162;;2,6;
2024/08/26;0100 UTC;0;892,1;892,1;891,8;;21,6;10,5;23,6;21,6;10,5;9,8;49;42;49;172;;4;
2024/08/26;0200 UTC;0;892,2;892,3;892,1;;19,7;11,3;21,3;19,7;11,3;10,4;58;50;58;182;;3,7;
2024/08/26;0300 UTC;0;892,2;892,3;892,2;;17,8;12,8;19,1;17,8;12,8;12;72;63;72;172;;4,1;
2024/08/26;0400 UTC;0;891,7;892,1;891,7;;16,2;12,1;17,6;16,2;12,5;12,1;77;72;77;167;;4,6;
2024/08/26;0500 UTC;0;891,1;891,5;891;;15;11,9;15,9;15;12,1;11,9;82;78;82;166;;3,4;
2024/08/26;0600 UTC;0;890,6;890,9;890,5;;13,8;11,7;14,7;13,8;11,9;11,7;87;83;87;160;;3,8;
2024/08/26;0700 UTC;0;890,4;890,5;890,4;;13,6;11,8;13,8;13,5;11,9;11,7;89;88;89;169;;3,5;
2024/08/26;0800 UTC;0;890,6;890,6;890,5;;13,5;11,7;13,7;13,4;11,9;11,6;89;88;89;158;;2,7;
2024/08/26;0900 UTC;0;890,9;890,9;890,6;;13,1;11,4;13,4;13,1;11,6;11,4;90;89;90;157;;3,8;
2024/08/26;1000 UTC;0;891,4;891,4;891,1;47,8;13,3;11,6;13,3;12,8;11,7;11,3;91;90;90;144;;3,1;
2024/08/26;1100 UTC;0;891,8;891,8;891,5;432;14,7;11,7;14,8;13,4;11,9;11,5;88;82;82;132;;3,4;
2024/08/26;1200 UTC;0;892,3;892,4;891,8;1297,5;17,6;12;17,6;14,7;12,2;11,6;82;70;70;149;6,9;3,6;
2024/08/26;1300 UTC;0;892,6;892,6;892,3;2089,9;21,7;11,8;21,7;17,5;12,4;11,3;70;53;53;125;7,8;3,5;
2024/08/26;1400 UTC;0;892,1;892,6;892,1;2696,4;23,8;10,5;24,4;21,4;12;10,5;54;43;43;121;7,1;2,3;
2024/08/26;1500 UTC;0;891,3;892,1;891,3;2986,6;25,7;9,3;26,4;23,7;11,2;8,8;44;34;36;78;6,7;2,5;
2024/08/26;1600 UTC;0;890,4;891,3;890,4;2974,8;27,6;9,4;27,8;25,6;9,9;8,4;36;31;32;45;5,8;1,8;
2024/08/26;1700 UTC;0;889,5;890,4;889,5;2632,1;28,1;8,2;28,7;26,8;10;8,2;34;29;29;319;6,4;1,6;
2024/08/26;1800 UTC;0;888,9;889,5;888,9;2534,8;28,1;7,2;29,8;28;9,2;6,8;30;26;27;83;6,8;2,3;
2024/08/26;1900 UTC;0;888,9;888,9;888,9;1254,2;28,2;8;29,3;27,7;9;7,1;30;26;28;161;5;2;
2024/08/26;2000 UTC;0;889,3;889,3;888,9;536;27,6;7,6;28,7;26,8;9,1;7,3;32;28;28;294;3,8;,8;
2024/08/26;2100 UTC;0;889,8;889,8;889,3;214,5;25,3;10,4;27,7;25,3;10,4;7,2;39;27;39;182;6,3;3,3;
2024/08/26;2200 UTC;0;890,2;890,2;889,8;;23,6;11,1;25,3;23,6;11,6;10,4;45;39;45;171;5,8;2,3;
2024/08/26;2300 UTC;0;890,8;890,8;890,4;;22,5;11,3;23,3;22,5;11,4;11,2;49;46;49;160;;2,2;
2024/08/27;0000 UTC;0;891,6;891,6;891;;21,7;10,8;22,2;21,6;11,2;10,8;51;49;50;158;;2;
2024/08/27;0100 UTC;0;892;892;891,6;;21,2;10,5;21,6;21,2;10,9;10,4;51;50;50;153;;2,2;
2024/08/27;0200 UTC;0;892,1;892,2;892,1;;20,3;10,9;21;20,2;10,9;10,5;55;51;55;163;;2,6;
2024/08/27;0300 UTC;0;892;892,2;892;;19,7;10,7;20,1;19,6;10,9;10,7;56;55;56;161;;3,3;
2024/08/27;0400 UTC;0;891,5;891,9;891,5;;18,2;10,7;19,6;18,2;10,7;10,6;62;56;62;147;;2,2;
2024/08/27;0500 UTC;0;891;891,4;891;;17,6;10,6;18,1;17,6;10,7;10,6;64;62;64;154;;2,3;
2024/08/27;0600 UTC;0;890,8;891;890,8;;17,1;10,5;17,5;17,1;10,6;10,5;65;64;65;150;;2;
2024/08/27;0700 UTC;0;890,9;890,9;890,8;;16,6;10,6;17,1;16,5;10,6;10,5;68;65;68;159;;2,1;
2024/08/27;0800 UTC;0;891,2;891,2;890,9;;16,2;10,3;16,5;16,2;10,6;10,3;68;68;68;145;;2,2;
2024/08/27;0900 UTC;0;891,7;891,7;891,2;;15,8;10,2;16,2;15,8;10,4;10,1;69;68;69;134;;1,3;
2024/08/27;1000 UTC;0;892,3;;;57;17,3;10,5;;;;;;;64;145;;2;
2024/08/27;1100 UTC;0;892,9;892,9;892,3;455,2;19,8;11,1;19,8;17,3;11,2;10,4;64;57;57;138;4,2;1,2;
2024/08/27;1200 UTC;0;893,3;893,3;892,9;1345,2;23,3;10,8;23,4;19,8;11,2;10,6;57;45;45;136;6;2,7;
2024/08/27;1300 UTC;0;893,5;893,6;893,3;2124,2;25,8;10;26,4;23,1;11,1;9,9;46;36;37;128;7,4;2,2;
2024/08/27;1400 UTC;0;893,4;893,6;893,4;2700,4;26,6;9,9;27,6;25,7;10,3;8,7;38;32;35;82;8,6;4,9;
2024/08/27;1500 UTC;0;892,7;893,5;892,7;3039,6;28,4;9,4;28,4;26,3;11;8,4;37;30;31;114;8,6;2,8;
2024/08/27;1600 UTC;0;891,9;892,7;891,9;3095,3;28,6;7,2;29,4;27,7;9,5;6,3;31;25;26;179;8,4;3,6;
2024/08/27;1700 UTC;0;891,1;891,9;891,1;2794,5;29,2;6,8;29,8;28,2;7,7;5,2;27;22;24;154;7,8;1,9;
2024/08/27;1800 UTC;0;890,6;891,1;890,6;2275,7;30,2;6,5;30,2;28,2;7,8;5,6;26;23;23;172;6,6;1,1;
2024/08/27;1900 UTC;0;890,6;890,7;890,5;1018,2;28,4;7;30,5;28,2;7,5;5,9;27;22;26;108;5,6;1,1;
2024/08/27;2000 UTC;0;890,7;890,7;890,6;992,1;27,9;6,8;29,4;27,9;7,4;6,6;27;24;26;103;6,4;2,9;
2024/08/27;2100 UTC;0;890,8;890,9;890,7;265,1;26,1;7,4;27,9;26,1;7,5;6,9;30;26;30;89;6,4;1,9;
2024/08/27;2200 UTC;0;891,2;891,2;890,8;;24,2;7,7;26,1;24,2;7,7;7,2;35;30;35;97;3,6;1,7;
2024/08/27;2300 UTC;0;891,6;891,6;891,3;;24,4;7,9;24,5;23,8;8,1;7,9;37;35;35;102;;2,3;
2024/08/28;0000 UTC;0;892,1;892,1;891,7;;22,6;8,2;24,2;22,6;8,4;7,8;40;35;40;85;;1,7;
2024/08/28;0100 UTC;0;892,1;892,1;892;;23,3;7,2;23,4;22,9;8,2;7,2;39;36;36;92;;3,7;
2024/08/28;0200 UTC;0;892,2;892,3;892,1;;22,7;7,1;23,1;22,5;7,2;7;37;36;37;96;;4;
2024/08/28;0300 UTC;0;892,2;892,3;892,2;;22,4;8;22,7;22,2;8,1;7,4;40;38;40;78;;3,7;
2024/08/28;0400 UTC;0;891,8;892,2;891,8;;21,5;8,6;21,9;21,3;8,6;8,2;44;42;44;88;;3,7;
2024/08/28;0500 UTC;0;891,3;891,8;891,3;;21;8,9;21,7;20,9;8,9;8,6;46;43;46;90;;3,7;
2024/08/28;0600 UTC;0;891;891,2;891;;21,2;8,7;21,2;21;8,8;8,6;45;45;45;100;;4,1;
2024/08/28;0700 UTC;0;891,1;891,1;890,9;;20,7;8,9;21,3;20,4;8,9;8,6;47;44;47;84;;4,5;
2024/08/28;0800 UTC;0;891,7;891,7;891,2;;19,8;9,8;20,2;18,9;9,8;8,9;54;48;53;21;;2,2;
2024/08/28;0900 UTC;0;892,5;892,6;891,9;;19,3;10,4;19,7;18,8;10,4;9,8;57;53;56;20;;2,2;
2024/08/28;1000 UTC;0;893,3;893,3;892,8;78,8;18,9;11,5;19,2;18,8;11,5;10,7;62;58;62;353;;3,4;
2024/08/28;1100 UTC;0;893,9;893,9;893,3;522,2;20,2;12,3;20,3;18,9;12,4;11,5;62;60;60;43;8;3,6;
2024/08/28;1200 UTC;0;894,1;894,1;893,8;1492,9;22,3;12,5;22,6;20,2;12,9;12,2;60;54;54;81;10,3;5,4;
2024/08/28;1300 UTC;0;894,4;894,5;894,1;2310,7;24,4;12;25;22,3;12,9;11,8;54;45;46;72;11,2;6,8;
2024/08/28;1400 UTC;0;894,2;894,5;894,2;2888,4;25,7;11,7;26,3;24;12,4;11;47;40;42;87;10,8;5,3;
2024/08/28;1500 UTC;0;893,6;894,2;893,6;3183,7;26,3;10,9;27,2;25,3;11,8;10,3;42;36;38;77;9,9;4,7;
2024/08/28;1600 UTC;0;892,8;893,7;892,8;2727,2;27,6;9,5;28,5;25,1;11,6;9,3;41;32;32;99;8,3;3,6;
2024/08/28;1700 UTC;0;892;892,9;892;2634,4;27,6;7,5;28,3;26,6;10,2;6,9;34;27;28;127;8,7;2,9;
2024/08/28;1800 UTC;0;891,5;892;891,5;2480,4;27,6;8,7;28,9;26,7;9,2;7;32;27;31;103;9,4;2,8;
2024/08/28;1900 UTC;0;891,7;891,7;891,5;1484,4;27,2;8;28,1;26,3;9,2;7,7;33;29;30;107;9,2;3,5;
2024/08/28;2000 UTC;0;891,9;892;891,7;1046,2;26,6;7,4;27,9;26,3;8,6;6,9;32;29;30;81;9;4,2;
2024/08/28;2100 UTC;0;892,3;892,3;891,9;354;25;8,1;26,6;25;8,1;7,3;34;30;34;104;7,7;2,5;
2024/08/28;2200 UTC;0;892,7;892,7;892,3;;23;8,9;25,1;23;8,9;8,1;41;34;41;97;5,1;2,5;
2024/08/28;2300 UTC;0;893,3;893,3;892,7;;21,9;9,5;23;21,9;9,5;8,9;45;41;45;96;4,6;2,3;
2024/08/29;0000 UTC;0;893,8;893,8;893,3;;21,4;9,6;22;21,4;9,8;9,5;47;45;47;91;5,2;2,9;
2024/08/29;0100 UTC;0;894,2;894,2;893,8;;20,3;9,6;21,4;20,3;9,6;9,5;50;47;50;86;5,4;2,9;
2024/08/29;0200 UTC;0;894;894,2;894;;19,6;9,3;20,2;19,5;9,7;9,3;52;51;51;93;;2,7;
2024/08/29;0300 UTC;0;893,6;893,9;893,6;;19,8;8,5;19,9;19,3;9,2;8,5;51;48;48;98;;1,9;
2024/08/29;0400 UTC;0;893,1;893,5;893,1;;19,2;8,7;20,2;19,1;8,7;8,1;51;46;51;94;;2,9;
2024/08/29;0500 UTC;0;892,4;892,9;892,4;;18,2;9,2;19,1;18,1;9,2;8,9;55;52;55;85;;3,4;
2024/08/29;0600 UTC;0;892;892,3;892;;17,1;9,5;18,2;17,1;9,5;9,2;61;56;61;96;;3,1;
2024/08/29;0700 UTC;0;892,2;892,2;891,9;;16,3;9,8;17;16,3;9,8;9,5;65;62;65;91;;3,3;
2024/08/29;0800 UTC;0;892,7;892,7;892,2;;16,2;10,4;16,5;16,2;10,4;9,9;69;66;69;88;;3,6;
2024/08/29;0900 UTC;0;893,4;893,4;892,8;;16;10,8;16,2;15,8;10,8;10,4;71;69;71;88;;3,8;
2024/08/29;1000 UTC;0;894;894;893,5;98,6;16,1;11,2;16,1;15,6;11,2;10,8;74;72;73;95;;4,1;
2024/08/29;1100 UTC;0;894,7;894,7;894,1;547,7;18,2;12,1;18,2;16,3;12,2;11,4;73;68;68;82;;4,6;
2024/08/29;1200 UTC;0;895,1;895,1;894,6;1615,7;21,1;12,2;21,1;18,2;12,7;12;68;57;57;69;9,5;5,2;
2024/08/29;1300 UTC;0;895,6;895,6;895,1;2453;22,8;11,3;23;20,9;12,4;11,3;58;48;48;73;9,5;4,6;
2024/08/29;1400 UTC;0;895,2;895,6;895,1;2933,2;23,6;8,7;25,4;22,7;11,8;8,5;49;35;39;70;9,9;5,6;
2024/08/29;1500 UTC;0;894,7;895,2;894,7;3441,8;25,6;9;26,2;23,6;9,8;8,2;39;33;35;54;10,3;5,4;
2024/08/29;1600 UTC;0;893,8;894,7;893,8;3160;26,4;9,2;27,2;25,3;9,8;8,4;36;33;34;76;11,3;3,8;
2024/08/29;1700 UTC;0;892,9;893,8;892,9;3286,9;26,8;8,7;27,9;25,7;9,6;8,1;34;30;32;51;9,7;4,4;
2024/08/29;1800 UTC;0;892,2;892,9;892,2;2320,6;27,9;8,8;27,9;25,6;9,2;8;35;29;30;70;9,9;3,6;
2024/08/29;1900 UTC;0;892,2;892,2;892,1;1627,7;27,2;8,4;27,9;26;9;7,7;33;30;31;20;8,5;2,6;
2024/08/29;2000 UTC;0;892,4;892,4;892;1287;25,6;8,1;27,7;25,6;8,7;7,9;33;30;33;42;14,4;4,2;
2024/08/29;2100 UTC;0;892,7;892,7;892,4;359,6;24,4;8;26,1;24,4;8,7;8;35;33;35;76;7,6;2,9;
2024/08/29;2200 UTC;0;893,1;893,1;892,7;,1;22,8;8,7;24,4;22,8;8,7;7,9;41;35;41;90;5;2,1;
2024/08/29;2300 UTC;0;893,5;893,5;893,1;;21,4;9,1;22,8;21,4;9,1;8,7;45;41;45;97;4,2;2,4;
2024/08/30;0000 UTC;0;894,1;894,1;893,5;;20,8;9,6;21,4;20,7;9,6;9,1;49;45;49;93;4,3;2,7;
2024/08/30;0100 UTC;0;894,3;894,3;894,1;;20,3;9,5;20,9;19,8;9,8;9,5;52;49;50;96;5,1;2,8;
2024/08/30;0200 UTC;0;894,4;894,4;894,3;;19,5;9,3;20,4;19,2;9,5;9,2;53;50;52;83;5,8;2,8;
2024/08/30;0300 UTC;0;893,9;894,4;893,9;;19;9,3;19,9;18,7;9,3;9;54;50;53;83;5,7;2,6;
2024/08/30;0400 UTC;0;893,2;893,9;893,2;;18,9;9,1;19,1;18,2;9,2;9;55;52;53;99;4,6;2,7;
2024/08/30;0500 UTC;0;892,5;893,2;892,5;;18,5;8,7;19,1;16,1;9,4;8,5;62;52;53;98;4,6;2,6;
2024/08/30;0600 UTC;0;892,3;892,6;892,2;;17,9;8,2;18,6;16,6;8,7;8,1;58;52;53;87;5,3;2,8;
2024/08/30;0700 UTC;0;892,4;892,4;892,2;;16,7;9;17,9;16,5;9;8,2;61;53;60;95;4,6;2,3;
2024/08/30;0800 UTC;0;892,7;892,7;892,3;;16,4;9,4;17;16;9,7;9;65;60;64;92;5,6;2,8;
2024/08/30;0900 UTC;0;893,3;893,3;892,7;;15,4;9,3;16,4;15,4;9,5;9,3;67;64;67;96;5;2,6;
2024/08/30;1000 UTC;0;894,2;894,2;893,3;103,1;15,8;9,2;15,8;14,9;9,4;9,1;68;65;65;91;4,8;3,1;
2024/08/30;1100 UTC;0;894,4;894,4;894,2;654,6;17,6;9,7;17,7;15,8;9,7;9,2;65;59;60;100;8,4;4,5;
2024/08/30;1200 UTC;0;894,8;894,8;894,4;1638,3;20,6;10,1;20,8;17,6;10,3;9,5;60;50;51;91;8,4;2,4;
2024/08/30;1300 UTC;0;894,9;895;894,8;2457,2;23,6;9;23,6;20,6;10,2;8,5;51;39;39;57;8,8;4,9;
2024/08/30;1400 UTC;0;894,6;895;894,6;3042,2;24,6;8,1;24,6;22,7;9,2;7,7;41;35;35;115;8,8;3,3;
2024/08/30;1500 UTC;0;893,6;894,6;893,6;3330,8;25,9;9;25,9;24,3;9;7,6;35;32;34;106;9,7;2,8;
2024/08/30;1600 UTC;0;892,6;893,7;892,6;3283;27,3;7,5;27,3;25,3;8,6;7,2;34;28;29;113;9,7;3,5;
2024/08/30;1700 UTC;0;891,3;892,6;891,3;3038,3;27,4;6,4;28,6;26,6;8;6,4;30;26;26;96;10,3;4;
2024/08/30;1800 UTC;0;890,6;891,4;890,6;2632;28,7;6,1;29,2;27,1;7;6,1;27;24;24;62;10,3;2,8;
2024/08/30;1900 UTC;0;890,2;890,6;890,1;2010;28,1;5,7;28,8;27,7;6,7;4,7;25;23;24;90;7,5;3,5;
2024/08/30;2000 UTC;0;890,1;890,2;890,1;1235,3;27,3;6,2;28,7;27,1;6,4;5,3;26;24;26;96;7,5;3;
2024/08/30;2100 UTC;0;890,5;890,5;890,1;379,7;25,3;6;27,3;25,3;6,5;5,9;29;26;29;108;6,6;2,3;
2024/08/30;2200 UTC;0;890,8;890,8;890,5;;23,2;6,3;25,3;23,1;6,3;6;34;29;34;101;5;2,7;
2024/08/30;2300 UTC;0;891,4;891,4;890,8;;22,1;6;23,2;22,1;6,4;6;35;34;35;95;4,7;2,8;
2024/08/31;0000 UTC;0;891,9;891,9;891,4;;21,2;5,8;22,1;21,2;6;5,6;37;35;37;102;5,6;3,5;
2024/08/31;0100 UTC;0;892,4;892,4;891,9;;20,2;6,6;21,2;20,1;6,6;5,8;41;37;41;89;6,1;3,4;
2024/08/31;0200 UTC;0;892,4;892,4;892,4;;19,8;7;20,3;19,8;7;6,6;44;41;44;88;6,7;3,4;
2024/08/31;0300 UTC;0;892,4;892,5;892,4;;19,4;7,3;19,9;19,3;7,3;7;46;43;46;97;5,9;3,7;
2024/08/31;0400 UTC;0;891,9;892,4;891,9;;18,6;7,8;19,4;18,6;7,8;7,3;49;46;49;94;6,1;3,4;
2024/08/31;0500 UTC;0;891,3;891,9;891,3;;17,9;8;18,6;17,7;8;7,8;53;49;52;85;6,1;3,8;
2024/08/31;0600 UTC;0;890,9;891,3;890,9;;17,3;7,9;18;17,3;8,1;7,8;54;52;54;86;6,1;3,1;
2024/08/31;0700 UTC;0;890,7;890,9;890,7;;17,7;7,9;17,9;17,1;8;7,9;55;52;53;92;5,9;3,5;
2024/08/31;0800 UTC;0;890,6;890,7;890,5;;17,7;7,6;17,8;17,6;7,9;7,6;53;51;51;92;5,9;3,4;
2024/08/31;0900 UTC;0;891;891;890,6;;17,1;6,7;17,8;17;7,6;6,7;52;49;51;83;6;3,3;
2024/08/31;1000 UTC;0;892;892;891;102,9;17,3;6,7;17,3;16,5;6,9;6,7;52;50;50;74;5,9;2,4;
2024/08/31;1100 UTC;0;892,7;892,7;892;676,6;21,3;5,5;21,3;17,3;6,7;5,5;50;36;36;76;5,8;3,1;
2024/08/31;1200 UTC;0;893,1;893,1;892,7;1679,3;23,8;5,6;24,1;21,3;5,8;5,1;36;30;31;76;7,4;3,8;
2024/08/31;1300 UTC;0;893,1;893,1;893;2514,2;25,7;2,6;26;23,8;5,8;2,6;31;22;22;56;8,7;4,5;
2024/08/31;1400 UTC;0;892,9;893,1;892,9;3108,2;27,1;4;27,4;25,2;4,2;2,3;24;21;23;80;8,1;2,4;
2024/08/31;1500 UTC;0;892,2;893;892,2;3407,1;28;-,3;29;26,9;3,3;-,4;23;15;16;52;7,8;3,4;
2024/08/31;1600 UTC;0;891,3;892,2;891,3;3345,1;29,1;,2;30,2;27,8;2,3;-,5;18;14;15;118;6,4;2;
2024/08/31;1700 UTC;0;890,5;891,3;890,5;3127,2;30,8;-1,2;31,1;29,2;0;-3,7;15;10;13;116;6,6;2;
2024/08/31;1800 UTC;0;889,9;890,5;889,8;2687,1;30,9;-2,1;31,4;30;-,6;-3,4;13;11;12;67;6,9;2,1;
2024/08/31;1900 UTC;0;889,6;889,9;889,6;2049,2;30,3;-3,1;31,2;30,2;-,9;-3,5;13;11;11;140;6,7;2,7;
2024/08/31;2000 UTC;0;889,8;889,8;889,6;1270,6;29,3;-3,7;30,5;29,2;-3;-4,4;12;10;11;94;6;3,1;
2024/08/31;2100 UTC;0;890,1;890,2;889,8;389,9;26,6;-1,6;29,4;26,6;-1,6;-3,9;16;11;16;91;6;2,3;
2024/08/31;2200 UTC;0;890,5;890,5;890,1;;24,4;1,2;26,6;24,4;1,2;-1,5;22;16;22;92;4,9;2,9;
2024/08/31;2300 UTC;0;891,3;891,3;890,5;;22,9;,8;24,4;22,9;1,5;,8;24;22;23;98;6;2,5;
2024/09/01;0000 UTC;0;891,7;891,8;891,3;;22,4;1,8;23,4;22,4;1,9;,5;26;22;26;94;6,4;3,4;
2024/09/01;0100 UTC;0;891,9;891,9;891,7;;21,7;1,4;22,5;21,6;1,8;1,1;26;25;26;95;6,4;3,3;
2024/09/01;0200 UTC;0;892,2;892,2;891,9;;21,1;2,5;21,7;21;2,6;1,4;30;26;29;93;7,2;3,8;
2024/09/01;0300 UTC;0;892,1;892,3;892;;20,5;3;21,2;20,4;3,1;2,4;32;29;32;88;7,4;3,8;
2024/09/01;0400 UTC;0;891,6;892,1;891,6;;20,1;2,7;20,5;20,1;3,2;2,7;32;32;32;99;6,6;4;
2024/09/01;0500 UTC;0;890,9;891,6;890,9;;20,3;2,5;20,5;19,9;2,7;2,4;32;30;31;92;7,6;4,2;
2024/09/01;0600 UTC;0;890,5;890,9;890,5;;20,6;1,6;20,6;19,7;2,5;1,6;31;28;28;85;7,1;3,4;
2024/09/01;0700 UTC;0;890,5;890,5;890,4;;20,1;1,2;20,6;19,4;1,7;1,2;30;28;28;82;5,6;3,3;
2024/09/01;0800 UTC;0;890,6;890,6;890,4;;19,3;1,4;20,5;18,8;1,5;1;31;28;30;76;5;3;
2024/09/01;0900 UTC;0;891,2;891,2;890,6;;18,6;2,3;19,3;18,5;2,3;1,3;34;30;34;74;5;2,9;
2024/09/01;1000 UTC;0;891,8;891,8;891,2;103,6;19,8;3,6;19,9;18,3;3,6;2,3;35;34;34;69;6,3;3,7;
2024/09/01;1100 UTC;0;892,5;892,5;891,8;692,3;22,8;3,9;22,8;19,9;3,9;3,5;34;29;29;67;8,9;4,6;
2024/09/01;1200 UTC;0;892,7;892,8;892,4;1698,2;25,2;3,4;25,2;22,8;4;3,1;29;24;24;54;9,9;5,7;
2024/09/01;1300 UTC;0;893,3;893,3;892,7;2521,2;26,7;2,1;27,5;25;3,6;1,6;24;20;20;67;9,9;4,2;
2024/09/01;1400 UTC;0;892,8;893,3;892,8;3108,6;27,8;,5;28,2;25,8;2,4;,5;21;17;17;110;7,4;2,2;
2024/09/01;1500 UTC;0;892,2;892,8;892,2;3401,9;29,6;0;29,6;27,3;1,4;-1,2;18;15;15;73;6,3;,6;
2024/09/01;1600 UTC;0;891,6;892,2;891,6;3354,6;29,7;0;30,4;28,2;,9;-1,3;16;14;15;106;10,4;3,3;
2024/09/01;1700 UTC;0;890,7;891,6;890,7;3142,4;30,6;-1;30,9;29,2;,4;-1,5;15;13;13;141;10,4;2,5;
2024/09/01;1800 UTC;0;889,7;890,7;889,7;2694,4;30,3;-1,6;31,3;29,7;,1;-1,9;14;12;13;154;5,8;1,7;
2024/09/01;1900 UTC;0;889,5;889,7;889,4;2051,5;30,8;-,9;31,5;30;,1;-1,8;13;12;13;135;7,9;1,8;
2024/09/01;2000 UTC;0;889,5;889,5;889,4;1259,4;29,7;,8;30,9;29,5;1;-1,9;16;12;16;91;6,4;2,9;
2024/09/01;2100 UTC;0;889,8;889,8;889,5;375,7;27;2,5;29,8;27;2,9;,4;20;15;20;85;6,4;1,9;
2024/09/01;2200 UTC;0;890,3;890,3;889,8;;24,8;2;27;24,8;2,7;2;23;21;23;95;4,5;2,5;
2024/09/01;2300 UTC;0;890,7;890,7;890,3;;24,1;2,3;25;23,9;2,4;1,9;24;22;24;89;5,6;3,7;
2024/09/02;0000 UTC;0;891,2;891,2;890,7;;23;2,4;24,3;22,9;2,5;2,2;26;24;26;99;8,1;3,8;
2024/09/02;0100 UTC;0;891,3;891,4;891,2;;22,6;2,9;23;22,4;2,9;2,2;28;26;28;92;7,5;4;
2024/09/02;0200 UTC;0;891,3;891,4;891,3;;22,2;3;22,8;22,1;3,4;2,9;29;28;28;85;8;4,7;
2024/09/02;0300 UTC;0;891,2;891,3;891,2;;21,2;2,6;22,3;21,2;3;2,5;29;28;29;87;8,2;3,9;
2024/09/02;0400 UTC;0;890,6;891,2;890,6;;21,2;2,2;21,5;21,1;2,6;2,2;29;28;29;86;7,9;3,8;
2024/09/02;0500 UTC;0;889,9;890,6;889,9;;20,8;1,6;21,4;20,7;2,2;1,5;29;27;28;77;6,9;3,3;
2024/09/02;0600 UTC;0;889,3;889,9;889,3;;18;2;20,8;18;2;1,5;34;28;34;47;5,9;2,5;
2024/09/02;0700 UTC;0;888,7;889,3;888,7;;18,3;2,7;18,3;17,5;2,8;2;37;34;35;62;4,4;2,6;
2024/09/02;0800 UTC;0;888,7;888,7;888,6;;18,2;1,9;18,4;17,2;2,9;1,9;38;34;34;67;3,8;1,6;
2024/09/02;0900 UTC;0;889,1;889,1;888,7;;18,9;1,5;19,3;18;1,9;1,5;34;31;31;85;4,1;2,5;
2024/09/02;1000 UTC;0;889,8;889,8;889,1;100,9;19,4;1,7;19,5;18,1;1,8;1,2;32;30;31;68;4,1;2,1;
2024/09/02;1100 UTC;0;890,4;890,4;889,8;715,6;23,6;1;23,6;19,5;2;,5;31;22;23;56;5,6;2,4;
2024/09/02;1200 UTC;0;890,6;890,6;890,4;1687,9;25,9;,6;26;23,6;2;,4;23;19;19;64;6,5;3,6;
2024/09/02;1300 UTC;0;891;891;890,6;2516;27,4;1,3;27,4;25,7;1,3;,1;20;17;18;35;7,5;1,8;
2024/09/02;1400 UTC;0;890,9;891,1;890,9;3081,6;28,2;-1;28,6;26,9;1,1;-1,2;18;15;15;194;4,7;,7;
2024/09/02;1500 UTC;0;890,1;890,9;890,1;3365,9;29,3;-,5;30,1;27,6;,6;-1,3;17;14;14;156;5;1,7;
2024/09/02;1600 UTC;0;889,1;890,1;889,1;3305,3;30,3;-,5;30,9;29,4;,7;-1,6;15;13;14;44;5,5;2,4;
2024/09/02;1700 UTC;0;887,8;889,1;887,8;3085,2;31,7;-,7;31,8;29,9;0;-2,1;14;12;12;138;6,3;2,2;
2024/09/02;1800 UTC;0;887;887,8;887;2618,6;31,6;-2,3;32,3;30,9;-,5;-3,2;13;10;11;89;6;2;
2024/09/02;1900 UTC;0;887;887,1;886,9;1980,5;30,8;-2,6;32,2;30,8;-1,2;-3,6;12;10;11;108;6,8;3,2;
2024/09/02;2000 UTC;0;887,3;887,3;887;1188,1;30,1;-1,5;31,2;30,1;-1,2;-2,7;13;11;13;56;6,8;2,9;
2024/09/02;2100 UTC;0;887,7;887,7;887,3;342,1;26,8;-,2;30,1;26,8;-,1;-1,8;17;13;17;74;6,5;1,6;
2024/09/02;2200 UTC;0;888,3;888,3;887,7;;25,3;,2;27;25,3;,5;-,5;19;17;19;84;3,7;2,5;
2024/09/02;2300 UTC;0;888,8;888,8;888,3;;22,7;1;25,3;22,7;1,1;,1;24;19;24;64;4,3;2,3;
2024/09/03;0000 UTC;0;889,3;889,3;888,8;;22;2,4;23,3;21,9;2,4;1;28;24;28;66;4,1;1,7;
2024/09/03;0100 UTC;0;889,6;889,6;889,3;;22,3;2,6;23,4;21,8;2,7;2,4;28;26;27;82;3,8;2;
2024/09/03;0200 UTC;0;889,6;889,6;889,6;;22,3;2,4;22,3;20,8;2,7;2,4;30;27;27;74;3,4;1,6;
2024/09/03;0300 UTC;0;889,4;889,7;889,4;;21,9;2,8;22,4;20,5;2,8;2,4;31;27;29;92;3,8;2,4;
2024/09/03;0400 UTC;0;888,7;889,4;888,7;;19,7;2,9;21,9;19,7;3,1;2,8;33;29;33;92;3,4;,7;
2024/09/03;0500 UTC;0;888,3;888,7;888,3;;18,9;3,5;20;17,7;3,8;2,9;39;33;36;92;2,7;1,4;
2024/09/03;0600 UTC;0;888,1;888,3;888,1;;21,4;2,9;21,6;18,9;3,5;2,9;36;29;30;97;4,2;2,7;
2024/09/03;0700 UTC;0;888,1;888,1;888,1;;21,5;3,1;21,7;20,6;3,1;2,9;31;29;30;97;4,3;2,7;
2024/09/03;0800 UTC;0;888,5;888,5;888,1;;20,6;3,2;21,7;20,1;3,2;3;33;29;32;91;4,4;2,7;
2024/09/03;0900 UTC;0;889,1;889,1;888,5;;20,4;2,8;21;19,2;3,4;2,7;34;31;31;98;4,4;2,6;
2024/09/03;1000 UTC;0;889,9;889,9;889,2;89,8;20,8;2,5;20,8;19,4;2,7;2,4;33;30;30;92;;2,8;
2024/09/03;1100 UTC;0;890,6;890,6;889,9;696,5;24,5;3,4;24,5;20,8;3,9;2,5;30;25;25;50;4,2;2,6;
2024/09/03;1200 UTC;0;891,3;891,3;890,6;1662,9;26,8;1;27,2;24,6;4;,6;25;18;19;19;6,6;3,4;
2024/09/03;1300 UTC;0;891,5;891,5;891,3;2512,1;28;,8;28,2;26,8;1,9;,3;19;16;17;358;7,7;3,8;
2024/09/03;1400 UTC;0;891,2;891,5;891,1;3074,5;29,5;-,4;29,5;27,4;1,1;-1,5;18;14;14;29;8,5;3;
2024/09/03;1500 UTC;0;890,5;891,2;890,5;3376,5;29,7;-2,1;30,2;28,2;-,2;-2,5;16;13;13;3;8;3,2;
2024/09/03;1600 UTC;0;889,5;890,6;889,5;3289,7;30,3;-,6;31,1;29,3;,1;-2,2;14;12;14;81;10,5;3;
2024/09/03;1700 UTC;0;888,5;889,5;888,5;3073,2;30,9;-4;31,8;30,1;,2;-4;14;10;10;36;9,7;4,1;
2024/09/03;1800 UTC;0;887,7;888,5;887,7;2666;31,5;-3,3;32,6;30,6;-1,7;-5,7;12;9;10;4;8,4;3,3;
2024/09/03;1900 UTC;0;887,7;887,7;887,5;1972;31;-4,5;32;30,9;-2,9;-4,5;11;10;10;357;8,1;2,5;
2024/09/03;2000 UTC;0;888;888;887,7;1124,1;29,9;-3,9;31,4;29,9;-3,4;-4,2;11;10;11;67;7,8;3,1;
2024/09/03;2100 UTC;0;888,5;888,5;888;304,7;26,2;-3,5;29,9;26,2;-3,3;-4,6;14;11;14;70;7,5;2;
2024/09/03;2200 UTC;0;888,9;888,9;888,5;;24;-1,9;26,2;24;-1,9;-3,4;18;14;18;65;4,6;2,6;
2024/09/03;2300 UTC;0;889,7;889,7;888,9;;23;-1,6;24,2;23;-1,5;-1,9;20;18;19;58;4,6;2,7;
2024/09/04;0000 UTC;0;890,3;890,3;889,7;;23,8;-1,1;23,8;22,5;-,9;-1,6;21;19;19;23;4,2;1,5;
2024/09/04;0100 UTC;0;890,4;890,5;890,3;;22,3;-,7;23,8;22,1;0;-1,1;23;19;22;73;3;2;
2024/09/04;0200 UTC;0;890,6;890,6;890,4;;24,1;-1,2;24,6;22,1;-,4;-1,3;22;18;19;96;4;2,2;
2024/09/04;0300 UTC;0;890,3;890,6;890,3;;23,1;-,9;24,2;23,1;-,6;-1,3;21;19;20;105;3,3;1,8;
2024/09/04;0400 UTC;0;889,8;890,3;889,8;;22,5;-,6;24,2;22,3;-,6;-1,2;22;19;22;106;3,4;1,9;
2024/09/04;0500 UTC;0;889,2;889,8;889,2;;22,9;-,9;24;22,3;-,4;-1,2;22;19;21;94;4,3;2,7;
2024/09/04;0600 UTC;0;889,1;889,3;889,1;;22,5;-,5;23,2;22,2;-,5;-,8;22;20;22;88;4,3;2,7;
2024/09/04;0700 UTC;0;889;889,1;888,9;;22,3;-,5;23,2;22,1;-,2;-,7;22;20;22;99;4,2;2,6;
2024/09/04;0800 UTC;0;889,2;889,2;889;;22,5;-,7;22,9;22,1;-,5;-,7;22;21;21;95;4,8;3,1;
2024/09/04;0900 UTC;0;889,7;889,7;889,2;;22;-1;22,7;22;-,8;-1,2;22;21;22;93;4,5;2,7;
2024/09/04;1000 UTC;0;890,3;890,3;889,7;92,7;22,4;-,6;22,5;20,5;-,6;-1,1;24;21;22;94;4,5;2,9;
2024/09/04;1100 UTC;0;891;891;890,3;736,6;26,5;1,7;26,5;22,4;1,9;-,6;23;20;20;71;4,3;1,2;
2024/09/04;1200 UTC;0;891,4;891,4;891;1680;29,3;-3,3;29,5;26,5;2,2;-3,3;21;12;12;50;8;4;
2024/09/04;1300 UTC;0;891,6;891,7;891,4;2499,2;29,8;-2,4;30,4;28,9;-,7;-3,5;14;12;12;73;9,6;3,4;
2024/09/04;1400 UTC;0;891,2;891,6;891,2;3090,1;29,5;-2,1;30,6;29,1;-,9;-2,8;13;12;13;30;9,4;3,6;
2024/09/04;1500 UTC;0;890,6;891,3;890,6;3355,2;31,2;-,8;31,4;29,6;-,8;-2,5;13;12;13;66;11,4;3,6;
2024/09/04;1600 UTC;0;889,7;890,6;889,7;3308,8;32;-,5;32;30,4;-,3;-1,8;13;12;12;68;9,5;2,6;
2024/09/04;1700 UTC;0;888,9;889,7;888,9;3087,7;31,8;-2,2;32,5;30,7;-,3;-2,7;12;10;11;51;9,2;3,7;
2024/09/04;1800 UTC;0;888,5;888,9;888,4;2631;32;-2,6;32,7;31;-,9;-2,8;12;11;11;68;8,9;4,5;
2024/09/04;1900 UTC;0;888,2;888,5;888,2;2010,8;31,7;-3;32,2;31,1;-1,8;-3,8;11;10;11;37;8,3;2,8;
2024/09/04;2000 UTC;0;888,4;888,4;888,2;1232,3;30,8;-2,1;31,9;30,8;-1,9;-4,4;12;10;12;42;6,1;3,1;
2024/09/04;2100 UTC;0;888,7;888,7;888,4;361,1;27,7;-1;30,8;27,7;-,9;-2,2;15;12;15;25;6,2;1;
2024/09/04;2200 UTC;0;889,1;889,1;888,7;;26,1;,7;27,7;25,2;,8;-1,1;20;15;19;89;3,3;1,6;
2024/09/04;2300 UTC;0;889,8;889,8;889,1;;26,3;,1;26,6;25,5;1;-,1;20;18;18;98;3,1;2,1;
2024/09/05;0000 UTC;0;890,5;890,6;889,8;;24,3;1,2;26,4;24,1;1,3;,1;22;18;22;85;3,1;1,4;
2024/09/05;0100 UTC;0;890,8;890,8;890,5;;23,8;1,3;24,8;22;1,8;,9;26;21;23;72;4,3;1,3;
2024/09/05;0200 UTC;0;890,9;890,9;890,8;;24,6;1;24,6;22;1,9;,5;25;21;21;96;4,6;3,1;
2024/09/05;0300 UTC;0;890,8;890,9;890,8;;24,2;1,4;24,7;23,3;1,6;,9;24;21;22;90;5,4;3,3;
2024/09/05;0400 UTC;0;890,2;890,8;890,2;;23,6;2,1;24,4;23,4;2,1;1,4;24;22;24;92;5,4;3,1;
2024/09/05;0500 UTC;0;889,9;890,2;889,9;;23,4;2,3;24,1;23,2;2,4;2;25;24;25;90;5,6;2,9;
2024/09/05;0600 UTC;0;889,6;889,9;889,6;;20,3;2,8;23,4;20,3;2,9;2,2;31;25;31;56;4,6;2,3;
2024/09/05;0700 UTC;0;889,6;889,6;889,5;;21,5;3,4;23;20,3;3,5;2,8;32;28;31;52;3,8;2,1;
2024/09/05;0800 UTC;0;889,6;889,6;889,5;;21;3,6;21,9;20,6;3,7;3,4;33;30;32;58;3,7;3;
2024/09/05;0900 UTC;0;890,1;890,1;889,6;;20,8;3,5;21,2;20,5;3,7;3,4;33;31;32;53;3,9;2,6;
2024/09/05;1000 UTC;0;890,7;890,7;890,1;85,1;20,7;4;21,3;20,4;4,1;3,4;34;31;33;34;4,1;1,9;
2024/09/05;1100 UTC;0;891,4;891,4;890,7;651,8;25;4,1;25;20,7;4,5;3,7;34;26;26;42;3,8;,5;
2024/09/05;1200 UTC;0;891,8;891,8;891,4;1503,4;27,9;3,5;28,1;25;4,5;3,3;27;21;21;45;6,7;4,2;
2024/09/05;1300 UTC;0;892,1;892,1;891,8;2305,3;28,1;4,6;29;27,7;4,6;3,4;22;20;22;357;7,8;4;
2024/09/05;1400 UTC;0;891,7;892,2;891,7;2873;29,6;3,2;30,2;28;4,9;3;22;18;19;1;8,1;3,7;
2024/09/05;1500 UTC;0;891,2;891,7;891,2;3161,4;30,8;2,3;31;29,2;4,6;2,3;20;16;16;27;7,2;1,9;
2024/09/05;1600 UTC;0;890,3;891,2;890,3;3127,7;31,6;,2;32,6;30,4;2,5;0;17;13;13;112;7,5;1,9;
2024/09/05;1700 UTC;0;889,3;890,3;889,3;2911,3;31,9;,4;32,9;31,3;1,2;-,7;14;12;13;175;6,6;2,2;
2024/09/05;1800 UTC;0;888,6;889,3;888,6;2453,6;31,8;,8;33;31,3;1,1;-,7;14;12;14;132;6,3;1,6;
2024/09/05;1900 UTC;0;888,5;888,6;888,4;1791,2;31,6;-,6;32,6;31,5;1,1;-,9;14;12;13;166;7;2,9;
2024/09/05;2000 UTC;0;888,6;888,6;888,4;1003,1;31,2;0;32,1;31,2;,1;-1;14;12;13;158;5,5;2,4;
2024/09/05;2100 UTC;0;888,8;888,8;888,6;262,4;28,4;3,1;31,2;28,4;3,1;-,1;20;13;20;95;4,8;1,2;
2024/09/05;2200 UTC;0;889;889;888,8;;26,8;3,6;28,4;26,8;3,7;3,2;23;20;23;92;4,4;2,5;
2024/09/05;2300 UTC;0;889,3;889,3;889;;25,9;3,5;26,8;25,8;4;3,5;24;23;24;84;5,5;3,2;
2024/09/06;0000 UTC;0;889,8;889,8;889,3;;25;4;25,9;24,7;4;3,5;26;24;26;88;5,4;2,9;
2024/09/06;0100 UTC;0;890;890,1;889,8;;24,4;4,5;25,3;24,1;4,6;3,9;28;26;28;83;5,6;3,7;
2024/09/06;0200 UTC;0;890;890,1;890;;24,1;4,3;24,8;23,7;4,7;4,3;29;27;28;84;6,8;3,6;
2024/09/06;0300 UTC;0;889,6;890;889,6;;24;3,5;24,5;24;4,4;3,5;28;26;26;83;6,6;3,8;
2024/09/06;0400 UTC;0;888,9;889,6;888,9;;23,5;3,3;24,1;23,5;3,6;3,3;27;26;27;83;6,3;3,8;
2024/09/06;0500 UTC;0;888,3;888,9;888,3;;23,4;3,3;23,9;23,3;3,4;3,2;27;26;27;85;7,1;3,8;
2024/09/06;0600 UTC;0;887,7;888,3;887,7;;22,6;3,6;23,4;22,5;3,6;3,3;29;27;29;81;6,2;3,7;
2024/09/06;0700 UTC;0;887,5;887,7;887,5;;22,5;3,9;22,8;22,3;3,9;3,6;30;29;30;81;5,5;3,5;
2024/09/06;0800 UTC;0;887,5;887,5;887,3;;21,7;4;22,5;21,2;4,1;3,8;32;30;31;79;5,2;3,2;
2024/09/06;0900 UTC;0;887,9;887,9;887,4;;20,6;4,1;21,8;19,7;4,1;3,9;36;31;34;77;4,7;2,9;
2024/09/06;1000 UTC;0;888,7;888,7;887,9;87,8;21,9;4,2;21,9;20,6;4,2;3,9;34;31;32;78;5,4;3,6;
2024/09/06;1100 UTC;0;889,2;889,2;888,7;656,5;24,9;5,1;24,9;21,8;5,2;4,2;32;28;28;44;5,8;3,4;
2024/09/06;1200 UTC;0;889,9;890;889,2;1517,9;26,6;3,5;26,8;24,7;5,3;3,2;28;22;23;44;9,8;5,3;
2024/09/06;1300 UTC;0;890,5;890,5;889,9;2326,5;27,9;3,5;28,6;26,6;4,4;3,5;23;20;21;46;9,7;4;
2024/09/06;1400 UTC;0;890,3;890,5;890,3;2946,9;29,5;4,2;30;27,5;5;3,5;22;19;20;63;8,4;3,8;
2024/09/06;1500 UTC;0;889,7;890,3;889,7;3195,7;30;3,7;30,5;29,2;4,5;2,8;20;17;19;78;9,9;2,7;
2024/09/06;1600 UTC;0;888,5;889,8;888,5;3148,6;31,3;2,2;31,8;30,1;3,9;1,5;19;15;16;116;8,7;4,2;
2024/09/06;1700 UTC;0;887,8;888,5;887,8;2882,9;31,4;2;32,3;30,5;2,6;1,4;16;15;15;88;10;4,5;
2024/09/06;1800 UTC;0;887,1;887,8;887,1;2430,6;31,8;2,4;32;30,8;3,2;1,5;17;15;16;84;8,2;3,3;
2024/09/06;1900 UTC;0;887;887,1;886,9;1741,1;31,6;2,9;32,1;30,8;4,2;2,4;18;15;16;103;9,1;3;
2024/09/06;2000 UTC;0;887,3;887,3;886,9;1006,6;29,9;2,5;31,6;29,9;3,7;2,2;18;16;17;83;8;3,3;
2024/09/06;2100 UTC;0;887,6;887,6;887,3;173;27,2;3,5;29,9;27,2;3,5;2,5;22;17;22;80;7,3;2;
2024/09/06;2200 UTC;0;888,2;888,2;887,6;;25;3,6;27,2;25;3,7;3,4;25;22;25;80;4,1;2,8;
2024/09/06;2300 UTC;0;889,1;889,1;888,2;;24,7;3,6;25,6;24,7;3,6;3,3;25;24;25;84;4,9;3,1;
2024/09/07;0000 UTC;0;889,8;889,8;889,1;;24,7;4,2;24,8;24,2;4,2;3,6;27;25;27;80;5,1;3,4;
2024/09/07;0100 UTC;0;890,2;890,2;889,7;;23,6;4,6;24,7;23,5;4,7;4,2;30;27;29;87;5;2,9;
2024/09/07;0200 UTC;0;890,5;890,5;890,2;;23,5;4,1;23,8;23,3;4,6;4,1;30;28;28;87;5;2,9;
2024/09/07;0300 UTC;0;890,1;890,5;890,1;;22,9;3,5;23,5;22,9;4,1;3,5;29;28;28;89;5,2;3;
2024/09/07;0400 UTC;0;889,5;890,1;889,5;;22,7;2,6;22,9;21,1;3,4;2,6;31;27;27;89;4,2;2,5;
2024/09/07;0500 UTC;0;889;889,5;889;;21,7;2,2;22,7;21,5;2,7;2,1;29;26;28;78;5,5;2,9;
2024/09/07;0600 UTC;0;888,7;889;888,7;;21,7;2;22,8;21,5;2,3;1,8;28;25;27;99;5,6;2,8;
2024/09/07;0700 UTC;0;888,7;888,8;888,7;;21,4;1,8;21,8;21,2;2;1,8;28;27;27;88;6,6;4;
2024/09/07;0800 UTC;0;889,1;889,1;888,6;;21;1,4;21,6;21;1,8;1,3;28;27;27;83;6,6;3,3;
2024/09/07;0900 UTC;0;889,7;889,7;889,1;;19,5;1,8;21;19;1,8;1,3;31;27;31;81;5,1;3,1;
2024/09/07;1000 UTC;0;890,6;890,6;889,7;115,1;20,2;2,8;20,3;19,3;2,8;1,7;32;30;32;84;5,3;3,7;
2024/09/07;1100 UTC;0;891,1;891,2;890,6;598,4;21,8;5,2;21,9;20,2;5,3;2,8;36;32;34;71;5,9;2,9;
2024/09/07;1200 UTC;0;891,8;891,8;891,1;1553,2;24,9;5,5;25,5;21,7;6;5,2;34;28;29;61;9,8;4,8;
2024/09/07;1300 UTC;0;892;892;891,7;2271,5;25,9;5,8;26,1;24,6;6,3;5,3;30;27;28;80;10,2;4,4;
2024/09/07;1400 UTC;0;891,6;892;891,5;3001,1;27,4;5,2;28,4;25,6;5,9;4,8;28;23;24;64;10,7;4,7;
2024/09/07;1500 UTC;0;890,9;891,5;890,9;3110;28,4;1,8;29,3;27,3;5,7;1,8;25;18;18;90;11,1;4,8;
2024/09/07;1600 UTC;0;890,1;891;890,1;3147,9;28,8;2,9;30,1;28,3;3,8;1,6;20;17;19;94;12,2;5,2;
2024/09/07;1700 UTC;0;889,2;890,1;889,2;2575,3;29,5;1;30;28,4;3,8;1;20;16;16;97;11,3;4,3;
2024/09/07;1800 UTC;0;888,4;889,2;888,4;2530,8;29,6;,3;30,3;28,6;1,8;-,1;17;14;15;90;11,4;6,1;
2024/09/07;1900 UTC;0;888,3;888,5;888,1;2017;29,5;-1,2;30,3;29,3;,6;-1,4;15;13;14;97;11;4,6;
2024/09/07;2000 UTC;0;888,6;888,6;888,2;1231,3;28,8;-3;29,9;28,7;-1;-3,1;14;12;12;101;10,1;4,9;
2024/09/07;2100 UTC;0;889;889;888,5;363,2;26,6;-1,3;28,8;26,6;-1,3;-3,1;16;12;16;93;10,1;2,5;
2024/09/07;2200 UTC;0;889,6;889,6;889;;24,1;1,3;26,6;23,9;1,3;-1,3;23;16;22;93;5,1;2,3;
2024/09/07;2300 UTC;0;890,3;890,3;889,6;;23,1;1,7;24,1;23;1,7;1,2;25;22;25;98;5,9;2,8;
2024/09/08;0000 UTC;0;891;891;890,3;;22,2;1,6;23,1;21,9;1,9;1,6;27;24;26;92;5;3,1;
2024/09/08;0100 UTC;0;891,5;891,5;891;;21,2;2,3;22,4;21,2;2,3;1,5;29;26;29;97;7,1;3,9;
2024/09/08;0200 UTC;0;891,8;891,8;891,5;;20,3;2,4;21,2;20,2;2,4;2,3;31;29;31;94;7;3,4;
2024/09/08;0300 UTC;0;891,7;891,9;891,7;;20,4;2,1;21;20,2;2,4;2;31;29;30;87;6,3;3,1;
2024/09/08;0400 UTC;0;891,2;891,8;891,2;;19,8;3;20,5;19,8;3;2,1;33;30;33;94;5,4;2,9;
2024/09/08;0500 UTC;0;890,7;891,2;890,6;;19,2;3,8;20;19,1;3,8;3;36;33;36;83;5,5;3,3;
2024/09/08;0600 UTC;0;890,4;890,7;890,4;;18,9;5,4;19,3;18,7;5,4;3,8;41;36;41;85;5,7;3,7;
2024/09/08;0700 UTC;0;890,5;890,5;890,4;;18,2;6,5;18,8;18,1;6,7;5,5;47;41;47;95;5,9;2,9;
2024/09/08;0800 UTC;0;890,9;890,9;890,5;;17,4;7;18,2;17,4;7,1;6,5;50;47;50;89;5,3;3;
2024/09/08;0900 UTC;0;891,4;891,4;890,9;;16;7,2;17,4;16;7,3;6,9;56;50;56;81;5;2,8;
2024/09/08;1000 UTC;0;892,1;892,1;891,4;109,8;16,5;7,6;16,5;15,6;7,6;7,1;58;55;56;78;4,5;2,4;
2024/09/08;1100 UTC;0;892,7;892,7;892,1;733,5;19,8;7,8;20;16,5;8;7,5;56;45;46;92;5,8;2,3;
2024/09/08;1200 UTC;0;893,1;893,1;892,7;1626;23,3;7,9;23,3;19,7;8,6;7,8;47;37;37;82;7;2,6;
2024/09/08;1300 UTC;0;893,4;893,4;893;2454,4;24,7;6,4;25;22,7;7,8;6,4;38;31;31;70;8,5;5,2;
2024/09/08;1400 UTC;0;893,2;893,5;893,1;3082,6;27;5,8;27;24,6;7,4;4,6;32;24;26;77;10,7;5,4;
2024/09/08;1500 UTC;0;892,6;893,2;892,5;3338;28,7;3,4;28,7;26,3;6,2;2,8;27;20;20;92;13,6;6,3;
2024/09/08;1600 UTC;0;891,8;892,6;891,7;3277,7;28,5;2,4;29,4;27,6;3,2;-,2;20;16;19;82;14,9;7,1;
2024/09/08;1700 UTC;0;891;891,8;890,9;3015,9;28,7;2,8;29,6;28,1;3,1;,4;19;16;19;105;13,1;6,1;
2024/09/08;1800 UTC;0;890,4;891;890,3;2489,2;29,6;1;30;28,5;3,9;0;19;15;16;106;11,9;5;
2024/09/08;1900 UTC;0;890;890,3;889,9;1868,1;29,2;-,3;29,9;28,7;1,6;-1;17;14;15;94;10,9;4,1;
2024/09/08;2000 UTC;0;890,2;890,2;889,9;1122,9;28,1;-1,3;29,2;28,1;-,5;-1,9;15;14;15;101;11,5;5;
2024/09/08;2100 UTC;0;890,6;890,6;890,1;326,6;25,8;-,4;28,2;25,8;-,4;-1,8;18;14;18;85;11,5;2,9;
2024/09/08;2200 UTC;0;891;891;890,6;;23,5;-,1;25,9;23,5;-,1;-,9;21;18;21;92;5,7;1,9;
2024/09/08;2300 UTC;0;891,5;891,5;891;;22,4;1,2;23,5;22,4;1,2;-,1;25;21;25;99;6,7;3,7;
2024/09/09;0000 UTC;0;892;892;891,5;;21,4;1,5;22,4;21,3;1,6;1,3;27;25;27;92;6,5;3,7;
2024/09/09;0100 UTC;0;892,3;892,3;892;;21;1,8;21,6;20,9;1,8;1,5;28;27;28;90;6,5;3,2;
2024/09/09;0200 UTC;0;892,3;892,4;892,3;;20,1;2,1;21;19,8;2,2;1,8;31;28;30;87;5,6;2,7;
2024/09/09;0300 UTC;0;891,8;892,3;891,8;;19,6;1,9;20,3;19,4;2,2;1,8;31;30;31;86;5,1;2,5;
2024/09/09;0400 UTC;0;891,1;891,8;891,1;;20,1;1,4;20,2;18,3;1,8;1,3;33;29;29;80;5,3;3,4;
2024/09/09;0500 UTC;0;890,6;891,1;890,6;;20;1,7;20,6;20;1,7;1,3;30;28;30;72;7,1;3,9;
2024/09/09;0600 UTC;0;890,4;890,6;890,4;;19,1;2,1;20,3;19;2,1;1,6;32;29;32;65;6,7;3,5;
2024/09/09;0700 UTC;0;890,1;890,5;890,1;;17,3;2,6;19,1;17,1;2,6;2,1;38;32;37;62;5,7;3,2;
2024/09/09;0800 UTC;0;890,2;890,3;890;;18,9;2,7;18,9;17,3;2,7;2,5;38;34;34;72;6,9;3,8;
2024/09/09;0900 UTC;0;890,7;890,7;890,2;;18,5;2,9;19,1;17,7;2,9;2,5;37;33;35;73;6,9;3,8;
2024/09/09;1000 UTC;0;891,4;891,4;890,7;120,9;19,4;5,5;19,4;18,2;5,5;2,9;40;35;40;73;8,6;5,4;
2024/09/09;1100 UTC;0;891,9;891,9;891,4;833;21,6;6,9;21,6;19,4;6,9;5,5;40;38;39;59;10,5;5,9;
2024/09/09;1200 UTC;0;892,4;892,5;891,8;1774,7;23,2;6,5;23,8;21,5;7,2;6,4;39;33;34;59;10,5;4,8;
2024/09/09;1300 UTC;0;892,7;892,8;892,4;2623,1;24,6;5,5;25,1;23,3;7;5,2;34;28;29;53;10,6;6,3;
2024/09/09;1400 UTC;0;892,3;892,8;892,3;3263,1;26,7;4,2;27;24,6;5,6;3,3;29;23;24;59;11,2;4,4;
2024/09/09;1500 UTC;0;891,6;892,3;891,6;3499,4;28,5;2,3;29,1;26;4,6;,5;24;17;19;71;11,1;5,5;
2024/09/09;1600 UTC;0;890,6;891,7;890,6;3408,3;29,4;1;29,8;27;2,7;-,1;20;15;16;79;10,9;4;
2024/09/09;1700 UTC;0;889,7;890,6;889,7;3170,8;30,9;-,3;30,9;28,9;1,2;-1,3;16;13;13;42;10;4,7;
2024/09/09;1800 UTC;0;889;889,7;889;2722,3;30,1;,3;30,9;29,1;,8;-1,6;15;13;15;39;9,2;3,5;
2024/09/09;1900 UTC;0;888,8;889;888,7;2054,7;29,9;,5;30,5;29,3;,7;-1,1;15;13;15;68;7,6;4;
2024/09/09;2000 UTC;0;888,8;888,8;888,6;1242,1;28,4;-,2;29,9;28,4;,7;-,4;16;14;16;89;7,6;3,7;
2024/09/09;2100 UTC;0;889,3;889,3;888,8;345,9;26,5;,7;28,6;26,5;1;-,8;19;15;19;103;7,6;2,6;
2024/09/09;2200 UTC;0;889,9;889,9;889,3;;24;1,2;26,5;23,9;1,2;,6;23;18;23;99;5,3;2,9;
2024/09/09;2300 UTC;0;890,3;890,3;889,9;;22,8;1,1;24;22,8;1,4;1,1;24;23;24;94;6;3,1;
2024/09/10;0000 UTC;0;890,7;890,7;890,3;;21,5;1,2;22,9;21,4;1,3;,9;26;23;26;84;5,8;3,3;
2024/09/10;0100 UTC;0;891;891;890,7;;20,9;1,3;21,6;20,7;1,4;1,1;28;26;27;91;5,6;3,5;
2024/09/10;0200 UTC;0;891,2;891,3;891;;20,3;1,5;20,9;20,3;1,6;1,2;29;27;29;97;5,6;3,3;
2024/09/10;0300 UTC;0;890,9;891,2;890,9;;20;1,8;20,4;19,7;1,8;1,6;30;29;30;97;5,8;3,2;
2024/09/10;0400 UTC;0;890,5;890,9;890,5;;19,2;2;20;19,2;2,1;1,8;32;30;32;91;5,9;2,7;
2024/09/10;0500 UTC;0;890;890,5;890;;19,3;2,1;19,5;18,9;2,2;2;33;31;32;102;5,7;3,5;
2024/09/10;0600 UTC;0;889,8;890;889,7;;18,7;2,5;19,6;18,7;2,5;2,1;34;31;34;100;6,1;3,2;
2024/09/10;0700 UTC;0;889,8;889,9;889,8;;18,6;3,6;19;18,2;3,6;2,5;37;34;37;87;5,6;3,1;
2024/09/10;0800 UTC;0;890;890;889,8;;18,5;4,5;18,7;18,4;4,5;3,6;40;37;40;94;5,3;3,5;
2024/09/10;0900 UTC;0;890,5;890,5;890;;17,6;4,8;18,5;17,5;4,8;4,5;43;40;43;105;6,3;2,7;
2024/09/10;1000 UTC;0;891,3;891,3;890,5;121,9;19,1;4,9;19,1;17,6;4,9;4,7;43;39;39;96;4,6;2,6;
2024/09/10;1100 UTC;0;891,7;891,7;891,3;847,1;22,9;5,1;23;19,1;5,5;4,9;39;31;32;82;6,3;3,4;
2024/09/10;1200 UTC;0;892;892,1;891,7;1804,5;24,7;5,5;24,9;22,8;5,9;4,9;32;29;29;82;8,8;4,2;
2024/09/10;1300 UTC;0;892,2;892,3;892,1;2636,1;25,8;4,4;26,4;24,5;6,3;4,2;30;25;25;33;8,8;3,8;
2024/09/10;1400 UTC;0;891,9;892,3;891,8;3244,8;26,4;3,9;27,1;25,3;4,5;2,8;25;22;24;7;8,8;3,6;
2024/09/10;1500 UTC;0;891,1;891,9;891,1;3441,4;27,4;4,7;27,9;26;5,7;3,6;25;22;24;84;7,5;3,2;
2024/09/10;1600 UTC;0;889,8;891,1;889,8;3350,6;28,8;4,9;29,1;26,5;5,9;4,2;25;21;22;66;7,1;2,8;
2024/09/10;1700 UTC;0;888,7;889,8;888,7;3131;29,5;4,4;29,8;27,6;5,4;2,9;23;19;20;54;8,5;3,5;
2024/09/10;1800 UTC;0;887,7;888,7;887,7;2688,3;28,6;4,4;29,9;28,3;5,3;3,5;22;20;21;34;8,7;2,6;
2024/09/10;1900 UTC;0;887,5;887,7;887,4;2036,1;28,9;4,7;29,7;28,6;5,4;3,7;22;20;21;48;8,3;3,4;
2024/09/10;2000 UTC;0;887,7;887,7;887,4;1249,7;28,1;5,4;29;28,1;5,7;4,7;24;21;24;67;8,3;2,7;
2024/09/10;2100 UTC;0;888;888;887,7;371,8;25,5;6,2;28,2;25,5;6,2;5,2;29;24;29;57;6,9;2,6;
2024/09/10;2200 UTC;0;888,6;888,6;888;;23;6,8;25,5;23;6,8;6,3;35;29;35;61;4,1;2,6;
2024/09/10;2300 UTC;0;889,2;889,2;888,6;;22,1;7,4;23,3;22,1;7,5;6,8;39;35;39;68;4,4;2,6;
2024/09/11;0000 UTC;0;889,7;889,7;889,2;;21,9;8,1;22,4;21,5;8,2;7,4;42;39;41;77;4,3;2,3;
2024/09/11;0100 UTC;0;889,9;890,1;889,7;;21,6;7,9;22,4;21,6;8,2;7,7;41;39;41;91;5,9;2,8;
2024/09/11;0200 UTC;0;890;890;889,9;;21,2;7,3;21,7;20,5;7,9;7,3;43;40;40;80;5,5;3,1;
2024/09/11;0300 UTC;0;889,7;890;889,7;;21,1;7;21,3;20,3;7,3;7;43;40;40;86;5,4;3,5;
2024/09/11;0400 UTC;0;889,2;889,7;889,2;;20,2;6,8;21,1;20,2;7,1;6,8;42;40;42;84;5,3;2,7;
2024/09/11;0500 UTC;0;888,8;889,2;888,8;;19,4;7,3;20,2;18,1;7,4;6,7;49;42;45;83;5,1;2,5;
2024/09/11;0600 UTC;0;888,7;888,8;888,7;;19,6;7,4;20,2;19,2;7,5;7,2;46;43;45;81;5,7;3,4;
2024/09/11;0700 UTC;0;888,7;888,7;888,6;;19,4;7,3;20,1;19,4;7,4;7,2;45;44;45;87;6,5;2,9;
2024/09/11;0800 UTC;0;888,9;888,9;888,7;;19,2;7,3;19,4;19;7,4;7,3;47;45;46;84;6,9;4,1;
2024/09/11;0900 UTC;0;889,6;889,6;888,9;;18,7;7,4;19,2;18,2;7,5;7,3;49;46;48;98;6,2;3,1;
2024/09/11;1000 UTC;0;890,5;890,5;889,6;129,1;19,7;7,8;19,7;18,1;7,8;7,4;50;46;46;95;5,5;3,1;
2024/09/11;1100 UTC;0;891,2;891,2;890,5;841,1;22,5;7,4;22,5;19,7;8,1;7,3;46;38;38;75;6,9;4;
2024/09/11;1200 UTC;0;891,9;891,9;891,2;1788,4;24,5;6,8;24,8;22,5;7,4;6,7;38;32;32;71;8,4;3,9;
2024/09/11;1300 UTC;0;892,1;892,1;891,9;2622;25,1;6,6;26,5;24,3;7,4;6,1;33;29;31;87;7,9;3,6;
2024/09/11;1400 UTC;0;891,6;892,2;891,6;3230,5;26,4;6,3;26,9;24,8;7;5,9;31;27;28;96;8,1;2,5;
2024/09/11;1500 UTC;0;890,9;891,6;890,9;3451,5;27,1;6;27,3;26,2;6,8;5,1;28;25;26;56;7,3;3,2;
2024/09/11;1600 UTC;0;889,5;890,9;889,5;3349,7;29;6,3;29;26,3;6,3;4,9;27;23;24;74;8,5;1,8;
2024/09/11;1700 UTC;0;888,6;889,5;888,6;3093,4;29,7;5,5;29,8;27,7;6,2;4,1;24;20;22;79;6,8;2;
2024/09/11;1800 UTC;0;888;888,6;888;2612,5;29,2;2,1;29,9;28,6;5,7;,9;23;16;18;64;10,2;3,9;
2024/09/11;1900 UTC;0;887,8;888;887,8;2062,1;29,1;2,5;29,7;28,7;3,8;,9;20;16;18;63;9,2;3,7;
2024/09/11;2000 UTC;0;888,1;888,1;887,8;1129,8;28;4,1;29,4;27,9;4,6;2,4;22;18;22;55;7,6;3,9;
2024/09/11;2100 UTC;0;888,4;888,4;888,1;381,3;25,7;5,8;28;25,7;5,9;4,2;28;22;28;81;7,2;2,4;
2024/09/11;2200 UTC;0;889,3;889,3;888,4;,3;24,4;6,2;25,7;24,4;6,3;5,8;31;28;31;89;4,2;2,6;
2024/09/11;2300 UTC;0;890,2;890,2;889,3;;23,2;6,4;24,4;22,9;6,4;6;34;31;34;107;4,9;2,1;
2024/09/12;0000 UTC;0;890,6;890,6;890,2;;22,1;6,8;23,5;21,9;6,9;6,4;38;33;37;86;4,2;2,6;
2024/09/12;0100 UTC;0;890,8;890,8;890,6;;21,7;6,3;22,5;21,6;6,8;6,1;37;35;37;82;5,3;2,9;
2024/09/12;0200 UTC;0;890,7;890,9;890,7;;21,3;6,5;21,8;21;6,6;6,2;39;37;38;79;4,9;2;
2024/09/12;0300 UTC;0;890,4;890,8;890,4;;21,8;6,1;21,8;21;6,6;6,1;39;36;36;80;6,2;3,9;
2024/09/12;0400 UTC;0;889,9;890,5;889,9;;21,2;5,6;22;21,2;6,3;5,6;38;36;36;79;7,9;4,2;
2024/09/12;0500 UTC;0;889,6;889,9;889,6;;20,7;5,2;21,3;20,7;5,6;5,2;36;35;36;76;8,4;4,2;
2024/09/12;0600 UTC;0;889,3;889,6;889,3;;20,7;4,9;21;20,3;5,3;4,9;37;36;36;79;8;3,8;
2024/09/12;0700 UTC;0;889,5;889,6;889,3;;20,5;4,7;20,8;20,2;4,9;4,7;36;35;36;80;7,2;3,9;
2024/09/12;0800 UTC;0;889,9;889,9;889,5;;20,4;4,7;20,6;20,1;4,7;4,6;36;35;36;73;7,4;3,9;
2024/09/12;0900 UTC;0;890,3;890,3;889,8;;20,4;5,9;20,5;20,1;5,9;4,6;39;35;39;78;7,9;4,5;
2024/09/12;1000 UTC;0;890,9;890,9;890,3;133,5;21,1;6,2;21,1;20,2;6,2;5,7;39;37;38;81;9,1;4,2;
2024/09/12;1100 UTC;0;891,6;891,6;890,9;860,1;23,2;7;23,2;21,1;7,1;6,2;39;35;35;62;9,3;4,5;
2024/09/12;1200 UTC;0;892,1;892,1;891,6;1807,4;24,8;7,2;25,2;23,3;7,5;6,8;35;32;32;74;9;4,2;
2024/09/12;1300 UTC;0;892,4;892,4;892,1;2630,3;27;6,8;27,4;24,8;7,8;6,5;33;27;28;71;8,1;3,6;
2024/09/12;1400 UTC;0;892;892,4;892;3218,1;27,3;5,2;28,7;26,8;7,3;5,2;29;24;24;15;6,1;2,2;
2024/09/12;1500 UTC;0;891;892;891;3428;29,4;5,6;29,5;27;6,2;4,6;25;22;22;302;6;3,4;
2024/09/12;1600 UTC;0;890;891;890;3441,6;29,8;5;30,8;28,6;6,2;4,4;23;20;21;296;7,8;2,6;
2024/09/12;1700 UTC;0;888,9;890;888,9;3086,2;30;4,2;30,8;29;5,5;3,8;22;19;19;5;6,6;1,6;
2024/09/12;1800 UTC;0;888,1;889;888,1;2777,6;30;3,3;31,5;29,5;5,2;3,2;20;18;18;282;10,4;3,2;
2024/09/12;1900 UTC;0;887,9;888,1;887,8;2074,7;31;1,3;31,6;30;3,7;1;18;15;15;330;6,5;2,7;
2024/09/12;2000 UTC;0;888,1;888,1;887,8;1254,6;29,8;3,2;31,2;29,8;3,2;,1;18;14;18;7;6,5;3;
2024/09/12;2100 UTC;0;888,5;888,5;888,1;376,1;27,7;4,5;29,8;27,7;4,5;3,1;23;18;23;345;5,5;1,2;
2024/09/12;2200 UTC;0;888,9;888,9;888,5;;25,2;6,5;27,8;25,2;6,7;4,4;30;23;30;83;4,1;2,5;
2024/09/12;2300 UTC;0;889,5;889,5;888,9;;22,9;6,7;25,2;22,8;6,7;6,4;35;30;35;44;6,5;2;
2024/09/13;0000 UTC;0;889,8;889,8;889,5;;22,6;6,5;23,7;22,6;6,8;6,4;36;33;35;51;3,8;2,3;
2024/09/13;0100 UTC;0;890;890;889,8;;22,3;7,3;22,8;21,2;7,4;6,4;41;35;38;360;3,5;,3;
2024/09/13;0200 UTC;0;890,2;890,3;890;;21,8;7,5;22,5;21,3;7,5;6,9;40;37;40;41;3,4;1,2;
2024/09/13;0300 UTC;0;889,6;890,2;889,6;;21,4;7,7;21,8;20,8;8;7,5;43;40;41;73;4,4;2;
2024/09/13;0400 UTC;0;889,3;889,7;889,3;;20,1;8;21,4;20,1;8;7,7;45;41;45;34;4,1;1,8;
2024/09/13;0500 UTC;0;888,6;889,3;888,6;;19,3;7,7;20,5;19,3;8,1;7,7;47;45;47;50;4,1;2,8;
2024/09/13;0600 UTC;0;888,6;888,6;888,5;;19,5;7,5;20;18,5;8;7,5;50;45;46;38;4,1;1,9;
2024/09/13;0700 UTC;0;888,7;888,7;888,6;;19,4;7,5;19,9;19,1;7,6;7,4;47;44;46;46;5;3,3;
2024/09/13;0800 UTC;0;889,1;889,1;888,7;;19,8;7;20,9;19,2;7,5;6,9;47;41;43;48;6,7;3,8;
2024/09/13;0900 UTC;0;889,7;889,7;889,1;;20,2;7;20,7;19,3;7,2;7;45;41;42;58;7,6;4,3;
2024/09/13;1000 UTC;0;890,4;890,4;889,7;139,4;21,6;7,4;21,6;20;7,5;7,1;43;40;40;52;8,9;4,8;
2024/09/13;1100 UTC;0;891,2;891,2;890,4;832,2;23,7;7,4;23,9;21,5;8,1;7,4;40;35;35;53;9,2;4,9;
2024/09/13;1200 UTC;0;891,6;891,6;891,2;1748,7;25,4;7,3;25,8;23,7;7,8;7,3;36;31;32;64;9,9;5,2;
2024/09/13;1300 UTC;0;891,9;892;891,6;2568,9;26,9;6,7;28,4;25,3;7,9;6,7;32;27;28;49;9,7;4,6;
2024/09/13;1400 UTC;0;891,3;892;891,3;3173,6;29,1;7,1;29,4;26,8;7,9;6,6;29;25;25;68;8,6;3;
2024/09/13;1500 UTC;0;890,5;891,3;890,4;2938,3;29,7;6,3;30,1;27,7;7,6;5,8;26;23;23;73;7,5;3,1;
2024/09/13;1600 UTC;0;889,5;890,5;889,5;2300,2;28,9;6,1;31,3;28,4;7,1;5,1;24;20;24;47;7,3;1,5;
2024/09/13;1700 UTC;0;888,7;889,5;888,7;2062,1;30;5,4;31,6;28,8;7,3;5,4;25;21;21;129;6,5;2,7;
2024/09/13;1800 UTC;0;887,8;888,7;887,8;2594,4;31,4;5;31,7;29;6,2;3,8;23;18;19;154;7,5;2,2;
2024/09/13;1900 UTC;0;887,7;887,8;887,6;1443,9;29,5;5,1;31,4;28,9;5,5;4,1;22;19;21;75;6,8;2,6;
2024/09/13;2000 UTC;0;887,8;887,9;887,6;1102,2;29,5;4,7;30,5;28,9;5,3;3,7;22;19;21;79;7,5;3,4;
2024/09/13;2100 UTC;0;888,5;888,5;887,8;326,7;27;7;29,5;26,9;7;4,9;28;21;28;82;7,5;2;
2024/09/13;2200 UTC;0;888,8;888,8;888,4;;25;7,3;27;24,9;7,3;7;32;28;32;83;4,4;2,5;
2024/09/13;2300 UTC;0;889,3;889,3;888,8;;23,6;7,4;25;23,5;7,5;7,2;36;32;35;77;3,9;2,5;
2024/09/14;0000 UTC;0;889,8;889,8;889,2;;22,7;7;23,7;22,7;7,4;7;36;35;36;76;5;2,6;
2024/09/14;0100 UTC;0;890,2;890,2;889,8;;22,4;7;22,9;22;7,4;6,9;39;36;37;63;4,6;2,9;
2024/09/14;0200 UTC;0;890,2;890,4;890,2;;21,7;6,6;23,1;21,7;7;6,3;38;35;37;75;6,3;3,5;
2024/09/14;0300 UTC;0;889,9;890,2;889,9;;21,7;6,6;22,5;21,7;6,6;6,3;38;35;38;75;7,4;3,6;
2024/09/14;0400 UTC;0;889,5;889,9;889,5;;21,3;6,6;21,9;21,2;6,7;6,6;39;37;39;64;6,9;3,9;
2024/09/14;0500 UTC;0;888,8;889,5;888,8;;20,6;6,7;21,5;20,6;6,7;6,5;41;38;41;55;6,9;3,5;
2024/09/14;0600 UTC;0;888,7;888,8;888,6;;20,3;6,8;20,6;19,9;6,9;6,7;43;41;41;22;6,3;2,2;
2024/09/14;0700 UTC;0;888,6;888,7;888,6;;19,2;6,8;20,7;18,8;6,9;6,6;46;40;44;48;7,1;3;
2024/09/14;0800 UTC;0;888,8;888,8;888,6;;19,3;6,8;19,6;18,6;7;6,7;46;44;44;41;6,2;2,5;
2024/09/14;0900 UTC;0;889,2;889,2;888,8;;20,1;6,3;20,3;18,9;6,8;6,3;45;40;41;42;7,7;4,4;
2024/09/14;1000 UTC;0;889,6;889,6;889,1;139,3;20,7;6,4;20,7;19,5;6,6;6,3;43;39;39;20;7,7;2,4;
2024/09/14;1100 UTC;0;890,3;890,4;889,6;834,5;24;5,6;24,2;20,7;6,6;5,6;40;30;30;49;6,2;3,3;
2024/09/14;1200 UTC;0;891,1;891,1;890,3;1774,7;26,1;4,9;26,4;24;5,9;4,4;31;25;26;62;10,8;5,5;
2024/09/14;1300 UTC;0;891,3;891,3;891,1;2605,3;27,5;5,2;27,7;25,8;5,8;4,7;26;24;24;53;9,5;4,2;
2024/09/14;1400 UTC;0;891,1;891,4;891;3193;28,3;5,7;29,2;27;6,3;5,1;25;23;24;87;8;2,8;
2024/09/14;1500 UTC;0;890,4;891,1;890,4;3393,4;29,4;5,3;30,1;28,1;6,6;5,1;24;21;22;63;8;2,9;
2024/09/14;1600 UTC;0;889,4;890,4;889,4;2802,5;29,6;5,5;31,1;28,5;6,2;4,7;23;20;22;142;6,8;2,5;
2024/09/14;1700 UTC;0;888,6;889,4;888,6;2602;30,1;4,6;31,3;29;6,1;4,2;22;19;20;148;7,4;2,8;
2024/09/14;1800 UTC;0;887,8;888,6;887,8;2264,6;31,1;5,3;31,1;29,1;5,6;4;21;19;20;128;7,7;2,1;
2024/09/14;1900 UTC;0;887,6;887,8;887,6;1598,2;29,7;5,2;31,4;29,5;5,5;4,2;22;19;21;110;6,1;1,8;
2024/09/14;2000 UTC;0;887,7;887,7;887,5;1119,7;30,1;4,8;30,7;29,7;5,5;4,3;21;19;20;112;6;2,6;
2024/09/14;2100 UTC;0;888,1;888,1;887,7;269,3;27,6;5,2;30,1;27,6;5,2;4,4;24;20;24;97;6;1,6;
2024/09/14;2200 UTC;0;888,7;888,7;888,1;;25,7;5,8;27,6;25,5;5,8;5,2;28;24;28;90;4,8;2,4;
2024/09/14;2300 UTC;0;889,2;889,2;888,7;;24,6;6,1;25,7;24,5;6,2;5,7;31;28;30;90;5,2;3;
2024/09/15;0000 UTC;0;889,6;889,6;889,2;;24,3;5,9;24,8;24,3;6,1;5,9;31;30;31;92;7,1;4,3;
2024/09/15;0100 UTC;0;890,2;890,2;889,6;;23,5;5,8;24,4;23,5;6;5,8;32;30;32;78;7,3;3,8;
2024/09/15;0200 UTC;0;890,3;890,4;890,2;;22,3;6,1;23,6;22,3;6,2;5,8;35;32;35;75;6,9;3,5;
2024/09/15;0300 UTC;0;890,1;890,4;890,1;;20,9;5,8;22,3;20,9;6,1;5,8;38;35;37;67;5,8;2,8;
2024/09/15;0400 UTC;0;889,6;890,1;889,6;;20,1;5,8;21,1;19,7;6,1;5,7;40;37;39;41;4,2;2,8;
2024/09/15;0500 UTC;0;889;889,7;889;;21,4;4,4;21,9;20;5,8;4,4;39;32;33;48;5,9;3;
2024/09/15;0600 UTC;0;888,8;889;888,7;;21;4,7;21,7;20;4,7;4,4;36;32;34;21;5,9;2,1;
2024/09/15;0700 UTC;0;889;889;888,7;;21;4,8;22,3;21;5;4,5;35;32;35;49;8,4;3,6;
2024/09/15;0800 UTC;0;889,3;889,3;889;;18,2;6;21;18,2;6;4,7;45;35;45;52;8,4;3,1;
2024/09/15;0900 UTC;0;889,5;889,6;889,3;;18,8;6,8;18,8;17,9;6,8;6;47;45;46;46;5;3,6;
2024/09/15;1000 UTC;0;890,5;890,5;889,5;140,7;21,2;7;21,2;18,2;7,1;6,6;47;40;40;47;5,2;3,4;
2024/09/15;1100 UTC;0;891;891,1;890,5;847,7;24,1;6,5;24,2;21,2;7,1;6,5;40;32;32;49;8,2;5,2;
2024/09/15;1200 UTC;0;891,5;891,5;890,9;1761,7;26;5,9;26,3;24,1;6,8;5,9;32;28;28;45;9,6;5,3;
2024/09/15;1300 UTC;0;891,4;891,6;891,4;2586,3;27,6;4,7;28,2;25,7;6,2;4,1;28;23;23;63;9,5;5;
2024/09/15;1400 UTC;0;891;891,6;891;3191,2;29;4,7;29;27,2;5,3;4,3;24;21;21;71;9,5;4,1;
2024/09/15;1500 UTC;0;890,3;891;890,3;3384,5;30,2;4;30,4;28,2;5,6;3,7;22;19;19;67;10,6;3,4;
2024/09/15;1600 UTC;0;889,2;890,3;889,2;3301,6;31,3;3,7;31,3;29,5;4,5;2,2;20;16;18;37;9,3;1,5;
2024/09/15;1700 UTC;0;888,3;889,2;888,3;3054;30,8;-,4;31,9;30,1;2,6;-,9;17;13;13;195;8,2;1,2;
2024/09/15;1800 UTC;0;887,4;888,3;887,4;2538,4;31,1;-,1;31,8;30,8;1,1;-,4;14;13;13;67;6,9;2,8;
2024/09/15;1900 UTC;0;887;887,4;887;1894,9;31,4;-1,2;31,9;30,6;,2;-2,7;14;11;12;90;7;2,7;
2024/09/15;2000 UTC;0;887,4;887,4;887;1129,8;30,2;-2,5;31,6;30,2;-,7;-2,9;13;11;12;100;6,7;3,1;
2024/09/15;2100 UTC;0;888;888;887,3;302,9;28;-3;30,2;28;-2,6;-3,4;13;11;13;108;5,7;1,9;
2024/09/15;2200 UTC;0;888,6;888,6;888;;25,7;-,5;28;25,5;-,5;-3,1;18;13;18;92;4,8;2,8;
2024/09/15;2300 UTC;0;889,3;889,3;888,6;;23,5;,9;25,7;23,5;,9;-,6;23;18;23;71;5;1,5;
2024/09/16;0000 UTC;0;889,8;889,8;889,3;;22,3;1,9;23,5;21,3;2;1;28;23;26;68;5,1;2,6;
2024/09/16;0100 UTC;0;890,1;890,1;889,8;;21,9;2,8;22,8;21,6;2,8;1,8;29;26;29;63;4,1;2,4;
2024/09/16;0200 UTC;0;890,2;890,2;890,1;;22,3;3,6;22,4;21,3;3,7;2,8;30;29;29;74;5,1;2,9;
2024/09/16;0300 UTC;0;889,9;890,2;889,9;;21,4;3,6;22,9;21,3;3,7;3,5;31;28;31;73;5,6;2,5;
2024/09/16;0400 UTC;0;889,3;889,9;889,3;;20,7;3,6;22;20,6;3,8;3,5;33;30;32;71;4,3;2,2;
2024/09/16;0500 UTC;0;888,7;889,3;888,7;;20,8;4,2;21,8;20,4;4,2;3,6;34;31;34;80;4,7;3,1;
2024/09/16;0600 UTC;0;888,4;888,7;888,4;;20,7;4,8;20,8;20;4,8;4,2;36;34;35;66;5;3,4;
2024/09/16;0700 UTC;0;888,6;888,6;888,4;;19,1;5,8;20,8;19;5,9;4,8;42;35;42;56;5,4;3,1;
2024/09/16;0800 UTC;0;888,8;888,8;888,5;;19,5;5,8;19,9;18,5;6;5,6;44;39;41;37;4,7;2,3;
2024/09/16;0900 UTC;0;889,3;889,3;888,7;;21,3;5,1;21,7;19,4;5,8;5,1;41;34;35;31;5,4;2,5;
2024/09/16;1000 UTC;0;890,1;890,1;889,3;143,6;22;5,7;22;20,3;5,7;5;38;34;35;34;4,1;2,2;
2024/09/16;1100 UTC;0;890,8;890,8;890,1;800,3;24,9;6,3;24,9;22;6,4;5,5;35;30;30;20;5,2;2,6;
2024/09/16;1200 UTC;0;891,3;891,3;890,8;1703,4;27,1;6,4;27,1;24,9;6,6;5,8;30;27;27;13;7,5;3,8;
2024/09/16;1300 UTC;0;891,7;891,7;891,3;2520;28,2;6,5;28,5;26,8;6,7;5,6;27;25;25;8;8,8;4,4;
2024/09/16;1400 UTC;0;891,5;891,8;891,5;3153,4;29,4;5,2;30;27,8;6,4;4,7;26;21;22;359;8,1;3,8;
2024/09/16;1500 UTC;0;890,7;891,6;890,7;3390,5;29,9;4;31,1;29;5,5;3,5;22;18;19;256;8,8;3,3;
2024/09/16;1600 UTC;0;889,8;890,7;889,8;3447,4;31,6;4,5;31,8;29,9;4,7;3,8;20;18;18;232;8,8;4,7;
2024/09/16;1700 UTC;0;889;889,8;889;3144,7;30,8;4,1;32,4;30,4;5;3,3;19;16;18;329;8,8;2,5;
2024/09/16;1800 UTC;0;888,4;889;888,4;2251,5;30,9;4,1;32,3;30,5;4,7;2,9;19;16;18;298;7,9;3,2;
2024/09/16;1900 UTC;0;888,3;888,4;888,1;1668;30,9;3,9;32,4;30,8;4,4;2,8;19;16;18;256;10,6;1,3;
2024/09/16;2000 UTC;0;888,4;888,4;888,2;912,4;30,5;4,1;31,9;30,5;4,7;2,9;19;16;19;187;4,5;2,2;
2024/09/16;2100 UTC;0;888,9;888,9;888,4;359,6;29,3;4,9;31,1;29,3;4,9;4;21;18;21;255;5,4;1,9;
2024/09/16;2200 UTC;0;889,3;889,3;888,9;0;27;5,3;29,3;27;5,8;4,9;25;21;25;183;3,3;0;
2024/09/16;2300 UTC;0;889,7;889,7;889,3;;26,9;5,7;27,1;26,5;6,1;5,4;27;25;26;168;2,2;,3;
2024/09/17;0000 UTC;0;890,3;890,3;889,7;;26,6;6,3;27;26,1;6,3;5,7;28;26;28;177;6,5;2,9;
2024/09/17;0100 UTC;0;890,7;890,7;890,3;;24,7;8,1;26,6;24,7;8,2;6,3;35;28;35;163;6,5;2,6;
2024/09/17;0200 UTC;0;890,7;890,8;890,7;;24;9,1;24,6;24;9,1;7,9;39;35;39;160;4,9;2,5;
2024/09/17;0300 UTC;0;890,4;890,7;890,4;;23,9;9,5;24;23,7;9,9;9,2;41;39;40;135;4,7;2;
2024/09/17;0400 UTC;0;889,8;890,4;889,8;;23,6;9,2;24,2;23,6;9,5;9,1;40;38;40;138;5,2;2,1;
2024/09/17;0500 UTC;0;889,1;889,8;889,1;;23,1;9,2;23,6;22,9;9,3;9,1;42;40;41;146;4,1;1,2;
2024/09/17;0600 UTC;0;888,6;889,1;888,6;;22,5;9;23,2;22,5;9,3;9;42;41;42;151;3,7;1,7;
2024/09/17;0700 UTC;0;888,5;888,7;888,4;;21,3;9,6;22,5;21,3;9,6;9;47;42;47;159;4;1,9;
2024/09/17;0800 UTC;0;888,4;888,5;888,4;;20,8;9,6;21,3;20,8;9,9;9,6;50;47;49;155;3,7;1,9;
2024/09/17;0900 UTC;0;889;889;888,4;;20,2;10,4;20,8;20;10,7;9,6;55;49;53;160;5;2,7;
2024/09/17;1000 UTC;0;889,8;889,8;889;126,7;20,4;10,5;20,4;20;10,5;10,3;54;53;53;159;5;2,6;
2024/09/17;1100 UTC;0;890,5;890,5;890,1;689,7;23,2;10,1;23,2;20,7;10,6;10,1;52;44;44;141;;1,8;
2024/09/17;1200 UTC;0;890,8;890,8;890,5;1649,4;26,6;8,6;26,8;23,1;10,5;8,4;44;32;32;105;6,8;2,9;
2024/09/17;1300 UTC;0;890,6;890,9;890,6;2442;29;8,3;29;26,4;8,7;7,3;33;27;28;58;5,8;3,1;
2024/09/17;1400 UTC;0;889,9;890,6;889,9;3028,8;30;6,3;30,5;28,7;8;6;27;22;23;1;9,2;3,3;
2024/09/17;1500 UTC;0;889,3;890;889,3;3259,7;30,8;5,1;32;29,5;6,8;5;23;19;20;294;7,5;2,8;
2024/09/17;1600 UTC;0;888,3;889,3;888,3;3325,8;32,6;5,5;32,6;30,3;5,7;4;21;18;18;13;7,3;2,6;
2024/09/17;1700 UTC;0;887,4;888,3;887,4;2204;30,8;5,4;33,2;30,8;5,8;4,6;20;17;20;39;6,9;2,3;
2024/09/17;1800 UTC;0;886,6;887,4;886,6;2391,3;32;5;33,4;30,7;6,1;4,5;21;17;18;137;5,8;1,5;
2024/09/17;1900 UTC;0;886,3;886,6;886,3;1090,8;31,2;5,4;32,6;31,2;5,6;4,6;20;18;20;75;5,4;1,3;
2024/09/17;2000 UTC;0;886,5;886,5;886,3;878,2;31,6;5,4;32,2;31,2;5,5;4,8;20;18;19;162;3,5;,6;
2024/09/17;2100 UTC;0;887;887;886,5;253,7;29,6;6,1;31,6;29,6;6,2;5;23;19;23;163;3;,9;
2024/09/17;2200 UTC;0;887,3;887,3;887;;27,5;6,5;29,6;27,5;6,9;6,1;27;23;26;144;2,1;,1;
2024/09/17;2300 UTC;0;887,7;887,7;887,3;;26,6;6,9;27,6;26,5;7,2;6,5;29;26;28;109;1,8;,4;
2024/09/18;0000 UTC;0;888,4;888,4;887,7;;24,9;6,7;27,1;24,7;6,9;6,4;32;27;31;76;3,7;2;
2024/09/18;0100 UTC;0;888,7;888,7;888,3;;24,3;7,3;26,5;24,3;7,3;6,6;34;28;34;240;3,2;0;
2024/09/18;0200 UTC;0;888,7;888,7;888,6;;25,1;6,6;25,2;24,3;7,3;6,6;34;31;31;88;1,7;,6;
2024/09/18;0300 UTC;0;888,5;888,8;888,5;;24,7;6,6;25,5;24,4;6,8;6,3;32;29;31;97;3,8;2,2;
2024/09/18;0400 UTC;0;887,9;888,5;887,9;;24;6,8;24,7;23,8;6,9;6,6;33;31;33;77;4,4;2,7;
2024/09/18;0500 UTC;0;887,4;887,9;887,4;;24,3;6,8;24,9;24,1;6,8;6,7;33;31;33;78;6;3,5;
2024/09/18;0600 UTC;0;887,2;887,5;887,1;;23,8;6,9;24,4;23,5;7;6,8;34;33;34;76;6;3,3;
2024/09/18;0700 UTC;0;887,1;887,2;887;;24,2;7;24,5;23,5;7;6,9;34;33;33;73;7,7;4,5;
2024/09/18;0800 UTC;0;888;888;887,1;;22,9;8,1;24,2;22,9;8,1;7;39;33;39;40;9,3;3,8;
2024/09/18;0900 UTC;0;888,6;888,6;888;;22,5;8,9;23,1;22,5;8,9;8,2;42;39;42;52;7,5;4;
2024/09/18;1000 UTC;0;889,6;889,6;888,6;190,3;22,9;9,4;22,9;22;9,5;8,9;44;42;42;58;6,7;3,8;
2024/09/18;1100 UTC;0;890,3;890,3;889,6;824,8;23,7;10,2;23,8;22,7;10,4;9,4;44;42;43;57;10,8;5,6;
2024/09/18;1200 UTC;0;890,7;890,8;890,3;1721,3;25,4;10,2;25,5;23,7;10,4;10;43;38;38;58;12,8;6,7;
2024/09/18;1300 UTC;0;891,1;891,1;890,6;2512,5;26,8;10,1;27,2;25,1;10,6;9,5;39;34;35;52;13;6,8;
2024/09/18;1400 UTC;0;891;891,3;891;3097,3;29;9,9;29,3;26,9;10,3;9,5;35;30;30;62;12;4,8;
2024/09/18;1500 UTC;0;890,2;891,1;890,2;3301,1;29,3;9,7;29,7;28,2;10,1;9,2;32;28;29;40;11,2;4,2;
2024/09/18;1600 UTC;0;889,2;890,3;889,2;3215,4;30,9;9,1;31,1;29,1;9,8;8,6;29;26;26;75;9,1;3,6;
2024/09/18;1700 UTC;0;888,3;889,2;888,3;3025,3;30,5;8,4;31,7;30,1;9,4;8,2;27;24;25;42;7,2;2,8;
2024/09/18;1800 UTC;0;887,3;888,3;887,2;2678,1;30,7;8,3;32,2;30,3;9,3;8,1;26;23;25;346;7,6;3,2;
2024/09/18;1900 UTC;0;887,2;887,3;887,1;1677,1;30,1;8,6;31,8;30,1;9;8;26;23;26;72;9,6;3,5;
2024/09/18;2000 UTC;0;887,3;887,3;887,2;676,6;29,1;9,2;30,4;29,1;9,3;8,5;29;26;29;70;9,6;2,4;
2024/09/18;2100 UTC;0;887,4;887,4;887,3;147,2;27,2;9,3;29,1;27,2;9,5;9,1;32;29;32;72;4,8;1,5;
2024/09/18;2200 UTC;0;887,9;887,9;887,4;;25,8;9,5;27,2;25,8;9,6;9,2;36;32;36;72;3,5;2,3;
2024/09/18;2300 UTC;0;888,4;888,4;887,9;;24,8;10;25,8;24,5;10;9,4;40;36;39;73;4;2,3;
2024/09/19;0000 UTC;0;889,1;889,1;888,4;;23,4;10,7;25;23,4;10,7;9,9;45;39;45;52;4,9;1,8;
2024/09/19;0100 UTC;0;889,4;889,5;889,1;;24,4;11,1;24,6;23,5;11,2;10,8;45;43;43;65;6;3,1;
2024/09/19;0200 UTC;0;889,6;889,6;889,4;;24;11,8;24,6;23,9;11,8;11,1;47;43;46;73;7,3;3,7;
2024/09/19;0300 UTC;0;889,3;889,6;889,3;;23,8;11,7;24,2;23,6;11,9;11,7;48;46;47;79;9;4,4;
2024/09/19;0400 UTC;0;888,6;889,3;888,6;;23,4;11,5;23,9;23,4;11,7;11,5;47;46;47;76;9,4;5,2;
2024/09/19;0500 UTC;0;888,4;888,6;888,3;;22,4;11,4;23,4;22,3;11,5;11,3;50;47;50;56;9,8;4,1;
2024/09/19;0600 UTC;0;888,3;888,4;888,3;;20,1;11,5;22,4;20,1;11,6;11,3;58;50;58;53;8,6;2,8;
2024/09/19;0700 UTC;0;888,4;888,4;888,3;;20,3;11,5;20,6;20;11,7;11,5;58;56;57;55;4,7;2,6;
2024/09/19;0800 UTC;0;888,7;888,7;888,3;;20;11,6;20,6;19,8;11,7;11,4;59;56;59;8;4,6;1,9;
2024/09/19;0900 UTC;0;888,9;889;888,7;;20,1;11,8;20,4;19,6;11,9;11,6;61;58;59;61;10,5;6,3;
2024/09/19;1000 UTC;0;889,7;889,7;888,9;165,4;20,5;12,1;20,5;19,1;12,1;11,7;63;58;58;48;10,5;4,8;
2024/09/19;1100 UTC;0;890,4;890,4;889,6;865,2;23;12,2;23;20,5;12,2;11,9;58;51;51;49;10,5;6,2;
2024/09/19;1200 UTC;0;890,8;890,8;890,3;1796;25;11,2;25,4;22,7;12;11,2;51;42;42;57;10,5;6;
2024/09/19;1300 UTC;0;890,9;891;890,8;2614,5;27;9,8;27;24,9;11,4;9,8;42;34;34;48;11;4,9;
2024/09/19;1400 UTC;0;890,7;890,9;890,7;3158,4;29;8,6;29;26,7;10,3;8;35;27;28;62;10,2;4,9;
2024/09/19;1500 UTC;0;890,2;890,7;890,1;3351,4;30;8,5;30,2;28,2;9,1;7,8;29;25;26;71;9,9;3,9;
2024/09/19;1600 UTC;0;889,1;890,2;889,1;3263,7;30,3;7,1;31,2;28,8;8,4;6,4;27;22;23;130;8,4;2,5;
2024/09/19;1700 UTC;0;888,1;889,1;888,1;3068,8;31,7;6,9;31,8;30,1;7,7;6,6;24;21;21;91;7,9;3,6;
2024/09/19;1800 UTC;0;887,4;888,1;887,4;2655;31,5;5,7;31,8;30,4;6,8;5,5;22;20;20;119;8;1,5;
2024/09/19;1900 UTC;0;887;887,4;887;1937,6;30,5;5,2;31,8;30,4;6,3;3,5;21;18;20;96;11,9;3,9;
2024/09/19;2000 UTC;0;887,2;887,2;886,9;1104,2;29,5;5,8;30,8;29,4;5,8;4,1;22;18;22;83;7,7;4,1;
2024/09/19;2100 UTC;0;887,5;887,6;887,2;302,1;27,3;7,2;29,5;27,3;7,2;5,8;28;22;28;78;7,7;2,1;
2024/09/19;2200 UTC;0;888;888;887,5;;25,8;7,4;27,3;25,2;7,6;7,2;32;28;31;89;4,8;2,4;
2024/09/19;2300 UTC;0;888,6;888,6;888;;25;7,7;26;25;7,7;7,3;33;31;33;97;5,5;2,8;
2024/09/20;0000 UTC;0;888,8;888,8;888,6;;23,2;8,2;24,9;23,2;8,2;7,7;38;33;38;74;5,5;2;
2024/09/20;0100 UTC;0;889,2;889,2;888,8;;22,3;9;23,2;21,9;9;8,3;43;38;43;70;3,9;1,5;
2024/09/20;0200 UTC;0;889,6;889,6;889,2;;21,5;9,2;22,3;21,3;9,2;9;46;43;45;78;3,7;2;
2024/09/20;0300 UTC;0;889,4;889,6;889,4;;21,7;9;22,2;21,2;9,2;8,9;46;43;44;81;4,2;2,7;
2024/09/20;0400 UTC;0;888,8;889,4;888,8;;20,7;9,3;22;20,6;9,3;9;48;44;48;78;4,4;2,4;
2024/09/20;0500 UTC;0;888,3;888,8;888,3;;20,6;9,3;21;20,1;9,4;9,1;49;47;48;77;3,9;2,4;
2024/09/20;0600 UTC;0;888;888,3;888;;20,1;8,7;20,9;20;9,2;8,7;49;47;48;54;4,9;2,1;
2024/09/20;0700 UTC;;;;;;;;;;;;;;;;;;
2024/09/20;0800 UTC;0;888,2;888,2;888,1;;19,6;8,5;19,8;19,3;8,5;8,3;49;48;49;74;;2,9;
2024/09/20;0900 UTC;0;888,6;888,6;888,2;;19,1;8,6;19,5;19;8,6;8,5;51;49;51;64;;2,9;
2024/09/20;1000 UTC;0;888,9;888,9;888,6;175;20,5;9;20,5;19,1;9;8,6;51;48;48;68;;2,6;
2024/09/20;1100 UTC;0;889,4;889,4;888,9;899,3;22,9;9,2;23;20,5;9,6;8,8;48;42;42;70;5,5;3,3;
2024/09/20;1200 UTC;0;889,9;889,9;889,3;1835,7;24,7;8,1;25;22,6;9,3;8;42;34;35;56;11,1;6;
2024/09/20;1300 UTC;0;890,2;890,2;889,9;2636,4;26,1;8,5;26,1;24,4;8,7;8;35;33;33;45;10,8;5,7;
2024/09/20;1400 UTC;0;890;890,2;889,9;3230,6;27,4;7,5;28;25,8;8,7;7,4;33;28;28;45;10,3;4,8;
2024/09/20;1500 UTC;0;889,4;890;889,4;3396;29;6,1;29,7;27,2;7,8;5,6;29;23;24;68;11,2;5,3;
2024/09/20;1600 UTC;0;888,3;889,4;888,3;3300,2;29,6;6,7;30;27,9;7,2;5,9;26;22;24;83;10,9;4,7;
2024/09/20;1700 UTC;0;887,5;888,4;887,5;3074,6;30,2;7;30,8;28,7;7,1;5,9;24;22;23;70;11,2;3,5;
2024/09/20;1800 UTC;0;886,8;887,5;886,8;2653;30,5;8;33;26,3;16;1,7;37;14;25;59;8,8;3,6;
2024/09/20;1900 UTC;;886,4;886,9;886,4;2104,3;30,7;6,1;31,3;29,7;8,2;5,5;25;21;21;60;8,9;2,4;
2024/09/20;2000 UTC;0;886,2;886,5;886,2;1214;29,3;5;30,8;29,3;6;4,8;22;20;21;77;9,8;3,5;
2024/09/20;2100 UTC;0;886,7;886,7;886,2;324,3;27,6;4,9;29,5;27,6;5,2;4,6;23;21;23;78;7,9;2,7;
2024/09/20;2200 UTC;0;887,1;887,1;886,7;;25,1;5,5;27,6;25,1;5,5;4,9;28;23;28;83;4,9;2,7;
2024/09/20;2300 UTC;0;887,7;887,7;887,1;;24,4;6,4;25,3;24,3;6,4;5,6;32;28;32;93;4,3;2,2;
2024/09/21;0000 UTC;;;;;;;;;;;;;;;;;;
2024/09/21;0100 UTC;;;;;;;;;;;;;;;;;;
2024/09/21;0200 UTC;0;889,3;889,3;889;;21,9;7,5;22,7;21,8;7,5;7,1;40;37;40;87;5,6;3,1;
2024/09/21;0300 UTC;0;889;889,3;889;;21,3;8,3;21,9;21,2;8,3;7,5;43;40;43;87;5,5;3,4;
2024/09/21;0400 UTC;0;888,6;889;888,6;;21,3;9,2;21,6;21,1;9,3;8,3;46;43;46;92;5,9;3;
2024/09/21;0500 UTC;0;887,8;888,6;887,8;;21;9,6;21,6;21;9,6;9,2;48;46;48;91;6,6;2,9;
2024/09/21;0600 UTC;0;887,4;887,8;887,4;;20,9;9,3;21;20,5;9,6;9,3;50;47;47;89;5,2;3;
2024/09/21;0700 UTC;0;887,3;887,4;887,2;;19,8;8,2;20,9;19,1;9,3;8,2;51;46;47;79;4,5;2,4;
2024/09/21;0800 UTC;0;887,6;887,6;887,2;;18,8;8,2;19,9;18,3;8,6;8,1;53;47;50;72;4,2;2,3;
2024/09/21;0900 UTC;0;888;888;887,6;;18,8;7,8;19,4;18,4;8,2;7,7;51;48;49;81;4,1;2,7;
2024/09/21;1000 UTC;0;888,8;888,8;888;220,4;21;7,7;21;18,6;7,9;7,6;49;42;42;82;4,8;3,3;
2024/09/21;1100 UTC;0;889,3;889,4;888,8;1067;25;7,2;25;21;7,8;7;42;32;32;75;4,8;2,9;
2024/09/21;1200 UTC;0;889,9;889,9;889,3;1978,1;27,3;5,5;27,4;25;7,4;5;32;25;25;39;6,3;3,3;
2024/09/21;1300 UTC;0;890;890;889,9;2759,1;27,8;4,7;28,5;26,7;5,6;3,9;25;22;23;49;6,3;2,5;
2024/09/21;1400 UTC;0;889,8;890,1;889,8;3282,8;29,3;1,3;30,2;27,8;5,3;,5;23;16;16;339;6,4;1,9;
2024/09/21;1500 UTC;0;889;889,8;889;3554,2;30,4;0;31,3;29,1;4,4;-,3;19;13;14;49;8,1;2,7;
2024/09/21;1600 UTC;0;888,2;889;888,2;3582;31,5;0;32,2;30,3;1,7;-,7;16;13;13;19;8,1;3,2;
2024/09/21;1700 UTC;0;887;888,3;887;3281,5;31,5;1,4;32,5;31;2,1;-,1;15;13;15;358;9,8;2,7;
2024/09/21;1800 UTC;0;886,3;887;886,3;2853,9;31,9;,6;33;31,5;2,1;,5;15;13;14;18;7,7;2,6;
2024/09/21;1900 UTC;0;885,8;886,3;885,8;1989,3;31,5;-,3;32,8;31,4;,9;-,4;14;12;13;27;7,6;1,7;
2024/09/21;2000 UTC;0;885,8;885,9;885,7;807,1;30,8;-,9;31,7;30,6;,3;-1,1;14;13;13;58;5,8;3,1;
2024/09/21;2100 UTC;0;886,1;886,1;885,8;298,2;28,2;-,4;30,8;28,2;-,4;-,8;16;13;16;76;5,8;2,3;
2024/09/21;2200 UTC;0;886,6;886,6;886,1;;25,3;1,7;28,1;25,3;1,7;-,5;21;16;21;76;4,1;2,3;
2024/09/21;2300 UTC;;;;;;;;;;;;;;;;;;
2024/09/22;0000 UTC;0;887,6;887,6;887,2;;23,3;2,5;25,2;23,1;2,5;1,9;26;22;26;68;4,9;2,7;
2024/09/22;0100 UTC;0;888;888;887,6;;22,4;3,1;23,6;22,4;3,1;2,5;28;25;28;66;3,7;2,2;
2024/09/22;0200 UTC;;;;;;;;;;;;;;;;;;
2024/09/22;0300 UTC;0;888;888,3;888;;22,5;6,4;23,1;22,2;6,4;4,3;36;30;36;76;4,9;2,8;
2024/09/22;0400 UTC;0;887,4;888;887,4;;22,4;7,2;22,7;21,8;7,3;6,5;39;35;38;74;4,9;3,2;
2024/09/22;0500 UTC;0;886,7;887,4;886,7;;22,3;7,2;22,5;22,2;7,3;7,1;38;37;38;67;5,2;3,3;
2024/09/22;0600 UTC;0;886,3;886,7;886,3;;22,1;7,2;22,6;22;7,4;7,1;39;37;38;73;5,6;3,3;
2024/09/22;0700 UTC;0;886,4;886,4;886,3;;21,7;7,2;22,1;21,4;7,4;7,2;40;38;39;59;4,7;3,3;
2024/09/22;0800 UTC;0;886,8;886,8;886,4;;21,1;6,9;22;20,7;7,2;6,9;42;38;40;28;5,9;1,8;
2024/09/22;0900 UTC;0;887,1;887,1;886,8;;20,8;6,4;21,6;20,6;6,9;6,4;40;38;39;52;3,9;2,5;
2024/09/22;1000 UTC;0;887,8;887,8;887,1;178,4;23,1;6,1;23,1;20,6;6,5;5,9;39;33;33;29;4;2,2;
2024/09/22;1100 UTC;0;888,5;888,5;887,8;947,1;25,9;6,5;25,9;23,1;6,7;6;33;29;29;23;4,5;2,6;
2024/09/22;1200 UTC;0;889,2;889,2;888,5;1831,2;28,6;5,7;28,8;25,9;6,9;5,5;29;23;23;41;9;4,2;
2024/09/22;1300 UTC;0;889,4;889,5;889,2;2600;29,7;5,3;30,1;28,6;6,4;5,2;24;21;21;11;7,5;3,1;
2024/09/22;1400 UTC;0;889,1;889,5;889,1;3166,2;30,7;4;31,3;29,6;6,7;3,2;23;17;18;302;6,7;2,2;
2024/09/22;1500 UTC;0;888,3;889,1;888,3;3273;31,4;4,1;31,8;30,2;4,9;3,2;20;16;18;207;7,4;1;
2024/09/22;1600 UTC;0;887,4;888,3;887,4;2529,6;31,6;2,5;32,7;30,8;4,1;2,2;18;15;16;48;6,4;3,2;
2024/09/22;1700 UTC;0;886,5;887,4;886,5;1900,7;30,9;2;33,3;30,6;3,4;1,8;17;15;16;60;7,4;2,7;
2024/09/22;1800 UTC;0;886;886,5;886;694;30,8;2,3;31;30,7;3,6;1,8;18;16;16;56;5,6;,7;
2024/09/22;1900 UTC;0;885,7;886;885,7;1354,5;31,5;1,8;31,8;30,7;3,3;1,7;18;15;15;55;3,6;,3;
2024/09/22;2000 UTC;0;885,8;885,8;885,6;807;30,9;1,9;32,2;30,8;2,7;1,1;17;15;16;175;3,2;0;
2024/09/22;2100 UTC;0;886,2;886,2;885,8;280,1;29,5;3;31,1;29,3;5;1,2;21;15;18;64;2;1;
2024/09/22;2200 UTC;0;886,6;886,6;886,2;;28,3;3,6;29,7;28,3;3,8;2,6;21;18;21;88;2,7;1,8;
2024/09/22;2300 UTC;;;;;;;;;;;;;;;;;;
2024/09/23;0000 UTC;0;887,7;887,7;887,3;;23,5;5,2;26,5;23,5;5,2;4,6;31;25;31;63;3,7;2,3;
2024/09/23;0100 UTC;;;;;;;;;;;;;;;;;;
2024/09/23;0200 UTC;;;;;;;;;;;;;;;;;;
2024/09/23;0300 UTC;0;887,8;888,1;887,8;;22,3;6;23,3;22,1;6;5,1;35;31;35;54;3,9;2,7;
2024/09/23;0400 UTC;0;887,3;887,8;887,3;;23,4;6,5;23,9;22;6,5;6,1;36;33;34;39;5;2,9;
2024/09/23;0500 UTC;0;887;887,3;887;;23,2;6,8;24,2;22,3;6,8;6,3;36;32;35;27;4,6;2,5;
2024/09/23;0600 UTC;0;886,8;887;886,8;;20,8;7,7;23,7;20,8;7,7;6,7;43;34;43;54;6,9;3,3;
2024/09/23;0700 UTC;0;886,9;886,9;886,7;;21,2;7,7;21,4;20,8;7,8;7,6;43;41;42;58;5,6;3,7;
2024/09/23;0800 UTC;0;887,4;887,4;886,9;;20,2;8;21,5;20,1;8;7,6;46;41;45;54;6,5;3,8;
2024/09/23;0900 UTC;0;887,9;887,9;887,4;;21,1;8,1;22,5;20,2;8,2;7,7;46;39;43;33;7,9;2,7;
2024/09/23;1000 UTC;0;888,6;888,6;887,9;210,9;22,5;7,9;22,7;20,9;8,2;7,7;43;38;39;45;8,2;2,7;
2024/09/23;1100 UTC;0;889,1;889,1;888,5;980,7;25,3;7,1;25,3;22,5;7,7;6,9;39;31;31;49;8,8;4,7;
2024/09/23;1200 UTC;0;889,2;889,3;889,1;1882,4;28;7,2;28;25,2;7,5;6,8;32;27;27;43;8,7;4,2;
2024/09/23;1300 UTC;0;889,2;889,4;889,2;2672;29,3;6,8;30,1;27,8;7,4;6,5;27;23;24;52;7,6;2,7;
2024/09/23;1400 UTC;0;888,9;889,3;888,9;3204,5;31,2;6,2;32,2;29,2;7,5;5,3;25;20;21;176;7,4;2,1;
2024/09/23;1500 UTC;0;888,2;888,9;888,2;3015,7;30,8;5,1;32,5;30,6;6,8;4,8;21;19;20;116;7,4;2;
2024/09/23;1600 UTC;0;887,3;888,2;887,3;1565;31,6;3;32;30,7;5,3;1,4;20;15;16;148;7,6;2,4;
2024/09/23;1700 UTC;0;886,4;887,3;886,4;1901,8;31,5;1,3;32,9;31,2;4,2;1,2;18;14;15;147;7,1;2;
2024/09/23;1800 UTC;0;885,8;886,4;885,8;1903,4;32,3;3;33,7;31,2;4,4;1,3;18;13;16;178;8,3;3,1;
2024/09/23;1900 UTC;0;885,6;885,8;885,5;2021,2;32,1;2,8;33,4;31,7;3,5;1,9;16;14;16;97;7,3;3,5;
2024/09/23;2000 UTC;0;885,8;885,8;885,5;1023,3;31,4;3,3;32,3;31,3;3,9;1,9;17;15;17;85;6,8;3,8;
2024/09/23;2100 UTC;0;886,3;886,3;885,8;299;29,4;5;31,4;29,4;5;3,3;21;17;21;86;5,8;2;
2024/09/23;2200 UTC;0;886,8;886,8;886,3;;27,4;5,8;29,4;27,4;5,8;5;25;21;25;91;4,2;2,3;
2024/09/23;2300 UTC;;;;;;;;;;;;;;;;;;
2024/09/24;0000 UTC;0;887,6;887,7;887,3;;26,4;6,7;26,8;26,2;6,7;6,2;29;27;29;86;7,4;4,6;
2024/09/24;0100 UTC;0;887,8;887,8;887,6;;25,7;7,2;26,4;25,7;7,3;6,6;31;29;31;78;8,7;4,5;
2024/09/24;0200 UTC;0;888;888;887,7;;25;7,6;25,9;24,9;7,6;7,3;33;31;33;78;8,3;4,3;
2024/09/24;0300 UTC;0;887,8;888;887,8;;24,4;8;25,1;23,9;8;7,6;36;33;35;75;7,5;3,5;
2024/09/24;0400 UTC;0;887,6;887,9;887,6;;23,9;8,7;24,6;23,2;8,8;8;39;35;38;10;7,9;2,7;
2024/09/24;0500 UTC;0;887,5;887,7;887,4;;23,6;8,7;24,4;23,4;8,8;8,3;39;36;39;52;6,4;3;
2024/09/24;0600 UTC;0;887,3;887,5;887,3;;23,7;8,7;24;22,9;8,9;8,6;41;37;39;48;8,1;3,5;
2024/09/24;0700 UTC;0;887,2;887,3;887,1;;21,4;9,1;23,7;20,6;9,2;8,5;48;38;45;57;8,1;4,6;
2024/09/24;0800 UTC;0;887,7;887,7;887,1;;20,2;9,1;21,9;20,2;9,1;8,9;49;44;49;55;7;3,5;
2024/09/24;0900 UTC;0;887,9;887,9;887,7;;19,7;9,1;21,1;19,7;9,2;9;51;46;51;46;6,1;3,7;
2024/09/24;1000 UTC;0;888,8;888,8;887,9;231,2;22,6;9,2;22,6;19,6;9,4;9;51;43;43;57;6,3;3;
2024/09/24;1100 UTC;0;889,5;889,6;888,8;1029,5;25,4;8,7;25,5;22,6;9,3;8,3;43;35;35;26;6,1;1,8;
2024/09/24;1200 UTC;0;890;890;889,5;1956,1;27,4;8,1;27,4;25,4;8,8;7,3;35;28;30;15;8,4;3;
2024/09/24;1300 UTC;0;890,2;890,2;889,9;2718,1;29,6;7,8;29,6;27,4;8,2;6,8;30;24;26;13;7,3;2,9;
2024/09/24;1400 UTC;0;890;890,2;890;3248,4;30,7;6,4;31,4;29;7,6;6,1;26;21;22;49;8,1;2,8;
2024/09/24;1500 UTC;0;889,2;890;889,2;3422,3;31,6;5,2;32,5;29,8;7,3;5,2;22;19;19;92;9,2;1,3;
2024/09/24;1600 UTC;0;888,1;889,2;888,1;3409,1;32,8;6,3;33,4;31,1;6,9;5;21;18;19;104;8,9;2,7;
2024/09/24;1700 UTC;0;887,2;888,1;887,2;1949,7;32,8;5,7;34,2;30,6;7;5,1;22;17;18;144;8,2;2;
2024/09/24;1800 UTC;0;886,5;887,2;886,5;1663;32,2;5,9;33,6;30,8;6,9;4,4;22;17;19;177;7,1;1,1;
2024/09/24;1900 UTC;0;886,2;886,5;886,2;2167,7;32,2;6,1;33,3;32;6,5;3,4;20;16;20;151;8,5;3,1;
2024/09/24;2000 UTC;0;886,2;886,2;886;1007,8;31;6,7;32,5;31;6,7;4;22;17;22;105;7,3;2,5;
2024/09/24;2100 UTC;0;886,4;886,4;886,2;267,5;29,3;6,9;31,2;29,3;6,9;6,4;24;21;24;94;6,6;1,8;
2024/09/24;2200 UTC;0;887;887;886,4;;27,1;7,7;29,3;27,1;7,7;7;29;24;29;88;5,1;2,6;
2024/09/24;2300 UTC;0;887,5;887,5;887;;26,4;8;27,1;26,4;8,2;7,7;31;29;31;91;6;3,1;
2024/09/25;0000 UTC;;;;;;;;;;;;;;;;;;
2024/09/25;0100 UTC;0;888,2;888,2;887,9;;25,9;7,6;25,9;25,3;7,8;7,6;33;31;31;89;7,8;4,1;
2024/09/25;0200 UTC;;;;;;;;;;;;;;;;;;
2024/09/25;0300 UTC;0;887,8;888,3;887,8;;24,5;7,4;25,3;24,4;7,6;7,3;34;32;34;83;9,2;4,5;
2024/09/25;0400 UTC;0;887,5;887,8;887,5;;24,5;7,1;24,6;24,1;7,4;7,1;34;33;33;79;9,5;4,7;
2024/09/25;0500 UTC;0;887,1;887,5;887,1;;23,6;6,9;24,6;23,6;7,1;6,9;34;32;34;72;8,4;3,9;
2024/09/25;0600 UTC;0;886,9;887,1;886,8;;23,1;7,3;23,6;22,9;7,3;7;37;34;36;70;7,1;3,9;
2024/09/25;0700 UTC;0;887,2;887,2;886,8;;20,8;7,6;23,1;20,7;7,6;7;43;36;42;21;7,8;2,4;
2024/09/25;0800 UTC;0;887,4;887,4;887,2;;20,9;6,4;21,2;20,5;7,6;6,4;43;39;39;24;4,5;1,4;
2024/09/25;0900 UTC;0;888;888;887,4;;21,7;5,4;21,7;20,7;6,3;5,4;39;34;34;13;6,4;2,6;
2024/09/25;1000 UTC;0;888,8;888,8;888;233,5;22,8;5,5;22,8;21,6;5,5;5,2;35;33;33;16;5,1;2,4;
2024/09/25;1100 UTC;0;889,3;889,3;888,8;1024,5;25,5;6,2;25,6;22,8;6,5;5,5;33;29;29;36;8,5;4,3;
2024/09/25;1200 UTC;0;889,5;889,5;889,2;1951,2;27,4;6;27,8;25,5;6,5;5,7;29;25;26;35;10;4,3;
2024/09/25;1300 UTC;0;889,6;889,6;889,4;2728,7;28,7;5,3;29,1;27,3;6,6;5,2;26;22;23;43;9,9;4,7;
2024/09/25;1400 UTC;0;889,1;889,6;889,1;3266,6;29,8;5,2;30,5;28,6;5,9;4,7;23;20;21;30;11,3;4;
2024/09/25;1500 UTC;0;888,4;889,2;888,4;3522,2;31,4;3,9;32,1;29,3;6;3,8;22;18;18;79;11,3;3,6;
2024/09/25;1600 UTC;0;887,4;888,4;887,4;3540,1;31,6;3,3;33,1;30,8;5;3,2;19;16;17;93;9,1;2,9;
2024/09/25;1700 UTC;0;886,5;887,4;886,5;3339,4;32,3;4,4;33,4;31,6;5;2,7;18;15;17;93;8,9;2,3;
2024/09/25;1800 UTC;0;885,7;886,5;885,7;2527,9;31,5;3;33,4;31,2;4,2;2,8;18;15;16;176;7,5;2,7;
2024/09/25;1900 UTC;0;885,3;885,7;885,2;2025,7;32,1;3,4;33;31,3;4,1;2,5;17;15;16;128;7,4;2,2;
2024/09/25;2000 UTC;0;885,4;885,4;885,2;1064,4;31,5;3,3;32,5;31,3;4,5;3;18;16;17;113;5,6;2,2;
2024/09/25;2100 UTC;0;885,8;885,8;885,4;309;29;4,4;31,5;29;4,5;3,5;21;17;21;87;6,2;2,1;
2024/09/25;2200 UTC;0;886,3;886,3;885,8;;27,2;4,8;29;27,2;4,9;4,5;24;21;24;85;4,6;2,5;
2024/09/25;2300 UTC;0;886,9;886,9;886,3;;26,4;4,8;27,4;26,2;5,2;4,7;26;23;25;90;5,9;3,2;
2024/09/26;0000 UTC;0;887,5;887,5;886,9;;25,8;4,2;26,4;25,7;4,9;4,2;25;24;25;91;7,8;3,9;
2024/09/26;0100 UTC;0;887,9;888;887,5;;25,5;4,5;26,1;25,4;4,5;4,1;26;24;26;86;7,9;4,2;
2024/09/26;0200 UTC;0;887,9;888;887,8;;25;5,3;25,8;24,8;5,3;4,5;28;26;28;87;8,7;5,1;
2024/09/26;0300 UTC;0;887,7;888;887,7;;24,4;5,3;25;24,4;5,4;5,3;29;28;29;80;9;4,5;
2024/09/26;0400 UTC;0;887,4;887,8;887,4;;22,5;5,6;24,7;22,5;5,6;5,3;33;29;33;23;7,4;,6;
2024/09/26;0500 UTC;0;886,9;887,4;886,9;;22,5;5,5;23,4;22,5;5,7;5,4;34;32;33;65;4,4;2,1;
2024/09/26;0600 UTC;0;886,8;886,9;886,7;;22,9;5,5;23,8;21,4;5,8;5,3;36;30;32;49;5,4;2,5;
2024/09/26;0700 UTC;0;887,2;887,2;886,8;;22,2;5,4;23;20,6;5,9;5,3;38;32;34;80;5,4;2,7;
2024/09/26;0800 UTC;0;887,6;887,6;887,2;;20,3;5,7;22,2;20,3;5,7;5,2;39;33;39;77;3,9;2,5;
2024/09/26;0900 UTC;0;888,2;888,2;887,6;;20,3;6,1;20,6;18,8;6,5;5,6;44;38;40;106;4;1,4;
2024/09/26;1000 UTC;0;888,6;888,6;888,2;215,3;21,4;6,3;21,4;20;6,4;5,9;40;37;38;80;4,5;2,6;
2024/09/26;1100 UTC;0;889;889,1;888,6;1057,5;25,3;6,1;25,5;21,4;6,8;5,9;38;29;29;55;6,4;4;
2024/09/26;1200 UTC;0;889,7;889,7;889;1982,6;26,5;7,1;27;25,3;7,3;6;30;27;29;51;10,5;5,6;
2024/09/26;1300 UTC;0;889,7;889,8;889,6;2770,2;27,3;6,3;28,4;26,4;7,4;6,3;29;25;26;1;9,3;4,1;
2024/09/26;1400 UTC;0;889,4;889,8;889,4;3303,3;29,6;5,5;29,7;27,3;6,9;4,5;27;21;22;345;7,2;3,4;
2024/09/26;1500 UTC;0;889;889,5;889;3551;30,6;5,5;31,1;28,7;6,2;4,7;23;20;21;317;6,8;3,6;
2024/09/26;1600 UTC;0;888,3;889;888,3;3557,9;31,5;5,7;32;29,7;5,8;4,7;22;19;20;189;6,7;2,7;
2024/09/26;1700 UTC;0;887,3;888,3;887,3;3243,9;30,9;4,6;32,8;30,7;6;4,5;20;18;19;115;6,1;2,1;
2024/09/26;1800 UTC;0;886,4;887,3;886,4;2478;31,1;4,9;32,9;30,5;5,3;3;20;16;19;132;5,9;1,7;
2024/09/26;1900 UTC;0;886,1;886,4;886,1;1695,1;31,8;4,6;32,2;30,7;5;3,5;19;16;18;206;5,9;2,1;
2024/09/26;2000 UTC;0;886,2;886,2;886;755,4;31,2;4;32,1;30,7;5,2;3,9;20;17;18;166;5,6;1,4;
2024/09/26;2100 UTC;0;886,4;886,4;886,2;217;29,4;5,2;31,2;29,4;5,4;4;22;18;22;83;4,2;1,4;
2024/09/26;2200 UTC;0;886,7;886,7;886,4;;26,4;6,2;29,4;26,4;6,2;5,2;28;22;28;70;2,4;1,3;
2024/09/26;2300 UTC;0;887,2;887,2;886,7;;26,1;5,8;26,4;24,9;6,7;5,8;31;27;27;84;3,8;2,5;
2024/09/27;0000 UTC;;;;;;;;;;;;;;;;;;
2024/09/27;0100 UTC;;;;;;;;;;;;;;;;;;
2024/09/27;0200 UTC;;;;;;;;;;;;;;;;;;
2024/09/27;0300 UTC;0;888,3;888,5;888,3;;23,1;5,5;24,4;23,1;6,1;5,5;32;30;32;76;4,6;2,9;
2024/09/27;0400 UTC;0;888,1;888,3;888;;22,7;4,5;23,9;22,7;5,6;4,4;32;28;31;72;4,7;2,4;
2024/09/27;0500 UTC;0;887,6;888,1;887,6;;21,4;4,2;22,6;21;4,8;4;34;30;32;30;3,9;1,3;
2024/09/27;0600 UTC;0;887,5;887,6;887,4;;21,4;3,7;23,2;21,4;4,2;3,7;32;28;31;60;4;2;
2024/09/27;0700 UTC;0;887,1;887,5;887,1;;21;4,3;21,9;20,8;4,3;3,8;34;31;34;56;4;2,7;
2024/09/27;0800 UTC;0;887,5;887,6;887,1;;21,2;4,4;21,5;20,9;4,5;4,2;34;33;33;55;3,7;2,4;
2024/09/27;0900 UTC;0;887,8;887,8;887,5;;21,5;4,5;21,6;20,9;4,5;4,3;34;33;33;39;3,2;1,7;
2024/09/27;1000 UTC;0;888,6;888,6;887,8;261,1;22,9;5,6;22,9;21,1;5,7;4,4;34;32;33;48;3,4;2,4;
2024/09/27;1100 UTC;0;889,3;889,3;888,6;969,5;25,6;5,5;25,7;22,9;6;5;33;27;28;4;5,7;3;
2024/09/27;1200 UTC;0;889,7;889,7;889,2;1895,2;27;5,3;27,3;25,6;5,8;4,9;28;25;25;8;8,4;4,5;
2024/09/27;1300 UTC;0;889,5;889,7;889,5;2665,6;28,9;4,8;29,5;26,6;5,8;4,7;25;21;22;10;8;3,3;
2024/09/27;1400 UTC;0;889;889,5;889;3226,1;30,1;6,1;30,6;28,8;6,8;4,2;23;21;22;346;6,3;3,4;
2024/09/27;1500 UTC;;;;;;;;;;;;;;;;;;
2024/09/27;1600 UTC;0;887,2;888,3;887,2;3084,8;32;6,2;32,8;30,6;7;5,4;22;19;20;274;7,3;2,3;
2024/09/27;1700 UTC;0;886,2;887,2;886,2;2685,5;31,9;5,5;33,3;31,3;6,9;5,4;21;18;19;144;7,2;,9;
2024/09/27;1800 UTC;0;885,4;886,2;885,4;2310,4;32,3;5,7;33,7;31,9;5,9;3,6;19;16;19;215;8,9;2,3;
2024/09/27;1900 UTC;0;885;885,4;885;1945,3;33;5,6;33,5;32,1;5,8;4;19;16;18;225;7,1;4,1;
2024/09/27;2000 UTC;;;;;;;;;;;;;;;;;;
2024/09/27;2100 UTC;0;885,4;885,4;885,2;379,9;31,5;5,7;32,4;31,5;5,7;5;20;18;20;247;4,5;0;
2024/09/27;2200 UTC;0;886;886;885,4;0;29,9;6,7;31,5;29,5;7,1;5,7;24;20;23;79;1,9;,8;
2024/09/27;2300 UTC;;;;;;;;;;;;;;;;;;
2024/09/28;0000 UTC;;;;;;;;;;;;;;;;;;
2024/09/28;0100 UTC;0;887,9;887,9;887,2;;27,4;6,1;28,3;26,4;7,7;6;31;25;26;28;3,9;,5;
2024/09/28;0200 UTC;;;;;;;;;;;;;;;;;;
2024/09/28;0300 UTC;0;887,7;887,9;887,7;;24,6;7,4;27,2;24,6;7,4;6,2;33;26;33;244;2,7;0;
2024/09/28;0400 UTC;0;887,4;887,7;887,2;;24,4;10,6;25,2;24,1;10,6;7;42;32;42;156;6,5;2,8;
2024/09/28;0500 UTC;0;886,6;887,4;886,5;;23,7;11,3;24,4;23,5;11,8;10,5;48;42;46;119;5,8;,8;
2024/09/28;0600 UTC;0;886,3;886,6;886,3;;23,1;11,1;23,7;22,3;11,4;9,2;50;41;47;144;3,4;1;
2024/09/28;0700 UTC;0;886,1;886,3;886;;23;9,7;23,6;22,7;11,4;9,7;49;43;43;132;2,9;,7;
2024/09/28;0800 UTC;0;886,4;886,4;886;;21,6;9,5;23,2;21,2;11;9,5;51;43;46;57;3;1;
2024/09/28;0900 UTC;0;887,2;887,2;886,4;;21,2;11,1;21,7;20;11,6;9,1;54;45;53;135;2,7;,4;
2024/09/28;1000 UTC;0;888;888;887,2;207,6;21,9;11,3;24,1;21,2;11,4;6,9;53;33;51;148;3,1;1;
2024/09/28;1100 UTC;0;889;889;888;894,7;23,6;11,3;23,8;21,9;11,5;9,5;51;40;46;153;4,1;2,3;
2024/09/28;1200 UTC;0;889,3;889,3;889;1789,6;29,3;6,1;29,3;23,6;11,5;6,1;46;23;23;12;6,8;3,3;
2024/09/28;1300 UTC;0;889,3;889,4;889,2;2641,5;30;6,5;30,6;28,8;7;5,7;24;22;23;24;9,4;4,2;
2024/09/28;1400 UTC;0;889;889,3;889;3180,4;30,4;6,5;31,2;29,7;7,3;6,2;23;21;22;7;9,2;4,3;
2024/09/28;1500 UTC;0;888,5;889;888,4;3454,9;32,6;8,7;32,6;30,4;8,7;6,7;24;21;23;344;8,2;3,2;
2024/09/28;1600 UTC;0;887,4;888,5;887,4;3423,9;32,1;7,2;33,9;31,8;8,6;6,3;23;19;21;298;7,5;2,6;
2024/09/28;1700 UTC;0;886,5;887,4;886,5;2352,3;33,1;7;33,6;31,4;8,3;6,7;23;19;20;33;7,5;2,1;
2024/09/28;1800 UTC;0;885,7;886,5;885,7;2112;32,3;7,3;34,2;32,1;7,8;6,5;21;19;21;325;15,5;1,6;
2024/09/28;1900 UTC;0;885,2;885,7;884,9;1408,1;32,1;6,8;33,8;32,1;7,6;6,4;21;19;21;33;8,7;2;
2024/09/28;2000 UTC;0;885,3;885,3;885,1;224,6;30,2;7,6;32,1;30,2;8,1;6,6;24;21;24;140;6,1;2,9;
2024/09/28;2100 UTC;0;885,5;885,5;885,2;85,1;29,6;7,5;30,2;29,5;7,7;7,3;25;24;25;125;6,1;,5;
2024/09/28;2200 UTC;0;886,5;886,5;885,4;;27,7;8,4;29,6;27,7;8,4;7,3;30;25;30;320;2,9;1,4;
2024/09/28;2300 UTC;0;887,1;887,1;886,5;;28,2;7,9;28,8;27,3;10,6;6,5;35;25;28;43;6,1;1,5;
2024/09/29;0000 UTC;;;;;;;;;;;;;;;;;;
2024/09/29;0100 UTC;0;889,1;889,2;887,9;;23,6;13,8;25,9;23,6;13,8;12;54;42;54;175;8,3;4,5;
2024/09/29;0200 UTC;0;889,4;889,5;889,1;;22,9;15,1;23,6;22,8;15,2;13,9;62;54;61;167;8,3;3,7;
2024/09/29;0300 UTC;0;889,7;889,8;889,4;;22,5;15,3;23,3;22,5;15,3;14,7;64;59;64;175;9,8;3,7;
2024/09/29;0400 UTC;0;889,6;889,8;889,6;;22;14,2;22,5;22;15,3;14,2;64;61;61;164;9,5;4;
2024/09/29;0500 UTC;0;889,1;889,7;889;;21,5;13,9;22;21,5;14,3;13,9;63;61;62;157;9,8;3,5;
2024/09/29;0600 UTC;0;889,2;889,4;889,1;;21;14,5;21,5;21;14,5;13,9;66;62;66;167;8,3;4;
2024/09/29;0700 UTC;0;889,6;889,6;889,1;;20,6;14,7;21;20,6;14,7;14,5;69;66;69;174;8,2;3,3;
2024/09/29;0800 UTC;0;889,3;889,7;889,3;;19,6;15,5;20,6;19,5;15,7;14,7;78;69;77;159;6,5;3,2;
2024/09/29;0900 UTC;0;889,6;889,6;889,3;;19,8;14,9;19,8;19,5;15,5;14,9;77;73;73;145;7,2;3,7;
2024/09/29;1000 UTC;0;890,1;890,1;889,6;117,8;21,8;12,7;21,8;19,8;15;12,7;73;56;56;113;7,1;2;
2024/09/29;1100 UTC;0;890,3;890,3;889,8;272,2;22;12,7;22;21,7;12,7;12,6;57;55;56;85;11;5,6;
2024/09/29;1200 UTC;0;890,4;890,6;890,2;675,3;23,8;10,9;23,9;22;12,8;10,9;56;44;44;72;11,1;4,7;
2024/09/29;1300 UTC;0;890,5;890,6;890,4;1431,2;25,2;10,5;25,8;23,7;11,2;10,2;45;38;40;66;12,8;5,8;
2024/09/29;1400 UTC;0;890,2;890,5;890,1;1547,4;26,3;9,8;26,6;24,9;10,4;9,3;40;35;35;67;12,3;5,5;
2024/09/29;1500 UTC;0;889,7;890,3;889,7;2397,9;27,6;9,6;28;26,2;10,2;9;35;31;32;51;11,8;5,2;
2024/09/29;1600 UTC;0;888,3;889,7;888,3;3277,2;29,3;9,2;30,9;27,3;10,3;8,4;33;26;29;48;10,2;4,9;
2024/09/29;1700 UTC;0;887,3;888,2;887,3;2617;30,6;8,9;30,9;29,4;9,7;8,2;29;25;26;90;8,9;3;
2024/09/29;1800 UTC;0;886,6;887,3;886,5;2430,4;31;7,9;31,6;29,8;9,2;7,7;26;24;24;54;8,5;4;
2024/09/29;1900 UTC;0;886,5;886,6;886,4;1935;30,8;8,3;31,9;30,5;8,7;7,8;25;23;25;58;8,8;4;
2024/09/29;2000 UTC;0;886,7;886,7;886,5;1039,3;30;8,4;31,5;29,9;8,9;8,1;26;24;26;81;7,3;3,8;
2024/09/29;2100 UTC;0;887,1;887,1;886,7;257,5;28,2;9,1;30,1;28,2;9,1;8,3;30;26;30;83;6,5;2,8;
2024/09/29;2200 UTC;0;887,4;887,4;887;0;26,6;9,8;28,2;26,5;9,8;9,1;35;30;35;91;5,8;3,4;
2024/09/29;2300 UTC;0;887,8;887,8;887,4;;26,2;9,8;26,6;25,9;9,9;9,7;37;35;36;88;6,4;3,5;
2024/09/30;0000 UTC;0;888,4;888,5;887,8;;25,1;10,7;26,2;25,1;10,7;9,7;40;36;40;90;7,9;4,2;
2024/09/30;0100 UTC;0;889,1;889,1;888,4;;24,6;11,3;25,2;24,5;11,3;10,7;43;40;43;88;7,9;4,2;
2024/09/30;0200 UTC;0;889,1;889,3;889,1;;23,5;11,4;24,6;23,5;11,4;11,3;47;43;47;101;8,4;3,1;
2024/09/30;0300 UTC;0;888,6;889,1;888,6;;22,6;12;23,5;22,6;12;11,4;51;47;51;97;7,3;3,9;
2024/09/30;0400 UTC;0;888,2;888,6;888,2;;22,4;11,4;22,6;22,3;12,2;11,4;52;50;50;96;8;3,3;
2024/09/30;0500 UTC;0;888;888,3;888;;21,8;10,7;22,5;21,7;11,4;10,7;50;49;49;77;8,3;1,3;
2024/09/30;0600 UTC;0;887,9;888,1;887,9;;21,3;10,9;21,9;20,9;11;10,7;53;49;51;3;4,5;,2;
2024/09/30;0700 UTC;0;888,1;888,1;887,9;;20,5;11,7;21,3;20,2;11,7;10,8;57;51;57;67;5,4;1,9;
2024/09/30;0800 UTC;0;888,4;888,4;888,1;;19,9;11,7;20,6;19,6;11,8;11,4;60;57;59;92;6,8;,3;
2024/09/30;0900 UTC;0;888,9;888,9;888,4;;19,2;12,3;19,9;18,9;12,3;11,5;65;59;65;331;4,1;1,8;
2024/09/30;1000 UTC;0;889,8;889,8;888,9;271,3;20;12,7;20;19,1;12,8;12,3;65;63;63;359;6,4;2,6;
2024/09/30;1100 UTC;0;890,6;890,6;889,8;1052,5;22,1;12,4;22,1;20;13,1;12;63;54;54;37;6,9;3,4;
2024/09/30;1200 UTC;0;891;891,1;890,6;1809,9;24,3;11,6;24,3;21,9;12,3;11,4;54;45;45;51;12,1;7,5;
2024/09/30;1300 UTC;0;891,2;891,3;890,9;2553,4;25,3;8,9;25,9;24,1;11,7;8,9;45;35;35;75;12,1;5,3;
2024/09/30;1400 UTC;0;890,7;891,2;890,7;2574,7;27,5;7,2;27,7;25,4;9;6,1;35;26;28;71;12,1;5,7;
2024/09/30;1500 UTC;0;889,8;890,8;889,7;3545,1;30;6,5;30,3;26,9;7,3;6,2;28;23;23;68;11,7;5;
2024/09/30;1600 UTC;0;888,8;889,8;888,8;3563,9;30,4;2,8;30,7;28,9;6,3;1,9;24;16;17;47;10,6;5,1;
2024/09/30;1700 UTC;0;888;888,9;888;3002,1;30,2;,7;30,9;29,2;2,9;,7;18;15;15;74;10,6;4,1;
2024/09/30;1800 UTC;0;887,1;888;887,1;2822,4;30,4;-1;31,9;30,2;,8;-1;15;13;13;52;11,5;5,4;
2024/09/30;1900 UTC;0;886,8;887,1;886,8;1964,4;30,7;,2;31,4;30,1;,6;-,8;14;13;14;65;11;4,3;
2024/09/30;2000 UTC;0;887;887;886,8;1102;29,7;,6;30,7;29,6;,9;-,1;16;14;15;91;8,2;3,8;
2024/09/30;2100 UTC;0;887,5;887,5;887;205,5;27,8;1,2;29,7;27,8;1,4;,2;18;15;18;83;8,2;3;
2024/09/30;2200 UTC;0;888;888;887,5;;24,7;1,3;27,7;24,7;1,4;1,1;22;18;22;71;4,9;1,6;
2024/09/30;2300 UTC;;;;;;;;;;;;;;;;;;
2024/10/01;0000 UTC;0;888,8;888,9;888,3;;24,2;3,5;24,4;23,6;3,5;2,3;26;24;26;76;6,6;3,3;
2024/10/01;0100 UTC;0;889,1;889,1;888,8;;23,8;4,3;24,3;23,7;4,5;3,6;29;26;28;82;7,2;3,7;
2024/10/01;0200 UTC;0;889,4;889,4;889,1;;22,9;3,5;23,8;22,8;4,3;3,4;29;27;28;77;6,6;3,4;
2024/10/01;0300 UTC;0;889,1;889,4;889,1;;21,9;3;22,9;21,8;3,5;3;29;28;29;80;6,5;3,5;
2024/10/01;0400 UTC;0;888,3;889;888,3;;21,4;2,5;22,4;21,2;3;2,5;29;27;29;78;6,5;3,6;
2024/10/01;0500 UTC;0;887,5;888,3;887,5;;20,5;2,8;21,4;20,5;2,8;2,4;31;29;31;74;6,4;3,7;
2024/10/01;0600 UTC;0;886,9;887,5;886,9;;20,5;3,2;20,9;20,3;3,2;2,8;32;31;32;73;6,9;3,3;
2024/10/01;0700 UTC;0;887;887;886,9;;20,3;3,4;20,7;19,4;3,4;3,1;34;31;33;9;6,2;2;
2024/10/01;0800 UTC;0;887,4;887,4;887;;19,9;3,5;21,1;19,9;3,6;3,3;34;31;34;23;5,6;1,3;
2024/10/01;0900 UTC;0;888,5;888,5;887,4;;19,1;4,6;20,7;18,7;4,6;3,6;39;33;38;59;6,1;3,5;
2024/10/01;1000 UTC;0;889,2;889,2;888,5;313,6;21;5,1;21;19,1;5,2;4,5;39;35;35;44;6,1;2,6;
2024/10/01;1100 UTC;0;889,9;889,9;889,2;1174,6;23,9;5,7;23,9;21;5,8;5;35;31;31;53;8,5;4,4;
2024/10/01;1200 UTC;0;890,2;890,2;889,9;2144,5;25,6;6;25,8;23,8;6,1;5,5;31;27;28;67;9,9;4,9;
2024/10/01;1300 UTC;0;890,2;890,4;890,1;2931,1;27,7;6,6;28;25,4;6,8;5,6;28;25;26;68;9,5;4,6;
2024/10/01;1400 UTC;0;889,8;890,2;889,7;3458,6;28,8;6,2;29,2;27,4;7,5;5,8;28;24;24;90;8,6;4,1;
2024/10/01;1500 UTC;0;888,9;889,8;888,9;3680,4;29,6;5,1;30,2;28,3;6,8;3,7;25;19;21;92;8,2;3,2;
2024/10/01;1600 UTC;0;887,4;888,9;887,4;3701,2;30,9;2,5;31,5;29,1;5,1;1,1;21;15;16;140;7,8;3;
2024/10/01;1700 UTC;0;886,5;887,4;886,5;3434,2;31,4;1,3;31,6;30,2;3,5;,7;18;14;15;153;7,7;3,5;
2024/10/01;1800 UTC;0;885,7;886,5;885,7;2859,7;30,5;1,1;31,6;30,3;3,3;,3;17;14;15;216;7,5;3;
2024/10/01;1900 UTC;0;885,3;885,8;885,3;2114,1;30,7;2,4;31,4;30,3;3,7;1,1;18;15;16;137;6,7;2,7;
2024/10/01;2000 UTC;0;885,4;885,4;885,2;1065,2;30;3;31;30;3,4;1,6;18;16;18;203;6,7;1,5;
2024/10/01;2100 UTC;0;885,8;885,8;885,4;402,3;28,4;3,4;30;28,4;3,7;2,8;20;18;20;87;5,3;2,3;
2024/10/01;2200 UTC;0;886,3;886,3;885,8;1,4;26,9;4;28,4;26,8;4,1;3,4;23;20;23;98;4,1;2,3;
2024/10/01;2300 UTC;;;;;;;;;;;;;;;;;;
2024/10/02;0000 UTC;;;;;;;;;;;;;;;;;;
2024/10/02;0100 UTC;0;888,1;888,1;887,7;;22,5;5,7;23,2;22;5,8;5,4;34;32;34;46;3,6;1,8;
2024/10/02;0200 UTC;;;;;;;;;;;;;;;;;;
2024/10/02;0300 UTC;0;887,6;888,1;887,6;;21,3;6,1;22;20,8;6,3;5,7;39;35;37;54;3,8;2,8;
2024/10/02;0400 UTC;0;887,2;887,6;887,2;;22,7;6,3;24,5;21,3;7;6,1;38;32;35;64;7,9;2;
2024/10/02;0500 UTC;0;886,8;887,2;886,8;;22;6,9;22,9;21,6;6,9;6,3;38;35;38;67;3,9;2;
2024/10/02;0600 UTC;0;886,4;886,8;886,4;;21,1;7,2;22;20,9;7,3;7;41;38;41;70;4;1,9;
2024/10/02;0700 UTC;0;886,2;886,4;886,2;;21,6;7,4;22,2;21,1;7,4;7,1;41;38;40;87;3,9;1,9;
2024/10/02;0800 UTC;0;886,5;886,5;886,2;;19,6;7,5;21,6;19,6;7,5;7,3;45;40;45;52;3,6;2,5;
2024/10/02;0900 UTC;0;887;887;886,5;;20,9;7,2;20,9;19,5;7,8;7,1;46;41;41;27;3,8;1,5;
2024/10/02;1000 UTC;0;887,8;887,8;887;307,3;22,9;7,6;22,9;20,3;7,9;7,1;43;38;38;51;4;1,9;
2024/10/02;1100 UTC;0;888,4;888,4;887,8;1171;25,7;7,2;25,9;22,9;7,7;7,1;38;30;31;11;5,3;2,8;
2024/10/02;1200 UTC;0;888,6;888,7;888,4;2110,5;27,5;6,5;27,7;25,7;7,4;6,3;31;26;27;15;6,8;3,4;
2024/10/02;1300 UTC;0;888,7;888,7;888,6;2870,8;28,3;6;29,1;27,3;7,1;5,3;27;23;24;344;6,8;3,2;
2024/10/02;1400 UTC;0;888,3;888,7;888,3;3298,8;30,6;5,6;30,8;28,2;6,5;5,2;24;21;21;343;6,1;2,3;
2024/10/02;1500 UTC;0;887,4;888,3;887,3;3650,6;32;2,2;32,3;29,6;5,7;1;22;15;15;167;9,2;1,8;
2024/10/02;1600 UTC;0;886,2;887,4;886,2;3719,9;31,6;1,8;32,8;30,9;2,8;1,3;16;14;15;170;8,6;2,9;
2024/10/02;1700 UTC;0;885,1;886,2;885,1;2653,6;32,2;1,9;32,8;30,7;3,8;1,8;18;14;15;154;8;2,2;
2024/10/02;1800 UTC;0;884,3;885,1;884,3;2334,1;32,9;2,1;33,1;31,2;2,6;1,5;15;14;14;124;7,9;2,1;
2024/10/02;1900 UTC;0;884,1;884,3;884;1944,7;32,6;2,1;33;31,4;2,4;1,1;15;14;14;128;7,8;2;
2024/10/02;2000 UTC;0;884,3;884,3;884,1;1196,8;31,9;1,7;32,7;31,5;1,9;1;15;14;15;122;6,1;1,3;
2024/10/02;2100 UTC;0;884,9;884,9;884,3;393,8;29;2,6;31,9;29;2,6;1,4;19;15;19;81;8;2,7;
2024/10/02;2200 UTC;0;885,4;885,4;884,9;0;27,2;2,8;29;27,2;2,9;2,7;21;19;21;96;4,6;2,3;
2024/10/02;2300 UTC;;;;;;;;;;;;;;;;;;
2024/10/03;0000 UTC;;;;;;;;;;;;;;;;;;
2024/10/03;0100 UTC;0;887,3;887,3;886,7;;25;5;26;24,8;5,1;3,5;28;24;28;32;4,6;1,8;
2024/10/03;0200 UTC;0;887,4;887,5;887,3;;24,6;5,6;25,3;24;5,7;5;30;28;29;63;4;2,1;
2024/10/03;0300 UTC;0;887,1;887,4;887,1;;24,1;5,8;24,9;23,9;5,8;5,5;31;29;31;41;4,6;1,9;
2024/10/03;0400 UTC;0;886,6;887,1;886,6;;23,4;5,3;24,4;23,1;5,8;5,2;32;30;31;61;5;,3;
2024/10/03;0500 UTC;0;886,2;886,6;886,2;;23,2;5,2;23,6;21,9;5,9;5,2;35;31;31;335;1,9;0;
2024/10/03;0600 UTC;0;886;886,2;886;;22;5,3;23,4;21,9;5,6;5,1;34;31;34;72;1,4;0;
2024/10/03;0700 UTC;0;886;886,1;885,9;;22,1;5,2;22,9;21,9;5,5;5,2;34;32;33;58;1,5;,2;
2024/10/03;0800 UTC;0;886,4;886,4;886;;22,6;5,4;22,9;21,5;5,5;5;35;32;33;52;2,3;,1;
2024/10/03;0900 UTC;0;886,8;886,9;886,4;;21,5;5,7;23;21,4;6;5,5;37;33;36;216;1,5;0;
2024/10/03;1000 UTC;0;887,6;887,6;886,8;291,5;24;7,2;24;21,5;7,3;5,4;36;33;34;90;1,7;0;
2024/10/03;1100 UTC;0;888,3;888,3;887,6;1138,6;27,2;5,8;27,3;23,9;7,2;5,5;34;25;26;15;5,6;3,1;
2024/10/03;1200 UTC;0;888,7;888,8;888,3;2030,5;28,2;5,5;28,7;27,1;5,9;5,3;26;23;24;21;7,5;4;
2024/10/03;1300 UTC;0;889;889;888,7;2798,4;30,3;5,5;30,3;28,2;5,9;5,1;24;21;21;3;8,3;3,6;
2024/10/03;1400 UTC;0;888,6;889;888,6;3314,4;31,9;4,6;32,2;29,5;5,5;3,2;22;17;18;332;7,3;2,2;
2024/10/03;1500 UTC;0;887,8;888,6;887,8;3522,5;32,2;3,8;32,6;30,9;4,3;2,8;18;16;17;262;6,1;1,4;
2024/10/03;1600 UTC;0;886,7;887,8;886,7;2831,9;33,4;4,2;33,6;31,6;4,2;2,8;17;15;16;244;5,9;2,4;
2024/10/03;1700 UTC;0;885,8;886,7;885,8;2291,2;33,3;3,2;34,5;32;4,6;2,9;18;15;15;178;8,9;2,1;
2024/10/03;1800 UTC;0;885,1;885,8;885,1;2691,5;34,1;3,4;34,3;33,1;4;2,9;16;15;15;98;5,9;,2;
2024/10/03;1900 UTC;0;885;885,1;885;1748;33,6;3,2;34,8;32,9;4,1;2,9;16;14;15;140;6,6;1,8;
2024/10/03;2000 UTC;0;885,1;885,1;884,9;1127,8;33;3,2;34;33;3,6;2,7;15;14;15;107;5,8;2,4;
2024/10/03;2100 UTC;0;885,6;885,6;885,1;193,6;30,8;4,9;33;30,7;4,9;3;20;15;19;94;4,7;,7;
2024/10/03;2200 UTC;0;886,1;886,2;885,6;;29,8;5;30,8;29,8;5,2;4,8;21;19;21;98;3,5;1,9;
2024/10/03;2300 UTC;0;886,7;886,7;886,1;;28,6;5,6;29,9;28,3;5,6;5,1;23;21;23;93;4,6;2,6;
2024/10/04;0000 UTC;;;;;;;;;;;;;;;;;;
2024/10/04;0100 UTC;;;;;;;;;;;;;;;;;;
2024/10/04;0200 UTC;0;888;888;887,7;;26,2;5,8;27,4;26,1;5,8;5,4;27;25;27;24;5,5;,8;
2024/10/04;0300 UTC;0;887,6;888;887,6;;25,3;5,8;26,3;25,3;6,1;5,6;29;27;28;278;3,3;,6;
2024/10/04;0400 UTC;0;886,8;887,6;886,8;;26,2;5,4;26,5;24,8;6,2;5,4;30;26;26;78;4,2;1,8;
2024/10/04;0500 UTC;0;886,4;886,8;886,4;;24,8;5,5;26,3;24,6;5,6;5,2;29;26;29;2;3,4;1,3;
2024/10/04;0600 UTC;0;886,1;886,4;886;;25,4;4,6;25,8;24,7;5,5;4,6;29;26;26;358;6;1,7;
2024/10/04;0700 UTC;0;886,1;886,2;886;;24,2;5,1;25,4;24,2;5,3;4,6;29;26;29;41;3,2;1,6;
2024/10/04;0800 UTC;0;886,7;886,7;886,1;;22,7;5,4;24,2;22,7;5,5;5,1;33;29;32;36;3,7;1,7;
2024/10/04;0900 UTC;0;887,2;887,2;886,7;;23,4;5,2;23,4;22,7;5,5;5,2;33;31;31;44;4,7;2,7;
2024/10/04;1000 UTC;0;888;888;887,2;285,3;26,1;4,4;26,1;23,2;5,1;4,4;31;25;25;54;4,4;2,8;
2024/10/04;1100 UTC;0;888,7;888,7;888;970,2;28,8;3,5;28,9;26,1;4,9;3,5;25;20;20;47;4,6;2,5;
2024/10/04;1200 UTC;0;888,9;888,9;888,7;1926,5;30,5;1,7;30,8;28,9;4,2;,9;21;15;16;4;8;3,3;
2024/10/04;1300 UTC;0;889,3;889,3;888,9;2727,5;30,8;1,6;31,6;30,2;2,6;1;16;15;15;20;8,5;4,5;
2024/10/04;1400 UTC;0;889,1;889,3;889,1;3256,2;32,6;1,5;32,9;30,6;2,8;1;16;14;14;20;8,8;4,6;
2024/10/04;1500 UTC;0;888,6;889,2;888,6;3537,8;33;1,7;33,5;32,1;2,1;,8;14;13;14;347;10,8;3,4;
2024/10/04;1600 UTC;0;887,7;888,6;887,7;3511,3;33,6;1,8;34,3;32,4;2,6;1,3;14;13;13;325;6,8;3,6;
2024/10/04;1700 UTC;0;886,7;887,7;886,7;3253,5;34,4;2,7;35,1;33,1;2,9;1,6;14;13;14;358;6,8;2,9;
2024/10/04;1800 UTC;0;886,1;886,7;886,1;2880,6;34,3;2,2;35;33,5;2,7;1,6;14;13;13;278;7,3;2,7;
2024/10/04;1900 UTC;0;885,7;886,1;885,7;1639,1;34;2,2;34,6;33,5;2,7;1,7;14;13;13;266;7,3;1,3;
2024/10/04;2000 UTC;0;885,7;885,7;885,6;712,3;33,5;2,3;34,1;33,1;2,9;1,7;15;13;14;64;4,2;,4;
2024/10/04;2100 UTC;0;886;886;885,7;241,9;31,6;4,5;33,5;31,6;4,5;2;18;14;18;44;2,2;,8;
2024/10/04;2200 UTC;0;886,5;886,5;886;;30,5;5;31,6;30;5,1;4,1;20;18;20;84;2,2;,2;
2024/10/04;2300 UTC;0;887,2;887,2;886,5;;29,2;4,3;30,5;29;5,5;4;21;19;21;62;4,6;2,8;
2024/10/05;0000 UTC;0;887,8;887,8;887,2;;27,3;4,9;29,4;26,8;5,3;4,2;25;20;24;19;4,2;1,5;
2024/10/05;0100 UTC;;;;;;;;;;;;;;;;;;
2024/10/05;0200 UTC;0;888,3;888,4;888,3;;25,5;5;26,9;25,4;5;4,7;27;24;27;44;3,4;2;
2024/10/05;0300 UTC;0;887,7;888,3;887,7;;25,3;4,8;25,6;24,9;5,1;4,6;27;26;27;60;2,9;1,6;
2024/10/05;0400 UTC;0;887,1;887,7;887,1;;25,3;4,9;25,7;24,8;4,9;4,5;27;26;27;66;2,8;1,2;
2024/10/05;0500 UTC;0;886,3;887,1;886,3;;25,6;4,5;25,6;24,6;4,8;4,3;28;26;26;40;2,9;1,9;
2024/10/05;0600 UTC;0;886,3;886,4;886,2;;24,7;5,1;25,6;24,1;5,4;4,4;29;26;28;162;2,9;,4;
2024/10/05;0700 UTC;0;886,3;886,3;886,2;;23,6;5;25,2;23,5;5,5;4,8;30;27;30;58;2,9;1,7;
2024/10/05;0800 UTC;0;886,8;886,8;886,3;;23,7;4,8;23,8;23,1;5,1;4,7;31;29;29;61;3,7;2;
2024/10/05;0900 UTC;0;887,5;887,5;886,8;;23,6;5;24,2;23,4;5,1;4,8;30;29;30;41;4,9;3,1;
2024/10/05;1000 UTC;0;888,1;888,1;887,5;163,1;24,8;6,4;25;23,1;6,4;5;32;30;31;28;4,9;1,5;
2024/10/05;1100 UTC;0;888,8;888,8;888,1;938,5;28,3;6,6;28,3;24,7;6,9;6,2;31;25;25;22;4,6;2;
2024/10/05;1200 UTC;0;889;889,1;888,8;1922,3;29,5;5,9;30;28,3;6,8;5,4;26;22;23;23;7,4;3,5;
2024/10/05;1300 UTC;0;889,2;889,2;889;2701,5;30,6;7,5;30,6;29,1;7,5;5;24;21;24;349;8;3,8;
2024/10/05;1400 UTC;0;888,9;889,2;888,9;3212,7;31,5;7,7;31,8;30,2;8,1;6,9;24;22;23;355;8,3;2,5;
2024/10/05;1500 UTC;0;888,1;888,9;888,1;3476,7;33,1;5,4;33,5;31,5;7,9;5,4;23;18;18;348;8,1;4,1;
2024/10/05;1600 UTC;0;887,1;888,1;887,1;3067,5;33,7;5,4;34,2;32,6;6,5;4,9;19;17;17;323;9;3,5;
2024/10/05;1700 UTC;0;886,2;887,1;886,2;2456,5;33,4;5,7;34,8;32,5;6,3;4,4;19;16;18;306;8,4;3,9;
2024/10/05;1800 UTC;0;885,5;886,2;885,5;1799,4;34,2;4,7;34,8;33;6,1;3,3;18;15;16;254;8,7;1,9;
2024/10/05;1900 UTC;0;885,2;885,6;885,2;1825,2;34,1;3,3;35,1;33,4;4,7;3;16;14;14;238;8,5;2,5;
2024/10/05;2000 UTC;0;885,3;885,3;885,1;977,5;33,1;3,8;34,7;33,1;4;3,1;16;14;16;175;6;0;
2024/10/05;2100 UTC;0;885,8;885,8;885,3;158,7;30,2;7,5;33,1;30,2;7,5;3,6;24;16;24;201;5,4;,1;
2024/10/05;2200 UTC;0;886,3;886,3;885,8;;28,7;8,2;30,2;28,4;8,3;7,3;28;24;28;88;2;0;
2024/10/05;2300 UTC;0;887,2;887,2;886,3;;28,3;8,2;29,2;28,1;8,5;7,9;29;26;28;189;5,2;,9;
2024/10/06;0000 UTC;;;;;;;;;;;;;;;;;;
2024/10/06;0100 UTC;;;;;;;;;;;;;;;;;;
2024/10/06;0200 UTC;0;887,8;887,9;887,7;;26;8,3;28,1;24,5;10,3;7,8;41;28;33;66;4,4;1,6;
2024/10/06;0300 UTC;0;887,1;887,8;887,1;;26,4;8,3;27;25;9,4;8,3;37;31;32;69;3,2;1,2;
2024/10/06;0400 UTC;0;886,7;887,1;886,7;;25,8;8,5;26,7;25,8;8,5;7,9;33;30;33;66;2,3;0;
2024/10/06;0500 UTC;0;886,2;886,7;886,2;;25,9;9,3;27,1;25,7;9,4;8,1;36;31;35;69;2,3;0;
2024/10/06;0600 UTC;0;886,2;886,2;886,1;;25,4;9,2;25,9;24,8;9,9;9,2;39;35;36;75;4,1;2,3;
2024/10/06;0700 UTC;0;886,2;886,2;886,1;;24,3;9,4;25,4;24,1;9,5;8,8;39;35;39;68;3,8;2;
2024/10/06;0800 UTC;0;886,6;886,6;886,2;;24,6;8,8;24,7;24,2;9,7;8,6;39;36;36;71;3,7;1,1;
2024/10/06;0900 UTC;0;887,1;887,1;886,6;;25,5;9,2;25,5;23,2;10;8,7;43;36;36;85;3,8;2,3;
2024/10/06;1000 UTC;0;887,7;887,7;887,1;263,4;25,3;8,1;25,7;24,9;9,3;7,9;37;33;34;81;7,3;2,9;
2024/10/06;1100 UTC;0;888,4;888,4;887,7;1029,5;27,9;8,7;27,9;25,3;8,8;8,1;34;30;30;71;6,6;2,9;
2024/10/06;1200 UTC;0;888,6;888,7;888,4;1933;30;8,8;30;27,9;8,8;8,2;30;26;27;72;7,5;3,7;
2024/10/06;1300 UTC;0;888,7;888,7;888,6;2734,3;31,6;8,1;32;29,9;8,7;7,6;27;23;23;360;7,8;3,6;
2024/10/06;1400 UTC;0;888,3;888,7;888,3;3233,7;32,2;8,8;32,6;30,8;8,9;7,6;24;22;24;359;9,2;3,3;
2024/10/06;1500 UTC;0;887,5;888,3;887,5;3472,4;33,2;9,4;33,5;31,6;9,5;8,6;25;22;23;34;7,7;1,7;
2024/10/06;1600 UTC;0;886,5;887,5;886,5;3604,3;34,3;9,2;34,3;32,7;9,4;8,1;23;21;22;338;7,7;1,7;
2024/10/06;1700 UTC;0;885,3;886,5;885,3;2439,4;33,7;8,3;35,2;32,5;9,4;5,9;22;18;21;38;7,1;1,3;
2024/10/06;1800 UTC;0;884,3;885,3;884,3;2611,8;34,1;8,2;34,8;33,5;9;7,8;21;19;20;324;7;2;
2024/10/06;1900 UTC;0;884,2;884,3;884,2;933,4;33;7,7;34,6;33;8,4;7,2;21;19;21;120;6,4;,3;
2024/10/06;2000 UTC;0;884,2;884,2;884,1;363,6;32;8,7;33,1;32;8,7;7,7;24;21;24;15;3,9;,2;
2024/10/06;2100 UTC;0;884,3;884,3;884,1;148,2;29,4;9,3;32;29,4;9,6;8,5;29;23;29;48;2,8;0;
2024/10/06;2200 UTC;0;885;885,1;884,3;;28,9;9,3;30;28,7;9,4;8,7;30;27;29;12;6,6;1,3;
2024/10/06;2300 UTC;0;885,8;885,8;885,1;;26,9;10,8;28,9;26,9;10,8;9,3;37;29;37;66;3,9;1,8;
2024/10/07;0000 UTC;0;887,1;887,1;885,8;;26,6;11,5;27,4;26;12,2;10,4;42;35;39;6;5,2;2,2;
2024/10/07;0100 UTC;;;;;;;;;;;;;;;;;;
2024/10/07;0200 UTC;;;;;;;;;;;;;;;;;;
2024/10/07;0300 UTC;0;886,9;887,5;886,9;;21,6;16,3;22,4;21,5;17,2;15,9;75;67;72;54;2,1;1,6;
2024/10/07;0400 UTC;0;885,9;886,8;885,9;;22;14,9;22,5;21,2;16,4;14,4;73;61;64;25;3,2;1,9;
2024/10/07;0500 UTC;0;885,9;885,9;885,8;;21,4;14,4;22;21;15,2;14,4;68;64;64;25;4;1,8;
2024/10/07;0600 UTC;0;885,8;885,9;885,7;;21,7;14,6;22;21,3;14,7;14,1;65;62;64;36;3,2;0;
2024/10/07;0700 UTC;0;886;886,1;885,7;;22,8;13,4;22,8;21,7;14,6;13,3;64;55;55;43;2,9;1,5;
2024/10/07;0800 UTC;0;886,5;886,5;886;;22,2;13,3;22,9;22;13,7;13;58;54;57;357;3,4;1,5;
2024/10/07;0900 UTC;0;887,2;887,2;886,5;4,7;20;14,7;22,2;20;14,8;13,4;72;57;72;12;4,5;1,8;
2024/10/07;1000 UTC;0;887,4;887,5;887,1;332,4;21,2;15,5;21,2;19,9;15,6;14,7;73;70;70;24;5,7;2,4;
2024/10/07;1100 UTC;0;887,8;887,9;887,4;1090,3;23,6;14,6;23,8;21,2;15,6;14,4;70;57;57;9;4,8;2;
2024/10/07;1200 UTC;0;888;888;887,8;1856,1;26,3;15,7;26,3;23,6;16;14,6;59;52;52;271;4,5;1,3;
2024/10/07;1300 UTC;0;888;888;887,9;2653,3;28,1;14,6;28,1;26,1;16,4;14,5;54;44;44;248;5,1;1;
2024/10/07;1400 UTC;0;887,8;888;887,8;3350,7;29,8;14,1;30,2;28,1;14,8;13,7;44;38;38;261;5,7;3,1;
2024/10/07;1500 UTC;0;887,2;887,8;887,2;3436,8;31,6;12,7;32,6;29,4;14,7;11,9;39;29;31;358;7,9;3,9;
2024/10/07;1600 UTC;0;886,2;887,2;886,2;3610,5;31,4;12;33,1;30,8;13,3;11,1;32;27;31;335;9,9;4,7;
2024/10/07;1700 UTC;0;885,1;886,2;885,1;3547;32,2;12,2;33,3;31,1;13,5;11,6;32;28;30;345;9,1;4,2;
2024/10/07;1800 UTC;0;884,7;885,1;884,7;2111,5;31,6;10,7;32,5;31,2;12,2;10,2;30;26;28;319;8,5;1,9;
2024/10/07;1900 UTC;0;884,1;884,7;884;1697;32,3;10,8;32,5;31,2;11,7;9,7;29;26;27;256;6,3;2,8;
2024/10/07;2000 UTC;0;884,3;884,3;883,8;543,7;30,4;11,6;32,3;30,4;12,2;9,6;32;26;31;260;6;1,2;
2024/10/07;2100 UTC;0;885,5;885,5;884,3;95,7;23,4;13,8;30,4;23,1;14,6;11,7;57;31;55;49;14,7;9,3;
2024/10/07;2200 UTC;0;885,3;885,5;885,1;,4;24,3;13,8;25,7;23,4;13,9;12,6;55;44;52;12;14,6;,5;
2024/10/07;2300 UTC;0;886,1;886,1;885,4;;24,1;14,8;24,3;23,5;15;13,9;59;52;56;40;3,8;2,4;
2024/10/08;0000 UTC;0;886,9;886,9;886,1;;24;15,1;24,8;23,7;15,1;14,6;58;54;58;4;3,4;1,4;
2024/10/08;0100 UTC;0;887,2;887,2;886,9;;23,6;15,8;24,1;22,8;15,9;15;63;57;62;16;3,6;1,7;
2024/10/08;0200 UTC;0;887,5;887,5;887,2;;23,8;15,7;24,7;23,3;16;15,5;62;57;61;12;3,1;1,1;
2024/10/08;0300 UTC;0;887,4;887,6;887,4;;24,3;16,3;24,7;23,8;16,3;15,8;61;59;61;337;4,4;1,2;
2024/10/08;0400 UTC;0;886,9;887,4;886,9;;24;16,4;24,5;23,6;16,6;16,1;64;60;62;323;3,1;1,7;
2024/10/08;0500 UTC;0;886,7;886,9;886,7;;24,1;16,2;24,3;23,8;16,6;16,2;64;61;61;180;3,1;,1;
2024/10/08;0600 UTC;0;886,2;886,7;886,2;;23,7;16,2;24,2;23,7;16,4;16,2;63;61;63;167;2,6;,2;
2024/10/08;0700 UTC;0;886,3;886,3;886;;23;16,5;23,7;23;16,6;16,2;67;63;67;144;3,3;,4;
2024/10/08;0800 UTC;0;886,5;886,6;886,3;;22,7;16,5;23,1;22,7;16,7;16,5;68;67;68;62;2,7;0;
2024/10/08;0900 UTC;0;886,8;886,8;886,3;;22,7;16,6;22,8;22;16,7;16,5;72;68;68;30;2,5;,4;
2024/10/08;1000 UTC;0;888,3;888,3;886,8;66,8;22,7;17,2;24;22,4;17,2;16,5;71;64;71;52;7;3,9;
2024/10/08;1100 UTC;0;889,1;889,1;888,3;162,5;21,8;17,7;22,7;21,8;17,7;17,1;78;71;78;343;7,7;3,7;
2024/10/08;1200 UTC;0;889,3;889,4;889;1469,5;25,4;17,5;25,5;21,8;18,1;17,2;78;61;62;5;8,2;3,8;
2024/10/08;1300 UTC;0;889,2;889,4;889,1;2854;29;14;29,5;25,1;17,6;13,6;62;39;40;297;11,1;5,8;
2024/10/08;1400 UTC;0;889,2;889,4;889,1;2799,5;28,5;14,7;29,3;27,8;15,8;13,8;48;39;43;281;11,1;5,2;
2024/10/08;1500 UTC;0;889,1;889,2;889,1;1411,6;27,9;14,7;28,7;27,5;16,1;14,5;47;43;45;334;8,5;5,8;
2024/10/08;1600 UTC;0;888,2;889,1;888,2;2421;28,9;14,7;28,9;27,4;16;14,3;48;42;42;348;8,5;4;
2024/10/08;1700 UTC;0;886,8;888,2;886,8;3485,2;30,5;12,7;30,8;28,8;14,8;12,6;42;33;33;316;8;4;
2024/10/08;1800 UTC;0;886,4;886,8;886,3;2209,1;30;12,6;31,5;29,8;14,7;12,1;39;32;34;354;8,1;3,2;
2024/10/08;1900 UTC;0;886,4;886,4;886,3;829,9;29,5;12,1;30,3;29,2;13,2;11,7;37;32;34;338;7,2;3,6;
2024/10/08;2000 UTC;0;886,2;886,4;886,2;544,5;29;12,3;29,7;29;13,5;11,6;38;33;36;308;5,4;3,3;
2024/10/08;2100 UTC;0;886,7;886,7;886,2;118,7;28;15,5;29;28;15,5;12,4;46;36;46;327;4,7;1,9;
2024/10/08;2200 UTC;0;887,2;887,2;886,7;;25,9;16,6;28;25,9;16,6;15,5;56;46;56;18;3,1;,6;
2024/10/08;2300 UTC;0;887,7;887,7;887,2;;25;16,3;26;25;16,7;16,2;59;56;58;311;2,2;0;
2024/10/09;0000 UTC;;;;;;;;;;;;;;;;;;
2024/10/09;0100 UTC;0;888,8;888,8;888,2;;24,7;15,6;25;24,3;16,1;15,6;59;57;57;62;2,1;0;
2024/10/09;0200 UTC;0;889;889;888,8;;24,8;15,6;25,1;24;15,8;15,5;59;56;57;71;1,3;0;
2024/10/09;0300 UTC;0;888,4;889;888,4;;24,6;16,2;25;24,1;16,3;15,6;61;56;60;145;2;,5;
2024/10/09;0400 UTC;;;;;;;;;;;;;;;;;;
2024/10/09;0500 UTC;0;888;888,2;888;;24,1;15,9;24,3;23,1;16,1;15,7;64;59;60;164;3,1;1;
2024/10/09;0600 UTC;0;887,6;888;887,6;;23,1;15,9;24,1;23,1;15,9;15,4;64;59;64;168;4;1,6;
2024/10/09;0700 UTC;0;887,8;887,8;887,5;;22;16,3;23,1;21,9;16,5;15,9;71;64;70;148;3,6;,1;
2024/10/09;0800 UTC;0;888,1;888,1;887,8;;20,4;15,8;22;20,4;16,3;15,7;75;69;75;41;2;0;
2024/10/09;0900 UTC;0;888,5;888,6;888;1;22,2;16,1;22,7;20,4;16,1;14,7;75;61;68;167;4,8;2,4;
2024/10/09;1000 UTC;0;889;889;888,5;132,6;21,5;16,7;22,2;21,5;16,7;16,1;74;69;74;171;6,4;3,3;
2024/10/09;1100 UTC;0;889,7;889,8;889;640;22,9;16,9;23;21,5;17,3;16,8;76;69;69;179;6,7;1,7;
2024/10/09;1200 UTC;0;889,8;889,9;889,7;2001,7;25,3;15,7;25,5;22,7;17,1;15,7;69;55;55;160;5,2;2,6;
2024/10/09;1300 UTC;0;889,6;889,8;889,5;2740,6;27,3;14,8;28,4;25,3;16;14,3;56;45;46;186;5,2;1,8;
2024/10/09;1400 UTC;0;889,2;889,7;889,2;3281,9;29,5;12,6;30,7;27,3;15,6;12,6;46;35;35;220;4,9;2;
2024/10/09;1500 UTC;0;888,4;889,2;888,4;3630,4;31,7;12,4;32,2;29,3;13,5;12,3;37;31;31;309;7,3;3;
2024/10/09;1600 UTC;0;887,4;888,4;887,4;1771,3;32,2;11,7;32,2;30;12,9;11,4;34;29;29;296;7,8;1,7;
2024/10/09;1700 UTC;0;886,4;887,4;886,4;2727,6;31,6;11,1;33,4;31;12,2;10,8;30;26;28;348;9,2;2,3;
2024/10/09;1800 UTC;0;885,6;886,4;885,6;1405,2;31,9;10,9;32,5;31,1;11,5;10,6;29;27;28;344;7;2,7;
2024/10/09;1900 UTC;0;885,2;885,6;885,1;977;31,9;10,6;32,6;31,5;11,4;10,4;28;27;27;325;6;2;
2024/10/09;2000 UTC;0;885,6;885,6;885,1;341,8;29,9;12,9;32;29,9;13;10,7;35;27;35;239;7,8;1,9;
2024/10/09;2100 UTC;0;886,3;886,3;885,6;76,3;28;14,4;29,9;28;14,5;12,8;43;35;43;176;5,7;2,2;
2024/10/09;2200 UTC;0;887,1;887,1;886,3;;27,1;15,4;28;27,1;15,4;14,4;49;43;49;198;5,1;,5;
2024/10/09;2300 UTC;0;887,9;887,9;887,1;;26,1;15,2;27,1;26,1;15,6;15,2;52;49;51;356;3,8;1,2;
2024/10/10;0000 UTC;0;888,2;888,2;887,8;;24,5;16,3;26,1;24,4;16,3;15,3;60;51;60;240;4,2;1,9;
2024/10/10;0100 UTC;0;888,6;888,7;888,2;;23,9;16,4;24,5;23,9;16,5;16,3;63;60;63;188;3,1;,2;
2024/10/10;0200 UTC;3,2;888,6;888,8;888,5;;21,8;18,2;24,1;21,2;18,9;16,4;86;62;80;91;1,9;0;
2024/10/10;0300 UTC;0;888,2;888,6;888,2;,2;22,1;18,3;22,5;21,4;19,2;17,9;85;76;79;105;3;1,2;
2024/10/10;0400 UTC;,2;888;888,2;887,8;;21,1;17,9;22,7;21,1;18,6;17,6;83;75;82;197;7;3,9;
2024/10/10;0500 UTC;0;887,6;888,1;887,5;;20,1;17,9;21,1;20;18,3;17,8;90;82;87;164;7,2;3,3;
2024/10/10;0600 UTC;0;887,1;887,6;887,1;;20,3;17,5;20,3;19,9;17,9;17,5;88;84;84;138;6;3,1;
2024/10/10;0700 UTC;0;887,5;887,6;887;;19,3;17,3;20,4;19,3;17,5;17,1;89;82;88;168;8,3;4,5;
2024/10/10;0800 UTC;0;887,7;887,7;887,4;;19;17,2;19,3;19;17,3;16,9;89;86;89;156;8,6;3,6;
2024/10/10;0900 UTC;0;888;888;887,7;,2;19,9;16,4;19,9;19;17,2;16,4;89;80;80;122;7,5;2,1;
2024/10/10;1000 UTC;0;888,7;888,7;888;123,5;20,1;16,8;20,1;19,6;17,1;16,4;85;80;82;116;7,3;3;
2024/10/10;1100 UTC;0;889,2;889,2;888,7;930,2;22,1;16,7;22,2;20,1;17,2;16,5;82;72;72;133;8,5;2,9;
2024/10/10;1200 UTC;0;889,4;889,6;889,2;1062,1;22,2;16,3;22,5;21,7;17,4;16,3;76;69;69;104;8,2;4;
2024/10/10;1300 UTC;0;889,3;889,5;889,3;1581,3;24,2;16;24,2;22,1;17,1;15,9;70;60;60;124;8,2;3;
2024/10/10;1400 UTC;0;889,6;889,6;889,2;1913,8;25,9;15,4;26;24,1;16,2;14,7;60;51;53;127;6,5;1,3;
2024/10/10;1500 UTC;0;888,9;889,7;888,9;1565,9;26,7;16,4;26,7;24,7;17;14,9;61;51;53;162;4;1;
2024/10/10;1600 UTC;0;887,7;888,9;887,7;2791,5;26,3;17,5;27,6;25,5;18,3;14,9;61;47;58;155;5,8;2,5;
2024/10/10;1700 UTC;0;886,7;887,7;886,7;2620;26,9;16,3;28;26,3;18,3;16;59;50;52;145;6,5;2,3;
2024/10/10;1800 UTC;5,2;886,4;886,7;886,4;477,4;23,5;18;27;21,1;19,3;16;85;52;71;136;9,1;1,8;
2024/10/10;1900 UTC;0;885,9;886,4;885,8;711,3;25,3;17,4;25,3;23;19,6;17,4;79;62;62;115;3,8;1,1;
2024/10/10;2000 UTC;0;886,6;886,6;885,9;386,2;24,9;17;25,5;24,9;18,8;17;67;60;61;129;5,1;1,6;
2024/10/10;2100 UTC;3,2;887,6;887,7;886,6;16,4;20,2;17;25;20,2;18,3;16,6;85;60;82;213;11,1;3,1;
2024/10/10;2200 UTC;0;888;888;887,5;;20,1;17,8;20,6;20;17,9;16,8;87;81;87;76;4,7;0;
2024/10/10;2300 UTC;,2;887,8;888,1;887,6;;21,2;18,3;21,2;19,9;18,5;17,9;89;83;83;138;2,6;,8;
2024/10/11;0000 UTC;0;888,6;888,6;887,8;;20,9;18,4;21,8;19,9;18,8;17,5;90;81;86;129;2,9;,1;
2024/10/11;0100 UTC;0;889,2;889,2;888,6;;21;17,7;21,4;20,7;18,5;17,6;87;80;81;78;3,4;,6;
2024/10/11;0200 UTC;0;888,5;889,3;888,5;;21,5;17,3;21,6;20,6;17,9;17,1;83;76;77;137;4,3;1,9;
2024/10/11;0300 UTC;0;888,4;888,8;888,4;;21,1;17,3;21,6;20,9;17,5;17,2;80;77;79;72;4,3;1,5;
2024/10/11;0400 UTC;0;887,7;888,4;887,7;;21,3;17,3;21,3;20,2;17,4;17,1;83;78;78;95;2,7;1,9;
2024/10/11;0500 UTC;0;887,1;887,7;887,1;;21,2;17,1;21,8;21,1;17,3;17;78;74;78;122;5,6;1,5;
2024/10/11;0600 UTC;0;887,2;887,2;887;;21,7;16,8;21,8;21,1;17,1;16,8;78;73;74;89;5,3;3;
2024/10/11;0700 UTC;0;886,9;887,3;886,9;;21,6;17,2;21,7;21;17,2;16,8;78;74;76;94;5,7;3,3;
2024/10/11;0800 UTC;0;887,3;887,3;886,8;;21,6;16,9;21,8;21,2;17,4;16,9;79;74;74;83;6,2;2,9;
2024/10/11;0900 UTC;0;887,7;887,7;887,3;,9;21,1;16,4;21,6;20,6;17,1;16,4;80;74;75;50;4,9;2,6;
2024/10/11;1000 UTC;0;888,1;888,1;887,7;164,7;21,8;15,8;22,2;21,1;16,2;14,6;75;62;69;77;4,8;2;
2024/10/11;1100 UTC;0;888,4;888,4;888,1;761,4;23,2;17;23,2;21,8;17,1;16;72;68;68;77;5,3;2,5;
2024/10/11;1200 UTC;0;888,6;888,7;888,4;1872,1;25,5;17,1;26;23,2;18;16,6;69;58;60;40;7,4;4;
2024/10/11;1300 UTC;0;888,4;888,6;888,3;2670,8;28;15,7;28,3;25,5;17,3;14,8;60;45;47;55;8,4;3,3;
2024/10/11;1400 UTC;0;888,4;888,6;888,4;3306,2;29,3;14,6;29,4;28;16,4;13,6;49;40;41;48;6;1,7;
2024/10/11;1500 UTC;0;887,9;888,4;887,8;3642,5;30,7;13,3;31;28,8;15,7;12,7;44;34;35;330;10,3;3,9;
2024/10/11;1600 UTC;0;886,7;887,9;886,7;3303,8;31,3;13,7;31,5;29,7;14;12,6;37;33;34;328;7,9;2,9;
2024/10/11;1700 UTC;0;885,2;886,7;885,2;2990,5;30,5;13,1;32,5;30,2;14,2;11,4;36;30;35;338;8,6;2,3;
2024/10/11;1800 UTC;0;884,7;885,3;884,7;1973,8;31;13,4;32,7;30,2;14,4;12,6;36;31;34;29;8;4;
2024/10/11;1900 UTC;0;884,9;884,9;884,3;1489,8;28,8;14,7;32,5;28,4;14,7;11,6;43;29;42;59;10,2;3,8;
2024/10/11;2000 UTC;3,4;886,8;886,8;884,9;108,7;20,7;17,9;28,9;19,8;18,1;14,7;86;42;84;119;13,3;2,8;
2024/10/11;2100 UTC;7,6;887,7;887,7;886,8;26,9;20;17,9;20,7;19,8;18;17,2;89;82;88;81;7,4;,1;
2024/10/11;2200 UTC;1;888,3;888,3;887,7;;20;18,1;20,4;19,9;18,4;17,9;89;87;89;58;3,2;1;
2024/10/11;2300 UTC;2,2;888,7;888,7;888,3;;20,2;17,6;20,6;19,9;18,4;17,6;90;84;85;95;6,2;3,5;
2024/10/12;0000 UTC;,4;889,1;889,1;888,7;;20,5;17,4;20,7;19,8;18;17,4;88;83;83;90;6,2;2,1;
2024/10/12;0100 UTC;;;;;;;;;;;;;;;;;;
2024/10/12;0200 UTC;0;889,2;889,4;889,1;;20,5;18,7;20,5;20;18,7;18,3;91;89;90;88;2,3;,8;
2024/10/12;0300 UTC;0;888,7;889,2;888,7;;21,7;17;21,8;20,5;18,7;16,7;89;73;75;140;2,1;,1;
2024/10/12;0400 UTC;0;888,6;888,8;888,5;;20,9;17,7;21,7;20,4;18,5;17,2;88;75;82;61;1,9;,3;
2024/10/12;0500 UTC;0;888,4;888,6;888,3;;19,8;18;21,6;19,8;18,3;16,5;90;73;90;7;4,4;1,2;
2024/10/12;0600 UTC;0;887,9;888,4;887,9;;19,8;17,9;19,8;19,6;18,3;17,9;92;89;89;42;5;2,7;
2024/10/12;0700 UTC;5,4;888,4;888,6;887,9;;19,1;17,1;20;19,1;18;17,1;91;86;88;65;8,7;4,9;
2024/10/12;0800 UTC;0;889,5;889,5;888,4;;18,9;17,4;19,2;18,9;17,4;17,1;91;88;91;19;8,7;2,9;
2024/10/12;0900 UTC;0;890,2;890,2;889,5;3,6;18,8;17,2;19;18,7;17,5;17,2;91;90;90;31;7;2,9;
2024/10/12;1000 UTC;0;890,9;890,9;890,2;141;19;16,9;19;18,7;17,2;16,8;90;87;88;16;6;3,4;
2024/10/12;1100 UTC;,2;891,7;891,8;890,9;530,2;19,9;16,8;19,9;19;17;16,6;88;82;82;19;6,8;2,9;
2024/10/12;1200 UTC;0;892,2;892,3;891,7;1440,8;21;17;21,2;19,9;17,5;16,6;82;78;78;12;7,3;2,6;
2024/10/12;1300 UTC;0;892,1;892,2;892;2237;24,3;18;24,3;20,9;18,6;16,9;79;67;68;28;7,1;3,6;
2024/10/12;1400 UTC;0;892;892,2;892;3222,5;26;16,7;26,3;24,2;17,7;16,4;68;55;57;9;7,2;4;
2024/10/12;1500 UTC;0;891,6;892;891,6;3281,9;26,5;16,8;26,9;25,5;17,4;16,1;59;54;55;9;7,9;3,8;
2024/10/12;1600 UTC;0;890,3;891,6;890,3;2911,2;27,6;16,3;28,1;26,4;17,4;15,2;56;48;50;3;8,1;3,5;
2024/10/12;1700 UTC;0;889,6;890,3;889,6;3616,7;27,8;15,3;29,2;27,6;16,7;15,1;50;44;46;1;7,9;3,5;
2024/10/12;1800 UTC;0;888,3;889,6;888,3;2967,1;28,4;14,4;29,7;27,9;15,9;14;47;41;42;2;6,8;3,2;
2024/10/12;1900 UTC;0;888,4;888,5;888,1;1717,8;24,9;15,3;29,3;24,9;15,5;14,2;56;40;55;185;7,7;4,2;
2024/10/12;2000 UTC;0;888,3;888,6;888;506,1;23,5;17,6;25,7;22,5;18,3;14,5;74;53;69;139;10,8;2,5;
2024/10/12;2100 UTC;0;889;889,1;888,3;223,5;23,3;18,8;24,6;23,3;18,8;16,1;76;59;76;143;5,9;1,6;
2024/10/12;2200 UTC;0;889,5;889,6;889;3,4;24,1;17,3;24,1;22,4;18,7;17;79;64;66;132;4,9;0;
2024/10/12;2300 UTC;;;;;;;;;;;;;;;;;;
2024/10/13;0000 UTC;0;891,5;891,5;890,4;;22,3;18,3;23,5;22,2;18,9;18,2;81;73;78;162;6,1;3,1;
2024/10/13;0100 UTC;;;;;;;;;;;;;;;;;;
2024/10/13;0200 UTC;0;891,4;891,4;891,4;;22,3;17,8;22,3;22;18,2;17,8;79;76;76;159;3,1;1,4;
2024/10/13;0300 UTC;0;890,8;891,4;890,8;;21,5;18,2;22,3;21,5;18,3;17,8;82;76;81;147;4,8;2,9;
2024/10/13;0400 UTC;0;890,6;890,8;890,6;;21,3;17,9;21,5;21,2;18,3;17,9;83;81;81;147;4,6;1,9;
2024/10/13;0500 UTC;0;890,4;890,7;890,4;;20,7;17,6;21,4;20,7;18,1;17,6;84;80;83;175;6;3,1;
2024/10/13;0600 UTC;0;889,7;890,4;889,7;;20,3;17,6;20,7;20,2;17,9;17,5;85;83;84;138;6,6;2,1;
2024/10/13;0700 UTC;0;889,9;890;889,7;;20,5;16,8;20,6;20,3;17,6;16,8;84;79;79;135;4,7;1,7;
2024/10/13;0800 UTC;0;890,2;890,2;889,9;;20,8;16,8;20,8;20,5;16,8;16,5;79;76;78;170;4;1,1;
2024/10/13;0900 UTC;0;890,6;890,6;890,2;5,7;21;16,6;21,2;20,6;16,9;16,5;79;74;76;149;3,7;1,5;
2024/10/13;1000 UTC;0;891,6;891,6;890,6;275,6;22,5;16,4;22,5;20,9;16,8;16,3;78;68;68;137;4;1,7;
2024/10/13;1100 UTC;0;892,3;892,3;891,6;1155,4;24,1;16,4;24,2;22,5;16,7;16,1;69;62;62;134;4,9;2,2;
2024/10/13;1200 UTC;0;892,7;892,7;892,3;2121,1;27;16,4;27,1;24,1;17,1;15,9;63;52;52;124;6,9;3,1;
2024/10/13;1300 UTC;0;892,9;892,9;892,5;2829,8;27,9;14,9;28,1;26,5;16,4;14,9;53;45;45;102;9,8;4,6;
2024/10/13;1400 UTC;0;892,7;893;892,7;3328,7;30;13;30,2;27,9;15,4;12,5;45;35;35;111;9,8;3,3;
2024/10/13;1500 UTC;0;892;892,7;892;3218,8;31,3;13,8;31,3;29,2;14,1;12,3;39;33;35;99;8,5;3,9;
2024/10/13;1600 UTC;0;891,2;892;891,1;2755,5;29,8;13,6;31,9;29,3;14,5;12,8;39;33;37;96;9,6;3,8;
2024/10/13;1700 UTC;0;890,2;891,2;890,2;1441;29,5;12,6;30,9;28,8;14,9;12,6;42;35;35;112;8,1;1,6;
2024/10/13;1800 UTC;0;889,8;890,2;889,8;939,5;27,3;15,6;30,2;27,3;15,6;12;49;34;49;1;6,5;3,1;
2024/10/13;1900 UTC;0;889,4;889,8;889,4;894,2;30,2;13,9;30,2;26,9;15,7;13,1;50;36;37;111;5,7;2,2;
2024/10/13;2000 UTC;0;889,9;889,9;889,3;633,6;27,7;15,5;30,2;27,6;16,1;13,3;50;36;47;281;6,6;1,8;
2024/10/13;2100 UTC;0;890,3;890,3;889,9;168,2;26;16,3;27,8;26;16,4;15,7;55;48;55;26;5,1;1,2;
2024/10/13;2200 UTC;0;891,2;891,2;890,3;;25,4;16,6;26;24,9;17,1;16,3;61;55;58;176;2,5;,2;
2024/10/13;2300 UTC;0;891,8;891,9;891,2;;23,6;15,8;25,7;23,6;16,9;15,6;62;56;61;173;6;2,5;
2024/10/14;0000 UTC;;;;;;;;;;;;;;;;;;
2024/10/14;0100 UTC;;;;;;;;;;;;;;;;;;
2024/10/14;0200 UTC;;;;;;;;;;;;;;;;;;
2024/10/14;0300 UTC;0;891,8;892,3;891,8;;23,7;14,6;24;22,8;16,3;14,6;67;56;57;109;8,1;3,1;
2024/10/14;0400 UTC;0;891,5;891,8;891,4;;22,3;15,3;23,7;22,3;15,3;14,6;65;57;65;144;8,1;1,5;
2024/10/14;0500 UTC;0;890,7;891,5;890,7;;21,6;16;22,4;21,6;16;15,4;71;65;71;127;6,7;2,3;
2024/10/14;0600 UTC;0;890,6;890,8;890,5;;21,4;16,1;21,9;21,4;16,1;16;72;69;72;133;6,9;2,6;
2024/10/14;0700 UTC;0;890,4;890,7;890,3;;21,3;15,9;21,4;20,8;16,2;15,9;75;71;71;95;12,6;6,5;
2024/10/14;0800 UTC;0;890,7;890,8;890,2;;21,7;15;21,7;21,2;16;15;72;66;66;89;12,6;6;
2024/10/14;0900 UTC;0;891,5;891,5;890,7;6,5;21,2;15,3;21,8;21,2;15,3;14,9;69;65;69;350;11,4;2,4;
2024/10/14;1000 UTC;0;892,1;892,1;891,5;381,4;22,5;16;22,5;21;16;15,3;70;66;66;63;6,7;3,8;
2024/10/14;1100 UTC;0;893;893;892,1;981,3;23,8;16,2;23,9;22,5;16,6;15,7;66;63;63;70;9,2;4,3;
2024/10/14;1200 UTC;0;892,9;893,1;892,9;2023,1;26,6;16,2;26,6;23,7;16,6;15,8;63;53;53;68;10;5,5;
2024/10/14;1300 UTC;0;893,2;893,3;892,9;2752,2;26,4;16,5;27,1;25,8;16,7;15,7;56;52;54;63;11,4;5,9;
2024/10/14;1400 UTC;0;892,5;893,2;892,5;3233,4;27,6;15,1;29;26,4;16,6;14,9;54;45;47;43;11,6;5,3;
2024/10/14;1500 UTC;0;891,8;892,6;891,8;3746,5;28,7;14,6;29,8;27,6;15,8;14,3;48;40;42;54;11,5;4,8;
2024/10/14;1600 UTC;0;890,8;891,9;890,8;2486,3;28,8;14,2;30,4;28;15;13,7;44;38;41;43;8,6;4;
2024/10/14;1700 UTC;0;889,5;890,8;889,5;2410,3;30,2;14,6;30,8;28,5;15;13,5;42;37;39;51;9;3,5;
2024/10/14;1800 UTC;0;888,6;889,5;888,6;1534,7;29,1;13,5;30,9;28,9;14,9;13,1;40;35;39;59;8;2,8;
2024/10/14;1900 UTC;0;888,1;888,6;888,1;380,6;27,3;15,7;29,1;26,9;15,8;13,6;50;39;49;48;8,4;1,3;
2024/10/14;2000 UTC;7,4;888,8;889;888;773,5;22,7;17,5;29,7;19,6;18,1;13,5;78;38;72;6;16,9;7,7;
2024/10/14;2100 UTC;1,2;888,6;888,8;888,5;139,4;23;17,1;23,3;21,5;18,4;17;82;70;70;60;16,9;2,2;
2024/10/14;2200 UTC;0;889,5;889,5;888,6;5,7;22,9;17,1;23,3;22,7;17,8;17,1;74;68;70;56;4,7;1,4;
2024/10/14;2300 UTC;0;890,2;890,2;889,5;1,8;22,8;17,3;24,4;22,8;17,6;16,6;72;62;71;95;7;3,6;
2024/10/15;0000 UTC;2,6;890,8;890,8;890,1;;21,2;18,2;22,8;21,2;18,4;17,4;83;71;83;88;7,8;2,7;
2024/10/15;0100 UTC;,2;891,2;891,3;890,8;;21,3;18,5;21,8;21;18,5;17,7;85;78;84;278;4,7;,4;
2024/10/15;0200 UTC;0;890,6;891,2;890,6;;20,7;18,1;21,7;20,7;18,6;18;85;80;85;222;2,6;0;
2024/10/15;0300 UTC;0;890;890,7;890;;21,2;18,6;21,2;20,7;18,8;18,1;87;84;85;141;1,8;0;
2024/10/15;0400 UTC;0;889,4;890;889,4;;21,5;18,3;21,5;21,1;18,9;18,3;87;82;82;148;2,5;,6;
2024/10/15;0500 UTC;0;888,7;889,4;888,7;;21,6;18,1;21,6;21,4;18,5;18;83;80;81;138;2,8;,9;
2024/10/15;0600 UTC;0;888,4;888,7;888,4;;21;18,5;21,6;21;18,7;17,9;87;80;86;167;3,4;1,8;
2024/10/15;0700 UTC;6,6;889,2;889,2;888,4;;20,1;18;21,2;20,1;18,7;17,8;88;82;88;269;5;1,7;
2024/10/15;0800 UTC;8,2;888,9;889,3;888,8;;19,8;18,3;20,1;19,4;18,6;17,8;92;88;91;152;4,5;2;
2024/10/15;0900 UTC;0;889,6;889,6;888,9;4,3;19,7;17,3;20;19,6;18,3;17;91;83;86;108;4,7;,9;
2024/10/15;1000 UTC;0;890,6;890,6;889,6;98;20,4;17,1;20,5;19,7;17,3;16,7;86;80;82;117;4;1,1;
2024/10/15;1100 UTC;0;891,5;891,5;890,6;168,7;20,3;18,1;20,4;20,2;18,1;17,1;87;81;87;146;3,6;2;
2024/10/15;1200 UTC;0;891,7;891,8;891,5;236,9;20,8;18,4;20,8;20,1;18,5;18,1;90;86;86;174;4,6;1,3;
2024/10/15;1300 UTC;0;892,1;892,1;891,7;518,5;21,5;17,7;21,7;20,8;18,7;17,4;86;77;79;141;3,9;1,2;
2024/10/15;1400 UTC;0;892,1;892,1;892;523,9;21,1;18,8;21,6;20,8;18,9;17,2;87;76;87;190;4,9;2,7;
2024/10/15;1500 UTC;0;891,7;892,1;891,6;979,7;20,9;18;21,4;20,9;18,9;17,9;87;83;84;183;6;3,4;
2024/10/15;1600 UTC;0;890,7;891,7;890,7;741,5;20,6;18,3;21,1;20,5;18,5;17,8;87;83;86;192;6,1;3,1;
2024/10/15;1700 UTC;0;889,5;890,7;889,5;813,8;20,6;18,3;20,8;20,4;18,9;18;89;86;87;183;5,6;2,3;
2024/10/15;1800 UTC;0;888,6;889,5;888,6;833,3;21,6;18,6;21,6;20,6;18,7;18;87;81;83;109;3,7;0;
2024/10/15;1900 UTC;,2;887,8;888,7;887,8;627,4;22;17,7;22;21,3;18,6;17,2;84;74;77;70;4;2;
2024/10/15;2000 UTC;0;887,2;887,8;887,2;556,9;22,5;17;22,5;22;18,3;17;78;71;71;53;7,7;4,9;
2024/10/15;2100 UTC;0;887,1;887,4;887,1;226,6;21,2;18;22,5;21,2;18,1;17,1;82;71;82;82;7,4;2,7;
2024/10/15;2200 UTC;0;887,4;887,4;887,1;4,8;20,4;18;21,2;20,4;18,1;17,7;86;81;86;94;6,8;3;
2024/10/15;2300 UTC;;;;;;;;;;;;;;;;;;
2024/10/16;0000 UTC;;;;;;;;;;;;;;;;;;
2024/10/16;0100 UTC;;;;;;;;;;;;;;;;;;
2024/10/16;0200 UTC;;;;;;;;;;;;;;;;;;
2024/10/16;0300 UTC;0;888,7;889,2;888,7;;19,7;16,2;20;19,5;16,9;16,1;85;79;81;91;3,1;0;
2024/10/16;0400 UTC;;;;;;;;;;;;;;;;;;
2024/10/16;0500 UTC;0;887,6;888,3;887,6;;20,8;16,4;21;20,2;16,5;16,1;79;75;76;53;6,5;3;
2024/10/16;0600 UTC;0;887,4;887,6;887,2;;20,4;16,2;21;20,1;16,5;16,2;79;75;77;352;6,1;,3;
2024/10/16;0700 UTC;0;887,7;887,7;887,4;;20,6;15,6;20,8;20,4;16,2;15,6;77;73;73;33;3,1;1,2;
2024/10/16;0800 UTC;0;887,6;887,8;887,6;;20,5;16,2;20,7;20,3;16,2;15,6;76;73;76;61;5,6;3,2;
2024/10/16;0900 UTC;0;888,3;888,3;887,6;8,7;20,4;16,1;20,6;20,3;16,3;16,1;78;75;77;60;7,7;2,9;
2024/10/16;1000 UTC;0;888,9;888,9;888,3;319,9;20,8;16,4;20,8;20,2;16,5;16;79;75;76;46;6,5;2,2;
2024/10/16;1100 UTC;0;889,5;889,6;888,9;1079,7;22,6;16,9;22,6;20,8;16,9;16,2;77;69;70;45;7,8;4,6;
2024/10/16;1200 UTC;0;890,1;890,1;889,5;1870,4;24;16,5;24,4;22,4;17,2;16,2;70;62;63;9;7,7;2,6;
2024/10/16;1300 UTC;0;889,6;890,1;889,6;2177,7;24,8;16,7;25,1;23,2;17,2;16,2;66;60;61;13;8,4;4,6;
2024/10/16;1400 UTC;0;889;889,6;888,9;3071,9;25,2;16,6;26;24,5;17,6;15,6;62;54;59;355;10,2;5,2;
2024/10/16;1500 UTC;0;888,3;889,1;888,3;3452,4;26,9;16,8;26,9;25,2;17,1;15,7;59;52;54;335;9,7;4,8;
2024/10/16;1600 UTC;0;887,4;888,3;887,4;2091,2;26,6;15,3;27,9;25,2;17;14,8;57;47;50;339;8,7;3,6;
2024/10/16;1700 UTC;,8;886,4;887,4;886,4;1289,5;24,8;18,4;26,7;23,6;19;15;73;49;67;344;7;1,7;
2024/10/16;1800 UTC;,2;886,4;886,5;886,1;1953,6;21,2;17,3;27,6;21,2;19,7;15,3;78;49;78;171;12,5;6,3;
2024/10/16;1900 UTC;,2;885,8;886,5;885,8;669;21,3;17,3;21,3;20,5;17,9;16,9;84;78;78;142;11,8;3;
2024/10/16;2000 UTC;0;885,9;886,1;885,8;1059,7;22,8;16,5;23,3;21,1;18;16,4;81;66;68;145;5,5;2,1;
2024/10/16;2100 UTC;0;886,4;886,4;885,7;262,1;22,3;16,5;23,2;22,3;17,2;16,2;70;67;70;149;4,3;1,2;
2024/10/16;2200 UTC;0;887,6;887,6;886,3;;20,6;18,2;22,3;20,5;18,2;15,9;86;67;86;344;5,6;2,6;
2024/10/16;2300 UTC;0;888,4;888,4;887,6;;19,7;18,2;20,6;19,7;18,2;17,8;91;86;91;30;7,1;1,3;
2024/10/17;0000 UTC;;;;;;19,9;18,2;19,9;19,6;18,3;18;91;90;90;;;;
2024/10/17;0100 UTC;;;;;;;;;;;;;;;;;;
2024/10/17;0200 UTC;;;;;;;;;;;;;;;;;;
2024/10/17;0300 UTC;0;888,8;889,2;888,8;;19,3;17,8;19,7;19,3;18,3;17,7;92;90;91;23;2,9;1,4;
2024/10/17;0400 UTC;0;888,5;888,8;888,3;;19,2;17,7;19,2;19;17,9;17,7;93;91;91;38;4;2,2;
2024/10/17;0500 UTC;,2;887,7;888,5;887,7;;19;17,8;19,2;18,9;17,8;17,7;93;91;93;38;5,4;2,9;
2024/10/17;0600 UTC;0;887,1;887,7;887,1;;18,7;17,5;19;18,7;17,8;17,5;93;92;93;13;5,4;2;
2024/10/17;0700 UTC;0;887;887,1;886,8;;18;17,1;18,7;18;17,6;17,1;94;93;94;19;5,8;3,2;
2024/10/17;0800 UTC;0;887,2;887,3;887;;18,1;17,2;18,2;18;17,3;17,1;95;94;94;329;5,8;1,5;
2024/10/17;0900 UTC;0;887,3;887,3;887,2;8,2;18,1;17,3;18,1;18;17,3;17,1;95;94;95;14;4,3;1,4;
2024/10/17;1000 UTC;0;887,9;887,9;887,2;330,2;18,7;17,8;18,8;18;17,9;17,2;95;95;95;340;4,2;1,9;
2024/10/17;1100 UTC;0;888,6;888,6;887,9;1070,2;21,1;17,5;21,1;18,8;18,5;17,2;95;80;80;260;3;,3;
2024/10/17;1200 UTC;0;889,3;889,3;888,6;2065;23,7;17,6;23,7;21,1;17,9;16,5;81;66;69;264;3,7;1,8;
2024/10/17;1300 UTC;0;889,7;889,7;889,3;2602,3;24,9;17,2;25,6;23,7;18;16,4;69;58;63;267;5,1;2,6;
2024/10/17;1400 UTC;0;889,1;889,7;889,1;1620,2;25,8;17;26,1;24,1;17,9;16,4;67;58;58;344;6,1;3,4;
2024/10/17;1500 UTC;,6;888,8;889,4;888,8;1669,1;21,9;17,9;26,8;20,6;18;15,7;78;56;78;1;9,6;2,2;
2024/10/17;1600 UTC;,2;888,2;889;888,2;478,8;20,1;16,3;23;19,9;18,5;16,2;81;70;79;143;6,7;2,8;
2024/10/17;1700 UTC;1,4;887,6;888,2;887,5;333,6;20;17,7;20,1;19,2;17,7;16,1;88;79;87;67;6,8;2,6;
2024/10/17;1800 UTC;1,2;887,1;887,6;887,1;197,3;19,1;17,2;20;18,9;17,5;16,7;89;83;88;135;6,7;1,7;
2024/10/17;1900 UTC;,4;886,7;887,1;886,7;325,2;20,4;17,9;20,4;19,1;18,1;17,2;90;86;86;122;4,6;,2;
2024/10/17;2000 UTC;0;886,5;886,9;886,5;291,2;19,6;17,8;20,5;19,5;18;17,6;90;84;89;159;5,1;2,4;
2024/10/17;2100 UTC;0;886,8;886,8;886,4;152,9;20;17,8;20,2;19,6;18;17,7;90;86;87;27;4,3;,7;
2024/10/17;2200 UTC;0;887,1;887,1;886,8;;19,6;17,6;20,1;19,5;17,9;17,6;90;87;88;15;3,1;1,1;
2024/10/17;2300 UTC;;;;;;;;;;;;;;;;;;
2024/10/18;0000 UTC;,2;888,9;889,1;888,6;;19,4;17,1;19,7;19,1;17,6;17,1;89;86;87;52;2,5;1,2;
2024/10/18;0100 UTC;0;889;889;888,8;;19,4;17,2;19,4;19;17,3;17;89;86;87;29;3,3;,4;
2024/10/18;0200 UTC;0;888,8;889,2;888,8;;18,7;17,2;19,4;18,7;17,5;17,2;92;87;91;42;2,5;1,2;
2024/10/18;0300 UTC;0;887,8;888,8;887,8;;19,3;15,9;19,3;18,6;17,2;15,9;91;81;81;38;2,2;,5;
2024/10/18;0400 UTC;0;887,2;887,8;887,2;;19,3;16,2;19,4;18,6;16,5;15,8;86;81;82;4;1,7;,1;
2024/10/18;0500 UTC;0;886,7;887,2;886,7;;19;16,6;19,3;18,8;16,6;16;86;82;86;8;2,7;1,5;
2024/10/18;0600 UTC;0;886,2;886,7;886,2;;19,4;16,4;19,5;18,9;16,7;16,4;87;83;83;22;2,8;,4;
2024/10/18;0700 UTC;0;886,5;886,5;886,2;;19,1;16,5;19,4;19;16,5;16,4;85;83;85;10;2,3;,6;
2024/10/18;0800 UTC;0;887,1;887,1;886,5;;19;16,9;19,3;18,9;16,9;16,5;88;85;87;3;2,6;1,3;
2024/10/18;0900 UTC;0;887,4;887,4;887;6,8;18,9;16,9;19,1;18,9;16,9;16,8;88;86;88;348;3,8;1,9;
2024/10/18;1000 UTC;0;888;888;887,4;173,2;19,2;16,9;19,2;18,8;17;16,8;89;86;87;4;4,1;1;
2024/10/18;1100 UTC;,2;888,8;888,8;888;951,7;20,8;17,1;20,9;19,2;17,5;16,8;87;79;79;350;4,8;2,7;
2024/10/18;1200 UTC;0;889,1;889,2;888,8;1089,6;21,7;17,5;22;20,5;18,2;16,9;82;76;77;302;4,9;2,4;
2024/10/18;1300 UTC;0;889,2;889,3;889,1;1800,7;22,9;17,5;23,3;21,7;18,5;17,3;79;71;72;288;5,8;3,5;
2024/10/18;1400 UTC;0;889;889,3;889;1645,5;24,3;17,3;24,5;22,8;18;16,7;72;63;65;264;6,5;2,4;
2024/10/18;1500 UTC;0;888;889;888;2102,2;25;16,4;25,8;24,3;17,8;16,3;66;58;59;269;5,9;1,7;
2024/10/18;1600 UTC;0;886,7;888;886,7;1655,4;26,2;18;26,2;24,8;18;15,9;64;55;61;229;7;3,7;
2024/10/18;1700 UTC;0;885,5;886,7;885,5;2706,3;26,8;16,4;27,6;25,4;17,7;15,3;60;51;53;245;7;2,7;
2024/10/18;1800 UTC;0;884,5;885,5;884,5;2067,9;27,6;17,4;27,7;26,2;17,4;15,1;56;47;54;260;6,6;3,6;
2024/10/18;1900 UTC;0;884,2;884,6;884,2;847,5;23,8;17,9;27,7;23,8;18,3;15,8;70;50;70;177;6,9;2,8;
2024/10/18;2000 UTC;0;884,6;884,6;884,2;156,9;21,9;17,6;24;21,8;18,3;17,1;77;69;76;117;7,6;1,4;
2024/10/18;2100 UTC;0;885;885,1;884,6;95,4;21,9;17,7;22,3;21,8;18;17,3;79;74;77;200;4,2;,9;
2024/10/18;2200 UTC;0;885,9;885,9;885;3,9;19,8;16,8;21,9;19,8;18;16,8;86;76;83;76;5,7;3,5;
2024/10/18;2300 UTC;;;;;;;;;;;;;;;;;;
2024/10/19;0000 UTC;;;;;;;;;;;;;;;;;;
2024/10/19;0100 UTC;0;888,4;888,4;887,5;;19,1;17,4;19,5;19,1;17,5;17,4;90;89;90;354;7;3,4;
2024/10/19;0200 UTC;0;887,8;888,4;887,8;;18,6;17,2;19,1;18,6;17,7;17,2;92;90;92;17;7,7;3,2;
2024/10/19;0300 UTC;;;;;;;;;;;;;;;;;;
2024/10/19;0400 UTC;0;886,8;887,2;886,8;;18,1;16,8;18,3;18,1;17,2;16,8;94;92;92;25;6,8;2,9;
2024/10/19;0500 UTC;0;886,1;886,8;886,1;;18,2;17;18,2;18,1;17;16,6;93;91;93;16;5,9;1,4;
2024/10/19;0600 UTC;0;885,3;886,1;885,3;;18,3;16,9;18,4;18,2;17;16,9;93;92;92;21;4,2;2,4;
2024/10/19;0700 UTC;0;884,9;885,3;884,9;;18,1;16,8;18,3;18,1;16,9;16,7;92;92;92;34;5,8;1,6;
2024/10/19;0800 UTC;0;885,4;885,4;884,9;;18,1;16,7;18,2;18,1;16,9;16,7;92;91;92;358;4,8;,7;
2024/10/19;0900 UTC;0;885,6;885,6;885,4;3,7;18,1;16,6;18,1;18;16,7;16,6;92;91;91;8;2,5;,2;
2024/10/19;1000 UTC;0;886,2;886,2;885,6;133;18,7;16,8;18,7;18,1;16,8;16,6;91;89;89;19;3,2;1,6;
2024/10/19;1100 UTC;0;886,8;886,8;886,2;563,5;20,3;17,1;20,4;18,7;17,4;16,9;89;82;82;15;4,9;2,4;
2024/10/19;1200 UTC;0;886,9;887;886,8;1091,1;22,1;17,3;22,2;20,3;17,6;16,8;83;73;74;358;5,6;2,2;
2024/10/19;1300 UTC;0;887,2;887,2;886,8;2083,3;23,2;17,9;23,8;21,9;18;16,9;74;68;72;2;7,7;2,6;
2024/10/19;1400 UTC;0;886,6;887,2;886,5;2664;24,9;17,1;25,5;23,2;18,1;16,5;72;60;62;343;8,8;4,5;
2024/10/19;1500 UTC;0;886,1;886,5;886,1;2485,4;23,7;17,4;26,2;23,7;18;16,3;68;56;68;323;8,9;6;
2024/10/19;1600 UTC;4;885;886,2;885;599,4;20,8;18,5;23,7;20,5;19,7;17,2;88;68;87;288;9,3;2;
2024/10/19;1700 UTC;3,4;884,6;885;884,6;684,7;21;18,6;22;20;19;17,8;90;81;86;272;11,2;3,5;
2024/10/19;1800 UTC;0;884;884,6;884;931,6;21,8;17,8;22;20,9;19,2;17,8;87;78;78;281;5,3;2,9;
2024/10/19;1900 UTC;0;883,5;884;883,4;681,1;21,8;17,8;22,3;21,7;18,7;17,7;81;76;78;337;7,4;4,9;
2024/10/19;2000 UTC;0;883,2;883,5;883,1;513,9;20,8;17,3;21,8;20,8;18,5;17,3;84;78;81;352;7,4;3,4;
2024/10/19;2100 UTC;0;883,3;883,3;883;396,1;20,3;17,1;21;20,3;17,8;17;83;80;82;337;6,8;2,8;
2024/10/19;2200 UTC;0;884,1;884,1;883,2;4;19,5;17,4;20,3;19,5;17,4;17,1;88;82;88;38;4,5;1,4;
2024/10/19;2300 UTC;0;884,6;884,6;884;;19,3;17,6;19,5;19,2;17,6;17,3;90;88;90;16;3,7;1,8;
2024/10/20;0000 UTC;0;885,1;885,1;884,6;;19,1;17,5;19,3;19,1;17,6;17,4;91;90;90;10;3,7;0;
2024/10/20;0100 UTC;0;885,6;885,6;885,1;;18,9;17,8;19,1;18,8;17,8;17,5;93;90;93;344;2,6;,8;
2024/10/20;0200 UTC;0;885,5;885,7;885,5;;18,9;17,8;19;18,8;17,9;17,7;94;93;94;357;3;,4;
2024/10/20;0300 UTC;0;885;885,5;885;;18,8;17,7;18,9;18,8;17,9;17,7;94;93;93;354;1,9;,2;
2024/10/20;0400 UTC;0;884,3;885;884,2;;18,8;17,6;18,9;18,8;17,8;17,6;94;93;93;358;2,9;1,1;
2024/10/20;0500 UTC;0;883,9;884,3;883,9;;18,8;17,7;18,8;18,7;17,7;17,6;93;93;93;359;2,6;,7;
2024/10/20;0600 UTC;0;883,6;883,8;883,6;;18,7;17,5;18,9;18,7;17,8;17,5;93;93;93;349;3,5;,2;
2024/10/20;0700 UTC;0;883,8;883,8;883,5;;18,1;17;18,7;18,1;17,5;17;94;93;93;1;2,8;0;
2024/10/20;0800 UTC;0;884,1;884,1;883,8;;18,4;17,2;18,5;18,1;17,3;17;94;93;93;346;2,1;0;
2024/10/20;0900 UTC;0;884,2;884,2;883,8;10,9;18,7;17,4;18,7;18,3;17,4;17,1;93;92;92;14;3,9;1,9;
2024/10/20;1000 UTC;0;885,2;885,2;884,2;272,4;19,4;18;19,4;18,7;18;17,4;92;91;91;2;4,2;1,3;
2024/10/20;1100 UTC;0;886,1;886,1;885,2;446,9;19,9;17,8;20;19,4;18,1;17,8;91;87;88;347;5;2,9;
2024/10/20;1200 UTC;,2;886,7;886,7;886,1;741,9;21,2;18,3;21,2;19,9;18,6;17,6;89;84;84;355;5;2,8;
2024/10/20;1300 UTC;0;887,1;887,1;886,7;835,3;21,3;17,4;21,4;20,6;18,2;17,4;86;78;78;337;6,4;4,2;
2024/10/20;1400 UTC;0;887,1;887,3;887,1;930,3;21,3;17,5;21,4;20,4;18;17,1;85;78;79;336;6,9;3,7;
2024/10/20;1500 UTC;0;886,3;887,1;886,3;890,7;21,6;17,9;22;21,3;18,7;17,5;82;78;79;324;6,4;3,6;
2024/10/20;1600 UTC;0;885,3;886,4;885,3;1505;23,1;17,8;23,4;21,6;18,4;17,1;80;70;72;327;8;4,8;
2024/10/20;1700 UTC;0;884,5;885,2;884,5;1944,5;23,6;17,4;24,5;22,9;18,3;17;72;67;68;312;10,3;5,5;
2024/10/20;1800 UTC;0;883,7;884,5;883,7;1401,9;23,4;17,7;23,7;23,1;17,9;17,1;72;67;70;296;9,6;3,6;
2024/10/20;1900 UTC;0;883,3;883,7;883,3;814,6;23,6;17,3;23,7;23;17,9;16,4;71;64;68;249;5,9;2,5;
2024/10/20;2000 UTC;0;884,3;884,3;883,3;531,6;23,1;17,7;23,7;23,1;17,9;16,7;72;66;71;273;5,2;2,2;
2024/10/20;2100 UTC;0;884,5;884,6;884,3;347,6;22,6;17,8;23,3;22,6;18,2;17,6;75;71;74;251;3,3;1,1;
2024/10/20;2200 UTC;0;885,7;885,7;884,5;3,9;21,6;18,3;22,6;21,5;18,4;17,8;82;74;82;321;2;,3;
2024/10/20;2300 UTC;0;886,4;886,4;885,7;;21;18,3;21,9;21;18,4;18,2;85;79;85;154;1,9;0;
2024/10/21;0000 UTC;0;886,8;886,8;886,4;;20,9;18,4;21,3;20,7;18,5;18,2;87;83;86;68;1,5;,4;
2024/10/21;0100 UTC;0;887,3;887,3;886,7;;20,5;18,3;21;20,4;18,5;18,2;89;85;88;70;2,3;,5;
2024/10/21;0200 UTC;;;;;;;;;;;;;;;;;;
2024/10/21;0300 UTC;0;887,1;887,3;887,1;;20,6;18,1;20,7;20,3;18,2;18,1;88;85;86;66;2,2;1,3;
2024/10/21;0400 UTC;0;886,5;887,1;886,5;;20,6;17,5;21,2;20,4;18,1;17,2;86;78;82;155;2,3;0;
2024/10/21;0500 UTC;0;886,3;886,6;886,3;;20,6;17,4;20,7;20,2;18,1;17,4;88;82;82;84;1,8;,6;
2024/10/21;0600 UTC;0;886,2;886,3;886,2;;19,9;18,2;20,6;19,9;18,2;17,1;90;80;90;33;3,8;1,4;
2024/10/21;0700 UTC;0;886,4;886,4;886,1;;19,9;18,5;20;19,8;18,5;18,2;92;90;92;18;3,3;,6;
2024/10/21;0800 UTC;,2;886,8;886,8;886,4;;19,6;18,5;19,9;19,5;18,5;18,5;94;92;94;31;2,7;,5;
2024/10/21;0900 UTC;0;887,2;887,2;886,8;16,6;19,4;18,1;19,6;19,3;18,6;18,1;94;92;92;57;3,5;2,3;
2024/10/21;1000 UTC;0;887,8;887,8;887,2;328,1;20,2;17,9;20,3;19,4;18,3;17,9;92;87;87;60;5;2,9;
2024/10/21;1100 UTC;0;888,6;888,7;887,8;802,5;21,5;18,3;21,6;20,2;18,7;18;88;82;82;35;6,2;2,5;
2024/10/21;1200 UTC;0;888,9;888,9;888,6;1233,3;22,9;19,2;23;21,1;19,6;18,2;86;80;80;16;6,2;2,7;
2024/10/21;1300 UTC;0;889,2;889,2;888,9;2191,6;24,1;18,3;24,8;22,6;19,7;17,9;81;67;70;28;6,6;3,7;
2024/10/21;1400 UTC;0;889,5;889,5;889,2;3063;26;17,8;26,1;23,8;19,3;17,2;73;60;61;24;9;4,4;
2024/10/21;1500 UTC;0;888,7;889,5;888,7;2061,5;25,8;17,8;26,1;24,8;18,4;16,9;65;59;61;22;9;3,8;
2024/10/21;1600 UTC;0;888;888,7;888;2219,3;25,9;17,4;26,2;24,9;18,1;16,5;64;57;59;22;8,5;3,9;
2024/10/21;1700 UTC;0;887,1;888;887,1;2040,9;26,1;17,4;26,7;24,5;18,9;16,9;69;58;59;4;7,5;3,5;
2024/10/21;1800 UTC;0;886,6;887,2;886,6;2607,7;25,6;17,5;27,6;25,6;19;16,8;61;53;61;356;7,9;3,7;
2024/10/21;1900 UTC;0;887;887;886,6;876,6;25,2;17,2;25,9;25;17,7;16,9;62;60;61;354;7,4;3,4;
2024/10/21;2000 UTC;0;887,4;887,4;887;411,8;23,8;17,9;25,3;23,8;18,2;16,8;70;60;70;331;6,8;3,6;
2024/10/21;2100 UTC;0;888;888;887,4;92,8;20,3;18,1;23,9;20,3;18,6;17,7;87;69;87;268;7,1;1,8;
2024/10/21;2200 UTC;0;888,5;888,5;887,9;,1;19,5;18;20,4;19,5;18,4;17,9;91;87;91;275;5,6;3,1;
2024/10/21;2300 UTC;;;;;;;;;;;;;;;;;;
2024/10/22;0000 UTC;0;890,1;890,1;889,3;;20,3;17,5;20,3;19,4;17,8;17,4;89;84;84;120;2,7;,6;
2024/10/22;0100 UTC;;;;;;;;;;;;;;;;;;
2024/10/22;0200 UTC;;;;;;;;;;;;;;;;;;
2024/10/22;0300 UTC;;;;;;;;;;;;;;;;;;
2024/10/22;0400 UTC;0;889,3;889,8;889,3;;19,6;17,3;20,2;19,3;17,8;17,3;88;86;87;25;3,5;1,1;
2024/10/22;0500 UTC;0;888,8;889,3;888,8;;19,1;17,2;19,6;18,9;17,5;17,2;91;86;89;73;3,3;,2;
2024/10/22;0600 UTC;0;888,6;888,8;888,5;;19,7;17,4;19,7;19;17,5;17;89;87;87;95;2,9;1,5;
2024/10/22;0700 UTC;0;888,8;888,8;888,6;;19,6;17,4;19,9;19,6;17,5;17,3;87;86;87;129;4,1;,4;
2024/10/22;0800 UTC;0;889,3;889,3;888,8;;19,4;17,4;19,7;19,4;17,5;17,4;88;87;88;68;3,1;,1;
2024/10/22;0900 UTC;0;889,7;889,7;889,3;9,9;19,5;17,2;19,8;19,3;17,5;17,2;89;86;86;87;6,4;2,9;
2024/10/22;1000 UTC;0;890,1;890,1;889,7;228,1;19,6;17,1;19,6;19,4;17,2;17;87;85;86;68;7,2;3,7;
2024/10/22;1100 UTC;0;890,5;890,5;890,1;917,1;21;17,4;21,3;19,6;17,8;17,1;86;78;80;78;8,2;3,8;
2024/10/22;1200 UTC;0;891,1;891,1;890,4;1756,9;24,3;16,6;24,6;21;17,8;16,6;80;62;62;44;10;5,7;
2024/10/22;1300 UTC;0;890,8;891,1;890,8;3173,3;26,1;16,8;26,5;24,2;17,4;16,3;64;56;57;61;10;4;
2024/10/22;1400 UTC;0;890,5;890,9;890,5;3437,6;26,4;17,1;27,4;25,3;17,8;16,4;62;53;57;6;9,7;3,9;
2024/10/22;1500 UTC;0;889,9;890,5;889,9;3782,5;27,2;17,2;27,9;26,4;17,6;15,6;57;49;54;6;8,9;3,8;
2024/10/22;1600 UTC;0;889;889,9;889;3917,8;28,9;17,1;28,9;26,9;17,6;15,8;55;46;49;356;8,9;4,2;
2024/10/22;1700 UTC;0;887,9;889;887,9;3291,4;29,9;16,3;29,9;27,6;17;14,5;50;42;44;332;7,4;2;
2024/10/22;1800 UTC;0;887,4;887,9;887,1;1570,1;25,8;17,7;30,2;25,8;18;15,1;62;42;61;61;8,9;3,2;
2024/10/22;1900 UTC;0;888,5;888,6;887,4;154,3;21,5;17,7;26,2;21,5;18,3;16,5;79;58;79;185;9,5;3,1;
2024/10/22;2000 UTC;,8;888,1;888,6;887,7;35,4;19,8;17,8;21,5;19,6;18,3;17,4;91;78;88;146;6,8;2,5;
2024/10/22;2100 UTC;1;888,9;888,9;888,1;10,8;20,3;18,3;20,6;19,8;18,3;17,5;89;83;88;115;6,1;1,8;
2024/10/22;2200 UTC;1;889;889;888,8;;20;17,6;20,4;20;18,4;17,6;89;86;86;110;5,7;2,2;
2024/10/22;2300 UTC;0;889,6;889,6;889;;20,1;17,2;20,1;19,7;17,7;17,2;87;83;83;109;5,4;,6;
2024/10/23;0000 UTC;;;;;;;;;;;;;;;;;;
2024/10/23;0100 UTC;;;;;;;;;;;;;;;;;;
2024/10/23;0200 UTC;0;889,9;890,2;889,9;;19,4;17,7;20,4;19,4;17,7;17,2;90;83;90;234;2,2;0;
2024/10/23;0300 UTC;0;889,3;889,9;889,2;;20,2;17,2;20,2;19,3;18;17,2;91;83;83;142;2,3;,3;
2024/10/23;0400 UTC;0;888,8;889,3;888,8;;19,8;17,7;20,2;19,8;17,7;17,1;88;83;88;95;2;0;
2024/10/23;0500 UTC;0;888,1;888,8;888,1;;20,4;17,4;20,9;19,8;17,7;17,2;88;80;83;117;3,4;,1;
2024/10/23;0600 UTC;0;887,9;888,1;887,9;;20,7;17,7;20,7;20,4;17,7;17,4;83;82;83;97;3,2;1,3;
2024/10/23;0700 UTC;0;887,8;888;887,8;;20,7;17,7;20,8;20,5;17,7;17,6;84;82;83;102;4,1;2,1;
2024/10/23;0800 UTC;0;888;888;887,7;;20,8;17,8;20,8;20,5;17,8;17,6;84;83;83;93;4,7;1,4;
2024/10/23;0900 UTC;0;888,4;888,4;888;20;21;17,4;21;20,7;17,8;17,3;83;80;80;86;4,8;2;
2024/10/23;1000 UTC;0;888,7;888,7;888,3;330,1;21,7;17,7;21,7;21;17,9;17,4;81;78;78;80;5,7;2,3;
2024/10/23;1100 UTC;0;888,9;888,9;888,7;1235,4;23,5;17,7;23,6;21,6;18,3;17,5;79;69;70;73;6,9;4,4;
2024/10/23;1200 UTC;0;889,2;889,2;888,9;1484,3;25,4;16,6;25,4;23,3;18,4;15,8;71;56;58;58;9,3;5;
2024/10/23;1300 UTC;0;889,2;889,2;889,1;2760,5;27;15,4;27,5;25,4;16,7;14,8;58;48;49;43;8,6;4,4;
2024/10/23;1400 UTC;0;888,9;889,2;888,9;2905,4;27,7;15,6;28,4;26,7;16,9;14,9;52;47;48;23;7,8;3,1;
2024/10/23;1500 UTC;0;888;889;888;3351,8;28,8;16,7;29,5;27,2;17,5;15,1;51;43;48;6;7,1;3,8;
2024/10/23;1600 UTC;0;887,1;888;887,1;833,6;24,9;18,1;28,9;24,8;18,6;15,7;68;47;66;183;7;1,9;
2024/10/23;1700 UTC;3,4;886,5;887,1;886,5;745,8;23,7;19,8;24,9;22,8;19,8;17,9;81;65;79;221;6,3;,6;
2024/10/23;1800 UTC;,2;885,9;886,5;885,9;579;23,2;18,8;23,8;22,8;20,1;18,6;82;75;76;252;5,1;2,6;
2024/10/23;1900 UTC;0;885,8;885,9;885,5;109;22;18,6;23,2;21,9;19,7;18,4;84;75;81;172;5,1;1,2;
2024/10/23;2000 UTC;,2;886,1;886,4;885,8;34,5;21,2;18,8;22,2;21,2;18,9;18,4;86;80;86;212;5,6;2,1;
2024/10/23;2100 UTC;0;885,4;886,4;885,4;19,3;21,1;18,8;21,4;20,9;19,1;18,7;89;86;87;133;4,9;1,3;
2024/10/23;2200 UTC;0;886,4;886,4;885,4;,9;21,1;18,9;21,3;20,9;19;18,5;88;84;87;319;3,4;,9;
2024/10/23;2300 UTC;;;;;;;;;;;;;;;;;;
2024/10/24;0000 UTC;;;;;;;;;;;;;;;;;;
2024/10/24;0100 UTC;0;887,3;887,3;887,1;;22,3;17,5;22,4;20,3;18,8;17,5;90;74;74;87;2,7;1,7;
2024/10/24;0200 UTC;;;;;;;;;;;;;;;;;;
2024/10/24;0300 UTC;0;886,7;887,2;886,7;;21,9;17,1;22,8;20,9;17,9;16,7;82;69;74;97;2,4;,2;
2024/10/24;0400 UTC;0;886,3;886,7;886,3;;21,3;17,9;21,8;20,2;17,9;16,9;84;75;81;142;2,5;,4;
2024/10/24;0500 UTC;0;885,8;886,3;885,8;;21,2;16,8;21,4;20,7;18,4;16,8;85;76;76;72;2,1;,5;
2024/10/24;0600 UTC;0;885,5;885,8;885,5;;21,4;17;21,7;21,1;17,2;16,4;77;72;76;91;1,9;,1;
2024/10/24;0700 UTC;0;885,6;885,6;885,5;;21,6;16,5;22;21,2;17,4;16,1;78;70;73;103;1,3;0;
2024/10/24;0800 UTC;0;885,9;885,9;885,6;;22,1;16,6;22,1;21,2;17;16,2;76;69;71;58;1,1;0;
2024/10/24;0900 UTC;0;886,1;886,1;885,9;11,8;22,1;16,5;22,2;21,3;17,2;16,3;77;70;71;68;,8;0;
2024/10/24;1000 UTC;0;886,9;886,9;886,1;408,1;23,5;18,6;23,6;21,7;18,6;16,5;76;67;74;115;1,9;0;
2024/10/24;1100 UTC;0;887,4;887,4;886,9;1152,9;25,7;16,3;26,1;23,4;18,7;16,3;75;55;56;357;1,8;,1;
2024/10/24;1200 UTC;0;887,7;887,7;887,4;2220,8;27,5;16,6;27,8;25,7;17,5;15,9;58;49;52;345;3,5;1,7;
2024/10/24;1300 UTC;0;887,5;887,7;887,5;2226,4;28,3;14,3;28,7;27,1;17,5;14,3;53;41;42;357;6,5;3,2;
2024/10/24;1400 UTC;0;887,2;887,6;887,2;874,4;27,8;16;28,3;27,3;16,2;14,2;50;42;49;337;6,2;3,3;
2024/10/24;1500 UTC;0;886,5;887,3;886,5;1751,6;28,3;15;29,5;27,6;16,4;14,1;50;40;44;313;7,8;4,6;
2024/10/24;1600 UTC;0;885,5;886,5;885,5;2720,4;29,7;13;30;28,3;15,7;12,7;45;35;36;309;9,2;4;
2024/10/24;1700 UTC;0;884,5;885,5;884,5;2354,1;29,6;13,8;30,5;29,1;14,9;12,8;41;35;38;337;8,6;4;
2024/10/24;1800 UTC;0;883,6;884,5;883,6;1275;29,9;13,6;30,2;29,4;14,5;12,9;40;35;37;340;8,4;3;
2024/10/24;1900 UTC;0;883,5;883,6;883,4;1240,7;26,8;17,1;30,6;26,8;18,1;12,9;57;35;55;176;8;3,7;
2024/10/24;2000 UTC;0;883,6;883,7;883,4;498,9;26,8;17,1;26,9;26,4;17,8;17,1;58;55;55;164;6,7;2;
2024/10/24;2100 UTC;0;884,4;884,4;883,6;162,1;24,7;18,1;26,9;24,7;18,5;17,1;67;55;67;92;6;3,7;
2024/10/24;2200 UTC;0;885,2;885,2;884,4;;24,3;16,9;24,7;24,3;18,1;16,8;67;63;63;90;7;3,6;
2024/10/24;2300 UTC;0;885,8;885,8;885,2;;23,9;16,8;24,3;23,4;17,3;16,8;69;63;64;116;5,7;1,1;
2024/10/25;0000 UTC;;;;;;;;;;;;;;;;;;
2024/10/25;0100 UTC;;;;;;;;;;;;;;;;;;
2024/10/25;0200 UTC;;;;;;;;;;;;;;;;;;
2024/10/25;0300 UTC;0;886,8;886,9;886,5;;22,1;18,4;23,8;22,1;18,4;17,1;79;66;79;178;8,8;4,3;
2024/10/25;0400 UTC;0;886,3;886,9;886,2;;20,9;18,7;22,1;20,9;18,7;18,4;87;79;87;167;7,9;4,1;
2024/10/25;0500 UTC;0;886,1;886,3;886;;20,6;18,5;20,9;20,6;18,7;18,5;88;87;88;154;7,9;2,9;
2024/10/25;0600 UTC;0;885,6;886,1;885,6;;20,5;18,4;20,6;20,4;18,5;18,4;88;88;88;125;6;1,9;
2024/10/25;0700 UTC;0;885,6;885,6;885,5;;20,6;17,7;20,6;20,3;18,4;17,7;88;83;83;131;5,9;1;
2024/10/25;0800 UTC;0;886,4;886,4;885,6;;20,7;17,1;21;20,6;17,6;16,8;83;77;80;204;3,7;,1;
2024/10/25;0900 UTC;0;886,5;886,6;886,4;7,3;20,1;17,7;20,7;20;17,7;17;86;79;86;143;2,9;,3;
2024/10/25;1000 UTC;0;887,2;887,2;886,5;173;21,2;17,5;21,2;20,1;17,9;17,3;86;79;79;58;2,8;1,7;
2024/10/25;1100 UTC;0;888,8;888,8;887,2;256,4;20,1;18,3;21,9;20,1;18,4;17,5;89;79;89;269;6,5;3,8;
2024/10/25;1200 UTC;3;889,4;889,4;888,8;79,5;20,2;19,1;20,2;19,9;19,1;18,3;93;89;93;315;6,5;1,1;
2024/10/25;1300 UTC;1,4;889,6;889,6;889,4;91,9;20,2;18,8;20,3;20,1;19,2;18,6;93;91;91;43;3,2;,1;
2024/10/25;1400 UTC;2;889,2;889,7;889,2;259,7;20,9;19,2;20,9;20,2;19,2;18,6;92;88;90;153;2;0;
2024/10/25;1500 UTC;0;888,4;889,2;888,4;933,1;22,2;18,4;22,3;20,8;19,4;18;91;77;79;197;2,9;1,5;
2024/10/25;1600 UTC;0;887,2;888,4;887,2;1717,6;24;18,1;24,3;22,2;19,8;17,7;83;68;70;231;5,4;2,5;
2024/10/25;1700 UTC;0;886,8;887,2;886,8;1484,6;25,2;18,7;25,2;23,9;19,5;17,1;72;64;67;280;4,4;2,6;
2024/10/25;1800 UTC;0;886,6;886,8;886,5;1749,1;25,5;17,7;26,3;25,1;18,8;16,7;68;57;62;263;6,6;3,8;
2024/10/25;1900 UTC;0;886,1;886,7;886,1;766,2;24,8;17,6;25,6;24,8;18,4;16,9;67;59;64;247;5,4;1,3;
2024/10/25;2000 UTC;0;886,2;886,2;885,8;533,2;24,7;17,7;25,2;24,6;18,6;17,1;69;61;65;231;2,9;,9;
2024/10/25;2100 UTC;0;886,3;886,4;886,2;166;24,3;18,7;24,7;24;18,8;17,6;73;65;71;287;2,2;0;
2024/10/25;2200 UTC;0;886,9;886,9;886,3;10,9;23,3;18,3;24,4;22,7;19,2;18,2;78;70;73;124;1,5;,2;
2024/10/25;2300 UTC;;;;;;;;;;;;;;;;;;
2024/10/26;0000 UTC;0;888,7;888,7;888;;22,2;18,4;22,3;21,8;18,6;18,4;82;79;79;12;2,6;,1;
2024/10/26;0100 UTC;;;;;;;;;;;;;;;;;;
2024/10/26;0200 UTC;0;888,7;889,2;888,7;;22,6;17,5;22,7;22,2;18,2;17,5;78;73;73;82;2,3;1,3;
2024/10/26;0300 UTC;;;;;;;;;;;;;;;;;;
2024/10/26;0400 UTC;0;887,4;888,1;887,4;;21,2;17,7;22;20,9;17,7;17,3;82;76;81;152;2,7;,4;
2024/10/26;0500 UTC;0;886,6;887,4;886,6;;19,7;17,8;21,3;19,3;18,1;17,4;90;80;89;78;3,7;1,7;
2024/10/26;0600 UTC;0;886,2;886,6;886,1;;21,3;17,6;22,5;19,7;18,1;16,8;89;71;79;134;3;,9;
2024/10/26;0700 UTC;0;886,5;886,5;886,2;;22,7;17,1;22,7;21,3;17,7;17,1;80;71;71;145;3;1,4;
2024/10/26;0800 UTC;0;886,8;886,9;886,5;;22,4;16,9;23,1;22,4;17,1;16,9;72;68;71;123;2,9;,8;
2024/10/26;0900 UTC;0;887,5;887,5;886,8;10,7;21,5;16,8;22,5;20;17,4;16,7;84;70;74;41;3,7;,5;
2024/10/26;1000 UTC;0;888;888;887,4;191;22,3;17,5;22,3;21,5;17,5;16,6;77;72;74;7;2,5;,9;
2024/10/26;1100 UTC;0;888,6;888,6;888;483,3;23,9;17,8;23,9;22,3;18,2;17,5;76;68;69;20;2,2;,2;
2024/10/26;1200 UTC;0;889;889;888,6;405,1;24,3;18,5;24,4;23,9;18,5;17,1;70;65;70;113;1,7;,1;
2024/10/26;1300 UTC;0;889;889,1;889;654;25,5;17,5;25,5;24,3;18,6;17,2;70;60;61;76;3,5;2,2;
2024/10/26;1400 UTC;0;888,9;889,1;888,9;1434,2;26,2;17,7;26,5;25,5;18,4;16;63;54;59;345;4,5;2,5;
2024/10/26;1500 UTC;0;888,9;889;888,9;2330,2;27,5;17,5;27,9;26,1;18,6;17,1;61;54;54;326;4,8;1,9;
2024/10/26;1600 UTC;0;887,7;888,9;887,7;3214,1;29,1;14,9;29,9;27,2;17,9;14,9;55;41;42;344;5,9;2,4;
2024/10/26;1700 UTC;0;886,8;887,7;886,8;1404,9;25,7;16,8;29,4;25,5;17,1;14,3;59;41;58;143;6,2;2,2;
2024/10/26;1800 UTC;0;886,2;886,8;886,2;1423;26,9;17,7;27,2;25,3;18;15,7;60;54;57;225;5,7;3,6;
2024/10/26;1900 UTC;0;885,1;886,2;885,1;2172,3;26,2;15,9;27,3;26,1;18,6;15,8;61;52;53;167;9,2;2,9;
2024/10/26;2000 UTC;0;885,3;885,3;884,9;612,3;26,1;16,3;26,4;25,9;17,2;15,9;57;53;55;187;5,3;1,5;
2024/10/26;2100 UTC;0;886,3;886,3;885,3;269,7;25,7;17,4;26,2;25,7;17,4;16,4;60;55;60;179;3,8;2;
2024/10/26;2200 UTC;0;886,9;886,9;886,3;4,1;25;17,8;25,7;25;17,8;17,3;64;60;64;178;4,3;1,3;
2024/10/26;2300 UTC;0;887,5;887,5;886,9;;24,4;17,9;25;24,4;18;17,7;67;64;67;167;3,8;1,3;
2024/10/27;0000 UTC;0;888,3;888,3;887,5;;24,3;17,6;24,4;24;18;17,6;69;66;66;176;3,4;,5;
2024/10/27;0100 UTC;0;888,8;888,8;888,3;;23,3;17,4;24,3;23,3;17,8;17,2;70;66;70;152;3,7;2;
2024/10/27;0200 UTC;0;888,2;888,8;888,2;;22,3;17,8;23,3;22,3;17,9;17,5;76;70;76;159;6,2;1,5;
2024/10/27;0300 UTC;0;887,8;888,2;887,8;;21,5;18,2;22,3;21,5;18,2;17,7;82;76;82;174;3,7;2,1;
2024/10/27;0400 UTC;0;887,6;887,8;887,6;;21,3;18,4;21,5;21,1;18,4;18,2;84;82;83;145;4,2;2;
2024/10/27;0500 UTC;0;886,6;887,7;886,6;;19,5;15,7;21,8;19,4;18,4;15,7;84;78;78;90;12,6;6,3;
2024/10/27;0600 UTC;0;886,4;886,7;886,4;;21,1;14,3;21,1;19,6;15,6;14,3;78;65;65;84;11,5;3,6;
2024/10/27;0700 UTC;0;886,5;886,7;886,4;;21,2;14,1;21,3;20,8;14,5;14;67;63;64;73;7,2;3,3;
2024/10/27;0800 UTC;0;887,3;887,3;886,4;;21,4;14,2;22,8;21,3;14,3;13,5;64;56;63;31;5,9;2,2;
2024/10/27;0900 UTC;0;888,5;888,5;887,3;7,6;19,2;16,1;21,7;19,2;16,1;14,1;82;62;82;4;6,5;,6;
2024/10/27;1000 UTC;0;889,6;889,6;888,5;82,2;19,6;16,2;19,6;19,2;16,3;16,1;82;81;81;18;3,3;,3;
2024/10/27;1100 UTC;0;890,6;890,6;889,6;371,3;22;17;22;19,6;17,1;16,3;82;73;73;47;10,7;6,1;
2024/10/27;1200 UTC;0;891;891;890,6;1198,5;24;17,3;24;22;17,6;16,9;74;66;66;42;12,6;7;
2024/10/27;1300 UTC;0;890,9;891,1;890,9;2136,5;24,2;17,1;25;23,5;18;16,7;69;63;65;26;13,4;4,2;
2024/10/27;1400 UTC;0;890,2;890,9;890,2;2366;26;14,3;26,9;24,1;17,2;13,7;64;48;49;22;12,2;4,4;
2024/10/27;1500 UTC;0;889,7;890,2;889,7;1344,2;25;13,2;26,2;24,7;14,2;12,8;50;44;48;11;8,6;2,9;
2024/10/27;1600 UTC;0;889,1;889,8;889,1;1485,7;25,1;14,2;25,3;24,3;14,8;13,1;54;48;51;16;9;3,1;
2024/10/27;1700 UTC;0;888,2;889,1;888,2;1435,9;25,3;14,5;25,8;24,7;14,8;13,4;53;48;51;20;7,8;3,1;
2024/10/27;1800 UTC;0;887,4;888,2;887,4;2902,5;27,1;15,9;27,5;25,3;16,2;14;52;45;50;348;7,6;3;
2024/10/27;1900 UTC;0;887;887,4;886,9;2186,4;28;16,1;28,1;26,4;16,9;15,1;52;46;48;331;6,8;2,4;
2024/10/27;2000 UTC;0;887;887;886,8;711,8;26,7;16,7;28,3;26,7;16,9;15,3;54;47;54;334;6,6;2,3;
2024/10/27;2100 UTC;0;887,2;887,2;886,9;237,6;25,8;17,4;26,7;25,8;17,5;16,7;60;54;60;350;3,5;,9;
2024/10/27;2200 UTC;0;888,1;888,1;887,2;4,9;24,6;17,6;25,8;24,2;17,8;17,4;67;60;65;317;3;1;
2024/10/27;2300 UTC;0;889;889;888,1;;24,2;17,5;24,6;23,8;17,8;17,4;69;65;66;32;2,3;,4;
2024/10/28;0000 UTC;;;;;;;;;;;;;;;;;;
2024/10/28;0100 UTC;;;;;;;;;;;;;;;;;;
2024/10/28;0200 UTC;0;889,4;889,6;889,4;;23,5;18;23,6;23,4;18,1;17,9;72;71;72;177;2,2;,2;
2024/10/28;0300 UTC;0;889;889,4;889;;23,3;18,2;23,6;23,3;18,2;18;73;71;73;164;4;1,8;
2024/10/28;0400 UTC;0;888,8;889;888,8;;22,3;18,6;23,3;22,3;18,6;18,2;79;73;79;173;5,1;2,4;
2024/10/28;0500 UTC;0;888,5;888,8;888,5;;21,7;18,8;22,3;21,7;18,9;18,6;83;79;83;163;6,5;3,2;
2024/10/28;0600 UTC;0;888,3;888,5;888,2;;21,2;18,5;21,7;21,2;18,8;18,5;85;83;85;157;6,2;2,4;
2024/10/28;0700 UTC;0;888,3;888,3;888,2;;20,8;18,4;21,2;20,8;18,5;18,4;86;85;86;155;6,2;2,5;
2024/10/28;0800 UTC;0;888,8;888,8;888,3;;20,7;17,8;20,9;20,7;18,4;17,8;86;84;84;140;4,8;1,8;
2024/10/28;0900 UTC;0;889,1;889,1;888,8;8,7;20,8;18;20,9;20,7;18;17,7;84;82;84;137;5,4;1,8;
2024/10/28;1000 UTC;0;889,6;889,6;889;168,9;21;18,3;21,1;20,8;18,4;18;85;83;85;123;8,6;3,6;
2024/10/28;1100 UTC;0;890,4;890,4;889,6;642,3;21,9;18,1;22,1;21;18,4;18;85;79;79;111;9,7;4,2;
2024/10/28;1200 UTC;0;890,7;890,8;890,4;1320,4;22,8;18,3;23,1;21,8;18,5;17,9;80;74;76;106;9,9;4;
2024/10/28;1300 UTC;0;890,9;891;890,6;1973,1;24,1;18,3;24,3;22,8;19;18;77;70;70;93;10;5;
2024/10/28;1400 UTC;0;890,5;890,9;890,4;3177,2;24;18;25,8;23,6;19,1;17,7;71;64;69;88;10,5;6,1;
2024/10/28;1500 UTC;0;889,9;890,5;889,9;2284,1;25,2;17,6;26,1;24;18,7;17;69;61;62;99;9,4;3,3;
2024/10/28;1600 UTC;0;888,9;890;888,9;2310,6;27,1;16,3;27,7;24,7;18,5;16,2;65;50;52;62;8;1,9;
2024/10/28;1700 UTC;0;887,7;888,9;887,7;2991,7;28;16,7;29,5;27,1;17,8;15,5;53;44;50;7;5;1,6;
2024/10/28;1800 UTC;8,4;886,8;887,8;886,8;490;22,9;18,1;28;21,2;18,3;15,8;80;50;74;342;16,4;1,1;
2024/10/28;1900 UTC;,2;886,3;886,8;886,2;1449,6;27,4;16,5;27,9;23;20,8;15,9;79;49;51;10;2,7;1;
2024/10/28;2000 UTC;0;886,4;886,4;886;955;27,1;16,5;28,6;27,1;17,2;15,1;52;46;52;348;2,7;,1;
2024/10/28;2100 UTC;0;887,2;887,2;886,4;65,3;25,1;17,8;27,1;25;18,9;16,3;68;52;64;66;1,5;0;
2024/10/28;2200 UTC;0;887,6;887,6;887,2;;24,9;16,5;25,7;24,8;17,9;16,2;65;56;60;68;2,7;1,8;
2024/10/28;2300 UTC;0;888,2;888,2;887,6;;24,2;17;24,8;23,7;17,7;16,5;67;60;64;152;2,6;,7;
2024/10/29;0000 UTC;0;889;889;888,2;;24,3;17;24,6;24,2;17;16,1;64;59;64;140;2,5;,6;
2024/10/29;0100 UTC;0;890,4;890,5;889;;20,6;17,5;24,3;20,6;18,4;17;83;64;83;193;9,5;4;
2024/10/29;0200 UTC;0;890,6;890,8;890,4;;20;17,4;20,6;20;18;17,4;86;83;85;154;7,1;3,9;
2024/10/29;0300 UTC;;;;;;;;;;;;;;;;;;
2024/10/29;0400 UTC;0;889,1;890,8;889,1;;18;16,2;18,6;17,9;16,5;15,6;89;83;89;175;10,4;4,3;
2024/10/29;0500 UTC;0;888,2;889,1;888,2;;18;15,9;18,1;17,9;16,4;15,9;90;88;88;167;8,9;3,2;
2024/10/29;0600 UTC;0;887,4;888,2;887,4;;18,2;15,4;18,2;18;15,9;15,4;88;83;83;149;6;2,3;
2024/10/29;0700 UTC;0;887,6;887,6;887,2;;18,8;15,1;18,8;18,2;15,4;15;84;79;79;143;4,3;,8;
2024/10/29;0800 UTC;0;887,7;887,7;887,5;;19,4;14,9;19,4;18,8;15,1;14,9;79;75;75;107;3,8;1,7;
2024/10/29;0900 UTC;0;888,3;888,3;887,7;1,4;19,8;15;20,4;19,4;15,1;14,6;76;69;74;68;5,2;2,4;
2024/10/29;1000 UTC;0;888,9;888,9;888,3;116,4;20,3;15,8;20,3;18,7;16,1;14,9;84;74;76;88;4,4;1,4;
2024/10/29;1100 UTC;0;889,6;889,6;888,9;512,9;22;15,6;22;20,3;16,4;15,1;75;67;67;80;4,9;1,7;
2024/10/29;1200 UTC;0;889,6;889,7;889,6;1072,9;22,9;16,2;22,9;22;16,8;15,6;70;66;66;75;8,2;3,3;
2024/10/29;1300 UTC;0;889,5;889,6;889,4;1324,6;24,1;16,4;24,2;22,8;16,6;15,6;66;61;62;46;7,8;3,8;
2024/10/29;1400 UTC;0;889,3;889,5;889,3;2285,9;26,8;18,2;26,8;24,1;18,2;16,4;63;57;59;39;6,8;2,5;
2024/10/29;1500 UTC;0;888,7;889,3;888,7;2726,2;26,1;17,6;27;25,5;17,7;16,3;61;54;60;345;6,2;2,9;
2024/10/29;1600 UTC;0;887,9;888,7;887,9;1722,9;25,1;16,9;27,2;25,1;17,9;15,8;61;51;60;84;5,5;2,6;
2024/10/29;1700 UTC;0;887;887,9;887;1359,5;26,5;15,7;26,5;24,8;17,1;15,6;62;52;52;52;4,3;1,7;
2024/10/29;1800 UTC;0;886,3;887;886,3;613,5;24,4;16,6;26,5;24,4;16,6;15;62;51;62;168;4,6;,8;
2024/10/29;1900 UTC;0;885,3;886,3;885,3;339,2;23,2;17,7;24,5;23;18,6;16,1;75;60;71;140;4,4;1,6;
2024/10/29;2000 UTC;0;885,2;885,3;885,1;794,8;25,1;17,4;25,3;23,2;18,6;15,9;73;56;62;66;3,2;,3;
2024/10/29;2100 UTC;0;885,8;885,8;885,2;154,2;24,6;16,6;25,1;24,5;17,8;16;65;59;61;139;1,7;,2;
2024/10/29;2200 UTC;0;886,4;886,4;885,8;,5;23,7;16,9;24,6;23,7;17,3;16,2;67;60;65;111;1,8;,1;
2024/10/29;2300 UTC;0;886,9;886,9;886,4;;22,5;17,3;23,8;22,5;17,5;16,7;73;65;72;55;2,5;1,8;
2024/10/30;0000 UTC;0;887,4;887,4;886,9;;22,6;16,9;23;22,2;17,7;16,5;76;67;70;52;2,5;1;
2024/10/30;0100 UTC;;;;;;;;;;;;;;;;;;
2024/10/30;0200 UTC;,2;888;888,1;887,6;;20,8;17,5;21,9;20,7;17,5;17,2;82;75;82;85;9,3;4,3;
2024/10/30;0300 UTC;,6;887,7;888,5;887,7;;19,2;17,8;20,8;18,9;17,8;17,3;92;82;92;119;10,6;0;
2024/10/30;0400 UTC;1,8;886,8;887,7;886,8;;19,3;17,7;19,7;19,2;18,2;17,6;92;88;90;77;4,3;2;
2024/10/30;0500 UTC;1;886;886,8;886;;19,3;17,3;19,6;19,3;17,7;17,1;91;87;88;85;4,6;2,6;
2024/10/30;0600 UTC;0;886,4;886,4;885,9;;18,9;17,6;19,6;18,8;17,7;17,2;93;87;93;248;4,8;2,8;
2024/10/30;0700 UTC;9;886,5;886,6;886,4;;19;17,9;19;18,8;17,9;17,6;94;93;94;167;4,8;2,3;
2024/10/30;0800 UTC;1,2;886,5;886,5;886,4;;18,9;17,9;19;18,9;18;17,9;94;93;94;140;4,2;,8;
2024/10/30;0900 UTC;,4;886,1;886,6;886,1;3,6;19,2;17,1;19,3;18,9;18;17,1;94;88;88;107;6,1;3,4;
2024/10/30;1000 UTC;0;886,6;886,6;886,1;248,1;20;17,6;20;19,2;17,6;17,1;88;85;86;82;6,2;0;
2024/10/30;1100 UTC;,2;887,4;887,4;886,6;673,4;21,5;18,2;21,5;20;18,8;17,6;87;81;81;52;2,7;,7;
2024/10/30;1200 UTC;0;888,1;888,1;887,4;998,7;20,8;18,3;21,5;20,2;18,6;17,9;90;80;86;1;4,8;2,5;
2024/10/30;1300 UTC;0;887,6;888,1;887,6;1662,9;22,3;18,9;22,3;20,7;18,9;18;87;78;81;351;4,6;1,9;
2024/10/30;1400 UTC;0;887,6;887,6;887,5;905,7;22;18,1;22,5;21,7;18,9;17,9;83;77;79;55;4,3;1,7;
2024/10/30;1500 UTC;0;887,3;887,7;887,3;2147,7;23,4;18,1;23,5;22;19,2;17,3;80;70;72;73;6;2,4;
2024/10/30;1600 UTC;2,8;886,9;887,3;886,6;1888,7;21,4;17,5;24,5;21,4;18,8;17,1;79;66;79;352;6,5;1,7;
2024/10/30;1700 UTC;20;885,6;886,9;885,6;323,1;20,7;18,9;21,3;19;18,9;16,9;91;79;89;45;5,4;,7;
2024/10/30;1800 UTC;0;884,8;885,6;884,7;2630,1;23,5;17,8;23,8;20,7;20,2;17,7;89;70;70;72;5,6;2,9;
2024/10/30;1900 UTC;0;884,4;884,9;884,4;1528,2;24,1;16,5;24,6;23,5;18,2;16,5;71;62;62;66;5,6;1,2;
2024/10/30;2000 UTC;0;884,9;884,9;884,3;321,9;23,2;17,6;24,4;23,2;17,7;16,3;71;61;71;51;4,4;,8;
2024/10/30;2100 UTC;0;885,2;885,3;884,9;7,8;22,5;17,4;23,2;22,4;18,1;17;76;69;73;40;2,3;,4;
2024/10/30;2200 UTC;,2;886,3;886,3;885,1;;20,8;18,2;22,5;20,8;18,2;17,3;85;73;85;1;4,6;,3;
2024/10/30;2300 UTC;;;;;;;;;;;;;;;;;;
2024/10/31;0000 UTC;;;;;;;;;;;;;;;;;;
2024/10/31;0100 UTC;;;;;;;;;;;;;;;;;;
2024/10/31;0200 UTC;;;;;;;;;;;;;;;;;;
2024/10/31;0300 UTC;0;886,5;887,2;886,5;;18,9;16,7;19;18,6;16,9;16,6;89;86;87;3;4,1;2,2;
2024/10/31;0400 UTC;0;886,3;886,7;886,3;;18,6;16,8;18,9;18,5;16,8;16,6;90;87;89;18;4,1;1,8;
2024/10/31;0500 UTC;0;886,3;886,5;886,3;;18,6;17,1;18,7;18,4;17,1;16,7;91;89;91;70;3,8;0;
2024/10/31;0600 UTC;0;886,3;886,3;886,2;;18,6;17,2;19;18,6;17,2;17,1;92;89;92;297;2,4;0;
2024/10/31;0700 UTC;0;886,2;886,3;885,8;;18,5;17,3;18,7;18,5;17,4;17,1;92;92;92;286;3,3;,8;
2024/10/31;0800 UTC;0;886,5;886,6;886,2;;18;16,1;18,8;18;17,5;16,1;93;88;89;22;9,6;4,4;
2024/10/31;0900 UTC;0;886,7;886,7;886,3;3,6;18;15,5;18,1;17,8;16,1;15,5;89;85;85;34;11;3,9;
2024/10/31;1000 UTC;0;886,8;886,8;886,6;132,4;17,8;15,8;18;17,7;15,8;15,5;88;85;88;22;7,9;2,3;
2024/10/31;1100 UTC;0;887,5;887,5;886,8;352,6;19,5;15,7;19,5;17,8;15,9;15,3;88;78;79;52;4,6;2,1;
2024/10/31;1200 UTC;0;887,6;887,9;887,5;708,7;20,8;15,5;20,8;19,5;15,8;14,7;80;69;72;15;3,9;1,9;
2024/10/31;1300 UTC;0;888,2;888,2;887,6;959,2;20,6;16,1;21,4;20,6;16,5;15,3;77;69;76;356;6;3,1;
2024/10/31;1400 UTC;0;888,1;888,2;888;1409,5;22,2;15,4;22,2;20,4;16,4;15,1;77;65;65;23;6,8;2,8;
2024/10/31;1500 UTC;0;887,8;888,2;887,8;2454,2;23,5;16,3;24,3;21,8;16,5;14,6;69;58;64;30;8,1;3,6;
2024/10/31;1600 UTC;0;887,1;887,8;887,1;1743,5;22,6;16,5;23,7;22;16,7;14,3;70;59;68;16;7,3;3,1;
2024/10/31;1700 UTC;0;886,2;887,1;886,1;2399,4;23,2;16,5;23,6;22,3;16,9;14,9;70;61;66;21;7,5;3,2;
2024/10/31;1800 UTC;0;885,6;886,2;885,6;1609,2;22,2;17;23,2;21,6;17;15,3;74;64;73;10;7,8;4,3;
2024/10/31;1900 UTC;0;884,9;885,6;884,8;2064,4;21;16,6;22,7;21;17,5;15,7;76;68;76;23;9,4;5;
2024/10/31;2000 UTC;0;885,2;885,2;884,9;812,7;20,1;16,2;21,3;19,9;16,9;16;79;73;78;18;9;4,1;
2024/10/31;2100 UTC;0;885,3;885,5;885,1;224,2;19,2;16;20,1;19,2;16,3;15,9;82;78;82;23;8,2;3,4;
2024/10/31;2200 UTC;0;885,9;885,9;885,3;13,6;18,1;16,4;19,2;18,1;16,4;15,9;90;81;90;28;6,8;2,7;
2024/10/31;2300 UTC;;;;;;;;;;;;;;;;;;
2024/11/01;0000 UTC;;;;;;;;;;;;;;;;;;
2024/11/01;0100 UTC;;;;;;;;;;;;;;;;;;
2024/11/01;0200 UTC;;;;;;;;;;;;;;;;;;
2024/11/01;0300 UTC;0;887,2;887,5;887,2;;18;15,5;18,3;17,3;15,9;15,4;91;83;85;15;3,7;2,2;
2024/11/01;0400 UTC;0;886,9;887,2;886,9;;18,4;15,2;18,6;18;15,5;15,2;85;80;82;24;8,5;3,5;
2024/11/01;0500 UTC;0;886,8;887;886,8;;17,7;15,2;18,7;17,7;15,3;14,7;86;79;85;23;8,5;2,5;
2024/11/01;0600 UTC;,4;886,2;886,8;886,2;;17,8;14,3;17,8;17,5;15,3;14,2;86;80;80;66;6,3;3,8;
2024/11/01;0700 UTC;0;886,3;886,3;886,1;;17,8;14,4;18;17,6;14,5;14,3;81;79;80;76;7,5;3,9;
2024/11/01;0800 UTC;0;886,6;886,6;886,3;;18,3;13,6;18,4;17,7;14,4;13,6;81;74;74;63;6,8;2,7;
2024/11/01;0900 UTC;0;887,1;887,1;886,6;8;18,3;13,6;18,5;18,2;13,8;13,4;75;72;74;343;4,8;,9;
2024/11/01;1000 UTC;0;887,7;887,7;887,1;168,7;19,2;14,1;19,2;18,3;14,3;13,5;75;70;73;15;4,6;1,1;
2024/11/01;1100 UTC;0;888,1;888,1;887,7;611,6;20,6;15,3;20,6;19,2;15,5;14,1;74;72;72;18;4,6;2,3;
2024/11/01;1200 UTC;0;888,3;888,3;888,1;1079,2;21,4;15,6;21,7;20,6;16,1;15;74;66;70;358;6,7;3,3;
2024/11/01;1300 UTC;0;888,6;888,6;888,3;1340;22,4;15,9;22,8;21,3;16,3;15,3;70;65;67;19;8,6;3,3;
2024/11/01;1400 UTC;0;888,6;888,7;888,5;1056;22,9;15,9;23,1;22,1;16,5;15,5;68;64;65;2;6,9;3;
2024/11/01;1500 UTC;0;888,3;888,6;888,3;1833,9;23,4;16,1;23,9;22,9;17,1;15,5;67;62;64;20;6;3,5;
2024/11/01;1600 UTC;0;888,1;888,3;888,1;839,9;23,1;15,9;23,6;23;16,9;15,6;67;61;64;26;6,7;2,1;
2024/11/01;1700 UTC;0;887,4;888,1;887,4;1225,8;23,8;15,6;23,9;23,1;16,3;15,1;65;60;60;360;6,7;3,1;
2024/11/01;1800 UTC;0;886,8;887,4;886,8;2409,2;23,8;15,1;24,6;23,4;16,3;14,6;62;56;58;358;6,8;3,7;
2024/11/01;1900 UTC;0;886,4;886,8;886,4;1679,5;23,1;15,6;25;23,1;16;14,5;63;54;63;20;6,6;2,3;
2024/11/01;2000 UTC;0;885,9;886,4;885,9;351,9;22,7;16,4;23,2;22,7;16,5;15,4;68;61;68;17;4,8;2;
2024/11/01;2100 UTC;0;885,7;885,9;885,7;348,6;22;16,8;22,8;22;16,9;16,4;72;67;72;21;4,8;2,5;
2024/11/01;2200 UTC;0;886,4;886,4;885,7;8,9;20,8;17,1;22;20,6;17,1;16,6;80;72;80;58;4,1;2;
2024/11/01;2300 UTC;;;;;;;;;;;;;;;;;;
2024/11/02;0000 UTC;0;888,5;888,5;887,6;;19,9;15,9;20,4;19,9;16;15,7;78;75;78;32;4,1;,7;
2024/11/02;0100 UTC;;;;;;;;;;;;;;;;;;
2024/11/02;0200 UTC;0;888,9;889,2;888,9;;20,2;15,9;20,3;20,1;16;15,7;77;75;76;53;3,7;2,3;
2024/11/02;0300 UTC;0;888,4;888,9;888,4;;20,7;15,3;20,7;20,3;15,9;15,2;76;71;71;81;3,5;,7;
2024/11/02;0400 UTC;0;887,9;888,4;887,9;;20,2;15,4;20,7;20;15,8;15,3;76;71;74;42;2,7;,7;
2024/11/02;0500 UTC;0;887,5;887,9;887,5;;20,2;15,4;20,3;19,9;15,9;15,3;78;73;74;323;2,2;0;
2024/11/02;0600 UTC;0;887,1;887,6;887,1;;20,1;15,7;20,6;19,9;15,9;15,3;78;73;76;75;3,2;,6;
2024/11/02;0700 UTC;0;887,2;887,3;887,1;;19,9;16,5;20,4;19,6;16,5;15,8;81;75;81;68;3,3;,5;
2024/11/02;0800 UTC;0;887,4;887,4;887;;20,4;16,8;20,5;19,9;16,9;16,5;81;80;80;81;3,6;2,1;
2024/11/02;0900 UTC;0;887,9;887,9;887,4;7;20,2;17,1;20,4;19,9;17,1;16,8;83;80;82;60;3,9;1;
2024/11/02;1000 UTC;0;888,5;888,5;887,9;81,2;20,6;17;20,6;20,2;17,1;16,9;82;79;79;86;5,8;3;
2024/11/02;1100 UTC;0;889,1;889,1;888,5;257,5;21;17,1;21;20,6;17,2;16,9;80;78;79;86;6,7;3,3;
2024/11/02;1200 UTC;,4;889,6;889,6;889,1;390,5;21,1;17,7;21,1;20,7;17,9;17,1;82;78;81;76;6,2;2;
2024/11/02;1300 UTC;0;889,3;889,6;889,3;1564,5;23,4;17,4;23,4;21,1;18,2;17,4;81;69;69;96;7,3;3,8;
2024/11/02;1400 UTC;0;889;889,4;889;2867;24,7;16,1;26,2;23,3;18,4;16,1;72;58;59;77;7,5;3,2;
2024/11/02;1500 UTC;2,4;888,6;889;888,6;269,4;21,7;18,9;24,7;21,7;18,9;16,1;84;59;84;246;7,5;,6;
2024/11/02;1600 UTC;1,8;887,7;888,6;887,7;906;22,5;18,2;22,5;21,1;19,4;18,1;86;77;77;128;5,7;2,5;
2024/11/02;1700 UTC;0;887;887,7;886,7;1788;24,5;17,7;25;22,6;18,8;17,3;77;64;66;90;7,4;2,7;
2024/11/02;1800 UTC;38,6;887,2;887,8;887;76,8;18,5;17,4;24,5;18,1;18,5;17;93;66;93;295;9,2;,5;
2024/11/02;1900 UTC;2,8;885,8;887,2;885,8;223,6;20;17,8;20;18,4;17,9;16,8;93;87;87;104;2,8;1,8;
2024/11/02;2000 UTC;0;885,5;885,8;885,5;199,7;20,3;17,9;20,6;20;18;17,2;87;81;87;73;3;1,8;
2024/11/02;2100 UTC;0;886,2;886,2;885,5;150,3;20,6;17,7;21,5;20,2;18,2;17,2;88;76;84;70;3,5;,3;
2024/11/02;2200 UTC;0;886,9;886,9;886,2;3,4;20,2;18,1;20,7;20;18,3;17,6;89;83;88;253;2,8;,2;
2024/11/02;2300 UTC;0;887,1;887,1;886,8;;19,9;17,5;20,7;19,9;18;17,4;88;82;86;60;2,3;,9;
2024/11/03;0000 UTC;0;888,1;888,1;887,1;;20,2;17,6;20,7;19,9;17,7;17,2;86;80;85;128;2,2;,6;
2024/11/03;0100 UTC;0;888,5;888,5;888,1;;20,1;17,4;20,7;20,1;17,7;17,3;86;81;85;158;1,7;0;
2024/11/03;0200 UTC;0;888,2;888,5;888,2;;20,5;16,7;21;19,9;17,5;16,3;85;76;79;75;2,1;0;
2024/11/03;0300 UTC;0;887,7;888,2;887,7;;20,8;16,8;20,9;20,5;17,1;16,3;80;75;78;73;1,8;,5;
2024/11/03;0400 UTC;0;887,2;887,7;887,2;;21,5;16,2;21,8;20,7;16,7;16;78;70;72;85;2,4;1;
2024/11/03;0500 UTC;0;886,9;887,2;886,9;;20,1;17,9;21,5;20;17,9;16,1;87;71;87;148;2,5;1,5;
2024/11/03;0600 UTC;0;886,6;886,9;886,6;;20,6;16,6;20,8;20,1;18;16,6;88;77;78;155;2,8;1,6;
2024/11/03;0700 UTC;0;886,7;886,7;886,6;;19,7;17,5;20,6;19,7;17,7;16,6;88;78;87;138;4,4;1,5;
2024/11/03;0800 UTC;0;886,7;886,8;886,6;;19,5;17,3;19,9;19,5;17,4;17,2;87;85;87;143;5;1,4;
2024/11/03;0900 UTC;0;887;887;886,7;14,4;19,5;17,4;19,5;19,3;17,4;17,3;88;87;88;92;7,6;4;
2024/11/03;1000 UTC;0;887,7;887,7;886,9;286,2;19,3;17,2;19,6;19,3;17,5;17,2;88;86;88;83;9,7;5,4;
2024/11/03;1100 UTC;0;888,3;888,3;887,7;606,2;19,8;17,4;19,8;19,3;17,7;17,3;89;86;86;81;10,2;5,1;
2024/11/03;1200 UTC;9,4;888,9;888,9;888,3;442,7;20,7;18,3;20,7;19,4;18,5;17,4;89;86;86;53;8,4;,8;
2024/11/03;1300 UTC;0;888,7;888,9;888,7;1565,4;22,7;18,6;22,8;20,7;18,8;17,8;86;75;77;59;7,7;4,1;
2024/11/03;1400 UTC;0;888,2;888,7;888,2;2679,6;23,6;17,5;24,1;22,7;19;17,2;77;67;68;62;9,4;3,6;
2024/11/03;1500 UTC;0;887,6;888,2;887,6;1331;25,2;17,6;25,2;23,1;18,2;16,8;70;63;63;39;7,1;3,7;
2024/11/03;1600 UTC;0;886,5;887,6;886,5;2861,5;24,8;17,6;26;24,7;18,8;16,9;66;60;64;26;7,6;2,8;
2024/11/03;1700 UTC;0;885,7;886,6;885,7;886,9;24,7;17,7;24,8;24,5;17,9;17,3;66;64;65;49;6;3,4;
2024/11/03;1800 UTC;0;884,5;885,7;884,5;1489,9;25,5;17,2;25,5;24,6;17,8;16,6;65;58;60;26;6,4;2,6;
2024/11/03;1900 UTC;0;883,8;884,5;883,8;948,8;25,1;16,1;25,7;25;17,3;15,5;61;55;57;343;5,1;2;
2024/11/03;2000 UTC;0;883,7;883,8;883,5;753,5;25,3;16;25,6;25,1;16,6;15,7;59;55;56;5;4,5;2;
2024/11/03;2100 UTC;0;883,7;883,8;883,7;359,3;23,8;16,8;25,7;23,8;16,8;16;65;55;65;52;3,9;1,8;
2024/11/03;2200 UTC;0;884,6;884,6;883,7;9,4;23,1;16,8;23,8;22,8;17,3;16,8;70;65;68;80;3,1;1,7;
2024/11/03;2300 UTC;;;;;;;;;;;;;;;;;;
2024/11/04;0000 UTC;;;;;;;;;;;;;;;;;;
2024/11/04;0100 UTC;;;;;;;;;;;;;;;;;;
2024/11/04;0200 UTC;0;887,1;887,3;886,9;;22,1;18,2;22,3;22;18,2;17,9;79;76;78;70;6,3;2,6;
2024/11/04;0300 UTC;;;;;;;;;;;;;;;;;;
2024/11/04;0400 UTC;0;885,5;886,3;885,5;;21,4;16,7;21,6;21,2;17,6;16,4;78;74;75;46;7,6;3,2;
2024/11/04;0500 UTC;0;885,3;885,6;885,3;;21;17,2;21,4;20,9;17,2;16,7;79;75;79;59;7,7;3,8;
2024/11/04;0600 UTC;0;885,1;885,3;885,1;;20,7;17,3;21,1;20,7;17,3;17,2;81;79;81;58;6,4;3,4;
2024/11/04;0700 UTC;0;885,4;885,5;885,1;;20,8;17;20,9;20,6;17,3;17;81;79;79;59;6,5;3,7;
2024/11/04;0800 UTC;0;885,4;885,6;885,4;;20,8;16,6;20,8;20,5;17;16,6;80;77;77;15;6,4;1,8;
2024/11/04;0900 UTC;0;885,8;885,8;885,3;26,4;20,9;16,9;20,9;20,5;16,9;16,6;79;77;78;1;3,8;1,5;
2024/11/04;1000 UTC;0;886,4;886,4;885,7;252,3;21,8;16,4;21,8;20,9;16,9;16,3;78;71;72;30;5,1;2,6;
2024/11/04;1100 UTC;0;886,8;886,8;886,4;946,6;23,1;16,1;23,5;21,8;16,7;15,8;72;63;64;47;10,3;6,3;
2024/11/04;1200 UTC;0;887,4;887,5;886,8;2134,5;24,3;16,5;24,5;23,1;16,6;15,8;65;60;62;17;10,3;5;
2024/11/04;1300 UTC;0;887,6;887,7;887,4;2422,5;24,9;16,6;25,6;24,3;17,5;16,3;63;59;60;16;10,7;4,1;
2024/11/04;1400 UTC;0;887,4;887,7;887,4;2447,4;26;16,9;26,4;24,9;17,1;16;61;54;58;17;9,6;4,5;
2024/11/04;1500 UTC;0;886,9;887,4;886,9;3342,6;27,4;16;27,9;25,5;17,5;15,6;58;49;50;29;8,8;3,5;
2024/11/04;1600 UTC;0;885,9;886,9;885,9;3374,5;28;16,2;28,4;26,7;17,3;15,1;53;46;49;13;8,1;3,7;
2024/11/04;1700 UTC;0;884,6;885,9;884,6;3705,7;28,5;16,3;29;27,6;17,2;15,2;51;44;48;11;8,1;3,3;
2024/11/04;1800 UTC;0;884;884,6;884;2710,6;27,8;16,1;29,3;27,5;17,4;15,3;51;44;49;14;7,2;3,2;
2024/11/04;1900 UTC;0;883,6;884;883,5;699,7;26,2;16,3;27,8;26,2;16,6;15,4;55;48;54;12;7,1;3,9;
2024/11/04;2000 UTC;0;884,3;884,3;883,6;335,7;21,6;17,8;26,2;21,5;18,6;16,3;82;54;79;27;12,2;4,2;
2024/11/04;2100 UTC;0;884,7;884,8;884,3;49,7;21,8;16,9;21,8;21,3;17,9;16,9;79;74;74;51;8,8;4,2;
2024/11/04;2200 UTC;0;885,6;885,6;884,7;;21,9;17,5;22,5;21,7;17,5;16,6;76;70;76;354;7;1;
2024/11/04;2300 UTC;0;886,6;886,7;885,6;;21,4;18,2;21,8;21,1;18,2;17,5;83;76;82;304;3,6;1,5;
2024/11/05;0000 UTC;;;;;;;;;;;;;;;;;;
2024/11/05;0100 UTC;;;;;;;;;;;;;;;;;;
2024/11/05;0200 UTC;;;;;;;;;;;;;;;;;;
2024/11/05;0300 UTC;55;888,7;888,8;888,4;,1;18,9;18;19,5;18,9;18,5;18;95;94;95;271;5,1;1,4;
2024/11/05;0400 UTC;;;;;;;;;;;;;;;;;;
2024/11/05;0500 UTC;8,4;887,9;888,2;887,9;;18,4;17,5;18,6;18,4;17,7;17,5;95;95;95;226;1,8;0;
2024/11/05;0600 UTC;2,8;887,3;887,9;887,3;;18,3;17,5;18,4;18,3;17,5;17,4;95;95;95;73;1,6;,2;
2024/11/05;0700 UTC;2,6;887;887,3;886,8;;18,3;17,5;18,5;18,3;17,6;17,4;95;95;95;81;3,4;1,8;
2024/11/05;0800 UTC;1;887,7;887,7;887;;18,2;17,2;18,3;18,2;17,5;17,2;95;94;94;13;3,5;,7;
2024/11/05;0900 UTC;,8;888,1;888,1;887,7;6,2;18,1;17,2;18,2;18,1;17,2;17,1;95;94;95;30;2,6;,6;
2024/11/05;1000 UTC;,6;888,8;888,8;888,1;137,7;18,4;17,5;18,4;18,1;17,5;17,2;95;94;94;16;2,3;,4;
2024/11/05;1100 UTC;,6;889,4;889,4;888,8;313,6;18,9;17,2;18,9;18,4;17,8;17,2;94;90;90;39;5,7;2,9;
2024/11/05;1200 UTC;0;889,8;889,8;889,4;512,9;19,2;17,1;19,2;18,9;17,2;16,8;90;87;88;45;6,6;3,9;
2024/11/05;1300 UTC;,4;889,9;890;889,8;679,3;19,1;17,3;19,2;19;17,4;16,8;90;86;90;30;6,7;3,1;
2024/11/05;1400 UTC;,4;889,9;889,9;889,8;960,2;19,1;17,1;19,6;19,1;17,8;17,1;91;87;88;5;6,5;3,3;
2024/11/05;1500 UTC;0;889,8;890;889,8;908,4;19,5;17,6;19,6;19,1;17,9;17,1;90;88;89;14;6;2,8;
2024/11/05;1600 UTC;,4;889,2;889,8;889,2;1226,6;19,7;17,8;20,2;19,5;18,4;17,5;90;87;89;12;5,5;3,2;
2024/11/05;1700 UTC;,2;888,2;889,2;888,2;1579,5;20,3;17,6;20,4;19,7;18;17,4;89;84;85;13;7,1;4;
2024/11/05;1800 UTC;0;887,6;888,2;887,6;1270,5;20,3;17,5;21,1;20,2;18,5;17,3;87;82;84;12;7,1;2,6;
2024/11/05;1900 UTC;0;887,3;887,6;887,2;987,1;20,4;17,4;20,7;20,3;18;17,4;85;82;83;12;6,2;2,4;
2024/11/05;2000 UTC;0;887,2;887,3;887,2;645,9;20,5;17,8;20,7;20,4;17,9;17,3;85;82;85;21;4,4;1,5;
2024/11/05;2100 UTC;0;887,2;887,2;887,1;267,7;20;17,4;20,5;20;17,8;17,3;85;83;85;18;3,6;1,3;
2024/11/05;2200 UTC;0;887,5;887,5;887,2;8;19,5;17,2;20;19,4;17,4;17,2;87;85;86;49;3,7;2,2;
2024/11/05;2300 UTC;0;887,8;887,8;887,5;;19,1;17;19,5;19;17,4;17;90;86;88;47;4,4;2,7;
2024/11/06;0000 UTC;;;;;;;;;;;;;;;;;;
2024/11/06;0100 UTC;0;889;889;888,4;;19;16,4;19,5;19;16,9;16,4;87;83;85;57;3,6;1,7;
2024/11/06;0200 UTC;0;889;889;888,9;;19,3;16,6;19,5;19;17;16,4;86;84;84;68;5;2,9;
2024/11/06;0300 UTC;0;888,4;889;888,4;;19,2;16,8;19,6;19,1;16,8;16,5;86;82;86;62;6,6;3,5;
2024/11/06;0400 UTC;0;887,6;888,4;887,6;;19,3;16,9;19,4;19,1;16,9;16,7;87;84;86;85;7;3,8;
2024/11/06;0500 UTC;0;887;887,6;887;;19,1;17;19,3;19;17;16,8;88;86;88;82;6,2;3,7;
2024/11/06;0600 UTC;0;886,7;887,1;886,7;;19,1;17;19,2;19,1;17,1;17;88;87;87;82;6,1;3,4;
2024/11/06;0700 UTC;0;886,7;886,8;886,7;;19,1;16,9;19,2;19;17;16,9;88;87;87;87;5,8;3,1;
2024/11/06;0800 UTC;0;886,9;886,9;886,6;;18,8;16,8;19,1;18,8;16,9;16,8;89;87;88;79;6,3;3,7;
2024/11/06;0900 UTC;0;887,5;887,5;886,9;15,3;18,6;16,7;18,8;18,5;16,8;16,6;89;88;88;32;6,3;2,6;
2024/11/06;1000 UTC;0;888,1;888,1;887,5;212;19,6;16,6;19,6;18,6;16,7;16,5;89;83;83;44;5,5;2,3;
2024/11/06;1100 UTC;0;888,6;888,6;888,1;637;20,8;16,9;20,8;19,5;17,2;16,5;84;78;79;42;5,5;3,1;
2024/11/06;1200 UTC;0;888,8;888,8;888,6;1076,8;21,8;17,1;21,8;20,8;17,2;16,6;79;73;75;46;7,1;4,4;
2024/11/06;1300 UTC;0;888,8;889;888,8;2370,6;24;17,2;24,3;21,8;17,9;16,7;74;64;66;43;7,4;4,4;
2024/11/06;1400 UTC;0;888,4;888,8;888,4;3172,9;25,3;16,8;25,5;24;17,7;16,2;67;57;59;45;9,4;4,1;
2024/11/06;1500 UTC;0;887,8;888,4;887,8;1916,9;25;16,3;26,1;24,5;17,7;15,6;62;57;58;48;8,1;4,2;
2024/11/06;1600 UTC;0;887,1;887,8;887,1;1836,2;25,8;16,8;25,8;24,8;17,3;15,5;60;54;58;41;7,7;2,5;
2024/11/06;1700 UTC;0;885,9;887,1;885,9;3495,5;27,2;15,7;27,4;25,4;18;14,7;60;48;49;13;6,8;2,7;
2024/11/06;1800 UTC;0;885,1;885,9;885,1;3273,9;27,4;14,6;27,9;26,7;17,1;13,6;54;42;45;4;6,6;2,6;
2024/11/06;1900 UTC;0;884,6;885,1;884,6;1942,8;23,2;18,1;28,1;22,8;18,4;14;73;43;73;352;11,4;5,7;
2024/11/06;2000 UTC;0;884,4;884,6;884,2;1132,4;23,9;16,4;24,3;22,7;17,9;16,4;73;62;63;26;10,3;3,1;
2024/11/06;2100 UTC;0;884,9;884,9;884,4;139,4;22,8;17,3;23,9;22,8;17,3;16;71;62;71;30;6,9;2;
2024/11/06;2200 UTC;0;885,7;885,7;884,9;,3;22,2;17,5;22,8;22,1;17,6;17,2;76;71;75;40;4,8;,1;
2024/11/06;2300 UTC;0;886,2;886,2;885,7;;21,5;17,7;22,2;21,5;18;17,4;81;74;79;328;1,7;0;
2024/11/07;0000 UTC;;;;;;;;;;;;;;;;;;
2024/11/07;0100 UTC;;;;;;;;;;;;;;;;;;
2024/11/07;0200 UTC;;;;;;;;;;;;;;;;;;
2024/11/07;0300 UTC;0;886,8;887,4;886,8;;20,7;18,1;21,3;20,5;18,5;17,8;87;80;85;73;1,6;0;
2024/11/07;0400 UTC;0;886,4;886,8;886,4;;20,6;18,2;20,7;20,2;18,3;18,1;89;85;86;20;1,1;0;
2024/11/07;0500 UTC;2,4;886,3;886,4;886,2;;20,1;18,4;20,9;20,1;18,4;18,1;90;84;90;42;1,3;0;
2024/11/07;0600 UTC;2,8;885,8;886,3;885,8;;20;18,2;20,2;19,9;18,4;18,2;91;89;89;75;2,7;,6;
2024/11/07;0700 UTC;,4;885,9;885,9;885,8;;19,9;17,8;20,1;19,7;18,2;17,8;90;88;88;69;3;2;
2024/11/07;0800 UTC;0;886,3;886,3;885,9;;19,9;17,7;20;19,8;17,8;17,7;89;87;87;44;3,5;2,2;
2024/11/07;0900 UTC;0;886,7;886,7;886,3;6,4;19,8;17,8;20,2;19,7;17,8;17,7;89;86;88;54;3,5;1,6;
2024/11/07;1000 UTC;,2;887,2;887,2;886,7;130,4;20,3;18,1;20,3;19,8;18,3;17,8;90;87;87;69;3;1,7;
2024/11/07;1100 UTC;,4;887,6;887,6;887,2;264,3;20,9;18,1;20,9;20,3;18,4;17,6;88;83;84;82;4;2,6;
2024/11/07;1200 UTC;,2;887,8;887,8;887,6;842,2;22,9;18,7;22,9;20,9;18,8;17,8;85;73;77;70;4,5;2,1;
2024/11/07;1300 UTC;0;887,7;887,9;887,7;2274,8;25,1;17,3;25,1;22,9;18,6;16,9;77;62;62;66;5,6;3;
2024/11/07;1400 UTC;0;887,5;887,7;887,4;2577,3;25,1;17,5;25,4;24,7;17,7;16,4;64;58;63;360;7,4;4,1;
2024/11/07;1500 UTC;0;886,7;887,5;886,7;1407,6;24,1;17,5;25,3;24;18,2;16,3;69;59;67;11;7,4;3,4;
2024/11/07;1600 UTC;0;886,1;886,8;886,1;597,9;23,8;17,4;24,2;23,7;18;16,6;70;64;67;17;7;,9;
2024/11/07;1700 UTC;0;885,3;886,1;885,3;511,4;21,6;19,5;24,1;21,5;19,6;16,8;88;64;88;1;6,1;2,1;
2024/11/07;1800 UTC;,2;884,9;885,3;884,8;791,4;22,8;18,6;22,8;21,6;19,8;18,3;88;76;77;356;4,6;2;
2024/11/07;1900 UTC;1,4;884,4;885;884,3;253;20,5;19,1;22,9;20,3;19,1;18,1;92;75;92;284;5,8;1,2;
2024/11/07;2000 UTC;0;884,8;884,8;884,4;157,7;20,1;18,8;20,9;20,1;19,3;18,6;92;90;92;1;4,8;1,8;
2024/11/07;2100 UTC;,2;885,2;885,2;884,8;57;19,8;17,8;20,1;19,8;18,8;17,8;93;88;88;1;3,6;1,3;
2024/11/07;2200 UTC;0;885,6;885,6;885,2;;19,3;17,6;19,8;19,3;17,8;17,4;90;87;90;40;2,8;1;
2024/11/07;2300 UTC;;;;;;;;;;;;;;;;;;
2024/11/08;0000 UTC;;;;;;;;;;;;;;;;;;
2024/11/08;0100 UTC;0;886,5;886,6;886,4;;18,9;17,3;19,1;18,8;17,9;17,3;93;90;90;22;3,4;,1;
2024/11/08;0200 UTC;;;;;;;;;;;;;;;;;;
2024/11/08;0300 UTC;0;885,6;886,2;885,6;;18,7;17,3;18,8;18,7;17,5;17,3;92;91;92;14;1,8;,5;
2024/11/08;0400 UTC;0;885;885,6;885;;18,7;17,2;18,8;18,5;17,4;17,1;92;91;91;14;2,4;,5;
2024/11/08;0500 UTC;0;884,8;885;884,8;;18,7;17,2;18,8;18,7;17,2;17,1;91;90;91;30;2,2;,2;
2024/11/08;0600 UTC;0;884,8;884,8;884,7;;18,7;17;18,9;18,7;17,2;17;91;89;89;352;1,6;0;
2024/11/08;0700 UTC;0;884,8;884,8;884,7;;18,9;16,4;19;18,6;17;16,3;90;85;85;40;1,7;0;
2024/11/08;0800 UTC;0;885,1;885,2;884,8;;18,7;16;19,6;18,6;16,4;15,9;86;82;85;9;1,8;0;
2024/11/08;0900 UTC;0;885,4;885,4;885,1;20;19,3;16,4;19,3;18,7;16,4;16;86;83;83;8;2,1;,5;
2024/11/08;1000 UTC;0;886,2;886,2;885,4;346,2;20,5;17,3;20,5;19,3;17,3;16,4;83;81;82;20;2,8;,6;
2024/11/08;1100 UTC;0;887;887;886,2;560,4;20,8;17,5;20,8;20,5;17,7;17,2;83;80;82;349;4;1,5;
2024/11/08;1200 UTC;0;887,4;887,4;887;784,2;20,9;17,6;21,2;20,8;18;17,3;83;81;82;355;6,8;3,6;
2024/11/08;1300 UTC;0;887,5;887,6;887,4;2178,2;22,6;17,5;22,9;20,9;18,5;17;83;72;73;348;7,2;4;
2024/11/08;1400 UTC;0;887,3;887,6;887,3;2636,4;24,1;17,6;24,4;22,3;18,6;17,1;75;67;67;313;8,7;5,5;
2024/11/08;1500 UTC;1,8;887,4;887,6;887,2;1456,9;18,9;17,1;24,1;18,9;18,5;16,2;89;66;89;262;14,2;7,9;
2024/11/08;1600 UTC;7,4;886,7;887,7;886,7;382,4;19;17;19;18,1;17,2;16,8;92;88;88;317;13,1;4;
2024/11/08;1700 UTC;,2;885;886,7;885;646,8;19,8;17,6;19,8;19;17,9;16,8;90;87;87;305;6,3;3,5;
2024/11/08;1800 UTC;0;884,5;885;884,4;749,2;20,4;17,5;20,5;19,6;17,8;16,9;87;83;83;324;7,2;4,3;
2024/11/08;1900 UTC;0;883,9;884,5;883,9;671,6;19,6;17,4;20,4;19,5;17,7;17,2;88;83;87;5;7,2;3,3;
2024/11/08;2000 UTC;0;883,9;883,9;883,8;915,9;20,1;17,8;20,5;19,6;18,2;17,4;88;85;87;4;7,3;2,7;
2024/11/08;2100 UTC;0;884,2;884,2;883,9;326,8;19,5;17,7;20,1;19,5;17,9;17,5;89;86;89;25;5,1;2,8;
2024/11/08;2200 UTC;0;885,1;885,1;884,2;35,9;19;17,1;19,6;19;17,7;17,1;89;88;89;13;4,8;,4;
2024/11/08;2300 UTC;;;;;;;;;;;;;;;;;;
2024/11/09;0000 UTC;;;;;;;;;;;;;;;;;;
2024/11/09;0100 UTC;;;;;;;;;;;;;;;;;;
2024/11/09;0200 UTC;;;;;;;;;;;;;;;;;;
2024/11/09;0300 UTC;0;886,3;886,8;886,3;;18,8;17;19,3;18,8;17;16,6;90;86;90;15;3,5;1,4;
2024/11/09;0400 UTC;0;885,8;886,4;885,8;;18,8;17,3;18,8;18,6;17,4;17;92;90;91;26;2,7;,8;
2024/11/09;0500 UTC;0;885,3;885,8;885,3;;19,1;17,9;19,1;18,7;17,9;17,3;93;91;93;1;2,8;,5;
2024/11/09;0600 UTC;;;;;;;;;;;;;;;;;;
2024/11/09;0700 UTC;0;885,1;885,1;884,7;;19,1;17,8;19,5;19,1;17,8;17,7;92;89;92;348;4,3;1;
2024/11/09;0800 UTC;0;885,5;885,5;885,1;;19;17,8;19,1;19;17,9;17,8;93;92;93;24;3,6;1,9;
2024/11/09;0900 UTC;0;885,9;885,9;885,5;22,8;19,5;17,6;19,6;19;17,9;17,6;93;89;89;5;3,7;1,5;
2024/11/09;1000 UTC;0;886,5;886,5;885,9;246,7;20,1;17,9;20,1;19,4;17,9;17,6;90;87;87;17;3,6;1,7;
2024/11/09;1100 UTC;0;887,2;887,2;886,5;406,4;20,7;18,3;20,7;20,1;18,4;17,9;88;86;86;353;3,6;,9;
2024/11/09;1200 UTC;0;887,7;887,7;887,1;771;21,9;18,7;21,9;20,7;18,9;18,1;87;81;82;322;5,1;3;
2024/11/09;1300 UTC;0;888,2;888,2;887,7;701,9;20,9;18,9;22,3;20,7;18,9;17,9;89;78;88;261;8,3;3,7;
2024/11/09;1400 UTC;0;888,1;888,3;888,1;976,7;21,1;18,5;21,1;20,4;19;18,2;89;85;85;269;5,7;3,2;
2024/11/09;1500 UTC;0;887,9;888,2;887,9;1239,9;21,7;18,4;21,9;20,9;19;18,3;86;81;81;274;4,9;3,1;
2024/11/09;1600 UTC;0;887,5;887,9;887,5;629,5;19,6;18,2;21,9;19,6;18,8;18,2;92;82;92;269;8;4,7;
2024/11/09;1700 UTC;1;886,5;887,5;886,5;814;19,7;18,1;19,9;19,5;18,5;17,9;92;90;91;264;11;4,4;
2024/11/09;1800 UTC;0;886,6;886,6;886,5;514,9;19,5;18;19,7;19,3;18,2;17,7;92;90;91;284;8,2;2,8;
2024/11/09;1900 UTC;,2;886,1;886,6;886,1;373,9;19,6;17,9;19,6;19,4;17,9;17,4;91;88;90;284;7,1;2,2;
2024/11/09;2000 UTC;,2;885,3;886,1;885,3;416;20;18,2;20;19,6;18,2;17,8;90;88;89;283;5,3;1,6;
2024/11/09;2100 UTC;0;885;885,3;884,9;236,1;19,5;17,9;20;19,5;18,2;17,9;90;89;90;228;4,4;2,7;
2024/11/09;2200 UTC;0;885,5;885,5;884,9;13,7;19;17,6;19,5;19;17,9;17,6;92;90;92;171;4,1;0;
2024/11/09;2300 UTC;0;886,7;886,7;885,5;;18,7;17,6;19;18,6;17,7;17,3;93;92;93;40;2,6;,8;
2024/11/10;0000 UTC;;;;;;;;;;;;;;;;;;
2024/11/10;0100 UTC;0;888;888,1;887,6;;18,7;16,7;19;18,7;17,2;16,7;90;88;88;50;2,9;1,9;
2024/11/10;0200 UTC;;;;;;;;;;;;;;;;;;
2024/11/10;0300 UTC;0;887,3;888,2;887,3;;18,8;17,4;18,9;18,7;17,7;17,4;93;92;92;69;2;,1;
2024/11/10;0400 UTC;0;886,4;887,3;886,4;;18,9;16,1;18,9;18,5;17,4;16,1;92;84;84;148;1,2;0;
2024/11/10;0500 UTC;0;885,4;886,4;885,4;;19;15,7;19,3;18,7;16,1;15,7;85;80;81;153;2;,9;
2024/11/10;0600 UTC;0;885;885,4;885;;18,4;15,3;19,1;18,4;15,7;14,9;82;78;82;259;1,8;0;
2024/11/10;0700 UTC;0;884,7;885;884,6;;19;14,4;19,2;18;15,4;14,4;84;74;75;218;2,6;1,7;
2024/11/10;0800 UTC;0;885,1;885,1;884,7;;18,1;14,4;19,2;18;14,8;14,3;81;73;79;27;2,6;1,8;
2024/11/10;0900 UTC;0;885,4;885,4;885,1;21,5;18,6;15,2;18,9;17,7;15,3;14,4;82;77;80;121;2,5;0;
2024/11/10;1000 UTC;0;886;886;885,4;176,5;20;15,4;20;18,6;15,5;15,1;82;75;75;172;2,8;,7;
2024/11/10;1100 UTC;0;886,7;886,7;886;657,6;22,4;16,1;22,4;19,9;16,9;15,3;78;67;68;154;2;,1;
2024/11/10;1200 UTC;0;887,6;887,7;886,7;1760,9;23,1;16,1;23,2;22,2;16,9;15,5;71;64;65;192;4;1,1;
2024/11/10;1300 UTC;0;887,5;887,7;887,5;2920,4;24,3;16,8;25,1;23;17,9;14,9;67;56;63;238;4;1,4;
2024/11/10;1400 UTC;0;887,1;887,5;887,1;3533,4;25,5;15,8;26,1;24,2;17,1;15;63;52;55;196;4;1;
2024/11/10;1500 UTC;0;886,6;887,1;886,6;2062,3;25,3;17,1;26,6;25,1;17,4;15;62;52;60;340;4,2;2,2;
2024/11/10;1600 UTC;0;885,7;886,6;885,7;2524,4;26,7;16,4;26,8;25,3;18,1;15,7;61;51;53;311;4,4;2,2;
2024/11/10;1700 UTC;0;884,6;885,7;884,6;2415,3;27,3;16;27,4;26,2;17,8;15,6;58;50;50;308;5;1,1;
2024/11/10;1800 UTC;0;883,8;884,6;883,8;2803,7;28,3;14,8;28,7;26,9;17,6;13,8;55;41;44;264;5,5;2,8;
2024/11/10;1900 UTC;0;883,2;883,8;883,1;2574,5;28;15,8;28,7;27,8;16,7;14,3;50;42;48;251;6,6;3,5;
2024/11/10;2000 UTC;0;883,1;883,2;883;1560,9;27,6;16,4;28,2;27,4;17,1;14,6;52;43;51;263;6;2,7;
2024/11/10;2100 UTC;0;883,6;883,6;882,9;452,7;26,2;17,7;27,6;26,2;17,7;16,6;60;51;60;282;5,5;2,9;
2024/11/10;2200 UTC;,2;884,4;884,4;883,6;59,5;22,9;19;26,2;22,7;19,4;17,8;81;60;79;102;5,5;1,7;
2024/11/10;2300 UTC;0;884,9;885;884,4;;22,6;19;23,2;22,6;19,2;18,2;80;74;80;163;4,5;1,9;
2024/11/11;0000 UTC;0;885,6;885,6;884,9;;21,5;18,9;22,7;21,5;19,4;18,6;85;80;85;79;4,1;1,4;
2024/11/11;0100 UTC;17,8;885,5;886,3;885,5;;19,3;17,5;21,8;19,2;19,2;17,3;91;84;90;66;9,5;1,6;
2024/11/11;0200 UTC;,2;886,1;886,3;885,5;;19,9;18,8;19,9;19,1;18,8;17,5;93;90;93;23;6;3,5;
2024/11/11;0300 UTC;7,6;885,5;886,4;885,4;;19,3;18,4;19,9;19,3;18,9;18,4;94;93;94;12;7,7;2,8;
2024/11/11;0400 UTC;0;884,6;885,5;884,6;;18,8;17,9;19,5;18,8;18,6;17,9;95;94;95;18;4,7;,2;
2024/11/11;0500 UTC;0;884,6;884,9;884,3;;18,5;17,6;18,9;18,4;18;17,6;95;95;95;29;2;,5;
2024/11/11;0600 UTC;,2;884,7;884,9;884,6;;18,8;18;18,8;18,4;18;17,5;95;95;95;311;2;1;
2024/11/11;0700 UTC;0;884,4;884,8;884,3;;18,3;17,5;18,8;18,3;18;17,5;95;95;95;303;2;0;
2024/11/11;0800 UTC;0;885,4;885,4;884,4;;18,6;17,6;18,6;18,3;17,7;17,4;95;94;94;49;2,2;,4;
2024/11/11;0900 UTC;0;885,5;885,5;885,1;28,4;17,9;16,8;18,7;17,7;17,8;16,5;94;92;93;22;3,1;1,6;
2024/11/11;1000 UTC;0;886,4;886,4;885,5;236,5;18,9;18;19;17,9;18,1;16,8;95;93;95;23;3,1;1,8;
2024/11/11;1100 UTC;0;886,8;886,8;886,4;673,9;19,5;18,6;19,5;18,8;18,6;18;95;95;95;346;4,3;2,5;
2024/11/11;1200 UTC;0;887,4;887,5;886,8;1271,5;21,4;19,5;21,4;19,4;19,7;18,5;95;89;89;342;3,8;1,9;
2024/11/11;1300 UTC;0;887,5;887,5;887,4;2182,9;23;19,7;23;21,4;19,9;18,7;89;78;82;4;6,3;2,5;
2024/11/11;1400 UTC;0;887,1;887,6;887,1;2343,5;23,5;19,1;24;22,6;19,9;18,4;82;75;76;8;6,3;3,4;
2024/11/11;1500 UTC;0;886,4;887,1;886,4;2595,6;24,6;19,3;24,7;22,9;20,2;18,2;80;69;73;285;6,9;3,4;
2024/11/11;1600 UTC;0;885,3;886,4;885,3;3879;26,2;19,2;26,6;24,1;20,3;18,6;74;65;66;289;5,9;2,1;
2024/11/11;1700 UTC;0;884,2;885,3;884,1;3758,8;26,7;18,7;27,5;25,8;19,5;17,2;66;55;62;276;6,9;3,8;
2024/11/11;1800 UTC;0;883,6;884,2;883,2;3560,5;27,3;18,7;27,9;26,4;20,2;18,1;66;59;59;259;8,5;4;
2024/11/11;1900 UTC;13,4;883,7;883,8;883,1;362,8;20,6;17,2;27,3;19,5;19,8;16,4;87;58;80;25;14,5;7,6;
2024/11/11;2000 UTC;18,8;884,4;884,4;883,6;47,1;20,2;17,8;21,5;19,4;18,4;16,4;90;76;86;178;14,5;2,4;
2024/11/11;2100 UTC;0;884,5;885,1;884,1;15,5;19,7;18,3;20,3;19,7;18,6;17,2;92;83;92;15;6,6;2,9;
2024/11/11;2200 UTC;0;885;885,6;884,6;,6;19,6;17,7;19,8;19,6;18,4;17,7;92;89;89;89;6;0;
2024/11/11;2300 UTC;;;;;;;;;;;;;;;;;;
2024/11/12;0000 UTC;;;;;;;;;;;;;;;;;;
2024/11/12;0100 UTC;0;886,6;886,7;886,2;;18,9;17,6;19,4;18,8;17,9;17,6;93;91;93;52;3,5;,7;
2024/11/12;0200 UTC;0;886,8;886,9;886,6;;19,4;17,9;19,4;18,8;17,9;17,4;93;90;91;74;2,1;,5;
2024/11/12;0300 UTC;0;886,2;886,8;886,2;;19;17,8;19,5;18,7;18;17,4;93;90;93;23;3;1,6;
2024/11/12;0400 UTC;0;886;886,2;886;;19,3;18,3;19,3;19;18,3;17,8;94;93;94;319;3;,3;
2024/11/12;0500 UTC;0;885,2;886;885,2;;19,4;18,3;19,4;19,3;18,4;18,2;94;94;94;76;2,5;,3;
2024/11/12;0600 UTC;,2;884,5;885,2;884,5;;19,4;18,4;19,4;19,3;18,4;18,2;94;93;94;7;3;,7;
2024/11/12;0700 UTC;0;884,7;884,7;884,3;;19,3;18,3;19,4;19,2;18,4;18,2;94;94;94;324;4,1;,4;
2024/11/12;0800 UTC;0;885,1;885,1;884,7;;19,2;18,3;19,3;19,2;18,3;18,2;94;94;94;352;2,8;1,4;
2024/11/12;0900 UTC;0;885,7;885,7;885,1;35,9;19,3;18,4;19,3;19,2;18,4;18,3;94;94;94;340;3,4;1,9;
2024/11/12;1000 UTC;0;886,1;886,1;885,7;424,8;20;18,6;20;19,3;18,7;18,4;94;92;92;349;3,8;1,5;
2024/11/12;1100 UTC;0;886,8;886,8;886,1;1026;21,1;18,4;21,2;20;18,8;17,9;92;83;85;338;3,6;2;
2024/11/12;1200 UTC;0;887,3;887,3;886,8;1264,5;21,8;18,3;21,8;20,9;18,9;17,7;85;80;81;334;5;2,5;
2024/11/12;1300 UTC;0;887,3;887,5;887,3;2056,4;22,8;18,1;23;21,7;19,1;17,6;81;74;75;351;4,4;1,9;
2024/11/12;1400 UTC;0;886,8;887,3;886,8;2696,5;24,1;17,7;24,4;22,8;19,5;17,7;78;67;67;11;4,9;2,1;
2024/11/12;1500 UTC;0;886,3;886,8;886,3;2360,4;24,7;18,5;25,2;24;19,6;17,4;74;64;68;301;4,9;,5;
2024/11/12;1600 UTC;0;884,9;886,3;884,9;4059,4;26,6;16,3;27,1;24,7;18,8;16,3;68;53;53;7;4,6;2,4;
2024/11/12;1700 UTC;0;883,5;884,9;883,5;3041,3;26,7;17,5;27,6;26,3;18,7;15,9;60;51;57;23;8,7;2,1;
2024/11/12;1800 UTC;,4;882,9;883,5;882,9;1897,4;24,2;17,6;27,8;24,1;18,1;16,3;69;51;67;58;9,5;4,1;
2024/11/12;1900 UTC;,2;882,2;882,9;882,2;1191;25,6;17;26,4;24,2;18,5;16,1;69;54;59;13;6,8;2,5;
2024/11/12;2000 UTC;0;882,3;882,4;882;572,2;24,8;16;25,8;24,8;17,5;14,3;61;50;58;34;7,5;1,7;
2024/11/12;2100 UTC;0;883,3;883,4;882,3;177,9;23,5;17,6;24,8;23,5;17,7;16,2;70;58;69;348;4,7;2,2;
2024/11/12;2200 UTC;0;884,1;884,1;883,3;8,5;21,9;17,9;23,5;21,9;17,9;17,3;78;69;78;27;4,4;,2;
2024/11/12;2300 UTC;;;;;;;;;;;;;;;;;;
2024/11/13;0000 UTC;;;;;;;;;;;;;;;;;;
2024/11/13;0100 UTC;;;;;;;;;;;;;;;;;;
2024/11/13;0200 UTC;;;;;;;;;;;;;;;;;;
2024/11/13;0300 UTC;0;885,1;885,7;885,1;;20,4;18,4;20,4;20,2;18,7;18,4;91;88;89;29;1,4;0;
2024/11/13;0400 UTC;0;884,3;885,1;884,3;;20,5;18,3;20,5;20,1;18,5;18,3;90;87;87;11;1,4;,3;
2024/11/13;0500 UTC;0;883,6;884,3;883,6;;20,3;17,7;20,5;20,1;18,4;17,7;89;85;85;283;1,6;0;
2024/11/13;0600 UTC;0;883,2;883,6;883,2;;19,7;17,8;20,3;19,6;17,8;17,6;89;85;89;10;1,3;,2;
2024/11/13;0700 UTC;0;883,3;883,3;883,1;;19,1;17,7;19,7;19;17,9;17,6;92;89;92;346;1,8;,3;
2024/11/13;0800 UTC;0;883,6;883,6;883,3;;18,5;17,1;19,3;18,5;17,8;17;92;90;91;350;1,9;,9;
2024/11/13;0900 UTC;0;884,1;884,1;883,6;50,7;18,9;17,7;18,9;18,3;17,7;17;93;91;93;356;1,9;0;
2024/11/13;1000 UTC;0;885,2;885,2;884,1;304,2;20,2;18,3;20,2;18,9;18,4;17,7;93;89;89;322;2,5;1,3;
2024/11/13;1100 UTC;0;886,1;886,1;885,2;408,8;20,6;18,8;20,7;20,2;18,9;18,3;90;87;89;246;3,2;2;
2024/11/13;1200 UTC;0;886,3;886,3;886,1;695,2;21,4;18,9;21,4;20,6;19;18,5;89;84;86;240;3,7;,3;
2024/11/13;1300 UTC;0;886,5;886,6;886,3;915,5;21,9;18,3;22,2;21,4;19;18;86;78;80;242;3;2;
2024/11/13;1400 UTC;0;885,9;886,5;885,9;1372,8;23,1;18,6;23,3;21,9;19,1;18,1;81;74;76;258;4;1,9;
2024/11/13;1500 UTC;0;884,8;885,9;884,8;2389,2;24,3;17,4;24,7;23,1;19;17,4;76;65;66;266;4,7;1,5;
2024/11/13;1600 UTC;0;883,7;884,8;883,7;3010,5;25,6;19;25,7;24,2;20,1;17;74;61;67;261;5,8;2,8;
2024/11/13;1700 UTC;0;882,7;883,7;882,7;3625,6;26,3;17,2;27;25;19,3;16,6;68;55;58;276;5,4;2,3;
2024/11/13;1800 UTC;0;883,1;883,2;882,7;450,3;21,9;19,1;26,3;21,8;19,4;17,1;84;57;84;34;8,3;3;
2024/11/13;1900 UTC;0;883,1;883,2;883;271,2;21,1;18,6;21,9;21;19,1;18,3;86;83;86;7;6,8;2,3;
2024/11/13;2000 UTC;0;882,8;883,1;882,6;151,8;20,8;18,6;21,1;20,8;18,9;18,4;89;86;87;328;4,9;2,8;
2024/11/13;2100 UTC;,2;883,8;883,8;882,8;86,2;20,7;18,4;20,8;20,6;18,6;18,1;88;85;87;312;4,4;0;
2024/11/13;2200 UTC;1,4;884,8;884,8;883,8;0;20,4;19;20,7;20,3;19;18,4;92;87;92;182;2,5;1;
2024/11/13;2300 UTC;3,2;885,5;885,5;884,8;;20,2;18,9;20,4;20,2;19;18,8;92;92;92;166;3;,7;
2024/11/14;0000 UTC;;;;;;;;;;;;;;;;;;
2024/11/14;0100 UTC;;;;;;;;;;;;;;;;;;
2024/11/14;0200 UTC;;;;;;;;;;;;;;;;;;
2024/11/14;0300 UTC;9,6;885,7;886,5;885,7;;18,8;17,7;18,9;18,7;17,7;17,5;93;92;93;121;6,3;1,4;
2024/11/14;0400 UTC;6,6;885,3;885,7;885,3;;18,8;17,7;19;18,7;17,8;17,7;93;93;93;147;5,1;1,1;
2024/11/14;0500 UTC;3,6;884,7;885,4;884,7;;18,8;17,6;18,9;18,7;17,7;17,6;94;93;93;118;4,2;1,3;
2024/11/14;0600 UTC;;;;;;;;;;;;;;;;;;
2024/11/14;0700 UTC;0;883,5;883,7;883,3;;18,8;17,2;18,8;18,6;17,2;17,1;91;90;90;82;6,4;3,4;
2024/11/14;0800 UTC;,2;884;884;883,5;;18,5;17,2;18,8;18,4;17,3;17;92;90;92;24;5,8;,3;
2024/11/14;0900 UTC;0;884,3;884,3;884;10,7;18,8;17,1;18,8;18,5;17,2;17,1;92;90;90;80;3,3;1,4;
2024/11/14;1000 UTC;0;885,3;885,3;884,3;279;19,7;17,5;19,7;18,7;17,6;17,1;90;87;88;59;2,9;1;
2024/11/14;1100 UTC;0;885,8;885,8;885,3;759,3;20,7;18,3;20,7;19,6;18,3;17,4;88;83;86;97;3,7;1,5;
2024/11/14;1200 UTC;0;886,4;886,4;885,8;1343,9;21,9;17,8;22,1;20,7;18,8;17,6;86;77;77;67;5,1;2,7;
2024/11/14;1300 UTC;0;886,4;886,4;886,3;1578,7;22,6;17,6;22,8;21,9;18,6;17,2;80;72;74;57;7,2;3,5;
2024/11/14;1400 UTC;0;886,2;886,4;886,2;2215,2;23,4;17,8;24,3;22,5;18,9;17,6;77;68;71;41;6,4;3,2;
2024/11/14;1500 UTC;0;885,5;886,2;885,5;2268;24,6;18,2;24,8;23,2;19;17,7;76;67;68;18;6,4;3;
2024/11/14;1600 UTC;0;885;885,5;885;993,6;23;17,9;25;23;18,9;17,2;73;66;73;309;6,9;2,6;
2024/11/14;1700 UTC;,2;884,2;885;884,2;601,4;21,6;18,7;22,9;20,9;19,6;17,9;90;73;84;217;4,6;,1;
2024/11/14;1800 UTC;,2;883,3;884,2;883,3;1743,7;23,3;19,3;23,4;21,6;19,7;18,6;86;75;78;54;3,6;1,5;
2024/11/14;1900 UTC;0;883,2;883,4;883,2;554,1;21;19,2;23,6;20,5;19,5;18,1;90;75;90;8;9,4;2,6;
2024/11/14;2000 UTC;,8;883,6;883,6;883,2;266,4;20,2;18,7;21;20,2;19,2;18,7;91;89;91;21;5,8;2,6;
2024/11/14;2100 UTC;,4;884,1;884,1;883,6;49,6;19,9;18,3;20,2;19,9;18,7;18,2;91;89;90;34;5,4;1,7;
2024/11/14;2200 UTC;5,6;884,5;884,6;884,1;;19,5;18,3;19,9;19,5;18,4;18,2;93;90;93;33;4;1,2;
2024/11/14;2300 UTC;3,2;885,1;885,1;884,5;;19,4;18,1;19,5;19,3;18,3;18,1;93;92;92;64;4,5;2,2;
2024/11/15;0000 UTC;,4;885,7;885,7;885,1;;19,5;18,1;19,6;19,4;18,2;18,1;92;91;91;26;5,1;1,7;
2024/11/15;0100 UTC;0;886,4;886,5;885,7;;19,7;18,5;19,8;19,4;18,6;18,1;94;91;93;41;4,1;2,2;
2024/11/15;0200 UTC;;;;;;;;;;;;;;;;;;
2024/11/15;0300 UTC;0;885,5;886,2;885,5;;19,4;17,9;19,6;19,3;18,2;17,9;92;91;91;27;5,7;2,7;
2024/11/15;0400 UTC;0;885,1;885,5;885,1;;19,1;17,7;19,4;19,1;17,9;17,6;92;91;92;13;6,5;2,8;
2024/11/15;0500 UTC;0;884,8;885,1;884,8;;19,3;17,9;19,3;19,1;17,9;17,7;92;91;92;22;6,4;2,1;
2024/11/15;0600 UTC;0;884,6;884,8;884,6;;19,2;18;19,3;19,2;18;17,9;93;92;93;16;5,1;1,7;
2024/11/15;0700 UTC;1;884,7;884,7;884,5;;19;18;19,2;19;18;17,9;93;93;93;18;4,9;1,7;
2024/11/15;0800 UTC;3,8;885,2;885,2;884,7;;18,8;17,8;19,1;18,7;18;17,7;94;93;94;19;8,8;3,7;
2024/11/15;0900 UTC;3,4;886;886;885,2;3,1;18,8;17,8;18,8;18,7;17,8;17,7;94;94;94;24;8,8;3,2;
2024/11/15;1000 UTC;5,4;886,9;886,9;886;43,4;18,3;17,2;18,9;18,3;17,8;17,1;94;93;93;36;7,7;3,5;
2024/11/15;1100 UTC;5,6;887,8;887,8;886,9;161,6;18,5;17,4;18,6;18,3;17,4;17,1;93;92;93;26;10,7;3,5;
2024/11/15;1200 UTC;1,2;888,5;888,5;887,8;259,8;18,6;17,5;18,7;18,5;17,5;17,3;93;92;93;21;8;3,7;
2024/11/15;1300 UTC;6;888,9;889;888,5;325,9;18,4;17,3;18,7;18,1;17,5;17;93;93;93;359;9,1;3,4;
2024/11/15;1400 UTC;2,8;888,7;888,9;888,7;516,3;18,7;17,6;18,7;18,2;17,6;17,2;94;93;93;16;7,3;2,8;
2024/11/15;1500 UTC;,6;888,2;888,7;888,2;895;19,4;17,8;19,4;18,6;17,9;17,4;93;90;90;10;5,5;2,3;
2024/11/15;1600 UTC;,4;887,3;888,2;887,3;1447,7;20,3;17,9;20,6;19,4;18,8;17,8;91;86;86;13;6,4;2,8;
2024/11/15;1700 UTC;0;886,7;887,3;886,7;783,9;20,1;17,8;20,4;20,1;18,3;17,7;88;86;87;29;5,7;2,2;
2024/11/15;1800 UTC;1,2;885,8;886,7;885,8;445,8;19,7;17,5;20,1;19,7;18,2;17,4;90;87;87;48;5,8;3,8;
2024/11/15;1900 UTC;,8;885,7;885,8;885,5;552,7;19,5;17,3;20;19,5;18;17,2;88;86;87;41;7,1;3,6;
2024/11/15;2000 UTC;0;885,7;886;885,7;395,7;19,2;17;19,7;19,2;17,5;17;88;85;87;40;7,4;3,7;
2024/11/15;2100 UTC;,4;886,3;886,3;885,7;118,8;18,7;16,9;19,2;18,7;17;16,8;90;86;90;34;7,3;1,4;
2024/11/15;2200 UTC;2,4;886,6;886,6;886,3;3,1;18,2;16,8;18,7;18,2;17;16,8;92;90;91;42;4,5;2,4;
2024/11/15;2300 UTC;;;;;;;;;;;;;;;;;;
2024/11/16;0000 UTC;;;;;;;;;;;;;;;;;;
2024/11/16;0100 UTC;,4;888,5;888,5;887,9;;18,8;17,2;18,8;18,3;17,2;16,7;91;90;91;33;3,5;1,6;
2024/11/16;0200 UTC;;;;;;;;;;;;;;;;;;
2024/11/16;0300 UTC;0;887,8;888,4;887,8;;18,8;17;19;18,8;17,5;17;92;89;90;56;7,5;4,2;
2024/11/16;0400 UTC;;;;;;;;;;;;;;;;;;
2024/11/16;0500 UTC;0;886,7;887,2;886,6;;18,3;16,4;18,6;18,3;16,9;16,3;91;87;89;36;4,5;1,5;
2024/11/16;0600 UTC;0;886,2;886,7;886,2;;18,4;16,2;18,5;18,1;16,4;16,2;90;87;87;41;4,2;1,7;
2024/11/16;0700 UTC;,2;886,1;886,3;886,1;;18,9;15,9;19;18,4;16,2;15,8;87;82;82;73;5,9;3,2;
2024/11/16;0800 UTC;0;886,4;886,4;886;;18,6;16,1;19,1;18,3;16,1;15,5;86;80;86;49;6,2;2,5;
2024/11/16;0900 UTC;0;886,6;886,6;886,1;27,4;19,1;15,8;19,2;18,6;16,1;15,7;86;81;81;68;8,3;4,3;
2024/11/16;1000 UTC;0;887,1;887,1;886,6;265,9;19,7;15,7;19,7;19,1;15,8;15,5;81;77;77;59;8,9;4;
2024/11/16;1100 UTC;0;888,1;888,1;887,1;253,9;19,9;15,7;20;19,6;15,9;15,5;79;75;77;50;8,9;2,8;
2024/11/16;1200 UTC;0;888,7;888,7;888,1;542,6;21,1;16,4;21,1;19,9;16,6;15,7;78;74;75;39;5,4;2,6;
2024/11/16;1300 UTC;0;888,9;888,9;888,7;1174,5;21,7;16,6;22,1;21,1;17;16,1;76;70;72;48;6,8;3,8;
2024/11/16;1400 UTC;0;888,6;888,9;888,6;1155,4;22,8;16,8;22,9;21,6;17,3;16,2;75;69;69;41;6,8;3,4;
2024/11/16;1500 UTC;0;888,2;888,6;888,2;1481,7;23,2;17,5;23,3;22,8;17,7;16,6;71;68;71;47;6,4;2,7;
2024/11/16;1600 UTC;0;887,6;888,2;887,6;1247,5;23,8;18,1;23,8;23,2;18,1;17;72;66;70;2;5;1,3;
2024/11/16;1700 UTC;0;886,8;887,7;886,8;1637,1;24,7;15,6;24,7;23,7;17,8;14,7;70;54;57;358;4,9;2,6;
2024/11/16;1800 UTC;0;886,2;886,8;886,2;2699;25,3;15,9;25,7;24,5;17,4;15,2;64;53;56;340;5;1,9;
2024/11/16;1900 UTC;0;885,7;886,2;885,7;1243,1;24,6;15,5;25,4;24,6;16,6;14,7;60;53;57;20;4,6;2,1;
2024/11/16;2000 UTC;0;885,7;885,8;885,6;682,5;24,2;16;24,6;24,1;16,3;15,1;61;56;60;8;4,4;1;
2024/11/16;2100 UTC;0;886,1;886,2;885,6;278,1;23,2;17;24,2;23,2;17,2;15,3;69;58;68;25;2,7;0;
2024/11/16;2200 UTC;0;886,9;886,9;886,1;5,2;21,7;16,9;23,2;21,7;17,9;16,9;77;68;74;38;2,8;1,3;
2024/11/16;2300 UTC;;;;;;;;;;;;;;;;;;
2024/11/17;0000 UTC;0;888,2;888,2;887,5;;21,1;17,6;21,2;20,6;18,1;17,6;85;80;80;73;3,8;1,8;
2024/11/17;0100 UTC;;;;;;;;;;;;;;;;;;
2024/11/17;0200 UTC;;;;;;;;;;;;;;;;;;
2024/11/17;0300 UTC;;;;;;;;;;;;;;;;;;
2024/11/17;0400 UTC;,4;887,3;888,1;887,3;;19,9;17,3;20;19,8;17,4;17;86;83;85;103;5,8;2,2;
2024/11/17;0500 UTC;0;887,1;887,4;887;;19,8;17,1;20,1;19,5;17,3;17;86;83;85;59;4,5;1,1;
2024/11/17;0600 UTC;1,2;887,1;887,1;886,9;;19;17,4;19,7;19;17,4;17,1;90;85;90;49;4,8;2;
2024/11/17;0700 UTC;5,4;886,7;887,1;886,7;;18,8;17,1;19;18,7;17,6;17,1;93;90;90;67;3,6;1,5;
2024/11/17;0800 UTC;,2;886,8;886,8;886,7;;18,6;16,5;18,9;18,5;17,1;16,5;90;87;88;57;4,7;2,4;
2024/11/17;0900 UTC;0;887,2;887,2;886,8;19,5;18,7;16,5;18,7;18,5;16,5;16,4;88;86;87;43;4,7;2;
2024/11/17;1000 UTC;0;888;888;887,2;369,9;20;16,8;20,1;18,7;17;16,3;88;80;82;81;3,4;,2;
2024/11/17;1100 UTC;0;888,6;888,6;888;483,3;20,6;17,5;20,6;19,9;17,5;16,6;84;80;82;145;1,8;,3;
2024/11/17;1200 UTC;0;889,4;889,4;888,6;776,2;21;17,2;21,4;20,6;17,8;16,8;82;76;79;133;4;,9;
2024/11/17;1300 UTC;0;889,9;889,9;889,4;652;21,5;17,3;21,5;20,8;17,5;16,6;80;76;77;125;4,4;1,6;
2024/11/17;1400 UTC;0;889,7;889,9;889,7;1157;21,1;17;22;21,1;18;16,7;79;75;77;114;4,9;2,4;
2024/11/17;1500 UTC;0;889,1;889,7;889,1;1238,5;22,2;17,1;22,2;21,1;17,9;16,6;80;72;73;113;5,6;2,7;
2024/11/17;1600 UTC;0;888,5;889,1;888,5;2343;23,6;17,4;23,9;22,2;18,2;16;75;66;68;111;5,9;2,2;
2024/11/17;1700 UTC;0;887,8;888,5;887,8;1397,4;23,1;16,1;23,9;23,1;17,7;15,9;69;63;64;28;4,8;1;
2024/11/17;1800 UTC;0;887,1;887,8;887,1;930,1;23,3;16,9;23,7;23,1;17;15,6;67;62;67;337;4,3;2,3;
2024/11/17;1900 UTC;0;886,9;887,1;886,9;552,2;21,2;18;23,3;21,1;18,4;16,3;83;65;82;2;7,6;3,1;
2024/11/17;2000 UTC;2,8;887,1;887,1;886,9;322,3;19,7;17,9;21,2;19,7;18,2;17,6;90;82;89;72;6,9;1,8;
2024/11/17;2100 UTC;3;886,7;887,1;886,7;124,5;19,1;17,2;19,8;19;18,2;17,2;91;88;89;38;3,6;,8;
2024/11/17;2200 UTC;,4;887;887;886,7;16,4;19,1;17,7;19,3;19;17,7;17,3;91;89;91;163;2,3;,3;
2024/11/17;2300 UTC;;;;;;;;;;;;;;;;;;
2024/11/18;0000 UTC;;;;;;;;;;;;;;;;;;
2024/11/18;0100 UTC;0;888,2;888,2;887,8;;19,3;17,1;19,4;19;17,3;17;90;86;87;100;3,7;,3;
2024/11/18;0200 UTC;0;888;888,2;887,9;;19,3;17;19,5;19,2;17,3;17;89;86;87;121;3,7;,6;
2024/11/18;0300 UTC;;;;;;;;;;;;;;;;;;
2024/11/18;0400 UTC;0;887,3;887,7;887,2;;18,9;17,2;19,2;18,7;17,3;16,8;91;86;90;171;2,4;,1;
2024/11/18;0500 UTC;0;886,7;887,3;886,7;;19,4;17,3;19,4;18,9;17,3;17,2;90;87;87;104;5,7;2,4;
2024/11/18;0600 UTC;0;886,6;886,7;886,5;;19,1;17,7;19,5;19,1;17,7;17,3;91;87;91;64;6,5;2,9;
2024/11/18;0700 UTC;0;886,5;886,7;886,4;;19,2;17,6;19,2;19,1;17,8;17,6;92;91;91;78;4,9;,9;
2024/11/18;0800 UTC;,2;886,9;886,9;886,5;;18,9;17,6;19,2;18,8;17,6;17,5;92;91;92;39;2,9;,3;
2024/11/18;0900 UTC;0;887,2;887,2;886,9;24,8;19,1;17,6;19,1;18,8;17,7;17,4;92;91;91;202;4,7;0;
2024/11/18;1000 UTC;,2;887,6;887,6;887,2;429,5;20,3;17,9;20,4;19,1;18,1;17,5;91;85;86;65;4,9;2,8;
2024/11/18;1100 UTC;0;888,1;888,1;887,5;1261,6;22;16,9;22,3;20,3;18,4;16,7;87;72;73;77;5,3;3,4;
2024/11/18;1200 UTC;0;888,5;888,5;888;2368,2;24,5;16,3;24,9;22;17,9;16,3;74;59;60;70;5,7;1,4;
2024/11/18;1300 UTC;0;888,3;888,5;888,3;3161,1;26,1;14,8;26,3;24,3;17,3;14,5;64;48;50;73;4,1;,7;
2024/11/18;1400 UTC;0;887,8;888,3;887,8;2213,5;25,6;18,1;26,5;25,1;18,3;14,4;65;49;63;333;3,7;1,5;
2024/11/18;1500 UTC;0;887,4;887,8;887,4;1148,4;25,6;17,3;25,8;25,4;17,7;15,5;63;54;60;349;4,3;1,5;
2024/11/18;1600 UTC;0;886,8;887,4;886,7;2124,3;25,2;17;27,4;25,2;19,1;16,4;63;56;60;64;7,7;4,2;
2024/11/18;1700 UTC;0;886;886,8;886;1278,1;25,6;16,4;25,6;24,5;17,9;16;66;56;57;74;7,7;,7;
2024/11/18;1800 UTC;0;884,8;886;884,7;2173,6;27;16;27,6;25,5;17,8;15,4;61;49;51;72;3,4;1,6;
2024/11/18;1900 UTC;0;884,1;884,8;884,1;1172,6;26,1;16,5;27,6;26,1;17;15,4;56;49;55;342;5,1;2,3;
2024/11/18;2000 UTC;0;884;884,1;883,8;571,2;25,7;16,8;26,1;25,7;17,5;15,9;60;54;58;8;7,4;1,5;
2024/11/18;2100 UTC;0;884,2;884,2;883,9;285,1;22,5;18;25,7;22;18,3;17,3;78;58;76;110;7,4;,4;
2024/11/18;2200 UTC;,2;884,5;884,5;884,1;7,1;22,2;17,8;22,9;21,9;19,1;17,6;84;72;76;65;2,5;1,1;
2024/11/18;2300 UTC;;;;;;;;;;;;;;;;;;
2024/11/19;0000 UTC;;;;;;;;;;;;;;;;;;
2024/11/19;0100 UTC;;;;;;;;;;;;;;;;;;
2024/11/19;0200 UTC;0;887;887;886,5;;21,1;17,9;22,2;21;18;17,6;82;77;82;341;5,8;2,9;
2024/11/19;0300 UTC;0;886,7;887;886,7;;20,4;18;21,1;20,3;18,1;17,8;86;82;86;9;4,9;2;
2024/11/19;0400 UTC;0;886,4;886,7;886,3;;20,1;18,1;20,4;20,1;18,4;18;89;86;89;333;3,6;1,3;
2024/11/19;0500 UTC;1,6;886,6;886,7;886,4;;17,8;16,2;20,2;17,8;18,5;16;90;85;90;145;6,4;2,7;
2024/11/19;0600 UTC;54,4;886,5;886,9;886,5;;17,9;17;17,9;17,2;17;15,9;95;90;95;161;7,7;,4;
2024/11/19;0700 UTC;9,6;886,8;886,8;885,9;;18,1;17,2;18,1;17,9;17,2;17;95;95;95;273;3,2;1,4;
2024/11/19;0800 UTC;,2;886,4;886,8;886,4;,1;16,9;15,9;18,2;16,9;17,4;15,9;95;94;94;178;5,8;,6;
2024/11/19;0900 UTC;0;886,8;886,8;886,4;19;17,6;16,6;17,6;16,9;16,6;15,9;94;94;94;75;3,4;,2;
2024/11/19;1000 UTC;,2;887,3;887,3;886,8;339,2;18,9;17,9;18,9;17,6;17,9;16,6;94;94;94;281;2,6;0;
2024/11/19;1100 UTC;0;887,7;887,7;887,3;851;20,7;16,9;20,8;18,9;18;16,9;94;79;79;256;1,8;,3;
2024/11/19;1200 UTC;0;888,2;888,4;887,7;1324;23,2;17;23,3;20,6;17,7;16;81;64;68;322;2,6;,5;
2024/11/19;1300 UTC;0;888;888,4;888;3135,4;24,7;15,9;24,9;23,2;17,7;15,5;70;57;58;240;4,2;,9;
2024/11/19;1400 UTC;0;887,7;888;887,7;3626,2;26,2;15,9;26,2;24,7;17,9;15,1;64;52;53;224;4,2;1,5;
2024/11/19;1500 UTC;0;887,2;887,7;887,2;3878,3;26,8;17,1;27,3;25,9;18,4;15;61;49;55;293;5,5;1,9;
2024/11/19;1600 UTC;0;886,5;887,2;886,5;2695,8;28,2;18,4;28,2;26,4;18,4;16,1;60;50;55;325;4,9;2,2;
2024/11/19;1700 UTC;0;885,6;886,5;885,6;3284,3;28,6;14,5;28,8;27,1;17,7;13,2;55;39;42;270;6,4;1,8;
2024/11/19;1800 UTC;0;884,7;885,6;884,7;3226;29,1;15,2;29,6;28;16,5;13,1;47;38;43;284;6,6;3,3;
2024/11/19;1900 UTC;0;884;884,7;884;2663,1;28,6;15,1;29,5;28,5;17;13,5;49;39;44;284;6,8;3,1;
2024/11/19;2000 UTC;0;884;884,2;884;1851,3;28;15,5;29,3;28;16,5;14;48;39;47;256;5,5;3,3;
2024/11/19;2100 UTC;0;884,4;884,6;883,9;843,9;27,3;16;28,5;27,3;16,8;15,4;52;46;50;267;5,5;2,4;
2024/11/19;2200 UTC;0;885,1;885,1;884,4;51,7;25,2;17;27,3;25;17,3;15,8;62;50;61;109;3,6;,2;
2024/11/19;2300 UTC;0;886;886;885,2;;23,5;17,3;25,1;23,4;18,4;16,4;74;60;68;351;4,2;2,2;
2024/11/20;0000 UTC;;;;;;;;;;;;;;;;;;
2024/11/20;0100 UTC;;;;;;;;;;;;;;;;;;
2024/11/20;0200 UTC;,2;887,4;887,6;887,3;;19,8;17,5;20,2;19,8;18,4;17,5;90;86;87;45;3,9;2,1;
2024/11/20;0300 UTC;0;887,5;887,6;887,3;;20,2;18,3;20,5;19,7;18,7;17,4;90;85;89;263;5,5;3,2;
2024/11/20;0400 UTC;0;887,3;887,6;887,2;,9;19,6;18,3;20,2;19,6;18,3;18;93;87;93;20;5,5;1,7;
2024/11/20;0500 UTC;0;886,9;887,3;886,8;;19,4;18,3;19,6;19,4;18,4;18,3;93;93;93;3;3,5;,6;
2024/11/20;0600 UTC;,2;887,1;887,2;886,9;;19,4;18,4;19,5;19,4;18,4;18,3;94;93;94;9;2,9;0;
2024/11/20;0700 UTC;1,4;886,7;887,1;886,7;;19,4;18,4;19,6;19,4;18,5;18,4;94;94;94;311;2;,5;
2024/11/20;0800 UTC;,4;887,3;887,3;886,6;;19,2;18,2;19,5;19,2;18,5;18,2;94;94;94;302;2,7;1,8;
2024/11/20;0900 UTC;0;887,8;887,8;887,3;46,8;19,6;18,3;19,6;19,2;18,5;18,2;94;92;92;310;5,1;2,1;
2024/11/20;1000 UTC;0;888,3;888,3;887,8;489,3;20,1;18,2;20,1;19,6;18,3;17,7;92;88;89;213;3,2;,2;
2024/11/20;1100 UTC;,2;889;889;888,3;621,5;20,6;18,1;20,6;20,1;18,3;17,5;89;85;86;236;3,5;2,2;
2024/11/20;1200 UTC;0;889,4;889,4;889;1676,6;22,3;18;22,8;20,6;18,8;17,7;87;75;77;247;4,3;2,5;
2024/11/20;1300 UTC;0;889,5;889,5;889,4;2367,7;24,4;19,3;24,4;22,3;19,3;17,5;79;68;73;263;5,8;3,2;
2024/11/20;1400 UTC;0;889,2;889,5;889,2;3186;26;18,3;26;24,1;19,2;17,1;73;60;63;288;7;1,2;
2024/11/20;1500 UTC;0;888,7;889,2;888,6;3878,5;26,7;18,1;26,7;25,8;19,1;16,1;65;54;60;318;5,9;2,4;
2024/11/20;1600 UTC;0;887,7;888,7;887,7;3064,6;26,1;17,7;27,5;26,1;19,3;17,2;63;54;60;342;5,9;1,9;
2024/11/20;1700 UTC;0;886,7;887,7;886,7;1269,6;27,4;17,5;27,4;25,9;18,9;17,1;65;54;55;283;5,2;1,8;
2024/11/20;1800 UTC;0;885,8;886,7;885,8;2959,8;28,3;17,5;28,7;26,7;19;16,7;61;51;52;286;7,4;2,9;
2024/11/20;1900 UTC;0;885,4;885,8;885,3;2800,8;27,6;17,1;28,9;27,6;18,8;16,6;56;48;53;308;6,8;4,2;
2024/11/20;2000 UTC;0;885,1;885,5;885;1684,5;27,5;16,4;28;27,4;18,1;16,2;56;49;51;314;6,8;3,9;
2024/11/20;2100 UTC;0;885,2;885,2;885;723;26,2;17,4;27,7;26,2;17,9;16,1;58;50;58;307;5,8;2,8;
2024/11/20;2200 UTC;0;886;886,1;885,1;46,6;25;18,3;26,2;24,7;18,9;17,5;70;58;66;282;4,2;1,8;
2024/11/20;2300 UTC;0;886,9;886,9;886;;24;18,8;25;24;18,9;18,3;73;67;73;282;3,7;1;
2024/11/21;0000 UTC;;;;;;;;;;;;;;;;;;
2024/11/21;0100 UTC;;;;;;;;;;;;;;;;;;
2024/11/21;0200 UTC;,2;889;889,1;888,6;;21,7;19,2;22,9;21,7;19,4;18,9;86;78;86;126;7;2,5;
2024/11/21;0300 UTC;;;;;;;;;;;;;;;;;;
2024/11/21;0400 UTC;3;887,5;889,2;887,5;;17,8;15,6;19;17,8;17;15;89;83;87;145;7,6;,2;
2024/11/21;0500 UTC;,2;887;887,6;886,9;;18,1;15,7;18,5;17,5;16;15,4;89;83;86;47;4,4;2,1;
2024/11/21;0600 UTC;0;886,9;887,3;886,9;;18,8;17;18,9;17,9;17,1;15,7;90;83;89;339;4,5;1,6;
2024/11/21;0700 UTC;0;886,9;887;886,8;;19,2;17,3;19,5;18,8;17,3;17;90;86;89;193;2,6;,5;
2024/11/21;0800 UTC;0;887,3;887,3;886,8;;19,3;17,2;19,3;19;17,5;17,2;91;87;87;344;2,3;,3;
2024/11/21;0900 UTC;0;887,6;887,6;887,2;32;19;16,9;19,3;18,9;17,1;16,7;88;86;87;254;2,3;,3;
2024/11/21;1000 UTC;0;888,1;888,2;887,6;410,4;20,5;17,7;20,5;19;17,9;16,9;88;84;84;17;2;,2;
2024/11/21;1100 UTC;0;889;889;888,1;1309,3;23,1;17,1;23,1;20,5;18,4;16,6;84;67;69;286;3,7;2,4;
2024/11/21;1200 UTC;0;889,5;889,5;889;1624,1;24;17;24;22,8;17,6;16,2;71;63;65;229;4,7;2,5;
2024/11/21;1300 UTC;0;889,4;889,6;889,3;2478,9;25,2;18,5;25,2;23,8;19,3;16,7;72;63;66;214;6,8;3,9;
2024/11/21;1400 UTC;0;888,8;889,4;888,8;3184,2;26,5;18,1;26,5;25,1;19,4;17,3;70;57;60;225;6,6;2,5;
2024/11/21;1500 UTC;0;888;888,8;888;2213,7;26,9;18,4;26,9;25,7;19,7;17;68;56;60;193;6,4;2,8;
2024/11/21;1600 UTC;0;886,7;888;886,7;3234,3;27,5;16,7;27,9;26,2;19,5;15,5;64;48;52;223;6,3;3,1;
2024/11/21;1700 UTC;0;885,9;886,7;885,8;3450,9;28,7;16,2;28,7;27,3;18,3;15;56;44;47;269;6,2;3,1;
2024/11/21;1800 UTC;0;885,3;886;885,2;1934;28,1;15;28,7;27,9;16,7;14,2;51;42;45;201;4,5;,7;
2024/11/21;1900 UTC;0;884,3;885,3;884,3;2505;27,9;17,6;29,8;27,9;18,2;14;54;39;53;351;4,8;3;
2024/11/21;2000 UTC;0;884,1;884,3;884,1;1270,5;27,6;16,6;28,6;27,2;17,9;14,5;55;44;51;353;6;2,2;
2024/11/21;2100 UTC;0;884,7;884,7;884,1;272,8;25,6;18,7;27,6;25,6;18,8;16;66;50;66;249;5,2;2,2;
2024/11/21;2200 UTC;0;885,3;885,3;884,6;8,7;23,8;18,6;25,6;23,8;19,1;18,6;74;66;73;223;5,8;3,1;
2024/11/21;2300 UTC;,6;886,4;886,4;885,3;;20,9;18,8;23,8;20,9;18,8;18;88;71;88;148;7,7;3,6;
2024/11/22;0000 UTC;;;;;;;;;;;;;;;;;;
2024/11/22;0100 UTC;;;;;;;;;;;;;;;;;;
2024/11/22;0200 UTC;10;888,5;888,6;888;;20,1;19;20,4;19,8;19,3;18,6;93;93;93;164;5,5;2,4;
2024/11/22;0300 UTC;3,6;888,1;888,7;888,1;;18,8;17,3;20,1;18,8;19;17,3;93;90;91;158;7,4;2,6;
2024/11/22;0400 UTC;1,2;886,9;888,1;886,9;;19;17,8;19;18,8;17,8;17,3;93;91;93;167;5,5;2,8;
2024/11/22;0500 UTC;,2;886,3;886,9;886,3;;19,1;18;19,1;19;18;17,8;94;93;94;175;6;2,1;
2024/11/22;0600 UTC;0;886,1;886,3;886,1;;19;17,7;19,2;19;18,1;17,7;94;93;93;167;4,2;1,6;
2024/11/22;0700 UTC;0;885,7;886,1;885,6;;18,6;16,8;19;18,5;17,7;16,8;93;90;90;91;3,4;1,8;
2024/11/22;0800 UTC;,2;886;886;885,6;;17,6;15,8;18,9;17,5;16,8;15,6;90;84;89;29;3,3;,7;
2024/11/22;0900 UTC;0;886,7;886,7;886;38,9;18,6;15,2;18,7;17,4;15,9;15,1;90;80;81;54;2,9;2,1;
2024/11/22;1000 UTC;0;887,7;887,7;886,7;633,3;22,5;16,8;22,5;18,6;17,2;14,7;81;70;70;87;2,8;0;
2024/11/22;1100 UTC;0;888,1;888,1;887,7;1691,8;24,1;17,1;24,8;22,5;17,5;14,9;70;56;65;161;3,5;1,4;
2024/11/22;1200 UTC;0;888,3;888,3;888,1;1994,3;24,9;17,7;25;24,2;18,5;17,1;69;63;64;165;3,4;1,4;
2024/11/22;1300 UTC;0;888,2;888,3;888,2;1614,4;25,5;17,4;25,8;24,6;18,7;17,1;67;60;61;277;3,4;,3;
2024/11/22;1400 UTC;0;887,8;888,2;887,8;2008,3;24,8;18,2;26,8;24,8;19,4;17,2;68;57;67;277;6,1;4,3;
2024/11/22;1500 UTC;2,6;887,6;887,9;887,6;2001,5;22,1;18,5;25,1;21,6;19,4;16,5;84;59;80;318;7,1;2,6;
2024/11/22;1600 UTC;,2;886,3;887,6;886,3;1395,2;23,6;17,5;23,9;21,9;19,3;17;80;68;69;263;7;2,7;
2024/11/22;1700 UTC;0;885,4;886,5;885,4;3031,3;26,5;18,5;26,8;23,6;19,2;16,5;71;59;61;275;5,7;3,5;
2024/11/22;1800 UTC;,2;884,9;885,4;884,9;1189,7;25,2;18,6;26,5;23,5;19,7;17,9;78;61;67;287;10,1;3,9;
2024/11/22;1900 UTC;0;884,5;884,9;884,5;430,8;22;19,4;25,2;22;19,4;17,5;85;65;85;20;6,6;2,4;
2024/11/22;2000 UTC;0;883,9;884,5;883,9;942,7;21,8;19,3;22,4;21,6;20,4;19,3;89;85;86;39;5,9;2;
2024/11/22;2100 UTC;0;884,7;884,7;883,9;338,7;22,4;18,8;23;21,8;19,8;18,8;87;79;80;358;3,5;,7;
2024/11/22;2200 UTC;,2;885,9;885,9;884,7;16,8;21,8;19,2;22,6;21,5;19,5;18,9;87;80;85;326;3,6;2,1;
2024/11/22;2300 UTC;0;887;887;885,9;;21,1;19,6;22,1;21,1;19,6;19,2;91;84;91;41;3,6;,3;
2024/11/23;0000 UTC;0;887,3;887,3;886,9;;21;19,4;21,3;21;19,7;19,4;91;89;91;57;1,6;0;
2024/11/23;0100 UTC;;;;;;;;;;;;;;;;;;
2024/11/23;0200 UTC;;;;;;;;;;;;;;;;;;
2024/11/23;0300 UTC;0;887,1;887,5;887,1;;21,2;18,6;21,4;20,7;19,2;18,5;90;84;85;215;2,3;,9;
2024/11/23;0400 UTC;0;886,2;887,1;886,2;;21;18,7;21,2;20,9;18,9;18,7;87;85;87;236;2,1;0;
2024/11/23;0500 UTC;0;885,4;886,2;885,4;;20,6;18,7;21;20,6;18,9;18,7;89;87;89;199;2,5;0;
2024/11/23;0600 UTC;0;885,6;885,6;885,4;;21;18,8;21,1;20,6;18,8;18,6;89;86;87;196;1,8;,5;
2024/11/23;0700 UTC;0;885,8;885,8;885,5;;20,7;18,9;21;20,7;18,9;18,7;89;87;89;208;2,9;,6;
2024/11/23;0800 UTC;0;886,2;886,2;885,7;;20,5;18,9;20,7;20,4;19;18,8;90;89;90;141;1,9;0;
2024/11/23;0900 UTC;0;886,4;886,4;886,1;18,8;20;18,7;20,5;19,9;18,9;18,5;93;90;92;150;1,8;,2;
2024/11/23;1000 UTC;0;887;887,1;886,4;188,7;20,6;19,1;20,7;19,6;19,3;18,3;93;91;91;82;1,8;,2;
2024/11/23;1100 UTC;0;887,8;887,8;887;535,8;21,8;19;21,8;20,5;19,4;19;92;84;84;178;2;,2;
2024/11/23;1200 UTC;0;888,1;888,1;887,8;1847,8;23,5;18,5;23,5;21,8;19,6;17,7;85;72;74;249;3,6;1,9;
2024/11/23;1300 UTC;0;888;888,1;887,9;2175,7;24,2;17,8;25,1;23,5;19,1;17,3;75;64;68;273;5,3;2,8;
2024/11/23;1400 UTC;0;887,5;888;887,5;2116,7;25,7;18,5;25,7;23,7;18,9;17,2;70;62;65;259;6,5;3,1;
2024/11/23;1500 UTC;0;887,2;887,5;887,1;1360,2;22,1;18,2;26,2;22,1;18,9;16,8;79;60;79;313;7,3;1,2;
2024/11/23;1600 UTC;0;887;887,3;887;847,8;20,6;18,2;22,9;20,5;19,2;17,8;89;77;86;326;9,5;4,8;
2024/11/23;1700 UTC;0;886;887;886;1039,4;21,6;18,2;21,6;20,4;18,5;17,7;87;81;81;359;7,1;1,5;
2024/11/23;1800 UTC;0;885,7;886;885,6;1246;21,9;18,6;22,6;21,7;18,8;17,7;82;75;82;347;5,9;2,8;
2024/11/23;1900 UTC;0;884,9;885,7;884,9;540,2;21,2;18,4;22;21;18,6;17,4;84;76;84;329;4,9;2,1;
2024/11/23;2000 UTC;0;885;885;884,8;457,4;21,2;18,1;21,5;21;18,6;18;85;82;82;337;3,7;0;
2024/11/23;2100 UTC;0;885,4;885,4;885;228,4;20,6;18,4;21,3;20,6;18,5;17,9;87;82;87;340;2,6;,5;
2024/11/23;2200 UTC;0;886;886;885,4;10,2;20,3;18,6;20,6;20,2;18,6;18,4;90;87;90;218;1,9;0;
2024/11/23;2300 UTC;0;886,5;886,6;886;;20;18,4;20,4;19,9;18,6;18,3;91;89;91;93;1,1;0;
2024/11/24;0000 UTC;;;;;;;;;;;;;;;;;;
2024/11/24;0100 UTC;0;887,9;887,9;887,2;;19,6;18,5;20,2;19,5;18,7;18,3;93;90;93;39;1,6;,2;
2024/11/24;0200 UTC;0;887,7;888;887,7;;19,6;18,6;19,7;19,6;18,7;18,5;94;93;94;33;2,3;0;
2024/11/24;0300 UTC;;;;;;;;;;;;;;;;;;
2024/11/24;0400 UTC;0;886,8;887,2;886,7;;19,7;18,8;19,8;19,6;18,9;18,7;95;94;95;266;4;,8;
2024/11/24;0500 UTC;17,8;886,5;887,1;886,5;;18;17;19,7;17,8;18,5;16,8;95;94;94;197;7,4;,9;
2024/11/24;0600 UTC;2;885,9;886,5;885,9;;18,3;17,4;18,4;17,9;17,5;17;95;94;94;214;2,6;1,3;
2024/11/24;0700 UTC;0;886;886,1;885,9;;18,2;17,2;18,3;18,1;17,3;17,1;94;94;94;61;2,6;,1;
2024/11/24;0800 UTC;0;885,9;886;885,7;;18,3;17,2;18,3;18,1;17,3;17,1;94;94;94;27;2,1;,3;
2024/11/24;0900 UTC;0;886,8;886,8;885,9;8,9;18,6;17,2;18,6;18,3;17,4;17,2;94;92;92;97;2,6;,2;
2024/11/24;1000 UTC;0;887,6;887,6;886,8;133,9;19,2;17,9;19,2;18,5;17,9;17,2;92;92;92;60;2;,2;
2024/11/24;1100 UTC;0;888,4;888,4;887,6;296,8;19,7;17,2;19,9;19,2;17,9;17,2;92;85;85;40;2,6;,7;
2024/11/24;1200 UTC;0;888,7;888,7;888,4;896,2;20,6;18;20,7;19,6;18,7;17,2;91;85;85;348;3,6;1;
2024/11/24;1300 UTC;0;888,5;888,7;888,5;2793,8;23,3;17,8;24,2;20,6;19,6;17,4;86;68;71;299;2,5;,3;
2024/11/24;1400 UTC;0;888,3;888,5;888,3;2255,7;24,2;17,3;24,7;23,3;19;16,8;74;63;66;235;4;1,1;
2024/11/24;1500 UTC;1,4;888;888,3;887,9;782,3;21,4;19,1;24,5;21,4;19,1;17,1;87;65;87;29;6;1,5;
2024/11/24;1600 UTC;2;887,4;888;887,4;1288;22;19,5;22,5;21,3;19,9;18,5;87;79;86;276;5,9;3,4;
2024/11/24;1700 UTC;0;886,5;887,4;886,5;2618;23,4;18,4;23,9;21,9;20,2;18,4;87;73;74;273;5,9;3;
2024/11/24;1800 UTC;0;886,1;886,6;886,1;1249,6;23,7;17;23,8;23;18,7;16,9;77;66;66;274;5,4;1,6;
2024/11/24;1900 UTC;0;885,8;886,3;885,7;1940,4;25,1;17,4;25,7;23,6;19,3;16,6;69;58;63;287;3,8;1,8;
2024/11/24;2000 UTC;0;886,1;886,1;885,7;636,9;23,1;17,9;25;23,1;19;17,2;74;63;73;353;5;2,7;
2024/11/24;2100 UTC;0;886,6;886,6;886;358,2;22,1;18,5;23,1;22,1;18,6;17,6;80;72;80;35;5,1;2,3;
2024/11/24;2200 UTC;13,4;887,5;887,5;886,6;3,9;19,4;18,1;22,1;18,8;18,5;16,9;92;80;92;353;9,2;,1;
2024/11/24;2300 UTC;4;887,9;887,9;887,5;;19,7;18,6;19,8;19,4;18,7;18,1;93;92;93;66;3,3;1,6;
2024/11/25;0000 UTC;;;;;;;;;;;;;;;;;;
2024/11/25;0100 UTC;;;;;;;;;;;;;;;;;;
2024/11/25;0200 UTC;0;888,9;889;888,9;,9;19,4;17,3;20,1;19,3;17,6;17,3;89;84;88;48;3,9;1,8;
2024/11/25;0300 UTC;;;;;;;;;;;;;;;;;;
2024/11/25;0400 UTC;0;888;888,3;888;;19,4;17,4;19,6;19,3;17,4;17,2;88;87;88;55;6,2;3,2;
2024/11/25;0500 UTC;0;887,6;888;887,5;;19,4;17,4;19,5;19,4;17,6;17,4;89;88;88;63;7,1;3,9;
2024/11/25;0600 UTC;0;887,4;887,7;887,3;;19,2;17,2;19,5;19,2;17,5;17,2;89;88;88;61;7,1;3,5;
2024/11/25;0700 UTC;0;887,4;887,4;887,3;;19;16,8;19,2;18,9;17,2;16,8;88;87;87;69;6,8;3;
2024/11/25;0800 UTC;0;887,6;887,6;887,4;;18,6;16,5;19;18,5;16,8;16,5;89;87;88;76;7,1;3,1;
2024/11/25;0900 UTC;0;887,9;887,9;887,6;19,1;18,4;16,1;18,7;18,3;16,5;16;88;86;86;80;9,1;4,4;
2024/11/25;1000 UTC;0;888,4;888,5;887,9;165,5;19,1;16;19,1;18,3;16,1;16;87;82;82;89;10,7;5,5;
2024/11/25;1100 UTC;0;889,1;889,1;888,4;1554,4;20,8;16,5;21;19;16,9;16;83;75;76;71;11,7;5,3;
2024/11/25;1200 UTC;0;889,5;889,5;889;2370,9;21,7;17,1;22;20,7;17,2;16;78;72;75;51;11,3;6,3;
2024/11/25;1300 UTC;0;889,8;889,8;889,4;2063,8;22;17,1;22,5;21,5;17,2;16,4;76;71;74;70;9,9;5,2;
2024/11/25;1400 UTC;0;889,9;889,9;889,7;1843,9;22,9;16,9;23;21,7;17,6;16,3;74;69;69;64;9,3;3,7;
2024/11/25;1500 UTC;0;889,6;889,9;889,6;2322,4;24;17,6;24;22,7;17,9;16,6;71;65;68;54;7,7;3,8;
2024/11/25;1600 UTC;0;889,1;889,6;889,1;3008,8;24,7;17,1;25,1;23,4;18,3;16,1;70;58;63;16;7,7;3,2;
2024/11/25;1700 UTC;0;888,4;889,1;888,4;1686,7;25,6;18,3;25,6;24;18,3;16,5;67;60;64;65;5,6;2,5;
2024/11/25;1800 UTC;0;887,6;888,4;887,6;2483,7;26,3;16,5;26,5;24,3;18,9;16,1;66;53;55;43;5,4;2;
2024/11/25;1900 UTC;0;887;887,6;887;2345,4;25,1;16,2;26,8;25,1;17,7;15,5;60;51;58;78;6;3,3;
2024/11/25;2000 UTC;0;886,9;887,1;886,8;467,5;24,6;16,7;25,1;24,4;17,4;16,1;63;58;62;90;5,6;2,8;
2024/11/25;2100 UTC;0;887,3;887,3;886,9;505,4;23,8;16,9;25,3;23,7;17,5;16,6;65;61;65;85;6,1;2,7;
2024/11/25;2200 UTC;0;887,5;887,5;887,2;20,3;22,3;16,7;23,8;22,3;17,1;16,7;71;65;71;81;7,2;2,9;
2024/11/25;2300 UTC;0;888,4;888,4;887,5;;21,2;16,5;22,3;21,2;16,8;16,5;75;71;74;72;6,5;2,4;
2024/11/26;0000 UTC;0;889,3;889,3;888,4;;21,1;16,6;21,4;21,1;16,7;16,4;76;73;76;66;5,7;2,4;
2024/11/26;0100 UTC;0;889,7;889,7;889,3;;20,6;16,6;21,3;20,6;16,7;16,5;77;75;77;75;6,3;2,9;
2024/11/26;0200 UTC;;;;;;;;;;;;;;;;;;
2024/11/26;0300 UTC;;;;;;;;;;;;;;;;;;
2024/11/26;0400 UTC;0;888,7;889,1;888,6;;19,4;16,3;20,2;19,4;16,3;16,1;82;78;82;50;6,6;3,5;
2024/11/26;0500 UTC;0;888,5;888,8;888,5;;18,8;16,5;19,7;18,8;16,6;16,3;87;82;87;41;6,9;2,3;
2024/11/26;0600 UTC;0;888,5;888,6;888,4;;19,6;17,3;19,6;18,6;17,3;16,5;89;86;86;54;7,9;4,3;
2024/11/26;0700 UTC;0;888,5;888,5;888,4;;19,1;17;19,6;19,1;17,2;16,9;87;86;87;67;7,5;3,5;
2024/11/26;0800 UTC;0;888,7;888,7;888,5;;18,4;16,6;19,2;18,4;17;16,6;90;87;90;33;7,1;2;
2024/11/26;0900 UTC;0;889,1;889,1;888,6;47,5;18,8;16,5;18,8;18,2;16,9;16,5;91;87;87;34;6,3;3,5;
2024/11/26;1000 UTC;0;889,8;889,8;889,1;385;19,9;17,1;20;18,8;17,3;16,5;87;84;84;36;7,5;3,8;
2024/11/26;1100 UTC;0;890,3;890,3;889,8;959,1;21,9;17,7;22,1;19,9;18;17,1;85;76;77;35;7,9;3,6;
2024/11/26;1200 UTC;0;890,9;891;890,3;1315,1;21,5;17,5;21,9;20,8;17,8;16,9;80;75;78;18;8,1;2,8;
2024/11/26;1300 UTC;0;890,8;891;890,8;2193,7;23,1;18;23,1;21,3;18,1;17;78;72;73;27;6,7;3;
2024/11/26;1400 UTC;0;890,3;890,8;890,3;1886,2;23,6;17,7;24;22,8;18,2;17,1;74;67;69;339;5,9;2,8;
2024/11/26;1500 UTC;0;889,4;890,3;889,4;2422,4;24,8;17,5;24,9;23,6;18,5;16,9;71;63;64;338;5,5;1,9;
2024/11/26;1600 UTC;0;888,4;889,4;888,4;3266;26,1;16;27;24,2;18,5;15,1;67;51;54;59;5,2;1,1;
2024/11/26;1700 UTC;0;887,9;888,4;887,9;1367,4;23,8;17,2;26,3;23,8;18;16,1;69;53;66;217;5,3;1,5;
2024/11/26;1800 UTC;0;887,2;888;887,2;1954;24,9;18,5;25,2;23,8;19,9;16,7;76;61;68;62;4,7;2,2;
2024/11/26;1900 UTC;0;886,5;887,2;886,5;2104,4;24,9;17,4;25,8;23,7;19,3;17;74;59;63;58;4,7;1,1;
2024/11/26;2000 UTC;0;886,4;886,5;886,3;489,8;25;17,5;25,1;24,7;17,9;16,6;65;60;63;315;3,4;,4;
2024/11/26;2100 UTC;0;886,5;886,5;886,4;316,8;23,2;18;25;23,2;18,4;16,8;73;60;73;75;3,8;2,2;
2024/11/26;2200 UTC;0;886,9;886,9;886,4;17,3;22,7;18,5;23,2;22,3;18,8;17,6;80;71;77;80;3,6;1,6;
2024/11/26;2300 UTC;;;;;;;;;;;;;;;;;;
2024/11/27;0000 UTC;;;;;;;;;;;;;;;;;;
2024/11/27;0100 UTC;;;;;;;;;;;;;;;;;;
2024/11/27;0200 UTC;0;888,4;888,6;888,3;;20,5;19;21;20,5;19;18,9;91;87;91;21;5,6;2,4;
2024/11/27;0300 UTC;0;888,6;888,6;888,4;;20,4;19,1;20,5;20,4;19,1;18,9;92;91;92;1;4,9;1,5;
2024/11/27;0400 UTC;0;887,9;888,6;887,9;;20,2;18,9;20,4;20,2;19,1;18,9;93;92;92;330;3,6;,9;
2024/11/27;0500 UTC;0;887,3;887,9;887,3;;20;18,9;20,2;20;19;18,9;93;92;93;343;2,3;,3;
2024/11/27;0600 UTC;0;887;887,3;887;;19,8;18,8;20;19,8;18,9;18,8;94;93;93;24;2,5;,1;
2024/11/27;0700 UTC;0;886,9;887;886,8;;19,6;18,5;19,8;19,6;18,7;18,5;93;93;93;352;2;,3;
2024/11/27;0800 UTC;0;887,2;887,2;886,9;;19,4;18,4;19,7;19,4;18,6;18,4;94;93;94;15;3,6;1,9;
2024/11/27;0900 UTC;0;887,7;887,7;887,2;28,5;19,4;18,4;19,6;19,4;18,6;18,4;94;94;94;15;4,7;2,4;
2024/11/27;1000 UTC;0;888,4;888,4;887,7;672,6;20,7;18,3;20,7;19,4;18,8;18,2;94;86;86;22;5,7;3,2;
2024/11/27;1100 UTC;0;889,3;889,3;888,4;787,3;21,6;18,4;21,6;20,6;18,5;18;86;81;82;12;6;2,4;
2024/11/27;1200 UTC;0;889,5;889,5;889,3;1294,3;22,9;17,7;23;21,5;19;17,7;82;72;73;31;6,3;2,6;
2024/11/27;1300 UTC;0;889,5;889,6;889,5;2174,5;24;17,3;24,8;22,8;18,7;17;76;63;66;357;6,3;2,8;
2024/11/27;1400 UTC;0;889,2;889,5;889,2;2372,7;24,9;17,1;25,6;24;18,4;16,3;68;57;62;12;5,7;3;
2024/11/27;1500 UTC;0;888,4;889,2;888,4;2499;26;18,7;26,1;24,6;19,1;16,7;68;59;64;335;6,3;3,7;
2024/11/27;1600 UTC;0;887,3;888,4;887,3;2340,4;26,4;16,9;26,5;24,6;17,7;15,6;65;56;56;294;6,3;1,8;
2024/11/27;1700 UTC;0;886,3;887,3;886,3;2724,2;25,7;16,8;27,7;25,1;18,4;15,3;62;48;58;104;6,6;2,5;
2024/11/27;1800 UTC;,2;885,8;886,4;885,8;384,6;20,5;18;25,7;20,5;18,9;16,7;86;58;86;322;10,2;3,4;
2024/11/27;1900 UTC;,8;885,3;885,8;885,1;551;22,3;19,7;22,3;20,3;19,7;18,1;89;85;85;18;4,9;1;
2024/11/27;2000 UTC;0;885,4;885,4;885,2;589,5;22,5;19,3;23,2;22,3;19,8;18,7;85;77;82;2;4,8;2,2;
2024/11/27;2100 UTC;0;886;886;885,4;94,5;21,9;19,5;22,5;21,8;19,5;19,1;86;81;86;345;4,4;,7;
2024/11/27;2200 UTC;0;886,5;886,6;886;16,7;21;19,3;21,9;20,9;19,7;19,2;90;86;90;41;2,2;,9;
2024/11/27;2300 UTC;0;887,4;887,4;886,5;;20,6;18,9;21;20,5;19,3;18,6;90;87;90;30;2,3;,5;
2024/11/28;0000 UTC;;;;;;;;;;;;;;;;;;
2024/11/28;0100 UTC;;;;;;;;;;;;;;;;;;
2024/11/28;0200 UTC;0;887,4;887,7;887,4;;20,1;18,7;20,6;19,6;19,4;18,3;93;92;92;42;3;1,7;
2024/11/28;0300 UTC;;;;;;;;;;;;;;;;;;
2024/11/28;0400 UTC;0;886,2;887;886,2;;20;18,2;20,5;19,9;18,7;18,1;91;88;89;44;3,3;1,8;
2024/11/28;0500 UTC;,2;886;886,3;886;;19,5;17,6;20,1;19,5;18,2;17,5;90;87;89;40;3,3;,2;
2024/11/28;0600 UTC;0;885,5;886;885,5;;19,6;17,8;19,7;19,1;18;17,4;91;89;90;97;2,5;,1;
2024/11/28;0700 UTC;0;885,7;885,7;885,5;;19,4;17;19,7;19,2;17,9;16,9;91;85;86;56;2,1;1,5;
2024/11/28;0800 UTC;0;886;886;885,6;;19,6;17,4;19,6;18,6;17,4;16,6;90;86;87;70;2,8;1,3;
2024/11/28;0900 UTC;0;886,5;886,5;886;36,2;20;17,5;20;18,9;17,5;16,8;88;85;85;71;2,6;1,3;
2024/11/28;1000 UTC;0;887,3;887,3;886,5;571;22,2;18,6;22,2;19,6;18,7;17,2;88;80;80;37;3,7;1,6;
2024/11/28;1100 UTC;0;887,6;887,6;887,3;1603,6;23,6;18,3;24,1;22,2;19,2;17,9;81;70;72;359;4,9;2,4;
2024/11/28;1200 UTC;0;888;888,1;887,6;1802,2;24,6;17,6;24,8;23,3;19,1;17,2;73;65;65;357;5,8;2,8;
2024/11/28;1300 UTC;0;888,2;888,2;888;2270,8;25,4;17,8;25,6;24,3;19,3;17,6;70;62;63;352;5,7;3;
2024/11/28;1400 UTC;0;888;888,2;888;3410,1;26,1;18,4;27,1;25,2;19,1;17,4;65;58;63;343;7,9;3,7;
2024/11/28;1500 UTC;0;887,2;888;887,2;2376,1;27,2;16,8;27,4;25,9;18,2;15,7;62;50;53;352;7,5;3,2;
2024/11/28;1600 UTC;0;886,1;887,2;886,1;3515,3;28,2;17;28,3;26,3;18,6;15,5;61;47;51;327;6,6;3,2;
2024/11/28;1700 UTC;0;885,4;886,1;885,4;3424,2;27,5;17;29,5;27,5;18,4;15,8;55;45;53;326;7,4;3;
2024/11/28;1800 UTC;0;884,5;885,4;884,5;921,9;25,1;18,4;28,3;24,3;19,3;17,2;70;52;67;19;10,7;2,9;
2024/11/28;1900 UTC;0;884,6;884,9;884,5;802,3;25,7;18,6;26;25,1;18,8;18;67;62;65;45;5,7;3,5;
2024/11/28;2000 UTC;0;885;885,1;884,6;319,4;22,9;18,4;25,7;22,9;19,1;18,1;76;63;76;14;8;3,7;
2024/11/28;2100 UTC;0;886,1;886,1;885;78,8;21,4;18,3;22,9;21,4;19,2;18,3;83;76;83;292;7;3,7;
2024/11/28;2200 UTC;0;887;887;886,1;3,9;20,5;18,8;21,4;20,5;18,8;18,3;90;83;90;270;6,8;1,6;
2024/11/28;2300 UTC;;;;;;;;;;;;;;;;;;
2024/11/29;0000 UTC;0;888,4;888,4;887,9;;20,2;18,9;20,3;20,2;18,9;18,8;92;91;92;251;2,4;1,6;
2024/11/29;0100 UTC;;;;;;;;;;;;;;;;;;
2024/11/29;0200 UTC;;;;;;;;;;;;;;;;;;
2024/11/29;0300 UTC;0;888,4;889;888,4;;19,7;18,1;20,4;19,7;18,5;18;91;87;90;33;2,8;1,7;
2024/11/29;0400 UTC;0;888,3;888,5;888,3;;20,2;17,6;20,4;19,6;18,3;17,6;90;85;85;194;2,7;,8;
2024/11/29;0500 UTC;0;887,6;888,3;887,6;;20,1;17,8;20,2;19,7;18,3;17,6;91;85;87;93;2,6;1,2;
2024/11/29;0600 UTC;0;887,4;887,6;887,3;;19,7;17,7;20,2;19,5;17,8;17,5;89;86;88;193;2,9;0;
2024/11/29;0700 UTC;0;887,1;887,5;887,1;;19,4;18;19,8;19;18;17,5;92;88;92;85;2,6;1,1;
2024/11/29;0800 UTC;0;887,7;887,7;887,1;;18,5;16,9;19,7;18,4;18,1;16,7;92;88;90;41;2,9;1,2;
2024/11/29;0900 UTC;0;888,2;888,2;887,6;27,1;18,7;17,7;18,7;18,4;17,7;16,8;94;90;94;18;4,2;2;
2024/11/29;1000 UTC;0;888,9;888,9;888,2;388,9;20,2;19,2;20,2;18,7;19,2;17,7;95;94;95;7;4,1;1,7;
2024/11/29;1100 UTC;0;889,5;889,5;888,9;1261,1;22,1;18,4;22,5;20,2;20,4;18,4;95;79;79;358;5,2;2,3;
2024/11/29;1200 UTC;0;889,9;889,9;889,5;2052,3;24;17,2;24,5;22,1;18,9;16,9;80;64;66;6;5;2,4;
2024/11/29;1300 UTC;0;890;890;889,8;1657,2;25,8;17,6;25,8;24;17,7;16,4;66;58;60;67;4,2;0;
2024/11/29;1400 UTC;0;889,5;890;889,5;2115,3;26,1;16,1;26,9;25,4;18,1;16,1;61;54;54;307;3,8;1,7;
2024/11/29;1500 UTC;0;888,8;889,5;888,8;2965,9;26,7;18,4;27,8;26;19,1;15,7;63;52;61;293;5,2;1,8;
2024/11/29;1600 UTC;0;887,6;888,8;887,6;3446,5;28,1;18,6;28,1;26,4;20,2;17;65;53;56;332;5,4;1,8;
2024/11/29;1700 UTC;0;886,5;887,6;886,5;1871,5;27,2;17,9;28,6;26,6;19,1;15,2;62;47;57;296;7,1;3,2;
2024/11/29;1800 UTC;0;885,6;886,5;885,6;1719,2;27,4;16,4;28,2;27,2;18,4;15,7;58;47;51;327;6,8;3,3;
2024/11/29;1900 UTC;0;885,2;885,6;884,9;909,2;24,7;18,5;27,7;24,7;18,6;15,7;69;48;69;81;8;2,8;
2024/11/29;2000 UTC;,4;885,9;885,9;885,1;159,4;21,3;18,3;24,6;21,3;18,5;17,9;83;68;83;4;8,9;2,6;
2024/11/29;2100 UTC;8;886,3;886,3;885,9;27,2;20,1;18,6;21,3;20,1;18,9;18,5;91;83;91;34;5,8;1,8;
2024/11/29;2200 UTC;3,4;886,7;886,7;886,3;1,9;20,2;18,3;20,3;20,1;18,7;18,2;91;87;89;45;3,1;,5;
2024/11/29;2300 UTC;,2;887,5;887,5;886,7;;20,5;18,6;20,5;20,1;18,8;17,9;90;87;89;39;1,9;0;
2024/11/30;0000 UTC;;;;;;;;;;;;;;;;;;
2024/11/30;0100 UTC;0;888,6;888,6;888,1;;21,1;18,6;21,2;20,8;18,9;18,5;88;85;86;157;2,4;,9;
2024/11/30;0200 UTC;;;;;;;;;;;;;;;;;;
2024/11/30;0300 UTC;0;888,3;888,6;888,3;;20,4;18,9;20,8;20,4;19;18,7;91;88;91;179;4,1;2,2;
2024/11/30;0400 UTC;;;;;;;;;;;;;;;;;;
2024/11/30;0500 UTC;0;887,2;887,6;887,2;;20,1;18,9;20,1;19,9;19;18,7;93;92;93;220;2,2;,4;
2024/11/30;0600 UTC;0;887;887,2;886,9;;19,1;18,1;20,1;19,1;18,9;18;94;93;94;234;7,2;3,4;
2024/11/30;0700 UTC;0;886,7;887;886,7;;19;18;19,2;19;18,1;18;94;94;94;257;5,4;,1;
2024/11/30;0800 UTC;0;887;887;886,7;;19,1;17,7;19,2;19;18;17,6;94;91;91;79;1,6;,1;
2024/11/30;0900 UTC;0;887,3;887,3;887;25,1;19,3;17,3;19,5;19,1;17,7;17,1;92;86;88;45;1,8;1,1;
2024/11/30;1000 UTC;0;887,8;887,8;887,3;322,9;20,6;16,7;20,6;19,3;17,8;16,5;89;77;78;353;2,3;,5;
2024/11/30;1100 UTC;0;888,2;888,2;887,8;682,2;21,7;16,3;21,8;20,6;17,3;16,1;81;71;72;112;2,1;0;
2024/11/30;1200 UTC;0;888,8;888,8;888,2;1103,2;22,7;16,9;22,9;21,7;17,5;16,1;73;69;69;208;1,4;,1;
2024/11/30;1300 UTC;0;888,8;888,9;888,8;2195,3;24,1;18,4;24,4;22,7;19,2;16,6;73;64;71;1;4;2;
2024/11/30;1400 UTC;0;888,8;888,9;888,8;2884,9;25,1;18,3;25,3;23,7;19,7;17,3;75;63;66;353;5,3;2,6;
2024/11/30;1500 UTC;0;888,3;888,8;888,3;2711,1;25,3;18,1;26,2;25;18,9;17,4;68;61;64;355;5,6;2,4;
2024/11/30;1600 UTC;0;887,7;888,3;887,7;2074;26;16,5;26,3;25,3;19;16,5;66;55;56;304;6,6;3,4;
2024/11/30;1700 UTC;0;886,8;887,7;886,8;3042,9;26,5;17,4;27,2;26;18,1;15,7;60;51;58;302;7;4;
2024/11/30;1800 UTC;0;885,8;886,8;885,8;2818,6;27,4;15,9;27,9;26,4;18,4;15,9;60;50;50;286;7,1;3,9;
2024/11/30;1900 UTC;0;885;885,8;885;2602,3;27,4;17;28;26,9;17,5;15,7;54;48;53;255;8,4;4,5;
2024/11/30;2000 UTC;0;884,4;885,1;884,4;1651,9;27;16,6;28;26,6;18,2;16,4;56;51;53;267;7,6;3,7;
2024/11/30;2100 UTC;0;885,2;885,2;884,4;766,8;26,5;16,4;27,2;26,5;17,5;15,9;57;51;54;299;6,5;1,8;
2024/11/30;2200 UTC;0;886;886;885,2;62;24,6;16,8;26,5;24,2;17,2;16,1;65;54;62;310;3,8;1,8;
2024/11/30;2300 UTC;0;887;887;886;;23,3;17,4;24,7;23,2;17,5;16,7;70;62;70;27;2,9;,3;
2024/12/01;0000 UTC;;;;;;;;;;;;;;;;;;
2024/12/01;0100 UTC;;;;;;;;;;;;;;;;;;
2024/12/01;0200 UTC;0;888,3;888,5;888,3;;21,1;18,3;21,4;21,1;18,5;18,2;84;83;84;17;3,6;,6;
2024/12/01;0300 UTC;0;887,9;888,3;887,9;;20,8;18;21,2;20,8;18,4;18;85;83;84;30;3,2;1,5;
2024/12/01;0400 UTC;0;887,1;887,9;887,1;;20,9;18;21,1;20,6;18,1;17,9;85;82;84;92;3,2;0;
2024/12/01;0500 UTC;0;886,3;887,1;886,3;;20,2;17,7;21,1;20,1;18,1;17,6;86;83;86;68;2;,8;
2024/12/01;0600 UTC;0;885,9;886,3;885,9;;19,9;17,4;20,2;19,5;17,9;17,4;90;86;86;35;2,8;,3;
2024/12/01;0700 UTC;0;885,8;885,9;885,8;;19,7;16,9;20,3;19,4;17,4;16,9;86;81;84;69;2,9;,6;
2024/12/01;0800 UTC;0;886,2;886,2;885,8;;20,4;17,1;20,4;19,5;17,2;16,7;85;81;81;76;1,9;1;
2024/12/01;0900 UTC;0;886,7;886,7;886,2;8,1;20,5;17,9;20,6;20;17,9;17,1;86;81;85;78;2;,1;
2024/12/01;1000 UTC;0;887,5;887,5;886,7;117,7;21,6;18,7;21,6;20,5;18,8;17,7;85;81;84;164;2,3;0;
2024/12/01;1100 UTC;0;888,3;888,3;887,5;496,5;22;19;22,1;21,6;19,5;18,6;86;81;83;15;2,5;1,3;
2024/12/01;1200 UTC;0;888,7;888,7;888,3;806,9;22,5;18,3;22,6;22;19,2;18,2;83;77;77;339;3,4;2,1;
2024/12/01;1300 UTC;0;888,7;888,7;888,6;2067,7;25,2;17,6;25,4;22,4;18,6;16,6;78;60;63;15;4,3;2,2;
2024/12/01;1400 UTC;0;888,5;888,8;888,5;2181,6;25,2;18,1;25,4;24;18,9;16,4;70;61;65;350;5,6;3,4;
2024/12/01;1500 UTC;0;887,2;888,5;887,2;3403,6;27;19,4;27,2;25,2;19,7;16,9;66;53;63;320;6,3;3;
2024/12/01;1600 UTC;0;886,3;887,2;886,3;3281,7;27,5;16,9;27,9;26,3;19,1;16;63;51;53;340;7,1;3,6;
2024/12/01;1700 UTC;0;885,5;886,3;885,5;3523,6;28,2;15,1;28,4;26,6;17,7;14,5;55;44;45;311;7,8;4,5;
2024/12/01;1800 UTC;0;884,9;885,6;884,9;3307,4;25,8;18,2;28,2;25,4;19,5;14,8;67;43;63;13;9,6;4,4;
2024/12/01;1900 UTC;0;884,5;884,9;884,5;2721,9;26,6;19,2;27,1;25,5;19,8;18,1;66;61;64;339;8,1;4,4;
2024/12/01;2000 UTC;0;884,7;884,7;884,4;1146,4;25;18,5;26,9;25;19,2;18,2;68;61;67;360;7,7;2,1;
2024/12/01;2100 UTC;0;885,7;885,7;884,7;213,7;24,8;18,2;25,2;24,7;18,6;17,8;68;64;67;336;5;,3;
2024/12/01;2200 UTC;0;886,2;886,2;885,7;11;23,3;19,3;24,8;23,3;19,3;18,1;78;67;78;201;2,7;,3;
2024/12/01;2300 UTC;0;886,9;886,9;886,2;;23;19,3;23,5;22,9;19,8;19;82;77;80;82;2,4;,4;
2024/12/02;0000 UTC;;;;;;;;;;;;;;;;;;
2024/12/02;0100 UTC;;;;;;;;;;;;;;;;;;
2024/12/02;0200 UTC;;;;;;;;;;;;;;;;;;
2024/12/02;0300 UTC;0;887,4;888,1;887,4;;20,7;18,7;21,3;20,7;18,8;18,4;89;84;89;35;3,2;0;
2024/12/02;0400 UTC;0;885,9;887,3;885,9;;20,1;18,6;20,8;20,1;19;18,5;91;89;91;18;1,7;,2;
2024/12/02;0500 UTC;0;885;885,9;885;;19,9;18,3;20,5;19,9;18,9;18,3;91;89;90;344;3,5;2,3;
2024/12/02;0600 UTC;0;885;885,1;884,8;;19,9;17,6;20;19,6;18,3;17,6;90;86;86;312;4,4;2,9;
2024/12/02;0700 UTC;0;885,6;885,6;885;;19,8;17,9;20,1;19,8;18;17,6;89;86;89;15;4;1,1;
2024/12/02;0800 UTC;0;886,7;886,7;885,6;;20,1;18,4;20,1;19,5;18,6;17,9;92;89;90;311;4,6;2,7;
2024/12/02;0900 UTC;0;887;887;886,7;8,3;20;18,2;20,2;20;18,4;18,1;90;88;89;355;4,8;1,5;
2024/12/02;1000 UTC;0;887,9;887,9;886,9;121,9;20,3;18,6;20,4;19,9;18,7;18,2;91;89;90;333;5,6;2,8;
2024/12/02;1100 UTC;0;888,7;888,7;887,9;254,9;20,4;18,4;20,4;20,1;18,7;18,3;91;89;89;335;5,7;2,9;
2024/12/02;1200 UTC;0;889,1;889,1;888,7;497,5;21;18,2;21,3;20,2;18,8;18,1;89;83;84;331;6,6;2,1;
2024/12/02;1300 UTC;0;888,9;889,1;888,8;944,2;21,8;18,4;22;21;18,7;18,1;85;79;81;314;4,3;2,3;
2024/12/02;1400 UTC;0;888,6;888,9;888,5;1160,3;23,2;18,7;23,2;21,8;18,9;18,1;82;75;76;261;4,3;,8;
2024/12/02;1500 UTC;0;888,2;888,6;888,2;905,1;23,3;18,5;23,5;22,9;18,9;18,1;77;74;74;13;2,8;,6;
2024/12/02;1600 UTC;0;887,2;888,2;887,2;2251,2;24,1;19,4;24,8;23;19,5;18,2;76;70;75;5;4,7;2,2;
2024/12/02;1700 UTC;0;885,9;887,2;885,9;2666,7;25,6;18,4;27,4;23,7;20,2;18,2;75;61;64;296;4,1;1,7;
2024/12/02;1800 UTC;,8;885,3;885,9;885,3;462,9;22;18,8;25,6;21,6;19,3;17,3;84;64;82;341;8,2;1,4;
2024/12/02;1900 UTC;0;884,9;885,3;884,7;800,5;23,2;18,6;23,2;21,7;19,2;18,2;84;74;75;11;4,8;,9;
2024/12/02;2000 UTC;0;885,1;885,1;884,5;462,4;22;18,9;23,7;22;19,8;18;83;71;83;235;5,8;3,9;
2024/12/02;2100 UTC;0;884,9;885,1;884,8;134,8;21,1;18,1;21,9;20,8;18,9;17;83;77;83;39;6,2;0;
2024/12/02;2200 UTC;0;885,3;885,3;884,8;45,7;20,7;17,4;21,3;20,2;17,9;17,2;86;77;81;89;2,3;,5;
2024/12/02;2300 UTC;0;886;886;885,3;;20,5;17,6;21,1;20,3;17,7;17,2;84;80;83;320;1,7;0;
2024/12/03;0000 UTC;;;;;;;;;;;;;;;;;;
2024/12/03;0100 UTC;;;;;;;;;;;;;;;;;;
2024/12/03;0200 UTC;;;;;;;;;;;;;;;;;;
2024/12/03;0300 UTC;0;887,2;887,5;887,2;;21,2;17,8;21,7;20,9;17,8;17,2;81;76;81;60;2,4;,1;
2024/12/03;0400 UTC;0;886,7;887,2;886,7;;20,9;17,8;21,4;20,7;17,9;17,6;83;80;82;33;1,4;0;
2024/12/03;0500 UTC;0;886,4;886,7;886,4;;21,3;17,8;21,3;20,6;17,9;17,6;84;80;81;16;2;0;
2024/12/03;0600 UTC;0;886,2;886,4;886,2;;20,9;17,7;21,3;20,6;17,9;17,6;84;80;82;346;1,9;,1;
2024/12/03;0700 UTC;0;886,1;886,2;886;;19,9;17,5;21,1;19,9;17,7;17,4;86;80;86;232;1,6;,1;
2024/12/03;0800 UTC;0;886,5;886,5;886,1;;19,4;17,2;20,1;19,4;17,8;17,2;88;85;87;114;2;0;
2024/12/03;0900 UTC;0;886,9;886,9;886,5;21;20,1;17,8;20,1;19,3;17,9;17,3;89;86;87;117;1,5;0;
2024/12/03;1000 UTC;0;887,3;887,3;886,9;334;22,1;17,8;22,1;20,1;18,3;17,6;87;77;77;236;0;0;
2024/12/03;1100 UTC;0;888;888;887,3;751,4;22,8;18,5;23;22;18,8;17,6;81;76;77;244;2,1;,1;
2024/12/03;1200 UTC;0;888,3;888,4;888;1545;24;18,8;24;22,8;19,2;18,3;78;72;73;302;2,7;1,3;
2024/12/03;1300 UTC;0;888,7;888,8;888,3;1815,5;24,6;19;25,3;24;19,6;18,4;74;68;71;289;4,6;2,6;
2024/12/03;1400 UTC;0;888,5;888,8;888,5;737,1;23;17,8;24,7;22,3;19,6;16,7;80;70;73;191;6;2,2;
2024/12/03;1500 UTC;0;887,6;888,5;887,6;1686,1;25,1;17,4;25,5;23;19,6;16,8;77;59;62;234;4,3;2,8;
2024/12/03;1600 UTC;0;886,5;887,6;886,5;3117,8;26,9;17,4;27,4;24,8;18,7;17;67;56;56;283;6;3,1;
2024/12/03;1700 UTC;0;885,9;886,5;885,9;2276,2;26,9;17,8;27,3;26,2;18,5;16,9;62;55;57;251;6;2,8;
2024/12/03;1800 UTC;0;884,8;885,9;884,8;2041,3;26,9;14,5;27,7;26,9;18;14,3;57;45;46;317;6,1;2,8;
2024/12/03;1900 UTC;0;884,6;884,8;884,4;1504,8;27;16,7;28;26,5;17,5;14,2;56;45;53;261;6,2;3,2;
2024/12/03;2000 UTC;0;884,4;884,7;884,3;747,3;26;16,7;27,8;26;17,6;16,3;58;51;57;301;5,9;3;
2024/12/03;2100 UTC;0;884,7;884,8;884,3;361;23,7;18,5;26,2;23,7;18,6;16,9;73;57;73;331;7,7;2,3;
2024/12/03;2200 UTC;0;885,9;885,9;884,7;24;22,5;18,6;23,7;22,4;18,9;18,4;80;73;79;353;4,7;,3;
2024/12/03;2300 UTC;0;886,7;886,7;885,9;;21,7;18,8;22,7;21,6;18,9;18,2;84;76;83;24;3,8;1,4;
2024/12/04;0000 UTC;;;;;;;;;;;;;;;;;;
2024/12/04;0100 UTC;,2;887,6;887,7;887,1;;21,1;19,1;21,5;21,1;19,2;19,1;88;86;88;246;3,4;,7;
2024/12/04;0200 UTC;;;;;;;;;;;;;;;;;;
2024/12/04;0300 UTC;0;887,3;887,9;887,3;;20,3;18,9;20,8;20,3;19,1;18,8;91;89;91;179;1,2;0;
2024/12/04;0400 UTC;0;886,8;887,3;886,8;;19,9;18,8;20,3;19,7;19;18,5;93;91;93;70;2,3;1,3;
2024/12/04;0500 UTC;0;886,2;886,8;886,2;;19,8;18,3;20;19,6;18,9;18,3;93;91;91;48;2,3;,6;
2024/12/04;0600 UTC;0;886;886,2;885,9;;19,7;17,8;19,8;19,4;18,3;17,8;92;89;89;359;1,9;0;
2024/12/04;0700 UTC;0;886;886,1;886;;19,5;17,9;19,7;19,2;18;17,6;91;88;90;337;2;,4;
2024/12/04;0800 UTC;0;886,2;886,2;885,9;;19,2;17,6;19,5;19;18;17,5;92;90;90;336;1,5;,1;
2024/12/04;0900 UTC;0;886,5;886,5;886,2;33,1;18,9;17,2;19,2;18,4;17,5;16,9;91;89;90;57;2,4;1,6;
2024/12/04;1000 UTC;0;887;887;886,5;345,6;20,6;17,3;20,6;18,9;17,9;17,1;90;81;82;31;2,4;0;
2024/12/04;1100 UTC;0;887,7;887,7;887;545,1;21,6;17,3;21,7;20,6;18,1;17,1;83;75;77;303;1,5;,1;
2024/12/04;1200 UTC;0;888,2;888,2;887,7;1151,6;23,2;18,2;23,3;21,5;18,5;16,6;77;72;73;321;1,9;,1;
2024/12/04;1300 UTC;0;888,4;888,4;888,2;2023,6;25;18,1;25;23,2;19,1;17,3;74;64;65;293;3,4;1,4;
2024/12/04;1400 UTC;0;888,2;888,4;888,2;2109,5;25,1;17,7;25,6;24,7;18,3;17,1;67;60;63;261;6,8;2,4;
2024/12/04;1500 UTC;0;887,5;888,2;887,5;1780,9;24,9;17,2;25,6;24,5;18,1;17;66;60;62;268;5,9;3,1;
2024/12/04;1600 UTC;0;886,1;887,5;886,1;2750,2;26,1;16,9;27,2;24,9;18,7;16,2;66;52;57;326;5,5;2,4;
2024/12/04;1700 UTC;0;885,3;886,1;885,3;1393,5;25,9;17,7;27,5;25,9;18,4;16,6;61;54;61;307;6,1;2,4;
2024/12/04;1800 UTC;0;884,5;885,3;884,5;715,4;26,7;17;27;25,9;17,9;16,6;61;54;55;296;5,9;1,9;
2024/12/04;1900 UTC;0;884;884,5;883,9;802,6;26,6;17,5;27,7;26,5;17,9;16;58;52;58;334;5,9;2,4;
2024/12/04;2000 UTC;0;884,1;884,1;883,9;593,4;24,2;16,9;26,6;23,7;18,4;16,8;70;57;64;282;7,3;4,2;
2024/12/04;2100 UTC;0;884,2;884,2;884;595,3;25;18,1;25,9;23,6;18,2;15,4;70;54;66;339;7,3;,9;
2024/12/04;2200 UTC;0;884,9;884,9;884,2;18,5;23,8;17,7;25;23,7;18,2;17,1;69;63;69;58;2,3;,1;
2024/12/04;2300 UTC;0;886,6;886,6;884,9;;20,8;18;23,9;20,8;19,3;17,4;84;69;84;357;6,4;2,5;
2024/12/05;0000 UTC;1,4;887,4;887,4;886,6;;19,2;18,2;20,7;19,2;18,5;18;93;84;93;10;8,5;3,5;
2024/12/05;0100 UTC;;;;;;;;;;;;;;;;;;
2024/12/05;0200 UTC;;;;;;;;;;;;;;;;;;
2024/12/05;0300 UTC;;;;;;;;;;;;;;;;;;
2024/12/05;0400 UTC;1,2;886,9;887,7;886,9;;18,4;17,5;18,5;18,3;17,6;17,4;94;94;94;245;3,3;1,6;
2024/12/05;0500 UTC;,2;886;886,9;886;;18,3;17,4;18,4;18,2;17,5;17,3;95;94;95;51;4,5;2,3;
2024/12/05;0600 UTC;0;885,7;886;885,7;;18,5;16,4;18,6;18,3;17,4;16,4;95;88;88;14;3,9;1,6;
2024/12/05;0700 UTC;0;885,6;885,8;885,6;;18,1;16,3;18,5;18,1;16,4;16,2;90;87;89;41;3,9;2,1;
2024/12/05;0800 UTC;0;885,8;885,9;885,6;;18,2;16,2;18,4;18;16,5;16,1;91;87;88;51;3,5;1,5;
2024/12/05;0900 UTC;0;886,4;886,4;885,8;18,1;18,1;16;18,2;17,6;16,2;16;90;88;88;60;2,3;1,3;
2024/12/05;1000 UTC;0;887,1;887,1;886,4;401,4;19,8;16,5;19,8;17,9;16,8;15,9;88;81;81;353;2;,2;
2024/12/05;1100 UTC;0;887,6;887,6;887,1;868,6;21,8;18,5;21,8;19,7;18,5;16,3;84;78;81;27;2,7;1,2;
2024/12/05;1200 UTC;0;888,1;888,1;887,6;1069,1;22,4;18;22,4;21,4;18,3;17,5;81;74;76;10;3,1;,7;
2024/12/05;1300 UTC;0;888,5;888,5;888,1;1553;23,4;16,3;23,7;22,4;17,8;16,1;76;64;64;7;5;2,4;
2024/12/05;1400 UTC;0;888,4;888,5;888,4;2118;24,1;16;24,5;23,4;16,9;15,6;66;59;61;3;5,4;3,3;
2024/12/05;1500 UTC;0;887,9;888,4;887,9;2086,2;24,9;16,5;25,3;23,9;16,8;15,1;63;55;60;354;5,4;2,3;
2024/12/05;1600 UTC;0;887,1;887,9;887,1;2815,4;26,4;17,2;26,7;24,7;18,3;15,5;62;55;57;332;5,5;2,7;
2024/12/05;1700 UTC;0;886;887,1;886;3537,2;27,2;17,6;28,2;26,3;18;16,4;59;50;56;343;5,7;2,3;
2024/12/05;1800 UTC;0;885,1;886,1;885,1;2463,3;27,8;16,8;28;26,8;18,3;16,7;57;51;51;344;6;3,1;
2024/12/05;1900 UTC;6,6;884,5;885,2;884,5;1890,5;24,4;19;28,8;22,2;19;15,9;76;48;72;336;8,5;2,4;
2024/12/05;2000 UTC;1,6;885,1;885,1;884,5;613,1;23,8;19,5;24,7;22,7;19,8;17,8;82;66;77;59;5,1;1,5;
2024/12/05;2100 UTC;0;884,8;885,1;884,8;315,6;22,5;19,3;23,9;22,5;20,4;19,1;82;76;82;309;5,3;,1;
2024/12/05;2200 UTC;0;885,7;885,7;884,7;29,7;21,2;18,4;22,7;21;19,3;18,2;85;79;84;10;1,9;,2;
2024/12/05;2300 UTC;0;886,6;886,6;885,7;;21,2;18,7;21,2;20,5;18,8;18,3;88;84;86;134;1,9;,2;
2024/12/06;0000 UTC;;;;;;;;;;;;;;;;;;
2024/12/06;0100 UTC;;;;;;;;;;;;;;;;;;
2024/12/06;0200 UTC;;;;;;;;;;;;;;;;;;
2024/12/06;0300 UTC;0;886,8;887,3;886,8;;21,5;18,6;21,8;21,3;18,7;18,5;85;82;83;140;2,5;,3;
2024/12/06;0400 UTC;0;886,6;886,9;886,6;;20;17,8;21,5;20;18,6;17,8;87;83;87;46;2,2;,1;
2024/12/06;0500 UTC;0;886,4;886,6;886,4;;19,2;17,4;20,2;19,2;18,3;17,4;89;87;89;18;2,1;,3;
2024/12/06;0600 UTC;0;886,1;886,4;886,1;;19,6;16,4;19,9;19,1;18;16,4;90;82;82;61;2,8;,5;
2024/12/06;0700 UTC;0;886,3;886,3;886,1;;18,8;14,4;19,9;18,8;16,4;14,4;82;75;76;71;3,8;1,7;
2024/12/06;0800 UTC;0;886,8;886,8;886,3;;17,8;13,1;19,2;17,8;14,5;13,1;77;72;74;58;4,5;3,3;
2024/12/06;0900 UTC;0;887;887;886,7;32,3;18,5;12,6;18,7;17,4;13,1;12,5;75;67;68;63;5,1;3,5;
2024/12/06;1000 UTC;0;888;888;887;605;21,5;12,5;21,5;18,5;13,6;12,5;69;56;56;32;6;,4;
2024/12/06;1100 UTC;0;888,3;888,3;888;1478,5;23,7;13,4;23,7;21,5;14;12,4;61;51;53;19;4,9;2,3;
2024/12/06;1200 UTC;0;888,8;888,9;888,3;2372,9;25;12,3;25,3;23,7;14;12,3;53;45;45;11;6,8;3;
2024/12/06;1300 UTC;0;888,9;889;888,8;3140,6;26,5;12,3;26,5;25;14,4;12,3;50;41;41;23;6,4;2,9;
2024/12/06;1400 UTC;0;888,6;889;888,6;3667,2;27,9;12,3;28;26,2;14,6;10,9;47;36;38;22;7,6;2,4;
2024/12/06;1500 UTC;0;887,9;888,6;887,8;3927,3;28,4;11,3;28,9;27,2;13,8;10,5;43;34;35;35;7,6;3,5;
2024/12/06;1600 UTC;0;887,3;887,9;887,3;3964,3;29,3;8,1;29,8;28,2;13,1;8,1;39;27;27;14;7,5;2,4;
2024/12/06;1700 UTC;0;886,4;887,3;886,4;3767,3;30,5;7,6;30,9;29,1;10,2;5,8;30;21;24;37;7,7;2,1;
2024/12/06;1800 UTC;0;885,8;886,4;885,8;3277,9;30,4;4,7;31,3;29,7;9,2;4,7;27;20;20;355;5,6;3,2;
2024/12/06;1900 UTC;0;885,4;885,8;885,4;2550,8;30,6;7,7;30,7;30;8,3;3,6;25;18;24;346;7,2;2,2;
2024/12/06;2000 UTC;0;885,3;885,4;885,3;1695,9;29,8;5,8;30,6;29,5;6,8;3,7;24;19;22;13;5,2;1,9;
2024/12/06;2100 UTC;0;885,3;885,3;885,1;745,4;27,7;8,6;29,8;27,7;8,6;4;30;20;30;26;4;,6;
2024/12/06;2200 UTC;0;885,9;885,9;885,2;67;25,4;8,5;27,7;25,3;9,1;6,6;35;28;34;99;3,2;,9;
2024/12/06;2300 UTC;0;886,8;886,8;885,9;;22,4;10,6;25,6;21,8;11,7;8,5;52;34;47;48;3,7;,4;
2024/12/07;0000 UTC;;;;;;;;;;;;;;;;;;
2024/12/07;0100 UTC;;;;;;;;;;;;;;;;;;
2024/12/07;0200 UTC;0;887,9;888,1;887,8;;22,6;12,3;23,1;21,7;12,4;11,8;55;50;52;88;5;3,2;
2024/12/07;0300 UTC;0;887,5;887,9;887,5;;21,9;12,4;23;21,9;12,4;12,1;55;50;55;87;5,6;2,1;
2024/12/07;0400 UTC;0;887,1;887,5;887,1;;21,2;13;21,9;20,9;13,1;12,4;61;55;59;86;4,3;2,6;
2024/12/07;0500 UTC;0;886,6;887,1;886,6;;21,3;13,3;21,4;20,4;13,3;12,9;63;59;61;83;4,7;3,1;
2024/12/07;0600 UTC;0;886,7;886,7;886,4;;20,4;13,1;21,4;20,1;13,5;13;64;60;63;75;4,9;1,8;
2024/12/07;0700 UTC;0;886,8;886,8;886,6;;19,2;13,4;20,7;18,9;13,4;13,1;70;62;69;55;3,7;2,3;
2024/12/07;0800 UTC;0;887,2;887,2;886,8;;19;13,7;20,3;18,8;13,9;13,2;72;64;71;66;3,8;2,3;
2024/12/07;0900 UTC;0;887,6;887,6;887,2;19,6;18,5;14,1;19;18,4;14,1;13,6;76;71;76;61;3,9;2,7;
2024/12/07;1000 UTC;0;888,3;888,3;887,6;565,8;22;15;22;18,5;15,2;14,1;76;64;64;28;4,1;1,4;
2024/12/07;1100 UTC;0;888,6;888,6;888,3;1475,7;24;15,1;24,1;22;15,7;14,9;65;57;57;3;5,9;3,1;
2024/12/07;1200 UTC;0;888,8;888,9;888,6;2336,9;25,2;14,5;25,4;24;15,4;14,4;58;51;51;22;8,8;4,3;
2024/12/07;1300 UTC;0;888,8;888,9;888,8;3119,9;26,4;14,9;27;25;15,8;14,3;54;49;49;1;9,3;4;
2024/12/07;1400 UTC;0;888,6;888,8;888,5;3559,6;27,4;14,8;27,7;26,1;15,9;14,3;51;45;46;359;8,4;4,3;
2024/12/07;1500 UTC;0;888,1;888,6;888,1;3847,7;28,4;13,5;28,9;27;15,6;12,9;48;38;40;11;8,2;2,5;
2024/12/07;1600 UTC;0;887,3;888,1;887,3;3708,2;28,6;12,8;29,2;27,9;14,7;11,5;44;36;38;338;6,9;4;
2024/12/07;1700 UTC;0;886,8;887,3;886,8;3883,7;29,3;11,6;30,2;28,5;13,9;10,3;39;31;33;343;6,8;3,1;
2024/12/07;1800 UTC;0;886;886,8;886;2777,9;30,2;11,1;30,6;28;13,2;10,7;37;31;31;352;6,9;2,7;
2024/12/07;1900 UTC;0;885,7;886;885,7;2237,7;29,6;11,5;30,3;28,6;12,3;10,3;34;30;33;341;6,4;2,7;
2024/12/07;2000 UTC;0;885,5;885,7;885,5;1666,3;28,5;10,9;30,2;28,5;12,6;10,3;35;30;34;16;5,6;1,8;
2024/12/07;2100 UTC;0;885,6;885,6;885,5;607,8;28,1;13,1;29,1;28;13,7;10,6;41;32;40;354;4,5;1,2;
2024/12/07;2200 UTC;0;886,2;886,2;885,6;51,1;24,8;15,6;28,1;24,7;15,8;12,9;57;39;56;237;3;,5;
2024/12/07;2300 UTC;0;887,2;887,2;886,2;;23,3;15,9;25,1;23,3;15,9;15,2;63;54;63;121;2,1;0;
2024/12/08;0000 UTC;;;;;;;;;;;;;;;;;;
2024/12/08;0100 UTC;;;;;;;;;;;;;;;;;;
2024/12/08;0200 UTC;;;;;;;;;;;;;;;;;;
2024/12/08;0300 UTC;0;888;888,4;888;;20;16,3;21,7;20;16,4;16,2;79;72;79;30;2,7;,1;
2024/12/08;0400 UTC;0;887,3;888;887,3;;20,7;16,1;21,1;19,2;16,7;15,9;82;75;75;98;2,1;1,1;
2024/12/08;0500 UTC;0;887;887,3;886,9;;20,8;15,6;21;20,3;16,1;15,6;75;72;72;91;2,4;,4;
2024/12/08;0600 UTC;0;887;887;886,9;;20,4;15,3;21;19,2;15,6;14,9;78;71;72;115;1,5;,1;
2024/12/08;0700 UTC;0;887,1;887,1;886,9;;21;14,8;21,6;20,5;15,4;14,7;72;66;68;100;2,7;1;
2024/12/08;0800 UTC;0;887,5;887,5;887;;19,7;14,3;21,6;19,7;15;14;71;63;71;55;3,4;,3;
2024/12/08;0900 UTC;0;888;888;887,5;20,3;19,9;15;19,9;19,1;15;14,2;75;71;73;144;2;,4;
2024/12/08;1000 UTC;0;888,7;888,7;888;523,4;23,2;15,1;23,3;19,9;15,4;15;73;60;61;157;2,4;,2;
2024/12/08;1100 UTC;0;889,3;889,3;888,7;1329,1;24,3;16,5;24,3;23,1;16,8;15;63;58;62;172;4,3;2;
2024/12/08;1200 UTC;0;889,6;889,6;889,3;2127,8;26,2;15,2;26,2;24,2;17,1;14,9;63;50;51;175;5;1,4;
2024/12/08;1300 UTC;0;889,4;889,7;889,4;2912,1;28,3;13,8;28,8;26,1;15,9;13,3;52;40;41;95;4;1,3;
2024/12/08;1400 UTC;0;888,9;889,4;888,9;3145,4;27,5;14,1;28,7;26,4;15,3;13,3;50;40;44;17;6,6;3,1;
2024/12/08;1500 UTC;0;888,3;888,9;888,3;3886,6;29,5;14,4;29,5;27,5;15;13,2;45;39;40;341;7;3,3;
2024/12/08;1600 UTC;0;887,5;888,3;887,5;3515,3;30,2;13,7;30,2;27,7;15;12,7;44;36;37;265;7,2;1,3;
2024/12/08;1700 UTC;0;886,7;887,5;886,7;3034,4;29,1;13,9;30,4;28,6;14,5;12,4;42;34;39;44;8,2;1,8;
2024/12/08;1800 UTC;0;886,2;886,7;886,2;2042,2;28,9;13,8;30,6;28,9;14,5;12,2;41;34;40;357;6,6;2,4;
2024/12/08;1900 UTC;0;886,1;886,2;886;918;28,6;13,5;29,7;28,6;15;12,9;43;36;40;13;4,7;1,2;
2024/12/08;2000 UTC;0;886,1;886,2;885,9;407,4;24,1;14,8;28,7;24;15;13;57;38;56;319;13,3;6,1;
2024/12/08;2100 UTC;0;886,2;886,4;886,1;143,2;25,6;15,4;26,6;24,1;16,2;13,2;58;44;53;13;13,3;,6;
2024/12/08;2200 UTC;0;887,3;887,3;886,2;14,8;22;18,8;26,1;22;18,8;15;82;51;82;278;8,8;3,4;
2024/12/08;2300 UTC;0;888,1;888,1;887,3;;21,7;18,8;22;21,4;19,1;18,7;86;82;84;288;6,4;2,2;
2024/12/09;0000 UTC;;;;;;;;;;;;;;;;;;
2024/12/09;0100 UTC;0;888,7;888,8;888,6;;20,3;18,4;20,7;19,8;18,8;18,2;91;89;89;128;2;0;
2024/12/09;0200 UTC;0;888,5;888,8;888,5;;20,5;17,7;20,5;20;18,4;17,3;89;83;84;93;1,5;,4;
2024/12/09;0300 UTC;0;887,9;888,5;887,9;;20;16,9;20,6;19,8;17,6;16,8;84;81;82;159;2,3;,3;
2024/12/09;0400 UTC;;;;;;;;;;;;;;;;;;
2024/12/09;0500 UTC;0;886,9;887,3;886,9;;19,8;16,4;20,4;19,7;16,8;16,3;82;79;81;77;1,6;,1;
2024/12/09;0600 UTC;0;886,7;886,9;886,7;;19,9;16,5;20,1;19,3;16,7;16,1;83;79;81;151;2,2;,3;
2024/12/09;0700 UTC;0;886,8;886,8;886,7;;19,9;16,4;20;19,4;16,6;16,3;83;80;80;115;1,5;,1;
2024/12/09;0800 UTC;0;887,2;887,2;886,8;;20;16,4;20,2;19,6;16,5;16;81;79;80;134;1,8;,2;
2024/12/09;0900 UTC;0;887,9;887,9;887,2;27;20,5;16,4;20,5;20;16,4;16,3;80;77;77;147;2,8;1,1;
2024/12/09;1000 UTC;0;888,3;888,4;887,9;577,3;23,4;16,3;23,4;20;17,9;16;85;64;65;123;2,3;,1;
2024/12/09;1100 UTC;0;888,7;888,7;888,3;1416,6;25,3;16,2;25,5;23,2;17,2;15,1;65;54;57;178;1,9;,2;
2024/12/09;1200 UTC;0;889,2;889,2;888,7;2163,5;26,8;16,2;27;25,1;16,6;15,4;59;50;52;304;3,5;,9;
2024/12/09;1300 UTC;0;889,1;889,2;889,1;1837,7;27,1;15,5;27,6;26,2;16,1;14,6;53;46;49;354;4,3;2,2;
2024/12/09;1400 UTC;0;888,6;889,1;888,6;3550,1;27,7;13,8;28,8;27,1;16,6;13,7;51;41;42;328;6,4;3,5;
2024/12/09;1500 UTC;0;888;888,6;888;3496,4;28,6;14,1;29,7;27,4;16,9;13,6;50;39;41;3;7;3,2;
2024/12/09;1600 UTC;0;887,1;888;887,1;3864,5;29,4;15,3;30,1;28,3;16;13,2;46;37;42;327;7,9;3,8;
2024/12/09;1700 UTC;0;886,1;887,1;886,1;3745,1;30,4;14;30,6;28,7;16,5;14;45;36;37;338;7,1;3,2;
2024/12/09;1800 UTC;0;885,6;886,1;885,5;2225,2;27,2;15;30,9;27,2;15;12,3;47;33;47;35;7,5;3,3;
2024/12/09;1900 UTC;0;885,7;885,9;885,4;334,1;22,8;17,2;27,2;22,8;17,5;14,9;71;47;71;8;10;3,7;
2024/12/09;2000 UTC;0;885,5;886;885,5;203,8;23,5;17,2;23,5;22,7;17,8;17,1;73;68;68;184;8,6;1,8;
2024/12/09;2100 UTC;0;885,4;885,5;885;210,4;22,9;18,1;23,5;22,9;18,3;17,1;75;67;74;186;3,5;1,6;
2024/12/09;2200 UTC;0;885,6;885,6;885,4;21,4;22,6;17,7;23;22;18,3;17,5;77;72;74;126;4,1;,2;
2024/12/09;2300 UTC;;;;;;;;;;;;;;;;;;
2024/12/10;0000 UTC;0;886,8;887,1;886,5;;21,4;18,2;22,8;21,4;18,7;17,3;84;72;82;153;5,3;2,7;
2024/12/10;0100 UTC;;;;;;;;;;;;;;;;;;
2024/12/10;0200 UTC;0;887,2;887,2;886,9;;20,9;16,1;21,3;19,9;17;16;83;74;74;70;2;,2;
2024/12/10;0300 UTC;0;886,8;887,2;886,8;;22;16,3;22,1;20,5;16,4;15,9;76;69;70;140;2,5;,4;
2024/12/10;0400 UTC;0;886,3;886,8;886,3;;21,3;15,9;22,3;21,3;16,3;15,6;71;67;71;185;2,6;,3;
2024/12/10;0500 UTC;0;886,1;886,4;886;;21,1;16,2;21,3;19,3;16,8;16;85;71;74;127;2,2;,3;
2024/12/10;0600 UTC;0;886;886,1;885,8;;19,9;16,2;21,4;19,8;16,2;16;80;72;79;292;2,4;0;
2024/12/10;0700 UTC;0;886,1;886,1;885,8;;20,8;16,6;20,8;19,8;16,7;16,3;82;76;77;163;1,6;0;
2024/12/10;0800 UTC;0;886,4;886,4;886;;21,5;16,9;21,5;20,5;17;16,5;79;75;75;133;2,6;,7;
2024/12/10;0900 UTC;0;886,8;886,8;886,4;24,4;21,7;16,7;21,7;21;16,9;16,6;76;73;73;147;2,4;1,3;
2024/12/10;1000 UTC;0;887,2;887,2;886,8;259,1;22,6;17,7;22,6;21,6;17,8;16,7;75;72;74;118;2,9;,3;
2024/12/10;1100 UTC;0;887,7;887,7;887,2;673,9;23;17,8;23;21,8;18;17,2;76;72;73;162;4,7;1,9;
2024/12/10;1200 UTC;0;888,1;888,1;887,7;1377,6;25,9;18,3;25,9;23;18,4;17,7;73;63;63;151;4,3;1,8;
2024/12/10;1300 UTC;0;888;888,1;888;2418,5;27,2;18,2;28;25,6;18,6;16,8;63;54;58;166;5,1;2,1;
2024/12/10;1400 UTC;0;887,7;888;887,6;1731,7;26,5;17,8;27,8;26,1;18,7;17,6;62;56;59;176;6,2;3,8;
2024/12/10;1500 UTC;1,4;887,7;887,9;887,2;792,9;22,5;17,7;26,5;21,9;17,9;16,4;78;59;74;333;8,4;3,5;
2024/12/10;1600 UTC;,2;886,2;887,7;886,2;2164,8;25,9;17,2;25,9;21,6;18,3;15,8;80;56;59;354;6,3;1,7;
2024/12/10;1700 UTC;0;885,3;886,2;885,3;1061,4;26,4;15,1;26,8;25,5;16,9;14,6;59;48;50;174;3,5;,1;
2024/12/10;1800 UTC;0;884,3;885,3;884,3;1319,2;26,5;17,1;26,7;24,9;19;15,5;70;50;56;195;5,1;1,1;
2024/12/10;1900 UTC;0;883,7;884,3;883,7;2356,9;28,4;17,5;28,6;26,5;17,9;16,5;58;51;52;237;4,9;2,5;
2024/12/10;2000 UTC;0;883,8;883,8;883,3;939,3;24,5;17,4;28,8;24,1;18,8;16;65;51;65;40;6,5;3,2;
2024/12/10;2100 UTC;10,2;885,5;885,5;883,8;178,2;19,7;18,1;26,1;19,3;18,8;14,8;91;57;91;96;11,3;6;
2024/12/10;2200 UTC;17,8;885,2;886;885;4,1;19,4;17,3;19,7;18,6;17,9;16,4;92;84;88;106;10,8;2,8;
2024/12/10;2300 UTC;,4;885,8;885,8;885,2;;21,1;17,5;21,4;19,3;18,4;16,8;88;76;80;98;8,6;2,3;
2024/12/11;0000 UTC;0;886,9;886,9;885,8;1,9;20,2;17,8;21,2;20,1;18,1;17,5;87;80;86;2;5,6;2,8;
2024/12/11;0100 UTC;;;;;;;;;;;;;;;;;;
2024/12/11;0200 UTC;;;;;;;;;;;;;;;;;;
2024/12/11;0300 UTC;0;886;886,6;886;;20,3;17,4;20,5;19,8;17,4;16,9;86;80;84;266;2,4;,1;
2024/12/11;0400 UTC;;;;;;;;;;;;;;;;;;
2024/12/11;0500 UTC;0;884,8;885,2;884,8;;19,1;18,1;19,3;19;18,1;17,6;94;91;94;282;3,5;,1;
2024/12/11;0600 UTC;0;884,4;884,8;884,4;;18,9;17,9;19,2;18,8;18,2;17,9;94;94;94;271;2,2;,7;
2024/12/11;0700 UTC;0;884,7;884,7;884,3;;18,9;18;18,9;18,8;18;17,9;95;94;95;10;2,1;,6;
2024/12/11;0800 UTC;0;884,7;884,7;884,5;;18,8;17,7;19,1;18,6;18,2;17,7;95;93;93;67;2,5;1,3;
2024/12/11;0900 UTC;0;885,3;885,3;884,7;10,9;19,7;17,3;19,7;18,8;17,9;16,9;93;84;86;86;2,4;0;
2024/12/11;1000 UTC;0;885,8;885,8;885,3;279,2;20,7;17,7;20,7;19,7;17,8;17,1;87;83;83;170;1,9;,1;
2024/12/11;1100 UTC;0;886,4;886,4;885,8;739,4;21,6;17,3;21,7;20,7;17,9;17,2;83;76;77;223;1,7;,4;
2024/12/11;1200 UTC;0;887,1;887,1;886,4;1683,2;23,8;17,8;24,2;21,6;18,7;17,1;79;68;69;234;4,3;2,3;
2024/12/11;1300 UTC;0;887,1;887,2;887,1;1866,6;25,6;18,8;25,6;23,7;19,1;17,6;73;65;66;210;4,2;,8;
2024/12/11;1400 UTC;0;887;887,1;887;2413,5;26,3;17,3;26,6;25,4;18,8;15,8;66;54;58;264;4,8;2,2;
2024/12/11;1500 UTC;0;886,5;887;886,4;1267,8;26;17,3;26,4;25,5;18,3;16,7;63;56;58;236;4,5;1,4;
2024/12/11;1600 UTC;0;885,8;886,5;885,8;1497,2;25,5;17,1;26,4;25,4;18,4;17,1;64;58;59;314;5,2;2;
2024/12/11;1700 UTC;0;885,3;885,8;885,3;1460,5;25,7;18,4;26;25;19,8;16,9;72;58;64;286;6,5;3,6;
2024/12/11;1800 UTC;0;884,9;885,3;884,7;1688,5;25,4;18,2;26,9;25,2;19,1;15,2;68;49;64;289;6,1;3,3;
2024/12/11;1900 UTC;0;884,8;884,9;884,2;1606,1;25,8;18,5;26,6;25,3;19,3;17,4;67;60;64;272;6,8;3,8;
2024/12/11;2000 UTC;0;884,8;885,1;884,8;663;24,9;18,8;26;24,9;19,1;18,1;69;64;69;273;6;1,9;
2024/12/11;2100 UTC;0;885,2;885,4;884,7;225,4;24,1;18,9;24,9;24,1;19,2;18,5;73;68;73;347;3,7;1,3;
2024/12/11;2200 UTC;0;885,6;885,6;885,1;20,1;23,2;19,1;24,1;22,8;19,1;18,8;79;73;78;70;2,6;,3;
2024/12/11;2300 UTC;;;;;;;;;;;;;;;;;;
2024/12/12;0000 UTC;0;886;886,2;886;;21,9;19,3;22,7;21,8;19,4;19,1;85;81;85;22;2;,2;
2024/12/12;0100 UTC;0;886,4;886,4;886;;20,8;18,1;22,1;20,8;19,4;18,1;87;84;85;50;2,7;2;
2024/12/12;0200 UTC;;;;;;;;;;;;;;;;;;
2024/12/12;0300 UTC;0;886,6;887,2;886,6;;20,3;18,4;20,9;20,3;18,9;18,4;90;88;89;341;2,4;0;
2024/12/12;0400 UTC;;;;;;;;;;;;;;;;;;
2024/12/12;0500 UTC;0;886;886,5;885,9;;21,3;18,3;21,3;20,7;18,5;18,1;87;82;83;106;1,8;,2;
2024/12/12;0600 UTC;0;885,4;886;885,4;;20,7;18;21,3;20,7;18,4;18;85;82;85;346;2,8;1;
2024/12/12;0700 UTC;0;886;886;885,4;;21,2;18,4;21,2;20,5;18,4;18;86;83;84;190;2,5;,2;
2024/12/12;0800 UTC;0;886,1;886,3;886;;21,1;18,2;21,4;21,1;18,4;18,2;84;83;83;215;2,4;,4;
2024/12/12;0900 UTC;0;886,3;886,3;886,1;6,1;20,6;18,5;21,1;20,5;18,5;18,2;88;83;88;110;1,8;0;
2024/12/12;1000 UTC;0;886,8;886,8;886,3;168,4;21,1;19,1;21,1;20,6;19,1;18,5;89;86;89;58;2,7;,6;
2024/12/12;1100 UTC;0;887,6;887,6;886,8;606;22,7;19,5;22,7;21,1;19,7;19,1;89;82;82;211;2,1;,7;
2024/12/12;1200 UTC;0;887,9;887,9;887,5;1194,7;23,7;19,3;23,7;22,6;20,1;18,9;84;76;76;308;3;1,2;
2024/12/12;1300 UTC;0;888,4;888,4;887,9;1712,3;24,5;19,1;24,5;23,2;20,3;18,7;81;71;72;342;4,1;2,2;
2024/12/12;1400 UTC;0;888,3;888,5;888;1795,4;25,3;17,3;25,7;24,3;19,9;17,1;73;60;61;310;6,5;3,2;
2024/12/12;1500 UTC;0;888;888,3;888;1027,1;25,2;15,7;25,7;25;18;15,6;65;55;56;298;5,4;2;
2024/12/12;1600 UTC;0;887,1;888;887,1;1426,2;26,2;17,2;26,2;25,1;18,1;15,6;65;55;58;262;5,4;2,7;
2024/12/12;1700 UTC;0;886,1;887,1;886,1;2818,6;26,9;16,4;27,6;26;17,4;14,5;58;47;53;269;5,8;1,9;
2024/12/12;1800 UTC;0;885,5;886,1;885,5;1214,2;24,7;18;26,9;24,7;18;15,8;66;52;66;211;6,7;3,5;
2024/12/12;1900 UTC;0;885,1;885,5;885,1;1043,2;24,1;17,6;25;23,4;18,4;17,3;70;66;67;161;7,6;2,8;
2024/12/12;2000 UTC;0;884,6;885,1;884,5;914,2;24,5;17,2;25,3;24;18;17;67;62;64;162;4,7;1,9;
2024/12/12;2100 UTC;0;885,5;885,7;884,5;135,3;19,3;17,4;24,7;19,3;17,8;16,7;89;64;89;26;10,9;4,9;
2024/12/12;2200 UTC;2,2;886,6;886,7;885,5;5;18,3;16,6;19,3;18,3;17,5;16,6;92;89;90;37;10,9;4,3;
2024/12/12;2300 UTC;;;;;;;;;;;;;;;;;;
2024/12/13;0000 UTC;;;;;;;;;;;;;;;;;;
2024/12/13;0100 UTC;;;;;;;;;;;;;;;;;;
2024/12/13;0200 UTC;;;;;;;;;;;;;;;;;;
2024/12/13;0300 UTC;0;887;887,5;887;;18,5;17,4;18,8;18,5;17,6;17,3;93;92;93;36;3,4;1,6;
2024/12/13;0400 UTC;0;885,9;887;885,9;;19,1;17;19,1;18,5;17,4;17;94;88;88;66;3,5;1;
2024/12/13;0500 UTC;0;885,3;885,9;885,3;;19,8;17;19,8;19,1;17;16,4;88;81;84;133;2,3;,2;
2024/12/13;0600 UTC;0;885,5;885,5;885,2;;19,3;17,2;19,9;19,2;17,3;16,8;89;83;87;136;3,1;1,2;
2024/12/13;0700 UTC;0;886;886;885,5;;19,4;17,2;19,6;19,3;17,2;17;87;85;87;143;4,2;2,3;
2024/12/13;0800 UTC;1;886,8;886,8;886;;19,2;16,9;20,1;19,1;17,6;16,7;89;81;86;36;5,2;,1;
2024/12/13;0900 UTC;5,2;887,2;887,2;886,7;;18,9;16,5;19,5;18,7;17;15,4;88;78;86;176;5,7;2,7;
2024/12/13;1000 UTC;1,4;887,8;887,8;887,2;50,3;18,5;16,6;19;18,5;17;15,8;90;82;89;156;5,2;2,5;
2024/12/13;1100 UTC;,6;887,7;887,9;887,6;255,5;19;16,3;19;18,4;16,6;15,9;89;83;84;53;4,2;,1;
2024/12/13;1200 UTC;0;888;888;887,6;937,9;22;16,1;22,1;19;17;15,6;86;67;69;168;2,3;,1;
2024/12/13;1300 UTC;0;887,7;888,1;887,7;1643,8;25;15;25;21,9;16,8;13,8;71;51;54;89;1,8;,1;
2024/12/13;1400 UTC;0;887,6;887,9;887,6;2172,2;25,3;14,4;25,8;24,8;17;12,2;61;43;51;219;3,6;,5;
2024/12/13;1500 UTC;0;886,8;887,6;886,8;3762,7;27,1;14,6;27,5;25,3;15,4;12,2;51;41;46;344;5,9;3,3;
2024/12/13;1600 UTC;0;886;886,8;885,9;3838;27,5;12,7;28;26,7;15,9;12,4;50;39;40;356;7,6;2,9;
2024/12/13;1700 UTC;0;885,3;886;885,3;3758;28,7;12,1;29,1;27,3;14;11,1;42;35;36;341;6,4;1,2;
2024/12/13;1800 UTC;0;884,3;885,3;884,3;3076,5;28,9;13,7;29,6;27,1;14,6;11,1;45;35;39;18;5,5;1,3;
2024/12/13;1900 UTC;0;883,3;884,3;883,3;2732,8;28,7;13,4;29,6;28,4;14,7;11,7;42;34;39;343;5,2;1,7;
2024/12/13;2000 UTC;0;882,7;883,3;882,7;1590,9;28,3;14,2;28,9;27,9;14,6;13;43;39;42;303;4,1;,9;
2024/12/13;2100 UTC;0;882,9;883;882,6;476,6;26,9;15,9;28,3;26,1;17;14,4;57;42;51;304;3,3;,3;
2024/12/13;2200 UTC;0;883,7;883,7;882,9;88,2;23,4;16,5;26,9;23,4;16,8;15,6;66;49;65;355;1,7;,4;
2024/12/13;2300 UTC;0;884,5;884,5;883,7;;23,4;16,2;24,7;23,1;16,5;16;66;58;64;41;2,7;1,8;
2024/12/14;0000 UTC;0;885,7;885,7;884,5;;23,6;16,1;23,8;23,1;16,2;15,5;65;60;63;121;2,4;,4;
2024/12/14;0100 UTC;0;886;886,1;885,7;;23,2;16,8;24,4;23,2;16,9;15,9;67;61;67;136;6,8;2,2;
2024/12/14;0200 UTC;;;;;;;;;;;;;;;;;;
2024/12/14;0300 UTC;0;885,8;886;885,7;;21,2;17,4;21,6;21;17,4;17,3;80;77;79;21;3,9;,4;
2024/12/14;0400 UTC;;;;;;;;;;;;;;;;;;
2024/12/14;0500 UTC;0;884,9;885,5;884,9;;20;17,1;21,4;19,7;17,2;16,8;84;76;84;64;3,6;2,7;
2024/12/14;0600 UTC;0;884,6;885;884,6;;19,6;16,8;20;19,3;17,1;16,8;86;83;84;47;3,8;2,6;
2024/12/14;0700 UTC;0;884,6;884,6;884,5;;19,5;16,9;19,9;19,2;16,9;16,7;86;82;85;14;3,4;1,7;
2024/12/14;0800 UTC;0;884,9;884,9;884,6;;19,5;17,2;19,7;19,3;17,2;16,9;87;84;87;29;4,1;1,7;
2024/12/14;0900 UTC;0;885,4;885,4;884,9;14;19,2;17,1;19,6;19;17,2;16,9;88;86;88;47;3,9;1;
2024/12/14;1000 UTC;0;886,2;886,2;885,4;253;20,7;17,6;20,7;19,2;17,7;17,2;88;82;83;34;2,5;0;
2024/12/14;1100 UTC;0;886,7;886,7;886,2;701,4;21,9;17,4;21,9;20,7;18,3;17,3;83;75;76;17;4,3;2,4;
2024/12/14;1200 UTC;0;887,6;887,6;886,7;1208,5;22,8;17;22,8;21,9;18,2;16,5;78;68;70;345;5,4;2,9;
2024/12/14;1300 UTC;0;887,5;887,6;887,4;1671,7;24,3;17,7;24,3;22,6;17,7;16,5;71;65;67;325;6,6;3,6;
2024/12/14;1400 UTC;0;887,1;887,6;887,1;3553,6;25,5;17,9;25,8;23,5;18,3;16,9;68;60;63;342;7,1;3,6;
2024/12/14;1500 UTC;0;886,6;887,2;886,6;3086,2;26,2;17,4;26,5;25;18,3;17;65;57;58;343;7,5;4,1;
2024/12/14;1600 UTC;0;885,7;886,6;885,7;2863,5;26,6;16,7;27;25,7;18,4;16,7;63;54;55;329;9,3;4,6;
2024/12/14;1700 UTC;0;884,6;885,7;884,6;2778,5;27;17,4;27,6;26;18,2;16;60;52;56;318;9,3;4,2;
2024/12/14;1800 UTC;0;883,7;884,6;883,7;1609;23,9;17;27,6;23,7;18,2;16,1;67;54;66;260;8,6;4,8;
2024/12/14;1900 UTC;0;883,4;883,7;883,3;1303,8;24,8;18,3;26,3;23,8;18,5;16,9;69;60;67;262;7,1;2,1;
2024/12/14;2000 UTC;,8;884,2;884,5;883,4;301,8;19,1;17,7;24,8;18,5;18,5;14,2;92;57;91;36;11;3,7;
2024/12/14;2100 UTC;2,8;885,1;885,1;884,1;57,4;19,2;17,9;19,4;19,1;18;17,4;92;90;92;193;6,8;2,1;
2024/12/14;2200 UTC;,4;885,1;885,1;884,7;12,8;19,5;17,7;19,6;19,2;18,1;17,7;92;90;90;104;3,4;,2;
2024/12/14;2300 UTC;0;885,8;885,8;885,1;;19,1;17,3;19,5;18,9;17,7;17,2;91;89;89;54;3,2;2;
2024/12/15;0000 UTC;;;;;;;;;;;;;;;;;;
2024/12/15;0100 UTC;;;;;;;;;;;;;;;;;;
2024/12/15;0200 UTC;;;;;;;;;;;;;;;;;;
2024/12/15;0300 UTC;;;;;;;;;;;;;;;;;;
2024/12/15;0400 UTC;;;;;;;;;;;;;;;;;;
2024/12/15;0500 UTC;0;885,6;885,6;885,4;;19,7;17,9;20,1;19,7;17,9;17,5;89;85;89;202;1,1;0;
2024/12/15;0600 UTC;,2;885,3;885,6;885,3;;19,9;17,8;20;19,6;18;17,7;91;87;88;96;1,2;,1;
2024/12/15;0700 UTC;0;885,3;885,4;885,2;;20,1;17,8;20,1;19,6;17,9;17,5;89;86;86;105;2;,1;
2024/12/15;0800 UTC;0;885,5;885,5;885,2;;19,6;18;20,2;19,6;18;17,7;90;86;90;212;1,3;,1;
2024/12/15;0900 UTC;0;886;886;885,5;3,4;19,9;18;19,9;19,5;18,4;18;92;89;89;80;2;,9;
2024/12/15;1000 UTC;0;886,8;886,8;886;100,3;19,4;17,8;20,1;19,3;18;17,7;91;87;91;357;4,4;1,9;
2024/12/15;1100 UTC;0;887,1;887,1;886,8;526,4;19,9;18,7;19,9;19,2;18,8;17,7;93;91;93;33;4,4;,6;
2024/12/15;1200 UTC;0;887,6;887,6;887,1;766,1;22,3;18,8;22,3;19,9;19,9;18,7;93;81;81;185;3,6;,2;
2024/12/15;1300 UTC;0;888;888;887,6;1523,4;23,2;18,4;23,5;22,3;19,4;17,8;80;72;74;272;3,3;1,4;
2024/12/15;1400 UTC;0;887,8;888;887,8;1723,9;22,7;18,8;23,4;22,2;19,9;18,6;83;74;78;14;7;3,4;
2024/12/15;1500 UTC;0;887,1;887,8;887,1;1870,7;23,9;18,6;24;22,4;19,3;18;80;71;72;18;7,4;2,1;
2024/12/15;1600 UTC;0;886,6;887,1;886,6;3409,8;25,2;18,9;25,3;23,6;19,6;17,8;74;65;68;26;6,1;2,8;
2024/12/15;1700 UTC;0;885,6;886,6;885,6;2591;25,4;18,7;26,1;24,6;19,5;17,9;70;64;66;9;6,4;2,8;
2024/12/15;1800 UTC;0;885,2;885,6;885,2;2225;25,1;18,4;26,5;24,7;19,4;17,9;68;61;67;29;6;2,8;
2024/12/15;1900 UTC;0;885,2;885,2;884,5;1421,6;21,7;18;26;21,7;20;17,5;80;64;80;360;10,1;5;
2024/12/15;2000 UTC;7,2;885,3;885,3;884,5;303,7;20;17,5;21,6;19,2;18,4;17,1;92;80;85;3;10,9;3;
2024/12/15;2100 UTC;2;886,7;886,7;885,3;12,1;19,5;18,3;20,1;19,5;18,4;17,5;93;85;93;220;6,1;1,5;
2024/12/15;2200 UTC;2,8;887,5;887,5;886,7;,7;19,6;18,5;19,6;19,4;18,5;18,2;93;93;93;234;2,6;0;
2024/12/15;2300 UTC;2,8;888,8;888,8;887,5;;19,1;17,6;19,8;19,1;18,4;17,6;93;90;91;4;2,3;,6;
2024/12/16;0000 UTC;2,4;889,7;889,7;888,8;;18,5;16,9;19,1;18,4;17,5;16,6;91;88;91;340;2,7;,8;
2024/12/16;0100 UTC;;;;;;;;;;;;;;;;;;
2024/12/16;0200 UTC;;;;;;;;;;;;;;;;;;
2024/12/16;0300 UTC;0;888,3;889,3;888,3;;18,2;16,9;18,7;18,2;17,1;16,9;92;90;92;273;5,8;,5;
2024/12/16;0400 UTC;0;887,3;888,3;887,3;;18,3;17,2;18,4;18,1;17,2;17;93;92;93;199;2,7;,8;
2024/12/16;0500 UTC;0;886,7;887,3;886,6;;18,3;16,7;18,4;18,2;17,2;16,7;93;91;91;273;2,5;0;
2024/12/16;0600 UTC;0;886,4;886,7;886,4;;18,3;16,6;18,4;18,1;16,8;16,6;92;90;90;200;1,5;0;
2024/12/16;0700 UTC;;;;;;;;;;;;;;;;;;
2024/12/16;0800 UTC;0;887,3;887,3;886,7;;18,7;15,9;18,7;18,1;16,5;15,8;90;83;84;97;1,5;,2;
2024/12/16;0900 UTC;0;888,2;888,2;887,3;7,6;18,9;15,9;18,9;18,6;16,2;15,4;85;80;83;129;1,3;0;
2024/12/16;1000 UTC;0;888,7;888,7;888,1;330,5;20,9;16;20,9;18,9;17;15,5;84;73;74;172;0;0;
2024/12/16;1100 UTC;0;889,2;889,2;888,7;882,2;21,4;15,1;21,6;20,8;16,7;14,9;77;67;67;219;2,4;1,3;
2024/12/16;1200 UTC;0;889,9;889,9;889,2;1387,4;22,8;15,9;22,9;21,4;17;14,9;74;62;65;238;3,1;1,7;
2024/12/16;1300 UTC;0;890,2;890,2;889,9;1464,1;23,7;15,8;23,7;22,6;16,6;15,3;67;61;61;258;4;2,5;
2024/12/16;1400 UTC;0;890;890,2;890;1778,8;23,9;15,9;24,9;23,7;16,5;14,6;63;55;61;263;4;1,8;
2024/12/16;1500 UTC;0;889,5;890;889,5;2323,3;25,3;15,6;25,9;23,8;17;15,3;63;53;55;254;4,5;2,3;
2024/12/16;1600 UTC;0;889;889,5;889;2462;25,1;16,4;26,3;24,9;16,7;15;60;52;59;259;5;3,2;
2024/12/16;1700 UTC;0;888,1;889;888,1;2281;25,3;17,7;26;25;18;16,4;64;58;63;270;6;3,8;
2024/12/16;1800 UTC;0;887,2;888,1;887,2;2347,7;25,2;15,9;26,3;25,2;18,3;15,1;64;51;56;253;6;3,3;
2024/12/16;1900 UTC;0;886,7;887,2;886,4;1933,9;25,2;16,9;26,7;25,1;17,9;15,2;63;51;60;260;6,1;3,6;
2024/12/16;2000 UTC;0;886,4;886,8;886,4;963,5;25,5;16,2;25,5;24,8;17;15,4;61;55;57;257;5,2;1,8;
2024/12/16;2100 UTC;0;886,7;886,8;886,4;524,7;24,8;16,9;25,7;24,8;17,2;15,8;62;54;61;240;3,1;,6;
2024/12/16;2200 UTC;0;887,2;887,2;886,7;56,3;23,5;17,6;24,9;23,1;18,1;16,8;72;61;70;215;1,8;0;
2024/12/16;2300 UTC;;;;;;;;;;;;;;;;;;
2024/12/17;0000 UTC;;;;;;;;;;;;;;;;;;
2024/12/17;0100 UTC;0;890,2;890,2;889,4;;21,4;18,1;21,9;21,4;18,1;17,2;81;75;81;13;6,3;3,1;
2024/12/17;0200 UTC;;;;;;;;;;;;;;;;;;
2024/12/17;0300 UTC;0;889,9;890,1;889,9;;20,3;18,2;20,3;20,2;18,6;18,2;91;88;88;31;4,5;1,3;
2024/12/17;0400 UTC;0;889,3;889,9;889,2;;20;18;20,3;20;18,2;18;89;88;89;277;3,4;,5;
2024/12/17;0500 UTC;0;889;889,4;889;;20,2;17,3;20,2;19,9;18;17,1;89;83;83;123;1,9;,1;
2024/12/17;0600 UTC;0;888,2;889;888,2;;20,7;16,9;20,7;20,2;17,6;16,9;84;79;79;138;3;,4;
2024/12/17;0700 UTC;0;888;888,2;887,9;;19,8;16,2;20,8;19,8;16,9;16;80;75;80;44;3;,1;
2024/12/17;0800 UTC;0;888,2;888,2;888;;19,5;17,2;19,8;19,2;17,2;16,1;87;80;87;56;3,3;2,2;
2024/12/17;0900 UTC;0;888,8;888,8;888,2;10;20,2;17,2;20,2;19,3;17,4;17,1;88;83;83;78;3,1;1,2;
2024/12/17;1000 UTC;0;889,4;889,4;888,8;227,7;21;17,8;21;19,9;17,9;17,2;85;80;82;48;2,3;1;
2024/12/17;1100 UTC;0;890;890;889,4;892,8;22,7;17;22,7;21;17,7;16,7;82;70;70;19;2,8;1;
2024/12/17;1200 UTC;0;890,4;890,5;890;1273,1;24,9;17,3;25;22,7;18;17,1;72;63;63;305;2,3;,1;
2024/12/17;1300 UTC;0;890,7;890,7;890,4;1737,9;25,9;15,6;26,2;24,9;17,4;13,1;63;45;53;348;3,6;1,8;
2024/12/17;1400 UTC;0;890,4;890,8;890,4;2656,2;27;17,3;27,4;25,3;18,2;14,8;63;49;55;353;4,5;2,3;
2024/12/17;1500 UTC;0;889,7;890,4;889,7;2848,1;26,2;18,4;27,4;25,3;18,5;16,4;65;53;62;300;6,3;3,9;
2024/12/17;1600 UTC;0;888,8;889,7;888,8;3351,2;25,9;17,1;28,7;25,9;18,6;14;62;42;58;49;7,1;3,4;
2024/12/17;1700 UTC;0;888,2;888,8;888,1;1822,5;24,5;18,1;27,1;23,4;18,1;15,8;68;55;68;16;9,7;1,5;
2024/12/17;1800 UTC;0;889;889;888;353;20,3;17;24,5;20,3;18;16,7;83;63;81;41;9;2,9;
2024/12/17;1900 UTC;5,8;889;889;888,7;139,4;18;17;20,3;18;17,2;16,5;94;81;94;353;10;4,3;
2024/12/17;2000 UTC;3,6;888,6;889;888,6;22,8;17,8;16,8;18;17,8;17;16,7;94;93;94;1;8,7;2,3;
2024/12/17;2100 UTC;4,2;888,6;888,7;888,5;40,5;18;16,9;18;17,8;16,9;16,7;94;93;93;109;4,2;,3;
2024/12/17;2200 UTC;,6;888,2;888,6;888,2;7,6;18,1;16,9;18,3;18;17,1;16,8;93;92;93;87;1,8;,2;
2024/12/17;2300 UTC;,2;888,3;888,3;888,2;;18,2;16,9;18,3;18,1;17;16,7;93;91;92;234;2,4;,7;
2024/12/18;0000 UTC;;;;;;;;;;;;;;;;;;
2024/12/18;0100 UTC;;;;;;;;;;;;;;;;;;
2024/12/18;0200 UTC;;;;;;;;;;;;;;;;;;
2024/12/18;0300 UTC;0;889,3;889,5;889,3;;19;16,5;19;18,4;16,7;16,4;90;85;86;70;3,2;,3;
2024/12/18;0400 UTC;0;889,2;889,5;889,2;;18,9;17,2;19;18,7;17,2;16,6;91;86;90;137;3,8;1,1;
2024/12/18;0500 UTC;,2;888,7;889,2;888,7;;18,6;17;18,9;18,2;17,2;17;92;90;91;76;2,5;,6;
2024/12/18;0600 UTC;0;888,6;888,7;888,5;;18,6;17,1;19,1;18,5;17,1;16,5;91;85;91;160;3,4;,9;
2024/12/18;0700 UTC;0;888,3;888,7;888,3;;19,1;16,7;19,1;18,6;17,2;16,7;91;86;86;140;2,8;1,2;
2024/12/18;0800 UTC;0;888,3;888,3;888,1;;18,8;16,8;19,1;18,8;17;16,7;89;86;88;137;3,5;1,2;
2024/12/18;0900 UTC;0;888,5;888,6;888,3;6,1;18,8;16,9;18,8;18,6;17;16,7;90;88;88;98;5,1;3,1;
2024/12/18;1000 UTC;0;889,2;889,2;888,5;151,4;19,3;17,1;19,3;18,8;17,1;16,7;88;86;87;81;5,1;1,2;
2024/12/18;1100 UTC;0;889,4;889,4;889,2;485;20,3;17,4;20,4;19,3;17,6;17,1;88;82;83;94;4;1,6;
2024/12/18;1200 UTC;0;889,7;889,7;889,4;602,5;21,4;17,6;21,4;20,3;18;17,2;84;78;79;79;4;1;
2024/12/18;1300 UTC;0;889,9;889,9;889,7;1015,4;22,7;17,8;22,7;21,4;18,4;17,1;80;71;74;8;2,9;,4;
2024/12/18;1400 UTC;0;889,8;890;889,8;1164,3;23,9;17,8;23,9;22,7;18,7;17,4;77;68;69;15;2;,3;
2024/12/18;1500 UTC;0;889,8;889,9;889,8;1464,2;24,8;16,3;24,8;23,8;18;15,2;69;56;59;349;2,5;,2;
2024/12/18;1600 UTC;0;889,2;889,8;889,2;2116,7;25,7;18,2;25,8;24,5;18,2;16,3;66;59;63;46;2,9;1,1;
2024/12/18;1700 UTC;0;888,2;889,2;888,2;2006,5;26,1;15,9;26,7;25,4;18,1;14,1;63;47;53;292;3,5;,5;
2024/12/18;1800 UTC;0;887,5;888,2;887,5;2538,1;26,9;15,6;27,4;26,1;17,7;15,6;57;50;50;353;5;1,9;
2024/12/18;1900 UTC;0;887,1;887,5;887;1616,4;27,3;13,8;28,1;26,8;16,2;12,8;51;41;44;298;5;,1;
2024/12/18;2000 UTC;0;887,4;887,4;887,1;1330,2;26,7;15,3;28,1;26,7;16,9;13,2;53;42;50;168;4,4;1;
2024/12/18;2100 UTC;0;887,7;887,7;887,4;268,8;24,8;17,1;26,6;24,8;17,5;15,1;63;49;62;10;3,5;,8;
2024/12/18;2200 UTC;0;887,7;887,7;887,5;42,3;22,5;16,6;24,8;22,5;17,1;16,3;69;61;69;27;3,3;,6;
2024/12/18;2300 UTC;0;888,1;888,1;887,7;;23;16,7;23,4;22,5;16,9;15,3;71;61;68;88;2,4;1,1;
2024/12/19;0000 UTC;0;888,7;888,7;888,1;;22,4;17,4;23,2;22,1;17,4;16,5;73;67;73;80;2,6;1,1;
2024/12/19;0100 UTC;;;;;;;;;;;;;;;;;;
2024/12/19;0200 UTC;;;;;;;;;;;;;;;;;;
2024/12/19;0300 UTC;0;888,6;889,2;888,6;;20,3;17,3;21,1;20,3;17,6;17,3;83;80;83;37;3,3;1,6;
2024/12/19;0400 UTC;0;888;888,6;888;;20,7;17;21;19,9;17,3;17;85;78;80;47;3,5;1,8;
2024/12/19;0500 UTC;0;887,6;888;887,6;;21,2;17,2;21,7;20,6;17,4;17,1;80;76;78;13;5,4;1,5;
2024/12/19;0600 UTC;0;887,5;887,6;887,4;;20,6;17,1;21,2;20,6;17,2;17,1;81;78;80;2;3,6;1,5;
2024/12/19;0700 UTC;0;887,3;887,6;887,3;;20,3;17,6;20,7;20,2;17,6;17;84;80;84;34;6;3,2;
2024/12/19;0800 UTC;0;887,6;887,6;887,3;;19,6;17,9;20,4;19,6;18;17,6;90;84;90;21;6;1,9;
2024/12/19;0900 UTC;0;888,1;888,1;887,6;19,1;19,6;18;19,8;19,3;18;17,7;91;89;90;16;5,4;2;
2024/12/19;1000 UTC;0;888,7;888,7;888,1;477,2;20,7;18,3;20,7;19,5;18,5;17,9;92;86;86;23;5,7;3;
2024/12/19;1100 UTC;0;889,1;889,1;888,6;1432,3;22,4;17,9;22,6;20,7;18,4;17,5;86;75;76;1;6,5;3,1;
2024/12/19;1200 UTC;0;889,5;889,5;889,1;2285,9;23,8;18,7;23,8;22,2;19;17,8;77;72;73;357;6,8;2,6;
2024/12/19;1300 UTC;0;889,8;889,8;889,5;3069,2;25,1;17,6;25,9;23,6;19,3;17,5;74;62;63;351;5,2;1,7;
2024/12/19;1400 UTC;0;889,3;889,8;889,3;3517,5;26,7;16,6;27,2;24,8;18,4;16;65;52;54;357;4,6;1,7;
2024/12/19;1500 UTC;0;888,9;889,5;888,9;3982,4;27,5;15,1;28,4;26,3;17,7;15,1;58;46;47;333;5,4;1,8;
2024/12/19;1600 UTC;0;888,2;888,9;888,2;3255,4;28,8;15,6;29,3;26,9;17,6;15,1;53;44;45;336;4,6;1,5;
2024/12/19;1700 UTC;,6;887,3;888,2;887,3;1081,1;23,9;18,9;28,8;23,9;18,9;15,2;74;44;74;131;7,2;3;
2024/12/19;1800 UTC;9;887,3;887,5;886,8;551,8;20,6;18,2;25,7;20,6;19,8;17;86;59;86;4;11,5;4,2;
2024/12/19;1900 UTC;1,8;886,2;887,7;886,2;172,6;19,8;18,3;20,6;19,1;18,3;17,5;92;85;91;87;9,5;1,2;
2024/12/19;2000 UTC;0;887,2;887,2;886,2;160,3;20,6;18,5;20,7;19,8;18,5;18,1;91;86;87;112;4,8;0;
2024/12/19;2100 UTC;0;886,9;887,3;886,9;74;20,4;18;21,2;20,3;18,6;17,6;88;80;86;41;3,3;1,5;
2024/12/19;2200 UTC;0;887,4;887,4;886,9;9,6;21,2;18,3;21,3;20,4;18,6;18,1;89;83;84;165;2,9;1,3;
2024/12/19;2300 UTC;0;888,2;888,3;887,4;,2;20,7;18;21,2;20,6;18,4;17,7;86;81;85;143;3,7;0;
2024/12/20;0000 UTC;;;;;;;;;;;;;;;;;;
2024/12/20;0100 UTC;0;889,2;889,2;888,9;;20;18,1;20,8;19,9;18,4;18,1;89;86;89;159;5,6;2,1;
2024/12/20;0200 UTC;0;889,1;889,2;889;;19,8;18,1;20;19,8;18,1;18;90;89;90;145;3,9;,3;
2024/12/20;0300 UTC;0;888,5;889,1;888,5;;19,5;18,1;19,8;19,2;18,1;17,7;92;90;92;150;2,1;,1;
2024/12/20;0400 UTC;0;888;888,5;888;;19,7;17,6;19,8;19,3;18,2;17,4;92;88;88;125;2,8;,4;
2024/12/20;0500 UTC;0;887,7;888,1;887,6;;19,9;17,7;20;19,1;17,7;17,3;89;86;87;70;7,4;3,9;
2024/12/20;0600 UTC;,8;887,8;888,1;887,7;;18,1;15,5;20,1;18;18;15,5;89;83;85;53;12,9;5,4;
2024/12/20;0700 UTC;,2;887;887,8;886,8;;18,4;15,3;18,6;17,9;15,5;15,2;85;81;82;44;11;3,5;
2024/12/20;0800 UTC;0;887,3;887,3;887;;17,7;15,6;18,6;17,7;15,7;15,3;88;82;88;22;6,7;2,6;
2024/12/20;0900 UTC;0;887,6;887,6;887,3;11,6;18,8;15,5;18,8;17,7;15,7;15,4;88;81;81;11;4,1;,9;
2024/12/20;1000 UTC;0;887,7;887,8;887,6;238,8;20;16,2;20;18,8;16,3;15,4;84;79;79;351;2,6;0;
2024/12/20;1100 UTC;0;888;888;887,6;1272,8;21,3;16,4;21,5;20;16,8;15,8;79;70;74;2;6,2;3,3;
2024/12/20;1200 UTC;0;888,1;888,2;888;2138,6;23,4;17,4;23,4;21,4;17,7;16,1;74;68;69;7;6,2;2,8;
2024/12/20;1300 UTC;0;888,2;888,3;888,1;2610;24,8;17,9;24,8;22,6;17,9;16,7;72;63;66;355;5,8;2,6;
2024/12/20;1400 UTC;0;887,9;888,2;887,9;3459;25,9;15;26,7;24,8;17,8;14,6;65;49;51;356;5,6;2,7;
2024/12/20;1500 UTC;0;887,5;887,9;887,5;3843,6;27,8;14,8;28,1;25,9;17;14,6;55;45;45;8;7,9;3,3;
2024/12/20;1600 UTC;0;886,8;887,5;886,8;3701,6;27,4;15,7;28,2;26,7;17,2;14,1;53;44;49;40;7,9;3,7;
2024/12/20;1700 UTC;0;885,9;886,8;885,9;3577,9;28,4;15,8;29,4;26,9;17,8;15,1;53;44;47;3;7,3;3,4;
2024/12/20;1800 UTC;0;884,6;885,9;884,6;2403,8;28,1;16,2;28,7;27,3;17;15,2;52;45;48;327;8,9;3,5;
2024/12/20;1900 UTC;0;884,7;884,7;884,1;1855,4;24,8;18;29;24,8;18;15;66;44;66;321;9,1;4,2;
2024/12/20;2000 UTC;4,8;884,7;884,8;884,3;670,2;20,5;18,9;25,1;20,5;19,7;18;90;66;90;17;10,3;3,5;
2024/12/20;2100 UTC;1,8;884,9;885;884,6;210;21,6;19,3;21,6;20,5;19,6;18,9;91;86;87;32;6,7;2,3;
2024/12/20;2200 UTC;0;885,8;885,8;884,9;39,2;21,2;19,1;21,6;21,2;19,3;19;88;87;88;25;4,5;,2;
2024/12/20;2300 UTC;0;886,9;886,9;885,8;;21,2;18,7;21,4;21,1;19,1;18,7;88;85;86;15;4;1,3;
2024/12/21;0000 UTC;3,6;887,4;887,5;886,9;;20,6;19;21,7;20,3;19,1;18,1;91;81;91;28;6,9;2;
2024/12/21;0100 UTC;0;888;888;887,3;;20,8;18,9;20,8;20,5;19,1;18,9;91;89;89;12;4;,6;
2024/12/21;0200 UTC;0;888,1;888,1;887,9;;20,8;19,1;20,9;20,7;19,1;18,8;90;88;90;45;3;2,1;
2024/12/21;0300 UTC;0;887,9;888,2;887,9;;20,9;18,8;21,1;20,8;19,1;18,8;90;87;88;330;2,9;0;
2024/12/21;0400 UTC;0;887,3;887,9;887,3;,1;21;18,3;21,5;20,9;18,9;18,2;88;81;85;341;2;,1;
2024/12/21;0500 UTC;0;886,6;887,3;886,6;;20,8;18,3;21,1;20,5;18,6;18,3;89;85;86;61;1,8;,3;
2024/12/21;0600 UTC;0;886,5;886,7;886,5;;20,9;18,6;21,1;20,5;18,7;18,2;89;84;87;68;2,5;1;
2024/12/21;0700 UTC;0;886,6;886,6;886,5;,3;21,1;18,5;21,4;20,7;18,7;18,3;88;83;85;1;2,2;,3;
2024/12/21;0800 UTC;0;887,3;887,3;886,6;0;19,6;17;21,2;19,6;18,7;16,5;86;81;85;22;5,2;1,5;
2024/12/21;0900 UTC;1;888,2;888,2;887,2;;19,8;17,8;20,1;19,5;18,1;17;89;85;88;222;3,3;,5;
2024/12/21;1000 UTC;1,8;888,9;888,9;888,2;70,9;19,7;18,2;19,8;19,4;18,3;17,6;91;88;91;33;2,3;,4;
2024/12/21;1100 UTC;,2;889,2;889,3;888,9;316,2;20,5;18,9;20,7;19,7;19,2;18,2;92;90;91;292;4,9;2,8;
2024/12/21;1200 UTC;0;889,6;889,6;889,2;774;20,3;18,8;21;20,2;19,3;18,5;92;89;91;251;5,9;3,5;
2024/12/21;1300 UTC;0;890,1;890,1;889,6;704,7;20,6;18,6;20,8;20,3;19;18,6;91;88;88;248;5,8;3,2;
2024/12/21;1400 UTC;0;889,6;890,1;889,6;805,7;21,1;18,6;21,1;20,5;18,9;17,9;89;84;86;261;5,5;2,4;
2024/12/21;1500 UTC;0;888,3;889,6;888,3;1862,9;22,9;18,4;23;21;19,1;18,1;85;75;76;281;3,9;1,8;
2024/12/21;1600 UTC;0;887,5;888,3;887,5;2312,7;24,4;18,7;24,9;22,7;19,7;17,8;78;68;71;342;4,2;1,2;
2024/12/21;1700 UTC;0;886,6;887,5;886,6;2307,5;25,7;17,5;26;24;19,2;17,5;73;61;61;328;7,1;3,5;
2024/12/21;1800 UTC;0;886,1;886,6;886,1;1839,2;26,1;17,7;26,6;25;18,8;17,4;67;58;60;335;7,1;3,3;
2024/12/21;1900 UTC;0;885,4;886;885,3;1513;25,7;17,1;26,8;25,7;19,1;16,8;65;58;59;334;7,2;3,8;
2024/12/21;2000 UTC;0;885,4;885,5;885,3;1260,1;24,6;18,5;26,3;23,9;18,8;17;70;59;69;28;7,7;3,7;
2024/12/21;2100 UTC;0;886,5;886,7;885,4;551,7;20,2;17,9;24,8;20,1;18,8;17,6;88;66;87;19;10,8;3,5;
2024/12/21;2200 UTC;,2;887,6;887,6;886,5;46,3;18,9;17,6;20,2;18,9;17,9;17,5;92;86;92;18;8,1;3;
2024/12/21;2300 UTC;,8;888,2;888,4;887,6;;18,8;17,7;19;18,7;17,7;17,5;93;92;93;27;7,6;3,3;
2024/12/22;0000 UTC;,2;888,9;888,9;888,2;;18,8;17,7;19;18,8;17,9;17,7;94;93;93;14;6,6;2,4;
2024/12/22;0100 UTC;;;;;;;;;;;;;;;;;;
2024/12/22;0200 UTC;0;889,6;889,8;889,4;;19,1;17,3;19,1;18,8;17,6;17,3;92;89;89;22;3,9;1,7;
2024/12/22;0300 UTC;;;;;;;;;;;;;;;;;;
2024/12/22;0400 UTC;0;889,2;889,3;889,1;;19,2;16,8;19,4;19,1;17,7;16,8;91;86;86;344;2,8;0;
2024/12/22;0500 UTC;0;888,5;889,2;888,5;;18,7;16,9;19,3;18,7;17,1;16,8;90;86;90;191;2;,6;
2024/12/22;0600 UTC;0;887,6;888,5;887,6;;18,8;17,2;18,9;18,7;17,2;16,9;90;89;90;132;2,2;0;
2024/12/22;0700 UTC;0;887,2;887,6;887,2;;19,4;16,6;19,4;18,9;17,3;16,6;90;84;84;93;2;1;
2024/12/22;0800 UTC;0;887,7;887,7;887,2;;19,4;17,4;19,6;18,8;17,5;16,5;90;83;88;33;2,6;,7;
2024/12/22;0900 UTC;0;888,2;888,2;887,7;6,9;19,8;17,5;19,8;19,4;17,5;17,3;88;86;87;54;2,5;1,2;
2024/12/22;1000 UTC;0;889,1;889,1;888,2;140;20,8;18,1;20,8;19,8;18,1;17,4;87;82;84;115;2,3;0;
2024/12/22;1100 UTC;0;889,8;889,8;889,1;397,8;21,4;18;21,4;20,6;18,5;18;87;81;81;148;1,5;0;
2024/12/22;1200 UTC;0;890,1;890,1;889,7;899,6;23;18,9;23;21,4;18,9;17,8;82;76;78;251;1,5;0;
2024/12/22;1300 UTC;0;890,6;890,6;890,1;980,5;22,8;19,1;23,2;22,7;19,4;18,4;81;76;80;261;3,9;2,4;
2024/12/22;1400 UTC;0;890,3;890,6;890,3;1341,1;23,8;18,6;24,1;22,6;20;18,1;83;72;73;256;7,3;4,1;
2024/12/22;1500 UTC;0;889,5;890,3;889,5;2015,1;24;18,9;24,3;23,5;19,8;18,2;77;71;73;246;7,3;4,5;
2024/12/22;1600 UTC;0;888,8;889,5;888,8;1704,5;23,8;18,9;24,2;23,1;20,1;18,8;82;73;74;253;6,8;4,2;
2024/12/22;1700 UTC;0;888,1;888,8;888,1;2086,3;25,4;18,8;25,6;23;20,1;18,4;81;66;67;255;7,1;3,8;
2024/12/22;1800 UTC;2,4;887,6;888,1;887,6;1338,9;21,3;18,4;26,4;21,1;19,7;17,8;90;62;83;279;10,3;4,9;
2024/12/22;1900 UTC;0;887,4;887,8;887,4;1477,4;22,9;18,5;22,9;21,2;18,7;17,9;84;76;76;61;8,6;,8;
2024/12/22;2000 UTC;0;887;887,4;886,9;1587,9;24,4;18,6;24,6;22,9;19,6;17,6;78;67;70;23;3,2;,2;
2024/12/22;2100 UTC;0;887,2;887,2;887;810,1;23,2;18,2;24,4;23,2;18,6;17,7;74;68;73;342;3,1;1,8;
2024/12/22;2200 UTC;0;888,5;888,5;887,2;48,4;21,3;18,2;23,2;20,9;19,5;18,2;89;73;82;302;6,4;4,2;
2024/12/22;2300 UTC;1,2;889;889;888,5;;18,8;17,2;21,3;18,8;17,4;16,5;91;77;91;60;7;2,1;
2024/12/23;0000 UTC;,8;889,4;889,4;889;;19,3;17,7;19,3;18,8;17,7;17,1;91;88;91;34;3,6;1,7;
2024/12/23;0100 UTC;;;;;;;;;;;;;;;;;;
2024/12/23;0200 UTC;;;;;;;;;;;;;;;;;;
2024/12/23;0300 UTC;0;889,2;889,6;889,2;;19,3;17,5;19,4;19,2;17,9;17,5;92;89;89;21;3;1,5;
2024/12/23;0400 UTC;0;888,7;889,2;888,7;;19,2;17,5;19,4;19,2;17,6;17,4;90;89;90;15;3,1;1,4;
2024/12/23;0500 UTC;0;888,2;888,8;888,2;;19,3;17,6;19,3;19;17,6;17,4;91;90;90;273;2,7;0;
2024/12/23;0600 UTC;0;887,4;888,2;887,4;;19,2;17,6;19,4;19,1;17,6;17,4;91;89;91;114;,9;0;
2024/12/23;0700 UTC;0;887,2;887,4;887,2;;19,8;17,2;19,9;19,2;17,7;17;91;84;85;106;1,8;0;
2024/12/23;0800 UTC;0;887,2;887,2;887,1;;20,4;17,2;20,4;19,5;17,5;17,1;88;82;82;83;1,7;,6;
2024/12/23;0900 UTC;0;887,7;887,7;887,1;11,2;19,5;17,4;20,5;19,4;17,4;16,8;88;80;88;112;1,8;,4;
2024/12/23;1000 UTC;0;888,3;888,3;887,7;245,4;20,6;18;20,6;19;18;17,2;91;83;85;60;2;,5;
2024/12/23;1100 UTC;0;888,9;888,9;888,3;654,8;21,7;18,3;21,7;20,6;18,6;17,5;85;79;81;15;2,3;,5;
2024/12/23;1200 UTC;0;889,3;889,3;888,9;1463,1;23,6;17,5;23,6;21,7;18,9;17,1;81;68;69;342;3,3;2;
2024/12/23;1300 UTC;0;889,3;889,4;889,3;1697,4;24,8;16,8;24,8;23,5;18,1;15,8;70;58;61;8;3,4;,8;
2024/12/23;1400 UTC;3,8;889,1;889,4;889;1905,6;21,5;17,6;26,7;21,4;18,2;16,2;79;57;79;4;3,7;1,7;
2024/12/23;1500 UTC;1;887,9;889,1;887,9;2102,4;25,6;17,5;25,8;21,5;19,2;17,3;82;60;61;9;2,9;,9;
2024/12/23;1600 UTC;0;887,4;887,9;887,4;1651,5;24,7;19;26,7;24,7;19,6;16,3;70;55;70;147;4,5;1;
2024/12/23;1700 UTC;1,4;886,5;887,4;886,5;1033,4;25,4;18,5;25,4;22,1;19,4;17,3;80;64;66;247;7,9;2,3;
2024/12/23;1800 UTC;1,6;885,9;886,5;885,9;837,2;23;20,2;25,7;21,8;20,3;17,2;87;60;84;227;7,6;2,4;
2024/12/23;1900 UTC;0;885,2;885,9;885;1148,4;23,9;19,4;24,3;23;20,2;19;84;72;76;187;4,1;,4;
2024/12/23;2000 UTC;0;885,3;885,5;885,2;482,4;23,2;19;24;23,2;19,6;18,9;78;74;77;163;4,4;2,2;
2024/12/23;2100 UTC;0;885,9;885,9;885,3;331,5;22;19,1;23,2;22;19,4;19;84;77;84;166;6,6;2,8;
2024/12/23;2200 UTC;0;886,4;886,4;885,9;57,9;21,6;18,2;22;21,6;19,1;18;84;79;81;139;5,1;,4;
2024/12/23;2300 UTC;0;887,1;887,1;886,4;;21;18,4;21,7;21;18,6;18,2;86;81;85;64;2,4;0;
2024/12/24;0000 UTC;0;887,9;887,9;887,1;;20,9;18,8;21,6;20,7;18,8;18,3;88;81;88;77;2;0;
2024/12/24;0100 UTC;,2;888,1;888,1;887,8;;21,1;18,3;21,2;20,7;18,7;18,2;88;83;84;128;2,3;,4;
2024/12/24;0200 UTC;0;888,2;888,3;888,1;;20,5;19;21,1;20,5;19;18,3;91;84;91;173;2,2;0;
2024/12/24;0300 UTC;0;887,5;888,2;887,5;;20,5;18,9;20,6;20,2;19,1;18,8;92;91;91;307;1,6;0;
2024/12/24;0400 UTC;0;886,8;887,5;886,8;;19,8;18,1;20,5;19,7;18,9;18;91;90;90;67;3,2;1,7;
2024/12/24;0500 UTC;0;886,3;886,8;886,2;;19,9;18,8;20,1;19,7;18,8;17,8;93;88;93;24;3,5;1,9;
2024/12/24;0600 UTC;0;886,1;886,3;886;;19,6;18,5;19,9;19,6;18,8;18,5;94;93;93;21;3,5;,1;
2024/12/24;0700 UTC;0;885,9;886,1;885,9;;19,4;18,3;19,6;19,3;18,5;18,2;94;93;94;39;2,3;1,1;
2024/12/24;0800 UTC;0;885,9;885,9;885,8;;19,3;18;19,4;19,3;18,3;18;94;92;92;33;2,3;,7;
2024/12/24;0900 UTC;0;886,5;886,5;885,9;15,8;19,2;17,7;19,4;19,2;18;17,5;92;90;91;44;2,6;1,8;
2024/12/24;1000 UTC;0;887,4;887,4;886,5;238,4;20,4;18,2;20,4;19,2;18,2;17,7;91;87;88;2;3,4;1,5;
2024/12/24;1100 UTC;0;887,8;887,9;887,4;549,7;20,9;18,3;21;20,4;18,9;18,1;88;85;85;350;4,9;2,3;
2024/12/24;1200 UTC;0;888,5;888,5;887,8;1475,5;22,3;18,9;22,3;20,9;18,9;18;86;80;81;325;7,4;4,7;
2024/12/24;1300 UTC;0;888,7;888,7;888,5;1068,7;21,9;18,4;22,5;21,5;19,2;18,1;83;78;80;316;7,7;3,5;
2024/12/24;1400 UTC;0;888,4;888,8;888,4;1541,9;23;18,3;23,1;21,9;19;17,7;81;74;75;307;6,7;4,2;
2024/12/24;1500 UTC;0;887,4;888,4;887,4;2052;24,1;17,8;24,6;22,5;18,9;17,4;78;66;68;317;6,3;3,4;
2024/12/24;1600 UTC;0;886,5;887,5;886,5;1279,5;24,1;18,7;24,5;23,1;18,7;17,2;74;65;72;283;7;3,9;
2024/12/24;1700 UTC;0;885,6;886,5;885,6;1313,7;24,7;19,3;25,3;22,6;19,7;18;76;70;72;327;7;2,2;
2024/12/24;1800 UTC;0;884,7;885,6;884,7;2134;25,8;17,1;26,7;23,4;19,8;16,8;77;57;59;320;6;2,9;
2024/12/24;1900 UTC;0;884,2;884,7;884,1;1551,3;25,4;17,9;26,1;25,1;18,7;16,8;66;58;63;312;6,2;3;
2024/12/24;2000 UTC;0;884,5;884,5;884,1;759,8;25,1;16,9;25,6;24,9;18,3;16,9;64;60;60;253;6,3;2,6;
2024/12/24;2100 UTC;7,8;885,1;885,1;884,5;164,5;19,9;18,5;25,1;19,8;18,5;17;92;60;92;130;7,3;2,6;
2024/12/24;2200 UTC;12,2;885,6;885,6;885,1;2,7;19,5;18,3;19,9;19,5;18,6;18,2;93;91;93;360;6,2;1,1;
2024/12/24;2300 UTC;4;886,4;886,4;885,6;;19,5;18,4;19,6;19,3;18,5;18,2;94;93;94;66;3,9;0;
2024/12/25;0000 UTC;;;;;;;;;;;;;;;;;;
2024/12/25;0100 UTC;1,8;887,3;887,3;887,1;;19,2;18,1;19,2;19,2;18,2;18;93;93;93;45;1,9;1,2;
2024/12/25;0200 UTC;1,2;887,7;887,7;887,3;;19,1;17,9;19,2;19,1;18,1;17,9;93;93;93;5;1,9;0;
2024/12/25;0300 UTC;,8;887,3;887,7;887,3;;19,1;18;19,2;19,1;18,1;17,9;93;93;93;347;1,6;,1;
2024/12/25;0400 UTC;,6;886,2;887,3;886,2;;19;18;19,1;19;18,1;17,9;94;93;94;50;1,4;,3;
2024/12/25;0500 UTC;,2;885,9;886,2;885,8;;19,1;18,1;19,1;19;18,1;18;94;94;94;24;2,1;,9;
2024/12/25;0600 UTC;;;;;;;;;;;;;;;;;;
2024/12/25;0700 UTC;0;885,4;885,6;885,4;;19;17,9;19;18,9;18;17,8;94;94;94;26;2,5;,8;
2024/12/25;0800 UTC;0;885,5;885,5;885,4;;18,9;17,8;19;18,9;17,9;17,8;94;93;93;34;2,6;0;
2024/12/25;0900 UTC;0;885,9;885,9;885,4;10;18,7;17,6;18,9;18,6;17,8;17,5;93;93;93;38;1,2;0;
2024/12/25;1000 UTC;0;886,7;886,7;885,9;338,7;20;18,5;20;18,7;18,6;17,6;93;91;91;1;2,9;1,2;
2024/12/25;1100 UTC;,2;887,2;887,2;886,7;974,7;20,5;18,4;21;20;18,9;18,3;91;86;88;355;5,6;3,2;
2024/12/25;1200 UTC;0;887,5;887,5;887,2;795,1;20,7;18,4;20,8;20,3;18,9;18,3;90;87;87;359;5,3;1,2;
2024/12/25;1300 UTC;0;887,5;887,6;887,5;1371,8;22,1;18,9;22,1;20,6;19,3;18,4;88;81;82;356;4,4;2;
2024/12/25;1400 UTC;0;887,1;887,5;887,1;1818,6;23;19,3;23;21,8;19,5;18,2;83;77;80;353;4,8;2,4;
2024/12/25;1500 UTC;0;886,4;887,1;886,4;2498,2;23,5;17,9;24,7;23;19,8;17,1;80;67;71;359;5,7;3,2;
2024/12/25;1600 UTC;0;885,4;886,4;885,4;2296,7;24,7;18,2;25,4;23,5;18,9;17,6;73;64;67;2;6,6;3,4;
2024/12/25;1700 UTC;0;884,4;885,4;884,4;2829,5;25,6;18,8;25,7;24,2;19,2;17,7;70;65;66;26;7,5;3,5;
2024/12/25;1800 UTC;0;883,6;884,4;883,5;2527,3;24,8;18;26,2;24,5;18,7;16,6;68;56;66;6;7,3;3,7;
2024/12/25;1900 UTC;0;883,4;883,6;883,4;709,6;22,7;17;24,8;22,3;18,4;16,3;75;66;70;328;9,1;2,8;
2024/12/25;2000 UTC;0;883,5;883,6;883,3;505,7;22,5;18,6;22,9;22,3;18,6;17,1;79;70;79;318;4;,1;
2024/12/25;2100 UTC;0;883,9;883,9;883,5;517,5;23;18;23,3;22,5;18,7;17,8;79;72;74;2;4,2;1,5;
2024/12/25;2200 UTC;0;885,3;885,3;883,9;69,5;21,4;18,6;23;21,3;18,8;18;86;73;84;28;4,3;,8;
2024/12/25;2300 UTC;0;885,9;885,9;885,3;;20,3;18,1;21,3;20,2;18,6;18;87;82;87;47;3,7;2,6;
2024/12/26;0000 UTC;;;;;;;;;;;;;;;;;;
2024/12/26;0100 UTC;;;;;;;;;;;;;;;;;;
2024/12/26;0200 UTC;;;;;;;;;;;;;;;;;;
2024/12/26;0300 UTC;12,4;887;887,3;887;;18,8;17,9;19,2;18,5;18,1;17,4;95;94;95;344;6,9;2,9;
2024/12/26;0400 UTC;5,4;886,2;887;886,2;;18,7;17,9;18,8;18,7;17,9;17,8;95;95;95;338;6,1;2;
2024/12/26;0500 UTC;;;;;;;;;;;;;;;;;;
2024/12/26;0600 UTC;1,2;885,3;885,5;885,3;;18,8;17,9;18,9;18,7;18;17,8;95;95;95;332;5,4;3,8;
2024/12/26;0700 UTC;,4;885,7;885,7;885,2;0;18,5;17,6;18,8;18,5;18;17,5;95;94;94;341;7,4;3,1;
2024/12/26;0800 UTC;1,2;886,1;886,1;885,7;;18,6;17,5;18,7;18,5;17,8;17,5;94;93;93;332;9,1;5,2;
2024/12/26;0900 UTC;,6;886,8;886,8;886,1;1,9;18,4;17,5;18,6;18,4;17,5;17,4;94;93;94;4;8,2;3;
2024/12/26;1000 UTC;,6;887,4;887,4;886,8;50,9;18,5;17,6;18,5;18,4;17,6;17,4;95;94;95;357;8,1;4,1;
2024/12/26;1100 UTC;,4;887,7;887,7;887,4;186,9;18,6;17,8;18,6;18,5;17,8;17,6;95;95;95;6;8,1;4,1;
2024/12/26;1200 UTC;,2;887,9;887,9;887,6;498,2;18,9;17,8;19;18,6;18,1;17,7;95;93;93;6;8,6;3,6;
2024/12/26;1300 UTC;,2;887,9;888;887,9;943;20;18;20;18,9;18,2;17,7;93;88;89;355;7,2;3,1;
2024/12/26;1400 UTC;0;887,7;888;887,7;1502,9;20,9;18,4;20,9;19,9;18,7;17,5;88;83;85;344;6,8;3,9;
2024/12/26;1500 UTC;0;887,2;887,7;887,2;1942;22,2;19,3;22,2;20,6;19,3;17,6;86;80;83;346;6,8;3,9;
2024/12/26;1600 UTC;0;886,8;887,2;886,8;2162,3;22,7;18,4;23;22,1;19,2;17,6;83;74;77;341;7,7;4;
2024/12/26;1700 UTC;0;885,9;886,8;885,9;2210,7;23,6;18,3;24,8;22,5;19,8;18;78;69;72;330;7,9;5,1;
2024/12/26;1800 UTC;0;885,2;885,9;885,2;2262,6;24,4;18,6;25,1;23,4;18,9;17,4;74;64;70;320;12,1;6,6;
2024/12/26;1900 UTC;0;884,8;885,2;884,6;1255,5;23,4;18,3;25;23,4;18,9;17,8;74;67;73;330;9,8;3,7;
2024/12/26;2000 UTC;0;884,6;884,8;884,6;1290,5;24,3;18,7;24,7;23,3;19,3;18;76;68;71;329;8;4,2;
2024/12/26;2100 UTC;5,4;885,2;885,3;884,6;412,4;19,4;17,4;24,3;19,3;18,8;17,3;91;70;88;9;10;3,2;
2024/12/26;2200 UTC;0;885,9;885,9;885,2;134,8;19,7;18,3;19,9;19,5;18,3;17,5;91;88;91;46;6,7;,9;
2024/12/26;2300 UTC;0;886,8;886,8;885,9;;20,7;19;20,8;19,7;19;18,3;92;89;90;343;4,7;1,6;
2024/12/27;0000 UTC;;;;;;;;;;;;;;;;;;
2024/12/27;0100 UTC;;;;;;;;;;;;;;;;;;
2024/12/27;0200 UTC;;;;;;;;;;;;;;;;;;
2024/12/27;0300 UTC;0;887,6;888,2;887,6;;19,4;17,7;20;19,4;17,7;17,4;90;85;90;7;3,4;1,2;
2024/12/27;0400 UTC;0;887;887,6;887;;19,1;18;19,5;19,1;18;17,8;93;90;93;8;3,8;,3;
2024/12/27;0500 UTC;,4;887,2;887,2;886,8;;18,7;17,6;19,2;18,7;18,1;17,6;94;93;93;16;6,8;3,5;
2024/12/27;0600 UTC;7,8;887,3;887,4;887,1;;17,2;16,3;18,7;17,2;17,5;16,2;94;91;94;349;10,1;4,5;
2024/12/27;0700 UTC;3,4;887,2;887,3;886,9;;16,9;16;17,2;16,9;16,3;16;94;94;94;318;8,1;2,3;
2024/12/27;0800 UTC;,8;887,2;887,3;887,2;;16,9;16;16,9;16,8;16;15,9;94;94;94;81;3,8;0;
2024/12/27;0900 UTC;0;887,3;887,4;887,2;14,8;17,1;16,2;17,1;16,8;16,2;15,9;94;94;94;92;1,4;,1;
2024/12/27;1000 UTC;0;887,6;887,6;887,3;252,8;18,3;16,8;18,3;17,1;17;16,2;94;91;91;256;1,7;0;
2024/12/27;1100 UTC;0;888,2;888,2;887,6;540,2;19,6;17,5;19,6;18,3;17,5;16,5;91;86;88;35;1,9;,4;
2024/12/27;1200 UTC;0;889;889;888,2;1038,5;20,8;17,7;20,8;19,7;17,9;17;88;81;83;330;6,2;4,1;
2024/12/27;1300 UTC;0;889,7;889,7;889;1015,2;20,5;17,6;21,3;20,5;18,1;17,3;84;80;83;302;6,2;3,6;
2024/12/27;1400 UTC;0;889,8;889,8;889,7;960,6;21,2;17,9;21,2;20,2;18,5;17,4;88;81;82;295;6,5;4,1;
2024/12/27;1500 UTC;0;889,4;889,8;889,4;1471;21,5;18,2;21,9;21,1;18,4;17,5;82;79;81;298;6,5;3,7;
2024/12/27;1600 UTC;0;888,5;889,4;888,5;1853;23;18,3;23;21,4;18,9;17,8;83;75;75;273;5,6;3,3;
2024/12/27;1700 UTC;0;887,6;888,5;887,6;2515,8;24,5;18;24,9;23;19;17,2;77;65;67;330;7,3;4,2;
2024/12/27;1800 UTC;0;886,6;887,5;886,6;2202,5;24,2;17,3;25,1;24,2;18,6;17;70;63;65;337;7,4;4;
2024/12/27;1900 UTC;0;886,3;886,6;886,2;1502,4;23,8;18,2;24,8;23,6;18,8;17,3;73;64;71;287;7,9;3,8;
2024/12/27;2000 UTC;0;886,3;886,4;886,2;893,7;22,8;18,3;24,6;22,8;18,6;16,7;76;63;76;259;7,1;4,3;
2024/12/27;2100 UTC;0;886,8;886,8;886,3;497,5;22;17,7;22,8;22;18,4;17,4;77;74;77;255;6,8;2,4;
2024/12/27;2200 UTC;0;887,4;887,4;886,8;121,2;20,9;17,6;22;20,9;17,7;17,5;82;77;81;241;4,4;1,8;
2024/12/27;2300 UTC;0;888,3;888,3;887,4;;20,5;17,5;20,9;20,5;17,7;17,3;84;81;83;179;3,3;0;
2024/12/28;0000 UTC;0;889,4;889,4;888,3;;20,2;17,6;20,6;20;17,7;17,4;86;82;85;51;2,4;1,2;
2024/12/28;0100 UTC;;;;;;;;;;;;;;;;;;
2024/12/28;0200 UTC;0;889,7;889,8;889,7;;19,6;18,3;20,2;19,6;18,3;17,3;92;83;92;10;2,7;,9;
2024/12/28;0300 UTC;0;889,3;889,7;889,3;;19,4;18,4;19,6;19,4;18,4;18,3;94;92;94;47;3,1;2;
2024/12/28;0400 UTC;,2;888,6;889,3;888,6;;19,3;18,4;19,4;19,3;18,4;18,4;94;94;94;43;3;,6;
2024/12/28;0500 UTC;0;888;888,6;888;;19,3;18,2;19,4;19,3;18,4;18,2;94;93;93;32;2,6;0;
2024/12/28;0600 UTC;0;887,8;888;887,8;;19,5;17;19,6;19,3;18,2;17;93;85;86;82;1,9;,6;
2024/12/28;0700 UTC;0;887,5;887,8;887,5;;18,6;16,9;19,5;18,6;17,1;16,8;90;86;89;57;1,9;,6;
2024/12/28;0800 UTC;0;887,5;887,6;887,5;;19,1;16,5;19,3;18,6;16,9;16,5;90;85;85;71;1,6;,1;
2024/12/28;0900 UTC;0;888,2;888,2;887,5;7,1;18,6;16,4;19,1;18,5;16,5;16,2;87;85;87;95;1,8;0;
2024/12/28;1000 UTC;0;888,4;888,4;888,2;258,9;19,9;16,7;19,9;18,5;16,8;16,2;88;81;82;56;2,3;1,9;
2024/12/28;1100 UTC;0;888,7;888,7;888,4;1165,4;23,2;15,8;23,3;19,9;17,4;15,8;83;63;63;36;2,7;,7;
2024/12/28;1200 UTC;0;889;889;888,7;2189,8;25,2;14,6;25,4;23,1;16,7;14;67;49;52;351;3,6;1,4;
2024/12/28;1300 UTC;0;889,1;889,1;889;2360,5;26,1;14;26,1;24,6;15;13,2;54;45;47;348;5,3;1,7;
2024/12/28;1400 UTC;0;889;889,1;888,9;1829;25,8;15,9;26,6;25,5;16,4;13;55;45;54;290;4,2;1,6;
2024/12/28;1500 UTC;0;888,5;889;888,5;1980,7;25,9;17,6;26,1;25,4;17,8;15,5;62;54;60;295;4,8;2,4;
2024/12/28;1600 UTC;0;887,6;888,5;887,6;2992,8;26,5;16,2;27,7;25,6;18,2;14,1;63;46;53;337;6,3;3,3;
2024/12/28;1700 UTC;0;886,6;887,6;886,6;2664,2;26,9;16,1;27,1;26,1;16,8;14,5;56;48;52;332;8,2;4,5;
2024/12/28;1800 UTC;0;885,9;886,6;885,9;1957,9;26,4;16,9;27,2;25,8;17,7;15,9;59;50;56;337;8,2;3;
2024/12/28;1900 UTC;0;885,3;885,9;885,3;2350,5;26,4;15,7;27,9;26,1;18,2;15,3;58;49;52;309;6,6;3,8;
2024/12/28;2000 UTC;0;885,2;885,3;885,2;1153;25,9;17,4;27;25,9;18;14,7;61;49;60;289;6,3;2,1;
2024/12/28;2100 UTC;0;885,5;885,5;885,2;331;23,5;17,4;25,8;23,5;18,1;17,3;68;60;68;336;5;2,2;
2024/12/28;2200 UTC;0;886;886;885,6;35,6;21,4;17,1;23,5;21,4;17,5;17;77;68;76;35;6,5;1,1;
2024/12/28;2300 UTC;;;;;;;;;;;;;;;;;;
2024/12/29;0000 UTC;;;;;;;;;;;;;;;;;;
2024/12/29;0100 UTC;10,6;888,8;888,8;888;;18,2;17,2;19;18,2;18;17,2;94;94;94;5;3,7;,9;
2024/12/29;0200 UTC;;;;;;;;;;;;;;;;;;
2024/12/29;0300 UTC;;;;;;;;;;;;;;;;;;
2024/12/29;0400 UTC;4,8;887,9;888,6;887,9;;17,6;16,5;17,8;17,6;16,7;16,3;93;92;93;48;4,4;3,1;
2024/12/29;0500 UTC;1,6;887,2;887,9;887,2;;17,6;16;17,6;17,3;16,4;15,7;93;90;91;28;4,8;2,2;
2024/12/29;0600 UTC;1,6;886,7;887,2;886,7;;17,6;16,1;17,7;17,5;16,1;15,8;91;90;91;52;5,3;3,5;
2024/12/29;0700 UTC;,4;886,6;886,7;886,6;;17,7;15,8;17,9;17,6;16,1;15,7;91;88;89;41;5,7;3;
2024/12/29;0800 UTC;,6;886,7;886,8;886,6;;17,7;16,2;17,7;17,5;16,2;15,7;92;89;91;39;4,7;2,9;
2024/12/29;0900 UTC;,2;887;887;886,7;3,2;17,8;16,1;18,1;17,7;16,3;15,9;91;88;90;47;5,2;3,6;
2024/12/29;1000 UTC;0;887,3;887,4;887;85,1;18,3;16;18,4;17,8;16,3;15,9;90;86;86;15;5,2;,6;
2024/12/29;1100 UTC;0;887,4;887,6;887,3;292,1;19,1;16,7;19,1;18,3;16,9;16,1;88;86;86;40;3,7;2,1;
2024/12/29;1200 UTC;,2;887,8;887,8;887,4;460,1;20,6;16,8;20,7;19,1;17,2;16,3;87;76;79;24;3,5;,3;
2024/12/29;1300 UTC;0;888,3;888,3;887,8;845;20,5;18,1;20,7;19,9;18,2;16,9;87;79;86;357;4,4;2,5;
2024/12/29;1400 UTC;0;888,2;888,2;888,1;1942,6;22,4;17,5;22,5;20,6;18,8;17,1;87;72;74;9;5,9;3,3;
2024/12/29;1500 UTC;0;887,7;888,2;887,7;2274,5;23,5;16,2;23,7;22,4;18;15,7;76;62;64;19;6,8;3;
2024/12/29;1600 UTC;0;886,9;887,7;886,9;3624;26,2;16,6;26,2;23,5;17,1;14,7;65;50;55;356;6,5;2,1;
2024/12/29;1700 UTC;0;885,8;886,9;885,8;3072,6;26,8;15,3;26,8;25,7;16,8;12,7;56;42;49;302;6,4;3,1;
2024/12/29;1800 UTC;0;884,7;885,8;884,7;2037,3;26,3;16,1;26,9;25,8;16,3;14,1;55;46;54;255;6;3,1;
2024/12/29;1900 UTC;0;884,4;884,7;884,3;2113,3;26,5;16,5;26,8;25,8;17,3;15,3;58;50;54;270;5,8;3,2;
2024/12/29;2000 UTC;0;884,5;884,5;884,3;728,9;25,3;16,9;26,8;25,3;17,5;16,2;62;54;60;278;6,6;3,3;
2024/12/29;2100 UTC;0;884,6;884,6;884,5;316,1;24,2;18,1;25,4;24,2;18,1;16,9;69;59;69;286;5;1,8;
2024/12/29;2200 UTC;0;885,4;885,4;884,6;53;22,5;18,5;24,2;22,5;18,5;17,7;78;68;78;262;4,5;,5;
2024/12/29;2300 UTC;0;886,1;886,1;885,4;;21,8;18,5;22,6;21,8;18,8;18,5;82;78;82;303;2;,2;
2024/12/30;0000 UTC;0;886,6;886,6;886,1;;21,7;18;21,9;21,7;18,5;18;82;79;79;226;2,7;,8;
2024/12/30;0100 UTC;0;886,9;886,9;886,6;;21,1;18,4;21,8;21;18,4;17,8;85;78;85;57;2,3;,1;
2024/12/30;0200 UTC;;;;;;;;;;;;;;;;;;
2024/12/30;0300 UTC;0;886,5;887;886,5;;21;17,9;21,5;21;18,3;17,8;83;81;82;128;3,2;,1;
2024/12/30;0400 UTC;0;886,4;886,6;886,4;;20,6;18,1;21,1;20,6;18,1;17,9;85;82;85;153;2;0;
2024/12/30;0500 UTC;0;885,8;886,4;885,8;;20,1;18,2;20,6;20;18,5;18,1;90;85;89;64;1,8;,3;
2024/12/30;0600 UTC;0;885,5;885,8;885,5;;20,3;17,9;20,3;19,6;18,2;17,8;91;86;86;109;2,6;,5;
2024/12/30;0700 UTC;0;885,2;885,6;885,2;;20;17,8;20,3;20;18;17,8;87;86;87;78;2,5;1,5;
2024/12/30;0800 UTC;0;885,5;885,5;885,1;;19,9;18,3;20,1;19,6;18,3;17,8;91;87;91;154;2,6;,1;
2024/12/30;0900 UTC;,4;886;886,1;885,5;;19,8;18,2;20,1;19,8;18,3;18,1;91;89;91;100;1,9;,1;
2024/12/30;1000 UTC;1,2;886,7;886,7;886;96,6;20,3;18,6;20,3;19,8;18,8;18,2;92;90;90;102;2,4;,7;
2024/12/30;1100 UTC;0;886,9;887,1;886,7;348,6;20,7;18,8;20,7;20,3;18,9;18,5;90;88;88;86;2,8;,8;
2024/12/30;1200 UTC;,2;887,5;887,5;886,9;692,8;22;18,8;22;20,7;19,1;17,8;89;78;82;24;2,4;,2;
2024/12/30;1300 UTC;0;887,9;887,9;887,5;1658;24;15,2;24;22;19;15,2;82;57;58;334;4,1;2;
2024/12/30;1400 UTC;0;887,9;888,1;887,9;1830,8;23,6;18;24;23,2;18,1;15,9;72;59;71;345;5,2;2,2;
2024/12/30;1500 UTC;0;886,9;887,9;886,9;2120,3;25,1;16,5;25,3;23,4;18,3;15,5;71;56;59;287;4,5;1,9;
2024/12/30;1600 UTC;0;886,6;886,9;886,5;2711,6;25,2;16,4;26;24,8;19,1;14,9;67;52;58;287;6,1;2,4;
2024/12/30;1700 UTC;,2;885,8;886,6;885,8;1524,4;25;18,9;25,2;21,4;19,8;16,2;83;58;69;53;7,2;2,6;
2024/12/30;1800 UTC;0;886,2;886,2;885,7;2263,5;20,7;16,9;27,1;20,7;19,4;13,7;79;44;79;311;10,9;7,1;
2024/12/30;1900 UTC;2,6;886,8;887;886,2;295,4;18;16,5;20,7;18;17,5;16,5;91;79;91;335;13,3;6,7;
2024/12/30;2000 UTC;3;886,5;886,9;886,5;325,7;18;16,9;18,1;17,7;16,9;16,4;93;91;93;336;11,6;3,3;
2024/12/30;2100 UTC;,2;886,7;886,8;886,2;287,7;18,3;16,7;18,3;17,9;17,1;16,6;93;90;91;23;5,8;,9;
2024/12/30;2200 UTC;0;886,2;886,7;886,2;41,6;18;16,5;18,3;18;16,8;16,5;91;90;91;3;2,6;1,4;
2024/12/30;2300 UTC;0;887;887;886,1;;18;16,5;18,1;17,9;16,6;16,5;92;91;91;39;3,2;,1;
2024/12/31;0000 UTC;0;887,1;887,1;886,8;;18,6;16,5;18,6;18;16,6;16,5;91;88;88;92;2,6;,9;
2024/12/31;0100 UTC;;;;;;;;;;;;;;;;;;
2024/12/31;0200 UTC;,4;887,9;887,9;887,7;;18,2;16,1;18,6;18;16,7;16,1;92;87;88;29;5;2,1;
2024/12/31;0300 UTC;;;;;;;;;;;;;;;;;;
2024/12/31;0400 UTC;0;887;887,7;887;;17,6;16,6;17,7;17,5;16,6;16,5;94;93;94;12;4;1,7;
2024/12/31;0500 UTC;0;886,7;887;886,6;;17,5;16,5;17,6;17,5;16,6;16,5;94;94;94;15;3,6;,3;
2024/12/31;0600 UTC;0;886,7;886,7;886,6;;17,6;16,4;17,6;17,5;16,7;16,4;94;92;92;35;2,8;,4;
2024/12/31;0700 UTC;0;886,4;886,7;886,4;;17,8;15,9;18;17,6;16,5;15,9;92;88;89;21;2,7;1,4;
2024/12/31;0800 UTC;0;886,7;886,7;886,3;;18,3;15,6;18,4;17,6;16,2;15,6;91;83;84;18;2,7;1,4;
2024/12/31;0900 UTC;0;887,4;887,4;886,7;3,7;18,1;15,9;18,3;18,1;15,9;15,6;87;84;87;31;2,6;1,4;
2024/12/31;1000 UTC;0;888,1;888,1;887,4;140,7;18,8;16,6;18,8;18,1;16,6;15,9;89;84;87;46;2,9;1,9;
2024/12/31;1100 UTC;,2;888,9;888,9;888,1;422,3;19,3;16,8;19,3;18,8;17;16,5;88;85;86;14;3,4;,9;
2024/12/31;1200 UTC;0;889,4;889,4;888,9;796,7;20,9;16,7;21;19,3;17,1;16,4;86;76;77;359;2,7;,7;
2024/12/31;1300 UTC;0;889,5;889,5;889,4;1655,3;22,3;17;22,5;20,8;17,9;16,4;80;71;72;335;3,4;,9;
2024/12/31;1400 UTC;0;889,3;889,4;889,3;1934,9;22,8;18,1;22,9;22,3;18,2;16,8;76;70;75;7;4;1,8;
2024/12/31;1500 UTC;0;888,4;889,3;888,4;3622;23,7;17,2;24,5;22,5;19;16,8;75;64;67;18;5,6;2,7;
2024/12/31;1600 UTC;0;887,8;888,4;887,8;3325;23,9;17;25,1;23,7;18,9;16,5;70;64;65;351;6,2;3,2;
2024/12/31;1700 UTC;0;887;887,8;887;3782,7;24,7;18,4;25,4;23,9;19,1;16,8;71;61;68;16;6,5;3,9;
2024/12/31;1800 UTC;0;886,3;887;886,3;3347,6;25,3;17,7;26,2;24,5;19,4;17,2;70;61;63;17;6,5;2,9;
2024/12/31;1900 UTC;0;885,9;886,3;885,9;2073,1;25;17,4;25,7;24,6;18,7;17;68;61;63;347;6,9;3,2;
2024/12/31;2000 UTC;0;885,7;885,9;885,6;1227;21;18,3;25,6;21;18,6;17,1;85;61;85;359;9,7;4,1;
2024/12/31;2100 UTC;3,4;885,5;885,8;885,5;470,5;20,9;18,1;21;20,1;18,5;17,8;88;83;84;6;8,2;1,7;
2024/12/31;2200 UTC;0;885,8;885,8;885,4;101,9;20;18,3;20,9;19,9;18,3;17,9;90;84;90;15;4,5;2,1;
2024/12/31;2300 UTC;0;886,8;886,8;885,8;;19,9;18,6;20;19,8;18,6;18,3;92;90;92;23;4;1,1;
